ML/MeanWindSpeed_1992-03_Actual.txt
ncols         180
nrows         290
xllcorner     -200000
yllcorner     -200000
cellsize      5000
NODATA_value  -9999
[rows 136 to 169 of 290, columns 77 to 153 of 180]
-9999 -9999 16.52 15.09 12.44 15.53 13.95 15.99 13.75 12.38 10.89 10.40 12.02 18.63 15.17 14.14 11.49 11.04 11.24 10.68 11.61 13.03 10.97 11.99 10.48 10.98 10.59 10.54 10.35 10.17 9.87 10.04 11.23 10.92 10.06 11.60 12.58 13.05 13.82 13.60 9.57 10.70 14.08 12.85 11.19 11.62 11.22 11.59 10.82 11.63 12.39 -9999 -9999 -9999 -9999 -9999 -9999 -9999 -9999 -9999 -9999 -9999 -9999 -9999 -9999 -9999 -9999 -9999 -9999 -9999 -9999 -9999 -9999 -9999 -9999 -9999 -9999
-9999 -9999 16.68 15.23 11.29 14.64 12.32 13.74 12.96 12.39 12.00 9.73 14.12 14.26 13.69 16.38 12.51 11.22 11.13 9.58 12.54 17.88 12.95 -9999 -9999 -9999 10.93 10.71 -9999 10.07 10.26 10.39 9.77 9.54 11.35 13.52 11.99 12.10 13.70 12.61 14.25 13.57 10.45 9.11 9.63 10.42 11.31 8.64 9.58 10.17 11.79 -9999 -9999 -9999 -9999 -9999 -9999 -9999 -9999 -9999 -9999 -9999 -9999 -9999 -9999 -9999 -9999 -9999 -9999 -9999 -9999 -9999 -9999 -9999 -9999 -9999 -9999
-9999 -9999 14.82 17.62 12.95 12.30 13.07 14.09 13.78 13.08 12.00 11.01 11.31 17.98 14.51 15.63 12.25 11.84 14.14 10.43 11.74 12.73 13.16 -9999 -9999 -9999 11.23 10.50 10.66 10.79 10.17 9.78 8.80 11.01 15.02 15.99 13.04 16.97 13.02 12.62 16.03 12.36 12.96 13.00 12.83 9.90 11.20 12.76 10.60 9.56 11.11 -9999 -9999 -9999 -9999 -9999 -9999 -9999 -9999 -9999 -9999 -9999 -9999 -9999 -9999 -9999 -9999 -9999 -9999 -9999 -9999 -9999 -9999 -9999 -9999 -9999 -9999
-9999 -9999 -9999 16.16 16.22 13.37 -9999 14.66 14.90 13.81 13.02 12.01 -9999 13.41 12.10 13.56 11.43 13.31 14.11 12.33 12.49 -9999 -9999 -9999 -9999 12.38 10.84 10.32 10.36 11.18 11.24 10.12 9.78 10.33 15.57 21.14 12.41 18.55 13.91 16.09 17.41 14.02 15.86 13.40 11.13 12.92 12.93 11.03 8.26 9.34 11.91 11.57 -9999 -9999 -9999 -9999 -9999 -9999 -9999 -9999 -9999 -9999 -9999 -9999 -9999 -9999 -9999 -9999 -9999 -9999 -9999 -9999 -9999 -9999 -9999 -9999 -9999
-9999 -9999 -9999 -9999 16.25 -9999 -9999 -9999 14.13 14.95 13.67 13.48 13.86 -9999 -9999 14.15 12.17 15.44 16.63 -9999 -9999 -9999 -9999 -9999 13.22 12.55 10.21 10.60 10.58 11.58 11.15 12.10 12.34 9.53 12.18 16.72 19.71 15.59 18.16 19.17 19.35 15.80 16.42 16.65 14.77 11.63 11.36 11.74 8.24 9.32 11.97 13.17 -9999 -9999 -9999 -9999 -9999 -9999 -9999 -9999 -9999 -9999 -9999 -9999 -9999 -9999 -9999 -9999 -9999 -9999 -9999 -9999 -9999 -9999 -9999 -9999 -9999
-9999 -9999 -9999 -9999 15.77 15.70 -9999 -9999 -9999 14.17 15.55 15.11 15.04 -9999 -9999 -9999 -9999 14.25 -9999 -9999 -9999 -9999 -9999 -9999 12.14 11.76 11.10 12.22 13.91 13.95 12.44 12.45 11.39 10.21 10.08 14.56 18.08 13.57 20.64 19.61 20.91 16.44 16.52 18.49 14.79 12.24 11.12 9.20 7.88 9.37 11.72 12.97 -9999 -9999 -9999 -9999 -9999 -9999 -9999 -9999 -9999 -9999 -9999 -9999 -9999 -9999 -9999 -9999 -9999 -9999 -9999 -9999 -9999 -9999 -9999 -9999 -9999
-9999 -9999 -9999 -9999 -9999 17.34 -9999 -9999 -9999 -9999 14.62 16.08 15.45 -9999 -9999 -9999 -9999 -9999 -9999 -9999 -9999 -9999 -9999 13.01 12.35 13.10 13.66 13.97 16.01 15.57 14.08 13.61 12.26 11.86 9.88 11.46 20.62 21.56 20.55 19.55 15.62 14.13 14.68 12.58 9.99 12.89 12.95 8.94 8.48 10.05 11.59 12.83 13.42 -9999 -9999 -9999 -9999 -9999 -9999 -9999 -9999 -9999 -9999 -9999 -9999 -9999 -9999 -9999 -9999 -9999 -9999 -9999 -9999 -9999 -9999 -9999 -9999
-9999 -9999 -9999 -9999 -9999 18.72 -9999 -9999 -9999 -9999 -9999 -9999 -9999 -9999 -9999 -9999 -9999 -9999 -9999 -9999 -9999 -9999 -9999 13.67 12.22 11.38 11.05 10.09 19.71 16.53 14.66 16.56 12.51 13.86 8.51 8.80 16.90 23.05 18.39 15.90 21.42 23.47 20.89 17.18 15.07 9.57 10.54 10.29 11.61 10.57 10.80 12.75 13.44 13.32 -9999 -9999 -9999 -9999 -9999 -9999 -9999 -9999 -9999 -9999 -9999 -9999 -9999 -9999 -9999 -9999 -9999 -9999 -9999 -9999 -9999 -9999 -9999
-9999 -9999 -9999 -9999 -9999 -9999 -9999 -9999 -9999 -9999 -9999 -9999 -9999 -9999 -9999 -9999 -9999 -9999 -9999 -9999 -9999 -9999 13.32 12.90 11.78 10.57 15.33 8.99 25.79 24.64 13.76 14.32 12.62 11.17 11.71 8.16 9.79 22.18 21.47 18.57 16.57 15.21 18.26 17.25 15.44 12.57 10.96 10.67 10.27 10.02 11.14 11.12 11.22 12.18 -9999 -9999 -9999 -9999 -9999 -9999 -9999 -9999 -9999 -9999 -9999 -9999 -9999 -9999 -9999 -9999 -9999 -9999 -9999 -9999 -9999 -9999 -9999
-9999 -9999 -9999 -9999 -9999 -9999 -9999 -9999 -9999 -9999 -9999 -9999 -9999 -9999 -9999 -9999 -9999 -9999 -9999 -9999 -9999 -9999 12.30 13.88 10.91 13.99 24.49 14.37 9.39 17.06 18.31 14.45 13.44 11.84 11.13 9.84 9.87 12.11 23.73 20.05 18.46 15.23 14.81 14.81 12.33 11.91 11.78 12.71 10.44 11.46 10.36 10.48 10.22 10.80 11.78 12.65 12.73 -9999 -9999 -9999 -9999 -9999 -9999 -9999 -9999 -9999 -9999 -9999 -9999 -9999 -9999 -9999 -9999 -9999 -9999 -9999 -9999
-9999 -9999 -9999 -9999 -9999 -9999 -9999 -9999 -9999 -9999 -9999 -9999 -9999 -9999 -9999 -9999 -9999 -9999 -9999 -9999 -9999 -9999 12.25 12.51 12.58 17.88 12.45 12.85 14.43 19.43 14.65 12.24 17.04 9.54 12.53 10.91 11.22 10.17 14.31 17.88 17.71 16.43 15.30 12.19 12.26 11.35 10.55 10.08 10.38 10.20 10.51 9.74 9.68 10.11 14.47 12.52 13.84 14.70 14.08 -9999 -9999 -9999 -9999 -9999 -9999 -9999 -9999 -9999 -9999 -9999 -9999 -9999 -9999 -9999 -9999 -9999 -9999
-9999 -9999 -9999 -9999 -9999 -9999 -9999 -9999 -9999 -9999 -9999 -9999 -9999 -9999 -9999 -9999 -9999 -9999 -9999 -9999 -9999 -9999 12.14 12.17 13.94 21.62 23.47 18.11 13.08 13.64 14.36 17.75 10.71 15.55 12.84 11.79 13.22 12.43 9.72 10.98 17.38 16.93 15.50 13.97 12.55 11.69 11.33 10.86 10.03 10.32 10.09 9.48 10.37 10.71 12.03 15.87 15.02 14.98 16.23 15.74 12.98 -9999 -9999 -9999 -9999 -9999 -9999 -9999 -9999 -9999 -9999 -9999 -9999 -9999 -9999 -9999 -9999
-9999 -9999 -9999 -9999 -9999 -9999 -9999 -9999 -9999 -9999 -9999 -9999 -9999 -9999 -9999 -9999 -9999 -9999 -9999 -9999 -9999 -9999 12.47 11.19 14.73 17.36 11.36 28.25 23.51 12.19 14.86 11.51 16.51 17.52 12.42 10.70 12.66 13.63 10.55 20.93 18.85 18.38 19.21 19.41 17.71 12.61 13.75 11.49 10.68 10.52 10.36 10.40 10.45 9.73 10.60 14.02 12.41 11.86 12.95 14.78 12.37 15.74 -9999 -9999 -9999 -9999 -9999 -9999 -9999 -9999 -9999 -9999 -9999 -9999 -9999 -9999 -9999
-9999 -9999 -9999 -9999 -9999 -9999 -9999 -9999 -9999 -9999 15.12 15.67 16.01 -9999 -9999 -9999 -9999 -9999 -9999 -9999 -9999 -9999 -9999 12.41 11.26 10.39 13.68 15.95 20.19 10.86 6.83 13.76 12.44 11.58 10.39 13.22 14.00 12.76 14.01 17.46 17.35 22.42 20.64 17.28 16.04 16.47 13.83 11.73 10.94 10.45 10.65 10.08 9.84 15.95 14.08 18.21 18.59 16.78 15.23 11.66 15.83 15.93 13.77 -9999 -9999 -9999 -9999 -9999 -9999 -9999 -9999 -9999 -9999 -9999 -9999 -9999 -9999
-9999 -9999 -9999 -9999 -9999 -9999 -9999 -9999 -9999 -9999 13.84 14.02 -9999 -9999 -9999 -9999 -9999 -9999 -9999 -9999 -9999 -9999 -9999 -9999 11.29 8.62 14.19 14.09 24.78 13.24 13.08 11.28 8.01 7.19 8.51 8.73 20.61 12.34 14.03 20.66 16.74 12.71 11.72 17.86 12.29 16.06 13.07 11.20 10.36 10.23 9.87 10.75 14.33 15.83 14.23 13.27 12.34 13.91 15.46 14.78 15.39 14.75 17.09 -9999 -9999 -9999 -9999 -9999 -9999 -9999 -9999 -9999 -9999 -9999 -9999 -9999 -9999
-9999 -9999 -9999 -9999 -9999 -9999 -9999 -9999 -9999 13.36 17.42 16.52 14.84 -9999 -9999 -9999 -9999 -9999 -9999 -9999 -9999 -9999 -9999 -9999 12.03 14.69 15.64 15.60 12.38 14.44 11.46 10.25 8.46 7.60 10.60 8.93 7.69 20.37 14.24 12.92 18.31 15.43 19.43 15.19 15.58 13.13 12.25 11.32 10.99 9.89 9.45 11.34 13.25 12.07 13.01 13.92 13.15 13.87 13.73 14.18 14.52 12.40 16.21 14.25 -9999 -9999 -9999 -9999 -9999 -9999 -9999 -9999 -9999 -9999 -9999 -9999 -9999
-9999 -9999 -9999 -9999 -9999 -9999 -9999 -9999 12.27 18.01 19.94 23.89 14.57 -9999 -9999 -9999 -9999 -9999 -9999 -9999 -9999 -9999 -9999 -9999 13.41 19.44 15.57 9.66 11.89 10.95 11.83 8.98 7.80 9.26 10.99 7.50 16.77 13.06 17.39 13.25 20.17 12.43 14.53 11.84 14.81 12.35 12.43 12.29 10.37 10.06 9.32 9.55 13.63 14.17 13.51 11.67 11.85 11.39 11.65 12.21 14.45 14.51 13.80 14.77 -9999 -9999 -9999 -9999 -9999 -9999 -9999 -9999 -9999 -9999 -9999 -9999 -9999
-9999 -9999 -9999 -9999 -9999 -9999 -9999 14.02 13.43 22.72 17.60 16.28 -9999 -9999 -9999 -9999 -9999 -9999 -9999 -9999 -9999 -9999 -9999 -9999 -9999 13.04 10.56 10.12 13.33 9.73 12.39 9.63 8.83 8.69 9.93 7.85 16.68 16.63 18.29 17.71 19.38 19.08 19.08 17.19 15.94 15.76 14.64 11.43 10.66 10.29 9.71 9.35 9.99 16.16 14.43 10.71 9.99 10.17 9.78 9.94 10.12 10.70 10.50 11.73 13.53 14.09 -9999 -9999 -9999 -9999 -9999 -9999 -9999 -9999 -9999 -9999 -9999
-9999 -9999 -9999 -9999 -9999 -9999 -9999 17.55 19.73 13.85 13.48 13.87 -9999 -9999 -9999 -9999 -9999 -9999 -9999 -9999 -9999 -9999 -9999 -9999 -9999 -9999 11.36 12.61 11.55 10.13 11.49 10.42 10.41 9.83 11.07 8.16 16.64 15.31 13.95 17.69 16.67 15.44 21.42 21.22 15.77 17.60 15.38 14.20 11.20 10.42 10.06 9.55 9.50 10.62 11.26 10.33 10.38 10.26 10.20 9.84 9.75 9.88 10.25 14.40 14.46 13.66 -9999 -9999 -9999 -9999 -9999 -9999 -9999 -9999 -9999 -9999 -9999
-9999 -9999 -9999 -9999 -9999 -9999 -9999 18.18 15.93 16.26 14.32 -9999 -9999 -9999 -9999 -9999 -9999 -9999 -9999 -9999 -9999 -9999 -9999 -9999 -9999 -9999 12.74 13.02 12.25 -9999 11.58 -9999 10.98 9.88 9.50 8.20 8.26 15.78 14.56 15.27 20.50 10.89 12.24 20.26 17.39 16.20 15.56 13.53 11.54 10.84 10.60 9.96 9.74 9.79 11.04 12.70 11.19 11.99 10.68 9.80 11.21 12.83 12.19 11.27 11.24 13.50 15.58 15.96 -9999 -9999 -9999 -9999 -9999 -9999 -9999 -9999 -9999
-9999 -9999 -9999 -9999 -9999 -9999 17.08 15.42 14.83 -9999 -9999 -9999 -9999 -9999 -9999 -9999 -9999 -9999 -9999 -9999 -9999 -9999 -9999 -9999 -9999 -9999 13.90 12.69 11.72 -9999 -9999 -9999 10.99 12.27 8.58 10.03 11.46 9.49 9.59 12.06 17.96 17.78 10.59 16.64 19.00 14.96 16.35 14.56 12.83 10.20 10.33 9.98 9.88 9.86 10.19 10.87 10.96 11.51 9.94 10.98 12.52 13.40 13.55 13.11 11.91 11.73 13.04 14.45 -9999 -9999 -9999 -9999 -9999 -9999 -9999 -9999 -9999
-9999 -9999 -9999 -9999 -9999 -9999 -9999 -9999 -9999 -9999 -9999 -9999 -9999 -9999 -9999 -9999 -9999 -9999 -9999 -9999 -9999 -9999 -9999 -9999 -9999 -9999 -9999 -9999 -9999 -9999 -9999 11.90 10.04 10.34 13.34 14.77 15.09 14.51 12.14 12.48 16.37 16.05 13.32 10.37 15.14 17.14 14.59 13.34 12.19 11.06 10.60 10.81 10.12 9.87 9.95 10.01 10.02 9.44 10.93 14.84 12.44 13.03 11.65 11.66 10.54 11.38 12.57 -9999 -9999 -9999 -9999 -9999 -9999 -9999 -9999 -9999 -9999
-9999 -9999 -9999 -9999 -9999 -9999 -9999 -9999 -9999 -9999 -9999 -9999 -9999 -9999 -9999 -9999 -9999 -9999 -9999 -9999 -9999 -9999 -9999 -9999 -9999 -9999 -9999 -9999 -9999 -9999 -9999 11.33 10.04 12.47 16.51 20.00 17.59 12.96 14.48 10.49 11.22 10.64 13.18 13.98 14.96 15.45 14.74 12.94 12.28 11.77 10.70 10.91 10.14 10.09 10.18 10.24 10.09 9.41 10.23 15.54 14.08 11.36 10.62 10.27 10.19 11.26 12.93 -9999 -9999 -9999 -9999 -9999 -9999 -9999 -9999 -9999 -9999
-9999 -9999 -9999 -9999 -9999 -9999 -9999 -9999 -9999 -9999 -9999 -9999 -9999 -9999 -9999 -9999 -9999 -9999 -9999 -9999 -9999 -9999 -9999 -9999 -9999 -9999 -9999 -9999 -9999 -9999 -9999 10.61 9.28 10.03 13.97 15.60 14.62 13.09 12.87 11.69 12.31 10.91 10.89 11.88 9.57 15.37 13.32 14.63 12.77 12.35 10.66 10.31 10.46 10.37 10.42 10.31 10.22 9.88 9.52 12.04 13.01 11.59 10.47 10.32 10.15 11.17 12.73 -9999 -9999 -9999 -9999 -9999 -9999 -9999 -9999 -9999 -9999
-9999 -9999 -9999 -9999 -9999 -9999 -9999 -9999 -9999 -9999 -9999 -9999 -9999 -9999 -9999 -9999 -9999 -9999 -9999 -9999 -9999 -9999 -9999 -9999 -9999 -9999 -9999 -9999 -9999 13.24 11.75 10.02 9.13 12.72 14.83 18.67 13.86 16.19 9.89 11.73 11.58 13.43 14.22 13.48 15.75 10.56 11.01 11.08 11.03 10.50 11.74 10.51 10.44 10.83 10.41 10.34 10.42 10.04 9.75 9.75 12.08 11.44 10.47 10.16 10.14 10.77 12.20 13.49 -9999 -9999 -9999 -9999 -9999 -9999 -9999 -9999 -9999
-9999 -9999 -9999 -9999 -9999 -9999 -9999 -9999 -9999 -9999 -9999 -9999 -9999 -9999 -9999 -9999 -9999 -9999 -9999 -9999 -9999 -9999 -9999 -9999 -9999 -9999 -9999 -9999 -9999 12.58 11.00 9.97 9.42 9.97 13.81 10.64 10.94 8.97 11.30 15.90 12.79 15.00 14.09 15.57 10.52 15.52 12.30 13.82 13.17 13.22 11.61 11.09 10.59 10.32 10.30 10.39 10.36 10.26 9.86 9.46 10.07 11.81 11.01 10.18 10.21 10.43 11.58 13.09 -9999 -9999 -9999 -9999 -9999 -9999 -9999 -9999 -9999
-9999 -9999 -9999 -9999 -9999 -9999 -9999 -9999 -9999 -9999 -9999 -9999 -9999 -9999 -9999 -9999 -9999 -9999 -9999 -9999 -9999 -9999 -9999 -9999 -9999 -9999 -9999 -9999 -9999 12.68 10.89 10.29 9.82 10.02 10.54 11.15 10.40 9.34 11.71 12.66 11.98 14.22 17.17 13.59 12.61 10.53 13.00 10.56 11.48 12.31 12.64 11.40 10.99 10.29 10.24 10.42 10.44 10.36 10.12 9.76 9.86 11.38 12.36 10.78 10.14 10.38 11.07 12.08 13.34 -9999 -9999 -9999 -9999 -9999 -9999 -9999 -9999
-9999 -9999 -9999 -9999 -9999 -9999 -9999 -9999 -9999 -9999 -9999 -9999 -9999 -9999 -9999 -9999 -9999 -9999 -9999 -9999 -9999 -9999 -9999 -9999 -9999 -9999 -9999 -9999 -9999 12.29 11.03 10.61 10.59 10.28 10.14 9.98 11.24 13.04 9.90 10.19 11.90 17.82 17.46 18.58 16.11 12.98 12.42 13.01 11.04 10.18 11.64 12.22 10.89 10.30 10.35 10.24 10.42 10.49 10.47 10.12 9.93 11.74 13.21 11.58 10.87 10.94 10.78 11.18 12.50 13.62 -9999 -9999 -9999 -9999 -9999 -9999 -9999
-9999 -9999 -9999 -9999 -9999 -9999 -9999 -9999 -9999 -9999 -9999 -9999 -9999 -9999 -9999 -9999 -9999 -9999 -9999 -9999 -9999 -9999 -9999 -9999 -9999 -9999 -9999 -9999 -9999 12.21 10.69 10.34 10.17 9.91 9.49 10.69 10.53 12.19 12.78 15.33 17.17 17.95 14.24 16.61 14.41 13.96 11.80 13.41 12.41 11.19 10.32 10.15 10.52 10.29 10.37 10.47 10.65 10.72 10.83 10.74 10.62 10.71 11.99 11.75 11.21 11.28 11.34 11.19 11.42 12.85 -9999 -9999 -9999 -9999 -9999 -9999 -9999
-9999 -9999 -9999 -9999 -9999 -9999 -9999 -9999 -9999 -9999 -9999 -9999 -9999 -9999 -9999 -9999 -9999 -9999 -9999 -9999 -9999 -9999 -9999 -9999 -9999 -9999 -9999 -9999 -9999 -9999 10.72 10.39 10.05 9.54 10.40 13.19 13.34 14.36 12.87 12.38 15.04 14.35 16.33 15.11 12.22 10.10 10.96 10.80 12.47 11.22 10.77 11.44 11.08 10.35 10.70 10.65 10.88 10.88 10.98 11.08 11.13 11.10 10.75 11.22 11.48 11.70 -9999 11.68 12.04 12.94 14.46 -9999 -9999 -9999 -9999 -9999 -9999
-9999 -9999 -9999 -9999 -9999 -9999 -9999 -9999 -9999 -9999 -9999 -9999 -9999 -9999 -9999 -9999 -9999 -9999 -9999 -9999 -9999 -9999 -9999 -9999 -9999 -9999 -9999 -9999 -9999 12.00 10.68 10.35 9.63 9.31 9.80 15.06 15.77 13.14 16.73 15.85 13.51 13.16 18.64 16.02 16.45 12.75 10.24 12.73 10.78 10.04 11.06 11.21 10.73 11.06 10.77 10.94 11.11 11.28 11.10 11.03 12.77 11.63 10.69 12.38 11.56 11.54 11.61 -9999 12.63 13.35 14.54 15.47 -9999 -9999 -9999 -9999 -9999
-9999 -9999 -9999 -9999 -9999 -9999 -9999 -9999 -9999 -9999 -9999 -9999 -9999 -9999 -9999 -9999 -9999 -9999 -9999 -9999 -9999 -9999 -9999 -9999 -9999 -9999 -9999 -9999 -9999 11.81 10.53 10.24 9.65 11.79 10.52 11.75 15.61 11.46 12.02 12.57 10.30 10.55 15.68 15.09 15.29 11.22 13.59 14.47 11.26 12.54 11.39 12.05 11.78 11.48 11.10 11.24 11.36 11.36 11.14 10.88 10.93 11.52 10.28 10.58 11.55 10.90 11.60 11.97 -9999 -9999 -9999 -9999 -9999 -9999 -9999 -9999 -9999
-9999 -9999 -9999 -9999 -9999 -9999 -9999 -9999 -9999 -9999 -9999 -9999 -9999 -9999 -9999 -9999 -9999 -9999 -9999 -9999 -9999 -9999 -9999 -9999 -9999 -9999 -9999 -9999 13.22 11.16 10.40 11.40 10.85 11.05 10.49 11.49 11.58 11.01 10.86 10.39 10.27 11.11 14.67 17.92 18.50 13.09 16.18 15.04 11.62 11.89 10.58 11.41 11.96 11.56 11.27 11.68 11.65 11.51 11.46 10.99 10.92 10.98 10.75 10.40 12.27 11.63 11.47 11.48 12.50 13.53 -9999 -9999 -9999 -9999 -9999 -9999 -9999
-9999 -9999 -9999 -9999 -9999 -9999 -9999 -9999 -9999 -9999 -9999 -9999 -9999 -9999 -9999 -9999 -9999 -9999 -9999 -9999 -9999 -9999 -9999 -9999 -9999 -9999 -9999 -9999 -9999 11.37 10.40 10.52 10.99 13.32 10.53 10.06 9.96 10.71 11.24 10.65 10.46 10.53 10.73 15.82 17.95 19.39 15.60 15.77 14.03 12.37 12.70 10.09 10.64 12.33 11.52 11.63 11.54 11.47 11.55 11.10 10.92 11.20 10.79 10.22 10.38 13.48 12.01 11.46 11.61 12.24 13.28 14.46 -9999 -9999 -9999 -9999 -9999
