ML/MeanWindSpeed_1999-01_Actual.txt
ncols         180
nrows         290
xllcorner     -200000
yllcorner     -200000
cellsize      5000
NODATA_value  -9999
[rows 204 to 237 of 290, columns 78 to 155 of 180]
10.51 10.97 12.77 13.74 13.46 12.27 14.39 13.29 15.49 12.12 13.45 16.06 15.24 13.27 13.75 9.55 8.44 12.45 13.93 12.98 11.69 13.89 10.62 8.72 7.42 12.98 17.57 18.56 11.22 11.62 11.88 12.23 11.15 9.70 11.37 10.68 10.38 9.63 9.60 7.94 7.47 8.62 8.66 11.91 12.20 11.50 10.01 10.72 12.27 11.42 10.62 9.93 10.10 9.92 9.44 8.93 8.77 9.27 9.64 9.25 9.19 9.23 8.99 10.16 10.69 8.99 9.23 10.01 10.20 9.56 9.89 9.61 9.55 9.90 10.42 10.93 10.78 10.74
11.86 10.97 12.09 12.18 13.15 12.79 13.14 14.52 13.32 14.10 12.72 12.45 12.12 10.98 9.61 11.09 9.39 13.64 20.49 11.48 11.53 12.53 17.55 16.78 8.15 8.29 19.92 15.58 12.72 13.09 14.28 12.07 9.70 8.88 11.64 11.96 10.30 9.33 8.72 7.67 7.41 8.93 11.93 12.76 11.84 11.43 10.85 10.50 10.21 10.97 10.02 9.76 9.49 9.04 8.60 8.42 9.24 8.98 8.81 8.84 8.06 8.42 9.44 9.40 10.14 9.42 9.34 9.36 9.48 9.83 9.82 9.62 9.59 9.81 10.18 10.32 10.80 10.63
11.20 10.59 11.83 11.15 12.13 12.72 13.16 12.34 12.37 13.22 12.28 13.72 12.14 13.44 9.31 12.15 14.16 14.40 15.75 16.27 13.21 15.57 18.00 12.71 14.91 13.61 9.38 14.95 14.32 10.52 11.04 9.31 10.76 10.52 14.09 13.05 10.13 9.01 7.83 7.38 8.69 12.07 11.00 13.11 11.72 11.51 12.16 10.61 11.16 9.44 9.61 9.18 8.84 8.63 8.70 8.54 8.44 7.99 7.84 7.53 7.89 9.29 10.38 9.89 9.19 9.77 9.15 10.08 9.17 8.92 9.00 9.12 9.32 9.60 10.24 9.96 10.48 10.34
11.92 10.59 10.16 11.93 13.72 16.35 15.53 13.98 12.96 11.94 12.18 15.18 12.00 12.60 9.37 11.69 12.27 11.46 10.38 12.95 11.92 14.29 14.36 16.58 14.37 15.59 14.87 19.27 12.46 10.84 10.06 11.03 10.28 13.14 12.99 13.19 9.35 8.34 7.27 11.05 12.04 12.01 12.72 11.00 11.62 11.88 11.32 9.11 8.79 8.95 8.78 8.68 8.69 8.58 9.07 8.91 8.77 7.73 6.84 7.04 8.31 10.64 9.21 9.75 9.75 9.17 8.99 9.09 8.62 8.57 9.00 8.61 9.15 9.46 9.76 10.07 10.23 9.62
12.53 11.13 10.60 11.15 13.74 14.98 16.36 15.46 14.36 13.20 12.41 12.93 15.14 10.73 14.89 13.83 13.69 14.80 13.00 10.57 10.81 12.68 11.57 13.62 13.10 11.66 17.18 17.06 10.66 11.16 8.77 9.66 11.69 12.76 12.37 11.34 9.00 7.98 9.50 9.05 11.36 11.40 10.85 11.20 10.85 10.23 9.35 7.98 7.62 7.76 8.00 9.86 8.80 9.66 8.90 8.40 7.10 6.18 6.16 7.58 9.81 10.09 9.85 9.93 9.48 8.92 9.00 9.42 9.61 8.03 8.92 9.75 9.12 9.08 9.72 9.02 9.39 10.18
12.48 11.83 12.51 14.00 16.13 -9999 -9999 -9999 -9999 15.11 14.49 15.25 12.34 10.80 12.07 11.99 11.18 10.08 6.31 16.13 17.06 11.70 10.35 10.87 12.69 13.90 16.37 13.01 10.74 9.18 8.21 12.90 11.95 13.86 10.69 9.86 8.80 8.43 10.71 9.26 11.27 11.21 10.32 10.37 9.95 9.26 8.21 7.55 7.35 7.53 7.96 9.65 9.23 9.77 9.68 8.58 7.05 5.94 7.39 7.58 9.33 10.38 10.47 8.83 8.47 8.14 9.29 9.73 9.15 7.79 8.68 9.45 9.28 8.98 9.82 9.34 9.12 9.41
15.07 15.29 13.89 16.34 16.79 -9999 -9999 -9999 -9999 -9999 -9999 -9999 11.75 11.47 12.41 10.95 10.18 9.69 11.57 14.00 16.84 16.33 14.14 12.46 11.88 11.08 14.79 14.52 9.69 8.19 12.44 12.99 14.47 11.02 10.01 9.29 8.51 9.77 10.64 10.57 10.91 10.53 10.08 9.73 9.27 8.67 8.26 7.85 8.45 8.07 8.48 9.02 9.43 9.68 9.14 9.37 9.14 7.47 6.48 8.23 9.56 10.08 9.82 8.62 7.87 8.47 9.18 8.88 8.10 7.83 9.02 7.99 8.40 9.52 9.01 9.11 9.02 8.12
-9999 15.75 -9999 -9999 -9999 -9999 -9999 -9999 -9999 -9999 16.58 14.73 14.04 15.24 14.44 12.44 10.56 10.41 10.28 13.16 15.03 14.46 10.31 10.24 14.11 13.04 13.30 10.92 9.10 8.84 11.99 12.59 12.42 10.60 9.95 9.37 7.81 11.31 11.70 10.41 10.48 9.98 9.75 9.49 9.08 9.32 8.59 8.61 8.00 8.13 8.57 9.27 9.48 9.70 8.96 10.42 11.12 8.04 8.07 6.59 8.90 9.18 8.54 8.79 8.18 8.36 9.27 8.65 7.83 7.86 7.95 8.55 9.17 8.61 9.31 9.05 8.11 7.74
-9999 -9999 -9999 -9999 -9999 -9999 -9999 -9999 -9999 -9999 17.94 17.05 14.85 16.20 16.61 -9999 -9999 10.99 13.72 9.14 11.12 10.68 10.71 11.66 13.55 11.00 10.80 11.11 10.62 11.52 12.24 12.34 11.38 10.49 10.68 8.74 9.19 11.72 10.59 9.96 9.51 9.51 9.98 9.76 9.15 8.95 8.21 8.27 8.81 9.45 9.45 10.46 9.45 8.90 9.89 12.49 10.12 9.08 7.89 6.50 8.56 8.36 7.91 7.75 7.68 7.62 7.91 9.53 8.31 8.22 8.25 8.27 8.44 8.20 7.91 9.33 8.50 8.92
-9999 -9999 -9999 -9999 -9999 -9999 -9999 -9999 -9999 -9999 -9999 -9999 -9999 -9999 -9999 -9999 -9999 12.89 11.61 10.96 10.00 8.93 9.00 9.83 11.29 11.26 11.79 12.35 12.89 13.67 13.49 -9999 11.20 10.29 9.39 8.67 9.41 11.41 10.55 10.35 9.48 8.66 8.58 9.48 8.68 8.71 9.78 9.89 9.56 10.49 11.58 10.51 10.28 9.94 10.33 11.69 9.94 9.21 8.53 7.63 7.56 7.48 7.82 8.04 7.59 7.33 7.80 8.21 8.21 8.27 8.30 8.30 8.32 8.52 8.70 9.05 8.86 9.18
-9999 -9999 -9999 -9999 -9999 -9999 -9999 -9999 -9999 -9999 -9999 -9999 -9999 -9999 -9999 -9999 -9999 -9999 12.61 10.70 9.18 9.22 10.31 9.98 10.47 11.37 12.85 -9999 -9999 -9999 -9999 12.26 10.76 9.92 8.88 8.56 9.47 11.34 10.54 10.51 9.42 8.19 8.94 8.68 10.11 9.68 11.57 10.26 10.46 10.11 10.60 10.56 9.97 10.77 9.14 9.82 9.85 8.05 7.96 7.40 7.14 6.98 6.72 6.79 7.07 6.77 7.12 7.53 7.85 7.91 9.32 9.57 8.36 8.39 8.62 8.77 9.06 10.10
-9999 -9999 -9999 -9999 -9999 -9999 -9999 -9999 -9999 -9999 -9999 -9999 -9999 -9999 -9999 -9999 -9999 -9999 -9999 11.68 11.95 10.27 9.95 12.21 12.51 13.38 -9999 -9999 -9999 -9999 12.75 12.22 11.72 8.56 8.02 8.15 10.78 11.69 11.15 10.19 8.66 8.35 8.20 9.88 11.48 10.61 10.83 10.34 10.59 10.37 9.37 9.89 9.95 9.51 9.37 9.29 8.77 7.88 7.76 8.12 8.19 8.05 6.73 6.69 6.72 6.65 7.60 8.02 8.56 8.17 8.94 8.73 8.44 9.30 8.46 9.23 9.46 10.29
-9999 -9999 -9999 -9999 -9999 -9999 -9999 -9999 -9999 -9999 -9999 -9999 -9999 -9999 -9999 -9999 -9999 -9999 -9999 -9999 12.31 11.68 11.52 14.45 13.75 15.01 -9999 -9999 -9999 12.08 9.68 9.13 10.95 10.50 9.54 8.37 10.04 9.55 11.07 9.96 7.99 9.03 10.16 10.42 10.27 11.24 10.52 10.12 9.89 9.27 9.10 8.98 9.15 9.62 9.14 8.43 8.16 8.04 8.04 8.72 8.27 8.06 7.43 6.77 6.86 6.88 7.45 7.94 8.55 8.55 8.68 8.20 8.67 8.94 9.32 9.03 8.12 10.04
-9999 -9999 -9999 -9999 -9999 -9999 -9999 -9999 -9999 -9999 -9999 -9999 -9999 -9999 -9999 -9999 -9999 -9999 -9999 -9999 -9999 -9999 -9999 -9999 -9999 -9999 -9999 -9999 14.70 10.49 8.44 8.41 10.53 8.88 9.57 10.30 10.46 10.60 10.63 8.81 8.18 8.46 9.59 9.68 10.05 10.16 10.30 9.98 9.89 11.43 9.76 9.79 9.10 9.53 9.35 8.36 8.26 7.80 8.35 9.20 8.47 7.60 7.16 7.03 6.87 7.64 7.82 8.68 8.54 9.58 9.95 9.01 7.48 10.07 10.80 8.99 7.67 10.58
-9999 -9999 -9999 -9999 -9999 -9999 -9999 -9999 -9999 -9999 -9999 -9999 -9999 -9999 -9999 -9999 -9999 -9999 -9999 -9999 -9999 -9999 -9999 -9999 -9999 -9999 -9999 -9999 11.89 9.99 8.32 13.81 12.28 8.89 9.58 10.37 10.95 11.30 9.49 8.92 8.57 8.50 9.81 9.56 9.23 10.80 10.51 11.64 10.23 10.49 11.62 9.94 9.46 9.29 8.64 8.36 8.10 8.01 8.53 8.67 8.71 7.85 7.08 6.83 6.56 7.23 9.48 9.17 10.07 10.59 11.45 9.51 7.94 9.15 9.52 7.96 7.09 7.69
-9999 -9999 -9999 -9999 -9999 -9999 -9999 -9999 -9999 -9999 -9999 -9999 -9999 -9999 -9999 -9999 -9999 -9999 -9999 -9999 -9999 -9999 -9999 -9999 -9999 -9999 -9999 -9999 11.48 8.32 6.52 9.08 13.02 12.07 11.37 10.47 11.75 9.86 9.21 8.61 10.26 10.41 11.26 10.68 9.64 9.69 9.73 10.31 10.81 10.78 9.69 9.41 9.34 9.27 8.63 8.31 8.24 8.30 8.87 8.73 8.29 7.20 6.95 7.75 8.56 8.04 9.27 9.30 9.54 9.73 10.40 11.87 11.18 8.87 8.58 8.66 8.63 8.40
-9999 -9999 -9999 -9999 -9999 -9999 -9999 -9999 -9999 -9999 -9999 15.11 15.04 12.35 16.80 15.80 15.54 15.82 17.98 10.59 16.66 12.32 -9999 -9999 -9999 -9999 -9999 -9999 10.84 9.17 8.31 7.22 8.28 10.56 12.45 12.05 10.67 9.58 9.28 10.07 11.42 10.70 10.07 10.06 9.46 9.43 10.25 9.98 9.62 9.29 9.46 8.60 9.10 9.50 10.17 9.09 8.62 9.21 9.16 8.58 8.93 7.23 6.60 8.21 9.42 8.23 7.82 8.31 8.66 8.77 8.64 8.72 8.43 7.89 7.59 7.26 7.15 7.14
-9999 -9999 -9999 -9999 -9999 -9999 -9999 -9999 -9999 -9999 -9999 16.27 14.81 13.89 11.07 13.09 14.68 13.89 14.76 15.28 12.71 11.46 10.06 11.42 14.51 12.71 11.80 10.48 9.84 9.06 8.60 8.16 7.61 8.06 10.92 11.12 10.06 9.16 12.09 10.65 9.75 10.34 10.86 9.97 9.58 11.02 10.72 10.65 10.06 9.71 8.29 8.27 8.64 8.64 8.72 9.60 10.06 8.59 8.32 7.90 7.46 7.96 6.85 10.92 9.29 8.83 8.22 7.72 7.96 8.05 9.08 8.98 7.49 8.99 8.39 8.87 7.50 7.67
-9999 -9999 -9999 -9999 -9999 -9999 -9999 -9999 -9999 -9999 15.34 13.42 11.99 10.74 9.25 11.59 14.41 13.69 12.57 12.40 12.46 11.44 9.71 9.30 11.02 12.75 10.12 9.46 8.83 8.88 9.73 8.29 8.23 9.69 9.81 9.50 9.59 11.90 10.20 11.78 11.21 10.42 9.53 10.09 9.95 11.03 11.18 10.35 10.42 9.09 9.06 8.55 8.18 7.98 9.52 10.47 8.43 7.53 7.87 10.22 8.47 7.71 7.85 7.93 8.28 8.35 7.74 7.55 8.25 9.40 8.58 7.47 7.28 9.01 8.36 8.11 8.55 8.42
-9999 -9999 -9999 -9999 -9999 -9999 -9999 -9999 -9999 -9999 -9999 12.84 10.87 9.73 11.37 10.93 11.45 14.03 12.48 10.21 8.79 11.52 13.70 11.28 9.25 9.98 12.13 10.11 8.30 8.30 8.23 8.95 8.97 8.20 8.55 9.10 9.80 10.85 9.71 11.49 10.44 10.42 10.36 10.61 9.98 10.98 11.29 10.74 8.89 8.70 9.07 7.88 7.05 6.63 7.87 9.44 9.17 7.20 7.69 9.17 8.95 8.09 7.20 7.14 6.92 7.16 8.77 8.43 8.16 8.80 9.88 9.00 8.43 9.15 9.12 8.10 8.97 7.92
-9999 -9999 -9999 -9999 -9999 -9999 -9999 16.83 -9999 -9999 14.09 12.38 12.69 9.69 11.74 10.18 9.67 9.65 10.00 10.74 8.99 11.35 13.04 10.53 9.27 8.19 8.40 8.25 7.79 7.97 8.35 9.26 8.15 7.92 8.77 10.75 9.53 10.35 9.32 10.37 9.97 10.92 11.84 11.06 9.93 9.60 9.76 9.24 8.50 9.76 8.36 7.16 8.68 6.75 6.97 9.26 10.39 6.86 7.39 8.17 8.00 7.45 7.04 6.96 7.33 7.97 8.55 7.69 7.26 7.26 7.85 7.96 8.06 8.92 8.30 8.19 8.12 7.57
-9999 -9999 -9999 -9999 -9999 -9999 15.04 16.24 16.04 15.50 12.37 11.32 13.27 10.98 9.86 10.40 9.35 10.48 10.94 11.58 9.87 9.89 10.69 9.36 7.99 7.53 7.93 8.52 8.67 7.88 7.97 8.25 7.77 7.80 9.88 10.26 9.32 9.81 10.05 11.56 10.83 10.93 12.29 10.88 10.44 9.28 9.95 9.34 9.28 8.36 7.59 6.41 7.19 6.90 6.24 7.82 7.60 6.94 6.95 6.96 7.77 7.61 7.39 7.09 6.84 6.87 6.92 7.41 7.75 7.54 6.72 7.24 7.72 8.70 9.19 8.73 7.49 8.44
-9999 -9999 -9999 -9999 -9999 -9999 14.04 14.01 12.95 13.48 12.32 11.39 10.52 12.42 12.16 10.98 11.93 11.34 10.92 12.20 10.78 10.63 10.29 7.59 8.41 10.43 10.07 9.00 8.14 7.53 8.16 8.81 9.11 8.55 10.16 9.80 10.35 9.18 8.38 10.32 11.79 10.71 10.80 10.46 9.64 9.70 10.36 9.25 8.25 8.63 8.29 6.19 6.10 5.89 5.89 7.31 8.13 8.36 9.97 7.43 7.65 6.74 6.49 6.88 7.14 6.73 6.60 7.12 7.90 7.51 7.04 6.80 7.69 7.81 7.99 8.14 8.41 7.30
-9999 -9999 -9999 -9999 -9999 -9999 14.43 13.18 12.51 12.95 12.44 12.24 10.99 11.59 11.57 10.11 11.22 11.03 11.63 12.01 11.38 8.52 6.88 6.18 8.56 8.81 9.67 10.42 8.29 8.20 8.50 8.16 9.28 8.71 10.03 9.75 9.73 9.42 8.76 10.81 10.44 10.54 10.40 10.01 9.59 9.71 10.37 10.03 8.34 7.57 7.18 7.32 5.51 5.50 5.42 6.57 7.40 7.77 8.50 7.98 8.87 9.56 5.89 9.70 8.21 6.29 6.63 10.28 10.43 9.94 6.82 6.79 7.16 7.11 7.66 7.39 8.69 9.88
-9999 -9999 -9999 -9999 -9999 -9999 12.85 12.39 12.25 12.12 11.66 11.49 10.93 10.57 11.62 10.82 10.80 11.24 10.26 10.41 10.14 9.62 6.32 7.00 9.48 8.77 10.23 10.28 8.54 8.93 9.44 8.56 9.08 9.41 9.65 9.57 9.58 10.35 11.34 9.60 10.58 10.36 10.28 9.87 9.61 9.90 10.30 9.16 8.69 7.77 7.39 7.01 7.01 5.94 6.89 7.47 8.53 8.50 7.97 7.30 7.20 7.35 6.63 8.82 8.80 9.50 9.08 9.84 10.62 11.08 7.39 7.48 7.38 7.55 8.06 9.18 10.54 10.99
-9999 -9999 -9999 -9999 -9999 -9999 11.72 11.47 11.53 12.03 12.64 11.75 11.12 10.63 11.18 12.34 11.64 10.93 9.99 10.42 9.93 9.27 8.37 7.04 7.59 7.55 10.02 8.82 6.90 10.01 9.84 8.79 11.77 10.56 11.40 12.10 11.43 11.16 11.75 10.50 9.73 10.17 10.07 9.39 9.44 9.66 10.17 9.06 8.79 8.98 8.80 7.75 7.09 6.92 6.78 7.61 10.49 10.13 9.10 8.49 8.82 9.18 9.38 10.02 10.45 10.70 -9999 -9999 10.55 10.73 10.01 9.32 8.53 11.61 9.71 -9999 -9999 -9999
-9999 -9999 -9999 -9999 -9999 14.14 11.86 11.54 10.60 11.63 11.92 12.97 11.45 12.28 11.90 12.36 11.48 10.70 10.19 10.19 9.71 9.15 8.77 8.42 8.89 9.47 9.13 7.61 10.67 11.78 9.19 8.60 9.98 10.24 11.81 11.95 10.82 10.70 10.41 9.99 10.77 10.52 10.62 10.12 9.96 10.51 11.33 10.84 9.94 9.11 8.42 7.93 -9999 -9999 7.82 8.97 11.76 11.82 11.11 10.42 10.48 -9999 -9999 -9999 -9999 -9999 -9999 -9999 -9999 -9999 -9999 10.60 11.18 13.01 11.58 -9999 -9999 -9999
-9999 -9999 -9999 -9999 15.15 13.33 11.46 11.96 10.62 10.55 10.32 10.09 9.81 13.77 14.73 13.20 12.23 11.87 12.16 10.79 9.68 9.08 9.37 9.28 12.17 12.89 12.09 11.75 13.70 11.20 11.24 11.11 12.14 13.18 11.59 10.48 11.05 10.26 10.35 9.93 10.03 10.00 11.69 12.84 12.80 12.56 12.51 12.44 10.95 -9999 7.69 7.74 7.06 7.30 8.13 -9999 -9999 -9999 -9999 11.99 -9999 -9999 -9999 -9999 -9999 -9999 -9999 -9999 -9999 -9999 -9999 -9999 -9999 -9999 -9999 -9999 -9999 -9999
-9999 -9999 -9999 15.38 14.65 14.37 13.01 11.21 10.56 10.13 8.55 7.77 9.68 15.97 17.75 12.55 11.71 14.45 11.25 12.93 9.90 9.32 12.64 11.50 11.52 12.01 12.30 -9999 -9999 -9999 -9999 -9999 12.79 14.42 13.75 11.92 11.62 11.11 10.34 10.22 10.02 10.72 12.23 -9999 -9999 -9999 -9999 -9999 12.15 11.25 9.11 7.15 6.60 8.70 8.83 -9999 -9999 -9999 -9999 -9999 -9999 -9999 -9999 -9999 -9999 -9999 -9999 -9999 -9999 -9999 -9999 -9999 -9999 -9999 -9999 -9999 -9999 -9999
-9999 -9999 10.48 11.41 13.70 14.33 12.92 12.32 11.14 8.92 9.18 8.69 11.63 15.37 17.22 15.60 14.41 12.23 13.16 11.52 11.52 11.00 13.56 13.61 -9999 -9999 -9999 -9999 -9999 -9999 -9999 -9999 -9999 13.83 14.02 12.47 13.57 14.44 14.51 11.88 13.89 13.86 14.73 -9999 -9999 -9999 -9999 -9999 -9999 -9999 9.07 8.84 7.21 8.09 -9999 -9999 -9999 -9999 -9999 -9999 -9999 -9999 -9999 -9999 -9999 -9999 -9999 -9999 -9999 -9999 -9999 -9999 -9999 -9999 -9999 -9999 -9999 -9999
13.96 13.07 10.13 10.52 12.56 14.60 14.86 12.84 10.30 9.88 10.17 9.62 11.58 15.60 14.20 14.44 14.23 15.00 8.90 11.79 15.34 12.86 -9999 -9999 -9999 -9999 -9999 -9999 -9999 -9999 -9999 -9999 -9999 -9999 -9999 14.93 -9999 -9999 -9999 -9999 13.04 15.62 16.16 -9999 -9999 -9999 -9999 -9999 -9999 -9999 -9999 9.65 11.47 9.81 -9999 -9999 -9999 -9999 -9999 -9999 -9999 -9999 -9999 -9999 -9999 -9999 -9999 -9999 -9999 -9999 -9999 -9999 -9999 -9999 -9999 -9999 -9999 -9999
13.22 11.64 9.20 10.40 12.53 13.51 14.48 13.00 11.82 12.64 9.19 7.70 9.91 14.30 15.04 13.13 11.83 13.29 10.12 10.17 11.99 -9999 -9999 -9999 -9999 -9999 -9999 -9999 -9999 -9999 -9999 -9999 -9999 -9999 -9999 16.39 -9999 -9999 -9999 -9999 -9999 -9999 -9999 -9999 -9999 -9999 -9999 -9999 -9999 -9999 -9999 -9999 -9999 -9999 -9999 -9999 -9999 -9999 -9999 -9999 -9999 -9999 -9999 -9999 -9999 -9999 -9999 -9999 -9999 -9999 -9999 -9999 -9999 -9999 -9999 -9999 -9999 -9999
14.28 12.34 9.68 10.88 11.74 12.12 13.04 12.26 11.98 13.01 8.83 7.75 8.88 12.25 17.74 18.35 11.20 11.01 10.33 11.58 14.57 -9999 -9999 -9999 -9999 -9999 -9999 -9999 -9999 -9999 -9999 -9999 -9999 -9999 -9999 -9999 -9999 -9999 -9999 -9999 -9999 -9999 -9999 -9999 -9999 -9999 -9999 -9999 -9999 -9999 -9999 -9999 -9999 -9999 -9999 -9999 -9999 -9999 -9999 -9999 -9999 -9999 -9999 -9999 -9999 -9999 -9999 -9999 -9999 -9999 -9999 -9999 -9999 -9999 -9999 -9999 -9999 -9999
12.57 13.89 12.22 12.01 11.77 12.84 12.18 11.76 11.61 10.18 9.95 8.79 8.44 12.12 15.40 15.17 12.71 10.04 10.16 13.75 13.15 -9999 -9999 -9999 -9999 -9999 -9999 -9999 -9999 -9999 -9999 -9999 -9999 -9999 -9999 -9999 -9999 -9999 -9999 -9999 -9999 -9999 -9999 -9999 -9999 -9999 -9999 -9999 -9999 -9999 -9999 -9999 -9999 -9999 -9999 -9999 -9999 -9999 -9999 -9999 -9999 -9999 -9999 -9999 -9999 -9999 -9999 -9999 -9999 -9999 -9999 -9999 -9999 -9999 -9999 -9999 -9999 -9999
