ML/MeanWindSpeed_1998-07_Actual.txt
ncols         180
nrows         290
xllcorner     -200000
yllcorner     -200000
cellsize      5000
NODATA_value  -9999
[rows 140 to 174 of 290, columns 79 to 157 of 180]
-9999 -9999 12.05 -9999 -9999 -9999 10.90 11.06 10.18 10.10 10.69 -9999 -9999 10.78 9.66 11.39 12.15 -9999 -9999 -9999 -9999 -9999 9.73 8.67 6.90 6.79 6.45 6.92 6.98 7.40 7.20 5.51 7.35 9.28 9.68 7.63 8.85 9.55 10.03 8.59 9.41 9.92 9.44 8.36 8.72 9.09 7.29 7.86 9.28 9.97 -9999 -9999 -9999 -9999 -9999 -9999 -9999 -9999 -9999 -9999 -9999 -9999 -9999 -9999 -9999 -9999 -9999 -9999 -9999 -9999 -9999 -9999 -9999 -9999 -9999 -9999 -9999 -9999 -9999
-9999 -9999 11.99 11.83 -9999 -9999 -9999 10.91 11.40 11.16 11.35 -9999 -9999 -9999 -9999 11.29 -9999 -9999 -9999 -9999 -9999 -9999 8.79 7.73 6.68 6.87 7.25 7.36 7.20 7.54 7.21 6.23 6.37 8.70 9.12 6.35 10.13 9.97 10.94 8.83 9.24 10.79 9.61 8.98 8.91 7.89 6.97 7.87 9.23 9.79 -9999 -9999 -9999 -9999 -9999 -9999 -9999 -9999 -9999 -9999 -9999 -9999 -9999 -9999 -9999 -9999 -9999 -9999 -9999 -9999 -9999 -9999 -9999 -9999 -9999 -9999 -9999 -9999 -9999
-9999 -9999 -9999 12.78 -9999 -9999 -9999 -9999 11.24 11.95 11.72 -9999 -9999 -9999 -9999 -9999 -9999 -9999 -9999 -9999 -9999 9.81 8.50 7.84 7.00 6.80 7.85 7.87 7.79 8.13 7.96 7.39 5.98 6.94 10.89 10.58 10.22 10.20 8.80 8.40 8.94 8.15 7.34 9.35 9.75 7.67 7.29 8.21 9.09 9.58 9.92 -9999 -9999 -9999 -9999 -9999 -9999 -9999 -9999 -9999 -9999 -9999 -9999 -9999 -9999 -9999 -9999 -9999 -9999 -9999 -9999 -9999 -9999 -9999 -9999 -9999 -9999 -9999 -9999
-9999 -9999 -9999 13.54 -9999 -9999 -9999 -9999 -9999 -9999 -9999 -9999 -9999 -9999 -9999 -9999 -9999 -9999 -9999 -9999 -9999 10.06 8.15 6.49 4.79 4.28 9.77 8.11 7.72 9.60 8.15 8.80 5.37 5.26 9.42 12.06 9.51 8.24 11.31 13.02 12.31 10.89 10.20 7.85 8.42 8.30 8.90 8.47 8.57 9.35 9.77 9.97 -9999 -9999 -9999 -9999 -9999 -9999 -9999 -9999 -9999 -9999 -9999 -9999 -9999 -9999 -9999 -9999 -9999 -9999 -9999 -9999 -9999 -9999 -9999 -9999 -9999 -9999 -9999
-9999 -9999 -9999 -9999 -9999 -9999 -9999 -9999 -9999 -9999 -9999 -9999 -9999 -9999 -9999 -9999 -9999 -9999 -9999 -9999 11.11 9.86 7.73 5.84 7.03 3.89 12.68 11.86 7.12 8.48 8.21 7.91 7.63 5.14 6.07 12.36 11.95 10.45 9.41 8.90 10.86 10.86 10.37 9.20 8.61 8.52 8.32 8.22 8.70 8.51 8.53 9.05 -9999 -9999 -9999 -9999 -9999 -9999 -9999 -9999 -9999 -9999 -9999 -9999 -9999 -9999 -9999 -9999 -9999 -9999 -9999 -9999 -9999 -9999 -9999 -9999 -9999 -9999 -9999
-9999 -9999 -9999 -9999 -9999 -9999 -9999 -9999 -9999 -9999 -9999 -9999 -9999 -9999 -9999 -9999 -9999 -9999 -9999 -9999 10.55 10.38 7.25 7.42 11.98 6.39 4.32 8.51 9.43 8.46 8.58 8.46 8.05 6.53 6.11 7.59 13.57 11.68 10.74 9.29 9.38 9.68 8.70 8.65 8.76 9.41 8.40 8.89 8.27 8.15 7.76 7.96 8.41 8.81 9.08 -9999 -9999 -9999 -9999 -9999 -9999 -9999 -9999 -9999 -9999 -9999 -9999 -9999 -9999 -9999 -9999 -9999 -9999 -9999 -9999 -9999 -9999 -9999 -9999
-9999 -9999 -9999 -9999 -9999 -9999 -9999 -9999 -9999 -9999 -9999 -9999 -9999 -9999 -9999 -9999 -9999 -9999 -9999 -9999 10.55 9.79 8.51 9.89 6.31 5.30 6.42 9.99 8.03 7.77 10.68 7.38 9.18 7.98 7.13 6.79 8.89 10.25 10.09 9.69 9.46 8.21 8.46 8.24 8.08 8.02 8.27 8.16 8.19 7.51 7.13 7.05 9.04 8.00 8.98 9.91 10.10 -9999 -9999 -9999 -9999 -9999 -9999 -9999 -9999 -9999 -9999 -9999 -9999 -9999 -9999 -9999 -9999 -9999 -9999 -9999 -9999 -9999 -9999
-9999 -9999 -9999 -9999 -9999 -9999 -9999 -9999 -9999 -9999 -9999 -9999 -9999 -9999 -9999 -9999 -9999 -9999 -9999 -9999 10.55 9.57 9.62 12.59 12.65 8.75 6.11 7.60 8.63 11.10 8.22 10.68 9.44 8.73 8.48 7.66 6.16 6.61 9.80 9.59 9.24 8.90 8.42 8.26 8.42 8.43 8.06 8.13 7.80 7.19 7.09 6.74 7.23 9.08 8.93 9.36 10.66 10.91 9.79 -9999 -9999 -9999 -9999 -9999 -9999 -9999 -9999 -9999 -9999 -9999 -9999 -9999 -9999 -9999 -9999 -9999 -9999 -9999 -9999
-9999 -9999 -9999 -9999 -9999 -9999 -9999 -9999 -9999 -9999 -9999 -9999 -9999 -9999 -9999 -9999 -9999 -9999 -9999 -9999 10.99 9.46 10.28 10.69 7.32 15.41 12.77 7.82 9.65 8.42 11.61 12.24 9.44 8.08 8.11 7.56 5.77 10.96 10.15 10.07 10.70 11.17 10.75 8.60 9.49 8.67 8.35 8.19 7.89 7.50 6.86 6.03 6.55 8.46 7.97 7.95 8.73 9.96 9.12 11.22 -9999 -9999 -9999 -9999 -9999 -9999 -9999 -9999 -9999 -9999 -9999 -9999 -9999 -9999 -9999 -9999 -9999 -9999 -9999
-9999 -9999 -9999 -9999 -9999 -9999 -9999 -9999 10.90 11.12 11.74 -9999 -9999 -9999 -9999 -9999 -9999 -9999 -9999 -9999 -9999 10.54 9.26 7.73 9.07 10.91 12.94 8.42 6.56 10.28 10.14 9.43 8.22 9.27 8.84 7.12 7.37 9.31 9.67 12.39 11.68 10.27 10.10 10.66 9.66 8.83 8.51 8.15 7.87 7.04 6.24 8.92 8.33 10.68 11.34 10.78 10.01 8.30 10.53 11.11 10.53 -9999 -9999 -9999 -9999 -9999 -9999 -9999 -9999 -9999 -9999 -9999 -9999 -9999 -9999 -9999 -9999 -9999 -9999
-9999 -9999 -9999 -9999 -9999 -9999 -9999 -9999 9.66 9.88 -9999 -9999 -9999 -9999 -9999 -9999 -9999 -9999 -9999 -9999 -9999 -9999 9.31 7.15 9.96 10.70 15.88 9.91 9.90 9.52 8.07 7.23 7.15 6.67 11.79 7.16 7.73 11.25 9.70 7.94 7.76 11.06 8.52 10.72 9.49 8.72 8.32 8.08 7.35 7.24 8.52 9.08 8.68 8.60 8.54 9.60 10.32 10.03 10.37 10.46 12.07 -9999 -9999 -9999 -9999 -9999 -9999 -9999 -9999 -9999 -9999 -9999 -9999 -9999 -9999 -9999 -9999 -9999 -9999
-9999 -9999 -9999 -9999 -9999 -9999 -9999 9.26 11.35 11.47 11.31 -9999 -9999 -9999 -9999 -9999 -9999 -9999 -9999 -9999 -9999 -9999 9.49 10.67 11.19 11.55 9.79 10.63 9.11 8.75 7.95 7.37 8.34 6.88 5.37 11.38 8.42 7.84 10.41 9.19 11.36 9.48 9.86 9.07 9.04 8.79 8.73 8.05 7.21 7.65 8.47 7.80 8.64 9.62 9.53 10.01 9.84 10.12 10.46 9.63 11.77 10.96 -9999 -9999 -9999 -9999 -9999 -9999 -9999 -9999 -9999 -9999 -9999 -9999 -9999 -9999 -9999 -9999 -9999
-9999 -9999 -9999 -9999 -9999 -9999 8.26 11.27 12.91 15.51 11.34 -9999 -9999 -9999 -9999 -9999 -9999 -9999 -9999 -9999 -9999 -9999 10.56 13.72 11.60 8.68 9.61 9.09 9.47 8.09 7.34 7.72 8.23 6.33 10.16 7.88 10.32 8.27 11.58 7.86 8.87 7.63 9.39 8.50 8.91 9.17 8.45 8.25 7.14 6.76 9.04 9.45 9.34 8.80 9.14 9.03 9.05 9.34 10.63 10.70 10.41 10.93 -9999 -9999 -9999 -9999 -9999 -9999 -9999 -9999 -9999 -9999 -9999 -9999 -9999 -9999 -9999 -9999 -9999
-9999 -9999 -9999 -9999 -9999 9.69 9.00 14.12 12.56 12.38 -9999 -9999 -9999 -9999 -9999 -9999 -9999 -9999 -9999 -9999 -9999 -9999 -9999 10.91 9.32 8.85 10.28 8.52 9.99 8.46 7.76 7.32 7.29 6.08 10.21 9.82 10.53 9.99 10.61 10.72 10.67 9.72 9.65 10.00 9.71 8.50 8.35 8.00 6.94 6.58 7.29 10.70 9.99 8.36 8.15 8.34 8.21 8.36 8.46 8.58 8.41 9.11 10.26 10.82 -9999 -9999 -9999 -9999 -9999 -9999 -9999 -9999 -9999 -9999 -9999 -9999 -9999 -9999 -9999
-9999 -9999 -9999 -9999 -9999 11.61 12.72 10.40 11.06 11.51 -9999 -9999 -9999 -9999 -9999 -9999 -9999 -9999 -9999 -9999 -9999 -9999 -9999 -9999 9.78 10.08 9.50 8.78 9.59 8.90 8.63 8.02 7.94 6.03 10.24 9.46 8.68 10.20 9.13 8.62 11.81 11.71 9.27 10.71 9.96 9.55 8.16 7.66 7.23 6.87 7.07 7.98 8.45 8.08 8.15 8.17 8.19 7.94 7.83 7.84 7.97 10.07 10.39 10.29 -9999 -9999 -9999 -9999 -9999 -9999 -9999 -9999 -9999 -9999 -9999 -9999 -9999 -9999 -9999
-9999 -9999 -9999 -9999 -9999 12.32 11.38 11.84 11.31 -9999 -9999 -9999 -9999 -9999 -9999 -9999 -9999 -9999 -9999 -9999 -9999 -9999 -9999 -9999 10.51 10.47 10.03 -9999 9.75 -9999 8.95 8.01 7.06 5.91 6.05 9.61 8.94 9.39 11.70 6.75 7.72 11.82 10.37 10.05 10.07 9.21 8.21 7.90 7.83 7.40 7.31 7.56 8.28 9.07 8.37 8.77 7.90 7.25 8.00 8.94 8.74 8.40 8.54 9.94 11.39 11.92 -9999 -9999 -9999 -9999 -9999 -9999 -9999 -9999 -9999 -9999 -9999 -9999 -9999
-9999 -9999 -9999 -9999 12.29 11.57 11.32 -9999 -9999 -9999 -9999 -9999 -9999 -9999 -9999 -9999 -9999 -9999 -9999 -9999 -9999 -9999 -9999 -9999 11.21 10.52 9.89 -9999 -9999 -9999 8.70 8.76 6.23 6.66 7.69 6.70 6.47 8.03 11.14 10.84 7.06 10.26 11.50 9.45 10.47 9.69 8.83 7.58 7.72 7.53 7.52 7.64 7.89 8.19 8.17 8.34 7.27 7.55 8.44 9.19 9.57 9.53 9.01 9.10 10.07 11.10 -9999 -9999 -9999 -9999 -9999 -9999 -9999 -9999 -9999 -9999 -9999 -9999 -9999
-9999 -9999 -9999 -9999 -9999 -9999 -9999 -9999 -9999 -9999 -9999 -9999 -9999 -9999 -9999 -9999 -9999 -9999 -9999 -9999 -9999 -9999 -9999 -9999 -9999 -9999 -9999 -9999 -9999 9.28 7.65 7.14 8.00 8.66 9.45 9.35 8.10 8.61 10.68 10.37 8.76 7.37 9.88 10.83 9.73 9.06 8.43 7.94 7.88 8.02 7.70 7.67 7.81 7.86 7.69 7.16 7.79 9.66 8.61 9.22 8.82 8.96 8.43 9.05 9.90 -9999 -9999 -9999 -9999 -9999 -9999 -9999 -9999 -9999 -9999 -9999 -9999 -9999 -9999
-9999 -9999 -9999 -9999 -9999 -9999 -9999 -9999 -9999 -9999 -9999 -9999 -9999 -9999 -9999 -9999 -9999 -9999 -9999 -9999 -9999 -9999 -9999 -9999 -9999 -9999 -9999 -9999 -9999 8.74 7.32 7.83 9.44 11.49 10.85 8.78 9.59 7.80 8.09 7.54 8.68 9.00 9.77 10.00 9.83 8.99 8.66 8.38 7.93 8.12 7.79 7.83 7.92 7.99 7.76 7.10 7.54 10.36 9.81 8.61 8.41 8.31 8.23 8.92 10.02 -9999 -9999 -9999 -9999 -9999 -9999 -9999 -9999 -9999 -9999 -9999 -9999 -9999 -9999
-9999 -9999 -9999 -9999 -9999 -9999 -9999 -9999 -9999 -9999 -9999 -9999 -9999 -9999 -9999 -9999 -9999 -9999 -9999 -9999 -9999 -9999 -9999 -9999 -9999 -9999 -9999 -9999 -9999 8.27 7.00 7.13 9.29 10.18 9.94 9.37 8.85 8.11 8.51 7.50 7.37 7.97 7.01 9.90 8.98 9.74 8.90 8.70 7.92 7.88 8.06 8.09 8.14 8.08 7.94 7.52 7.36 8.90 9.47 8.74 8.27 8.25 8.14 8.76 9.77 -9999 -9999 -9999 -9999 -9999 -9999 -9999 -9999 -9999 -9999 -9999 -9999 -9999 -9999
-9999 -9999 -9999 -9999 -9999 -9999 -9999 -9999 -9999 -9999 -9999 -9999 -9999 -9999 -9999 -9999 -9999 -9999 -9999 -9999 -9999 -9999 -9999 -9999 -9999 -9999 -9999 10.42 9.29 7.81 6.80 8.75 10.20 12.15 9.87 10.80 7.25 7.88 7.83 8.34 8.66 8.52 10.07 7.81 8.08 8.12 8.14 7.89 8.54 8.04 8.14 8.41 8.22 8.17 8.15 7.83 7.64 7.89 9.12 8.60 8.08 8.04 8.07 8.45 9.37 10.33 -9999 -9999 -9999 -9999 -9999 -9999 -9999 -9999 -9999 -9999 -9999 -9999 -9999
-9999 -9999 -9999 -9999 -9999 -9999 -9999 -9999 -9999 -9999 -9999 -9999 -9999 -9999 -9999 -9999 -9999 -9999 -9999 -9999 -9999 -9999 -9999 -9999 -9999 -9999 -9999 9.94 8.77 7.90 7.37 7.71 9.92 8.45 8.04 6.70 7.79 9.69 7.83 8.83 8.41 9.27 7.13 9.95 8.55 9.41 9.25 9.35 8.63 8.42 8.28 8.23 8.21 8.24 8.19 8.06 7.76 7.62 8.06 8.81 8.30 8.01 8.10 8.22 8.92 9.96 -9999 -9999 -9999 -9999 -9999 -9999 -9999 -9999 -9999 -9999 -9999 -9999 -9999
-9999 -9999 -9999 -9999 -9999 -9999 -9999 -9999 -9999 -9999 -9999 -9999 -9999 -9999 -9999 -9999 -9999 -9999 -9999 -9999 -9999 -9999 -9999 -9999 -9999 -9999 -9999 9.95 8.71 8.20 7.81 8.00 8.48 8.55 7.53 6.74 7.63 7.56 6.98 8.34 10.15 8.59 8.37 7.55 8.87 7.74 8.24 8.83 9.22 8.70 8.53 8.23 8.20 8.26 8.23 8.13 7.91 7.59 7.76 8.64 9.08 8.34 8.07 8.20 8.55 9.29 10.22 -9999 -9999 -9999 -9999 -9999 -9999 -9999 -9999 -9999 -9999 -9999 -9999
-9999 -9999 -9999 -9999 -9999 -9999 -9999 -9999 -9999 -9999 -9999 -9999 -9999 -9999 -9999 -9999 -9999 -9999 -9999 -9999 -9999 -9999 -9999 -9999 -9999 -9999 -9999 9.77 8.83 8.46 8.35 8.12 7.86 7.46 7.69 8.18 6.47 6.25 6.87 9.99 10.12 10.95 10.13 8.87 8.80 9.17 8.22 7.89 8.77 9.13 8.47 8.22 8.25 8.16 8.20 8.18 8.12 7.80 7.72 8.93 9.73 8.87 8.54 8.58 8.48 8.71 9.60 10.47 -9999 -9999 -9999 -9999 -9999 -9999 -9999 -9999 -9999 -9999 -9999
-9999 -9999 -9999 -9999 -9999 -9999 -9999 -9999 -9999 -9999 -9999 -9999 -9999 -9999 -9999 -9999 -9999 -9999 -9999 -9999 -9999 -9999 -9999 -9999 -9999 -9999 -9999 9.79 8.72 8.39 8.15 7.73 7.21 7.25 6.66 7.31 7.69 8.82 9.81 10.56 8.73 9.96 9.17 9.18 8.26 9.21 8.91 8.44 8.08 8.05 8.22 8.13 8.21 8.22 8.25 8.24 8.29 8.24 8.17 8.52 9.25 8.98 8.71 8.82 8.86 8.77 8.92 9.90 -9999 -9999 -9999 -9999 -9999 -9999 -9999 -9999 -9999 -9999 -9999
-9999 -9999 -9999 -9999 -9999 -9999 -9999 -9999 -9999 -9999 -9999 -9999 -9999 -9999 -9999 -9999 -9999 -9999 -9999 -9999 -9999 -9999 -9999 -9999 -9999 -9999 -9999 -9999 8.74 8.39 7.94 7.19 7.25 8.21 8.11 8.59 7.78 7.67 9.16 9.12 10.01 9.45 8.26 7.38 7.81 7.78 8.72 8.21 8.09 8.53 8.39 8.02 8.21 8.14 8.21 8.17 8.22 8.36 8.43 8.57 8.59 8.71 8.82 9.02 -9999 9.09 9.35 9.97 11.01 -9999 -9999 -9999 -9999 -9999 -9999 -9999 -9999 -9999 -9999
-9999 -9999 -9999 -9999 -9999 -9999 -9999 -9999 -9999 -9999 -9999 -9999 -9999 -9999 -9999 -9999 -9999 -9999 -9999 -9999 -9999 -9999 -9999 -9999 -9999 -9999 -9999 9.65 8.65 8.22 7.57 6.83 6.72 9.37 9.76 8.35 10.15 9.87 8.44 8.15 10.88 9.60 9.79 8.18 7.11 8.54 7.80 7.49 8.04 8.22 8.00 8.12 8.00 8.00 8.04 8.14 8.04 8.10 9.04 8.51 8.21 9.14 8.67 8.76 8.89 -9999 9.75 10.31 11.15 11.82 -9999 -9999 -9999 -9999 -9999 -9999 -9999 -9999 -9999
-9999 -9999 -9999 -9999 -9999 -9999 -9999 -9999 -9999 -9999 -9999 -9999 -9999 -9999 -9999 -9999 -9999 -9999 -9999 -9999 -9999 -9999 -9999 -9999 -9999 -9999 -9999 9.45 8.44 8.03 7.52 8.16 7.44 8.32 10.28 8.17 8.36 8.48 6.97 6.75 9.25 8.84 8.74 6.78 8.22 9.07 7.76 8.50 8.09 8.54 8.40 8.11 7.87 7.87 7.92 7.95 7.84 7.79 7.98 8.24 7.69 7.99 8.45 8.10 8.66 9.10 -9999 -9999 -9999 -9999 -9999 -9999 -9999 -9999 -9999 -9999 -9999 -9999 -9999
-9999 -9999 -9999 -9999 -9999 -9999 -9999 -9999 -9999 -9999 -9999 -9999 -9999 -9999 -9999 -9999 -9999 -9999 -9999 -9999 -9999 -9999 -9999 -9999 -9999 -9999 10.49 8.96 8.21 8.54 8.17 8.10 7.75 8.47 8.65 8.15 7.83 7.34 6.94 6.86 8.50 10.18 10.14 7.34 9.27 9.12 7.80 8.14 7.63 8.15 8.38 7.93 7.70 7.91 7.89 7.87 7.91 7.74 7.88 7.97 7.83 7.74 8.67 8.26 8.26 8.56 9.43 10.34 -9999 -9999 -9999 -9999 -9999 -9999 -9999 -9999 -9999 -9999 -9999
-9999 -9999 -9999 -9999 -9999 -9999 -9999 -9999 -9999 -9999 -9999 -9999 -9999 -9999 -9999 -9999 -9999 -9999 -9999 -9999 -9999 -9999 -9999 -9999 -9999 -9999 -9999 9.07 8.22 8.09 8.32 9.46 8.02 7.78 7.68 7.80 7.84 7.28 6.81 6.32 6.33 8.85 9.57 10.39 8.98 9.40 9.00 8.50 8.82 7.51 7.59 8.14 7.70 7.80 7.76 7.75 7.88 7.74 7.79 8.01 7.75 7.43 7.56 9.09 8.40 8.23 8.57 9.31 10.16 11.07 -9999 -9999 -9999 -9999 -9999 -9999 -9999 -9999 -9999
-9999 -9999 -9999 -9999 -9999 -9999 -9999 -9999 -9999 -9999 -9999 -9999 -9999 -9999 -9999 -9999 -9999 -9999 -9999 -9999 -9999 -9999 -9999 -9999 -9999 -9999 -9999 9.07 8.55 8.19 8.26 8.34 8.27 7.88 7.42 7.36 6.99 6.68 6.50 6.29 6.46 5.98 9.11 11.03 11.78 10.30 9.39 9.14 8.26 8.34 7.74 8.44 7.81 7.87 7.75 7.72 7.74 7.71 7.92 7.96 7.73 7.30 7.61 9.01 8.63 8.82 8.20 8.45 9.22 10.20 -9999 -9999 -9999 -9999 -9999 -9999 -9999 -9999 -9999
-9999 -9999 -9999 -9999 -9999 -9999 -9999 11.85 11.32 11.74 12.65 -9999 -9999 -9999 -9999 -9999 -9999 -9999 -9999 -9999 -9999 -9999 -9999 -9999 -9999 -9999 9.46 8.72 8.93 8.48 8.98 8.51 7.89 7.53 7.37 7.11 6.97 6.67 6.43 6.06 5.58 7.69 9.66 9.99 9.01 11.07 10.44 8.44 8.36 7.09 8.91 8.87 7.98 7.91 7.77 7.71 7.71 7.70 7.82 8.08 7.87 7.37 7.39 7.76 8.98 8.95 9.29 8.28 8.38 9.39 10.48 -9999 -9999 -9999 -9999 -9999 -9999 -9999 -9999
-9999 -9999 -9999 -9999 -9999 -9999 -9999 11.26 10.69 10.77 11.37 -9999 -9999 -9999 -9999 -9999 -9999 -9999 -9999 -9999 -9999 -9999 -9999 -9999 -9999 9.56 9.36 8.79 8.99 9.58 8.68 8.40 7.60 7.35 7.29 7.00 7.01 6.89 6.15 5.48 5.07 6.50 10.88 11.15 8.78 10.19 9.81 9.61 7.73 7.14 8.31 8.70 8.17 7.59 7.57 7.66 7.92 7.80 7.74 7.87 8.06 7.64 7.54 7.61 8.81 8.95 8.96 8.37 8.38 8.81 9.97 -9999 -9999 -9999 -9999 -9999 -9999 -9999 -9999
-9999 -9999 -9999 -9999 -9999 13.43 11.24 10.11 10.26 10.26 11.16 11.31 12.52 13.22 -9999 -9999 12.68 10.96 -9999 -9999 -9999 9.21 10.08 9.45 -9999 8.21 9.61 9.12 8.84 9.07 8.54 8.36 8.10 8.25 7.76 7.55 6.84 6.83 6.08 5.80 7.60 6.00 8.12 10.15 7.11 8.60 11.66 8.16 9.30 7.83 8.22 8.34 8.00 7.76 7.74 7.76 7.93 7.65 7.72 7.71 8.16 7.65 7.57 7.69 8.07 8.63 9.32 9.10 8.47 8.46 9.45 10.68 -9999 -9999 -9999 -9999 -9999 -9999 -9999
-9999 -9999 -9999 -9999 -9999 -9999 11.57 10.51 10.07 9.84 10.27 11.49 12.83 11.15 -9999 10.30 11.17 11.11 9.62 9.95 7.63 7.13 10.11 10.08 9.10 -9999 8.18 9.31 9.23 8.62 8.47 8.64 7.95 7.66 7.44 7.12 7.04 6.55 6.33 5.92 7.92 8.32 8.55 9.21 8.84 10.39 10.51 9.22 7.84 7.47 8.59 8.59 7.73 8.01 7.72 8.03 8.09 7.72 7.64 7.63 8.19 7.72 7.67 7.78 7.78 8.39 8.96 9.49 9.02 8.61 9.07 10.24 -9999 -9999 -9999 -9999 -9999 -9999 -9999
