ML/MeanWindSpeed_1993-09_Actual.txt
ncols         180
nrows         290
xllcorner     -200000
yllcorner     -200000
cellsize      5000
NODATA_value  -9999
[rows 210 to 244 of 290, columns 79 to 157 of 180]
11.62 10.41 12.03 12.08 -9999 -9999 -9999 -9999 -9999 -9999 -9999 6.50 6.54 7.66 7.26 7.49 7.67 8.92 10.38 12.14 11.43 9.86 8.58 8.40 7.46 9.69 9.71 6.58 5.65 8.66 8.73 9.83 7.34 6.71 6.58 6.10 6.67 7.23 7.18 7.42 7.16 6.84 6.65 6.47 6.25 6.15 5.87 6.27 5.89 5.92 5.97 6.09 6.32 6.07 6.31 7.15 7.07 6.51 7.60 6.92 5.92 5.71 5.24 5.23 5.87 6.33 6.16 5.93 5.95 6.99 6.33 6.65 7.39 6.90 6.87 6.88 6.37 6.26 6.76
12.13 -9999 -9999 -9999 -9999 -9999 -9999 -9999 -9999 10.67 9.12 8.57 9.68 9.46 8.74 8.06 8.21 8.13 9.93 11.11 10.40 7.24 7.07 9.92 8.75 8.62 7.13 6.12 5.87 8.08 8.51 8.51 7.16 6.74 6.60 5.34 7.64 7.86 6.96 7.09 6.77 6.59 6.45 6.22 6.54 6.06 6.01 5.53 5.52 5.56 5.78 5.87 6.30 5.89 6.86 8.12 7.05 7.41 6.03 6.58 5.86 5.42 6.12 5.88 6.02 6.53 6.07 5.62 5.77 5.93 6.50 7.01 6.55 7.00 6.87 6.40 6.34 7.40 7.11
-9999 -9999 -9999 -9999 -9999 -9999 -9999 -9999 -9999 12.04 11.23 9.57 10.83 11.51 -9999 -9999 8.47 10.36 6.83 8.13 7.65 7.56 8.05 9.20 7.05 6.78 7.23 7.04 7.79 8.35 8.49 7.90 7.21 7.32 5.92 6.13 7.70 6.87 6.54 6.41 6.49 6.78 6.53 6.01 6.05 5.65 5.74 6.20 6.57 6.27 6.69 5.88 5.75 6.50 8.31 6.99 6.98 6.50 5.33 6.32 5.90 5.65 5.53 5.57 5.60 5.67 6.75 5.81 5.74 5.76 5.86 6.13 6.03 5.83 7.12 6.83 7.41 8.43 8.62
-9999 -9999 -9999 -9999 -9999 -9999 -9999 -9999 -9999 -9999 -9999 -9999 -9999 -9999 -9999 -9999 9.86 8.70 8.12 7.14 6.22 6.08 6.31 7.11 7.09 7.69 8.36 8.98 9.68 9.53 -9999 7.73 7.04 6.37 5.90 6.18 7.46 6.83 6.82 6.40 5.87 5.78 6.33 5.79 6.00 6.94 7.09 6.89 7.50 8.11 7.03 6.74 6.60 6.78 7.78 6.80 6.63 6.35 5.64 5.46 5.50 5.94 5.86 5.52 5.43 5.60 5.65 5.46 5.43 5.43 5.55 5.77 6.06 6.29 6.73 6.89 7.54 8.25 -9999
-9999 -9999 -9999 -9999 -9999 -9999 -9999 -9999 -9999 -9999 -9999 -9999 -9999 -9999 -9999 -9999 -9999 9.76 8.29 7.08 6.89 7.13 6.04 6.23 7.24 8.77 -9999 -9999 -9999 -9999 8.59 7.16 6.52 5.95 5.88 6.32 7.56 6.88 7.02 6.45 5.63 6.23 5.95 7.02 6.72 8.15 7.19 7.38 7.09 7.40 7.22 6.62 7.18 5.90 6.49 6.76 5.60 5.62 5.18 5.11 5.31 5.51 5.74 5.74 5.13 5.05 4.98 4.94 4.85 5.87 6.18 5.51 5.63 5.94 6.31 6.82 8.01 9.49 9.66
-9999 -9999 -9999 -9999 -9999 -9999 -9999 -9999 -9999 -9999 -9999 -9999 -9999 -9999 -9999 -9999 -9999 -9999 9.58 9.92 8.74 7.51 7.31 7.73 9.07 -9999 -9999 -9999 -9999 9.20 8.27 7.59 5.28 5.19 5.43 7.28 7.80 7.40 6.90 6.01 5.94 5.80 6.94 8.01 7.25 7.37 6.93 7.04 6.85 6.18 6.60 6.57 6.20 6.13 6.19 6.01 5.50 5.46 5.68 5.88 6.13 5.47 5.58 5.48 5.02 5.15 4.85 4.94 4.49 5.12 5.25 5.38 6.20 5.69 6.58 6.91 7.60 7.48 8.19
-9999 -9999 -9999 -9999 -9999 -9999 -9999 -9999 -9999 -9999 -9999 -9999 -9999 -9999 -9999 -9999 -9999 -9999 -9999 10.48 10.27 9.24 8.80 8.84 10.75 -9999 -9999 -9999 8.68 6.68 5.62 6.76 6.58 6.07 5.28 6.49 6.07 7.35 6.77 5.55 6.51 7.25 7.26 7.03 7.54 6.86 6.50 6.24 5.81 5.77 5.74 5.90 6.29 6.07 5.71 5.66 5.68 5.65 6.07 5.80 5.98 5.78 5.35 5.26 4.73 4.36 4.09 4.31 4.27 4.57 4.75 5.68 6.09 6.49 6.49 5.87 7.18 6.19 6.98
-9999 -9999 -9999 -9999 -9999 -9999 -9999 -9999 -9999 -9999 -9999 -9999 -9999 -9999 -9999 -9999 -9999 -9999 -9999 -9999 -9999 -9999 -9999 -9999 -9999 -9999 -9999 10.61 7.39 5.66 5.17 6.39 5.22 5.88 6.54 6.62 6.67 6.84 5.61 5.28 5.61 6.43 6.42 6.75 6.79 6.91 6.68 6.51 7.61 6.37 6.43 5.93 6.27 6.26 5.67 5.70 5.43 5.74 6.25 5.76 5.34 5.19 5.05 4.83 4.96 4.37 4.61 4.36 5.17 5.67 5.57 4.99 7.04 7.72 6.72 5.76 7.78 6.95 6.50
-9999 -9999 -9999 -9999 -9999 -9999 -9999 -9999 -9999 -9999 -9999 -9999 -9999 -9999 -9999 -9999 -9999 -9999 -9999 -9999 -9999 -9999 -9999 -9999 -9999 -9999 -9999 8.57 7.20 5.91 9.70 8.26 5.48 5.84 6.37 6.82 7.17 5.86 5.40 5.26 5.31 6.32 6.29 6.24 7.52 7.32 8.13 7.07 7.21 8.10 6.82 6.32 6.11 5.66 5.53 5.39 5.40 5.77 5.77 5.85 5.38 4.91 4.63 4.42 4.73 5.98 5.33 5.85 6.16 6.99 6.07 5.41 6.47 6.81 5.94 5.46 5.93 6.94 7.25
-9999 -9999 -9999 -9999 -9999 -9999 -9999 -9999 -9999 -9999 -9999 -9999 -9999 -9999 -9999 -9999 -9999 -9999 -9999 -9999 -9999 -9999 -9999 -9999 -9999 -9999 -9999 8.03 5.80 4.88 6.69 9.38 8.32 7.40 6.48 7.43 6.17 5.80 5.34 6.66 6.83 7.38 7.11 6.58 6.71 6.58 6.87 7.29 7.35 6.70 6.55 6.42 6.30 5.76 5.50 5.53 5.64 6.10 5.93 5.70 5.13 4.98 5.41 5.89 5.37 6.10 5.63 5.40 5.53 6.27 7.73 7.59 6.07 5.97 6.27 6.45 6.43 6.53 6.40
-9999 -9999 -9999 -9999 -9999 -9999 -9999 -9999 -9999 -9999 12.09 11.86 9.77 12.86 11.66 10.83 10.43 11.80 6.22 10.81 7.76 -9999 -9999 -9999 -9999 -9999 -9999 7.27 5.90 5.55 5.03 5.98 7.51 8.52 7.87 6.78 6.03 5.90 6.41 7.36 6.82 6.34 6.46 6.23 6.30 6.49 6.23 6.08 5.98 6.36 5.99 6.53 6.84 7.24 6.29 5.96 6.41 6.34 5.75 6.20 5.38 5.03 5.89 6.53 5.61 5.35 5.61 5.36 5.10 5.01 5.33 5.36 5.04 4.99 4.98 5.03 5.06 5.51 5.64
-9999 -9999 -9999 -9999 -9999 -9999 -9999 -9999 -9999 -9999 13.44 12.14 11.53 9.22 10.24 10.94 9.68 9.72 9.81 7.68 6.68 6.09 7.48 9.79 8.25 7.61 6.78 6.38 5.68 5.30 5.18 5.09 5.56 7.44 7.38 6.60 5.84 7.98 6.74 6.00 6.42 6.78 6.22 6.20 6.28 6.16 6.40 6.25 6.19 5.40 5.75 6.34 6.49 6.40 6.76 6.98 5.97 5.72 5.28 5.12 5.87 5.20 8.02 6.60 6.21 5.77 5.41 5.49 5.20 5.77 5.77 4.84 6.01 5.63 6.09 5.12 5.30 5.27 5.37
-9999 -9999 -9999 -9999 -9999 -9999 -9999 -9999 -9999 12.44 10.79 9.56 8.79 7.58 9.01 10.67 9.72 8.50 8.33 8.21 7.17 6.10 6.16 7.31 8.36 6.31 5.94 5.56 5.56 6.16 5.17 5.25 6.48 6.54 6.30 6.49 8.19 6.79 7.66 7.11 6.43 5.69 6.05 5.80 6.24 6.40 6.15 6.58 5.77 5.99 5.98 6.04 6.09 7.11 7.49 5.96 5.59 5.72 7.26 5.96 5.56 5.70 5.71 5.97 6.04 5.66 5.54 6.03 6.66 5.85 5.06 4.98 6.26 5.86 5.81 6.13 6.03 5.75 5.84
-9999 -9999 -9999 -9999 -9999 -9999 -9999 -9999 -9999 -9999 9.80 8.27 7.37 8.31 7.87 8.10 9.80 8.40 6.83 5.93 7.59 8.88 7.43 6.06 6.38 7.79 6.35 5.12 5.18 5.15 5.65 5.77 5.34 5.48 5.87 6.51 7.40 6.43 7.41 6.43 6.31 6.15 6.33 5.85 6.44 6.64 6.61 5.66 5.70 6.25 5.70 5.38 5.35 6.22 7.02 6.88 5.73 5.96 6.70 6.47 5.82 5.17 5.15 5.10 5.37 6.62 6.36 6.14 6.59 7.32 6.64 6.10 6.50 6.47 5.76 6.42 5.62 6.23 5.52
-9999 -9999 -9999 -9999 -9999 -9999 12.19 -9999 -9999 10.57 9.11 9.11 6.21 7.37 6.31 6.09 6.14 6.23 6.79 5.75 7.29 8.24 6.42 5.51 4.57 4.59 4.68 4.66 4.86 5.16 5.76 5.09 5.07 5.52 6.93 6.09 6.95 6.17 6.65 6.17 6.88 7.42 6.80 6.00 5.62 5.68 5.66 5.56 6.69 6.04 5.57 7.01 5.88 5.94 7.25 8.03 5.43 5.69 5.98 5.72 5.35 5.15 5.03 5.38 5.95 6.32 5.57 5.27 5.36 5.91 5.96 5.91 6.39 5.84 5.71 5.65 5.25 5.28 5.26
-9999 -9999 -9999 -9999 -9999 11.47 11.85 11.46 11.05 8.79 7.67 8.55 6.23 5.34 6.03 5.60 6.64 6.84 7.35 6.30 6.23 6.71 5.63 4.44 3.93 4.13 4.70 5.08 4.56 4.67 4.95 4.80 4.97 6.30 6.48 5.90 6.56 6.87 7.86 7.16 7.19 8.09 6.96 6.69 5.66 6.02 5.82 6.19 5.81 5.74 5.34 6.31 6.39 5.79 6.61 6.24 5.60 5.39 5.20 5.60 5.48 5.36 4.96 4.69 4.84 4.86 5.02 5.16 5.16 4.88 5.45 5.83 6.47 6.73 6.32 5.33 5.96 5.80 5.92
-9999 -9999 -9999 -9999 -9999 10.83 10.12 9.01 9.19 8.16 7.26 6.13 7.27 7.13 6.42 7.48 7.36 7.00 7.91 6.96 6.88 6.88 4.93 5.38 6.69 6.13 5.27 4.72 4.30 4.81 5.29 5.61 5.28 6.30 5.89 6.42 5.82 5.43 6.90 8.00 7.14 7.17 7.00 6.51 6.34 6.68 6.06 5.62 6.24 6.49 5.46 5.81 5.97 5.95 6.74 7.11 7.07 8.13 5.99 5.91 5.20 4.93 4.93 4.95 4.76 4.71 4.93 5.31 5.07 4.98 4.91 5.67 5.83 5.97 6.04 6.17 5.29 5.80 6.90
-9999 -9999 -9999 -9999 -9999 11.03 9.36 8.53 8.58 7.81 7.54 6.42 6.63 6.62 5.68 6.82 7.07 7.58 7.82 7.38 5.48 4.73 4.39 6.06 5.98 6.33 6.87 5.16 4.92 5.11 4.71 5.48 5.05 5.94 5.72 5.87 5.75 5.45 7.10 6.97 7.14 7.06 6.94 6.85 6.75 7.01 6.86 5.88 5.73 5.99 6.70 5.75 5.93 5.86 6.38 6.64 6.75 7.33 6.78 7.24 7.79 5.01 7.53 6.29 5.00 5.33 7.82 7.59 7.07 4.80 4.75 4.95 4.96 5.62 5.59 6.69 7.57 9.61 9.09
-9999 -9999 -9999 -9999 -9999 9.44 8.60 8.19 7.79 6.99 6.64 6.15 5.72 6.45 6.03 6.27 6.99 6.50 6.70 6.55 6.50 4.50 5.05 6.60 5.86 6.94 7.02 5.59 5.76 6.19 5.42 5.58 5.66 5.81 5.91 6.02 6.54 7.37 6.18 7.05 7.00 7.03 6.93 6.92 7.00 7.15 6.36 6.31 6.11 6.51 6.86 7.32 6.71 7.35 7.28 7.15 6.93 6.52 6.03 5.98 6.26 5.79 7.22 7.11 7.72 7.48 7.97 8.26 8.48 5.57 5.46 5.17 5.24 5.94 7.03 8.25 8.68 -9999 -9999
-9999 -9999 -9999 -9999 -9999 8.29 7.89 7.78 7.88 7.95 7.01 6.25 5.45 5.75 6.94 6.67 6.42 5.98 6.48 6.35 6.12 5.68 4.78 4.97 4.68 6.74 5.93 4.48 6.91 6.83 5.94 7.88 6.71 7.24 7.91 7.46 7.15 7.65 6.86 6.47 6.93 6.91 6.56 6.78 6.88 7.21 6.46 6.57 7.31 7.92 7.69 7.66 7.86 7.92 8.25 8.61 8.17 7.35 6.93 7.33 7.75 7.93 8.32 8.56 8.74 -9999 -9999 8.54 8.65 8.07 7.38 6.45 8.70 7.48 -9999 -9999 -9999 -9999 -9999
-9999 -9999 -9999 -9999 10.07 8.19 7.93 7.36 8.07 8.01 8.50 6.75 6.58 6.19 6.98 6.63 6.13 5.91 6.13 6.10 5.93 5.75 5.71 5.94 6.24 6.26 5.19 7.40 8.18 6.39 5.88 6.49 6.32 7.32 7.41 6.62 6.59 6.51 6.47 7.35 7.36 7.50 7.26 7.33 7.76 8.34 8.08 7.66 7.50 7.59 7.81 -9999 -9999 8.93 9.86 10.35 9.88 9.31 8.83 8.98 -9999 -9999 -9999 -9999 -9999 -9999 -9999 -9999 -9999 -9999 8.70 8.86 10.18 9.27 -9999 -9999 -9999 -9999 -9999
-9999 -9999 -9999 11.05 9.21 7.64 8.16 7.31 7.29 7.11 7.14 6.43 8.27 8.65 7.71 7.20 7.18 7.51 6.52 6.02 6.01 6.35 6.49 8.57 9.17 8.70 8.35 9.78 7.86 8.02 7.90 8.28 8.55 7.05 6.12 6.55 5.96 6.17 6.18 6.63 6.88 8.42 9.56 9.69 9.57 9.55 9.60 8.73 -9999 7.09 7.58 7.46 7.99 9.10 -9999 -9999 -9999 -9999 10.48 -9999 -9999 -9999 -9999 -9999 -9999 -9999 -9999 -9999 -9999 -9999 -9999 -9999 -9999 -9999 -9999 -9999 -9999 -9999 -9999
-9999 -9999 12.29 10.74 9.85 8.63 7.42 7.17 6.98 6.24 6.30 7.23 10.56 11.47 7.72 6.97 9.27 7.13 8.27 6.28 6.19 8.78 8.08 8.14 8.59 8.90 -9999 -9999 -9999 -9999 -9999 8.92 9.70 8.88 7.33 7.17 6.76 6.25 6.37 6.50 7.32 8.92 -9999 -9999 -9999 -9999 -9999 10.24 9.86 8.42 6.99 6.67 8.77 9.38 -9999 -9999 -9999 -9999 -9999 -9999 -9999 -9999 -9999 -9999 -9999 -9999 -9999 -9999 -9999 -9999 -9999 -9999 -9999 -9999 -9999 -9999 -9999 -9999 -9999
-9999 8.93 9.33 10.19 10.07 8.68 8.30 7.79 6.29 7.05 7.37 9.11 10.80 11.60 10.30 9.34 7.92 8.88 7.33 7.57 7.49 9.54 9.75 -9999 -9999 -9999 -9999 -9999 -9999 -9999 -9999 -9999 9.32 9.31 8.10 8.94 9.70 9.88 8.09 9.77 10.02 11.06 -9999 -9999 -9999 -9999 -9999 -9999 -9999 8.53 8.37 7.22 8.20 -9999 -9999 -9999 -9999 -9999 -9999 -9999 -9999 -9999 -9999 -9999 -9999 -9999 -9999 -9999 -9999 -9999 -9999 -9999 -9999 -9999 -9999 -9999 -9999 -9999 -9999
9.92 8.26 8.56 9.68 10.71 10.55 8.94 7.25 7.02 7.75 7.95 8.93 10.98 9.40 9.27 9.16 10.09 5.70 7.52 10.49 9.08 -9999 -9999 -9999 -9999 -9999 -9999 -9999 -9999 -9999 -9999 -9999 -9999 -9999 10.09 -9999 -9999 -9999 -9999 9.33 11.45 12.22 -9999 -9999 -9999 -9999 -9999 -9999 -9999 -9999 9.14 10.55 9.56 -9999 -9999 -9999 -9999 -9999 -9999 -9999 -9999 -9999 -9999 -9999 -9999 -9999 -9999 -9999 -9999 -9999 -9999 -9999 -9999 -9999 -9999 -9999 -9999 -9999 -9999
8.28 7.05 8.24 9.87 10.20 10.56 9.39 8.31 8.95 6.86 6.24 7.73 10.19 9.89 8.23 7.30 8.67 6.45 6.35 8.15 -9999 -9999 -9999 -9999 -9999 -9999 -9999 -9999 -9999 -9999 -9999 -9999 -9999 -9999 11.45 -9999 -9999 -9999 -9999 -9999 -9999 -9999 -9999 -9999 -9999 -9999 -9999 -9999 -9999 -9999 -9999 -9999 -9999 -9999 -9999 -9999 -9999 -9999 -9999 -9999 -9999 -9999 -9999 -9999 -9999 -9999 -9999 -9999 -9999 -9999 -9999 -9999 -9999 -9999 -9999 -9999 -9999 -9999 -9999
8.36 6.96 8.28 8.95 9.01 9.43 8.80 8.36 9.18 6.43 6.25 7.40 9.28 12.24 12.23 6.95 7.00 6.52 7.53 10.24 -9999 -9999 -9999 -9999 -9999 -9999 -9999 -9999 -9999 -9999 -9999 -9999 -9999 -9999 -9999 -9999 -9999 -9999 -9999 -9999 -9999 -9999 -9999 -9999 -9999 -9999 -9999 -9999 -9999 -9999 -9999 -9999 -9999 -9999 -9999 -9999 -9999 -9999 -9999 -9999 -9999 -9999 -9999 -9999 -9999 -9999 -9999 -9999 -9999 -9999 -9999 -9999 -9999 -9999 -9999 -9999 -9999 -9999 -9999
9.61 8.76 9.05 8.80 9.37 8.73 8.33 7.98 7.02 7.11 6.68 6.71 9.09 10.74 10.14 8.21 6.20 6.24 9.16 9.23 -9999 -9999 -9999 -9999 -9999 -9999 -9999 -9999 -9999 -9999 -9999 -9999 -9999 -9999 -9999 -9999 -9999 -9999 -9999 -9999 -9999 -9999 -9999 -9999 -9999 -9999 -9999 -9999 -9999 -9999 -9999 -9999 -9999 -9999 -9999 -9999 -9999 -9999 -9999 -9999 -9999 -9999 -9999 -9999 -9999 -9999 -9999 -9999 -9999 -9999 -9999 -9999 -9999 -9999 -9999 -9999 -9999 -9999 -9999
10.66 10.14 10.19 8.97 9.40 8.98 10.76 9.89 8.49 8.01 8.40 7.14 7.61 8.49 8.08 7.00 6.57 7.24 8.62 9.62 -9999 -9999 -9999 -9999 -9999 -9999 -9999 -9999 -9999 -9999 -9999 -9999 -9999 -9999 -9999 -9999 -9999 -9999 -9999 -9999 -9999 -9999 -9999 -9999 -9999 -9999 -9999 -9999 -9999 -9999 -9999 -9999 -9999 -9999 -9999 -9999 -9999 -9999 -9999 -9999 -9999 -9999 -9999 -9999 -9999 -9999 -9999 -9999 -9999 -9999 -9999 -9999 -9999 -9999 -9999 -9999 -9999 -9999 -9999
9.26 9.85 9.62 10.61 11.99 11.66 10.31 10.34 10.26 10.06 8.97 9.23 8.43 7.52 7.27 7.64 8.22 8.78 9.03 10.46 -9999 -9999 -9999 -9999 -9999 -9999 -9999 -9999 -9999 -9999 -9999 -9999 -9999 -9999 -9999 -9999 -9999 -9999 -9999 -9999 -9999 -9999 -9999 -9999 -9999 -9999 -9999 -9999 -9999 -9999 -9999 -9999 -9999 -9999 -9999 -9999 -9999 -9999 -9999 -9999 -9999 -9999 -9999 -9999 -9999 -9999 -9999 -9999 -9999 -9999 -9999 -9999 -9999 -9999 -9999 -9999 -9999 -9999 -9999
10.24 11.03 -9999 -9999 -9999 -9999 -9999 -9999 -9999 -9999 -9999 10.54 10.82 9.38 8.31 7.28 8.17 9.21 9.56 -9999 -9999 -9999 -9999 -9999 -9999 -9999 -9999 -9999 -9999 -9999 -9999 -9999 -9999 -9999 -9999 -9999 -9999 -9999 -9999 -9999 -9999 -9999 -9999 -9999 -9999 -9999 -9999 -9999 -9999 -9999 -9999 -9999 -9999 -9999 -9999 -9999 -9999 -9999 -9999 -9999 -9999 -9999 -9999 -9999 -9999 -9999 -9999 -9999 -9999 -9999 -9999 -9999 -9999 -9999 -9999 -9999 -9999 -9999 -9999
11.33 12.31 -9999 -9999 -9999 -9999 -9999 -9999 -9999 -9999 -9999 -9999 -9999 -9999 9.42 8.40 8.59 9.42 -9999 -9999 -9999 -9999 -9999 -9999 -9999 -9999 -9999 -9999 -9999 -9999 -9999 -9999 -9999 -9999 -9999 -9999 -9999 -9999 -9999 -9999 -9999 -9999 -9999 -9999 -9999 -9999 -9999 -9999 -9999 -9999 -9999 -9999 -9999 -9999 -9999 -9999 -9999 -9999 -9999 -9999 -9999 -9999 -9999 -9999 -9999 -9999 -9999 -9999 -9999 -9999 -9999 -9999 -9999 -9999 -9999 -9999 -9999 -9999 -9999
-9999 -9999 -9999 -9999 -9999 -9999 -9999 -9999 -9999 -9999 -9999 -9999 -9999 -9999 10.96 11.58 12.07 11.83 -9999 -9999 -9999 -9999 -9999 -9999 -9999 -9999 -9999 -9999 -9999 -9999 -9999 -9999 -9999 -9999 -9999 -9999 -9999 -9999 -9999 -9999 -9999 -9999 -9999 -9999 -9999 -9999 -9999 -9999 -9999 -9999 -9999 -9999 -9999 -9999 -9999 -9999 -9999 -9999 -9999 -9999 -9999 -9999 -9999 -9999 -9999 -9999 -9999 -9999 -9999 -9999 -9999 -9999 -9999 -9999 -9999 -9999 -9999 -9999 -9999
-9999 -9999 -9999 -9999 -9999 -9999 -9999 -9999 -9999 -9999 -9999 -9999 -9999 -9999 -9999 -9999 -9999 -9999 -9999 -9999 -9999 -9999 -9999 -9999 -9999 -9999 -9999 -9999 -9999 -9999 -9999 -9999 -9999 -9999 -9999 -9999 -9999 -9999 -9999 -9999 -9999 -9999 -9999 -9999 -9999 -9999 -9999 -9999 -9999 -9999 -9999 -9999 -9999 -9999 -9999 -9999 -9999 -9999 -9999 -9999 -9999 -9999 -9999 -9999 -9999 -9999 -9999 -9999 -9999 -9999 -9999 -9999 -9999 -9999 -9999 -9999 -9999 -9999 -9999
-9999 -9999 -9999 -9999 -9999 -9999 -9999 -9999 -9999 -9999 -9999 -9999 -9999 -9999 -9999 -9999 -9999 -9999 -9999 -9999 -9999 -9999 -9999 -9999 -9999 -9999 -9999 -9999 -9999 -9999 -9999 -9999 -9999 -9999 -9999 -9999 -9999 -9999 -9999 -9999 -9999 -9999 -9999 -9999 -9999 -9999 -9999 -9999 -9999 -9999 -9999 -9999 -9999 -9999 -9999 -9999 -9999 -9999 -9999 -9999 -9999 -9999 -9999 -9999 -9999 -9999 -9999 -9999 -9999 -9999 -9999 -9999 -9999 -9999 -9999 -9999 -9999 -9999 -9999
