ML/MeanWindSpeed_1999-05_Actual.txt
ncols         180
nrows         290
xllcorner     -200000
yllcorner     -200000
cellsize      5000
NODATA_value  -9999
[rows 175 to 209 of 290, columns 78 to 155 of 180]
-9999 -9999 -9999 -9999 -9999 -9999 -9999 -9999 13.23 12.70 12.00 11.33 10.60 8.25 7.08 12.52 17.94 9.36 11.73 11.37 10.76 9.12 6.77 7.12 9.18 10.48 8.38 6.57 6.92 7.65 7.03 7.33 8.60 8.08 7.79 7.42 7.41 7.32 6.84 6.36 6.30 10.80 11.69 10.31 10.66 8.64 8.28 9.71 9.42 7.55 7.18 8.22 7.73 7.23 7.75 7.47 8.41 7.93 7.78 7.58 7.60 8.80 7.96 7.81 7.89 7.82 8.38 8.98 9.16 9.45 9.83 8.86 10.12 11.63 -9999 -9999 -9999 -9999
-9999 -9999 -9999 -9999 -9999 -9999 -9999 -9999 -9999 14.10 12.00 10.29 8.21 6.61 8.50 20.96 15.31 7.95 12.41 8.56 11.20 10.99 7.63 6.10 11.64 9.30 9.17 7.82 6.72 6.87 6.82 6.37 7.58 8.18 7.98 7.63 7.24 7.28 6.76 6.15 7.67 9.28 12.44 10.69 11.51 10.37 6.72 8.91 10.36 7.63 7.52 8.09 7.46 7.29 7.50 7.53 8.52 7.89 7.73 7.93 7.91 8.74 8.59 8.12 8.00 7.94 8.20 8.97 10.14 9.36 8.87 8.91 9.95 11.50 -9999 -9999 -9999 -9999
-9999 -9999 -9999 -9999 -9999 -9999 -9999 -9999 -9999 -9999 11.61 8.96 8.21 9.21 18.26 21.78 15.96 11.46 10.87 11.14 12.11 12.40 11.54 7.82 7.35 11.60 8.88 7.87 7.46 6.77 6.64 6.79 7.25 7.83 7.54 7.17 7.25 7.08 6.75 6.88 7.76 10.08 11.21 9.23 9.54 10.71 8.67 6.77 10.24 7.65 7.46 7.98 7.29 7.25 7.25 7.86 8.54 8.01 7.87 7.93 7.71 9.12 8.68 8.28 8.19 8.19 8.60 8.84 9.10 8.91 8.91 9.13 10.38 11.76 -9999 -9999 -9999 -9999
-9999 -9999 -9999 -9999 -9999 -9999 -9999 -9999 -9999 -9999 10.41 8.85 10.42 12.85 15.85 20.09 13.32 8.91 10.47 12.38 12.46 13.42 11.78 8.32 6.18 11.71 11.00 8.81 8.18 6.69 6.45 6.87 7.99 7.94 7.65 7.36 6.81 6.46 6.80 8.53 8.49 7.53 11.72 9.41 9.78 11.07 10.54 8.85 8.18 7.27 6.17 7.44 7.98 7.14 7.18 7.29 7.95 7.79 8.11 7.94 7.80 8.38 8.98 8.62 8.61 8.49 8.65 8.79 8.86 8.93 9.35 10.11 11.25 -9999 -9999 -9999 -9999 -9999
-9999 -9999 -9999 -9999 -9999 -9999 -9999 -9999 -9999 -9999 9.31 9.38 11.11 11.76 16.78 16.04 12.19 11.49 9.48 10.74 13.01 12.01 13.78 10.39 6.64 10.80 11.76 11.07 8.27 7.16 6.34 7.24 8.48 8.39 7.68 7.12 6.65 6.85 8.05 8.55 7.32 7.31 10.22 9.96 9.59 9.54 8.77 8.73 9.27 6.29 6.83 7.18 6.92 7.24 7.00 7.90 7.41 7.71 7.97 7.88 8.07 9.80 9.25 8.79 8.61 8.65 8.71 8.82 8.98 9.26 10.16 11.29 -9999 -9999 -9999 -9999 -9999 -9999
-9999 -9999 -9999 -9999 -9999 -9999 -9999 -9999 -9999 10.56 16.38 11.16 12.82 14.56 11.42 19.19 16.27 13.92 12.27 14.72 12.35 12.81 11.10 8.48 8.84 12.67 11.93 11.31 8.45 7.09 6.37 7.89 8.36 8.04 7.62 6.90 6.76 7.99 7.83 7.64 8.46 9.13 7.88 11.64 10.69 8.40 8.93 8.14 7.31 6.97 6.18 6.31 6.55 7.38 6.99 6.70 8.08 7.62 7.80 7.99 8.38 9.84 9.22 8.77 8.75 8.62 8.76 8.82 9.06 9.97 11.14 -9999 -9999 -9999 -9999 -9999 -9999 -9999
-9999 -9999 -9999 -9999 -9999 -9999 -9999 11.26 10.93 14.03 12.65 11.39 12.41 13.41 9.62 10.53 12.19 14.39 13.59 14.98 13.76 13.41 8.20 9.69 9.60 8.29 9.44 8.86 8.88 7.70 7.01 8.06 8.54 8.33 7.51 7.34 8.23 7.79 8.25 7.59 8.86 9.40 9.39 8.72 7.89 9.06 8.67 8.01 7.60 7.27 6.93 5.99 6.78 6.63 6.15 6.53 7.13 7.47 7.79 7.76 8.43 9.77 9.14 8.58 8.66 8.55 8.69 8.87 9.46 10.54 -9999 -9999 -9999 -9999 -9999 11.72 11.39 10.98
-9999 -9999 -9999 -9999 -9999 -9999 11.62 11.52 11.67 12.25 12.18 12.21 11.40 9.28 7.94 9.41 11.15 13.16 18.60 11.94 9.75 8.68 6.02 11.45 12.99 13.02 10.75 9.31 9.05 8.46 7.97 8.37 8.95 8.39 7.84 7.72 8.32 8.71 7.55 7.46 9.07 9.28 8.92 8.52 8.46 8.54 7.65 7.87 6.80 6.62 7.02 6.50 6.06 5.70 6.07 6.95 6.96 7.25 7.57 7.81 8.38 9.95 9.39 8.65 8.47 8.45 8.67 8.95 9.54 10.43 -9999 -9999 -9999 -9999 -9999 10.66 10.05 9.78
-9999 -9999 -9999 -9999 -9999 11.99 12.81 12.34 12.49 -9999 -9999 -9999 -9999 8.66 12.98 11.41 11.90 14.39 12.15 9.61 11.39 10.21 8.91 17.01 15.52 13.43 13.78 10.76 8.59 8.72 8.68 8.34 8.50 8.35 7.84 8.22 7.92 9.03 7.83 7.63 8.20 8.71 8.80 8.58 7.69 7.68 7.55 7.34 6.73 6.41 6.10 5.89 5.75 6.01 6.65 6.71 6.81 7.57 8.24 8.51 8.72 9.59 9.37 9.08 8.42 8.42 8.60 8.84 9.24 9.98 11.12 -9999 -9999 -9999 -9999 9.81 9.24 9.07
-9999 -9999 -9999 -9999 -9999 13.29 14.74 12.37 12.77 -9999 -9999 -9999 -9999 8.40 11.47 13.01 9.15 13.36 12.20 10.75 12.93 14.48 12.20 16.23 11.06 11.94 11.80 10.23 8.70 8.57 8.70 8.51 8.71 9.07 8.10 8.52 8.33 8.42 8.73 7.83 8.10 7.53 8.09 8.75 9.03 8.92 7.47 6.86 6.55 6.34 6.57 5.94 6.05 6.58 6.97 7.67 7.29 9.07 9.38 9.74 9.20 9.61 9.41 9.05 8.34 8.42 8.56 8.72 8.98 9.27 10.04 10.72 -9999 -9999 10.26 9.59 9.26 9.40
-9999 -9999 -9999 -9999 -9999 -9999 -9999 -9999 -9999 -9999 -9999 -9999 -9999 9.36 13.74 12.09 8.46 10.59 9.29 14.29 13.73 10.48 13.85 13.92 12.47 12.70 10.84 9.45 8.21 8.90 8.65 8.89 8.66 8.28 8.10 7.97 7.87 8.09 8.45 7.82 7.66 7.82 7.95 7.67 8.36 8.44 6.66 7.59 8.27 7.19 7.06 6.61 5.87 6.84 7.87 8.78 8.67 8.58 9.29 10.11 9.76 10.02 9.54 9.13 8.26 8.33 8.48 8.66 8.81 8.80 9.07 9.54 10.05 10.01 9.33 9.11 8.53 9.29
-9999 -9999 -9999 -9999 -9999 -9999 -9999 -9999 -9999 -9999 -9999 -9999 -9999 -9999 13.85 7.19 6.93 10.48 14.12 13.06 14.63 14.26 11.03 12.02 12.97 9.92 9.46 8.33 7.96 8.08 8.46 8.58 8.60 8.31 7.86 7.63 7.90 7.84 8.24 7.83 7.41 9.21 8.64 7.66 7.54 7.38 7.20 6.96 7.77 7.85 7.41 8.32 6.95 6.96 7.79 7.62 8.15 8.63 8.88 10.13 10.14 9.82 9.14 9.03 8.20 8.25 8.34 8.46 8.63 8.76 8.86 8.83 8.97 8.89 8.64 8.38 8.48 9.39
-9999 -9999 -9999 -9999 -9999 -9999 -9999 -9999 -9999 -9999 -9999 -9999 -9999 -9999 9.90 13.46 14.04 12.55 11.45 10.99 13.15 11.30 11.20 9.88 9.33 10.80 8.49 7.95 9.18 8.62 8.44 8.31 7.71 7.57 7.94 7.80 8.75 8.70 8.37 7.69 7.14 8.88 9.63 8.49 7.55 7.15 7.24 7.18 7.16 7.33 7.98 9.93 8.78 7.35 7.19 7.60 8.65 9.83 10.09 9.89 10.37 9.81 8.97 8.44 8.10 8.15 8.21 8.39 8.52 8.63 8.70 8.70 8.62 8.51 8.55 8.42 8.29 9.09
-9999 -9999 -9999 -9999 -9999 -9999 -9999 -9999 -9999 -9999 -9999 -9999 -9999 11.09 11.06 9.43 16.19 11.33 9.47 11.52 11.62 10.54 12.85 10.01 9.54 11.08 7.72 12.62 9.63 7.91 8.10 9.16 7.70 7.29 9.69 9.58 8.91 7.94 8.21 7.93 7.49 8.29 8.81 8.40 7.67 7.34 7.15 7.20 7.55 7.42 8.51 8.58 8.03 7.48 7.25 7.92 8.96 10.10 10.28 9.61 9.71 9.20 8.66 8.31 8.07 8.06 8.17 8.31 8.41 8.44 8.51 8.53 8.33 8.27 8.71 8.65 8.40 8.74
-9999 -9999 -9999 -9999 -9999 -9999 -9999 -9999 -9999 -9999 -9999 -9999 -9999 10.05 11.42 16.25 10.84 6.91 8.32 8.52 10.53 13.06 12.76 10.39 9.97 9.63 7.68 8.23 8.97 9.98 9.71 8.15 8.04 7.91 8.48 9.18 8.10 7.81 8.29 8.05 8.28 8.75 8.48 8.52 8.02 7.52 7.29 7.10 7.18 7.44 8.34 8.76 8.12 7.03 7.31 8.55 9.93 9.69 10.31 10.14 9.38 8.57 9.02 8.25 8.33 8.11 8.18 8.17 8.25 8.30 8.28 8.26 8.18 8.14 8.87 8.69 8.28 8.48
-9999 -9999 -9999 -9999 -9999 -9999 -9999 -9999 -9999 -9999 -9999 -9999 -9999 11.23 13.26 7.76 8.66 7.19 8.21 8.86 13.68 12.43 13.56 10.89 9.86 8.03 6.52 7.25 10.07 11.77 12.76 8.57 9.70 8.58 9.00 9.07 7.62 7.61 7.91 8.21 8.48 8.05 8.20 9.26 8.42 7.38 7.24 8.16 7.02 7.55 8.02 7.97 7.42 7.05 7.65 8.44 9.13 9.45 9.41 8.67 8.47 8.77 8.87 7.93 7.84 8.05 8.07 8.10 8.06 7.99 8.06 8.06 8.06 8.09 8.37 8.24 8.34 8.27
-9999 -9999 -9999 -9999 -9999 -9999 -9999 -9999 -9999 -9999 -9999 -9999 -9999 -9999 7.94 9.01 10.20 11.75 12.68 11.39 12.26 10.93 8.46 7.99 7.21 7.87 7.80 7.21 8.59 9.47 12.22 9.98 8.79 8.43 9.83 9.55 7.60 8.23 7.47 7.75 9.66 8.21 8.09 8.07 8.08 7.07 6.88 8.31 7.85 7.43 7.97 7.61 7.30 7.56 8.39 8.32 8.49 8.25 8.76 8.08 8.97 8.94 8.07 7.83 8.24 8.12 7.83 7.80 7.76 7.79 7.86 7.88 7.91 7.90 7.93 7.94 8.07 7.99
-9999 -9999 -9999 -9999 -9999 -9999 -9999 -9999 -9999 -9999 -9999 -9999 -9999 -9999 8.65 9.36 10.28 12.23 14.84 14.07 11.04 8.65 7.25 8.33 9.89 11.46 13.01 10.37 8.87 9.81 10.81 9.78 7.89 10.56 9.91 9.62 8.23 8.91 7.87 7.57 8.21 9.31 8.96 8.43 7.93 7.17 6.89 8.03 7.86 7.55 7.63 7.91 7.99 8.22 8.72 8.20 8.02 9.01 9.04 8.96 8.73 8.85 7.97 8.19 8.60 7.75 7.56 7.56 7.55 7.66 7.68 7.68 7.72 7.72 7.72 7.60 7.42 7.22
-9999 -9999 -9999 -9999 -9999 -9999 -9999 -9999 -9999 -9999 -9999 -9999 -9999 9.51 7.61 8.60 11.12 12.42 11.94 11.53 9.20 9.63 13.35 10.90 11.16 11.28 9.83 9.16 9.95 10.71 9.41 8.24 8.76 10.52 10.43 9.67 8.18 9.12 7.58 7.48 8.90 8.43 8.72 8.79 8.19 7.76 7.37 8.25 8.10 7.38 7.61 7.60 7.48 8.18 7.95 8.85 8.35 8.94 8.34 8.63 8.76 7.92 7.63 8.35 8.27 7.40 7.32 7.60 7.44 7.57 7.59 7.67 7.64 7.53 7.44 7.15 7.32 7.49
-9999 -9999 -9999 -9999 -9999 -9999 -9999 -9999 -9999 -9999 -9999 -9999 -9999 11.37 9.39 8.57 8.68 10.78 14.03 13.08 11.29 9.67 10.42 11.87 13.05 13.10 9.93 11.81 12.59 9.33 11.22 7.60 8.30 10.31 11.89 8.84 9.01 7.93 7.11 7.20 8.04 10.49 9.13 9.03 8.55 8.16 8.05 8.29 7.94 7.40 7.52 7.45 7.31 7.28 8.44 8.85 8.78 9.32 8.45 8.06 7.96 7.46 7.66 8.10 7.87 7.41 7.71 7.60 7.85 7.55 7.57 7.75 7.75 7.43 7.18 6.85 6.73 7.37
-9999 -9999 -9999 -9999 -9999 -9999 -9999 -9999 -9999 -9999 -9999 -9999 -9999 10.02 9.05 6.30 7.44 10.18 13.96 12.10 11.84 9.69 11.74 11.33 10.21 10.88 11.52 11.53 10.12 8.95 9.50 11.48 8.53 8.91 8.95 8.84 9.97 8.67 7.27 7.30 8.10 8.64 8.47 9.20 8.78 8.37 8.44 7.88 7.27 7.57 7.70 7.74 7.19 7.74 8.93 8.93 8.14 8.31 8.92 7.93 7.97 7.02 7.71 7.90 7.30 7.24 7.47 7.11 7.34 7.32 7.44 7.52 7.39 7.20 7.03 6.75 6.92 6.50
-9999 -9999 -9999 -9999 -9999 -9999 -9999 -9999 -9999 -9999 -9999 -9999 9.33 10.32 11.73 8.84 6.99 10.54 11.94 13.48 13.04 8.81 9.43 8.52 9.88 11.50 10.13 10.19 11.77 10.34 9.75 9.29 8.42 8.01 8.22 8.92 8.89 8.47 8.03 7.52 7.55 8.37 8.62 8.06 8.39 8.13 8.57 7.80 7.50 7.49 7.07 6.92 7.19 8.24 8.34 8.44 7.77 8.42 8.40 7.82 7.00 7.57 7.60 7.68 7.81 7.50 7.23 7.21 7.15 7.29 7.40 7.31 7.15 6.90 6.68 6.66 6.90 6.85
-9999 -9999 -9999 -9999 -9999 -9999 -9999 -9999 -9999 -9999 -9999 10.24 10.25 11.03 8.99 6.90 9.34 12.27 12.87 11.12 12.49 9.04 10.11 8.57 8.49 14.39 10.74 11.56 9.95 9.95 8.68 8.29 8.36 9.31 8.54 10.15 8.83 8.96 7.64 7.40 7.56 8.03 8.36 8.00 8.10 8.36 8.35 7.09 7.39 7.21 7.21 7.32 7.67 8.29 7.81 8.44 7.88 8.04 7.25 6.95 7.74 7.98 7.60 7.75 7.57 6.85 7.27 7.42 7.50 7.53 7.31 7.04 6.72 6.75 6.64 7.12 7.33 7.51
-9999 -9999 -9999 -9999 -9999 -9999 -9999 -9999 -9999 11.39 10.15 9.22 8.08 7.77 7.63 7.41 9.98 11.21 12.44 13.62 11.80 9.40 6.34 8.78 8.89 13.07 11.17 10.56 10.64 9.29 8.75 7.62 8.35 9.99 9.53 9.72 8.00 8.04 7.71 7.67 8.13 7.98 8.36 7.74 7.83 7.99 7.27 6.94 7.08 7.63 7.36 8.07 8.71 8.41 8.00 7.55 7.23 7.79 8.07 7.66 7.77 6.99 7.69 7.79 7.16 6.51 6.67 7.57 7.59 7.68 7.00 6.70 6.38 6.55 7.39 7.73 7.57 8.25
-9999 -9999 -9999 -9999 -9999 11.38 10.39 9.04 11.56 11.56 11.75 11.74 9.45 8.37 7.38 11.22 9.73 11.55 11.70 11.26 8.35 6.84 5.07 6.89 7.85 14.48 13.35 11.19 9.29 9.55 8.90 10.03 7.82 9.51 9.86 9.53 8.77 7.88 7.42 8.19 7.70 7.32 8.50 7.60 7.42 6.99 7.12 7.37 7.70 7.02 7.73 7.48 7.91 8.71 8.49 8.13 7.79 8.17 8.06 7.63 7.27 7.86 7.04 6.92 6.70 6.43 7.19 7.60 7.75 7.19 6.61 6.53 6.63 7.60 7.84 7.59 8.29 7.65
-9999 -9999 -9999 -9999 12.20 10.12 10.41 9.59 9.11 10.85 10.58 10.77 8.64 7.17 9.79 10.37 10.67 7.77 12.03 8.36 6.03 9.98 7.33 5.32 12.57 12.01 11.05 7.59 7.66 8.40 11.08 8.55 8.09 8.22 8.31 9.67 9.27 8.95 7.77 7.92 7.36 7.27 8.06 7.50 6.95 6.89 7.12 7.51 7.33 8.92 7.41 7.29 7.76 8.41 7.85 7.72 7.31 7.43 7.73 7.48 7.96 7.33 6.80 6.87 7.01 6.61 7.00 7.19 6.78 6.57 6.40 6.44 6.68 7.27 8.18 8.28 8.40 8.08
-9999 -9999 -9999 11.81 11.42 8.92 8.57 8.69 9.64 9.47 9.93 8.93 9.21 12.52 9.87 8.78 11.26 5.85 7.65 7.12 9.60 9.10 10.10 8.99 9.74 8.98 6.70 10.93 10.89 8.16 8.71 8.23 7.91 8.45 7.85 8.07 9.55 9.62 7.49 7.14 7.22 7.57 6.98 6.31 6.54 8.77 7.12 6.91 7.51 8.28 7.73 7.35 7.88 8.33 8.25 8.60 7.99 7.27 7.06 6.94 7.66 7.21 6.68 7.38 7.24 6.76 6.90 6.81 6.53 6.62 6.63 6.67 7.02 7.38 8.31 7.92 7.85 8.09
12.39 10.49 11.73 9.51 9.50 10.12 9.21 8.89 10.85 9.91 9.83 9.79 12.07 11.36 9.68 10.44 9.14 6.35 5.86 8.67 9.04 7.97 8.73 10.63 7.92 5.44 10.20 11.93 10.02 10.33 8.39 8.56 7.76 8.23 9.79 8.19 10.21 8.56 7.33 6.91 7.16 8.23 5.91 6.17 9.65 7.59 7.06 7.04 7.70 8.65 7.52 7.51 7.87 7.65 8.07 7.99 7.43 7.04 7.17 6.77 7.11 7.34 7.20 6.84 6.54 6.34 6.28 6.66 7.75 7.14 7.84 7.29 6.60 7.95 8.16 8.47 8.23 8.02
9.56 9.01 11.41 14.18 13.31 12.73 9.82 10.88 12.50 11.41 11.04 12.86 11.41 10.74 12.26 8.89 5.83 5.63 5.89 8.38 8.55 8.35 8.04 7.39 5.63 7.68 16.36 13.48 10.57 8.39 8.89 8.47 9.70 8.44 8.90 8.10 8.29 8.15 7.73 6.98 6.68 6.34 5.52 8.62 9.44 8.73 7.39 7.03 9.45 8.38 7.60 7.71 7.46 8.10 7.98 7.60 6.78 7.55 7.08 6.50 7.96 7.74 6.71 6.58 6.45 6.21 6.62 7.47 7.78 7.54 7.91 7.24 6.95 7.91 8.37 8.13 8.39 8.20
9.18 9.53 10.87 11.47 11.01 9.90 11.54 10.65 12.46 9.73 10.81 12.96 12.24 10.36 10.37 6.42 4.89 7.50 8.51 7.75 6.69 8.53 6.07 5.03 4.50 9.55 13.95 15.09 9.01 9.32 9.56 9.86 8.98 7.78 9.03 8.45 8.44 7.84 7.69 6.23 5.69 6.48 6.33 8.88 9.06 8.39 7.08 7.78 9.32 8.82 8.27 7.77 7.98 7.87 7.42 6.95 6.77 7.12 7.40 7.02 6.92 6.84 6.55 7.51 7.98 6.64 6.90 7.64 7.91 7.41 7.68 7.45 7.35 7.63 7.98 8.38 8.24 8.18
10.39 9.76 10.66 10.57 11.04 10.52 10.72 11.92 10.99 11.55 10.29 10.04 9.62 8.55 7.19 7.95 6.14 9.36 14.82 7.33 7.32 8.10 12.29 11.87 5.08 5.78 15.98 12.71 10.42 10.71 11.66 9.87 7.82 7.03 9.24 9.58 8.37 7.54 6.87 5.83 5.41 6.62 9.00 9.64 8.78 8.21 7.64 7.54 7.70 8.58 7.89 7.70 7.52 7.14 6.73 6.55 7.20 7.01 6.85 6.79 6.10 6.38 7.17 7.16 7.80 7.21 7.21 7.28 7.42 7.70 7.67 7.46 7.38 7.57 7.77 7.86 8.25 8.12
9.89 9.47 10.48 9.79 10.36 10.62 10.88 10.25 10.29 10.91 10.01 11.09 9.65 10.72 7.06 8.97 10.49 10.65 11.71 11.94 9.34 11.27 13.34 9.08 11.03 10.39 7.25 12.00 11.73 8.63 9.07 7.53 8.61 8.37 11.31 10.54 8.19 7.23 6.14 5.55 6.49 9.33 8.46 10.05 8.70 8.29 8.76 7.81 8.86 7.61 7.71 7.30 7.00 6.79 6.84 6.70 6.59 6.23 6.04 5.69 5.97 7.18 8.13 7.78 7.25 7.73 7.20 7.93 7.16 6.95 6.96 6.99 7.14 7.37 7.82 7.57 7.99 7.88
10.43 9.40 9.04 10.35 11.60 13.51 12.69 11.40 10.63 9.84 9.96 12.31 9.61 10.11 7.27 9.07 9.53 8.88 7.88 9.67 8.69 10.97 11.29 12.97 11.03 12.22 11.72 15.53 10.19 8.94 8.29 8.89 8.18 10.58 10.56 10.75 7.51 6.56 5.64 8.65 9.39 9.48 10.08 8.51 8.80 8.85 8.48 7.47 7.45 7.46 7.16 6.93 6.89 6.77 7.14 6.97 6.82 5.92 5.12 5.25 6.34 8.32 7.25 7.77 7.84 7.39 7.16 7.17 6.77 6.70 6.92 6.53 6.98 7.21 7.38 7.63 7.77 7.30
10.85 9.75 9.33 9.65 11.43 12.08 12.94 12.14 11.39 10.63 10.09 10.57 12.38 8.74 12.02 11.25 11.21 12.04 10.29 8.01 8.22 10.04 9.38 11.17 10.70 9.45 13.70 13.71 8.75 9.18 7.09 7.74 9.46 10.44 10.18 9.26 7.12 6.10 7.37 7.13 9.11 9.23 8.72 8.89 8.50 8.05 7.78 6.95 6.62 6.60 6.60 7.97 7.00 7.68 7.03 6.53 5.32 4.51 4.50 5.68 7.58 7.92 7.80 7.95 7.68 7.26 7.29 7.58 7.67 6.30 6.89 7.50 6.95 6.88 7.37 6.81 7.15 7.92
10.74 10.27 10.75 11.75 13.15 -9999 -9999 -9999 -9999 11.87 11.58 12.37 10.06 8.78 9.83 9.93 9.30 8.21 4.96 12.93 13.59 9.45 8.54 9.15 10.73 11.69 13.51 10.70 8.85 7.51 6.63 10.51 9.80 11.36 8.74 7.94 6.93 6.55 8.52 7.54 9.36 9.28 8.43 8.38 7.97 7.51 6.93 6.53 6.34 6.37 6.54 7.77 7.36 7.80 7.68 6.63 5.23 4.28 5.49 5.74 7.31 8.19 8.27 7.01 6.92 6.80 7.71 7.98 7.41 6.15 6.74 7.32 7.14 6.84 7.52 7.15 7.09 7.44
