ML/MeanWindSpeed_1995-07_Actual.txt
ncols         180
nrows         290
xllcorner     -200000
yllcorner     -200000
cellsize      5000
NODATA_value  -9999
[rows 210 to 244 of 290, columns 79 to 157 of 180]
9.80 9.03 10.44 10.76 -9999 -9999 -9999 -9999 -9999 -9999 -9999 7.86 7.86 8.41 7.43 7.02 6.79 8.02 9.57 11.33 11.12 9.83 8.77 8.32 7.97 10.15 10.11 7.61 6.76 9.10 9.24 9.96 7.94 7.36 6.95 6.56 7.34 7.71 7.43 7.50 7.31 7.08 6.86 6.54 6.14 5.91 5.78 6.17 5.95 6.16 6.38 6.45 6.38 6.02 6.41 7.15 6.97 6.43 7.15 6.42 5.49 5.21 4.87 5.18 5.96 6.58 6.47 6.00 5.89 6.56 5.92 6.15 6.79 6.46 6.54 6.50 6.04 5.84 6.05
10.11 -9999 -9999 -9999 -9999 -9999 -9999 -9999 -9999 10.79 9.67 9.34 10.23 9.79 8.61 7.52 7.42 7.31 8.94 10.01 9.97 7.71 7.61 9.81 9.42 9.63 8.34 7.53 7.43 9.11 9.17 8.86 7.85 7.55 7.13 6.20 8.19 8.30 7.47 7.44 7.21 7.13 6.96 6.65 6.71 6.30 6.37 6.03 6.09 6.29 6.55 6.47 6.33 5.83 6.76 7.70 6.88 7.05 5.88 6.26 5.65 5.31 6.14 6.11 6.25 6.77 6.38 5.90 5.90 5.85 6.14 6.50 6.19 6.58 6.47 5.95 5.81 6.53 6.19
-9999 -9999 -9999 -9999 -9999 -9999 -9999 -9999 -9999 11.68 11.23 10.06 10.93 11.24 -9999 -9999 8.11 9.52 6.70 7.87 7.82 7.94 8.60 9.81 8.58 8.50 8.90 8.87 9.29 9.44 9.23 8.54 8.04 8.13 6.86 7.02 8.33 7.60 7.29 7.02 7.09 7.45 7.34 6.95 6.69 6.16 6.12 6.39 6.74 6.73 7.23 6.48 5.92 6.39 7.90 6.80 6.87 6.50 5.50 6.30 6.10 6.11 6.20 6.13 6.00 6.10 6.98 6.26 6.15 6.08 6.04 6.09 5.92 5.76 6.59 6.16 6.54 7.13 7.09
-9999 -9999 -9999 -9999 -9999 -9999 -9999 -9999 -9999 -9999 -9999 -9999 -9999 -9999 -9999 -9999 9.46 8.63 8.22 7.64 7.13 7.13 7.63 8.64 8.98 9.55 10.17 10.62 10.87 10.46 -9999 8.80 8.12 7.36 6.75 7.17 8.17 7.61 7.59 7.12 6.70 6.71 7.28 6.70 6.49 6.95 6.92 6.69 7.21 7.82 7.18 6.94 6.60 6.74 7.46 6.66 6.68 6.56 6.10 6.05 6.16 6.54 6.52 6.20 6.05 6.22 6.31 6.24 6.17 6.12 6.08 6.04 6.12 6.25 6.50 6.44 6.67 6.91 -9999
-9999 -9999 -9999 -9999 -9999 -9999 -9999 -9999 -9999 -9999 -9999 -9999 -9999 -9999 -9999 -9999 -9999 9.50 8.49 7.67 7.63 8.04 7.59 8.08 9.34 10.82 -9999 -9999 -9999 -9999 9.91 8.85 8.03 7.04 6.62 7.11 8.08 7.63 7.70 7.13 6.45 6.88 6.74 7.43 6.99 7.92 7.04 7.06 6.86 7.10 7.08 6.77 7.22 6.24 6.54 6.72 6.01 6.16 6.04 6.03 6.18 6.34 6.53 6.50 6.02 5.91 5.86 5.89 5.86 6.67 6.83 6.14 6.18 6.34 6.40 6.55 7.18 7.91 7.77
-9999 -9999 -9999 -9999 -9999 -9999 -9999 -9999 -9999 -9999 -9999 -9999 -9999 -9999 -9999 -9999 -9999 -9999 9.33 9.67 8.77 8.11 8.39 9.04 11.10 -9999 -9999 -9999 -9999 10.63 10.09 9.52 7.30 6.61 6.45 7.78 8.21 7.93 7.42 6.61 6.47 6.39 7.28 8.03 7.38 7.35 6.98 7.10 6.99 6.37 6.67 6.75 6.56 6.48 6.38 6.21 5.83 5.87 6.30 6.60 6.82 6.35 6.44 6.32 5.97 6.11 6.00 6.12 5.90 6.38 6.31 6.18 6.74 6.28 6.61 6.75 7.34 7.00 7.12
-9999 -9999 -9999 -9999 -9999 -9999 -9999 -9999 -9999 -9999 -9999 -9999 -9999 -9999 -9999 -9999 -9999 -9999 -9999 10.06 9.90 9.29 9.33 9.70 12.86 -9999 -9999 -9999 10.76 8.97 8.43 9.16 8.46 7.57 6.64 7.35 6.92 7.78 7.16 6.10 6.69 7.29 7.29 6.99 7.49 7.05 6.83 6.75 6.42 6.32 6.26 6.37 6.68 6.42 5.99 5.83 5.74 5.75 6.29 6.31 6.56 6.50 6.23 6.16 5.89 5.81 5.72 5.90 5.92 6.02 5.80 6.15 6.44 6.67 6.43 5.87 7.04 6.35 6.85
-9999 -9999 -9999 -9999 -9999 -9999 -9999 -9999 -9999 -9999 -9999 -9999 -9999 -9999 -9999 -9999 -9999 -9999 -9999 -9999 -9999 -9999 -9999 -9999 -9999 -9999 -9999 12.66 9.81 8.20 7.90 8.88 7.62 7.68 7.78 7.57 7.51 7.48 6.47 6.15 6.23 6.72 6.59 6.67 6.75 6.82 6.64 6.61 7.55 6.67 6.74 6.39 6.69 6.60 5.98 5.81 5.43 5.70 6.21 5.95 5.82 5.95 6.06 5.82 5.92 5.61 5.76 5.55 6.15 6.41 5.99 5.29 6.94 7.34 6.19 5.42 7.16 6.73 6.54
-9999 -9999 -9999 -9999 -9999 -9999 -9999 -9999 -9999 -9999 -9999 -9999 -9999 -9999 -9999 -9999 -9999 -9999 -9999 -9999 -9999 -9999 -9999 -9999 -9999 -9999 -9999 10.80 9.26 7.89 10.62 9.43 7.39 7.63 7.87 7.91 7.91 6.83 6.53 6.26 6.03 6.58 6.30 6.15 7.12 6.91 7.50 6.67 6.86 7.59 6.73 6.58 6.59 6.22 6.00 5.72 5.50 5.68 5.74 5.84 5.63 5.55 5.62 5.33 5.37 6.25 5.78 6.19 6.48 7.04 6.07 5.37 6.21 6.41 5.45 4.92 5.27 6.20 6.62
-9999 -9999 -9999 -9999 -9999 -9999 -9999 -9999 -9999 -9999 -9999 -9999 -9999 -9999 -9999 -9999 -9999 -9999 -9999 -9999 -9999 -9999 -9999 -9999 -9999 -9999 -9999 10.26 8.05 6.53 7.54 9.50 8.84 8.38 7.76 8.31 7.03 6.58 6.22 7.02 6.91 7.24 6.87 6.53 6.73 6.57 6.71 6.86 6.83 6.32 6.33 6.45 6.52 6.18 5.96 5.75 5.59 5.80 5.69 5.49 5.07 5.21 5.85 6.27 5.79 6.20 5.91 5.85 5.92 6.38 7.38 7.17 5.94 5.80 5.91 5.82 5.48 5.45 5.39
-9999 -9999 -9999 -9999 -9999 -9999 -9999 -9999 -9999 -9999 10.32 10.32 8.84 11.56 11.32 11.62 12.17 13.57 9.41 12.84 10.29 -9999 -9999 -9999 -9999 -9999 -9999 9.53 8.32 7.38 6.21 6.46 7.67 8.67 8.40 7.51 6.81 6.57 6.95 7.59 7.02 6.48 6.32 5.89 6.59 6.74 6.38 6.08 5.95 6.13 5.74 6.13 6.49 6.98 6.38 5.94 6.10 6.00 5.70 5.92 5.05 4.85 5.94 6.67 5.93 5.56 5.76 5.78 5.64 5.54 5.70 5.67 5.46 5.33 5.19 5.10 4.96 5.01 4.87
-9999 -9999 -9999 -9999 -9999 -9999 -9999 -9999 -9999 -9999 10.75 9.90 9.34 7.85 9.32 10.62 10.63 11.50 11.97 10.52 9.84 8.87 9.47 11.23 10.37 9.93 9.08 8.55 7.95 7.45 6.73 5.86 5.91 7.55 7.65 6.96 6.42 8.04 7.11 6.41 6.63 6.78 6.08 5.70 6.58 6.58 6.63 6.34 6.27 5.57 5.61 5.86 5.95 6.13 6.71 6.87 5.83 5.60 5.42 5.18 5.50 4.91 7.29 6.43 6.24 5.88 5.59 5.64 5.55 6.05 5.99 5.17 6.13 5.84 6.12 5.29 5.31 5.02 4.88
-9999 -9999 -9999 -9999 -9999 -9999 -9999 -9999 -9999 10.36 9.13 8.18 7.32 6.46 7.93 9.88 9.89 9.58 9.71 9.91 9.46 8.41 7.92 8.81 9.84 8.41 8.02 7.57 7.52 7.89 6.84 6.42 6.87 6.73 6.48 6.47 7.78 6.71 7.55 7.08 6.58 6.02 6.24 6.03 6.61 6.77 6.43 6.59 5.98 6.13 5.92 5.76 5.69 6.63 7.27 5.99 5.26 5.42 6.84 5.88 5.46 5.55 5.51 5.71 5.91 5.64 5.52 5.83 6.43 5.91 5.22 5.14 6.18 5.81 5.64 5.84 5.70 5.38 5.32
-9999 -9999 -9999 -9999 -9999 -9999 -9999 -9999 -9999 -9999 8.82 7.47 6.74 7.62 7.33 7.85 9.75 9.14 7.98 7.33 9.10 10.40 8.72 7.21 7.63 9.06 7.96 6.90 6.84 6.73 7.05 6.88 6.13 6.07 6.21 6.53 7.00 6.26 7.32 6.73 6.66 6.56 6.60 6.13 6.67 6.90 6.65 5.69 5.79 6.19 5.66 5.29 5.09 5.82 6.79 6.55 5.25 5.52 6.42 6.27 5.77 5.24 5.13 4.91 5.10 6.08 5.90 5.68 5.95 6.48 5.97 5.69 6.14 6.11 5.55 6.03 5.41 5.85 5.23
-9999 -9999 -9999 -9999 -9999 -9999 11.78 -9999 -9999 9.87 8.75 8.80 7.08 8.13 7.12 6.93 7.25 7.80 8.35 7.29 8.55 9.43 7.81 6.81 6.17 6.56 6.62 6.30 6.38 6.57 7.05 6.27 5.92 6.27 7.24 6.34 6.56 5.87 6.54 6.36 6.86 7.35 6.86 6.15 5.98 6.12 5.85 5.54 6.47 5.85 5.37 6.43 5.40 5.54 6.89 7.51 5.43 5.65 5.99 5.89 5.56 5.24 5.17 5.32 5.60 5.91 5.45 5.11 5.00 5.25 5.35 5.43 5.92 5.55 5.55 5.48 5.14 5.11 5.02
-9999 -9999 -9999 -9999 -9999 10.51 11.30 11.18 10.83 8.94 8.28 9.33 8.04 7.22 7.37 6.81 7.67 8.24 8.74 7.63 7.31 7.38 6.48 5.78 5.53 5.89 6.44 6.63 6.21 6.21 6.28 5.85 5.72 6.81 6.87 6.15 6.22 6.27 7.08 6.68 6.74 7.52 6.74 6.49 5.87 6.34 6.06 6.15 5.80 5.56 5.19 5.86 5.78 5.39 6.19 5.99 5.62 5.54 5.40 5.89 5.84 5.61 5.42 5.23 5.10 5.01 5.32 5.49 5.25 4.60 4.80 5.06 5.63 5.92 5.70 4.99 5.56 5.50 5.45
-9999 -9999 -9999 -9999 -9999 9.76 9.77 9.26 9.61 8.87 8.24 7.67 8.82 8.57 7.81 8.35 8.15 8.09 8.90 7.99 7.52 6.70 4.96 5.59 6.91 6.86 6.44 6.11 5.83 6.17 6.48 6.53 6.08 6.85 6.52 6.76 5.98 5.43 6.37 7.14 6.53 6.59 6.38 5.93 6.10 6.59 6.07 5.69 6.16 6.25 5.43 5.59 5.52 5.45 5.97 6.20 6.30 7.15 5.67 5.82 5.32 5.12 5.35 5.44 5.05 4.84 5.13 5.63 5.36 4.90 4.66 5.08 5.11 5.20 5.31 5.48 4.88 5.28 5.92
-9999 -9999 -9999 -9999 -9999 9.89 9.06 8.76 9.10 8.89 8.73 7.89 8.26 8.25 7.39 7.98 7.93 8.35 8.61 8.21 6.13 4.50 3.83 5.30 5.63 6.32 6.91 5.91 6.02 6.22 6.00 6.55 6.08 6.63 6.33 6.31 6.10 5.62 6.57 6.23 6.26 6.20 5.97 5.73 5.94 6.49 6.50 5.83 5.76 5.97 6.47 5.67 5.74 5.56 5.72 5.70 5.77 6.14 5.91 6.48 6.82 4.66 6.84 5.91 4.70 4.77 6.84 6.95 6.72 4.88 4.83 4.95 4.81 4.98 4.80 5.55 6.26 7.79 7.23
-9999 -9999 -9999 -9999 -9999 9.04 8.62 8.55 8.55 8.42 8.40 8.00 7.72 8.37 7.91 7.84 8.13 7.62 7.71 7.57 6.93 4.29 4.24 5.67 5.33 6.22 6.46 5.84 6.20 6.44 5.82 6.04 6.14 6.08 5.89 5.89 6.41 6.97 5.81 6.27 6.17 6.12 5.87 5.71 5.94 6.29 5.91 6.04 5.98 6.31 6.64 6.97 6.50 6.96 6.60 6.20 6.00 5.73 5.45 5.45 5.55 5.13 6.32 6.23 6.57 6.22 6.56 6.95 7.21 5.13 5.17 5.07 5.12 5.28 5.85 6.59 6.84 -9999 -9999
-9999 -9999 -9999 -9999 -9999 8.52 8.15 8.13 8.49 8.91 8.48 8.26 8.07 8.39 9.00 8.58 8.24 7.76 8.07 7.86 7.41 6.38 4.64 4.60 4.60 6.00 5.51 4.70 6.47 6.28 5.57 7.17 6.43 6.76 7.01 6.62 6.57 6.98 6.28 5.82 6.10 6.03 5.60 5.61 5.74 6.05 5.68 6.01 6.74 7.30 7.29 7.31 7.41 7.37 7.43 7.29 6.93 6.37 6.11 6.30 6.58 6.72 6.97 7.11 7.25 -9999 -9999 6.78 6.89 6.50 6.11 5.67 7.41 6.26 -9999 -9999 -9999 -9999 -9999
-9999 -9999 -9999 -9999 10.35 8.77 8.31 7.61 8.15 8.40 9.09 8.52 9.30 9.07 9.17 8.67 8.38 8.22 8.31 8.06 7.75 7.47 6.39 5.74 5.92 5.72 4.93 6.79 7.36 5.67 5.12 5.75 5.85 6.63 6.64 6.01 5.95 5.92 5.88 6.40 6.29 6.35 6.04 5.92 6.20 6.70 6.68 6.64 6.85 7.22 7.54 -9999 -9999 8.06 8.51 8.50 8.10 7.71 7.38 7.45 -9999 -9999 -9999 -9999 -9999 -9999 -9999 -9999 -9999 -9999 6.75 7.11 8.17 7.34 -9999 -9999 -9999 -9999 -9999
-9999 -9999 -9999 10.93 9.89 8.64 8.67 7.72 7.57 7.42 7.26 7.35 10.05 10.68 9.74 9.25 9.15 9.50 8.91 8.29 7.80 7.94 7.46 8.39 8.34 7.76 7.62 8.65 7.03 6.72 6.26 6.57 7.05 6.07 5.43 5.83 5.49 5.73 5.78 6.03 6.09 7.03 7.64 7.59 7.41 7.41 7.63 7.20 -9999 6.70 7.34 7.34 7.65 8.09 -9999 -9999 -9999 -9999 8.44 -9999 -9999 -9999 -9999 -9999 -9999 -9999 -9999 -9999 -9999 -9999 -9999 -9999 -9999 -9999 -9999 -9999 -9999 -9999 -9999
-9999 -9999 10.70 10.43 10.30 9.47 8.28 7.74 7.35 6.22 5.55 6.86 10.96 12.11 9.18 8.91 10.56 8.83 10.07 8.45 8.04 9.84 8.92 8.44 8.27 8.28 -9999 -9999 -9999 -9999 -9999 6.81 7.53 7.11 6.09 5.97 5.83 5.59 5.79 5.94 6.48 7.33 -9999 -9999 -9999 -9999 -9999 7.83 7.88 7.30 6.75 6.84 8.19 8.18 -9999 -9999 -9999 -9999 -9999 -9999 -9999 -9999 -9999 -9999 -9999 -9999 -9999 -9999 -9999 -9999 -9999 -9999 -9999 -9999 -9999 -9999 -9999 -9999 -9999
-9999 7.77 8.22 9.50 9.91 9.27 8.89 8.04 6.65 6.50 5.94 7.67 10.00 11.27 10.61 10.15 9.04 9.67 9.04 9.26 8.95 10.28 10.08 -9999 -9999 -9999 -9999 -9999 -9999 -9999 -9999 -9999 7.15 7.21 6.38 7.05 7.63 7.79 6.51 7.94 8.15 8.70 -9999 -9999 -9999 -9999 -9999 -9999 -9999 7.07 7.36 6.77 7.41 -9999 -9999 -9999 -9999 -9999 -9999 -9999 -9999 -9999 -9999 -9999 -9999 -9999 -9999 -9999 -9999 -9999 -9999 -9999 -9999 -9999 -9999 -9999 -9999 -9999 -9999
9.65 7.55 7.41 8.41 9.71 10.09 9.05 7.55 7.24 7.13 6.52 7.48 9.74 9.21 9.81 9.87 10.32 7.05 9.08 11.29 9.88 -9999 -9999 -9999 -9999 -9999 -9999 -9999 -9999 -9999 -9999 -9999 -9999 -9999 7.82 -9999 -9999 -9999 -9999 7.36 9.09 9.52 -9999 -9999 -9999 -9999 -9999 -9999 -9999 -9999 7.50 8.88 8.07 -9999 -9999 -9999 -9999 -9999 -9999 -9999 -9999 -9999 -9999 -9999 -9999 -9999 -9999 -9999 -9999 -9999 -9999 -9999 -9999 -9999 -9999 -9999 -9999 -9999 -9999
8.90 7.01 7.29 8.22 8.86 9.63 8.91 8.34 8.76 6.47 5.35 6.40 8.81 9.57 8.81 8.24 9.23 7.71 7.96 9.06 -9999 -9999 -9999 -9999 -9999 -9999 -9999 -9999 -9999 -9999 -9999 -9999 -9999 -9999 8.74 -9999 -9999 -9999 -9999 -9999 -9999 -9999 -9999 -9999 -9999 -9999 -9999 -9999 -9999 -9999 -9999 -9999 -9999 -9999 -9999 -9999 -9999 -9999 -9999 -9999 -9999 -9999 -9999 -9999 -9999 -9999 -9999 -9999 -9999 -9999 -9999 -9999 -9999 -9999 -9999 -9999 -9999 -9999 -9999
9.43 7.42 7.70 7.90 8.07 8.71 8.40 8.39 8.94 6.30 5.38 5.67 7.45 11.00 11.67 7.67 7.89 7.90 8.71 10.36 -9999 -9999 -9999 -9999 -9999 -9999 -9999 -9999 -9999 -9999 -9999 -9999 -9999 -9999 -9999 -9999 -9999 -9999 -9999 -9999 -9999 -9999 -9999 -9999 -9999 -9999 -9999 -9999 -9999 -9999 -9999 -9999 -9999 -9999 -9999 -9999 -9999 -9999 -9999 -9999 -9999 -9999 -9999 -9999 -9999 -9999 -9999 -9999 -9999 -9999 -9999 -9999 -9999 -9999 -9999 -9999 -9999 -9999 -9999
10.19 8.90 8.36 8.02 8.58 8.18 8.04 8.12 7.25 7.05 6.20 5.65 7.52 9.55 9.76 8.68 7.42 7.83 9.94 9.51 -9999 -9999 -9999 -9999 -9999 -9999 -9999 -9999 -9999 -9999 -9999 -9999 -9999 -9999 -9999 -9999 -9999 -9999 -9999 -9999 -9999 -9999 -9999 -9999 -9999 -9999 -9999 -9999 -9999 -9999 -9999 -9999 -9999 -9999 -9999 -9999 -9999 -9999 -9999 -9999 -9999 -9999 -9999 -9999 -9999 -9999 -9999 -9999 -9999 -9999 -9999 -9999 -9999 -9999 -9999 -9999 -9999 -9999 -9999
10.69 9.84 9.21 8.14 8.57 8.28 9.79 9.37 8.31 7.91 8.07 6.85 7.02 7.79 7.87 7.61 7.69 8.34 9.13 9.53 -9999 -9999 -9999 -9999 -9999 -9999 -9999 -9999 -9999 -9999 -9999 -9999 -9999 -9999 -9999 -9999 -9999 -9999 -9999 -9999 -9999 -9999 -9999 -9999 -9999 -9999 -9999 -9999 -9999 -9999 -9999 -9999 -9999 -9999 -9999 -9999 -9999 -9999 -9999 -9999 -9999 -9999 -9999 -9999 -9999 -9999 -9999 -9999 -9999 -9999 -9999 -9999 -9999 -9999 -9999 -9999 -9999 -9999 -9999
9.56 9.51 8.79 9.47 10.59 10.36 9.42 9.53 9.52 9.37 8.46 8.62 7.84 6.95 7.00 7.77 8.56 9.06 9.04 9.95 -9999 -9999 -9999 -9999 -9999 -9999 -9999 -9999 -9999 -9999 -9999 -9999 -9999 -9999 -9999 -9999 -9999 -9999 -9999 -9999 -9999 -9999 -9999 -9999 -9999 -9999 -9999 -9999 -9999 -9999 -9999 -9999 -9999 -9999 -9999 -9999 -9999 -9999 -9999 -9999 -9999 -9999 -9999 -9999 -9999 -9999 -9999 -9999 -9999 -9999 -9999 -9999 -9999 -9999 -9999 -9999 -9999 -9999 -9999
9.85 10.14 -9999 -9999 -9999 -9999 -9999 -9999 -9999 -9999 -9999 9.56 9.71 8.58 7.86 7.48 8.48 9.21 9.25 -9999 -9999 -9999 -9999 -9999 -9999 -9999 -9999 -9999 -9999 -9999 -9999 -9999 -9999 -9999 -9999 -9999 -9999 -9999 -9999 -9999 -9999 -9999 -9999 -9999 -9999 -9999 -9999 -9999 -9999 -9999 -9999 -9999 -9999 -9999 -9999 -9999 -9999 -9999 -9999 -9999 -9999 -9999 -9999 -9999 -9999 -9999 -9999 -9999 -9999 -9999 -9999 -9999 -9999 -9999 -9999 -9999 -9999 -9999 -9999
10.23 10.83 -9999 -9999 -9999 -9999 -9999 -9999 -9999 -9999 -9999 -9999 -9999 -9999 8.68 8.19 8.53 8.99 -9999 -9999 -9999 -9999 -9999 -9999 -9999 -9999 -9999 -9999 -9999 -9999 -9999 -9999 -9999 -9999 -9999 -9999 -9999 -9999 -9999 -9999 -9999 -9999 -9999 -9999 -9999 -9999 -9999 -9999 -9999 -9999 -9999 -9999 -9999 -9999 -9999 -9999 -9999 -9999 -9999 -9999 -9999 -9999 -9999 -9999 -9999 -9999 -9999 -9999 -9999 -9999 -9999 -9999 -9999 -9999 -9999 -9999 -9999 -9999 -9999
-9999 -9999 -9999 -9999 -9999 -9999 -9999 -9999 -9999 -9999 -9999 -9999 -9999 -9999 9.73 10.44 10.88 10.61 -9999 -9999 -9999 -9999 -9999 -9999 -9999 -9999 -9999 -9999 -9999 -9999 -9999 -9999 -9999 -9999 -9999 -9999 -9999 -9999 -9999 -9999 -9999 -9999 -9999 -9999 -9999 -9999 -9999 -9999 -9999 -9999 -9999 -9999 -9999 -9999 -9999 -9999 -9999 -9999 -9999 -9999 -9999 -9999 -9999 -9999 -9999 -9999 -9999 -9999 -9999 -9999 -9999 -9999 -9999 -9999 -9999 -9999 -9999 -9999 -9999
-9999 -9999 -9999 -9999 -9999 -9999 -9999 -9999 -9999 -9999 -9999 -9999 -9999 -9999 -9999 -9999 -9999 -9999 -9999 -9999 -9999 -9999 -9999 -9999 -9999 -9999 -9999 -9999 -9999 -9999 -9999 -9999 -9999 -9999 -9999 -9999 -9999 -9999 -9999 -9999 -9999 -9999 -9999 -9999 -9999 -9999 -9999 -9999 -9999 -9999 -9999 -9999 -9999 -9999 -9999 -9999 -9999 -9999 -9999 -9999 -9999 -9999 -9999 -9999 -9999 -9999 -9999 -9999 -9999 -9999 -9999 -9999 -9999 -9999 -9999 -9999 -9999 -9999 -9999
-9999 -9999 -9999 -9999 -9999 -9999 -9999 -9999 -9999 -9999 -9999 -9999 -9999 -9999 -9999 -9999 -9999 -9999 -9999 -9999 -9999 -9999 -9999 -9999 -9999 -9999 -9999 -9999 -9999 -9999 -9999 -9999 -9999 -9999 -9999 -9999 -9999 -9999 -9999 -9999 -9999 -9999 -9999 -9999 -9999 -9999 -9999 -9999 -9999 -9999 -9999 -9999 -9999 -9999 -9999 -9999 -9999 -9999 -9999 -9999 -9999 -9999 -9999 -9999 -9999 -9999 -9999 -9999 -9999 -9999 -9999 -9999 -9999 -9999 -9999 -9999 -9999 -9999 -9999
