ML/MeanWindSpeed_1992-08_Actual.txt
ncols         180
nrows         290
xllcorner     -200000
yllcorner     -200000
cellsize      5000
NODATA_value  -9999
[rows 175 to 209 of 290, columns 78 to 155 of 180]
-9999 -9999 -9999 -9999 -9999 -9999 -9999 -9999 13.62 13.03 12.26 11.19 10.11 7.61 6.01 11.61 18.31 8.12 11.08 10.67 9.66 7.83 5.38 5.65 8.03 10.07 8.04 5.97 6.45 7.45 6.92 7.34 8.95 8.46 8.32 8.16 8.47 8.64 8.45 8.49 8.41 13.21 13.89 11.54 11.67 9.67 9.05 10.37 10.42 8.54 8.27 9.40 8.76 8.32 9.08 8.80 9.92 9.51 9.61 9.59 9.63 10.73 9.53 9.34 9.42 9.24 9.68 10.12 10.23 10.51 10.91 9.60 10.85 12.36 -9999 -9999 -9999 -9999
-9999 -9999 -9999 -9999 -9999 -9999 -9999 -9999 -9999 14.45 12.06 10.10 7.73 6.42 8.18 21.64 14.48 6.09 11.62 7.22 10.31 9.87 6.32 4.44 10.86 8.62 9.10 7.57 6.21 6.49 6.74 6.31 7.63 8.53 8.57 8.45 8.20 8.47 8.19 7.91 9.75 10.86 14.42 11.99 12.59 11.55 7.44 9.69 11.62 8.73 8.71 9.21 8.44 8.41 8.74 8.74 9.89 9.24 9.14 9.29 8.80 9.29 9.22 9.02 9.11 9.14 9.35 9.93 11.14 10.13 9.48 9.53 10.53 12.13 -9999 -9999 -9999 -9999
-9999 -9999 -9999 -9999 -9999 -9999 -9999 -9999 -9999 -9999 11.70 8.90 8.18 9.34 19.19 21.27 14.05 10.08 9.52 10.07 11.25 11.31 10.88 6.90 5.99 11.31 8.49 7.59 7.16 6.34 6.39 6.65 7.06 8.01 8.05 7.93 8.26 8.32 8.14 8.33 9.41 11.38 12.34 10.16 10.44 12.06 9.98 7.30 11.50 8.91 8.72 9.12 8.27 8.35 8.36 9.01 9.77 9.20 9.03 9.01 8.49 9.83 9.30 9.08 9.16 9.20 9.59 9.57 9.62 9.33 9.22 9.50 10.82 12.26 -9999 -9999 -9999 -9999
-9999 -9999 -9999 -9999 -9999 -9999 -9999 -9999 -9999 -9999 10.57 9.02 10.92 12.70 14.65 17.70 10.12 7.00 9.26 11.71 11.93 12.69 10.94 7.78 5.16 11.53 10.92 8.46 7.93 6.37 6.26 6.79 8.01 8.07 8.17 8.21 7.92 7.81 8.24 10.15 10.11 8.36 12.89 10.34 10.88 12.51 12.14 9.70 8.71 8.22 7.09 8.45 9.07 8.13 8.13 8.14 8.90 8.81 9.18 8.97 8.71 9.16 9.83 9.54 9.61 9.43 9.47 9.33 9.14 9.13 9.51 10.31 11.55 -9999 -9999 -9999 -9999 -9999
-9999 -9999 -9999 -9999 -9999 -9999 -9999 -9999 -9999 -9999 9.53 9.59 10.84 10.31 15.03 13.01 9.01 9.79 7.83 9.32 12.24 10.87 13.37 10.43 6.32 10.65 11.65 10.97 7.92 7.06 6.27 7.32 8.75 8.76 8.30 8.04 7.84 8.21 9.66 10.01 8.51 8.36 11.22 10.85 10.55 10.41 9.60 9.46 10.03 6.83 7.69 7.95 7.68 8.09 7.74 8.77 8.16 8.63 9.01 8.97 9.16 11.01 10.24 9.79 9.59 9.57 9.46 9.32 9.22 9.33 10.19 11.35 -9999 -9999 -9999 -9999 -9999 -9999
-9999 -9999 -9999 -9999 -9999 -9999 -9999 -9999 -9999 10.76 18.21 11.10 12.14 13.53 8.64 18.19 15.13 13.24 11.24 13.81 10.92 11.57 10.12 8.04 9.26 13.04 11.46 10.93 8.02 6.95 6.34 8.10 8.57 8.39 8.32 7.89 7.99 9.43 9.22 8.74 9.70 10.59 8.40 12.67 11.71 8.76 9.36 8.59 7.79 7.61 6.80 6.83 7.09 8.10 7.68 7.32 9.00 8.49 8.81 9.13 9.55 11.05 10.22 9.77 9.75 9.49 9.43 9.20 9.16 9.90 11.01 -9999 -9999 -9999 -9999 -9999 -9999 -9999
-9999 -9999 -9999 -9999 -9999 -9999 -9999 11.36 11.05 14.66 12.84 10.56 10.96 12.09 7.66 8.97 10.97 14.05 13.27 14.78 13.06 13.02 7.38 9.66 9.68 7.34 8.03 7.71 8.56 7.68 7.14 8.30 8.75 8.79 8.24 8.43 9.67 9.00 9.54 8.66 10.04 10.57 10.10 9.03 8.16 9.68 9.07 8.41 8.22 7.98 7.65 6.42 7.35 7.22 6.66 7.11 7.86 8.30 8.78 8.84 9.50 10.88 10.11 9.52 9.60 9.34 9.24 9.09 9.37 10.30 -9999 -9999 -9999 -9999 -9999 12.24 12.14 11.86
-9999 -9999 -9999 -9999 -9999 -9999 11.60 11.50 11.46 11.63 11.21 10.81 9.92 8.17 6.80 8.49 10.38 12.21 18.92 11.16 9.01 8.73 6.04 12.49 13.88 13.06 9.70 8.47 9.01 8.73 8.35 8.74 9.34 8.86 8.63 8.76 9.56 9.93 8.57 8.55 10.15 10.10 9.52 8.87 8.86 9.15 7.99 8.36 7.30 7.17 7.66 7.04 6.56 6.17 6.55 7.64 7.63 7.96 8.39 8.74 9.25 10.97 10.34 9.51 9.28 9.12 9.09 9.02 9.33 10.08 -9999 -9999 -9999 -9999 -9999 11.28 10.93 10.84
-9999 -9999 -9999 -9999 -9999 12.01 13.01 12.28 12.03 -9999 -9999 -9999 -9999 8.63 13.86 12.01 11.86 13.73 11.36 9.18 12.08 11.33 9.97 19.17 16.72 13.76 13.94 10.69 8.61 9.04 9.10 8.66 8.78 8.67 8.40 9.00 8.65 10.01 8.69 8.56 8.99 9.38 9.45 9.13 8.06 8.09 7.96 7.73 7.20 6.83 6.51 6.40 6.36 6.65 7.32 7.43 7.46 8.23 8.88 9.08 9.19 10.17 10.03 9.86 9.09 8.99 8.94 8.86 8.98 9.61 10.76 -9999 -9999 -9999 -9999 10.52 10.17 10.05
-9999 -9999 -9999 -9999 -9999 13.30 15.04 11.90 12.19 -9999 -9999 -9999 -9999 8.98 12.11 14.03 8.96 13.26 12.29 11.64 14.65 16.22 13.07 16.99 10.38 11.49 11.34 10.06 8.73 8.71 8.98 8.78 8.99 9.46 8.47 9.07 8.82 8.98 9.52 8.52 8.71 7.97 8.72 9.59 9.84 9.66 8.05 7.33 7.07 6.86 7.17 6.56 6.86 7.46 7.81 8.58 7.97 9.79 9.76 9.91 9.06 9.57 9.63 9.57 8.90 8.96 8.91 8.77 8.77 8.93 9.68 10.39 -9999 -9999 10.85 10.58 10.36 10.50
-9999 -9999 -9999 -9999 -9999 -9999 -9999 -9999 -9999 -9999 -9999 -9999 -9999 9.73 13.91 12.00 8.45 10.61 9.12 16.02 15.08 10.44 13.90 13.40 11.78 12.25 10.07 9.00 8.09 9.08 8.84 9.13 8.86 8.41 8.31 8.26 8.15 8.49 9.11 8.47 8.17 8.27 8.51 8.25 9.07 9.30 7.41 8.53 9.34 8.05 7.87 7.44 6.67 7.72 8.71 9.64 9.29 8.70 9.10 9.77 9.22 9.65 9.52 9.54 8.83 8.95 8.95 8.87 8.75 8.58 8.81 9.32 10.05 10.41 10.20 10.38 9.73 10.57
-9999 -9999 -9999 -9999 -9999 -9999 -9999 -9999 -9999 -9999 -9999 -9999 -9999 -9999 13.87 5.92 6.44 10.23 14.87 13.79 15.24 14.42 10.44 11.69 12.96 9.43 8.92 7.84 7.80 8.05 8.57 8.71 8.74 8.40 8.03 7.87 8.23 8.19 8.78 8.57 8.09 10.06 9.27 8.01 7.93 7.98 8.08 7.90 8.88 9.00 8.33 9.34 7.71 7.58 8.33 7.89 8.21 8.33 8.26 9.50 9.45 9.27 9.13 9.65 9.00 9.06 9.00 8.87 8.81 8.78 8.82 8.87 9.28 9.62 9.74 9.70 9.81 10.80
-9999 -9999 -9999 -9999 -9999 -9999 -9999 -9999 -9999 -9999 -9999 -9999 -9999 -9999 9.69 13.94 14.96 12.85 11.36 10.56 13.01 10.72 10.89 9.55 9.01 11.09 8.48 7.81 9.40 8.70 8.48 8.36 7.81 7.81 8.38 8.21 9.37 9.26 8.87 8.37 7.88 9.76 10.50 9.07 8.02 7.67 8.01 8.04 8.02 8.36 9.01 11.15 9.76 7.94 7.54 7.87 8.82 9.81 9.76 9.18 9.67 9.47 9.62 9.53 9.27 9.22 9.09 9.04 8.96 8.93 8.98 9.08 9.27 9.50 9.80 9.83 9.72 10.52
-9999 -9999 -9999 -9999 -9999 -9999 -9999 -9999 -9999 -9999 -9999 -9999 -9999 11.66 11.43 9.04 16.92 11.07 9.06 11.66 11.47 10.18 13.22 9.92 9.41 11.78 7.87 13.65 10.06 7.94 8.13 9.46 7.98 7.66 10.54 10.31 9.53 8.34 8.72 8.56 8.14 8.83 9.37 9.03 8.29 8.04 7.93 7.95 8.36 8.18 9.33 9.21 8.72 8.23 7.87 8.49 9.39 10.33 10.20 9.11 9.37 9.88 10.09 9.82 9.51 9.33 9.24 9.16 9.08 9.00 9.06 9.18 9.21 9.41 10.08 10.14 9.89 10.18
-9999 -9999 -9999 -9999 -9999 -9999 -9999 -9999 -9999 -9999 -9999 -9999 -9999 10.07 11.06 16.27 9.65 5.37 7.80 8.46 10.55 13.52 13.45 10.56 9.98 9.88 7.85 8.50 9.25 10.41 10.15 8.31 8.40 8.26 8.70 9.43 8.28 8.08 8.79 8.66 9.01 9.33 8.87 9.06 8.73 8.31 8.07 7.84 7.97 8.12 8.93 9.22 8.73 7.79 8.16 9.35 10.57 9.89 10.44 10.34 9.95 9.85 10.75 9.90 9.95 9.50 9.37 9.15 9.08 9.06 9.03 9.09 9.19 9.33 10.30 10.17 9.75 9.89
-9999 -9999 -9999 -9999 -9999 -9999 -9999 -9999 -9999 -9999 -9999 -9999 -9999 10.70 13.06 6.26 7.82 6.78 8.30 8.86 14.19 12.55 14.08 10.95 9.72 7.69 6.55 7.35 10.73 12.70 13.81 8.85 10.39 8.94 9.05 9.01 7.57 7.87 8.34 8.71 9.13 8.53 8.63 9.92 9.15 8.25 8.16 9.19 7.79 8.29 8.63 8.48 8.01 7.79 8.44 9.03 9.53 9.65 9.69 9.12 9.34 10.18 10.53 9.47 9.34 9.46 9.30 9.17 9.01 8.86 8.94 8.98 9.09 9.25 9.64 9.56 9.76 9.61
-9999 -9999 -9999 -9999 -9999 -9999 -9999 -9999 -9999 -9999 -9999 -9999 -9999 -9999 7.33 8.73 10.80 12.94 13.81 11.59 12.25 10.42 7.51 7.44 6.76 7.70 7.80 6.92 8.50 9.12 12.48 10.20 8.92 8.46 9.87 9.62 7.60 8.61 7.82 8.15 10.41 8.57 8.37 8.33 8.55 7.93 7.95 9.50 8.89 8.24 8.74 8.33 8.07 8.41 9.16 8.77 8.75 8.46 9.29 8.70 10.06 10.30 9.45 9.22 9.71 9.48 9.03 8.90 8.77 8.75 8.81 8.86 8.96 9.04 9.14 9.21 9.44 9.33
-9999 -9999 -9999 -9999 -9999 -9999 -9999 -9999 -9999 -9999 -9999 -9999 -9999 -9999 8.47 9.93 11.09 12.87 15.43 14.07 10.84 8.28 6.81 8.54 10.61 12.33 13.87 10.28 7.77 8.48 9.83 9.39 7.49 10.56 9.70 9.73 8.41 9.29 8.22 7.95 8.64 9.91 9.39 8.62 8.12 7.82 8.12 9.08 8.86 8.46 8.48 8.88 9.07 9.26 9.62 8.84 8.58 9.83 9.93 9.99 9.83 10.16 9.29 9.59 10.04 8.99 8.72 8.67 8.60 8.67 8.68 8.69 8.77 8.84 8.91 8.85 8.69 8.44
-9999 -9999 -9999 -9999 -9999 -9999 -9999 -9999 -9999 -9999 -9999 -9999 -9999 8.91 7.27 8.63 11.03 12.08 11.14 11.00 9.07 10.35 15.11 12.06 12.09 11.75 9.36 8.17 8.81 9.29 7.73 7.26 8.20 10.18 10.13 9.64 8.27 9.47 7.88 7.96 9.47 8.79 9.17 9.15 8.40 7.93 8.10 9.03 8.91 8.19 8.46 8.48 8.41 9.19 8.81 9.85 9.32 10.01 9.30 9.66 9.85 9.06 8.91 9.76 9.62 8.63 8.52 8.78 8.53 8.64 8.65 8.75 8.73 8.65 8.61 8.39 8.64 8.84
-9999 -9999 -9999 -9999 -9999 -9999 -9999 -9999 -9999 -9999 -9999 -9999 -9999 11.00 9.05 8.05 7.90 9.76 13.68 13.33 12.12 10.60 11.29 12.71 13.63 13.14 8.74 10.60 11.59 7.46 9.82 6.20 7.43 9.51 11.55 8.42 9.04 7.85 7.29 7.77 8.56 11.30 9.61 9.51 8.94 8.53 8.51 8.80 8.55 8.08 8.22 8.14 8.10 8.09 9.36 9.89 9.87 10.44 9.41 8.97 8.99 8.58 8.97 9.47 9.17 8.74 9.11 8.85 9.09 8.69 8.68 8.85 8.89 8.55 8.35 8.10 8.03 8.80
-9999 -9999 -9999 -9999 -9999 -9999 -9999 -9999 -9999 -9999 -9999 -9999 -9999 9.60 8.60 5.44 6.65 9.40 13.88 12.21 12.74 10.34 12.29 11.53 9.71 10.07 10.40 9.85 8.13 6.75 7.39 10.35 7.15 7.46 7.99 8.38 10.02 8.65 7.27 7.68 8.49 8.91 8.78 9.72 9.24 8.80 8.90 8.25 7.75 8.27 8.47 8.56 7.97 8.60 9.86 9.88 9.03 9.20 10.00 8.98 9.23 8.22 9.14 9.25 8.53 8.53 8.78 8.28 8.51 8.47 8.55 8.62 8.51 8.33 8.22 8.01 8.29 7.79
-9999 -9999 -9999 -9999 -9999 -9999 -9999 -9999 -9999 -9999 -9999 -9999 9.24 10.10 11.87 8.74 6.39 10.24 11.64 14.02 14.17 9.12 9.61 8.61 9.67 10.72 8.53 8.05 9.77 8.15 7.44 7.30 6.84 6.58 7.21 8.53 8.63 8.43 8.20 7.75 7.63 8.42 8.82 8.25 8.76 8.46 9.05 8.22 8.08 8.17 7.76 7.65 7.96 9.17 9.10 9.18 8.56 9.35 9.45 9.04 8.20 8.99 9.04 9.05 9.26 8.90 8.49 8.41 8.30 8.45 8.55 8.43 8.31 8.09 7.93 7.97 8.25 8.16
-9999 -9999 -9999 -9999 -9999 -9999 -9999 -9999 -9999 -9999 -9999 10.72 10.48 10.91 8.62 6.55 9.58 12.94 13.75 12.02 13.93 10.07 11.30 9.45 8.42 14.22 9.06 9.43 7.23 7.45 6.13 6.21 7.32 9.00 8.20 10.22 8.55 9.03 7.79 7.58 7.79 8.14 8.50 8.20 8.39 8.72 8.83 7.49 8.05 7.94 8.03 8.17 8.47 9.11 8.42 9.23 8.77 8.98 8.19 8.09 9.22 9.55 9.04 9.19 9.07 8.30 8.80 8.89 8.88 8.85 8.56 8.26 8.00 8.14 8.06 8.66 8.85 8.98
-9999 -9999 -9999 -9999 -9999 -9999 -9999 -9999 -9999 12.04 10.66 9.52 7.73 7.13 7.37 7.65 11.18 12.73 14.46 16.10 14.12 11.68 7.80 10.48 9.35 12.70 9.44 8.19 8.04 6.53 6.23 5.84 8.08 10.39 9.73 9.73 7.60 7.94 7.89 7.92 8.59 8.25 8.64 7.96 8.11 8.36 7.66 7.50 7.78 8.60 8.37 9.18 9.78 9.25 8.77 8.32 8.13 8.86 9.28 8.94 9.25 8.35 9.12 9.27 8.64 7.99 8.17 9.13 9.05 9.09 8.30 8.03 7.80 8.02 8.98 9.32 9.02 9.75
-9999 -9999 -9999 -9999 -9999 11.38 10.56 9.42 12.72 12.73 12.73 12.47 9.47 8.39 7.74 12.81 11.36 13.72 14.06 13.66 10.42 9.10 7.28 8.88 8.43 14.46 12.23 9.47 7.02 7.40 7.05 9.73 7.87 9.80 10.05 9.46 8.62 7.83 7.54 8.57 8.08 7.54 8.87 7.84 7.79 7.33 7.61 8.16 8.64 7.82 8.74 8.39 8.81 9.71 9.55 9.25 8.97 9.44 9.38 8.94 8.52 9.25 8.30 8.23 8.15 7.95 8.75 9.04 9.14 8.50 7.96 8.03 8.26 9.29 9.38 8.90 9.59 8.71
-9999 -9999 -9999 -9999 12.62 10.38 11.04 10.32 9.71 11.50 10.75 11.06 8.75 7.38 11.13 12.00 12.73 9.53 14.95 10.91 8.40 13.54 10.41 7.04 14.01 11.61 9.83 5.51 5.68 6.79 10.53 8.37 8.13 8.11 8.29 9.91 9.40 9.22 7.97 8.21 7.63 7.51 8.42 7.91 7.38 7.37 7.80 8.48 8.19 10.00 8.28 8.03 8.50 9.33 8.80 8.76 8.39 8.54 9.01 8.73 9.28 8.63 8.07 8.15 8.49 8.07 8.41 8.49 7.98 7.85 7.86 8.04 8.33 8.79 9.56 9.47 9.47 8.98
-9999 -9999 -9999 12.29 11.80 8.89 8.52 8.70 9.63 9.05 9.65 8.74 9.34 13.79 10.97 9.64 13.45 7.78 10.53 10.40 13.73 13.00 13.67 11.16 10.63 8.67 5.31 10.17 10.18 6.99 7.97 7.94 7.87 8.43 7.83 8.06 9.71 9.98 7.72 7.44 7.47 7.95 7.36 6.80 7.11 9.78 7.97 7.80 8.36 9.15 8.56 8.10 8.72 9.29 9.25 9.75 9.14 8.31 8.18 8.15 9.05 8.65 8.09 8.92 8.81 8.24 8.36 8.19 7.98 8.26 8.40 8.48 8.80 8.87 9.58 8.90 8.71 8.97
13.10 10.95 12.48 9.87 9.65 10.28 9.21 8.70 10.86 9.68 9.74 9.74 12.63 12.08 10.33 11.43 10.88 8.74 8.58 12.32 12.90 11.15 11.25 12.96 9.41 5.67 10.64 12.24 9.80 10.12 7.84 8.43 7.85 8.30 10.29 8.18 10.35 8.52 7.53 7.26 7.53 9.07 6.58 6.92 10.93 8.33 7.91 7.89 8.50 9.41 8.13 8.31 8.70 8.45 9.05 9.08 8.58 8.17 8.49 8.12 8.49 8.80 8.77 8.33 8.02 7.88 7.91 8.41 9.87 9.20 10.06 9.45 8.45 9.64 9.40 9.50 9.18 8.94
10.27 9.90 12.59 15.63 14.17 13.45 10.19 11.30 13.03 11.68 11.17 13.33 11.41 10.65 13.05 9.82 7.28 8.11 8.55 11.54 11.37 10.71 9.96 9.46 7.76 9.29 18.47 14.03 10.43 8.19 8.94 8.52 10.27 8.61 9.10 8.08 8.05 7.96 7.91 7.30 7.02 6.96 6.47 9.96 10.56 9.64 8.26 7.89 10.48 8.94 8.24 8.54 8.17 8.98 8.95 8.70 7.96 9.04 8.65 8.04 9.67 9.37 8.22 7.98 7.95 7.88 8.48 9.52 9.94 9.72 10.22 9.51 9.09 9.79 9.59 8.96 9.30 9.16
9.56 10.02 11.32 11.75 11.00 9.55 11.54 10.33 12.23 9.01 10.26 12.75 11.70 9.80 10.82 7.15 6.58 10.45 11.53 10.24 8.65 10.68 7.45 6.44 6.37 11.54 14.84 15.27 8.49 9.41 9.79 10.16 9.30 7.83 9.16 8.53 8.36 7.71 7.92 6.66 6.27 7.26 7.25 9.96 9.74 9.08 7.93 8.74 10.26 9.54 9.05 8.58 8.82 8.73 8.40 8.09 8.18 8.71 9.11 8.74 8.57 8.45 8.15 9.23 9.88 8.37 8.69 9.53 9.84 9.35 9.87 9.80 9.79 9.79 8.99 9.12 9.01 9.08
10.54 9.54 10.17 9.77 10.32 9.57 9.67 10.94 9.43 10.19 8.73 8.44 8.26 7.80 7.31 9.57 8.54 12.54 18.93 10.04 10.13 10.50 14.91 14.26 6.06 5.84 16.38 12.34 10.34 11.05 12.30 10.03 7.85 7.10 9.50 9.90 8.46 7.58 7.07 6.37 6.24 7.53 10.22 10.49 9.07 8.66 8.36 8.14 8.14 9.14 8.49 8.39 8.21 7.89 7.71 7.81 8.90 8.74 8.53 8.58 7.73 7.94 8.93 8.86 9.57 8.90 8.87 8.90 9.13 9.66 9.88 9.88 9.88 9.95 8.90 8.56 9.07 9.04
9.69 9.14 10.06 8.95 9.41 9.39 9.52 8.45 8.37 9.28 8.42 9.83 8.49 10.67 7.37 10.77 13.10 13.18 14.37 15.15 12.29 14.32 16.34 10.75 12.51 10.59 5.73 11.59 11.82 8.51 9.09 7.28 9.12 8.92 12.01 10.95 8.30 7.42 6.58 6.25 7.43 10.44 8.99 10.72 9.10 8.80 9.54 8.27 9.32 7.82 8.11 7.78 7.64 7.59 7.96 8.10 8.27 8.01 7.87 7.58 7.83 8.97 9.91 9.33 8.62 9.25 8.62 9.53 8.79 8.75 9.02 9.29 9.56 9.62 9.30 8.43 8.91 8.92
10.41 9.32 8.87 10.37 11.46 12.98 11.51 9.91 9.05 8.24 8.71 11.64 8.68 10.01 7.08 9.39 10.10 9.25 7.99 10.74 9.83 12.44 12.71 15.00 12.78 13.28 11.66 15.99 9.92 8.69 8.15 9.20 8.63 11.36 10.80 10.94 7.57 7.00 6.36 10.07 10.74 10.28 10.61 8.70 9.24 9.44 9.10 7.81 7.64 7.68 7.47 7.42 7.60 7.70 8.43 8.57 8.83 8.19 7.48 7.52 8.45 10.28 8.61 9.12 9.18 8.66 8.48 8.59 8.26 8.42 8.97 8.66 9.22 9.24 9.00 8.89 8.96 8.51
10.98 9.83 9.28 9.42 11.02 11.03 11.57 10.64 9.84 9.28 8.86 9.35 11.87 8.05 12.30 11.28 11.27 12.33 10.47 8.00 8.18 10.40 9.54 11.86 11.82 10.07 14.51 14.33 8.39 9.33 7.10 7.90 9.92 10.79 9.92 8.99 7.23 6.62 8.39 7.84 9.77 9.53 8.83 9.12 8.77 8.29 7.97 7.00 6.69 6.77 6.94 8.79 7.70 8.65 8.07 7.97 7.48 7.34 7.62 8.64 9.91 9.44 9.04 9.21 9.00 8.60 8.67 9.06 9.42 8.00 8.87 9.70 9.02 8.72 9.06 8.22 8.55 9.47
10.71 10.33 10.75 11.43 12.45 -9999 -9999 -9999 -9999 10.29 10.07 11.07 8.60 7.52 9.25 9.55 9.34 8.78 5.14 14.41 14.95 9.86 8.69 9.09 10.99 11.94 13.67 10.53 8.88 7.76 6.84 11.25 9.88 11.39 8.18 7.79 7.26 7.05 9.35 7.68 9.39 9.21 8.34 8.40 8.07 7.58 6.93 6.52 6.44 6.67 6.98 8.54 8.02 8.55 8.58 7.94 7.67 7.60 9.22 9.09 9.42 9.51 9.54 8.15 8.19 8.07 9.14 9.49 9.11 7.81 8.61 9.38 9.18 8.72 9.42 8.93 8.83 9.26
