ML/MeanWindSpeed_1993-04_Actual.txt
ncols         180
nrows         290
xllcorner     -200000
yllcorner     -200000
cellsize      5000
NODATA_value  -9999
[rows 105 to 139 of 290, columns 78 to 155 of 180]
8.95 11.27 8.26 6.14 7.90 10.90 10.76 9.37 8.29 9.40 12.82 9.10 10.61 6.91 9.05 12.46 9.36 7.60 7.78 8.86 7.89 7.30 7.50 7.46 6.89 8.20 8.17 8.35 10.09 9.61 9.65 9.58 -9999 -9999 -9999 -9999 -9999 -9999 -9999 -9999 -9999 -9999 -9999 -9999 -9999 -9999 -9999 -9999 -9999 -9999 -9999 -9999 -9999 -9999 -9999 -9999 -9999 -9999 -9999 -9999 -9999 -9999 -9999 -9999 -9999 -9999 -9999 -9999 -9999 -9999 -9999 -9999 -9999 -9999 -9999 -9999 -9999 -9999
10.28 8.68 9.49 12.39 11.27 12.90 8.21 11.15 6.38 12.45 7.75 14.25 7.75 10.13 15.36 10.78 8.66 10.53 9.74 7.29 6.61 5.66 5.52 6.71 6.47 6.78 8.09 8.65 8.67 8.81 8.04 9.04 9.88 -9999 -9999 -9999 -9999 -9999 -9999 -9999 -9999 -9999 -9999 -9999 -9999 -9999 -9999 -9999 -9999 -9999 -9999 -9999 -9999 -9999 -9999 -9999 -9999 -9999 -9999 -9999 -9999 -9999 -9999 -9999 -9999 -9999 -9999 -9999 -9999 -9999 -9999 -9999 -9999 -9999 -9999 -9999 -9999 -9999
10.53 6.87 11.90 9.28 5.88 9.34 12.88 12.50 6.73 12.59 11.24 11.92 9.48 12.56 10.65 11.78 13.92 10.75 9.06 7.02 5.94 6.31 7.73 8.43 9.76 9.62 8.46 7.85 7.62 9.44 8.62 10.29 10.51 11.48 -9999 -9999 -9999 -9999 -9999 -9999 -9999 -9999 -9999 -9999 -9999 -9999 -9999 -9999 -9999 -9999 -9999 -9999 -9999 -9999 -9999 -9999 -9999 -9999 -9999 -9999 -9999 -9999 -9999 -9999 -9999 -9999 -9999 -9999 -9999 -9999 -9999 -9999 -9999 -9999 -9999 -9999 -9999 -9999
8.38 11.29 11.61 8.95 5.73 10.97 12.83 15.05 8.03 12.68 10.76 11.23 10.89 11.55 8.32 9.46 10.02 8.92 6.45 6.99 8.46 11.26 10.85 10.00 8.85 8.85 10.10 7.60 8.89 9.90 10.50 10.86 11.12 11.59 11.80 -9999 -9999 -9999 -9999 -9999 -9999 -9999 -9999 -9999 -9999 -9999 -9999 -9999 -9999 -9999 -9999 -9999 -9999 -9999 -9999 -9999 -9999 -9999 -9999 -9999 -9999 -9999 -9999 -9999 -9999 -9999 -9999 -9999 -9999 -9999 -9999 -9999 -9999 -9999 -9999 -9999 -9999 -9999
11.78 13.61 8.05 6.11 9.30 13.92 11.33 6.54 8.42 18.30 10.00 9.73 11.02 11.01 9.05 8.20 6.79 6.53 8.79 12.81 12.35 10.85 10.09 8.23 7.90 8.62 9.94 9.01 10.01 9.99 10.06 10.80 11.09 11.33 -9999 -9999 -9999 -9999 -9999 -9999 -9999 -9999 -9999 -9999 -9999 -9999 -9999 -9999 -9999 -9999 -9999 -9999 -9999 -9999 -9999 -9999 -9999 -9999 -9999 -9999 -9999 -9999 -9999 -9999 -9999 -9999 -9999 -9999 -9999 -9999 -9999 -9999 -9999 -9999 -9999 -9999 -9999 -9999
10.47 9.57 8.67 12.18 7.69 12.23 13.39 13.04 9.62 9.02 16.00 10.77 8.97 7.72 7.17 6.65 6.33 6.20 9.22 8.23 7.81 7.26 8.63 10.09 9.13 9.45 9.33 9.61 10.97 11.06 -9999 -9999 -9999 -9999 -9999 -9999 -9999 -9999 -9999 -9999 -9999 -9999 -9999 -9999 -9999 -9999 -9999 -9999 -9999 -9999 -9999 -9999 -9999 -9999 -9999 -9999 -9999 -9999 -9999 -9999 -9999 -9999 -9999 -9999 -9999 -9999 -9999 -9999 -9999 -9999 -9999 -9999 -9999 -9999 -9999 -9999 -9999 -9999
9.83 7.19 11.81 11.72 13.68 14.48 8.02 13.64 13.38 8.57 11.14 11.33 8.33 7.52 8.11 9.28 10.50 8.03 7.97 8.27 8.52 8.59 9.11 10.01 9.51 9.93 10.91 10.81 -9999 -9999 -9999 -9999 -9999 -9999 -9999 -9999 -9999 -9999 -9999 -9999 -9999 -9999 -9999 -9999 -9999 -9999 -9999 -9999 -9999 -9999 -9999 -9999 -9999 -9999 -9999 -9999 -9999 -9999 -9999 -9999 -9999 -9999 -9999 -9999 -9999 -9999 -9999 -9999 -9999 -9999 -9999 -9999 -9999 -9999 -9999 -9999 -9999 -9999
8.66 12.07 9.21 12.50 14.72 12.82 10.93 14.29 14.23 9.14 8.60 6.97 6.75 7.21 7.94 10.70 12.02 9.93 8.86 8.11 8.09 8.92 8.73 9.37 9.94 11.50 12.48 11.44 -9999 -9999 -9999 -9999 -9999 -9999 -9999 -9999 -9999 -9999 -9999 -9999 -9999 -9999 -9999 -9999 -9999 -9999 -9999 -9999 -9999 -9999 -9999 -9999 -9999 -9999 -9999 -9999 -9999 -9999 -9999 -9999 -9999 -9999 -9999 -9999 -9999 -9999 -9999 -9999 -9999 -9999 -9999 -9999 -9999 -9999 -9999 -9999 -9999 -9999
10.06 12.18 9.92 13.26 13.11 14.12 10.01 9.35 10.53 9.51 9.09 8.56 6.57 12.85 13.20 12.60 12.68 9.84 7.63 7.56 7.65 7.96 8.14 8.69 9.70 9.56 -9999 -9999 -9999 -9999 -9999 10.73 9.99 10.13 9.81 -9999 -9999 -9999 -9999 -9999 -9999 -9999 -9999 -9999 -9999 -9999 -9999 -9999 -9999 -9999 -9999 -9999 -9999 -9999 -9999 -9999 -9999 -9999 -9999 -9999 -9999 -9999 -9999 -9999 -9999 -9999 -9999 -9999 -9999 -9999 -9999 -9999 -9999 -9999 -9999 -9999 -9999 -9999
10.44 13.68 10.28 9.27 16.61 10.20 9.45 8.78 8.21 8.61 10.01 12.14 9.59 9.81 9.08 9.36 8.82 8.64 8.47 8.65 8.56 8.23 8.72 9.23 9.08 8.94 9.47 10.29 -9999 -9999 9.36 8.88 8.56 7.68 8.02 8.87 9.73 -9999 -9999 -9999 -9999 -9999 -9999 -9999 -9999 -9999 -9999 -9999 -9999 -9999 -9999 -9999 -9999 -9999 -9999 -9999 -9999 -9999 -9999 -9999 -9999 -9999 -9999 -9999 -9999 -9999 -9999 -9999 -9999 -9999 -9999 -9999 -9999 -9999 -9999 -9999 -9999 -9999
12.32 11.08 11.52 12.94 13.90 9.59 9.81 10.93 10.62 10.05 8.53 8.75 9.45 9.33 9.32 8.94 8.57 8.63 9.04 8.80 8.11 9.16 9.56 8.01 7.26 7.54 8.18 9.52 8.82 8.77 8.83 7.76 6.33 6.68 8.73 9.52 11.18 9.16 -9999 -9999 -9999 -9999 -9999 -9999 -9999 -9999 -9999 -9999 -9999 -9999 -9999 -9999 -9999 -9999 -9999 -9999 -9999 -9999 -9999 -9999 -9999 -9999 -9999 -9999 -9999 -9999 -9999 -9999 -9999 -9999 -9999 -9999 -9999 -9999 -9999 -9999 -9999 -9999
11.15 13.89 12.93 11.30 10.31 -9999 11.07 12.48 10.30 9.32 8.34 8.34 8.21 8.47 8.90 8.58 8.47 9.69 9.72 9.68 8.87 8.23 8.01 6.92 7.05 7.76 9.11 8.22 7.37 8.59 7.68 7.13 6.31 7.40 9.16 9.86 10.85 9.98 11.39 12.52 10.52 -9999 -9999 -9999 -9999 -9999 -9999 -9999 -9999 -9999 -9999 -9999 -9999 -9999 -9999 -9999 -9999 -9999 -9999 -9999 -9999 -9999 -9999 -9999 -9999 -9999 -9999 -9999 -9999 -9999 -9999 -9999 -9999 -9999 -9999 -9999 -9999 -9999
12.09 -9999 12.30 13.14 10.47 -9999 12.10 14.75 11.10 9.96 8.37 8.29 7.86 7.95 7.46 7.42 7.73 8.79 10.45 10.29 10.12 8.75 8.12 8.23 9.04 10.78 9.73 7.55 6.38 7.37 7.40 7.32 10.56 11.38 10.11 10.47 9.94 9.99 10.45 9.43 10.41 -9999 -9999 -9999 -9999 -9999 -9999 -9999 -9999 -9999 -9999 -9999 -9999 -9999 -9999 -9999 -9999 -9999 -9999 -9999 -9999 -9999 -9999 -9999 -9999 -9999 -9999 -9999 -9999 -9999 -9999 -9999 -9999 -9999 -9999 -9999 -9999 -9999
11.72 -9999 -9999 13.15 11.08 10.33 12.41 13.64 9.43 9.19 10.20 8.84 8.17 7.97 9.88 8.29 7.39 8.33 9.13 10.18 10.47 10.79 9.13 10.47 11.13 9.90 9.09 8.46 7.41 7.91 8.87 9.38 9.47 11.69 10.89 10.67 10.72 8.70 8.69 9.54 10.58 11.15 -9999 -9999 -9999 -9999 -9999 -9999 -9999 -9999 -9999 -9999 -9999 -9999 -9999 -9999 -9999 -9999 -9999 -9999 -9999 -9999 -9999 -9999 -9999 -9999 -9999 -9999 -9999 -9999 -9999 -9999 -9999 -9999 -9999 -9999 -9999 -9999
-9999 -9999 -9999 -9999 11.76 10.63 13.47 11.47 8.87 8.90 9.62 10.36 9.22 8.53 9.67 10.12 9.01 7.78 9.61 11.40 10.54 10.07 10.23 11.36 10.50 9.29 9.34 8.94 10.68 10.29 9.42 9.21 8.77 10.88 10.72 10.23 10.83 9.25 8.75 8.69 8.74 9.33 -9999 -9999 -9999 -9999 -9999 -9999 -9999 -9999 -9999 -9999 -9999 -9999 -9999 -9999 -9999 -9999 -9999 -9999 -9999 -9999 -9999 -9999 -9999 -9999 -9999 -9999 -9999 -9999 -9999 -9999 -9999 -9999 -9999 -9999 -9999 -9999
13.40 14.11 -9999 -9999 -9999 11.74 12.71 10.94 9.41 8.72 9.08 10.07 10.26 10.55 11.08 10.42 9.99 9.46 8.17 11.21 10.44 10.11 10.38 9.77 9.38 10.37 8.80 10.91 13.43 12.31 10.79 10.93 9.23 10.21 10.07 10.32 10.64 9.15 8.41 8.20 8.36 9.11 9.61 -9999 -9999 -9999 -9999 -9999 -9999 -9999 -9999 -9999 -9999 -9999 -9999 -9999 -9999 -9999 -9999 -9999 -9999 -9999 -9999 -9999 -9999 -9999 -9999 -9999 -9999 -9999 -9999 -9999 -9999 -9999 -9999 -9999 -9999 -9999
14.29 15.55 12.17 -9999 -9999 -9999 12.12 11.13 9.33 8.64 8.62 8.83 9.92 10.03 9.96 9.46 9.61 9.94 10.39 9.88 9.98 9.85 10.84 10.30 11.87 8.36 8.79 8.62 9.49 12.44 12.25 10.75 10.05 9.26 9.20 9.52 9.70 8.42 7.98 7.56 8.21 8.78 8.64 8.96 -9999 -9999 -9999 -9999 -9999 -9999 -9999 -9999 -9999 -9999 -9999 -9999 -9999 -9999 -9999 -9999 -9999 -9999 -9999 -9999 -9999 -9999 -9999 -9999 -9999 -9999 -9999 -9999 -9999 -9999 -9999 -9999 -9999 -9999
14.05 14.64 11.38 -9999 -9999 -9999 -9999 -9999 10.30 9.15 8.02 7.86 8.26 8.40 9.37 11.60 11.61 10.60 10.08 9.79 10.84 10.17 9.78 9.29 10.80 7.81 8.98 9.94 9.52 8.00 9.24 8.73 9.55 8.51 9.48 9.07 8.07 7.63 7.26 7.11 6.83 8.60 8.74 8.27 8.40 -9999 -9999 -9999 -9999 -9999 -9999 -9999 -9999 -9999 -9999 -9999 -9999 -9999 -9999 -9999 -9999 -9999 -9999 -9999 -9999 -9999 -9999 -9999 -9999 -9999 -9999 -9999 -9999 -9999 -9999 -9999 -9999 -9999
12.16 17.13 12.96 -9999 -9999 -9999 -9999 -9999 10.80 9.91 9.46 8.22 9.47 10.96 10.39 11.68 12.32 11.77 10.23 11.13 10.37 9.57 10.57 10.81 7.52 13.32 9.42 11.76 9.68 11.51 11.11 8.20 9.82 8.77 8.28 7.70 7.82 8.49 8.56 7.48 7.46 6.44 8.08 9.20 7.84 9.17 10.05 -9999 -9999 -9999 -9999 -9999 -9999 -9999 -9999 -9999 -9999 -9999 -9999 -9999 -9999 -9999 -9999 -9999 -9999 -9999 -9999 -9999 -9999 -9999 -9999 -9999 -9999 -9999 -9999 -9999 -9999 -9999
14.60 16.79 15.86 -9999 -9999 -9999 -9999 -9999 10.65 9.37 8.98 8.28 8.83 10.19 9.03 9.92 10.43 11.78 10.87 10.45 9.65 11.32 13.45 11.07 9.53 14.24 12.82 9.77 10.40 9.25 7.97 9.14 9.66 8.64 8.76 8.49 7.00 6.96 6.94 8.12 10.21 8.27 7.75 8.57 8.62 8.18 9.17 -9999 -9999 -9999 -9999 -9999 -9999 -9999 -9999 -9999 -9999 -9999 -9999 -9999 -9999 -9999 -9999 -9999 -9999 -9999 -9999 -9999 -9999 -9999 -9999 -9999 -9999 -9999 -9999 -9999 -9999 -9999
13.22 14.67 15.32 -9999 -9999 -9999 -9999 -9999 10.13 9.03 8.48 8.29 8.42 8.92 9.44 12.00 13.58 11.81 11.92 9.51 9.57 9.71 11.31 8.04 11.88 11.09 9.78 10.76 11.40 8.20 10.03 8.84 9.35 9.01 7.32 7.96 7.82 7.04 6.37 11.06 11.55 10.49 7.50 8.24 8.62 8.11 9.19 -9999 -9999 -9999 -9999 -9999 -9999 -9999 -9999 -9999 -9999 -9999 -9999 -9999 -9999 -9999 -9999 -9999 -9999 -9999 -9999 -9999 -9999 -9999 -9999 -9999 -9999 -9999 -9999 -9999 -9999 -9999
-9999 -9999 -9999 -9999 -9999 -9999 -9999 11.98 9.91 9.13 8.25 8.59 8.99 8.44 9.36 9.94 12.17 10.91 10.63 12.23 10.58 11.55 11.50 11.21 13.09 12.45 8.89 9.68 10.53 10.09 9.37 9.63 7.77 8.40 8.64 6.72 7.36 6.77 9.07 10.52 12.93 11.19 7.65 7.48 7.27 8.00 9.15 -9999 -9999 -9999 -9999 -9999 -9999 -9999 -9999 -9999 -9999 -9999 -9999 -9999 -9999 -9999 -9999 -9999 -9999 -9999 -9999 -9999 -9999 -9999 -9999 -9999 -9999 -9999 -9999 -9999 -9999 -9999
-9999 -9999 -9999 -9999 -9999 -9999 -9999 12.48 8.14 8.04 9.26 10.44 9.84 8.52 8.81 9.61 8.41 9.03 12.00 12.69 10.87 10.04 8.74 7.74 12.55 8.61 9.15 8.96 9.43 9.29 8.35 6.96 8.85 8.36 7.93 6.88 7.09 8.84 10.17 10.21 11.78 11.28 7.96 6.77 7.34 8.91 8.57 -9999 -9999 -9999 -9999 -9999 -9999 -9999 -9999 -9999 -9999 -9999 -9999 -9999 -9999 -9999 -9999 -9999 -9999 -9999 -9999 -9999 -9999 -9999 -9999 -9999 -9999 -9999 -9999 -9999 -9999 -9999
-9999 -9999 -9999 -9999 -9999 -9999 11.51 10.34 6.99 8.20 9.42 8.59 10.34 11.58 11.10 13.05 11.67 9.97 8.94 9.65 11.52 10.64 9.26 6.76 8.82 11.68 9.12 10.78 8.64 8.68 6.76 7.15 8.60 7.75 7.79 8.36 9.68 11.31 11.07 10.25 9.59 8.81 7.56 9.15 9.99 9.05 8.89 -9999 -9999 -9999 -9999 -9999 -9999 -9999 -9999 -9999 -9999 -9999 -9999 -9999 -9999 -9999 -9999 -9999 -9999 -9999 -9999 -9999 -9999 -9999 -9999 -9999 -9999 -9999 -9999 -9999 -9999 -9999
-9999 -9999 -9999 -9999 -9999 -9999 10.06 7.50 9.53 8.32 9.89 8.46 10.65 10.90 13.07 12.55 12.68 11.65 10.19 8.43 14.44 13.86 9.72 6.63 9.66 11.22 8.67 8.87 9.91 7.45 8.82 9.89 8.67 9.51 9.80 12.32 9.03 8.99 9.93 10.62 10.54 8.27 7.04 8.43 8.73 8.49 8.89 10.12 -9999 -9999 -9999 -9999 -9999 -9999 -9999 -9999 -9999 -9999 -9999 -9999 -9999 -9999 -9999 -9999 -9999 -9999 -9999 -9999 -9999 -9999 -9999 -9999 -9999 -9999 -9999 -9999 -9999 -9999
-9999 -9999 -9999 -9999 -9999 9.79 10.77 10.21 9.49 10.17 10.21 9.11 8.46 12.19 12.04 13.16 12.71 12.46 9.38 7.21 10.14 11.61 10.59 7.61 7.64 9.11 8.58 8.30 8.64 11.09 8.38 8.28 8.50 7.54 11.65 10.58 12.16 11.13 8.75 9.22 9.52 9.89 10.58 8.63 8.46 8.46 9.16 10.23 -9999 -9999 -9999 -9999 -9999 -9999 -9999 -9999 -9999 -9999 -9999 -9999 -9999 -9999 -9999 -9999 -9999 -9999 -9999 -9999 -9999 -9999 -9999 -9999 -9999 -9999 -9999 -9999 -9999 -9999
-9999 -9999 -9999 -9999 -9999 10.68 10.12 9.06 12.00 11.46 9.85 9.77 12.32 9.70 10.88 12.69 11.41 11.25 8.22 6.93 9.39 10.71 11.59 7.44 7.72 7.84 8.06 6.92 9.98 7.62 10.88 9.43 7.78 12.11 8.25 9.80 10.71 10.14 10.61 8.36 8.27 10.20 10.08 8.98 9.50 9.24 9.27 10.38 -9999 -9999 -9999 -9999 -9999 -9999 -9999 -9999 -9999 -9999 -9999 -9999 -9999 -9999 -9999 -9999 -9999 -9999 -9999 -9999 -9999 -9999 -9999 -9999 -9999 -9999 -9999 -9999 -9999 -9999
-9999 -9999 -9999 -9999 11.12 9.26 8.74 10.70 9.42 9.71 14.20 11.73 11.70 9.47 10.84 11.41 10.23 11.08 10.06 8.60 10.44 10.56 8.38 6.93 7.44 8.75 8.67 10.66 8.86 8.13 11.21 8.21 8.82 12.38 9.30 8.82 8.23 9.43 10.35 9.73 10.10 10.29 9.12 8.88 8.99 8.76 9.06 10.12 -9999 -9999 -9999 -9999 -9999 -9999 -9999 -9999 -9999 -9999 -9999 -9999 -9999 -9999 -9999 -9999 -9999 -9999 -9999 -9999 -9999 -9999 -9999 -9999 -9999 -9999 -9999 -9999 -9999 -9999
-9999 -9999 -9999 10.06 10.18 10.49 8.74 9.33 9.57 9.09 10.96 10.66 14.83 9.23 9.11 10.12 10.43 10.60 10.78 9.53 8.51 8.07 9.77 7.37 6.98 8.53 9.03 9.20 9.18 8.24 9.62 7.09 8.25 11.58 10.83 11.14 10.36 9.71 8.81 8.74 10.47 9.79 9.20 9.08 9.05 9.20 8.81 9.57 10.73 -9999 -9999 -9999 -9999 -9999 -9999 -9999 -9999 -9999 -9999 -9999 -9999 -9999 -9999 -9999 -9999 -9999 -9999 -9999 -9999 -9999 -9999 -9999 -9999 -9999 -9999 -9999 -9999 -9999
-9999 -9999 -9999 11.17 12.94 10.71 10.15 9.45 8.60 8.10 14.89 12.64 10.98 10.65 8.93 9.26 10.02 9.87 12.92 9.41 7.93 7.65 7.89 9.59 7.68 9.51 9.20 9.89 9.29 8.86 8.58 9.11 7.71 9.91 10.42 9.86 10.73 9.66 8.85 8.52 9.48 8.98 9.83 9.26 8.52 8.05 8.80 9.48 10.35 -9999 -9999 -9999 -9999 -9999 -9999 -9999 -9999 -9999 -9999 -9999 -9999 -9999 -9999 -9999 -9999 -9999 -9999 -9999 -9999 -9999 -9999 -9999 -9999 -9999 -9999 -9999 -9999 -9999
-9999 11.59 10.59 11.95 10.89 10.42 11.08 9.70 9.24 8.26 12.10 11.49 11.65 10.74 10.09 8.76 10.42 10.83 10.10 9.80 9.04 7.38 7.92 8.87 8.61 8.75 9.29 9.71 9.02 8.43 9.03 8.27 7.95 10.68 9.89 9.52 9.59 10.95 9.81 8.90 7.62 8.47 8.89 8.59 8.23 7.86 8.29 8.90 9.91 -9999 -9999 -9999 -9999 -9999 -9999 -9999 -9999 -9999 -9999 -9999 -9999 -9999 -9999 -9999 -9999 -9999 -9999 -9999 -9999 -9999 -9999 -9999 -9999 -9999 -9999 -9999 -9999 -9999
-9999 12.16 10.55 9.40 11.44 10.39 11.23 9.96 9.27 8.38 8.68 9.91 12.92 11.15 10.43 9.16 9.16 9.16 8.92 9.19 9.53 8.33 9.27 8.65 8.83 8.73 8.83 8.76 8.54 8.16 8.23 8.70 8.09 7.44 8.24 8.76 8.85 9.35 9.12 6.80 7.58 9.41 8.83 7.79 7.81 7.57 7.96 7.73 8.51 9.52 -9999 -9999 -9999 -9999 -9999 -9999 -9999 -9999 -9999 -9999 -9999 -9999 -9999 -9999 -9999 -9999 -9999 -9999 -9999 -9999 -9999 -9999 -9999 -9999 -9999 -9999 -9999 -9999
-9999 12.37 10.85 8.81 11.02 9.70 10.34 9.67 9.24 9.10 8.37 11.15 11.10 10.71 11.93 9.84 9.16 8.93 8.09 9.71 12.64 9.98 -9999 -9999 -9999 8.93 8.75 -9999 8.20 8.19 8.24 7.73 7.13 7.61 8.50 7.93 8.03 8.89 8.40 9.02 8.60 7.03 6.34 6.52 6.73 6.96 5.72 6.48 7.02 8.41 -9999 -9999 -9999 -9999 -9999 -9999 -9999 -9999 -9999 -9999 -9999 -9999 -9999 -9999 -9999 -9999 -9999 -9999 -9999 -9999 -9999 -9999 -9999 -9999 -9999 -9999 -9999 -9999
-9999 11.52 12.52 9.88 9.89 10.25 10.84 10.38 9.70 9.09 8.59 9.78 13.93 11.55 11.81 9.73 9.47 10.69 8.85 9.84 10.69 10.68 -9999 -9999 -9999 8.91 8.29 8.25 8.24 7.86 7.51 6.61 7.39 9.22 9.16 7.83 10.09 7.81 7.58 9.26 7.35 7.72 7.67 7.43 5.74 6.33 7.14 6.21 5.89 7.31 -9999 -9999 -9999 -9999 -9999 -9999 -9999 -9999 -9999 -9999 -9999 -9999 -9999 -9999 -9999 -9999 -9999 -9999 -9999 -9999 -9999 -9999 -9999 -9999 -9999 -9999 -9999 -9999
-9999 -9999 12.18 11.88 10.56 -9999 11.41 11.36 10.41 9.72 9.24 -9999 11.75 10.75 11.24 9.65 10.60 11.32 10.61 11.00 -9999 -9999 -9999 -9999 9.63 8.24 7.60 7.45 7.94 8.08 7.32 6.61 6.66 9.68 12.00 7.08 10.60 7.85 9.02 9.93 8.06 8.93 7.39 5.97 6.83 6.80 5.78 4.37 5.13 7.17 8.20 -9999 -9999 -9999 -9999 -9999 -9999 -9999 -9999 -9999 -9999 -9999 -9999 -9999 -9999 -9999 -9999 -9999 -9999 -9999 -9999 -9999 -9999 -9999 -9999 -9999 -9999 -9999
