ML/MeanWindSpeed_1995-12_Actual.txt
ncols         180
nrows         290
xllcorner     -200000
yllcorner     -200000
cellsize      5000
NODATA_value  -9999
[rows 140 to 174 of 290, columns 78 to 155 of 180]
-9999 -9999 -9999 12.43 -9999 -9999 -9999 11.23 10.92 8.71 8.70 10.67 -9999 -9999 12.53 10.15 12.75 14.18 -9999 -9999 -9999 -9999 -9999 9.71 7.75 4.71 4.84 4.08 4.94 5.16 6.47 7.85 6.76 9.60 12.42 13.43 9.98 12.01 12.86 13.22 9.88 10.13 9.79 7.64 4.21 3.39 3.90 1.09 1.72 4.86 8.45 -9999 -9999 -9999 -9999 -9999 -9999 -9999 -9999 -9999 -9999 -9999 -9999 -9999 -9999 -9999 -9999 -9999 -9999 -9999 -9999 -9999 -9999 -9999 -9999 -9999 -9999 -9999
-9999 -9999 -9999 12.61 12.35 -9999 -9999 -9999 11.29 11.33 10.76 11.76 -9999 -9999 -9999 -9999 13.13 -9999 -9999 -9999 -9999 -9999 -9999 8.20 7.05 6.27 6.87 6.84 6.69 6.26 6.76 6.70 7.33 8.53 12.02 13.23 8.21 14.41 13.85 15.01 10.71 10.22 11.63 7.84 5.05 3.67 1.87 0.58 1.86 4.70 8.43 -9999 -9999 -9999 -9999 -9999 -9999 -9999 -9999 -9999 -9999 -9999 -9999 -9999 -9999 -9999 -9999 -9999 -9999 -9999 -9999 -9999 -9999 -9999 -9999 -9999 -9999 -9999
-9999 -9999 -9999 -9999 14.20 -9999 -9999 -9999 -9999 11.47 12.54 12.55 -9999 -9999 -9999 -9999 -9999 -9999 -9999 -9999 -9999 -9999 9.32 7.96 8.31 9.00 9.35 10.19 9.48 8.37 8.22 7.48 8.40 8.53 10.37 17.12 15.91 14.56 14.25 11.08 9.65 9.42 6.77 3.90 5.69 5.34 1.71 1.28 2.95 5.38 9.21 12.38 -9999 -9999 -9999 -9999 -9999 -9999 -9999 -9999 -9999 -9999 -9999 -9999 -9999 -9999 -9999 -9999 -9999 -9999 -9999 -9999 -9999 -9999 -9999 -9999 -9999 -9999
-9999 -9999 -9999 -9999 15.69 -9999 -9999 -9999 -9999 -9999 -9999 -9999 -9999 -9999 -9999 -9999 -9999 -9999 -9999 -9999 -9999 -9999 8.32 6.46 6.28 7.08 7.31 15.65 11.37 9.03 11.17 7.66 9.40 6.32 8.15 14.85 18.54 13.53 11.68 16.89 18.59 15.69 11.52 8.80 3.52 3.83 3.19 4.38 4.20 6.08 10.01 12.51 13.73 -9999 -9999 -9999 -9999 -9999 -9999 -9999 -9999 -9999 -9999 -9999 -9999 -9999 -9999 -9999 -9999 -9999 -9999 -9999 -9999 -9999 -9999 -9999 -9999 -9999
-9999 -9999 -9999 -9999 -9999 -9999 -9999 -9999 -9999 -9999 -9999 -9999 -9999 -9999 -9999 -9999 -9999 -9999 -9999 -9999 -9999 7.91 6.42 5.37 5.56 10.66 6.12 20.99 18.39 8.40 9.35 7.54 6.93 7.94 6.73 9.40 19.87 18.57 15.32 13.13 11.66 13.64 12.12 9.80 6.88 5.03 4.36 4.16 4.84 7.48 9.00 10.13 11.58 -9999 -9999 -9999 -9999 -9999 -9999 -9999 -9999 -9999 -9999 -9999 -9999 -9999 -9999 -9999 -9999 -9999 -9999 -9999 -9999 -9999 -9999 -9999 -9999 -9999
-9999 -9999 -9999 -9999 -9999 -9999 -9999 -9999 -9999 -9999 -9999 -9999 -9999 -9999 -9999 -9999 -9999 -9999 -9999 -9999 -9999 6.45 6.78 4.34 7.50 17.49 10.22 6.84 12.70 13.11 9.56 8.33 7.57 7.28 7.26 9.81 13.50 22.87 17.65 14.70 11.56 10.72 9.94 7.28 6.57 6.09 6.96 5.41 6.99 7.18 8.36 8.67 9.49 10.50 11.09 11.13 -9999 -9999 -9999 -9999 -9999 -9999 -9999 -9999 -9999 -9999 -9999 -9999 -9999 -9999 -9999 -9999 -9999 -9999 -9999 -9999 -9999 -9999
-9999 -9999 -9999 -9999 -9999 -9999 -9999 -9999 -9999 -9999 -9999 -9999 -9999 -9999 -9999 -9999 -9999 -9999 -9999 -9999 -9999 6.51 5.76 5.92 11.31 7.45 8.98 10.99 16.00 11.53 8.49 12.48 6.08 9.02 7.89 9.25 10.16 13.92 15.33 13.67 11.69 10.19 6.99 6.70 5.86 5.29 5.24 5.91 6.20 7.17 7.29 7.78 8.34 11.81 9.53 10.64 11.38 11.06 -9999 -9999 -9999 -9999 -9999 -9999 -9999 -9999 -9999 -9999 -9999 -9999 -9999 -9999 -9999 -9999 -9999 -9999 -9999 -9999
-9999 -9999 -9999 -9999 -9999 -9999 -9999 -9999 -9999 -9999 -9999 -9999 -9999 -9999 -9999 -9999 -9999 -9999 -9999 -9999 -9999 6.88 6.75 8.45 16.16 18.46 13.49 9.34 11.92 13.34 15.31 8.84 12.72 10.27 8.71 9.37 10.07 8.65 8.99 13.73 12.10 10.13 8.54 7.04 6.15 6.17 6.27 5.82 6.35 6.54 6.44 7.47 7.88 8.58 11.30 10.37 10.08 11.39 11.51 9.64 -9999 -9999 -9999 -9999 -9999 -9999 -9999 -9999 -9999 -9999 -9999 -9999 -9999 -9999 -9999 -9999 -9999 -9999
-9999 -9999 -9999 -9999 -9999 -9999 -9999 -9999 -9999 -9999 -9999 -9999 -9999 -9999 -9999 -9999 -9999 -9999 -9999 -9999 -9999 7.54 6.58 10.36 12.94 7.73 21.46 17.91 10.74 14.11 11.14 15.14 15.60 10.74 8.28 9.29 10.51 8.24 17.11 15.00 14.12 13.95 13.50 11.66 7.19 8.30 6.88 6.48 6.56 6.53 6.60 6.52 6.15 6.95 9.76 8.13 7.26 8.07 9.81 7.88 11.94 -9999 -9999 -9999 -9999 -9999 -9999 -9999 -9999 -9999 -9999 -9999 -9999 -9999 -9999 -9999 -9999 -9999
-9999 -9999 -9999 -9999 -9999 -9999 -9999 -9999 -9999 9.88 10.20 11.76 -9999 -9999 -9999 -9999 -9999 -9999 -9999 -9999 -9999 -9999 8.45 7.73 6.56 9.09 11.12 15.12 8.69 6.26 13.01 12.31 11.10 9.67 11.75 11.98 10.30 10.59 14.15 14.05 17.87 15.73 12.22 10.72 10.81 8.65 7.18 6.79 6.56 6.96 6.57 6.09 11.60 10.41 14.18 14.33 12.57 11.18 7.65 10.62 11.33 10.88 -9999 -9999 -9999 -9999 -9999 -9999 -9999 -9999 -9999 -9999 -9999 -9999 -9999 -9999 -9999 -9999
-9999 -9999 -9999 -9999 -9999 -9999 -9999 -9999 -9999 6.96 7.31 -9999 -9999 -9999 -9999 -9999 -9999 -9999 -9999 -9999 -9999 -9999 -9999 8.14 4.67 9.63 10.19 19.21 9.70 10.36 9.82 7.94 7.52 8.13 7.94 17.78 10.15 10.98 16.82 13.78 9.85 8.57 13.44 8.02 10.83 8.17 6.76 6.29 6.55 6.75 7.69 10.31 11.53 10.70 10.45 9.75 10.95 12.13 11.07 10.89 10.15 13.21 -9999 -9999 -9999 -9999 -9999 -9999 -9999 -9999 -9999 -9999 -9999 -9999 -9999 -9999 -9999 -9999
-9999 -9999 -9999 -9999 -9999 -9999 -9999 -9999 8.47 10.12 9.86 10.56 -9999 -9999 -9999 -9999 -9999 -9999 -9999 -9999 -9999 -9999 -9999 9.09 9.57 10.37 10.86 8.00 10.10 7.74 7.75 7.35 6.64 9.11 7.84 6.00 16.38 11.14 9.96 14.09 11.36 14.15 10.10 9.94 7.70 7.18 6.63 6.73 6.26 6.55 8.40 9.76 8.56 9.64 11.12 10.75 11.46 11.16 11.14 11.07 8.76 12.48 11.73 -9999 -9999 -9999 -9999 -9999 -9999 -9999 -9999 -9999 -9999 -9999 -9999 -9999 -9999 -9999
-9999 -9999 -9999 -9999 -9999 -9999 -9999 9.29 12.71 13.05 17.20 10.74 -9999 -9999 -9999 -9999 -9999 -9999 -9999 -9999 -9999 -9999 -9999 10.27 14.16 10.40 5.21 7.42 6.98 7.72 6.13 5.84 7.18 9.17 6.71 14.22 10.33 14.03 10.12 15.28 8.20 9.49 6.56 8.92 6.71 6.95 7.21 6.00 6.19 6.16 6.82 10.44 10.70 9.84 8.59 9.10 8.99 9.38 9.71 11.32 10.80 10.03 11.33 -9999 -9999 -9999 -9999 -9999 -9999 -9999 -9999 -9999 -9999 -9999 -9999 -9999 -9999 -9999
-9999 -9999 -9999 -9999 -9999 -9999 12.50 10.36 16.69 12.07 12.11 -9999 -9999 -9999 -9999 -9999 -9999 -9999 -9999 -9999 -9999 -9999 -9999 -9999 9.57 6.81 5.17 8.40 5.57 8.36 6.69 6.29 6.21 8.50 7.04 14.29 13.86 15.27 14.02 14.75 14.45 14.08 11.35 9.94 9.76 8.57 6.23 6.03 6.09 6.01 6.41 7.35 12.36 10.36 7.18 6.66 6.97 6.91 7.06 6.85 7.05 6.68 8.02 10.61 12.25 -9999 -9999 -9999 -9999 -9999 -9999 -9999 -9999 -9999 -9999 -9999 -9999 -9999
-9999 -9999 -9999 -9999 -9999 -9999 15.89 16.66 11.21 11.15 11.82 -9999 -9999 -9999 -9999 -9999 -9999 -9999 -9999 -9999 -9999 -9999 -9999 -9999 -9999 7.67 7.21 6.60 5.74 7.78 7.58 7.58 6.71 8.25 6.46 13.72 12.77 12.01 14.37 12.49 11.60 16.49 15.46 10.05 11.52 9.43 8.46 6.24 5.90 6.00 6.06 6.56 7.52 7.68 6.72 6.60 6.50 6.59 6.30 6.19 6.39 6.56 10.05 10.86 11.01 -9999 -9999 -9999 -9999 -9999 -9999 -9999 -9999 -9999 -9999 -9999 -9999 -9999
-9999 -9999 -9999 -9999 -9999 -9999 17.06 14.65 15.17 13.86 -9999 -9999 -9999 -9999 -9999 -9999 -9999 -9999 -9999 -9999 -9999 -9999 -9999 -9999 -9999 8.81 8.15 7.42 -9999 8.35 -9999 7.83 5.94 4.92 4.49 5.39 12.56 12.28 12.44 16.54 8.65 9.36 15.66 12.58 10.78 9.99 8.15 6.49 5.97 5.84 5.65 6.14 6.59 7.58 8.76 7.24 7.96 6.82 5.85 7.21 8.87 8.28 7.68 7.95 10.37 13.28 14.67 -9999 -9999 -9999 -9999 -9999 -9999 -9999 -9999 -9999 -9999 -9999
-9999 -9999 -9999 -9999 -9999 16.97 15.51 14.85 -9999 -9999 -9999 -9999 -9999 -9999 -9999 -9999 -9999 -9999 -9999 -9999 -9999 -9999 -9999 -9999 -9999 10.40 8.92 7.79 -9999 -9999 -9999 7.84 7.82 3.56 4.72 6.78 6.58 7.53 9.78 14.75 14.80 8.24 12.86 14.31 9.98 10.99 9.09 7.46 5.29 5.53 5.42 5.72 6.11 6.64 7.16 7.14 7.83 6.44 6.81 8.31 9.60 10.01 9.78 8.66 8.79 10.85 13.16 -9999 -9999 -9999 -9999 -9999 -9999 -9999 -9999 -9999 -9999 -9999
-9999 -9999 -9999 -9999 -9999 -9999 -9999 -9999 -9999 -9999 -9999 -9999 -9999 -9999 -9999 -9999 -9999 -9999 -9999 -9999 -9999 -9999 -9999 -9999 -9999 -9999 -9999 -9999 -9999 -9999 9.31 7.61 6.71 8.28 9.24 10.01 10.44 9.15 9.80 13.32 12.81 10.48 7.86 11.19 12.17 9.66 8.06 6.86 6.05 5.85 6.17 5.73 5.76 6.09 6.27 6.54 6.49 7.70 10.65 8.66 9.60 8.72 8.80 7.61 8.76 10.61 -9999 -9999 -9999 -9999 -9999 -9999 -9999 -9999 -9999 -9999 -9999 -9999
-9999 -9999 -9999 -9999 -9999 -9999 -9999 -9999 -9999 -9999 -9999 -9999 -9999 -9999 -9999 -9999 -9999 -9999 -9999 -9999 -9999 -9999 -9999 -9999 -9999 -9999 -9999 -9999 -9999 -9999 8.59 7.39 8.69 11.12 14.25 12.56 8.58 10.22 7.02 8.29 7.52 9.56 10.63 10.97 10.78 10.07 8.18 7.39 6.84 5.91 6.23 5.67 5.74 5.97 6.20 6.47 6.53 7.39 11.87 10.56 8.38 8.04 7.82 7.48 8.68 10.86 -9999 -9999 -9999 -9999 -9999 -9999 -9999 -9999 -9999 -9999 -9999 -9999
-9999 -9999 -9999 -9999 -9999 -9999 -9999 -9999 -9999 -9999 -9999 -9999 -9999 -9999 -9999 -9999 -9999 -9999 -9999 -9999 -9999 -9999 -9999 -9999 -9999 -9999 -9999 -9999 -9999 -9999 7.13 6.30 6.87 9.91 11.26 10.59 9.29 8.29 6.98 8.15 6.80 6.47 7.87 5.96 10.85 8.89 9.66 7.72 7.18 5.73 5.59 5.85 5.87 6.02 6.04 6.28 6.62 6.88 9.41 10.08 8.66 7.92 8.01 7.67 8.46 10.16 -9999 -9999 -9999 -9999 -9999 -9999 -9999 -9999 -9999 -9999 -9999 -9999
-9999 -9999 -9999 -9999 -9999 -9999 -9999 -9999 -9999 -9999 -9999 -9999 -9999 -9999 -9999 -9999 -9999 -9999 -9999 -9999 -9999 -9999 -9999 -9999 -9999 -9999 -9999 -9999 9.88 7.59 5.96 6.02 9.11 10.96 14.45 10.10 12.11 5.88 7.26 7.10 7.91 8.63 8.54 10.76 6.71 6.78 6.58 6.39 5.67 6.61 5.61 5.69 6.18 5.88 5.94 6.22 6.34 6.84 7.54 9.54 8.50 7.64 7.77 7.81 7.88 9.00 10.97 -9999 -9999 -9999 -9999 -9999 -9999 -9999 -9999 -9999 -9999 -9999
-9999 -9999 -9999 -9999 -9999 -9999 -9999 -9999 -9999 -9999 -9999 -9999 -9999 -9999 -9999 -9999 -9999 -9999 -9999 -9999 -9999 -9999 -9999 -9999 -9999 -9999 -9999 -9999 8.77 6.17 5.23 5.23 6.25 9.96 7.09 7.24 5.76 7.28 11.00 8.00 8.88 8.18 9.73 5.38 10.21 7.62 9.05 8.62 8.42 6.69 6.05 5.74 5.72 5.74 5.92 6.05 6.26 6.59 7.12 7.94 9.01 8.05 7.73 7.93 7.43 7.77 9.89 -9999 -9999 -9999 -9999 -9999 -9999 -9999 -9999 -9999 -9999 -9999
-9999 -9999 -9999 -9999 -9999 -9999 -9999 -9999 -9999 -9999 -9999 -9999 -9999 -9999 -9999 -9999 -9999 -9999 -9999 -9999 -9999 -9999 -9999 -9999 -9999 -9999 -9999 -9999 8.78 6.02 5.34 5.25 5.97 6.91 7.00 6.21 5.23 6.79 7.92 7.35 9.01 11.37 8.14 7.38 5.89 8.00 5.99 6.76 7.54 7.78 6.49 6.14 5.69 5.68 5.92 6.08 6.25 6.56 7.14 7.76 8.89 9.49 8.28 7.77 7.28 6.91 8.34 10.53 -9999 -9999 -9999 -9999 -9999 -9999 -9999 -9999 -9999 -9999
-9999 -9999 -9999 -9999 -9999 -9999 -9999 -9999 -9999 -9999 -9999 -9999 -9999 -9999 -9999 -9999 -9999 -9999 -9999 -9999 -9999 -9999 -9999 -9999 -9999 -9999 -9999 -9999 8.43 6.21 5.68 5.77 5.78 5.85 5.31 6.07 7.47 5.32 6.21 7.29 12.64 12.30 12.93 10.96 8.37 7.63 8.04 6.35 5.77 7.00 7.27 6.04 5.65 5.76 5.76 6.05 6.37 6.78 7.28 7.78 9.53 10.76 9.24 8.56 8.00 7.06 7.18 9.06 11.16 -9999 -9999 -9999 -9999 -9999 -9999 -9999 -9999 -9999
-9999 -9999 -9999 -9999 -9999 -9999 -9999 -9999 -9999 -9999 -9999 -9999 -9999 -9999 -9999 -9999 -9999 -9999 -9999 -9999 -9999 -9999 -9999 -9999 -9999 -9999 -9999 -9999 8.33 5.94 5.48 5.46 5.45 5.17 5.67 5.23 7.15 8.37 10.48 11.85 13.05 9.32 10.92 9.03 8.84 6.94 8.12 7.25 6.45 5.69 5.41 5.67 5.53 5.76 5.96 6.30 6.56 7.01 7.52 7.92 8.58 9.79 9.27 8.61 8.44 8.11 7.57 7.66 9.82 -9999 -9999 -9999 -9999 -9999 -9999 -9999 -9999 -9999
-9999 -9999 -9999 -9999 -9999 -9999 -9999 -9999 -9999 -9999 -9999 -9999 -9999 -9999 -9999 -9999 -9999 -9999 -9999 -9999 -9999 -9999 -9999 -9999 -9999 -9999 -9999 -9999 -9999 5.93 5.54 5.40 5.27 6.16 8.42 8.53 9.88 9.09 8.63 11.06 10.41 10.94 9.30 6.76 5.15 5.75 5.36 6.85 6.06 5.81 6.40 6.07 5.49 5.95 6.05 6.40 6.55 7.00 7.50 7.91 8.44 8.44 8.53 8.61 8.80 -9999 8.52 8.91 10.11 12.42 -9999 -9999 -9999 -9999 -9999 -9999 -9999 -9999
-9999 -9999 -9999 -9999 -9999 -9999 -9999 -9999 -9999 -9999 -9999 -9999 -9999 -9999 -9999 -9999 -9999 -9999 -9999 -9999 -9999 -9999 -9999 -9999 -9999 -9999 -9999 -9999 7.94 5.76 5.30 4.78 5.14 6.17 10.70 11.28 9.42 12.91 12.24 10.51 9.66 13.21 9.80 9.51 6.65 4.31 6.51 5.27 4.86 5.85 6.06 5.52 5.84 5.83 6.02 6.24 6.60 6.78 7.03 8.87 8.36 7.68 9.08 7.98 8.13 8.26 -9999 9.94 11.08 12.96 14.42 -9999 -9999 -9999 -9999 -9999 -9999 -9999
-9999 -9999 -9999 -9999 -9999 -9999 -9999 -9999 -9999 -9999 -9999 -9999 -9999 -9999 -9999 -9999 -9999 -9999 -9999 -9999 -9999 -9999 -9999 -9999 -9999 -9999 -9999 -9999 7.61 5.55 5.26 4.81 7.07 6.62 8.04 11.48 8.09 8.73 9.44 8.06 7.89 11.24 9.01 8.19 4.54 6.42 7.49 5.11 6.57 5.89 6.70 6.34 5.99 5.80 5.96 6.14 6.27 6.32 6.40 6.63 7.28 6.42 6.76 7.32 6.52 7.69 8.61 -9999 -9999 -9999 -9999 -9999 -9999 -9999 -9999 -9999 -9999 -9999
-9999 -9999 -9999 -9999 -9999 -9999 -9999 -9999 -9999 -9999 -9999 -9999 -9999 -9999 -9999 -9999 -9999 -9999 -9999 -9999 -9999 -9999 -9999 -9999 -9999 -9999 -9999 10.05 6.96 5.42 6.34 5.81 6.26 6.28 7.80 8.28 7.73 7.64 7.69 7.83 8.56 11.43 12.85 11.76 5.88 8.22 7.46 4.94 5.60 4.99 6.04 6.35 5.77 5.58 6.10 6.17 6.16 6.37 6.29 6.42 6.48 6.53 6.58 7.97 6.82 6.68 7.35 9.23 11.29 -9999 -9999 -9999 -9999 -9999 -9999 -9999 -9999 -9999
-9999 -9999 -9999 -9999 -9999 -9999 -9999 -9999 -9999 -9999 -9999 -9999 -9999 -9999 -9999 -9999 -9999 -9999 -9999 -9999 -9999 -9999 -9999 -9999 -9999 -9999 -9999 -9999 7.18 5.59 5.61 5.98 8.20 6.18 6.27 6.46 7.07 7.57 7.37 7.56 8.09 8.41 11.89 11.74 11.68 8.18 8.23 7.09 6.03 6.84 4.85 4.98 6.15 5.59 5.89 5.93 5.97 6.30 6.25 6.24 6.46 6.27 6.28 6.44 8.63 6.98 6.41 7.20 8.85 10.74 12.73 -9999 -9999 -9999 -9999 -9999 -9999 -9999
-9999 -9999 -9999 -9999 -9999 -9999 -9999 -9999 -9999 -9999 -9999 -9999 -9999 -9999 -9999 -9999 -9999 -9999 -9999 -9999 -9999 -9999 -9999 -9999 -9999 -9999 -9999 -9999 7.11 6.14 5.59 5.84 6.17 6.38 6.15 5.80 6.16 6.03 6.13 6.68 7.38 8.56 7.70 11.73 13.77 13.71 10.09 7.86 7.19 5.83 6.47 5.41 6.74 5.83 6.01 5.91 5.92 6.06 6.20 6.49 6.38 6.22 6.21 6.86 8.93 7.77 7.52 6.27 6.84 8.51 10.66 -9999 -9999 -9999 -9999 -9999 -9999 -9999
-9999 -9999 -9999 -9999 -9999 -9999 -9999 -9999 11.42 9.86 10.28 12.00 -9999 -9999 -9999 -9999 -9999 -9999 -9999 -9999 -9999 -9999 -9999 -9999 -9999 -9999 -9999 7.90 6.40 6.82 6.03 6.89 6.43 5.69 5.54 5.74 5.77 6.00 6.09 6.56 6.87 7.53 10.89 12.75 12.26 8.96 11.44 9.46 5.88 6.22 4.53 7.58 7.52 6.12 6.16 5.97 5.89 6.00 6.21 6.40 6.64 6.40 6.09 6.51 7.15 8.90 8.10 8.27 6.31 6.52 8.72 11.20 -9999 -9999 -9999 -9999 -9999 -9999
-9999 -9999 -9999 -9999 -9999 -9999 -9999 -9999 10.20 8.47 8.03 9.21 -9999 -9999 -9999 -9999 -9999 -9999 -9999 -9999 -9999 -9999 -9999 -9999 -9999 -9999 7.90 7.35 6.22 6.70 8.03 6.46 6.29 5.34 5.45 5.86 5.87 6.22 6.54 6.19 6.19 6.48 8.11 14.05 14.06 9.00 9.92 8.61 8.09 5.24 4.63 6.51 7.20 6.40 5.64 5.66 5.80 6.36 6.38 6.34 6.35 6.70 6.22 6.64 7.02 8.85 8.39 7.82 6.48 6.41 7.32 9.94 -9999 -9999 -9999 -9999 -9999 -9999
-9999 -9999 -9999 -9999 -9999 -9999 14.52 10.39 7.88 7.63 7.11 8.69 8.65 10.51 11.71 -9999 -9999 11.52 9.30 -9999 -9999 -9999 8.46 9.13 7.62 -9999 4.97 7.24 6.47 6.17 6.95 6.38 6.45 6.40 7.17 6.85 7.04 6.13 6.89 6.51 6.36 10.01 6.58 8.87 12.10 6.38 7.83 12.49 5.92 8.16 5.90 6.36 6.65 6.13 5.97 5.97 5.86 6.32 6.05 6.33 6.10 6.85 6.14 6.44 6.97 7.62 8.21 8.76 7.84 6.54 6.45 8.67 11.45 -9999 -9999 -9999 -9999 -9999
-9999 -9999 -9999 -9999 -9999 -9999 -9999 10.99 8.60 7.28 6.65 7.11 8.31 10.18 7.44 -9999 5.61 8.43 9.26 7.52 8.55 5.54 5.23 9.62 8.36 6.16 -9999 4.51 6.63 6.81 6.29 6.13 6.64 5.75 5.86 6.18 6.33 6.76 6.84 7.86 7.29 10.35 10.53 10.10 10.31 9.27 11.26 10.58 7.88 5.84 5.40 7.14 7.24 5.73 6.40 5.86 6.28 6.56 6.14 6.26 6.03 6.84 6.19 6.43 6.89 7.08 7.90 8.31 8.71 7.53 6.65 7.70 10.33 -9999 -9999 -9999 -9999 -9999
