ML/MeanWindSpeed_1992-07_Actual.txt
ncols         180
nrows         290
xllcorner     -200000
yllcorner     -200000
cellsize      5000
NODATA_value  -9999
[rows 175 to 209 of 290, columns 79 to 157 of 180]
-9999 -9999 -9999 -9999 -9999 -9999 -9999 10.35 9.94 9.42 8.70 8.11 6.22 5.09 10.10 15.70 6.86 9.44 9.20 8.38 6.80 4.61 4.70 6.96 9.28 7.96 6.36 6.76 7.55 6.96 7.13 8.22 7.41 6.87 6.44 6.53 6.58 6.32 6.30 6.19 10.25 10.83 8.64 8.62 6.85 6.17 7.32 7.54 6.05 5.98 7.10 6.61 6.28 6.92 6.63 7.49 6.98 6.95 6.81 6.79 7.80 6.90 6.75 6.83 6.70 7.13 7.60 7.80 8.17 8.60 7.51 8.48 9.64 -9999 -9999 -9999 -9999 -9999 -9999
-9999 -9999 -9999 -9999 -9999 -9999 -9999 -9999 11.08 9.22 7.86 6.16 5.21 7.01 18.62 12.33 5.08 9.83 6.21 8.95 8.62 5.50 3.72 9.33 8.07 9.04 7.88 6.64 6.81 6.94 6.39 7.19 7.57 7.21 6.84 6.45 6.58 6.25 5.95 7.39 8.21 11.25 9.15 9.58 8.62 5.09 7.03 8.79 6.46 6.59 7.12 6.50 6.48 6.69 6.64 7.52 6.86 6.73 6.84 6.51 7.02 6.96 6.72 6.76 6.78 6.97 7.52 8.63 7.88 7.43 7.54 8.30 9.52 -9999 -9999 -9999 -9999 -9999 -9999
-9999 -9999 -9999 -9999 -9999 -9999 -9999 -9999 -9999 8.98 6.93 6.63 7.78 16.27 17.98 11.75 8.41 7.89 8.41 9.54 9.71 9.39 5.94 5.30 10.36 8.53 7.95 7.48 6.69 6.64 6.70 6.72 7.14 6.84 6.50 6.63 6.60 6.38 6.45 7.21 8.71 9.48 7.64 7.86 9.21 7.49 5.23 8.89 6.85 6.80 7.19 6.49 6.54 6.48 6.96 7.49 6.94 6.78 6.76 6.33 7.50 7.05 6.88 6.95 6.98 7.31 7.33 7.45 7.30 7.27 7.56 8.58 9.66 -9999 -9999 -9999 -9999 -9999 -9999
-9999 -9999 -9999 -9999 -9999 -9999 -9999 -9999 -9999 8.19 7.15 9.00 10.56 12.17 14.65 8.24 5.82 7.69 9.76 10.00 10.73 9.37 6.77 4.69 10.48 10.46 8.57 8.09 6.69 6.46 6.73 7.44 7.12 6.92 6.76 6.39 6.23 6.56 8.11 7.92 6.27 10.02 7.85 8.27 9.69 9.49 7.42 6.63 6.39 5.52 6.70 7.27 6.46 6.39 6.28 6.83 6.72 7.05 6.89 6.72 7.15 7.75 7.50 7.52 7.33 7.35 7.25 7.16 7.24 7.61 8.25 9.20 -9999 -9999 -9999 -9999 -9999 -9999 -9999
-9999 -9999 -9999 -9999 -9999 -9999 -9999 -9999 -9999 7.45 7.67 8.85 8.31 12.21 10.50 7.30 8.25 6.54 7.69 10.18 9.08 11.31 9.03 5.71 9.59 10.80 10.44 7.90 7.14 6.31 7.00 7.92 7.63 6.99 6.60 6.33 6.61 7.79 8.00 6.62 6.40 8.69 8.36 8.07 7.94 7.37 7.33 7.87 5.27 6.09 6.32 6.10 6.46 6.11 6.88 6.28 6.67 7.03 7.06 7.38 9.07 8.39 7.93 7.65 7.55 7.44 7.37 7.37 7.54 8.25 9.13 -9999 -9999 -9999 -9999 -9999 -9999 -9999 -9999
-9999 -9999 -9999 -9999 -9999 -9999 -9999 -9999 8.53 14.98 9.02 9.85 10.87 6.67 14.93 12.53 11.16 9.43 11.42 8.92 9.57 8.45 6.99 8.24 11.54 10.40 10.09 7.71 6.80 6.13 7.40 7.55 7.19 6.95 6.45 6.47 7.65 7.37 6.87 7.67 8.39 6.39 9.96 9.13 6.61 7.15 6.62 6.05 6.00 5.38 5.38 5.58 6.45 6.07 5.70 7.06 6.62 6.94 7.30 7.81 9.15 8.40 7.97 7.86 7.56 7.51 7.39 7.46 8.09 8.97 -9999 -9999 -9999 -9999 -9999 -9999 -9999 9.96 -9999
-9999 -9999 -9999 -9999 -9999 -9999 9.20 8.96 12.07 10.54 8.55 8.76 9.68 6.03 7.18 8.91 11.75 11.11 12.26 10.83 10.88 6.15 8.33 8.48 6.52 7.18 7.04 7.86 7.10 6.51 7.28 7.48 7.41 6.84 6.89 7.89 7.26 7.61 6.81 7.97 8.41 7.91 6.93 6.18 7.49 6.99 6.50 6.44 6.33 6.10 5.04 5.82 5.73 5.23 5.56 6.14 6.53 6.97 7.09 7.74 8.95 8.28 7.76 7.75 7.48 7.41 7.38 7.70 8.47 -9999 -9999 -9999 -9999 -9999 9.69 9.69 9.53 9.00 9.07
-9999 -9999 -9999 -9999 -9999 9.56 9.53 9.46 9.51 9.08 8.68 7.80 6.42 5.44 6.81 8.36 10.05 15.86 9.21 7.45 7.23 4.95 10.51 11.72 11.10 8.31 7.40 7.96 7.71 7.27 7.45 7.86 7.39 7.13 7.17 7.78 8.02 6.79 6.75 8.06 8.00 7.48 6.88 6.88 7.15 6.16 6.53 5.70 5.66 6.12 5.60 5.19 4.85 5.15 6.03 5.99 6.28 6.65 6.98 7.45 8.93 8.41 7.70 7.45 7.31 7.33 7.38 7.72 8.34 -9999 -9999 -9999 -9999 -9999 8.92 8.71 8.73 8.36 8.32
-9999 -9999 -9999 -9999 9.84 10.82 10.24 9.93 -9999 -9999 -9999 -9999 6.84 11.58 9.94 9.62 11.23 9.33 7.50 9.96 9.30 8.21 16.02 13.87 11.47 11.78 9.13 7.43 7.78 7.75 7.27 7.31 7.18 6.91 7.37 6.99 8.09 6.93 6.79 7.10 7.42 7.47 7.19 6.30 6.32 6.19 6.04 5.68 5.40 5.14 5.06 5.00 5.24 5.80 5.85 5.82 6.48 7.03 7.21 7.30 8.14 8.06 7.92 7.25 7.19 7.23 7.28 7.47 8.01 8.88 -9999 -9999 -9999 -9999 8.25 8.00 7.96 7.97 7.99
-9999 -9999 -9999 -9999 10.94 12.48 9.79 9.95 -9999 -9999 -9999 -9999 7.15 9.99 11.60 7.22 10.83 10.01 9.53 12.17 13.49 10.77 14.00 8.32 9.39 9.40 8.49 7.43 7.37 7.53 7.31 7.45 7.83 6.96 7.44 7.15 7.25 7.68 6.80 6.91 6.27 6.90 7.63 7.83 7.67 6.31 5.73 5.57 5.44 5.72 5.21 5.41 5.89 6.16 6.76 6.22 7.75 7.72 7.85 7.12 7.54 7.64 7.61 7.07 7.16 7.19 7.19 7.30 7.48 8.07 8.60 -9999 -9999 8.55 8.21 8.01 8.16 7.86 7.65
-9999 -9999 -9999 -9999 -9999 -9999 -9999 -9999 -9999 -9999 -9999 -9999 7.74 11.43 9.91 6.90 8.59 7.26 13.25 12.51 8.46 11.30 10.80 9.50 10.06 8.28 7.54 6.89 7.66 7.39 7.60 7.35 6.95 6.87 6.81 6.64 6.89 7.39 6.81 6.51 6.59 6.80 6.54 7.21 7.39 5.77 6.75 7.47 6.42 6.32 5.97 5.24 6.05 6.85 7.63 7.34 6.81 7.13 7.68 7.21 7.58 7.50 7.55 6.99 7.13 7.19 7.22 7.23 7.16 7.36 7.74 8.21 8.30 7.91 7.93 7.33 8.06 8.12 8.14
-9999 -9999 -9999 -9999 -9999 -9999 -9999 -9999 -9999 -9999 -9999 -9999 -9999 11.32 4.64 5.16 8.24 12.11 11.27 12.54 11.77 8.38 9.51 10.69 7.79 7.41 6.64 6.67 6.82 7.20 7.27 7.25 6.95 6.66 6.52 6.76 6.66 7.14 6.91 6.47 8.17 7.47 6.35 6.24 6.26 6.34 6.20 7.03 7.15 6.63 7.51 6.07 5.89 6.49 6.14 6.41 6.48 6.37 7.40 7.38 7.25 7.18 7.65 7.13 7.20 7.19 7.16 7.18 7.22 7.27 7.27 7.46 7.53 7.43 7.27 7.31 8.16 8.15 7.91
-9999 -9999 -9999 -9999 -9999 -9999 -9999 -9999 -9999 -9999 -9999 -9999 -9999 7.67 11.45 12.44 10.55 9.10 8.45 10.61 8.73 8.94 7.81 7.44 9.25 7.07 6.66 8.08 7.48 7.23 7.02 6.50 6.48 6.97 6.82 7.74 7.58 7.22 6.76 6.30 7.89 8.53 7.29 6.35 6.01 6.29 6.29 6.21 6.50 7.12 8.98 7.78 6.18 5.79 6.08 6.91 7.73 7.64 7.12 7.54 7.42 7.64 7.59 7.38 7.33 7.23 7.23 7.21 7.21 7.25 7.28 7.29 7.29 7.40 7.34 7.21 7.89 7.96 8.50
-9999 -9999 -9999 -9999 -9999 -9999 -9999 -9999 -9999 -9999 -9999 -9999 9.39 9.30 7.38 14.14 9.10 7.30 9.58 9.39 8.33 10.97 8.15 7.77 9.85 6.61 11.66 8.72 6.95 7.06 8.08 6.72 6.42 8.86 8.63 7.87 6.80 7.09 6.92 6.54 7.06 7.51 7.26 6.61 6.36 6.23 6.23 6.51 6.33 7.33 7.24 6.83 6.41 6.06 6.60 7.37 8.17 8.03 7.07 7.30 7.83 8.08 7.87 7.61 7.43 7.34 7.27 7.23 7.17 7.20 7.23 7.13 7.14 7.60 7.60 7.37 7.60 7.97 7.55
-9999 -9999 -9999 -9999 -9999 -9999 -9999 -9999 -9999 -9999 -9999 -9999 8.05 8.94 13.51 7.97 4.35 6.49 7.00 8.64 11.18 11.17 8.78 8.35 8.32 6.70 7.27 7.93 9.03 8.81 7.16 7.16 7.01 7.35 7.89 6.79 6.58 7.14 6.99 7.28 7.47 7.02 7.22 6.96 6.58 6.36 6.17 6.23 6.31 6.96 7.19 6.79 6.03 6.33 7.32 8.32 7.73 8.21 8.14 7.85 7.84 8.65 7.94 7.99 7.58 7.43 7.24 7.17 7.14 7.09 7.08 7.07 7.08 7.82 7.66 7.29 7.40 7.88 7.73
-9999 -9999 -9999 -9999 -9999 -9999 -9999 -9999 -9999 -9999 -9999 -9999 8.60 10.66 4.96 6.41 5.67 7.05 7.38 11.75 10.36 11.79 9.25 8.30 6.63 5.70 6.34 9.20 10.98 11.91 7.64 8.92 7.71 7.74 7.56 6.22 6.45 6.75 7.00 7.34 6.80 6.84 7.93 7.28 6.51 6.44 7.32 6.09 6.47 6.74 6.60 6.22 6.05 6.60 7.05 7.41 7.52 7.58 7.15 7.37 8.15 8.46 7.59 7.48 7.53 7.36 7.22 7.08 6.94 6.98 6.96 6.99 7.03 7.28 7.17 7.34 7.21 7.56 7.50
-9999 -9999 -9999 -9999 -9999 -9999 -9999 -9999 -9999 -9999 -9999 -9999 -9999 5.68 6.96 8.91 10.94 11.72 9.77 10.24 8.65 6.28 6.37 5.87 6.79 6.96 6.17 7.48 7.99 10.84 8.88 7.75 7.40 8.52 8.14 6.33 7.12 6.31 6.50 8.42 6.84 6.64 6.58 6.76 6.22 6.25 7.58 7.02 6.43 6.83 6.48 6.28 6.58 7.21 6.83 6.77 6.53 7.25 6.78 7.99 8.23 7.51 7.35 7.77 7.53 7.12 6.98 6.86 6.81 6.85 6.85 6.88 6.88 6.91 6.94 7.14 7.07 7.02 7.17
-9999 -9999 -9999 -9999 -9999 -9999 -9999 -9999 -9999 -9999 -9999 -9999 -9999 6.71 8.02 9.11 10.75 12.99 11.80 9.03 6.87 5.71 7.31 9.20 10.85 12.31 9.30 7.09 7.64 8.75 8.32 6.61 9.23 8.42 8.28 7.07 7.71 6.64 6.31 6.89 7.99 7.52 6.83 6.38 6.13 6.39 7.18 6.96 6.61 6.60 6.94 7.11 7.27 7.59 6.89 6.63 7.71 7.79 7.85 7.75 8.04 7.32 7.61 7.99 7.08 6.83 6.77 6.69 6.72 6.71 6.70 6.73 6.74 6.77 6.70 6.57 6.38 6.28 6.53
-9999 -9999 -9999 -9999 -9999 -9999 -9999 -9999 -9999 -9999 -9999 -9999 7.20 5.89 6.99 8.88 9.87 9.16 9.10 7.47 8.66 12.84 10.36 10.53 10.44 8.57 7.73 8.36 8.72 7.31 6.78 7.40 8.97 8.78 8.23 6.99 7.86 6.34 6.30 7.53 6.97 7.29 7.28 6.63 6.21 6.36 7.11 6.98 6.38 6.58 6.60 6.53 7.19 6.85 7.72 7.25 7.86 7.24 7.53 7.68 7.00 6.90 7.65 7.52 6.68 6.59 6.81 6.59 6.66 6.66 6.73 6.70 6.60 6.55 6.35 6.55 6.73 6.74 6.13
-9999 -9999 -9999 -9999 -9999 -9999 -9999 -9999 -9999 -9999 -9999 -9999 9.11 7.49 6.50 6.19 7.80 11.23 11.06 10.09 8.89 9.52 10.81 11.80 11.68 8.17 10.01 11.06 7.59 9.52 6.24 6.99 8.47 9.97 7.23 7.66 6.46 5.80 6.11 6.71 9.02 7.60 7.56 7.07 6.73 6.70 6.89 6.66 6.28 6.37 6.29 6.24 6.21 7.27 7.71 7.69 8.17 7.27 6.85 6.83 6.47 6.82 7.23 6.97 6.65 7.01 6.82 7.02 6.67 6.66 6.79 6.83 6.53 6.35 6.14 6.06 6.72 6.75 6.79
-9999 -9999 -9999 -9999 -9999 -9999 -9999 -9999 -9999 -9999 -9999 -9999 7.97 7.13 4.29 5.22 7.56 11.40 10.12 10.65 8.64 10.26 9.74 8.49 9.20 9.78 9.59 8.35 7.27 7.77 10.08 7.01 6.86 7.01 7.23 8.47 7.11 5.77 6.01 6.59 6.91 6.84 7.69 7.28 6.94 7.02 6.42 6.00 6.46 6.61 6.66 6.15 6.66 7.69 7.67 6.91 7.04 7.69 6.79 6.95 6.07 6.84 6.92 6.31 6.37 6.65 6.28 6.51 6.48 6.54 6.59 6.50 6.36 6.29 6.11 6.33 5.89 6.20 6.47
-9999 -9999 -9999 -9999 -9999 -9999 -9999 -9999 -9999 -9999 -9999 7.58 8.39 9.91 7.17 5.11 8.34 9.52 11.67 11.82 7.54 7.97 7.30 8.52 9.84 8.34 8.23 9.90 8.65 8.02 7.70 6.87 6.12 6.32 7.29 7.22 6.89 6.55 6.03 5.79 6.41 6.81 6.38 6.84 6.63 7.13 6.41 6.32 6.40 6.03 5.92 6.17 7.18 7.05 7.06 6.50 7.15 7.20 6.80 6.02 6.66 6.69 6.69 6.88 6.61 6.33 6.35 6.31 6.45 6.53 6.43 6.33 6.17 6.07 6.10 6.33 6.22 6.29 6.56
-9999 -9999 -9999 -9999 -9999 -9999 -9999 -9999 -9999 -9999 8.95 8.76 9.10 7.10 5.32 7.85 10.59 11.24 9.84 11.52 8.29 9.40 8.00 7.53 12.91 8.90 9.50 7.81 8.15 7.00 6.81 7.12 7.98 7.06 8.68 7.09 7.36 6.15 5.82 5.87 6.11 6.49 6.32 6.53 6.87 6.95 5.83 6.32 6.23 6.27 6.36 6.62 7.14 6.50 7.14 6.72 6.85 6.10 5.95 6.86 7.10 6.65 6.78 6.68 6.07 6.57 6.73 6.78 6.78 6.54 6.29 6.08 6.22 6.18 6.69 6.85 6.95 6.95 6.36
-9999 -9999 -9999 -9999 -9999 -9999 -9999 -9999 10.10 9.01 8.06 6.47 5.83 5.94 6.23 9.20 10.38 11.83 13.29 11.70 9.74 6.48 8.91 8.29 11.48 9.07 8.38 8.48 7.32 7.06 6.25 7.21 8.78 8.16 8.15 6.26 6.41 6.17 6.04 6.49 6.15 6.54 6.13 6.37 6.61 5.99 5.86 6.11 6.80 6.56 7.23 7.72 7.25 6.81 6.39 6.19 6.74 7.02 6.68 6.90 6.08 6.71 6.85 6.33 5.81 6.03 6.92 6.90 6.97 6.31 6.09 5.91 6.12 6.95 7.23 6.97 7.60 7.34 7.02
-9999 -9999 -9999 -9999 9.41 8.71 7.76 10.64 10.71 10.79 10.57 7.92 6.89 6.29 10.63 9.30 11.17 11.51 11.22 8.56 7.55 6.07 7.50 7.32 12.73 11.30 9.40 7.51 7.89 7.39 8.81 6.45 7.95 8.22 7.77 7.09 6.31 5.84 6.55 6.05 5.57 6.68 6.05 6.18 5.80 6.00 6.44 6.86 6.16 6.88 6.54 6.87 7.63 7.50 7.21 6.92 7.27 7.14 6.71 6.29 6.87 6.04 6.00 5.94 5.81 6.53 6.83 6.96 6.45 6.02 6.09 6.29 7.18 7.27 6.86 7.44 6.70 6.95 7.20
-9999 -9999 -9999 10.55 8.74 9.32 8.70 8.19 9.71 9.04 9.30 7.34 6.10 9.21 9.89 10.35 7.55 12.21 8.84 6.79 11.29 8.71 5.87 11.95 10.19 9.20 5.87 6.06 6.92 9.72 7.17 6.60 6.49 6.66 8.11 7.74 7.49 6.21 6.25 5.68 5.58 6.33 6.11 5.90 5.88 6.18 6.72 6.47 8.01 6.49 6.21 6.59 7.30 6.84 6.80 6.45 6.52 6.86 6.56 6.99 6.42 5.91 5.97 6.28 5.97 6.29 6.40 6.01 5.92 5.94 6.08 6.32 6.73 7.40 7.33 7.36 6.95 6.80 6.81
-9999 -9999 10.40 10.06 7.63 7.32 7.43 8.18 7.58 8.01 7.24 7.80 11.58 9.08 7.83 10.95 6.15 8.51 8.45 11.37 10.83 11.46 9.37 8.99 7.59 5.22 9.57 9.54 6.65 7.12 6.73 6.45 6.83 6.31 6.52 7.96 8.12 6.03 5.62 5.58 5.99 5.50 5.22 5.68 7.95 6.33 6.15 6.65 7.30 6.73 6.30 6.81 7.27 7.22 7.63 7.09 6.36 6.19 6.13 6.87 6.51 6.01 6.71 6.64 6.17 6.29 6.17 6.00 6.26 6.37 6.42 6.68 6.77 7.40 6.86 6.74 6.98 6.57 6.61
9.09 10.50 8.35 8.21 8.76 7.81 7.35 9.14 8.05 8.02 8.08 10.60 10.08 8.52 9.39 8.86 7.07 6.96 10.18 10.68 9.17 9.32 10.85 7.84 4.90 9.58 11.10 8.94 9.01 6.83 7.14 6.50 6.81 8.47 6.66 8.46 6.86 5.93 5.56 5.73 7.06 4.98 5.39 8.91 6.68 6.27 6.26 6.80 7.54 6.40 6.52 6.81 6.56 7.06 7.07 6.62 6.27 6.52 6.18 6.44 6.70 6.70 6.33 6.07 5.92 5.93 6.36 7.59 7.00 7.72 7.17 6.31 7.38 7.25 7.41 7.17 6.99 7.06 6.69
8.19 10.53 13.16 11.90 11.32 8.56 9.49 10.96 9.77 9.28 11.13 9.45 8.77 10.86 8.13 5.96 6.78 7.15 9.66 9.45 8.91 8.35 7.88 6.37 7.91 15.99 12.27 9.16 7.16 7.67 7.18 8.55 7.08 7.48 6.63 6.51 6.39 6.33 5.72 5.40 5.34 5.00 8.06 8.58 7.75 6.57 6.26 8.46 7.13 6.53 6.75 6.38 7.02 6.97 6.73 6.10 7.04 6.69 6.14 7.49 7.24 6.29 6.08 6.04 5.96 6.43 7.29 7.61 7.38 7.75 7.11 6.76 7.45 7.44 7.00 7.33 7.22 7.39 7.27
8.24 9.34 9.73 9.14 7.90 9.62 8.60 10.21 7.45 8.52 10.60 9.68 8.13 9.04 5.91 5.46 8.89 9.75 8.54 7.19 8.99 6.29 5.38 5.33 9.80 12.55 12.92 7.25 8.03 8.27 8.50 7.68 6.39 7.55 7.04 6.79 6.22 6.39 5.25 4.88 5.71 5.74 8.06 7.82 7.24 6.28 6.99 8.27 7.67 7.25 6.82 6.96 6.83 6.53 6.24 6.31 6.76 7.08 6.76 6.59 6.51 6.26 7.17 7.70 6.39 6.62 7.27 7.44 6.96 7.35 7.26 7.28 7.34 6.96 7.17 7.09 7.16 6.90 7.18
7.81 8.29 7.95 8.50 7.94 8.05 9.10 7.79 8.46 7.26 7.00 6.85 6.44 6.00 7.94 7.06 10.44 15.81 8.19 8.29 8.73 12.61 12.11 5.18 4.88 13.70 10.30 8.66 9.28 10.31 8.30 6.41 5.80 7.86 8.19 6.89 6.15 5.73 5.10 4.98 6.04 8.31 8.46 7.17 6.86 6.63 6.45 6.48 7.37 6.81 6.70 6.47 6.15 5.95 6.02 6.93 6.77 6.59 6.65 5.91 6.09 6.94 6.87 7.46 6.86 6.77 6.71 6.83 7.21 7.34 7.32 7.34 7.42 6.87 6.71 7.15 7.12 6.68 7.00
7.49 8.22 7.30 7.75 7.81 7.94 7.00 6.91 7.72 7.02 8.22 7.10 8.87 6.07 9.01 10.92 10.86 11.77 12.47 10.07 11.87 13.67 9.04 10.60 8.88 4.66 9.68 9.88 7.08 7.53 5.97 7.51 7.36 9.98 9.03 6.75 6.01 5.30 5.04 6.04 8.51 7.19 8.62 7.20 6.96 7.60 6.56 7.55 6.32 6.56 6.22 6.01 5.91 6.16 6.26 6.40 6.17 6.06 5.84 6.04 6.99 7.78 7.26 6.62 7.15 6.57 7.30 6.59 6.47 6.65 6.87 7.09 7.18 7.16 6.56 7.01 7.02 6.85 7.24
7.65 7.25 8.57 9.51 10.81 9.57 8.23 7.52 6.86 7.28 9.79 7.30 8.36 5.87 7.78 8.27 7.42 6.30 8.74 8.00 10.09 10.26 12.38 10.66 11.13 9.78 13.45 8.26 7.19 6.69 7.62 7.13 9.45 8.90 8.94 6.10 5.65 5.11 8.28 8.85 8.34 8.54 6.91 7.37 7.54 7.30 6.46 6.35 6.34 6.08 5.95 5.97 5.98 6.55 6.67 6.90 6.37 5.77 5.81 6.59 8.13 6.67 7.08 7.11 6.66 6.50 6.56 6.19 6.24 6.68 6.40 6.87 6.96 6.91 6.93 7.04 6.68 6.51 7.44
8.11 7.64 7.77 9.10 9.09 9.55 8.81 8.15 7.70 7.39 7.82 9.95 6.64 10.27 9.29 9.15 10.01 8.48 6.45 6.59 8.35 7.53 9.52 9.56 8.18 12.19 12.07 6.93 7.71 5.84 6.54 8.22 8.90 8.03 7.25 5.85 5.38 6.90 6.39 7.95 7.67 7.06 7.32 7.05 6.73 6.63 5.92 5.64 5.64 5.68 7.10 6.03 6.74 6.18 6.14 5.78 5.68 5.92 6.78 7.85 7.41 7.03 7.17 6.98 6.63 6.68 6.99 7.23 5.96 6.67 7.37 6.81 6.60 6.99 6.35 6.68 7.50 7.05 6.81
8.48 8.83 9.38 10.19 -9999 -9999 -9999 -9999 8.47 8.37 9.32 7.16 6.24 7.69 7.80 7.55 7.09 4.00 11.93 12.43 7.97 6.89 7.16 8.74 9.62 11.26 8.69 7.33 6.39 5.63 9.38 8.13 9.32 6.55 6.27 5.90 5.78 7.72 6.19 7.55 7.39 6.67 6.76 6.55 6.25 5.81 5.53 5.44 5.57 5.71 6.85 6.21 6.54 6.53 6.05 5.94 5.93 7.29 7.14 7.39 7.45 7.48 6.28 6.30 6.17 7.10 7.40 7.00 5.87 6.54 7.18 7.01 6.67 7.34 6.97 6.93 7.34 7.47 7.08
