ML/MeanWindSpeed_1992-06_Actual.txt
ncols         180
nrows         290
xllcorner     -200000
yllcorner     -200000
cellsize      5000
NODATA_value  -9999
[rows 175 to 209 of 290, columns 79 to 157 of 180]
-9999 -9999 -9999 -9999 -9999 -9999 -9999 8.01 7.45 6.81 6.27 6.01 4.93 4.40 8.74 13.35 5.68 8.21 8.62 8.13 6.82 4.88 4.87 6.55 8.00 6.36 4.78 4.97 5.60 5.28 5.52 6.58 6.10 5.89 5.73 5.98 6.20 6.24 6.51 6.73 10.33 10.94 9.10 8.82 7.00 6.29 7.15 7.12 5.74 5.64 6.70 6.36 5.97 6.45 6.15 6.86 6.38 6.31 6.26 6.30 7.26 6.49 6.30 6.38 6.38 6.86 7.32 7.52 7.74 8.04 7.24 8.41 9.82 -9999 -9999 -9999 -9999 -9999 -9999
-9999 -9999 -9999 -9999 -9999 -9999 -9999 -9999 8.69 6.92 5.83 4.80 4.50 6.08 15.52 10.30 4.05 8.52 6.22 8.77 8.48 5.82 4.33 8.72 7.11 7.31 6.04 4.88 4.93 5.07 4.79 5.75 6.19 6.04 5.86 5.71 6.01 6.06 6.13 7.66 8.66 11.37 9.47 9.62 8.72 5.61 7.06 8.35 6.25 6.30 6.87 6.40 6.25 6.34 6.14 6.84 6.22 6.06 6.24 6.07 6.65 6.58 6.24 6.23 6.29 6.59 7.18 8.20 7.58 7.19 7.30 8.28 9.72 -9999 -9999 -9999 -9999 -9999 -9999
-9999 -9999 -9999 -9999 -9999 -9999 -9999 -9999 -9999 7.06 5.44 5.47 6.64 13.76 15.57 10.43 7.07 7.00 8.08 9.35 9.52 9.05 6.02 5.31 9.25 7.23 6.21 5.58 4.85 4.85 5.11 5.45 5.88 5.64 5.39 5.64 5.82 5.91 6.25 7.32 9.03 9.95 8.28 8.20 9.09 7.49 5.62 8.59 6.64 6.60 7.07 6.49 6.37 6.21 6.43 6.77 6.19 6.01 6.07 5.89 7.04 6.62 6.24 6.20 6.29 6.73 6.96 7.24 7.20 7.27 7.55 8.73 10.01 -9999 -9999 -9999 -9999 -9999 -9999
-9999 -9999 -9999 -9999 -9999 -9999 -9999 -9999 -9999 6.77 5.84 7.54 8.89 10.65 13.58 8.02 5.26 6.98 9.22 9.65 10.30 8.85 6.37 4.73 9.53 9.07 6.93 6.10 4.83 4.75 5.17 6.05 5.91 5.70 5.54 5.33 5.38 5.85 7.33 7.70 6.80 10.21 8.35 8.55 9.45 9.06 7.44 6.86 6.44 5.71 6.79 7.20 6.38 6.21 5.93 6.24 5.93 6.09 5.95 5.84 6.24 6.62 6.29 6.38 6.39 6.65 6.89 7.08 7.30 7.79 8.54 9.61 -9999 -9999 -9999 -9999 -9999 -9999 -9999
-9999 -9999 -9999 -9999 -9999 -9999 -9999 -9999 -9999 6.14 6.10 7.22 7.16 10.93 9.93 7.07 7.42 6.12 7.55 9.86 8.94 10.43 8.25 5.63 8.90 9.39 8.59 6.06 5.30 4.74 5.49 6.49 6.35 5.76 5.42 5.28 5.62 6.78 7.20 6.46 6.56 8.80 8.45 8.16 8.03 7.37 7.32 7.84 5.59 6.28 6.51 6.28 6.47 6.04 6.49 5.78 5.81 5.93 5.82 5.86 7.13 6.53 6.19 6.21 6.44 6.70 7.02 7.36 7.77 8.70 9.76 -9999 -9999 -9999 -9999 -9999 -9999 -9999 -9999
-9999 -9999 -9999 -9999 -9999 -9999 -9999 -9999 6.94 12.08 7.04 8.09 9.42 6.47 13.43 11.17 9.88 8.66 10.63 8.68 9.29 8.27 6.92 7.84 10.61 9.38 8.57 6.12 5.22 4.76 6.03 6.37 6.09 5.80 5.32 5.42 6.49 6.50 6.34 7.23 7.98 6.61 9.62 8.87 6.83 7.27 6.71 6.18 6.09 5.59 5.67 5.85 6.49 6.05 5.53 6.40 5.76 5.83 5.92 6.11 7.19 6.53 6.15 6.28 6.40 6.81 7.16 7.62 8.61 9.74 -9999 -9999 -9999 -9999 -9999 -9999 -9999 10.20 -9999
-9999 -9999 -9999 -9999 -9999 -9999 7.74 7.21 9.56 8.27 6.85 7.46 8.50 5.83 6.95 8.24 10.58 10.08 11.07 10.06 10.35 6.51 8.17 7.99 6.36 6.96 6.34 6.46 5.70 5.31 6.21 6.57 6.48 5.86 5.76 6.62 6.20 6.70 6.18 7.32 7.83 7.67 6.96 6.28 7.30 6.92 6.50 6.39 6.23 6.07 5.26 5.97 5.83 5.36 5.42 5.62 5.76 5.98 5.87 6.21 7.15 6.53 6.08 6.25 6.39 6.84 7.34 8.14 9.27 -9999 -9999 -9999 -9999 -9999 10.23 9.88 9.51 8.97 9.00
-9999 -9999 -9999 -9999 -9999 7.92 7.59 7.45 7.66 7.49 7.39 6.92 5.62 5.13 6.69 7.86 9.45 14.28 8.76 7.37 7.30 5.25 9.61 10.54 10.00 7.78 6.66 6.64 6.38 6.17 6.58 7.09 6.69 6.34 6.17 6.60 6.89 6.02 6.02 7.33 7.40 7.10 6.78 6.74 6.86 6.05 6.33 5.65 5.61 6.04 5.63 5.33 5.05 5.26 5.79 5.58 5.72 5.95 6.07 6.30 7.41 6.86 6.24 6.18 6.39 6.92 7.52 8.31 9.24 -9999 -9999 -9999 -9999 -9999 9.33 8.68 8.44 8.04 7.99
-9999 -9999 -9999 -9999 8.33 8.76 8.09 8.00 -9999 -9999 -9999 -9999 5.83 9.88 8.78 8.67 10.36 9.07 7.58 9.58 8.94 7.59 14.07 12.37 10.18 10.27 7.82 6.23 6.61 6.79 6.62 6.80 6.70 6.39 6.62 6.15 7.04 6.15 6.06 6.50 6.88 6.97 6.75 6.01 6.04 5.94 5.84 5.58 5.39 5.20 5.11 5.06 5.26 5.71 5.63 5.52 6.00 6.46 6.58 6.60 7.17 6.91 6.69 6.21 6.44 6.92 7.48 8.08 8.85 9.91 -9999 -9999 -9999 -9999 8.49 7.83 7.68 7.63 7.65
-9999 -9999 -9999 -9999 9.29 10.33 8.07 8.35 -9999 -9999 -9999 -9999 5.88 8.25 9.89 6.57 10.08 9.65 8.94 11.04 12.07 9.64 12.65 7.95 8.52 8.28 7.25 6.33 6.45 6.79 6.76 6.98 7.32 6.57 6.88 6.58 6.54 6.83 6.10 6.35 6.00 6.53 7.00 7.15 7.05 5.93 5.51 5.44 5.36 5.66 5.23 5.33 5.65 5.89 6.38 5.88 7.18 7.23 7.42 6.85 7.08 6.87 6.64 6.17 6.46 6.88 7.34 7.82 8.19 8.92 9.53 -9999 -9999 8.88 8.15 7.67 7.78 7.50 7.35
-9999 -9999 -9999 -9999 -9999 -9999 -9999 -9999 -9999 -9999 -9999 -9999 6.52 9.92 8.87 6.47 8.29 7.10 11.71 11.26 7.97 10.35 10.03 8.73 8.94 7.35 6.63 6.04 6.80 6.75 7.01 6.85 6.58 6.57 6.51 6.35 6.38 6.66 6.12 5.97 6.23 6.47 6.15 6.62 6.73 5.43 6.30 6.95 6.09 6.08 5.83 5.17 5.76 6.45 7.11 6.90 6.62 7.03 7.54 7.14 7.27 6.88 6.64 6.07 6.35 6.74 7.20 7.57 7.69 7.98 8.40 8.79 8.60 7.84 7.57 6.93 7.58 7.63 7.65
-9999 -9999 -9999 -9999 -9999 -9999 -9999 -9999 -9999 -9999 -9999 -9999 -9999 10.07 4.66 4.85 7.63 10.90 10.18 11.55 11.00 7.95 8.55 9.25 6.71 6.41 5.84 5.86 6.10 6.62 6.75 6.77 6.57 6.43 6.31 6.41 6.18 6.53 6.30 5.96 7.44 6.95 6.03 5.91 5.88 5.93 5.84 6.62 6.75 6.33 7.04 5.81 5.63 6.19 5.95 6.29 6.55 6.58 7.43 7.35 7.01 6.53 6.57 6.01 6.21 6.51 6.87 7.25 7.52 7.66 7.61 7.63 7.40 7.04 6.80 6.81 7.60 7.58 7.38
-9999 -9999 -9999 -9999 -9999 -9999 -9999 -9999 -9999 -9999 -9999 -9999 -9999 7.08 10.22 10.53 9.03 8.39 8.01 9.82 8.26 8.23 6.92 6.35 7.73 5.88 5.64 7.00 6.77 6.73 6.56 6.20 6.17 6.62 6.44 7.09 6.88 6.62 6.23 5.89 7.27 7.81 6.77 6.02 5.72 5.92 5.99 6.09 6.35 6.82 8.27 7.19 5.86 5.69 6.02 6.80 7.57 7.60 7.21 7.50 7.05 6.54 6.17 5.95 6.09 6.31 6.68 7.00 7.24 7.37 7.34 7.18 6.94 6.87 6.77 6.65 7.31 7.38 7.83
-9999 -9999 -9999 -9999 -9999 -9999 -9999 -9999 -9999 -9999 -9999 -9999 7.94 7.88 6.19 11.97 8.06 6.98 8.91 8.77 7.71 9.69 7.13 6.63 8.22 5.41 9.77 7.67 6.41 6.62 7.47 6.40 6.15 8.15 7.84 7.12 6.19 6.46 6.38 6.14 6.68 7.09 6.78 6.21 5.95 5.88 6.03 6.39 6.26 7.11 6.98 6.48 6.06 5.88 6.39 7.08 7.76 7.75 6.98 7.04 6.78 6.43 6.11 5.93 5.99 6.21 6.51 6.78 6.95 7.06 7.06 6.86 6.71 6.98 6.93 6.74 7.00 7.35 7.01
-9999 -9999 -9999 -9999 -9999 -9999 -9999 -9999 -9999 -9999 -9999 -9999 6.85 7.64 11.70 7.58 4.65 6.34 6.66 8.18 9.90 9.57 7.42 7.01 7.06 5.73 6.39 7.13 8.06 8.00 6.57 6.61 6.52 6.85 7.23 6.23 6.01 6.50 6.41 6.78 7.11 6.82 6.85 6.49 6.11 5.99 5.98 6.11 6.22 6.89 7.10 6.61 5.81 6.08 6.95 7.83 7.36 7.76 7.59 7.04 6.43 6.78 6.10 6.20 6.03 6.19 6.33 6.56 6.73 6.77 6.76 6.68 6.59 7.13 6.96 6.64 6.79 7.25 7.14
-9999 -9999 -9999 -9999 -9999 -9999 -9999 -9999 -9999 -9999 -9999 -9999 7.58 9.40 4.93 6.38 5.76 6.74 6.94 10.67 9.23 10.33 8.11 7.27 5.98 5.29 5.98 8.29 9.64 10.48 6.85 7.91 7.03 7.20 6.96 5.68 5.84 6.18 6.39 6.82 6.56 6.70 7.50 6.85 6.10 6.05 6.92 5.98 6.33 6.66 6.55 6.14 5.89 6.35 6.77 7.10 7.19 7.14 6.53 6.38 6.60 6.65 5.86 5.84 6.00 6.10 6.26 6.36 6.41 6.53 6.55 6.52 6.52 6.70 6.58 6.68 6.62 6.96 6.91
-9999 -9999 -9999 -9999 -9999 -9999 -9999 -9999 -9999 -9999 -9999 -9999 -9999 5.58 6.81 8.38 10.00 10.72 8.97 9.30 8.03 6.16 6.05 5.57 6.20 6.23 5.73 6.88 7.33 9.68 7.82 6.91 6.76 7.75 7.29 5.62 6.28 5.76 5.99 7.78 6.66 6.55 6.48 6.58 5.93 5.84 7.07 6.69 6.25 6.69 6.40 6.17 6.34 6.90 6.64 6.63 6.34 6.78 6.12 6.83 6.75 6.02 5.83 6.21 6.12 5.97 6.06 6.12 6.21 6.34 6.38 6.40 6.37 6.38 6.38 6.51 6.48 6.44 6.54
-9999 -9999 -9999 -9999 -9999 -9999 -9999 -9999 -9999 -9999 -9999 -9999 -9999 6.42 7.53 8.59 10.12 12.23 11.15 8.66 6.75 5.75 6.88 8.37 9.62 10.65 8.23 6.70 7.17 8.05 7.51 6.04 8.32 7.64 7.33 6.17 6.67 5.91 5.82 6.57 7.62 7.33 6.83 6.51 6.04 5.86 6.75 6.65 6.38 6.47 6.75 6.85 6.94 7.25 6.72 6.45 7.23 7.17 6.99 6.71 6.79 6.08 6.24 6.59 5.91 5.84 5.93 5.99 6.12 6.18 6.22 6.24 6.22 6.23 6.14 6.01 5.87 5.76 5.93
-9999 -9999 -9999 -9999 -9999 -9999 -9999 -9999 -9999 -9999 -9999 -9999 6.79 5.59 6.73 8.98 10.09 9.59 9.25 7.60 8.14 11.48 9.30 9.38 9.34 7.77 6.98 7.50 7.78 6.69 6.15 6.58 7.92 7.77 7.19 6.06 6.76 5.58 5.74 7.04 6.74 7.10 7.18 6.78 6.50 6.18 6.82 6.74 6.21 6.47 6.47 6.42 6.99 6.73 7.40 6.84 7.26 6.69 6.80 6.83 6.17 5.99 6.55 6.47 5.75 5.73 6.00 5.92 6.08 6.13 6.22 6.18 6.10 6.03 5.85 6.00 6.12 6.08 5.56
-9999 -9999 -9999 -9999 -9999 -9999 -9999 -9999 -9999 -9999 -9999 -9999 8.48 7.10 6.48 6.81 8.68 11.59 10.92 9.60 8.15 8.78 9.88 10.71 10.80 7.81 9.03 9.63 6.61 8.21 5.42 6.05 7.48 8.82 6.32 6.57 5.62 5.13 5.47 6.22 8.39 7.33 7.31 7.00 6.72 6.62 6.73 6.50 6.14 6.29 6.24 6.25 6.28 7.14 7.40 7.23 7.58 6.81 6.36 6.29 5.96 6.18 6.51 6.31 5.93 6.20 6.09 6.34 6.12 6.15 6.30 6.29 6.04 5.87 5.69 5.61 6.13 6.09 6.10
-9999 -9999 -9999 -9999 -9999 -9999 -9999 -9999 -9999 -9999 -9999 -9999 7.49 6.70 4.58 5.95 8.42 11.73 10.22 10.18 8.17 9.57 9.21 8.20 8.88 9.11 8.56 7.28 6.18 6.51 8.36 5.94 6.20 6.39 6.32 7.22 6.11 5.03 5.31 6.06 6.56 6.61 7.30 7.01 6.73 6.80 6.28 5.89 6.26 6.46 6.57 6.22 6.63 7.46 7.39 6.68 6.70 7.19 6.36 6.50 5.74 6.35 6.44 5.90 5.84 6.06 5.77 6.01 6.00 6.06 6.12 6.03 5.92 5.85 5.71 5.89 5.52 5.70 5.85
-9999 -9999 -9999 -9999 -9999 -9999 -9999 -9999 -9999 -9999 -9999 7.02 7.65 8.87 7.01 5.88 8.92 10.06 11.49 11.25 7.28 7.58 7.11 8.21 9.34 7.77 7.41 8.60 7.22 6.57 6.27 5.68 5.49 5.75 6.31 6.14 5.80 5.53 5.26 5.36 6.07 6.46 6.06 6.45 6.24 6.68 6.10 6.06 6.16 5.93 5.95 6.22 7.04 6.94 6.93 6.36 6.82 6.82 6.41 5.76 6.24 6.27 6.32 6.41 6.11 5.90 5.93 5.89 5.99 6.04 5.97 5.90 5.80 5.74 5.77 5.94 5.87 5.86 6.01
-9999 -9999 -9999 -9999 -9999 -9999 -9999 -9999 -9999 -9999 7.97 7.73 8.15 6.76 5.66 8.10 10.64 11.27 9.72 10.68 7.65 8.58 7.55 7.21 11.78 8.16 8.38 6.73 6.72 5.77 5.62 5.83 6.73 6.02 7.32 6.04 6.17 5.13 5.01 5.27 5.65 6.03 5.82 5.96 6.18 6.34 5.47 5.95 5.98 6.15 6.29 6.56 7.01 6.51 6.97 6.49 6.58 5.95 5.73 6.44 6.62 6.24 6.34 6.24 5.69 6.12 6.26 6.26 6.20 5.99 5.83 5.69 5.88 5.90 6.32 6.42 6.50 6.44 5.93
-9999 -9999 -9999 -9999 -9999 -9999 -9999 -9999 8.68 7.62 6.79 5.57 5.56 6.00 6.31 8.94 10.18 11.48 12.29 10.57 8.79 6.11 8.11 7.62 10.53 8.22 7.25 7.13 6.04 5.84 5.12 5.80 7.16 6.69 6.80 5.35 5.43 5.14 5.14 5.68 5.54 5.95 5.48 5.62 5.86 5.46 5.39 5.72 6.48 6.39 6.96 7.47 7.12 6.70 6.27 6.02 6.46 6.69 6.29 6.47 5.81 6.29 6.36 5.93 5.47 5.66 6.39 6.32 6.35 5.79 5.64 5.56 5.81 6.58 6.84 6.61 7.11 6.82 6.57
-9999 -9999 -9999 -9999 8.33 7.53 6.62 8.86 8.81 8.78 8.72 6.95 6.54 6.05 9.63 8.77 10.45 10.79 10.46 8.11 7.12 5.70 6.85 6.73 11.43 9.97 8.10 6.34 6.42 5.92 7.07 5.17 6.59 6.88 6.52 5.99 5.32 4.85 5.54 5.31 5.04 6.03 5.33 5.40 5.22 5.45 5.83 6.39 5.98 6.65 6.42 6.82 7.45 7.25 6.94 6.63 6.83 6.72 6.30 5.99 6.49 5.75 5.71 5.63 5.46 6.09 6.37 6.47 6.02 5.62 5.69 5.89 6.73 6.90 6.61 7.10 6.47 6.61 6.80
-9999 -9999 -9999 9.25 7.53 7.78 7.12 6.70 8.00 7.54 7.96 6.52 5.58 8.10 8.91 9.57 7.14 11.19 8.53 6.68 10.07 7.73 5.47 10.51 9.16 8.37 5.42 5.19 5.57 7.77 5.63 5.27 5.42 5.66 6.75 6.41 6.17 5.11 5.28 4.98 5.01 5.72 5.50 5.32 5.33 5.57 6.11 6.16 7.56 6.33 6.19 6.61 7.18 6.71 6.58 6.21 6.23 6.54 6.25 6.60 6.09 5.66 5.72 5.91 5.59 5.91 6.08 5.79 5.67 5.62 5.72 5.93 6.39 7.07 7.07 7.07 6.73 6.57 6.54
-9999 -9999 9.27 8.68 6.39 5.99 6.09 6.91 6.61 7.04 6.48 6.84 9.96 7.93 7.09 9.83 5.79 8.01 7.93 10.09 9.39 9.79 8.17 8.08 7.30 5.42 8.55 7.99 5.34 5.68 5.37 5.17 5.58 5.27 5.40 6.53 6.63 4.94 4.74 4.80 5.28 5.05 4.90 5.31 7.08 5.77 5.80 6.37 7.03 6.59 6.25 6.76 7.16 7.06 7.30 6.79 6.19 6.07 5.93 6.56 6.23 5.74 6.29 6.20 5.79 5.98 5.96 5.80 5.91 5.94 5.96 6.23 6.45 7.09 6.66 6.53 6.71 6.32 6.33
7.85 9.01 7.20 6.97 7.32 6.50 6.20 7.78 6.96 6.99 7.03 8.94 8.62 7.35 8.13 7.86 6.57 6.76 9.19 9.43 8.23 8.23 9.43 7.19 5.05 8.82 9.63 7.38 7.28 5.52 5.77 5.13 5.38 6.91 5.47 7.00 5.62 4.81 4.61 4.87 6.25 4.75 5.10 8.01 6.14 5.86 5.97 6.59 7.32 6.39 6.43 6.74 6.53 6.88 6.83 6.42 6.12 6.34 6.00 6.25 6.44 6.34 6.03 5.83 5.68 5.73 6.09 7.04 6.46 7.00 6.52 5.87 6.92 6.95 7.11 6.86 6.65 6.61 6.29
6.70 8.68 10.90 9.97 9.47 7.07 7.84 9.06 8.11 7.70 9.27 7.91 7.45 9.12 7.01 5.47 6.27 6.86 8.91 8.81 8.55 8.01 7.35 5.92 7.11 13.83 10.73 7.76 5.81 6.18 5.70 6.80 5.57 6.06 5.39 5.36 5.22 5.08 4.68 4.65 4.97 4.82 7.35 7.83 7.22 6.22 5.96 8.03 7.04 6.49 6.60 6.34 6.85 6.78 6.57 6.02 6.74 6.47 5.99 7.12 6.92 6.13 5.96 5.91 5.78 6.14 6.83 7.05 6.78 7.03 6.45 6.16 6.89 7.10 6.79 6.98 6.79 6.83 6.68
6.65 7.68 8.08 7.59 6.66 8.01 7.03 8.42 6.12 6.98 8.87 8.24 6.88 7.49 5.19 5.01 7.82 8.78 8.07 7.06 8.54 6.30 5.49 5.12 8.70 11.27 11.53 6.29 6.60 6.64 6.78 6.11 5.10 6.24 5.72 5.48 4.96 5.09 4.35 4.41 5.38 5.42 7.46 7.42 6.88 5.98 6.62 7.92 7.49 7.08 6.62 6.75 6.63 6.38 6.13 6.16 6.52 6.80 6.52 6.44 6.45 6.27 6.95 7.32 6.16 6.32 6.85 6.99 6.50 6.75 6.57 6.49 6.67 6.72 6.96 6.80 6.74 6.41 6.59
6.30 6.90 6.82 7.30 6.81 6.83 7.59 6.52 7.08 6.00 5.86 5.80 5.44 5.00 6.78 6.07 8.97 13.82 7.67 7.77 8.08 11.21 10.85 5.05 5.13 12.91 9.54 7.41 7.58 8.32 6.68 5.18 4.69 6.49 6.58 5.40 4.80 4.61 4.37 4.57 5.65 7.61 7.94 7.00 6.52 6.24 6.22 6.50 7.30 6.74 6.52 6.32 6.03 5.86 5.90 6.66 6.56 6.43 6.51 6.05 6.25 6.89 6.73 7.16 6.57 6.49 6.44 6.49 6.68 6.69 6.58 6.52 6.63 6.57 6.51 6.80 6.67 6.18 6.38
5.93 6.65 6.03 6.42 6.45 6.53 5.75 5.62 6.25 5.62 6.80 5.83 7.32 5.00 7.57 9.21 9.51 10.66 11.20 9.16 10.66 12.04 8.10 9.47 8.40 5.32 9.10 8.44 5.68 6.05 4.90 6.20 5.97 8.16 7.28 5.28 4.73 4.34 4.39 5.44 7.80 6.90 8.14 6.91 6.56 7.02 6.33 7.55 6.55 6.63 6.20 5.95 5.79 5.95 6.02 6.17 6.05 6.11 6.02 6.25 7.03 7.64 7.17 6.60 6.89 6.36 6.96 6.26 6.02 6.09 6.20 6.33 6.44 6.67 6.30 6.59 6.54 6.28 6.52
5.99 5.64 6.78 7.63 8.88 7.91 6.75 6.03 5.36 5.64 7.82 5.63 6.53 4.58 6.43 7.14 6.89 6.34 8.45 7.89 9.71 9.82 11.32 9.54 9.92 8.96 11.90 6.96 5.82 5.45 6.33 5.92 7.67 7.21 7.34 4.90 4.60 4.30 7.11 7.78 7.67 8.06 6.70 7.01 7.06 6.89 6.63 6.76 6.67 6.32 6.00 5.86 5.74 6.17 6.29 6.60 6.29 5.96 6.05 6.65 7.96 6.79 7.09 7.02 6.53 6.32 6.28 5.87 5.80 6.13 5.83 6.17 6.31 6.38 6.48 6.54 6.19 5.98 6.76
6.32 5.84 5.99 7.33 7.62 8.12 7.40 6.71 6.16 5.72 6.02 7.83 5.20 8.28 7.74 7.94 9.03 8.03 6.61 6.85 8.34 7.65 9.09 8.88 7.48 10.65 10.26 5.67 6.28 4.76 5.38 6.73 7.20 6.68 6.06 4.77 4.54 5.93 5.60 7.19 7.16 6.73 6.98 6.79 6.58 6.84 6.46 6.24 6.13 5.95 6.88 5.75 6.23 5.82 5.88 5.77 5.81 6.04 6.78 7.70 7.42 7.14 7.14 6.87 6.50 6.46 6.58 6.66 5.54 6.12 6.66 6.18 6.07 6.43 5.92 6.18 6.80 6.39 6.23
6.71 6.93 7.60 8.63 -9999 -9999 -9999 -9999 7.14 6.84 7.44 5.69 4.91 6.05 6.35 6.28 6.11 3.84 10.65 11.21 7.55 6.66 6.93 8.32 8.92 10.03 7.36 5.77 4.99 4.45 7.55 6.59 7.76 5.58 5.25 4.79 4.82 6.67 5.60 6.99 6.93 6.34 6.45 6.36 6.29 6.20 6.09 6.02 5.99 5.87 6.54 5.81 6.01 6.09 5.89 5.96 5.99 7.13 7.06 7.37 7.47 7.45 6.33 6.24 6.03 6.69 6.84 6.44 5.44 5.99 6.53 6.41 6.15 6.71 6.40 6.31 6.64 6.79 6.48
