ML/MeanWindSpeed_2000-02_Actual.txt
ncols         180
nrows         290
xllcorner     -200000
yllcorner     -200000
cellsize      5000
NODATA_value  -9999
[rows 102 to 135 of 290, columns 77 to 153 of 180]
-9999 17.05 18.35 19.41 7.59 23.23 17.38 15.97 11.31 24.44 15.10 25.13 15.46 14.73 24.06 12.99 7.48 17.57 23.97 24.13 14.72 15.99 17.61 16.38 13.92 12.57 11.79 11.67 16.66 14.54 14.55 14.33 15.03 15.60 15.58 16.30 -9999 -9999 -9999 -9999 -9999 -9999 -9999 -9999 -9999 -9999 -9999 -9999 -9999 -9999 -9999 -9999 -9999 -9999 -9999 -9999 -9999 -9999 -9999 -9999 -9999 -9999 -9999 -9999 -9999 -9999 -9999 -9999 -9999 -9999 -9999 -9999 -9999 -9999 -9999 -9999 -9999
15.08 12.67 8.94 9.61 15.92 24.95 9.37 12.49 23.24 16.47 16.99 22.98 23.93 19.55 9.04 17.84 18.07 22.96 19.99 16.45 21.85 23.16 17.88 14.55 11.81 11.50 13.24 18.09 15.16 13.89 14.77 13.91 14.01 14.86 -9999 -9999 -9999 -9999 -9999 -9999 -9999 -9999 -9999 -9999 -9999 -9999 -9999 -9999 -9999 -9999 -9999 -9999 -9999 -9999 -9999 -9999 -9999 -9999 -9999 -9999 -9999 -9999 -9999 -9999 -9999 -9999 -9999 -9999 -9999 -9999 -9999 -9999 -9999 -9999 -9999 -9999 -9999
13.78 14.13 15.53 12.79 16.33 8.95 7.06 11.73 17.35 14.64 11.40 11.20 13.77 16.90 21.66 13.72 17.52 16.21 20.03 22.43 19.06 18.34 15.66 13.40 11.69 11.65 15.12 14.96 12.79 12.72 12.90 14.16 14.17 -9999 -9999 -9999 -9999 -9999 -9999 -9999 -9999 -9999 -9999 -9999 -9999 -9999 -9999 -9999 -9999 -9999 -9999 -9999 -9999 -9999 -9999 -9999 -9999 -9999 -9999 -9999 -9999 -9999 -9999 -9999 -9999 -9999 -9999 -9999 -9999 -9999 -9999 -9999 -9999 -9999 -9999 -9999 -9999
16.48 14.49 18.15 13.09 8.86 11.82 17.63 17.89 15.54 13.14 14.79 20.57 14.55 17.72 11.36 14.68 19.97 14.36 11.18 11.49 13.68 12.25 11.71 12.68 12.86 11.38 12.94 12.27 12.16 15.08 14.16 14.31 14.22 -9999 -9999 -9999 -9999 -9999 -9999 -9999 -9999 -9999 -9999 -9999 -9999 -9999 -9999 -9999 -9999 -9999 -9999 -9999 -9999 -9999 -9999 -9999 -9999 -9999 -9999 -9999 -9999 -9999 -9999 -9999 -9999 -9999 -9999 -9999 -9999 -9999 -9999 -9999 -9999 -9999 -9999 -9999 -9999
15.49 16.32 13.71 15.29 19.59 18.17 21.46 13.22 17.83 9.51 20.34 11.75 23.30 12.30 16.25 24.86 16.81 13.44 16.62 15.35 11.78 11.20 10.08 9.99 11.79 10.76 10.64 12.56 13.25 13.09 13.20 11.80 13.52 14.74 -9999 -9999 -9999 -9999 -9999 -9999 -9999 -9999 -9999 -9999 -9999 -9999 -9999 -9999 -9999 -9999 -9999 -9999 -9999 -9999 -9999 -9999 -9999 -9999 -9999 -9999 -9999 -9999 -9999 -9999 -9999 -9999 -9999 -9999 -9999 -9999 -9999 -9999 -9999 -9999 -9999 -9999 -9999
16.69 16.49 10.21 18.95 14.53 9.19 14.80 20.24 19.53 9.81 20.19 17.58 18.65 14.41 19.92 16.53 18.39 22.63 17.83 15.64 13.11 11.39 11.65 13.68 14.52 16.31 15.70 13.56 11.99 11.21 14.09 12.55 15.46 15.66 17.18 -9999 -9999 -9999 -9999 -9999 -9999 -9999 -9999 -9999 -9999 -9999 -9999 -9999 -9999 -9999 -9999 -9999 -9999 -9999 -9999 -9999 -9999 -9999 -9999 -9999 -9999 -9999 -9999 -9999 -9999 -9999 -9999 -9999 -9999 -9999 -9999 -9999 -9999 -9999 -9999 -9999 -9999
17.25 12.67 17.49 17.94 13.60 8.71 17.16 19.69 24.17 12.09 19.68 16.41 17.19 16.47 17.52 11.47 13.79 15.41 14.38 10.97 12.70 15.38 19.81 18.74 17.07 14.68 14.13 15.90 11.28 13.16 14.73 15.58 16.16 16.57 17.34 17.67 -9999 -9999 -9999 -9999 -9999 -9999 -9999 -9999 -9999 -9999 -9999 -9999 -9999 -9999 -9999 -9999 -9999 -9999 -9999 -9999 -9999 -9999 -9999 -9999 -9999 -9999 -9999 -9999 -9999 -9999 -9999 -9999 -9999 -9999 -9999 -9999 -9999 -9999 -9999 -9999 -9999
11.92 18.13 21.48 11.83 9.15 15.00 22.29 16.96 8.98 12.86 29.22 14.86 14.27 16.17 16.22 13.34 12.31 10.06 10.03 14.52 21.62 20.81 17.96 16.43 13.21 12.43 13.33 15.36 13.57 14.96 14.66 14.47 15.61 16.21 16.75 -9999 -9999 -9999 -9999 -9999 -9999 -9999 -9999 -9999 -9999 -9999 -9999 -9999 -9999 -9999 -9999 -9999 -9999 -9999 -9999 -9999 -9999 -9999 -9999 -9999 -9999 -9999 -9999 -9999 -9999 -9999 -9999 -9999 -9999 -9999 -9999 -9999 -9999 -9999 -9999 -9999 -9999
14.43 15.60 14.29 12.90 19.93 11.95 18.99 20.00 19.92 14.72 12.85 24.77 15.70 12.90 11.27 10.95 10.38 9.80 9.61 14.78 12.68 11.71 10.64 12.83 15.47 13.90 14.21 13.76 14.21 16.32 16.23 -9999 -9999 -9999 -9999 -9999 -9999 -9999 -9999 -9999 -9999 -9999 -9999 -9999 -9999 -9999 -9999 -9999 -9999 -9999 -9999 -9999 -9999 -9999 -9999 -9999 -9999 -9999 -9999 -9999 -9999 -9999 -9999 -9999 -9999 -9999 -9999 -9999 -9999 -9999 -9999 -9999 -9999 -9999 -9999 -9999 -9999
16.63 14.35 10.22 18.66 18.94 21.55 22.34 11.04 20.47 20.39 11.80 16.32 17.07 12.51 11.84 13.18 15.22 17.15 12.55 11.74 11.55 11.90 12.54 13.59 15.14 14.28 14.61 15.98 15.98 -9999 -9999 -9999 -9999 -9999 -9999 -9999 -9999 -9999 -9999 -9999 -9999 -9999 -9999 -9999 -9999 -9999 -9999 -9999 -9999 -9999 -9999 -9999 -9999 -9999 -9999 -9999 -9999 -9999 -9999 -9999 -9999 -9999 -9999 -9999 -9999 -9999 -9999 -9999 -9999 -9999 -9999 -9999 -9999 -9999 -9999 -9999 -9999
15.28 12.34 19.08 14.23 19.74 22.86 19.25 16.16 21.37 21.30 12.65 11.92 10.05 10.00 11.06 12.48 17.20 19.40 15.71 13.61 12.03 11.88 13.48 13.03 13.75 14.63 17.35 18.96 17.17 -9999 -9999 -9999 -9999 -9999 -9999 -9999 -9999 -9999 -9999 -9999 -9999 -9999 -9999 -9999 -9999 -9999 -9999 -9999 -9999 -9999 -9999 -9999 -9999 -9999 -9999 -9999 -9999 -9999 -9999 -9999 -9999 -9999 -9999 -9999 -9999 -9999 -9999 -9999 -9999 -9999 -9999 -9999 -9999 -9999 -9999 -9999 -9999
-9999 14.98 18.92 14.74 19.83 19.52 21.39 14.67 13.18 14.95 13.83 12.94 12.31 9.15 20.08 20.40 19.06 19.51 15.37 11.95 11.95 11.86 12.12 12.08 12.48 14.14 13.97 -9999 -9999 -9999 -9999 -9999 16.47 15.18 15.49 15.07 -9999 -9999 -9999 -9999 -9999 -9999 -9999 -9999 -9999 -9999 -9999 -9999 -9999 -9999 -9999 -9999 -9999 -9999 -9999 -9999 -9999 -9999 -9999 -9999 -9999 -9999 -9999 -9999 -9999 -9999 -9999 -9999 -9999 -9999 -9999 -9999 -9999 -9999 -9999 -9999 -9999
-9999 15.59 20.96 14.92 12.56 25.09 14.49 14.13 12.93 11.55 12.62 14.78 18.24 13.71 13.77 12.36 12.76 12.26 12.93 13.35 13.88 13.60 12.78 13.39 14.03 13.67 13.45 14.43 15.77 -9999 -9999 14.31 13.53 13.06 11.78 12.53 13.91 15.13 -9999 -9999 -9999 -9999 -9999 -9999 -9999 -9999 -9999 -9999 -9999 -9999 -9999 -9999 -9999 -9999 -9999 -9999 -9999 -9999 -9999 -9999 -9999 -9999 -9999 -9999 -9999 -9999 -9999 -9999 -9999 -9999 -9999 -9999 -9999 -9999 -9999 -9999 -9999
14.30 18.76 15.92 16.80 18.89 20.57 13.84 15.05 17.33 16.19 14.76 11.86 12.00 12.96 12.28 12.30 11.93 11.86 12.83 14.24 14.16 13.03 14.66 15.20 12.60 11.45 11.95 12.84 14.86 13.56 13.62 13.80 12.14 9.91 10.77 14.21 15.15 17.73 13.96 -9999 -9999 -9999 -9999 -9999 -9999 -9999 -9999 -9999 -9999 -9999 -9999 -9999 -9999 -9999 -9999 -9999 -9999 -9999 -9999 -9999 -9999 -9999 -9999 -9999 -9999 -9999 -9999 -9999 -9999 -9999 -9999 -9999 -9999 -9999 -9999 -9999 -9999
19.87 16.41 20.64 18.93 15.85 14.51 -9999 17.23 19.82 15.42 13.44 11.53 11.16 11.08 11.62 12.40 12.02 12.13 14.65 15.03 15.23 14.08 12.99 12.64 11.15 11.57 12.56 14.56 12.96 11.52 13.74 12.23 11.40 10.17 12.19 14.98 15.70 17.19 15.47 17.46 19.21 15.70 -9999 -9999 -9999 -9999 -9999 -9999 -9999 -9999 -9999 -9999 -9999 -9999 -9999 -9999 -9999 -9999 -9999 -9999 -9999 -9999 -9999 -9999 -9999 -9999 -9999 -9999 -9999 -9999 -9999 -9999 -9999 -9999 -9999 -9999 -9999
24.73 18.02 -9999 17.97 19.41 15.01 -9999 18.54 22.72 16.33 14.58 11.95 11.80 11.20 11.36 10.60 10.77 11.28 12.98 15.94 15.99 15.94 13.63 12.78 13.43 14.78 17.55 15.57 12.05 10.31 11.95 11.86 11.67 17.16 18.40 15.71 15.92 15.02 15.08 15.59 13.69 15.39 -9999 -9999 -9999 -9999 -9999 -9999 -9999 -9999 -9999 -9999 -9999 -9999 -9999 -9999 -9999 -9999 -9999 -9999 -9999 -9999 -9999 -9999 -9999 -9999 -9999 -9999 -9999 -9999 -9999 -9999 -9999 -9999 -9999 -9999 -9999
20.38 18.06 -9999 -9999 19.68 16.46 15.37 18.33 19.98 13.11 13.18 15.30 13.23 12.28 11.91 15.13 12.40 10.83 12.25 13.55 15.60 16.34 17.08 14.46 16.89 17.82 15.61 14.20 13.70 12.35 12.98 14.28 15.05 14.81 18.07 16.17 15.57 15.61 12.13 12.05 13.54 15.53 16.67 -9999 -9999 -9999 -9999 -9999 -9999 -9999 -9999 -9999 -9999 -9999 -9999 -9999 -9999 -9999 -9999 -9999 -9999 -9999 -9999 -9999 -9999 -9999 -9999 -9999 -9999 -9999 -9999 -9999 -9999 -9999 -9999 -9999 -9999
-9999 -9999 -9999 -9999 -9999 17.65 15.67 19.72 15.68 11.85 12.60 14.09 15.63 14.06 13.05 14.94 15.72 13.91 11.68 14.50 17.53 16.17 15.56 15.94 17.84 16.21 14.08 14.31 14.17 17.53 16.69 14.75 14.02 12.77 15.88 15.42 14.66 15.61 12.81 11.99 12.02 12.30 13.52 -9999 -9999 -9999 -9999 -9999 -9999 -9999 -9999 -9999 -9999 -9999 -9999 -9999 -9999 -9999 -9999 -9999 -9999 -9999 -9999 -9999 -9999 -9999 -9999 -9999 -9999 -9999 -9999 -9999 -9999 -9999 -9999 -9999 -9999
15.27 20.97 22.46 -9999 -9999 -9999 17.46 18.38 14.97 13.01 12.20 12.81 14.70 15.54 16.32 17.22 16.38 16.04 14.93 12.24 17.24 15.93 15.37 15.67 14.47 13.84 15.94 13.64 17.38 21.49 19.45 16.45 16.35 13.03 14.37 14.11 14.64 15.14 12.69 11.65 11.44 11.62 13.10 14.26 -9999 -9999 -9999 -9999 -9999 -9999 -9999 -9999 -9999 -9999 -9999 -9999 -9999 -9999 -9999 -9999 -9999 -9999 -9999 -9999 -9999 -9999 -9999 -9999 -9999 -9999 -9999 -9999 -9999 -9999 -9999 -9999 -9999
19.63 22.33 24.64 18.51 -9999 -9999 -9999 17.41 15.72 13.12 12.06 12.02 12.41 14.60 15.24 15.29 14.65 15.29 15.91 16.26 15.03 15.25 15.07 16.74 15.61 18.45 12.88 13.93 13.38 14.23 19.28 18.82 16.02 14.69 12.95 12.76 13.27 13.57 11.80 11.34 10.72 11.73 12.63 12.60 13.36 -9999 -9999 -9999 -9999 -9999 -9999 -9999 -9999 -9999 -9999 -9999 -9999 -9999 -9999 -9999 -9999 -9999 -9999 -9999 -9999 -9999 -9999 -9999 -9999 -9999 -9999 -9999 -9999 -9999 -9999 -9999 -9999
15.62 20.82 22.22 17.01 -9999 -9999 -9999 -9999 -9999 14.82 12.95 11.09 10.78 11.50 12.04 14.06 18.13 18.52 16.97 15.92 15.16 16.82 15.88 15.45 14.40 17.22 12.35 14.07 15.18 13.83 11.09 13.45 12.57 13.99 11.96 13.49 12.74 11.07 10.73 10.45 10.49 10.00 12.77 12.91 12.43 12.72 -9999 -9999 -9999 -9999 -9999 -9999 -9999 -9999 -9999 -9999 -9999 -9999 -9999 -9999 -9999 -9999 -9999 -9999 -9999 -9999 -9999 -9999 -9999 -9999 -9999 -9999 -9999 -9999 -9999 -9999 -9999
16.45 16.77 25.54 19.18 -9999 -9999 -9999 -9999 -9999 15.88 14.46 13.86 11.74 13.83 16.49 15.83 18.46 19.75 18.85 16.12 17.63 16.30 15.00 16.88 17.22 11.73 22.08 14.88 18.51 14.28 17.19 16.66 11.73 14.39 12.51 11.68 10.74 11.16 12.68 13.14 11.69 11.74 9.52 12.04 14.15 11.96 14.02 15.27 -9999 -9999 -9999 -9999 -9999 -9999 -9999 -9999 -9999 -9999 -9999 -9999 -9999 -9999 -9999 -9999 -9999 -9999 -9999 -9999 -9999 -9999 -9999 -9999 -9999 -9999 -9999 -9999 -9999
-9999 21.37 24.85 24.00 -9999 -9999 -9999 -9999 -9999 15.95 13.79 13.38 12.32 13.17 15.41 13.57 15.19 16.00 18.57 17.13 16.63 15.16 17.97 21.95 18.03 15.51 23.55 20.65 15.01 15.95 13.69 11.48 13.46 14.25 12.48 12.82 12.49 10.28 10.59 10.79 13.12 16.70 12.95 11.60 12.93 13.20 12.37 13.90 -9999 -9999 -9999 -9999 -9999 -9999 -9999 -9999 -9999 -9999 -9999 -9999 -9999 -9999 -9999 -9999 -9999 -9999 -9999 -9999 -9999 -9999 -9999 -9999 -9999 -9999 -9999 -9999 -9999
-9999 18.97 21.05 22.88 -9999 -9999 -9999 -9999 -9999 15.18 13.34 12.70 12.62 12.73 13.31 14.33 18.72 21.08 18.09 18.75 14.99 14.96 15.05 17.85 12.34 19.09 17.31 14.63 16.19 17.42 11.78 14.90 12.88 13.88 13.48 10.69 11.97 12.01 10.99 10.09 18.01 18.78 16.83 11.31 12.36 13.09 12.30 13.95 -9999 -9999 -9999 -9999 -9999 -9999 -9999 -9999 -9999 -9999 -9999 -9999 -9999 -9999 -9999 -9999 -9999 -9999 -9999 -9999 -9999 -9999 -9999 -9999 -9999 -9999 -9999 -9999 -9999
-9999 -9999 -9999 -9999 -9999 -9999 -9999 -9999 18.50 15.03 13.90 12.60 13.23 14.09 13.08 14.83 15.78 18.98 16.60 16.26 19.27 16.80 18.26 17.67 16.98 20.30 18.91 12.82 14.32 15.88 15.03 13.81 14.40 11.37 12.76 13.31 10.30 11.59 10.75 14.50 16.35 20.29 17.42 11.53 11.16 10.71 12.08 13.86 -9999 -9999 -9999 -9999 -9999 -9999 -9999 -9999 -9999 -9999 -9999 -9999 -9999 -9999 -9999 -9999 -9999 -9999 -9999 -9999 -9999 -9999 -9999 -9999 -9999 -9999 -9999 -9999 -9999
-9999 -9999 -9999 -9999 -9999 -9999 -9999 -9999 19.66 12.47 12.49 14.59 16.53 15.68 13.64 13.98 14.94 12.40 13.54 18.52 19.55 17.05 15.70 12.82 10.65 18.92 12.11 13.15 12.98 13.95 13.72 12.31 10.11 13.60 12.98 12.38 10.93 11.24 13.93 15.76 15.08 17.33 16.90 11.90 9.94 10.64 13.36 12.72 -9999 -9999 -9999 -9999 -9999 -9999 -9999 -9999 -9999 -9999 -9999 -9999 -9999 -9999 -9999 -9999 -9999 -9999 -9999 -9999 -9999 -9999 -9999 -9999 -9999 -9999 -9999 -9999 -9999
-9999 -9999 -9999 -9999 -9999 -9999 -9999 17.78 15.94 10.64 12.93 14.97 13.29 16.28 18.72 17.70 20.57 17.92 14.84 12.93 13.75 17.38 16.13 13.53 8.77 11.91 17.13 12.89 15.91 12.55 12.69 9.70 10.54 13.04 11.84 11.97 13.26 15.38 17.58 16.65 14.66 13.40 12.85 11.35 14.12 15.26 13.50 13.18 -9999 -9999 -9999 -9999 -9999 -9999 -9999 -9999 -9999 -9999 -9999 -9999 -9999 -9999 -9999 -9999 -9999 -9999 -9999 -9999 -9999 -9999 -9999 -9999 -9999 -9999 -9999 -9999 -9999
-9999 -9999 -9999 -9999 -9999 -9999 -9999 15.48 11.12 14.98 13.13 15.64 12.90 16.60 16.89 20.48 19.46 19.69 17.70 15.09 11.43 21.95 21.16 13.99 8.47 13.23 16.18 11.97 12.57 14.67 10.69 13.46 15.25 12.99 14.78 15.19 19.39 13.55 13.07 14.30 15.33 15.35 12.15 10.43 12.75 12.99 12.43 13.08 15.14 -9999 -9999 -9999 -9999 -9999 -9999 -9999 -9999 -9999 -9999 -9999 -9999 -9999 -9999 -9999 -9999 -9999 -9999 -9999 -9999 -9999 -9999 -9999 -9999 -9999 -9999 -9999 -9999
-9999 -9999 -9999 -9999 -9999 -9999 14.91 16.69 15.93 14.91 16.09 16.14 14.12 12.59 18.28 17.79 19.72 19.23 18.94 13.74 9.61 14.24 16.69 15.26 10.43 10.11 12.49 11.89 11.68 12.34 16.77 12.32 11.98 12.35 11.12 18.00 15.61 18.13 16.12 12.18 13.38 14.21 15.17 16.32 12.61 12.11 12.06 13.29 15.08 -9999 -9999 -9999 -9999 -9999 -9999 -9999 -9999 -9999 -9999 -9999 -9999 -9999 -9999 -9999 -9999 -9999 -9999 -9999 -9999 -9999 -9999 -9999 -9999 -9999 -9999 -9999 -9999
-9999 -9999 -9999 -9999 -9999 -9999 16.73 15.58 13.68 18.66 17.71 15.19 14.96 18.90 13.55 15.21 18.44 16.47 16.47 11.74 9.48 12.70 14.54 16.80 10.32 10.40 10.31 11.18 9.35 14.52 10.29 15.83 13.33 10.58 18.42 11.60 13.77 15.21 14.34 15.37 11.87 12.21 15.76 15.35 13.16 13.91 13.44 13.44 15.28 -9999 -9999 -9999 -9999 -9999 -9999 -9999 -9999 -9999 -9999 -9999 -9999 -9999 -9999 -9999 -9999 -9999 -9999 -9999 -9999 -9999 -9999 -9999 -9999 -9999 -9999 -9999 -9999
-9999 -9999 -9999 -9999 -9999 17.56 14.36 13.05 16.19 13.69 14.11 22.34 17.97 17.66 13.33 15.30 16.29 14.35 16.23 15.04 12.59 14.90 14.50 11.22 9.49 10.18 12.20 12.25 15.65 12.35 10.89 16.14 11.25 12.35 18.51 13.12 11.79 10.77 13.20 15.01 14.15 14.99 15.41 13.42 13.08 13.15 12.62 13.11 14.90 -9999 -9999 -9999 -9999 -9999 -9999 -9999 -9999 -9999 -9999 -9999 -9999 -9999 -9999 -9999 -9999 -9999 -9999 -9999 -9999 -9999 -9999 -9999 -9999 -9999 -9999 -9999 -9999
-9999 -9999 -9999 -9999 15.32 15.71 15.98 12.74 13.42 13.57 12.46 15.97 15.50 22.77 13.22 12.69 14.16 14.79 15.39 15.98 13.97 11.93 10.71 13.82 10.31 9.64 12.05 12.90 13.12 12.97 11.21 13.43 9.45 11.47 16.81 15.48 15.88 14.52 13.68 12.32 12.38 15.44 14.34 13.53 13.44 13.29 13.38 12.68 14.00 15.91 -9999 -9999 -9999 -9999 -9999 -9999 -9999 -9999 -9999 -9999 -9999 -9999 -9999 -9999 -9999 -9999 -9999 -9999 -9999 -9999 -9999 -9999 -9999 -9999 -9999 -9999 -9999
-9999 -9999 -9999 -9999 17.18 20.27 16.09 15.01 13.44 11.82 10.53 21.80 18.27 15.74 15.54 12.47 12.61 13.94 13.80 19.23 13.55 11.21 10.51 10.93 14.24 10.89 13.85 13.21 14.25 13.36 12.76 11.93 13.04 10.25 13.36 14.45 13.68 15.22 13.58 12.20 11.86 13.68 13.05 14.81 13.96 12.63 11.70 12.90 13.98 15.40 -9999 -9999 -9999 -9999 -9999 -9999 -9999 -9999 -9999 -9999 -9999 -9999 -9999 -9999 -9999 -9999 -9999 -9999 -9999 -9999 -9999 -9999 -9999 -9999 -9999 -9999 -9999
-9999 -9999 17.48 16.05 18.19 16.14 15.23 16.42 13.97 13.07 11.01 17.01 16.02 16.65 15.33 14.51 11.80 14.44 15.10 14.01 14.11 13.47 10.56 11.08 12.88 12.55 12.63 13.50 14.19 13.23 12.47 13.35 11.80 10.58 14.64 13.25 12.82 13.22 15.78 14.08 12.84 10.60 12.31 13.38 13.17 12.68 11.93 12.54 13.49 15.13 -9999 -9999 -9999 -9999 -9999 -9999 -9999 -9999 -9999 -9999 -9999 -9999 -9999 -9999 -9999 -9999 -9999 -9999 -9999 -9999 -9999 -9999 -9999 -9999 -9999 -9999 -9999
