ML/MeanWindSpeed_1998-11_Actual.txt
ncols         180
nrows         290
xllcorner     -200000
yllcorner     -200000
cellsize      5000
NODATA_value  -9999
[rows 105 to 139 of 290, columns 78 to 155 of 180]
10.62 14.01 9.35 5.98 9.06 14.28 14.29 12.42 10.98 12.79 18.17 12.69 15.52 9.83 12.71 17.23 11.56 7.94 7.85 9.67 8.27 7.59 8.32 8.47 7.15 8.61 7.98 7.85 10.27 9.22 9.20 9.30 -9999 -9999 -9999 -9999 -9999 -9999 -9999 -9999 -9999 -9999 -9999 -9999 -9999 -9999 -9999 -9999 -9999 -9999 -9999 -9999 -9999 -9999 -9999 -9999 -9999 -9999 -9999 -9999 -9999 -9999 -9999 -9999 -9999 -9999 -9999 -9999 -9999 -9999 -9999 -9999 -9999 -9999 -9999 -9999 -9999 -9999
12.60 10.22 11.57 16.08 14.90 17.61 10.07 14.81 7.83 17.71 10.15 20.71 11.01 14.55 22.25 14.48 10.59 12.71 11.13 7.60 6.89 5.75 5.62 7.40 6.63 6.50 8.11 8.65 8.31 8.11 6.69 8.41 9.89 -9999 -9999 -9999 -9999 -9999 -9999 -9999 -9999 -9999 -9999 -9999 -9999 -9999 -9999 -9999 -9999 -9999 -9999 -9999 -9999 -9999 -9999 -9999 -9999 -9999 -9999 -9999 -9999 -9999 -9999 -9999 -9999 -9999 -9999 -9999 -9999 -9999 -9999 -9999 -9999 -9999 -9999 -9999 -9999 -9999
12.97 7.15 15.15 11.48 6.58 11.80 16.77 16.36 7.88 17.45 15.36 16.58 12.88 17.82 14.66 15.93 18.95 13.84 11.19 8.46 6.86 7.32 9.28 10.12 11.81 11.06 8.88 7.43 6.57 9.10 7.61 10.26 10.64 12.47 -9999 -9999 -9999 -9999 -9999 -9999 -9999 -9999 -9999 -9999 -9999 -9999 -9999 -9999 -9999 -9999 -9999 -9999 -9999 -9999 -9999 -9999 -9999 -9999 -9999 -9999 -9999 -9999 -9999 -9999 -9999 -9999 -9999 -9999 -9999 -9999 -9999 -9999 -9999 -9999 -9999 -9999 -9999 -9999
9.67 13.94 14.52 10.64 6.22 13.95 16.37 20.43 9.72 16.90 13.94 14.88 14.34 15.30 9.79 11.45 12.36 10.98 7.45 8.71 11.06 15.07 14.03 12.52 10.39 9.82 11.29 6.98 8.60 10.03 10.70 11.14 11.58 12.67 13.34 -9999 -9999 -9999 -9999 -9999 -9999 -9999 -9999 -9999 -9999 -9999 -9999 -9999 -9999 -9999 -9999 -9999 -9999 -9999 -9999 -9999 -9999 -9999 -9999 -9999 -9999 -9999 -9999 -9999 -9999 -9999 -9999 -9999 -9999 -9999 -9999 -9999 -9999 -9999 -9999 -9999 -9999 -9999
14.72 17.66 9.05 6.45 11.73 18.65 13.93 6.70 10.20 25.43 12.31 11.72 13.55 13.52 10.62 9.32 7.24 7.30 11.19 17.32 16.33 13.61 12.05 9.14 8.48 9.20 10.93 9.17 10.53 10.34 10.16 11.22 11.79 12.45 -9999 -9999 -9999 -9999 -9999 -9999 -9999 -9999 -9999 -9999 -9999 -9999 -9999 -9999 -9999 -9999 -9999 -9999 -9999 -9999 -9999 -9999 -9999 -9999 -9999 -9999 -9999 -9999 -9999 -9999 -9999 -9999 -9999 -9999 -9999 -9999 -9999 -9999 -9999 -9999 -9999 -9999 -9999 -9999
12.56 11.29 10.06 16.16 8.84 15.65 16.87 16.62 11.89 10.44 21.13 12.73 10.07 8.34 7.78 7.01 6.49 6.49 11.19 9.22 8.29 7.26 9.13 11.42 9.90 10.12 9.64 10.12 12.24 12.31 -9999 -9999 -9999 -9999 -9999 -9999 -9999 -9999 -9999 -9999 -9999 -9999 -9999 -9999 -9999 -9999 -9999 -9999 -9999 -9999 -9999 -9999 -9999 -9999 -9999 -9999 -9999 -9999 -9999 -9999 -9999 -9999 -9999 -9999 -9999 -9999 -9999 -9999 -9999 -9999 -9999 -9999 -9999 -9999 -9999 -9999 -9999 -9999
11.64 7.80 15.33 15.22 17.60 18.91 8.85 17.14 17.09 9.32 13.23 13.67 9.39 8.59 9.60 11.24 12.94 8.86 8.29 8.26 8.66 9.18 9.97 11.24 10.40 10.71 12.04 12.19 -9999 -9999 -9999 -9999 -9999 -9999 -9999 -9999 -9999 -9999 -9999 -9999 -9999 -9999 -9999 -9999 -9999 -9999 -9999 -9999 -9999 -9999 -9999 -9999 -9999 -9999 -9999 -9999 -9999 -9999 -9999 -9999 -9999 -9999 -9999 -9999 -9999 -9999 -9999 -9999 -9999 -9999 -9999 -9999 -9999 -9999 -9999 -9999 -9999 -9999
9.93 15.79 11.27 15.87 18.78 16.05 13.44 17.99 17.86 9.89 9.07 7.13 7.12 8.13 9.29 13.34 15.17 11.75 9.82 8.41 8.33 9.79 9.38 10.11 10.95 13.41 15.06 13.68 -9999 -9999 -9999 -9999 -9999 -9999 -9999 -9999 -9999 -9999 -9999 -9999 -9999 -9999 -9999 -9999 -9999 -9999 -9999 -9999 -9999 -9999 -9999 -9999 -9999 -9999 -9999 -9999 -9999 -9999 -9999 -9999 -9999 -9999 -9999 -9999 -9999 -9999 -9999 -9999 -9999 -9999 -9999 -9999 -9999 -9999 -9999 -9999 -9999 -9999
12.37 15.81 11.79 16.24 16.00 17.93 11.83 10.38 12.04 11.00 10.11 9.49 6.60 16.46 16.68 15.32 15.45 11.37 8.05 8.03 8.03 8.32 8.31 8.84 10.44 10.38 -9999 -9999 -9999 -9999 -9999 12.54 11.10 11.34 11.01 -9999 -9999 -9999 -9999 -9999 -9999 -9999 -9999 -9999 -9999 -9999 -9999 -9999 -9999 -9999 -9999 -9999 -9999 -9999 -9999 -9999 -9999 -9999 -9999 -9999 -9999 -9999 -9999 -9999 -9999 -9999 -9999 -9999 -9999 -9999 -9999 -9999 -9999 -9999 -9999 -9999 -9999 -9999
13.09 17.86 12.18 9.92 21.42 11.78 11.15 9.78 8.70 9.81 11.66 14.78 10.70 10.73 9.35 9.61 8.97 9.25 9.32 9.72 9.55 8.86 9.45 10.06 9.77 9.62 10.62 12.13 -9999 -9999 10.52 9.48 8.74 7.47 8.18 9.66 11.14 -9999 -9999 -9999 -9999 -9999 -9999 -9999 -9999 -9999 -9999 -9999 -9999 -9999 -9999 -9999 -9999 -9999 -9999 -9999 -9999 -9999 -9999 -9999 -9999 -9999 -9999 -9999 -9999 -9999 -9999 -9999 -9999 -9999 -9999 -9999 -9999 -9999 -9999 -9999 -9999 -9999
15.92 13.46 14.05 15.88 17.61 11.50 11.95 13.49 12.55 11.47 8.84 8.98 9.91 9.32 9.28 8.91 8.69 9.27 10.18 9.96 8.91 10.33 10.84 8.46 7.32 7.76 8.67 10.82 9.74 9.69 9.63 7.85 5.67 6.40 9.53 10.63 13.27 10.14 -9999 -9999 -9999 -9999 -9999 -9999 -9999 -9999 -9999 -9999 -9999 -9999 -9999 -9999 -9999 -9999 -9999 -9999 -9999 -9999 -9999 -9999 -9999 -9999 -9999 -9999 -9999 -9999 -9999 -9999 -9999 -9999 -9999 -9999 -9999 -9999 -9999 -9999 -9999 -9999
13.91 17.85 16.14 13.32 12.32 -9999 14.00 15.69 11.84 10.09 8.30 8.03 8.03 8.50 9.15 8.81 8.88 10.93 10.94 10.91 9.74 8.74 8.43 6.97 7.25 8.14 10.01 8.69 7.40 9.33 7.86 7.12 6.05 7.84 10.41 11.17 12.70 11.35 13.30 15.06 12.07 -9999 -9999 -9999 -9999 -9999 -9999 -9999 -9999 -9999 -9999 -9999 -9999 -9999 -9999 -9999 -9999 -9999 -9999 -9999 -9999 -9999 -9999 -9999 -9999 -9999 -9999 -9999 -9999 -9999 -9999 -9999 -9999 -9999 -9999 -9999 -9999 -9999
15.51 -9999 15.51 16.79 12.92 -9999 15.38 18.64 12.86 11.16 8.63 8.42 7.85 8.00 7.25 7.36 7.87 9.34 11.78 11.56 11.40 9.43 8.69 9.21 10.39 12.82 10.97 7.71 6.01 7.57 7.65 7.66 12.70 13.75 11.38 11.65 10.80 10.92 11.43 9.81 11.57 -9999 -9999 -9999 -9999 -9999 -9999 -9999 -9999 -9999 -9999 -9999 -9999 -9999 -9999 -9999 -9999 -9999 -9999 -9999 -9999 -9999 -9999 -9999 -9999 -9999 -9999 -9999 -9999 -9999 -9999 -9999 -9999 -9999 -9999 -9999 -9999 -9999
15.23 -9999 -9999 17.19 14.35 13.14 15.24 16.41 10.14 10.07 11.79 9.75 8.78 8.34 11.13 8.61 7.17 8.45 9.54 11.20 11.81 12.61 10.28 12.42 13.24 11.18 9.85 9.19 7.79 8.48 9.94 10.85 10.75 13.76 12.08 11.53 11.48 8.36 8.32 9.61 11.51 12.85 -9999 -9999 -9999 -9999 -9999 -9999 -9999 -9999 -9999 -9999 -9999 -9999 -9999 -9999 -9999 -9999 -9999 -9999 -9999 -9999 -9999 -9999 -9999 -9999 -9999 -9999 -9999 -9999 -9999 -9999 -9999 -9999 -9999 -9999 -9999 -9999
-9999 -9999 -9999 -9999 15.52 13.41 16.60 12.67 9.10 9.69 10.95 12.16 10.54 9.45 10.95 11.46 9.65 7.61 10.15 12.80 11.57 11.09 11.41 13.15 11.70 9.89 10.19 9.87 12.66 11.88 10.31 9.92 8.94 11.91 11.53 10.75 11.55 9.05 8.28 8.24 8.44 9.75 -9999 -9999 -9999 -9999 -9999 -9999 -9999 -9999 -9999 -9999 -9999 -9999 -9999 -9999 -9999 -9999 -9999 -9999 -9999 -9999 -9999 -9999 -9999 -9999 -9999 -9999 -9999 -9999 -9999 -9999 -9999 -9999 -9999 -9999 -9999 -9999
17.84 18.93 -9999 -9999 -9999 15.07 15.57 12.16 10.11 9.33 9.90 11.54 12.04 12.47 13.02 11.85 11.20 10.22 7.84 12.34 11.09 10.66 11.01 10.04 9.52 11.55 9.54 12.87 16.50 14.58 11.97 12.07 9.21 10.56 10.35 10.75 11.19 8.92 7.90 7.65 7.70 9.14 10.37 -9999 -9999 -9999 -9999 -9999 -9999 -9999 -9999 -9999 -9999 -9999 -9999 -9999 -9999 -9999 -9999 -9999 -9999 -9999 -9999 -9999 -9999 -9999 -9999 -9999 -9999 -9999 -9999 -9999 -9999 -9999 -9999 -9999 -9999 -9999
19.01 20.66 15.72 -9999 -9999 -9999 14.89 13.02 10.28 9.11 9.03 9.37 11.12 11.35 11.13 10.21 10.45 10.93 11.33 10.22 10.35 10.25 11.79 10.83 13.41 8.33 9.33 8.97 9.86 14.41 14.12 11.72 10.63 9.23 9.08 9.51 9.73 7.97 7.47 6.87 7.73 8.57 8.61 9.53 -9999 -9999 -9999 -9999 -9999 -9999 -9999 -9999 -9999 -9999 -9999 -9999 -9999 -9999 -9999 -9999 -9999 -9999 -9999 -9999 -9999 -9999 -9999 -9999 -9999 -9999 -9999 -9999 -9999 -9999 -9999 -9999 -9999 -9999
17.78 18.53 14.23 -9999 -9999 -9999 -9999 -9999 11.98 9.91 8.04 7.75 8.26 8.54 10.15 13.49 13.45 11.91 11.04 10.33 11.78 10.83 10.32 9.51 12.05 7.50 9.21 10.49 9.40 6.99 9.18 8.50 9.88 8.20 9.62 8.97 7.41 6.96 6.51 6.38 5.91 8.52 8.71 8.34 8.87 -9999 -9999 -9999 -9999 -9999 -9999 -9999 -9999 -9999 -9999 -9999 -9999 -9999 -9999 -9999 -9999 -9999 -9999 -9999 -9999 -9999 -9999 -9999 -9999 -9999 -9999 -9999 -9999 -9999 -9999 -9999 -9999 -9999
14.49 21.90 16.32 -9999 -9999 -9999 -9999 -9999 13.15 11.38 10.49 8.57 10.35 12.61 11.76 13.74 14.52 13.65 11.26 12.56 11.35 10.11 11.70 12.21 7.22 16.43 10.07 13.51 9.76 12.43 11.99 7.57 10.14 8.59 7.86 7.10 7.41 8.67 8.80 7.12 7.06 5.36 7.90 9.79 7.93 10.28 11.91 -9999 -9999 -9999 -9999 -9999 -9999 -9999 -9999 -9999 -9999 -9999 -9999 -9999 -9999 -9999 -9999 -9999 -9999 -9999 -9999 -9999 -9999 -9999 -9999 -9999 -9999 -9999 -9999 -9999 -9999 -9999
18.96 21.64 20.93 -9999 -9999 -9999 -9999 -9999 13.12 10.69 9.88 8.80 9.48 11.43 9.63 10.82 11.29 13.50 12.13 11.61 10.41 12.95 16.49 13.11 10.58 17.81 15.30 10.28 11.14 9.12 7.18 9.05 9.89 8.39 8.71 8.50 6.49 6.69 6.65 8.37 11.44 8.42 7.55 8.82 9.02 8.59 10.44 -9999 -9999 -9999 -9999 -9999 -9999 -9999 -9999 -9999 -9999 -9999 -9999 -9999 -9999 -9999 -9999 -9999 -9999 -9999 -9999 -9999 -9999 -9999 -9999 -9999 -9999 -9999 -9999 -9999 -9999 -9999
17.01 18.64 20.23 -9999 -9999 -9999 -9999 -9999 12.22 10.12 9.07 8.78 8.84 9.45 10.30 14.06 16.12 13.37 13.75 10.11 10.20 10.34 13.00 8.11 13.92 12.31 9.92 11.40 12.49 7.43 10.27 8.46 9.41 9.08 6.62 7.85 7.94 7.03 6.09 13.04 13.53 12.00 7.34 8.39 8.99 8.39 10.37 -9999 -9999 -9999 -9999 -9999 -9999 -9999 -9999 -9999 -9999 -9999 -9999 -9999 -9999 -9999 -9999 -9999 -9999 -9999 -9999 -9999 -9999 -9999 -9999 -9999 -9999 -9999 -9999 -9999 -9999 -9999
-9999 -9999 -9999 -9999 -9999 -9999 -9999 15.43 11.91 10.47 8.93 9.35 9.94 8.98 10.42 11.14 14.17 12.17 11.77 14.26 11.86 13.26 13.12 12.70 15.40 13.96 8.38 9.74 11.09 10.33 9.18 9.69 6.94 8.20 8.78 6.09 7.32 6.66 10.11 11.76 15.22 12.70 7.49 7.20 6.81 8.12 10.26 -9999 -9999 -9999 -9999 -9999 -9999 -9999 -9999 -9999 -9999 -9999 -9999 -9999 -9999 -9999 -9999 -9999 -9999 -9999 -9999 -9999 -9999 -9999 -9999 -9999 -9999 -9999 -9999 -9999 -9999 -9999
-9999 -9999 -9999 -9999 -9999 -9999 -9999 16.14 9.24 9.02 10.80 12.43 11.45 9.37 9.46 10.28 8.13 9.39 13.99 14.86 12.20 10.89 8.72 7.07 14.36 7.88 8.84 8.58 9.26 9.01 7.64 5.59 8.73 8.19 7.64 6.35 6.81 9.43 11.22 10.62 12.68 12.36 7.82 6.10 6.80 9.38 9.22 -9999 -9999 -9999 -9999 -9999 -9999 -9999 -9999 -9999 -9999 -9999 -9999 -9999 -9999 -9999 -9999 -9999 -9999 -9999 -9999 -9999 -9999 -9999 -9999 -9999 -9999 -9999 -9999 -9999 -9999 -9999
-9999 -9999 -9999 -9999 -9999 -9999 14.69 12.50 7.29 9.24 11.13 9.66 12.33 14.31 13.10 15.59 13.16 10.60 9.14 9.97 12.82 11.36 9.26 5.35 8.14 12.60 8.72 11.30 8.03 8.10 5.26 6.01 8.32 7.21 7.30 8.43 10.42 12.57 11.88 10.15 9.04 8.56 7.21 9.86 10.95 9.49 9.56 -9999 -9999 -9999 -9999 -9999 -9999 -9999 -9999 -9999 -9999 -9999 -9999 -9999 -9999 -9999 -9999 -9999 -9999 -9999 -9999 -9999 -9999 -9999 -9999 -9999 -9999 -9999 -9999 -9999 -9999 -9999
-9999 -9999 -9999 -9999 -9999 -9999 12.46 7.98 11.18 9.28 11.63 9.33 12.70 12.98 16.05 14.89 14.88 13.17 11.12 8.02 17.19 16.09 9.77 5.10 9.32 11.81 7.96 8.40 10.18 6.48 8.74 10.39 8.42 9.90 10.24 14.02 8.72 8.42 9.59 10.61 10.70 7.77 6.24 8.44 8.72 8.27 9.20 11.48 -9999 -9999 -9999 -9999 -9999 -9999 -9999 -9999 -9999 -9999 -9999 -9999 -9999 -9999 -9999 -9999 -9999 -9999 -9999 -9999 -9999 -9999 -9999 -9999 -9999 -9999 -9999 -9999 -9999 -9999
-9999 -9999 -9999 -9999 -9999 12.31 13.50 12.36 11.22 12.06 11.94 10.18 8.90 14.33 13.81 15.23 14.55 14.21 9.69 6.19 10.29 12.27 11.00 6.80 6.43 8.49 7.90 7.58 8.18 12.07 7.70 7.45 7.70 6.38 12.67 10.56 12.85 11.15 7.59 8.76 9.55 10.39 11.52 8.28 7.83 7.72 8.97 10.96 -9999 -9999 -9999 -9999 -9999 -9999 -9999 -9999 -9999 -9999 -9999 -9999 -9999 -9999 -9999 -9999 -9999 -9999 -9999 -9999 -9999 -9999 -9999 -9999 -9999 -9999 -9999 -9999 -9999 -9999
-9999 -9999 -9999 -9999 -9999 13.66 12.36 10.51 14.93 13.87 11.27 10.89 14.53 10.00 11.54 14.17 12.19 12.01 7.74 5.88 8.91 10.49 12.38 6.53 6.64 6.49 7.15 5.41 10.13 6.18 10.96 8.71 6.01 12.79 6.55 8.64 10.06 9.35 10.41 7.35 7.60 10.86 10.59 8.72 9.36 8.85 8.91 10.98 -9999 -9999 -9999 -9999 -9999 -9999 -9999 -9999 -9999 -9999 -9999 -9999 -9999 -9999 -9999 -9999 -9999 -9999 -9999 -9999 -9999 -9999 -9999 -9999 -9999 -9999 -9999 -9999 -9999 -9999
-9999 -9999 -9999 -9999 14.37 11.12 9.84 12.79 10.65 10.91 17.94 13.63 13.42 9.71 11.57 12.36 10.40 11.87 10.65 8.51 10.73 10.39 7.29 5.64 6.34 8.17 8.07 11.04 8.06 6.59 11.22 6.78 7.58 12.85 7.79 6.67 5.85 8.10 9.93 9.31 10.08 10.51 8.73 8.48 8.57 8.07 8.51 10.50 -9999 -9999 -9999 -9999 -9999 -9999 -9999 -9999 -9999 -9999 -9999 -9999 -9999 -9999 -9999 -9999 -9999 -9999 -9999 -9999 -9999 -9999 -9999 -9999 -9999 -9999 -9999 -9999 -9999 -9999
-9999 -9999 -9999 12.77 12.46 12.38 9.42 10.18 10.54 9.48 12.31 11.59 18.01 9.48 9.15 10.52 10.92 11.23 11.57 9.70 7.90 6.85 9.58 6.31 5.68 7.88 8.48 8.50 8.26 6.57 8.56 5.01 6.83 11.49 10.08 10.38 9.08 8.36 7.32 7.59 10.47 9.47 8.73 8.71 8.62 8.72 8.07 9.55 11.70 -9999 -9999 -9999 -9999 -9999 -9999 -9999 -9999 -9999 -9999 -9999 -9999 -9999 -9999 -9999 -9999 -9999 -9999 -9999 -9999 -9999 -9999 -9999 -9999 -9999 -9999 -9999 -9999 -9999
-9999 -9999 -9999 14.39 16.53 12.47 11.42 10.08 8.88 7.77 17.84 14.27 11.64 11.54 8.87 9.10 10.29 9.96 14.69 9.30 7.10 6.58 6.90 9.78 6.64 9.20 8.43 9.14 8.15 7.54 6.85 8.05 5.73 8.52 9.31 8.50 9.76 8.26 7.16 7.03 8.82 8.26 9.81 9.08 7.93 7.11 8.18 9.40 11.06 -9999 -9999 -9999 -9999 -9999 -9999 -9999 -9999 -9999 -9999 -9999 -9999 -9999 -9999 -9999 -9999 -9999 -9999 -9999 -9999 -9999 -9999 -9999 -9999 -9999 -9999 -9999 -9999 -9999
-9999 15.20 13.57 15.19 12.92 11.78 12.72 10.52 9.88 8.10 13.60 12.44 12.63 11.43 10.64 8.29 10.77 11.26 10.12 9.88 8.98 6.43 6.99 8.46 7.96 7.84 8.34 8.67 7.59 6.83 7.70 6.62 5.87 9.57 8.22 7.77 7.99 10.23 8.71 7.71 5.89 7.51 8.44 8.19 7.72 7.11 7.68 8.64 10.47 -9999 -9999 -9999 -9999 -9999 -9999 -9999 -9999 -9999 -9999 -9999 -9999 -9999 -9999 -9999 -9999 -9999 -9999 -9999 -9999 -9999 -9999 -9999 -9999 -9999 -9999 -9999 -9999 -9999
-9999 15.84 13.16 10.61 13.32 11.41 12.77 10.80 9.64 8.36 8.42 9.90 14.72 11.89 10.89 8.83 8.64 8.68 8.29 8.82 9.56 7.83 9.15 8.10 8.33 7.84 7.62 7.33 6.95 6.47 6.54 7.25 6.20 4.78 5.77 6.62 6.83 7.76 7.76 4.61 6.07 9.20 8.46 7.15 7.42 7.13 7.64 7.19 8.58 10.47 -9999 -9999 -9999 -9999 -9999 -9999 -9999 -9999 -9999 -9999 -9999 -9999 -9999 -9999 -9999 -9999 -9999 -9999 -9999 -9999 -9999 -9999 -9999 -9999 -9999 -9999 -9999 -9999
-9999 15.83 13.22 9.45 12.63 10.40 11.28 10.23 9.55 9.35 7.99 11.93 11.76 11.01 12.97 9.77 8.59 8.36 7.20 9.69 14.17 10.36 -9999 -9999 -9999 8.35 7.69 -9999 6.58 6.59 6.63 5.91 5.01 5.54 6.76 5.75 5.91 7.44 6.86 8.27 7.95 5.75 4.94 5.55 6.19 6.81 4.85 5.95 6.75 9.17 -9999 -9999 -9999 -9999 -9999 -9999 -9999 -9999 -9999 -9999 -9999 -9999 -9999 -9999 -9999 -9999 -9999 -9999 -9999 -9999 -9999 -9999 -9999 -9999 -9999 -9999 -9999 -9999
-9999 14.45 15.70 11.22 11.04 11.62 12.37 11.49 10.26 9.45 8.80 9.99 16.10 12.35 12.67 9.52 9.06 10.99 8.32 9.81 11.15 11.69 -9999 -9999 -9999 8.59 7.23 6.96 6.83 6.22 5.74 4.66 6.05 8.73 8.69 6.44 9.92 6.56 6.34 9.24 6.48 7.32 7.59 7.66 5.35 6.52 7.91 6.39 5.67 7.92 -9999 -9999 -9999 -9999 -9999 -9999 -9999 -9999 -9999 -9999 -9999 -9999 -9999 -9999 -9999 -9999 -9999 -9999 -9999 -9999 -9999 -9999 -9999 -9999 -9999 -9999 -9999 -9999
-9999 -9999 15.17 14.62 12.42 -9999 13.80 13.38 11.59 10.41 9.79 -9999 12.96 11.31 11.87 9.31 10.78 12.00 11.07 11.73 -9999 -9999 -9999 -9999 10.28 7.72 6.44 6.06 6.65 6.77 5.71 5.10 5.41 9.82 13.60 6.04 11.41 7.28 9.10 10.51 7.85 9.55 7.60 5.91 7.56 7.76 6.32 4.15 5.07 8.07 9.43 -9999 -9999 -9999 -9999 -9999 -9999 -9999 -9999 -9999 -9999 -9999 -9999 -9999 -9999 -9999 -9999 -9999 -9999 -9999 -9999 -9999 -9999 -9999 -9999 -9999 -9999 -9999
