ML/MeanWindSpeed_1999-04_Actual.txt
ncols         180
nrows         290
xllcorner     -200000
yllcorner     -200000
cellsize      5000
NODATA_value  -9999
[rows 210 to 244 of 290, columns 78 to 155 of 180]
14.19 14.36 12.96 14.51 14.10 -9999 -9999 -9999 -9999 -9999 -9999 -9999 9.13 9.19 10.17 9.37 9.41 9.54 10.99 12.70 14.73 14.02 12.25 10.83 10.51 9.58 12.23 12.20 8.62 7.51 10.88 11.02 11.91 9.03 8.29 8.07 7.64 8.56 9.22 9.17 9.44 9.10 8.68 8.36 7.99 7.59 7.34 6.98 7.41 7.00 7.08 7.19 7.33 7.54 7.16 7.24 7.21 6.06 5.22 6.63 7.80 8.21 8.06 7.27 6.88 7.42 7.82 7.46 6.89 6.67 7.59 6.72 7.02 7.89 7.44 7.50 7.52 6.87
-9999 14.35 -9999 -9999 -9999 -9999 -9999 -9999 -9999 -9999 12.77 11.54 11.20 12.23 11.67 10.51 9.56 9.88 10.01 12.14 13.47 12.80 9.34 9.21 12.38 11.22 11.16 9.38 8.15 7.89 10.26 10.41 10.21 8.77 8.36 8.26 7.11 9.79 10.09 9.11 9.24 8.86 8.61 8.34 7.92 8.11 7.43 7.34 6.76 6.75 6.83 7.11 7.17 7.54 7.01 8.08 8.83 6.48 6.51 5.34 7.40 7.68 7.30 7.78 7.37 7.50 8.05 7.40 6.71 6.69 6.68 7.19 7.68 7.15 7.68 7.50 6.88 6.68
-9999 -9999 -9999 -9999 -9999 -9999 -9999 -9999 -9999 -9999 13.90 13.38 11.70 12.84 13.25 -9999 -9999 9.88 12.41 8.67 10.13 9.68 9.70 10.42 11.82 9.53 9.16 9.39 8.99 9.60 9.99 9.98 9.35 8.78 9.14 7.86 8.13 9.99 9.10 8.77 8.60 8.67 8.96 8.62 7.94 7.77 7.13 7.12 7.55 7.95 7.65 8.15 7.19 6.92 7.74 9.76 7.88 7.18 6.35 5.40 7.31 7.39 7.17 6.99 6.98 6.99 7.06 8.21 7.02 6.78 6.66 6.68 6.85 6.70 6.48 7.71 7.13 7.48
-9999 -9999 -9999 -9999 -9999 -9999 -9999 -9999 -9999 -9999 -9999 -9999 -9999 -9999 -9999 -9999 -9999 11.08 10.21 9.93 8.99 8.07 8.12 8.70 9.76 9.60 9.82 10.16 10.54 11.03 10.81 -9999 9.20 8.72 8.36 7.91 8.30 9.81 9.15 9.18 8.67 8.06 7.91 8.50 7.75 7.78 8.65 8.69 8.37 9.01 9.68 8.48 8.12 7.88 8.08 9.13 7.79 7.33 6.95 6.42 6.63 6.90 7.39 7.32 6.95 6.80 6.97 7.00 6.73 6.59 6.47 6.46 6.53 6.73 6.83 7.12 7.10 7.48
-9999 -9999 -9999 -9999 -9999 -9999 -9999 -9999 -9999 -9999 -9999 -9999 -9999 -9999 -9999 -9999 -9999 -9999 10.83 9.54 8.41 8.49 9.27 8.75 9.01 9.55 10.54 -9999 -9999 -9999 -9999 9.98 8.82 8.50 8.02 7.90 8.48 9.94 9.26 9.44 8.74 7.76 8.35 8.01 9.10 8.65 10.13 8.96 9.06 8.66 8.94 8.70 8.01 8.59 7.13 7.69 7.87 6.55 6.61 6.31 6.40 6.67 6.88 7.10 7.10 6.48 6.37 6.30 6.24 6.10 7.12 7.30 6.34 6.36 6.49 6.72 7.03 7.87
-9999 -9999 -9999 -9999 -9999 -9999 -9999 -9999 -9999 -9999 -9999 -9999 -9999 -9999 -9999 -9999 -9999 -9999 -9999 10.24 10.67 9.45 9.05 10.53 10.57 11.04 -9999 -9999 -9999 -9999 10.62 10.16 9.83 7.42 7.24 7.48 9.60 10.25 9.86 9.29 8.23 8.07 7.85 9.10 10.24 9.33 9.38 8.84 8.88 8.59 7.73 8.11 8.03 7.59 7.45 7.47 7.23 6.68 6.69 7.06 7.33 7.59 6.81 6.89 6.77 6.31 6.52 6.31 6.43 5.90 6.50 6.40 6.30 7.02 6.29 7.08 7.25 7.70
-9999 -9999 -9999 -9999 -9999 -9999 -9999 -9999 -9999 -9999 -9999 -9999 -9999 -9999 -9999 -9999 -9999 -9999 -9999 -9999 10.58 10.25 9.98 11.98 11.31 12.16 -9999 -9999 -9999 10.11 8.40 7.75 9.14 8.92 8.30 7.44 8.80 8.39 9.83 9.14 7.69 8.68 9.46 9.46 9.15 9.71 8.93 8.49 8.16 7.60 7.42 7.28 7.38 7.76 7.47 7.05 7.01 7.07 7.11 7.65 7.34 7.43 7.13 6.65 6.55 6.06 5.80 5.69 5.99 5.92 6.09 5.99 6.68 6.89 7.19 7.08 6.29 7.66
-9999 -9999 -9999 -9999 -9999 -9999 -9999 -9999 -9999 -9999 -9999 -9999 -9999 -9999 -9999 -9999 -9999 -9999 -9999 -9999 -9999 -9999 -9999 -9999 -9999 -9999 -9999 -9999 12.13 9.13 7.67 7.34 8.73 7.43 8.16 8.92 9.03 9.16 9.34 7.95 7.51 7.82 8.68 8.60 8.85 8.84 8.93 8.67 8.48 9.66 8.17 8.12 7.48 7.82 7.77 7.13 7.21 6.98 7.38 7.99 7.38 6.82 6.56 6.36 6.09 6.34 5.89 6.30 6.05 6.90 7.29 6.84 5.84 7.96 8.59 7.32 6.18 8.36
-9999 -9999 -9999 -9999 -9999 -9999 -9999 -9999 -9999 -9999 -9999 -9999 -9999 -9999 -9999 -9999 -9999 -9999 -9999 -9999 -9999 -9999 -9999 -9999 -9999 -9999 -9999 -9999 10.14 9.21 8.01 12.28 10.69 7.67 8.13 8.81 9.34 9.76 8.31 7.83 7.61 7.63 8.69 8.48 8.19 9.48 9.27 10.27 9.09 9.21 10.08 8.55 7.94 7.69 7.17 7.08 7.00 7.07 7.49 7.51 7.54 6.91 6.27 5.90 5.57 5.97 7.53 7.00 7.61 7.95 8.70 7.35 6.27 7.26 7.54 6.44 5.82 6.32
-9999 -9999 -9999 -9999 -9999 -9999 -9999 -9999 -9999 -9999 -9999 -9999 -9999 -9999 -9999 -9999 -9999 -9999 -9999 -9999 -9999 -9999 -9999 -9999 -9999 -9999 -9999 -9999 9.83 7.84 6.81 8.81 11.83 10.75 9.84 8.94 10.05 8.63 8.20 7.75 9.22 9.38 9.99 9.52 8.50 8.40 8.48 9.01 9.48 9.46 8.56 8.26 8.01 7.84 7.25 7.04 7.16 7.33 7.85 7.65 7.32 6.52 6.22 6.65 7.10 6.52 7.39 7.13 7.06 7.15 7.78 9.15 8.72 6.82 6.60 6.84 6.96 6.85
-9999 -9999 -9999 -9999 -9999 -9999 -9999 -9999 -9999 -9999 -9999 13.80 13.84 11.71 15.36 14.37 13.87 13.77 15.46 9.19 13.95 10.04 -9999 -9999 -9999 -9999 -9999 -9999 9.35 8.21 7.80 7.06 8.03 9.80 11.06 10.46 9.27 8.45 8.31 8.96 10.09 9.54 9.01 9.13 8.79 8.11 8.75 8.59 8.34 8.08 8.27 7.61 8.01 8.28 8.74 7.80 7.53 8.13 8.08 7.43 7.82 6.66 6.10 7.05 7.73 6.60 6.17 6.48 6.45 6.34 6.20 6.41 6.25 5.76 5.58 5.49 5.47 5.45
-9999 -9999 -9999 -9999 -9999 -9999 -9999 -9999 -9999 -9999 -9999 15.52 14.57 14.08 11.72 13.27 14.56 13.66 14.04 14.27 11.72 10.16 8.76 9.84 12.27 10.55 9.78 8.98 8.70 8.13 7.74 7.47 7.18 7.65 9.84 9.85 8.99 8.22 10.68 9.39 8.63 9.18 9.65 9.09 9.06 9.55 9.16 9.14 8.73 8.42 7.24 7.32 7.70 7.71 7.62 8.16 8.55 7.51 7.27 6.78 6.49 7.14 6.21 9.29 7.64 7.12 6.51 6.07 6.17 6.04 6.75 6.72 5.55 6.77 6.28 6.73 5.59 5.75
-9999 -9999 -9999 -9999 -9999 -9999 -9999 -9999 -9999 -9999 14.18 12.96 12.16 11.43 10.23 12.17 14.54 13.99 12.94 12.82 12.71 11.31 9.50 9.03 10.18 11.37 9.00 8.48 8.02 8.05 8.72 7.55 7.53 8.81 8.84 8.58 8.80 10.75 9.28 10.38 9.85 9.22 8.51 9.02 8.90 9.59 9.60 9.00 9.15 7.97 7.88 7.52 7.24 7.07 8.19 8.73 7.11 6.71 6.96 8.74 7.24 6.71 6.75 6.67 6.84 6.85 6.33 6.14 6.67 7.49 6.66 5.74 5.58 6.98 6.45 6.33 6.65 6.51
-9999 -9999 -9999 -9999 -9999 -9999 -9999 -9999 -9999 -9999 -9999 12.22 10.86 10.05 11.35 11.10 11.75 14.15 12.85 11.08 10.03 11.81 12.97 10.86 8.99 9.27 10.81 9.07 7.61 7.63 7.56 8.13 8.18 7.60 7.72 8.15 8.86 9.86 8.84 10.08 9.10 9.09 9.05 9.35 8.90 9.62 9.75 9.43 8.03 7.76 8.00 7.00 6.27 5.95 6.83 7.84 7.72 6.44 6.82 7.81 7.58 6.84 6.07 5.99 5.81 6.04 7.36 7.03 6.75 7.27 8.10 7.33 6.70 7.14 7.05 6.22 6.93 6.03
-9999 -9999 -9999 -9999 -9999 -9999 -9999 14.50 -9999 -9999 12.96 11.79 12.15 9.33 10.85 9.72 9.62 10.08 10.49 11.16 9.85 11.38 12.11 9.70 8.38 7.22 7.24 7.25 7.11 7.29 7.58 8.27 7.42 7.32 7.82 9.40 8.44 9.33 8.48 9.13 8.70 9.58 10.31 9.72 8.87 8.48 8.46 8.18 7.72 8.65 7.47 6.49 7.70 6.13 6.11 7.68 8.61 5.81 6.21 6.70 6.50 6.14 5.91 5.79 6.12 6.70 7.08 6.25 5.84 5.91 6.46 6.51 6.42 6.96 6.32 6.17 6.07 5.60
-9999 -9999 -9999 -9999 -9999 -9999 13.80 14.69 14.55 14.12 11.70 10.86 12.25 9.95 8.92 9.58 9.07 10.46 10.99 11.62 10.26 9.87 10.00 8.49 7.04 6.42 6.64 7.26 7.61 7.01 7.10 7.37 7.09 7.20 8.71 8.91 8.21 8.85 9.15 10.31 9.59 9.70 10.78 9.59 9.29 8.18 8.53 8.11 8.19 7.38 6.77 5.82 6.46 6.24 5.52 6.56 6.30 5.74 5.63 5.54 6.13 6.10 6.03 5.67 5.39 5.52 5.50 5.70 5.85 5.79 5.34 5.87 6.23 6.94 7.22 6.76 5.63 6.33
-9999 -9999 -9999 -9999 -9999 -9999 13.39 13.36 12.38 12.65 11.67 10.83 9.80 11.18 10.94 10.06 11.15 11.04 10.80 11.84 10.58 10.15 9.70 7.28 7.72 9.23 8.71 7.81 7.18 6.70 7.23 7.74 8.00 7.57 8.72 8.28 8.82 8.05 7.53 9.17 10.38 9.43 9.44 9.21 8.62 8.48 8.86 8.01 7.22 7.46 7.15 5.45 5.41 5.30 5.25 6.34 7.02 7.18 8.46 6.20 6.24 5.54 5.34 5.50 5.60 5.38 5.28 5.55 6.01 5.69 5.47 5.31 6.08 6.21 6.32 6.39 6.51 5.49
-9999 -9999 -9999 -9999 -9999 -9999 13.75 12.68 12.06 12.22 11.53 11.32 10.15 10.47 10.42 9.28 10.44 10.62 11.17 11.38 10.70 8.27 7.02 6.45 8.27 8.27 8.77 9.41 7.56 7.34 7.54 7.10 7.92 7.39 8.34 8.07 8.18 8.00 7.58 9.36 9.11 9.22 9.06 8.82 8.60 8.53 8.86 8.62 7.21 6.51 6.11 6.22 4.71 4.75 4.65 5.63 6.42 6.81 7.48 6.92 7.52 8.15 5.13 8.14 6.85 5.36 5.64 8.49 8.37 7.85 5.27 5.17 5.35 5.31 5.89 5.63 6.60 7.40
-9999 -9999 -9999 -9999 -9999 -9999 12.19 11.93 11.74 11.41 10.69 10.41 9.89 9.45 10.26 9.72 9.86 10.49 9.77 9.84 9.53 9.24 6.69 7.19 8.93 8.13 9.35 9.47 7.94 8.17 8.61 7.75 7.91 7.99 8.11 8.13 8.21 8.81 9.68 8.28 9.13 8.99 8.90 8.67 8.56 8.67 8.83 7.90 7.50 6.65 6.19 5.76 5.67 4.80 5.56 6.01 6.96 7.02 6.63 6.13 5.99 6.16 5.59 7.25 7.14 7.74 7.39 7.95 8.44 8.86 5.77 5.81 5.57 5.58 5.94 6.72 7.68 7.87
-9999 -9999 -9999 -9999 -9999 -9999 11.19 11.22 11.27 11.49 11.70 10.76 10.00 9.18 9.52 10.76 10.33 9.87 9.16 9.52 9.23 8.85 8.18 7.03 7.21 6.94 9.17 8.27 6.67 9.35 9.21 8.21 10.35 9.06 9.62 10.30 9.76 9.45 9.97 9.01 8.45 8.87 8.76 8.26 8.40 8.51 8.82 7.90 7.61 7.51 7.10 6.06 5.41 5.20 5.04 5.73 8.27 8.03 7.25 6.77 6.90 7.16 7.27 7.69 7.94 8.10 -9999 -9999 7.93 8.21 7.75 7.23 6.44 8.85 7.08 -9999 -9999 -9999
-9999 -9999 -9999 -9999 -9999 12.95 11.40 11.39 10.74 11.57 11.58 12.22 10.41 10.39 9.94 10.72 10.19 9.50 9.07 9.15 8.95 8.66 8.38 8.19 8.38 8.72 8.60 7.29 9.66 10.47 8.39 7.91 8.76 8.64 9.73 9.82 8.89 8.82 8.67 8.56 9.32 9.16 9.20 8.81 8.72 9.07 9.64 9.14 8.29 7.46 6.58 6.00 -9999 -9999 5.72 6.59 9.02 9.17 8.62 8.08 8.04 -9999 -9999 -9999 -9999 -9999 -9999 -9999 -9999 -9999 -9999 7.90 8.28 9.69 8.34 -9999 -9999 -9999
-9999 -9999 -9999 -9999 13.97 12.48 11.13 11.72 10.73 10.70 10.46 10.40 9.71 12.04 12.53 11.42 10.74 10.57 10.82 9.62 8.86 8.69 9.00 8.98 11.08 11.52 10.82 10.31 11.73 9.51 9.59 9.57 10.27 10.92 9.45 8.41 8.85 8.18 8.36 8.24 8.47 8.51 9.84 10.76 10.69 10.39 10.26 10.19 8.97 -9999 6.17 6.03 5.33 5.47 6.04 -9999 -9999 -9999 -9999 9.12 -9999 -9999 -9999 -9999 -9999 -9999 -9999 -9999 -9999 -9999 -9999 -9999 -9999 -9999 -9999 -9999 -9999 -9999
-9999 -9999 -9999 15.00 14.06 13.57 12.34 10.96 10.62 10.36 9.34 9.14 10.27 14.35 15.47 11.24 10.37 12.83 10.33 11.54 9.10 8.83 11.44 10.37 10.12 10.29 10.43 -9999 -9999 -9999 -9999 -9999 10.35 11.63 11.08 9.52 9.24 8.78 8.24 8.34 8.30 8.92 10.08 -9999 -9999 -9999 -9999 -9999 9.93 9.28 7.52 5.93 5.29 6.77 6.65 -9999 -9999 -9999 -9999 -9999 -9999 -9999 -9999 -9999 -9999 -9999 -9999 -9999 -9999 -9999 -9999 -9999 -9999 -9999 -9999 -9999 -9999 -9999
-9999 -9999 11.32 12.20 13.74 13.82 12.36 11.95 11.28 9.54 10.19 10.27 12.26 14.37 15.40 14.00 12.95 11.25 12.20 10.52 10.41 9.96 11.78 11.59 -9999 -9999 -9999 -9999 -9999 -9999 -9999 -9999 -9999 10.64 10.89 9.68 10.62 11.33 11.54 9.61 11.44 11.39 12.02 -9999 -9999 -9999 -9999 -9999 -9999 -9999 7.56 7.38 5.81 6.38 -9999 -9999 -9999 -9999 -9999 -9999 -9999 -9999 -9999 -9999 -9999 -9999 -9999 -9999 -9999 -9999 -9999 -9999 -9999 -9999 -9999 -9999 -9999 -9999
12.95 12.82 11.14 11.69 13.13 14.41 14.36 12.61 10.69 10.42 11.05 11.03 12.14 14.57 12.89 12.90 12.83 13.70 8.68 10.70 13.41 11.24 -9999 -9999 -9999 -9999 -9999 -9999 -9999 -9999 -9999 -9999 -9999 -9999 -9999 11.26 -9999 -9999 -9999 -9999 10.35 12.57 12.99 -9999 -9999 -9999 -9999 -9999 -9999 -9999 -9999 7.70 9.05 7.53 -9999 -9999 -9999 -9999 -9999 -9999 -9999 -9999 -9999 -9999 -9999 -9999 -9999 -9999 -9999 -9999 -9999 -9999 -9999 -9999 -9999 -9999 -9999 -9999
12.49 11.71 10.32 11.56 13.32 13.78 14.31 13.05 11.95 12.68 10.16 9.25 10.88 13.74 13.59 11.83 10.82 12.24 9.64 9.32 10.61 -9999 -9999 -9999 -9999 -9999 -9999 -9999 -9999 -9999 -9999 -9999 -9999 -9999 -9999 12.26 -9999 -9999 -9999 -9999 -9999 -9999 -9999 -9999 -9999 -9999 -9999 -9999 -9999 -9999 -9999 -9999 -9999 -9999 -9999 -9999 -9999 -9999 -9999 -9999 -9999 -9999 -9999 -9999 -9999 -9999 -9999 -9999 -9999 -9999 -9999 -9999 -9999 -9999 -9999 -9999 -9999 -9999
13.54 12.08 10.40 11.76 12.45 12.54 13.08 12.43 12.06 12.96 9.77 9.32 10.44 12.67 16.30 16.41 10.45 10.42 9.82 10.48 12.68 -9999 -9999 -9999 -9999 -9999 -9999 -9999 -9999 -9999 -9999 -9999 -9999 -9999 -9999 -9999 -9999 -9999 -9999 -9999 -9999 -9999 -9999 -9999 -9999 -9999 -9999 -9999 -9999 -9999 -9999 -9999 -9999 -9999 -9999 -9999 -9999 -9999 -9999 -9999 -9999 -9999 -9999 -9999 -9999 -9999 -9999 -9999 -9999 -9999 -9999 -9999 -9999 -9999 -9999 -9999 -9999 -9999
12.41 13.50 12.48 12.67 12.37 13.04 12.35 11.95 11.67 10.54 10.57 9.92 9.86 12.62 14.66 14.11 11.93 9.62 9.54 12.29 11.53 -9999 -9999 -9999 -9999 -9999 -9999 -9999 -9999 -9999 -9999 -9999 -9999 -9999 -9999 -9999 -9999 -9999 -9999 -9999 -9999 -9999 -9999 -9999 -9999 -9999 -9999 -9999 -9999 -9999 -9999 -9999 -9999 -9999 -9999 -9999 -9999 -9999 -9999 -9999 -9999 -9999 -9999 -9999 -9999 -9999 -9999 -9999 -9999 -9999 -9999 -9999 -9999 -9999 -9999 -9999 -9999 -9999
12.82 14.58 13.81 13.65 12.27 12.82 12.26 14.22 13.31 11.78 11.28 11.83 10.49 11.20 12.21 11.78 10.60 10.08 10.67 11.59 11.86 -9999 -9999 -9999 -9999 -9999 -9999 -9999 -9999 -9999 -9999 -9999 -9999 -9999 -9999 -9999 -9999 -9999 -9999 -9999 -9999 -9999 -9999 -9999 -9999 -9999 -9999 -9999 -9999 -9999 -9999 -9999 -9999 -9999 -9999 -9999 -9999 -9999 -9999 -9999 -9999 -9999 -9999 -9999 -9999 -9999 -9999 -9999 -9999 -9999 -9999 -9999 -9999 -9999 -9999 -9999 -9999 -9999
12.20 12.82 13.10 12.45 13.43 15.00 14.58 13.08 13.14 13.10 12.98 11.98 12.50 11.81 10.89 10.75 11.27 11.87 12.16 11.71 12.52 -9999 -9999 -9999 -9999 -9999 -9999 -9999 -9999 -9999 -9999 -9999 -9999 -9999 -9999 -9999 -9999 -9999 -9999 -9999 -9999 -9999 -9999 -9999 -9999 -9999 -9999 -9999 -9999 -9999 -9999 -9999 -9999 -9999 -9999 -9999 -9999 -9999 -9999 -9999 -9999 -9999 -9999 -9999 -9999 -9999 -9999 -9999 -9999 -9999 -9999 -9999 -9999 -9999 -9999 -9999 -9999 -9999
12.03 13.35 13.77 -9999 -9999 -9999 -9999 -9999 -9999 -9999 -9999 -9999 13.30 13.85 12.51 11.55 10.73 11.66 12.28 12.00 -9999 -9999 -9999 -9999 -9999 -9999 -9999 -9999 -9999 -9999 -9999 -9999 -9999 -9999 -9999 -9999 -9999 -9999 -9999 -9999 -9999 -9999 -9999 -9999 -9999 -9999 -9999 -9999 -9999 -9999 -9999 -9999 -9999 -9999 -9999 -9999 -9999 -9999 -9999 -9999 -9999 -9999 -9999 -9999 -9999 -9999 -9999 -9999 -9999 -9999 -9999 -9999 -9999 -9999 -9999 -9999 -9999 -9999
13.58 13.74 14.41 -9999 -9999 -9999 -9999 -9999 -9999 -9999 -9999 -9999 -9999 -9999 -9999 12.22 11.49 11.65 12.01 -9999 -9999 -9999 -9999 -9999 -9999 -9999 -9999 -9999 -9999 -9999 -9999 -9999 -9999 -9999 -9999 -9999 -9999 -9999 -9999 -9999 -9999 -9999 -9999 -9999 -9999 -9999 -9999 -9999 -9999 -9999 -9999 -9999 -9999 -9999 -9999 -9999 -9999 -9999 -9999 -9999 -9999 -9999 -9999 -9999 -9999 -9999 -9999 -9999 -9999 -9999 -9999 -9999 -9999 -9999 -9999 -9999 -9999 -9999
13.63 -9999 -9999 -9999 -9999 -9999 -9999 -9999 -9999 -9999 -9999 -9999 -9999 -9999 -9999 13.32 14.33 14.82 14.13 -9999 -9999 -9999 -9999 -9999 -9999 -9999 -9999 -9999 -9999 -9999 -9999 -9999 -9999 -9999 -9999 -9999 -9999 -9999 -9999 -9999 -9999 -9999 -9999 -9999 -9999 -9999 -9999 -9999 -9999 -9999 -9999 -9999 -9999 -9999 -9999 -9999 -9999 -9999 -9999 -9999 -9999 -9999 -9999 -9999 -9999 -9999 -9999 -9999 -9999 -9999 -9999 -9999 -9999 -9999 -9999 -9999 -9999 -9999
-9999 -9999 -9999 -9999 -9999 -9999 -9999 -9999 -9999 -9999 -9999 -9999 -9999 -9999 -9999 -9999 -9999 -9999 -9999 -9999 -9999 -9999 -9999 -9999 -9999 -9999 -9999 -9999 -9999 -9999 -9999 -9999 -9999 -9999 -9999 -9999 -9999 -9999 -9999 -9999 -9999 -9999 -9999 -9999 -9999 -9999 -9999 -9999 -9999 -9999 -9999 -9999 -9999 -9999 -9999 -9999 -9999 -9999 -9999 -9999 -9999 -9999 -9999 -9999 -9999 -9999 -9999 -9999 -9999 -9999 -9999 -9999 -9999 -9999 -9999 -9999 -9999 -9999
-9999 -9999 -9999 -9999 -9999 -9999 -9999 -9999 -9999 -9999 -9999 -9999 -9999 -9999 -9999 -9999 -9999 -9999 -9999 -9999 -9999 -9999 -9999 -9999 -9999 -9999 -9999 -9999 -9999 -9999 -9999 -9999 -9999 -9999 -9999 -9999 -9999 -9999 -9999 -9999 -9999 -9999 -9999 -9999 -9999 -9999 -9999 -9999 -9999 -9999 -9999 -9999 -9999 -9999 -9999 -9999 -9999 -9999 -9999 -9999 -9999 -9999 -9999 -9999 -9999 -9999 -9999 -9999 -9999 -9999 -9999 -9999 -9999 -9999 -9999 -9999 -9999 -9999
