ML/MeanWindSpeed_1992-12_Actual.txt
ncols         180
nrows         290
xllcorner     -200000
yllcorner     -200000
cellsize      5000
NODATA_value  -9999
[rows 210 to 244 of 290, columns 78 to 155 of 180]
12.89 13.13 11.33 13.51 13.17 -9999 -9999 -9999 -9999 -9999 -9999 -9999 6.90 6.98 8.25 7.07 7.21 7.70 10.18 12.67 15.61 14.78 12.22 10.12 9.60 8.28 11.63 11.42 6.69 5.28 9.83 9.93 11.17 7.37 6.56 6.39 5.89 7.31 8.15 7.76 7.96 7.56 7.17 6.95 6.71 6.43 6.36 6.17 6.88 6.26 6.32 6.39 6.46 6.60 6.26 6.95 8.07 7.55 6.53 8.10 8.05 7.53 7.23 6.25 5.93 6.71 7.29 6.79 5.93 5.63 6.95 5.80 6.27 7.50 6.91 7.06 7.19 6.52
-9999 13.26 -9999 -9999 -9999 -9999 -9999 -9999 -9999 -9999 11.91 10.12 9.59 11.09 10.38 8.87 7.66 8.14 8.57 11.54 13.34 12.70 8.05 7.69 11.90 10.28 10.00 7.50 5.99 5.72 8.94 9.13 8.88 7.13 6.76 6.63 5.19 8.88 9.12 7.57 7.59 7.08 6.95 6.81 6.55 7.12 6.59 6.78 6.12 6.08 6.19 6.48 6.45 6.75 6.07 7.74 9.38 7.45 7.84 5.79 7.33 6.92 6.37 7.29 6.87 6.89 7.49 6.57 5.63 5.62 5.64 6.36 7.11 6.48 7.27 7.16 6.45 6.39
-9999 -9999 -9999 -9999 -9999 -9999 -9999 -9999 -9999 -9999 13.46 12.70 10.43 12.04 12.70 -9999 -9999 8.43 11.84 6.83 8.91 8.44 8.48 9.34 11.05 7.81 7.15 7.56 7.25 8.14 8.70 8.73 7.96 7.32 7.84 6.06 6.57 9.05 7.65 7.04 6.63 6.74 7.37 7.21 6.66 6.71 6.14 6.27 6.90 7.45 7.11 7.81 6.52 6.03 7.03 9.77 7.58 7.44 6.71 5.01 6.78 6.38 6.33 6.69 6.64 6.18 6.03 7.53 6.05 5.81 5.77 5.84 6.09 5.92 5.72 7.50 6.93 7.73
-9999 -9999 -9999 -9999 -9999 -9999 -9999 -9999 -9999 -9999 -9999 -9999 -9999 -9999 -9999 -9999 -9999 10.28 9.14 8.88 7.83 6.64 6.53 7.06 8.25 7.88 8.15 8.79 9.51 10.23 9.99 -9999 8.04 7.29 6.63 6.00 6.78 8.75 7.63 7.51 6.72 5.94 5.98 7.09 6.34 6.52 7.84 8.01 7.68 8.60 9.57 8.06 7.64 7.28 7.47 8.83 7.25 7.02 6.68 5.73 5.48 5.32 5.89 6.78 6.28 5.63 5.81 5.94 5.79 5.71 5.70 5.75 5.88 6.19 6.49 7.05 7.18 7.88
-9999 -9999 -9999 -9999 -9999 -9999 -9999 -9999 -9999 -9999 -9999 -9999 -9999 -9999 -9999 -9999 -9999 -9999 10.35 8.79 7.51 7.58 8.16 6.81 6.93 7.75 9.30 -9999 -9999 -9999 -9999 9.21 7.80 7.09 6.16 5.91 6.81 8.70 7.66 7.75 6.80 5.65 6.67 6.44 8.07 7.54 9.61 8.06 8.25 7.84 8.29 8.10 7.32 8.17 6.23 6.90 7.23 5.61 5.73 5.19 4.83 4.53 4.02 3.91 4.54 4.56 4.83 4.97 5.18 5.17 6.72 7.10 5.91 6.07 6.45 6.78 7.26 8.58
-9999 -9999 -9999 -9999 -9999 -9999 -9999 -9999 -9999 -9999 -9999 -9999 -9999 -9999 -9999 -9999 -9999 -9999 -9999 10.14 11.07 9.63 8.27 8.50 8.72 9.85 -9999 -9999 -9999 -9999 9.84 9.46 9.08 5.66 5.28 5.49 8.21 9.01 8.36 7.42 6.03 5.99 5.94 7.76 9.41 8.30 8.44 7.77 8.02 7.80 6.67 7.21 7.21 6.73 6.59 6.51 6.18 5.42 5.41 5.86 5.92 5.67 4.07 3.95 4.19 4.28 5.22 5.28 5.71 5.26 6.22 6.20 6.15 7.33 6.47 7.29 7.59 8.64
-9999 -9999 -9999 -9999 -9999 -9999 -9999 -9999 -9999 -9999 -9999 -9999 -9999 -9999 -9999 -9999 -9999 -9999 -9999 -9999 11.27 11.21 10.04 10.05 9.71 11.62 -9999 -9999 -9999 9.11 6.94 6.42 8.39 7.82 6.87 5.57 7.23 6.45 8.21 7.21 5.35 6.75 8.01 8.11 7.70 8.64 7.75 7.31 7.08 6.44 6.31 6.21 6.43 6.97 6.49 5.77 5.60 5.55 5.51 6.27 5.82 5.63 4.96 4.25 4.44 4.41 4.74 4.85 5.39 5.48 5.82 5.68 6.67 7.16 7.59 7.25 6.19 8.34
-9999 -9999 -9999 -9999 -9999 -9999 -9999 -9999 -9999 -9999 -9999 -9999 -9999 -9999 -9999 -9999 -9999 -9999 -9999 -9999 -9999 -9999 -9999 -9999 -9999 -9999 -9999 -9999 11.73 7.65 5.75 5.73 8.11 6.25 6.95 7.70 7.58 7.51 7.60 5.84 5.46 5.85 7.05 6.99 7.32 7.44 7.67 7.36 7.19 8.86 7.07 7.19 6.50 7.02 6.88 5.83 5.72 5.20 5.69 6.51 5.76 5.01 4.77 4.74 4.62 5.26 5.01 5.61 5.34 6.57 7.19 6.69 5.51 8.42 9.26 7.50 6.06 9.19
-9999 -9999 -9999 -9999 -9999 -9999 -9999 -9999 -9999 -9999 -9999 -9999 -9999 -9999 -9999 -9999 -9999 -9999 -9999 -9999 -9999 -9999 -9999 -9999 -9999 -9999 -9999 -9999 8.98 7.60 6.01 11.84 10.03 6.31 7.08 7.79 8.12 8.36 6.42 5.90 5.72 5.61 6.92 6.67 6.45 8.34 8.09 9.27 7.64 7.94 9.31 7.50 6.99 6.84 6.18 5.86 5.52 5.33 5.79 5.78 5.92 5.24 4.71 4.68 4.53 5.01 7.02 6.28 7.17 7.65 8.78 7.13 5.83 7.24 7.64 6.16 5.46 6.27
-9999 -9999 -9999 -9999 -9999 -9999 -9999 -9999 -9999 -9999 -9999 -9999 -9999 -9999 -9999 -9999 -9999 -9999 -9999 -9999 -9999 -9999 -9999 -9999 -9999 -9999 -9999 -9999 8.60 5.81 4.36 6.98 11.08 9.90 9.02 7.86 9.09 7.01 6.47 5.82 7.67 7.76 8.51 7.95 7.03 7.21 7.09 7.47 7.95 7.99 7.04 6.96 7.01 6.98 6.31 5.94 5.79 5.69 6.21 5.95 5.63 4.83 4.81 5.81 6.80 6.06 7.11 6.58 6.46 6.66 7.66 9.63 9.23 6.82 6.63 6.98 7.15 6.96
-9999 -9999 -9999 -9999 -9999 -9999 -9999 -9999 -9999 -9999 -9999 11.52 11.80 9.32 14.92 14.50 14.81 15.32 17.72 9.31 15.70 10.55 -9999 -9999 -9999 -9999 -9999 -9999 8.02 6.44 5.80 4.66 5.91 8.40 10.23 9.54 8.01 6.94 6.74 7.51 8.84 7.91 7.08 7.13 6.67 6.75 7.13 6.63 6.21 6.05 6.61 6.02 6.85 7.45 8.31 7.04 6.34 6.79 6.66 5.99 6.57 5.15 4.69 6.34 7.58 6.29 5.88 6.30 6.25 6.00 5.84 6.15 6.10 5.64 5.53 5.40 5.44 5.43
-9999 -9999 -9999 -9999 -9999 -9999 -9999 -9999 -9999 -9999 -9999 13.32 12.12 11.69 9.25 12.22 14.82 14.39 15.28 15.64 12.27 10.49 8.73 9.82 12.73 10.50 9.41 7.95 7.26 6.43 5.93 5.42 4.82 5.39 8.46 8.63 7.52 6.51 9.71 7.93 6.73 7.27 7.75 6.78 6.59 6.73 6.71 6.97 6.59 6.55 5.40 5.73 6.50 6.74 6.88 7.75 8.05 6.22 5.87 5.47 5.11 5.93 4.92 9.35 7.51 7.11 6.58 6.11 6.31 6.04 7.00 6.98 5.48 7.23 6.66 7.27 5.79 6.00
-9999 -9999 -9999 -9999 -9999 -9999 -9999 -9999 -9999 -9999 11.67 9.90 8.78 7.78 6.70 10.02 13.97 13.93 12.99 13.01 12.88 11.30 9.23 8.44 9.72 11.23 8.13 7.34 6.54 6.54 7.43 5.77 5.57 7.07 7.17 6.90 7.09 9.66 7.56 9.08 8.26 7.25 6.16 6.63 6.04 6.68 7.02 6.59 7.11 5.97 6.36 6.16 6.17 6.22 7.88 8.80 6.43 5.47 5.74 8.27 6.33 5.59 5.82 5.88 6.41 6.74 6.37 6.24 6.93 7.98 6.94 5.77 5.67 7.58 6.93 6.73 7.19 6.99
-9999 -9999 -9999 -9999 -9999 -9999 -9999 -9999 -9999 -9999 -9999 8.96 7.11 6.12 8.21 8.34 9.92 13.82 12.49 10.29 8.87 11.57 13.58 10.81 8.23 8.65 10.85 8.46 6.34 6.21 6.00 6.66 6.64 5.68 5.89 6.42 7.16 8.34 6.92 8.76 7.48 7.29 7.00 7.12 6.22 7.05 7.40 7.19 5.62 5.74 6.56 5.65 5.18 5.10 6.45 7.96 7.65 5.58 5.98 7.31 7.02 6.08 5.15 5.13 5.06 5.55 7.55 7.27 6.97 7.59 8.67 7.68 7.07 7.83 7.82 6.73 7.70 6.51
-9999 -9999 -9999 -9999 -9999 -9999 -9999 13.50 -9999 -9999 10.59 8.68 9.16 5.78 7.97 6.61 7.08 8.34 9.34 10.44 8.57 10.77 12.33 9.58 8.20 6.91 7.11 6.88 6.16 6.10 6.30 7.11 5.87 5.54 6.21 8.22 6.67 7.58 6.36 7.46 6.95 7.89 8.69 7.67 6.33 5.84 6.01 5.74 5.40 7.13 6.10 5.29 7.44 5.70 5.89 8.14 9.34 5.42 5.84 6.34 6.09 5.51 5.12 5.09 5.67 6.45 7.08 6.16 5.74 5.74 6.41 6.54 6.63 7.47 6.76 6.68 6.62 6.03
-9999 -9999 -9999 -9999 -9999 -9999 12.29 13.60 13.25 12.48 9.08 7.84 9.73 6.98 5.64 6.45 6.17 8.65 9.86 10.99 9.15 8.83 9.63 8.54 7.42 6.85 7.11 7.61 7.50 6.30 6.06 6.10 5.56 5.50 7.45 7.60 6.45 7.12 7.46 8.98 8.01 7.99 9.37 7.70 7.22 5.82 6.57 6.12 6.45 5.79 5.57 4.94 6.35 6.40 5.54 6.84 6.36 5.54 5.37 5.16 6.06 5.94 5.69 5.34 5.11 5.15 5.19 5.71 6.07 5.81 5.00 5.67 6.26 7.31 7.82 7.33 6.02 7.09
-9999 -9999 -9999 -9999 -9999 -9999 11.51 11.50 10.20 10.53 9.10 7.94 6.54 8.56 8.35 7.16 8.85 9.24 9.41 11.20 9.91 9.85 9.90 7.63 9.05 11.19 10.22 8.64 7.31 6.25 6.60 6.94 7.10 6.30 7.72 6.98 7.56 6.50 5.69 7.56 9.05 7.72 7.72 7.39 6.62 6.61 7.33 6.32 5.58 6.41 6.65 5.11 5.63 5.76 5.66 6.72 7.19 7.22 8.92 5.90 6.03 5.13 4.87 5.20 5.48 5.05 4.94 5.45 6.28 5.86 5.38 5.15 6.18 6.37 6.60 6.82 7.16 5.91
-9999 -9999 -9999 -9999 -9999 -9999 11.94 10.44 9.65 9.96 9.09 8.78 7.13 7.61 7.67 6.24 7.95 8.58 9.73 10.44 10.10 7.52 6.68 6.77 9.78 9.91 10.32 10.70 7.86 7.22 7.13 6.29 7.26 6.39 7.50 6.97 6.96 6.66 5.91 7.88 7.36 7.46 7.29 6.99 6.76 6.86 7.55 7.38 5.94 5.63 5.94 6.88 5.48 5.79 5.55 6.06 6.19 6.37 7.32 6.72 7.68 8.58 4.57 8.64 6.96 4.93 5.34 9.21 9.21 8.67 5.22 5.20 5.57 5.50 6.18 5.91 7.42 8.65
-9999 -9999 -9999 -9999 -9999 -9999 10.12 9.58 9.29 8.96 8.20 7.94 7.21 6.61 7.80 7.14 7.47 8.61 8.00 8.38 8.30 8.44 6.11 7.76 10.53 9.58 10.81 10.53 8.32 8.22 8.31 6.77 7.02 7.13 7.05 6.90 6.89 7.57 8.61 6.46 7.46 7.27 7.21 6.92 6.79 7.06 7.52 6.52 6.49 6.11 6.52 6.95 7.60 6.80 7.82 7.23 6.59 6.32 5.99 5.56 5.62 6.00 5.36 7.60 7.50 8.33 7.90 8.64 9.33 9.91 5.85 5.96 5.82 5.99 6.46 7.59 9.10 9.52
-9999 -9999 -9999 -9999 -9999 -9999 9.00 8.75 8.73 9.14 9.57 8.47 7.80 7.19 7.74 9.17 8.62 8.24 7.52 8.11 7.62 7.26 7.37 7.27 8.05 7.72 10.21 8.64 6.26 9.28 8.68 7.07 10.01 8.39 8.99 9.65 8.80 8.28 8.88 7.45 6.59 7.14 7.05 6.43 6.63 6.80 7.37 6.43 6.69 7.55 8.22 7.95 7.93 8.16 8.18 8.38 8.27 7.73 6.88 6.53 7.01 7.58 7.91 8.47 8.82 9.10 -9999 -9999 8.85 9.25 8.72 8.03 7.07 10.44 8.24 -9999 -9999 -9999
-9999 -9999 -9999 -9999 -9999 12.00 9.46 9.10 8.05 9.16 9.38 10.48 8.85 9.76 9.22 9.70 8.89 8.24 7.72 7.65 7.08 6.55 6.64 7.33 8.47 9.21 8.89 6.86 9.78 10.46 7.29 6.36 7.47 7.47 8.95 8.92 7.62 7.38 7.12 6.86 7.82 7.55 7.65 7.17 7.10 7.62 8.53 8.21 7.77 7.75 7.98 8.29 -9999 -9999 9.37 10.26 10.34 9.71 9.16 8.67 8.91 -9999 -9999 -9999 -9999 -9999 -9999 -9999 -9999 -9999 -9999 9.14 9.77 11.78 10.18 -9999 -9999 -9999
-9999 -9999 -9999 -9999 13.32 11.35 9.21 9.70 8.20 8.14 8.11 8.30 8.07 12.19 13.01 11.22 10.20 9.90 10.06 8.43 7.23 6.59 7.12 7.42 10.98 12.09 11.35 10.66 12.37 9.09 8.85 8.46 9.20 10.06 8.12 6.76 7.44 6.59 6.85 6.65 7.00 7.05 8.79 9.97 9.95 9.62 9.60 9.85 8.85 -9999 7.35 8.26 8.10 8.67 9.53 -9999 -9999 -9999 -9999 10.58 -9999 -9999 -9999 -9999 -9999 -9999 -9999 -9999 -9999 -9999 -9999 -9999 -9999 -9999 -9999 -9999 -9999 -9999
-9999 -9999 -9999 13.93 13.01 12.54 10.84 8.75 8.12 7.78 6.58 6.48 8.64 15.07 16.69 10.91 9.92 12.85 9.05 10.81 7.63 6.88 10.38 9.20 9.37 10.07 10.58 -9999 -9999 -9999 -9999 -9999 9.37 10.94 10.22 8.15 7.84 7.33 6.68 6.79 6.83 7.71 9.24 -9999 -9999 -9999 -9999 -9999 10.32 10.24 8.84 7.63 7.57 9.93 9.81 -9999 -9999 -9999 -9999 -9999 -9999 -9999 -9999 -9999 -9999 -9999 -9999 -9999 -9999 -9999 -9999 -9999 -9999 -9999 -9999 -9999 -9999 -9999
-9999 -9999 8.54 9.79 12.05 12.41 10.73 10.09 9.05 6.83 7.61 7.81 11.02 14.59 16.32 14.39 12.83 10.42 11.38 9.23 9.29 8.50 11.04 11.02 -9999 -9999 -9999 -9999 -9999 -9999 -9999 -9999 -9999 9.76 10.10 8.58 9.92 10.90 11.22 8.60 11.05 11.01 11.90 -9999 -9999 -9999 -9999 -9999 -9999 -9999 8.72 9.14 7.64 8.73 -9999 -9999 -9999 -9999 -9999 -9999 -9999 -9999 -9999 -9999 -9999 -9999 -9999 -9999 -9999 -9999 -9999 -9999 -9999 -9999 -9999 -9999 -9999 -9999
11.46 10.98 8.23 8.73 10.68 12.61 12.80 10.67 8.17 8.02 8.83 8.86 10.69 14.56 12.97 12.99 12.28 13.20 6.59 9.56 13.32 10.38 -9999 -9999 -9999 -9999 -9999 -9999 -9999 -9999 -9999 -9999 -9999 -9999 -9999 10.86 -9999 -9999 -9999 -9999 9.81 12.79 13.43 -9999 -9999 -9999 -9999 -9999 -9999 -9999 -9999 9.34 11.67 9.95 -9999 -9999 -9999 -9999 -9999 -9999 -9999 -9999 -9999 -9999 -9999 -9999 -9999 -9999 -9999 -9999 -9999 -9999 -9999 -9999 -9999 -9999 -9999 -9999
10.78 9.54 7.17 8.47 10.63 11.41 12.33 10.89 9.73 10.91 7.50 6.43 8.84 13.03 13.46 11.20 9.40 11.16 7.90 7.66 9.45 -9999 -9999 -9999 -9999 -9999 -9999 -9999 -9999 -9999 -9999 -9999 -9999 -9999 -9999 12.37 -9999 -9999 -9999 -9999 -9999 -9999 -9999 -9999 -9999 -9999 -9999 -9999 -9999 -9999 -9999 -9999 -9999 -9999 -9999 -9999 -9999 -9999 -9999 -9999 -9999 -9999 -9999 -9999 -9999 -9999 -9999 -9999 -9999 -9999 -9999 -9999 -9999 -9999 -9999 -9999 -9999 -9999
12.14 10.28 7.50 8.76 9.42 9.66 10.58 9.99 9.92 11.36 7.06 6.46 7.95 11.01 16.31 16.73 8.69 8.83 8.27 9.27 12.27 -9999 -9999 -9999 -9999 -9999 -9999 -9999 -9999 -9999 -9999 -9999 -9999 -9999 -9999 -9999 -9999 -9999 -9999 -9999 -9999 -9999 -9999 -9999 -9999 -9999 -9999 -9999 -9999 -9999 -9999 -9999 -9999 -9999 -9999 -9999 -9999 -9999 -9999 -9999 -9999 -9999 -9999 -9999 -9999 -9999 -9999 -9999 -9999 -9999 -9999 -9999 -9999 -9999 -9999 -9999 -9999 -9999
10.39 11.95 10.15 9.84 9.31 10.34 9.53 9.26 9.39 8.13 8.30 7.41 7.24 10.89 13.75 13.31 10.74 7.92 8.08 11.85 10.83 -9999 -9999 -9999 -9999 -9999 -9999 -9999 -9999 -9999 -9999 -9999 -9999 -9999 -9999 -9999 -9999 -9999 -9999 -9999 -9999 -9999 -9999 -9999 -9999 -9999 -9999 -9999 -9999 -9999 -9999 -9999 -9999 -9999 -9999 -9999 -9999 -9999 -9999 -9999 -9999 -9999 -9999 -9999 -9999 -9999 -9999 -9999 -9999 -9999 -9999 -9999 -9999 -9999 -9999 -9999 -9999 -9999
10.77 13.20 11.88 11.28 9.34 10.13 9.57 12.54 11.75 9.92 9.38 10.08 8.24 8.99 10.33 10.02 8.86 8.52 9.41 10.64 11.14 -9999 -9999 -9999 -9999 -9999 -9999 -9999 -9999 -9999 -9999 -9999 -9999 -9999 -9999 -9999 -9999 -9999 -9999 -9999 -9999 -9999 -9999 -9999 -9999 -9999 -9999 -9999 -9999 -9999 -9999 -9999 -9999 -9999 -9999 -9999 -9999 -9999 -9999 -9999 -9999 -9999 -9999 -9999 -9999 -9999 -9999 -9999 -9999 -9999 -9999 -9999 -9999 -9999 -9999 -9999 -9999 -9999
10.17 11.01 11.18 10.11 11.41 13.55 13.18 11.47 11.84 11.95 11.84 10.40 11.00 9.90 8.54 8.57 9.63 10.68 11.16 10.65 12.06 -9999 -9999 -9999 -9999 -9999 -9999 -9999 -9999 -9999 -9999 -9999 -9999 -9999 -9999 -9999 -9999 -9999 -9999 -9999 -9999 -9999 -9999 -9999 -9999 -9999 -9999 -9999 -9999 -9999 -9999 -9999 -9999 -9999 -9999 -9999 -9999 -9999 -9999 -9999 -9999 -9999 -9999 -9999 -9999 -9999 -9999 -9999 -9999 -9999 -9999 -9999 -9999 -9999 -9999 -9999 -9999 -9999
10.37 11.96 12.45 -9999 -9999 -9999 -9999 -9999 -9999 -9999 -9999 -9999 12.31 12.94 11.04 9.82 8.89 10.32 11.32 11.09 -9999 -9999 -9999 -9999 -9999 -9999 -9999 -9999 -9999 -9999 -9999 -9999 -9999 -9999 -9999 -9999 -9999 -9999 -9999 -9999 -9999 -9999 -9999 -9999 -9999 -9999 -9999 -9999 -9999 -9999 -9999 -9999 -9999 -9999 -9999 -9999 -9999 -9999 -9999 -9999 -9999 -9999 -9999 -9999 -9999 -9999 -9999 -9999 -9999 -9999 -9999 -9999 -9999 -9999 -9999 -9999 -9999 -9999
13.27 13.22 14.01 -9999 -9999 -9999 -9999 -9999 -9999 -9999 -9999 -9999 -9999 -9999 -9999 10.89 9.90 10.23 10.91 -9999 -9999 -9999 -9999 -9999 -9999 -9999 -9999 -9999 -9999 -9999 -9999 -9999 -9999 -9999 -9999 -9999 -9999 -9999 -9999 -9999 -9999 -9999 -9999 -9999 -9999 -9999 -9999 -9999 -9999 -9999 -9999 -9999 -9999 -9999 -9999 -9999 -9999 -9999 -9999 -9999 -9999 -9999 -9999 -9999 -9999 -9999 -9999 -9999 -9999 -9999 -9999 -9999 -9999 -9999 -9999 -9999 -9999 -9999
14.35 -9999 -9999 -9999 -9999 -9999 -9999 -9999 -9999 -9999 -9999 -9999 -9999 -9999 -9999 12.56 13.92 14.64 13.91 -9999 -9999 -9999 -9999 -9999 -9999 -9999 -9999 -9999 -9999 -9999 -9999 -9999 -9999 -9999 -9999 -9999 -9999 -9999 -9999 -9999 -9999 -9999 -9999 -9999 -9999 -9999 -9999 -9999 -9999 -9999 -9999 -9999 -9999 -9999 -9999 -9999 -9999 -9999 -9999 -9999 -9999 -9999 -9999 -9999 -9999 -9999 -9999 -9999 -9999 -9999 -9999 -9999 -9999 -9999 -9999 -9999 -9999 -9999
-9999 -9999 -9999 -9999 -9999 -9999 -9999 -9999 -9999 -9999 -9999 -9999 -9999 -9999 -9999 -9999 -9999 -9999 -9999 -9999 -9999 -9999 -9999 -9999 -9999 -9999 -9999 -9999 -9999 -9999 -9999 -9999 -9999 -9999 -9999 -9999 -9999 -9999 -9999 -9999 -9999 -9999 -9999 -9999 -9999 -9999 -9999 -9999 -9999 -9999 -9999 -9999 -9999 -9999 -9999 -9999 -9999 -9999 -9999 -9999 -9999 -9999 -9999 -9999 -9999 -9999 -9999 -9999 -9999 -9999 -9999 -9999 -9999 -9999 -9999 -9999 -9999 -9999
-9999 -9999 -9999 -9999 -9999 -9999 -9999 -9999 -9999 -9999 -9999 -9999 -9999 -9999 -9999 -9999 -9999 -9999 -9999 -9999 -9999 -9999 -9999 -9999 -9999 -9999 -9999 -9999 -9999 -9999 -9999 -9999 -9999 -9999 -9999 -9999 -9999 -9999 -9999 -9999 -9999 -9999 -9999 -9999 -9999 -9999 -9999 -9999 -9999 -9999 -9999 -9999 -9999 -9999 -9999 -9999 -9999 -9999 -9999 -9999 -9999 -9999 -9999 -9999 -9999 -9999 -9999 -9999 -9999 -9999 -9999 -9999 -9999 -9999 -9999 -9999 -9999 -9999
