ML/MeanWindSpeed_1995-03_Actual.txt
ncols         180
nrows         290
xllcorner     -200000
yllcorner     -200000
cellsize      5000
NODATA_value  -9999
[rows 210 to 244 of 290, columns 77 to 153 of 180]
13.58 13.90 14.46 12.35 15.30 15.30 -9999 -9999 -9999 -9999 -9999 -9999 -9999 10.46 10.47 11.56 9.48 9.70 10.49 13.69 16.71 20.33 19.17 15.90 13.09 12.43 10.74 14.83 14.83 9.53 8.00 13.77 13.61 14.77 9.91 9.06 9.12 8.77 10.63 11.41 10.44 10.44 9.89 9.41 9.12 8.74 8.24 8.03 7.79 8.77 8.12 8.42 8.69 8.82 8.93 8.59 9.65 11.48 11.12 9.71 11.48 11.32 10.74 10.40 9.07 8.45 9.42 10.19 9.61 8.58 8.31 9.96 8.46 9.03 10.55 9.68 9.69
-9999 -9999 14.20 -9999 -9999 -9999 -9999 -9999 -9999 -9999 -9999 16.37 14.30 13.67 15.26 13.79 11.53 9.94 10.64 11.28 14.78 16.85 16.28 10.54 9.98 15.35 13.37 12.90 9.93 8.59 8.45 12.40 12.10 11.60 9.64 9.47 9.54 7.92 12.39 12.40 10.17 9.99 9.33 9.26 9.13 8.79 9.45 8.71 8.93 8.13 8.20 8.47 8.88 8.83 9.16 8.32 10.47 12.76 10.65 11.10 8.38 10.32 9.79 8.99 9.82 9.20 9.36 10.22 9.18 8.16 8.27 8.19 9.09 10.02 9.10 9.93 9.58
-9999 -9999 -9999 -9999 -9999 -9999 -9999 -9999 -9999 -9999 -9999 17.84 17.09 14.16 15.74 16.08 -9999 -9999 10.60 14.99 8.46 11.00 10.64 10.92 12.18 14.43 10.36 9.36 10.02 9.98 11.00 11.41 11.24 10.47 10.06 11.05 9.01 9.52 12.30 10.24 9.40 8.79 8.96 9.86 9.76 9.20 9.27 8.49 8.58 9.40 10.15 9.78 10.68 9.00 8.33 9.51 12.89 10.12 10.23 9.51 7.36 9.54 8.92 8.53 8.63 8.58 8.24 8.28 10.40 8.72 8.45 8.34 8.42 8.61 8.30 7.90 9.85
-9999 -9999 -9999 -9999 -9999 -9999 -9999 -9999 -9999 -9999 -9999 -9999 -9999 -9999 -9999 -9999 -9999 -9999 12.54 11.16 11.10 9.76 8.42 8.44 9.25 10.86 10.44 10.60 11.48 12.51 13.16 12.72 -9999 10.85 10.17 9.63 8.84 9.72 11.87 10.17 9.97 8.95 7.98 8.13 9.67 8.83 9.13 10.83 11.01 10.61 11.80 13.02 11.05 10.47 9.96 10.04 11.57 9.62 9.61 9.42 8.33 7.99 7.72 8.33 8.91 8.28 7.72 8.12 8.46 8.47 8.41 8.33 8.33 8.34 8.58 8.73 9.17
-9999 -9999 -9999 -9999 -9999 -9999 -9999 -9999 -9999 -9999 -9999 -9999 -9999 -9999 -9999 -9999 -9999 -9999 -9999 12.49 10.92 9.60 9.85 10.61 8.88 9.07 10.18 12.14 -9999 -9999 -9999 -9999 12.27 10.86 10.19 9.05 8.63 9.66 11.78 10.27 10.33 9.12 7.68 9.03 8.83 11.04 10.51 13.22 11.17 11.35 10.81 11.32 11.05 10.06 11.15 8.55 9.22 9.79 8.04 8.38 7.83 7.37 7.02 6.65 6.71 7.19 6.89 7.16 7.40 7.84 7.90 9.80 10.20 8.54 8.61 8.90 9.08
-9999 -9999 -9999 -9999 -9999 -9999 -9999 -9999 -9999 -9999 -9999 -9999 -9999 -9999 -9999 -9999 -9999 -9999 -9999 -9999 12.43 14.02 12.45 10.74 10.71 11.00 12.80 -9999 -9999 -9999 -9999 13.15 13.05 12.83 8.50 7.95 8.12 11.34 12.11 11.19 9.94 8.17 8.17 8.12 10.49 12.77 11.55 11.76 10.84 11.11 10.79 9.27 9.90 9.91 9.33 9.14 8.96 8.75 8.02 8.12 8.81 8.90 8.60 6.72 6.66 6.84 6.78 7.95 8.11 8.75 8.24 9.39 9.21 9.00 10.39 9.16 9.96
-9999 -9999 -9999 -9999 -9999 -9999 -9999 -9999 -9999 -9999 -9999 -9999 -9999 -9999 -9999 -9999 -9999 -9999 -9999 -9999 -9999 13.82 14.07 12.52 11.99 11.80 15.08 -9999 -9999 -9999 12.39 10.02 9.62 12.09 11.18 9.94 8.19 10.07 8.85 11.06 9.80 7.51 9.29 10.90 11.10 10.71 12.07 11.00 10.45 10.16 9.30 9.04 8.83 9.08 9.77 9.20 8.34 8.28 8.33 8.35 9.37 8.81 8.55 7.75 6.90 7.12 7.09 7.61 7.88 8.59 8.70 9.00 8.66 9.79 10.29 10.71 10.16
-9999 -9999 -9999 -9999 -9999 -9999 -9999 -9999 -9999 -9999 -9999 -9999 -9999 -9999 -9999 -9999 -9999 -9999 -9999 -9999 -9999 -9999 -9999 -9999 -9999 -9999 -9999 -9999 -9999 15.61 10.86 8.72 8.69 11.66 9.26 10.08 10.91 10.49 10.26 10.41 8.30 7.96 8.49 10.04 10.03 10.53 10.80 11.15 10.75 10.47 12.53 10.19 10.27 9.38 10.03 9.91 8.65 8.59 7.98 8.62 9.60 8.62 7.70 7.49 7.52 7.39 8.25 8.02 8.85 8.47 9.99 10.63 9.87 8.24 11.79 12.74 10.47
-9999 -9999 -9999 -9999 -9999 -9999 -9999 -9999 -9999 -9999 -9999 -9999 -9999 -9999 -9999 -9999 -9999 -9999 -9999 -9999 -9999 -9999 -9999 -9999 -9999 -9999 -9999 -9999 -9999 12.28 11.02 9.09 16.19 13.73 9.14 10.22 11.09 11.32 11.54 9.15 8.67 8.58 8.42 10.07 9.77 9.59 12.11 11.83 13.31 11.18 11.47 13.16 10.79 10.09 9.93 9.12 8.80 8.41 8.17 8.68 8.57 8.76 7.96 7.41 7.50 7.37 7.96 10.50 9.61 10.66 11.17 12.46 10.23 8.40 10.03 10.40 8.54
-9999 -9999 -9999 -9999 -9999 -9999 -9999 -9999 -9999 -9999 -9999 -9999 -9999 -9999 -9999 -9999 -9999 -9999 -9999 -9999 -9999 -9999 -9999 -9999 -9999 -9999 -9999 -9999 -9999 11.69 8.60 6.85 9.86 14.89 13.46 12.44 11.04 12.60 9.97 9.46 8.80 11.23 11.31 12.20 11.48 10.45 10.78 10.58 10.98 11.44 11.39 10.18 10.10 10.15 10.13 9.31 8.91 8.74 8.57 9.13 8.72 8.37 7.47 7.51 8.84 10.14 9.15 10.38 9.69 9.49 9.61 10.76 13.13 12.48 9.26 8.97 9.57
-9999 -9999 -9999 -9999 -9999 -9999 -9999 -9999 -9999 -9999 -9999 -9999 14.08 14.81 11.94 19.26 18.90 19.43 20.06 23.03 12.23 20.13 13.39 -9999 -9999 -9999 -9999 -9999 -9999 10.83 9.11 8.27 6.53 8.06 11.38 13.77 12.98 11.16 9.99 9.96 11.04 12.75 11.57 10.40 10.35 9.72 10.15 10.54 9.81 9.13 8.89 9.57 8.79 9.83 10.63 11.84 10.31 9.38 9.89 9.70 8.83 9.58 7.88 7.32 9.40 10.93 9.22 8.51 8.97 8.88 8.50 8.20 8.56 8.43 7.75 7.61 7.55
-9999 -9999 -9999 -9999 -9999 -9999 -9999 -9999 -9999 -9999 -9999 -9999 16.68 15.68 15.46 12.56 16.44 19.80 19.27 20.40 20.86 16.38 13.98 11.49 12.59 16.19 13.45 12.16 10.46 9.74 8.82 8.20 7.31 6.29 7.14 11.26 11.70 10.49 9.40 13.64 11.41 9.84 10.56 11.14 9.79 9.47 10.20 10.09 10.30 9.72 9.66 8.14 8.47 9.35 9.66 9.91 11.10 11.45 9.07 8.60 8.14 7.68 8.73 7.41 12.93 10.58 10.09 9.34 8.73 8.93 8.56 9.73 9.67 7.68 9.87 9.13 9.88
-9999 -9999 -9999 -9999 -9999 -9999 -9999 -9999 -9999 -9999 -9999 14.14 12.40 11.50 10.38 9.10 13.22 18.08 18.00 16.96 17.28 17.30 15.23 12.47 11.08 12.44 14.29 10.40 9.44 8.52 8.65 9.92 7.83 7.45 9.25 9.43 9.32 9.82 13.32 10.71 12.68 11.63 10.45 9.15 9.81 9.26 10.25 10.56 9.94 10.56 9.02 9.46 9.09 8.99 8.96 11.02 12.23 9.22 8.00 8.34 11.59 9.12 8.18 8.40 8.32 8.98 9.58 9.22 9.03 9.80 11.12 9.77 8.23 8.06 10.44 9.55 9.26
-9999 -9999 -9999 -9999 -9999 -9999 -9999 -9999 -9999 -9999 -9999 -9999 11.12 9.05 7.97 10.70 10.68 12.42 17.30 15.72 13.19 11.72 15.25 17.64 13.68 9.81 10.14 13.11 10.24 7.75 7.79 7.74 8.78 8.91 7.69 7.92 8.68 9.79 11.44 9.69 12.18 10.72 10.55 10.23 10.49 9.48 10.58 10.96 10.66 8.64 8.71 9.67 8.38 7.70 7.52 9.15 11.02 10.65 8.08 8.62 10.30 9.90 8.68 7.48 7.39 7.23 7.96 10.60 10.26 9.81 10.52 11.80 10.49 9.69 10.57 10.48 9.10
-9999 -9999 -9999 -9999 -9999 -9999 -9999 -9999 16.50 -9999 -9999 13.33 11.13 12.00 7.92 10.69 8.72 8.99 10.34 11.71 13.26 10.96 13.45 14.93 10.83 8.48 6.67 7.34 7.49 6.92 7.16 7.77 9.10 7.81 7.53 8.46 11.06 9.09 10.26 8.79 10.36 9.90 11.19 12.28 11.07 9.46 8.89 9.07 8.68 8.25 10.37 8.97 7.87 10.55 8.30 8.41 11.20 12.79 7.91 8.42 8.90 8.62 7.94 7.45 7.42 8.16 9.12 9.85 8.69 8.07 7.99 8.76 8.92 8.97 9.92 8.94 8.87
-9999 -9999 -9999 -9999 -9999 -9999 -9999 15.10 17.18 17.00 16.08 11.95 10.64 13.25 9.91 8.08 8.89 8.26 11.01 12.40 13.86 11.38 10.23 10.14 8.00 6.35 5.56 6.24 7.54 8.04 7.03 7.17 7.58 7.23 7.42 9.98 10.20 8.79 9.71 10.27 12.23 11.09 11.14 12.97 10.94 10.45 8.69 9.61 9.04 9.45 8.49 8.11 7.34 9.11 9.14 7.93 9.42 8.83 7.95 7.71 7.28 8.53 8.53 8.20 7.77 7.47 7.43 7.35 7.99 8.39 7.95 6.79 7.56 8.26 9.54 10.12 9.52
-9999 -9999 -9999 -9999 -9999 -9999 -9999 14.29 14.80 13.47 13.96 12.28 10.93 9.23 11.95 11.68 10.06 12.01 12.18 12.02 14.06 12.07 10.96 9.53 5.77 7.52 10.41 9.52 8.19 7.30 6.63 7.65 8.53 9.14 8.41 10.27 9.38 10.28 9.09 8.16 10.37 12.27 10.61 10.66 10.29 9.43 9.49 10.41 9.15 8.22 9.15 9.34 7.44 8.09 8.21 8.04 9.22 9.83 10.02 12.18 8.27 8.45 7.44 7.12 7.56 7.87 7.27 7.01 7.61 8.66 8.09 7.31 6.90 8.10 8.31 8.56 8.86
-9999 -9999 -9999 -9999 -9999 -9999 -9999 14.75 13.21 12.54 13.08 12.15 11.94 9.86 10.57 10.75 8.90 10.88 11.38 12.46 13.03 12.17 7.71 4.91 4.02 7.82 8.20 9.14 10.31 7.57 7.58 8.20 7.68 9.35 8.50 9.95 9.34 9.55 9.30 8.34 10.62 9.87 10.02 9.87 9.55 9.36 9.58 10.48 10.36 8.57 8.11 8.40 9.55 7.71 8.12 7.72 8.24 8.43 8.82 10.12 9.35 10.57 11.71 6.63 11.81 9.65 7.04 7.44 12.26 12.24 11.59 7.16 7.06 7.38 7.16 7.86 7.38
-9999 -9999 -9999 -9999 -9999 -9999 -9999 12.49 12.09 11.92 11.64 10.89 10.78 9.98 9.19 10.80 9.95 10.16 11.41 10.46 10.76 10.44 9.69 4.62 5.08 8.38 7.26 9.17 9.66 7.98 8.72 9.56 8.13 8.91 9.38 9.37 9.28 9.43 10.40 11.72 8.78 9.94 9.78 9.75 9.44 9.36 9.70 10.29 9.18 9.20 8.64 8.99 9.44 10.17 9.16 10.42 9.44 8.58 8.33 8.05 7.65 7.70 8.18 7.38 10.09 9.85 10.86 10.21 11.03 11.85 12.71 7.68 7.87 7.65 7.76 7.96 9.04
-9999 -9999 -9999 -9999 -9999 -9999 -9999 11.29 11.15 11.24 11.86 12.54 11.30 10.74 10.06 10.76 12.51 11.66 11.10 10.25 11.17 10.81 10.21 8.70 5.40 5.26 4.85 8.42 7.25 5.30 9.95 9.96 8.54 12.73 11.04 11.92 12.78 11.78 11.14 11.90 10.04 8.92 9.68 9.58 8.82 9.12 9.29 9.94 8.89 9.30 10.17 10.77 10.37 10.29 10.48 10.38 10.51 10.35 9.74 8.80 8.43 8.80 9.46 9.86 10.38 10.65 10.99 -9999 -9999 10.36 11.10 10.68 9.98 8.83 12.97 9.83 -9999
-9999 -9999 -9999 -9999 -9999 -9999 15.37 12.33 11.87 10.49 11.90 12.31 13.86 12.12 13.49 12.74 13.20 12.15 11.43 11.03 11.30 10.98 10.54 10.47 8.76 7.41 7.71 7.56 5.44 9.78 11.24 7.93 7.47 9.39 9.76 11.75 11.73 10.15 9.76 9.47 9.28 10.47 10.08 10.21 9.58 9.48 9.99 11.08 10.71 10.22 10.24 10.42 10.72 -9999 -9999 11.64 12.50 12.56 11.89 11.28 10.74 10.93 -9999 -9999 -9999 -9999 -9999 -9999 -9999 -9999 -9999 -9999 10.65 11.53 14.04 11.75 -9999
-9999 -9999 -9999 -9999 -9999 17.14 14.99 12.39 12.81 10.76 10.61 10.67 11.09 11.08 16.50 17.51 15.14 13.94 13.76 14.33 12.73 11.56 10.80 11.52 10.73 12.80 12.69 11.41 10.64 13.09 9.35 9.63 9.74 11.15 12.67 10.45 8.79 9.75 8.68 9.09 8.97 9.40 9.41 11.36 12.64 12.52 11.93 11.85 12.28 11.17 -9999 9.69 10.85 10.58 11.16 11.81 -9999 -9999 -9999 -9999 12.71 -9999 -9999 -9999 -9999 -9999 -9999 -9999 -9999 -9999 -9999 -9999 -9999 -9999 -9999 -9999 -9999
-9999 -9999 -9999 -9999 17.75 17.08 16.67 14.45 11.61 10.71 10.14 8.64 8.60 11.54 19.83 21.88 14.60 13.54 17.46 12.96 15.68 12.04 11.11 15.20 12.82 11.41 10.82 10.92 -9999 -9999 -9999 -9999 -9999 11.06 13.37 12.87 10.43 10.07 9.49 8.79 9.03 9.10 10.10 11.63 -9999 -9999 -9999 -9999 -9999 12.59 12.80 11.39 10.30 10.34 12.83 12.09 -9999 -9999 -9999 -9999 -9999 -9999 -9999 -9999 -9999 -9999 -9999 -9999 -9999 -9999 -9999 -9999 -9999 -9999 -9999 -9999 -9999
-9999 -9999 -9999 10.84 12.82 15.86 16.26 14.22 13.34 11.94 9.01 9.93 10.19 14.22 18.57 20.83 18.64 16.87 14.11 15.66 13.32 13.66 12.52 15.14 14.26 -9999 -9999 -9999 -9999 -9999 -9999 -9999 -9999 -9999 11.40 12.17 10.53 12.37 13.58 14.08 10.92 14.09 13.82 14.60 -9999 -9999 -9999 -9999 -9999 -9999 -9999 11.04 11.87 9.94 11.07 -9999 -9999 -9999 -9999 -9999 -9999 -9999 -9999 -9999 -9999 -9999 -9999 -9999 -9999 -9999 -9999 -9999 -9999 -9999 -9999 -9999 -9999
15.89 14.06 13.88 10.79 11.45 13.80 16.24 16.65 14.00 10.82 10.56 11.48 11.47 13.44 17.93 16.12 16.57 15.85 17.19 9.24 13.37 18.08 14.06 -9999 -9999 -9999 -9999 -9999 -9999 -9999 -9999 -9999 -9999 -9999 -9999 -9999 12.86 -9999 -9999 -9999 -9999 12.02 15.74 16.31 -9999 -9999 -9999 -9999 -9999 -9999 -9999 -9999 11.33 14.35 12.01 -9999 -9999 -9999 -9999 -9999 -9999 -9999 -9999 -9999 -9999 -9999 -9999 -9999 -9999 -9999 -9999 -9999 -9999 -9999 -9999 -9999 -9999
16.04 13.65 12.45 9.61 11.09 13.58 14.51 15.82 14.08 12.60 14.00 9.49 8.06 10.89 15.75 16.41 13.88 11.77 14.32 10.69 10.43 12.41 -9999 -9999 -9999 -9999 -9999 -9999 -9999 -9999 -9999 -9999 -9999 -9999 -9999 -9999 14.43 -9999 -9999 -9999 -9999 -9999 -9999 -9999 -9999 -9999 -9999 -9999 -9999 -9999 -9999 -9999 -9999 -9999 -9999 -9999 -9999 -9999 -9999 -9999 -9999 -9999 -9999 -9999 -9999 -9999 -9999 -9999 -9999 -9999 -9999 -9999 -9999 -9999 -9999 -9999 -9999
14.63 15.62 13.45 9.99 11.43 11.99 12.17 13.39 12.73 12.68 14.37 8.79 8.00 9.72 13.16 19.95 20.69 10.62 11.32 11.15 12.14 15.42 -9999 -9999 -9999 -9999 -9999 -9999 -9999 -9999 -9999 -9999 -9999 -9999 -9999 -9999 -9999 -9999 -9999 -9999 -9999 -9999 -9999 -9999 -9999 -9999 -9999 -9999 -9999 -9999 -9999 -9999 -9999 -9999 -9999 -9999 -9999 -9999 -9999 -9999 -9999 -9999 -9999 -9999 -9999 -9999 -9999 -9999 -9999 -9999 -9999 -9999 -9999 -9999 -9999 -9999 -9999
12.54 13.28 15.35 13.15 12.63 11.78 12.96 11.84 11.46 11.66 9.95 10.30 9.19 8.85 13.12 16.61 16.32 13.47 10.22 10.73 15.25 13.37 -9999 -9999 -9999 -9999 -9999 -9999 -9999 -9999 -9999 -9999 -9999 -9999 -9999 -9999 -9999 -9999 -9999 -9999 -9999 -9999 -9999 -9999 -9999 -9999 -9999 -9999 -9999 -9999 -9999 -9999 -9999 -9999 -9999 -9999 -9999 -9999 -9999 -9999 -9999 -9999 -9999 -9999 -9999 -9999 -9999 -9999 -9999 -9999 -9999 -9999 -9999 -9999 -9999 -9999 -9999
12.42 13.53 16.56 14.89 14.05 11.55 12.49 11.64 15.21 14.15 11.76 11.27 12.32 9.94 10.67 12.09 12.01 11.22 11.13 12.24 13.35 13.51 -9999 -9999 -9999 -9999 -9999 -9999 -9999 -9999 -9999 -9999 -9999 -9999 -9999 -9999 -9999 -9999 -9999 -9999 -9999 -9999 -9999 -9999 -9999 -9999 -9999 -9999 -9999 -9999 -9999 -9999 -9999 -9999 -9999 -9999 -9999 -9999 -9999 -9999 -9999 -9999 -9999 -9999 -9999 -9999 -9999 -9999 -9999 -9999 -9999 -9999 -9999 -9999 -9999 -9999 -9999
12.07 12.41 13.24 13.30 11.84 13.51 16.13 15.58 13.28 13.70 13.87 13.96 12.27 13.11 11.65 9.84 10.18 12.16 13.74 14.14 12.92 14.36 -9999 -9999 -9999 -9999 -9999 -9999 -9999 -9999 -9999 -9999 -9999 -9999 -9999 -9999 -9999 -9999 -9999 -9999 -9999 -9999 -9999 -9999 -9999 -9999 -9999 -9999 -9999 -9999 -9999 -9999 -9999 -9999 -9999 -9999 -9999 -9999 -9999 -9999 -9999 -9999 -9999 -9999 -9999 -9999 -9999 -9999 -9999 -9999 -9999 -9999 -9999 -9999 -9999 -9999 -9999
10.46 11.95 13.56 14.02 -9999 -9999 -9999 -9999 -9999 -9999 -9999 -9999 -9999 14.40 15.36 13.09 11.81 11.07 12.91 13.86 13.16 -9999 -9999 -9999 -9999 -9999 -9999 -9999 -9999 -9999 -9999 -9999 -9999 -9999 -9999 -9999 -9999 -9999 -9999 -9999 -9999 -9999 -9999 -9999 -9999 -9999 -9999 -9999 -9999 -9999 -9999 -9999 -9999 -9999 -9999 -9999 -9999 -9999 -9999 -9999 -9999 -9999 -9999 -9999 -9999 -9999 -9999 -9999 -9999 -9999 -9999 -9999 -9999 -9999 -9999 -9999 -9999
12.60 14.60 14.36 15.30 -9999 -9999 -9999 -9999 -9999 -9999 -9999 -9999 -9999 -9999 -9999 -9999 12.79 11.82 12.16 12.72 -9999 -9999 -9999 -9999 -9999 -9999 -9999 -9999 -9999 -9999 -9999 -9999 -9999 -9999 -9999 -9999 -9999 -9999 -9999 -9999 -9999 -9999 -9999 -9999 -9999 -9999 -9999 -9999 -9999 -9999 -9999 -9999 -9999 -9999 -9999 -9999 -9999 -9999 -9999 -9999 -9999 -9999 -9999 -9999 -9999 -9999 -9999 -9999 -9999 -9999 -9999 -9999 -9999 -9999 -9999 -9999 -9999
15.19 14.84 -9999 -9999 -9999 -9999 -9999 -9999 -9999 -9999 -9999 -9999 -9999 -9999 -9999 -9999 14.41 16.40 17.22 16.10 -9999 -9999 -9999 -9999 -9999 -9999 -9999 -9999 -9999 -9999 -9999 -9999 -9999 -9999 -9999 -9999 -9999 -9999 -9999 -9999 -9999 -9999 -9999 -9999 -9999 -9999 -9999 -9999 -9999 -9999 -9999 -9999 -9999 -9999 -9999 -9999 -9999 -9999 -9999 -9999 -9999 -9999 -9999 -9999 -9999 -9999 -9999 -9999 -9999 -9999 -9999 -9999 -9999 -9999 -9999 -9999 -9999
15.61 -9999 -9999 -9999 -9999 -9999 -9999 -9999 -9999 -9999 -9999 -9999 -9999 -9999 -9999 -9999 -9999 -9999 -9999 -9999 -9999 -9999 -9999 -9999 -9999 -9999 -9999 -9999 -9999 -9999 -9999 -9999 -9999 -9999 -9999 -9999 -9999 -9999 -9999 -9999 -9999 -9999 -9999 -9999 -9999 -9999 -9999 -9999 -9999 -9999 -9999 -9999 -9999 -9999 -9999 -9999 -9999 -9999 -9999 -9999 -9999 -9999 -9999 -9999 -9999 -9999 -9999 -9999 -9999 -9999 -9999 -9999 -9999 -9999 -9999 -9999 -9999
-9999 -9999 -9999 -9999 -9999 -9999 -9999 -9999 -9999 -9999 -9999 -9999 -9999 -9999 -9999 -9999 -9999 -9999 -9999 -9999 -9999 -9999 -9999 -9999 -9999 -9999 -9999 -9999 -9999 -9999 -9999 -9999 -9999 -9999 -9999 -9999 -9999 -9999 -9999 -9999 -9999 -9999 -9999 -9999 -9999 -9999 -9999 -9999 -9999 -9999 -9999 -9999 -9999 -9999 -9999 -9999 -9999 -9999 -9999 -9999 -9999 -9999 -9999 -9999 -9999 -9999 -9999 -9999 -9999 -9999 -9999 -9999 -9999 -9999 -9999 -9999 -9999
