ML/MeanWindSpeed_1993-08_Actual.txt
ncols         180
nrows         290
xllcorner     -200000
yllcorner     -200000
cellsize      5000
NODATA_value  -9999
[rows 210 to 244 of 290, columns 79 to 157 of 180]
10.09 8.85 10.11 9.66 -9999 -9999 -9999 -9999 -9999 -9999 -9999 5.70 5.89 6.68 5.90 6.45 7.15 8.74 10.14 11.86 11.09 9.44 7.96 7.74 6.69 8.52 8.67 6.24 5.56 8.49 8.20 8.76 6.27 5.92 6.21 6.15 6.99 7.37 6.85 6.86 6.62 6.43 6.38 6.36 6.33 6.44 6.40 6.88 6.39 6.20 5.90 5.68 5.69 5.58 6.10 7.18 7.19 6.45 7.28 6.64 5.82 5.65 5.19 5.20 5.88 6.33 6.13 5.85 5.89 6.86 6.15 6.49 7.27 6.80 6.82 6.85 6.31 6.21 6.57
9.97 -9999 -9999 -9999 -9999 -9999 -9999 -9999 -9999 9.02 7.90 7.61 8.59 8.00 7.19 6.72 7.21 7.53 9.13 10.09 9.73 6.78 6.46 9.26 8.04 7.59 6.18 5.73 5.66 7.64 7.41 7.20 6.23 6.24 6.47 5.63 7.83 7.82 6.70 6.67 6.38 6.37 6.36 6.27 6.77 6.51 6.65 6.19 6.06 5.88 5.73 5.53 5.80 5.43 6.48 7.78 6.83 7.08 5.58 6.25 5.65 5.28 5.98 5.79 5.94 6.40 5.95 5.61 5.81 5.84 6.39 6.93 6.45 6.88 6.77 6.29 6.15 7.18 6.81
-9999 -9999 -9999 -9999 -9999 -9999 -9999 -9999 -9999 10.02 9.61 8.11 9.06 9.42 -9999 -9999 7.07 9.22 5.68 6.91 6.75 6.97 7.65 8.73 6.46 5.78 6.21 6.33 6.89 7.08 7.02 6.72 6.57 7.13 6.13 6.35 7.64 6.60 6.29 6.11 6.27 6.73 6.64 6.31 6.47 6.18 6.27 6.69 6.95 6.48 6.64 5.64 5.40 6.02 7.68 6.27 6.40 6.10 4.96 5.99 5.64 5.46 5.41 5.44 5.42 5.48 6.65 5.88 5.81 5.79 5.89 6.06 5.94 5.76 6.91 6.51 6.95 7.79 7.75
-9999 -9999 -9999 -9999 -9999 -9999 -9999 -9999 -9999 -9999 -9999 -9999 -9999 -9999 -9999 -9999 8.02 7.11 6.97 6.11 5.45 5.59 6.05 6.80 6.47 6.49 7.04 7.70 8.08 7.85 -9999 6.95 6.65 6.41 6.05 6.41 7.44 6.58 6.62 6.25 5.81 5.87 6.61 6.17 6.38 7.32 7.44 7.23 7.76 8.21 6.95 6.53 6.28 6.24 6.97 5.98 6.02 5.98 5.44 5.31 5.32 5.75 5.71 5.38 5.26 5.49 5.67 5.72 5.72 5.69 5.74 5.81 5.98 6.10 6.44 6.54 6.94 7.36 -9999
-9999 -9999 -9999 -9999 -9999 -9999 -9999 -9999 -9999 -9999 -9999 -9999 -9999 -9999 -9999 -9999 -9999 7.91 6.97 6.17 6.23 6.75 5.91 5.94 6.37 7.36 -9999 -9999 -9999 -9999 7.69 6.87 6.56 6.08 5.96 6.42 7.46 6.68 6.87 6.40 5.72 6.44 6.27 7.37 7.02 8.39 7.29 7.37 7.04 7.24 6.97 6.35 6.88 5.45 5.76 6.12 5.26 5.48 5.23 5.13 5.21 5.38 5.60 5.61 5.12 5.12 5.19 5.44 5.47 6.44 6.66 5.83 5.86 6.04 6.24 6.54 7.29 8.33 8.31
-9999 -9999 -9999 -9999 -9999 -9999 -9999 -9999 -9999 -9999 -9999 -9999 -9999 -9999 -9999 -9999 -9999 -9999 7.95 8.67 7.73 6.96 7.27 7.26 7.78 -9999 -9999 -9999 -9999 8.19 7.97 7.78 5.57 5.45 5.63 7.27 7.60 7.18 6.69 5.96 6.07 6.01 7.15 8.17 7.37 7.38 6.82 6.91 6.72 5.94 6.26 6.22 5.88 5.77 5.69 5.68 5.38 5.47 5.85 6.01 6.11 5.41 5.49 5.47 5.19 5.61 5.57 5.89 5.58 6.15 6.08 6.02 6.73 6.07 6.60 6.75 7.31 7.05 7.46
-9999 -9999 -9999 -9999 -9999 -9999 -9999 -9999 -9999 -9999 -9999 -9999 -9999 -9999 -9999 -9999 -9999 -9999 -9999 8.61 8.61 7.92 8.22 7.91 8.92 -9999 -9999 -9999 7.69 6.47 6.03 7.27 6.90 6.37 5.50 6.46 5.80 7.07 6.58 5.56 6.60 7.35 7.26 6.85 7.37 6.71 6.39 6.20 5.79 5.69 5.60 5.74 6.11 5.87 5.50 5.56 5.66 5.67 6.18 5.93 6.01 5.79 5.41 5.46 5.25 5.33 5.39 5.74 5.77 5.92 5.83 6.52 6.73 6.91 6.69 5.92 7.19 6.23 6.99
-9999 -9999 -9999 -9999 -9999 -9999 -9999 -9999 -9999 -9999 -9999 -9999 -9999 -9999 -9999 -9999 -9999 -9999 -9999 -9999 -9999 -9999 -9999 -9999 -9999 -9999 -9999 9.26 6.87 5.76 5.59 7.01 5.83 6.35 6.84 6.57 6.42 6.59 5.58 5.48 5.79 6.50 6.32 6.51 6.59 6.80 6.62 6.46 7.54 6.33 6.39 5.93 6.28 6.28 5.71 5.76 5.50 5.79 6.24 5.75 5.41 5.44 5.48 5.44 5.83 5.60 6.03 5.81 6.59 6.92 6.61 5.79 7.51 7.98 6.93 5.96 7.90 7.12 6.79
-9999 -9999 -9999 -9999 -9999 -9999 -9999 -9999 -9999 -9999 -9999 -9999 -9999 -9999 -9999 -9999 -9999 -9999 -9999 -9999 -9999 -9999 -9999 -9999 -9999 -9999 -9999 7.62 7.10 6.16 9.75 8.35 5.88 6.40 6.82 6.93 7.07 5.83 5.57 5.54 5.43 6.20 6.01 5.95 7.31 7.22 8.03 6.96 7.12 8.03 6.79 6.36 6.23 5.84 5.74 5.59 5.52 5.77 5.66 5.78 5.47 5.29 5.37 5.40 5.78 7.11 6.62 7.13 7.33 7.98 6.85 5.88 6.58 6.71 5.87 5.53 6.09 7.22 7.59
-9999 -9999 -9999 -9999 -9999 -9999 -9999 -9999 -9999 -9999 -9999 -9999 -9999 -9999 -9999 -9999 -9999 -9999 -9999 -9999 -9999 -9999 -9999 -9999 -9999 -9999 -9999 7.30 5.84 5.19 6.73 9.25 8.37 7.66 6.80 7.60 6.27 6.05 5.68 6.94 6.92 7.24 6.86 6.39 6.60 6.46 6.67 6.98 7.00 6.47 6.46 6.46 6.41 5.97 5.79 5.78 5.74 6.05 5.78 5.65 5.33 5.42 6.13 6.84 6.36 7.02 6.60 6.40 6.41 7.01 8.23 7.85 6.06 5.87 6.31 6.52 6.34 6.46 6.48
-9999 -9999 -9999 -9999 -9999 -9999 -9999 -9999 -9999 -9999 10.20 10.50 8.87 12.42 11.81 11.62 11.55 12.95 7.24 11.39 7.96 -9999 -9999 -9999 -9999 -9999 -9999 6.83 5.92 5.65 4.87 5.75 7.44 8.50 7.91 6.91 6.32 6.33 6.82 7.62 6.93 6.22 6.17 5.88 6.18 6.28 5.93 5.63 5.58 6.05 5.77 6.38 6.82 7.43 6.61 6.16 6.46 6.35 5.82 6.30 5.65 5.47 6.48 7.22 6.33 5.95 6.15 5.99 5.71 5.51 5.72 5.61 5.14 5.07 5.15 5.26 5.15 5.42 5.48
-9999 -9999 -9999 -9999 -9999 -9999 -9999 -9999 -9999 -9999 11.95 11.36 11.18 9.34 10.85 12.18 11.48 11.75 11.85 9.40 8.14 7.07 7.84 9.71 8.16 7.47 6.64 6.31 5.80 5.47 5.06 4.65 5.16 7.21 7.33 6.69 6.07 8.23 6.93 6.01 6.32 6.56 5.84 5.73 6.16 6.02 6.16 5.94 5.97 5.27 5.59 6.17 6.39 6.47 7.00 7.16 6.00 5.74 5.45 5.30 6.06 5.49 8.33 7.06 6.80 6.38 6.07 6.14 5.85 6.39 6.34 5.27 6.35 5.93 6.35 5.34 5.43 5.25 5.18
-9999 -9999 -9999 -9999 -9999 -9999 -9999 -9999 -9999 10.45 9.51 8.99 8.37 7.33 8.98 11.10 10.76 10.04 10.23 10.21 9.04 7.76 7.23 7.88 8.71 6.63 6.17 5.74 5.80 6.45 5.39 5.21 6.18 6.22 6.15 6.46 8.27 6.79 7.61 6.95 6.26 5.55 5.89 5.71 6.24 6.32 6.05 6.48 5.70 5.98 5.91 5.96 6.00 7.01 7.51 5.99 5.54 5.70 7.33 6.06 5.68 5.86 5.84 6.23 6.61 6.47 6.37 6.76 7.37 6.57 5.73 5.60 6.77 6.30 6.19 6.40 6.18 5.80 5.83
-9999 -9999 -9999 -9999 -9999 -9999 -9999 -9999 -9999 -9999 8.57 7.45 6.65 7.48 7.09 7.81 10.23 9.28 8.06 7.45 9.18 10.37 8.51 6.52 6.58 8.06 6.60 5.37 5.43 5.42 5.95 6.06 5.45 5.44 5.79 6.40 7.29 6.25 7.35 6.47 6.32 6.10 6.27 5.84 6.41 6.55 6.50 5.59 5.64 6.19 5.59 5.29 5.28 6.08 6.90 6.78 5.66 5.93 6.68 6.47 5.88 5.32 5.36 5.37 5.85 7.27 7.10 6.84 7.19 7.79 7.04 6.50 6.84 6.75 6.04 6.65 5.82 6.41 5.62
-9999 -9999 -9999 -9999 -9999 -9999 10.51 -9999 -9999 9.49 8.32 8.54 5.53 6.35 5.28 5.58 6.39 7.06 7.90 6.87 8.12 8.83 6.73 5.48 4.44 4.79 5.04 4.93 5.10 5.44 6.11 5.50 5.40 5.74 7.02 5.95 6.63 5.80 6.44 6.10 6.77 7.27 6.65 5.88 5.54 5.58 5.51 5.44 6.55 5.91 5.43 6.87 5.78 5.75 7.02 7.88 5.43 5.68 5.83 5.68 5.43 5.31 5.35 5.83 6.42 6.78 6.13 5.79 5.76 6.17 6.18 6.08 6.45 5.87 5.82 5.74 5.31 5.35 5.27
-9999 -9999 -9999 -9999 -9999 9.88 10.84 10.75 10.34 8.23 7.26 7.86 5.34 4.25 4.89 4.95 6.71 7.46 8.28 7.16 6.56 6.43 5.21 4.23 3.71 4.07 4.92 5.41 4.96 5.08 5.32 5.24 5.39 6.57 6.57 5.84 6.39 6.71 7.61 6.90 6.90 7.79 6.71 6.50 5.51 5.89 5.68 6.03 5.58 5.48 5.18 6.17 6.26 5.55 6.17 5.83 5.40 5.21 4.93 5.57 5.68 5.62 5.40 5.27 5.35 5.31 5.54 5.67 5.48 4.97 5.39 5.72 6.32 6.57 6.22 5.31 5.97 5.89 5.80
-9999 -9999 -9999 -9999 -9999 9.41 9.44 8.66 8.81 7.75 6.65 5.12 6.24 6.11 5.41 6.85 7.42 7.54 8.73 7.85 7.25 6.40 4.23 4.99 6.44 5.91 5.32 5.03 4.77 5.37 5.84 6.20 5.84 6.67 6.08 6.55 6.01 5.56 6.65 7.60 6.68 6.66 6.51 6.13 6.05 6.43 5.83 5.43 5.94 6.11 5.21 5.61 5.75 5.65 6.21 6.54 6.65 7.76 5.62 5.66 5.21 5.10 5.28 5.43 5.22 5.12 5.35 5.80 5.49 5.14 4.92 5.55 5.68 5.80 5.95 6.13 5.26 5.61 6.29
-9999 -9999 -9999 -9999 -9999 9.48 8.37 7.91 8.02 7.23 6.82 5.38 5.51 5.62 4.81 6.26 7.14 8.14 8.73 8.46 6.04 4.24 3.43 5.28 5.41 5.88 6.66 5.33 5.36 5.74 5.42 6.25 5.79 6.43 6.05 6.20 6.07 5.57 6.72 6.32 6.40 6.32 6.23 6.23 6.26 6.59 6.54 5.66 5.46 5.68 6.35 5.41 5.63 5.43 5.71 5.88 6.13 6.86 6.38 6.94 7.61 5.02 7.66 6.55 5.31 5.58 7.99 7.81 7.37 5.04 4.94 5.03 4.90 5.38 5.20 6.18 6.91 8.63 7.77
-9999 -9999 -9999 -9999 -9999 8.00 7.58 7.38 7.06 6.35 6.04 5.42 4.82 5.66 5.43 5.99 7.37 7.61 8.33 8.47 7.96 4.54 3.98 5.44 4.78 5.91 6.42 5.70 6.16 6.68 5.89 6.18 6.34 6.27 6.24 6.33 6.75 7.39 5.78 6.35 6.29 6.28 6.22 6.27 6.37 6.57 6.00 6.05 5.80 6.05 6.35 6.75 6.20 6.81 6.31 5.89 5.77 5.60 5.37 5.39 5.76 5.45 6.83 6.73 7.37 7.10 7.50 7.78 8.17 5.46 5.45 5.20 5.20 5.43 6.08 7.00 7.20 -9999 -9999
-9999 -9999 -9999 -9999 -9999 7.16 7.01 7.02 7.21 7.33 6.46 5.97 5.34 5.70 6.98 7.07 7.58 8.06 9.32 9.70 9.51 7.88 4.53 3.80 3.48 5.62 5.26 4.43 7.03 7.11 6.34 8.38 7.36 7.74 8.22 7.67 7.20 7.52 6.50 5.89 6.29 6.24 5.90 6.15 6.19 6.47 5.92 6.18 6.70 7.07 6.86 6.83 6.95 6.90 6.99 6.90 6.54 5.98 5.75 5.96 6.40 6.68 6.97 7.12 7.38 -9999 -9999 7.05 7.44 7.23 6.78 6.00 8.12 6.55 -9999 -9999 -9999 -9999 -9999
-9999 -9999 -9999 -9999 9.22 7.58 7.36 6.72 7.44 7.53 8.18 6.98 7.34 7.00 7.72 7.84 8.25 8.99 9.97 10.42 10.48 10.28 8.06 5.85 5.57 5.64 4.65 6.97 7.75 6.10 5.83 6.62 6.64 7.57 7.53 6.69 6.43 6.23 6.16 6.80 6.60 6.66 6.38 6.41 6.66 7.19 7.00 6.74 6.75 6.84 7.01 -9999 -9999 7.65 8.18 8.23 7.83 7.47 7.15 7.26 -9999 -9999 -9999 -9999 -9999 -9999 -9999 -9999 -9999 -9999 7.24 7.57 8.85 7.71 -9999 -9999 -9999 -9999 -9999
-9999 -9999 -9999 10.20 8.89 7.48 7.78 6.80 6.75 6.81 7.17 6.99 9.38 9.93 9.12 9.15 9.94 11.13 10.99 10.92 10.83 11.23 10.28 10.06 9.20 8.29 7.73 8.93 6.91 7.07 7.09 7.62 8.18 6.86 5.94 6.42 5.80 5.99 5.96 6.22 6.24 7.33 8.09 8.09 7.79 7.72 7.95 7.36 -9999 6.51 7.09 6.95 7.30 7.80 -9999 -9999 -9999 -9999 8.34 -9999 -9999 -9999 -9999 -9999 -9999 -9999 -9999 -9999 -9999 -9999 -9999 -9999 -9999 -9999 -9999 -9999 -9999 -9999 -9999
-9999 -9999 11.00 10.21 9.67 8.44 7.02 6.69 6.46 5.91 6.26 7.65 11.47 12.57 9.21 9.16 12.07 10.60 12.59 11.19 10.97 13.07 11.47 9.90 8.84 8.47 -9999 -9999 -9999 -9999 -9999 7.66 8.65 8.27 6.92 6.74 6.40 5.98 6.08 6.08 6.60 7.53 -9999 -9999 -9999 -9999 -9999 8.38 8.44 7.57 6.83 6.74 8.17 7.98 -9999 -9999 -9999 -9999 -9999 -9999 -9999 -9999 -9999 -9999 -9999 -9999 -9999 -9999 -9999 -9999 -9999 -9999 -9999 -9999 -9999 -9999 -9999 -9999 -9999
-9999 7.51 8.44 9.63 9.54 8.35 7.93 7.39 5.92 6.69 7.20 9.15 11.00 12.15 11.39 11.00 10.34 11.99 11.18 11.83 11.50 12.80 12.05 -9999 -9999 -9999 -9999 -9999 -9999 -9999 -9999 -9999 7.65 8.01 7.15 8.13 8.79 9.07 7.39 8.96 8.78 9.25 -9999 -9999 -9999 -9999 -9999 -9999 -9999 7.51 7.79 6.66 7.33 -9999 -9999 -9999 -9999 -9999 -9999 -9999 -9999 -9999 -9999 -9999 -9999 -9999 -9999 -9999 -9999 -9999 -9999 -9999 -9999 -9999 -9999 -9999 -9999 -9999 -9999
8.58 7.31 7.66 8.67 9.71 9.80 8.38 6.81 6.68 7.39 7.68 8.47 10.41 9.46 10.00 10.20 11.70 8.26 10.81 13.76 11.98 -9999 -9999 -9999 -9999 -9999 -9999 -9999 -9999 -9999 -9999 -9999 -9999 -9999 8.42 -9999 -9999 -9999 -9999 8.04 9.91 10.25 -9999 -9999 -9999 -9999 -9999 -9999 -9999 -9999 7.62 9.11 7.93 -9999 -9999 -9999 -9999 -9999 -9999 -9999 -9999 -9999 -9999 -9999 -9999 -9999 -9999 -9999 -9999 -9999 -9999 -9999 -9999 -9999 -9999 -9999 -9999 -9999 -9999
7.58 6.46 7.36 8.66 8.95 9.49 8.55 7.65 8.32 6.12 5.58 6.96 9.13 9.28 8.23 7.65 9.73 8.52 8.80 10.35 -9999 -9999 -9999 -9999 -9999 -9999 -9999 -9999 -9999 -9999 -9999 -9999 -9999 -9999 9.38 -9999 -9999 -9999 -9999 -9999 -9999 -9999 -9999 -9999 -9999 -9999 -9999 -9999 -9999 -9999 -9999 -9999 -9999 -9999 -9999 -9999 -9999 -9999 -9999 -9999 -9999 -9999 -9999 -9999 -9999 -9999 -9999 -9999 -9999 -9999 -9999 -9999 -9999 -9999 -9999 -9999 -9999 -9999 -9999
7.87 6.44 7.40 7.68 7.65 8.17 7.79 7.58 8.37 5.54 5.40 6.42 7.91 11.08 11.56 6.75 7.79 8.31 9.27 11.48 -9999 -9999 -9999 -9999 -9999 -9999 -9999 -9999 -9999 -9999 -9999 -9999 -9999 -9999 -9999 -9999 -9999 -9999 -9999 -9999 -9999 -9999 -9999 -9999 -9999 -9999 -9999 -9999 -9999 -9999 -9999 -9999 -9999 -9999 -9999 -9999 -9999 -9999 -9999 -9999 -9999 -9999 -9999 -9999 -9999 -9999 -9999 -9999 -9999 -9999 -9999 -9999 -9999 -9999 -9999 -9999 -9999 -9999 -9999
8.88 8.03 7.99 7.50 7.99 7.30 7.01 6.90 5.92 6.19 5.80 5.73 7.77 9.31 9.21 8.08 6.85 7.61 10.49 10.01 -9999 -9999 -9999 -9999 -9999 -9999 -9999 -9999 -9999 -9999 -9999 -9999 -9999 -9999 -9999 -9999 -9999 -9999 -9999 -9999 -9999 -9999 -9999 -9999 -9999 -9999 -9999 -9999 -9999 -9999 -9999 -9999 -9999 -9999 -9999 -9999 -9999 -9999 -9999 -9999 -9999 -9999 -9999 -9999 -9999 -9999 -9999 -9999 -9999 -9999 -9999 -9999 -9999 -9999 -9999 -9999 -9999 -9999 -9999
9.54 8.90 8.73 7.45 7.84 7.32 9.01 8.23 6.85 6.60 7.18 5.94 6.20 6.82 6.92 6.87 7.18 8.14 9.20 9.79 -9999 -9999 -9999 -9999 -9999 -9999 -9999 -9999 -9999 -9999 -9999 -9999 -9999 -9999 -9999 -9999 -9999 -9999 -9999 -9999 -9999 -9999 -9999 -9999 -9999 -9999 -9999 -9999 -9999 -9999 -9999 -9999 -9999 -9999 -9999 -9999 -9999 -9999 -9999 -9999 -9999 -9999 -9999 -9999 -9999 -9999 -9999 -9999 -9999 -9999 -9999 -9999 -9999 -9999 -9999 -9999 -9999 -9999 -9999
7.74 8.01 7.53 8.47 9.75 9.40 8.05 8.10 8.09 8.14 7.23 7.58 6.76 5.82 6.10 7.40 8.52 9.06 8.86 10.04 -9999 -9999 -9999 -9999 -9999 -9999 -9999 -9999 -9999 -9999 -9999 -9999 -9999 -9999 -9999 -9999 -9999 -9999 -9999 -9999 -9999 -9999 -9999 -9999 -9999 -9999 -9999 -9999 -9999 -9999 -9999 -9999 -9999 -9999 -9999 -9999 -9999 -9999 -9999 -9999 -9999 -9999 -9999 -9999 -9999 -9999 -9999 -9999 -9999 -9999 -9999 -9999 -9999 -9999 -9999 -9999 -9999 -9999 -9999
7.95 8.39 -9999 -9999 -9999 -9999 -9999 -9999 -9999 -9999 -9999 8.43 8.92 7.73 7.14 6.83 7.95 8.80 8.85 -9999 -9999 -9999 -9999 -9999 -9999 -9999 -9999 -9999 -9999 -9999 -9999 -9999 -9999 -9999 -9999 -9999 -9999 -9999 -9999 -9999 -9999 -9999 -9999 -9999 -9999 -9999 -9999 -9999 -9999 -9999 -9999 -9999 -9999 -9999 -9999 -9999 -9999 -9999 -9999 -9999 -9999 -9999 -9999 -9999 -9999 -9999 -9999 -9999 -9999 -9999 -9999 -9999 -9999 -9999 -9999 -9999 -9999 -9999 -9999
8.54 9.21 -9999 -9999 -9999 -9999 -9999 -9999 -9999 -9999 -9999 -9999 -9999 -9999 7.80 7.29 7.58 8.21 -9999 -9999 -9999 -9999 -9999 -9999 -9999 -9999 -9999 -9999 -9999 -9999 -9999 -9999 -9999 -9999 -9999 -9999 -9999 -9999 -9999 -9999 -9999 -9999 -9999 -9999 -9999 -9999 -9999 -9999 -9999 -9999 -9999 -9999 -9999 -9999 -9999 -9999 -9999 -9999 -9999 -9999 -9999 -9999 -9999 -9999 -9999 -9999 -9999 -9999 -9999 -9999 -9999 -9999 -9999 -9999 -9999 -9999 -9999 -9999 -9999
-9999 -9999 -9999 -9999 -9999 -9999 -9999 -9999 -9999 -9999 -9999 -9999 -9999 -9999 8.79 9.85 10.38 10.07 -9999 -9999 -9999 -9999 -9999 -9999 -9999 -9999 -9999 -9999 -9999 -9999 -9999 -9999 -9999 -9999 -9999 -9999 -9999 -9999 -9999 -9999 -9999 -9999 -9999 -9999 -9999 -9999 -9999 -9999 -9999 -9999 -9999 -9999 -9999 -9999 -9999 -9999 -9999 -9999 -9999 -9999 -9999 -9999 -9999 -9999 -9999 -9999 -9999 -9999 -9999 -9999 -9999 -9999 -9999 -9999 -9999 -9999 -9999 -9999 -9999
-9999 -9999 -9999 -9999 -9999 -9999 -9999 -9999 -9999 -9999 -9999 -9999 -9999 -9999 -9999 -9999 -9999 -9999 -9999 -9999 -9999 -9999 -9999 -9999 -9999 -9999 -9999 -9999 -9999 -9999 -9999 -9999 -9999 -9999 -9999 -9999 -9999 -9999 -9999 -9999 -9999 -9999 -9999 -9999 -9999 -9999 -9999 -9999 -9999 -9999 -9999 -9999 -9999 -9999 -9999 -9999 -9999 -9999 -9999 -9999 -9999 -9999 -9999 -9999 -9999 -9999 -9999 -9999 -9999 -9999 -9999 -9999 -9999 -9999 -9999 -9999 -9999 -9999 -9999
-9999 -9999 -9999 -9999 -9999 -9999 -9999 -9999 -9999 -9999 -9999 -9999 -9999 -9999 -9999 -9999 -9999 -9999 -9999 -9999 -9999 -9999 -9999 -9999 -9999 -9999 -9999 -9999 -9999 -9999 -9999 -9999 -9999 -9999 -9999 -9999 -9999 -9999 -9999 -9999 -9999 -9999 -9999 -9999 -9999 -9999 -9999 -9999 -9999 -9999 -9999 -9999 -9999 -9999 -9999 -9999 -9999 -9999 -9999 -9999 -9999 -9999 -9999 -9999 -9999 -9999 -9999 -9999 -9999 -9999 -9999 -9999 -9999 -9999 -9999 -9999 -9999 -9999 -9999
