ML/MeanWindSpeed_1991-12_Actual.txt
ncols         180
nrows         290
xllcorner     -200000
yllcorner     -200000
cellsize      5000
NODATA_value  -9999
[rows 140 to 174 of 290, columns 79 to 157 of 180]
-9999 -9999 12.98 -9999 -9999 -9999 11.16 11.48 10.48 10.48 10.95 -9999 -9999 10.62 9.12 11.64 12.65 -9999 -9999 -9999 -9999 -9999 10.12 9.22 7.17 7.40 7.59 8.23 7.69 7.99 7.18 4.21 6.29 10.00 12.17 9.30 11.12 11.98 12.22 9.95 10.66 11.03 9.86 7.98 8.20 8.28 5.56 6.60 8.64 9.03 -9999 -9999 -9999 -9999 -9999 -9999 -9999 -9999 -9999 -9999 -9999 -9999 -9999 -9999 -9999 -9999 -9999 -9999 -9999 -9999 -9999 -9999 -9999 -9999 -9999 -9999 -9999 -9999 -9999
-9999 -9999 12.84 12.85 -9999 -9999 -9999 11.20 12.00 11.74 11.88 -9999 -9999 -9999 -9999 11.36 -9999 -9999 -9999 -9999 -9999 -9999 8.90 8.00 7.02 7.95 9.81 9.95 8.63 8.50 7.32 5.18 4.58 8.09 10.51 7.74 12.86 12.22 13.32 10.40 10.76 12.23 9.86 8.41 7.95 6.44 5.29 6.52 8.22 8.27 -9999 -9999 -9999 -9999 -9999 -9999 -9999 -9999 -9999 -9999 -9999 -9999 -9999 -9999 -9999 -9999 -9999 -9999 -9999 -9999 -9999 -9999 -9999 -9999 -9999 -9999 -9999 -9999 -9999
-9999 -9999 -9999 14.03 -9999 -9999 -9999 -9999 11.79 12.79 12.42 -9999 -9999 -9999 -9999 -9999 -9999 -9999 -9999 -9999 -9999 9.62 8.52 8.41 8.18 8.40 10.54 10.51 9.65 9.42 8.45 6.96 4.06 5.03 11.55 12.93 12.88 12.33 9.84 8.97 9.65 8.36 6.63 8.96 9.15 6.19 5.64 6.72 7.44 7.06 6.59 -9999 -9999 -9999 -9999 -9999 -9999 -9999 -9999 -9999 -9999 -9999 -9999 -9999 -9999 -9999 -9999 -9999 -9999 -9999 -9999 -9999 -9999 -9999 -9999 -9999 -9999 -9999 -9999
-9999 -9999 -9999 15.12 -9999 -9999 -9999 -9999 -9999 -9999 -9999 -9999 -9999 -9999 -9999 -9999 -9999 -9999 -9999 -9999 -9999 9.98 8.43 7.18 5.91 4.91 12.30 10.86 10.13 11.62 9.07 9.41 3.82 2.76 8.67 13.70 11.21 9.46 13.23 15.04 13.74 11.63 10.37 6.57 7.20 7.02 7.74 6.74 5.99 5.91 5.89 6.01 -9999 -9999 -9999 -9999 -9999 -9999 -9999 -9999 -9999 -9999 -9999 -9999 -9999 -9999 -9999 -9999 -9999 -9999 -9999 -9999 -9999 -9999 -9999 -9999 -9999 -9999 -9999
-9999 -9999 -9999 -9999 -9999 -9999 -9999 -9999 -9999 -9999 -9999 -9999 -9999 -9999 -9999 -9999 -9999 -9999 -9999 -9999 10.05 9.21 7.67 6.58 9.40 4.76 16.82 16.79 9.75 10.44 9.77 8.50 7.67 3.20 3.71 12.71 12.85 11.34 10.11 9.26 11.76 11.38 10.35 8.33 7.27 7.06 6.57 5.93 5.64 4.38 4.08 4.98 -9999 -9999 -9999 -9999 -9999 -9999 -9999 -9999 -9999 -9999 -9999 -9999 -9999 -9999 -9999 -9999 -9999 -9999 -9999 -9999 -9999 -9999 -9999 -9999 -9999 -9999 -9999
-9999 -9999 -9999 -9999 -9999 -9999 -9999 -9999 -9999 -9999 -9999 -9999 -9999 -9999 -9999 -9999 -9999 -9999 -9999 -9999 8.69 9.22 6.48 9.23 16.85 8.86 5.44 11.58 12.70 10.75 10.85 9.84 8.72 5.86 3.98 5.06 13.72 12.27 11.93 9.89 9.83 10.04 8.26 7.85 7.79 8.31 6.46 6.64 4.97 4.03 3.26 3.68 4.77 6.01 6.81 -9999 -9999 -9999 -9999 -9999 -9999 -9999 -9999 -9999 -9999 -9999 -9999 -9999 -9999 -9999 -9999 -9999 -9999 -9999 -9999 -9999 -9999 -9999 -9999
-9999 -9999 -9999 -9999 -9999 -9999 -9999 -9999 -9999 -9999 -9999 -9999 -9999 -9999 -9999 -9999 -9999 -9999 -9999 -9999 8.26 7.70 7.27 11.42 8.08 7.32 8.51 12.37 9.39 9.23 13.39 8.57 10.49 8.18 6.15 4.73 7.72 10.86 11.47 11.10 10.67 8.73 8.73 7.95 7.21 6.63 6.50 5.90 5.33 3.77 2.89 2.81 6.14 5.47 7.26 8.95 9.42 -9999 -9999 -9999 -9999 -9999 -9999 -9999 -9999 -9999 -9999 -9999 -9999 -9999 -9999 -9999 -9999 -9999 -9999 -9999 -9999 -9999 -9999
-9999 -9999 -9999 -9999 -9999 -9999 -9999 -9999 -9999 -9999 -9999 -9999 -9999 -9999 -9999 -9999 -9999 -9999 -9999 -9999 8.05 6.74 7.62 13.14 14.75 11.00 7.43 7.73 8.44 12.30 8.54 12.24 10.44 9.55 9.12 7.22 4.93 6.21 10.98 11.16 10.61 9.82 8.93 8.39 8.06 7.52 6.68 6.47 5.60 4.33 4.07 3.71 4.83 8.03 8.12 9.04 10.80 11.03 9.57 -9999 -9999 -9999 -9999 -9999 -9999 -9999 -9999 -9999 -9999 -9999 -9999 -9999 -9999 -9999 -9999 -9999 -9999 -9999 -9999
-9999 -9999 -9999 -9999 -9999 -9999 -9999 -9999 -9999 -9999 -9999 -9999 -9999 -9999 -9999 -9999 -9999 -9999 -9999 -9999 8.81 6.74 8.25 9.80 6.19 18.97 15.57 7.21 9.16 7.56 12.20 13.33 9.79 8.53 8.80 7.93 5.38 12.79 11.62 11.52 12.57 13.14 12.35 9.03 9.99 8.31 7.60 7.18 6.59 5.94 5.25 4.08 4.76 7.54 6.98 7.19 8.25 9.91 8.86 11.53 -9999 -9999 -9999 -9999 -9999 -9999 -9999 -9999 -9999 -9999 -9999 -9999 -9999 -9999 -9999 -9999 -9999 -9999 -9999
-9999 -9999 -9999 -9999 -9999 -9999 -9999 -9999 12.86 13.37 13.49 -9999 -9999 -9999 -9999 -9999 -9999 -9999 -9999 -9999 -9999 8.83 7.02 5.70 8.28 10.89 14.21 7.49 4.65 9.72 9.34 8.76 7.62 9.28 8.96 7.13 7.99 10.26 10.57 14.49 13.57 11.61 11.21 11.95 10.34 8.88 8.23 7.62 7.12 5.95 5.17 8.83 7.47 10.54 11.31 10.46 9.40 7.16 10.60 11.25 10.06 -9999 -9999 -9999 -9999 -9999 -9999 -9999 -9999 -9999 -9999 -9999 -9999 -9999 -9999 -9999 -9999 -9999 -9999
-9999 -9999 -9999 -9999 -9999 -9999 -9999 -9999 11.84 11.93 -9999 -9999 -9999 -9999 -9999 -9999 -9999 -9999 -9999 -9999 -9999 -9999 7.23 4.96 8.83 9.45 17.47 9.45 9.52 8.65 6.26 5.27 5.81 5.51 13.19 7.01 8.22 13.03 10.35 7.88 7.53 12.20 8.79 11.94 10.14 8.93 8.23 7.73 6.54 6.34 8.51 9.29 8.04 7.31 6.82 8.15 9.23 9.04 9.91 10.10 12.13 -9999 -9999 -9999 -9999 -9999 -9999 -9999 -9999 -9999 -9999 -9999 -9999 -9999 -9999 -9999 -9999 -9999 -9999
-9999 -9999 -9999 -9999 -9999 -9999 -9999 10.12 13.31 12.89 11.99 -9999 -9999 -9999 -9999 -9999 -9999 -9999 -9999 -9999 -9999 -9999 7.62 9.74 10.18 10.72 8.85 10.29 8.55 7.78 6.27 5.70 7.47 5.64 4.55 13.34 9.00 8.19 12.04 10.28 13.49 10.84 11.57 10.29 9.88 9.30 8.97 7.79 6.37 6.83 8.12 7.30 8.00 8.52 7.84 8.26 8.06 8.60 9.23 8.16 11.23 10.21 -9999 -9999 -9999 -9999 -9999 -9999 -9999 -9999 -9999 -9999 -9999 -9999 -9999 -9999 -9999 -9999 -9999
-9999 -9999 -9999 -9999 -9999 -9999 8.70 12.40 14.41 17.81 11.75 -9999 -9999 -9999 -9999 -9999 -9999 -9999 -9999 -9999 -9999 -9999 9.25 13.66 10.53 6.79 8.45 7.80 8.76 6.78 5.64 6.48 7.19 4.42 10.66 8.13 11.36 8.63 13.77 8.59 10.29 8.81 11.18 9.80 10.10 10.07 8.69 8.14 6.30 5.48 8.54 9.19 8.99 7.64 7.54 7.01 6.86 7.28 9.20 9.57 9.43 10.46 -9999 -9999 -9999 -9999 -9999 -9999 -9999 -9999 -9999 -9999 -9999 -9999 -9999 -9999 -9999 -9999 -9999
-9999 -9999 -9999 -9999 -9999 10.99 9.89 16.26 13.34 12.83 -9999 -9999 -9999 -9999 -9999 -9999 -9999 -9999 -9999 -9999 -9999 -9999 -9999 9.52 7.26 7.19 9.35 6.99 9.24 7.17 6.33 5.94 5.65 3.88 10.16 10.22 11.35 11.10 12.49 12.43 12.58 11.93 11.63 11.86 11.45 9.25 8.60 7.75 6.06 5.27 5.96 10.78 9.90 7.33 6.69 6.64 6.15 6.28 6.67 7.08 6.99 8.12 9.67 10.40 -9999 -9999 -9999 -9999 -9999 -9999 -9999 -9999 -9999 -9999 -9999 -9999 -9999 -9999 -9999
-9999 -9999 -9999 -9999 -9999 13.72 15.14 11.20 11.25 11.69 -9999 -9999 -9999 -9999 -9999 -9999 -9999 -9999 -9999 -9999 -9999 -9999 -9999 -9999 8.17 9.08 8.30 7.44 8.67 7.77 7.66 7.05 6.97 4.25 10.38 9.30 8.09 10.97 10.33 9.35 13.79 14.18 11.04 12.77 11.53 10.71 8.27 7.16 6.50 5.80 5.71 6.84 7.56 6.97 6.99 6.84 6.68 6.35 6.33 6.31 6.56 9.56 9.89 9.68 -9999 -9999 -9999 -9999 -9999 -9999 -9999 -9999 -9999 -9999 -9999 -9999 -9999 -9999 -9999
-9999 -9999 -9999 -9999 -9999 14.65 13.21 13.64 12.44 -9999 -9999 -9999 -9999 -9999 -9999 -9999 -9999 -9999 -9999 -9999 -9999 -9999 -9999 -9999 9.59 9.66 9.08 -9999 8.93 -9999 8.26 7.51 6.86 5.28 5.22 9.98 8.53 9.42 13.12 5.96 7.39 13.42 11.81 11.58 11.31 9.85 8.14 7.36 7.04 6.41 6.10 6.24 7.25 8.41 7.41 7.86 6.74 6.10 7.08 8.17 7.82 7.15 7.19 9.12 11.06 11.71 -9999 -9999 -9999 -9999 -9999 -9999 -9999 -9999 -9999 -9999 -9999 -9999 -9999
-9999 -9999 -9999 -9999 14.61 13.42 12.98 -9999 -9999 -9999 -9999 -9999 -9999 -9999 -9999 -9999 -9999 -9999 -9999 -9999 -9999 -9999 -9999 -9999 10.84 9.83 9.02 -9999 -9999 -9999 7.93 8.75 6.09 7.06 8.07 5.96 5.19 7.13 11.54 11.10 6.18 10.95 12.93 10.51 11.65 10.43 9.02 6.96 6.94 6.60 6.49 6.50 6.75 7.18 7.16 7.27 5.95 6.85 7.97 8.56 8.78 8.53 7.74 7.89 9.22 10.61 -9999 -9999 -9999 -9999 -9999 -9999 -9999 -9999 -9999 -9999 -9999 -9999 -9999
-9999 -9999 -9999 -9999 -9999 -9999 -9999 -9999 -9999 -9999 -9999 -9999 -9999 -9999 -9999 -9999 -9999 -9999 -9999 -9999 -9999 -9999 -9999 -9999 -9999 -9999 -9999 -9999 -9999 8.48 6.26 6.23 8.38 9.60 10.19 9.58 7.49 7.84 10.68 10.39 8.30 6.46 10.27 11.98 10.42 9.58 8.60 7.58 7.20 7.30 6.84 6.71 6.81 6.79 6.46 5.56 6.53 9.55 8.08 8.56 7.66 7.68 6.96 7.82 8.99 -9999 -9999 -9999 -9999 -9999 -9999 -9999 -9999 -9999 -9999 -9999 -9999 -9999 -9999
-9999 -9999 -9999 -9999 -9999 -9999 -9999 -9999 -9999 -9999 -9999 -9999 -9999 -9999 -9999 -9999 -9999 -9999 -9999 -9999 -9999 -9999 -9999 -9999 -9999 -9999 -9999 -9999 -9999 7.76 5.79 7.14 10.41 13.15 11.77 8.80 9.72 7.13 7.35 6.83 8.53 8.86 10.12 10.70 10.27 9.13 8.61 8.14 7.41 7.57 7.08 7.11 7.18 7.17 6.68 5.53 6.05 10.11 9.45 7.64 7.08 6.79 6.70 7.72 9.27 -9999 -9999 -9999 -9999 -9999 -9999 -9999 -9999 -9999 -9999 -9999 -9999 -9999 -9999
-9999 -9999 -9999 -9999 -9999 -9999 -9999 -9999 -9999 -9999 -9999 -9999 -9999 -9999 -9999 -9999 -9999 -9999 -9999 -9999 -9999 -9999 -9999 -9999 -9999 -9999 -9999 -9999 -9999 7.19 5.29 5.69 9.04 10.43 9.93 9.01 8.95 8.28 8.50 7.33 7.41 7.82 6.38 10.51 9.09 10.20 9.07 8.81 7.67 7.48 7.66 7.64 7.66 7.49 7.12 6.28 5.76 7.72 8.71 7.89 7.04 6.80 6.63 7.56 9.03 -9999 -9999 -9999 -9999 -9999 -9999 -9999 -9999 -9999 -9999 -9999 -9999 -9999 -9999
-9999 -9999 -9999 -9999 -9999 -9999 -9999 -9999 -9999 -9999 -9999 -9999 -9999 -9999 -9999 -9999 -9999 -9999 -9999 -9999 -9999 -9999 -9999 -9999 -9999 -9999 -9999 10.28 8.77 6.64 5.04 7.76 9.84 12.65 9.53 10.94 6.64 7.81 7.76 9.28 9.85 9.18 10.90 7.34 7.74 7.89 7.90 7.68 8.69 7.96 7.98 8.25 7.92 7.75 7.56 6.87 6.24 6.23 8.06 7.80 7.10 6.70 6.59 7.15 8.50 9.80 -9999 -9999 -9999 -9999 -9999 -9999 -9999 -9999 -9999 -9999 -9999 -9999 -9999
-9999 -9999 -9999 -9999 -9999 -9999 -9999 -9999 -9999 -9999 -9999 -9999 -9999 -9999 -9999 -9999 -9999 -9999 -9999 -9999 -9999 -9999 -9999 -9999 -9999 -9999 -9999 9.62 8.08 6.85 6.00 6.34 9.31 7.42 7.23 5.46 7.31 10.35 8.17 10.33 9.72 10.74 7.46 10.89 8.64 9.72 9.27 9.49 8.69 8.56 8.28 8.05 7.98 7.94 7.70 7.30 6.56 5.97 6.51 7.97 7.49 6.73 6.63 6.82 7.88 9.30 -9999 -9999 -9999 -9999 -9999 -9999 -9999 -9999 -9999 -9999 -9999 -9999 -9999
-9999 -9999 -9999 -9999 -9999 -9999 -9999 -9999 -9999 -9999 -9999 -9999 -9999 -9999 -9999 -9999 -9999 -9999 -9999 -9999 -9999 -9999 -9999 -9999 -9999 -9999 -9999 9.60 7.93 7.21 6.64 6.77 7.33 7.91 6.95 6.14 7.83 7.94 7.31 9.29 11.72 9.46 8.91 7.42 9.14 7.45 8.14 8.86 9.39 8.80 8.58 8.05 7.99 8.00 7.80 7.43 6.87 6.08 6.11 7.47 8.30 7.11 6.59 6.78 7.34 8.35 9.61 -9999 -9999 -9999 -9999 -9999 -9999 -9999 -9999 -9999 -9999 -9999 -9999
-9999 -9999 -9999 -9999 -9999 -9999 -9999 -9999 -9999 -9999 -9999 -9999 -9999 -9999 -9999 -9999 -9999 -9999 -9999 -9999 -9999 -9999 -9999 -9999 -9999 -9999 -9999 9.31 8.04 7.55 7.44 7.12 6.96 7.04 7.88 8.95 6.41 6.06 7.30 11.46 11.47 12.55 10.98 8.92 8.76 9.29 7.98 7.42 8.68 9.37 8.53 8.08 8.05 7.83 7.73 7.51 7.21 6.51 6.22 7.80 9.00 7.87 7.33 7.35 7.21 7.53 8.76 9.92 -9999 -9999 -9999 -9999 -9999 -9999 -9999 -9999 -9999 -9999 -9999
-9999 -9999 -9999 -9999 -9999 -9999 -9999 -9999 -9999 -9999 -9999 -9999 -9999 -9999 -9999 -9999 -9999 -9999 -9999 -9999 -9999 -9999 -9999 -9999 -9999 -9999 -9999 9.36 7.90 7.45 7.16 6.71 6.25 7.18 6.99 7.75 7.95 9.75 11.25 11.90 9.69 11.51 9.97 9.57 8.14 9.52 8.99 8.17 7.75 7.85 8.17 7.97 7.93 7.82 7.73 7.55 7.48 7.23 7.07 7.35 8.34 8.20 7.76 7.76 7.75 7.58 7.78 9.11 -9999 -9999 -9999 -9999 -9999 -9999 -9999 -9999 -9999 -9999 -9999
-9999 -9999 -9999 -9999 -9999 -9999 -9999 -9999 -9999 -9999 -9999 -9999 -9999 -9999 -9999 -9999 -9999 -9999 -9999 -9999 -9999 -9999 -9999 -9999 -9999 -9999 -9999 -9999 7.97 7.54 7.00 6.14 6.45 8.37 8.55 9.01 7.70 7.57 9.57 9.51 11.52 10.95 8.95 7.24 7.78 7.80 8.96 8.04 7.82 8.50 8.31 7.72 7.80 7.59 7.57 7.42 7.38 7.46 7.56 7.59 7.42 7.77 8.02 8.17 -9999 8.06 8.37 9.18 10.57 -9999 -9999 -9999 -9999 -9999 -9999 -9999 -9999 -9999 -9999
-9999 -9999 -9999 -9999 -9999 -9999 -9999 -9999 -9999 -9999 -9999 -9999 -9999 -9999 -9999 -9999 -9999 -9999 -9999 -9999 -9999 -9999 -9999 -9999 -9999 -9999 -9999 9.23 7.97 7.53 6.75 5.78 5.61 9.57 10.35 8.31 10.73 10.28 8.27 8.25 12.68 11.46 11.95 9.09 7.39 9.16 7.64 7.00 7.70 7.92 7.68 7.77 7.35 7.27 7.26 7.34 7.14 7.14 8.48 7.69 7.11 8.38 7.90 8.08 8.12 -9999 8.98 9.65 10.75 11.61 -9999 -9999 -9999 -9999 -9999 -9999 -9999 -9999 -9999
-9999 -9999 -9999 -9999 -9999 -9999 -9999 -9999 -9999 -9999 -9999 -9999 -9999 -9999 -9999 -9999 -9999 -9999 -9999 -9999 -9999 -9999 -9999 -9999 -9999 -9999 -9999 9.00 7.71 7.31 6.77 7.82 6.67 7.84 10.76 7.89 8.20 8.37 6.14 6.16 10.23 10.57 10.85 7.86 9.59 10.21 7.87 8.61 7.76 8.21 8.05 7.64 7.11 7.01 7.03 7.05 6.89 6.78 7.04 7.46 6.58 6.86 7.66 7.42 8.13 8.45 -9999 -9999 -9999 -9999 -9999 -9999 -9999 -9999 -9999 -9999 -9999 -9999 -9999
-9999 -9999 -9999 -9999 -9999 -9999 -9999 -9999 -9999 -9999 -9999 -9999 -9999 -9999 -9999 -9999 -9999 -9999 -9999 -9999 -9999 -9999 -9999 -9999 -9999 -9999 10.43 8.39 7.46 8.07 7.75 7.77 7.27 8.13 8.35 7.90 7.63 6.89 6.37 6.39 8.82 11.76 12.47 8.98 11.38 10.64 8.15 8.18 7.09 7.58 7.96 7.46 6.94 7.07 7.00 6.93 6.99 6.74 6.97 7.18 6.91 6.58 8.02 7.83 7.85 8.00 8.92 9.83 -9999 -9999 -9999 -9999 -9999 -9999 -9999 -9999 -9999 -9999 -9999
-9999 -9999 -9999 -9999 -9999 -9999 -9999 -9999 -9999 -9999 -9999 -9999 -9999 -9999 -9999 -9999 -9999 -9999 -9999 -9999 -9999 -9999 -9999 -9999 -9999 -9999 -9999 8.66 7.60 7.51 8.00 9.69 7.70 7.41 7.42 7.86 8.09 7.33 6.66 5.91 5.88 9.70 11.68 13.06 10.65 10.97 9.75 8.53 8.55 6.61 6.99 7.93 7.03 6.95 6.83 6.82 7.00 6.82 6.97 7.41 7.03 6.35 6.50 8.94 8.14 7.85 8.07 8.63 9.56 10.67 -9999 -9999 -9999 -9999 -9999 -9999 -9999 -9999 -9999
-9999 -9999 -9999 -9999 -9999 -9999 -9999 -9999 -9999 -9999 -9999 -9999 -9999 -9999 -9999 -9999 -9999 -9999 -9999 -9999 -9999 -9999 -9999 -9999 -9999 -9999 -9999 8.74 8.05 7.61 7.80 8.08 8.22 7.97 7.57 7.72 7.35 6.98 6.66 6.22 6.44 5.86 10.70 13.24 13.75 11.87 10.46 9.35 7.83 7.83 7.21 8.31 7.19 7.07 6.84 6.85 6.88 6.87 7.30 7.50 7.23 6.42 6.72 8.66 8.37 8.77 7.71 7.64 8.37 9.53 -9999 -9999 -9999 -9999 -9999 -9999 -9999 -9999 -9999
-9999 -9999 -9999 -9999 -9999 -9999 -9999 12.17 11.61 12.20 13.26 -9999 -9999 -9999 -9999 -9999 -9999 -9999 -9999 -9999 -9999 -9999 -9999 -9999 -9999 -9999 9.42 8.32 8.49 7.89 8.72 8.32 7.92 7.89 7.95 7.71 7.62 7.29 6.92 6.45 5.72 8.20 10.96 11.18 9.38 12.61 11.90 8.56 8.18 6.21 8.87 8.88 7.42 7.20 6.94 6.90 6.93 6.93 7.29 7.83 7.65 6.75 6.56 6.89 8.68 8.81 9.27 7.62 7.39 8.47 9.82 -9999 -9999 -9999 -9999 -9999 -9999 -9999 -9999
-9999 -9999 -9999 -9999 -9999 -9999 -9999 11.36 10.75 10.84 11.39 -9999 -9999 -9999 -9999 -9999 -9999 -9999 -9999 -9999 -9999 -9999 -9999 -9999 -9999 9.60 9.15 8.40 8.59 9.36 8.28 8.34 7.55 7.62 7.86 7.69 7.84 7.81 6.83 6.08 5.79 7.33 12.83 12.68 9.11 11.01 10.68 10.17 7.21 6.25 8.08 8.62 7.72 6.84 6.72 6.91 7.31 7.19 7.30 7.66 8.08 7.33 6.89 6.65 8.26 8.54 8.69 7.78 7.49 7.78 9.14 -9999 -9999 -9999 -9999 -9999 -9999 -9999 -9999
-9999 -9999 -9999 -9999 -9999 14.30 11.23 9.69 10.04 9.93 10.92 10.76 11.85 12.63 -9999 -9999 13.17 12.00 -9999 -9999 -9999 10.18 11.53 11.03 -9999 8.24 9.50 8.68 8.28 8.59 8.03 8.34 8.31 8.82 8.43 8.41 7.62 7.74 6.84 6.79 9.81 7.30 9.16 11.30 6.58 8.33 13.08 8.19 9.38 7.24 7.98 8.09 7.49 7.13 7.04 7.12 7.37 7.07 7.36 7.48 8.23 7.43 6.97 6.78 7.10 7.83 8.96 8.68 7.56 7.39 8.48 9.96 -9999 -9999 -9999 -9999 -9999 -9999 -9999
-9999 -9999 -9999 -9999 -9999 -9999 11.67 10.19 9.61 9.17 9.43 10.78 12.27 10.24 -9999 10.43 10.60 12.05 11.43 12.29 9.03 7.78 11.55 11.94 10.67 -9999 7.72 8.92 8.66 7.86 7.84 8.61 8.11 7.90 7.85 7.70 7.80 7.21 7.01 6.78 9.98 10.43 9.82 10.29 9.31 10.87 11.44 10.06 7.61 6.98 8.71 8.55 7.21 7.57 7.16 7.60 7.59 7.13 7.25 7.37 8.30 7.58 7.09 6.89 6.57 7.28 8.19 9.02 8.22 7.46 7.90 9.34 -9999 -9999 -9999 -9999 -9999 -9999 -9999
