ML/MeanWindSpeed_1997-06_Actual.txt
ncols         180
nrows         290
xllcorner     -200000
yllcorner     -200000
cellsize      5000
NODATA_value  -9999
[rows 105 to 139 of 290, columns 78 to 155 of 180]
9.30 12.58 8.16 5.00 8.02 13.26 13.22 11.19 9.37 10.89 15.94 10.25 12.96 7.19 9.95 14.59 9.51 6.45 6.61 8.40 6.98 6.30 6.99 7.17 5.88 7.55 7.26 7.37 10.00 9.15 9.22 8.78 -9999 -9999 -9999 -9999 -9999 -9999 -9999 -9999 -9999 -9999 -9999 -9999 -9999 -9999 -9999 -9999 -9999 -9999 -9999 -9999 -9999 -9999 -9999 -9999 -9999 -9999 -9999 -9999 -9999 -9999 -9999 -9999 -9999 -9999 -9999 -9999 -9999 -9999 -9999 -9999 -9999 -9999 -9999 -9999 -9999 -9999
11.20 8.97 10.35 14.73 13.47 16.31 8.88 13.51 6.03 15.51 7.66 18.06 8.50 11.91 19.42 11.85 8.52 11.12 9.78 6.38 5.75 4.64 4.47 6.12 5.41 5.60 7.57 8.31 8.27 8.51 7.24 8.41 9.04 -9999 -9999 -9999 -9999 -9999 -9999 -9999 -9999 -9999 -9999 -9999 -9999 -9999 -9999 -9999 -9999 -9999 -9999 -9999 -9999 -9999 -9999 -9999 -9999 -9999 -9999 -9999 -9999 -9999 -9999 -9999 -9999 -9999 -9999 -9999 -9999 -9999 -9999 -9999 -9999 -9999 -9999 -9999 -9999 -9999
11.58 5.84 13.40 9.64 5.22 10.61 15.34 14.69 5.85 15.27 13.10 14.04 10.09 15.05 12.09 13.58 16.85 12.10 9.87 7.48 5.97 6.29 8.08 8.86 10.58 10.11 8.35 7.26 6.96 9.72 8.22 10.50 10.24 11.00 -9999 -9999 -9999 -9999 -9999 -9999 -9999 -9999 -9999 -9999 -9999 -9999 -9999 -9999 -9999 -9999 -9999 -9999 -9999 -9999 -9999 -9999 -9999 -9999 -9999 -9999 -9999 -9999 -9999 -9999 -9999 -9999 -9999 -9999 -9999 -9999 -9999 -9999 -9999 -9999 -9999 -9999 -9999 -9999
8.19 12.11 12.48 8.99 4.89 12.56 14.66 18.65 7.65 14.67 11.69 12.34 11.47 12.53 7.35 9.24 10.39 9.34 6.16 7.61 9.97 13.81 12.73 11.30 9.26 8.81 10.67 6.84 8.74 10.13 10.74 11.08 11.07 11.16 10.89 -9999 -9999 -9999 -9999 -9999 -9999 -9999 -9999 -9999 -9999 -9999 -9999 -9999 -9999 -9999 -9999 -9999 -9999 -9999 -9999 -9999 -9999 -9999 -9999 -9999 -9999 -9999 -9999 -9999 -9999 -9999 -9999 -9999 -9999 -9999 -9999 -9999 -9999 -9999 -9999 -9999 -9999 -9999
12.79 15.48 7.26 4.92 10.04 16.83 12.22 5.09 8.35 23.02 9.86 9.40 11.10 11.09 8.40 7.44 5.73 6.00 9.87 15.87 14.87 12.22 10.80 8.03 7.52 8.29 10.17 8.66 9.73 9.33 9.03 9.89 10.20 10.34 -9999 -9999 -9999 -9999 -9999 -9999 -9999 -9999 -9999 -9999 -9999 -9999 -9999 -9999 -9999 -9999 -9999 -9999 -9999 -9999 -9999 -9999 -9999 -9999 -9999 -9999 -9999 -9999 -9999 -9999 -9999 -9999 -9999 -9999 -9999 -9999 -9999 -9999 -9999 -9999 -9999 -9999 -9999 -9999
10.30 9.28 8.38 14.49 7.13 14.01 15.10 14.77 10.00 8.17 18.69 10.62 8.03 6.42 5.92 5.36 5.03 5.01 9.61 7.58 6.77 6.04 8.04 10.26 8.84 9.16 8.71 8.83 10.37 10.02 -9999 -9999 -9999 -9999 -9999 -9999 -9999 -9999 -9999 -9999 -9999 -9999 -9999 -9999 -9999 -9999 -9999 -9999 -9999 -9999 -9999 -9999 -9999 -9999 -9999 -9999 -9999 -9999 -9999 -9999 -9999 -9999 -9999 -9999 -9999 -9999 -9999 -9999 -9999 -9999 -9999 -9999 -9999 -9999 -9999 -9999 -9999 -9999
9.35 5.93 13.50 13.47 15.96 17.09 6.91 14.98 14.91 7.31 11.22 11.92 7.96 7.34 8.27 9.71 11.26 7.08 6.54 6.63 7.14 7.81 8.79 10.24 9.40 9.59 10.55 10.07 -9999 -9999 -9999 -9999 -9999 -9999 -9999 -9999 -9999 -9999 -9999 -9999 -9999 -9999 -9999 -9999 -9999 -9999 -9999 -9999 -9999 -9999 -9999 -9999 -9999 -9999 -9999 -9999 -9999 -9999 -9999 -9999 -9999 -9999 -9999 -9999 -9999 -9999 -9999 -9999 -9999 -9999 -9999 -9999 -9999 -9999 -9999 -9999 -9999 -9999
7.40 13.69 9.48 14.39 17.01 13.94 11.08 15.60 15.52 7.95 7.44 5.94 6.09 7.09 8.11 11.88 13.47 9.94 8.06 6.74 6.70 8.24 8.02 8.84 9.52 11.72 12.72 10.67 -9999 -9999 -9999 -9999 -9999 -9999 -9999 -9999 -9999 -9999 -9999 -9999 -9999 -9999 -9999 -9999 -9999 -9999 -9999 -9999 -9999 -9999 -9999 -9999 -9999 -9999 -9999 -9999 -9999 -9999 -9999 -9999 -9999 -9999 -9999 -9999 -9999 -9999 -9999 -9999 -9999 -9999 -9999 -9999 -9999 -9999 -9999 -9999 -9999 -9999
9.43 13.40 10.01 14.43 13.83 15.43 9.28 8.16 10.07 9.09 8.60 8.45 5.69 15.44 15.50 13.94 13.87 9.75 6.46 6.41 6.43 6.81 6.99 7.51 8.89 8.51 -9999 -9999 -9999 -9999 -9999 9.90 8.90 9.05 8.36 -9999 -9999 -9999 -9999 -9999 -9999 -9999 -9999 -9999 -9999 -9999 -9999 -9999 -9999 -9999 -9999 -9999 -9999 -9999 -9999 -9999 -9999 -9999 -9999 -9999 -9999 -9999 -9999 -9999 -9999 -9999 -9999 -9999 -9999 -9999 -9999 -9999 -9999 -9999 -9999 -9999 -9999 -9999
9.78 15.24 10.05 7.79 18.76 9.14 8.53 7.73 7.09 8.35 10.33 13.53 9.56 9.67 8.21 8.38 7.62 7.86 7.93 8.35 8.18 7.51 8.19 8.87 8.47 8.06 8.57 9.43 -9999 -9999 8.16 7.76 7.57 6.27 6.56 7.35 8.08 -9999 -9999 -9999 -9999 -9999 -9999 -9999 -9999 -9999 -9999 -9999 -9999 -9999 -9999 -9999 -9999 -9999 -9999 -9999 -9999 -9999 -9999 -9999 -9999 -9999 -9999 -9999 -9999 -9999 -9999 -9999 -9999 -9999 -9999 -9999 -9999 -9999 -9999 -9999 -9999 -9999
12.37 10.16 11.31 13.09 14.66 8.66 9.56 11.68 11.08 10.13 7.60 7.76 8.68 8.17 8.17 7.75 7.41 7.87 8.78 8.67 7.82 9.44 10.03 7.69 6.64 6.93 7.52 9.21 7.94 7.91 8.18 6.95 5.14 5.89 8.68 9.11 11.09 7.40 -9999 -9999 -9999 -9999 -9999 -9999 -9999 -9999 -9999 -9999 -9999 -9999 -9999 -9999 -9999 -9999 -9999 -9999 -9999 -9999 -9999 -9999 -9999 -9999 -9999 -9999 -9999 -9999 -9999 -9999 -9999 -9999 -9999 -9999 -9999 -9999 -9999 -9999 -9999 -9999
9.95 13.90 12.54 9.99 9.21 -9999 11.86 14.40 10.49 8.76 7.15 6.98 6.91 7.40 8.08 7.64 7.50 9.37 9.37 9.48 8.56 7.88 7.88 6.71 7.12 7.89 9.59 8.06 6.58 8.49 7.21 6.67 5.67 7.42 9.80 10.28 11.37 9.53 10.93 12.12 8.55 -9999 -9999 -9999 -9999 -9999 -9999 -9999 -9999 -9999 -9999 -9999 -9999 -9999 -9999 -9999 -9999 -9999 -9999 -9999 -9999 -9999 -9999 -9999 -9999 -9999 -9999 -9999 -9999 -9999 -9999 -9999 -9999 -9999 -9999 -9999 -9999 -9999
10.92 -9999 11.14 12.61 9.45 -9999 13.25 17.28 11.61 9.95 7.48 7.35 6.83 6.94 6.15 6.13 6.38 7.60 9.98 9.89 9.95 8.35 8.11 8.96 10.17 12.49 10.62 7.41 5.74 7.29 7.33 7.29 12.20 13.14 10.65 10.77 9.77 9.64 9.89 7.82 8.76 -9999 -9999 -9999 -9999 -9999 -9999 -9999 -9999 -9999 -9999 -9999 -9999 -9999 -9999 -9999 -9999 -9999 -9999 -9999 -9999 -9999 -9999 -9999 -9999 -9999 -9999 -9999 -9999 -9999 -9999 -9999 -9999 -9999 -9999 -9999 -9999 -9999
10.57 -9999 -9999 12.45 10.24 10.02 13.01 14.97 8.98 8.95 10.63 8.69 7.82 7.37 10.01 7.23 5.47 6.47 7.44 9.14 9.90 11.07 9.26 11.76 12.73 10.79 9.53 9.00 7.68 8.31 9.64 10.45 10.20 13.02 11.26 10.58 10.37 7.09 7.00 8.17 9.29 9.69 -9999 -9999 -9999 -9999 -9999 -9999 -9999 -9999 -9999 -9999 -9999 -9999 -9999 -9999 -9999 -9999 -9999 -9999 -9999 -9999 -9999 -9999 -9999 -9999 -9999 -9999 -9999 -9999 -9999 -9999 -9999 -9999 -9999 -9999 -9999 -9999
-9999 -9999 -9999 -9999 10.94 9.73 13.99 11.15 7.87 8.53 9.83 11.08 9.54 8.43 9.69 9.79 7.62 5.35 7.72 10.31 9.20 9.01 9.71 11.92 10.94 9.42 9.82 9.53 12.38 11.57 9.87 9.41 8.33 11.13 10.66 9.70 10.33 7.72 6.89 6.83 6.69 7.20 -9999 -9999 -9999 -9999 -9999 -9999 -9999 -9999 -9999 -9999 -9999 -9999 -9999 -9999 -9999 -9999 -9999 -9999 -9999 -9999 -9999 -9999 -9999 -9999 -9999 -9999 -9999 -9999 -9999 -9999 -9999 -9999 -9999 -9999 -9999 -9999
13.54 14.69 -9999 -9999 -9999 10.81 12.36 10.07 8.62 8.07 8.78 10.46 10.96 11.31 11.57 10.01 8.98 7.69 5.13 9.59 8.51 8.24 8.84 8.39 8.42 10.85 9.10 12.47 15.99 14.11 11.41 11.37 8.44 9.70 9.38 9.59 9.90 7.57 6.52 6.27 6.29 7.17 7.70 -9999 -9999 -9999 -9999 -9999 -9999 -9999 -9999 -9999 -9999 -9999 -9999 -9999 -9999 -9999 -9999 -9999 -9999 -9999 -9999 -9999 -9999 -9999 -9999 -9999 -9999 -9999 -9999 -9999 -9999 -9999 -9999 -9999 -9999 -9999
15.37 17.14 11.20 -9999 -9999 -9999 10.89 9.98 8.08 7.57 7.80 8.20 9.94 10.06 9.58 8.27 8.12 8.28 8.51 7.45 7.70 7.71 9.55 9.00 11.98 7.44 8.89 8.69 9.48 13.95 13.52 10.93 9.73 8.24 7.98 8.27 8.43 6.69 6.21 5.63 6.43 7.05 6.64 6.90 -9999 -9999 -9999 -9999 -9999 -9999 -9999 -9999 -9999 -9999 -9999 -9999 -9999 -9999 -9999 -9999 -9999 -9999 -9999 -9999 -9999 -9999 -9999 -9999 -9999 -9999 -9999 -9999 -9999 -9999 -9999 -9999 -9999 -9999
14.20 15.27 9.98 -9999 -9999 -9999 -9999 -9999 9.02 7.85 6.57 6.38 6.89 7.12 8.51 11.43 11.05 9.27 8.31 7.62 9.06 8.27 8.15 7.67 10.66 6.71 8.64 10.11 9.04 6.51 8.54 7.72 8.96 7.13 8.42 7.71 6.15 5.74 5.38 5.34 4.88 7.33 7.29 6.54 6.42 -9999 -9999 -9999 -9999 -9999 -9999 -9999 -9999 -9999 -9999 -9999 -9999 -9999 -9999 -9999 -9999 -9999 -9999 -9999 -9999 -9999 -9999 -9999 -9999 -9999 -9999 -9999 -9999 -9999 -9999 -9999 -9999 -9999
10.65 18.54 12.09 -9999 -9999 -9999 -9999 -9999 9.54 8.86 8.82 7.05 8.82 10.99 10.01 11.73 12.24 11.16 8.65 9.93 8.79 7.70 9.60 10.55 6.21 15.87 9.55 13.10 9.41 11.98 11.40 6.83 9.22 7.49 6.71 5.97 6.32 7.60 7.81 6.28 6.31 4.43 6.69 8.46 6.19 7.65 8.30 -9999 -9999 -9999 -9999 -9999 -9999 -9999 -9999 -9999 -9999 -9999 -9999 -9999 -9999 -9999 -9999 -9999 -9999 -9999 -9999 -9999 -9999 -9999 -9999 -9999 -9999 -9999 -9999 -9999 -9999 -9999
14.51 17.68 16.36 -9999 -9999 -9999 -9999 -9999 9.37 8.01 8.03 7.16 7.84 9.70 7.80 8.87 9.16 11.16 9.64 9.23 8.20 10.77 14.64 11.82 9.92 17.45 15.05 10.05 10.87 8.82 6.73 8.33 8.99 7.37 7.68 7.48 5.58 5.93 5.99 7.75 10.75 7.58 6.51 7.60 7.72 6.61 7.47 -9999 -9999 -9999 -9999 -9999 -9999 -9999 -9999 -9999 -9999 -9999 -9999 -9999 -9999 -9999 -9999 -9999 -9999 -9999 -9999 -9999 -9999 -9999 -9999 -9999 -9999 -9999 -9999 -9999 -9999 -9999
11.74 13.74 15.03 -9999 -9999 -9999 -9999 -9999 8.69 7.55 7.22 7.13 7.26 7.84 8.65 12.27 14.03 11.11 11.45 8.02 8.26 8.46 11.53 7.27 13.57 12.29 10.08 11.51 12.45 7.28 9.87 7.81 8.66 8.23 5.75 6.99 7.22 6.62 5.82 12.56 12.82 11.11 6.33 7.26 7.82 6.88 7.84 -9999 -9999 -9999 -9999 -9999 -9999 -9999 -9999 -9999 -9999 -9999 -9999 -9999 -9999 -9999 -9999 -9999 -9999 -9999 -9999 -9999 -9999 -9999 -9999 -9999 -9999 -9999 -9999 -9999 -9999 -9999
-9999 -9999 -9999 -9999 -9999 -9999 -9999 11.34 8.84 8.27 7.28 7.73 8.41 7.52 9.00 9.61 12.37 10.21 9.73 12.31 10.21 11.88 12.23 12.18 15.40 14.34 8.84 10.11 11.30 10.29 8.91 9.25 6.44 7.58 8.12 5.53 6.87 6.43 9.93 11.29 14.47 11.71 6.42 6.19 5.80 6.87 7.90 -9999 -9999 -9999 -9999 -9999 -9999 -9999 -9999 -9999 -9999 -9999 -9999 -9999 -9999 -9999 -9999 -9999 -9999 -9999 -9999 -9999 -9999 -9999 -9999 -9999 -9999 -9999 -9999 -9999 -9999 -9999
-9999 -9999 -9999 -9999 -9999 -9999 -9999 12.85 6.97 7.35 9.24 10.86 9.97 8.05 8.10 8.82 6.63 7.87 12.26 13.11 10.88 10.01 8.24 6.87 14.63 8.52 9.34 9.01 9.61 9.16 7.66 5.49 8.46 7.78 7.25 6.09 6.59 9.12 10.88 10.16 11.97 11.38 6.79 5.11 5.77 8.10 7.02 -9999 -9999 -9999 -9999 -9999 -9999 -9999 -9999 -9999 -9999 -9999 -9999 -9999 -9999 -9999 -9999 -9999 -9999 -9999 -9999 -9999 -9999 -9999 -9999 -9999 -9999 -9999 -9999 -9999 -9999 -9999
-9999 -9999 -9999 -9999 -9999 -9999 10.89 9.97 5.62 7.75 9.75 8.26 11.05 13.13 11.80 14.15 11.70 9.13 7.68 8.55 11.65 10.53 8.92 5.38 8.55 13.20 9.27 11.72 8.48 8.44 5.52 6.05 8.08 6.94 7.05 8.24 10.19 12.15 11.36 9.56 8.35 7.77 6.30 8.79 9.77 8.12 7.45 -9999 -9999 -9999 -9999 -9999 -9999 -9999 -9999 -9999 -9999 -9999 -9999 -9999 -9999 -9999 -9999 -9999 -9999 -9999 -9999 -9999 -9999 -9999 -9999 -9999 -9999 -9999 -9999 -9999 -9999 -9999
-9999 -9999 -9999 -9999 -9999 -9999 9.29 6.01 9.62 7.88 10.30 8.12 11.56 11.76 14.77 13.60 13.42 11.60 9.83 6.95 16.18 15.27 9.39 5.15 9.54 12.23 8.47 8.87 10.68 6.94 9.07 10.42 8.27 9.82 10.05 13.66 8.33 7.98 9.06 9.90 9.94 6.97 5.24 7.21 7.38 6.80 6.86 7.94 -9999 -9999 -9999 -9999 -9999 -9999 -9999 -9999 -9999 -9999 -9999 -9999 -9999 -9999 -9999 -9999 -9999 -9999 -9999 -9999 -9999 -9999 -9999 -9999 -9999 -9999 -9999 -9999 -9999 -9999
-9999 -9999 -9999 -9999 -9999 8.50 10.90 10.69 9.73 10.69 10.66 9.04 7.82 13.01 12.59 14.02 13.15 12.69 8.39 5.13 9.42 11.49 10.48 6.56 6.46 8.76 8.36 8.08 8.67 12.35 7.84 7.36 7.55 6.36 12.47 10.16 12.34 10.59 7.04 8.10 8.80 9.43 10.30 6.87 6.23 5.88 6.30 7.11 -9999 -9999 -9999 -9999 -9999 -9999 -9999 -9999 -9999 -9999 -9999 -9999 -9999 -9999 -9999 -9999 -9999 -9999 -9999 -9999 -9999 -9999 -9999 -9999 -9999 -9999 -9999 -9999 -9999 -9999
-9999 -9999 -9999 -9999 -9999 10.58 10.21 9.01 13.51 12.51 10.01 9.58 13.23 8.72 10.27 12.87 10.86 10.66 6.48 4.73 7.91 9.61 11.73 6.12 6.47 6.63 7.39 5.74 10.47 6.26 10.84 8.54 5.77 12.57 6.37 8.34 9.64 8.76 9.74 6.70 6.85 9.82 9.32 7.21 7.57 6.76 6.25 7.24 -9999 -9999 -9999 -9999 -9999 -9999 -9999 -9999 -9999 -9999 -9999 -9999 -9999 -9999 -9999 -9999 -9999 -9999 -9999 -9999 -9999 -9999 -9999 -9999 -9999 -9999 -9999 -9999 -9999 -9999
-9999 -9999 -9999 -9999 10.93 8.78 8.15 11.29 9.34 9.65 16.81 12.32 12.03 8.46 10.25 10.97 9.09 10.52 9.37 7.24 9.54 9.31 6.49 5.08 6.00 8.09 8.04 10.98 8.09 6.39 10.95 6.55 7.13 12.38 7.39 6.21 5.40 7.55 9.28 8.57 9.18 9.41 7.45 6.92 6.68 5.92 6.03 7.04 -9999 -9999 -9999 -9999 -9999 -9999 -9999 -9999 -9999 -9999 -9999 -9999 -9999 -9999 -9999 -9999 -9999 -9999 -9999 -9999 -9999 -9999 -9999 -9999 -9999 -9999 -9999 -9999 -9999 -9999
-9999 -9999 -9999 8.90 9.70 10.49 7.76 8.60 9.13 8.24 11.17 10.28 16.62 8.10 7.71 9.11 9.58 9.81 10.12 8.26 6.64 5.73 8.57 5.56 5.14 7.51 8.16 8.15 7.90 6.14 8.16 4.64 6.33 10.96 9.51 9.73 8.47 7.79 6.76 6.82 9.51 8.39 7.45 7.15 6.79 6.66 5.77 6.46 7.58 -9999 -9999 -9999 -9999 -9999 -9999 -9999 -9999 -9999 -9999 -9999 -9999 -9999 -9999 -9999 -9999 -9999 -9999 -9999 -9999 -9999 -9999 -9999 -9999 -9999 -9999 -9999 -9999 -9999
-9999 -9999 -9999 11.11 14.24 10.71 9.69 8.44 7.42 6.42 16.49 12.96 10.36 10.02 7.35 7.64 8.85 8.49 13.13 7.81 5.82 5.36 5.72 8.76 5.84 8.53 7.85 8.56 7.58 7.00 6.34 7.51 5.14 7.89 8.66 7.80 9.05 7.53 6.46 6.24 7.91 7.19 8.48 7.50 6.16 5.16 6.06 6.63 7.34 -9999 -9999 -9999 -9999 -9999 -9999 -9999 -9999 -9999 -9999 -9999 -9999 -9999 -9999 -9999 -9999 -9999 -9999 -9999 -9999 -9999 -9999 -9999 -9999 -9999 -9999 -9999 -9999 -9999
-9999 10.63 9.88 12.26 10.81 10.08 10.95 8.81 8.31 6.62 12.19 11.04 11.24 9.83 9.06 6.73 9.17 9.67 8.57 8.38 7.64 5.13 5.70 7.28 6.91 6.94 7.53 7.98 6.99 6.29 7.18 6.05 5.17 8.87 7.62 7.17 7.37 9.50 7.98 7.01 5.08 6.46 7.15 6.69 6.06 5.28 5.72 6.32 7.28 -9999 -9999 -9999 -9999 -9999 -9999 -9999 -9999 -9999 -9999 -9999 -9999 -9999 -9999 -9999 -9999 -9999 -9999 -9999 -9999 -9999 -9999 -9999 -9999 -9999 -9999 -9999 -9999 -9999
-9999 11.59 10.01 8.18 11.15 9.67 11.02 9.02 7.88 6.78 6.99 8.40 13.26 10.29 9.18 7.09 6.92 7.09 6.77 7.24 8.02 6.29 7.53 6.47 6.83 6.63 6.70 6.56 6.35 5.95 6.07 6.75 5.57 4.21 5.33 6.11 6.37 7.24 7.21 4.06 5.37 8.28 7.34 5.79 5.87 5.41 5.77 5.20 5.97 6.91 -9999 -9999 -9999 -9999 -9999 -9999 -9999 -9999 -9999 -9999 -9999 -9999 -9999 -9999 -9999 -9999 -9999 -9999 -9999 -9999 -9999 -9999 -9999 -9999 -9999 -9999 -9999 -9999
-9999 11.87 10.31 7.27 10.41 8.40 9.41 8.46 7.77 7.61 6.25 10.06 10.05 9.36 11.21 7.94 6.87 6.77 5.68 8.06 12.41 8.30 -9999 -9999 -9999 6.83 6.64 -9999 5.99 6.08 6.23 5.58 4.62 5.19 6.54 5.41 5.65 7.23 6.56 7.86 7.40 5.05 3.99 4.28 4.69 5.14 3.01 3.95 4.50 6.06 -9999 -9999 -9999 -9999 -9999 -9999 -9999 -9999 -9999 -9999 -9999 -9999 -9999 -9999 -9999 -9999 -9999 -9999 -9999 -9999 -9999 -9999 -9999 -9999 -9999 -9999 -9999 -9999
-9999 10.51 12.51 8.65 8.45 9.02 9.84 9.31 8.41 7.45 6.72 7.68 13.59 10.20 10.81 7.77 7.30 9.23 6.34 7.65 8.68 8.82 -9999 -9999 -9999 6.93 6.22 6.25 6.29 5.77 5.46 4.54 5.92 8.56 8.75 6.43 9.90 6.68 6.41 9.20 6.24 6.81 6.78 6.48 3.85 4.74 5.96 4.29 3.52 5.09 -9999 -9999 -9999 -9999 -9999 -9999 -9999 -9999 -9999 -9999 -9999 -9999 -9999 -9999 -9999 -9999 -9999 -9999 -9999 -9999 -9999 -9999 -9999 -9999 -9999 -9999 -9999 -9999
-9999 -9999 11.62 11.41 9.25 -9999 10.41 10.45 9.22 8.30 7.43 -9999 9.76 8.36 9.45 7.36 8.69 9.51 8.16 8.60 -9999 -9999 -9999 -9999 7.87 6.31 5.68 5.55 6.27 6.44 5.51 5.09 5.45 9.74 13.80 6.38 11.71 7.71 9.53 10.79 7.84 9.16 6.88 4.81 6.06 5.87 4.25 2.02 2.94 5.43 5.96 -9999 -9999 -9999 -9999 -9999 -9999 -9999 -9999 -9999 -9999 -9999 -9999 -9999 -9999 -9999 -9999 -9999 -9999 -9999 -9999 -9999 -9999 -9999 -9999 -9999 -9999 -9999
