ML/MeanWindSpeed_1996-02_Actual.txt
ncols         180
nrows         290
xllcorner     -200000
yllcorner     -200000
cellsize      5000
NODATA_value  -9999
[rows 140 to 174 of 290, columns 78 to 155 of 180]
-9999 -9999 -9999 14.27 -9999 -9999 -9999 12.79 12.76 10.83 10.66 11.92 -9999 -9999 12.51 10.29 13.16 14.59 -9999 -9999 -9999 -9999 -9999 11.21 9.58 6.70 6.92 6.62 7.55 7.46 8.39 8.74 6.54 9.50 13.22 14.87 11.42 13.51 14.40 14.69 11.37 11.76 11.52 9.34 6.00 5.36 5.51 2.35 3.38 6.77 10.01 -9999 -9999 -9999 -9999 -9999 -9999 -9999 -9999 -9999 -9999 -9999 -9999 -9999 -9999 -9999 -9999 -9999 -9999 -9999 -9999 -9999 -9999 -9999 -9999 -9999 -9999 -9999
-9999 -9999 -9999 14.36 14.21 -9999 -9999 -9999 12.96 13.33 12.71 13.14 -9999 -9999 -9999 -9999 13.22 -9999 -9999 -9999 -9999 -9999 -9999 9.68 8.45 7.39 8.20 9.15 9.25 8.43 8.74 8.14 7.51 8.24 12.40 14.30 9.87 16.18 15.39 16.54 12.30 12.00 13.34 9.48 6.71 5.40 3.32 1.82 3.32 6.54 10.12 -9999 -9999 -9999 -9999 -9999 -9999 -9999 -9999 -9999 -9999 -9999 -9999 -9999 -9999 -9999 -9999 -9999 -9999 -9999 -9999 -9999 -9999 -9999 -9999 -9999 -9999 -9999
-9999 -9999 -9999 -9999 15.99 -9999 -9999 -9999 -9999 13.50 14.56 14.12 -9999 -9999 -9999 -9999 -9999 -9999 -9999 -9999 -9999 -9999 10.89 9.37 9.34 9.44 9.70 11.35 11.04 10.10 10.06 9.23 9.13 7.98 9.95 17.41 17.33 16.50 15.91 12.60 11.13 11.15 8.60 5.60 7.49 7.07 3.14 2.48 4.21 7.06 10.97 13.78 -9999 -9999 -9999 -9999 -9999 -9999 -9999 -9999 -9999 -9999 -9999 -9999 -9999 -9999 -9999 -9999 -9999 -9999 -9999 -9999 -9999 -9999 -9999 -9999 -9999 -9999
-9999 -9999 -9999 -9999 17.50 -9999 -9999 -9999 -9999 -9999 -9999 -9999 -9999 -9999 -9999 -9999 -9999 -9999 -9999 -9999 -9999 -9999 10.69 8.52 7.44 6.98 6.58 15.53 12.30 10.67 12.95 9.70 11.02 6.40 7.36 14.69 19.45 15.12 12.89 17.78 19.63 17.08 13.30 10.70 5.22 5.38 4.66 5.71 5.55 7.75 11.88 14.06 14.92 -9999 -9999 -9999 -9999 -9999 -9999 -9999 -9999 -9999 -9999 -9999 -9999 -9999 -9999 -9999 -9999 -9999 -9999 -9999 -9999 -9999 -9999 -9999 -9999 -9999
-9999 -9999 -9999 -9999 -9999 -9999 -9999 -9999 -9999 -9999 -9999 -9999 -9999 -9999 -9999 -9999 -9999 -9999 -9999 -9999 -9999 10.94 9.48 7.67 6.74 10.95 5.84 21.15 19.64 10.12 11.32 10.06 9.13 9.28 6.48 8.75 19.69 18.73 15.87 13.83 12.44 14.82 13.58 11.45 8.42 6.54 5.88 5.65 6.47 9.34 10.94 11.88 13.17 -9999 -9999 -9999 -9999 -9999 -9999 -9999 -9999 -9999 -9999 -9999 -9999 -9999 -9999 -9999 -9999 -9999 -9999 -9999 -9999 -9999 -9999 -9999 -9999 -9999
-9999 -9999 -9999 -9999 -9999 -9999 -9999 -9999 -9999 -9999 -9999 -9999 -9999 -9999 -9999 -9999 -9999 -9999 -9999 -9999 -9999 9.60 10.00 6.68 9.35 18.90 10.42 6.92 13.72 14.59 11.72 11.20 10.32 9.50 7.84 8.33 11.12 21.24 17.46 15.60 12.76 12.23 11.74 9.06 8.26 7.84 8.69 7.12 8.84 9.16 10.34 10.52 11.24 12.30 13.04 13.04 -9999 -9999 -9999 -9999 -9999 -9999 -9999 -9999 -9999 -9999 -9999 -9999 -9999 -9999 -9999 -9999 -9999 -9999 -9999 -9999 -9999 -9999
-9999 -9999 -9999 -9999 -9999 -9999 -9999 -9999 -9999 -9999 -9999 -9999 -9999 -9999 -9999 -9999 -9999 -9999 -9999 -9999 -9999 9.52 8.77 8.26 13.00 8.60 8.97 10.93 16.12 12.06 10.45 15.14 8.89 11.63 9.49 8.79 8.78 12.73 15.24 14.62 13.32 12.28 9.40 9.16 8.20 7.47 7.28 7.89 8.23 9.21 9.16 9.42 9.83 13.53 11.53 12.63 13.35 12.89 -9999 -9999 -9999 -9999 -9999 -9999 -9999 -9999 -9999 -9999 -9999 -9999 -9999 -9999 -9999 -9999 -9999 -9999 -9999 -9999
-9999 -9999 -9999 -9999 -9999 -9999 -9999 -9999 -9999 -9999 -9999 -9999 -9999 -9999 -9999 -9999 -9999 -9999 -9999 -9999 -9999 9.65 8.91 10.05 17.04 19.00 13.78 9.35 11.43 12.91 16.26 10.63 14.90 12.47 10.90 10.52 9.89 8.10 9.10 14.42 13.54 12.13 10.88 9.56 8.76 8.69 8.61 8.08 8.56 8.63 8.36 9.20 9.41 10.38 13.38 12.40 12.18 13.47 13.43 11.45 -9999 -9999 -9999 -9999 -9999 -9999 -9999 -9999 -9999 -9999 -9999 -9999 -9999 -9999 -9999 -9999 -9999 -9999
-9999 -9999 -9999 -9999 -9999 -9999 -9999 -9999 -9999 -9999 -9999 -9999 -9999 -9999 -9999 -9999 -9999 -9999 -9999 -9999 -9999 10.31 8.52 11.21 13.32 8.27 22.97 19.03 10.78 13.97 11.46 16.46 17.28 12.49 10.20 10.54 10.53 7.95 17.25 15.52 15.02 15.50 15.58 14.14 9.82 11.05 9.42 8.90 8.86 8.73 8.69 8.54 7.90 8.78 11.75 10.10 9.28 10.03 11.74 9.96 13.74 -9999 -9999 -9999 -9999 -9999 -9999 -9999 -9999 -9999 -9999 -9999 -9999 -9999 -9999 -9999 -9999 -9999
-9999 -9999 -9999 -9999 -9999 -9999 -9999 -9999 -9999 14.15 15.05 16.13 -9999 -9999 -9999 -9999 -9999 -9999 -9999 -9999 -9999 -9999 9.97 8.49 7.23 10.14 12.80 16.96 9.80 7.01 13.83 13.41 12.29 10.72 12.69 12.40 10.16 10.69 14.19 14.53 18.96 17.26 14.21 13.14 13.61 11.52 9.89 9.31 8.89 8.96 8.26 7.75 13.10 11.81 15.62 15.86 14.07 12.49 9.10 12.55 13.27 12.36 -9999 -9999 -9999 -9999 -9999 -9999 -9999 -9999 -9999 -9999 -9999 -9999 -9999 -9999 -9999 -9999
-9999 -9999 -9999 -9999 -9999 -9999 -9999 -9999 -9999 11.04 11.87 -9999 -9999 -9999 -9999 -9999 -9999 -9999 -9999 -9999 -9999 -9999 -9999 8.50 5.44 10.65 11.55 21.16 11.23 11.81 11.32 9.10 8.33 8.79 8.37 18.11 10.21 11.32 17.51 14.48 10.95 10.08 15.50 10.50 13.79 11.20 9.67 8.95 8.84 8.38 8.95 11.77 13.04 12.05 11.57 10.70 11.87 12.97 12.16 12.47 12.08 14.88 -9999 -9999 -9999 -9999 -9999 -9999 -9999 -9999 -9999 -9999 -9999 -9999 -9999 -9999 -9999 -9999
-9999 -9999 -9999 -9999 -9999 -9999 -9999 -9999 10.43 13.15 12.91 13.21 -9999 -9999 -9999 -9999 -9999 -9999 -9999 -9999 -9999 -9999 -9999 9.05 10.60 11.56 12.48 9.90 11.76 9.51 9.32 8.46 7.81 10.14 8.39 6.70 17.41 12.10 11.13 15.63 13.19 16.58 12.82 13.13 11.11 10.49 9.74 9.57 8.66 8.14 9.61 11.25 10.27 11.44 12.64 11.92 12.37 11.89 12.07 12.37 10.41 14.12 13.06 -9999 -9999 -9999 -9999 -9999 -9999 -9999 -9999 -9999 -9999 -9999 -9999 -9999 -9999 -9999
-9999 -9999 -9999 -9999 -9999 -9999 -9999 9.66 14.05 15.49 19.78 12.83 -9999 -9999 -9999 -9999 -9999 -9999 -9999 -9999 -9999 -9999 -9999 10.54 15.39 11.78 6.97 9.26 8.62 9.57 7.69 7.01 8.27 9.90 7.10 14.84 11.23 15.23 11.56 17.34 10.48 12.19 9.69 12.34 10.27 10.49 10.49 8.97 8.80 7.91 8.01 11.98 12.64 12.10 10.66 10.80 10.32 10.32 10.64 12.59 12.44 11.86 13.06 -9999 -9999 -9999 -9999 -9999 -9999 -9999 -9999 -9999 -9999 -9999 -9999 -9999 -9999 -9999
-9999 -9999 -9999 -9999 -9999 -9999 11.67 10.24 18.19 14.47 14.31 -9999 -9999 -9999 -9999 -9999 -9999 -9999 -9999 -9999 -9999 -9999 -9999 -9999 10.63 8.01 7.01 10.18 7.32 10.20 8.16 7.52 7.33 8.62 6.88 14.53 14.43 16.00 15.12 16.31 16.19 16.09 14.15 13.16 13.17 12.19 9.55 9.02 8.64 7.71 7.61 8.81 14.48 12.85 9.62 8.85 8.88 8.49 8.60 8.68 8.97 8.68 10.01 12.31 13.66 -9999 -9999 -9999 -9999 -9999 -9999 -9999 -9999 -9999 -9999 -9999 -9999 -9999
-9999 -9999 -9999 -9999 -9999 -9999 14.46 15.83 11.26 12.22 13.20 -9999 -9999 -9999 -9999 -9999 -9999 -9999 -9999 -9999 -9999 -9999 -9999 -9999 -9999 8.95 9.15 8.53 7.64 9.56 8.99 8.92 8.18 9.16 6.73 14.37 13.35 12.39 15.36 13.86 12.88 18.14 17.76 12.95 14.74 12.84 11.82 9.25 8.51 7.95 7.67 8.26 9.59 10.03 9.10 8.92 8.68 8.59 8.22 8.18 8.30 8.51 12.14 12.75 12.67 -9999 -9999 -9999 -9999 -9999 -9999 -9999 -9999 -9999 -9999 -9999 -9999 -9999
-9999 -9999 -9999 -9999 -9999 -9999 15.40 13.33 14.10 13.24 -9999 -9999 -9999 -9999 -9999 -9999 -9999 -9999 -9999 -9999 -9999 -9999 -9999 -9999 -9999 10.30 10.10 9.52 -9999 10.03 -9999 9.37 7.95 7.09 6.09 6.86 13.69 12.82 13.48 17.92 9.54 10.78 17.70 15.09 13.89 13.23 11.41 9.64 9.15 9.14 8.50 8.43 8.80 9.86 11.03 9.50 10.10 8.79 7.87 9.23 10.84 10.33 9.67 9.82 12.16 14.75 15.77 -9999 -9999 -9999 -9999 -9999 -9999 -9999 -9999 -9999 -9999 -9999
-9999 -9999 -9999 -9999 -9999 15.28 13.88 13.34 -9999 -9999 -9999 -9999 -9999 -9999 -9999 -9999 -9999 -9999 -9999 -9999 -9999 -9999 -9999 -9999 -9999 11.93 10.71 9.72 -9999 -9999 -9999 9.24 9.73 5.85 7.09 9.09 8.06 8.23 10.72 16.11 15.96 9.57 14.90 16.80 12.96 14.17 12.42 10.81 8.63 8.88 8.57 8.49 8.65 9.06 9.48 9.37 9.80 8.26 8.96 10.51 11.72 12.17 11.94 10.78 10.74 12.40 14.26 -9999 -9999 -9999 -9999 -9999 -9999 -9999 -9999 -9999 -9999 -9999
-9999 -9999 -9999 -9999 -9999 -9999 -9999 -9999 -9999 -9999 -9999 -9999 -9999 -9999 -9999 -9999 -9999 -9999 -9999 -9999 -9999 -9999 -9999 -9999 -9999 -9999 -9999 -9999 -9999 -9999 10.38 8.24 7.77 9.82 11.06 12.00 12.16 10.38 11.13 14.86 14.40 12.00 9.66 13.61 15.07 12.83 11.42 10.23 9.31 9.07 9.26 8.64 8.51 8.72 8.77 8.72 8.20 9.45 12.87 11.09 12.08 11.18 11.22 9.97 10.82 12.17 -9999 -9999 -9999 -9999 -9999 -9999 -9999 -9999 -9999 -9999 -9999 -9999
-9999 -9999 -9999 -9999 -9999 -9999 -9999 -9999 -9999 -9999 -9999 -9999 -9999 -9999 -9999 -9999 -9999 -9999 -9999 -9999 -9999 -9999 -9999 -9999 -9999 -9999 -9999 -9999 -9999 -9999 9.63 7.93 9.46 12.64 16.01 14.41 10.58 12.09 9.05 10.11 9.37 11.48 12.43 13.41 13.57 12.95 11.26 10.52 9.96 9.04 9.28 8.61 8.60 8.74 8.87 8.79 8.26 9.15 14.12 13.24 11.17 10.77 10.46 9.99 10.80 12.35 -9999 -9999 -9999 -9999 -9999 -9999 -9999 -9999 -9999 -9999 -9999 -9999
-9999 -9999 -9999 -9999 -9999 -9999 -9999 -9999 -9999 -9999 -9999 -9999 -9999 -9999 -9999 -9999 -9999 -9999 -9999 -9999 -9999 -9999 -9999 -9999 -9999 -9999 -9999 -9999 -9999 -9999 8.54 7.10 7.76 11.50 13.09 12.50 11.27 10.58 9.54 10.48 9.09 8.97 10.11 8.37 13.50 11.56 12.60 10.86 10.40 8.93 8.71 8.89 8.86 8.96 8.90 8.89 8.73 8.81 11.64 12.80 11.68 10.90 10.81 10.32 10.69 11.63 -9999 -9999 -9999 -9999 -9999 -9999 -9999 -9999 -9999 -9999 -9999 -9999
-9999 -9999 -9999 -9999 -9999 -9999 -9999 -9999 -9999 -9999 -9999 -9999 -9999 -9999 -9999 -9999 -9999 -9999 -9999 -9999 -9999 -9999 -9999 -9999 -9999 -9999 -9999 -9999 11.77 9.66 7.61 6.84 10.27 12.66 16.30 12.08 13.95 7.94 9.36 9.30 10.59 11.45 11.17 13.49 9.36 9.57 9.52 9.41 8.83 9.87 8.86 8.89 9.31 8.97 8.94 9.06 8.87 9.07 9.86 12.26 11.63 10.83 10.73 10.59 10.24 10.42 11.80 -9999 -9999 -9999 -9999 -9999 -9999 -9999 -9999 -9999 -9999 -9999
-9999 -9999 -9999 -9999 -9999 -9999 -9999 -9999 -9999 -9999 -9999 -9999 -9999 -9999 -9999 -9999 -9999 -9999 -9999 -9999 -9999 -9999 -9999 -9999 -9999 -9999 -9999 -9999 10.80 8.50 7.32 6.90 7.83 11.78 9.15 9.03 7.20 9.07 12.85 9.95 11.65 11.00 12.59 8.37 13.16 10.49 11.92 11.43 11.38 9.87 9.40 9.05 8.93 8.91 9.02 9.01 9.03 9.05 9.42 10.51 12.07 11.31 10.74 10.76 9.80 9.17 10.84 -9999 -9999 -9999 -9999 -9999 -9999 -9999 -9999 -9999 -9999 -9999
-9999 -9999 -9999 -9999 -9999 -9999 -9999 -9999 -9999 -9999 -9999 -9999 -9999 -9999 -9999 -9999 -9999 -9999 -9999 -9999 -9999 -9999 -9999 -9999 -9999 -9999 -9999 -9999 10.80 8.35 7.59 7.26 7.90 8.97 9.28 8.20 7.17 8.97 9.73 9.11 11.22 13.96 10.94 10.32 8.73 10.88 8.84 9.64 10.48 10.88 9.79 9.46 8.92 8.89 9.04 9.07 9.06 9.13 9.36 10.08 11.69 12.55 11.23 10.53 9.48 8.38 9.47 11.38 -9999 -9999 -9999 -9999 -9999 -9999 -9999 -9999 -9999 -9999
-9999 -9999 -9999 -9999 -9999 -9999 -9999 -9999 -9999 -9999 -9999 -9999 -9999 -9999 -9999 -9999 -9999 -9999 -9999 -9999 -9999 -9999 -9999 -9999 -9999 -9999 -9999 -9999 10.44 8.52 7.98 7.98 7.90 7.94 7.66 8.50 9.83 7.36 7.80 9.07 14.54 14.47 15.41 13.51 10.99 10.46 11.00 9.32 8.70 10.08 10.58 9.38 8.91 8.97 8.86 9.00 9.14 9.37 9.51 9.94 12.08 13.52 11.99 11.05 10.00 8.56 8.50 10.18 12.04 -9999 -9999 -9999 -9999 -9999 -9999 -9999 -9999 -9999
-9999 -9999 -9999 -9999 -9999 -9999 -9999 -9999 -9999 -9999 -9999 -9999 -9999 -9999 -9999 -9999 -9999 -9999 -9999 -9999 -9999 -9999 -9999 -9999 -9999 -9999 -9999 -9999 10.41 8.29 7.81 7.65 7.43 7.05 7.82 7.42 8.96 9.91 12.17 13.82 15.09 11.84 13.74 11.82 11.54 9.69 11.15 10.36 9.49 8.81 8.69 8.97 8.77 8.89 8.95 9.11 9.21 9.54 9.87 10.24 11.04 12.36 11.85 10.95 10.36 9.65 8.96 9.03 10.98 -9999 -9999 -9999 -9999 -9999 -9999 -9999 -9999 -9999
-9999 -9999 -9999 -9999 -9999 -9999 -9999 -9999 -9999 -9999 -9999 -9999 -9999 -9999 -9999 -9999 -9999 -9999 -9999 -9999 -9999 -9999 -9999 -9999 -9999 -9999 -9999 -9999 -9999 8.31 7.88 7.51 6.98 7.66 10.00 10.19 11.26 10.13 9.88 12.52 12.32 13.75 12.55 10.04 8.20 8.84 8.63 10.08 9.13 8.87 9.58 9.26 8.58 8.89 8.81 9.00 9.04 9.35 9.81 10.25 10.79 10.80 10.91 10.85 10.74 -9999 9.99 10.28 11.37 13.47 -9999 -9999 -9999 -9999 -9999 -9999 -9999 -9999
-9999 -9999 -9999 -9999 -9999 -9999 -9999 -9999 -9999 -9999 -9999 -9999 -9999 -9999 -9999 -9999 -9999 -9999 -9999 -9999 -9999 -9999 -9999 -9999 -9999 -9999 -9999 -9999 10.11 8.19 7.70 6.98 6.67 7.20 12.00 12.79 10.66 14.04 13.52 11.52 11.09 15.55 12.99 13.14 10.02 7.78 10.05 8.54 7.92 8.81 9.04 8.55 8.74 8.47 8.50 8.61 8.89 8.95 9.19 11.09 10.48 9.86 11.31 10.27 10.26 10.18 -9999 11.38 12.36 14.04 15.37 -9999 -9999 -9999 -9999 -9999 -9999 -9999
-9999 -9999 -9999 -9999 -9999 -9999 -9999 -9999 -9999 -9999 -9999 -9999 -9999 -9999 -9999 -9999 -9999 -9999 -9999 -9999 -9999 -9999 -9999 -9999 -9999 -9999 -9999 -9999 9.80 7.94 7.55 6.99 8.86 8.03 9.58 13.18 9.68 10.22 10.78 8.88 8.83 13.04 11.97 11.69 8.05 10.15 11.20 8.61 9.83 8.92 9.58 9.20 8.67 8.19 8.20 8.30 8.43 8.43 8.50 8.87 9.53 8.60 8.97 9.67 8.96 9.91 10.53 -9999 -9999 -9999 -9999 -9999 -9999 -9999 -9999 -9999 -9999 -9999
-9999 -9999 -9999 -9999 -9999 -9999 -9999 -9999 -9999 -9999 -9999 -9999 -9999 -9999 -9999 -9999 -9999 -9999 -9999 -9999 -9999 -9999 -9999 -9999 -9999 -9999 -9999 11.97 9.12 7.74 8.59 8.09 8.36 8.11 9.57 10.03 9.38 9.11 8.80 8.66 9.16 12.37 14.92 14.72 9.49 12.25 11.53 8.75 9.14 8.14 8.92 9.15 8.38 7.88 8.22 8.23 8.22 8.43 8.32 8.59 8.78 8.69 8.60 10.15 9.32 9.20 9.64 11.18 12.85 -9999 -9999 -9999 -9999 -9999 -9999 -9999 -9999 -9999
-9999 -9999 -9999 -9999 -9999 -9999 -9999 -9999 -9999 -9999 -9999 -9999 -9999 -9999 -9999 -9999 -9999 -9999 -9999 -9999 -9999 -9999 -9999 -9999 -9999 -9999 -9999 -9999 9.42 7.93 7.89 8.34 10.53 8.23 8.16 8.24 8.72 9.07 8.56 8.37 8.43 8.91 13.26 14.36 15.18 12.00 12.31 11.00 9.70 10.13 7.78 7.83 8.81 7.89 8.01 7.98 8.02 8.36 8.27 8.39 8.77 8.44 8.14 8.36 10.94 9.54 9.06 9.64 10.90 12.49 14.24 -9999 -9999 -9999 -9999 -9999 -9999 -9999
-9999 -9999 -9999 -9999 -9999 -9999 -9999 -9999 -9999 -9999 -9999 -9999 -9999 -9999 -9999 -9999 -9999 -9999 -9999 -9999 -9999 -9999 -9999 -9999 -9999 -9999 -9999 -9999 9.46 8.54 7.99 8.19 8.47 8.54 8.21 7.71 7.91 7.59 7.45 7.67 8.03 9.11 8.69 13.98 16.71 17.11 14.00 11.88 10.89 9.21 9.43 8.23 9.37 8.12 8.16 7.98 8.01 8.14 8.23 8.61 8.64 8.36 7.96 8.60 10.95 10.15 10.23 8.95 9.27 10.65 12.53 -9999 -9999 -9999 -9999 -9999 -9999 -9999
-9999 -9999 -9999 -9999 -9999 -9999 -9999 -9999 14.61 13.41 13.96 15.48 -9999 -9999 -9999 -9999 -9999 -9999 -9999 -9999 -9999 -9999 -9999 -9999 -9999 -9999 -9999 10.30 8.86 9.21 8.43 9.33 8.75 7.94 7.68 7.71 7.55 7.60 7.48 7.61 7.69 7.96 11.75 14.77 14.89 12.15 15.28 13.67 9.76 9.66 7.44 10.41 10.18 8.45 8.33 8.08 8.04 8.14 8.23 8.44 8.82 8.55 7.93 8.21 8.95 11.02 10.64 11.01 9.02 9.05 10.92 13.08 -9999 -9999 -9999 -9999 -9999 -9999
-9999 -9999 -9999 -9999 -9999 -9999 -9999 -9999 13.55 12.25 12.04 12.97 -9999 -9999 -9999 -9999 -9999 -9999 -9999 -9999 -9999 -9999 -9999 -9999 -9999 -9999 10.43 9.90 8.86 9.24 10.40 8.85 8.66 7.52 7.43 7.66 7.50 7.77 7.95 7.28 6.98 7.21 9.44 16.42 16.79 12.07 13.64 12.59 11.93 8.57 7.52 9.39 9.93 8.85 7.88 7.82 8.01 8.54 8.41 8.32 8.45 8.84 8.22 8.39 8.73 10.81 10.76 10.53 9.26 9.10 9.82 12.06 -9999 -9999 -9999 -9999 -9999 -9999
-9999 -9999 -9999 -9999 -9999 -9999 17.55 13.58 11.38 11.46 11.13 12.53 12.37 14.04 15.15 -9999 -9999 14.90 12.67 -9999 -9999 -9999 10.92 12.07 10.94 -9999 8.01 10.07 9.21 8.83 9.43 8.72 8.79 8.54 9.08 8.54 8.56 7.59 8.11 7.44 7.43 11.37 8.42 11.37 14.80 9.10 10.98 16.11 9.53 11.35 8.74 9.29 9.41 8.65 8.29 8.23 8.21 8.58 8.14 8.31 8.15 8.97 8.18 8.30 8.78 9.53 10.38 11.34 10.64 9.29 9.17 11.04 13.44 -9999 -9999 -9999 -9999 -9999
-9999 -9999 -9999 -9999 -9999 -9999 -9999 14.16 12.09 11.06 10.50 10.90 12.29 14.21 11.55 -9999 10.43 11.97 12.80 11.09 12.03 8.52 7.74 12.39 11.88 9.93 -9999 7.56 9.48 9.46 8.71 8.53 9.09 8.10 7.88 7.89 7.81 8.08 7.84 8.35 7.99 11.70 12.41 12.34 13.00 11.99 14.17 14.05 11.54 8.93 8.23 10.09 10.00 8.30 8.84 8.28 8.77 8.90 8.30 8.27 8.08 9.02 8.35 8.48 8.87 9.01 10.01 10.77 11.44 10.31 9.39 10.24 12.52 -9999 -9999 -9999 -9999 -9999
