ML/MeanWindSpeed_1992-12_Actual.txt
ncols         180
nrows         290
xllcorner     -200000
yllcorner     -200000
cellsize      5000
NODATA_value  -9999
[rows 175 to 209 of 290, columns 78 to 155 of 180]
-9999 -9999 -9999 -9999 -9999 -9999 -9999 -9999 10.95 9.98 8.97 8.25 8.03 6.16 5.38 12.60 19.78 7.61 11.46 12.00 11.25 9.11 5.85 5.70 8.50 11.17 8.71 6.21 6.52 7.51 6.83 7.08 8.52 7.51 6.85 6.31 6.46 6.57 6.30 6.39 6.49 12.19 13.35 10.70 10.75 8.34 7.40 8.96 9.05 6.75 6.40 7.84 7.06 6.41 7.08 6.59 7.66 6.91 6.80 6.64 6.62 8.11 6.92 6.62 6.67 6.49 7.07 7.69 7.90 8.24 8.68 7.33 9.19 11.42 -9999 -9999 -9999 -9999
-9999 -9999 -9999 -9999 -9999 -9999 -9999 -9999 -9999 12.05 9.25 7.52 5.77 4.99 7.76 23.17 14.78 4.91 11.75 7.89 11.95 11.61 7.27 4.61 11.61 9.49 10.20 8.30 6.40 6.45 6.54 5.91 7.18 7.70 7.22 6.75 6.29 6.53 6.26 6.04 8.12 9.53 13.89 11.24 11.85 10.62 5.90 8.39 10.49 7.14 7.13 7.89 7.01 6.79 6.87 6.62 7.70 6.73 6.51 6.73 6.38 7.27 7.16 6.66 6.58 6.53 6.77 7.47 8.88 7.79 7.10 7.20 8.76 11.08 -9999 -9999 -9999 -9999
-9999 -9999 -9999 -9999 -9999 -9999 -9999 -9999 -9999 -9999 9.52 6.81 6.67 8.43 19.83 22.61 14.42 9.42 9.06 10.50 12.54 12.99 12.33 7.34 6.19 12.59 9.82 8.56 7.54 6.34 6.20 6.42 6.65 7.18 6.69 6.21 6.44 6.51 6.39 6.66 7.86 10.22 11.57 9.19 9.40 11.08 8.74 5.82 10.51 7.52 7.38 8.00 7.04 6.92 6.66 7.09 7.64 6.79 6.54 6.56 6.15 7.91 7.27 6.79 6.73 6.71 7.14 7.14 7.26 6.97 6.89 7.29 9.20 11.31 -9999 -9999 -9999 -9999
-9999 -9999 -9999 -9999 -9999 -9999 -9999 -9999 -9999 -9999 9.03 7.42 9.88 12.02 14.64 18.80 10.17 6.33 8.87 12.11 12.79 13.97 11.95 8.04 5.22 12.81 12.51 9.50 8.35 6.30 5.97 6.46 7.56 7.16 6.78 6.54 6.09 6.00 6.56 8.70 8.76 6.91 12.11 9.28 9.75 11.50 11.16 8.54 7.53 6.98 5.78 7.40 8.09 6.90 6.64 6.28 6.79 6.45 6.79 6.55 6.37 7.01 7.68 7.23 7.25 7.03 7.08 6.96 6.76 6.77 7.34 8.50 10.29 -9999 -9999 -9999 -9999 -9999
-9999 -9999 -9999 -9999 -9999 -9999 -9999 -9999 -9999 -9999 8.08 7.91 9.47 9.11 14.70 12.97 8.77 9.74 7.55 9.41 12.95 11.61 14.23 10.91 6.55 11.63 12.86 11.93 8.15 6.92 5.81 6.82 8.14 7.79 6.87 6.36 6.08 6.53 8.17 8.57 6.98 6.85 10.10 9.66 9.24 9.13 8.33 8.32 9.06 5.57 6.63 6.94 6.59 6.97 6.36 7.13 6.09 6.33 6.64 6.55 6.82 8.98 8.03 7.42 7.20 7.19 7.10 6.97 6.88 7.09 8.38 10.05 -9999 -9999 -9999 -9999 -9999 -9999
-9999 -9999 -9999 -9999 -9999 -9999 -9999 -9999 -9999 9.58 17.55 9.52 10.82 12.47 7.48 18.51 15.31 13.54 11.48 14.25 11.08 12.07 10.50 8.54 10.02 14.30 12.58 11.63 8.01 6.59 5.64 7.37 7.64 7.16 6.80 6.17 6.33 7.97 7.68 7.14 8.33 9.34 6.89 11.62 10.49 7.30 8.04 7.32 6.54 6.45 5.64 5.67 5.91 6.99 6.36 5.62 7.09 6.26 6.48 6.79 7.33 9.10 8.06 7.42 7.35 7.08 7.08 6.84 6.85 7.96 9.58 -9999 -9999 -9999 -9999 -9999 -9999 -9999
-9999 -9999 -9999 -9999 -9999 -9999 -9999 11.02 10.19 13.97 11.81 9.33 9.97 11.27 6.80 8.40 10.52 14.43 13.66 15.11 13.49 13.77 7.58 10.42 10.31 7.65 8.52 7.79 8.25 7.01 6.12 7.17 7.48 7.37 6.58 6.72 8.21 7.49 8.00 6.99 8.63 9.30 8.79 7.56 6.53 8.24 7.64 7.04 6.95 6.78 6.50 5.15 6.20 6.03 5.28 5.45 5.87 6.20 6.63 6.62 7.36 8.93 7.97 7.20 7.19 6.88 6.83 6.70 7.21 8.60 -9999 -9999 -9999 -9999 -9999 11.42 11.14 10.67
-9999 -9999 -9999 -9999 -9999 -9999 11.46 10.97 10.75 10.96 10.62 10.37 9.26 7.13 6.07 8.02 9.83 12.45 20.17 11.39 9.19 8.86 5.64 12.74 14.21 13.37 9.73 8.10 8.27 7.71 7.03 7.27 7.83 7.21 6.85 7.01 8.00 8.48 6.92 6.83 8.68 8.69 8.08 7.42 7.41 7.70 6.42 6.94 5.88 5.88 6.53 5.86 5.31 4.83 5.15 6.04 5.73 5.98 6.36 6.65 7.16 9.03 8.23 7.19 6.81 6.60 6.62 6.64 7.17 8.31 -9999 -9999 -9999 -9999 -9999 9.97 9.30 9.03
-9999 -9999 -9999 -9999 -9999 12.05 12.83 11.83 11.61 -9999 -9999 -9999 -9999 7.68 13.99 11.73 11.26 13.85 11.73 9.30 12.40 11.35 9.54 19.79 16.95 13.64 13.87 10.02 7.43 7.74 7.60 6.95 7.00 6.78 6.41 7.17 6.90 8.54 7.09 6.89 7.38 7.89 7.98 7.64 6.47 6.53 6.36 6.25 5.88 5.58 5.24 5.08 4.92 5.21 5.89 5.73 5.49 6.24 6.92 7.12 7.19 8.18 7.89 7.54 6.54 6.43 6.43 6.42 6.69 7.64 9.31 -9999 -9999 -9999 -9999 8.82 8.12 8.00
-9999 -9999 -9999 -9999 -9999 13.64 15.30 11.75 12.26 -9999 -9999 -9999 -9999 8.01 11.54 13.61 8.09 13.28 12.41 11.49 14.98 16.70 12.97 17.43 9.89 10.98 10.69 9.09 7.40 7.18 7.29 6.94 7.11 7.59 6.43 7.17 7.07 7.39 8.02 6.89 7.12 6.44 7.27 8.10 8.35 8.17 6.39 5.74 5.63 5.54 5.96 5.25 5.36 5.84 6.11 6.78 5.92 7.90 7.91 8.15 7.20 7.61 7.45 7.15 6.26 6.35 6.36 6.29 6.37 6.63 7.74 8.76 -9999 -9999 9.27 8.65 8.16 8.42
-9999 -9999 -9999 -9999 -9999 -9999 -9999 -9999 -9999 -9999 -9999 -9999 -9999 9.07 14.02 11.95 7.94 10.37 8.49 16.10 15.44 10.16 13.88 13.27 11.36 11.85 9.25 8.00 6.84 7.60 7.12 7.32 6.95 6.43 6.40 6.42 6.41 6.87 7.58 6.83 6.53 6.85 7.19 6.73 7.51 7.68 5.57 6.94 7.96 6.65 6.63 6.19 5.05 5.92 6.90 7.87 7.46 6.86 7.36 8.12 7.49 7.78 7.30 7.00 6.03 6.21 6.31 6.34 6.29 6.10 6.44 7.19 8.18 8.59 8.18 8.17 7.33 8.40
-9999 -9999 -9999 -9999 -9999 -9999 -9999 -9999 -9999 -9999 -9999 -9999 -9999 -9999 14.09 5.20 5.52 9.63 14.63 13.61 15.70 14.75 10.11 11.35 12.67 8.69 7.99 6.86 6.60 6.54 6.96 6.95 6.86 6.47 6.20 6.13 6.51 6.46 7.22 6.96 6.43 8.82 8.02 6.53 6.30 6.24 6.28 6.13 7.29 7.50 6.89 8.06 6.04 5.67 6.43 5.97 6.38 6.60 6.51 7.88 7.80 7.37 6.72 6.88 5.98 6.11 6.20 6.22 6.28 6.32 6.42 6.47 6.98 7.32 7.42 7.29 7.37 8.59
-9999 -9999 -9999 -9999 -9999 -9999 -9999 -9999 -9999 -9999 -9999 -9999 -9999 -9999 9.19 13.97 14.81 12.29 10.70 10.08 13.08 10.71 10.84 8.98 8.26 10.38 7.26 6.69 8.48 7.69 7.26 6.76 5.99 5.90 6.60 6.46 7.69 7.59 7.31 6.77 6.24 8.48 9.38 7.75 6.48 5.96 6.25 6.28 6.24 6.63 7.47 9.90 8.21 6.01 5.53 5.93 7.07 8.20 8.18 7.56 8.06 7.47 6.81 6.32 5.98 6.08 6.13 6.31 6.39 6.47 6.58 6.70 6.88 7.08 7.42 7.40 7.22 8.21
-9999 -9999 -9999 -9999 -9999 -9999 -9999 -9999 -9999 -9999 -9999 -9999 -9999 11.38 10.94 8.16 17.18 10.72 8.60 11.69 11.46 9.97 13.28 9.30 8.60 11.04 6.50 13.17 9.48 7.19 7.25 8.38 6.45 5.99 9.21 8.88 7.85 6.56 7.10 7.02 6.64 7.45 8.11 7.74 6.82 6.38 6.18 6.29 6.68 6.43 7.80 7.66 6.95 6.27 5.81 6.51 7.54 8.59 8.51 7.27 7.37 7.14 6.72 6.28 6.01 6.01 6.17 6.35 6.47 6.51 6.65 6.79 6.78 6.95 7.68 7.69 7.40 7.79
-9999 -9999 -9999 -9999 -9999 -9999 -9999 -9999 -9999 -9999 -9999 -9999 -9999 9.75 10.67 16.75 9.94 5.19 7.87 8.32 10.47 13.47 13.18 9.91 9.26 9.10 6.81 7.47 8.33 9.78 9.48 7.13 7.03 6.84 7.37 8.06 6.54 6.33 7.18 7.11 7.67 8.09 7.55 7.73 7.25 6.66 6.38 6.25 6.32 6.41 7.37 7.68 6.99 5.81 6.14 7.42 8.70 7.91 8.54 8.31 7.45 6.63 7.29 6.29 6.45 6.13 6.26 6.28 6.44 6.56 6.60 6.68 6.77 6.87 7.93 7.74 7.28 7.50
-9999 -9999 -9999 -9999 -9999 -9999 -9999 -9999 -9999 -9999 -9999 -9999 -9999 11.03 13.45 5.96 8.02 7.04 8.68 8.86 14.50 12.39 14.24 10.82 9.46 7.17 5.71 6.38 9.86 12.07 13.29 7.54 9.20 7.83 8.08 7.73 5.84 6.21 6.72 7.12 7.75 7.23 7.36 8.71 7.73 6.59 6.50 7.78 6.14 6.62 7.05 6.87 6.25 5.91 6.58 7.15 7.55 7.65 7.57 6.69 6.50 6.95 7.08 5.89 5.87 6.13 6.20 6.32 6.34 6.31 6.48 6.58 6.70 6.86 7.27 7.15 7.39 7.32
-9999 -9999 -9999 -9999 -9999 -9999 -9999 -9999 -9999 -9999 -9999 -9999 -9999 -9999 7.21 8.76 11.22 13.91 15.00 12.22 12.63 10.44 7.38 7.28 6.38 7.30 7.18 5.95 7.45 8.06 11.75 8.98 7.56 7.43 9.05 8.43 5.96 7.08 6.13 6.49 9.26 7.40 7.16 7.03 7.18 6.27 6.24 8.09 7.32 6.53 7.11 6.65 6.30 6.62 7.48 6.98 6.83 6.37 7.08 6.12 7.31 7.22 6.06 5.82 6.47 6.35 6.06 6.14 6.13 6.22 6.40 6.51 6.65 6.73 6.84 6.94 7.28 7.36
-9999 -9999 -9999 -9999 -9999 -9999 -9999 -9999 -9999 -9999 -9999 -9999 -9999 -9999 8.69 10.06 11.52 13.97 17.19 15.41 11.37 8.22 6.53 8.29 10.49 12.38 13.93 9.77 6.84 7.42 8.79 8.06 5.87 9.72 8.84 8.55 6.92 7.83 6.51 6.25 7.30 8.95 8.36 7.46 6.81 6.26 6.39 7.55 7.22 6.73 6.76 7.20 7.37 7.56 8.03 7.13 6.65 7.91 7.84 7.64 7.24 7.36 6.23 6.58 7.17 6.10 5.97 6.05 6.08 6.23 6.33 6.41 6.54 6.63 6.77 6.79 6.79 6.79
-9999 -9999 -9999 -9999 -9999 -9999 -9999 -9999 -9999 -9999 -9999 -9999 -9999 9.81 7.60 8.82 11.75 13.43 12.62 12.15 9.44 10.39 15.58 12.01 11.94 11.63 8.85 7.40 7.97 8.24 6.41 5.65 6.56 9.01 9.01 8.35 6.82 8.02 6.07 6.19 8.06 7.53 8.00 8.00 7.16 6.55 6.53 7.52 7.29 6.44 6.75 6.76 6.66 7.55 7.14 8.23 7.43 8.15 7.28 7.52 7.59 6.59 6.37 7.32 7.16 6.04 5.97 6.34 6.13 6.32 6.40 6.57 6.59 6.57 6.63 6.52 7.01 7.49
-9999 -9999 -9999 -9999 -9999 -9999 -9999 -9999 -9999 -9999 -9999 -9999 -9999 12.43 9.88 8.36 8.31 10.97 15.53 14.72 12.73 10.52 11.18 12.59 13.62 13.34 8.27 10.09 10.97 6.15 8.67 4.38 5.61 8.14 10.49 7.02 7.70 6.24 5.38 5.87 6.87 10.14 8.35 8.27 7.63 7.14 7.06 7.26 6.89 6.34 6.51 6.40 6.36 6.36 7.75 8.26 8.12 8.75 7.59 7.01 7.02 6.60 7.07 7.59 7.19 6.58 6.93 6.65 6.94 6.52 6.55 6.82 6.88 6.59 6.50 6.40 6.54 7.60
-9999 -9999 -9999 -9999 -9999 -9999 -9999 -9999 -9999 -9999 -9999 -9999 -9999 10.74 9.21 5.39 7.07 10.64 15.76 13.62 13.66 10.43 12.24 11.28 9.34 10.01 10.06 9.05 6.88 5.13 5.76 8.94 5.44 6.08 6.67 7.10 8.81 7.11 5.39 5.77 6.75 7.35 7.32 8.38 7.80 7.35 7.45 6.61 6.00 6.60 6.83 6.95 6.32 6.99 8.34 8.28 7.25 7.45 8.38 7.26 7.64 6.63 7.70 7.84 6.90 6.72 6.92 6.29 6.54 6.46 6.52 6.63 6.54 6.47 6.53 6.49 7.01 6.61
-9999 -9999 -9999 -9999 -9999 -9999 -9999 -9999 -9999 -9999 -9999 -9999 9.96 10.85 12.60 9.25 7.02 11.55 13.19 15.63 15.29 9.03 9.18 7.99 9.30 10.67 7.84 6.98 8.65 6.58 5.67 5.49 5.12 5.13 5.86 7.21 7.18 6.78 6.41 5.88 5.77 6.72 7.26 6.61 7.15 6.85 7.48 6.51 6.41 6.55 6.08 6.02 6.42 7.73 7.58 7.59 6.81 7.75 7.94 7.55 6.70 7.65 7.75 7.83 7.92 7.33 6.80 6.63 6.44 6.53 6.59 6.46 6.38 6.28 6.31 6.52 7.01 7.05
-9999 -9999 -9999 -9999 -9999 -9999 -9999 -9999 -9999 -9999 -9999 11.42 11.01 11.46 8.98 6.93 10.49 14.18 15.03 12.78 14.50 9.77 10.93 8.81 7.94 14.65 8.51 8.50 5.71 5.82 4.27 4.27 5.57 7.65 6.85 9.11 7.13 7.49 5.93 5.66 5.87 6.31 6.82 6.46 6.65 7.02 7.16 5.70 6.37 6.31 6.44 6.61 7.02 7.75 6.94 7.76 7.18 7.48 6.66 6.56 7.91 8.32 7.75 7.93 7.73 6.74 7.21 7.23 7.11 6.95 6.57 6.28 6.05 6.35 6.45 7.23 7.59 7.86
-9999 -9999 -9999 -9999 -9999 -9999 -9999 -9999 -9999 12.58 10.93 9.55 7.49 7.02 7.41 7.86 11.82 13.43 15.37 16.94 14.51 11.72 7.21 10.02 8.87 12.76 8.67 6.91 6.51 4.76 4.43 3.87 6.36 9.09 8.44 8.55 6.19 6.39 6.02 6.00 6.69 6.34 6.86 6.12 6.32 6.66 5.86 5.69 6.09 7.12 6.85 7.72 8.48 7.93 7.33 6.76 6.48 7.33 7.86 7.53 8.01 7.02 7.82 7.97 7.23 6.38 6.48 7.46 7.24 7.22 6.30 6.00 5.82 6.20 7.42 7.88 7.64 8.55
-9999 -9999 -9999 -9999 -9999 11.91 10.64 9.12 12.66 12.58 12.58 12.42 9.35 8.35 7.51 13.21 11.56 14.00 14.55 14.14 10.59 9.10 6.77 8.24 7.61 14.38 11.79 8.64 5.61 5.75 5.27 8.29 6.22 8.47 8.84 8.19 7.34 6.32 5.64 6.70 6.18 5.66 7.08 6.01 6.09 5.67 5.90 6.43 7.15 6.37 7.30 6.87 7.41 8.45 8.22 7.85 7.46 7.96 7.95 7.53 7.19 8.07 6.96 6.89 6.70 6.32 7.11 7.38 7.44 6.67 6.04 6.09 6.36 7.62 7.84 7.37 8.20 7.29
-9999 -9999 -9999 -9999 13.19 10.46 10.89 9.82 9.10 11.07 10.35 10.93 8.60 6.99 10.95 12.03 12.71 8.89 15.23 10.98 8.21 13.85 10.17 6.26 13.86 11.24 9.72 4.85 4.39 5.22 9.34 6.92 6.64 6.67 6.90 8.62 8.14 7.80 6.13 6.32 5.70 5.68 6.64 6.25 5.93 5.86 6.13 6.86 6.75 8.88 6.83 6.49 7.08 8.02 7.36 7.28 6.79 6.97 7.55 7.29 8.05 7.38 6.73 6.78 7.03 6.44 6.76 6.86 6.32 6.12 6.07 6.19 6.46 7.07 8.02 7.96 8.03 7.54
-9999 -9999 -9999 13.08 12.21 8.57 7.95 8.09 9.27 8.63 9.24 8.32 9.08 14.02 10.71 9.19 13.25 6.90 10.25 10.16 13.82 12.96 13.64 10.85 10.18 8.37 5.24 10.31 9.57 5.63 6.61 6.63 6.48 7.03 6.35 6.51 8.37 8.57 5.85 5.44 5.48 6.15 5.56 5.25 5.88 8.67 6.44 6.32 7.14 8.07 7.25 6.64 7.35 7.98 7.87 8.38 7.65 6.79 6.67 6.63 7.78 7.37 6.66 7.55 7.35 6.59 6.72 6.57 6.31 6.56 6.66 6.68 7.01 7.17 8.00 7.24 7.08 7.43
13.39 10.85 12.68 9.70 9.29 9.86 8.58 8.08 10.54 9.12 9.10 9.26 12.53 11.92 9.86 11.05 10.40 8.19 8.33 12.36 12.86 10.91 11.04 12.83 8.68 4.88 11.02 12.54 9.17 9.17 6.59 7.25 6.40 6.82 9.07 6.71 9.08 6.94 5.67 5.26 5.61 7.60 5.00 5.58 10.21 7.22 6.62 6.70 7.55 8.56 6.95 6.99 7.37 7.02 7.63 7.61 7.01 6.60 7.00 6.56 7.01 7.41 7.38 6.90 6.51 6.19 6.14 6.70 8.27 7.49 8.45 7.72 6.59 7.99 7.73 7.84 7.48 7.25
9.53 8.93 12.08 15.47 13.88 13.12 9.42 10.67 12.66 11.11 10.47 12.98 10.85 10.07 12.82 9.39 6.70 7.96 8.76 11.98 11.76 11.23 10.42 9.24 6.61 8.52 19.25 14.35 9.88 7.06 7.86 7.31 9.12 7.21 7.87 6.76 6.56 6.32 6.17 5.44 5.20 5.43 5.10 9.22 10.02 8.99 7.36 6.87 9.89 8.13 7.17 7.31 6.80 7.59 7.47 7.13 6.29 7.52 7.08 6.37 8.18 7.92 6.72 6.47 6.36 6.15 6.71 7.83 8.29 8.03 8.57 7.74 7.28 8.12 7.89 7.17 7.55 7.40
8.48 8.91 10.47 11.03 10.26 8.66 10.87 9.44 11.65 8.01 9.44 12.34 11.30 9.28 10.37 6.47 6.01 10.61 11.97 10.60 8.95 11.33 7.74 6.22 5.53 11.19 15.00 15.45 7.59 8.40 8.72 9.13 8.09 6.46 8.17 7.38 6.86 6.02 6.23 4.85 4.67 6.05 6.17 9.45 9.38 8.62 7.23 8.08 9.76 8.87 8.12 7.39 7.52 7.30 6.88 6.46 6.49 7.07 7.48 7.05 6.90 6.89 6.60 7.77 8.40 6.60 6.91 7.81 8.12 7.56 8.14 8.03 8.04 8.08 7.20 7.33 7.19 7.27
9.76 8.54 9.32 9.00 9.73 8.96 9.02 10.27 8.58 9.51 7.95 7.70 7.60 6.97 6.26 8.88 7.67 12.22 19.61 9.71 9.85 10.52 15.66 14.98 5.69 5.41 17.27 12.28 9.46 10.07 11.43 8.92 6.54 5.77 8.58 8.80 6.87 5.87 5.44 4.83 4.94 6.56 9.68 10.19 8.73 8.25 7.83 7.55 7.49 8.49 7.55 7.25 6.88 6.42 6.12 6.15 7.29 7.06 6.82 6.92 6.05 6.33 7.40 7.24 7.98 7.17 7.08 7.08 7.31 7.87 8.11 8.12 8.15 8.23 7.07 6.67 7.22 7.17
8.90 8.15 9.21 8.05 8.61 8.62 8.72 7.44 7.29 8.33 7.44 9.21 7.75 9.96 6.23 10.19 12.69 12.84 14.31 15.18 11.98 14.43 16.77 10.68 12.82 10.78 5.55 11.76 11.21 7.19 7.83 6.01 8.05 7.78 11.27 9.91 6.73 5.74 4.90 4.81 6.35 9.87 8.38 10.45 8.69 8.36 9.11 7.64 8.82 7.06 7.23 6.67 6.30 6.11 6.34 6.41 6.56 6.24 6.19 5.96 6.23 7.45 8.43 7.74 6.90 7.53 6.82 7.87 6.96 6.84 7.17 7.51 7.80 7.86 7.52 6.50 7.02 7.05
9.74 8.38 7.82 9.52 10.78 12.63 11.05 9.17 8.06 7.03 7.55 10.99 7.66 8.97 5.83 8.56 9.39 8.58 7.43 10.75 9.84 12.51 12.60 15.24 12.77 13.43 11.88 16.57 9.09 7.45 6.82 8.20 7.57 10.49 9.78 9.91 6.03 5.42 4.72 9.05 10.01 9.64 10.14 8.11 8.76 8.99 8.56 7.19 7.03 7.00 6.60 6.32 6.24 6.15 6.83 6.94 7.24 6.55 5.84 5.92 6.86 8.88 6.97 7.48 7.47 6.87 6.70 6.82 6.34 6.43 7.13 6.81 7.40 7.46 7.22 7.07 7.13 6.63
10.45 9.02 8.32 8.51 10.52 10.80 11.58 10.45 9.34 8.41 7.74 8.25 11.07 6.75 11.64 10.54 10.56 12.00 10.29 7.92 8.21 10.40 9.19 11.57 11.35 9.42 14.82 14.42 7.25 8.16 5.74 6.75 8.90 9.73 8.82 7.81 5.79 5.26 7.26 6.64 8.93 8.74 8.03 8.46 8.17 7.71 7.47 6.44 6.04 6.02 5.98 7.75 6.25 7.13 6.40 6.34 5.86 5.67 5.91 7.07 8.49 7.92 7.40 7.51 7.22 6.80 6.89 7.27 7.55 5.91 6.97 7.93 7.19 6.90 7.30 6.33 6.69 7.70
10.27 9.67 10.16 11.17 12.61 -9999 -9999 -9999 -9999 10.05 9.55 10.51 7.64 6.39 8.22 8.45 8.15 7.70 3.91 14.63 15.50 9.56 8.05 8.39 10.45 11.53 13.67 9.86 7.60 6.29 5.35 10.30 8.77 10.57 7.02 6.53 5.84 5.75 8.39 6.51 8.47 8.34 7.43 7.60 7.36 6.98 6.36 5.94 5.77 5.86 5.96 7.40 6.52 6.94 6.98 6.41 6.11 5.92 7.65 7.48 7.87 7.96 7.92 6.26 6.27 6.11 7.32 7.70 7.14 5.67 6.64 7.52 7.32 6.87 7.67 7.10 6.94 7.47
