ML/MeanWindSpeed_1996-04_Actual.txt
ncols         180
nrows         290
xllcorner     -200000
yllcorner     -200000
cellsize      5000
NODATA_value  -9999
[rows 140 to 174 of 290, columns 78 to 155 of 180]
-9999 -9999 -9999 12.77 -9999 -9999 -9999 11.26 11.64 10.43 10.27 10.73 -9999 -9999 10.87 9.24 11.65 12.58 -9999 -9999 -9999 -9999 -9999 9.53 8.69 6.70 6.96 6.83 7.62 7.45 8.20 8.42 6.23 7.98 10.94 12.87 9.70 11.64 12.39 12.51 9.71 9.91 9.63 7.69 4.77 4.20 4.43 1.85 2.68 5.13 7.03 -9999 -9999 -9999 -9999 -9999 -9999 -9999 -9999 -9999 -9999 -9999 -9999 -9999 -9999 -9999 -9999 -9999 -9999 -9999 -9999 -9999 -9999 -9999 -9999 -9999 -9999 -9999
-9999 -9999 -9999 12.56 12.57 -9999 -9999 -9999 11.34 12.14 11.71 11.77 -9999 -9999 -9999 -9999 11.02 -9999 -9999 -9999 -9999 -9999 -9999 8.49 7.93 7.32 8.06 9.02 9.04 8.15 8.27 7.57 6.75 6.53 9.60 11.88 8.16 13.54 12.88 13.83 10.23 9.92 10.98 7.65 5.20 3.98 2.46 1.51 2.66 4.86 7.01 -9999 -9999 -9999 -9999 -9999 -9999 -9999 -9999 -9999 -9999 -9999 -9999 -9999 -9999 -9999 -9999 -9999 -9999 -9999 -9999 -9999 -9999 -9999 -9999 -9999 -9999 -9999
-9999 -9999 -9999 -9999 13.94 -9999 -9999 -9999 -9999 11.78 12.77 12.33 -9999 -9999 -9999 -9999 -9999 -9999 -9999 -9999 -9999 -9999 9.19 8.43 8.81 9.13 9.30 10.62 10.25 9.28 9.06 8.20 8.03 6.56 7.47 14.03 14.29 13.41 12.87 10.01 8.76 8.76 6.60 4.09 5.73 5.42 2.28 1.99 3.30 5.05 7.35 8.85 -9999 -9999 -9999 -9999 -9999 -9999 -9999 -9999 -9999 -9999 -9999 -9999 -9999 -9999 -9999 -9999 -9999 -9999 -9999 -9999 -9999 -9999 -9999 -9999 -9999 -9999
-9999 -9999 -9999 -9999 15.08 -9999 -9999 -9999 -9999 -9999 -9999 -9999 -9999 -9999 -9999 -9999 -9999 -9999 -9999 -9999 -9999 -9999 9.25 7.93 7.25 7.00 6.36 13.54 10.87 9.52 11.25 8.36 9.53 5.61 5.60 11.31 15.62 11.91 10.29 14.66 16.13 13.81 10.39 8.18 3.54 3.90 3.53 4.59 4.09 5.11 7.74 9.01 9.24 -9999 -9999 -9999 -9999 -9999 -9999 -9999 -9999 -9999 -9999 -9999 -9999 -9999 -9999 -9999 -9999 -9999 -9999 -9999 -9999 -9999 -9999 -9999 -9999 -9999
-9999 -9999 -9999 -9999 -9999 -9999 -9999 -9999 -9999 -9999 -9999 -9999 -9999 -9999 -9999 -9999 -9999 -9999 -9999 -9999 -9999 8.93 8.29 7.30 6.47 10.06 5.34 17.87 16.66 8.66 9.48 8.41 7.60 8.11 5.36 6.27 15.54 15.20 12.99 11.40 10.16 12.11 10.86 8.97 6.32 4.76 4.39 4.17 4.35 5.98 6.71 7.23 8.14 -9999 -9999 -9999 -9999 -9999 -9999 -9999 -9999 -9999 -9999 -9999 -9999 -9999 -9999 -9999 -9999 -9999 -9999 -9999 -9999 -9999 -9999 -9999 -9999 -9999
-9999 -9999 -9999 -9999 -9999 -9999 -9999 -9999 -9999 -9999 -9999 -9999 -9999 -9999 -9999 -9999 -9999 -9999 -9999 -9999 -9999 7.91 8.78 6.46 8.79 16.76 9.21 5.30 10.91 12.10 9.56 9.07 8.17 7.81 7.07 7.55 9.61 18.19 14.83 13.08 10.24 9.53 9.15 6.95 6.33 5.98 6.60 4.99 6.08 5.75 6.28 6.33 6.89 7.65 8.23 8.28 -9999 -9999 -9999 -9999 -9999 -9999 -9999 -9999 -9999 -9999 -9999 -9999 -9999 -9999 -9999 -9999 -9999 -9999 -9999 -9999 -9999 -9999
-9999 -9999 -9999 -9999 -9999 -9999 -9999 -9999 -9999 -9999 -9999 -9999 -9999 -9999 -9999 -9999 -9999 -9999 -9999 -9999 -9999 7.83 7.68 7.69 11.78 7.67 7.98 9.14 13.12 9.76 8.14 12.03 6.52 8.93 7.97 8.76 8.08 11.02 13.20 12.58 11.20 9.93 7.18 7.00 6.18 5.53 5.18 5.52 5.59 6.07 5.73 5.86 6.21 9.41 7.80 8.78 9.41 8.98 -9999 -9999 -9999 -9999 -9999 -9999 -9999 -9999 -9999 -9999 -9999 -9999 -9999 -9999 -9999 -9999 -9999 -9999 -9999 -9999
-9999 -9999 -9999 -9999 -9999 -9999 -9999 -9999 -9999 -9999 -9999 -9999 -9999 -9999 -9999 -9999 -9999 -9999 -9999 -9999 -9999 7.78 7.56 8.88 14.83 16.14 12.04 8.38 9.08 9.96 12.75 7.56 11.22 9.23 8.47 9.87 9.51 7.25 7.78 12.34 11.63 10.21 8.75 7.47 6.74 6.50 6.24 5.71 6.01 5.93 5.56 6.26 6.47 7.31 10.02 9.32 9.21 10.21 9.94 7.95 -9999 -9999 -9999 -9999 -9999 -9999 -9999 -9999 -9999 -9999 -9999 -9999 -9999 -9999 -9999 -9999 -9999 -9999
-9999 -9999 -9999 -9999 -9999 -9999 -9999 -9999 -9999 -9999 -9999 -9999 -9999 -9999 -9999 -9999 -9999 -9999 -9999 -9999 -9999 8.15 7.08 9.81 11.72 7.05 19.62 16.20 7.97 10.38 8.20 12.01 12.88 8.98 7.59 9.21 10.16 7.70 15.21 13.37 12.74 13.05 12.98 11.58 7.71 8.62 7.05 6.54 6.44 6.32 6.31 6.22 5.58 6.13 8.55 7.23 6.68 7.45 8.91 7.18 9.97 -9999 -9999 -9999 -9999 -9999 -9999 -9999 -9999 -9999 -9999 -9999 -9999 -9999 -9999 -9999 -9999 -9999
-9999 -9999 -9999 -9999 -9999 -9999 -9999 -9999 -9999 12.57 13.29 13.84 -9999 -9999 -9999 -9999 -9999 -9999 -9999 -9999 -9999 -9999 8.51 7.50 6.39 8.70 10.46 13.72 6.97 4.25 9.75 8.90 8.37 7.48 9.61 10.24 9.34 10.14 12.56 12.16 15.69 14.11 11.42 10.45 10.77 8.85 7.42 6.93 6.59 6.74 6.25 5.87 10.35 8.86 11.78 11.94 10.46 9.23 6.49 9.63 9.91 8.64 -9999 -9999 -9999 -9999 -9999 -9999 -9999 -9999 -9999 -9999 -9999 -9999 -9999 -9999 -9999 -9999
-9999 -9999 -9999 -9999 -9999 -9999 -9999 -9999 -9999 10.36 11.00 -9999 -9999 -9999 -9999 -9999 -9999 -9999 -9999 -9999 -9999 -9999 -9999 7.79 5.24 9.23 9.18 17.22 8.90 8.96 7.75 5.50 4.99 6.04 6.21 15.05 8.79 9.88 14.60 11.50 8.27 7.36 11.84 7.60 10.47 8.34 7.06 6.54 6.50 6.29 6.91 9.41 10.38 9.09 8.22 7.41 8.47 9.56 8.96 9.30 8.88 10.99 -9999 -9999 -9999 -9999 -9999 -9999 -9999 -9999 -9999 -9999 -9999 -9999 -9999 -9999 -9999 -9999
-9999 -9999 -9999 -9999 -9999 -9999 -9999 -9999 9.82 12.40 11.84 11.42 -9999 -9999 -9999 -9999 -9999 -9999 -9999 -9999 -9999 -9999 -9999 8.61 10.09 10.56 10.36 7.93 9.88 7.79 7.03 5.86 5.21 7.48 6.21 4.98 14.41 9.70 8.49 12.36 10.03 12.88 9.65 9.88 8.13 7.67 7.13 7.00 6.25 6.01 7.42 8.69 7.60 8.16 8.76 8.10 8.50 8.35 8.61 8.76 7.13 10.27 9.15 -9999 -9999 -9999 -9999 -9999 -9999 -9999 -9999 -9999 -9999 -9999 -9999 -9999 -9999 -9999
-9999 -9999 -9999 -9999 -9999 -9999 -9999 9.19 13.20 14.36 17.47 10.94 -9999 -9999 -9999 -9999 -9999 -9999 -9999 -9999 -9999 -9999 -9999 9.75 13.83 10.59 5.95 7.66 7.25 8.06 6.10 5.32 6.45 7.75 5.07 11.79 8.75 11.90 8.61 13.60 7.67 9.10 7.00 9.28 7.53 7.73 7.83 6.51 6.36 5.89 6.07 9.01 9.24 8.59 7.12 7.17 6.69 6.82 7.19 8.78 8.77 8.35 9.38 -9999 -9999 -9999 -9999 -9999 -9999 -9999 -9999 -9999 -9999 -9999 -9999 -9999 -9999 -9999
-9999 -9999 -9999 -9999 -9999 -9999 10.49 9.76 16.47 12.59 11.82 -9999 -9999 -9999 -9999 -9999 -9999 -9999 -9999 -9999 -9999 -9999 -9999 -9999 9.09 6.92 6.44 8.90 6.34 8.52 6.63 6.10 5.94 6.95 5.40 11.84 11.51 12.58 11.98 13.03 12.78 12.68 11.07 10.22 10.19 9.40 7.19 6.76 6.58 6.13 5.88 6.31 10.86 9.45 6.53 5.89 5.90 5.52 5.54 5.54 5.97 5.91 7.09 8.83 9.55 -9999 -9999 -9999 -9999 -9999 -9999 -9999 -9999 -9999 -9999 -9999 -9999 -9999
-9999 -9999 -9999 -9999 -9999 -9999 12.91 14.20 9.58 9.50 10.11 -9999 -9999 -9999 -9999 -9999 -9999 -9999 -9999 -9999 -9999 -9999 -9999 -9999 -9999 7.70 8.46 7.64 6.68 7.89 7.25 7.31 6.73 7.58 5.40 11.60 10.50 9.40 11.95 11.00 10.11 14.61 14.34 10.17 11.67 10.11 9.36 7.31 6.84 6.40 6.02 6.06 6.84 7.27 6.48 6.41 6.19 6.03 5.62 5.44 5.58 5.97 9.23 9.58 9.21 -9999 -9999 -9999 -9999 -9999 -9999 -9999 -9999 -9999 -9999 -9999 -9999 -9999
-9999 -9999 -9999 -9999 -9999 -9999 13.33 11.34 11.50 10.26 -9999 -9999 -9999 -9999 -9999 -9999 -9999 -9999 -9999 -9999 -9999 -9999 -9999 -9999 -9999 8.93 8.88 8.20 -9999 8.07 -9999 7.69 6.57 6.00 5.01 4.87 10.55 9.76 10.13 13.90 6.74 7.71 13.70 11.46 10.59 10.34 9.01 7.75 7.49 7.52 6.89 6.51 6.39 7.24 8.44 7.23 7.74 6.64 5.85 6.90 8.22 7.85 7.24 7.33 9.14 10.91 11.32 -9999 -9999 -9999 -9999 -9999 -9999 -9999 -9999 -9999 -9999 -9999
-9999 -9999 -9999 -9999 -9999 12.88 11.29 10.67 -9999 -9999 -9999 -9999 -9999 -9999 -9999 -9999 -9999 -9999 -9999 -9999 -9999 -9999 -9999 -9999 -9999 9.99 8.86 8.01 -9999 -9999 -9999 7.64 8.25 5.18 6.17 7.16 5.72 5.95 7.79 12.12 12.00 6.47 10.93 12.74 9.69 10.95 9.82 8.77 7.04 7.28 6.98 6.75 6.55 6.68 7.13 7.16 7.57 6.34 7.01 8.24 9.06 9.30 9.01 8.07 7.93 9.01 10.17 -9999 -9999 -9999 -9999 -9999 -9999 -9999 -9999 -9999 -9999 -9999
-9999 -9999 -9999 -9999 -9999 -9999 -9999 -9999 -9999 -9999 -9999 -9999 -9999 -9999 -9999 -9999 -9999 -9999 -9999 -9999 -9999 -9999 -9999 -9999 -9999 -9999 -9999 -9999 -9999 -9999 8.45 6.95 6.82 8.83 9.84 10.07 9.59 7.84 8.08 10.93 10.70 8.61 6.28 9.91 11.46 9.63 8.87 8.23 7.61 7.38 7.53 6.91 6.58 6.53 6.51 6.53 6.16 7.31 10.23 8.49 9.12 8.26 8.29 7.34 7.86 8.69 -9999 -9999 -9999 -9999 -9999 -9999 -9999 -9999 -9999 -9999 -9999 -9999
-9999 -9999 -9999 -9999 -9999 -9999 -9999 -9999 -9999 -9999 -9999 -9999 -9999 -9999 -9999 -9999 -9999 -9999 -9999 -9999 -9999 -9999 -9999 -9999 -9999 -9999 -9999 -9999 -9999 -9999 7.92 6.82 8.36 11.10 13.74 11.97 8.44 9.62 6.48 6.95 6.52 8.48 9.08 9.75 10.20 9.84 8.60 8.29 8.05 7.31 7.46 6.81 6.68 6.69 6.71 6.62 6.22 6.95 11.02 10.04 8.20 7.85 7.63 7.41 7.96 8.98 -9999 -9999 -9999 -9999 -9999 -9999 -9999 -9999 -9999 -9999 -9999 -9999
-9999 -9999 -9999 -9999 -9999 -9999 -9999 -9999 -9999 -9999 -9999 -9999 -9999 -9999 -9999 -9999 -9999 -9999 -9999 -9999 -9999 -9999 -9999 -9999 -9999 -9999 -9999 -9999 -9999 -9999 7.16 6.11 6.48 9.18 10.34 9.61 8.52 8.30 7.26 7.71 6.66 6.61 7.48 5.73 10.12 8.77 9.86 8.55 8.31 7.06 6.80 6.90 6.81 6.83 6.75 6.73 6.61 6.50 8.58 9.52 8.68 8.04 8.03 7.76 8.05 8.67 -9999 -9999 -9999 -9999 -9999 -9999 -9999 -9999 -9999 -9999 -9999 -9999
-9999 -9999 -9999 -9999 -9999 -9999 -9999 -9999 -9999 -9999 -9999 -9999 -9999 -9999 -9999 -9999 -9999 -9999 -9999 -9999 -9999 -9999 -9999 -9999 -9999 -9999 -9999 -9999 9.31 7.95 6.55 5.92 8.42 9.81 12.63 9.01 10.84 6.03 7.42 7.28 8.48 8.97 8.53 10.34 6.51 6.98 7.12 7.16 6.80 7.73 6.80 6.78 7.10 6.79 6.75 6.85 6.71 6.71 6.96 9.01 8.74 8.20 8.11 8.04 7.83 7.92 8.71 -9999 -9999 -9999 -9999 -9999 -9999 -9999 -9999 -9999 -9999 -9999
-9999 -9999 -9999 -9999 -9999 -9999 -9999 -9999 -9999 -9999 -9999 -9999 -9999 -9999 -9999 -9999 -9999 -9999 -9999 -9999 -9999 -9999 -9999 -9999 -9999 -9999 -9999 -9999 8.67 7.20 6.37 5.98 6.32 9.07 6.60 6.86 5.44 7.15 10.59 8.16 9.61 8.88 10.00 6.26 10.15 7.83 9.08 8.71 8.81 7.62 7.21 6.86 6.71 6.70 6.78 6.80 6.84 6.80 6.82 7.61 9.13 8.67 8.19 8.21 7.55 7.12 8.18 -9999 -9999 -9999 -9999 -9999 -9999 -9999 -9999 -9999 -9999 -9999
-9999 -9999 -9999 -9999 -9999 -9999 -9999 -9999 -9999 -9999 -9999 -9999 -9999 -9999 -9999 -9999 -9999 -9999 -9999 -9999 -9999 -9999 -9999 -9999 -9999 -9999 -9999 -9999 8.71 7.09 6.58 6.24 6.31 6.54 6.94 6.41 5.59 7.31 7.98 7.42 9.04 11.25 8.55 7.83 6.36 8.34 6.58 7.36 8.08 8.39 7.46 7.18 6.69 6.66 6.80 6.84 6.88 6.95 7.05 7.47 8.83 9.73 8.63 8.05 7.32 6.63 7.29 8.46 -9999 -9999 -9999 -9999 -9999 -9999 -9999 -9999 -9999 -9999
-9999 -9999 -9999 -9999 -9999 -9999 -9999 -9999 -9999 -9999 -9999 -9999 -9999 -9999 -9999 -9999 -9999 -9999 -9999 -9999 -9999 -9999 -9999 -9999 -9999 -9999 -9999 -9999 8.40 7.19 6.82 6.81 6.51 6.30 6.03 6.92 8.26 5.86 6.03 7.27 11.72 11.40 12.31 10.51 8.21 7.87 8.37 6.94 6.40 7.57 8.05 7.10 6.71 6.75 6.66 6.80 6.94 7.14 7.24 7.43 9.03 10.31 9.12 8.36 7.64 6.65 6.63 7.74 8.83 -9999 -9999 -9999 -9999 -9999 -9999 -9999 -9999 -9999
-9999 -9999 -9999 -9999 -9999 -9999 -9999 -9999 -9999 -9999 -9999 -9999 -9999 -9999 -9999 -9999 -9999 -9999 -9999 -9999 -9999 -9999 -9999 -9999 -9999 -9999 -9999 -9999 8.33 6.93 6.61 6.49 6.26 5.86 6.57 6.35 7.69 8.10 9.92 11.25 11.76 8.78 10.57 9.07 8.86 7.30 8.51 7.84 7.04 6.46 6.40 6.76 6.64 6.73 6.77 6.90 7.00 7.26 7.49 7.69 7.98 9.09 8.90 8.27 7.83 7.34 6.88 6.95 8.21 -9999 -9999 -9999 -9999 -9999 -9999 -9999 -9999 -9999
-9999 -9999 -9999 -9999 -9999 -9999 -9999 -9999 -9999 -9999 -9999 -9999 -9999 -9999 -9999 -9999 -9999 -9999 -9999 -9999 -9999 -9999 -9999 -9999 -9999 -9999 -9999 -9999 -9999 6.94 6.64 6.39 6.00 6.62 8.60 8.61 9.43 8.34 7.89 9.78 9.07 10.29 9.27 7.14 5.72 6.40 6.30 7.69 6.91 6.66 7.23 7.03 6.53 6.80 6.72 6.86 6.90 7.14 7.46 7.75 7.92 7.78 8.14 8.20 8.11 -9999 7.54 7.73 8.45 9.82 -9999 -9999 -9999 -9999 -9999 -9999 -9999 -9999
-9999 -9999 -9999 -9999 -9999 -9999 -9999 -9999 -9999 -9999 -9999 -9999 -9999 -9999 -9999 -9999 -9999 -9999 -9999 -9999 -9999 -9999 -9999 -9999 -9999 -9999 -9999 -9999 8.13 6.89 6.58 6.02 5.83 6.23 10.09 10.52 8.54 11.21 10.48 8.66 8.24 12.14 9.93 10.10 7.43 5.57 7.49 6.18 5.78 6.69 6.87 6.52 6.76 6.52 6.57 6.67 6.87 6.90 7.07 8.63 7.98 7.37 8.67 7.93 7.81 7.72 -9999 8.41 9.01 10.08 10.92 -9999 -9999 -9999 -9999 -9999 -9999 -9999
-9999 -9999 -9999 -9999 -9999 -9999 -9999 -9999 -9999 -9999 -9999 -9999 -9999 -9999 -9999 -9999 -9999 -9999 -9999 -9999 -9999 -9999 -9999 -9999 -9999 -9999 -9999 -9999 7.95 6.76 6.50 6.04 7.65 6.72 7.56 10.37 7.21 7.62 8.00 6.27 6.37 9.99 9.21 9.18 6.07 7.84 8.58 6.27 7.39 6.69 7.29 7.06 6.76 6.40 6.42 6.51 6.58 6.59 6.62 6.86 7.47 6.66 6.93 7.61 7.02 7.60 7.93 -9999 -9999 -9999 -9999 -9999 -9999 -9999 -9999 -9999 -9999 -9999
-9999 -9999 -9999 -9999 -9999 -9999 -9999 -9999 -9999 -9999 -9999 -9999 -9999 -9999 -9999 -9999 -9999 -9999 -9999 -9999 -9999 -9999 -9999 -9999 -9999 -9999 -9999 9.29 7.43 6.64 7.39 6.94 7.08 6.66 7.31 7.30 6.89 6.80 6.44 6.32 6.91 9.34 11.46 11.58 7.27 9.53 8.70 6.28 6.66 5.85 6.60 6.98 6.55 6.25 6.52 6.51 6.47 6.61 6.49 6.62 6.79 6.74 6.55 7.96 7.38 7.27 7.39 8.35 9.35 -9999 -9999 -9999 -9999 -9999 -9999 -9999 -9999 -9999
-9999 -9999 -9999 -9999 -9999 -9999 -9999 -9999 -9999 -9999 -9999 -9999 -9999 -9999 -9999 -9999 -9999 -9999 -9999 -9999 -9999 -9999 -9999 -9999 -9999 -9999 -9999 -9999 7.59 6.67 6.71 7.03 8.75 6.66 6.25 6.14 6.73 7.15 6.72 6.58 6.58 6.48 9.95 11.09 11.93 9.00 9.08 7.95 6.90 7.33 5.49 5.84 6.97 6.31 6.39 6.34 6.34 6.56 6.47 6.50 6.78 6.58 6.26 6.42 8.71 7.58 7.17 7.44 8.15 9.15 10.24 -9999 -9999 -9999 -9999 -9999 -9999 -9999
-9999 -9999 -9999 -9999 -9999 -9999 -9999 -9999 -9999 -9999 -9999 -9999 -9999 -9999 -9999 -9999 -9999 -9999 -9999 -9999 -9999 -9999 -9999 -9999 -9999 -9999 -9999 -9999 7.58 7.03 6.62 6.73 6.89 6.99 6.61 6.10 6.33 6.14 6.04 6.18 6.26 6.90 6.12 10.33 12.72 12.84 10.22 8.61 7.77 6.47 6.90 6.14 7.41 6.50 6.52 6.33 6.34 6.41 6.46 6.73 6.70 6.53 6.23 6.66 8.58 7.98 8.12 7.04 7.12 7.99 9.17 -9999 -9999 -9999 -9999 -9999 -9999 -9999
-9999 -9999 -9999 -9999 -9999 -9999 -9999 -9999 11.56 10.78 11.17 12.26 -9999 -9999 -9999 -9999 -9999 -9999 -9999 -9999 -9999 -9999 -9999 -9999 -9999 -9999 -9999 8.05 7.12 7.53 6.87 7.61 7.07 6.53 6.41 6.42 6.24 6.31 6.23 6.31 6.24 6.21 8.71 10.75 10.66 8.14 11.03 9.89 6.65 6.83 5.24 8.03 8.05 6.74 6.67 6.45 6.38 6.42 6.47 6.63 6.89 6.70 6.22 6.36 6.78 8.56 8.35 8.75 7.07 7.00 8.18 9.55 -9999 -9999 -9999 -9999 -9999 -9999
-9999 -9999 -9999 -9999 -9999 -9999 -9999 -9999 11.00 10.23 9.96 10.43 -9999 -9999 -9999 -9999 -9999 -9999 -9999 -9999 -9999 -9999 -9999 -9999 -9999 -9999 8.08 7.90 7.21 7.46 8.33 7.06 7.05 6.22 6.26 6.52 6.39 6.62 6.79 6.19 5.90 5.94 7.19 12.29 12.01 7.88 9.26 8.73 8.44 5.85 5.29 7.12 7.70 6.98 6.26 6.21 6.35 6.76 6.61 6.53 6.57 6.95 6.45 6.51 6.53 8.25 8.28 8.21 7.26 7.11 7.50 8.92 -9999 -9999 -9999 -9999 -9999 -9999
-9999 -9999 -9999 -9999 -9999 -9999 13.73 10.74 9.24 9.59 9.26 10.26 10.05 11.24 12.04 -9999 -9999 11.71 9.60 -9999 -9999 -9999 7.77 8.92 8.27 -9999 6.46 8.26 7.49 7.03 7.49 6.93 7.21 7.20 7.72 7.28 7.32 6.50 6.98 6.44 6.35 9.57 6.50 7.90 10.38 5.45 6.93 11.79 6.51 8.39 6.40 6.95 7.12 6.72 6.57 6.54 6.48 6.75 6.37 6.50 6.30 7.02 6.41 6.45 6.64 7.11 7.81 8.73 8.33 7.27 7.12 8.31 9.82 -9999 -9999 -9999 -9999 -9999
-9999 -9999 -9999 -9999 -9999 -9999 -9999 11.10 9.63 9.00 8.61 8.99 10.33 12.09 9.98 -9999 9.15 9.98 10.41 8.61 9.19 6.29 5.70 9.74 9.47 8.13 -9999 6.24 7.75 7.62 6.96 6.86 7.51 6.84 6.69 6.68 6.63 6.88 6.70 7.25 6.87 9.78 9.84 8.91 9.24 8.44 9.96 10.02 8.46 6.47 6.09 7.74 7.70 6.44 7.04 6.58 6.92 6.97 6.48 6.47 6.24 7.04 6.53 6.58 6.80 6.71 7.43 8.16 8.94 8.11 7.36 7.84 9.28 -9999 -9999 -9999 -9999 -9999
