ML/MeanWindSpeed_1992-05_Actual.txt
ncols         180
nrows         290
xllcorner     -200000
yllcorner     -200000
cellsize      5000
NODATA_value  -9999
[rows 105 to 139 of 290, columns 78 to 155 of 180]
9.75 12.09 9.96 7.97 9.63 13.76 14.43 13.54 11.74 13.13 16.95 13.02 14.85 10.71 12.61 16.27 13.12 10.72 10.13 10.84 9.62 9.20 9.58 9.55 8.54 9.79 9.76 9.74 11.60 11.07 11.33 11.53 -9999 -9999 -9999 -9999 -9999 -9999 -9999 -9999 -9999 -9999 -9999 -9999 -9999 -9999 -9999 -9999 -9999 -9999 -9999 -9999 -9999 -9999 -9999 -9999 -9999 -9999 -9999 -9999 -9999 -9999 -9999 -9999 -9999 -9999 -9999 -9999 -9999 -9999 -9999 -9999 -9999 -9999 -9999 -9999 -9999 -9999
11.57 10.40 11.73 14.34 13.37 15.95 11.85 15.17 9.12 16.03 10.72 18.16 11.10 13.48 18.52 13.36 11.30 13.05 12.00 9.65 9.23 8.43 8.20 8.91 8.16 8.59 9.99 10.09 10.10 10.32 9.45 10.78 11.73 -9999 -9999 -9999 -9999 -9999 -9999 -9999 -9999 -9999 -9999 -9999 -9999 -9999 -9999 -9999 -9999 -9999 -9999 -9999 -9999 -9999 -9999 -9999 -9999 -9999 -9999 -9999 -9999 -9999 -9999 -9999 -9999 -9999 -9999 -9999 -9999 -9999 -9999 -9999 -9999 -9999 -9999 -9999 -9999 -9999
12.44 8.69 13.45 10.42 8.07 12.61 16.13 15.92 9.26 16.34 14.86 15.14 11.78 14.95 12.70 13.73 15.94 12.54 11.65 10.64 9.66 9.26 10.13 10.38 11.49 11.51 10.34 9.21 8.78 10.66 9.55 11.41 11.67 13.03 -9999 -9999 -9999 -9999 -9999 -9999 -9999 -9999 -9999 -9999 -9999 -9999 -9999 -9999 -9999 -9999 -9999 -9999 -9999 -9999 -9999 -9999 -9999 -9999 -9999 -9999 -9999 -9999 -9999 -9999 -9999 -9999 -9999 -9999 -9999 -9999 -9999 -9999 -9999 -9999 -9999 -9999 -9999 -9999
9.94 12.51 13.06 10.90 8.47 14.18 15.40 18.63 10.72 15.88 13.94 13.64 12.37 12.93 9.61 10.76 11.27 10.31 8.30 9.57 11.21 13.71 13.07 12.38 10.84 10.34 11.57 8.67 9.88 10.92 11.47 11.79 12.14 13.02 13.59 -9999 -9999 -9999 -9999 -9999 -9999 -9999 -9999 -9999 -9999 -9999 -9999 -9999 -9999 -9999 -9999 -9999 -9999 -9999 -9999 -9999 -9999 -9999 -9999 -9999 -9999 -9999 -9999 -9999 -9999 -9999 -9999 -9999 -9999 -9999 -9999 -9999 -9999 -9999 -9999 -9999 -9999 -9999
12.83 15.08 9.99 8.80 12.24 16.92 13.62 9.45 11.50 21.08 12.03 11.65 12.59 12.45 10.75 10.33 8.86 8.22 10.43 14.54 14.00 12.50 11.98 10.44 9.85 10.18 11.38 9.89 10.91 11.02 11.22 12.11 12.50 12.91 -9999 -9999 -9999 -9999 -9999 -9999 -9999 -9999 -9999 -9999 -9999 -9999 -9999 -9999 -9999 -9999 -9999 -9999 -9999 -9999 -9999 -9999 -9999 -9999 -9999 -9999 -9999 -9999 -9999 -9999 -9999 -9999 -9999 -9999 -9999 -9999 -9999 -9999 -9999 -9999 -9999 -9999 -9999 -9999
11.21 11.19 10.96 15.33 10.27 14.83 15.59 15.87 12.34 10.59 17.93 12.10 10.37 9.61 9.30 9.14 8.78 7.90 10.58 9.15 8.73 8.31 9.87 11.56 10.47 10.75 10.36 10.41 12.07 12.51 -9999 -9999 -9999 -9999 -9999 -9999 -9999 -9999 -9999 -9999 -9999 -9999 -9999 -9999 -9999 -9999 -9999 -9999 -9999 -9999 -9999 -9999 -9999 -9999 -9999 -9999 -9999 -9999 -9999 -9999 -9999 -9999 -9999 -9999 -9999 -9999 -9999 -9999 -9999 -9999 -9999 -9999 -9999 -9999 -9999 -9999 -9999 -9999
10.73 9.00 14.15 14.44 16.58 16.98 9.56 15.58 15.69 10.45 13.35 13.60 10.44 10.42 11.16 12.04 12.81 9.34 8.87 9.17 9.50 9.68 10.09 10.87 10.29 10.69 11.77 11.83 -9999 -9999 -9999 -9999 -9999 -9999 -9999 -9999 -9999 -9999 -9999 -9999 -9999 -9999 -9999 -9999 -9999 -9999 -9999 -9999 -9999 -9999 -9999 -9999 -9999 -9999 -9999 -9999 -9999 -9999 -9999 -9999 -9999 -9999 -9999 -9999 -9999 -9999 -9999 -9999 -9999 -9999 -9999 -9999 -9999 -9999 -9999 -9999 -9999 -9999
9.72 14.27 11.20 15.16 17.56 15.04 12.80 16.45 16.38 10.80 10.94 9.82 9.04 9.47 10.33 12.94 13.81 11.17 10.01 9.30 9.20 10.13 9.97 10.49 10.97 12.59 13.85 12.94 -9999 -9999 -9999 -9999 -9999 -9999 -9999 -9999 -9999 -9999 -9999 -9999 -9999 -9999 -9999 -9999 -9999 -9999 -9999 -9999 -9999 -9999 -9999 -9999 -9999 -9999 -9999 -9999 -9999 -9999 -9999 -9999 -9999 -9999 -9999 -9999 -9999 -9999 -9999 -9999 -9999 -9999 -9999 -9999 -9999 -9999 -9999 -9999 -9999 -9999
11.07 14.02 11.52 15.16 15.32 16.23 12.27 12.15 13.03 11.55 11.11 10.92 8.53 15.30 15.50 14.46 14.35 11.27 8.90 8.90 8.88 9.28 9.60 9.90 10.83 10.76 -9999 -9999 -9999 -9999 -9999 12.52 11.50 11.89 12.11 -9999 -9999 -9999 -9999 -9999 -9999 -9999 -9999 -9999 -9999 -9999 -9999 -9999 -9999 -9999 -9999 -9999 -9999 -9999 -9999 -9999 -9999 -9999 -9999 -9999 -9999 -9999 -9999 -9999 -9999 -9999 -9999 -9999 -9999 -9999 -9999 -9999 -9999 -9999 -9999 -9999 -9999 -9999
11.47 15.17 11.55 10.26 18.58 11.68 12.17 12.27 11.04 10.92 11.76 13.90 11.22 11.58 10.78 10.99 10.33 10.22 10.14 10.27 10.03 9.62 10.17 10.68 10.65 10.79 11.64 12.33 -9999 -9999 11.18 10.38 10.01 9.61 10.59 11.73 12.61 -9999 -9999 -9999 -9999 -9999 -9999 -9999 -9999 -9999 -9999 -9999 -9999 -9999 -9999 -9999 -9999 -9999 -9999 -9999 -9999 -9999 -9999 -9999 -9999 -9999 -9999 -9999 -9999 -9999 -9999 -9999 -9999 -9999 -9999 -9999 -9999 -9999 -9999 -9999 -9999 -9999
13.56 11.94 12.56 14.42 15.75 11.31 12.82 14.97 13.66 12.18 10.27 10.37 10.95 10.84 10.95 10.46 9.94 10.13 10.78 10.57 9.76 10.79 11.23 9.89 9.52 10.00 10.40 11.43 10.60 10.78 10.82 9.82 8.71 9.58 11.72 12.09 13.76 11.36 -9999 -9999 -9999 -9999 -9999 -9999 -9999 -9999 -9999 -9999 -9999 -9999 -9999 -9999 -9999 -9999 -9999 -9999 -9999 -9999 -9999 -9999 -9999 -9999 -9999 -9999 -9999 -9999 -9999 -9999 -9999 -9999 -9999 -9999 -9999 -9999 -9999 -9999 -9999 -9999
11.93 14.99 14.01 12.62 12.10 -9999 14.11 15.96 12.54 11.12 10.44 10.52 10.05 10.26 10.85 10.26 9.70 10.95 11.16 11.40 10.76 10.15 10.17 9.54 10.00 10.35 11.25 10.19 9.36 10.91 10.09 9.77 9.32 10.83 12.40 12.38 13.17 11.87 12.92 14.10 12.24 -9999 -9999 -9999 -9999 -9999 -9999 -9999 -9999 -9999 -9999 -9999 -9999 -9999 -9999 -9999 -9999 -9999 -9999 -9999 -9999 -9999 -9999 -9999 -9999 -9999 -9999 -9999 -9999 -9999 -9999 -9999 -9999 -9999 -9999 -9999 -9999 -9999
13.15 -9999 13.46 14.61 12.25 -9999 15.12 17.70 12.97 11.86 10.47 10.68 10.26 10.15 9.53 9.31 9.04 9.74 11.64 11.96 11.95 10.63 10.56 11.23 11.91 13.47 12.22 10.15 9.17 10.24 10.20 10.10 13.57 14.60 12.93 12.90 11.97 11.36 11.33 10.14 11.46 -9999 -9999 -9999 -9999 -9999 -9999 -9999 -9999 -9999 -9999 -9999 -9999 -9999 -9999 -9999 -9999 -9999 -9999 -9999 -9999 -9999 -9999 -9999 -9999 -9999 -9999 -9999 -9999 -9999 -9999 -9999 -9999 -9999 -9999 -9999 -9999 -9999
14.05 -9999 -9999 14.60 12.85 12.26 14.74 15.93 11.13 11.05 12.41 11.29 10.95 10.74 12.53 10.29 8.63 9.07 9.89 11.33 11.84 12.49 11.26 13.10 13.72 12.56 11.87 11.77 11.14 11.48 11.95 12.35 12.14 14.35 13.27 12.76 12.44 9.58 9.31 10.04 11.34 12.46 -9999 -9999 -9999 -9999 -9999 -9999 -9999 -9999 -9999 -9999 -9999 -9999 -9999 -9999 -9999 -9999 -9999 -9999 -9999 -9999 -9999 -9999 -9999 -9999 -9999 -9999 -9999 -9999 -9999 -9999 -9999 -9999 -9999 -9999 -9999 -9999
-9999 -9999 -9999 -9999 13.53 12.21 15.26 13.02 10.22 10.49 11.59 12.74 11.90 11.29 12.13 11.92 10.22 8.51 10.25 12.20 11.44 11.28 11.83 13.61 13.12 11.96 11.99 11.82 14.28 13.90 12.37 11.90 11.21 13.17 12.78 11.91 12.12 9.90 9.14 9.02 9.25 10.36 -9999 -9999 -9999 -9999 -9999 -9999 -9999 -9999 -9999 -9999 -9999 -9999 -9999 -9999 -9999 -9999 -9999 -9999 -9999 -9999 -9999 -9999 -9999 -9999 -9999 -9999 -9999 -9999 -9999 -9999 -9999 -9999 -9999 -9999 -9999 -9999
15.41 16.53 -9999 -9999 -9999 13.30 14.25 12.16 10.44 9.98 10.70 12.08 12.70 13.15 13.39 12.33 11.61 10.42 8.55 11.89 11.46 11.21 11.52 11.37 11.60 13.12 11.61 13.98 16.51 15.46 13.46 13.25 11.21 12.13 11.76 11.62 11.54 9.72 8.83 8.64 8.84 9.97 11.00 -9999 -9999 -9999 -9999 -9999 -9999 -9999 -9999 -9999 -9999 -9999 -9999 -9999 -9999 -9999 -9999 -9999 -9999 -9999 -9999 -9999 -9999 -9999 -9999 -9999 -9999 -9999 -9999 -9999 -9999 -9999 -9999 -9999 -9999 -9999
15.81 17.64 13.44 -9999 -9999 -9999 13.59 12.33 10.23 9.72 10.04 10.56 12.14 12.55 12.23 11.36 11.20 11.06 11.04 10.62 11.09 10.99 12.49 12.23 14.24 11.19 12.35 12.12 12.43 15.53 14.92 12.79 11.83 10.70 10.39 10.40 10.45 9.25 8.85 8.45 8.95 9.41 9.60 10.53 -9999 -9999 -9999 -9999 -9999 -9999 -9999 -9999 -9999 -9999 -9999 -9999 -9999 -9999 -9999 -9999 -9999 -9999 -9999 -9999 -9999 -9999 -9999 -9999 -9999 -9999 -9999 -9999 -9999 -9999 -9999 -9999 -9999 -9999
15.21 16.50 12.65 -9999 -9999 -9999 -9999 -9999 11.19 9.98 9.04 9.14 9.81 10.27 11.28 13.38 13.26 11.86 11.02 10.73 11.85 11.56 12.00 11.51 13.62 11.29 12.38 13.21 12.38 10.28 11.33 10.52 11.25 9.65 10.45 9.87 8.78 8.54 8.58 8.84 8.54 9.95 9.65 9.77 10.42 -9999 -9999 -9999 -9999 -9999 -9999 -9999 -9999 -9999 -9999 -9999 -9999 -9999 -9999 -9999 -9999 -9999 -9999 -9999 -9999 -9999 -9999 -9999 -9999 -9999 -9999 -9999 -9999 -9999 -9999 -9999 -9999 -9999
12.67 18.25 13.86 -9999 -9999 -9999 -9999 -9999 11.84 10.72 10.35 9.32 10.85 12.62 12.16 13.70 14.44 13.51 11.43 12.44 11.71 11.16 12.89 13.38 10.56 17.59 12.43 14.75 12.21 14.00 13.31 9.92 11.33 9.78 9.24 8.65 8.96 9.96 10.58 10.24 10.57 8.61 9.53 10.86 9.79 11.30 12.36 -9999 -9999 -9999 -9999 -9999 -9999 -9999 -9999 -9999 -9999 -9999 -9999 -9999 -9999 -9999 -9999 -9999 -9999 -9999 -9999 -9999 -9999 -9999 -9999 -9999 -9999 -9999 -9999 -9999 -9999 -9999
15.23 17.26 16.44 -9999 -9999 -9999 -9999 -9999 11.95 10.25 9.94 9.53 10.35 11.78 10.57 11.79 12.39 13.64 12.38 12.33 11.66 13.37 16.17 14.13 13.28 18.46 16.20 12.37 12.80 11.44 9.81 10.68 10.98 9.75 10.06 9.86 8.58 9.13 9.63 11.62 14.01 11.08 9.72 10.25 10.32 10.04 11.35 -9999 -9999 -9999 -9999 -9999 -9999 -9999 -9999 -9999 -9999 -9999 -9999 -9999 -9999 -9999 -9999 -9999 -9999 -9999 -9999 -9999 -9999 -9999 -9999 -9999 -9999 -9999 -9999 -9999 -9999 -9999
13.81 15.21 16.06 -9999 -9999 -9999 -9999 -9999 11.37 10.03 9.81 10.07 10.35 10.79 11.47 14.30 15.44 13.18 13.55 11.76 11.91 11.75 13.87 10.69 15.40 14.52 12.80 13.42 13.78 10.02 11.66 10.06 10.76 10.50 8.77 9.65 9.95 10.02 9.92 14.90 15.17 13.41 9.54 10.09 10.54 10.01 11.23 -9999 -9999 -9999 -9999 -9999 -9999 -9999 -9999 -9999 -9999 -9999 -9999 -9999 -9999 -9999 -9999 -9999 -9999 -9999 -9999 -9999 -9999 -9999 -9999 -9999 -9999 -9999 -9999 -9999 -9999 -9999
-9999 -9999 -9999 -9999 -9999 -9999 -9999 13.62 10.96 10.37 9.84 10.45 11.35 10.96 12.28 12.90 14.44 12.46 12.00 14.26 13.20 14.37 14.16 13.29 15.89 15.72 11.52 12.06 12.79 11.78 10.87 11.26 9.51 10.33 10.71 9.09 10.21 10.21 12.93 13.88 16.11 13.71 9.61 9.71 9.50 10.02 11.16 -9999 -9999 -9999 -9999 -9999 -9999 -9999 -9999 -9999 -9999 -9999 -9999 -9999 -9999 -9999 -9999 -9999 -9999 -9999 -9999 -9999 -9999 -9999 -9999 -9999 -9999 -9999 -9999 -9999 -9999 -9999
-9999 -9999 -9999 -9999 -9999 -9999 -9999 14.11 9.49 9.66 11.21 12.44 12.25 11.43 11.87 12.53 10.78 11.18 13.60 14.14 13.46 13.06 10.99 8.86 14.73 11.13 11.00 10.67 11.31 11.04 10.27 9.08 11.24 10.77 10.68 10.17 10.52 12.15 13.53 13.39 14.62 13.59 10.04 8.95 9.37 10.73 10.38 -9999 -9999 -9999 -9999 -9999 -9999 -9999 -9999 -9999 -9999 -9999 -9999 -9999 -9999 -9999 -9999 -9999 -9999 -9999 -9999 -9999 -9999 -9999 -9999 -9999 -9999 -9999 -9999 -9999 -9999 -9999
-9999 -9999 -9999 -9999 -9999 -9999 12.98 11.88 8.69 10.41 11.93 10.87 12.86 14.66 14.04 15.81 14.16 11.78 10.08 10.48 13.29 12.76 11.09 7.59 10.10 13.79 10.61 12.27 10.36 10.50 8.83 9.27 10.63 10.13 10.58 11.81 13.30 14.52 13.96 13.00 12.26 11.48 10.07 11.42 11.93 10.68 10.61 -9999 -9999 -9999 -9999 -9999 -9999 -9999 -9999 -9999 -9999 -9999 -9999 -9999 -9999 -9999 -9999 -9999 -9999 -9999 -9999 -9999 -9999 -9999 -9999 -9999 -9999 -9999 -9999 -9999 -9999 -9999
-9999 -9999 -9999 -9999 -9999 -9999 11.69 9.10 11.70 11.00 13.03 11.41 13.64 13.32 15.50 15.03 14.77 12.95 11.40 9.26 16.03 15.49 10.83 7.04 10.33 12.54 9.82 10.04 11.46 9.03 11.06 12.01 10.60 12.39 12.71 15.38 11.81 11.66 12.60 13.02 13.11 10.96 9.32 10.34 10.34 9.82 10.20 11.65 -9999 -9999 -9999 -9999 -9999 -9999 -9999 -9999 -9999 -9999 -9999 -9999 -9999 -9999 -9999 -9999 -9999 -9999 -9999 -9999 -9999 -9999 -9999 -9999 -9999 -9999 -9999 -9999 -9999 -9999
-9999 -9999 -9999 -9999 -9999 11.24 12.38 12.15 11.61 12.93 13.68 12.53 11.57 14.36 14.06 15.52 14.57 13.77 10.37 7.81 11.00 12.40 11.02 7.41 7.64 9.75 9.58 9.51 9.89 12.50 10.08 9.88 10.58 10.57 14.79 13.12 14.71 13.42 11.01 11.51 12.01 12.37 12.65 10.09 9.55 9.16 9.65 10.90 -9999 -9999 -9999 -9999 -9999 -9999 -9999 -9999 -9999 -9999 -9999 -9999 -9999 -9999 -9999 -9999 -9999 -9999 -9999 -9999 -9999 -9999 -9999 -9999 -9999 -9999 -9999 -9999 -9999 -9999
-9999 -9999 -9999 -9999 -9999 12.44 11.53 10.56 14.04 13.83 12.89 12.74 15.23 11.52 12.40 14.55 13.00 12.65 9.16 7.31 9.64 10.75 11.80 7.11 7.42 8.12 8.63 7.68 11.17 8.33 12.22 11.05 9.72 15.38 11.36 12.68 13.23 12.13 12.54 10.32 10.47 12.36 11.87 10.25 10.36 9.62 9.42 10.82 -9999 -9999 -9999 -9999 -9999 -9999 -9999 -9999 -9999 -9999 -9999 -9999 -9999 -9999 -9999 -9999 -9999 -9999 -9999 -9999 -9999 -9999 -9999 -9999 -9999 -9999 -9999 -9999 -9999 -9999
-9999 -9999 -9999 -9999 13.28 11.08 10.04 12.18 10.95 11.57 17.50 14.52 14.00 11.20 12.23 12.72 11.54 12.37 11.25 9.06 10.52 10.23 8.12 6.67 7.16 8.93 9.00 11.24 9.58 8.63 12.45 9.76 10.52 15.10 12.15 11.32 10.50 11.55 12.23 11.46 11.91 12.10 10.74 10.08 9.62 8.93 9.13 10.54 -9999 -9999 -9999 -9999 -9999 -9999 -9999 -9999 -9999 -9999 -9999 -9999 -9999 -9999 -9999 -9999 -9999 -9999 -9999 -9999 -9999 -9999 -9999 -9999 -9999 -9999 -9999 -9999 -9999 -9999
-9999 -9999 -9999 11.62 11.80 11.84 9.94 10.49 10.79 10.57 13.32 12.94 17.48 10.93 10.22 11.16 11.61 11.57 11.62 9.84 8.53 7.67 9.42 7.06 6.72 8.56 9.22 9.51 9.66 8.74 10.68 8.37 9.77 13.85 13.20 13.33 12.51 11.84 10.71 10.12 11.86 11.31 10.62 10.14 9.71 9.48 8.85 9.90 11.51 -9999 -9999 -9999 -9999 -9999 -9999 -9999 -9999 -9999 -9999 -9999 -9999 -9999 -9999 -9999 -9999 -9999 -9999 -9999 -9999 -9999 -9999 -9999 -9999 -9999 -9999 -9999 -9999 -9999
-9999 -9999 -9999 12.47 14.46 11.66 11.10 10.33 9.52 8.98 16.52 14.82 13.41 12.25 10.13 10.25 11.00 10.56 13.64 9.79 8.34 7.47 7.33 9.27 7.35 9.56 9.45 10.36 9.89 9.61 9.54 10.33 8.90 11.53 12.27 11.61 12.54 11.31 10.27 9.70 10.67 10.19 10.96 10.07 9.00 8.27 8.88 9.68 10.94 -9999 -9999 -9999 -9999 -9999 -9999 -9999 -9999 -9999 -9999 -9999 -9999 -9999 -9999 -9999 -9999 -9999 -9999 -9999 -9999 -9999 -9999 -9999 -9999 -9999 -9999 -9999 -9999 -9999
-9999 12.91 11.74 12.78 11.77 11.12 11.77 10.29 9.88 8.77 13.09 12.97 13.58 12.07 11.55 9.82 11.25 11.59 10.56 10.38 9.98 7.54 7.38 8.44 8.31 8.76 9.65 10.37 9.88 9.43 10.13 9.26 8.88 12.24 11.76 11.29 11.40 12.64 11.28 10.41 8.68 9.34 9.68 9.31 8.86 8.18 8.47 9.02 10.33 -9999 -9999 -9999 -9999 -9999 -9999 -9999 -9999 -9999 -9999 -9999 -9999 -9999 -9999 -9999 -9999 -9999 -9999 -9999 -9999 -9999 -9999 -9999 -9999 -9999 -9999 -9999 -9999 -9999
-9999 13.25 11.57 9.75 11.95 10.67 11.66 10.33 9.46 8.70 9.24 10.78 14.73 12.36 11.56 10.03 9.92 10.07 9.48 9.51 9.87 8.20 8.95 8.43 8.79 8.90 9.30 9.57 9.66 9.35 9.44 9.90 9.28 9.33 10.76 10.98 11.29 11.54 11.09 8.56 9.08 10.94 10.10 8.84 8.78 8.38 8.49 7.91 8.86 10.24 -9999 -9999 -9999 -9999 -9999 -9999 -9999 -9999 -9999 -9999 -9999 -9999 -9999 -9999 -9999 -9999 -9999 -9999 -9999 -9999 -9999 -9999 -9999 -9999 -9999 -9999 -9999 -9999
-9999 13.06 11.45 9.00 11.24 9.62 10.40 9.84 9.39 9.34 8.80 11.87 12.19 11.47 12.76 10.49 10.03 9.89 8.54 9.90 12.70 9.79 -9999 -9999 -9999 9.27 9.32 -9999 9.40 9.49 9.68 9.23 8.71 10.13 11.77 10.59 10.82 11.75 10.90 11.41 10.75 8.91 7.92 7.81 7.94 8.25 6.46 6.75 7.34 9.24 -9999 -9999 -9999 -9999 -9999 -9999 -9999 -9999 -9999 -9999 -9999 -9999 -9999 -9999 -9999 -9999 -9999 -9999 -9999 -9999 -9999 -9999 -9999 -9999 -9999 -9999 -9999 -9999
-9999 12.14 12.97 10.00 10.05 10.42 11.02 10.50 9.71 9.29 9.04 10.34 15.08 12.23 12.50 10.26 10.11 11.36 9.12 10.04 10.90 10.93 -9999 -9999 -9999 9.40 8.98 9.37 9.67 9.38 9.23 8.43 9.32 11.83 12.83 11.03 13.31 11.19 10.85 12.55 10.13 10.33 10.02 9.43 7.31 7.82 8.46 6.92 6.42 8.29 -9999 -9999 -9999 -9999 -9999 -9999 -9999 -9999 -9999 -9999 -9999 -9999 -9999 -9999 -9999 -9999 -9999 -9999 -9999 -9999 -9999 -9999 -9999 -9999 -9999 -9999 -9999 -9999
-9999 -9999 12.66 12.27 10.92 -9999 12.08 11.73 10.45 9.83 9.68 -9999 12.72 11.50 12.03 10.08 10.98 11.84 11.11 11.59 -9999 -9999 -9999 -9999 10.13 8.72 8.49 9.09 9.89 9.96 9.21 8.61 8.53 11.75 15.62 10.70 14.25 11.72 12.98 13.57 11.13 11.75 10.01 8.31 9.01 8.60 7.16 5.28 6.01 8.36 9.10 -9999 -9999 -9999 -9999 -9999 -9999 -9999 -9999 -9999 -9999 -9999 -9999 -9999 -9999 -9999 -9999 -9999 -9999 -9999 -9999 -9999 -9999 -9999 -9999 -9999 -9999 -9999
