ML/MeanWindSpeed_1999-12_Actual.txt
ncols         180
nrows         290
xllcorner     -200000
yllcorner     -200000
cellsize      5000
NODATA_value  -9999
[rows 175 to 209 of 290, columns 77 to 153 of 180]
-9999 -9999 -9999 -9999 -9999 -9999 -9999 -9999 -9999 19.64 18.14 16.59 15.76 15.14 12.46 11.38 18.54 25.11 13.60 15.67 14.66 13.59 11.34 8.12 8.46 11.28 13.45 11.16 8.99 9.50 10.61 9.91 10.14 11.37 10.37 9.72 8.98 8.79 8.50 7.78 7.13 7.04 12.74 14.05 12.46 13.18 10.99 10.64 12.53 12.39 10.13 9.71 11.00 10.37 9.82 10.49 10.15 11.28 10.71 10.51 10.19 10.10 11.52 10.47 10.33 10.48 10.35 10.95 11.62 11.77 12.09 12.50 11.43 13.88 16.85 -9999 -9999
-9999 -9999 -9999 -9999 -9999 -9999 -9999 -9999 -9999 -9999 20.73 17.35 14.78 12.09 10.26 12.93 28.65 21.39 11.93 16.70 10.90 13.74 13.39 9.16 7.11 14.19 11.83 12.17 10.65 9.24 9.43 9.34 8.66 10.00 10.60 10.16 9.55 8.88 8.79 8.02 7.19 8.99 10.90 14.96 12.97 14.22 12.99 8.60 11.46 13.43 10.13 10.06 10.75 9.97 9.85 10.14 10.20 11.46 10.67 10.44 10.56 10.27 11.17 11.04 10.66 10.69 10.64 10.86 11.57 12.87 11.79 11.08 11.12 13.24 16.29 -9999 -9999
-9999 -9999 -9999 -9999 -9999 -9999 -9999 -9999 -9999 -9999 -9999 17.51 13.52 12.25 13.65 25.04 29.25 21.90 16.43 15.03 14.38 15.01 15.19 14.16 9.45 8.93 14.58 11.62 10.69 10.19 9.28 9.08 9.16 9.56 10.20 9.76 9.21 9.24 8.95 8.46 8.51 9.39 12.04 13.40 11.14 11.74 13.42 11.08 8.74 13.17 10.11 9.91 10.52 9.69 9.74 9.78 10.60 11.51 10.88 10.69 10.62 10.07 11.66 11.17 11.02 11.13 11.12 11.48 11.42 11.46 11.03 10.85 11.23 13.71 16.52 -9999 -9999
-9999 -9999 -9999 -9999 -9999 -9999 -9999 -9999 -9999 -9999 -9999 16.31 13.54 15.01 18.05 21.73 26.60 18.29 13.24 14.70 16.24 15.69 16.56 14.55 10.30 7.57 14.60 14.12 11.66 11.00 9.16 8.79 9.25 10.50 10.33 9.97 9.62 8.92 8.44 8.82 10.88 10.59 9.09 14.19 11.41 12.00 13.85 13.44 11.29 10.47 9.51 8.20 9.76 10.48 9.54 9.64 9.86 10.78 10.69 11.17 10.93 10.73 11.48 12.38 12.06 12.04 11.74 11.63 11.35 10.93 10.69 11.24 12.67 14.99 -9999 -9999 -9999
-9999 -9999 -9999 -9999 -9999 -9999 -9999 -9999 -9999 -9999 -9999 14.73 13.97 15.51 16.32 22.49 21.43 16.90 16.34 13.42 14.17 16.40 14.79 16.98 12.85 8.16 13.34 14.89 14.31 11.00 9.68 8.60 9.69 11.15 11.00 10.11 9.40 8.80 9.03 10.46 10.95 9.23 9.06 12.48 12.23 11.86 11.88 11.12 11.15 11.83 8.24 8.97 9.38 9.10 9.58 9.37 10.61 10.13 10.69 11.18 11.26 11.83 14.27 13.60 12.86 12.39 12.10 11.73 11.26 10.80 10.80 12.32 14.45 -9999 -9999 -9999 -9999
-9999 -9999 -9999 -9999 -9999 -9999 -9999 -9999 -9999 -9999 16.60 22.90 15.55 17.17 19.35 15.41 25.36 21.96 19.14 16.65 18.92 15.35 15.54 13.28 10.17 10.80 15.56 14.82 14.36 11.07 9.51 8.62 10.46 11.00 10.59 10.09 9.17 8.97 10.47 10.14 9.74 10.70 11.48 9.71 14.41 13.32 10.48 11.23 10.38 9.45 9.11 8.17 8.29 8.59 9.72 9.36 9.11 11.01 10.65 11.07 11.58 12.42 14.37 13.60 12.95 12.62 12.06 11.63 10.88 10.44 11.62 13.61 -9999 -9999 -9999 -9999 -9999
-9999 -9999 -9999 -9999 -9999 -9999 -9999 -9999 18.35 17.10 20.33 17.90 15.71 16.75 17.72 13.00 14.25 16.39 19.19 17.83 18.95 16.86 15.92 9.23 11.27 11.39 9.81 11.35 11.00 11.45 10.19 9.41 10.66 11.23 11.00 9.98 9.74 10.79 10.17 10.62 9.71 11.25 11.88 11.73 10.83 9.90 11.46 10.99 10.25 9.86 9.54 9.15 7.95 8.95 8.83 8.30 8.94 9.86 10.49 11.07 11.28 12.36 14.15 13.39 12.60 12.40 11.73 11.19 10.46 10.65 12.22 -9999 -9999 -9999 -9999 -9999 16.41
-9999 -9999 -9999 -9999 -9999 -9999 -9999 18.94 18.07 17.71 17.95 17.55 17.38 15.87 12.78 10.67 12.21 14.38 16.85 23.37 14.48 11.25 9.48 6.02 12.96 15.05 15.32 12.71 11.38 11.59 11.13 10.65 11.14 11.84 11.16 10.45 10.21 10.88 11.27 9.73 9.61 11.52 11.74 11.26 10.71 10.73 10.95 9.85 10.21 8.94 8.78 9.30 8.67 8.14 7.72 8.24 9.49 9.67 10.19 10.73 11.18 12.04 14.10 13.45 12.43 11.89 11.32 10.79 10.21 10.42 11.71 -9999 -9999 -9999 -9999 -9999 14.44
-9999 -9999 -9999 -9999 -9999 -9999 19.93 20.17 19.03 18.87 -9999 -9999 -9999 -9999 12.43 17.10 14.47 14.88 17.72 14.57 10.83 12.49 10.71 9.12 19.29 17.54 15.41 16.40 13.19 10.98 11.45 11.57 11.17 11.36 11.15 10.49 10.86 10.36 11.65 10.11 9.84 10.47 11.06 11.25 11.02 9.93 9.96 9.83 9.62 8.95 8.58 8.20 7.97 7.80 8.18 9.05 9.25 9.48 10.56 11.49 11.88 12.19 13.31 13.09 12.68 11.56 11.07 10.50 9.85 9.75 10.76 12.91 -9999 -9999 -9999 -9999 13.06
-9999 -9999 -9999 -9999 -9999 -9999 21.79 22.87 19.63 20.24 -9999 -9999 -9999 -9999 12.60 15.17 16.31 11.30 16.03 14.03 11.77 14.09 15.78 12.83 17.68 11.38 13.08 13.61 12.39 11.06 11.23 11.58 11.40 11.64 12.09 10.86 11.28 10.89 10.91 11.27 10.13 10.38 9.66 10.43 11.34 11.74 11.59 9.83 9.10 8.78 8.55 8.84 8.08 8.26 8.96 9.49 10.45 10.11 12.42 12.85 13.31 12.62 13.12 12.93 12.45 11.35 11.05 10.51 9.79 9.38 9.47 10.84 12.20 -9999 -9999 13.56 12.80
-9999 -9999 -9999 -9999 -9999 -9999 -9999 -9999 -9999 -9999 -9999 -9999 -9999 -9999 14.07 18.13 15.11 10.38 12.42 10.12 15.94 14.77 10.38 14.47 14.49 12.99 13.89 12.22 11.28 10.39 11.62 11.49 11.88 11.61 11.12 10.88 10.64 10.36 10.55 11.00 10.18 9.93 10.13 10.32 10.03 10.96 11.05 8.87 10.05 10.95 9.64 9.51 8.98 8.06 9.28 10.61 11.85 11.85 11.76 12.65 13.68 13.25 13.60 13.04 12.51 11.29 11.08 10.65 10.07 9.49 8.93 9.26 10.25 11.70 12.56 12.40 12.33
-9999 -9999 -9999 -9999 -9999 -9999 -9999 -9999 -9999 -9999 -9999 -9999 -9999 -9999 -9999 18.33 9.09 8.49 12.27 16.07 14.13 15.60 14.90 10.93 12.37 13.90 10.61 10.62 9.92 10.08 10.59 11.26 11.49 11.53 11.15 10.57 10.24 10.47 10.30 10.77 10.23 9.69 11.95 11.28 10.03 9.89 9.70 9.54 9.26 10.26 10.39 9.90 11.09 9.42 9.45 10.52 10.41 11.13 11.74 12.06 13.68 13.77 13.38 12.57 12.47 11.38 11.19 10.80 10.25 9.81 9.54 9.52 9.62 10.47 11.24 11.63 11.58
-9999 -9999 -9999 -9999 -9999 -9999 -9999 -9999 -9999 -9999 -9999 -9999 -9999 -9999 -9999 13.45 17.00 17.51 15.07 12.74 11.48 13.79 11.40 11.38 9.93 9.61 11.93 9.61 9.58 11.61 11.23 11.19 11.11 10.38 10.23 10.68 10.45 11.57 11.43 10.94 10.08 9.38 11.55 12.53 11.11 9.92 9.42 9.59 9.50 9.38 9.62 10.52 13.06 11.72 9.95 9.74 10.32 11.71 13.24 13.67 13.50 14.14 13.50 12.46 11.87 11.43 11.33 10.99 10.71 10.34 10.12 10.10 10.25 10.66 11.16 11.74 11.76
-9999 -9999 -9999 -9999 -9999 -9999 -9999 -9999 -9999 -9999 -9999 -9999 -9999 -9999 16.56 15.18 12.13 20.13 13.57 10.54 12.60 12.23 10.76 13.73 10.33 10.08 12.49 8.86 15.49 12.14 10.29 10.72 12.14 10.34 9.83 12.84 12.66 11.73 10.47 10.75 10.39 9.83 10.75 11.43 11.02 10.14 9.72 9.47 9.49 9.85 9.68 11.08 11.24 10.70 10.11 9.84 10.73 12.10 13.59 13.96 13.17 13.32 12.81 12.19 11.79 11.49 11.36 11.23 11.03 10.75 10.50 10.49 10.64 10.73 11.12 12.02 12.03
-9999 -9999 -9999 -9999 -9999 -9999 -9999 -9999 -9999 -9999 -9999 -9999 -9999 -9999 15.41 15.77 20.57 13.37 8.15 9.59 9.40 11.34 14.39 14.11 11.32 11.06 10.97 8.98 9.96 11.15 12.77 12.62 10.79 10.70 10.54 11.22 12.02 10.62 10.24 10.83 10.53 10.83 11.32 10.95 11.10 10.56 9.96 9.65 9.37 9.43 9.71 10.81 11.34 10.70 9.51 9.92 11.49 13.24 12.98 13.92 13.85 12.95 12.05 12.61 11.73 11.84 11.50 11.40 11.07 10.90 10.75 10.62 10.66 10.78 11.03 12.17 12.03
-9999 -9999 -9999 -9999 -9999 -9999 -9999 -9999 -9999 -9999 -9999 -9999 -9999 -9999 17.23 18.34 10.31 10.99 8.95 10.00 10.36 15.85 14.11 15.55 12.37 11.31 9.24 7.66 8.72 12.48 14.91 16.29 11.18 12.69 11.32 11.77 11.77 9.99 10.01 10.33 10.71 11.04 10.45 10.63 12.01 11.03 9.76 9.57 10.69 9.23 9.87 10.44 10.40 9.82 9.49 10.30 11.29 12.15 12.61 12.67 11.92 11.79 12.20 12.38 11.27 11.20 11.42 11.30 11.12 10.83 10.55 10.55 10.62 10.75 11.00 11.49 11.42
-9999 -9999 -9999 -9999 -9999 -9999 -9999 -9999 -9999 -9999 -9999 -9999 -9999 -9999 -9999 11.89 12.13 13.27 15.06 15.97 13.98 14.69 12.73 9.52 9.12 8.30 9.39 9.56 8.87 10.67 11.85 15.42 12.83 11.40 11.03 12.76 12.40 10.03 10.84 9.79 10.11 12.49 10.66 10.52 10.52 10.56 9.32 9.08 10.87 10.27 9.74 10.39 9.98 9.69 10.10 11.18 11.09 11.30 11.10 11.84 11.10 12.34 12.36 11.32 11.08 11.61 11.42 10.97 10.78 10.52 10.43 10.48 10.54 10.67 10.78 10.93 11.04
-9999 -9999 -9999 -9999 -9999 -9999 -9999 -9999 -9999 -9999 -9999 -9999 -9999 -9999 -9999 12.90 12.78 13.33 15.64 18.68 17.41 13.41 10.26 8.43 9.88 11.98 14.12 16.28 13.02 11.00 12.17 13.50 12.38 10.11 13.54 12.77 12.47 10.84 11.70 10.33 9.89 10.64 12.07 11.63 10.96 10.35 9.44 9.05 10.44 10.25 9.89 9.98 10.36 10.54 10.91 11.57 10.93 10.74 12.06 12.21 12.20 11.99 12.20 11.14 11.47 11.98 10.88 10.57 10.45 10.32 10.40 10.40 10.42 10.53 10.61 10.73 10.66
-9999 -9999 -9999 -9999 -9999 -9999 -9999 -9999 -9999 -9999 -9999 -9999 -9999 -9999 14.95 11.37 11.48 14.08 15.57 14.83 14.25 11.24 11.81 16.45 13.40 13.79 14.01 12.27 11.56 12.58 13.50 11.84 10.49 11.20 13.46 13.37 12.52 10.79 11.96 9.98 9.80 11.50 10.93 11.33 11.45 10.72 10.21 9.68 10.69 10.52 9.67 9.96 9.98 9.88 10.79 10.55 11.74 11.21 12.02 11.34 11.77 11.97 10.98 10.70 11.62 11.49 10.40 10.26 10.53 10.28 10.44 10.44 10.56 10.54 10.46 10.44 10.15
-9999 -9999 -9999 -9999 -9999 -9999 -9999 -9999 -9999 -9999 -9999 -9999 -9999 -9999 16.83 13.16 11.23 11.00 13.38 17.33 16.27 14.07 12.05 12.82 14.55 16.05 16.15 12.27 14.82 16.00 11.97 14.33 9.83 10.71 13.12 15.08 11.47 11.81 10.43 9.37 9.50 10.47 13.47 11.79 11.74 11.15 10.69 10.52 10.74 10.33 9.70 9.86 9.79 9.62 9.60 11.11 11.71 11.74 12.47 11.43 11.01 10.98 10.42 10.75 11.30 11.02 10.47 10.78 10.60 10.93 10.53 10.57 10.84 10.79 10.43 10.18 9.82
-9999 -9999 -9999 -9999 -9999 -9999 -9999 -9999 -9999 -9999 -9999 -9999 -9999 -9999 14.67 12.42 8.41 9.55 12.73 17.35 15.10 14.81 12.04 14.34 13.76 12.41 13.37 14.33 14.52 12.92 11.57 12.30 14.82 11.09 11.36 11.42 11.49 13.00 11.35 9.61 9.66 10.54 11.13 10.95 11.92 11.40 10.93 11.00 10.25 9.53 9.97 10.12 10.16 9.47 10.17 11.71 11.76 10.87 11.17 12.03 10.90 11.03 9.94 10.87 11.14 10.40 10.35 10.60 10.03 10.33 10.31 10.45 10.59 10.42 10.21 10.02 9.73
-9999 -9999 -9999 -9999 -9999 -9999 -9999 -9999 -9999 -9999 -9999 -9999 -9999 14.41 14.50 15.49 11.64 9.06 13.29 14.81 16.77 16.18 10.83 11.45 10.31 12.08 14.21 12.68 12.88 14.97 13.34 12.66 12.12 11.02 10.33 10.55 11.59 11.63 11.15 10.65 9.96 9.86 10.79 11.12 10.47 10.89 10.61 11.17 10.20 9.87 9.90 9.36 9.16 9.50 10.81 10.95 11.10 10.38 11.32 11.40 10.82 9.87 10.68 10.76 10.92 11.11 10.70 10.31 10.17 10.04 10.26 10.42 10.29 10.13 9.84 9.59 9.62
-9999 -9999 -9999 -9999 -9999 -9999 -9999 -9999 -9999 -9999 -9999 -9999 16.27 15.00 14.91 11.90 9.13 11.98 15.34 15.84 13.59 15.34 11.06 12.32 10.44 10.47 17.93 13.52 14.64 12.72 12.90 11.32 10.84 10.99 12.11 11.14 13.22 11.55 11.78 10.21 9.86 9.98 10.47 10.86 10.43 10.55 10.90 10.91 9.35 9.77 9.53 9.54 9.67 10.11 10.86 10.27 11.12 10.58 10.86 9.98 9.74 10.84 11.21 10.75 11.01 10.84 9.92 10.37 10.44 10.50 10.51 10.22 9.94 9.56 9.62 9.53 10.19
-9999 -9999 -9999 -9999 -9999 -9999 -9999 -9999 -9999 -9999 19.35 16.76 14.41 11.81 10.60 10.07 9.71 12.70 13.81 15.06 16.52 14.33 11.47 7.63 10.79 11.04 16.22 13.99 13.43 13.63 12.05 11.42 10.02 11.01 13.05 12.49 12.69 10.53 10.64 10.30 10.24 10.77 10.51 10.94 10.16 10.28 10.48 9.57 9.21 9.40 10.07 9.72 10.60 11.38 10.99 10.53 10.04 9.74 10.53 11.00 10.64 10.89 9.94 10.84 11.02 10.24 9.43 9.55 10.60 10.57 10.65 9.82 9.46 9.11 9.36 10.46 10.93
-9999 -9999 -9999 -9999 -9999 -9999 20.39 18.78 16.66 19.32 18.63 17.95 17.05 13.38 11.40 9.85 14.44 12.16 13.97 13.91 13.32 9.77 8.08 6.06 8.41 9.66 17.90 16.73 14.31 12.03 12.45 11.69 13.13 10.32 12.35 12.78 12.39 11.51 10.47 9.96 10.92 10.27 9.76 11.17 10.06 9.84 9.26 9.42 9.77 10.19 9.31 10.18 9.83 10.33 11.35 11.15 10.77 10.43 11.01 11.00 10.60 10.22 11.01 10.04 9.91 9.64 9.28 10.13 10.55 10.69 9.98 9.30 9.23 9.41 10.65 10.98 10.71
-9999 -9999 -9999 -9999 -9999 20.81 17.74 17.72 16.36 15.34 16.88 16.02 15.68 12.44 10.08 12.96 13.20 13.02 9.07 14.20 9.58 6.77 11.98 8.88 6.38 15.49 14.84 13.92 9.81 10.01 11.06 14.48 11.34 10.69 10.71 10.81 12.58 12.20 11.86 10.42 10.59 9.86 9.73 10.67 9.97 9.28 9.19 9.47 9.97 9.70 11.68 9.77 9.54 10.09 10.93 10.30 10.21 9.79 10.04 10.50 10.30 11.05 10.35 9.72 9.79 9.96 9.43 9.83 9.97 9.42 9.17 9.00 9.09 9.43 10.20 11.37 11.55
-9999 -9999 -9999 -9999 19.71 18.82 15.16 14.40 14.46 15.37 14.74 14.86 13.13 13.09 16.80 12.99 11.06 13.69 6.73 8.81 8.17 11.45 10.99 12.37 11.01 11.91 11.01 8.42 14.01 14.13 10.77 11.47 10.90 10.48 11.09 10.29 10.59 12.53 12.70 10.08 9.61 9.71 10.13 9.33 8.51 8.83 11.62 9.52 9.23 9.97 10.89 10.14 9.62 10.24 10.78 10.73 11.25 10.56 9.75 9.56 9.54 10.58 10.08 9.47 10.37 10.17 9.52 9.61 9.41 9.05 9.21 9.26 9.32 9.80 10.29 11.52 11.14
18.49 19.74 17.13 18.67 15.68 15.34 15.98 14.83 14.32 16.53 14.98 14.46 14.07 16.63 15.28 12.73 13.21 11.17 7.45 6.67 10.26 10.79 9.42 10.48 13.02 9.63 6.63 12.95 15.38 13.12 13.51 11.04 11.30 10.34 10.91 12.81 10.78 13.29 11.30 9.87 9.35 9.65 10.97 8.03 8.41 12.81 10.24 9.57 9.53 10.30 11.37 9.87 9.84 10.22 9.92 10.49 10.44 9.79 9.38 9.63 9.22 9.70 10.05 10.00 9.56 9.15 8.86 8.73 9.18 10.55 9.80 10.70 10.02 9.18 10.95 11.38 11.92
17.06 14.94 14.08 17.17 20.51 19.36 18.76 15.18 16.40 18.21 16.56 15.78 17.77 15.60 14.39 16.01 11.44 7.25 6.85 6.96 9.98 10.08 9.80 9.56 8.94 6.89 9.68 20.69 17.12 13.64 11.06 11.73 11.25 12.80 11.21 11.74 10.75 10.90 10.77 10.38 9.45 9.03 8.56 7.62 11.61 12.69 11.84 10.22 9.73 12.56 11.03 10.00 10.10 9.68 10.46 10.32 9.87 8.91 9.95 9.40 8.74 10.60 10.38 9.18 9.01 8.86 8.58 9.08 10.13 10.50 10.21 10.65 9.79 9.47 10.82 11.71 11.61
16.53 13.72 14.11 15.77 16.59 16.08 14.67 16.70 15.50 17.55 13.95 15.14 17.59 16.42 13.93 13.80 8.50 6.32 9.50 10.48 9.26 7.85 10.23 7.24 6.08 5.66 12.07 17.36 18.80 11.54 12.16 12.56 12.97 11.88 10.36 11.89 11.21 11.14 10.43 10.34 8.51 7.79 8.76 8.72 12.02 12.33 11.66 10.14 10.88 12.47 11.61 10.83 10.14 10.33 10.14 9.59 9.03 8.85 9.32 9.69 9.27 9.16 9.08 8.76 10.01 10.65 9.00 9.33 10.24 10.52 9.89 10.22 9.92 9.84 10.30 11.29 11.99
15.64 15.27 14.24 15.24 15.06 15.68 15.00 15.14 16.50 15.14 15.76 14.17 13.76 13.14 11.69 9.84 10.57 8.11 11.89 18.38 8.84 8.80 9.89 15.31 14.89 6.49 7.18 19.58 15.72 13.28 13.87 15.15 12.90 10.36 9.42 12.16 12.66 11.16 10.13 9.32 8.01 7.49 9.00 12.09 12.96 12.04 11.62 11.03 10.67 10.40 11.21 10.26 10.01 9.70 9.20 8.71 8.50 9.35 9.11 8.92 8.90 8.02 8.36 9.43 9.46 10.29 9.61 9.61 9.68 9.86 10.23 10.19 9.92 9.86 10.14 11.03 11.39
17.97 14.80 13.99 15.14 14.13 14.72 14.97 15.13 14.14 14.08 14.84 13.74 15.02 13.22 14.45 9.78 12.03 13.67 13.46 14.44 14.73 11.51 13.98 16.71 11.52 14.00 12.96 8.76 14.89 14.91 11.28 11.86 9.94 11.34 11.11 14.81 13.93 11.07 9.82 8.38 7.64 8.82 12.30 11.23 13.41 12.01 11.77 12.44 10.89 11.48 9.72 9.87 9.38 8.99 8.71 8.81 8.65 8.56 8.11 7.87 7.46 7.83 9.35 10.53 10.10 9.45 10.12 9.51 10.46 9.55 9.34 9.35 9.38 9.59 9.97 10.98 10.95
17.75 15.71 14.15 13.56 15.09 16.60 19.05 17.90 16.06 14.80 13.60 13.72 16.65 13.31 13.86 10.17 12.15 12.37 11.15 9.61 11.86 10.65 13.38 13.77 16.13 13.98 15.42 14.72 19.51 13.06 11.63 10.84 11.64 10.81 13.88 13.92 14.31 10.32 9.10 7.74 11.46 12.36 12.36 13.12 11.35 11.98 12.26 11.68 9.43 9.09 9.25 9.03 8.84 8.80 8.63 9.12 8.96 8.82 7.72 6.73 6.91 8.32 10.79 9.39 10.03 10.12 9.59 9.39 9.50 9.09 9.07 9.38 8.91 9.50 9.90 10.39 10.92
17.87 16.41 14.80 14.12 14.51 16.99 18.03 19.22 18.06 16.67 15.19 14.14 14.55 16.73 12.07 16.08 14.78 14.39 15.14 12.81 9.89 10.06 12.25 11.37 13.70 13.27 11.87 17.37 17.51 11.37 11.96 9.38 10.22 12.39 13.70 13.57 12.50 9.89 8.55 9.88 9.42 11.77 11.86 11.29 11.64 11.27 10.62 9.68 8.24 7.86 8.02 8.24 10.07 8.88 9.68 8.86 8.31 6.93 6.00 6.03 7.52 9.88 10.26 10.08 10.27 9.91 9.38 9.48 9.96 10.24 8.61 9.41 10.21 9.57 9.58 10.36 9.81
17.94 16.65 15.77 16.44 17.92 19.95 -9999 -9999 -9999 -9999 17.63 16.51 16.91 13.81 12.12 13.35 13.22 12.24 10.74 6.50 16.34 17.11 11.81 10.59 11.28 13.19 14.47 16.93 13.71 11.63 9.99 8.89 13.74 12.94 15.15 11.88 10.95 9.70 9.01 11.12 9.70 11.82 11.76 10.83 10.86 10.36 9.59 8.48 7.78 7.57 7.78 8.17 9.80 9.23 9.68 9.49 8.26 6.78 5.77 7.32 7.57 9.47 10.60 10.75 9.16 8.94 8.73 9.95 10.42 9.91 8.48 9.31 10.03 9.85 9.57 10.53 10.22
