ML/MeanWindSpeed_1995-10_Actual.txt
ncols         180
nrows         290
xllcorner     -200000
yllcorner     -200000
cellsize      5000
NODATA_value  -9999
[rows 204 to 237 of 290, columns 78 to 155 of 180]
12.12 12.71 14.47 14.89 13.58 11.24 14.13 12.14 14.85 9.91 11.66 15.22 13.32 10.17 11.35 5.46 4.29 9.77 10.88 8.56 6.14 9.43 4.98 3.97 4.44 12.49 17.30 17.97 8.10 9.73 10.33 10.92 9.64 7.40 9.42 8.43 7.83 6.77 7.14 5.39 4.97 6.54 6.54 10.49 9.91 8.87 7.15 8.31 10.39 9.21 8.42 7.65 7.91 7.71 7.20 6.73 6.86 7.62 8.13 7.55 7.23 7.09 6.62 8.17 9.08 6.79 7.24 8.48 8.91 8.22 9.04 8.96 8.94 8.82 7.24 7.31 7.08 7.17
13.59 11.88 12.57 11.76 12.43 11.12 11.04 12.67 10.18 11.34 9.13 8.60 8.25 7.38 6.37 9.58 7.64 13.06 22.21 8.67 8.87 9.61 16.54 16.07 4.23 3.97 19.58 13.55 10.73 11.98 13.97 10.58 7.44 6.42 9.96 10.38 7.96 6.60 5.94 5.11 5.10 6.97 10.87 11.05 8.71 8.12 7.71 7.27 7.09 8.49 7.46 7.29 6.94 6.46 6.19 6.35 7.95 7.61 7.21 7.33 6.06 6.36 7.80 7.61 8.59 7.53 7.42 7.42 7.76 8.62 8.99 9.07 9.04 9.05 7.10 6.43 7.12 7.03
12.32 11.37 12.55 10.64 11.00 10.63 10.53 8.64 8.38 9.80 8.61 10.79 8.75 11.86 6.81 11.81 14.78 14.31 15.71 16.86 12.66 15.87 19.08 11.01 13.93 11.02 3.71 12.61 12.91 8.08 9.05 6.53 9.48 9.18 13.62 11.83 7.72 6.43 5.29 5.01 6.82 11.15 8.74 11.22 8.70 8.29 9.37 7.31 8.68 6.36 6.80 6.33 6.12 6.07 6.58 6.76 6.96 6.50 6.30 5.97 6.32 7.92 9.20 8.21 7.04 7.94 6.95 8.35 7.24 7.21 7.69 8.17 8.52 8.50 7.75 6.23 6.86 6.82
13.42 11.75 10.96 13.02 14.21 15.97 13.40 10.82 9.46 8.22 9.03 13.50 9.03 10.90 6.37 9.47 10.08 8.39 6.31 10.66 9.43 13.21 13.63 17.48 14.44 15.15 12.70 19.21 10.00 8.22 7.56 9.45 8.71 12.69 11.55 11.65 6.64 5.94 5.05 10.66 11.59 10.65 10.93 8.02 8.82 9.13 8.54 6.45 6.06 6.10 5.80 5.81 6.09 6.28 7.33 7.50 7.83 6.87 5.83 5.91 7.21 9.84 7.15 7.80 7.77 6.96 6.70 6.89 6.36 6.63 7.56 7.14 7.90 7.83 7.29 6.94 6.89 6.07
14.31 12.59 11.63 11.59 13.57 13.09 13.58 12.08 10.79 9.89 9.23 9.88 13.69 7.90 14.15 12.18 11.77 13.19 10.48 6.95 7.21 10.40 9.03 12.59 12.77 10.23 17.08 16.77 7.65 9.24 6.11 7.46 10.42 11.52 9.98 8.62 6.19 5.51 8.16 7.14 9.82 9.24 8.10 8.53 7.99 7.24 6.67 5.14 4.62 4.73 5.01 7.88 6.26 7.72 6.79 6.66 5.96 5.75 6.09 7.56 9.35 8.47 7.70 7.85 7.45 6.86 6.94 7.51 8.04 5.95 7.31 8.58 7.49 6.94 7.28 5.85 6.11 7.19
13.86 13.27 13.79 14.58 15.69 -9999 -9999 -9999 -9999 11.47 11.04 12.46 8.68 7.02 9.44 9.53 9.05 8.33 2.95 16.86 17.72 9.87 7.99 8.45 11.33 12.80 15.47 10.78 8.36 6.91 5.69 12.27 10.02 12.20 7.35 6.90 6.24 6.02 9.38 6.56 8.87 8.53 7.21 7.34 6.86 6.14 5.08 4.42 4.25 4.60 5.10 7.53 6.77 7.57 7.63 6.74 6.32 6.13 8.41 8.08 8.44 8.46 8.39 6.21 6.17 5.92 7.52 8.07 7.49 5.60 6.81 7.94 7.57 6.80 7.68 6.73 6.22 6.45
16.93 17.37 14.80 17.24 16.04 -9999 -9999 -9999 -9999 -9999 -9999 -9999 7.59 7.78 9.23 7.43 7.92 8.80 11.92 14.96 18.61 17.25 13.90 11.03 10.43 8.55 12.76 12.87 7.29 5.68 11.71 11.54 12.82 7.69 6.71 6.81 6.36 8.08 8.89 8.04 8.10 7.48 6.89 6.51 6.07 5.53 5.26 4.87 5.82 5.19 5.61 6.21 6.74 7.18 6.84 7.62 9.03 8.36 6.87 8.82 8.62 7.86 7.51 6.20 5.64 6.68 7.42 6.78 5.78 5.48 7.18 5.58 6.10 7.58 6.56 6.45 6.23 4.75
-9999 16.92 -9999 -9999 -9999 -9999 -9999 -9999 -9999 -9999 13.87 11.74 11.18 13.00 11.72 9.68 8.28 9.15 9.76 13.38 15.55 14.70 8.57 8.00 13.62 11.37 10.82 7.76 6.30 6.06 10.17 9.95 9.49 7.31 7.02 7.15 5.30 9.87 9.93 7.67 7.58 6.86 6.66 6.45 6.00 6.64 5.74 5.83 4.95 5.09 5.53 6.32 6.68 7.41 6.58 8.67 10.77 8.09 8.46 5.67 7.71 7.07 6.22 7.11 6.46 6.70 7.61 6.49 5.39 5.45 5.34 6.25 7.14 6.08 6.84 6.37 5.00 4.28
-9999 -9999 -9999 -9999 -9999 -9999 -9999 -9999 -9999 -9999 15.69 14.90 11.89 13.76 14.34 -9999 -9999 9.07 13.71 6.87 9.47 8.93 9.10 10.31 12.59 8.20 7.12 7.78 7.61 8.69 9.14 9.01 8.18 7.64 8.61 6.45 6.88 9.72 7.63 6.82 6.29 6.45 7.25 6.97 6.19 6.25 5.40 5.51 6.44 7.34 7.07 8.27 6.83 6.46 7.81 11.29 8.16 7.87 6.91 4.70 7.09 6.50 5.93 5.66 5.66 5.62 5.72 7.89 5.97 5.58 5.35 5.37 5.56 5.19 4.68 6.70 5.42 5.77
-9999 -9999 -9999 -9999 -9999 -9999 -9999 -9999 -9999 -9999 -9999 -9999 -9999 -9999 -9999 -9999 -9999 11.08 9.62 9.50 7.94 6.42 6.36 7.07 8.65 8.16 8.32 9.19 10.21 10.95 10.49 -9999 8.34 7.65 7.12 6.30 7.00 9.23 7.52 7.39 6.40 5.36 5.35 6.78 5.80 6.15 7.97 8.23 7.86 9.23 10.65 8.75 8.37 8.08 8.25 9.85 7.61 7.30 6.93 5.78 5.59 5.58 6.33 6.25 5.59 5.30 5.66 5.83 5.59 5.39 5.18 5.13 5.14 5.37 5.45 5.87 5.65 5.94
-9999 -9999 -9999 -9999 -9999 -9999 -9999 -9999 -9999 -9999 -9999 -9999 -9999 -9999 -9999 -9999 -9999 -9999 11.01 9.28 7.77 7.96 8.65 6.64 6.75 7.83 9.82 -9999 -9999 -9999 -9999 9.77 8.08 7.48 6.47 6.11 7.04 9.24 7.65 7.80 6.56 4.98 6.30 5.92 8.18 7.61 10.47 8.39 8.67 8.20 8.90 8.76 7.83 9.11 6.40 7.15 7.63 5.57 5.82 5.25 5.06 5.20 5.44 5.83 5.87 4.87 4.75 4.68 4.85 4.72 6.59 6.93 5.15 5.15 5.39 5.64 5.96 7.02
-9999 -9999 -9999 -9999 -9999 -9999 -9999 -9999 -9999 -9999 -9999 -9999 -9999 -9999 -9999 -9999 -9999 -9999 -9999 10.88 12.48 10.80 8.84 8.61 8.82 10.47 -9999 -9999 -9999 -9999 10.76 10.37 10.02 5.56 5.14 5.41 8.82 9.60 8.64 7.43 5.60 5.54 5.35 7.74 10.02 8.64 8.84 7.88 8.16 7.88 6.47 7.35 7.47 6.92 6.76 6.64 6.35 5.50 5.56 6.29 6.66 6.89 5.43 5.57 5.48 4.80 5.40 5.11 5.52 4.78 5.90 5.69 5.49 6.87 5.54 6.61 6.79 7.58
-9999 -9999 -9999 -9999 -9999 -9999 -9999 -9999 -9999 -9999 -9999 -9999 -9999 -9999 -9999 -9999 -9999 -9999 -9999 -9999 12.25 12.48 10.74 9.99 9.69 12.72 -9999 -9999 -9999 9.84 7.25 6.48 9.01 8.27 7.07 5.30 7.33 6.11 8.51 7.25 4.83 6.72 8.27 8.34 7.85 9.10 7.87 7.26 6.90 6.08 5.96 5.90 6.29 7.13 6.64 5.82 5.75 5.81 5.80 6.85 6.40 6.56 6.09 5.30 5.28 4.65 4.50 4.42 5.05 5.06 5.37 5.12 6.40 6.84 7.30 6.90 5.37 7.87
-9999 -9999 -9999 -9999 -9999 -9999 -9999 -9999 -9999 -9999 -9999 -9999 -9999 -9999 -9999 -9999 -9999 -9999 -9999 -9999 -9999 -9999 -9999 -9999 -9999 -9999 -9999 -9999 13.14 8.17 5.89 5.58 8.40 5.96 6.99 8.02 7.66 7.47 7.68 5.38 4.91 5.47 7.04 6.93 7.45 7.65 8.00 7.61 7.33 9.57 7.16 7.34 6.44 7.22 7.19 5.96 5.96 5.36 5.97 6.99 6.02 5.28 5.21 5.17 4.86 5.40 4.74 5.51 5.08 6.66 7.35 6.60 4.89 8.59 9.66 7.42 5.44 9.39
-9999 -9999 -9999 -9999 -9999 -9999 -9999 -9999 -9999 -9999 -9999 -9999 -9999 -9999 -9999 -9999 -9999 -9999 -9999 -9999 -9999 -9999 -9999 -9999 -9999 -9999 -9999 -9999 9.68 8.47 6.49 13.96 11.17 6.06 7.06 8.00 8.39 8.74 6.14 5.48 5.29 5.16 6.90 6.59 6.39 9.03 8.74 10.41 8.26 8.61 10.44 7.97 7.18 6.98 6.16 5.91 5.57 5.41 5.98 5.88 6.08 5.31 4.72 4.59 4.29 4.84 7.51 6.59 7.69 8.21 9.54 7.18 5.26 6.94 7.36 5.52 4.67 5.73
-9999 -9999 -9999 -9999 -9999 -9999 -9999 -9999 -9999 -9999 -9999 -9999 -9999 -9999 -9999 -9999 -9999 -9999 -9999 -9999 -9999 -9999 -9999 -9999 -9999 -9999 -9999 -9999 9.04 5.91 4.31 7.58 12.84 11.08 9.66 8.01 9.70 6.98 6.35 5.57 8.12 8.21 9.06 8.28 7.16 7.47 7.30 7.87 8.53 8.58 7.36 7.27 7.25 7.19 6.30 5.90 5.87 5.83 6.52 6.08 5.70 4.75 4.70 5.84 6.92 5.77 7.13 6.57 6.42 6.53 7.71 10.20 9.50 6.07 5.78 6.47 6.80 6.46
-9999 -9999 -9999 -9999 -9999 -9999 -9999 -9999 -9999 -9999 -9999 13.98 14.54 11.25 18.53 17.51 17.36 17.51 20.51 9.07 17.46 10.37 -9999 -9999 -9999 -9999 -9999 -9999 8.18 6.38 5.69 4.10 5.80 9.16 11.43 10.33 8.26 6.92 6.80 7.86 9.63 8.36 7.07 6.97 6.24 6.72 7.26 6.67 6.10 5.88 6.65 5.92 7.06 7.88 9.05 7.40 6.57 7.26 7.07 6.02 6.87 5.18 4.51 6.36 7.63 5.58 4.72 5.22 5.24 5.00 4.75 5.21 5.08 4.30 4.17 4.20 4.33 4.17
-9999 -9999 -9999 -9999 -9999 -9999 -9999 -9999 -9999 -9999 -9999 17.05 15.84 15.45 11.92 15.37 18.31 17.14 17.94 18.29 13.50 10.84 8.35 9.84 13.79 10.74 9.37 7.76 7.16 6.18 5.53 4.74 3.89 4.80 8.91 9.12 7.69 6.38 10.76 8.27 6.58 7.32 7.88 6.44 6.05 7.70 7.24 7.33 6.74 6.61 5.01 5.51 6.55 6.91 7.05 8.16 8.60 6.31 5.81 5.17 4.75 6.02 4.54 10.08 7.22 6.40 5.43 4.74 5.00 4.77 6.16 6.21 4.20 6.51 5.74 6.61 4.60 4.82
-9999 -9999 -9999 -9999 -9999 -9999 -9999 -9999 -9999 -9999 14.19 12.31 11.28 10.11 8.40 12.26 16.88 16.31 14.84 15.03 14.96 12.62 9.74 8.63 10.24 12.19 7.99 7.01 6.10 6.19 7.46 5.28 4.96 6.94 7.00 6.72 7.20 10.76 7.90 9.75 8.56 7.26 5.86 6.63 6.47 7.84 7.92 7.07 7.67 5.95 6.36 6.09 6.06 6.07 8.19 9.28 6.20 5.20 5.55 8.86 6.22 5.28 5.42 5.15 5.58 5.92 5.37 5.13 6.04 7.55 6.23 4.73 4.62 7.16 6.28 6.07 6.60 6.25
-9999 -9999 -9999 -9999 -9999 -9999 -9999 -9999 -9999 -9999 -9999 10.69 8.48 7.20 9.69 9.39 10.88 15.67 13.69 10.94 9.41 12.95 15.41 11.64 7.92 8.29 11.25 8.16 5.50 5.50 5.37 6.38 6.47 5.21 5.29 5.98 7.17 8.87 6.88 9.19 7.46 7.26 6.96 7.39 6.59 7.90 8.20 7.85 5.71 5.70 6.69 5.38 4.66 4.50 6.18 7.99 7.69 5.23 5.80 7.45 7.00 5.68 4.32 4.11 3.81 4.41 7.07 6.65 6.23 7.15 8.69 7.41 6.53 7.40 7.33 5.91 7.21 5.57
-9999 -9999 -9999 -9999 -9999 -9999 -9999 15.30 -9999 -9999 12.54 10.32 11.10 6.18 8.79 6.71 6.90 8.14 9.31 10.83 8.57 11.29 12.97 8.97 6.72 4.76 5.22 5.34 4.84 5.01 5.51 6.75 5.31 5.01 5.79 8.44 6.38 7.70 6.05 7.38 6.69 8.10 9.24 8.07 6.53 5.92 6.03 5.70 5.31 7.48 6.02 4.92 7.74 5.38 5.42 8.17 9.83 4.73 5.27 5.77 5.42 4.73 4.25 4.07 4.74 5.72 6.41 5.08 4.47 4.58 5.63 5.87 5.89 6.85 5.80 5.69 5.58 4.74
-9999 -9999 -9999 -9999 -9999 -9999 13.97 15.94 15.75 14.88 10.59 9.08 11.45 7.39 5.42 6.48 5.91 8.79 10.06 11.52 9.13 8.27 8.63 6.60 4.77 3.82 4.33 5.55 6.05 4.83 4.84 5.19 4.76 4.91 7.44 7.55 6.06 7.08 7.60 9.53 8.17 8.21 10.10 7.95 7.50 5.58 6.42 5.89 6.43 5.46 5.12 4.33 6.21 6.27 4.93 6.41 5.72 4.71 4.38 3.94 5.13 5.15 4.87 4.25 3.80 3.83 3.73 4.25 4.65 4.44 3.56 4.56 5.35 6.68 7.28 6.60 4.78 6.15
-9999 -9999 -9999 -9999 -9999 -9999 13.13 13.42 11.89 12.35 10.52 8.93 6.83 9.45 9.14 7.53 9.76 10.03 9.83 11.99 10.08 9.37 8.60 4.91 6.56 9.44 8.28 6.62 5.45 4.50 5.37 6.16 6.67 5.84 7.66 6.60 7.49 6.18 5.16 7.56 9.52 7.69 7.68 7.32 6.43 6.36 7.22 5.97 5.05 6.08 6.35 4.37 5.09 5.28 5.09 6.34 6.98 7.10 9.34 5.15 5.26 4.15 3.80 4.08 4.28 3.73 3.49 4.03 5.07 4.56 4.03 3.74 5.13 5.42 5.72 6.02 6.42 4.68
-9999 -9999 -9999 -9999 -9999 -9999 13.47 11.67 10.82 11.24 10.03 9.66 7.36 7.94 8.06 6.15 8.44 9.17 10.44 11.13 10.41 6.23 4.08 3.49 7.36 7.54 8.28 9.31 6.03 5.65 6.02 5.20 6.74 5.75 7.21 6.51 6.68 6.31 5.27 7.77 6.98 7.09 6.85 6.52 6.35 6.44 7.27 7.18 5.33 4.89 5.25 6.54 4.64 5.10 4.70 5.30 5.54 5.92 7.29 6.42 7.63 8.88 3.51 8.86 6.52 3.81 4.29 9.33 9.20 8.46 3.88 3.79 4.14 4.00 4.97 4.55 6.47 7.95
-9999 -9999 -9999 -9999 -9999 -9999 10.70 10.23 10.01 9.55 8.45 8.13 7.19 6.27 7.90 7.09 7.50 9.07 8.26 8.74 8.57 8.25 3.72 4.69 8.02 6.66 8.61 8.91 6.62 7.06 7.77 6.08 6.58 6.88 6.84 6.75 6.83 7.70 8.98 5.84 7.00 6.72 6.61 6.30 6.26 6.54 7.07 5.90 5.97 5.44 5.89 6.39 7.19 6.14 7.47 6.50 5.62 5.34 5.02 4.57 4.62 5.17 4.34 7.17 6.90 7.98 7.35 8.25 9.08 9.98 4.64 4.81 4.51 4.60 5.05 6.34 8.11 8.48
-9999 -9999 -9999 -9999 -9999 -9999 9.04 9.03 9.18 9.71 10.22 8.70 7.77 6.65 7.32 9.48 8.82 8.43 7.70 8.77 8.54 8.10 7.02 4.50 4.54 3.96 7.79 6.32 3.87 8.63 8.45 6.76 10.87 8.80 9.70 10.69 9.57 8.71 9.33 7.20 5.87 6.54 6.34 5.54 5.92 6.08 6.76 5.65 6.09 7.07 7.75 7.30 7.21 7.45 7.40 7.60 7.44 6.79 5.78 5.37 5.82 6.55 6.97 7.55 7.85 8.19 -9999 -9999 7.69 8.47 8.03 7.25 5.96 10.33 7.13 -9999 -9999 -9999
-9999 -9999 -9999 -9999 -9999 12.73 9.77 9.57 8.35 9.90 10.18 11.60 9.13 9.86 9.04 10.03 9.21 8.50 8.18 8.58 8.38 8.00 7.92 6.98 6.39 6.83 6.70 4.32 8.65 10.02 6.41 5.78 7.54 7.64 9.65 9.65 7.92 7.44 6.92 6.49 7.55 7.00 7.03 6.37 6.31 6.88 8.03 7.62 7.09 7.07 7.18 7.50 -9999 -9999 8.73 9.74 9.83 9.09 8.44 7.86 8.09 -9999 -9999 -9999 -9999 -9999 -9999 -9999 -9999 -9999 -9999 8.11 8.98 11.62 9.27 -9999 -9999 -9999
-9999 -9999 -9999 -9999 14.43 12.03 9.49 10.28 8.41 8.39 8.40 8.82 8.31 13.21 14.14 11.93 10.87 10.86 11.58 9.81 8.66 8.15 8.92 8.51 11.39 11.70 10.44 9.49 11.95 7.89 8.15 8.26 9.63 11.03 8.55 6.73 7.64 6.34 6.55 6.13 6.30 6.10 8.17 9.62 9.54 8.95 8.88 9.33 8.15 -9999 6.42 7.56 7.27 7.99 8.91 -9999 -9999 -9999 -9999 9.99 -9999 -9999 -9999 -9999 -9999 -9999 -9999 -9999 -9999 -9999 -9999 -9999 -9999 -9999 -9999 -9999 -9999 -9999
-9999 -9999 -9999 15.63 14.44 13.75 11.47 8.80 8.19 7.83 6.45 6.64 9.30 17.19 19.20 11.64 10.43 14.86 10.34 13.02 9.12 8.39 12.83 10.57 9.50 9.27 9.51 -9999 -9999 -9999 -9999 -9999 9.58 11.95 11.31 8.65 8.22 7.45 6.47 6.42 6.09 6.88 8.52 -9999 -9999 -9999 -9999 -9999 9.85 10.04 8.42 7.05 6.93 9.73 9.21 -9999 -9999 -9999 -9999 -9999 -9999 -9999 -9999 -9999 -9999 -9999 -9999 -9999 -9999 -9999 -9999 -9999 -9999 -9999 -9999 -9999 -9999 -9999
-9999 -9999 8.46 10.47 13.36 13.52 11.20 10.50 9.44 6.60 8.00 8.61 12.54 16.50 18.54 16.20 14.36 11.54 13.37 10.66 10.93 9.91 12.81 12.09 -9999 -9999 -9999 -9999 -9999 -9999 -9999 -9999 -9999 9.86 10.62 8.81 10.71 11.95 12.36 8.76 11.74 11.15 11.87 -9999 -9999 -9999 -9999 -9999 -9999 -9999 8.13 8.88 6.75 8.02 -9999 -9999 -9999 -9999 -9999 -9999 -9999 -9999 -9999 -9999 -9999 -9999 -9999 -9999 -9999 -9999 -9999 -9999 -9999 -9999 -9999 -9999 -9999 -9999
10.51 10.84 8.23 9.15 11.54 13.87 14.12 11.35 8.30 8.28 9.71 10.05 11.94 16.18 13.74 14.03 13.50 15.12 6.63 10.70 15.71 11.65 -9999 -9999 -9999 -9999 -9999 -9999 -9999 -9999 -9999 -9999 -9999 -9999 -9999 11.28 -9999 -9999 -9999 -9999 9.76 13.37 13.81 -9999 -9999 -9999 -9999 -9999 -9999 -9999 -9999 8.46 11.56 9.12 -9999 -9999 -9999 -9999 -9999 -9999 -9999 -9999 -9999 -9999 -9999 -9999 -9999 -9999 -9999 -9999 -9999 -9999 -9999 -9999 -9999 -9999 -9999 -9999
9.59 8.87 6.70 8.67 11.45 12.25 13.46 11.67 10.26 12.07 7.80 6.56 9.49 14.26 14.33 11.41 9.30 12.08 8.09 7.66 9.89 -9999 -9999 -9999 -9999 -9999 -9999 -9999 -9999 -9999 -9999 -9999 -9999 -9999 -9999 12.90 -9999 -9999 -9999 -9999 -9999 -9999 -9999 -9999 -9999 -9999 -9999 -9999 -9999 -9999 -9999 -9999 -9999 -9999 -9999 -9999 -9999 -9999 -9999 -9999 -9999 -9999 -9999 -9999 -9999 -9999 -9999 -9999 -9999 -9999 -9999 -9999 -9999 -9999 -9999 -9999 -9999 -9999
11.39 9.43 6.76 8.86 9.63 9.72 10.90 10.32 10.46 12.63 7.17 6.69 8.67 12.11 18.63 19.02 8.30 8.89 8.49 9.51 13.16 -9999 -9999 -9999 -9999 -9999 -9999 -9999 -9999 -9999 -9999 -9999 -9999 -9999 -9999 -9999 -9999 -9999 -9999 -9999 -9999 -9999 -9999 -9999 -9999 -9999 -9999 -9999 -9999 -9999 -9999 -9999 -9999 -9999 -9999 -9999 -9999 -9999 -9999 -9999 -9999 -9999 -9999 -9999 -9999 -9999 -9999 -9999 -9999 -9999 -9999 -9999 -9999 -9999 -9999 -9999 -9999 -9999
9.00 11.41 9.95 10.06 9.27 10.44 9.30 9.10 9.55 8.14 8.76 7.81 7.62 12.06 15.38 14.65 11.29 7.59 7.89 12.71 10.95 -9999 -9999 -9999 -9999 -9999 -9999 -9999 -9999 -9999 -9999 -9999 -9999 -9999 -9999 -9999 -9999 -9999 -9999 -9999 -9999 -9999 -9999 -9999 -9999 -9999 -9999 -9999 -9999 -9999 -9999 -9999 -9999 -9999 -9999 -9999 -9999 -9999 -9999 -9999 -9999 -9999 -9999 -9999 -9999 -9999 -9999 -9999 -9999 -9999 -9999 -9999 -9999 -9999 -9999 -9999 -9999 -9999
