ML/MeanWindSpeed_1998-09_Actual.txt
ncols         180
nrows         290
xllcorner     -200000
yllcorner     -200000
cellsize      5000
NODATA_value  -9999
[rows 210 to 244 of 290, columns 79 to 157 of 180]
12.62 11.26 12.97 12.94 -9999 -9999 -9999 -9999 -9999 -9999 -9999 8.09 8.07 8.88 7.93 8.14 8.44 9.91 11.48 13.40 12.58 10.77 9.23 8.96 7.90 10.23 10.38 7.34 6.45 9.79 9.67 10.56 7.76 7.20 7.29 7.00 7.82 8.32 7.95 8.07 7.76 7.41 7.14 6.84 6.51 6.40 6.17 6.68 6.27 6.32 6.37 6.47 6.69 6.49 6.72 6.80 5.77 4.87 6.07 6.56 6.46 6.32 5.74 5.66 6.35 6.82 6.56 6.21 6.19 7.24 6.43 6.83 7.78 7.38 7.52 7.64 7.09 6.96 7.42
12.82 -9999 -9999 -9999 -9999 -9999 -9999 -9999 -9999 12.43 10.87 10.28 11.28 10.56 9.43 8.55 8.75 8.73 10.56 11.72 11.19 7.83 7.60 10.78 9.52 9.22 7.60 6.85 6.70 9.04 9.09 8.93 7.67 7.46 7.52 6.35 8.89 9.03 7.90 7.97 7.64 7.51 7.31 6.95 7.20 6.63 6.61 6.08 6.06 6.10 6.30 6.38 6.83 6.41 7.50 8.25 5.94 5.94 4.56 6.19 6.15 5.86 6.68 6.44 6.53 7.01 6.46 6.00 6.19 6.25 6.87 7.48 7.01 7.58 7.53 7.04 6.96 8.13 7.74
-9999 -9999 -9999 -9999 -9999 -9999 -9999 -9999 -9999 13.63 12.90 10.99 12.03 12.37 -9999 -9999 8.78 10.89 6.80 8.19 7.91 8.10 8.90 10.24 7.82 7.25 7.75 7.75 8.47 8.83 8.83 8.35 7.93 8.35 7.02 7.25 8.86 7.84 7.54 7.40 7.57 7.99 7.74 7.13 7.03 6.46 6.46 6.92 7.31 6.96 7.40 6.48 6.32 7.11 9.01 7.02 6.30 5.53 4.44 6.09 6.05 6.07 6.20 6.20 6.02 6.00 7.27 6.35 6.30 6.29 6.40 6.65 6.54 6.38 7.77 7.40 7.98 9.01 9.07
-9999 -9999 -9999 -9999 -9999 -9999 -9999 -9999 -9999 -9999 -9999 -9999 -9999 -9999 -9999 -9999 10.02 8.72 8.23 7.13 6.34 6.53 7.15 8.15 7.96 8.24 8.90 9.62 10.17 9.92 -9999 8.45 7.94 7.45 7.00 7.39 8.69 7.89 7.97 7.57 7.04 7.02 7.71 7.06 7.13 8.04 8.09 7.81 8.44 9.06 7.80 7.46 7.27 7.36 8.21 6.80 6.35 5.99 5.38 5.40 5.55 6.11 6.43 6.03 5.73 5.94 6.15 6.16 6.20 6.20 6.28 6.43 6.68 6.87 7.32 7.47 8.05 8.65 -9999
-9999 -9999 -9999 -9999 -9999 -9999 -9999 -9999 -9999 -9999 -9999 -9999 -9999 -9999 -9999 -9999 -9999 9.68 8.23 7.02 6.97 7.76 7.17 7.39 8.08 9.38 -9999 -9999 -9999 -9999 9.37 8.16 7.66 7.06 6.96 7.50 8.80 8.04 8.28 7.72 6.87 7.58 7.31 8.46 8.01 9.50 8.25 8.33 7.94 8.20 7.94 7.28 7.90 6.35 6.73 6.92 5.65 5.69 5.32 5.21 5.24 5.20 5.30 5.52 5.24 5.39 5.58 5.85 5.89 7.01 7.29 6.40 6.46 6.71 7.02 7.45 8.50 9.86 9.93
-9999 -9999 -9999 -9999 -9999 -9999 -9999 -9999 -9999 -9999 -9999 -9999 -9999 -9999 -9999 -9999 -9999 -9999 9.40 9.82 8.47 7.92 9.15 9.24 9.91 -9999 -9999 -9999 -9999 10.03 9.44 8.99 6.46 6.31 6.56 8.55 9.06 8.66 8.14 7.25 7.25 7.11 8.37 9.51 8.60 8.62 8.00 8.06 7.78 6.90 7.27 7.21 6.79 6.65 6.56 6.40 5.91 5.90 6.20 6.28 6.25 5.25 5.25 5.30 5.19 5.84 5.95 6.35 5.97 6.60 6.55 6.51 7.32 6.63 7.41 7.66 8.32 8.07 8.67
-9999 -9999 -9999 -9999 -9999 -9999 -9999 -9999 -9999 -9999 -9999 -9999 -9999 -9999 -9999 -9999 -9999 -9999 -9999 10.01 9.64 9.19 10.84 10.33 11.40 -9999 -9999 -9999 9.49 7.70 6.90 8.24 7.94 7.36 6.45 7.68 7.12 8.60 8.03 6.78 7.89 8.69 8.63 8.25 8.82 8.05 7.65 7.37 6.84 6.68 6.53 6.64 7.01 6.73 6.29 6.30 6.40 6.41 6.90 6.46 6.34 5.87 5.34 5.41 5.30 5.53 5.73 6.16 6.15 6.29 6.21 6.99 7.27 7.56 7.43 6.62 8.05 6.94 7.79
-9999 -9999 -9999 -9999 -9999 -9999 -9999 -9999 -9999 -9999 -9999 -9999 -9999 -9999 -9999 -9999 -9999 -9999 -9999 -9999 -9999 -9999 -9999 -9999 -9999 -9999 -9999 11.48 8.36 6.77 6.40 7.88 6.59 7.28 7.95 7.87 7.87 8.11 6.89 6.66 7.00 7.84 7.70 7.94 7.99 8.19 7.98 7.79 8.98 7.52 7.49 6.87 7.20 7.16 6.52 6.60 6.37 6.75 7.28 6.62 5.96 5.67 5.54 5.48 6.04 5.94 6.55 6.34 7.19 7.54 7.13 6.19 8.25 8.85 7.66 6.55 8.77 7.86 7.42
-9999 -9999 -9999 -9999 -9999 -9999 -9999 -9999 -9999 -9999 -9999 -9999 -9999 -9999 -9999 -9999 -9999 -9999 -9999 -9999 -9999 -9999 -9999 -9999 -9999 -9999 -9999 9.43 8.38 7.12 11.25 9.63 6.74 7.29 7.88 8.24 8.57 7.19 6.84 6.77 6.73 7.70 7.49 7.31 8.74 8.64 9.65 8.49 8.62 9.55 8.03 7.42 7.17 6.66 6.54 6.43 6.46 6.83 6.77 6.83 6.23 5.67 5.48 5.42 6.00 7.71 7.31 7.91 8.17 8.88 7.54 6.47 7.38 7.60 6.61 6.13 6.69 7.88 8.27
-9999 -9999 -9999 -9999 -9999 -9999 -9999 -9999 -9999 -9999 -9999 -9999 -9999 -9999 -9999 -9999 -9999 -9999 -9999 -9999 -9999 -9999 -9999 -9999 -9999 -9999 -9999 8.98 6.90 5.97 7.81 10.76 9.72 8.86 7.94 9.00 7.59 7.31 6.93 8.42 8.51 8.98 8.51 7.71 7.77 7.81 8.29 8.73 8.74 7.97 7.78 7.60 7.43 6.84 6.60 6.66 6.74 7.19 6.94 6.70 6.07 5.89 6.46 7.12 6.64 7.53 7.27 7.18 7.22 7.83 9.19 8.78 6.84 6.65 7.06 7.26 7.08 7.17 7.11
-9999 -9999 -9999 -9999 -9999 -9999 -9999 -9999 -9999 -9999 12.93 12.97 10.88 14.56 13.41 12.62 12.13 13.53 7.16 12.13 8.65 -9999 -9999 -9999 -9999 -9999 -9999 8.29 7.03 6.62 5.81 6.83 8.71 9.95 9.34 8.24 7.55 7.56 8.21 9.27 8.63 7.95 7.95 7.58 7.40 7.93 7.73 7.46 7.29 7.63 7.12 7.64 7.97 8.50 7.51 7.11 7.57 7.49 6.85 7.32 6.38 5.96 6.94 7.69 6.62 6.17 6.45 6.42 6.26 6.11 6.36 6.26 5.77 5.68 5.72 5.78 5.69 6.03 6.10
-9999 -9999 -9999 -9999 -9999 -9999 -9999 -9999 -9999 -9999 14.61 13.58 13.16 10.84 12.13 12.91 11.45 11.45 11.54 9.04 7.95 7.19 8.60 11.10 9.47 8.77 7.88 7.49 6.84 6.43 6.07 5.72 6.31 8.61 8.73 8.01 7.33 9.85 8.50 7.63 8.13 8.52 7.81 7.70 8.81 8.37 8.31 7.94 7.76 6.76 6.96 7.45 7.55 7.50 8.00 8.23 7.04 6.76 6.34 6.12 6.88 6.06 9.14 7.57 7.13 6.56 6.16 6.28 6.12 6.86 6.86 5.73 6.99 6.54 7.02 5.89 6.01 5.84 5.81
-9999 -9999 -9999 -9999 -9999 -9999 -9999 -9999 -9999 13.24 11.76 10.77 10.05 8.91 10.50 12.11 10.85 9.54 9.55 9.56 8.51 7.43 7.37 8.58 9.78 7.53 7.09 6.66 6.73 7.45 6.31 6.23 7.46 7.54 7.43 7.80 9.87 8.35 9.39 8.79 8.14 7.45 7.99 8.08 8.96 8.90 8.30 8.54 7.45 7.54 7.31 7.20 7.11 8.19 8.67 6.95 6.48 6.66 8.45 6.96 6.47 6.56 6.44 6.71 6.91 6.58 6.42 6.92 7.73 6.94 6.08 5.98 7.37 6.87 6.77 7.04 6.85 6.44 6.47
-9999 -9999 -9999 -9999 -9999 -9999 -9999 -9999 -9999 -9999 10.71 9.19 8.43 9.78 9.19 9.00 10.56 8.96 7.37 6.60 8.72 10.41 8.76 7.01 7.35 9.08 7.51 6.16 6.26 6.28 6.91 7.07 6.48 6.57 7.02 7.80 8.87 7.81 9.08 8.15 8.13 8.06 8.43 8.14 8.92 9.04 8.78 7.52 7.37 7.80 6.97 6.46 6.30 7.15 8.04 7.87 6.58 6.88 7.73 7.46 6.72 5.97 5.89 5.77 6.13 7.60 7.33 7.08 7.58 8.41 7.67 7.10 7.52 7.44 6.64 7.35 6.42 7.07 6.20
-9999 -9999 -9999 -9999 -9999 -9999 13.59 -9999 -9999 11.90 10.40 10.67 8.02 9.56 8.11 7.25 6.68 6.65 7.35 6.23 7.96 9.17 7.22 6.11 5.08 5.39 5.65 5.61 5.86 6.27 7.05 6.36 6.33 6.82 8.36 7.33 8.21 7.36 8.07 7.71 8.60 9.33 8.78 8.04 7.71 7.72 7.52 7.26 8.35 7.43 6.75 8.23 6.86 6.80 8.22 9.12 6.28 6.55 6.79 6.56 6.19 5.97 5.87 6.26 6.85 7.22 6.43 6.06 6.14 6.73 6.83 6.77 7.24 6.59 6.50 6.40 5.91 5.93 5.85
-9999 -9999 -9999 -9999 -9999 12.85 13.69 13.47 13.04 10.64 9.73 11.22 9.15 8.08 8.50 7.43 7.80 7.62 8.14 6.91 6.64 7.05 5.98 4.92 4.38 4.72 5.57 6.11 5.61 5.79 6.15 6.07 6.30 7.77 7.90 7.18 7.85 8.22 9.32 8.58 8.67 9.77 8.63 8.45 7.38 7.78 7.49 7.78 7.18 6.93 6.42 7.41 7.41 6.61 7.37 6.94 6.34 6.10 5.81 6.41 6.43 6.30 5.92 5.64 5.72 5.65 5.87 6.03 5.96 5.53 6.11 6.51 7.21 7.48 7.05 5.97 6.68 6.52 6.50
-9999 -9999 -9999 -9999 -9999 12.26 12.01 11.09 11.43 10.50 9.82 8.92 10.49 10.30 9.31 10.03 9.19 8.21 8.99 7.86 7.54 7.24 5.14 5.95 7.54 6.94 6.13 5.67 5.33 6.01 6.63 7.08 6.76 7.85 7.33 7.91 7.25 6.75 8.17 9.29 8.28 8.28 8.10 7.65 7.59 8.06 7.40 6.91 7.48 7.62 6.46 6.79 6.88 6.75 7.44 7.78 7.81 9.02 6.63 6.63 5.99 5.78 5.86 5.92 5.66 5.52 5.77 6.28 5.99 5.75 5.59 6.36 6.51 6.63 6.76 6.91 5.91 6.35 7.29
-9999 -9999 -9999 -9999 -9999 12.40 10.97 10.44 10.76 10.23 10.29 9.25 9.67 9.73 8.54 9.38 9.03 9.01 8.96 8.37 6.01 4.86 4.49 6.56 6.61 7.06 7.76 6.06 6.00 6.40 6.10 7.10 6.68 7.57 7.26 7.45 7.29 6.77 8.24 7.84 7.89 7.72 7.54 7.47 7.50 7.96 7.98 7.00 6.81 7.05 7.78 6.66 6.84 6.63 6.97 7.12 7.31 8.03 7.48 8.09 8.77 5.75 8.66 7.32 5.86 6.16 8.92 8.72 8.23 5.66 5.58 5.71 5.62 6.20 6.05 7.18 8.05 10.11 9.27
-9999 -9999 -9999 -9999 -9999 10.64 10.07 9.92 9.77 9.26 9.28 8.96 8.55 9.43 8.82 8.63 8.88 7.83 7.73 7.47 7.26 4.73 5.22 6.98 6.17 7.34 7.64 6.45 6.88 7.51 6.77 7.15 7.39 7.49 7.54 7.66 8.16 8.89 7.16 7.80 7.61 7.50 7.34 7.34 7.49 7.78 7.18 7.32 7.13 7.50 7.85 8.30 7.64 8.31 7.86 7.38 7.16 6.85 6.49 6.48 6.85 6.42 7.99 7.86 8.52 8.21 8.70 9.05 9.43 6.31 6.27 5.95 5.96 6.41 7.33 8.46 8.77 -9999 -9999
-9999 -9999 -9999 -9999 -9999 9.48 9.29 9.40 9.80 10.19 9.47 9.02 8.33 8.64 9.73 8.99 8.23 7.34 7.64 7.44 7.20 6.57 5.13 5.09 4.73 7.00 6.30 5.06 7.97 8.11 7.35 9.75 8.65 9.24 9.90 9.33 8.85 9.18 7.98 7.21 7.54 7.38 6.93 7.18 7.27 7.66 7.08 7.44 8.24 8.81 8.59 8.55 8.72 8.71 8.87 8.75 8.28 7.53 7.18 7.51 8.00 8.27 8.63 8.82 9.07 -9999 -9999 8.71 9.03 8.63 8.02 7.08 9.52 7.88 -9999 -9999 -9999 -9999 -9999
-9999 -9999 -9999 -9999 11.49 9.59 9.41 8.85 9.84 10.06 10.92 9.44 9.62 9.07 9.58 8.83 7.94 7.39 7.43 7.31 7.14 7.06 6.59 6.27 6.52 6.59 5.45 8.07 9.09 7.33 7.11 8.11 8.17 9.34 9.40 8.47 8.21 7.90 7.64 8.24 7.94 7.94 7.59 7.62 8.00 8.66 8.52 8.28 8.33 8.49 8.74 -9999 -9999 9.70 10.46 10.51 9.96 9.45 9.02 9.17 -9999 -9999 -9999 -9999 -9999 -9999 -9999 -9999 -9999 -9999 8.93 9.23 10.68 9.47 -9999 -9999 -9999 -9999 -9999
-9999 -9999 -9999 12.46 10.75 9.15 9.67 8.74 8.83 8.87 9.19 8.78 11.20 11.58 10.25 9.42 9.12 9.27 8.10 7.48 7.34 7.77 7.66 9.41 9.74 9.18 8.84 10.47 8.45 8.85 9.04 9.77 10.42 8.95 7.94 8.44 7.68 7.76 7.52 7.62 7.52 8.85 9.84 9.88 9.63 9.61 9.88 9.20 -9999 8.03 8.68 8.55 9.04 9.88 -9999 -9999 -9999 -9999 10.62 -9999 -9999 -9999 -9999 -9999 -9999 -9999 -9999 -9999 -9999 -9999 -9999 -9999 -9999 -9999 -9999 -9999 -9999 -9999 -9999
-9999 -9999 13.48 12.20 11.43 10.12 8.72 8.49 8.34 7.63 7.84 9.18 13.23 14.23 9.93 9.01 11.33 8.70 10.01 7.84 7.58 10.23 9.16 8.77 8.87 9.19 -9999 -9999 -9999 -9999 -9999 10.27 11.42 10.86 9.28 9.08 8.62 7.98 7.87 7.63 8.10 9.30 -9999 -9999 -9999 -9999 -9999 10.56 10.52 9.36 8.23 8.04 9.97 10.12 -9999 -9999 -9999 -9999 -9999 -9999 -9999 -9999 -9999 -9999 -9999 -9999 -9999 -9999 -9999 -9999 -9999 -9999 -9999 -9999 -9999 -9999 -9999 -9999 -9999
-9999 9.67 10.29 11.42 11.33 9.97 9.63 9.13 7.54 8.40 8.81 10.85 12.77 13.75 12.40 11.29 9.60 10.55 8.86 9.11 8.77 10.66 10.51 -9999 -9999 -9999 -9999 -9999 -9999 -9999 -9999 -9999 10.72 10.99 9.88 10.90 11.66 11.82 9.68 11.22 10.97 11.57 -9999 -9999 -9999 -9999 -9999 -9999 -9999 9.35 9.50 8.26 9.15 -9999 -9999 -9999 -9999 -9999 -9999 -9999 -9999 -9999 -9999 -9999 -9999 -9999 -9999 -9999 -9999 -9999 -9999 -9999 -9999 -9999 -9999 -9999 -9999 -9999 -9999
11.17 9.15 9.32 10.45 11.66 11.74 10.17 8.46 8.37 9.18 9.38 10.29 12.41 10.88 11.02 10.82 11.73 6.91 9.03 12.10 10.18 -9999 -9999 -9999 -9999 -9999 -9999 -9999 -9999 -9999 -9999 -9999 -9999 -9999 11.70 -9999 -9999 -9999 -9999 10.58 12.55 12.93 -9999 -9999 -9999 -9999 -9999 -9999 -9999 -9999 9.74 11.42 10.17 -9999 -9999 -9999 -9999 -9999 -9999 -9999 -9999 -9999 -9999 -9999 -9999 -9999 -9999 -9999 -9999 -9999 -9999 -9999 -9999 -9999 -9999 -9999 -9999 -9999 -9999
9.85 7.99 8.94 10.50 10.88 11.51 10.48 9.55 10.41 8.00 7.28 8.80 11.29 11.16 9.54 8.50 10.09 7.81 7.59 9.19 -9999 -9999 -9999 -9999 -9999 -9999 -9999 -9999 -9999 -9999 -9999 -9999 -9999 -9999 13.01 -9999 -9999 -9999 -9999 -9999 -9999 -9999 -9999 -9999 -9999 -9999 -9999 -9999 -9999 -9999 -9999 -9999 -9999 -9999 -9999 -9999 -9999 -9999 -9999 -9999 -9999 -9999 -9999 -9999 -9999 -9999 -9999 -9999 -9999 -9999 -9999 -9999 -9999 -9999 -9999 -9999 -9999 -9999 -9999
10.25 8.01 9.05 9.50 9.51 10.13 9.74 9.59 10.63 7.51 7.26 8.36 10.18 13.65 13.84 7.96 8.33 8.09 8.88 11.34 -9999 -9999 -9999 -9999 -9999 -9999 -9999 -9999 -9999 -9999 -9999 -9999 -9999 -9999 -9999 -9999 -9999 -9999 -9999 -9999 -9999 -9999 -9999 -9999 -9999 -9999 -9999 -9999 -9999 -9999 -9999 -9999 -9999 -9999 -9999 -9999 -9999 -9999 -9999 -9999 -9999 -9999 -9999 -9999 -9999 -9999 -9999 -9999 -9999 -9999 -9999 -9999 -9999 -9999 -9999 -9999 -9999 -9999 -9999
11.62 10.11 9.92 9.41 10.00 9.33 9.12 9.08 8.11 8.36 7.85 7.72 10.13 11.92 11.50 9.65 7.62 7.84 10.80 10.30 -9999 -9999 -9999 -9999 -9999 -9999 -9999 -9999 -9999 -9999 -9999 -9999 -9999 -9999 -9999 -9999 -9999 -9999 -9999 -9999 -9999 -9999 -9999 -9999 -9999 -9999 -9999 -9999 -9999 -9999 -9999 -9999 -9999 -9999 -9999 -9999 -9999 -9999 -9999 -9999 -9999 -9999 -9999 -9999 -9999 -9999 -9999 -9999 -9999 -9999 -9999 -9999 -9999 -9999 -9999 -9999 -9999 -9999 -9999
12.55 11.51 11.12 9.60 10.05 9.59 11.68 10.94 9.49 9.12 9.66 8.20 8.53 9.30 9.10 8.44 8.22 8.91 10.02 10.68 -9999 -9999 -9999 -9999 -9999 -9999 -9999 -9999 -9999 -9999 -9999 -9999 -9999 -9999 -9999 -9999 -9999 -9999 -9999 -9999 -9999 -9999 -9999 -9999 -9999 -9999 -9999 -9999 -9999 -9999 -9999 -9999 -9999 -9999 -9999 -9999 -9999 -9999 -9999 -9999 -9999 -9999 -9999 -9999 -9999 -9999 -9999 -9999 -9999 -9999 -9999 -9999 -9999 -9999 -9999 -9999 -9999 -9999 -9999
10.65 10.87 10.22 11.20 12.67 12.34 10.95 11.12 11.16 11.13 10.00 10.33 9.38 8.26 8.24 9.16 10.01 10.44 10.23 11.49 -9999 -9999 -9999 -9999 -9999 -9999 -9999 -9999 -9999 -9999 -9999 -9999 -9999 -9999 -9999 -9999 -9999 -9999 -9999 -9999 -9999 -9999 -9999 -9999 -9999 -9999 -9999 -9999 -9999 -9999 -9999 -9999 -9999 -9999 -9999 -9999 -9999 -9999 -9999 -9999 -9999 -9999 -9999 -9999 -9999 -9999 -9999 -9999 -9999 -9999 -9999 -9999 -9999 -9999 -9999 -9999 -9999 -9999 -9999
11.14 11.67 -9999 -9999 -9999 -9999 -9999 -9999 -9999 -9999 -9999 11.53 11.95 10.45 9.47 8.69 9.72 10.61 10.64 -9999 -9999 -9999 -9999 -9999 -9999 -9999 -9999 -9999 -9999 -9999 -9999 -9999 -9999 -9999 -9999 -9999 -9999 -9999 -9999 -9999 -9999 -9999 -9999 -9999 -9999 -9999 -9999 -9999 -9999 -9999 -9999 -9999 -9999 -9999 -9999 -9999 -9999 -9999 -9999 -9999 -9999 -9999 -9999 -9999 -9999 -9999 -9999 -9999 -9999 -9999 -9999 -9999 -9999 -9999 -9999 -9999 -9999 -9999 -9999
11.93 12.78 -9999 -9999 -9999 -9999 -9999 -9999 -9999 -9999 -9999 -9999 -9999 -9999 10.47 9.57 9.75 10.41 -9999 -9999 -9999 -9999 -9999 -9999 -9999 -9999 -9999 -9999 -9999 -9999 -9999 -9999 -9999 -9999 -9999 -9999 -9999 -9999 -9999 -9999 -9999 -9999 -9999 -9999 -9999 -9999 -9999 -9999 -9999 -9999 -9999 -9999 -9999 -9999 -9999 -9999 -9999 -9999 -9999 -9999 -9999 -9999 -9999 -9999 -9999 -9999 -9999 -9999 -9999 -9999 -9999 -9999 -9999 -9999 -9999 -9999 -9999 -9999 -9999
-9999 -9999 -9999 -9999 -9999 -9999 -9999 -9999 -9999 -9999 -9999 -9999 -9999 -9999 11.84 12.75 13.24 12.82 -9999 -9999 -9999 -9999 -9999 -9999 -9999 -9999 -9999 -9999 -9999 -9999 -9999 -9999 -9999 -9999 -9999 -9999 -9999 -9999 -9999 -9999 -9999 -9999 -9999 -9999 -9999 -9999 -9999 -9999 -9999 -9999 -9999 -9999 -9999 -9999 -9999 -9999 -9999 -9999 -9999 -9999 -9999 -9999 -9999 -9999 -9999 -9999 -9999 -9999 -9999 -9999 -9999 -9999 -9999 -9999 -9999 -9999 -9999 -9999 -9999
-9999 -9999 -9999 -9999 -9999 -9999 -9999 -9999 -9999 -9999 -9999 -9999 -9999 -9999 -9999 -9999 -9999 -9999 -9999 -9999 -9999 -9999 -9999 -9999 -9999 -9999 -9999 -9999 -9999 -9999 -9999 -9999 -9999 -9999 -9999 -9999 -9999 -9999 -9999 -9999 -9999 -9999 -9999 -9999 -9999 -9999 -9999 -9999 -9999 -9999 -9999 -9999 -9999 -9999 -9999 -9999 -9999 -9999 -9999 -9999 -9999 -9999 -9999 -9999 -9999 -9999 -9999 -9999 -9999 -9999 -9999 -9999 -9999 -9999 -9999 -9999 -9999 -9999 -9999
-9999 -9999 -9999 -9999 -9999 -9999 -9999 -9999 -9999 -9999 -9999 -9999 -9999 -9999 -9999 -9999 -9999 -9999 -9999 -9999 -9999 -9999 -9999 -9999 -9999 -9999 -9999 -9999 -9999 -9999 -9999 -9999 -9999 -9999 -9999 -9999 -9999 -9999 -9999 -9999 -9999 -9999 -9999 -9999 -9999 -9999 -9999 -9999 -9999 -9999 -9999 -9999 -9999 -9999 -9999 -9999 -9999 -9999 -9999 -9999 -9999 -9999 -9999 -9999 -9999 -9999 -9999 -9999 -9999 -9999 -9999 -9999 -9999 -9999 -9999 -9999 -9999 -9999 -9999
