ML/MeanWindSpeed_1997-12_Actual.txt
ncols         180
nrows         290
xllcorner     -200000
yllcorner     -200000
cellsize      5000
NODATA_value  -9999
[rows 204 to 237 of 290, columns 78 to 155 of 180]
11.35 11.61 12.96 13.56 13.02 11.69 13.31 12.15 13.81 10.64 11.68 13.88 13.07 11.21 11.43 7.27 5.78 8.88 9.92 8.96 7.77 9.77 7.06 5.79 5.14 10.48 14.93 16.09 9.81 10.30 10.63 10.98 10.03 8.74 10.10 9.52 9.42 8.81 8.78 7.26 6.71 7.63 7.69 10.64 11.01 10.48 9.18 9.82 11.18 10.43 9.72 9.09 9.21 9.01 8.52 8.01 7.83 8.21 8.49 8.07 7.94 7.85 7.57 8.63 9.15 7.70 7.95 8.68 8.89 8.36 8.69 8.49 8.45 8.63 8.47 8.75 8.65 8.71
12.73 11.81 12.56 12.27 12.63 11.84 11.73 12.67 11.35 11.84 10.53 10.30 9.99 9.00 7.72 8.73 6.96 10.49 16.30 8.18 8.17 9.10 13.70 13.20 5.82 6.27 16.85 13.43 11.23 11.71 12.82 10.90 8.73 7.94 10.33 10.73 9.41 8.56 7.95 6.90 6.55 7.93 10.68 11.53 10.81 10.49 9.98 9.68 9.46 10.14 9.29 9.02 8.71 8.24 7.78 7.57 8.26 8.00 7.78 7.67 6.80 7.01 7.86 7.87 8.59 8.03 8.04 8.11 8.27 8.62 8.66 8.51 8.50 8.66 8.30 8.20 8.66 8.62
12.34 11.63 12.52 11.50 11.75 11.64 11.44 10.33 10.12 10.74 9.85 11.09 9.77 11.07 7.39 9.71 11.42 11.50 12.52 12.87 10.13 12.25 14.54 10.01 12.09 11.14 7.52 12.73 12.63 9.47 9.97 8.36 9.58 9.39 12.58 11.79 9.31 8.29 7.14 6.62 7.74 10.81 9.97 11.94 10.78 10.60 11.18 9.87 10.43 8.91 9.00 8.53 8.13 7.85 7.89 7.72 7.61 7.18 6.91 6.42 6.53 7.64 8.55 8.17 7.66 8.30 7.85 8.71 7.96 7.81 7.91 8.01 8.22 8.40 8.51 7.98 8.46 8.41
13.10 11.77 11.17 12.32 13.26 14.89 13.49 11.67 10.51 9.48 9.63 12.28 9.60 10.33 7.51 9.56 10.04 9.22 8.09 10.17 9.17 11.44 11.68 13.70 11.84 13.09 12.53 16.63 10.99 9.75 9.08 9.82 9.13 11.76 11.77 12.06 8.65 7.67 6.61 9.93 10.81 10.88 11.60 10.16 10.75 11.01 10.54 8.72 8.47 8.57 8.32 8.09 7.99 7.81 8.20 8.05 7.92 6.96 6.05 6.00 6.84 8.63 7.29 7.86 8.05 7.71 7.65 7.82 7.49 7.51 7.85 7.49 7.98 8.14 8.14 8.23 8.35 7.89
13.69 12.32 11.66 11.80 13.48 13.79 14.35 13.14 11.92 10.71 9.88 10.34 12.39 8.64 12.44 11.63 11.54 12.42 10.62 8.24 8.42 10.24 9.41 11.37 10.99 9.82 14.68 14.80 9.46 9.98 7.81 8.59 10.46 11.56 11.40 10.49 8.32 7.27 8.54 8.23 10.33 10.46 10.04 10.40 10.14 9.65 8.95 7.78 7.45 7.55 7.66 9.14 8.08 8.75 8.04 7.57 6.40 5.62 5.62 6.69 8.10 7.90 7.62 7.85 7.72 7.44 7.66 8.14 8.41 7.03 7.76 8.47 7.86 7.73 8.17 7.46 7.81 8.61
13.81 13.08 13.56 14.59 15.85 -9999 -9999 -9999 -9999 12.66 11.84 12.38 9.87 8.68 10.02 10.17 9.53 8.44 4.93 13.51 14.24 9.63 8.54 9.11 10.76 11.91 14.13 11.37 9.58 8.22 7.34 11.56 10.86 12.72 9.93 9.18 8.18 7.72 9.67 8.53 10.41 10.41 9.66 9.73 9.37 8.80 7.93 7.38 7.19 7.32 7.58 8.90 8.39 8.80 8.65 7.61 6.33 5.50 6.87 6.95 7.69 7.98 8.04 6.77 6.83 6.86 8.03 8.49 8.05 6.84 7.58 8.19 7.98 7.64 8.33 7.89 7.75 8.12
16.37 16.40 14.99 16.85 16.69 -9999 -9999 -9999 -9999 -9999 -9999 -9999 9.47 9.44 10.59 9.56 8.94 8.38 9.84 11.97 14.43 13.95 12.08 10.65 10.14 9.51 12.92 12.85 8.69 7.41 11.19 11.76 13.26 10.27 9.32 8.65 7.91 8.92 9.75 9.84 10.24 9.95 9.53 9.20 8.77 8.24 7.91 7.53 8.01 7.63 7.86 8.18 8.46 8.64 8.08 8.19 8.17 6.96 6.16 7.67 8.06 7.79 7.51 6.77 6.69 7.48 8.14 7.86 7.19 6.93 7.93 6.96 7.28 8.21 7.73 7.82 7.80 7.09
-9999 17.00 -9999 -9999 -9999 -9999 -9999 -9999 -9999 -9999 14.18 12.40 11.84 13.22 12.81 11.25 9.64 9.40 9.02 11.48 13.12 12.55 8.87 8.83 12.22 11.36 11.72 9.76 8.21 8.04 10.90 11.62 11.55 9.91 9.28 8.72 7.21 10.33 10.80 9.82 10.00 9.63 9.37 9.06 8.60 8.75 8.05 8.01 7.43 7.48 7.74 8.25 8.38 8.56 7.87 9.11 9.90 7.45 7.54 6.15 7.69 7.52 7.08 8.01 7.73 7.79 8.45 7.79 7.01 6.99 7.02 7.49 8.00 7.48 8.07 7.86 7.09 6.85
-9999 -9999 -9999 -9999 -9999 -9999 -9999 -9999 -9999 -9999 15.81 14.95 13.09 14.58 15.23 -9999 -9999 10.22 12.33 8.08 9.77 9.32 9.27 10.08 11.79 9.68 9.63 10.08 9.75 10.67 11.40 11.55 10.67 9.80 9.89 8.06 8.44 10.73 9.90 9.52 9.27 9.31 9.66 9.33 8.61 8.31 7.58 7.59 8.05 8.57 8.47 9.27 8.32 7.82 8.71 11.02 9.02 8.25 7.24 5.92 7.55 7.43 7.49 7.82 7.72 7.36 7.36 8.64 7.47 7.34 7.29 7.26 7.40 7.16 6.88 8.21 7.57 8.05
-9999 -9999 -9999 -9999 -9999 -9999 -9999 -9999 -9999 -9999 -9999 -9999 -9999 -9999 -9999 -9999 -9999 12.19 10.77 9.88 8.82 7.80 7.75 8.40 9.75 9.98 10.76 11.48 12.10 12.90 12.72 -9999 10.45 9.59 8.66 8.01 8.66 10.50 9.94 9.95 9.30 8.59 8.44 9.09 8.21 8.08 8.92 8.97 8.64 9.43 10.34 9.34 9.08 8.78 9.15 10.38 8.89 8.29 7.68 6.80 6.69 6.71 7.22 7.92 7.48 6.98 7.20 7.43 7.31 7.31 7.29 7.27 7.30 7.47 7.66 8.02 7.91 8.33
-9999 -9999 -9999 -9999 -9999 -9999 -9999 -9999 -9999 -9999 -9999 -9999 -9999 -9999 -9999 -9999 -9999 -9999 11.92 9.94 8.34 8.18 8.96 8.46 9.01 10.28 12.03 -9999 -9999 -9999 -9999 11.47 9.91 9.08 8.13 7.93 8.76 10.53 9.98 10.14 9.27 8.15 8.71 8.36 9.45 8.91 10.46 9.26 9.40 9.06 9.47 9.40 8.85 9.54 8.11 8.75 8.80 7.22 7.09 6.53 6.28 6.12 5.73 5.65 6.12 6.12 6.42 6.71 6.89 6.88 8.11 8.32 7.28 7.28 7.51 7.71 8.07 9.17
-9999 -9999 -9999 -9999 -9999 -9999 -9999 -9999 -9999 -9999 -9999 -9999 -9999 -9999 -9999 -9999 -9999 -9999 -9999 11.11 11.17 9.54 8.90 10.34 10.90 12.47 -9999 -9999 -9999 -9999 11.99 11.21 10.55 7.73 7.30 7.50 9.93 10.84 10.51 9.85 8.58 8.28 8.05 9.40 10.60 9.64 9.71 9.22 9.38 9.15 8.29 8.77 8.82 8.44 8.32 8.28 7.84 7.04 6.90 7.15 7.19 7.02 5.72 5.62 5.72 5.80 6.63 6.92 7.30 6.89 7.58 7.44 7.21 7.95 7.24 8.07 8.37 9.13
-9999 -9999 -9999 -9999 -9999 -9999 -9999 -9999 -9999 -9999 -9999 -9999 -9999 -9999 -9999 -9999 -9999 -9999 -9999 -9999 11.81 11.19 10.70 12.47 12.22 14.42 -9999 -9999 -9999 11.45 8.96 8.14 9.68 9.39 8.59 7.63 9.20 8.90 10.40 9.53 7.83 8.76 9.63 9.69 9.37 10.05 9.30 8.89 8.64 8.09 7.96 7.87 8.03 8.48 8.11 7.53 7.30 7.20 7.19 7.75 7.30 7.10 6.46 5.80 5.89 5.91 6.30 6.59 7.05 7.01 7.16 6.83 7.32 7.58 7.97 7.82 7.09 8.75
-9999 -9999 -9999 -9999 -9999 -9999 -9999 -9999 -9999 -9999 -9999 -9999 -9999 -9999 -9999 -9999 -9999 -9999 -9999 -9999 -9999 -9999 -9999 -9999 -9999 -9999 -9999 -9999 13.99 9.88 7.75 7.50 9.20 7.81 8.53 9.27 9.51 9.76 9.88 8.28 7.68 7.90 8.78 8.71 8.95 8.97 9.03 8.73 8.64 10.02 8.55 8.57 7.94 8.35 8.24 7.42 7.36 6.98 7.46 8.21 7.54 6.73 6.24 6.03 5.88 6.55 6.55 7.16 6.97 7.88 8.28 7.55 6.26 8.59 9.27 7.70 6.55 9.14
-9999 -9999 -9999 -9999 -9999 -9999 -9999 -9999 -9999 -9999 -9999 -9999 -9999 -9999 -9999 -9999 -9999 -9999 -9999 -9999 -9999 -9999 -9999 -9999 -9999 -9999 -9999 -9999 11.33 9.28 7.63 12.43 10.96 7.89 8.45 9.22 9.87 10.29 8.71 8.15 7.77 7.68 8.79 8.50 8.16 9.51 9.20 10.22 8.99 9.21 10.21 8.72 8.26 8.10 7.53 7.32 7.15 7.12 7.61 7.75 7.77 6.98 6.21 5.88 5.63 6.28 8.16 7.65 8.36 8.84 9.70 8.07 6.75 7.84 8.18 6.82 6.03 6.53
-9999 -9999 -9999 -9999 -9999 -9999 -9999 -9999 -9999 -9999 -9999 -9999 -9999 -9999 -9999 -9999 -9999 -9999 -9999 -9999 -9999 -9999 -9999 -9999 -9999 -9999 -9999 -9999 10.87 7.75 6.04 8.31 11.78 10.86 10.12 9.30 10.52 8.90 8.29 7.75 9.18 9.28 9.99 9.47 8.52 8.52 8.52 9.04 9.49 9.47 8.50 8.24 8.13 8.06 7.48 7.22 7.22 7.35 7.91 7.80 7.38 6.38 6.13 6.85 7.60 7.25 8.29 8.01 7.98 8.15 8.82 10.20 9.60 7.52 7.24 7.34 7.33 7.12
-9999 -9999 -9999 -9999 -9999 -9999 -9999 -9999 -9999 -9999 -9999 15.25 14.93 12.34 16.04 14.92 14.47 14.64 16.59 10.11 15.46 11.55 -9999 -9999 -9999 -9999 -9999 -9999 10.19 8.49 7.63 6.66 7.58 9.57 11.18 10.78 9.52 8.53 8.23 8.91 10.11 9.48 8.92 8.95 8.45 8.31 8.96 8.71 8.42 8.13 8.25 7.49 7.91 8.26 8.80 7.86 7.54 8.16 8.12 7.55 7.88 6.41 5.91 7.44 8.68 7.80 7.54 7.94 7.88 7.66 7.46 7.52 7.19 6.61 6.30 6.03 5.93 5.93
-9999 -9999 -9999 -9999 -9999 -9999 -9999 -9999 -9999 -9999 -9999 16.17 14.55 13.54 10.81 12.42 13.66 12.87 13.67 14.18 11.93 10.71 9.38 10.63 13.42 11.76 10.95 9.80 9.21 8.42 7.92 7.51 6.99 7.39 9.86 9.97 8.97 8.16 10.73 9.41 8.60 9.14 9.60 8.86 8.59 9.52 9.25 9.26 8.79 8.45 7.15 7.15 7.47 7.47 7.50 8.25 8.72 7.55 7.32 6.87 6.52 7.08 6.19 9.95 8.73 8.51 8.05 7.60 7.68 7.43 8.04 7.75 6.31 7.55 6.98 7.41 6.20 6.35
-9999 -9999 -9999 -9999 -9999 -9999 -9999 -9999 -9999 -9999 15.55 13.48 11.83 10.64 9.19 11.14 13.57 12.89 11.83 11.66 11.72 10.76 9.09 8.74 10.28 11.79 9.42 8.85 8.29 8.28 8.96 7.66 7.57 8.84 8.86 8.50 8.59 10.62 9.10 10.41 9.87 9.18 8.38 8.86 8.67 9.51 9.65 8.99 9.09 7.89 7.81 7.37 6.99 6.80 8.14 8.94 7.20 6.54 6.87 8.93 7.42 6.87 7.12 7.37 7.88 8.12 7.62 7.44 8.00 8.80 7.74 6.48 6.13 7.57 6.96 6.75 7.14 7.04
-9999 -9999 -9999 -9999 -9999 -9999 -9999 -9999 -9999 -9999 -9999 12.85 10.80 9.71 11.10 10.65 11.02 13.26 11.83 9.79 8.56 10.90 12.68 10.53 8.77 9.41 11.26 9.48 7.86 7.82 7.71 8.29 8.25 7.52 7.71 8.12 8.78 9.70 8.65 10.10 9.10 9.09 9.05 9.28 8.68 9.53 9.78 9.35 7.74 7.55 7.85 6.78 5.96 5.53 6.60 7.96 7.77 6.14 6.64 7.99 7.84 7.17 6.51 6.63 6.62 7.01 8.49 8.17 7.84 8.22 8.90 7.87 7.14 7.64 7.57 6.67 7.46 6.55
-9999 -9999 -9999 -9999 -9999 -9999 -9999 16.65 -9999 -9999 13.99 12.31 12.38 9.63 11.43 10.03 9.45 9.39 9.65 10.25 8.74 10.81 12.21 10.00 8.82 7.80 7.90 7.79 7.43 7.56 7.82 8.55 7.48 7.24 7.89 9.59 8.53 9.26 8.30 9.10 8.67 9.54 10.36 9.69 8.68 8.35 8.44 8.03 7.40 8.48 7.19 6.10 7.37 5.61 5.75 7.74 8.76 5.69 6.20 6.96 6.86 6.51 6.31 6.37 6.85 7.58 8.16 7.36 6.85 6.69 7.00 6.87 6.76 7.43 6.83 6.72 6.66 6.19
-9999 -9999 -9999 -9999 -9999 -9999 15.06 15.86 15.55 15.08 12.24 11.20 12.90 10.83 9.79 10.26 9.23 10.14 10.50 11.02 9.54 9.58 10.29 9.06 7.73 7.22 7.50 8.01 8.19 7.44 7.45 7.65 7.13 7.11 8.89 9.17 8.31 8.71 8.88 10.15 9.46 9.57 10.75 9.50 9.11 8.05 8.57 8.05 8.04 7.21 6.47 5.36 5.98 5.67 5.06 6.47 6.30 5.73 5.74 5.78 6.50 6.49 6.46 6.29 6.17 6.35 6.44 6.80 6.95 6.66 5.80 6.10 6.41 7.22 7.64 7.21 6.08 6.90
-9999 -9999 -9999 -9999 -9999 -9999 14.09 13.67 12.62 13.10 12.05 11.23 10.51 12.16 11.84 10.78 11.55 10.94 10.52 11.60 10.32 10.22 9.98 7.55 8.12 9.87 9.54 8.54 7.74 7.10 7.56 8.07 8.23 7.68 9.04 8.67 9.12 8.02 7.28 9.03 10.31 9.34 9.40 9.08 8.34 8.35 8.90 7.95 7.08 7.41 7.07 5.13 4.93 4.70 4.70 6.01 6.80 7.05 8.46 6.24 6.45 5.71 5.59 5.99 6.29 6.04 5.96 6.36 6.91 6.43 5.91 5.58 6.31 6.41 6.57 6.69 6.90 5.94
-9999 -9999 -9999 -9999 -9999 -9999 14.42 12.92 12.19 12.56 12.10 11.96 10.89 11.42 11.32 9.99 10.91 10.69 11.19 11.49 10.90 8.40 7.02 6.40 8.38 8.55 9.30 9.93 7.94 7.73 7.86 7.44 8.29 7.71 8.80 8.52 8.48 8.16 7.57 9.42 9.09 9.15 8.97 8.61 8.21 8.27 8.83 8.57 7.09 6.41 6.04 6.11 4.39 4.29 4.24 5.38 6.27 6.64 7.23 6.75 7.54 8.19 5.01 8.44 7.19 5.58 5.92 9.11 9.11 8.51 5.64 5.50 5.74 5.69 6.24 6.08 7.29 8.42
-9999 -9999 -9999 -9999 -9999 -9999 12.89 12.18 11.97 11.82 11.36 11.20 10.70 10.37 11.26 10.53 10.47 10.82 9.91 10.02 9.79 9.37 6.52 7.17 9.26 8.55 9.87 9.88 8.17 8.40 8.76 7.88 8.14 8.30 8.46 8.36 8.35 9.03 9.89 8.34 9.17 8.93 8.80 8.43 8.17 8.41 8.72 7.74 7.36 6.57 6.24 5.87 5.78 4.72 5.50 6.26 7.51 7.49 6.89 6.19 6.08 6.28 5.71 7.75 7.83 8.54 8.21 8.87 9.44 9.69 6.26 6.20 5.97 6.07 6.70 7.86 9.19 9.68
-9999 -9999 -9999 -9999 -9999 -9999 11.75 11.34 11.34 11.75 12.24 11.42 10.74 10.12 10.56 11.69 11.09 10.44 9.55 9.90 9.51 8.95 8.16 7.12 7.59 7.50 9.72 8.60 6.78 9.45 9.17 8.11 10.52 9.28 9.97 10.60 10.00 9.78 10.28 9.15 8.42 8.76 8.60 7.97 8.00 8.20 8.63 7.64 7.45 7.74 7.62 6.60 5.91 5.71 5.56 6.44 9.52 9.16 8.07 7.40 7.73 8.12 8.37 9.04 9.51 9.81 -9999 -9999 9.61 9.62 8.80 8.04 7.21 9.92 8.36 -9999 -9999 -9999
-9999 -9999 -9999 -9999 -9999 13.88 11.71 11.35 10.53 11.45 11.64 12.49 10.87 11.28 10.92 11.54 10.83 10.08 9.61 9.64 9.25 8.77 8.33 8.17 8.75 9.28 9.00 7.66 10.31 11.23 8.78 8.04 9.00 9.03 10.32 10.45 9.45 9.35 9.08 8.70 9.37 9.15 9.20 8.75 8.61 9.13 9.84 9.44 8.64 7.86 7.20 6.71 -9999 -9999 6.61 7.81 10.80 10.88 10.11 9.39 9.43 -9999 -9999 -9999 -9999 -9999 -9999 -9999 -9999 -9999 -9999 9.46 9.85 11.46 10.29 -9999 -9999 -9999
-9999 -9999 -9999 -9999 14.80 12.94 11.18 11.67 10.54 10.48 10.16 9.84 9.36 12.54 13.34 12.11 11.31 11.04 11.36 10.11 9.14 8.72 8.91 8.95 11.74 12.52 11.84 11.57 13.26 10.97 10.83 10.48 11.12 11.79 10.22 9.19 9.65 8.93 8.97 8.62 8.70 8.67 10.27 11.43 11.42 11.25 11.19 11.11 9.72 -9999 6.48 6.42 5.76 5.98 6.95 -9999 -9999 -9999 -9999 10.98 -9999 -9999 -9999 -9999 -9999 -9999 -9999 -9999 -9999 -9999 -9999 -9999 -9999 -9999 -9999 -9999 -9999 -9999
-9999 -9999 -9999 15.29 14.23 13.72 12.49 11.00 10.49 10.11 8.61 7.81 9.28 14.54 16.10 11.56 10.78 13.34 10.66 12.08 9.36 8.99 12.05 11.17 11.37 11.98 12.30 -9999 -9999 -9999 -9999 -9999 11.94 13.14 12.32 10.60 10.34 9.86 9.12 8.97 8.75 9.38 10.90 -9999 -9999 -9999 -9999 -9999 11.01 10.04 7.89 5.80 5.13 7.23 7.67 -9999 -9999 -9999 -9999 -9999 -9999 -9999 -9999 -9999 -9999 -9999 -9999 -9999 -9999 -9999 -9999 -9999 -9999 -9999 -9999 -9999 -9999 -9999
-9999 -9999 11.05 11.64 13.34 13.76 12.44 11.97 10.99 9.03 9.25 8.74 11.12 14.16 15.67 14.31 13.36 11.49 12.39 10.91 10.97 10.71 13.16 13.38 -9999 -9999 -9999 -9999 -9999 -9999 -9999 -9999 -9999 12.88 12.86 11.37 12.28 13.10 13.10 10.70 12.42 12.47 13.37 -9999 -9999 -9999 -9999 -9999 -9999 -9999 7.94 7.47 5.95 6.84 -9999 -9999 -9999 -9999 -9999 -9999 -9999 -9999 -9999 -9999 -9999 -9999 -9999 -9999 -9999 -9999 -9999 -9999 -9999 -9999 -9999 -9999 -9999 -9999
13.81 13.07 10.53 10.78 12.44 14.17 14.35 12.54 10.32 9.93 10.20 9.65 11.21 14.47 13.00 13.29 13.36 14.11 8.68 11.19 14.55 12.64 -9999 -9999 -9999 -9999 -9999 -9999 -9999 -9999 -9999 -9999 -9999 -9999 -9999 13.85 -9999 -9999 -9999 -9999 11.95 14.23 14.79 -9999 -9999 -9999 -9999 -9999 -9999 -9999 -9999 8.55 10.09 8.69 -9999 -9999 -9999 -9999 -9999 -9999 -9999 -9999 -9999 -9999 -9999 -9999 -9999 -9999 -9999 -9999 -9999 -9999 -9999 -9999 -9999 -9999 -9999 -9999
12.77 11.42 9.51 10.63 12.50 13.31 14.13 12.80 11.75 12.49 9.48 8.07 9.87 13.55 13.98 12.29 11.32 12.65 9.80 9.89 11.78 -9999 -9999 -9999 -9999 -9999 -9999 -9999 -9999 -9999 -9999 -9999 -9999 -9999 -9999 15.39 -9999 -9999 -9999 -9999 -9999 -9999 -9999 -9999 -9999 -9999 -9999 -9999 -9999 -9999 -9999 -9999 -9999 -9999 -9999 -9999 -9999 -9999 -9999 -9999 -9999 -9999 -9999 -9999 -9999 -9999 -9999 -9999 -9999 -9999 -9999 -9999 -9999 -9999 -9999 -9999 -9999 -9999
13.43 11.77 9.82 11.09 11.87 12.14 12.89 12.20 11.94 12.92 9.26 8.26 9.14 12.01 16.73 17.18 10.86 10.64 10.00 11.28 14.22 -9999 -9999 -9999 -9999 -9999 -9999 -9999 -9999 -9999 -9999 -9999 -9999 -9999 -9999 -9999 -9999 -9999 -9999 -9999 -9999 -9999 -9999 -9999 -9999 -9999 -9999 -9999 -9999 -9999 -9999 -9999 -9999 -9999 -9999 -9999 -9999 -9999 -9999 -9999 -9999 -9999 -9999 -9999 -9999 -9999 -9999 -9999 -9999 -9999 -9999 -9999 -9999 -9999 -9999 -9999 -9999 -9999
11.88 13.12 12.05 12.14 11.94 12.81 12.20 11.87 11.76 10.56 10.34 9.29 8.86 12.00 14.84 14.55 12.25 9.80 9.88 13.24 13.03 -9999 -9999 -9999 -9999 -9999 -9999 -9999 -9999 -9999 -9999 -9999 -9999 -9999 -9999 -9999 -9999 -9999 -9999 -9999 -9999 -9999 -9999 -9999 -9999 -9999 -9999 -9999 -9999 -9999 -9999 -9999 -9999 -9999 -9999 -9999 -9999 -9999 -9999 -9999 -9999 -9999 -9999 -9999 -9999 -9999 -9999 -9999 -9999 -9999 -9999 -9999 -9999 -9999 -9999 -9999 -9999 -9999
