ML/MeanWindSpeed_1991-11_Actual.txt
ncols         180
nrows         290
xllcorner     -200000
yllcorner     -200000
cellsize      5000
NODATA_value  -9999
[rows 175 to 209 of 290, columns 77 to 153 of 180]
-9999 -9999 -9999 -9999 -9999 -9999 -9999 -9999 -9999 15.30 14.17 12.98 12.09 11.49 9.29 8.29 14.52 20.65 10.34 13.72 14.28 13.73 11.85 8.95 8.77 11.12 13.32 11.12 8.92 9.23 10.16 9.56 9.75 10.91 9.96 9.33 8.81 8.88 8.88 8.51 8.37 8.29 13.09 14.06 11.83 12.07 10.19 9.52 10.98 11.23 9.32 9.07 10.27 9.60 9.13 9.78 9.48 10.52 10.05 10.10 10.01 9.99 11.25 10.25 9.99 9.97 9.67 10.04 10.52 10.66 10.99 11.39 10.25 11.99 14.11 -9999 -9999
-9999 -9999 -9999 -9999 -9999 -9999 -9999 -9999 -9999 -9999 16.11 13.30 11.29 9.06 7.69 9.90 23.30 16.04 7.75 13.61 10.34 13.96 13.78 10.02 7.58 13.51 11.62 12.25 10.68 9.08 9.18 9.23 8.63 9.66 10.11 9.68 9.23 8.77 8.88 8.48 8.07 9.66 10.73 14.43 12.29 12.99 12.00 8.07 10.37 12.32 9.54 9.60 10.21 9.49 9.40 9.58 9.53 10.60 9.91 9.86 10.09 9.80 10.54 10.47 10.05 9.93 9.79 9.87 10.36 11.51 10.59 9.99 10.08 11.56 13.75 -9999 -9999
-9999 -9999 -9999 -9999 -9999 -9999 -9999 -9999 -9999 -9999 -9999 13.43 10.39 9.48 10.52 20.14 22.38 15.29 11.28 10.94 12.21 14.15 14.73 14.23 9.83 8.69 14.01 11.68 10.83 10.07 9.06 8.92 9.04 9.14 9.61 9.22 8.80 8.93 8.86 8.61 8.69 9.48 11.30 12.36 10.44 10.83 12.43 10.55 8.09 12.20 9.78 9.71 10.19 9.42 9.45 9.35 9.89 10.54 9.97 9.88 9.93 9.57 11.06 10.53 10.17 10.09 10.00 10.26 10.11 10.14 9.86 9.74 10.13 11.95 13.95 -9999 -9999
-9999 -9999 -9999 -9999 -9999 -9999 -9999 -9999 -9999 -9999 -9999 12.71 10.65 12.04 13.60 15.55 18.67 11.32 8.39 10.53 13.30 14.07 15.27 13.76 10.39 7.70 14.00 13.86 11.52 10.74 9.03 8.69 9.06 9.91 9.54 9.27 9.06 8.59 8.38 8.78 10.54 10.32 8.52 12.89 10.53 11.06 12.78 12.67 10.41 9.54 9.19 8.20 9.57 10.25 9.36 9.26 9.13 9.75 9.65 10.08 9.88 9.73 10.28 10.87 10.54 10.55 10.31 10.25 10.00 9.69 9.66 10.15 11.26 12.96 -9999 -9999 -9999
-9999 -9999 -9999 -9999 -9999 -9999 -9999 -9999 -9999 -9999 -9999 11.60 10.96 11.73 11.04 15.43 13.71 10.20 11.26 9.34 10.83 13.93 12.96 15.44 12.62 8.64 12.86 14.13 13.56 10.53 9.52 8.50 9.33 10.40 10.08 9.31 8.85 8.53 8.83 10.16 10.40 8.85 8.61 11.30 11.02 10.74 10.70 10.18 10.23 10.86 7.92 8.86 9.14 8.91 9.34 8.96 9.80 9.09 9.50 9.88 9.84 10.11 11.96 11.16 10.69 10.51 10.44 10.26 10.02 9.80 9.93 11.12 12.70 -9999 -9999 -9999 -9999
-9999 -9999 -9999 -9999 -9999 -9999 -9999 -9999 -9999 -9999 13.10 19.48 12.24 12.86 13.85 9.17 18.53 15.90 14.49 12.66 14.96 12.28 13.17 11.87 10.22 11.47 15.08 13.76 13.21 10.34 9.17 8.32 9.72 9.89 9.48 9.20 8.64 8.70 10.07 9.69 9.10 10.05 10.87 8.68 12.80 11.91 9.19 9.89 9.37 8.76 8.73 8.06 8.07 8.31 9.33 8.93 8.46 9.92 9.39 9.67 9.99 10.53 12.03 11.17 10.68 10.60 10.31 10.20 9.85 9.73 10.71 12.22 -9999 -9999 -9999 -9999 -9999
-9999 -9999 -9999 -9999 -9999 -9999 -9999 -9999 14.43 13.57 16.70 14.54 12.07 12.28 13.01 8.79 9.93 11.76 15.18 14.52 15.79 14.38 14.46 9.07 11.61 11.69 9.41 10.14 9.77 10.45 9.45 8.66 9.43 9.63 9.55 8.92 9.07 10.30 9.63 9.95 9.03 10.40 10.95 10.45 9.38 8.59 10.13 9.65 9.17 9.16 9.08 8.87 7.70 8.61 8.53 7.97 8.29 8.84 9.24 9.67 9.74 10.46 11.82 11.04 10.43 10.41 10.07 9.90 9.63 9.99 11.25 -9999 -9999 -9999 -9999 -9999 13.90
-9999 -9999 -9999 -9999 -9999 -9999 -9999 14.76 14.23 13.94 13.97 13.52 13.16 11.82 9.76 8.39 9.61 11.13 13.37 20.02 12.47 10.52 10.07 7.34 13.62 14.96 14.33 11.21 10.01 10.42 9.99 9.35 9.43 9.84 9.31 9.04 9.23 10.10 10.45 9.03 8.96 10.48 10.49 9.97 9.34 9.43 9.76 8.70 9.19 8.31 8.35 8.93 8.37 7.91 7.53 7.87 8.78 8.63 8.91 9.28 9.59 10.11 11.79 11.18 10.34 10.00 9.75 9.64 9.52 9.90 10.94 -9999 -9999 -9999 -9999 -9999 12.51
-9999 -9999 -9999 -9999 -9999 -9999 15.41 15.87 14.92 14.61 -9999 -9999 -9999 -9999 10.44 15.45 13.04 12.48 14.59 12.61 10.44 13.03 12.11 10.78 19.62 17.18 14.55 14.94 11.79 9.69 9.93 9.73 9.07 9.04 8.86 8.57 9.27 9.09 10.48 9.21 9.03 9.40 9.83 9.97 9.71 8.75 8.82 8.72 8.65 8.35 8.11 7.83 7.73 7.61 7.90 8.54 8.47 8.32 9.00 9.59 9.79 9.89 10.84 10.74 10.53 9.68 9.53 9.42 9.27 9.41 10.26 11.83 -9999 -9999 -9999 -9999 11.44
-9999 -9999 -9999 -9999 -9999 -9999 16.87 18.02 14.89 15.38 -9999 -9999 -9999 -9999 10.96 13.50 14.77 9.82 13.99 13.06 12.38 15.40 16.91 13.80 17.47 11.01 12.20 12.18 11.01 9.63 9.37 9.37 9.00 9.11 9.52 8.55 9.21 9.13 9.45 10.03 9.07 9.21 8.57 9.33 10.15 10.43 10.28 8.79 8.24 8.16 8.10 8.45 7.87 8.02 8.48 8.74 9.32 8.62 10.31 10.28 10.46 9.65 10.11 10.19 10.09 9.39 9.44 9.35 9.15 9.10 9.29 10.31 11.28 -9999 -9999 11.90 11.27
-9999 -9999 -9999 -9999 -9999 -9999 -9999 -9999 -9999 -9999 -9999 -9999 -9999 -9999 11.94 15.55 13.27 9.61 11.42 9.79 16.50 15.84 11.27 14.45 13.89 12.40 13.04 10.95 10.00 9.07 9.68 9.18 9.33 9.00 8.54 8.49 8.52 8.50 8.96 9.65 9.03 8.75 8.96 9.25 8.94 9.70 9.87 8.05 9.23 10.15 9.06 9.05 8.68 7.72 8.53 9.38 10.22 9.86 9.25 9.60 10.24 9.74 10.12 9.96 9.92 9.21 9.35 9.34 9.23 9.06 8.79 9.07 9.78 10.75 11.23 10.95 10.89
-9999 -9999 -9999 -9999 -9999 -9999 -9999 -9999 -9999 -9999 -9999 -9999 -9999 -9999 -9999 15.55 7.46 7.67 11.03 15.20 14.31 15.94 15.06 11.20 12.47 13.80 10.53 9.99 9.06 8.89 8.79 9.04 9.00 8.92 8.57 8.31 8.25 8.63 8.64 9.32 9.10 8.65 10.70 10.01 8.74 8.58 8.54 8.61 8.48 9.48 9.69 9.22 10.28 8.60 8.31 8.95 8.54 8.83 8.89 8.75 9.95 9.96 9.74 9.51 9.92 9.27 9.36 9.32 9.19 9.11 9.07 9.11 9.16 9.69 10.13 10.31 10.19
-9999 -9999 -9999 -9999 -9999 -9999 -9999 -9999 -9999 -9999 -9999 -9999 -9999 -9999 -9999 11.29 15.05 15.92 13.66 11.87 11.22 13.78 11.76 11.98 10.58 10.14 12.07 9.47 9.04 10.54 9.73 9.28 8.84 8.13 8.06 8.67 8.58 9.71 9.67 9.41 8.90 8.42 10.34 11.15 9.77 8.66 8.24 8.53 8.54 8.43 8.78 9.61 11.81 10.46 8.58 8.10 8.40 9.34 10.26 10.21 9.70 10.19 9.94 9.85 9.67 9.42 9.43 9.35 9.37 9.31 9.29 9.35 9.46 9.69 9.97 10.34 10.31
-9999 -9999 -9999 -9999 -9999 -9999 -9999 -9999 -9999 -9999 -9999 -9999 -9999 -9999 14.03 13.13 10.46 18.01 12.25 10.09 12.68 12.44 11.24 14.19 10.90 10.44 12.64 8.91 14.65 11.36 9.31 9.30 10.25 8.53 8.12 10.94 10.74 9.89 8.80 9.24 9.11 8.73 9.37 9.93 9.69 8.94 8.59 8.43 8.46 8.76 8.56 9.79 9.78 9.30 8.77 8.33 8.91 9.78 10.69 10.62 9.57 9.78 10.10 10.12 9.82 9.56 9.47 9.46 9.48 9.46 9.41 9.48 9.61 9.64 9.88 10.56 10.56
-9999 -9999 -9999 -9999 -9999 -9999 -9999 -9999 -9999 -9999 -9999 -9999 -9999 -9999 12.73 13.03 17.73 11.52 7.32 9.56 9.91 11.59 14.38 14.30 11.63 11.15 11.01 9.11 9.63 10.33 11.62 11.31 9.29 9.16 8.97 9.43 10.06 8.78 8.60 9.29 9.18 9.58 9.83 9.32 9.56 9.25 8.80 8.56 8.40 8.44 8.53 9.36 9.66 9.21 8.30 8.60 9.69 10.80 10.13 10.74 10.66 10.18 9.90 10.63 9.84 9.95 9.60 9.57 9.45 9.47 9.49 9.46 9.53 9.62 9.78 10.72 10.56
-9999 -9999 -9999 -9999 -9999 -9999 -9999 -9999 -9999 -9999 -9999 -9999 -9999 -9999 13.93 15.41 8.44 9.88 8.94 10.36 10.49 15.20 13.54 15.19 12.36 11.29 9.32 8.05 8.59 11.67 13.70 14.72 9.81 11.20 9.96 10.10 9.82 8.25 8.53 8.88 9.19 9.62 9.04 9.09 10.32 9.58 8.67 8.64 9.71 8.28 8.71 9.08 8.97 8.54 8.34 8.96 9.45 9.81 9.94 9.97 9.41 9.51 10.16 10.41 9.43 9.40 9.56 9.51 9.49 9.39 9.28 9.36 9.44 9.55 9.73 10.08 9.97
-9999 -9999 -9999 -9999 -9999 -9999 -9999 -9999 -9999 -9999 -9999 -9999 -9999 -9999 -9999 9.95 10.76 12.68 14.95 15.80 13.47 13.80 11.88 9.19 9.24 8.56 9.52 9.58 8.52 9.82 10.39 13.57 11.27 9.98 9.76 11.09 10.57 8.48 9.37 8.40 8.61 10.85 9.13 8.88 8.79 8.97 8.34 8.43 9.98 9.30 8.62 9.12 8.77 8.55 8.92 9.70 9.28 9.18 8.87 9.60 8.96 10.21 10.31 9.41 9.26 9.81 9.66 9.33 9.28 9.17 9.17 9.27 9.34 9.45 9.53 9.60 9.68
-9999 -9999 -9999 -9999 -9999 -9999 -9999 -9999 -9999 -9999 -9999 -9999 -9999 -9999 -9999 11.27 11.97 12.88 14.90 17.54 16.02 12.56 9.89 8.46 10.12 12.15 14.00 15.62 12.15 9.57 10.12 11.31 10.65 8.68 11.87 11.04 10.77 9.38 10.10 8.81 8.40 9.12 10.45 9.87 9.05 8.46 8.16 8.63 9.49 9.18 8.78 8.80 9.21 9.44 9.69 10.15 9.39 9.05 10.24 10.31 10.30 10.10 10.32 9.43 9.80 10.30 9.35 9.17 9.15 9.09 9.16 9.18 9.21 9.30 9.37 9.46 9.42
-9999 -9999 -9999 -9999 -9999 -9999 -9999 -9999 -9999 -9999 -9999 -9999 -9999 -9999 12.75 10.34 10.80 12.81 14.09 13.33 13.03 10.76 11.79 16.35 13.45 13.58 13.51 11.39 10.43 11.08 11.40 9.74 8.95 9.60 11.53 11.37 10.72 9.36 10.30 8.47 8.38 9.79 9.23 9.56 9.50 8.68 8.10 8.47 9.35 9.18 8.49 8.76 8.82 8.78 9.59 9.29 10.31 9.78 10.51 9.85 10.19 10.35 9.56 9.46 10.33 10.18 9.22 9.11 9.36 9.10 9.21 9.21 9.31 9.29 9.23 9.23 9.05
-9999 -9999 -9999 -9999 -9999 -9999 -9999 -9999 -9999 -9999 -9999 -9999 -9999 -9999 14.81 12.10 10.31 9.83 11.81 15.63 15.18 13.69 12.02 12.59 13.91 15.01 14.95 10.96 13.00 14.13 10.16 12.28 8.39 9.16 10.95 12.68 9.65 10.18 8.77 7.88 8.17 8.86 11.50 9.87 9.77 9.17 8.76 8.81 9.06 8.81 8.40 8.55 8.50 8.46 8.48 9.77 10.32 10.36 11.01 10.10 9.74 9.85 9.57 10.05 10.51 10.15 9.64 9.90 9.59 9.78 9.35 9.31 9.51 9.49 9.19 9.03 8.84
-9999 -9999 -9999 -9999 -9999 -9999 -9999 -9999 -9999 -9999 -9999 -9999 -9999 -9999 13.19 11.46 7.80 8.81 11.56 15.86 14.23 14.46 11.88 13.45 12.73 11.31 12.20 12.76 12.49 11.01 9.73 10.29 12.80 9.35 9.27 9.42 9.73 11.14 9.55 7.97 8.17 8.83 9.18 9.07 9.96 9.43 9.07 9.20 8.52 8.06 8.63 8.83 8.93 8.39 9.02 10.27 10.31 9.55 9.87 10.80 9.98 10.41 9.65 10.63 10.75 9.94 9.79 9.88 9.23 9.37 9.24 9.24 9.29 9.12 9.00 8.95 8.83
-9999 -9999 -9999 -9999 -9999 -9999 -9999 -9999 -9999 -9999 -9999 -9999 -9999 12.68 13.14 14.32 11.09 8.76 12.43 13.70 15.96 15.79 10.65 10.86 9.93 11.33 12.93 11.12 10.93 12.74 11.27 10.55 10.16 9.25 8.46 8.67 9.78 9.72 9.32 8.94 8.35 8.07 8.76 9.16 8.59 9.05 8.82 9.38 8.55 8.48 8.62 8.20 8.12 8.48 9.66 9.60 9.68 9.16 10.12 10.44 10.26 9.65 10.57 10.70 10.78 10.86 10.33 9.75 9.47 9.21 9.25 9.24 9.06 8.91 8.74 8.66 8.77
-9999 -9999 -9999 -9999 -9999 -9999 -9999 -9999 -9999 -9999 -9999 -9999 13.99 13.40 13.48 11.02 8.96 11.74 14.67 15.29 13.53 15.22 11.34 12.37 10.65 10.24 16.46 11.82 12.39 10.40 10.76 9.41 9.10 9.44 10.45 9.47 11.35 9.59 9.91 8.56 8.24 8.31 8.58 8.96 8.60 8.75 9.12 9.22 7.94 8.50 8.40 8.47 8.62 9.00 9.65 9.01 9.83 9.50 9.88 9.30 9.41 10.71 11.14 10.69 10.88 10.70 9.80 10.07 9.94 9.74 9.55 9.14 8.83 8.52 8.68 8.66 9.28
-9999 -9999 -9999 -9999 -9999 -9999 -9999 -9999 -9999 -9999 15.23 13.60 12.24 10.22 9.43 9.45 9.74 12.93 14.06 15.59 17.14 15.26 12.95 9.10 11.70 11.08 14.77 11.93 11.09 11.14 9.83 9.50 8.45 9.47 11.30 10.68 10.76 8.71 8.90 8.64 8.58 9.12 8.76 9.13 8.43 8.57 8.86 8.13 7.97 8.27 9.06 8.79 9.56 10.22 9.77 9.35 8.97 8.87 9.72 10.32 10.25 10.78 9.99 10.73 10.89 10.22 9.44 9.38 10.09 9.81 9.70 8.83 8.49 8.23 8.46 9.41 9.75
-9999 -9999 -9999 -9999 -9999 -9999 15.29 13.99 12.44 15.24 14.99 14.80 14.50 11.59 10.42 9.59 14.44 12.77 14.67 15.05 14.72 11.73 10.53 8.66 10.09 9.88 16.06 14.47 12.35 10.11 10.45 9.83 11.35 8.64 10.36 10.73 10.28 9.64 8.82 8.31 9.21 8.70 8.22 9.39 8.40 8.39 7.97 8.15 8.60 9.13 8.37 9.15 8.77 9.21 10.16 10.07 9.85 9.64 10.23 10.38 10.20 10.01 10.83 9.94 9.89 9.69 9.29 9.83 9.91 9.84 9.09 8.49 8.46 8.59 9.58 9.67 9.20
-9999 -9999 -9999 -9999 -9999 16.30 13.72 13.87 12.79 11.93 13.41 12.67 13.03 10.86 9.37 12.70 13.42 13.70 10.40 15.67 11.90 9.57 14.61 11.59 8.33 15.16 13.27 12.38 8.61 8.55 9.39 12.51 9.59 8.89 8.75 8.94 10.59 10.33 10.12 8.74 8.88 8.31 8.26 9.03 8.57 8.18 8.11 8.35 8.91 8.69 10.47 8.70 8.39 8.87 9.74 9.28 9.32 9.02 9.31 9.90 9.83 10.64 10.17 9.64 9.68 9.86 9.28 9.40 9.33 8.73 8.51 8.41 8.46 8.61 9.04 9.74 9.63
-9999 -9999 -9999 -9999 16.19 15.21 11.85 11.10 11.10 11.86 11.13 11.50 10.62 11.28 15.49 12.52 11.04 14.29 8.78 11.41 11.28 14.55 13.98 14.69 12.37 11.88 10.41 8.01 12.85 12.55 9.14 9.61 9.16 8.77 9.17 8.53 8.77 10.52 10.77 8.47 8.08 8.13 8.65 8.02 7.60 8.04 10.47 8.51 8.29 8.93 9.69 8.98 8.46 9.07 9.63 9.63 10.19 9.66 9.00 8.98 9.09 10.19 9.92 9.39 10.17 9.96 9.22 9.16 8.89 8.58 8.79 8.85 8.82 9.02 9.04 9.64 8.95
15.85 17.08 14.66 15.96 13.12 12.47 12.80 11.55 10.98 12.92 11.56 11.38 11.51 14.37 13.73 11.87 12.80 11.99 9.87 9.75 13.31 13.80 12.10 12.35 14.02 10.39 7.16 12.79 14.51 11.86 11.80 9.30 9.63 8.80 9.14 10.98 8.97 11.06 9.29 8.28 7.89 8.18 9.74 7.33 7.73 11.66 9.05 8.45 8.45 9.14 9.99 8.63 8.73 9.06 8.80 9.40 9.46 9.01 8.73 9.13 8.85 9.29 9.70 9.77 9.36 8.96 8.62 8.46 8.86 10.19 9.54 10.36 9.70 8.65 9.72 9.36 9.41
15.33 13.50 12.78 15.27 17.95 16.32 15.57 12.29 13.27 14.86 13.42 12.77 14.86 12.95 12.19 14.53 11.41 8.82 9.76 10.23 12.97 12.70 12.15 11.54 10.66 8.49 10.37 19.79 15.71 12.07 9.68 10.23 9.65 11.12 9.46 9.95 9.02 8.85 8.72 8.69 8.00 7.68 7.63 7.18 10.65 11.21 10.18 8.75 8.39 10.97 9.50 8.78 8.98 8.56 9.28 9.23 8.96 8.28 9.41 9.05 8.48 10.08 9.90 8.89 8.67 8.55 8.34 8.79 9.74 10.12 9.93 10.40 9.67 9.24 9.84 9.44 8.75
15.00 12.51 12.71 13.80 14.12 13.29 11.75 13.52 12.28 14.04 10.81 11.96 14.31 13.27 11.56 12.48 8.85 8.22 12.17 13.15 11.78 10.27 12.33 9.25 7.96 7.52 12.57 15.81 16.30 9.82 10.61 10.86 11.14 10.16 8.71 10.12 9.52 9.13 8.47 8.69 7.36 6.97 7.94 7.95 10.57 10.27 9.53 8.38 9.20 10.71 10.08 9.58 9.06 9.20 9.03 8.69 8.35 8.40 8.93 9.29 8.93 8.79 8.75 8.49 9.54 10.10 8.57 8.84 9.61 9.86 9.44 9.96 9.91 9.92 9.85 8.81 8.84
13.93 13.71 12.46 12.84 12.32 12.76 11.99 11.93 12.96 11.38 12.09 10.70 10.38 10.17 9.55 8.84 10.89 9.72 13.55 19.62 10.97 11.03 11.70 16.24 15.64 7.68 7.30 17.29 13.34 11.29 11.96 13.11 10.87 8.73 8.05 10.45 10.77 9.21 8.36 7.92 7.19 7.06 8.26 10.79 10.95 9.47 9.09 8.77 8.60 8.70 9.75 9.11 8.96 8.66 8.27 8.02 8.06 9.04 8.83 8.63 8.69 7.85 8.06 9.00 8.91 9.57 8.91 8.83 8.85 9.09 9.67 9.91 9.96 9.98 10.00 8.70 8.26
15.80 13.08 12.26 12.92 11.70 11.97 11.89 11.82 10.60 10.37 11.19 10.34 11.69 10.37 12.14 8.81 12.07 14.08 13.96 14.93 15.65 12.88 15.00 17.12 11.99 13.83 11.92 7.21 12.76 12.72 9.46 9.96 8.26 9.94 9.76 12.83 11.76 9.12 8.21 7.32 7.05 8.21 10.99 9.49 11.09 9.45 9.15 9.84 8.72 9.98 8.64 8.88 8.46 8.15 7.99 8.22 8.29 8.42 8.12 8.00 7.73 7.91 8.96 9.81 9.21 8.47 9.07 8.49 9.43 8.75 8.76 9.09 9.41 9.65 9.64 9.14 8.15
15.61 13.92 12.58 11.87 13.16 14.07 15.58 14.06 12.31 11.18 10.18 10.51 13.36 10.48 11.50 8.66 10.82 11.26 10.23 8.97 11.72 10.86 13.05 13.10 15.53 13.64 14.27 12.92 17.02 10.92 9.62 9.00 10.08 9.51 12.14 11.62 11.77 8.46 7.84 7.03 10.61 11.30 10.75 10.98 9.14 9.63 9.80 9.56 8.84 8.79 8.76 8.41 8.17 8.11 8.04 8.64 8.75 8.97 8.32 7.62 7.64 8.46 10.19 8.50 8.92 8.89 8.37 8.25 8.44 8.15 8.34 8.98 8.75 9.24 9.22 8.88 8.66
15.76 14.60 13.24 12.44 12.50 14.10 14.27 14.83 13.77 12.58 11.55 10.78 11.14 13.40 9.54 13.64 12.49 12.23 13.20 11.50 9.28 9.40 11.20 10.09 12.23 12.14 10.68 15.52 15.38 9.38 10.15 8.02 8.86 10.73 11.54 10.80 9.94 8.22 7.60 9.12 8.47 10.26 9.96 9.28 9.59 9.33 9.05 9.10 8.40 8.06 8.01 7.94 9.43 8.16 8.91 8.26 8.18 7.72 7.51 7.71 8.70 9.88 9.36 8.90 8.98 8.64 8.19 8.27 8.72 9.09 7.79 8.76 9.62 8.96 8.66 8.92 8.03
15.57 14.56 13.91 14.22 15.02 16.10 -9999 -9999 -9999 -9999 13.19 12.45 13.09 10.42 9.28 10.80 10.81 10.34 9.73 6.21 15.26 15.89 10.69 9.32 9.56 11.24 12.28 14.35 11.43 9.73 8.58 7.72 11.99 10.72 12.32 9.23 8.82 8.24 7.98 10.00 8.25 9.78 9.63 8.86 9.01 8.84 8.61 8.22 7.95 7.82 7.88 7.94 9.14 8.37 8.71 8.68 8.11 7.85 7.73 9.24 9.06 9.30 9.40 9.41 7.95 7.74 7.47 8.53 8.96 8.60 7.47 8.37 9.13 8.93 8.53 9.16 8.65
