ML/MeanWindSpeed_1992-08_Actual.txt
ncols         180
nrows         290
xllcorner     -200000
yllcorner     -200000
cellsize      5000
NODATA_value  -9999
[rows 140 to 174 of 290, columns 78 to 155 of 180]
-9999 -9999 -9999 13.12 -9999 -9999 -9999 11.65 12.19 11.07 11.00 11.70 -9999 -9999 12.31 10.69 13.30 14.34 -9999 -9999 -9999 -9999 -9999 10.96 9.98 7.80 7.96 7.72 8.59 8.55 9.33 9.43 7.12 9.42 12.54 14.02 10.78 12.72 13.60 13.96 11.32 12.04 12.37 11.06 8.74 8.72 9.16 6.43 7.24 9.33 10.38 -9999 -9999 -9999 -9999 -9999 -9999 -9999 -9999 -9999 -9999 -9999 -9999 -9999 -9999 -9999 -9999 -9999 -9999 -9999 -9999 -9999 -9999 -9999 -9999 -9999 -9999 -9999
-9999 -9999 -9999 12.82 12.70 -9999 -9999 -9999 11.67 12.66 12.39 12.59 -9999 -9999 -9999 -9999 12.64 -9999 -9999 -9999 -9999 -9999 -9999 9.83 9.03 8.13 8.74 9.61 9.74 9.08 9.35 8.70 7.71 7.81 11.28 13.05 9.03 14.72 14.11 15.26 11.74 11.93 13.77 11.16 9.43 8.76 7.22 6.04 7.28 9.20 10.13 -9999 -9999 -9999 -9999 -9999 -9999 -9999 -9999 -9999 -9999 -9999 -9999 -9999 -9999 -9999 -9999 -9999 -9999 -9999 -9999 -9999 -9999 -9999 -9999 -9999 -9999 -9999
-9999 -9999 -9999 -9999 14.05 -9999 -9999 -9999 -9999 12.02 13.23 12.90 -9999 -9999 -9999 -9999 -9999 -9999 -9999 -9999 -9999 -9999 10.85 9.75 9.75 9.55 9.57 11.04 10.84 10.13 10.14 9.39 9.02 7.46 8.89 15.64 15.64 14.76 14.21 11.39 10.38 10.88 9.27 7.45 9.95 10.16 6.97 6.54 7.87 9.11 9.93 10.38 -9999 -9999 -9999 -9999 -9999 -9999 -9999 -9999 -9999 -9999 -9999 -9999 -9999 -9999 -9999 -9999 -9999 -9999 -9999 -9999 -9999 -9999 -9999 -9999 -9999 -9999
-9999 -9999 -9999 -9999 15.14 -9999 -9999 -9999 -9999 -9999 -9999 -9999 -9999 -9999 -9999 -9999 -9999 -9999 -9999 -9999 -9999 -9999 11.21 9.35 8.00 6.93 6.27 14.21 11.48 10.26 12.39 9.49 10.60 6.21 6.59 13.08 17.45 13.36 11.23 15.75 17.76 15.99 13.21 11.66 7.51 8.27 8.03 9.05 8.31 8.43 9.74 10.27 10.32 -9999 -9999 -9999 -9999 -9999 -9999 -9999 -9999 -9999 -9999 -9999 -9999 -9999 -9999 -9999 -9999 -9999 -9999 -9999 -9999 -9999 -9999 -9999 -9999 -9999
-9999 -9999 -9999 -9999 -9999 -9999 -9999 -9999 -9999 -9999 -9999 -9999 -9999 -9999 -9999 -9999 -9999 -9999 -9999 -9999 -9999 11.62 10.67 8.89 7.18 10.25 5.38 18.86 17.60 9.40 10.55 9.47 8.64 8.81 5.88 7.48 17.22 16.23 13.72 12.10 11.17 13.82 13.29 12.04 9.89 8.68 8.42 8.09 7.89 8.66 8.43 8.42 9.16 -9999 -9999 -9999 -9999 -9999 -9999 -9999 -9999 -9999 -9999 -9999 -9999 -9999 -9999 -9999 -9999 -9999 -9999 -9999 -9999 -9999 -9999 -9999 -9999 -9999
-9999 -9999 -9999 -9999 -9999 -9999 -9999 -9999 -9999 -9999 -9999 -9999 -9999 -9999 -9999 -9999 -9999 -9999 -9999 -9999 -9999 10.83 11.53 8.24 9.68 17.48 9.40 5.82 11.96 13.08 10.58 10.06 9.28 8.69 7.13 6.85 8.78 18.00 14.99 13.61 11.26 11.15 11.33 9.52 9.27 9.22 10.04 8.31 9.04 8.04 7.92 7.49 7.84 8.54 9.18 9.49 -9999 -9999 -9999 -9999 -9999 -9999 -9999 -9999 -9999 -9999 -9999 -9999 -9999 -9999 -9999 -9999 -9999 -9999 -9999 -9999 -9999 -9999
-9999 -9999 -9999 -9999 -9999 -9999 -9999 -9999 -9999 -9999 -9999 -9999 -9999 -9999 -9999 -9999 -9999 -9999 -9999 -9999 -9999 10.87 10.61 9.91 13.23 8.33 8.07 9.57 14.24 10.70 9.18 13.23 7.62 10.21 8.52 7.74 7.07 10.40 12.91 12.72 11.91 11.28 9.04 9.25 8.71 8.24 8.00 8.28 8.08 8.15 7.28 6.96 7.09 10.37 8.78 10.15 11.31 11.30 -9999 -9999 -9999 -9999 -9999 -9999 -9999 -9999 -9999 -9999 -9999 -9999 -9999 -9999 -9999 -9999 -9999 -9999 -9999 -9999
-9999 -9999 -9999 -9999 -9999 -9999 -9999 -9999 -9999 -9999 -9999 -9999 -9999 -9999 -9999 -9999 -9999 -9999 -9999 -9999 -9999 10.86 10.49 11.47 17.00 17.85 12.79 8.77 10.18 11.22 14.16 8.92 12.75 10.69 9.56 9.53 8.57 6.46 7.36 12.47 12.13 11.26 10.37 9.42 8.91 8.89 8.72 8.10 8.25 7.88 7.13 7.42 7.35 8.25 11.26 10.93 11.32 12.83 12.81 10.78 -9999 -9999 -9999 -9999 -9999 -9999 -9999 -9999 -9999 -9999 -9999 -9999 -9999 -9999 -9999 -9999 -9999 -9999
-9999 -9999 -9999 -9999 -9999 -9999 -9999 -9999 -9999 -9999 -9999 -9999 -9999 -9999 -9999 -9999 -9999 -9999 -9999 -9999 -9999 11.25 9.95 12.40 13.98 8.90 21.72 17.83 9.61 12.10 9.68 13.94 14.79 10.58 8.73 9.34 9.34 6.75 14.96 13.53 13.32 14.10 14.48 13.41 9.65 10.76 9.24 8.69 8.53 8.24 7.96 7.51 6.65 7.39 10.26 9.32 9.15 10.23 11.87 10.11 13.02 -9999 -9999 -9999 -9999 -9999 -9999 -9999 -9999 -9999 -9999 -9999 -9999 -9999 -9999 -9999 -9999 -9999
-9999 -9999 -9999 -9999 -9999 -9999 -9999 -9999 -9999 11.39 11.73 12.39 -9999 -9999 -9999 -9999 -9999 -9999 -9999 -9999 -9999 -9999 11.19 10.10 8.81 11.11 13.16 16.35 9.19 6.17 11.83 11.11 10.26 8.92 10.83 10.77 8.95 9.54 12.46 12.66 16.78 15.50 13.02 12.30 12.84 10.97 9.51 8.98 8.56 8.55 7.80 7.13 11.72 10.49 13.97 14.62 13.48 12.33 9.51 12.75 13.09 11.72 -9999 -9999 -9999 -9999 -9999 -9999 -9999 -9999 -9999 -9999 -9999 -9999 -9999 -9999 -9999 -9999
-9999 -9999 -9999 -9999 -9999 -9999 -9999 -9999 -9999 10.02 10.23 -9999 -9999 -9999 -9999 -9999 -9999 -9999 -9999 -9999 -9999 -9999 -9999 10.18 7.57 11.97 12.30 20.44 11.18 11.08 10.01 7.64 6.80 7.35 7.09 15.83 8.90 9.93 15.26 12.50 9.49 8.90 13.88 9.61 12.72 10.52 9.18 8.57 8.44 7.98 8.45 10.91 11.94 10.96 10.52 10.10 11.54 12.75 12.17 12.55 12.18 14.28 -9999 -9999 -9999 -9999 -9999 -9999 -9999 -9999 -9999 -9999 -9999 -9999 -9999 -9999 -9999 -9999
-9999 -9999 -9999 -9999 -9999 -9999 -9999 -9999 9.92 13.06 12.74 11.88 -9999 -9999 -9999 -9999 -9999 -9999 -9999 -9999 -9999 -9999 -9999 10.66 12.56 13.38 13.50 10.73 12.16 9.71 8.95 7.71 6.92 8.95 7.27 5.61 15.28 10.48 9.48 13.61 11.49 14.71 11.52 11.90 10.22 9.80 9.22 9.07 8.21 7.71 9.08 10.50 9.46 10.40 11.50 11.14 11.83 11.67 11.99 12.28 10.66 13.75 12.28 -9999 -9999 -9999 -9999 -9999 -9999 -9999 -9999 -9999 -9999 -9999 -9999 -9999 -9999 -9999
-9999 -9999 -9999 -9999 -9999 -9999 -9999 8.85 13.56 15.41 18.88 11.85 -9999 -9999 -9999 -9999 -9999 -9999 -9999 -9999 -9999 -9999 -9999 11.86 16.65 13.54 8.81 10.37 9.55 10.09 7.90 6.93 7.87 9.08 6.28 13.00 9.71 13.24 9.94 15.22 9.21 10.81 8.72 11.22 9.48 9.78 9.89 8.55 8.36 7.67 7.81 11.15 11.57 11.07 9.86 10.20 9.97 10.16 10.59 12.38 12.36 11.78 12.52 -9999 -9999 -9999 -9999 -9999 -9999 -9999 -9999 -9999 -9999 -9999 -9999 -9999 -9999 -9999
-9999 -9999 -9999 -9999 -9999 -9999 10.32 9.72 17.44 14.05 13.33 -9999 -9999 -9999 -9999 -9999 -9999 -9999 -9999 -9999 -9999 -9999 -9999 -9999 11.82 9.69 9.05 11.44 8.58 10.66 8.42 7.62 7.31 8.09 6.39 13.08 12.74 13.96 13.27 14.39 14.33 14.29 12.67 11.99 12.11 11.35 9.11 8.71 8.51 7.97 7.71 8.41 13.32 11.92 9.09 8.61 8.85 8.63 8.79 8.88 9.20 9.00 10.01 11.62 12.27 -9999 -9999 -9999 -9999 -9999 -9999 -9999 -9999 -9999 -9999 -9999 -9999 -9999
-9999 -9999 -9999 -9999 -9999 -9999 13.09 14.82 10.65 11.03 11.57 -9999 -9999 -9999 -9999 -9999 -9999 -9999 -9999 -9999 -9999 -9999 -9999 -9999 -9999 10.24 10.91 10.02 8.85 9.96 9.04 8.85 8.19 8.87 6.42 13.03 11.93 10.86 13.49 12.26 11.41 16.23 15.98 11.76 13.51 11.97 11.19 9.03 8.54 8.30 7.91 8.01 9.01 9.50 8.77 8.80 8.76 8.78 8.46 8.35 8.47 8.76 12.06 12.32 11.88 -9999 -9999 -9999 -9999 -9999 -9999 -9999 -9999 -9999 -9999 -9999 -9999 -9999
-9999 -9999 -9999 -9999 -9999 -9999 13.74 12.07 12.55 11.38 -9999 -9999 -9999 -9999 -9999 -9999 -9999 -9999 -9999 -9999 -9999 -9999 -9999 -9999 -9999 11.18 11.25 10.59 -9999 10.05 -9999 9.24 8.06 7.28 6.07 6.26 12.17 11.31 11.87 15.76 8.22 9.41 15.70 13.37 12.51 12.22 10.77 9.30 8.84 8.69 8.20 8.14 8.32 9.31 10.54 9.36 10.02 8.90 8.09 9.30 10.74 10.37 9.79 9.89 11.78 13.60 14.04 -9999 -9999 -9999 -9999 -9999 -9999 -9999 -9999 -9999 -9999 -9999
-9999 -9999 -9999 -9999 -9999 13.11 11.89 11.47 -9999 -9999 -9999 -9999 -9999 -9999 -9999 -9999 -9999 -9999 -9999 -9999 -9999 -9999 -9999 -9999 -9999 12.03 11.02 10.17 -9999 -9999 -9999 9.12 9.69 6.30 7.24 8.62 7.30 7.38 9.54 14.25 14.05 8.26 13.05 14.88 11.60 12.91 11.59 10.28 8.30 8.47 8.23 8.22 8.30 8.61 9.11 9.15 9.61 8.29 8.97 10.37 11.41 11.82 11.63 10.70 10.56 11.66 12.84 -9999 -9999 -9999 -9999 -9999 -9999 -9999 -9999 -9999 -9999 -9999
-9999 -9999 -9999 -9999 -9999 -9999 -9999 -9999 -9999 -9999 -9999 -9999 -9999 -9999 -9999 -9999 -9999 -9999 -9999 -9999 -9999 -9999 -9999 -9999 -9999 -9999 -9999 -9999 -9999 -9999 9.95 8.16 7.96 9.82 10.87 11.51 11.29 9.52 10.04 13.20 12.86 10.59 8.31 12.06 13.54 11.62 10.60 9.70 8.92 8.69 8.90 8.38 8.23 8.35 8.42 8.41 7.99 9.20 12.31 10.66 11.50 10.72 10.83 9.88 10.48 11.37 -9999 -9999 -9999 -9999 -9999 -9999 -9999 -9999 -9999 -9999 -9999 -9999
-9999 -9999 -9999 -9999 -9999 -9999 -9999 -9999 -9999 -9999 -9999 -9999 -9999 -9999 -9999 -9999 -9999 -9999 -9999 -9999 -9999 -9999 -9999 -9999 -9999 -9999 -9999 -9999 -9999 -9999 9.35 8.01 9.49 12.26 15.17 13.63 10.14 11.42 8.44 9.06 8.45 10.38 11.04 11.90 12.22 11.79 10.40 9.90 9.50 8.71 8.92 8.32 8.28 8.37 8.49 8.42 7.95 8.81 13.26 12.41 10.55 10.22 10.01 9.80 10.46 11.60 -9999 -9999 -9999 -9999 -9999 -9999 -9999 -9999 -9999 -9999 -9999 -9999
-9999 -9999 -9999 -9999 -9999 -9999 -9999 -9999 -9999 -9999 -9999 -9999 -9999 -9999 -9999 -9999 -9999 -9999 -9999 -9999 -9999 -9999 -9999 -9999 -9999 -9999 -9999 -9999 -9999 -9999 8.66 7.40 7.88 11.01 12.31 11.71 10.62 10.13 9.07 9.72 8.45 8.33 9.28 7.58 12.14 10.59 11.66 10.21 9.86 8.54 8.30 8.43 8.36 8.44 8.43 8.47 8.34 8.40 10.85 11.90 10.93 10.24 10.21 9.95 10.42 11.26 -9999 -9999 -9999 -9999 -9999 -9999 -9999 -9999 -9999 -9999 -9999 -9999
-9999 -9999 -9999 -9999 -9999 -9999 -9999 -9999 -9999 -9999 -9999 -9999 -9999 -9999 -9999 -9999 -9999 -9999 -9999 -9999 -9999 -9999 -9999 -9999 -9999 -9999 -9999 -9999 11.05 9.67 8.08 7.22 10.14 11.99 15.05 11.31 13.04 7.77 9.04 8.94 10.08 10.65 10.30 12.36 8.53 8.87 8.90 8.86 8.38 9.29 8.30 8.27 8.61 8.32 8.34 8.55 8.48 8.64 9.20 11.37 10.88 10.20 10.11 10.07 10.12 10.60 11.52 -9999 -9999 -9999 -9999 -9999 -9999 -9999 -9999 -9999 -9999 -9999
-9999 -9999 -9999 -9999 -9999 -9999 -9999 -9999 -9999 -9999 -9999 -9999 -9999 -9999 -9999 -9999 -9999 -9999 -9999 -9999 -9999 -9999 -9999 -9999 -9999 -9999 -9999 -9999 10.43 8.97 8.03 7.54 8.09 11.30 8.86 8.78 7.11 8.86 12.24 9.57 11.09 10.43 11.70 7.94 12.13 9.73 10.99 10.56 10.56 9.20 8.70 8.33 8.18 8.18 8.32 8.45 8.63 8.70 8.90 9.81 11.25 10.62 10.11 10.17 9.82 9.89 11.04 -9999 -9999 -9999 -9999 -9999 -9999 -9999 -9999 -9999 -9999 -9999
-9999 -9999 -9999 -9999 -9999 -9999 -9999 -9999 -9999 -9999 -9999 -9999 -9999 -9999 -9999 -9999 -9999 -9999 -9999 -9999 -9999 -9999 -9999 -9999 -9999 -9999 -9999 -9999 10.49 8.89 8.34 7.94 8.22 8.79 9.10 8.18 7.21 8.87 9.38 8.72 10.58 13.06 10.36 9.73 8.26 10.24 8.36 9.06 9.75 10.04 9.00 8.66 8.16 8.13 8.32 8.48 8.67 8.84 8.97 9.50 10.94 11.75 10.58 10.03 9.65 9.41 10.15 11.30 -9999 -9999 -9999 -9999 -9999 -9999 -9999 -9999 -9999 -9999
-9999 -9999 -9999 -9999 -9999 -9999 -9999 -9999 -9999 -9999 -9999 -9999 -9999 -9999 -9999 -9999 -9999 -9999 -9999 -9999 -9999 -9999 -9999 -9999 -9999 -9999 -9999 -9999 10.18 9.02 8.63 8.59 8.34 8.17 7.82 8.58 9.78 7.33 7.48 8.65 13.44 13.31 14.30 12.60 10.31 9.94 10.39 8.81 8.15 9.29 9.68 8.58 8.15 8.22 8.19 8.46 8.75 9.06 9.13 9.36 11.16 12.45 11.13 10.43 10.00 9.33 9.44 10.57 11.63 -9999 -9999 -9999 -9999 -9999 -9999 -9999 -9999 -9999
-9999 -9999 -9999 -9999 -9999 -9999 -9999 -9999 -9999 -9999 -9999 -9999 -9999 -9999 -9999 -9999 -9999 -9999 -9999 -9999 -9999 -9999 -9999 -9999 -9999 -9999 -9999 -9999 10.13 8.77 8.44 8.25 7.93 7.47 8.05 7.64 8.97 9.62 11.56 13.02 13.89 10.88 12.72 11.16 10.96 9.33 10.61 9.88 8.98 8.25 8.06 8.30 8.13 8.26 8.40 8.66 8.89 9.25 9.50 9.70 10.17 11.34 11.01 10.43 10.21 9.94 9.61 9.73 10.99 -9999 -9999 -9999 -9999 -9999 -9999 -9999 -9999 -9999
-9999 -9999 -9999 -9999 -9999 -9999 -9999 -9999 -9999 -9999 -9999 -9999 -9999 -9999 -9999 -9999 -9999 -9999 -9999 -9999 -9999 -9999 -9999 -9999 -9999 -9999 -9999 -9999 -9999 8.77 8.44 8.05 7.45 8.00 9.98 10.05 10.99 9.89 9.60 11.79 11.38 12.67 11.63 9.49 7.95 8.59 8.43 9.79 8.87 8.52 9.05 8.75 8.18 8.52 8.52 8.78 8.91 9.20 9.57 9.87 10.15 10.11 10.38 10.44 10.48 -9999 10.16 10.41 11.16 12.51 -9999 -9999 -9999 -9999 -9999 -9999 -9999 -9999
-9999 -9999 -9999 -9999 -9999 -9999 -9999 -9999 -9999 -9999 -9999 -9999 -9999 -9999 -9999 -9999 -9999 -9999 -9999 -9999 -9999 -9999 -9999 -9999 -9999 -9999 -9999 -9999 9.88 8.65 8.26 7.57 7.14 7.49 11.70 12.34 10.38 13.31 12.75 10.80 10.37 14.46 12.19 12.40 9.66 7.75 9.80 8.45 7.91 8.71 8.85 8.42 8.66 8.48 8.59 8.76 9.01 9.04 9.25 10.89 10.20 9.68 11.06 10.28 10.19 10.18 -9999 11.02 11.65 12.71 13.52 -9999 -9999 -9999 -9999 -9999 -9999 -9999
-9999 -9999 -9999 -9999 -9999 -9999 -9999 -9999 -9999 -9999 -9999 -9999 -9999 -9999 -9999 -9999 -9999 -9999 -9999 -9999 -9999 -9999 -9999 -9999 -9999 -9999 -9999 -9999 9.60 8.39 8.06 7.51 9.09 8.23 9.49 12.66 9.51 9.99 10.41 8.50 8.43 12.21 11.36 11.21 8.02 9.99 10.95 8.63 9.74 8.94 9.51 9.23 8.87 8.54 8.60 8.71 8.81 8.81 8.88 9.24 9.88 9.07 9.44 10.13 9.47 10.06 10.44 -9999 -9999 -9999 -9999 -9999 -9999 -9999 -9999 -9999 -9999 -9999
-9999 -9999 -9999 -9999 -9999 -9999 -9999 -9999 -9999 -9999 -9999 -9999 -9999 -9999 -9999 -9999 -9999 -9999 -9999 -9999 -9999 -9999 -9999 -9999 -9999 -9999 -9999 10.70 8.86 8.09 8.85 8.41 8.63 8.35 9.49 9.83 9.40 9.24 8.84 8.58 8.94 11.53 13.81 13.77 9.25 11.82 11.19 8.79 9.19 8.29 9.00 9.31 8.76 8.44 8.75 8.74 8.72 8.89 8.83 9.15 9.44 9.42 9.27 10.69 9.98 9.80 9.91 10.88 11.89 -9999 -9999 -9999 -9999 -9999 -9999 -9999 -9999 -9999
-9999 -9999 -9999 -9999 -9999 -9999 -9999 -9999 -9999 -9999 -9999 -9999 -9999 -9999 -9999 -9999 -9999 -9999 -9999 -9999 -9999 -9999 -9999 -9999 -9999 -9999 -9999 -9999 8.83 7.92 8.01 8.47 10.48 8.51 8.41 8.53 9.13 9.53 9.01 8.69 8.47 8.47 12.19 13.25 14.20 11.43 11.73 10.70 9.65 10.06 7.99 8.17 9.20 8.50 8.61 8.56 8.56 8.84 8.88 9.19 9.72 9.53 9.17 9.28 11.54 10.25 9.76 9.95 10.67 11.66 12.71 -9999 -9999 -9999 -9999 -9999 -9999 -9999
-9999 -9999 -9999 -9999 -9999 -9999 -9999 -9999 -9999 -9999 -9999 -9999 -9999 -9999 -9999 -9999 -9999 -9999 -9999 -9999 -9999 -9999 -9999 -9999 -9999 -9999 -9999 -9999 8.58 8.12 7.84 8.14 8.56 8.86 8.71 8.38 8.67 8.43 8.25 8.30 8.28 8.85 8.08 12.64 15.25 15.72 13.08 11.41 10.65 9.22 9.47 8.51 9.69 8.70 8.74 8.55 8.54 8.70 9.00 9.68 9.99 9.85 9.41 9.76 11.66 10.82 10.83 9.61 9.65 10.49 11.64 -9999 -9999 -9999 -9999 -9999 -9999 -9999
-9999 -9999 -9999 -9999 -9999 -9999 -9999 -9999 14.30 13.50 13.78 14.58 -9999 -9999 -9999 -9999 -9999 -9999 -9999 -9999 -9999 -9999 -9999 -9999 -9999 -9999 -9999 8.73 7.84 8.40 7.91 8.96 8.65 8.28 8.36 8.58 8.50 8.57 8.40 8.37 8.16 7.93 10.83 13.27 13.37 11.07 14.09 12.89 9.53 9.55 7.66 10.45 10.37 8.96 8.87 8.64 8.59 8.80 9.26 9.92 10.58 10.44 9.77 9.69 9.96 11.58 11.16 11.41 9.57 9.45 10.61 11.91 -9999 -9999 -9999 -9999 -9999 -9999
-9999 -9999 -9999 -9999 -9999 -9999 -9999 -9999 13.93 13.16 12.82 12.91 -9999 -9999 -9999 -9999 -9999 -9999 -9999 -9999 -9999 -9999 -9999 -9999 -9999 -9999 8.62 8.41 7.71 8.06 9.15 8.11 8.37 7.83 8.14 8.61 8.56 8.79 8.89 8.14 7.61 7.44 9.05 14.94 14.97 10.83 12.46 11.80 11.40 8.53 7.71 9.50 10.07 9.25 8.43 8.41 8.64 9.35 9.71 10.16 10.60 11.04 10.34 10.07 9.83 11.35 11.15 10.88 9.73 9.52 9.86 11.23 -9999 -9999 -9999 -9999 -9999 -9999
-9999 -9999 -9999 -9999 -9999 -9999 16.65 13.68 12.30 12.72 12.34 12.91 11.94 12.33 12.42 -9999 -9999 11.65 9.66 -9999 -9999 -9999 8.14 9.45 8.69 -9999 6.72 8.64 7.81 7.38 7.99 7.65 8.21 8.59 9.55 9.35 9.47 8.61 8.99 8.26 8.07 11.25 8.26 10.43 13.26 8.21 10.00 14.88 9.25 11.05 8.79 9.32 9.48 8.98 8.76 8.79 8.91 9.52 9.62 10.29 10.51 11.31 10.47 10.06 9.88 10.10 10.63 11.42 10.82 9.62 9.39 10.54 12.02 -9999 -9999 -9999 -9999 -9999
-9999 -9999 -9999 -9999 -9999 -9999 -9999 14.10 12.78 12.25 11.76 11.62 12.06 12.69 9.39 -9999 7.93 9.40 10.29 8.69 9.49 6.36 5.80 10.25 9.99 8.40 -9999 6.30 7.85 7.74 7.11 7.27 8.30 8.04 8.37 8.66 8.70 8.96 8.65 8.95 8.46 11.52 11.78 11.31 11.85 11.04 12.96 13.00 11.07 8.86 8.30 9.98 9.94 8.59 9.19 8.81 9.40 9.77 9.63 10.08 10.36 11.33 10.44 9.90 9.73 9.46 10.11 10.74 11.39 10.42 9.58 10.01 11.42 -9999 -9999 -9999 -9999 -9999
