ML/MeanWindSpeed_1991-11_Actual.txt
ncols         180
nrows         290
xllcorner     -200000
yllcorner     -200000
cellsize      5000
NODATA_value  -9999
[rows 210 to 244 of 290, columns 77 to 153 of 180]
17.28 17.04 17.10 15.45 17.23 16.84 -9999 -9999 -9999 -9999 -9999 -9999 -9999 9.86 9.96 10.98 9.78 9.71 9.81 11.64 13.70 16.13 15.33 13.11 11.22 10.63 9.58 12.54 12.59 8.85 7.73 11.63 11.69 12.83 9.59 8.83 8.63 8.16 9.22 9.77 9.29 9.38 9.06 8.73 8.56 8.38 8.18 8.22 8.12 8.74 8.19 8.20 8.22 8.26 8.34 7.98 8.50 9.53 9.18 8.27 9.54 9.41 9.06 8.85 7.84 7.22 7.80 8.35 8.02 7.42 7.33 8.50 7.52 7.94 8.99 8.46 8.59
-9999 -9999 17.43 -9999 -9999 -9999 -9999 -9999 -9999 -9999 -9999 14.85 13.04 12.45 13.84 13.14 11.68 10.39 10.48 10.37 12.66 14.08 13.59 9.62 9.24 12.74 11.48 11.30 9.30 8.25 8.15 10.95 11.11 10.87 9.39 9.07 8.84 7.40 10.44 10.55 9.14 9.10 8.70 8.60 8.47 8.26 8.77 8.36 8.55 7.99 7.94 8.00 8.22 8.18 8.39 7.76 9.15 10.60 9.03 9.31 7.50 8.74 8.36 7.73 8.08 7.56 7.67 8.33 7.70 7.08 7.23 7.27 7.90 8.57 8.03 8.69 8.60
-9999 -9999 -9999 -9999 -9999 -9999 -9999 -9999 -9999 -9999 -9999 16.43 15.63 13.58 14.97 15.49 -9999 -9999 11.02 13.38 8.64 10.29 9.94 9.97 10.74 12.24 9.57 8.99 9.56 9.56 10.42 10.86 10.85 10.15 9.60 9.99 8.24 8.50 10.45 9.18 8.67 8.31 8.42 8.96 8.80 8.32 8.35 7.86 7.98 8.54 9.03 8.75 9.36 8.23 7.75 8.61 10.93 8.99 8.89 8.27 6.73 8.09 7.55 7.14 7.16 7.11 6.88 6.97 8.49 7.45 7.38 7.37 7.45 7.67 7.50 7.31 8.87
-9999 -9999 -9999 -9999 -9999 -9999 -9999 -9999 -9999 -9999 -9999 -9999 -9999 -9999 -9999 -9999 -9999 -9999 12.86 11.38 10.75 9.55 8.54 8.39 8.82 9.88 9.74 10.14 10.96 11.79 12.44 12.13 -9999 10.30 9.58 8.78 8.09 8.63 10.17 9.15 9.09 8.42 7.73 7.71 8.63 7.94 8.08 9.22 9.38 9.12 9.94 10.79 9.52 9.16 8.84 9.00 10.08 8.64 8.45 8.13 7.22 6.83 6.55 6.91 7.36 6.89 6.50 6.84 7.16 7.23 7.28 7.30 7.37 7.47 7.72 7.99 8.52
-9999 -9999 -9999 -9999 -9999 -9999 -9999 -9999 -9999 -9999 -9999 -9999 -9999 -9999 -9999 -9999 -9999 -9999 -9999 12.73 11.09 9.72 9.58 9.95 8.66 8.79 9.83 11.49 -9999 -9999 -9999 -9999 11.42 10.02 9.25 8.24 7.94 8.64 10.15 9.24 9.35 8.50 7.44 8.21 7.96 9.34 8.93 10.73 9.40 9.54 9.20 9.58 9.45 8.83 9.59 7.89 8.34 8.57 7.17 7.21 6.67 6.27 5.97 5.62 5.63 6.00 5.87 6.14 6.42 6.77 6.85 8.21 8.54 7.51 7.62 7.95 8.24
-9999 -9999 -9999 -9999 -9999 -9999 -9999 -9999 -9999 -9999 -9999 -9999 -9999 -9999 -9999 -9999 -9999 -9999 -9999 -9999 12.59 13.24 11.84 10.37 10.12 10.48 11.99 -9999 -9999 -9999 -9999 12.03 11.47 10.95 7.88 7.41 7.53 9.79 10.40 9.86 9.08 7.85 7.73 7.57 9.09 10.50 9.58 9.67 9.07 9.26 9.05 8.08 8.58 8.63 8.25 8.08 7.89 7.56 6.83 6.72 7.09 7.17 7.00 5.69 5.63 5.74 5.74 6.60 6.83 7.32 6.97 7.75 7.71 7.63 8.61 7.87 8.64
-9999 -9999 -9999 -9999 -9999 -9999 -9999 -9999 -9999 -9999 -9999 -9999 -9999 -9999 -9999 -9999 -9999 -9999 -9999 -9999 -9999 13.73 13.61 12.28 11.57 11.57 13.96 -9999 -9999 -9999 11.45 9.24 8.57 10.16 9.65 8.76 7.58 8.91 8.21 9.75 8.89 7.27 8.39 9.36 9.40 9.05 9.85 9.07 8.68 8.47 7.92 7.79 7.69 7.86 8.32 7.88 7.16 6.88 6.68 6.56 7.22 6.92 6.92 6.42 5.80 5.93 5.93 6.34 6.64 7.15 7.18 7.35 7.14 7.95 8.38 8.77 8.53
-9999 -9999 -9999 -9999 -9999 -9999 -9999 -9999 -9999 -9999 -9999 -9999 -9999 -9999 -9999 -9999 -9999 -9999 -9999 -9999 -9999 -9999 -9999 -9999 -9999 -9999 -9999 -9999 -9999 13.88 10.02 8.08 7.86 9.74 8.17 8.78 9.37 9.19 9.13 9.25 7.73 7.34 7.63 8.58 8.47 8.75 8.85 9.03 8.75 8.60 10.06 8.50 8.56 7.91 8.29 8.10 7.06 6.77 6.14 6.47 7.16 6.61 6.16 6.07 6.07 5.98 6.64 6.63 7.34 7.12 8.11 8.49 7.91 6.83 9.40 10.12 8.55
-9999 -9999 -9999 -9999 -9999 -9999 -9999 -9999 -9999 -9999 -9999 -9999 -9999 -9999 -9999 -9999 -9999 -9999 -9999 -9999 -9999 -9999 -9999 -9999 -9999 -9999 -9999 -9999 -9999 11.33 9.76 8.18 13.05 11.33 8.14 8.78 9.41 9.69 9.91 8.24 7.81 7.59 7.44 8.52 8.24 8.04 9.66 9.41 10.44 9.06 9.29 10.44 8.84 8.32 8.09 7.36 6.93 6.43 6.10 6.41 6.40 6.57 6.16 5.86 5.86 5.73 6.27 8.26 7.89 8.64 9.01 9.82 8.23 7.06 8.31 8.65 7.35
-9999 -9999 -9999 -9999 -9999 -9999 -9999 -9999 -9999 -9999 -9999 -9999 -9999 -9999 -9999 -9999 -9999 -9999 -9999 -9999 -9999 -9999 -9999 -9999 -9999 -9999 -9999 -9999 -9999 10.88 8.11 6.62 8.74 12.20 11.18 10.38 9.39 10.50 8.70 8.21 7.71 9.29 9.31 9.91 9.39 8.60 8.76 8.61 8.93 9.29 9.28 8.44 8.33 8.29 8.15 7.40 6.88 6.56 6.34 6.73 6.48 6.24 5.67 5.79 6.69 7.47 6.84 7.84 7.75 7.86 7.92 8.61 10.20 9.84 7.78 7.61 8.00
-9999 -9999 -9999 -9999 -9999 -9999 -9999 -9999 -9999 -9999 -9999 -9999 16.60 16.53 14.01 18.24 17.26 16.96 17.10 19.02 11.80 17.26 12.80 -9999 -9999 -9999 -9999 -9999 -9999 10.21 8.62 7.81 6.60 7.57 9.76 11.35 10.80 9.47 8.56 8.41 9.11 10.27 9.48 8.71 8.72 8.30 8.41 8.68 8.21 7.80 7.63 8.03 7.45 8.06 8.48 9.06 7.82 7.04 7.30 7.11 6.48 7.02 5.91 5.60 7.04 7.99 6.67 6.05 6.41 6.69 6.75 6.69 7.05 7.08 6.71 6.64 6.61
-9999 -9999 -9999 -9999 -9999 -9999 -9999 -9999 -9999 -9999 -9999 -9999 18.13 16.75 15.97 13.23 15.06 16.59 15.83 16.53 16.91 14.04 12.50 10.86 11.75 14.25 12.28 11.30 10.00 9.33 8.49 7.92 7.27 6.51 7.01 9.73 9.92 8.98 8.16 10.96 9.41 8.34 8.84 9.24 8.38 8.22 8.41 8.35 8.56 8.20 8.12 7.02 7.23 7.74 7.84 7.84 8.44 8.55 6.89 6.47 6.07 5.82 6.63 5.74 9.42 7.67 7.10 6.39 5.92 6.15 6.26 7.37 7.53 6.37 8.00 7.58 8.14
-9999 -9999 -9999 -9999 -9999 -9999 -9999 -9999 -9999 -9999 -9999 17.01 15.13 13.72 12.51 10.92 12.94 15.56 15.04 14.09 14.19 14.20 12.92 11.02 10.20 11.23 12.47 9.78 9.09 8.41 8.39 9.12 7.66 7.35 8.52 8.51 8.29 8.54 10.83 9.05 10.31 9.57 8.76 7.88 8.31 7.84 8.42 8.67 8.29 8.73 7.68 7.93 7.67 7.51 7.39 8.71 9.39 7.24 6.32 6.48 8.64 7.01 6.43 6.56 6.38 6.58 6.72 6.26 6.08 6.70 7.87 7.26 6.46 6.52 8.30 7.79 7.65
-9999 -9999 -9999 -9999 -9999 -9999 -9999 -9999 -9999 -9999 -9999 -9999 14.21 12.17 10.95 12.11 11.44 11.95 14.76 13.42 11.56 10.49 12.89 14.51 11.85 9.33 9.63 11.60 9.66 7.90 7.85 7.73 8.35 8.34 7.44 7.46 7.87 8.61 9.64 8.39 9.96 8.89 8.78 8.59 8.74 7.99 8.72 9.00 8.80 7.43 7.51 8.15 7.28 6.72 6.49 7.54 8.76 8.42 6.59 6.92 8.07 7.78 6.93 6.02 5.81 5.46 5.73 7.33 7.04 6.81 7.53 8.72 8.11 7.73 8.43 8.43 7.55
-9999 -9999 -9999 -9999 -9999 -9999 -9999 -9999 18.08 -9999 -9999 15.68 13.86 13.89 10.45 11.83 10.18 9.83 10.23 10.85 11.74 10.13 11.90 12.94 10.23 8.61 7.34 7.68 7.75 7.36 7.47 7.78 8.58 7.56 7.28 7.84 9.53 8.20 8.93 7.86 8.77 8.36 9.25 9.99 9.18 8.06 7.65 7.76 7.52 7.22 8.68 7.71 6.97 8.73 7.13 7.18 9.05 10.07 6.69 6.98 7.33 7.07 6.55 6.12 5.92 6.19 6.69 7.10 6.27 5.90 6.06 6.88 7.24 7.42 8.16 7.53 7.49
-9999 -9999 -9999 -9999 -9999 -9999 -9999 16.61 17.73 17.48 16.93 13.94 12.68 13.94 11.24 9.82 10.27 9.48 10.88 11.50 12.29 10.56 9.91 9.96 8.50 7.24 6.62 6.98 7.78 8.11 7.35 7.35 7.56 7.16 7.20 8.91 9.02 8.01 8.51 8.77 10.04 9.23 9.28 10.50 9.12 8.76 7.57 8.15 7.79 8.10 7.50 7.22 6.68 7.85 7.82 7.02 8.08 7.66 6.98 6.75 6.42 7.12 7.03 6.72 6.25 5.85 5.74 5.62 6.02 6.36 6.31 5.80 6.52 7.10 8.02 8.45 8.03
-9999 -9999 -9999 -9999 -9999 -9999 -9999 15.60 15.42 14.40 14.80 13.49 12.31 10.92 12.56 12.19 11.01 12.06 11.76 11.35 12.53 11.05 10.37 9.53 6.96 7.94 9.86 9.28 8.30 7.59 7.02 7.58 8.12 8.39 7.84 9.07 8.46 8.98 8.00 7.26 8.83 10.09 8.97 8.99 8.71 8.07 8.11 8.72 7.90 7.32 8.04 8.22 6.91 7.28 7.32 7.20 8.03 8.44 8.53 9.93 7.26 7.32 6.50 6.15 6.29 6.33 5.84 5.61 6.02 6.81 6.59 6.30 6.17 7.07 7.24 7.42 7.61
-9999 -9999 -9999 -9999 -9999 -9999 -9999 15.70 14.14 13.48 13.85 13.14 12.84 11.28 11.66 11.61 10.22 11.31 11.28 11.70 11.86 11.12 8.14 6.39 5.83 8.24 8.45 9.08 9.80 7.80 7.68 7.95 7.51 8.50 7.86 8.81 8.36 8.43 8.17 7.46 9.08 8.56 8.63 8.48 8.22 8.01 8.14 8.77 8.73 7.58 7.39 7.71 8.56 7.28 7.47 7.22 7.58 7.69 7.88 8.63 8.08 8.86 9.51 5.94 9.33 7.74 5.89 6.16 9.48 9.53 9.16 6.32 6.35 6.60 6.48 7.03 6.84
-9999 -9999 -9999 -9999 -9999 -9999 -9999 13.85 13.13 12.89 12.71 12.10 11.91 11.22 10.62 11.57 10.85 10.73 11.19 10.14 10.05 9.69 9.20 6.03 6.62 8.79 7.96 9.22 9.43 8.04 8.43 8.89 7.88 8.24 8.45 8.44 8.32 8.36 9.02 9.87 7.89 8.64 8.46 8.37 8.11 8.00 8.24 8.63 7.91 8.02 7.82 8.29 8.76 9.32 8.56 9.34 8.81 8.23 7.95 7.58 7.13 7.12 7.41 6.79 8.62 8.44 9.11 8.68 9.29 9.88 10.42 7.00 7.08 6.87 6.96 7.41 8.46
-9999 -9999 -9999 -9999 -9999 -9999 -9999 12.66 12.23 12.20 12.64 13.05 12.14 11.53 10.85 11.19 12.31 11.51 10.74 9.69 9.94 9.50 9.02 8.21 6.65 6.74 6.44 8.79 7.84 6.29 9.34 9.20 8.15 10.82 9.56 10.16 10.75 10.07 9.66 10.12 8.81 7.97 8.40 8.26 7.69 7.86 8.00 8.44 7.74 8.16 9.15 9.90 9.75 9.76 9.95 9.94 10.10 9.94 9.39 8.50 8.09 8.45 8.95 9.22 9.60 9.80 10.06 -9999 -9999 9.65 10.02 9.58 8.97 8.10 10.98 9.14 -9999
-9999 -9999 -9999 -9999 -9999 -9999 15.36 12.89 12.39 11.43 12.40 12.61 13.57 12.07 12.67 12.04 12.40 11.46 10.57 9.90 9.77 9.33 8.91 8.72 8.15 7.94 8.32 8.16 6.75 9.68 10.67 8.26 7.70 8.78 8.89 10.20 10.22 9.12 8.87 8.58 8.34 9.10 8.83 8.88 8.45 8.39 8.83 9.59 9.45 9.20 9.32 9.67 10.05 -9999 -9999 11.10 11.95 12.00 11.36 10.76 10.25 10.40 -9999 -9999 -9999 -9999 -9999 -9999 -9999 -9999 -9999 -9999 10.07 10.58 12.33 11.00 -9999
-9999 -9999 -9999 -9999 -9999 16.52 14.59 12.53 12.82 11.42 11.31 11.14 11.19 10.89 14.31 14.90 13.28 12.26 11.86 11.97 10.59 9.58 9.07 9.42 9.19 11.40 11.84 11.12 10.77 12.52 10.01 10.03 9.83 10.52 11.27 9.58 8.45 9.03 8.25 8.42 8.25 8.46 8.44 9.99 11.09 11.08 10.79 10.76 11.05 10.24 -9999 9.02 9.90 9.82 10.37 11.27 -9999 -9999 -9999 -9999 12.10 -9999 -9999 -9999 -9999 -9999 -9999 -9999 -9999 -9999 -9999 -9999 -9999 -9999 -9999 -9999 -9999
-9999 -9999 -9999 -9999 17.21 16.09 15.40 13.80 11.93 11.26 10.80 9.46 9.10 10.82 16.30 17.66 12.67 11.74 14.28 11.11 12.67 9.96 9.42 12.41 11.16 10.79 10.98 11.31 -9999 -9999 -9999 -9999 -9999 11.07 12.32 11.64 9.85 9.61 9.17 8.52 8.53 8.43 9.11 10.51 -9999 -9999 -9999 -9999 -9999 11.63 11.58 10.36 9.19 9.13 11.38 11.51 -9999 -9999 -9999 -9999 -9999 -9999 -9999 -9999 -9999 -9999 -9999 -9999 -9999 -9999 -9999 -9999 -9999 -9999 -9999 -9999 -9999
-9999 -9999 -9999 12.66 13.50 15.06 15.18 13.66 13.03 11.93 9.79 10.15 9.99 12.46 15.29 16.74 15.29 14.10 12.08 12.98 11.25 11.45 10.94 13.10 12.95 -9999 -9999 -9999 -9999 -9999 -9999 -9999 -9999 -9999 11.64 11.84 10.51 11.64 12.52 12.70 10.32 12.28 12.23 13.01 -9999 -9999 -9999 -9999 -9999 -9999 -9999 10.23 10.51 9.26 10.32 -9999 -9999 -9999 -9999 -9999 -9999 -9999 -9999 -9999 -9999 -9999 -9999 -9999 -9999 -9999 -9999 -9999 -9999 -9999 -9999 -9999 -9999
16.82 15.03 14.67 12.27 12.42 13.76 15.36 15.48 13.54 11.15 10.73 11.04 10.69 11.87 14.80 13.35 13.78 13.55 14.38 8.77 11.48 14.96 12.65 -9999 -9999 -9999 -9999 -9999 -9999 -9999 -9999 -9999 -9999 -9999 -9999 -9999 12.76 -9999 -9999 -9999 -9999 11.50 13.97 14.51 -9999 -9999 -9999 -9999 -9999 -9999 -9999 -9999 10.81 12.88 11.49 -9999 -9999 -9999 -9999 -9999 -9999 -9999 -9999 -9999 -9999 -9999 -9999 -9999 -9999 -9999 -9999 -9999 -9999 -9999 -9999 -9999 -9999
16.40 14.11 13.11 11.21 12.17 13.75 14.32 15.07 13.69 12.42 13.10 9.73 8.40 10.05 13.33 13.69 12.04 10.85 12.55 9.88 9.82 11.57 -9999 -9999 -9999 -9999 -9999 -9999 -9999 -9999 -9999 -9999 -9999 -9999 -9999 -9999 14.30 -9999 -9999 -9999 -9999 -9999 -9999 -9999 -9999 -9999 -9999 -9999 -9999 -9999 -9999 -9999 -9999 -9999 -9999 -9999 -9999 -9999 -9999 -9999 -9999 -9999 -9999 -9999 -9999 -9999 -9999 -9999 -9999 -9999 -9999 -9999 -9999 -9999 -9999 -9999 -9999
14.96 14.99 13.47 11.44 12.53 12.85 12.86 13.51 12.83 12.44 13.31 9.22 8.35 9.20 11.58 16.27 16.84 10.07 10.45 10.23 11.27 14.01 -9999 -9999 -9999 -9999 -9999 -9999 -9999 -9999 -9999 -9999 -9999 -9999 -9999 -9999 -9999 -9999 -9999 -9999 -9999 -9999 -9999 -9999 -9999 -9999 -9999 -9999 -9999 -9999 -9999 -9999 -9999 -9999 -9999 -9999 -9999 -9999 -9999 -9999 -9999 -9999 -9999 -9999 -9999 -9999 -9999 -9999 -9999 -9999 -9999 -9999 -9999 -9999 -9999 -9999 -9999
13.28 13.32 14.75 13.62 13.49 12.84 13.52 12.57 12.12 11.86 10.41 10.28 9.29 8.73 11.58 14.08 13.92 11.90 9.66 10.04 13.46 12.80 -9999 -9999 -9999 -9999 -9999 -9999 -9999 -9999 -9999 -9999 -9999 -9999 -9999 -9999 -9999 -9999 -9999 -9999 -9999 -9999 -9999 -9999 -9999 -9999 -9999 -9999 -9999 -9999 -9999 -9999 -9999 -9999 -9999 -9999 -9999 -9999 -9999 -9999 -9999 -9999 -9999 -9999 -9999 -9999 -9999 -9999 -9999 -9999 -9999 -9999 -9999 -9999 -9999 -9999 -9999
13.00 13.55 15.74 14.97 14.66 12.92 13.45 12.75 14.98 13.94 12.06 11.39 11.78 9.86 10.13 11.10 10.99 10.34 10.25 11.13 12.41 13.12 -9999 -9999 -9999 -9999 -9999 -9999 -9999 -9999 -9999 -9999 -9999 -9999 -9999 -9999 -9999 -9999 -9999 -9999 -9999 -9999 -9999 -9999 -9999 -9999 -9999 -9999 -9999 -9999 -9999 -9999 -9999 -9999 -9999 -9999 -9999 -9999 -9999 -9999 -9999 -9999 -9999 -9999 -9999 -9999 -9999 -9999 -9999 -9999 -9999 -9999 -9999 -9999 -9999 -9999 -9999
12.92 13.05 13.88 14.27 13.62 14.80 16.52 15.98 14.23 14.20 14.07 13.80 12.33 12.54 11.30 9.84 9.84 10.96 12.07 12.67 12.53 14.00 -9999 -9999 -9999 -9999 -9999 -9999 -9999 -9999 -9999 -9999 -9999 -9999 -9999 -9999 -9999 -9999 -9999 -9999 -9999 -9999 -9999 -9999 -9999 -9999 -9999 -9999 -9999 -9999 -9999 -9999 -9999 -9999 -9999 -9999 -9999 -9999 -9999 -9999 -9999 -9999 -9999 -9999 -9999 -9999 -9999 -9999 -9999 -9999 -9999 -9999 -9999 -9999 -9999 -9999 -9999
12.17 13.17 14.68 15.33 -9999 -9999 -9999 -9999 -9999 -9999 -9999 -9999 -9999 14.04 14.36 12.48 11.29 10.46 11.83 12.92 12.98 -9999 -9999 -9999 -9999 -9999 -9999 -9999 -9999 -9999 -9999 -9999 -9999 -9999 -9999 -9999 -9999 -9999 -9999 -9999 -9999 -9999 -9999 -9999 -9999 -9999 -9999 -9999 -9999 -9999 -9999 -9999 -9999 -9999 -9999 -9999 -9999 -9999 -9999 -9999 -9999 -9999 -9999 -9999 -9999 -9999 -9999 -9999 -9999 -9999 -9999 -9999 -9999 -9999 -9999 -9999 -9999
14.26 15.63 15.82 16.77 -9999 -9999 -9999 -9999 -9999 -9999 -9999 -9999 -9999 -9999 -9999 -9999 12.59 11.59 11.93 12.68 -9999 -9999 -9999 -9999 -9999 -9999 -9999 -9999 -9999 -9999 -9999 -9999 -9999 -9999 -9999 -9999 -9999 -9999 -9999 -9999 -9999 -9999 -9999 -9999 -9999 -9999 -9999 -9999 -9999 -9999 -9999 -9999 -9999 -9999 -9999 -9999 -9999 -9999 -9999 -9999 -9999 -9999 -9999 -9999 -9999 -9999 -9999 -9999 -9999 -9999 -9999 -9999 -9999 -9999 -9999 -9999 -9999
16.77 16.55 -9999 -9999 -9999 -9999 -9999 -9999 -9999 -9999 -9999 -9999 -9999 -9999 -9999 -9999 14.30 15.34 15.96 15.47 -9999 -9999 -9999 -9999 -9999 -9999 -9999 -9999 -9999 -9999 -9999 -9999 -9999 -9999 -9999 -9999 -9999 -9999 -9999 -9999 -9999 -9999 -9999 -9999 -9999 -9999 -9999 -9999 -9999 -9999 -9999 -9999 -9999 -9999 -9999 -9999 -9999 -9999 -9999 -9999 -9999 -9999 -9999 -9999 -9999 -9999 -9999 -9999 -9999 -9999 -9999 -9999 -9999 -9999 -9999 -9999 -9999
17.73 -9999 -9999 -9999 -9999 -9999 -9999 -9999 -9999 -9999 -9999 -9999 -9999 -9999 -9999 -9999 -9999 -9999 -9999 -9999 -9999 -9999 -9999 -9999 -9999 -9999 -9999 -9999 -9999 -9999 -9999 -9999 -9999 -9999 -9999 -9999 -9999 -9999 -9999 -9999 -9999 -9999 -9999 -9999 -9999 -9999 -9999 -9999 -9999 -9999 -9999 -9999 -9999 -9999 -9999 -9999 -9999 -9999 -9999 -9999 -9999 -9999 -9999 -9999 -9999 -9999 -9999 -9999 -9999 -9999 -9999 -9999 -9999 -9999 -9999 -9999 -9999
-9999 -9999 -9999 -9999 -9999 -9999 -9999 -9999 -9999 -9999 -9999 -9999 -9999 -9999 -9999 -9999 -9999 -9999 -9999 -9999 -9999 -9999 -9999 -9999 -9999 -9999 -9999 -9999 -9999 -9999 -9999 -9999 -9999 -9999 -9999 -9999 -9999 -9999 -9999 -9999 -9999 -9999 -9999 -9999 -9999 -9999 -9999 -9999 -9999 -9999 -9999 -9999 -9999 -9999 -9999 -9999 -9999 -9999 -9999 -9999 -9999 -9999 -9999 -9999 -9999 -9999 -9999 -9999 -9999 -9999 -9999 -9999 -9999 -9999 -9999 -9999 -9999
