ML/MeanWindSpeed_1994-06_Actual.txt
ncols         180
nrows         290
xllcorner     -200000
yllcorner     -200000
cellsize      5000
NODATA_value  -9999
[rows 210 to 244 of 290, columns 78 to 155 of 180]
12.07 12.36 10.93 13.07 13.26 -9999 -9999 -9999 -9999 -9999 -9999 -9999 9.56 9.35 10.09 8.73 8.58 8.92 11.16 13.34 15.95 15.35 13.14 11.38 11.02 9.96 12.91 12.63 8.42 7.14 11.01 11.06 12.03 8.73 8.07 7.90 7.52 8.92 9.73 9.40 9.58 9.20 8.77 8.36 7.86 7.33 7.04 6.81 7.44 6.96 7.11 7.19 7.13 7.10 6.77 7.58 8.94 8.75 7.86 9.16 9.09 8.64 8.30 7.35 6.94 7.57 8.10 7.68 6.83 6.52 7.60 6.56 6.89 7.87 7.22 7.18 7.01 6.14
-9999 12.41 -9999 -9999 -9999 -9999 -9999 -9999 -9999 -9999 13.72 12.18 11.58 12.60 11.69 10.07 8.78 9.09 9.54 12.17 13.77 13.31 9.35 9.14 12.91 11.66 11.51 9.33 7.95 7.66 10.35 10.41 10.11 8.59 8.28 8.16 7.05 10.40 10.67 9.40 9.45 9.03 8.90 8.62 8.10 8.26 7.58 7.65 7.05 7.05 7.18 7.36 7.13 7.19 6.55 8.07 9.73 8.48 8.89 7.08 8.36 7.98 7.38 7.95 7.49 7.56 8.15 7.38 6.50 6.44 6.39 6.95 7.49 6.86 7.39 7.11 6.18 5.79
-9999 -9999 -9999 -9999 -9999 -9999 -9999 -9999 -9999 -9999 14.77 14.08 11.99 13.11 13.40 -9999 -9999 9.22 12.23 8.02 9.86 9.51 9.62 10.47 12.12 9.53 9.16 9.55 9.23 9.89 10.27 10.17 9.41 8.82 9.27 7.78 8.37 10.67 9.54 9.09 8.78 8.93 9.52 9.33 8.66 8.35 7.56 7.48 7.91 8.33 8.00 8.50 7.20 6.58 7.34 9.74 8.05 8.30 7.81 6.36 7.87 7.44 7.15 7.16 7.08 6.85 6.83 8.16 6.86 6.61 6.52 6.52 6.58 6.32 5.99 7.30 6.48 6.84
-9999 -9999 -9999 -9999 -9999 -9999 -9999 -9999 -9999 -9999 -9999 -9999 -9999 -9999 -9999 -9999 -9999 10.67 9.76 9.65 8.89 7.90 7.86 8.46 9.73 9.71 10.19 10.81 11.36 11.83 11.48 -9999 9.61 8.85 8.27 7.76 8.59 10.43 9.56 9.54 8.92 8.32 8.43 9.41 8.58 8.39 9.21 9.13 8.71 9.38 10.11 8.70 8.17 7.69 7.76 8.97 7.80 7.87 7.74 7.02 6.84 6.68 7.03 7.34 6.88 6.49 6.70 6.83 6.68 6.56 6.49 6.45 6.39 6.55 6.63 6.92 6.73 6.96
-9999 -9999 -9999 -9999 -9999 -9999 -9999 -9999 -9999 -9999 -9999 -9999 -9999 -9999 -9999 -9999 -9999 -9999 10.64 9.39 8.41 8.55 9.09 8.06 8.48 9.76 11.50 -9999 -9999 -9999 -9999 10.85 9.59 8.83 7.93 7.68 8.56 10.32 9.55 9.70 8.98 8.09 9.04 8.87 10.09 9.33 10.83 9.30 9.32 8.85 9.10 8.81 8.00 8.61 6.90 7.53 7.94 6.74 7.00 6.64 6.38 6.19 5.91 5.93 6.18 5.88 5.98 6.05 6.20 6.15 7.42 7.66 6.48 6.53 6.72 6.82 6.94 7.74
-9999 -9999 -9999 -9999 -9999 -9999 -9999 -9999 -9999 -9999 -9999 -9999 -9999 -9999 -9999 -9999 -9999 -9999 -9999 10.38 11.26 10.09 8.97 9.22 9.78 11.90 -9999 -9999 -9999 -9999 11.67 11.25 10.82 7.70 7.25 7.36 9.73 10.52 10.04 9.30 8.19 8.27 8.32 9.84 11.08 9.91 9.86 9.17 9.31 9.02 7.90 8.20 8.08 7.58 7.44 7.41 7.21 6.69 6.79 7.26 7.33 7.17 5.90 5.84 5.90 5.74 6.41 6.41 6.73 6.34 7.08 6.95 6.74 7.68 6.81 7.29 7.34 8.11
-9999 -9999 -9999 -9999 -9999 -9999 -9999 -9999 -9999 -9999 -9999 -9999 -9999 -9999 -9999 -9999 -9999 -9999 -9999 -9999 11.31 11.32 10.37 10.36 10.48 13.91 -9999 -9999 -9999 11.47 9.40 8.87 10.37 9.61 8.66 7.47 8.91 8.26 9.78 8.99 7.47 8.73 9.88 9.88 9.36 10.08 9.27 8.85 8.61 7.97 7.73 7.53 7.62 8.01 7.54 6.96 6.90 6.94 6.96 7.65 7.23 7.04 6.50 5.92 5.99 5.86 6.09 6.16 6.57 6.64 6.83 6.52 7.17 7.50 7.73 7.27 6.19 7.99
-9999 -9999 -9999 -9999 -9999 -9999 -9999 -9999 -9999 -9999 -9999 -9999 -9999 -9999 -9999 -9999 -9999 -9999 -9999 -9999 -9999 -9999 -9999 -9999 -9999 -9999 -9999 -9999 13.99 10.22 8.33 8.21 10.19 8.36 8.77 9.30 9.17 9.10 9.17 7.73 7.48 7.80 8.79 8.67 8.82 8.90 9.08 8.79 8.60 9.98 8.36 8.40 7.77 8.19 8.04 7.16 7.14 6.74 7.20 7.90 7.18 6.46 6.24 6.25 6.05 6.49 6.23 6.71 6.43 7.43 7.86 7.29 6.08 8.47 9.05 7.41 6.06 8.69
-9999 -9999 -9999 -9999 -9999 -9999 -9999 -9999 -9999 -9999 -9999 -9999 -9999 -9999 -9999 -9999 -9999 -9999 -9999 -9999 -9999 -9999 -9999 -9999 -9999 -9999 -9999 -9999 11.44 9.99 8.33 13.12 11.49 8.25 8.88 9.41 9.60 9.75 8.10 7.73 7.61 7.44 8.48 8.18 7.93 9.54 9.33 10.31 8.85 9.09 10.20 8.62 8.19 8.11 7.58 7.35 7.10 6.96 7.33 7.28 7.32 6.64 6.13 6.14 5.92 6.16 7.76 7.11 7.84 8.20 9.06 7.53 6.22 7.33 7.56 6.16 5.45 6.08
-9999 -9999 -9999 -9999 -9999 -9999 -9999 -9999 -9999 -9999 -9999 -9999 -9999 -9999 -9999 -9999 -9999 -9999 -9999 -9999 -9999 -9999 -9999 -9999 -9999 -9999 -9999 -9999 10.74 8.15 6.61 8.63 12.02 10.99 10.33 9.36 10.35 8.52 8.09 7.53 9.08 9.11 9.72 9.18 8.35 8.51 8.43 8.74 9.10 9.09 8.22 8.12 8.18 8.21 7.71 7.46 7.34 7.24 7.61 7.36 7.01 6.22 6.11 6.93 7.74 6.98 7.76 7.29 7.16 7.29 8.05 9.63 9.12 6.98 6.71 6.87 6.85 6.60
-9999 -9999 -9999 -9999 -9999 -9999 -9999 -9999 -9999 -9999 -9999 12.72 13.04 10.79 15.28 14.41 14.15 14.10 15.82 8.50 14.20 10.21 -9999 -9999 -9999 -9999 -9999 -9999 9.76 8.32 7.59 6.43 7.37 9.48 11.10 10.58 9.32 8.44 8.29 8.95 10.06 9.20 8.46 8.44 7.98 8.09 8.49 8.05 7.62 7.45 7.88 7.31 8.00 8.55 9.37 8.37 7.75 8.09 7.97 7.43 7.81 6.41 5.88 7.24 8.24 7.08 6.67 6.99 6.94 6.72 6.47 6.61 6.43 5.99 5.77 5.52 5.41 5.32
-9999 -9999 -9999 -9999 -9999 -9999 -9999 -9999 -9999 -9999 -9999 14.37 13.45 12.95 10.49 12.32 13.67 12.60 12.97 13.14 10.42 9.41 8.47 9.78 12.61 11.10 10.39 9.16 8.53 7.81 7.35 6.85 6.27 6.70 9.40 9.65 8.75 7.93 10.70 9.23 8.21 8.63 9.01 8.12 7.85 8.23 8.20 8.33 7.91 7.85 6.84 7.04 7.64 7.85 8.05 8.92 9.17 7.53 7.23 6.93 6.48 6.97 5.95 9.71 8.06 7.68 7.21 6.77 6.88 6.63 7.39 7.29 5.86 7.28 6.66 7.07 5.66 5.73
-9999 -9999 -9999 -9999 -9999 -9999 -9999 -9999 -9999 -9999 12.95 11.65 10.84 9.80 8.41 10.39 12.66 11.66 10.49 10.43 10.40 9.44 8.23 7.93 9.31 10.88 8.47 7.91 7.30 7.38 8.22 6.82 6.68 7.99 8.19 8.05 8.20 10.45 8.69 10.13 9.46 8.60 7.64 8.03 7.54 8.15 8.43 7.95 8.30 7.30 7.62 7.37 7.36 7.40 8.87 9.76 7.70 6.76 6.96 9.15 7.39 6.60 6.66 6.66 7.05 7.29 6.91 6.77 7.27 8.13 7.19 6.12 5.94 7.49 6.78 6.47 6.72 6.44
-9999 -9999 -9999 -9999 -9999 -9999 -9999 -9999 -9999 -9999 -9999 10.94 9.49 8.44 9.69 9.03 9.26 11.49 9.95 8.00 6.76 9.41 11.62 9.45 7.35 7.88 9.98 8.13 6.50 6.57 6.53 7.23 7.32 6.59 6.96 7.53 8.15 9.19 8.06 9.81 8.80 8.64 8.36 8.44 7.65 8.37 8.66 8.38 6.93 6.99 7.66 6.82 6.43 6.36 7.56 8.94 8.60 6.69 6.98 8.13 7.80 6.92 6.02 5.93 5.78 6.13 7.78 7.50 7.17 7.63 8.46 7.54 6.97 7.60 7.49 6.43 7.10 5.96
-9999 -9999 -9999 -9999 -9999 -9999 -9999 14.15 -9999 -9999 12.16 10.64 11.05 7.84 9.35 7.76 7.31 7.16 7.41 8.24 6.64 8.77 10.36 7.97 6.77 5.78 6.19 6.20 5.77 5.99 6.44 7.37 6.49 6.32 7.08 8.94 7.65 8.45 7.47 8.60 8.27 9.05 9.73 8.82 7.63 7.24 7.41 7.07 6.66 8.12 7.18 6.42 8.25 6.76 6.96 8.98 9.97 6.54 6.86 7.27 7.00 6.39 5.91 5.85 6.26 6.84 7.31 6.51 6.09 6.00 6.42 6.46 6.49 7.19 6.49 6.34 6.15 5.53
-9999 -9999 -9999 -9999 -9999 -9999 12.65 14.11 14.03 13.48 10.64 9.55 10.91 8.37 7.22 7.78 7.00 8.07 8.35 9.05 7.41 7.17 7.69 6.45 5.37 5.00 5.51 6.26 6.46 5.82 5.97 6.27 6.02 6.12 7.97 8.25 7.34 7.98 8.33 9.74 8.99 8.95 10.16 8.73 8.28 7.11 7.81 7.35 7.50 6.88 6.64 6.05 7.22 7.24 6.52 7.67 7.23 6.52 6.37 6.19 6.95 6.74 6.38 6.07 5.83 5.74 5.70 6.18 6.43 6.07 5.16 5.62 6.03 6.87 7.20 6.72 5.49 6.34
-9999 -9999 -9999 -9999 -9999 -9999 11.82 12.15 11.23 11.60 10.37 9.25 7.87 9.58 9.48 8.43 9.54 9.14 8.61 9.81 8.51 8.13 7.47 4.92 6.01 7.95 7.43 6.53 5.89 5.48 6.24 6.86 7.28 6.76 8.16 7.69 8.26 7.46 6.83 8.43 9.75 8.62 8.64 8.34 7.64 7.69 8.34 7.41 6.69 7.36 7.52 6.14 6.55 6.64 6.53 7.42 7.77 7.77 9.21 6.61 6.70 5.88 5.57 5.87 6.08 5.60 5.41 5.85 6.52 6.07 5.47 5.18 5.93 5.99 6.05 6.16 6.34 5.18
-9999 -9999 -9999 -9999 -9999 -9999 12.08 11.10 10.58 10.93 10.20 9.84 8.33 8.75 8.87 7.62 8.84 8.88 9.40 9.74 9.17 6.27 4.36 3.58 6.06 6.32 7.01 7.81 5.99 6.07 6.51 6.21 7.38 6.82 7.96 7.62 7.68 7.52 6.94 8.63 8.20 8.31 8.17 7.89 7.65 7.79 8.42 8.23 6.93 6.63 6.82 7.57 6.33 6.59 6.33 6.74 6.78 6.89 7.66 7.14 7.93 8.64 5.13 8.62 7.11 5.28 5.52 8.82 8.79 8.31 5.22 5.15 5.40 5.25 5.61 5.24 6.38 7.33
-9999 -9999 -9999 -9999 -9999 -9999 10.57 10.30 10.14 9.94 9.37 9.15 8.50 8.00 9.05 8.40 8.49 9.15 8.44 8.70 8.45 7.83 4.16 4.26 6.58 5.93 7.26 7.51 6.28 6.79 7.34 6.40 7.00 7.34 7.40 7.35 7.41 8.09 9.08 7.32 8.24 8.11 8.08 7.79 7.64 7.90 8.32 7.44 7.34 6.96 7.23 7.55 8.06 7.36 8.21 7.66 7.06 6.79 6.48 6.10 6.10 6.35 5.71 7.59 7.42 8.06 7.57 8.16 8.69 9.14 5.58 5.64 5.49 5.60 5.76 6.56 7.67 7.91
-9999 -9999 -9999 -9999 -9999 -9999 9.66 9.51 9.52 9.92 10.38 9.48 9.03 8.72 9.21 10.22 9.56 9.13 8.57 9.30 8.98 8.43 7.14 4.62 4.63 4.50 6.90 6.03 4.57 7.64 7.57 6.54 9.44 8.31 8.91 9.49 8.81 8.47 9.12 8.02 7.38 7.92 7.88 7.34 7.45 7.59 8.08 7.25 7.41 8.08 8.58 8.34 8.28 8.43 8.38 8.50 8.35 7.88 7.14 6.83 7.16 7.57 7.75 8.18 8.40 8.56 -9999 -9999 8.09 8.38 7.83 7.20 6.33 9.15 7.08 -9999 -9999 -9999
-9999 -9999 -9999 -9999 -9999 12.34 10.15 9.80 8.83 9.76 10.02 11.05 9.94 11.09 10.63 10.74 9.90 9.44 9.21 9.47 9.25 8.87 8.69 7.29 6.28 6.46 6.26 4.83 7.76 8.73 6.39 5.91 7.17 7.41 8.78 8.76 7.68 7.55 7.47 7.38 8.33 8.17 8.30 7.86 7.77 8.19 8.95 8.65 8.24 8.22 8.42 8.65 -9999 -9999 9.31 9.97 9.98 9.43 8.93 8.50 8.63 -9999 -9999 -9999 -9999 -9999 -9999 -9999 -9999 -9999 -9999 8.00 8.46 10.11 8.57 -9999 -9999 -9999
-9999 -9999 -9999 -9999 13.47 11.93 10.07 10.35 8.94 8.84 8.88 9.08 9.13 13.06 13.82 12.13 11.20 11.01 11.37 10.36 9.59 8.98 9.41 8.80 10.17 10.05 9.09 8.56 10.26 7.72 7.78 7.67 8.51 9.43 7.86 6.74 7.37 6.75 7.11 7.09 7.57 7.73 9.19 10.12 10.06 9.75 9.71 9.91 9.03 -9999 7.82 8.60 8.41 8.81 9.36 -9999 -9999 -9999 -9999 9.97 -9999 -9999 -9999 -9999 -9999 -9999 -9999 -9999 -9999 -9999 -9999 -9999 -9999 -9999 -9999 -9999 -9999 -9999
-9999 -9999 -9999 13.68 13.28 13.08 11.60 9.62 8.90 8.50 7.46 7.34 9.43 15.34 16.79 11.77 11.02 13.53 10.39 12.30 9.83 9.12 12.01 10.45 9.56 9.20 9.11 -9999 -9999 -9999 -9999 -9999 8.55 10.00 9.46 7.73 7.47 7.11 6.68 6.98 7.26 8.18 9.47 -9999 -9999 -9999 -9999 -9999 10.12 10.07 8.91 8.00 7.99 9.86 9.54 -9999 -9999 -9999 -9999 -9999 -9999 -9999 -9999 -9999 -9999 -9999 -9999 -9999 -9999 -9999 -9999 -9999 -9999 -9999 -9999 -9999 -9999 -9999
-9999 -9999 8.84 10.18 12.46 12.93 11.52 10.80 9.67 7.64 8.17 8.26 11.25 14.69 16.34 14.62 13.26 11.27 12.20 10.68 10.92 10.19 12.21 11.75 -9999 -9999 -9999 -9999 -9999 -9999 -9999 -9999 -9999 8.85 9.18 7.91 9.07 9.92 10.28 8.20 10.54 10.68 11.50 -9999 -9999 -9999 -9999 -9999 -9999 -9999 8.70 9.13 7.83 8.67 -9999 -9999 -9999 -9999 -9999 -9999 -9999 -9999 -9999 -9999 -9999 -9999 -9999 -9999 -9999 -9999 -9999 -9999 -9999 -9999 -9999 -9999 -9999 -9999
11.23 10.96 8.72 9.34 11.20 12.97 13.14 11.20 8.85 8.57 9.11 9.06 10.85 14.56 13.46 13.42 12.62 13.40 7.91 10.73 14.00 11.36 -9999 -9999 -9999 -9999 -9999 -9999 -9999 -9999 -9999 -9999 -9999 -9999 -9999 9.74 -9999 -9999 -9999 -9999 9.23 11.98 12.62 -9999 -9999 -9999 -9999 -9999 -9999 -9999 -9999 9.14 11.12 9.58 -9999 -9999 -9999 -9999 -9999 -9999 -9999 -9999 -9999 -9999 -9999 -9999 -9999 -9999 -9999 -9999 -9999 -9999 -9999 -9999 -9999 -9999 -9999 -9999
10.70 9.82 7.95 9.13 11.03 11.80 12.59 11.21 10.05 10.89 7.80 6.86 9.09 12.99 13.65 11.73 10.02 11.50 8.83 8.77 10.26 -9999 -9999 -9999 -9999 -9999 -9999 -9999 -9999 -9999 -9999 -9999 -9999 -9999 -9999 10.89 -9999 -9999 -9999 -9999 -9999 -9999 -9999 -9999 -9999 -9999 -9999 -9999 -9999 -9999 -9999 -9999 -9999 -9999 -9999 -9999 -9999 -9999 -9999 -9999 -9999 -9999 -9999 -9999 -9999 -9999 -9999 -9999 -9999 -9999 -9999 -9999 -9999 -9999 -9999 -9999 -9999 -9999
11.89 10.50 8.28 9.34 9.93 10.22 11.02 10.33 10.09 11.12 7.31 6.74 8.09 10.90 15.71 16.16 9.26 9.39 8.97 9.86 12.35 -9999 -9999 -9999 -9999 -9999 -9999 -9999 -9999 -9999 -9999 -9999 -9999 -9999 -9999 -9999 -9999 -9999 -9999 -9999 -9999 -9999 -9999 -9999 -9999 -9999 -9999 -9999 -9999 -9999 -9999 -9999 -9999 -9999 -9999 -9999 -9999 -9999 -9999 -9999 -9999 -9999 -9999 -9999 -9999 -9999 -9999 -9999 -9999 -9999 -9999 -9999 -9999 -9999 -9999 -9999 -9999 -9999
10.27 11.73 10.31 10.07 9.70 10.66 9.92 9.49 9.41 8.17 8.26 7.47 7.39 10.66 13.27 12.99 10.88 8.52 8.69 11.88 10.85 -9999 -9999 -9999 -9999 -9999 -9999 -9999 -9999 -9999 -9999 -9999 -9999 -9999 -9999 -9999 -9999 -9999 -9999 -9999 -9999 -9999 -9999 -9999 -9999 -9999 -9999 -9999 -9999 -9999 -9999 -9999 -9999 -9999 -9999 -9999 -9999 -9999 -9999 -9999 -9999 -9999 -9999 -9999 -9999 -9999 -9999 -9999 -9999 -9999 -9999 -9999 -9999 -9999 -9999 -9999 -9999 -9999
10.46 12.62 11.52 11.04 9.47 10.18 9.63 12.02 11.18 9.51 9.06 9.71 8.23 8.98 10.26 10.06 9.10 8.88 9.65 10.58 10.87 -9999 -9999 -9999 -9999 -9999 -9999 -9999 -9999 -9999 -9999 -9999 -9999 -9999 -9999 -9999 -9999 -9999 -9999 -9999 -9999 -9999 -9999 -9999 -9999 -9999 -9999 -9999 -9999 -9999 -9999 -9999 -9999 -9999 -9999 -9999 -9999 -9999 -9999 -9999 -9999 -9999 -9999 -9999 -9999 -9999 -9999 -9999 -9999 -9999 -9999 -9999 -9999 -9999 -9999 -9999 -9999 -9999
9.77 10.52 10.67 9.74 10.92 12.78 12.41 10.81 11.03 11.07 11.00 9.83 10.45 9.59 8.52 8.65 9.62 10.55 10.92 10.33 11.45 -9999 -9999 -9999 -9999 -9999 -9999 -9999 -9999 -9999 -9999 -9999 -9999 -9999 -9999 -9999 -9999 -9999 -9999 -9999 -9999 -9999 -9999 -9999 -9999 -9999 -9999 -9999 -9999 -9999 -9999 -9999 -9999 -9999 -9999 -9999 -9999 -9999 -9999 -9999 -9999 -9999 -9999 -9999 -9999 -9999 -9999 -9999 -9999 -9999 -9999 -9999 -9999 -9999 -9999 -9999 -9999 -9999
9.54 10.97 11.42 -9999 -9999 -9999 -9999 -9999 -9999 -9999 -9999 -9999 11.42 12.04 10.50 9.55 8.87 10.13 10.90 10.58 -9999 -9999 -9999 -9999 -9999 -9999 -9999 -9999 -9999 -9999 -9999 -9999 -9999 -9999 -9999 -9999 -9999 -9999 -9999 -9999 -9999 -9999 -9999 -9999 -9999 -9999 -9999 -9999 -9999 -9999 -9999 -9999 -9999 -9999 -9999 -9999 -9999 -9999 -9999 -9999 -9999 -9999 -9999 -9999 -9999 -9999 -9999 -9999 -9999 -9999 -9999 -9999 -9999 -9999 -9999 -9999 -9999 -9999
11.44 11.55 12.33 -9999 -9999 -9999 -9999 -9999 -9999 -9999 -9999 -9999 -9999 -9999 -9999 10.27 9.54 9.85 10.36 -9999 -9999 -9999 -9999 -9999 -9999 -9999 -9999 -9999 -9999 -9999 -9999 -9999 -9999 -9999 -9999 -9999 -9999 -9999 -9999 -9999 -9999 -9999 -9999 -9999 -9999 -9999 -9999 -9999 -9999 -9999 -9999 -9999 -9999 -9999 -9999 -9999 -9999 -9999 -9999 -9999 -9999 -9999 -9999 -9999 -9999 -9999 -9999 -9999 -9999 -9999 -9999 -9999 -9999 -9999 -9999 -9999 -9999 -9999
11.79 -9999 -9999 -9999 -9999 -9999 -9999 -9999 -9999 -9999 -9999 -9999 -9999 -9999 -9999 11.57 12.83 13.47 12.79 -9999 -9999 -9999 -9999 -9999 -9999 -9999 -9999 -9999 -9999 -9999 -9999 -9999 -9999 -9999 -9999 -9999 -9999 -9999 -9999 -9999 -9999 -9999 -9999 -9999 -9999 -9999 -9999 -9999 -9999 -9999 -9999 -9999 -9999 -9999 -9999 -9999 -9999 -9999 -9999 -9999 -9999 -9999 -9999 -9999 -9999 -9999 -9999 -9999 -9999 -9999 -9999 -9999 -9999 -9999 -9999 -9999 -9999 -9999
-9999 -9999 -9999 -9999 -9999 -9999 -9999 -9999 -9999 -9999 -9999 -9999 -9999 -9999 -9999 -9999 -9999 -9999 -9999 -9999 -9999 -9999 -9999 -9999 -9999 -9999 -9999 -9999 -9999 -9999 -9999 -9999 -9999 -9999 -9999 -9999 -9999 -9999 -9999 -9999 -9999 -9999 -9999 -9999 -9999 -9999 -9999 -9999 -9999 -9999 -9999 -9999 -9999 -9999 -9999 -9999 -9999 -9999 -9999 -9999 -9999 -9999 -9999 -9999 -9999 -9999 -9999 -9999 -9999 -9999 -9999 -9999 -9999 -9999 -9999 -9999 -9999 -9999
-9999 -9999 -9999 -9999 -9999 -9999 -9999 -9999 -9999 -9999 -9999 -9999 -9999 -9999 -9999 -9999 -9999 -9999 -9999 -9999 -9999 -9999 -9999 -9999 -9999 -9999 -9999 -9999 -9999 -9999 -9999 -9999 -9999 -9999 -9999 -9999 -9999 -9999 -9999 -9999 -9999 -9999 -9999 -9999 -9999 -9999 -9999 -9999 -9999 -9999 -9999 -9999 -9999 -9999 -9999 -9999 -9999 -9999 -9999 -9999 -9999 -9999 -9999 -9999 -9999 -9999 -9999 -9999 -9999 -9999 -9999 -9999 -9999 -9999 -9999 -9999 -9999 -9999
