ML/MeanWindSpeed_1993-10_Actual.txt
ncols         180
nrows         290
xllcorner     -200000
yllcorner     -200000
cellsize      5000
NODATA_value  -9999
[rows 175 to 209 of 290, columns 79 to 157 of 180]
-9999 -9999 -9999 -9999 -9999 -9999 -9999 8.62 7.55 6.46 5.77 5.30 3.74 3.10 7.81 12.44 4.39 6.54 6.61 6.03 4.57 2.41 2.51 4.50 6.26 4.81 3.31 3.61 4.39 4.12 4.40 5.50 5.15 5.10 5.02 5.30 5.45 5.34 5.35 5.46 9.22 9.94 8.30 8.31 6.56 6.04 7.10 7.06 5.57 5.39 6.40 6.04 5.67 6.20 5.97 6.82 6.49 6.52 6.51 6.57 7.55 6.77 6.61 6.73 6.68 7.16 7.64 7.83 8.06 8.41 7.73 9.57 11.75 -9999 -9999 -9999 -9999 -9999 -9999
-9999 -9999 -9999 -9999 -9999 -9999 -9999 -9999 9.35 6.99 5.27 3.59 2.69 4.30 14.40 9.20 2.75 6.94 4.00 6.38 6.12 3.33 1.89 6.72 5.34 5.75 4.59 3.50 3.59 3.69 3.41 4.56 5.21 5.24 5.15 5.03 5.28 5.17 5.03 6.48 7.61 10.42 8.66 9.08 8.18 5.06 6.74 8.08 5.86 5.88 6.45 5.98 5.88 6.06 6.00 6.86 6.33 6.25 6.42 6.20 6.80 6.79 6.54 6.61 6.67 6.95 7.51 8.54 7.88 7.51 7.64 9.24 11.47 -9999 -9999 -9999 -9999 -9999 -9999
-9999 -9999 -9999 -9999 -9999 -9999 -9999 -9999 -9999 7.30 4.74 4.00 4.85 12.27 14.55 9.39 5.83 5.53 6.15 7.19 7.37 6.83 3.72 3.31 7.52 5.62 4.77 4.24 3.54 3.52 3.79 4.28 4.92 4.86 4.70 4.99 5.09 5.08 5.35 6.30 8.11 9.08 7.42 7.52 8.52 6.90 5.10 8.15 6.10 6.04 6.51 5.97 5.94 5.90 6.29 6.82 6.33 6.22 6.26 6.01 7.21 6.86 6.60 6.66 6.75 7.20 7.34 7.58 7.48 7.54 7.92 9.76 11.80 -9999 -9999 -9999 -9999 -9999 -9999
-9999 -9999 -9999 -9999 -9999 -9999 -9999 -9999 -9999 6.82 4.98 5.99 7.39 9.43 12.62 6.94 3.86 5.45 7.41 7.66 8.36 6.97 4.33 2.73 7.79 7.49 5.50 4.80 3.52 3.42 3.90 4.96 5.01 4.96 4.90 4.69 4.64 5.09 6.61 6.82 5.88 9.43 7.51 7.79 8.84 8.50 6.91 6.34 5.81 5.03 6.14 6.64 5.90 5.86 5.79 6.27 6.08 6.34 6.17 6.06 6.53 7.02 6.78 6.93 6.94 7.16 7.29 7.33 7.45 8.06 9.19 10.89 -9999 -9999 -9999 -9999 -9999 -9999 -9999
-9999 -9999 -9999 -9999 -9999 -9999 -9999 -9999 -9999 5.87 5.18 5.91 5.92 9.85 8.94 5.99 6.12 4.65 5.93 8.14 7.23 8.83 6.42 3.64 7.17 7.95 7.30 4.83 4.01 3.44 4.31 5.49 5.53 5.08 4.81 4.66 4.99 6.15 6.56 5.69 5.73 8.08 7.79 7.51 7.43 6.83 6.81 7.33 4.96 5.62 5.90 5.72 5.99 5.72 6.36 5.82 5.99 6.19 6.09 6.22 7.63 7.12 6.79 6.85 7.04 7.23 7.37 7.51 7.85 9.16 10.76 -9999 -9999 -9999 -9999 -9999 -9999 -9999 -9999
-9999 -9999 -9999 -9999 -9999 -9999 -9999 -9999 6.91 11.54 6.13 7.06 8.35 5.33 12.29 10.00 8.53 7.28 9.32 7.33 7.91 6.76 5.15 5.95 8.99 8.04 7.39 4.97 4.02 3.57 4.96 5.45 5.30 5.13 4.72 4.83 5.96 5.91 5.73 6.59 7.28 5.96 9.10 8.35 6.31 6.80 6.23 5.66 5.52 4.99 5.10 5.34 6.07 5.75 5.38 6.45 5.95 6.08 6.22 6.52 7.71 7.13 6.78 6.90 6.98 7.27 7.34 7.58 8.79 10.41 -9999 -9999 -9999 -9999 -9999 -9999 -9999 12.77 -9999
-9999 -9999 -9999 -9999 -9999 -9999 7.66 6.94 9.30 7.85 6.37 7.11 7.86 4.75 5.63 6.96 9.27 8.76 9.88 8.94 9.03 4.94 6.58 6.48 4.99 5.77 5.24 5.42 4.64 4.25 5.23 5.71 5.68 5.15 5.16 6.11 5.74 6.21 5.66 6.82 7.32 7.19 6.50 5.83 6.89 6.54 6.08 5.93 5.76 5.59 4.79 5.55 5.46 5.06 5.30 5.69 5.94 6.22 6.16 6.63 7.69 7.14 6.70 6.87 6.90 7.17 7.35 8.08 9.53 -9999 -9999 -9999 -9999 -9999 12.12 11.58 11.11 10.73 10.96
-9999 -9999 -9999 -9999 -9999 7.53 7.01 7.02 7.53 7.65 7.80 7.15 5.32 4.24 5.41 6.57 8.31 13.25 7.62 6.16 5.81 3.67 8.25 9.33 8.97 6.81 5.68 5.69 5.42 5.21 5.65 6.21 5.84 5.53 5.50 6.11 6.47 5.56 5.54 6.91 7.02 6.72 6.36 6.36 6.49 5.71 5.99 5.25 5.20 5.65 5.25 4.96 4.70 5.02 5.71 5.64 5.87 6.17 6.34 6.70 7.94 7.45 6.84 6.75 6.82 7.12 7.42 8.14 9.34 -9999 -9999 -9999 -9999 -9999 10.71 9.74 9.31 9.08 9.19
-9999 -9999 -9999 -9999 8.07 8.18 7.44 7.69 -9999 -9999 -9999 -9999 5.74 9.28 7.60 7.53 9.40 7.97 6.30 8.26 7.53 6.30 13.07 11.44 9.35 9.53 7.02 5.38 5.74 5.91 5.73 5.93 5.83 5.53 5.89 5.64 6.65 5.75 5.64 6.12 6.52 6.65 6.46 5.70 5.74 5.68 5.57 5.27 5.07 4.88 4.78 4.74 4.99 5.55 5.58 5.60 6.20 6.76 6.96 7.07 7.73 7.53 7.31 6.78 6.86 7.08 7.30 7.77 8.74 10.36 -9999 -9999 -9999 -9999 9.55 8.56 8.36 8.48 8.62
-9999 -9999 -9999 -9999 9.25 10.00 7.81 8.66 -9999 -9999 -9999 -9999 6.01 7.80 8.88 5.44 8.96 8.39 7.63 9.86 11.11 8.82 11.98 7.25 7.89 7.69 6.56 5.53 5.63 5.94 5.90 6.12 6.48 5.73 6.12 5.98 6.08 6.45 5.72 5.98 5.60 6.16 6.70 6.92 6.83 5.68 5.25 5.16 5.08 5.38 4.93 5.06 5.46 5.79 6.38 6.01 7.47 7.67 7.94 7.44 7.73 7.58 7.33 6.78 6.94 7.11 7.22 7.46 7.80 8.89 9.87 -9999 -9999 9.96 9.02 8.32 8.48 8.33 8.28
-9999 -9999 -9999 -9999 -9999 -9999 -9999 -9999 -9999 -9999 -9999 -9999 6.97 9.85 8.08 5.26 7.03 5.90 10.65 10.33 7.18 9.81 9.61 8.31 8.52 6.87 5.97 5.25 6.00 5.94 6.22 6.08 5.80 5.78 5.73 5.67 5.85 6.24 5.73 5.61 5.88 6.12 5.85 6.42 6.51 5.14 6.04 6.72 5.85 5.87 5.59 4.94 5.65 6.49 7.26 7.17 7.01 7.54 8.17 7.85 8.05 7.70 7.44 6.79 6.96 7.12 7.26 7.36 7.26 7.64 8.34 9.18 9.32 8.66 8.29 7.58 8.31 8.46 8.57
-9999 -9999 -9999 -9999 -9999 -9999 -9999 -9999 -9999 -9999 -9999 -9999 -9999 10.07 3.93 3.80 6.64 9.95 9.27 10.80 10.34 7.40 8.15 8.93 6.30 5.91 5.17 5.10 5.32 5.83 5.99 6.04 5.84 5.64 5.53 5.74 5.63 6.07 5.84 5.53 7.10 6.68 5.79 5.70 5.64 5.66 5.55 6.35 6.50 6.15 6.94 5.75 5.66 6.34 6.19 6.64 7.00 7.14 8.14 8.16 7.86 7.41 7.47 6.86 6.96 7.07 7.13 7.27 7.39 7.52 7.52 7.83 7.85 7.68 7.46 7.50 8.34 8.42 8.30
-9999 -9999 -9999 -9999 -9999 -9999 -9999 -9999 -9999 -9999 -9999 -9999 -9999 6.89 9.54 9.81 8.31 7.52 7.23 9.21 7.71 7.72 6.47 5.96 7.28 5.30 4.97 6.26 5.97 5.94 5.82 5.43 5.39 5.84 5.71 6.48 6.38 6.18 5.76 5.42 6.92 7.57 6.57 5.81 5.51 5.71 5.76 5.82 6.08 6.66 8.29 7.28 5.99 5.87 6.26 7.17 8.07 8.28 8.03 8.42 8.01 7.48 7.14 6.92 7.01 7.06 7.22 7.34 7.44 7.54 7.54 7.53 7.44 7.53 7.47 7.35 8.07 8.23 8.76
-9999 -9999 -9999 -9999 -9999 -9999 -9999 -9999 -9999 -9999 -9999 -9999 8.54 7.78 5.62 11.42 7.33 6.06 8.05 8.06 7.11 9.20 6.64 6.18 7.66 4.74 9.11 6.83 5.50 5.77 6.69 5.57 5.30 7.40 7.19 6.55 5.70 6.03 5.94 5.71 6.35 6.84 6.57 6.02 5.76 5.70 5.82 6.18 6.08 7.03 7.02 6.59 6.19 6.05 6.64 7.47 8.31 8.49 7.83 7.97 7.76 7.43 7.13 6.98 7.00 7.13 7.27 7.37 7.40 7.47 7.47 7.32 7.28 7.67 7.63 7.46 7.77 8.20 7.95
-9999 -9999 -9999 -9999 -9999 -9999 -9999 -9999 -9999 -9999 -9999 -9999 7.55 7.83 11.40 6.96 3.81 5.41 5.71 7.34 9.33 9.09 6.97 6.56 6.43 4.91 5.44 6.15 7.14 7.09 5.74 5.78 5.73 6.17 6.67 5.72 5.55 6.10 6.03 6.42 6.81 6.58 6.67 6.35 5.98 5.87 5.83 5.96 6.11 6.87 7.17 6.72 5.93 6.24 7.24 8.29 7.95 8.54 8.48 7.96 7.39 7.77 7.14 7.28 7.11 7.22 7.22 7.34 7.39 7.35 7.30 7.25 7.20 7.82 7.67 7.39 7.58 8.15 8.15
-9999 -9999 -9999 -9999 -9999 -9999 -9999 -9999 -9999 -9999 -9999 -9999 8.62 9.72 4.52 5.60 4.72 5.72 6.05 9.98 8.67 9.80 7.53 6.65 5.15 4.14 4.71 7.07 8.54 9.48 5.87 7.02 6.19 6.51 6.42 5.21 5.39 5.78 6.08 6.52 6.25 6.44 7.34 6.72 5.97 5.95 6.83 5.86 6.26 6.66 6.61 6.23 6.01 6.56 7.12 7.60 7.82 7.84 7.32 7.26 7.52 7.64 6.88 6.90 7.10 7.17 7.23 7.21 7.13 7.19 7.19 7.18 7.21 7.45 7.34 7.50 7.50 7.98 8.07
-9999 -9999 -9999 -9999 -9999 -9999 -9999 -9999 -9999 -9999 -9999 -9999 -9999 5.69 6.26 7.49 9.01 9.81 8.26 8.73 7.46 5.45 5.23 4.61 5.14 5.04 4.38 5.48 6.04 8.51 6.71 5.89 5.83 7.05 6.76 5.18 5.92 5.41 5.71 7.56 6.42 6.35 6.32 6.45 5.80 5.78 7.04 6.64 6.21 6.70 6.44 6.25 6.51 7.20 7.05 7.15 6.95 7.47 6.89 7.71 7.69 6.99 6.84 7.28 7.21 7.04 7.06 7.01 7.03 7.11 7.13 7.16 7.15 7.21 7.27 7.48 7.55 7.69 7.95
-9999 -9999 -9999 -9999 -9999 -9999 -9999 -9999 -9999 -9999 -9999 -9999 -9999 6.52 6.88 7.59 9.26 11.50 10.54 7.94 5.91 4.77 5.79 7.15 8.32 9.34 6.75 5.12 5.67 6.62 6.09 4.73 7.30 6.87 6.75 5.73 6.40 5.67 5.58 6.34 7.43 7.16 6.66 6.30 5.86 5.88 6.76 6.63 6.36 6.48 6.78 6.94 7.13 7.57 7.12 6.95 7.83 7.89 7.80 7.61 7.75 7.06 7.28 7.68 6.99 6.91 6.93 6.93 7.03 7.06 7.07 7.11 7.12 7.20 7.19 7.19 7.19 7.26 7.57
-9999 -9999 -9999 -9999 -9999 -9999 -9999 -9999 -9999 -9999 -9999 -9999 7.58 5.50 5.96 8.10 9.27 8.86 8.53 6.71 7.17 10.45 8.13 8.10 7.90 6.16 5.21 5.63 5.97 4.90 4.37 5.08 6.83 7.00 6.62 5.65 6.56 5.41 5.56 6.92 6.62 6.97 7.03 6.55 6.19 6.12 6.86 6.78 6.23 6.50 6.54 6.53 7.18 7.03 7.82 7.38 7.92 7.45 7.68 7.82 7.19 7.06 7.69 7.63 6.89 6.85 7.08 6.97 7.11 7.14 7.21 7.18 7.12 7.13 7.02 7.34 7.63 7.73 7.29
-9999 -9999 -9999 -9999 -9999 -9999 -9999 -9999 -9999 -9999 -9999 -9999 9.04 6.85 5.73 5.94 7.84 10.81 10.15 8.75 7.25 7.77 8.74 9.41 9.17 5.88 6.97 7.42 4.34 6.06 3.33 4.32 6.28 8.02 5.77 6.26 5.47 5.02 5.37 6.18 8.38 7.28 7.23 6.86 6.57 6.57 6.78 6.57 6.21 6.40 6.39 6.40 6.46 7.48 7.86 7.84 8.33 7.67 7.35 7.41 7.13 7.44 7.82 7.63 7.22 7.43 7.28 7.52 7.25 7.28 7.45 7.41 7.17 7.06 6.93 7.00 7.66 7.77 7.85
-9999 -9999 -9999 -9999 -9999 -9999 -9999 -9999 -9999 -9999 -9999 -9999 7.71 6.32 3.82 5.06 7.57 11.01 9.54 9.47 7.40 8.76 8.15 6.81 7.07 6.99 6.25 4.73 3.56 4.05 6.17 4.15 4.95 5.52 5.82 7.04 6.10 5.11 5.41 6.21 6.72 6.70 7.37 7.04 6.75 6.87 6.39 6.01 6.41 6.62 6.74 6.40 6.89 7.90 7.94 7.33 7.53 8.19 7.48 7.75 7.10 7.82 7.99 7.45 7.34 7.48 7.05 7.26 7.21 7.27 7.34 7.22 7.12 7.07 6.97 7.28 7.01 7.34 7.55
-9999 -9999 -9999 -9999 -9999 -9999 -9999 -9999 -9999 -9999 -9999 7.39 7.58 8.42 6.25 4.95 8.10 9.40 10.96 10.72 6.72 6.89 5.99 6.74 7.48 5.51 4.85 5.86 4.43 3.91 3.89 3.90 4.30 5.00 5.93 6.07 5.93 5.82 5.59 5.72 6.45 6.77 6.30 6.64 6.44 6.90 6.30 6.24 6.36 6.12 6.12 6.45 7.36 7.41 7.52 7.06 7.72 7.89 7.63 7.13 7.75 7.87 8.00 8.10 7.74 7.43 7.29 7.16 7.25 7.31 7.20 7.12 6.98 6.91 6.99 7.29 7.32 7.44 7.65
-9999 -9999 -9999 -9999 -9999 -9999 -9999 -9999 -9999 -9999 8.30 7.73 7.85 6.19 4.82 7.23 9.89 10.68 9.28 10.42 7.28 8.01 6.49 5.81 10.05 5.96 5.86 4.01 3.96 2.99 3.10 4.24 5.92 5.61 7.18 6.12 6.45 5.58 5.58 5.87 6.27 6.59 6.24 6.31 6.54 6.67 5.73 6.19 6.19 6.35 6.53 6.88 7.42 7.01 7.60 7.26 7.52 7.05 7.00 7.90 8.21 7.91 8.08 7.99 7.35 7.65 7.63 7.57 7.48 7.24 7.07 6.87 7.00 7.01 7.48 7.70 7.88 7.93 7.48
-9999 -9999 -9999 -9999 -9999 -9999 -9999 -9999 9.25 7.84 6.69 5.27 5.04 5.31 5.52 8.15 9.49 10.96 12.04 10.43 8.45 5.52 7.21 6.43 8.97 6.23 4.92 4.58 3.36 3.14 2.96 5.02 7.03 6.73 6.91 5.53 5.79 5.73 5.89 6.48 6.37 6.70 6.01 6.03 6.25 5.79 5.68 5.99 6.69 6.59 7.22 7.82 7.56 7.24 6.90 6.76 7.38 7.81 7.62 7.96 7.38 7.98 8.09 7.62 7.07 7.14 7.77 7.66 7.65 7.07 6.86 6.72 6.93 7.70 7.99 7.84 8.43 8.22 8.01
-9999 -9999 -9999 -9999 9.34 8.31 7.05 9.07 8.76 8.54 8.39 6.53 5.95 5.40 9.08 8.22 10.09 10.58 10.36 7.98 6.83 5.17 6.10 5.79 10.26 8.38 6.05 4.01 4.06 3.86 6.19 5.29 6.89 7.19 6.82 6.32 5.77 5.57 6.44 6.22 5.96 6.95 5.97 5.82 5.57 5.79 6.15 6.67 6.23 6.93 6.73 7.19 7.91 7.78 7.56 7.36 7.75 7.83 7.61 7.48 8.10 7.44 7.39 7.27 7.00 7.55 7.76 7.84 7.34 6.92 6.94 7.10 7.91 8.08 7.78 8.33 7.75 7.96 8.20
-9999 -9999 -9999 9.85 7.74 7.78 6.92 6.36 7.57 7.20 7.58 6.06 5.05 7.64 8.50 9.22 6.94 11.10 8.31 6.42 9.89 7.41 4.95 10.01 8.36 7.08 3.70 3.37 3.93 6.80 5.59 5.66 5.81 5.99 7.10 6.83 6.73 5.90 6.22 5.95 5.97 6.67 6.15 5.70 5.66 5.91 6.41 6.44 7.90 6.67 6.56 7.04 7.67 7.26 7.21 6.93 7.11 7.56 7.45 8.03 7.62 7.25 7.32 7.46 7.06 7.32 7.43 7.12 7.00 6.97 7.06 7.25 7.66 8.31 8.27 8.31 7.99 7.89 7.92
-9999 -9999 9.59 8.71 6.04 5.50 5.62 6.46 6.21 6.67 6.04 6.49 9.68 7.67 6.94 9.71 5.61 7.76 7.60 9.87 9.28 9.76 8.06 7.77 6.53 4.24 7.36 6.89 4.47 5.33 5.52 5.56 6.04 5.64 5.78 7.06 7.28 5.71 5.62 5.80 6.26 5.89 5.45 5.68 7.50 6.12 6.09 6.71 7.42 6.99 6.68 7.23 7.67 7.64 7.98 7.53 7.00 6.97 6.97 7.78 7.52 7.11 7.71 7.59 7.12 7.25 7.21 7.09 7.29 7.41 7.46 7.71 7.83 8.37 7.84 7.71 7.92 7.58 7.67
8.21 9.19 6.99 6.53 6.80 6.00 5.73 7.41 6.58 6.61 6.70 8.80 8.47 7.28 8.22 7.84 6.32 6.43 8.97 9.30 8.15 8.31 9.45 6.74 4.18 7.92 8.84 6.75 6.90 5.43 5.94 5.46 5.84 7.35 5.93 7.61 6.30 5.55 5.42 5.77 7.04 5.31 5.55 8.49 6.58 6.22 6.32 6.98 7.79 6.86 6.92 7.26 7.08 7.50 7.48 7.10 6.84 7.10 6.82 7.19 7.46 7.44 7.15 6.93 6.76 6.80 7.23 8.34 7.93 8.67 8.26 7.58 8.45 8.20 8.19 7.92 7.76 7.83 7.59
6.51 8.49 10.57 9.58 9.05 6.60 7.45 8.79 7.83 7.49 9.16 7.91 7.51 9.29 7.05 5.30 5.97 6.58 8.75 8.75 8.49 7.96 7.09 5.27 6.45 13.39 10.34 7.51 5.67 6.28 6.02 7.26 6.13 6.63 5.96 6.01 5.94 5.85 5.45 5.41 5.54 5.18 7.78 8.32 7.66 6.60 6.36 8.53 7.58 7.04 7.18 6.95 7.50 7.45 7.21 6.63 7.36 7.06 6.59 7.82 7.66 6.88 6.75 6.73 6.63 7.10 7.96 8.42 8.40 8.91 8.46 8.20 8.65 8.28 7.69 7.91 7.81 7.97 7.92
6.58 7.61 7.96 7.42 6.38 7.76 6.83 8.31 5.97 6.93 8.89 8.36 7.03 7.64 5.07 4.68 7.55 8.61 7.95 6.98 8.49 6.17 5.12 4.50 8.21 11.08 11.52 6.27 6.69 6.95 7.29 6.68 5.69 6.86 6.36 6.19 5.71 5.84 4.97 4.89 5.79 5.79 7.89 7.88 7.30 6.34 7.03 8.45 8.10 7.72 7.29 7.46 7.35 7.07 6.77 6.73 7.06 7.31 6.97 6.86 6.82 6.63 7.43 7.90 6.84 7.20 7.99 8.44 8.27 8.80 8.80 8.82 8.78 7.79 7.74 7.65 7.70 7.51 7.77
6.60 7.21 7.00 7.35 6.74 6.74 7.55 6.55 7.11 6.10 6.00 5.95 5.50 4.96 6.52 5.67 8.74 13.71 7.39 7.49 7.94 11.29 10.81 4.74 4.82 12.91 9.65 7.62 7.92 8.83 7.30 5.77 5.25 7.15 7.34 6.20 5.57 5.31 4.87 4.93 6.03 8.07 8.43 7.50 7.00 6.67 6.71 7.10 8.02 7.51 7.33 7.13 6.83 6.60 6.56 7.25 7.08 6.89 6.84 6.21 6.33 6.98 6.91 7.51 7.11 7.28 7.54 7.94 8.51 8.82 8.89 8.93 8.96 7.72 7.29 7.65 7.63 7.25 7.52
6.45 7.21 6.42 6.67 6.58 6.57 5.78 5.70 6.33 5.72 6.90 5.95 7.36 4.87 7.31 9.01 9.34 10.49 10.99 8.90 10.50 12.05 8.10 9.55 8.49 5.38 9.31 8.84 6.14 6.60 5.45 6.71 6.53 8.94 8.18 6.19 5.51 4.92 4.81 5.84 8.27 7.41 8.70 7.45 7.07 7.54 6.94 8.33 7.40 7.51 7.09 6.82 6.65 6.78 6.77 6.83 6.58 6.48 6.16 6.18 6.87 7.48 7.10 6.71 7.27 7.03 7.96 7.64 7.78 8.16 8.45 8.67 8.66 8.09 7.23 7.53 7.53 7.34 7.64
6.68 6.29 7.30 8.10 9.43 8.43 7.11 6.26 5.47 5.73 7.97 5.83 6.68 4.68 6.59 7.31 6.99 6.40 8.42 7.81 9.67 9.82 11.35 9.60 10.17 9.35 12.43 7.55 6.44 6.03 6.86 6.43 8.38 8.18 8.45 5.87 5.36 4.79 7.59 8.30 8.27 8.72 7.37 7.67 7.71 7.59 7.55 7.76 7.69 7.30 6.97 6.84 6.72 7.13 7.15 7.30 6.78 6.25 6.12 6.47 7.58 6.34 6.76 6.92 6.72 6.82 7.13 7.11 7.41 8.00 7.87 8.29 8.25 7.88 7.63 7.59 7.20 7.04 7.96
7.17 6.66 6.80 8.29 8.70 9.32 8.46 7.54 6.63 6.00 6.29 8.13 5.37 8.58 8.09 8.30 9.35 8.25 6.68 6.95 8.47 7.80 9.29 9.02 7.73 11.19 10.95 6.38 6.91 5.28 5.93 7.39 8.09 7.89 7.25 5.74 5.25 6.45 6.13 7.82 7.86 7.47 7.76 7.60 7.46 7.87 7.56 7.33 7.19 6.98 7.95 6.91 7.45 6.99 6.86 6.40 6.19 6.32 6.95 7.47 6.80 6.45 6.60 6.58 6.50 6.80 7.28 7.72 6.87 7.72 8.42 7.96 7.73 7.87 7.11 7.27 7.82 7.41 7.24
7.84 8.22 9.10 10.32 -9999 -9999 -9999 -9999 8.32 7.62 7.95 6.09 5.26 6.50 6.83 6.70 6.33 3.91 10.92 11.56 7.85 6.99 7.33 8.71 9.41 10.78 8.20 6.60 5.66 5.04 8.30 7.57 9.05 6.86 6.42 5.78 5.59 7.28 6.27 7.75 7.75 7.20 7.36 7.31 7.31 7.30 7.22 7.13 7.07 6.97 7.75 7.17 7.48 7.52 7.02 6.60 6.36 7.53 7.42 7.13 6.71 6.68 5.67 5.87 5.98 6.99 7.45 7.33 6.56 7.34 7.97 7.87 7.54 7.98 7.52 7.29 7.53 7.64 7.31
