ML/MeanWindSpeed_1994-01_Actual.txt
ncols         180
nrows         290
xllcorner     -200000
yllcorner     -200000
cellsize      5000
NODATA_value  -9999
[rows 102 to 135 of 290, columns 77 to 153 of 180]
-9999 14.43 15.98 17.34 3.85 22.12 15.32 14.62 10.08 25.67 14.67 27.16 15.71 14.82 25.87 12.83 6.38 18.25 25.86 25.86 14.16 15.09 16.51 14.70 11.51 9.99 9.50 9.43 15.20 12.81 13.06 12.86 13.63 14.29 14.31 15.22 -9999 -9999 -9999 -9999 -9999 -9999 -9999 -9999 -9999 -9999 -9999 -9999 -9999 -9999 -9999 -9999 -9999 -9999 -9999 -9999 -9999 -9999 -9999 -9999 -9999 -9999 -9999 -9999 -9999 -9999 -9999 -9999 -9999 -9999 -9999 -9999 -9999 -9999 -9999 -9999 -9999
12.29 9.89 5.55 5.84 13.23 24.30 6.81 11.24 24.46 16.34 17.29 24.88 26.01 20.58 7.97 18.51 18.84 24.07 19.91 15.49 21.53 22.95 16.58 12.59 9.26 8.93 11.15 16.87 13.60 12.40 13.61 12.52 12.50 13.52 -9999 -9999 -9999 -9999 -9999 -9999 -9999 -9999 -9999 -9999 -9999 -9999 -9999 -9999 -9999 -9999 -9999 -9999 -9999 -9999 -9999 -9999 -9999 -9999 -9999 -9999 -9999 -9999 -9999 -9999 -9999 -9999 -9999 -9999 -9999 -9999 -9999 -9999 -9999 -9999 -9999 -9999 -9999
11.18 11.72 13.21 10.12 14.62 5.99 4.55 10.49 17.11 13.98 10.84 10.86 13.69 17.13 22.90 14.18 18.40 16.18 19.99 22.38 17.98 16.97 13.81 11.27 9.39 9.32 13.44 13.48 11.14 11.26 11.49 12.98 12.94 -9999 -9999 -9999 -9999 -9999 -9999 -9999 -9999 -9999 -9999 -9999 -9999 -9999 -9999 -9999 -9999 -9999 -9999 -9999 -9999 -9999 -9999 -9999 -9999 -9999 -9999 -9999 -9999 -9999 -9999 -9999 -9999 -9999 -9999 -9999 -9999 -9999 -9999 -9999 -9999 -9999 -9999 -9999 -9999
14.55 12.07 16.29 11.00 5.94 9.21 16.71 17.79 15.44 12.14 14.24 21.25 14.39 18.35 10.82 14.56 20.71 14.05 9.77 9.46 11.77 10.05 9.67 11.05 11.33 9.43 11.22 10.52 10.40 14.00 13.05 13.41 13.41 -9999 -9999 -9999 -9999 -9999 -9999 -9999 -9999 -9999 -9999 -9999 -9999 -9999 -9999 -9999 -9999 -9999 -9999 -9999 -9999 -9999 -9999 -9999 -9999 -9999 -9999 -9999 -9999 -9999 -9999 -9999 -9999 -9999 -9999 -9999 -9999 -9999 -9999 -9999 -9999 -9999 -9999 -9999 -9999
13.37 14.46 11.70 13.89 18.38 16.94 21.51 12.49 17.85 7.56 20.66 10.49 24.36 11.33 15.94 25.75 16.19 12.31 15.68 13.94 9.99 9.58 8.47 8.40 10.20 8.71 8.69 11.11 11.81 11.77 12.07 10.48 12.59 13.89 -9999 -9999 -9999 -9999 -9999 -9999 -9999 -9999 -9999 -9999 -9999 -9999 -9999 -9999 -9999 -9999 -9999 -9999 -9999 -9999 -9999 -9999 -9999 -9999 -9999 -9999 -9999 -9999 -9999 -9999 -9999 -9999 -9999 -9999 -9999 -9999 -9999 -9999 -9999 -9999 -9999 -9999 -9999
14.86 15.00 7.81 17.80 12.40 6.92 13.92 20.27 19.57 7.93 20.58 17.46 18.45 13.10 19.52 15.38 17.42 22.38 16.70 14.66 12.45 10.53 10.32 12.32 13.08 15.05 14.60 12.34 10.33 9.40 12.80 10.92 14.39 14.56 16.36 -9999 -9999 -9999 -9999 -9999 -9999 -9999 -9999 -9999 -9999 -9999 -9999 -9999 -9999 -9999 -9999 -9999 -9999 -9999 -9999 -9999 -9999 -9999 -9999 -9999 -9999 -9999 -9999 -9999 -9999 -9999 -9999 -9999 -9999 -9999 -9999 -9999 -9999 -9999 -9999 -9999 -9999
15.60 10.49 15.97 16.59 11.85 6.73 16.72 19.32 25.15 10.81 19.71 16.01 16.45 15.13 16.22 9.05 11.74 13.54 12.35 8.67 11.14 14.34 19.28 17.99 16.21 13.28 12.48 14.63 9.19 11.39 13.24 14.25 14.96 15.46 16.45 16.88 -9999 -9999 -9999 -9999 -9999 -9999 -9999 -9999 -9999 -9999 -9999 -9999 -9999 -9999 -9999 -9999 -9999 -9999 -9999 -9999 -9999 -9999 -9999 -9999 -9999 -9999 -9999 -9999 -9999 -9999 -9999 -9999 -9999 -9999 -9999 -9999 -9999 -9999 -9999 -9999 -9999
9.13 16.63 20.81 9.87 7.35 14.37 22.68 16.13 7.35 12.08 30.61 13.78 13.05 14.97 14.95 11.80 10.81 7.92 7.36 12.43 20.74 19.85 16.63 15.09 11.59 10.58 11.51 13.89 11.66 13.28 13.02 12.88 14.29 15.03 15.71 -9999 -9999 -9999 -9999 -9999 -9999 -9999 -9999 -9999 -9999 -9999 -9999 -9999 -9999 -9999 -9999 -9999 -9999 -9999 -9999 -9999 -9999 -9999 -9999 -9999 -9999 -9999 -9999 -9999 -9999 -9999 -9999 -9999 -9999 -9999 -9999 -9999 -9999 -9999 -9999 -9999 -9999
12.10 13.60 12.62 11.39 20.21 10.86 18.76 19.59 20.04 14.15 11.29 25.30 14.60 11.46 9.89 9.70 9.15 8.20 7.27 12.85 10.08 8.92 7.73 10.42 13.68 11.90 12.29 11.69 12.15 14.73 14.80 -9999 -9999 -9999 -9999 -9999 -9999 -9999 -9999 -9999 -9999 -9999 -9999 -9999 -9999 -9999 -9999 -9999 -9999 -9999 -9999 -9999 -9999 -9999 -9999 -9999 -9999 -9999 -9999 -9999 -9999 -9999 -9999 -9999 -9999 -9999 -9999 -9999 -9999 -9999 -9999 -9999 -9999 -9999 -9999 -9999 -9999
14.73 12.24 8.02 18.18 18.99 22.10 22.57 9.06 20.37 20.55 10.46 15.96 17.00 11.70 11.36 12.96 15.09 16.87 10.75 9.27 8.78 9.09 9.91 11.15 12.94 11.95 12.31 13.93 14.05 -9999 -9999 -9999 -9999 -9999 -9999 -9999 -9999 -9999 -9999 -9999 -9999 -9999 -9999 -9999 -9999 -9999 -9999 -9999 -9999 -9999 -9999 -9999 -9999 -9999 -9999 -9999 -9999 -9999 -9999 -9999 -9999 -9999 -9999 -9999 -9999 -9999 -9999 -9999 -9999 -9999 -9999 -9999 -9999 -9999 -9999 -9999 -9999
13.43 10.20 18.61 13.02 19.98 23.68 19.03 15.34 21.64 21.69 11.59 11.21 9.48 9.11 10.19 11.82 17.09 19.22 14.47 11.79 9.78 9.43 11.27 10.73 11.41 12.37 15.56 17.54 15.51 -9999 -9999 -9999 -9999 -9999 -9999 -9999 -9999 -9999 -9999 -9999 -9999 -9999 -9999 -9999 -9999 -9999 -9999 -9999 -9999 -9999 -9999 -9999 -9999 -9999 -9999 -9999 -9999 -9999 -9999 -9999 -9999 -9999 -9999 -9999 -9999 -9999 -9999 -9999 -9999 -9999 -9999 -9999 -9999 -9999 -9999 -9999 -9999
-9999 13.30 18.32 13.46 19.53 19.46 21.62 14.10 12.77 14.69 13.31 12.33 11.80 7.95 20.73 20.89 18.94 19.25 14.28 10.17 10.04 9.69 9.93 9.85 10.04 11.88 11.70 -9999 -9999 -9999 -9999 -9999 15.36 13.88 14.47 14.34 -9999 -9999 -9999 -9999 -9999 -9999 -9999 -9999 -9999 -9999 -9999 -9999 -9999 -9999 -9999 -9999 -9999 -9999 -9999 -9999 -9999 -9999 -9999 -9999 -9999 -9999 -9999 -9999 -9999 -9999 -9999 -9999 -9999 -9999 -9999 -9999 -9999 -9999 -9999 -9999 -9999
-9999 14.03 20.43 13.45 10.68 25.66 13.37 13.96 13.17 11.19 12.18 14.47 18.47 13.15 13.20 11.43 11.65 10.80 11.50 11.97 12.41 11.82 10.73 11.39 12.08 11.71 11.61 12.89 14.30 -9999 -9999 12.82 11.96 11.60 10.54 11.84 13.56 14.85 -9999 -9999 -9999 -9999 -9999 -9999 -9999 -9999 -9999 -9999 -9999 -9999 -9999 -9999 -9999 -9999 -9999 -9999 -9999 -9999 -9999 -9999 -9999 -9999 -9999 -9999 -9999 -9999 -9999 -9999 -9999 -9999 -9999 -9999 -9999 -9999 -9999 -9999 -9999
13.00 17.90 14.33 15.58 18.23 20.36 12.70 15.24 18.76 16.92 14.72 11.21 11.29 12.31 11.43 11.39 10.67 10.26 11.27 12.95 12.74 11.26 13.08 13.69 10.82 9.75 10.45 11.32 13.36 11.79 12.11 12.49 10.84 8.60 10.01 14.11 14.95 17.83 13.17 -9999 -9999 -9999 -9999 -9999 -9999 -9999 -9999 -9999 -9999 -9999 -9999 -9999 -9999 -9999 -9999 -9999 -9999 -9999 -9999 -9999 -9999 -9999 -9999 -9999 -9999 -9999 -9999 -9999 -9999 -9999 -9999 -9999 -9999 -9999 -9999 -9999 -9999
19.24 14.95 19.92 18.05 14.68 13.31 -9999 17.73 21.34 15.64 13.15 11.15 10.70 10.43 11.00 11.89 11.01 10.52 13.15 13.52 13.79 12.54 11.28 11.00 9.59 10.31 11.27 13.30 11.34 9.74 12.61 11.07 10.33 9.24 11.94 15.12 15.55 17.13 14.85 16.87 18.80 14.72 -9999 -9999 -9999 -9999 -9999 -9999 -9999 -9999 -9999 -9999 -9999 -9999 -9999 -9999 -9999 -9999 -9999 -9999 -9999 -9999 -9999 -9999 -9999 -9999 -9999 -9999 -9999 -9999 -9999 -9999 -9999 -9999 -9999 -9999 -9999
24.68 17.01 -9999 16.97 18.85 13.92 -9999 19.11 24.15 16.33 14.48 11.70 11.72 11.06 11.08 10.02 9.80 9.56 10.85 14.16 14.42 14.46 11.80 11.13 12.29 13.82 16.96 14.62 10.70 8.94 10.92 10.81 10.64 17.17 18.89 15.61 15.63 14.45 14.16 14.43 12.10 14.11 -9999 -9999 -9999 -9999 -9999 -9999 -9999 -9999 -9999 -9999 -9999 -9999 -9999 -9999 -9999 -9999 -9999 -9999 -9999 -9999 -9999 -9999 -9999 -9999 -9999 -9999 -9999 -9999 -9999 -9999 -9999 -9999 -9999 -9999 -9999
19.84 17.99 -9999 -9999 19.16 15.62 14.56 18.44 20.44 12.37 12.70 15.52 13.39 12.50 12.05 15.52 11.63 8.85 9.69 10.89 13.40 14.39 15.42 12.73 15.94 17.05 14.61 13.11 13.00 11.84 12.52 13.75 14.62 14.27 18.09 15.77 14.97 14.88 10.43 10.17 11.82 14.20 15.65 -9999 -9999 -9999 -9999 -9999 -9999 -9999 -9999 -9999 -9999 -9999 -9999 -9999 -9999 -9999 -9999 -9999 -9999 -9999 -9999 -9999 -9999 -9999 -9999 -9999 -9999 -9999 -9999 -9999 -9999 -9999 -9999 -9999 -9999
-9999 -9999 -9999 -9999 -9999 16.96 14.73 19.66 14.96 10.60 11.75 13.78 15.88 14.30 13.14 14.95 15.08 12.15 8.81 11.72 15.20 13.70 13.21 14.02 16.71 15.13 12.72 13.03 13.20 17.69 16.86 14.31 13.32 11.79 15.30 14.70 13.73 14.67 11.09 10.00 10.02 10.43 11.99 -9999 -9999 -9999 -9999 -9999 -9999 -9999 -9999 -9999 -9999 -9999 -9999 -9999 -9999 -9999 -9999 -9999 -9999 -9999 -9999 -9999 -9999 -9999 -9999 -9999 -9999 -9999 -9999 -9999 -9999 -9999 -9999 -9999 -9999
13.84 21.26 23.31 -9999 -9999 -9999 16.77 17.88 13.88 11.74 11.01 11.88 14.29 15.56 16.46 17.09 15.57 14.64 12.57 8.89 14.72 13.42 12.84 13.32 12.30 12.07 14.88 12.37 16.99 21.89 19.74 16.10 15.82 11.86 13.39 13.02 13.52 13.90 10.94 9.70 9.47 9.68 11.47 12.93 -9999 -9999 -9999 -9999 -9999 -9999 -9999 -9999 -9999 -9999 -9999 -9999 -9999 -9999 -9999 -9999 -9999 -9999 -9999 -9999 -9999 -9999 -9999 -9999 -9999 -9999 -9999 -9999 -9999 -9999 -9999 -9999 -9999
18.77 22.57 25.73 17.98 -9999 -9999 -9999 16.64 14.68 11.73 10.69 10.79 11.33 14.07 14.90 14.51 13.21 13.51 13.71 13.64 12.19 12.67 12.51 14.80 13.82 17.59 11.67 13.44 12.84 13.57 19.59 18.91 15.40 13.78 11.58 11.27 11.76 12.06 10.17 9.70 8.98 10.00 10.84 10.84 11.80 -9999 -9999 -9999 -9999 -9999 -9999 -9999 -9999 -9999 -9999 -9999 -9999 -9999 -9999 -9999 -9999 -9999 -9999 -9999 -9999 -9999 -9999 -9999 -9999 -9999 -9999 -9999 -9999 -9999 -9999 -9999 -9999
13.97 20.51 22.73 16.30 -9999 -9999 -9999 -9999 -9999 13.54 11.46 9.41 9.05 9.89 10.47 12.50 16.85 17.07 14.92 13.38 12.46 14.44 13.65 13.77 12.70 16.60 11.70 13.78 14.99 13.23 9.84 12.55 11.41 13.03 10.38 12.09 11.15 9.22 9.02 9.00 9.29 8.62 11.42 11.15 10.75 11.13 -9999 -9999 -9999 -9999 -9999 -9999 -9999 -9999 -9999 -9999 -9999 -9999 -9999 -9999 -9999 -9999 -9999 -9999 -9999 -9999 -9999 -9999 -9999 -9999 -9999 -9999 -9999 -9999 -9999 -9999 -9999
14.91 15.32 25.94 18.53 -9999 -9999 -9999 -9999 -9999 14.68 13.04 12.41 9.90 12.28 15.24 14.32 17.31 18.74 17.32 13.74 15.54 14.01 12.73 15.48 16.16 10.46 23.46 14.71 18.94 13.85 17.21 16.47 10.56 13.47 11.03 10.07 8.96 9.59 11.59 12.52 11.37 11.54 8.15 10.34 12.78 10.28 12.49 13.79 -9999 -9999 -9999 -9999 -9999 -9999 -9999 -9999 -9999 -9999 -9999 -9999 -9999 -9999 -9999 -9999 -9999 -9999 -9999 -9999 -9999 -9999 -9999 -9999 -9999 -9999 -9999 -9999 -9999
-9999 20.64 24.69 23.82 -9999 -9999 -9999 -9999 -9999 14.88 12.24 11.87 10.69 11.62 13.98 11.59 13.43 14.27 17.05 15.14 14.75 13.05 16.41 21.59 17.53 15.56 25.48 21.92 15.10 16.11 13.35 10.56 12.63 13.34 11.15 11.64 11.28 8.86 9.54 10.10 13.33 17.59 12.36 9.99 11.24 11.53 10.50 12.23 -9999 -9999 -9999 -9999 -9999 -9999 -9999 -9999 -9999 -9999 -9999 -9999 -9999 -9999 -9999 -9999 -9999 -9999 -9999 -9999 -9999 -9999 -9999 -9999 -9999 -9999 -9999 -9999 -9999
-9999 17.87 20.27 22.54 -9999 -9999 -9999 -9999 -9999 14.02 11.82 11.31 11.39 11.38 11.69 12.72 17.76 20.05 16.20 17.14 13.23 13.19 13.25 16.99 11.09 19.98 18.25 15.12 16.77 18.07 11.17 14.58 11.95 13.12 12.66 9.35 10.92 11.14 10.34 9.60 18.90 19.65 16.77 9.62 10.58 11.46 10.50 12.27 -9999 -9999 -9999 -9999 -9999 -9999 -9999 -9999 -9999 -9999 -9999 -9999 -9999 -9999 -9999 -9999 -9999 -9999 -9999 -9999 -9999 -9999 -9999 -9999 -9999 -9999 -9999 -9999 -9999
-9999 -9999 -9999 -9999 -9999 -9999 -9999 -9999 18.03 13.73 12.58 11.29 12.08 13.25 11.94 14.02 15.00 18.05 14.70 14.21 18.14 15.79 17.74 17.11 16.45 21.28 20.31 13.15 14.79 16.52 15.11 13.48 14.11 10.57 12.20 12.81 9.45 11.09 10.32 14.72 16.46 20.83 17.04 9.81 9.43 8.87 10.35 12.20 -9999 -9999 -9999 -9999 -9999 -9999 -9999 -9999 -9999 -9999 -9999 -9999 -9999 -9999 -9999 -9999 -9999 -9999 -9999 -9999 -9999 -9999 -9999 -9999 -9999 -9999 -9999 -9999 -9999
-9999 -9999 -9999 -9999 -9999 -9999 -9999 -9999 19.41 11.05 11.19 13.71 15.89 15.06 12.91 13.32 14.20 10.75 11.74 17.11 18.30 16.39 15.39 11.83 9.09 19.65 12.35 13.31 13.11 14.36 13.91 12.23 9.63 13.67 12.86 12.28 10.81 11.07 13.91 15.85 14.79 17.05 16.19 10.28 8.00 8.68 11.66 10.79 -9999 -9999 -9999 -9999 -9999 -9999 -9999 -9999 -9999 -9999 -9999 -9999 -9999 -9999 -9999 -9999 -9999 -9999 -9999 -9999 -9999 -9999 -9999 -9999 -9999 -9999 -9999 -9999 -9999
-9999 -9999 -9999 -9999 -9999 -9999 -9999 17.13 15.12 9.18 12.05 14.42 12.19 15.65 18.69 17.48 20.62 17.36 13.28 10.59 11.39 16.50 15.76 12.88 7.07 11.23 17.96 12.86 16.43 12.75 12.84 9.38 10.18 12.83 11.52 11.82 13.60 16.01 18.12 16.66 14.08 12.43 11.73 9.88 12.85 13.95 11.73 11.29 -9999 -9999 -9999 -9999 -9999 -9999 -9999 -9999 -9999 -9999 -9999 -9999 -9999 -9999 -9999 -9999 -9999 -9999 -9999 -9999 -9999 -9999 -9999 -9999 -9999 -9999 -9999 -9999 -9999
-9999 -9999 -9999 -9999 -9999 -9999 -9999 14.56 9.60 14.43 12.58 15.54 12.06 16.23 16.16 20.27 19.16 19.33 16.57 13.35 8.87 21.81 21.47 13.21 6.64 12.55 16.49 11.60 12.39 15.01 10.35 13.80 15.56 12.64 15.17 15.61 20.50 13.53 12.71 13.95 14.79 14.72 11.03 8.75 11.12 11.16 10.32 10.92 13.22 -9999 -9999 -9999 -9999 -9999 -9999 -9999 -9999 -9999 -9999 -9999 -9999 -9999 -9999 -9999 -9999 -9999 -9999 -9999 -9999 -9999 -9999 -9999 -9999 -9999 -9999 -9999 -9999
-9999 -9999 -9999 -9999 -9999 -9999 13.75 15.90 15.26 14.23 15.94 16.36 13.86 11.78 17.59 16.86 19.39 18.72 18.19 11.99 6.97 12.65 15.83 14.33 8.69 8.66 11.89 11.45 11.39 12.08 17.16 12.13 11.43 12.02 11.17 19.10 15.96 18.77 16.11 11.40 12.62 13.49 14.48 15.41 10.64 9.75 9.43 10.60 12.58 -9999 -9999 -9999 -9999 -9999 -9999 -9999 -9999 -9999 -9999 -9999 -9999 -9999 -9999 -9999 -9999 -9999 -9999 -9999 -9999 -9999 -9999 -9999 -9999 -9999 -9999 -9999 -9999
-9999 -9999 -9999 -9999 -9999 -9999 16.11 14.52 12.29 18.28 17.37 14.93 14.65 19.02 12.01 13.65 17.67 15.40 15.45 9.86 6.94 10.60 12.86 15.96 8.52 8.79 9.11 10.42 8.41 14.43 9.14 15.73 12.84 9.92 19.87 11.97 14.27 15.61 14.18 15.10 10.81 11.16 15.06 14.14 11.15 11.69 10.83 10.61 12.71 -9999 -9999 -9999 -9999 -9999 -9999 -9999 -9999 -9999 -9999 -9999 -9999 -9999 -9999 -9999 -9999 -9999 -9999 -9999 -9999 -9999 -9999 -9999 -9999 -9999 -9999 -9999 -9999
-9999 -9999 -9999 -9999 -9999 17.40 13.50 11.59 15.13 12.10 12.73 23.14 17.99 17.28 11.81 13.77 14.92 12.80 15.14 13.89 10.73 13.20 12.63 9.18 7.49 8.39 11.04 11.29 15.33 11.36 9.42 15.74 10.29 11.91 19.83 13.85 12.08 10.65 13.22 14.90 13.49 14.24 14.47 11.86 11.08 10.70 9.78 10.23 12.33 -9999 -9999 -9999 -9999 -9999 -9999 -9999 -9999 -9999 -9999 -9999 -9999 -9999 -9999 -9999 -9999 -9999 -9999 -9999 -9999 -9999 -9999 -9999 -9999 -9999 -9999 -9999 -9999
-9999 -9999 -9999 -9999 14.37 15.00 15.16 11.23 11.78 11.78 10.56 15.19 14.74 23.37 11.78 10.76 12.34 13.22 13.99 14.76 12.28 9.80 8.23 12.03 8.22 7.55 10.49 11.57 11.84 11.58 9.44 12.30 8.03 10.84 17.68 16.43 16.84 15.20 14.06 12.03 11.45 14.64 13.15 11.94 11.47 10.94 10.75 9.78 11.34 13.62 -9999 -9999 -9999 -9999 -9999 -9999 -9999 -9999 -9999 -9999 -9999 -9999 -9999 -9999 -9999 -9999 -9999 -9999 -9999 -9999 -9999 -9999 -9999 -9999 -9999 -9999 -9999
-9999 -9999 -9999 -9999 16.31 20.14 15.02 13.71 11.69 9.65 7.97 21.33 17.71 15.09 14.42 10.61 10.53 12.07 11.89 18.30 11.78 9.21 8.09 8.49 12.53 8.69 12.25 11.55 12.73 11.65 11.02 10.28 12.07 9.27 13.39 14.98 14.13 15.94 13.84 11.78 10.88 12.57 11.55 13.33 12.00 10.14 8.84 10.12 11.33 13.03 -9999 -9999 -9999 -9999 -9999 -9999 -9999 -9999 -9999 -9999 -9999 -9999 -9999 -9999 -9999 -9999 -9999 -9999 -9999 -9999 -9999 -9999 -9999 -9999 -9999 -9999 -9999
-9999 -9999 16.67 14.93 17.21 14.91 13.81 15.17 12.18 11.03 8.44 15.45 14.65 15.80 13.99 13.14 9.70 12.56 13.36 12.05 12.46 12.16 8.37 8.56 10.75 10.43 10.57 11.63 12.42 11.32 10.53 11.74 10.31 9.52 14.94 13.63 13.13 13.66 16.46 14.13 12.33 9.05 10.58 11.53 11.10 10.35 9.22 9.80 10.83 12.77 -9999 -9999 -9999 -9999 -9999 -9999 -9999 -9999 -9999 -9999 -9999 -9999 -9999 -9999 -9999 -9999 -9999 -9999 -9999 -9999 -9999 -9999 -9999 -9999 -9999 -9999 -9999
