ML/MeanWindSpeed_1999-08_Actual.txt
ncols         180
nrows         290
xllcorner     -200000
yllcorner     -200000
cellsize      5000
NODATA_value  -9999
[rows 175 to 209 of 290, columns 79 to 157 of 180]
-9999 -9999 -9999 -9999 -9999 -9999 -9999 8.49 7.94 7.40 6.92 6.39 4.91 3.64 7.05 12.12 6.25 8.28 7.80 7.13 5.94 4.63 5.33 6.66 7.30 6.12 5.09 5.70 6.55 6.18 6.26 6.93 6.25 5.96 5.64 5.66 5.64 5.47 5.41 5.37 8.66 8.95 7.77 8.02 6.62 6.51 7.38 7.10 5.91 5.68 6.31 5.92 5.58 6.08 5.83 6.57 6.33 6.29 6.15 6.14 6.97 6.32 6.35 6.55 6.58 6.98 7.30 7.37 7.51 7.80 7.04 8.19 9.59 -9999 -9999 -9999 -9999 -9999 -9999
-9999 -9999 -9999 -9999 -9999 -9999 -9999 -9999 9.19 7.59 6.29 4.85 4.24 5.08 14.23 10.15 5.04 8.65 5.37 7.28 6.96 4.83 4.29 8.80 6.58 6.58 5.87 5.44 5.84 5.99 5.49 6.07 6.37 6.19 5.92 5.59 5.67 5.37 5.08 6.51 7.59 9.74 8.10 8.66 7.92 5.14 6.77 8.01 6.05 5.98 6.21 5.65 5.62 5.91 5.90 6.73 6.35 6.27 6.52 6.55 7.03 6.88 6.61 6.61 6.65 6.86 7.32 8.16 7.45 6.99 7.02 7.97 9.40 -9999 -9999 -9999 -9999 -9999 -9999
-9999 -9999 -9999 -9999 -9999 -9999 -9999 -9999 -9999 7.59 5.64 5.27 6.36 13.16 15.03 10.44 7.70 7.45 7.70 8.32 8.22 7.86 5.63 5.32 8.47 6.07 5.64 5.93 5.67 5.73 5.64 5.65 6.05 5.86 5.61 5.71 5.65 5.43 5.59 6.52 8.18 8.75 7.07 7.27 8.36 6.80 5.12 8.01 6.17 6.01 6.25 5.63 5.68 5.71 6.18 6.81 6.48 6.40 6.57 6.39 7.30 6.93 6.76 6.76 6.77 7.07 7.12 7.21 7.00 6.94 7.14 8.29 9.57 -9999 -9999 -9999 -9999 -9999 -9999
-9999 -9999 -9999 -9999 -9999 -9999 -9999 -9999 -9999 6.84 5.87 7.35 9.29 11.07 13.42 8.17 5.30 6.94 8.65 8.85 9.42 8.17 6.08 4.45 8.63 7.77 6.34 6.47 5.63 5.57 5.66 6.25 6.10 5.95 5.80 5.49 5.32 5.56 6.96 7.03 6.12 9.28 7.38 7.80 8.85 8.35 6.88 6.35 5.84 5.02 5.96 6.31 5.61 5.62 5.74 6.34 6.30 6.60 6.59 6.44 6.74 7.27 7.09 7.12 6.98 7.01 7.00 6.93 6.92 7.25 7.94 9.00 -9999 -9999 -9999 -9999 -9999 -9999 -9999
-9999 -9999 -9999 -9999 -9999 -9999 -9999 -9999 -9999 6.38 6.77 8.03 8.48 12.24 10.84 7.42 6.96 5.65 7.00 9.09 8.24 9.99 7.63 4.75 7.98 8.65 8.34 6.49 5.95 5.39 5.87 6.59 6.40 5.94 5.60 5.34 5.54 6.55 6.96 6.00 6.00 8.20 7.91 7.73 7.63 6.91 6.78 7.27 4.98 5.47 5.72 5.51 5.73 5.48 6.24 5.89 6.21 6.51 6.57 6.69 7.97 7.58 7.30 7.13 7.10 7.03 6.98 6.97 7.12 7.90 8.91 -9999 -9999 -9999 -9999 -9999 -9999 -9999 -9999
-9999 -9999 -9999 -9999 -9999 -9999 -9999 -9999 7.41 12.52 8.11 9.43 11.12 8.07 14.02 11.36 9.20 7.87 10.25 8.54 8.84 7.68 5.48 6.03 9.14 8.40 8.34 6.46 5.61 5.12 6.19 6.39 6.08 5.89 5.46 5.35 6.30 6.36 6.24 6.81 7.39 6.25 9.26 8.57 6.60 7.01 6.33 5.73 5.52 4.89 5.02 5.24 5.86 5.50 5.24 6.43 6.10 6.35 6.62 6.86 7.91 7.50 7.24 7.23 7.05 7.02 6.90 6.94 7.66 8.68 -9999 -9999 -9999 -9999 -9999 -9999 -9999 9.68 -9999
-9999 -9999 -9999 -9999 -9999 -9999 7.33 7.28 9.98 9.10 8.05 8.90 9.81 6.35 7.10 8.53 9.83 9.17 10.74 9.47 9.11 5.06 6.09 6.22 5.25 6.09 6.08 6.66 5.91 5.43 6.21 6.49 6.35 5.86 5.84 6.50 6.11 6.69 6.22 7.09 7.41 7.31 6.79 6.19 7.17 6.80 6.27 6.01 5.77 5.50 4.75 5.37 5.19 4.73 5.04 5.62 5.85 6.17 6.25 6.76 7.80 7.36 6.98 7.09 6.92 6.87 6.83 7.18 8.08 -9999 -9999 -9999 -9999 -9999 9.48 9.06 8.71 8.35 8.55
-9999 -9999 -9999 -9999 -9999 7.24 7.18 7.46 8.21 8.41 8.56 8.30 6.73 5.00 6.23 7.91 8.76 12.99 7.89 6.08 5.62 3.82 8.25 9.57 9.39 7.40 6.59 6.82 6.46 6.09 6.37 6.79 6.38 6.18 6.16 6.60 6.87 6.07 6.10 7.28 7.26 6.88 6.51 6.44 6.60 5.93 6.12 5.28 5.13 5.44 5.04 4.71 4.38 4.56 5.30 5.33 5.49 5.80 6.12 6.60 7.87 7.47 6.93 6.84 6.74 6.75 6.80 7.18 7.91 -9999 -9999 -9999 -9999 -9999 8.56 7.89 7.60 7.35 7.45
-9999 -9999 -9999 -9999 7.67 8.14 7.66 7.97 -9999 -9999 -9999 -9999 6.81 9.28 8.13 8.80 10.04 7.89 6.16 8.00 7.44 6.51 12.98 11.84 10.01 10.17 7.99 6.47 6.58 6.55 6.27 6.39 6.36 6.15 6.51 6.21 7.05 6.13 6.07 6.49 6.75 6.78 6.55 5.77 5.79 5.77 5.53 4.95 4.70 4.54 4.48 4.50 4.64 4.98 5.09 5.22 5.78 6.28 6.47 6.63 7.39 7.27 7.14 6.67 6.61 6.62 6.65 6.87 7.48 8.51 -9999 -9999 -9999 -9999 7.78 7.15 6.87 6.88 7.01
-9999 -9999 -9999 -9999 8.59 9.62 7.69 8.33 -9999 -9999 -9999 -9999 6.98 8.56 9.76 6.52 9.51 8.62 7.90 9.56 10.70 8.81 11.87 7.79 8.62 8.58 7.53 6.45 6.42 6.55 6.41 6.56 6.91 6.24 6.64 6.44 6.45 6.73 6.03 6.25 5.67 6.13 6.77 6.97 6.88 5.75 5.15 4.80 4.58 4.78 4.35 4.69 5.19 5.42 6.02 5.70 7.03 7.11 7.24 6.74 7.14 7.10 6.97 6.50 6.54 6.56 6.55 6.65 6.84 7.53 8.14 -9999 -9999 8.07 7.51 7.09 7.08 6.79 6.68
-9999 -9999 -9999 -9999 -9999 -9999 -9999 -9999 -9999 -9999 -9999 -9999 7.61 9.96 8.21 5.59 7.46 6.71 10.96 9.97 7.22 9.94 9.92 8.76 8.95 7.62 6.62 5.73 6.54 6.42 6.63 6.48 6.18 6.00 5.91 5.88 6.07 6.40 5.96 5.81 5.75 5.80 5.74 6.41 6.57 5.25 5.92 6.37 5.36 5.08 4.72 4.43 5.41 6.21 6.84 6.59 6.34 6.80 7.37 7.03 7.31 7.07 6.94 6.36 6.44 6.50 6.53 6.54 6.46 6.67 7.10 7.62 7.67 7.15 7.01 6.47 6.97 6.91 6.92
-9999 -9999 -9999 -9999 -9999 -9999 -9999 -9999 -9999 -9999 -9999 -9999 -9999 10.10 4.36 4.47 7.51 10.84 9.77 10.44 10.08 7.53 8.32 9.05 6.60 6.42 5.44 5.33 5.69 6.07 6.25 6.36 6.14 5.69 5.49 5.83 5.90 6.19 6.01 5.67 6.86 6.30 5.57 5.62 5.69 5.72 5.51 6.12 6.13 5.53 6.16 5.24 5.38 6.00 5.67 5.90 6.16 6.34 7.34 7.33 7.11 6.71 6.83 6.29 6.37 6.41 6.41 6.46 6.51 6.55 6.52 6.69 6.66 6.42 6.26 6.35 7.01 6.91 6.70
-9999 -9999 -9999 -9999 -9999 -9999 -9999 -9999 -9999 -9999 -9999 -9999 -9999 7.44 9.84 10.35 9.31 8.61 7.87 9.17 7.39 7.29 6.53 6.11 7.60 6.00 5.28 6.21 5.68 5.62 5.84 5.55 5.57 5.84 5.72 6.65 6.63 6.27 5.86 5.48 6.66 7.11 6.18 5.55 5.41 5.63 5.64 5.72 5.89 6.17 7.54 6.69 5.64 5.48 5.67 6.31 7.13 7.34 7.14 7.52 7.13 6.63 6.37 6.21 6.29 6.32 6.42 6.45 6.48 6.50 6.47 6.42 6.31 6.29 6.24 6.20 6.78 6.80 7.19
-9999 -9999 -9999 -9999 -9999 -9999 -9999 -9999 -9999 -9999 -9999 -9999 8.90 8.44 6.60 11.73 7.87 6.50 7.94 7.89 6.94 8.85 6.82 6.50 8.10 5.50 9.17 6.37 4.79 4.99 6.19 5.37 5.21 7.12 7.09 6.80 6.05 6.19 5.98 5.61 6.18 6.48 6.11 5.61 5.56 5.51 5.50 5.90 5.84 6.54 6.47 6.12 5.81 5.63 6.07 6.73 7.49 7.57 7.00 7.10 6.83 6.54 6.35 6.20 6.23 6.32 6.40 6.43 6.40 6.41 6.38 6.23 6.16 6.45 6.43 6.27 6.50 6.81 6.49
-9999 -9999 -9999 -9999 -9999 -9999 -9999 -9999 -9999 -9999 -9999 -9999 7.93 8.55 11.60 6.63 3.52 4.82 5.37 7.17 9.33 9.22 7.21 6.77 6.69 5.19 5.78 6.28 6.75 6.45 5.44 5.59 5.53 5.88 6.58 6.05 5.88 6.30 6.11 6.17 6.48 6.28 6.30 5.99 5.74 5.58 5.32 5.48 5.73 6.32 6.58 6.17 5.41 5.68 6.59 7.61 7.29 7.68 7.54 6.97 6.44 6.91 6.33 6.38 6.26 6.36 6.32 6.35 6.34 6.27 6.21 6.13 6.06 6.59 6.43 6.11 6.26 6.73 6.63
-9999 -9999 -9999 -9999 -9999 -9999 -9999 -9999 -9999 -9999 -9999 -9999 8.48 9.89 4.94 5.36 3.99 4.76 5.65 9.78 8.82 9.49 7.12 6.20 4.82 4.07 4.99 7.51 8.69 9.40 6.14 7.10 5.84 5.98 6.35 5.55 5.61 5.96 6.24 6.34 5.89 6.01 6.90 6.34 5.71 5.57 6.16 5.32 5.77 6.02 5.93 5.54 5.30 5.76 6.34 6.88 7.01 6.93 6.38 6.30 6.58 6.77 6.01 5.92 6.21 6.29 6.28 6.22 6.12 6.13 6.08 6.03 6.02 6.22 6.11 6.19 6.13 6.49 6.52
-9999 -9999 -9999 -9999 -9999 -9999 -9999 -9999 -9999 -9999 -9999 -9999 -9999 6.27 6.84 7.50 8.18 8.56 7.39 8.21 7.15 4.85 4.49 4.03 4.67 4.87 4.72 6.14 6.78 9.01 7.39 6.40 5.62 6.60 6.73 5.42 6.03 5.61 5.89 7.21 5.84 5.76 5.81 5.95 5.48 5.36 6.35 6.05 5.72 6.08 5.75 5.51 5.70 6.21 6.06 6.20 6.02 6.50 6.01 6.72 6.76 6.14 5.88 6.22 6.24 6.06 6.03 5.98 5.99 6.00 5.97 5.95 5.92 5.96 5.98 6.11 6.06 6.11 6.35
-9999 -9999 -9999 -9999 -9999 -9999 -9999 -9999 -9999 -9999 -9999 -9999 -9999 6.98 7.64 7.94 8.66 10.01 9.26 7.17 5.46 4.27 5.34 6.70 7.85 9.08 7.03 5.90 6.80 7.72 7.30 5.88 7.41 6.67 6.84 5.89 6.52 5.95 5.77 6.04 6.68 6.40 6.01 5.72 5.44 5.43 6.19 6.14 5.90 5.93 6.13 6.20 6.30 6.49 5.98 5.94 6.77 6.84 6.84 6.63 6.81 6.15 6.23 6.58 5.97 5.82 5.81 5.81 5.91 5.89 5.84 5.85 5.85 5.89 5.85 5.76 5.62 5.60 5.88
-9999 -9999 -9999 -9999 -9999 -9999 -9999 -9999 -9999 -9999 -9999 -9999 7.11 5.70 6.64 8.43 8.66 7.62 7.31 5.96 6.70 9.72 7.75 7.91 7.76 6.51 5.93 6.66 7.45 6.51 6.05 6.63 7.63 7.42 6.95 5.76 6.67 5.76 5.80 6.78 6.14 6.34 6.37 5.89 5.66 5.56 6.30 6.28 5.74 5.89 5.86 5.77 6.26 5.96 6.69 6.39 6.83 6.33 6.64 6.81 6.22 6.02 6.55 6.50 5.87 5.78 5.95 5.81 5.90 5.89 5.91 5.86 5.78 5.74 5.61 5.83 5.99 6.00 5.55
-9999 -9999 -9999 -9999 -9999 -9999 -9999 -9999 -9999 -9999 -9999 -9999 8.12 6.61 6.27 6.45 7.35 9.48 8.82 7.83 6.81 7.37 8.63 9.41 9.03 6.45 8.03 8.81 6.28 7.92 5.48 6.25 7.54 8.73 6.19 6.30 5.62 5.39 5.65 6.23 8.00 6.81 6.70 6.31 6.03 5.95 6.26 6.08 5.68 5.76 5.70 5.60 5.55 6.44 6.80 6.82 7.19 6.53 6.33 6.39 6.07 6.26 6.64 6.47 6.11 6.26 6.06 6.23 5.94 5.92 6.04 6.02 5.75 5.57 5.39 5.36 5.91 6.00 6.04
-9999 -9999 -9999 -9999 -9999 -9999 -9999 -9999 -9999 -9999 -9999 -9999 6.98 6.33 4.50 5.29 6.86 9.50 7.82 7.88 6.43 8.29 8.05 6.90 7.05 7.76 7.92 6.94 6.16 6.61 8.46 6.02 6.05 6.16 6.01 6.99 6.18 5.33 5.57 6.17 6.51 6.31 6.90 6.60 6.21 6.25 5.91 5.49 5.73 5.84 5.87 5.41 5.83 6.79 6.89 6.36 6.50 7.06 6.43 6.59 5.92 6.55 6.68 6.21 6.14 6.15 5.67 5.75 5.70 5.80 5.87 5.76 5.57 5.39 5.19 5.38 5.09 5.43 5.66
-9999 -9999 -9999 -9999 -9999 -9999 -9999 -9999 -9999 -9999 -9999 6.89 7.37 8.58 6.40 4.64 7.08 7.69 8.65 8.54 5.45 6.25 5.75 6.63 7.53 6.66 6.88 8.32 7.34 6.87 6.57 5.80 5.27 5.48 6.12 6.17 6.03 5.84 5.53 5.57 6.19 6.34 5.93 6.25 5.96 6.35 5.79 5.54 5.52 5.25 5.10 5.23 6.09 6.22 6.42 6.05 6.61 6.68 6.44 5.98 6.57 6.62 6.63 6.78 6.49 6.04 5.79 5.59 5.67 5.78 5.70 5.58 5.34 5.09 5.08 5.29 5.28 5.40 5.64
-9999 -9999 -9999 -9999 -9999 -9999 -9999 -9999 -9999 -9999 7.45 7.36 7.81 6.30 4.63 6.47 8.70 8.73 7.06 8.19 5.68 6.85 5.88 5.38 9.68 6.96 7.91 6.82 6.88 5.97 5.87 5.98 6.62 5.84 7.08 6.05 6.34 5.48 5.33 5.53 5.86 6.02 5.83 5.94 6.10 6.11 5.13 5.40 5.26 5.34 5.40 5.56 6.01 5.65 6.29 6.01 6.23 5.80 5.85 6.67 6.99 6.71 6.81 6.72 6.10 6.22 6.07 5.96 5.92 5.72 5.51 5.27 5.25 5.11 5.55 5.71 5.86 5.94 5.53
-9999 -9999 -9999 -9999 -9999 -9999 -9999 -9999 8.56 7.30 6.42 5.38 5.16 5.30 5.07 7.05 7.83 8.30 8.99 7.43 5.62 3.47 5.87 5.69 8.78 7.52 7.23 7.42 6.34 5.98 5.40 6.15 7.31 6.74 6.69 5.22 5.45 5.49 5.50 5.96 5.79 6.03 5.58 5.63 5.70 5.21 5.01 5.12 5.57 5.44 6.05 6.42 6.10 5.82 5.57 5.50 6.11 6.53 6.41 6.63 6.16 6.80 6.86 6.39 5.85 5.80 6.27 6.10 6.07 5.48 5.27 5.06 5.15 5.77 6.09 5.98 6.52 6.39 6.19
-9999 -9999 -9999 -9999 8.73 8.21 7.31 9.31 9.05 8.78 8.46 6.41 5.63 5.10 8.04 6.64 7.87 7.32 6.65 4.10 3.06 2.21 4.23 5.05 10.22 9.23 7.44 6.16 6.63 6.22 7.32 5.63 6.89 6.99 6.61 5.82 5.24 5.21 5.89 5.50 5.07 6.11 5.39 5.15 4.75 5.00 5.38 5.55 4.94 5.69 5.56 5.81 6.39 6.24 6.04 5.95 6.41 6.48 6.31 6.11 6.70 6.14 6.04 5.92 5.72 6.13 6.18 6.09 5.55 5.06 5.08 5.24 5.95 6.10 5.91 6.49 6.00 6.22 6.45
-9999 -9999 -9999 9.23 7.54 7.95 7.47 6.97 8.14 7.60 7.54 5.62 4.63 7.00 7.17 7.34 4.78 7.70 4.46 2.48 5.81 3.99 2.65 8.63 7.99 6.62 3.85 4.63 5.60 7.85 5.92 5.62 5.71 5.78 6.90 6.32 6.17 5.46 5.63 5.15 4.94 5.68 5.16 4.51 4.55 5.03 5.51 5.21 6.42 5.41 5.39 5.67 6.14 5.73 5.68 5.50 5.68 6.10 6.07 6.48 6.08 5.77 5.86 6.02 5.64 5.73 5.60 5.05 4.82 4.73 4.89 5.21 5.60 6.29 6.37 6.45 6.23 6.12 6.16
-9999 -9999 8.42 8.05 6.11 5.89 6.09 6.71 6.52 6.97 6.09 6.11 8.80 6.74 5.59 7.71 3.14 4.32 3.89 5.91 5.40 6.22 5.34 6.13 5.27 2.69 6.37 7.07 5.24 5.80 5.43 5.32 5.83 5.43 5.67 6.68 6.81 5.29 5.13 5.09 5.24 4.82 4.11 4.04 6.03 5.06 4.94 5.22 5.81 5.58 5.38 5.76 6.11 6.05 6.35 5.93 5.37 5.34 5.42 6.03 5.79 5.50 6.08 5.94 5.51 5.47 5.17 4.84 4.91 4.93 5.07 5.42 5.64 6.36 6.05 5.99 6.19 5.87 5.93
7.85 8.66 6.76 6.65 7.16 6.56 6.21 7.71 7.08 7.16 6.81 8.42 7.82 6.40 6.76 5.75 3.36 2.63 5.00 5.41 4.46 4.89 6.67 5.17 2.93 5.91 7.38 6.40 7.03 5.49 5.68 5.29 5.69 7.00 5.65 7.21 5.96 5.17 5.00 5.08 5.79 3.93 4.02 6.64 5.11 4.99 4.93 5.27 6.00 5.27 5.41 5.69 5.52 5.88 5.84 5.44 5.10 5.29 5.11 5.46 5.68 5.61 5.28 5.03 4.98 4.96 5.16 6.00 5.46 5.97 5.60 5.05 6.11 6.30 6.54 6.38 6.20 6.18 5.89
7.10 8.85 10.93 10.10 9.56 7.32 8.11 9.26 8.41 8.10 9.37 8.03 7.30 8.31 5.37 2.82 2.31 2.09 4.16 4.23 3.85 3.57 4.09 4.00 5.34 11.53 8.90 6.92 5.51 5.95 5.65 6.84 5.81 6.04 5.32 5.60 5.63 5.42 4.97 4.71 4.37 3.72 6.00 6.56 6.13 5.28 5.03 6.76 5.81 5.31 5.53 5.33 5.87 5.80 5.55 4.90 5.48 5.19 4.83 6.05 5.83 4.94 4.80 4.79 4.76 5.18 5.84 6.05 5.80 6.07 5.58 5.32 6.07 6.50 6.34 6.55 6.40 6.43 6.28
7.37 8.31 8.63 8.11 7.18 8.48 7.71 8.96 6.78 7.55 9.14 8.33 6.61 6.71 3.48 2.22 3.88 4.39 3.62 2.55 3.89 1.96 1.95 2.59 6.68 9.79 10.52 5.86 6.37 6.58 6.77 6.16 5.17 5.87 5.46 5.77 5.42 5.39 4.42 3.95 4.44 4.31 6.21 6.29 5.92 5.05 5.60 6.72 6.25 5.89 5.55 5.73 5.65 5.26 4.95 4.87 5.14 5.41 5.18 5.10 4.96 4.72 5.51 5.99 5.04 5.28 5.90 6.13 5.69 5.91 5.74 5.64 5.84 6.19 6.56 6.45 6.41 6.12 6.19
7.14 7.76 7.52 7.71 7.08 7.17 8.19 7.29 7.64 6.47 6.21 5.84 5.29 4.59 5.38 4.11 6.48 10.59 4.52 4.49 4.63 7.62 7.39 2.21 2.86 10.85 8.55 7.29 7.67 8.40 6.86 5.21 4.52 6.06 6.48 5.83 5.23 4.65 3.92 3.57 4.49 6.40 6.84 6.12 5.71 5.41 5.31 5.38 6.06 5.54 5.41 5.24 4.93 4.63 4.51 5.13 4.99 4.83 4.80 4.27 4.49 5.19 5.24 5.79 5.36 5.44 5.53 5.68 5.94 5.93 5.74 5.63 5.79 6.05 6.17 6.49 6.40 5.91 5.99
6.83 7.59 6.86 7.08 7.02 7.13 6.57 6.59 7.08 6.32 7.09 5.95 7.37 4.71 6.30 7.68 7.73 8.49 8.73 6.68 7.99 9.41 5.69 7.02 6.29 3.47 7.63 8.18 5.98 6.33 4.89 5.90 5.71 7.85 7.38 5.75 5.09 4.29 3.74 4.40 6.68 5.94 7.21 6.18 5.89 6.33 5.55 6.28 5.23 5.30 4.96 4.76 4.56 4.68 4.58 4.49 4.21 3.99 3.74 4.07 5.12 5.93 5.65 5.26 5.69 5.26 5.86 5.35 5.30 5.31 5.30 5.43 5.62 6.05 5.92 6.28 6.19 5.92 6.14
6.89 6.65 7.60 8.41 9.62 8.72 7.64 7.02 6.39 6.55 8.33 6.19 7.03 4.71 6.05 6.49 5.91 4.88 6.21 5.37 7.61 8.16 9.42 7.69 8.27 7.31 10.50 6.84 6.12 5.72 6.07 5.52 7.45 7.38 7.68 5.30 4.68 4.06 6.40 6.81 6.82 7.26 6.01 6.30 6.40 6.10 5.13 5.04 5.04 4.81 4.62 4.64 4.54 4.84 4.67 4.52 3.82 3.19 3.34 4.39 6.04 5.20 5.64 5.71 5.31 5.08 5.12 4.99 5.11 5.25 4.91 5.31 5.46 5.61 5.86 6.01 5.64 5.43 6.18
7.18 6.85 7.00 8.26 8.47 8.92 8.24 7.65 7.15 6.75 7.01 8.62 5.95 8.49 7.87 7.92 8.42 6.71 4.56 4.67 6.57 6.40 8.08 7.96 6.69 9.23 9.31 5.82 6.47 4.75 5.15 6.59 7.43 7.21 6.53 4.96 4.18 5.22 5.02 6.52 6.57 6.16 6.33 6.01 5.59 5.26 4.50 4.28 4.34 4.40 5.54 4.67 5.17 4.62 4.15 3.19 2.68 2.80 3.73 5.37 5.78 5.75 5.87 5.60 5.18 5.15 5.43 5.78 4.83 5.27 5.76 5.29 5.17 5.57 5.18 5.48 6.10 5.68 5.47
7.68 8.02 8.65 9.57 -9999 -9999 -9999 -9999 8.08 7.66 8.09 6.41 5.52 6.56 6.92 6.72 5.94 3.17 9.18 9.35 6.33 5.87 6.42 7.83 8.43 9.31 7.19 6.15 5.30 4.55 7.56 6.90 8.20 6.07 5.58 4.92 4.47 5.99 5.21 6.63 6.55 5.87 5.82 5.44 4.97 4.44 4.11 4.03 4.19 4.34 5.29 4.86 5.18 5.04 4.12 3.14 2.57 3.59 3.80 5.20 6.07 6.20 5.20 5.03 4.82 5.46 5.71 5.60 4.72 5.17 5.66 5.52 5.21 5.75 5.53 5.51 5.74 5.76 5.46
