ML/MeanWindSpeed_1993-03_Actual.txt
ncols         180
nrows         290
xllcorner     -200000
yllcorner     -200000
cellsize      5000
NODATA_value  -9999
[rows 170 to 203 of 290, columns 78 to 155 of 180]
-9999 -9999 -9999 -9999 -9999 -9999 -9999 -9999 -9999 -9999 -9999 -9999 -9999 -9999 -9999 -9999 -9999 -9999 -9999 -9999 -9999 -9999 -9999 -9999 -9999 -9999 -9999 -9999 9.43 8.65 8.18 8.43 8.79 9.02 8.83 8.46 8.78 8.57 8.46 8.59 8.69 9.42 8.62 13.31 15.62 15.63 12.74 10.79 9.66 8.13 8.61 8.03 9.61 8.62 8.64 8.44 8.45 8.48 8.45 8.76 8.78 8.56 8.11 8.57 10.68 10.01 10.15 8.91 9.06 10.22 11.87 -9999 -9999 -9999 -9999 -9999 -9999 -9999
-9999 -9999 -9999 -9999 -9999 -9999 -9999 -9999 14.90 13.82 14.24 15.45 -9999 -9999 -9999 -9999 -9999 -9999 -9999 -9999 -9999 -9999 -9999 -9999 -9999 -9999 -9999 10.04 8.81 9.16 8.48 9.40 9.00 8.54 8.56 8.75 8.65 8.75 8.66 8.73 8.69 8.65 11.49 13.78 13.49 10.60 13.67 12.31 8.54 8.54 6.73 10.01 10.24 8.83 8.76 8.50 8.43 8.43 8.42 8.66 9.06 8.87 8.21 8.28 8.73 10.64 10.35 10.72 8.80 8.71 10.32 12.26 -9999 -9999 -9999 -9999 -9999 -9999
-9999 -9999 -9999 -9999 -9999 -9999 -9999 -9999 13.98 12.81 12.51 13.13 -9999 -9999 -9999 -9999 -9999 -9999 -9999 -9999 -9999 -9999 -9999 -9999 -9999 -9999 9.94 9.59 8.76 9.14 10.24 8.91 8.98 8.16 8.35 8.77 8.73 9.03 9.23 8.57 8.26 8.36 9.80 15.47 15.13 10.45 11.86 11.08 10.52 7.47 6.78 8.99 9.83 9.04 8.24 8.17 8.31 8.74 8.58 8.61 8.81 9.26 8.59 8.50 8.48 10.28 10.24 10.10 8.94 8.70 9.27 11.25 -9999 -9999 -9999 -9999 -9999 -9999
-9999 -9999 -9999 -9999 -9999 -9999 17.61 13.93 11.89 12.00 11.56 12.64 12.15 13.20 13.90 -9999 -9999 13.51 11.59 -9999 -9999 -9999 9.72 10.93 10.23 -9999 7.87 9.77 9.01 8.67 9.26 8.72 9.10 9.14 9.87 9.54 9.69 8.84 9.36 8.77 8.76 12.41 9.14 10.83 13.37 7.71 9.23 14.36 8.38 10.19 7.99 8.81 9.14 8.66 8.45 8.40 8.34 8.64 8.28 8.60 8.56 9.39 8.59 8.40 8.48 8.93 9.64 10.61 10.05 8.77 8.62 10.26 12.41 -9999 -9999 -9999 -9999 -9999
-9999 -9999 -9999 -9999 -9999 -9999 -9999 14.43 12.47 11.50 10.86 10.98 11.93 13.31 10.68 -9999 9.78 10.64 11.68 10.30 11.16 7.84 6.93 11.19 11.08 9.74 -9999 7.54 9.26 9.20 8.53 8.49 9.32 8.70 8.66 8.83 8.89 9.23 9.02 9.53 9.21 12.59 12.81 11.88 12.05 10.84 12.46 12.51 10.57 8.17 7.70 9.66 9.68 8.23 8.83 8.33 8.73 8.79 8.29 8.46 8.44 9.40 8.65 8.39 8.44 8.30 9.10 9.87 10.62 9.59 8.72 9.46 11.51 -9999 -9999 -9999 -9999 -9999
-9999 -9999 -9999 -9999 -9999 -9999 -9999 -9999 13.67 12.59 11.46 10.50 9.94 8.12 7.13 13.33 20.16 8.82 12.03 12.07 11.06 9.07 6.26 6.25 8.86 11.49 9.58 7.44 7.85 8.90 8.41 8.64 9.96 9.06 8.62 8.31 8.63 8.87 8.79 9.10 9.15 14.15 14.89 12.08 11.88 9.65 8.70 9.95 10.10 8.15 7.93 9.25 8.57 8.05 8.74 8.28 9.24 8.57 8.48 8.35 8.30 9.63 8.55 8.29 8.35 8.18 8.67 9.17 9.33 9.63 10.03 8.80 10.67 12.93 -9999 -9999 -9999 -9999
-9999 -9999 -9999 -9999 -9999 -9999 -9999 -9999 -9999 14.55 11.73 9.81 7.92 7.30 9.50 23.25 15.45 6.42 12.45 8.32 11.71 11.22 7.44 5.23 11.86 10.04 10.95 9.33 7.69 7.84 8.06 7.49 8.61 9.18 8.89 8.59 8.29 8.62 8.52 8.47 10.45 11.50 15.31 12.59 12.92 11.80 7.42 9.58 11.60 8.62 8.66 9.28 8.48 8.35 8.49 8.25 9.25 8.38 8.21 8.48 8.21 8.97 8.85 8.35 8.24 8.20 8.39 8.95 10.21 9.18 8.52 8.64 10.21 12.56 -9999 -9999 -9999 -9999
-9999 -9999 -9999 -9999 -9999 -9999 -9999 -9999 -9999 -9999 11.97 9.19 8.83 10.40 20.66 22.56 14.90 10.68 10.18 11.09 12.56 12.65 12.21 7.93 6.93 12.98 10.47 9.47 8.72 7.68 7.66 7.86 8.02 8.60 8.29 7.97 8.27 8.42 8.38 8.67 9.91 11.89 12.95 10.68 10.76 12.34 10.18 7.30 11.69 9.06 8.93 9.41 8.49 8.44 8.24 8.63 9.16 8.41 8.19 8.31 7.98 9.56 8.91 8.42 8.30 8.27 8.65 8.58 8.64 8.37 8.28 8.69 10.63 12.77 -9999 -9999 -9999 -9999
-9999 -9999 -9999 -9999 -9999 -9999 -9999 -9999 -9999 -9999 11.42 9.70 11.81 13.49 15.44 18.66 10.76 7.75 10.13 12.88 13.20 13.94 12.03 8.79 6.25 13.26 12.96 10.28 9.43 7.67 7.46 7.89 8.86 8.53 8.31 8.18 7.86 7.86 8.38 10.38 10.52 8.69 13.40 10.77 11.22 12.81 12.45 9.86 8.86 8.49 7.41 8.85 9.47 8.36 8.13 7.81 8.32 8.04 8.36 8.16 7.97 8.45 9.01 8.60 8.65 8.47 8.51 8.37 8.14 8.16 8.72 9.89 11.69 -9999 -9999 -9999 -9999 -9999
-9999 -9999 -9999 -9999 -9999 -9999 -9999 -9999 -9999 -9999 10.38 10.04 11.12 10.52 15.45 13.41 9.51 10.71 8.70 10.28 13.41 11.91 14.40 11.60 7.67 12.28 13.34 12.56 9.20 8.26 7.32 8.22 9.41 9.10 8.35 7.97 7.78 8.22 9.77 10.12 8.70 8.61 11.52 11.07 10.72 10.55 9.73 9.62 10.28 7.08 8.10 8.34 8.02 8.37 7.80 8.56 7.63 7.88 8.14 8.03 8.12 9.92 9.00 8.55 8.47 8.55 8.51 8.40 8.28 8.47 9.74 11.41 -9999 -9999 -9999 -9999 -9999 -9999
-9999 -9999 -9999 -9999 -9999 -9999 -9999 -9999 -9999 11.58 19.02 11.11 12.07 13.62 8.69 18.98 15.96 14.35 12.30 14.75 11.63 12.39 11.01 9.31 10.90 14.74 12.94 12.19 9.02 7.88 7.11 8.70 8.92 8.51 8.28 7.78 7.95 9.45 9.25 8.73 9.85 10.86 8.45 12.82 11.81 8.73 9.37 8.66 7.93 7.86 7.11 7.11 7.34 8.34 7.78 7.13 8.57 7.80 7.98 8.19 8.49 9.98 8.99 8.49 8.55 8.43 8.48 8.27 8.24 9.32 10.91 -9999 -9999 -9999 -9999 -9999 -9999 -9999
-9999 -9999 -9999 -9999 -9999 -9999 -9999 12.53 11.75 15.19 13.08 10.51 10.95 12.19 8.00 9.60 11.62 15.17 14.36 15.66 13.87 14.08 8.40 11.05 11.01 8.37 9.01 8.51 9.24 8.25 7.54 8.50 8.76 8.71 8.10 8.29 9.66 8.94 9.49 8.56 10.05 10.66 10.11 8.94 8.02 9.62 8.98 8.40 8.32 8.16 7.88 6.59 7.57 7.41 6.73 6.96 7.44 7.75 8.11 8.02 8.52 9.82 8.92 8.30 8.42 8.25 8.25 8.11 8.56 9.91 -9999 -9999 -9999 -9999 -9999 12.82 12.48 12.03
-9999 -9999 -9999 -9999 -9999 -9999 12.60 12.07 11.83 11.95 11.59 11.26 10.31 8.44 7.30 9.19 10.95 13.05 20.16 11.98 9.90 9.86 7.00 13.60 14.88 13.85 10.27 8.93 9.36 8.95 8.39 8.60 9.10 8.57 8.37 8.55 9.44 9.84 8.43 8.41 10.06 10.00 9.41 8.77 8.77 9.08 7.85 8.31 7.32 7.28 7.85 7.22 6.73 6.30 6.61 7.55 7.33 7.58 7.94 8.16 8.46 10.07 9.30 8.42 8.18 8.07 8.10 8.06 8.50 9.60 -9999 -9999 -9999 -9999 -9999 11.39 10.62 10.33
-9999 -9999 -9999 -9999 -9999 13.19 13.74 12.67 12.43 -9999 -9999 -9999 -9999 9.29 14.81 12.74 12.30 14.28 12.22 10.13 13.21 12.44 10.78 20.22 17.46 14.22 14.34 10.88 8.62 8.96 8.86 8.26 8.29 8.14 7.92 8.64 8.33 9.82 8.50 8.38 8.80 9.22 9.32 8.99 7.88 7.93 7.78 7.62 7.25 6.93 6.61 6.51 6.44 6.72 7.36 7.35 7.23 7.96 8.58 8.72 8.68 9.53 9.24 8.98 8.12 8.04 7.98 7.85 8.01 8.89 10.54 -9999 -9999 -9999 -9999 10.20 9.39 9.21
-9999 -9999 -9999 -9999 -9999 14.58 15.98 12.58 13.15 -9999 -9999 -9999 -9999 9.85 12.62 14.51 9.29 13.89 13.13 12.53 15.78 17.26 13.67 17.61 10.53 11.59 11.34 10.01 8.57 8.41 8.53 8.22 8.37 8.86 7.85 8.57 8.44 8.70 9.31 8.28 8.50 7.85 8.66 9.49 9.70 9.51 7.87 7.21 7.07 6.94 7.32 6.71 6.93 7.44 7.74 8.49 7.78 9.64 9.58 9.73 8.78 9.16 9.08 8.91 8.13 8.17 8.04 7.79 7.70 7.88 8.95 9.96 -9999 -9999 10.58 9.95 9.34 9.52
-9999 -9999 -9999 -9999 -9999 -9999 -9999 -9999 -9999 -9999 -9999 -9999 -9999 10.72 14.65 12.53 9.05 11.29 9.57 16.83 15.97 10.85 14.20 13.51 11.75 12.26 9.91 8.90 7.94 8.75 8.32 8.50 8.17 7.70 7.69 7.75 7.76 8.18 8.88 8.22 7.93 8.18 8.51 8.16 8.91 9.11 7.22 8.46 9.37 8.08 8.00 7.62 6.69 7.61 8.57 9.54 9.19 8.59 8.98 9.61 8.98 9.33 9.11 9.07 8.26 8.33 8.19 7.96 7.70 7.38 7.66 8.39 9.38 9.82 9.44 9.41 8.51 9.44
-9999 -9999 -9999 -9999 -9999 -9999 -9999 -9999 -9999 -9999 -9999 -9999 -9999 -9999 14.72 6.23 6.74 10.52 15.31 14.26 15.94 14.96 10.60 11.75 13.01 9.35 8.80 7.79 7.68 7.69 8.09 8.09 8.04 7.69 7.46 7.43 7.84 7.83 8.55 8.41 7.93 10.05 9.26 7.87 7.71 7.74 7.89 7.77 8.84 9.03 8.35 9.41 7.63 7.37 8.12 7.71 8.09 8.24 8.10 9.30 9.19 8.92 8.82 9.42 8.67 8.62 8.38 8.05 7.82 7.71 7.70 7.72 8.20 8.55 8.61 8.49 8.51 9.59
-9999 -9999 -9999 -9999 -9999 -9999 -9999 -9999 -9999 -9999 -9999 -9999 -9999 -9999 10.39 14.60 15.37 12.97 11.50 10.72 13.33 11.02 11.19 9.58 8.95 11.11 8.36 7.77 9.45 8.65 8.25 7.85 7.22 7.21 7.91 7.79 9.00 8.92 8.64 8.23 7.79 9.77 10.52 8.98 7.84 7.43 7.78 7.85 7.86 8.27 8.97 11.17 9.66 7.70 7.31 7.74 8.79 9.77 9.68 9.00 9.43 9.24 9.59 9.54 9.17 8.98 8.62 8.38 8.12 7.98 7.95 7.99 8.13 8.29 8.56 8.55 8.36 9.21
-9999 -9999 -9999 -9999 -9999 -9999 -9999 -9999 -9999 -9999 -9999 -9999 -9999 12.74 12.01 9.04 17.28 11.26 9.36 12.19 11.87 10.43 13.58 9.97 9.37 11.91 7.79 13.96 10.42 8.19 8.21 9.32 7.67 7.33 10.34 10.04 9.18 7.98 8.48 8.44 8.09 8.77 9.31 8.97 8.15 7.81 7.68 7.77 8.19 7.99 9.20 9.04 8.49 8.02 7.68 8.40 9.33 10.25 10.12 8.91 9.19 9.99 10.33 9.98 9.56 9.22 8.92 8.64 8.37 8.15 8.10 8.12 8.06 8.18 8.80 8.80 8.51 8.81
-9999 -9999 -9999 -9999 -9999 -9999 -9999 -9999 -9999 -9999 -9999 -9999 -9999 11.02 11.44 16.61 10.04 5.71 8.41 9.03 11.05 13.86 13.68 10.61 10.00 10.05 8.08 8.81 9.60 10.81 10.49 8.30 8.30 8.12 8.53 9.20 7.92 7.77 8.58 8.53 9.01 9.32 8.77 8.93 8.53 8.05 7.79 7.65 7.78 7.87 8.71 8.99 8.50 7.59 8.02 9.26 10.46 9.71 10.34 10.31 10.05 10.12 10.99 10.06 10.07 9.45 9.12 8.68 8.44 8.27 8.10 8.04 8.04 8.08 8.99 8.80 8.35 8.50
-9999 -9999 -9999 -9999 -9999 -9999 -9999 -9999 -9999 -9999 -9999 -9999 -9999 11.82 13.82 6.52 8.42 7.61 9.21 9.48 14.78 12.81 14.53 11.34 10.11 8.14 7.17 7.99 11.37 13.35 14.41 9.03 10.57 9.12 9.17 8.90 7.26 7.66 8.16 8.51 9.05 8.50 8.57 9.82 8.96 7.99 7.89 9.04 7.56 8.03 8.39 8.24 7.79 7.62 8.33 8.90 9.34 9.49 9.58 9.09 9.44 10.37 10.72 9.60 9.42 9.37 9.02 8.72 8.37 8.06 8.00 7.95 7.95 8.03 8.34 8.21 8.40 8.28
-9999 -9999 -9999 -9999 -9999 -9999 -9999 -9999 -9999 -9999 -9999 -9999 -9999 -9999 8.16 9.42 11.73 14.14 15.07 12.38 12.79 10.79 7.92 8.01 7.39 8.45 8.61 7.68 9.27 9.76 13.18 10.64 9.25 8.87 10.19 9.66 7.41 8.47 7.62 7.92 10.39 8.54 8.29 8.17 8.36 7.66 7.64 9.31 8.64 7.92 8.47 8.09 7.85 8.23 9.03 8.60 8.57 8.29 9.19 8.60 10.08 10.37 9.50 9.25 9.69 9.31 8.69 8.41 8.09 7.92 7.90 7.86 7.87 7.87 7.91 7.97 8.23 8.22
-9999 -9999 -9999 -9999 -9999 -9999 -9999 -9999 -9999 -9999 -9999 -9999 -9999 -9999 9.47 10.78 11.99 13.97 16.73 15.05 11.56 8.87 7.43 9.35 11.66 13.56 15.16 11.43 8.76 9.32 10.65 10.12 8.01 11.21 10.14 9.91 8.38 9.16 7.97 7.70 8.56 9.97 9.38 8.53 7.99 7.61 7.75 8.78 8.54 8.14 8.19 8.65 8.89 9.09 9.52 8.72 8.41 9.73 9.84 9.88 9.72 10.10 9.22 9.50 9.89 8.68 8.29 8.12 7.91 7.87 7.79 7.74 7.74 7.75 7.81 7.77 7.67 7.55
-9999 -9999 -9999 -9999 -9999 -9999 -9999 -9999 -9999 -9999 -9999 -9999 -9999 10.24 8.15 9.26 11.85 13.13 12.21 11.94 9.88 11.16 16.23 13.08 13.20 13.04 10.62 9.47 10.20 10.53 8.82 8.26 8.96 10.80 10.52 9.81 8.29 9.34 7.57 7.69 9.30 8.67 9.08 9.06 8.31 7.83 7.80 8.68 8.54 7.83 8.15 8.20 8.17 9.04 8.66 9.75 9.12 9.85 9.11 9.44 9.61 8.80 8.66 9.51 9.28 8.16 7.96 8.15 7.81 7.87 7.81 7.85 7.76 7.64 7.61 7.44 7.78 8.08
-9999 -9999 -9999 -9999 -9999 -9999 -9999 -9999 -9999 -9999 -9999 -9999 -9999 12.38 9.96 8.56 8.54 10.72 14.92 14.44 13.04 11.29 12.08 13.62 14.77 14.70 10.27 12.29 13.45 9.06 11.42 7.46 8.37 10.16 12.01 8.56 9.07 7.63 6.93 7.43 8.25 11.17 9.44 9.35 8.76 8.33 8.23 8.41 8.13 7.68 7.87 7.81 7.84 7.88 9.19 9.72 9.65 10.23 9.15 8.60 8.60 8.18 8.58 9.04 8.70 8.20 8.52 8.20 8.42 7.96 7.89 8.05 8.00 7.63 7.44 7.27 7.27 8.12
-9999 -9999 -9999 -9999 -9999 -9999 -9999 -9999 -9999 -9999 -9999 -9999 -9999 10.72 9.23 5.79 7.33 10.44 15.17 13.31 13.72 10.99 12.88 12.28 10.72 11.66 12.21 11.66 10.01 8.57 9.09 11.95 8.23 8.18 8.42 8.57 10.02 8.38 6.81 7.22 8.06 8.52 8.46 9.43 8.91 8.47 8.54 7.77 7.28 7.89 8.14 8.28 7.74 8.38 9.62 9.62 8.69 8.83 9.64 8.54 8.79 7.73 8.65 8.74 7.94 7.92 8.18 7.61 7.85 7.76 7.77 7.81 7.63 7.48 7.40 7.27 7.62 7.13
-9999 -9999 -9999 -9999 -9999 -9999 -9999 -9999 -9999 -9999 -9999 -9999 10.32 10.81 12.37 9.37 7.24 11.32 12.73 15.10 15.08 9.48 9.91 9.26 10.79 12.38 10.31 9.98 11.90 10.17 9.28 8.89 7.94 7.23 7.53 8.61 8.44 8.04 7.69 7.20 7.05 7.86 8.35 7.74 8.27 7.95 8.56 7.69 7.63 7.79 7.41 7.39 7.75 8.98 8.81 8.85 8.16 8.96 9.05 8.60 7.68 8.45 8.47 8.51 8.67 8.25 7.84 7.74 7.60 7.72 7.74 7.58 7.45 7.29 7.20 7.30 7.61 7.53
-9999 -9999 -9999 -9999 -9999 -9999 -9999 -9999 -9999 -9999 -9999 11.76 11.13 11.27 8.97 7.17 10.52 13.94 14.68 12.62 14.33 10.17 11.57 10.07 9.48 16.03 10.88 11.40 9.15 9.43 8.06 7.87 8.26 9.41 8.27 10.21 8.25 8.60 7.17 6.90 7.12 7.46 7.88 7.55 7.73 8.07 8.22 6.91 7.58 7.56 7.74 7.91 8.24 8.88 8.10 8.89 8.36 8.56 7.72 7.56 8.70 8.98 8.39 8.54 8.42 7.62 8.16 8.23 8.14 8.02 7.65 7.38 7.14 7.38 7.38 8.03 8.23 8.37
-9999 -9999 -9999 -9999 -9999 -9999 -9999 -9999 -9999 12.94 11.26 9.83 7.67 7.15 7.66 8.17 11.94 13.43 15.14 16.56 14.33 11.94 8.01 11.09 10.25 14.18 10.95 9.84 9.82 8.36 8.12 7.18 8.31 10.23 9.44 9.45 7.21 7.45 7.20 7.17 7.87 7.50 7.94 7.22 7.36 7.67 7.00 6.91 7.32 8.33 8.13 8.95 9.59 9.01 8.44 7.91 7.68 8.40 8.80 8.39 8.71 7.73 8.43 8.55 7.92 7.25 7.43 8.40 8.23 8.22 7.36 7.11 6.95 7.26 8.32 8.69 8.35 9.12
-9999 -9999 -9999 -9999 -9999 12.27 11.19 9.86 13.16 12.95 12.72 12.39 9.41 8.52 7.89 13.23 11.69 13.91 14.22 13.76 10.45 9.28 7.51 9.29 8.94 15.50 13.55 11.11 8.69 9.02 8.39 10.17 7.29 9.19 9.51 8.94 8.17 7.30 6.77 7.77 7.31 6.79 8.12 7.06 7.09 6.70 6.99 7.60 8.28 7.54 8.49 8.10 8.56 9.48 9.27 8.92 8.56 8.96 8.87 8.36 7.89 8.63 7.57 7.50 7.41 7.18 7.98 8.24 8.30 7.61 7.05 7.16 7.43 8.55 8.67 8.16 8.86 7.94
-9999 -9999 -9999 -9999 13.38 10.79 11.24 10.30 9.57 11.26 10.41 10.92 8.72 7.33 11.18 12.10 12.76 9.12 14.91 10.93 8.38 13.79 10.60 7.16 14.43 12.19 11.05 6.91 6.96 7.81 11.16 8.03 7.38 7.36 7.64 9.34 8.89 8.65 7.17 7.37 6.81 6.76 7.68 7.27 6.89 6.86 7.23 8.01 7.88 9.83 7.99 7.69 8.18 9.04 8.43 8.35 7.88 7.99 8.48 8.14 8.70 8.01 7.38 7.43 7.74 7.27 7.59 7.68 7.17 7.02 7.02 7.19 7.47 7.97 8.78 8.67 8.66 8.16
-9999 -9999 -9999 13.11 12.16 8.69 8.10 8.26 9.30 8.66 9.29 8.48 9.17 13.84 10.80 9.23 13.17 7.27 10.41 10.42 13.91 13.07 13.72 11.14 10.71 9.26 6.45 11.50 11.14 7.41 7.94 7.50 7.18 7.66 7.13 7.36 9.06 9.32 6.90 6.57 6.58 7.18 6.67 6.35 6.82 9.47 7.53 7.47 8.15 8.99 8.31 7.77 8.41 8.98 8.87 9.31 8.63 7.76 7.62 7.54 8.50 8.08 7.41 8.23 8.08 7.43 7.56 7.41 7.19 7.45 7.55 7.59 7.89 7.99 8.71 7.98 7.77 8.06
13.68 11.24 12.84 9.96 9.42 9.86 8.72 8.20 10.47 9.21 9.30 9.39 12.37 11.82 9.87 10.86 10.38 8.47 8.56 12.40 12.94 11.04 11.05 12.90 9.53 6.15 11.80 13.33 10.36 10.31 7.62 8.03 7.21 7.54 9.69 7.46 9.64 7.72 6.70 6.41 6.70 8.57 6.22 6.69 10.91 8.12 7.69 7.76 8.46 9.36 7.92 8.04 8.37 8.05 8.60 8.58 8.03 7.60 7.96 7.53 7.88 8.20 8.15 7.68 7.33 7.12 7.14 7.66 9.13 8.36 9.20 8.52 7.44 8.71 8.47 8.57 8.21 7.95
10.07 9.54 12.37 15.39 13.77 13.03 9.65 10.78 12.59 11.18 10.60 12.88 10.78 9.96 12.50 9.31 6.93 8.14 8.75 11.77 11.48 10.90 10.18 9.63 7.92 9.70 19.46 14.74 10.65 8.07 8.66 7.99 9.67 7.80 8.37 7.34 7.18 7.06 7.06 6.49 6.29 6.56 6.35 10.06 10.69 9.76 8.34 7.91 10.60 8.89 8.08 8.28 7.78 8.52 8.43 8.14 7.36 8.48 8.08 7.41 9.04 8.73 7.58 7.30 7.23 7.13 7.70 8.73 9.12 8.80 9.24 8.44 7.97 8.76 8.60 7.97 8.29 8.11
