ML/MeanWindSpeed_1996-11_Actual.txt
ncols         180
nrows         290
xllcorner     -200000
yllcorner     -200000
cellsize      5000
NODATA_value  -9999
[rows 105 to 139 of 290, columns 78 to 155 of 180]
11.19 15.27 9.52 3.34 6.29 14.02 15.13 12.18 7.88 9.36 16.18 9.35 13.76 6.07 9.86 15.89 9.08 5.03 5.03 7.84 6.36 6.40 8.37 8.89 6.71 8.04 6.79 6.32 9.98 8.99 9.43 9.42 -9999 -9999 -9999 -9999 -9999 -9999 -9999 -9999 -9999 -9999 -9999 -9999 -9999 -9999 -9999 -9999 -9999 -9999 -9999 -9999 -9999 -9999 -9999 -9999 -9999 -9999 -9999 -9999 -9999 -9999 -9999 -9999 -9999 -9999 -9999 -9999 -9999 -9999 -9999 -9999 -9999 -9999 -9999 -9999 -9999 -9999
12.97 9.96 12.16 15.88 14.51 19.26 9.42 13.95 3.08 16.50 5.49 19.67 6.20 10.91 20.95 11.37 7.95 11.74 10.21 6.69 6.73 5.99 6.12 7.93 6.04 5.50 7.71 8.30 8.11 8.31 6.69 8.82 9.99 -9999 -9999 -9999 -9999 -9999 -9999 -9999 -9999 -9999 -9999 -9999 -9999 -9999 -9999 -9999 -9999 -9999 -9999 -9999 -9999 -9999 -9999 -9999 -9999 -9999 -9999 -9999 -9999 -9999 -9999 -9999 -9999 -9999 -9999 -9999 -9999 -9999 -9999 -9999 -9999 -9999 -9999 -9999 -9999 -9999
12.95 5.50 15.92 10.20 4.39 10.78 16.71 15.60 3.63 16.31 12.57 13.39 7.96 14.71 10.46 12.75 18.70 13.69 12.12 10.40 8.48 8.11 10.02 10.71 12.50 11.85 9.44 6.98 5.65 8.90 6.99 10.63 10.72 12.40 -9999 -9999 -9999 -9999 -9999 -9999 -9999 -9999 -9999 -9999 -9999 -9999 -9999 -9999 -9999 -9999 -9999 -9999 -9999 -9999 -9999 -9999 -9999 -9999 -9999 -9999 -9999 -9999 -9999 -9999 -9999 -9999 -9999 -9999 -9999 -9999 -9999 -9999 -9999 -9999 -9999 -9999 -9999 -9999
8.13 13.78 14.15 9.05 3.80 13.41 15.63 21.73 6.91 15.33 11.38 11.80 10.51 11.51 3.67 6.91 9.48 8.96 5.75 8.77 12.19 17.15 15.72 13.76 10.61 9.63 11.56 5.69 7.61 9.31 10.26 11.06 11.61 12.57 12.99 -9999 -9999 -9999 -9999 -9999 -9999 -9999 -9999 -9999 -9999 -9999 -9999 -9999 -9999 -9999 -9999 -9999 -9999 -9999 -9999 -9999 -9999 -9999 -9999 -9999 -9999 -9999 -9999 -9999 -9999 -9999 -9999 -9999 -9999 -9999 -9999 -9999 -9999 -9999 -9999 -9999 -9999 -9999
14.34 18.74 6.95 4.58 11.99 19.83 12.41 3.21 8.47 27.02 9.71 8.75 10.47 10.50 7.57 6.81 3.82 3.43 9.15 18.03 17.27 13.83 12.18 8.55 7.49 8.44 10.79 8.45 9.77 9.17 8.74 10.06 10.93 11.77 -9999 -9999 -9999 -9999 -9999 -9999 -9999 -9999 -9999 -9999 -9999 -9999 -9999 -9999 -9999 -9999 -9999 -9999 -9999 -9999 -9999 -9999 -9999 -9999 -9999 -9999 -9999 -9999 -9999 -9999 -9999 -9999 -9999 -9999 -9999 -9999 -9999 -9999 -9999 -9999 -9999 -9999 -9999 -9999
11.06 9.88 8.36 18.08 8.37 15.64 15.66 16.40 10.79 7.43 21.75 10.73 7.66 6.28 6.51 6.07 4.88 3.95 9.71 6.68 5.32 3.98 6.75 10.40 8.82 9.15 8.45 8.94 11.25 10.94 -9999 -9999 -9999 -9999 -9999 -9999 -9999 -9999 -9999 -9999 -9999 -9999 -9999 -9999 -9999 -9999 -9999 -9999 -9999 -9999 -9999 -9999 -9999 -9999 -9999 -9999 -9999 -9999 -9999 -9999 -9999 -9999 -9999 -9999 -9999 -9999 -9999 -9999 -9999 -9999 -9999 -9999 -9999 -9999 -9999 -9999 -9999 -9999
9.35 4.96 15.65 16.87 19.41 19.24 5.28 16.89 17.21 6.61 12.34 13.74 8.65 8.56 10.40 12.70 14.45 7.96 5.83 4.65 4.86 6.16 7.83 9.91 9.06 9.21 10.65 10.84 -9999 -9999 -9999 -9999 -9999 -9999 -9999 -9999 -9999 -9999 -9999 -9999 -9999 -9999 -9999 -9999 -9999 -9999 -9999 -9999 -9999 -9999 -9999 -9999 -9999 -9999 -9999 -9999 -9999 -9999 -9999 -9999 -9999 -9999 -9999 -9999 -9999 -9999 -9999 -9999 -9999 -9999 -9999 -9999 -9999 -9999 -9999 -9999 -9999 -9999
7.17 16.19 10.48 17.52 20.80 15.69 12.04 18.18 18.31 8.10 7.65 6.42 6.30 7.45 9.17 14.63 16.85 11.93 8.90 6.54 6.15 8.29 7.77 8.31 9.37 12.75 14.69 12.51 -9999 -9999 -9999 -9999 -9999 -9999 -9999 -9999 -9999 -9999 -9999 -9999 -9999 -9999 -9999 -9999 -9999 -9999 -9999 -9999 -9999 -9999 -9999 -9999 -9999 -9999 -9999 -9999 -9999 -9999 -9999 -9999 -9999 -9999 -9999 -9999 -9999 -9999 -9999 -9999 -9999 -9999 -9999 -9999 -9999 -9999 -9999 -9999 -9999 -9999
10.56 15.72 10.51 16.36 16.25 18.57 11.06 9.31 11.12 10.33 9.15 8.61 4.86 17.95 17.87 15.64 16.21 11.69 7.78 7.73 7.27 7.43 7.16 7.07 8.99 8.87 -9999 -9999 -9999 -9999 -9999 12.73 11.33 12.06 12.06 -9999 -9999 -9999 -9999 -9999 -9999 -9999 -9999 -9999 -9999 -9999 -9999 -9999 -9999 -9999 -9999 -9999 -9999 -9999 -9999 -9999 -9999 -9999 -9999 -9999 -9999 -9999 -9999 -9999 -9999 -9999 -9999 -9999 -9999 -9999 -9999 -9999 -9999 -9999 -9999 -9999 -9999 -9999
11.21 17.49 10.24 7.12 22.35 10.17 11.34 10.37 8.04 9.40 11.77 15.74 10.08 9.78 7.76 7.77 7.07 8.45 9.47 10.15 9.56 8.45 9.10 9.73 9.28 9.16 10.48 11.87 -9999 -9999 10.36 9.63 9.47 8.62 10.16 11.97 13.18 -9999 -9999 -9999 -9999 -9999 -9999 -9999 -9999 -9999 -9999 -9999 -9999 -9999 -9999 -9999 -9999 -9999 -9999 -9999 -9999 -9999 -9999 -9999 -9999 -9999 -9999 -9999 -9999 -9999 -9999 -9999 -9999 -9999 -9999 -9999 -9999 -9999 -9999 -9999 -9999 -9999
15.19 11.01 12.41 14.85 16.95 9.65 12.87 16.73 14.55 12.07 8.32 8.22 9.07 7.72 7.51 6.78 6.57 8.10 10.30 10.36 9.03 11.03 11.74 8.92 7.88 8.62 9.43 11.28 9.55 9.91 10.41 8.92 6.82 8.50 12.92 13.78 16.65 11.77 -9999 -9999 -9999 -9999 -9999 -9999 -9999 -9999 -9999 -9999 -9999 -9999 -9999 -9999 -9999 -9999 -9999 -9999 -9999 -9999 -9999 -9999 -9999 -9999 -9999 -9999 -9999 -9999 -9999 -9999 -9999 -9999 -9999 -9999 -9999 -9999 -9999 -9999 -9999 -9999
11.97 16.68 14.80 11.11 9.72 -9999 15.39 19.38 13.33 10.66 8.33 7.49 7.35 7.96 8.73 7.72 7.19 9.97 10.48 10.93 9.96 8.91 8.80 7.69 8.58 9.55 11.52 9.41 7.75 10.73 9.21 8.49 7.58 10.64 14.03 14.51 16.14 13.79 15.71 17.52 13.18 -9999 -9999 -9999 -9999 -9999 -9999 -9999 -9999 -9999 -9999 -9999 -9999 -9999 -9999 -9999 -9999 -9999 -9999 -9999 -9999 -9999 -9999 -9999 -9999 -9999 -9999 -9999 -9999 -9999 -9999 -9999 -9999 -9999 -9999 -9999 -9999 -9999
14.08 -9999 13.77 15.71 10.55 -9999 16.40 21.54 13.69 12.02 9.24 9.19 8.56 8.58 7.42 7.07 6.44 7.35 10.60 11.03 11.36 8.85 8.45 10.13 11.87 15.13 12.66 8.73 7.09 9.03 8.81 8.70 15.58 17.54 14.09 14.07 13.12 13.02 13.25 10.78 12.75 -9999 -9999 -9999 -9999 -9999 -9999 -9999 -9999 -9999 -9999 -9999 -9999 -9999 -9999 -9999 -9999 -9999 -9999 -9999 -9999 -9999 -9999 -9999 -9999 -9999 -9999 -9999 -9999 -9999 -9999 -9999 -9999 -9999 -9999 -9999 -9999 -9999
15.37 -9999 -9999 16.24 12.65 11.66 15.32 17.13 9.24 10.01 13.23 11.24 10.34 9.83 13.22 8.95 5.65 5.97 6.84 9.46 10.71 11.99 9.62 13.32 14.60 12.12 10.59 10.85 9.95 10.55 11.72 12.71 12.42 16.25 13.76 13.03 13.15 8.82 8.56 10.33 12.90 14.27 -9999 -9999 -9999 -9999 -9999 -9999 -9999 -9999 -9999 -9999 -9999 -9999 -9999 -9999 -9999 -9999 -9999 -9999 -9999 -9999 -9999 -9999 -9999 -9999 -9999 -9999 -9999 -9999 -9999 -9999 -9999 -9999 -9999 -9999 -9999 -9999
-9999 -9999 -9999 -9999 14.07 11.90 16.41 11.17 7.22 8.93 11.16 13.49 12.06 10.89 12.56 12.45 9.05 5.04 7.52 10.92 9.45 9.14 10.33 13.35 11.84 9.43 9.95 10.65 15.60 14.76 12.12 11.03 9.42 12.94 12.47 11.84 12.98 9.41 8.40 8.55 9.08 10.65 -9999 -9999 -9999 -9999 -9999 -9999 -9999 -9999 -9999 -9999 -9999 -9999 -9999 -9999 -9999 -9999 -9999 -9999 -9999 -9999 -9999 -9999 -9999 -9999 -9999 -9999 -9999 -9999 -9999 -9999 -9999 -9999 -9999 -9999 -9999 -9999
18.69 21.11 -9999 -9999 -9999 13.95 14.58 10.26 8.66 8.12 8.83 11.33 12.91 13.89 14.33 12.69 11.61 8.98 4.65 10.33 8.89 8.35 8.97 8.03 8.04 11.33 9.17 14.19 19.35 17.27 13.56 13.35 9.32 10.89 10.75 11.65 12.19 9.37 8.35 8.21 8.32 10.13 11.60 -9999 -9999 -9999 -9999 -9999 -9999 -9999 -9999 -9999 -9999 -9999 -9999 -9999 -9999 -9999 -9999 -9999 -9999 -9999 -9999 -9999 -9999 -9999 -9999 -9999 -9999 -9999 -9999 -9999 -9999 -9999 -9999 -9999 -9999 -9999
19.93 23.45 15.37 -9999 -9999 -9999 13.36 11.45 8.90 7.83 7.73 8.11 10.95 11.93 11.35 9.82 10.12 10.13 9.61 7.72 8.15 8.02 10.41 9.52 13.87 8.33 10.45 9.81 10.43 16.85 16.40 13.04 11.63 9.37 9.26 10.01 10.42 8.85 8.62 7.92 8.86 9.56 9.52 10.36 -9999 -9999 -9999 -9999 -9999 -9999 -9999 -9999 -9999 -9999 -9999 -9999 -9999 -9999 -9999 -9999 -9999 -9999 -9999 -9999 -9999 -9999 -9999 -9999 -9999 -9999 -9999 -9999 -9999 -9999 -9999 -9999 -9999 -9999
16.97 19.65 13.50 -9999 -9999 -9999 -9999 -9999 10.74 8.67 6.43 5.79 6.42 6.87 8.79 13.17 13.43 11.20 9.36 8.15 10.09 9.42 9.68 8.69 13.19 8.62 10.87 11.85 9.84 6.61 9.88 9.03 11.01 8.47 10.40 9.57 7.72 7.86 8.06 8.47 7.66 10.24 9.85 9.45 9.72 -9999 -9999 -9999 -9999 -9999 -9999 -9999 -9999 -9999 -9999 -9999 -9999 -9999 -9999 -9999 -9999 -9999 -9999 -9999 -9999 -9999 -9999 -9999 -9999 -9999 -9999 -9999 -9999 -9999 -9999 -9999 -9999 -9999
11.05 22.26 15.40 -9999 -9999 -9999 -9999 -9999 11.95 10.37 9.69 6.84 8.94 11.69 10.62 13.68 15.05 13.45 9.62 11.40 9.76 8.50 11.49 12.30 6.87 20.80 12.07 16.32 10.85 14.33 13.95 8.25 11.43 9.21 8.45 7.43 8.29 10.63 11.81 10.81 10.84 6.92 8.94 11.54 9.02 11.07 12.18 -9999 -9999 -9999 -9999 -9999 -9999 -9999 -9999 -9999 -9999 -9999 -9999 -9999 -9999 -9999 -9999 -9999 -9999 -9999 -9999 -9999 -9999 -9999 -9999 -9999 -9999 -9999 -9999 -9999 -9999 -9999
16.80 20.98 20.75 -9999 -9999 -9999 -9999 -9999 12.30 9.67 9.36 8.00 8.54 10.59 7.90 9.50 10.09 12.96 11.06 10.64 8.66 12.19 17.86 14.00 12.53 23.13 19.65 12.70 13.81 10.87 8.17 10.52 11.39 9.35 10.08 9.89 7.66 8.50 9.18 12.64 16.93 11.16 8.37 9.72 10.28 9.19 10.79 -9999 -9999 -9999 -9999 -9999 -9999 -9999 -9999 -9999 -9999 -9999 -9999 -9999 -9999 -9999 -9999 -9999 -9999 -9999 -9999 -9999 -9999 -9999 -9999 -9999 -9999 -9999 -9999 -9999 -9999 -9999
14.04 16.29 19.22 -9999 -9999 -9999 -9999 -9999 11.51 9.27 8.82 8.86 8.46 8.23 9.03 13.94 15.91 11.90 13.09 9.18 8.94 9.11 13.14 7.51 17.32 15.69 12.46 14.27 15.86 8.74 12.33 9.82 11.17 10.95 7.73 9.52 9.84 8.96 8.22 17.75 18.62 15.56 7.98 8.92 10.06 9.28 10.95 -9999 -9999 -9999 -9999 -9999 -9999 -9999 -9999 -9999 -9999 -9999 -9999 -9999 -9999 -9999 -9999 -9999 -9999 -9999 -9999 -9999 -9999 -9999 -9999 -9999 -9999 -9999 -9999 -9999 -9999 -9999
-9999 -9999 -9999 -9999 -9999 -9999 -9999 15.64 11.34 10.22 8.87 9.59 10.67 8.96 10.88 11.66 14.22 10.52 10.08 14.24 12.06 14.04 13.22 13.03 18.57 17.65 10.63 12.55 14.46 13.02 11.37 12.06 8.52 10.44 11.20 7.91 9.60 8.68 12.90 14.39 18.89 15.27 8.12 7.73 7.26 9.10 10.91 -9999 -9999 -9999 -9999 -9999 -9999 -9999 -9999 -9999 -9999 -9999 -9999 -9999 -9999 -9999 -9999 -9999 -9999 -9999 -9999 -9999 -9999 -9999 -9999 -9999 -9999 -9999 -9999 -9999 -9999 -9999
-9999 -9999 -9999 -9999 -9999 -9999 -9999 17.27 8.87 9.01 11.44 13.56 12.62 10.34 10.51 10.96 6.89 7.75 13.24 14.46 12.95 12.16 8.41 5.94 17.05 9.74 11.11 11.13 12.54 12.03 10.29 7.56 11.78 11.10 10.52 9.11 9.24 11.90 13.48 11.90 14.06 13.72 8.35 6.18 6.92 10.25 9.40 -9999 -9999 -9999 -9999 -9999 -9999 -9999 -9999 -9999 -9999 -9999 -9999 -9999 -9999 -9999 -9999 -9999 -9999 -9999 -9999 -9999 -9999 -9999 -9999 -9999 -9999 -9999 -9999 -9999 -9999 -9999
-9999 -9999 -9999 -9999 -9999 -9999 14.82 12.83 7.01 9.96 12.15 9.58 12.92 16.07 14.73 17.59 13.96 9.57 6.66 7.30 13.02 12.85 10.01 4.13 8.31 15.54 10.64 14.56 10.97 10.97 7.37 8.12 10.72 9.36 9.59 11.49 13.82 15.65 13.81 10.75 9.03 8.98 7.75 11.05 12.28 10.17 9.79 -9999 -9999 -9999 -9999 -9999 -9999 -9999 -9999 -9999 -9999 -9999 -9999 -9999 -9999 -9999 -9999 -9999 -9999 -9999 -9999 -9999 -9999 -9999 -9999 -9999 -9999 -9999 -9999 -9999 -9999 -9999
-9999 -9999 -9999 -9999 -9999 -9999 12.26 7.17 12.36 10.57 13.21 9.22 13.32 13.18 17.31 16.08 16.41 13.54 9.87 4.79 18.47 18.81 10.57 3.91 9.93 14.20 9.32 10.39 13.20 8.42 11.97 13.51 10.14 12.67 13.01 17.98 10.76 9.60 10.64 11.50 11.51 8.29 6.44 9.04 9.07 8.26 8.86 10.99 -9999 -9999 -9999 -9999 -9999 -9999 -9999 -9999 -9999 -9999 -9999 -9999 -9999 -9999 -9999 -9999 -9999 -9999 -9999 -9999 -9999 -9999 -9999 -9999 -9999 -9999 -9999 -9999 -9999 -9999
-9999 -9999 -9999 -9999 -9999 11.42 13.60 13.03 12.18 13.87 14.12 11.33 8.80 14.33 13.35 15.97 15.73 15.47 9.02 3.51 9.16 12.79 11.82 6.54 6.41 9.61 9.29 9.42 10.05 15.27 9.99 8.80 9.07 8.17 16.13 12.64 15.44 12.57 7.87 9.43 10.56 11.92 13.00 7.95 6.93 6.53 7.61 9.38 -9999 -9999 -9999 -9999 -9999 -9999 -9999 -9999 -9999 -9999 -9999 -9999 -9999 -9999 -9999 -9999 -9999 -9999 -9999 -9999 -9999 -9999 -9999 -9999 -9999 -9999 -9999 -9999 -9999 -9999
-9999 -9999 -9999 -9999 -9999 14.08 12.30 9.84 15.89 14.96 12.57 12.32 16.42 8.58 10.00 14.27 12.22 12.58 7.21 4.16 7.22 9.50 13.47 6.60 6.72 6.78 8.50 6.44 12.25 6.56 12.92 9.48 6.36 16.63 8.36 10.39 11.76 10.54 11.67 7.46 8.20 12.48 11.44 8.17 8.64 7.72 7.36 9.34 -9999 -9999 -9999 -9999 -9999 -9999 -9999 -9999 -9999 -9999 -9999 -9999 -9999 -9999 -9999 -9999 -9999 -9999 -9999 -9999 -9999 -9999 -9999 -9999 -9999 -9999 -9999 -9999 -9999 -9999
-9999 -9999 -9999 -9999 15.57 11.57 9.31 12.68 9.21 9.78 20.77 15.73 14.89 8.84 10.59 11.84 9.76 12.56 11.72 8.57 10.51 9.63 6.50 5.45 6.32 8.79 9.23 13.25 8.62 6.26 12.28 6.53 8.29 16.38 10.17 8.05 6.59 9.58 11.50 10.18 11.10 11.40 8.74 8.02 7.59 6.56 6.98 9.03 -9999 -9999 -9999 -9999 -9999 -9999 -9999 -9999 -9999 -9999 -9999 -9999 -9999 -9999 -9999 -9999 -9999 -9999 -9999 -9999 -9999 -9999 -9999 -9999 -9999 -9999 -9999 -9999 -9999 -9999
-9999 -9999 -9999 12.28 13.16 13.20 8.96 9.23 8.86 7.34 12.32 12.14 21.16 9.41 8.17 9.57 10.53 11.68 12.70 10.33 7.47 5.53 9.60 6.11 5.38 8.06 9.06 9.10 8.39 5.82 8.36 4.13 7.13 13.90 12.70 13.15 11.50 10.52 8.52 8.09 11.39 9.81 8.68 8.32 7.74 7.48 6.55 8.10 10.30 -9999 -9999 -9999 -9999 -9999 -9999 -9999 -9999 -9999 -9999 -9999 -9999 -9999 -9999 -9999 -9999 -9999 -9999 -9999 -9999 -9999 -9999 -9999 -9999 -9999 -9999 -9999 -9999 -9999
-9999 -9999 -9999 14.30 18.37 13.04 11.68 9.30 6.91 4.85 18.28 14.89 12.57 12.41 8.43 7.98 9.53 9.54 16.25 9.84 7.17 5.77 6.19 10.50 6.33 9.57 8.45 9.22 7.86 7.11 6.08 8.22 5.31 9.16 11.07 10.43 12.42 10.46 8.29 7.45 9.16 8.15 10.18 8.90 6.97 5.62 6.98 8.19 9.81 -9999 -9999 -9999 -9999 -9999 -9999 -9999 -9999 -9999 -9999 -9999 -9999 -9999 -9999 -9999 -9999 -9999 -9999 -9999 -9999 -9999 -9999 -9999 -9999 -9999 -9999 -9999 -9999 -9999
-9999 14.47 12.88 15.22 12.71 11.65 13.25 10.15 8.79 5.86 12.53 11.86 13.44 12.01 11.36 7.51 10.26 11.05 9.76 10.58 10.59 6.53 6.33 8.48 7.97 7.55 8.13 8.45 7.13 6.35 7.58 6.35 5.59 10.86 9.48 9.17 10.02 13.18 10.98 9.18 5.61 7.19 8.28 7.95 7.23 6.04 6.66 7.74 9.66 -9999 -9999 -9999 -9999 -9999 -9999 -9999 -9999 -9999 -9999 -9999 -9999 -9999 -9999 -9999 -9999 -9999 -9999 -9999 -9999 -9999 -9999 -9999 -9999 -9999 -9999 -9999 -9999 -9999
-9999 15.69 12.99 9.23 12.38 10.41 12.96 10.70 9.08 6.77 5.78 8.23 16.12 12.37 11.39 8.43 7.90 8.00 7.09 8.53 10.47 8.12 9.18 7.69 8.24 7.63 7.43 7.16 6.84 6.36 6.41 7.42 6.72 5.90 7.71 8.62 9.54 10.57 10.50 6.03 7.08 10.71 9.20 7.20 7.56 7.05 7.33 6.44 8.02 9.95 -9999 -9999 -9999 -9999 -9999 -9999 -9999 -9999 -9999 -9999 -9999 -9999 -9999 -9999 -9999 -9999 -9999 -9999 -9999 -9999 -9999 -9999 -9999 -9999 -9999 -9999 -9999 -9999
-9999 15.75 13.14 8.03 11.61 8.91 10.58 9.93 9.44 8.58 5.73 10.90 11.05 10.40 13.71 9.52 8.27 7.91 5.54 9.18 15.59 10.61 -9999 -9999 -9999 8.44 7.85 -9999 6.93 7.06 7.06 6.04 5.57 7.89 10.38 8.48 8.78 10.65 9.75 11.73 10.87 7.16 5.36 5.69 6.40 7.37 4.24 5.09 6.17 9.20 -9999 -9999 -9999 -9999 -9999 -9999 -9999 -9999 -9999 -9999 -9999 -9999 -9999 -9999 -9999 -9999 -9999 -9999 -9999 -9999 -9999 -9999 -9999 -9999 -9999 -9999 -9999 -9999
-9999 13.81 16.22 10.49 9.70 10.53 11.68 11.18 10.28 9.13 7.74 8.36 15.87 11.70 12.76 8.92 8.82 11.29 7.16 8.95 10.70 11.72 -9999 -9999 -9999 9.02 7.68 7.74 7.89 7.13 6.40 4.64 6.74 11.66 12.95 9.70 14.09 10.02 9.93 13.76 9.64 10.10 9.78 9.20 5.75 7.10 8.62 6.08 5.28 8.23 -9999 -9999 -9999 -9999 -9999 -9999 -9999 -9999 -9999 -9999 -9999 -9999 -9999 -9999 -9999 -9999 -9999 -9999 -9999 -9999 -9999 -9999 -9999 -9999 -9999 -9999 -9999 -9999
-9999 -9999 15.17 14.98 11.81 -9999 13.33 13.23 11.56 10.55 9.61 -9999 11.80 10.01 10.95 8.11 10.63 11.97 10.52 11.05 -9999 -9999 -9999 -9999 11.08 8.56 7.59 7.75 8.59 8.43 6.80 5.56 5.63 11.80 18.50 9.17 15.93 11.14 13.71 15.06 11.31 13.23 10.27 7.24 8.98 8.90 6.47 3.15 4.80 8.88 9.88 -9999 -9999 -9999 -9999 -9999 -9999 -9999 -9999 -9999 -9999 -9999 -9999 -9999 -9999 -9999 -9999 -9999 -9999 -9999 -9999 -9999 -9999 -9999 -9999 -9999 -9999 -9999
