ML/MeanWindSpeed_2000-12_Actual.txt
ncols         180
nrows         290
xllcorner     -200000
yllcorner     -200000
cellsize      5000
NODATA_value  -9999
[rows 105 to 139 of 290, columns 78 to 155 of 180]
9.53 12.80 7.98 5.78 9.58 14.14 12.98 10.88 10.36 11.83 16.46 10.52 13.03 7.61 10.17 14.46 9.55 7.08 8.19 10.34 9.03 7.97 8.37 8.49 7.24 8.88 8.69 9.05 11.44 10.31 10.16 10.13 -9999 -9999 -9999 -9999 -9999 -9999 -9999 -9999 -9999 -9999 -9999 -9999 -9999 -9999 -9999 -9999 -9999 -9999 -9999 -9999 -9999 -9999 -9999 -9999 -9999 -9999 -9999 -9999 -9999 -9999 -9999 -9999 -9999 -9999 -9999 -9999 -9999 -9999 -9999 -9999 -9999 -9999 -9999 -9999 -9999 -9999
11.71 9.39 10.37 16.08 14.95 16.64 8.50 13.86 7.63 16.40 8.71 18.71 10.07 13.29 20.69 12.97 9.36 12.16 11.19 7.64 6.80 5.55 5.33 7.30 6.96 6.93 8.72 9.65 9.49 9.26 7.83 9.32 10.81 -9999 -9999 -9999 -9999 -9999 -9999 -9999 -9999 -9999 -9999 -9999 -9999 -9999 -9999 -9999 -9999 -9999 -9999 -9999 -9999 -9999 -9999 -9999 -9999 -9999 -9999 -9999 -9999 -9999 -9999 -9999 -9999 -9999 -9999 -9999 -9999 -9999 -9999 -9999 -9999 -9999 -9999 -9999 -9999 -9999
12.25 6.25 13.91 11.05 6.23 11.32 15.62 15.11 7.04 16.07 14.20 15.52 12.09 17.00 14.41 15.80 18.63 13.89 11.06 7.98 6.59 7.66 9.79 10.66 12.39 11.28 9.17 8.41 8.20 10.95 9.50 11.81 12.04 13.63 -9999 -9999 -9999 -9999 -9999 -9999 -9999 -9999 -9999 -9999 -9999 -9999 -9999 -9999 -9999 -9999 -9999 -9999 -9999 -9999 -9999 -9999 -9999 -9999 -9999 -9999 -9999 -9999 -9999 -9999 -9999 -9999 -9999 -9999 -9999 -9999 -9999 -9999 -9999 -9999 -9999 -9999 -9999 -9999
9.23 12.85 13.47 10.04 5.86 13.19 15.35 18.89 8.53 15.71 12.52 13.74 13.31 14.56 9.80 11.51 12.70 11.96 8.71 9.81 12.13 15.97 14.66 13.02 11.03 10.38 12.03 8.33 10.38 12.04 12.62 12.84 13.05 13.82 14.25 -9999 -9999 -9999 -9999 -9999 -9999 -9999 -9999 -9999 -9999 -9999 -9999 -9999 -9999 -9999 -9999 -9999 -9999 -9999 -9999 -9999 -9999 -9999 -9999 -9999 -9999 -9999 -9999 -9999 -9999 -9999 -9999 -9999 -9999 -9999 -9999 -9999 -9999 -9999 -9999 -9999 -9999 -9999
13.93 16.21 8.34 5.48 10.41 17.61 13.22 5.88 9.00 24.25 10.99 10.33 12.33 12.34 9.45 8.28 7.48 9.16 13.44 18.98 17.60 14.60 12.61 9.65 9.25 9.78 11.51 10.09 11.64 11.63 11.48 12.44 12.92 13.41 -9999 -9999 -9999 -9999 -9999 -9999 -9999 -9999 -9999 -9999 -9999 -9999 -9999 -9999 -9999 -9999 -9999 -9999 -9999 -9999 -9999 -9999 -9999 -9999 -9999 -9999 -9999 -9999 -9999 -9999 -9999 -9999 -9999 -9999 -9999 -9999 -9999 -9999 -9999 -9999 -9999 -9999 -9999 -9999
11.69 10.35 9.44 14.76 7.28 14.94 16.56 15.65 11.01 9.82 19.81 11.54 8.80 6.72 5.96 5.23 5.60 6.89 12.15 10.36 9.59 8.73 10.29 12.04 10.38 10.51 10.08 10.61 12.77 12.91 -9999 -9999 -9999 -9999 -9999 -9999 -9999 -9999 -9999 -9999 -9999 -9999 -9999 -9999 -9999 -9999 -9999 -9999 -9999 -9999 -9999 -9999 -9999 -9999 -9999 -9999 -9999 -9999 -9999 -9999 -9999 -9999 -9999 -9999 -9999 -9999 -9999 -9999 -9999 -9999 -9999 -9999 -9999 -9999 -9999 -9999 -9999 -9999
11.19 7.47 14.68 13.73 15.96 18.50 9.09 16.14 16.14 8.74 12.13 12.38 8.45 7.46 8.14 9.41 11.33 8.07 8.35 8.92 9.78 10.44 10.98 12.03 11.06 11.19 12.37 12.39 -9999 -9999 -9999 -9999 -9999 -9999 -9999 -9999 -9999 -9999 -9999 -9999 -9999 -9999 -9999 -9999 -9999 -9999 -9999 -9999 -9999 -9999 -9999 -9999 -9999 -9999 -9999 -9999 -9999 -9999 -9999 -9999 -9999 -9999 -9999 -9999 -9999 -9999 -9999 -9999 -9999 -9999 -9999 -9999 -9999 -9999 -9999 -9999 -9999 -9999
9.51 15.04 10.74 14.37 16.87 15.25 13.03 16.82 16.61 9.05 8.14 6.27 6.88 8.24 9.11 12.49 14.10 10.90 9.27 8.16 8.37 9.90 9.56 10.44 11.21 13.40 14.82 13.44 -9999 -9999 -9999 -9999 -9999 -9999 -9999 -9999 -9999 -9999 -9999 -9999 -9999 -9999 -9999 -9999 -9999 -9999 -9999 -9999 -9999 -9999 -9999 -9999 -9999 -9999 -9999 -9999 -9999 -9999 -9999 -9999 -9999 -9999 -9999 -9999 -9999 -9999 -9999 -9999 -9999 -9999 -9999 -9999 -9999 -9999 -9999 -9999 -9999 -9999
11.67 15.18 11.39 15.06 14.37 16.55 10.48 8.91 11.08 10.38 9.79 9.66 7.17 16.73 16.75 15.11 14.79 10.45 7.07 7.12 7.37 7.70 7.78 8.59 10.21 10.08 -9999 -9999 -9999 -9999 -9999 12.31 10.92 10.88 10.13 -9999 -9999 -9999 -9999 -9999 -9999 -9999 -9999 -9999 -9999 -9999 -9999 -9999 -9999 -9999 -9999 -9999 -9999 -9999 -9999 -9999 -9999 -9999 -9999 -9999 -9999 -9999 -9999 -9999 -9999 -9999 -9999 -9999 -9999 -9999 -9999 -9999 -9999 -9999 -9999 -9999 -9999 -9999
12.39 17.58 11.98 9.30 20.11 10.73 9.21 7.57 7.59 9.51 11.40 14.53 10.78 10.83 9.33 9.49 8.81 8.79 8.51 8.91 8.98 8.27 8.85 9.49 9.18 8.84 9.63 11.30 -9999 -9999 10.22 9.28 8.48 6.75 6.82 7.91 9.40 -9999 -9999 -9999 -9999 -9999 -9999 -9999 -9999 -9999 -9999 -9999 -9999 -9999 -9999 -9999 -9999 -9999 -9999 -9999 -9999 -9999 -9999 -9999 -9999 -9999 -9999 -9999 -9999 -9999 -9999 -9999 -9999 -9999 -9999 -9999 -9999 -9999 -9999 -9999 -9999 -9999
14.80 12.88 13.54 14.91 16.85 11.06 10.19 10.82 10.71 10.52 8.12 8.36 9.49 9.02 9.11 9.05 8.97 9.25 9.66 9.37 8.50 9.74 10.16 7.66 6.38 6.64 7.61 10.19 9.43 9.30 9.25 7.49 5.31 5.69 8.29 9.12 11.68 8.73 -9999 -9999 -9999 -9999 -9999 -9999 -9999 -9999 -9999 -9999 -9999 -9999 -9999 -9999 -9999 -9999 -9999 -9999 -9999 -9999 -9999 -9999 -9999 -9999 -9999 -9999 -9999 -9999 -9999 -9999 -9999 -9999 -9999 -9999 -9999 -9999 -9999 -9999 -9999 -9999
12.70 16.66 14.98 12.24 12.02 -9999 12.74 13.60 10.28 8.76 6.96 6.90 7.25 7.84 8.57 8.68 9.21 11.09 10.69 10.39 9.11 8.16 7.91 6.32 6.50 7.32 9.33 8.32 7.11 8.86 7.47 6.97 5.88 7.21 9.48 10.14 11.63 10.37 12.23 13.91 11.00 -9999 -9999 -9999 -9999 -9999 -9999 -9999 -9999 -9999 -9999 -9999 -9999 -9999 -9999 -9999 -9999 -9999 -9999 -9999 -9999 -9999 -9999 -9999 -9999 -9999 -9999 -9999 -9999 -9999 -9999 -9999 -9999 -9999 -9999 -9999 -9999 -9999
13.80 -9999 14.09 15.38 12.66 -9999 14.55 17.23 11.95 10.07 7.24 6.91 6.47 6.77 6.18 6.66 7.88 9.65 11.82 11.19 10.95 9.36 8.83 9.16 10.24 12.33 10.51 7.34 5.57 7.40 7.91 8.16 12.87 13.18 10.68 10.87 9.93 10.18 10.82 9.16 10.76 -9999 -9999 -9999 -9999 -9999 -9999 -9999 -9999 -9999 -9999 -9999 -9999 -9999 -9999 -9999 -9999 -9999 -9999 -9999 -9999 -9999 -9999 -9999 -9999 -9999 -9999 -9999 -9999 -9999 -9999 -9999 -9999 -9999 -9999 -9999 -9999 -9999
12.44 -9999 -9999 15.63 13.77 13.16 14.50 15.63 9.89 9.61 10.76 8.48 7.44 6.88 9.56 7.49 6.77 8.60 9.86 11.23 11.85 13.02 10.90 12.69 13.33 11.16 9.85 8.92 7.34 8.29 10.31 11.40 11.12 13.53 11.68 10.88 10.61 7.77 8.02 9.25 10.82 12.05 -9999 -9999 -9999 -9999 -9999 -9999 -9999 -9999 -9999 -9999 -9999 -9999 -9999 -9999 -9999 -9999 -9999 -9999 -9999 -9999 -9999 -9999 -9999 -9999 -9999 -9999 -9999 -9999 -9999 -9999 -9999 -9999 -9999 -9999 -9999 -9999
-9999 -9999 -9999 -9999 14.67 12.87 15.80 12.40 9.16 9.70 10.75 11.54 9.69 8.44 9.70 10.24 8.82 7.44 10.19 12.71 11.69 11.49 11.69 13.23 11.85 10.45 11.11 10.44 12.54 11.58 10.30 10.20 9.08 11.76 11.24 10.07 10.70 8.48 7.86 7.88 7.89 9.04 -9999 -9999 -9999 -9999 -9999 -9999 -9999 -9999 -9999 -9999 -9999 -9999 -9999 -9999 -9999 -9999 -9999 -9999 -9999 -9999 -9999 -9999 -9999 -9999 -9999 -9999 -9999 -9999 -9999 -9999 -9999 -9999 -9999 -9999 -9999 -9999
15.48 15.96 -9999 -9999 -9999 14.03 14.73 11.83 10.06 9.46 10.21 11.74 11.79 11.84 12.12 10.56 9.79 9.41 7.52 11.90 10.72 10.56 11.07 10.35 9.96 12.36 10.84 13.84 16.96 14.69 12.09 12.15 9.21 10.34 9.96 10.04 10.51 8.29 7.34 7.15 7.22 8.58 9.86 -9999 -9999 -9999 -9999 -9999 -9999 -9999 -9999 -9999 -9999 -9999 -9999 -9999 -9999 -9999 -9999 -9999 -9999 -9999 -9999 -9999 -9999 -9999 -9999 -9999 -9999 -9999 -9999 -9999 -9999 -9999 -9999 -9999 -9999 -9999
17.36 17.92 13.67 -9999 -9999 -9999 13.79 12.28 9.85 8.94 9.15 9.60 10.99 10.68 10.38 9.23 9.18 9.81 10.65 9.66 9.77 9.94 11.58 10.73 13.26 8.38 9.66 9.62 10.56 14.65 14.29 11.75 10.45 9.00 8.64 8.83 8.99 7.06 6.62 6.19 7.24 8.33 8.51 9.55 -9999 -9999 -9999 -9999 -9999 -9999 -9999 -9999 -9999 -9999 -9999 -9999 -9999 -9999 -9999 -9999 -9999 -9999 -9999 -9999 -9999 -9999 -9999 -9999 -9999 -9999 -9999 -9999 -9999 -9999 -9999 -9999 -9999 -9999
16.41 16.13 12.16 -9999 -9999 -9999 -9999 -9999 11.27 9.44 7.96 7.91 8.37 8.59 10.21 13.02 12.42 10.92 10.52 9.84 11.20 10.14 9.52 9.12 11.64 7.03 9.10 11.00 10.11 7.63 9.55 8.62 9.65 7.91 9.03 8.31 6.74 6.12 5.46 5.21 5.12 8.28 9.00 8.67 9.30 -9999 -9999 -9999 -9999 -9999 -9999 -9999 -9999 -9999 -9999 -9999 -9999 -9999 -9999 -9999 -9999 -9999 -9999 -9999 -9999 -9999 -9999 -9999 -9999 -9999 -9999 -9999 -9999 -9999 -9999 -9999 -9999 -9999
13.80 20.26 14.58 -9999 -9999 -9999 -9999 -9999 12.41 10.92 10.41 8.91 10.71 12.94 11.99 13.34 13.44 12.73 10.87 12.05 11.03 9.77 11.17 12.38 7.81 16.50 10.75 14.42 10.80 13.12 12.45 7.73 10.04 8.34 7.37 6.72 6.93 7.96 7.60 5.34 5.49 5.02 8.49 10.44 8.64 11.19 12.96 -9999 -9999 -9999 -9999 -9999 -9999 -9999 -9999 -9999 -9999 -9999 -9999 -9999 -9999 -9999 -9999 -9999 -9999 -9999 -9999 -9999 -9999 -9999 -9999 -9999 -9999 -9999 -9999 -9999 -9999 -9999
18.35 20.42 19.43 -9999 -9999 -9999 -9999 -9999 12.15 10.10 9.47 8.58 9.34 11.41 9.83 10.65 10.70 12.82 11.55 11.10 10.50 12.99 16.54 14.02 11.24 18.30 16.32 11.64 12.41 10.24 8.12 9.51 10.07 8.30 8.33 8.15 6.29 6.44 6.10 6.96 9.79 8.22 8.54 10.00 10.17 9.79 11.66 -9999 -9999 -9999 -9999 -9999 -9999 -9999 -9999 -9999 -9999 -9999 -9999 -9999 -9999 -9999 -9999 -9999 -9999 -9999 -9999 -9999 -9999 -9999 -9999 -9999 -9999 -9999 -9999 -9999 -9999 -9999
16.00 17.38 18.71 -9999 -9999 -9999 -9999 -9999 11.16 9.41 8.28 7.90 8.28 9.47 10.57 13.96 15.96 13.43 13.52 9.63 10.25 10.65 13.85 9.87 15.09 13.76 11.75 13.38 14.33 9.30 11.67 9.42 9.93 9.17 6.65 7.81 8.12 7.50 6.51 12.69 12.76 12.11 8.65 9.88 10.36 9.70 11.75 -9999 -9999 -9999 -9999 -9999 -9999 -9999 -9999 -9999 -9999 -9999 -9999 -9999 -9999 -9999 -9999 -9999 -9999 -9999 -9999 -9999 -9999 -9999 -9999 -9999 -9999 -9999 -9999 -9999 -9999 -9999
-9999 -9999 -9999 -9999 -9999 -9999 -9999 14.10 11.27 9.99 8.42 8.68 9.14 8.52 9.97 10.56 14.02 12.74 12.35 14.32 11.89 13.68 15.03 15.61 17.92 16.30 11.02 12.39 13.48 12.53 10.90 10.85 7.76 8.54 9.04 6.36 7.74 7.49 11.08 12.47 15.51 13.33 8.76 8.53 8.19 9.46 11.69 -9999 -9999 -9999 -9999 -9999 -9999 -9999 -9999 -9999 -9999 -9999 -9999 -9999 -9999 -9999 -9999 -9999 -9999 -9999 -9999 -9999 -9999 -9999 -9999 -9999 -9999 -9999 -9999 -9999 -9999 -9999
-9999 -9999 -9999 -9999 -9999 -9999 -9999 15.08 8.81 8.87 10.63 12.14 11.03 8.78 8.54 9.37 7.96 10.10 15.03 15.84 12.59 11.51 11.08 10.80 17.83 11.01 12.19 11.73 11.87 11.26 9.44 6.92 9.54 8.70 7.93 6.65 7.50 10.40 12.42 11.66 13.60 13.44 9.17 7.57 8.31 10.91 10.82 -9999 -9999 -9999 -9999 -9999 -9999 -9999 -9999 -9999 -9999 -9999 -9999 -9999 -9999 -9999 -9999 -9999 -9999 -9999 -9999 -9999 -9999 -9999 -9999 -9999 -9999 -9999 -9999 -9999 -9999 -9999
-9999 -9999 -9999 -9999 -9999 -9999 13.59 11.78 6.88 8.81 11.06 9.99 12.90 14.62 12.84 15.06 12.84 11.26 10.92 12.13 14.08 12.19 11.48 9.34 12.29 16.17 12.51 14.63 10.95 10.76 7.52 7.86 9.86 8.48 8.31 9.17 11.13 13.37 12.93 11.21 10.13 9.78 8.55 11.33 12.42 11.04 11.17 -9999 -9999 -9999 -9999 -9999 -9999 -9999 -9999 -9999 -9999 -9999 -9999 -9999 -9999 -9999 -9999 -9999 -9999 -9999 -9999 -9999 -9999 -9999 -9999 -9999 -9999 -9999 -9999 -9999 -9999 -9999
-9999 -9999 -9999 -9999 -9999 -9999 11.84 7.70 10.70 8.53 11.21 9.76 13.49 14.09 16.82 15.26 14.84 13.62 12.97 10.82 19.00 17.24 12.24 9.27 13.32 15.54 11.99 12.23 13.81 9.95 11.36 12.68 10.72 11.64 11.71 15.00 9.70 9.54 10.62 11.63 11.84 8.90 7.47 9.71 10.07 9.69 10.64 12.78 -9999 -9999 -9999 -9999 -9999 -9999 -9999 -9999 -9999 -9999 -9999 -9999 -9999 -9999 -9999 -9999 -9999 -9999 -9999 -9999 -9999 -9999 -9999 -9999 -9999 -9999 -9999 -9999 -9999 -9999
-9999 -9999 -9999 -9999 -9999 11.76 13.49 12.47 11.23 11.58 11.14 9.94 9.25 15.39 15.03 15.74 14.66 14.34 10.95 8.56 12.60 14.16 13.63 10.64 10.36 12.30 11.93 11.41 12.16 15.54 10.24 9.88 9.73 7.84 13.96 11.78 13.87 12.40 8.92 10.15 10.89 11.43 12.65 9.67 9.29 9.12 10.28 12.10 -9999 -9999 -9999 -9999 -9999 -9999 -9999 -9999 -9999 -9999 -9999 -9999 -9999 -9999 -9999 -9999 -9999 -9999 -9999 -9999 -9999 -9999 -9999 -9999 -9999 -9999 -9999 -9999 -9999 -9999
-9999 -9999 -9999 -9999 -9999 13.24 12.70 11.46 15.76 14.31 11.10 10.42 14.35 11.02 12.86 14.81 12.64 12.24 8.60 7.74 11.19 12.76 14.80 9.81 10.35 10.22 10.85 9.10 13.89 9.59 13.42 11.13 7.80 13.42 7.22 9.40 11.05 10.48 11.76 9.04 9.04 12.03 11.91 10.23 10.81 10.20 10.19 12.10 -9999 -9999 -9999 -9999 -9999 -9999 -9999 -9999 -9999 -9999 -9999 -9999 -9999 -9999 -9999 -9999 -9999 -9999 -9999 -9999 -9999 -9999 -9999 -9999 -9999 -9999 -9999 -9999 -9999 -9999
-9999 -9999 -9999 -9999 13.12 10.64 10.19 13.75 12.33 12.42 18.29 13.19 13.35 10.60 12.79 13.41 11.26 12.33 11.17 9.69 12.42 12.39 9.63 8.43 9.71 11.75 11.47 14.17 11.51 9.60 13.71 9.30 9.25 13.33 7.96 7.00 6.59 8.95 11.20 10.92 11.49 11.77 10.00 9.83 10.00 9.48 9.81 11.61 -9999 -9999 -9999 -9999 -9999 -9999 -9999 -9999 -9999 -9999 -9999 -9999 -9999 -9999 -9999 -9999 -9999 -9999 -9999 -9999 -9999 -9999 -9999 -9999 -9999 -9999 -9999 -9999 -9999 -9999
-9999 -9999 -9999 12.10 11.65 11.99 9.44 10.82 12.15 11.20 13.20 11.73 17.67 10.03 10.29 11.88 12.10 11.99 12.07 10.45 9.25 8.71 11.60 8.77 8.58 11.03 11.48 11.18 10.92 9.09 10.88 7.40 8.78 12.48 10.52 10.64 9.35 8.86 8.43 9.14 12.02 10.87 10.07 10.08 10.06 10.15 9.44 10.73 12.74 -9999 -9999 -9999 -9999 -9999 -9999 -9999 -9999 -9999 -9999 -9999 -9999 -9999 -9999 -9999 -9999 -9999 -9999 -9999 -9999 -9999 -9999 -9999 -9999 -9999 -9999 -9999 -9999 -9999
-9999 -9999 -9999 14.40 16.14 12.34 11.35 10.50 10.38 9.72 19.21 14.80 11.58 11.89 9.78 10.44 11.80 11.15 15.41 9.86 7.97 8.14 8.74 11.77 8.99 11.55 10.74 11.20 10.21 9.63 8.88 10.04 7.68 9.83 10.15 9.16 10.15 8.72 8.15 8.45 10.54 9.93 11.30 10.59 9.59 8.75 9.69 10.75 12.29 -9999 -9999 -9999 -9999 -9999 -9999 -9999 -9999 -9999 -9999 -9999 -9999 -9999 -9999 -9999 -9999 -9999 -9999 -9999 -9999 -9999 -9999 -9999 -9999 -9999 -9999 -9999 -9999 -9999
-9999 14.59 13.52 15.40 13.22 12.00 12.74 10.90 11.06 9.78 15.41 13.62 12.98 11.93 11.24 9.34 12.14 12.47 11.27 10.48 9.18 7.38 8.60 10.09 9.73 9.67 10.06 10.29 9.31 8.66 9.52 8.51 7.49 10.51 9.02 8.60 8.59 10.58 9.29 8.72 7.57 9.35 10.27 9.92 9.46 8.95 9.50 10.30 11.98 -9999 -9999 -9999 -9999 -9999 -9999 -9999 -9999 -9999 -9999 -9999 -9999 -9999 -9999 -9999 -9999 -9999 -9999 -9999 -9999 -9999 -9999 -9999 -9999 -9999 -9999 -9999 -9999 -9999
-9999 15.15 12.96 10.96 13.88 12.00 13.04 11.01 10.17 9.77 10.56 11.40 15.35 12.63 11.61 9.77 9.71 9.88 9.85 9.83 10.11 8.62 10.30 9.33 9.61 9.15 8.93 8.62 8.34 8.03 8.26 8.95 7.42 5.12 5.76 6.83 6.75 7.78 7.96 5.23 7.16 10.43 9.97 8.85 9.20 8.95 9.62 9.30 10.53 12.23 -9999 -9999 -9999 -9999 -9999 -9999 -9999 -9999 -9999 -9999 -9999 -9999 -9999 -9999 -9999 -9999 -9999 -9999 -9999 -9999 -9999 -9999 -9999 -9999 -9999 -9999 -9999 -9999
-9999 15.19 12.99 9.74 13.18 11.10 11.81 10.54 9.82 10.29 9.69 13.34 13.15 12.37 13.92 10.85 9.54 9.59 9.24 11.21 14.99 11.16 -9999 -9999 -9999 9.31 8.79 -9999 7.77 7.88 8.14 7.65 6.35 5.63 6.32 5.65 5.81 7.48 6.96 8.36 8.39 6.72 6.46 7.37 8.23 8.88 7.33 8.73 9.35 11.28 -9999 -9999 -9999 -9999 -9999 -9999 -9999 -9999 -9999 -9999 -9999 -9999 -9999 -9999 -9999 -9999 -9999 -9999 -9999 -9999 -9999 -9999 -9999 -9999 -9999 -9999 -9999 -9999
-9999 13.99 15.30 11.22 11.40 12.13 12.86 11.90 10.61 10.05 10.06 11.30 17.39 13.72 13.98 10.98 10.18 12.17 9.91 11.11 11.98 12.23 -9999 -9999 -9999 9.36 8.22 7.92 7.79 7.31 7.22 6.84 8.18 9.62 8.92 6.74 10.25 6.84 6.48 9.38 7.00 8.20 9.00 9.63 7.78 9.14 10.86 9.69 8.77 10.40 -9999 -9999 -9999 -9999 -9999 -9999 -9999 -9999 -9999 -9999 -9999 -9999 -9999 -9999 -9999 -9999 -9999 -9999 -9999 -9999 -9999 -9999 -9999 -9999 -9999 -9999 -9999 -9999
-9999 -9999 14.76 14.29 12.40 -9999 14.16 13.78 12.07 10.87 10.43 -9999 13.93 12.45 13.37 11.00 11.99 13.08 12.05 12.52 -9999 -9999 -9999 -9999 10.60 8.28 7.10 6.56 7.26 7.70 7.14 7.44 8.17 11.78 14.51 6.77 12.14 7.80 9.52 11.16 8.74 10.62 9.13 8.21 10.21 10.66 9.81 8.10 8.60 10.83 11.83 -9999 -9999 -9999 -9999 -9999 -9999 -9999 -9999 -9999 -9999 -9999 -9999 -9999 -9999 -9999 -9999 -9999 -9999 -9999 -9999 -9999 -9999 -9999 -9999 -9999 -9999 -9999
