ML/MeanWindSpeed_1993-05_Actual.txt
ncols         180
nrows         290
xllcorner     -200000
yllcorner     -200000
cellsize      5000
NODATA_value  -9999
[rows 210 to 244 of 290, columns 79 to 157 of 180]
11.39 10.80 12.29 12.90 -9999 -9999 -9999 -9999 -9999 -9999 -9999 9.57 9.47 10.47 10.38 9.80 9.07 9.67 11.03 12.53 12.45 11.57 11.04 10.73 10.53 12.82 12.51 9.35 8.27 10.32 11.04 12.22 10.56 9.69 8.77 7.92 8.27 8.92 9.49 9.96 9.74 9.38 9.09 8.79 8.51 8.38 8.07 8.24 8.03 8.18 8.47 8.77 8.96 8.43 8.30 8.63 8.47 8.34 9.42 9.44 9.21 9.02 8.35 7.78 7.91 8.20 8.10 7.81 7.71 8.38 8.00 8.18 8.64 8.37 8.39 8.42 8.17 8.04 8.38
12.09 -9999 -9999 -9999 -9999 -9999 -9999 -9999 -9999 12.14 11.13 10.82 11.65 11.86 11.17 10.23 10.05 9.80 11.58 12.84 12.20 10.04 10.19 11.96 11.53 12.08 10.80 9.18 8.83 10.50 11.42 11.49 10.16 9.33 8.59 7.44 9.20 9.69 9.39 9.65 9.38 9.07 8.78 8.47 8.51 8.09 8.00 7.68 7.74 7.97 8.43 8.58 8.68 8.21 8.83 9.65 8.95 9.31 8.65 9.10 8.81 8.34 8.34 7.92 7.87 8.32 8.00 7.55 7.57 7.81 8.16 8.43 8.22 8.60 8.49 8.15 8.20 8.86 8.64
-9999 -9999 -9999 -9999 -9999 -9999 -9999 -9999 -9999 13.13 12.56 11.63 12.73 13.43 -9999 -9999 10.84 12.23 10.40 11.50 10.94 10.54 10.71 11.62 10.59 10.93 10.92 10.18 10.70 11.36 11.56 10.75 9.72 9.34 8.05 8.21 9.73 9.49 9.22 9.09 9.00 8.98 8.66 8.15 7.95 7.55 7.65 7.94 8.28 8.34 8.90 8.43 8.12 8.71 10.17 9.53 9.47 8.93 8.09 8.58 8.09 7.80 7.95 7.84 7.59 7.63 8.31 7.63 7.65 7.78 7.85 8.06 8.02 7.91 8.72 8.48 8.88 9.58 9.76
-9999 -9999 -9999 -9999 -9999 -9999 -9999 -9999 -9999 -9999 -9999 -9999 -9999 -9999 -9999 -9999 12.23 11.84 11.37 10.97 10.18 9.81 9.84 10.51 10.70 11.37 11.53 11.57 12.19 12.20 -9999 10.17 9.40 8.62 8.11 8.33 9.57 9.49 9.39 8.93 8.45 8.19 8.34 7.80 7.76 8.27 8.38 8.23 8.71 9.33 8.93 8.83 8.67 9.11 10.17 9.59 9.29 8.75 7.92 7.42 6.97 6.96 7.75 7.53 7.10 7.25 7.46 7.33 7.43 7.54 7.65 7.83 8.06 8.26 8.52 8.53 9.00 9.55 -9999
-9999 -9999 -9999 -9999 -9999 -9999 -9999 -9999 -9999 -9999 -9999 -9999 -9999 -9999 -9999 -9999 -9999 12.48 11.36 10.46 10.34 10.45 9.85 10.13 10.83 11.74 -9999 -9999 -9999 -9999 10.72 9.45 8.86 8.31 8.15 8.53 9.65 9.45 9.42 8.79 8.02 8.16 7.87 8.44 8.24 9.16 8.75 8.96 8.82 9.15 9.17 8.85 9.19 8.63 9.35 9.35 8.25 7.92 7.20 6.67 6.10 5.30 4.96 5.56 6.05 6.53 6.92 6.97 6.96 7.71 7.91 7.49 7.59 7.77 8.01 8.37 9.30 10.40 10.50
-9999 -9999 -9999 -9999 -9999 -9999 -9999 -9999 -9999 -9999 -9999 -9999 -9999 -9999 -9999 -9999 -9999 -9999 11.97 11.97 11.17 10.44 10.56 11.03 11.86 -9999 -9999 -9999 -9999 11.07 10.22 9.59 8.07 7.76 7.83 9.30 9.94 9.76 9.32 8.44 8.03 7.82 8.56 9.27 8.85 9.03 8.96 9.09 8.98 8.66 9.00 9.02 8.76 8.74 8.90 8.48 7.78 7.49 7.27 6.95 6.44 5.26 5.00 5.18 5.61 6.36 6.75 6.94 6.66 7.07 7.12 7.13 7.56 7.28 8.02 8.28 8.72 8.64 9.17
-9999 -9999 -9999 -9999 -9999 -9999 -9999 -9999 -9999 -9999 -9999 -9999 -9999 -9999 -9999 -9999 -9999 -9999 -9999 12.61 12.34 11.81 11.81 11.77 12.77 -9999 -9999 -9999 10.71 8.95 8.17 8.94 8.94 8.44 7.92 8.97 9.04 9.77 9.13 7.96 8.31 8.77 8.96 9.03 9.43 9.05 8.78 8.59 8.30 8.30 8.32 8.43 8.68 8.49 8.18 7.89 7.69 7.60 7.72 7.22 6.74 5.96 5.40 5.49 5.71 6.08 6.36 6.62 6.52 6.68 6.66 7.00 7.23 7.58 7.68 7.40 8.28 7.61 8.06
-9999 -9999 -9999 -9999 -9999 -9999 -9999 -9999 -9999 -9999 -9999 -9999 -9999 -9999 -9999 -9999 -9999 -9999 -9999 -9999 -9999 -9999 -9999 -9999 -9999 -9999 -9999 12.25 9.66 8.24 7.90 8.57 7.79 8.23 8.73 9.20 9.51 9.49 8.33 7.69 7.80 8.40 8.58 8.92 8.91 8.84 8.58 8.55 9.31 8.53 8.56 8.21 8.42 8.32 7.83 7.74 7.48 7.75 8.22 7.77 6.97 6.18 5.74 5.65 6.20 6.34 6.73 6.65 7.12 7.42 7.08 6.46 7.96 8.46 7.59 6.94 8.33 7.84 7.52
-9999 -9999 -9999 -9999 -9999 -9999 -9999 -9999 -9999 -9999 -9999 -9999 -9999 -9999 -9999 -9999 -9999 -9999 -9999 -9999 -9999 -9999 -9999 -9999 -9999 -9999 -9999 10.65 9.10 8.08 10.88 10.06 8.06 8.09 8.55 9.22 9.61 8.62 8.04 7.64 7.74 8.61 8.68 8.62 9.28 8.93 9.38 8.73 8.84 9.35 8.58 8.32 8.18 7.80 7.62 7.49 7.53 7.91 8.14 8.05 7.34 6.44 5.84 5.58 6.19 7.40 7.13 7.55 7.92 8.46 7.66 7.11 7.96 8.30 7.47 6.80 6.94 7.52 7.75
-9999 -9999 -9999 -9999 -9999 -9999 -9999 -9999 -9999 -9999 -9999 -9999 -9999 -9999 -9999 -9999 -9999 -9999 -9999 -9999 -9999 -9999 -9999 -9999 -9999 -9999 -9999 10.42 8.32 7.19 8.70 10.70 9.98 9.32 8.76 9.49 8.60 8.01 7.56 8.31 8.53 9.18 9.08 8.78 8.87 8.71 8.92 9.23 9.27 8.64 8.38 8.24 8.15 7.74 7.48 7.48 7.68 8.14 8.19 7.82 6.93 6.49 6.65 6.95 6.95 7.72 7.66 7.67 7.87 8.26 9.10 8.88 7.96 7.82 7.61 7.50 7.55 7.51 7.22
-9999 -9999 -9999 -9999 -9999 -9999 -9999 -9999 -9999 -9999 13.04 12.52 10.75 12.31 11.39 10.97 11.20 12.54 9.38 12.53 10.60 -9999 -9999 -9999 -9999 -9999 -9999 10.05 8.91 8.44 8.16 8.64 9.43 10.18 9.86 8.99 8.16 7.72 8.04 8.79 8.58 8.51 8.65 8.39 8.75 8.97 8.83 8.83 8.65 8.62 8.16 8.33 8.42 8.46 7.81 7.72 8.18 8.17 7.81 7.91 6.88 6.45 7.27 8.02 7.67 7.72 8.01 7.92 7.86 7.80 7.82 7.64 7.41 7.15 6.82 6.62 6.77 7.13 7.17
-9999 -9999 -9999 -9999 -9999 -9999 -9999 -9999 -9999 -9999 13.37 12.10 11.13 9.19 9.80 10.44 10.12 10.74 11.16 10.28 9.59 8.89 9.83 11.59 10.62 10.18 9.64 9.37 8.88 8.60 8.66 8.67 8.71 9.73 9.49 8.69 8.02 9.25 8.57 8.30 8.64 8.96 8.63 8.44 8.75 8.75 8.94 8.82 8.58 7.85 7.95 8.17 8.13 7.96 8.17 8.44 7.94 7.79 7.36 7.15 7.42 6.89 9.02 8.38 8.22 7.97 7.67 7.68 7.55 7.83 7.65 6.91 7.57 7.23 7.45 6.80 6.95 7.00 7.18
-9999 -9999 -9999 -9999 -9999 -9999 -9999 -9999 -9999 13.40 12.06 10.86 10.03 8.88 9.86 11.50 11.39 10.77 10.36 10.28 9.65 8.47 8.45 9.62 10.56 9.26 8.97 8.74 8.68 8.98 8.33 8.53 9.40 9.33 8.83 8.60 9.43 8.66 9.37 9.16 8.75 8.25 8.44 8.23 8.62 8.84 8.58 8.68 8.11 8.10 8.03 7.91 7.87 8.63 8.91 7.93 7.55 7.66 8.63 7.80 7.51 7.67 7.97 8.18 8.02 7.46 7.31 7.69 8.10 7.45 6.76 6.51 7.33 7.01 6.90 7.19 7.25 7.14 7.20
-9999 -9999 -9999 -9999 -9999 -9999 -9999 -9999 -9999 -9999 11.93 10.73 9.83 10.18 10.02 10.77 12.36 11.65 10.23 9.21 10.15 10.79 9.55 8.97 9.44 10.26 9.26 8.40 8.38 8.30 8.55 8.49 8.22 8.42 8.58 8.83 9.20 8.65 9.23 8.55 8.53 8.55 8.62 8.22 8.70 8.95 8.77 7.94 7.95 8.24 7.86 7.52 7.32 8.00 8.71 8.49 7.47 7.62 8.34 8.23 7.83 7.42 7.51 7.48 7.48 8.04 7.75 7.57 7.82 8.24 7.68 7.21 7.50 7.47 6.94 7.37 6.92 7.28 6.88
-9999 -9999 -9999 -9999 -9999 -9999 13.02 -9999 -9999 11.83 11.08 10.90 8.76 9.49 9.08 9.47 10.17 10.47 10.63 9.74 10.89 11.37 9.88 9.24 8.65 8.31 8.09 8.04 8.18 8.30 8.62 7.92 7.80 8.20 9.16 8.77 9.22 8.70 8.88 8.45 8.90 9.35 8.98 8.40 8.19 8.31 8.18 7.87 8.61 8.09 7.69 8.50 7.59 7.79 8.87 9.19 7.29 7.49 8.06 7.85 7.53 7.33 7.23 7.35 7.74 8.07 7.54 7.24 7.21 7.41 7.30 7.21 7.67 7.33 7.16 7.11 6.87 6.81 6.78
-9999 -9999 -9999 -9999 -9999 11.91 12.05 11.84 11.69 10.10 9.33 9.79 8.07 7.67 8.37 8.47 9.89 10.63 10.90 10.15 10.41 10.79 9.59 8.25 7.94 8.02 8.11 8.22 7.87 7.95 8.10 7.69 7.62 8.67 8.95 8.57 8.75 8.72 9.43 9.02 9.08 9.68 8.96 8.67 8.12 8.45 8.24 8.35 8.19 8.04 7.56 8.04 7.93 7.74 8.60 8.30 7.60 7.48 7.60 7.69 7.40 7.30 7.05 6.86 7.03 7.16 7.27 7.31 7.29 6.96 7.16 7.29 7.73 7.92 7.60 6.87 7.25 7.04 7.15
-9999 -9999 -9999 -9999 -9999 11.31 10.77 9.99 10.19 9.50 8.74 8.06 8.60 8.43 8.11 9.03 9.49 10.03 10.85 10.13 10.19 10.14 8.30 7.92 8.74 8.82 8.30 7.86 7.53 7.79 8.09 8.08 7.75 8.64 8.61 8.78 7.99 7.53 8.81 9.58 9.07 9.11 8.88 8.35 8.33 8.69 8.26 7.93 8.46 8.66 7.81 7.93 7.90 7.88 8.57 8.68 8.39 8.98 7.85 7.86 7.16 6.92 6.97 7.02 6.89 6.88 7.07 7.24 6.99 6.89 6.80 7.24 7.28 7.32 7.27 7.27 6.71 7.07 7.88
-9999 -9999 -9999 -9999 -9999 11.62 10.74 10.05 10.00 9.49 9.00 8.27 8.40 8.23 7.64 8.64 9.20 10.23 10.76 10.38 9.04 8.24 7.47 8.07 8.05 8.65 9.10 7.99 7.85 7.84 7.58 7.93 7.58 8.39 8.34 8.20 7.93 7.73 9.17 9.19 9.19 9.01 8.70 8.34 8.30 8.66 8.61 7.97 7.97 8.21 8.64 8.10 8.20 8.14 8.47 8.35 8.08 8.19 7.95 8.35 8.56 6.70 8.41 7.63 6.66 6.82 8.58 8.56 8.13 6.60 6.52 6.73 6.82 7.21 7.12 7.68 8.31 9.74 9.47
-9999 -9999 -9999 -9999 -9999 10.76 10.36 10.09 9.76 9.15 8.60 8.09 7.92 8.32 8.08 8.62 9.40 9.49 9.94 9.85 9.50 7.79 7.92 8.96 8.62 9.58 9.51 8.18 8.23 8.43 8.02 7.98 7.90 8.18 8.17 8.11 8.50 9.05 8.60 9.22 8.96 8.80 8.47 8.22 8.38 8.62 8.11 8.11 8.16 8.56 8.84 9.20 8.88 9.34 9.37 9.04 8.71 8.29 7.86 7.83 7.79 7.26 8.36 8.34 8.57 8.32 8.73 9.09 9.08 7.09 7.01 6.87 6.95 7.53 8.33 9.09 9.41 -9999 -9999
-9999 -9999 -9999 -9999 -9999 9.94 9.76 9.69 9.69 9.71 8.93 8.04 7.43 7.76 8.73 9.01 9.23 9.24 9.73 9.60 9.15 8.43 7.88 8.38 8.52 9.92 9.17 7.81 9.19 8.91 8.18 9.27 8.39 8.86 9.34 9.08 9.09 9.44 8.97 8.65 8.71 8.56 8.13 8.07 8.27 8.66 8.15 8.23 8.97 9.58 9.54 9.56 9.78 9.91 10.14 10.02 9.68 9.09 8.80 9.20 9.34 9.29 9.70 9.96 9.93 -9999 -9999 9.83 9.54 8.75 8.19 7.70 9.17 8.47 -9999 -9999 -9999 -9999 -9999
-9999 -9999 -9999 -9999 10.45 9.49 9.48 9.11 9.50 9.35 9.48 7.96 7.66 7.71 8.69 8.85 8.87 9.08 9.44 9.39 9.10 8.49 8.55 9.39 9.76 9.53 8.85 10.19 10.70 9.22 8.54 8.86 8.62 9.33 9.52 9.01 9.16 9.04 8.70 9.05 8.93 8.91 8.63 8.52 8.94 9.45 9.33 9.12 9.09 9.26 9.56 -9999 -9999 10.54 11.21 11.18 10.73 10.30 9.96 10.08 -9999 -9999 -9999 -9999 -9999 -9999 -9999 -9999 -9999 -9999 9.41 9.50 10.31 9.71 -9999 -9999 -9999 -9999 -9999
-9999 -9999 -9999 10.82 9.65 8.90 9.47 9.02 8.99 8.49 7.86 7.08 8.39 9.05 8.93 8.95 9.24 9.87 9.37 8.93 8.91 8.88 9.08 11.09 11.74 11.30 11.14 12.11 10.90 10.67 10.28 10.53 10.71 9.79 9.24 9.39 9.02 8.98 8.61 8.54 8.49 9.53 10.30 10.33 10.40 10.50 10.48 9.92 -9999 8.77 9.14 9.15 9.61 10.52 -9999 -9999 -9999 -9999 11.04 -9999 -9999 -9999 -9999 -9999 -9999 -9999 -9999 -9999 -9999 -9999 -9999 -9999 -9999 -9999 -9999 -9999 -9999 -9999 -9999
-9999 -9999 11.30 10.45 10.17 9.70 9.18 9.00 8.81 7.74 6.90 7.31 9.93 11.03 8.89 8.71 10.60 9.74 10.52 8.90 8.96 10.88 10.65 11.17 11.80 11.84 -9999 -9999 -9999 -9999 -9999 11.16 11.76 11.07 10.05 9.88 9.55 9.06 8.88 8.65 8.98 10.07 -9999 -9999 -9999 -9999 -9999 10.80 10.50 9.59 8.54 8.35 9.96 10.63 -9999 -9999 -9999 -9999 -9999 -9999 -9999 -9999 -9999 -9999 -9999 -9999 -9999 -9999 -9999 -9999 -9999 -9999 -9999 -9999 -9999 -9999 -9999 -9999 -9999
-9999 9.22 9.27 10.27 10.65 9.83 9.64 9.13 8.01 8.05 7.50 8.71 10.55 11.48 10.83 10.66 9.93 10.76 10.11 10.01 10.16 11.92 12.35 -9999 -9999 -9999 -9999 -9999 -9999 -9999 -9999 -9999 11.92 11.68 10.59 10.93 11.39 11.31 9.92 10.80 10.97 11.67 -9999 -9999 -9999 -9999 -9999 -9999 -9999 9.57 9.53 9.01 9.73 -9999 -9999 -9999 -9999 -9999 -9999 -9999 -9999 -9999 -9999 -9999 -9999 -9999 -9999 -9999 -9999 -9999 -9999 -9999 -9999 -9999 -9999 -9999 -9999 -9999 -9999
10.30 8.77 9.11 10.36 11.37 11.29 10.13 8.77 8.38 8.44 7.97 9.22 11.46 10.46 10.51 11.12 11.86 8.91 10.24 12.20 11.47 -9999 -9999 -9999 -9999 -9999 -9999 -9999 -9999 -9999 -9999 -9999 -9999 -9999 12.27 -9999 -9999 -9999 -9999 10.81 12.08 12.53 -9999 -9999 -9999 -9999 -9999 -9999 -9999 -9999 10.50 11.44 10.86 -9999 -9999 -9999 -9999 -9999 -9999 -9999 -9999 -9999 -9999 -9999 -9999 -9999 -9999 -9999 -9999 -9999 -9999 -9999 -9999 -9999 -9999 -9999 -9999 -9999 -9999
9.16 8.18 9.17 10.63 11.21 11.53 10.55 9.75 9.96 8.36 7.43 8.65 11.26 11.47 10.48 10.39 11.17 9.42 9.70 11.09 -9999 -9999 -9999 -9999 -9999 -9999 -9999 -9999 -9999 -9999 -9999 -9999 -9999 -9999 13.17 -9999 -9999 -9999 -9999 -9999 -9999 -9999 -9999 -9999 -9999 -9999 -9999 -9999 -9999 -9999 -9999 -9999 -9999 -9999 -9999 -9999 -9999 -9999 -9999 -9999 -9999 -9999 -9999 -9999 -9999 -9999 -9999 -9999 -9999 -9999 -9999 -9999 -9999 -9999 -9999 -9999 -9999 -9999 -9999
9.27 8.37 9.48 10.44 10.78 11.13 10.42 9.89 10.19 8.21 7.51 8.18 10.44 13.16 13.40 10.25 9.79 9.12 10.30 12.46 -9999 -9999 -9999 -9999 -9999 -9999 -9999 -9999 -9999 -9999 -9999 -9999 -9999 -9999 -9999 -9999 -9999 -9999 -9999 -9999 -9999 -9999 -9999 -9999 -9999 -9999 -9999 -9999 -9999 -9999 -9999 -9999 -9999 -9999 -9999 -9999 -9999 -9999 -9999 -9999 -9999 -9999 -9999 -9999 -9999 -9999 -9999 -9999 -9999 -9999 -9999 -9999 -9999 -9999 -9999 -9999 -9999 -9999 -9999
10.30 9.84 10.27 10.54 11.19 10.97 10.54 9.99 9.08 8.62 7.94 7.92 10.22 12.23 11.95 10.41 8.93 8.85 11.06 11.59 -9999 -9999 -9999 -9999 -9999 -9999 -9999 -9999 -9999 -9999 -9999 -9999 -9999 -9999 -9999 -9999 -9999 -9999 -9999 -9999 -9999 -9999 -9999 -9999 -9999 -9999 -9999 -9999 -9999 -9999 -9999 -9999 -9999 -9999 -9999 -9999 -9999 -9999 -9999 -9999 -9999 -9999 -9999 -9999 -9999 -9999 -9999 -9999 -9999 -9999 -9999 -9999 -9999 -9999 -9999 -9999 -9999 -9999 -9999
11.37 11.16 11.24 10.66 11.15 10.99 12.10 11.34 10.27 9.61 9.65 8.94 9.80 11.09 10.62 9.21 8.71 9.44 10.86 11.76 -9999 -9999 -9999 -9999 -9999 -9999 -9999 -9999 -9999 -9999 -9999 -9999 -9999 -9999 -9999 -9999 -9999 -9999 -9999 -9999 -9999 -9999 -9999 -9999 -9999 -9999 -9999 -9999 -9999 -9999 -9999 -9999 -9999 -9999 -9999 -9999 -9999 -9999 -9999 -9999 -9999 -9999 -9999 -9999 -9999 -9999 -9999 -9999 -9999 -9999 -9999 -9999 -9999 -9999 -9999 -9999 -9999 -9999 -9999
11.04 11.53 11.31 11.97 13.07 12.83 11.86 11.69 11.43 11.02 10.30 10.64 10.43 10.18 9.78 9.37 9.64 10.45 11.20 12.23 -9999 -9999 -9999 -9999 -9999 -9999 -9999 -9999 -9999 -9999 -9999 -9999 -9999 -9999 -9999 -9999 -9999 -9999 -9999 -9999 -9999 -9999 -9999 -9999 -9999 -9999 -9999 -9999 -9999 -9999 -9999 -9999 -9999 -9999 -9999 -9999 -9999 -9999 -9999 -9999 -9999 -9999 -9999 -9999 -9999 -9999 -9999 -9999 -9999 -9999 -9999 -9999 -9999 -9999 -9999 -9999 -9999 -9999 -9999
12.31 12.87 -9999 -9999 -9999 -9999 -9999 -9999 -9999 -9999 -9999 11.49 11.65 10.85 10.04 9.24 10.04 11.06 11.59 -9999 -9999 -9999 -9999 -9999 -9999 -9999 -9999 -9999 -9999 -9999 -9999 -9999 -9999 -9999 -9999 -9999 -9999 -9999 -9999 -9999 -9999 -9999 -9999 -9999 -9999 -9999 -9999 -9999 -9999 -9999 -9999 -9999 -9999 -9999 -9999 -9999 -9999 -9999 -9999 -9999 -9999 -9999 -9999 -9999 -9999 -9999 -9999 -9999 -9999 -9999 -9999 -9999 -9999 -9999 -9999 -9999 -9999 -9999 -9999
12.98 13.63 -9999 -9999 -9999 -9999 -9999 -9999 -9999 -9999 -9999 -9999 -9999 -9999 10.87 10.40 10.86 11.61 -9999 -9999 -9999 -9999 -9999 -9999 -9999 -9999 -9999 -9999 -9999 -9999 -9999 -9999 -9999 -9999 -9999 -9999 -9999 -9999 -9999 -9999 -9999 -9999 -9999 -9999 -9999 -9999 -9999 -9999 -9999 -9999 -9999 -9999 -9999 -9999 -9999 -9999 -9999 -9999 -9999 -9999 -9999 -9999 -9999 -9999 -9999 -9999 -9999 -9999 -9999 -9999 -9999 -9999 -9999 -9999 -9999 -9999 -9999 -9999 -9999
-9999 -9999 -9999 -9999 -9999 -9999 -9999 -9999 -9999 -9999 -9999 -9999 -9999 -9999 12.11 12.60 13.22 13.20 -9999 -9999 -9999 -9999 -9999 -9999 -9999 -9999 -9999 -9999 -9999 -9999 -9999 -9999 -9999 -9999 -9999 -9999 -9999 -9999 -9999 -9999 -9999 -9999 -9999 -9999 -9999 -9999 -9999 -9999 -9999 -9999 -9999 -9999 -9999 -9999 -9999 -9999 -9999 -9999 -9999 -9999 -9999 -9999 -9999 -9999 -9999 -9999 -9999 -9999 -9999 -9999 -9999 -9999 -9999 -9999 -9999 -9999 -9999 -9999 -9999
-9999 -9999 -9999 -9999 -9999 -9999 -9999 -9999 -9999 -9999 -9999 -9999 -9999 -9999 -9999 -9999 -9999 -9999 -9999 -9999 -9999 -9999 -9999 -9999 -9999 -9999 -9999 -9999 -9999 -9999 -9999 -9999 -9999 -9999 -9999 -9999 -9999 -9999 -9999 -9999 -9999 -9999 -9999 -9999 -9999 -9999 -9999 -9999 -9999 -9999 -9999 -9999 -9999 -9999 -9999 -9999 -9999 -9999 -9999 -9999 -9999 -9999 -9999 -9999 -9999 -9999 -9999 -9999 -9999 -9999 -9999 -9999 -9999 -9999 -9999 -9999 -9999 -9999 -9999
-9999 -9999 -9999 -9999 -9999 -9999 -9999 -9999 -9999 -9999 -9999 -9999 -9999 -9999 -9999 -9999 -9999 -9999 -9999 -9999 -9999 -9999 -9999 -9999 -9999 -9999 -9999 -9999 -9999 -9999 -9999 -9999 -9999 -9999 -9999 -9999 -9999 -9999 -9999 -9999 -9999 -9999 -9999 -9999 -9999 -9999 -9999 -9999 -9999 -9999 -9999 -9999 -9999 -9999 -9999 -9999 -9999 -9999 -9999 -9999 -9999 -9999 -9999 -9999 -9999 -9999 -9999 -9999 -9999 -9999 -9999 -9999 -9999 -9999 -9999 -9999 -9999 -9999 -9999
