ML/MeanWindSpeed_2000-08_Actual.txt
ncols         180
nrows         290
xllcorner     -200000
yllcorner     -200000
cellsize      5000
NODATA_value  -9999
[rows 210 to 244 of 290, columns 79 to 157 of 180]
10.22 9.21 10.26 9.84 -9999 -9999 -9999 -9999 -9999 -9999 -9999 6.48 6.55 7.19 6.48 6.54 6.63 7.64 8.92 10.42 9.89 8.66 7.61 7.33 6.68 8.65 8.78 6.39 5.64 8.12 8.18 8.76 6.65 6.12 6.04 5.82 6.50 6.96 6.90 7.10 6.87 6.54 6.22 5.80 5.31 4.95 4.58 4.92 4.79 5.17 5.72 6.26 6.63 6.40 6.34 6.07 5.08 4.42 5.43 6.11 6.28 6.19 5.71 5.57 6.04 6.32 6.00 5.57 5.40 6.04 5.36 5.57 6.21 5.89 5.97 6.07 5.67 5.55 5.85
10.08 -9999 -9999 -9999 -9999 -9999 -9999 -9999 -9999 9.07 8.23 8.04 8.78 8.27 7.35 6.69 6.99 7.09 8.63 9.63 9.22 6.77 6.64 8.93 8.10 8.06 6.83 6.10 5.97 7.68 7.65 7.46 6.46 6.25 6.25 5.46 7.39 7.64 6.96 7.12 6.89 6.69 6.41 5.93 5.88 5.21 5.04 4.64 4.80 5.16 5.79 6.22 6.68 6.33 7.06 7.42 5.43 5.36 4.47 5.91 6.05 5.84 6.40 6.18 6.24 6.57 6.02 5.50 5.48 5.40 5.75 6.11 5.72 6.12 6.04 5.68 5.61 6.45 6.09
-9999 -9999 -9999 -9999 -9999 -9999 -9999 -9999 -9999 9.83 9.54 8.33 9.10 9.33 -9999 -9999 7.04 8.95 6.19 7.30 7.07 7.14 7.70 8.73 7.06 6.71 6.91 6.71 7.13 7.32 7.24 6.83 6.53 6.91 6.03 6.19 7.49 6.91 6.79 6.78 6.89 7.09 6.76 6.12 5.80 5.18 5.09 5.45 5.90 5.94 6.64 6.25 6.23 6.88 8.32 6.73 5.97 5.27 4.52 5.90 6.01 6.03 6.07 6.05 5.94 5.89 6.67 5.77 5.54 5.39 5.39 5.52 5.42 5.28 6.22 5.85 6.17 6.85 6.81
-9999 -9999 -9999 -9999 -9999 -9999 -9999 -9999 -9999 -9999 -9999 -9999 -9999 -9999 -9999 -9999 7.91 7.40 7.31 6.64 6.04 6.11 6.51 7.28 7.14 7.21 7.46 7.77 8.06 7.84 -9999 6.78 6.55 6.39 6.06 6.32 7.40 7.00 7.17 6.92 6.50 6.38 6.74 6.06 5.92 6.44 6.43 6.22 6.82 7.51 6.89 6.87 6.87 7.08 7.76 6.58 6.08 5.71 5.27 5.41 5.65 6.12 6.27 6.01 5.78 5.81 5.77 5.53 5.39 5.25 5.23 5.28 5.42 5.50 5.74 5.80 6.13 6.50 -9999
-9999 -9999 -9999 -9999 -9999 -9999 -9999 -9999 -9999 -9999 -9999 -9999 -9999 -9999 -9999 -9999 -9999 7.89 7.16 6.47 6.59 7.13 6.64 6.77 7.08 7.73 -9999 -9999 -9999 -9999 7.33 6.53 6.42 6.13 6.04 6.48 7.55 7.14 7.42 7.00 6.28 6.67 6.35 7.05 6.60 7.61 6.70 6.78 6.57 6.92 6.94 6.64 7.23 6.18 6.49 6.51 5.43 5.39 5.15 5.22 5.43 5.56 5.69 5.79 5.44 5.33 5.21 5.13 4.99 5.72 5.84 5.14 5.14 5.22 5.41 5.69 6.31 7.19 7.16
-9999 -9999 -9999 -9999 -9999 -9999 -9999 -9999 -9999 -9999 -9999 -9999 -9999 -9999 -9999 -9999 -9999 -9999 7.69 8.24 7.47 7.09 7.89 7.86 8.10 -9999 -9999 -9999 -9999 7.84 7.55 7.37 5.64 5.51 5.71 7.28 7.77 7.60 7.32 6.63 6.51 6.30 7.13 7.85 7.07 7.02 6.56 6.59 6.43 5.91 6.35 6.46 6.25 6.17 6.11 5.87 5.37 5.32 5.60 5.86 6.10 5.53 5.57 5.52 5.24 5.36 5.13 5.18 4.77 5.22 5.14 5.09 5.59 5.07 5.70 5.85 6.13 5.90 6.31
-9999 -9999 -9999 -9999 -9999 -9999 -9999 -9999 -9999 -9999 -9999 -9999 -9999 -9999 -9999 -9999 -9999 -9999 -9999 8.10 8.02 7.72 8.73 8.28 8.84 -9999 -9999 -9999 7.47 6.28 5.80 6.82 6.68 6.25 5.64 6.64 6.38 7.55 7.13 6.15 6.89 7.38 7.26 6.91 7.23 6.61 6.27 6.03 5.68 5.64 5.64 5.81 6.17 5.99 5.64 5.51 5.45 5.43 5.85 5.74 5.93 5.77 5.43 5.36 5.00 4.72 4.59 4.78 4.71 4.84 4.81 5.37 5.52 5.76 5.74 5.19 6.15 5.24 5.80
-9999 -9999 -9999 -9999 -9999 -9999 -9999 -9999 -9999 -9999 -9999 -9999 -9999 -9999 -9999 -9999 -9999 -9999 -9999 -9999 -9999 -9999 -9999 -9999 -9999 -9999 -9999 8.92 6.84 5.83 5.50 6.41 5.50 6.11 6.70 6.77 6.91 7.14 6.16 5.85 6.06 6.61 6.43 6.57 6.54 6.60 6.41 6.30 7.24 6.21 6.23 5.81 6.09 6.07 5.55 5.49 5.21 5.45 5.90 5.55 5.33 5.27 5.15 4.97 5.14 4.74 5.01 4.80 5.43 5.73 5.43 4.74 6.34 6.83 5.91 5.10 6.69 5.99 5.64
-9999 -9999 -9999 -9999 -9999 -9999 -9999 -9999 -9999 -9999 -9999 -9999 -9999 -9999 -9999 -9999 -9999 -9999 -9999 -9999 -9999 -9999 -9999 -9999 -9999 -9999 -9999 7.51 6.96 6.13 9.18 7.89 5.66 6.02 6.57 7.00 7.35 6.31 5.97 5.79 5.76 6.49 6.28 6.07 7.03 6.88 7.63 6.81 6.93 7.63 6.55 6.12 5.92 5.50 5.36 5.20 5.15 5.43 5.45 5.55 5.26 4.96 4.73 4.50 4.83 5.98 5.55 5.97 6.23 6.80 5.82 5.07 5.83 6.04 5.27 4.84 5.22 6.11 6.42
-9999 -9999 -9999 -9999 -9999 -9999 -9999 -9999 -9999 -9999 -9999 -9999 -9999 -9999 -9999 -9999 -9999 -9999 -9999 -9999 -9999 -9999 -9999 -9999 -9999 -9999 -9999 7.29 5.94 5.21 6.62 8.80 7.99 7.27 6.63 7.50 6.48 6.17 5.87 6.94 7.02 7.41 7.06 6.35 6.29 6.32 6.69 7.05 7.06 6.47 6.31 6.15 6.00 5.50 5.26 5.27 5.33 5.69 5.55 5.37 4.92 4.87 5.27 5.61 5.20 5.84 5.63 5.56 5.60 6.07 7.11 6.84 5.43 5.29 5.56 5.69 5.58 5.65 5.59
-9999 -9999 -9999 -9999 -9999 -9999 -9999 -9999 -9999 -9999 10.05 10.10 8.45 10.90 9.83 9.07 8.68 9.79 5.22 8.94 6.37 -9999 -9999 -9999 -9999 -9999 -9999 6.95 6.19 5.88 5.24 5.94 7.28 8.20 7.76 6.89 6.29 6.21 6.70 7.52 7.11 6.68 6.78 6.58 6.10 6.47 6.31 6.16 6.01 6.20 5.77 6.10 6.30 6.60 5.83 5.57 5.96 5.88 5.38 5.74 5.06 4.80 5.59 6.12 5.26 4.90 5.12 5.07 4.96 4.88 5.10 5.02 4.65 4.55 4.58 4.61 4.57 4.86 4.92
-9999 -9999 -9999 -9999 -9999 -9999 -9999 -9999 -9999 -9999 11.49 10.89 10.47 8.45 9.16 9.57 8.39 8.42 8.58 6.84 6.00 5.35 6.53 8.61 7.47 7.01 6.57 6.49 6.12 5.84 5.54 5.23 5.61 7.27 7.29 6.67 6.13 7.96 6.96 6.36 6.77 7.11 6.70 6.76 6.83 6.60 6.68 6.47 6.29 5.47 5.59 5.88 5.90 5.80 6.12 6.35 5.56 5.34 4.95 4.84 5.48 4.90 7.20 6.03 5.65 5.16 4.83 4.90 4.80 5.34 5.33 4.50 5.44 5.13 5.51 4.71 4.83 4.76 4.79
-9999 -9999 -9999 -9999 -9999 -9999 -9999 -9999 -9999 10.40 9.62 9.12 8.55 7.39 8.28 9.34 8.33 7.29 7.24 7.34 6.62 5.74 5.85 7.07 8.17 6.54 6.23 5.98 6.04 6.56 5.70 5.62 6.51 6.47 6.29 6.53 8.02 6.93 7.67 7.22 6.76 6.25 6.61 6.46 6.87 6.93 6.61 6.84 6.02 6.01 5.80 5.59 5.44 6.23 6.57 5.35 5.05 5.23 6.55 5.51 5.24 5.34 5.27 5.40 5.47 5.11 4.96 5.36 5.99 5.38 4.69 4.60 5.66 5.33 5.28 5.55 5.46 5.22 5.26
-9999 -9999 -9999 -9999 -9999 -9999 -9999 -9999 -9999 -9999 9.03 8.05 7.39 8.10 7.43 7.19 8.28 7.03 5.76 5.20 6.85 8.23 7.18 6.11 6.52 7.82 6.63 5.63 5.69 5.69 6.14 6.20 5.72 5.70 5.98 6.60 7.36 6.57 7.43 6.69 6.68 6.65 6.86 6.49 7.00 7.12 6.98 6.07 5.96 6.20 5.51 4.95 4.70 5.30 5.99 5.90 4.99 5.29 6.04 5.90 5.40 4.88 4.83 4.69 4.90 5.91 5.67 5.47 5.86 6.49 5.93 5.47 5.77 5.73 5.18 5.77 5.14 5.65 5.06
-9999 -9999 -9999 -9999 -9999 -9999 10.20 -9999 -9999 9.47 8.74 9.02 6.74 7.67 6.56 5.89 5.49 5.43 5.87 5.08 6.53 7.60 6.33 5.58 4.84 5.02 5.19 5.22 5.40 5.67 6.20 5.60 5.53 5.86 7.00 6.31 6.96 6.33 6.76 6.43 7.11 7.64 7.20 6.58 6.27 6.26 6.14 5.92 6.68 5.87 5.22 6.13 4.96 4.89 5.98 6.67 4.63 4.91 5.25 5.14 4.94 4.83 4.75 5.00 5.44 5.72 5.11 4.79 4.84 5.30 5.36 5.29 5.66 5.20 5.13 5.11 4.79 4.84 4.80
-9999 -9999 -9999 -9999 -9999 9.66 10.42 10.45 10.23 8.54 7.98 8.94 7.11 6.26 6.65 5.92 6.28 6.22 6.56 5.74 5.80 6.34 5.60 4.72 4.28 4.50 5.10 5.53 5.14 5.25 5.51 5.32 5.44 6.55 6.67 6.17 6.64 6.89 7.72 7.20 7.33 8.13 7.26 7.07 6.23 6.45 6.21 6.39 5.84 5.44 4.82 5.33 5.17 4.59 5.28 5.07 4.67 4.56 4.43 4.88 4.96 4.96 4.68 4.47 4.58 4.55 4.66 4.76 4.75 4.46 4.87 5.15 5.68 5.92 5.62 4.82 5.35 5.26 5.21
-9999 -9999 -9999 -9999 -9999 9.38 9.47 8.88 9.14 8.47 7.82 7.01 8.02 7.80 7.10 7.73 7.24 6.69 7.33 6.57 6.54 6.50 4.92 5.32 6.49 6.16 5.56 5.19 4.88 5.30 5.73 5.95 5.68 6.51 6.18 6.64 6.08 5.74 6.98 7.91 7.27 7.35 7.21 6.81 6.69 6.93 6.33 5.80 6.00 5.80 4.64 4.66 4.57 4.50 5.21 5.67 5.80 6.73 5.05 5.10 4.63 4.52 4.61 4.67 4.51 4.42 4.59 4.95 4.73 4.59 4.47 5.05 5.18 5.31 5.41 5.53 4.81 5.07 5.59
-9999 -9999 -9999 -9999 -9999 9.56 8.86 8.52 8.68 8.21 8.07 7.19 7.44 7.41 6.54 7.27 7.18 7.40 7.53 7.19 5.54 4.76 4.43 5.81 5.83 6.25 6.78 5.47 5.35 5.53 5.23 5.85 5.49 6.16 5.98 6.16 6.08 5.83 7.18 7.07 7.25 7.23 7.13 7.02 6.94 7.14 6.96 5.93 5.40 5.15 5.30 4.23 4.29 4.17 4.75 5.22 5.51 6.03 5.65 6.13 6.61 4.41 6.62 5.68 4.57 4.77 6.85 6.78 6.41 4.54 4.45 4.56 4.52 5.00 4.82 5.54 6.13 7.55 6.75
-9999 -9999 -9999 -9999 -9999 8.30 8.20 8.17 7.97 7.47 7.29 6.92 6.57 7.19 6.79 6.81 7.18 6.60 6.69 6.63 6.49 4.63 5.01 6.26 5.64 6.58 6.76 5.71 5.95 6.34 5.74 5.84 5.91 6.02 6.06 6.21 6.76 7.47 6.47 7.18 7.21 7.25 7.16 7.13 7.19 7.25 6.55 6.24 5.60 5.27 4.99 4.98 4.40 4.95 5.06 5.50 5.52 5.31 5.03 4.97 5.11 4.72 5.92 5.82 6.26 5.98 6.37 6.75 7.11 4.91 4.97 4.79 4.76 5.01 5.54 6.21 6.33 -9999 -9999
-9999 -9999 -9999 -9999 -9999 7.50 7.64 7.79 8.01 8.19 7.51 6.94 6.22 6.46 7.45 7.14 6.78 6.29 6.62 6.58 6.39 5.87 4.91 4.95 4.71 6.42 5.83 4.76 6.81 6.77 6.10 7.65 6.70 7.15 7.70 7.38 7.24 7.70 7.10 6.80 7.25 7.24 6.92 7.07 7.14 7.31 6.62 6.39 6.24 5.90 5.18 4.76 4.65 4.56 4.96 6.36 6.18 5.69 5.41 5.49 5.70 5.82 6.08 6.23 6.36 -9999 -9999 6.19 6.47 6.24 5.92 5.41 7.16 5.83 -9999 -9999 -9999 -9999 -9999
-9999 -9999 -9999 -9999 8.59 7.64 7.76 7.38 8.06 8.12 8.59 7.18 6.99 6.65 7.34 7.04 6.54 6.32 6.48 6.45 6.32 6.10 5.86 5.89 6.12 6.09 5.15 6.95 7.59 6.11 5.83 6.49 6.40 7.21 7.32 6.71 6.71 6.69 6.78 7.48 7.47 7.58 7.32 7.26 7.49 7.88 7.47 6.81 6.17 5.48 5.09 -9999 -9999 5.02 5.57 6.94 6.98 6.65 6.31 6.31 -9999 -9999 -9999 -9999 -9999 -9999 -9999 -9999 -9999 -9999 6.26 6.61 7.67 6.66 -9999 -9999 -9999 -9999 -9999
-9999 -9999 -9999 9.19 8.20 7.39 7.94 7.33 7.38 7.23 7.18 6.61 8.18 8.53 7.79 7.38 7.36 7.70 6.90 6.40 6.37 6.60 6.54 7.97 8.21 7.70 7.34 8.38 6.77 6.87 6.92 7.50 8.04 7.02 6.27 6.65 6.18 6.41 6.49 6.79 6.92 7.95 8.64 8.59 8.32 8.19 8.13 7.23 -9999 5.22 5.16 4.70 4.86 5.24 -9999 -9999 -9999 -9999 7.03 -9999 -9999 -9999 -9999 -9999 -9999 -9999 -9999 -9999 -9999 -9999 -9999 -9999 -9999 -9999 -9999 -9999 -9999 -9999 -9999
-9999 -9999 9.91 9.24 8.92 8.12 7.28 7.21 7.12 6.38 6.22 6.99 9.88 10.72 7.67 7.08 9.05 7.41 8.36 6.60 6.49 8.37 7.51 7.20 7.21 7.33 -9999 -9999 -9999 -9999 -9999 7.47 8.48 8.18 7.10 6.93 6.63 6.33 6.52 6.61 7.16 8.02 -9999 -9999 -9999 -9999 -9999 7.82 7.40 6.23 5.18 4.76 5.79 5.62 -9999 -9999 -9999 -9999 -9999 -9999 -9999 -9999 -9999 -9999 -9999 -9999 -9999 -9999 -9999 -9999 -9999 -9999 -9999 -9999 -9999 -9999 -9999 -9999 -9999
-9999 7.25 7.86 8.93 8.96 8.02 7.91 7.66 6.53 7.11 7.18 8.52 9.86 10.58 9.70 9.07 7.93 8.77 7.60 7.55 7.24 8.48 8.23 -9999 -9999 -9999 -9999 -9999 -9999 -9999 -9999 -9999 7.64 7.92 7.11 7.85 8.39 8.62 7.33 8.81 8.85 9.32 -9999 -9999 -9999 -9999 -9999 -9999 -9999 6.21 6.18 5.07 5.46 -9999 -9999 -9999 -9999 -9999 -9999 -9999 -9999 -9999 -9999 -9999 -9999 -9999 -9999 -9999 -9999 -9999 -9999 -9999 -9999 -9999 -9999 -9999 -9999 -9999 -9999
8.39 7.13 7.41 8.38 9.34 9.47 8.40 7.26 7.28 7.89 7.88 8.53 10.00 8.66 8.88 9.08 9.79 6.16 7.69 9.68 8.07 -9999 -9999 -9999 -9999 -9999 -9999 -9999 -9999 -9999 -9999 -9999 -9999 -9999 8.14 -9999 -9999 -9999 -9999 7.84 9.57 9.92 -9999 -9999 -9999 -9999 -9999 -9999 -9999 -9999 6.19 7.25 6.11 -9999 -9999 -9999 -9999 -9999 -9999 -9999 -9999 -9999 -9999 -9999 -9999 -9999 -9999 -9999 -9999 -9999 -9999 -9999 -9999 -9999 -9999 -9999 -9999 -9999 -9999
7.69 6.50 7.30 8.52 8.86 9.42 8.74 8.26 9.08 7.37 6.70 7.76 9.59 9.38 8.18 7.61 8.75 6.92 6.65 7.55 -9999 -9999 -9999 -9999 -9999 -9999 -9999 -9999 -9999 -9999 -9999 -9999 -9999 -9999 8.81 -9999 -9999 -9999 -9999 -9999 -9999 -9999 -9999 -9999 -9999 -9999 -9999 -9999 -9999 -9999 -9999 -9999 -9999 -9999 -9999 -9999 -9999 -9999 -9999 -9999 -9999 -9999 -9999 -9999 -9999 -9999 -9999 -9999 -9999 -9999 -9999 -9999 -9999 -9999 -9999 -9999 -9999 -9999 -9999
7.99 6.56 7.50 7.95 7.97 8.50 8.34 8.46 9.43 7.24 6.92 7.63 9.09 11.72 11.80 7.42 7.49 7.17 7.54 9.02 -9999 -9999 -9999 -9999 -9999 -9999 -9999 -9999 -9999 -9999 -9999 -9999 -9999 -9999 -9999 -9999 -9999 -9999 -9999 -9999 -9999 -9999 -9999 -9999 -9999 -9999 -9999 -9999 -9999 -9999 -9999 -9999 -9999 -9999 -9999 -9999 -9999 -9999 -9999 -9999 -9999 -9999 -9999 -9999 -9999 -9999 -9999 -9999 -9999 -9999 -9999 -9999 -9999 -9999 -9999 -9999 -9999 -9999 -9999
9.10 8.24 8.28 7.99 8.46 8.08 8.11 8.33 7.77 7.97 7.51 7.37 9.24 10.69 10.30 8.71 7.00 6.98 8.91 8.21 -9999 -9999 -9999 -9999 -9999 -9999 -9999 -9999 -9999 -9999 -9999 -9999 -9999 -9999 -9999 -9999 -9999 -9999 -9999 -9999 -9999 -9999 -9999 -9999 -9999 -9999 -9999 -9999 -9999 -9999 -9999 -9999 -9999 -9999 -9999 -9999 -9999 -9999 -9999 -9999 -9999 -9999 -9999 -9999 -9999 -9999 -9999 -9999 -9999 -9999 -9999 -9999 -9999 -9999 -9999 -9999 -9999 -9999 -9999
9.92 9.31 9.09 8.03 8.47 8.20 9.92 9.62 8.72 8.49 8.95 7.91 8.31 8.93 8.63 7.89 7.50 7.88 8.43 8.50 -9999 -9999 -9999 -9999 -9999 -9999 -9999 -9999 -9999 -9999 -9999 -9999 -9999 -9999 -9999 -9999 -9999 -9999 -9999 -9999 -9999 -9999 -9999 -9999 -9999 -9999 -9999 -9999 -9999 -9999 -9999 -9999 -9999 -9999 -9999 -9999 -9999 -9999 -9999 -9999 -9999 -9999 -9999 -9999 -9999 -9999 -9999 -9999 -9999 -9999 -9999 -9999 -9999 -9999 -9999 -9999 -9999 -9999 -9999
8.62 8.76 8.22 8.93 10.12 9.97 9.13 9.47 9.64 9.68 8.98 9.38 8.82 8.07 7.95 8.44 8.88 9.01 8.52 8.99 -9999 -9999 -9999 -9999 -9999 -9999 -9999 -9999 -9999 -9999 -9999 -9999 -9999 -9999 -9999 -9999 -9999 -9999 -9999 -9999 -9999 -9999 -9999 -9999 -9999 -9999 -9999 -9999 -9999 -9999 -9999 -9999 -9999 -9999 -9999 -9999 -9999 -9999 -9999 -9999 -9999 -9999 -9999 -9999 -9999 -9999 -9999 -9999 -9999 -9999 -9999 -9999 -9999 -9999 -9999 -9999 -9999 -9999 -9999
9.01 9.23 -9999 -9999 -9999 -9999 -9999 -9999 -9999 -9999 -9999 9.90 10.32 9.34 8.63 8.07 8.70 9.04 8.70 -9999 -9999 -9999 -9999 -9999 -9999 -9999 -9999 -9999 -9999 -9999 -9999 -9999 -9999 -9999 -9999 -9999 -9999 -9999 -9999 -9999 -9999 -9999 -9999 -9999 -9999 -9999 -9999 -9999 -9999 -9999 -9999 -9999 -9999 -9999 -9999 -9999 -9999 -9999 -9999 -9999 -9999 -9999 -9999 -9999 -9999 -9999 -9999 -9999 -9999 -9999 -9999 -9999 -9999 -9999 -9999 -9999 -9999 -9999 -9999
9.36 9.75 -9999 -9999 -9999 -9999 -9999 -9999 -9999 -9999 -9999 -9999 -9999 -9999 9.07 8.55 8.59 8.73 -9999 -9999 -9999 -9999 -9999 -9999 -9999 -9999 -9999 -9999 -9999 -9999 -9999 -9999 -9999 -9999 -9999 -9999 -9999 -9999 -9999 -9999 -9999 -9999 -9999 -9999 -9999 -9999 -9999 -9999 -9999 -9999 -9999 -9999 -9999 -9999 -9999 -9999 -9999 -9999 -9999 -9999 -9999 -9999 -9999 -9999 -9999 -9999 -9999 -9999 -9999 -9999 -9999 -9999 -9999 -9999 -9999 -9999 -9999 -9999 -9999
-9999 -9999 -9999 -9999 -9999 -9999 -9999 -9999 -9999 -9999 -9999 -9999 -9999 -9999 9.74 10.51 10.80 10.20 -9999 -9999 -9999 -9999 -9999 -9999 -9999 -9999 -9999 -9999 -9999 -9999 -9999 -9999 -9999 -9999 -9999 -9999 -9999 -9999 -9999 -9999 -9999 -9999 -9999 -9999 -9999 -9999 -9999 -9999 -9999 -9999 -9999 -9999 -9999 -9999 -9999 -9999 -9999 -9999 -9999 -9999 -9999 -9999 -9999 -9999 -9999 -9999 -9999 -9999 -9999 -9999 -9999 -9999 -9999 -9999 -9999 -9999 -9999 -9999 -9999
-9999 -9999 -9999 -9999 -9999 -9999 -9999 -9999 -9999 -9999 -9999 -9999 -9999 -9999 -9999 -9999 -9999 -9999 -9999 -9999 -9999 -9999 -9999 -9999 -9999 -9999 -9999 -9999 -9999 -9999 -9999 -9999 -9999 -9999 -9999 -9999 -9999 -9999 -9999 -9999 -9999 -9999 -9999 -9999 -9999 -9999 -9999 -9999 -9999 -9999 -9999 -9999 -9999 -9999 -9999 -9999 -9999 -9999 -9999 -9999 -9999 -9999 -9999 -9999 -9999 -9999 -9999 -9999 -9999 -9999 -9999 -9999 -9999 -9999 -9999 -9999 -9999 -9999 -9999
-9999 -9999 -9999 -9999 -9999 -9999 -9999 -9999 -9999 -9999 -9999 -9999 -9999 -9999 -9999 -9999 -9999 -9999 -9999 -9999 -9999 -9999 -9999 -9999 -9999 -9999 -9999 -9999 -9999 -9999 -9999 -9999 -9999 -9999 -9999 -9999 -9999 -9999 -9999 -9999 -9999 -9999 -9999 -9999 -9999 -9999 -9999 -9999 -9999 -9999 -9999 -9999 -9999 -9999 -9999 -9999 -9999 -9999 -9999 -9999 -9999 -9999 -9999 -9999 -9999 -9999 -9999 -9999 -9999 -9999 -9999 -9999 -9999 -9999 -9999 -9999 -9999 -9999 -9999
