ML/MeanWindSpeed_1995-04_Actual.txt
ncols         180
nrows         290
xllcorner     -200000
yllcorner     -200000
cellsize      5000
NODATA_value  -9999
[rows 210 to 244 of 290, columns 78 to 155 of 180]
11.01 11.42 9.59 11.77 11.27 -9999 -9999 -9999 -9999 -9999 -9999 -9999 6.10 6.26 7.60 6.39 6.65 7.30 10.03 12.70 15.86 15.09 12.56 10.49 10.08 8.84 12.47 12.30 7.39 5.91 10.64 10.73 11.85 7.85 7.03 6.86 6.43 8.03 8.95 8.59 8.84 8.41 7.97 7.65 7.32 7.00 6.96 6.79 7.56 6.91 6.93 6.91 6.87 6.93 6.55 7.34 8.84 8.62 7.63 9.21 8.39 7.15 6.75 5.88 5.84 6.85 7.60 7.20 6.37 6.13 7.53 6.37 6.84 8.08 7.40 7.43 7.35 6.36
-9999 11.18 -9999 -9999 -9999 -9999 -9999 -9999 -9999 -9999 10.55 9.02 8.70 10.22 9.49 7.93 6.80 7.54 8.27 11.51 13.50 12.90 8.16 7.92 12.45 10.94 10.82 8.29 6.73 6.44 9.72 9.73 9.39 7.56 7.21 7.13 5.80 9.68 9.98 8.42 8.50 7.98 7.85 7.65 7.29 7.80 7.21 7.40 6.73 6.68 6.75 6.93 6.76 6.99 6.27 8.04 9.99 8.37 8.88 6.64 7.71 6.80 6.15 7.29 6.94 7.06 7.80 6.93 6.01 6.06 6.10 6.88 7.63 6.93 7.66 7.39 6.40 6.01
-9999 -9999 -9999 -9999 -9999 -9999 -9999 -9999 -9999 -9999 11.91 11.38 9.21 10.84 11.50 -9999 -9999 7.60 11.55 6.61 8.86 8.42 8.55 9.55 11.55 8.41 7.95 8.37 8.00 8.80 9.26 9.16 8.35 7.73 8.38 6.68 7.25 9.87 8.48 7.90 7.54 7.68 8.36 8.17 7.55 7.49 6.82 6.91 7.55 8.09 7.67 8.28 6.82 6.21 7.25 10.14 8.04 8.17 7.49 5.62 7.21 6.62 6.49 6.71 6.66 6.35 6.32 7.94 6.43 6.20 6.17 6.27 6.49 6.30 6.01 7.64 6.72 7.14
-9999 -9999 -9999 -9999 -9999 -9999 -9999 -9999 -9999 -9999 -9999 -9999 -9999 -9999 -9999 -9999 -9999 9.26 8.48 8.56 7.65 6.46 6.42 7.09 8.59 8.48 8.91 9.54 10.17 10.75 10.42 -9999 8.43 7.73 7.25 6.62 7.44 9.53 8.45 8.37 7.62 6.85 6.93 8.08 7.25 7.35 8.65 8.76 8.38 9.27 10.21 8.53 7.99 7.53 7.72 9.19 7.69 7.60 7.30 6.27 5.94 5.76 6.33 6.88 6.39 5.87 6.12 6.29 6.14 6.06 6.04 6.10 6.18 6.47 6.65 7.04 6.89 7.21
-9999 -9999 -9999 -9999 -9999 -9999 -9999 -9999 -9999 -9999 -9999 -9999 -9999 -9999 -9999 -9999 -9999 -9999 9.43 8.15 7.09 7.35 8.00 6.69 7.10 8.34 10.14 -9999 -9999 -9999 -9999 9.66 8.30 7.69 6.80 6.51 7.46 9.46 8.46 8.60 7.67 6.51 7.60 7.38 9.05 8.45 10.54 8.89 9.04 8.55 8.94 8.64 7.74 8.55 6.52 7.28 7.70 6.09 6.26 5.70 5.35 5.13 4.82 4.84 5.27 5.02 5.20 5.32 5.51 5.49 7.07 7.46 6.19 6.33 6.62 6.83 7.08 8.00
-9999 -9999 -9999 -9999 -9999 -9999 -9999 -9999 -9999 -9999 -9999 -9999 -9999 -9999 -9999 -9999 -9999 -9999 -9999 9.17 10.40 9.14 7.84 8.04 8.54 10.55 -9999 -9999 -9999 -9999 10.52 10.19 9.88 6.31 5.87 6.04 8.88 9.74 9.13 8.21 6.82 6.81 6.79 8.69 10.41 9.25 9.38 8.65 8.87 8.56 7.32 7.79 7.72 7.15 6.99 6.94 6.63 5.88 5.90 6.39 6.49 6.31 4.79 4.73 4.87 4.78 5.62 5.62 6.00 5.51 6.50 6.47 6.41 7.63 6.69 7.46 7.59 8.35
-9999 -9999 -9999 -9999 -9999 -9999 -9999 -9999 -9999 -9999 -9999 -9999 -9999 -9999 -9999 -9999 -9999 -9999 -9999 -9999 10.23 10.39 9.27 9.15 9.14 12.54 -9999 -9999 -9999 10.05 7.86 7.31 9.25 8.52 7.48 6.09 7.84 7.06 8.93 7.94 6.06 7.54 8.89 9.02 8.65 9.65 8.73 8.24 7.95 7.21 7.00 6.81 6.97 7.47 6.95 6.22 6.06 6.02 6.01 6.81 6.37 6.20 5.56 4.87 5.01 4.88 5.09 5.12 5.61 5.69 6.06 5.95 6.99 7.51 7.93 7.55 6.34 8.41
-9999 -9999 -9999 -9999 -9999 -9999 -9999 -9999 -9999 -9999 -9999 -9999 -9999 -9999 -9999 -9999 -9999 -9999 -9999 -9999 -9999 -9999 -9999 -9999 -9999 -9999 -9999 -9999 12.87 8.72 6.77 6.60 8.89 6.82 7.48 8.23 8.14 8.10 8.24 6.44 6.08 6.53 7.83 7.85 8.27 8.44 8.68 8.31 8.07 9.74 7.81 7.85 7.08 7.56 7.39 6.28 6.17 5.63 6.15 7.01 6.25 5.50 5.28 5.25 5.10 5.70 5.31 5.78 5.43 6.70 7.37 6.92 5.74 8.83 9.69 7.83 6.26 9.38
-9999 -9999 -9999 -9999 -9999 -9999 -9999 -9999 -9999 -9999 -9999 -9999 -9999 -9999 -9999 -9999 -9999 -9999 -9999 -9999 -9999 -9999 -9999 -9999 -9999 -9999 -9999 -9999 10.00 8.70 6.98 12.83 10.80 6.81 7.54 8.27 8.64 8.92 6.94 6.44 6.30 6.23 7.67 7.51 7.43 9.46 9.16 10.31 8.55 8.78 10.14 8.19 7.59 7.39 6.67 6.32 5.95 5.74 6.22 6.21 6.36 5.69 5.18 5.19 5.05 5.51 7.42 6.42 7.26 7.76 8.98 7.36 6.07 7.60 8.00 6.41 5.61 6.39
-9999 -9999 -9999 -9999 -9999 -9999 -9999 -9999 -9999 -9999 -9999 -9999 -9999 -9999 -9999 -9999 -9999 -9999 -9999 -9999 -9999 -9999 -9999 -9999 -9999 -9999 -9999 -9999 9.36 6.62 5.05 7.60 11.73 10.41 9.46 8.26 9.56 7.42 6.90 6.25 8.22 8.36 9.23 8.73 8.05 8.40 8.16 8.42 8.85 8.82 7.77 7.61 7.60 7.53 6.79 6.36 6.18 6.07 6.59 6.32 5.99 5.18 5.25 6.39 7.52 6.80 7.79 6.93 6.57 6.76 7.86 9.97 9.57 7.10 6.89 7.19 7.29 7.05
-9999 -9999 -9999 -9999 -9999 -9999 -9999 -9999 -9999 -9999 -9999 9.70 10.23 7.81 13.75 13.40 13.82 14.38 16.94 8.23 14.86 9.49 -9999 -9999 -9999 -9999 -9999 -9999 8.49 6.99 6.30 5.01 6.23 8.74 10.62 9.91 8.35 7.26 7.10 7.94 9.38 8.45 7.63 7.67 7.18 7.83 8.07 7.47 7.00 6.79 7.31 6.63 7.44 8.01 8.86 7.50 6.74 7.17 7.02 6.32 6.93 5.49 5.14 7.03 8.52 7.36 7.04 7.43 7.02 6.47 6.17 6.45 6.33 5.84 5.67 5.49 5.46 5.39
-9999 -9999 -9999 -9999 -9999 -9999 -9999 -9999 -9999 -9999 -9999 11.71 10.81 10.55 8.16 11.34 14.13 13.71 14.67 15.07 11.60 9.71 7.84 9.00 12.23 10.13 9.20 7.91 7.37 6.61 6.12 5.55 4.91 5.47 8.66 8.84 7.72 6.72 10.09 8.30 7.13 7.71 8.23 7.18 6.89 7.28 7.35 7.67 7.28 7.22 5.98 6.29 7.04 7.25 7.36 8.23 8.50 6.57 6.18 5.75 5.40 6.32 5.40 10.22 8.53 8.33 7.88 7.39 7.45 6.85 7.54 7.34 5.66 7.41 6.74 7.33 5.72 5.88
-9999 -9999 -9999 -9999 -9999 -9999 -9999 -9999 -9999 -9999 9.71 8.30 7.56 6.68 5.70 9.22 13.39 13.36 12.43 12.48 12.43 10.75 8.51 7.62 9.04 10.74 7.66 6.93 6.24 6.32 7.33 5.63 5.47 7.04 7.19 6.92 7.17 9.88 7.78 9.43 8.65 7.64 6.53 7.02 6.47 7.20 7.59 7.17 7.74 6.54 6.92 6.69 6.68 6.71 8.43 9.36 6.87 5.83 6.08 8.70 6.71 6.02 6.38 6.65 7.41 7.92 7.58 7.44 8.05 8.91 7.53 6.09 5.83 7.73 6.96 6.69 7.09 6.82
-9999 -9999 -9999 -9999 -9999 -9999 -9999 -9999 -9999 -9999 -9999 7.39 5.80 4.95 7.31 7.54 9.21 13.23 11.91 9.65 8.22 11.01 12.98 9.89 7.09 7.52 9.89 7.53 5.51 5.54 5.46 6.25 6.31 5.38 5.68 6.28 7.11 8.40 7.01 8.99 7.74 7.60 7.34 7.50 6.61 7.51 7.92 7.71 6.09 6.21 7.06 6.10 5.62 5.52 6.95 8.52 8.17 5.98 6.37 7.76 7.47 6.54 5.67 5.81 5.89 6.53 8.66 8.35 7.93 8.37 9.24 7.99 7.20 7.90 7.81 6.62 7.54 6.24
-9999 -9999 -9999 -9999 -9999 -9999 -9999 11.38 -9999 -9999 8.84 7.18 7.98 4.71 7.19 5.83 6.32 7.56 8.62 9.78 7.88 10.08 11.39 8.06 6.34 4.93 5.27 5.25 4.79 4.98 5.43 6.44 5.28 5.02 5.82 8.00 6.48 7.50 6.33 7.54 7.10 8.13 9.03 8.01 6.66 6.18 6.41 6.13 5.78 7.59 6.52 5.68 7.94 6.15 6.38 8.75 10.00 5.91 6.33 6.84 6.57 5.98 5.62 5.68 6.39 7.30 8.00 7.03 6.47 6.30 6.76 6.71 6.67 7.47 6.66 6.52 6.37 5.69
-9999 -9999 -9999 -9999 -9999 -9999 10.16 11.77 11.63 10.91 7.56 6.54 8.79 6.11 4.84 5.71 5.39 7.89 9.14 10.29 8.35 7.74 7.95 6.11 4.56 3.96 4.48 5.36 5.65 4.77 4.85 5.12 4.72 4.77 6.91 7.16 6.08 6.86 7.30 8.97 8.05 8.09 9.58 7.90 7.44 6.03 6.85 6.41 6.76 6.10 5.89 5.26 6.75 6.84 6.01 7.42 6.95 6.10 5.91 5.67 6.56 6.40 6.14 5.82 5.65 5.75 5.81 6.32 6.58 6.17 5.13 5.67 6.18 7.20 7.65 7.10 5.65 6.70
-9999 -9999 -9999 -9999 -9999 -9999 9.53 9.92 8.76 9.17 7.86 6.82 5.56 7.75 7.62 6.42 8.18 8.55 8.70 10.50 8.97 8.34 7.45 4.22 5.37 7.67 7.03 5.88 5.04 4.40 5.14 5.75 6.11 5.40 7.00 6.34 7.05 6.04 5.31 7.34 8.99 7.66 7.72 7.40 6.64 6.68 7.48 6.48 5.74 6.63 6.91 5.36 5.98 6.16 6.12 7.30 7.84 7.90 9.65 6.48 6.56 5.56 5.24 5.59 5.90 5.48 5.35 5.84 6.60 6.03 5.39 5.03 6.02 6.16 6.32 6.49 6.76 5.39
-9999 -9999 -9999 -9999 -9999 -9999 10.04 8.91 8.29 8.68 7.90 7.69 6.12 6.71 6.85 5.41 7.24 7.91 9.18 9.90 9.30 5.81 3.61 2.70 5.61 5.87 6.71 7.65 5.30 5.15 5.48 4.88 6.07 5.26 6.53 6.08 6.18 5.99 5.35 7.52 7.08 7.24 7.10 6.80 6.58 6.73 7.51 7.41 5.97 5.68 6.02 7.03 5.66 6.08 5.86 6.50 6.74 6.98 7.96 7.31 8.23 9.08 4.84 9.05 7.28 5.15 5.49 9.47 9.42 8.77 5.07 4.96 5.28 5.16 5.76 5.34 6.71 7.84
-9999 -9999 -9999 -9999 -9999 -9999 8.25 8.07 7.93 7.65 6.97 6.79 6.16 5.62 6.94 6.31 6.77 8.10 7.73 8.33 8.20 7.58 3.34 3.57 6.28 5.43 7.11 7.39 5.68 6.08 6.57 5.22 5.63 5.81 5.82 5.75 5.86 6.72 7.97 5.91 7.07 6.94 6.92 6.62 6.50 6.82 7.36 6.41 6.44 6.08 6.49 6.92 7.59 6.84 7.97 7.44 7.00 6.80 6.51 6.08 6.05 6.29 5.48 7.71 7.51 8.28 7.73 8.45 9.14 9.73 5.49 5.61 5.46 5.57 5.81 6.75 8.04 8.29
-9999 -9999 -9999 -9999 -9999 -9999 7.24 7.25 7.35 7.81 8.35 7.28 6.68 6.14 6.82 8.40 8.03 7.96 7.70 8.81 8.66 8.12 6.67 3.84 3.88 3.68 6.70 5.58 3.64 7.20 6.90 5.39 8.54 6.89 7.56 8.31 7.55 7.18 8.02 6.75 6.04 6.70 6.66 6.03 6.25 6.45 7.09 6.19 6.50 7.32 7.94 7.67 7.64 7.84 7.82 8.08 8.40 7.95 7.17 6.82 7.14 7.54 7.71 8.17 8.41 8.59 -9999 -9999 8.13 8.55 8.01 7.35 6.40 9.79 7.26 -9999 -9999 -9999
-9999 -9999 -9999 -9999 -9999 10.25 7.95 7.73 6.67 7.81 8.10 9.30 7.70 8.73 8.32 8.99 8.46 8.25 8.36 8.95 8.89 8.54 8.30 6.84 5.87 6.12 5.91 4.08 7.41 8.36 5.29 4.48 5.74 5.75 7.29 7.30 6.06 5.98 5.96 5.96 7.14 6.96 7.12 6.62 6.53 7.04 8.02 7.69 7.30 7.36 7.58 7.89 -9999 -9999 8.78 9.59 10.03 9.58 9.07 8.58 8.70 -9999 -9999 -9999 -9999 -9999 -9999 -9999 -9999 -9999 -9999 8.06 8.72 10.73 8.84 -9999 -9999 -9999
-9999 -9999 -9999 -9999 11.67 9.93 7.95 8.43 6.84 6.73 6.71 6.92 6.77 11.16 12.20 10.57 9.91 10.13 11.00 9.95 9.15 8.63 9.18 8.55 10.34 10.22 9.03 8.22 10.06 6.74 6.56 6.24 7.12 8.12 6.19 4.81 5.60 4.87 5.40 5.47 6.06 6.24 8.00 9.12 9.06 8.67 8.68 9.00 8.11 -9999 6.92 7.88 7.70 8.22 8.87 -9999 -9999 -9999 -9999 10.09 -9999 -9999 -9999 -9999 -9999 -9999 -9999 -9999 -9999 -9999 -9999 -9999 -9999 -9999 -9999 -9999 -9999 -9999
-9999 -9999 -9999 12.25 11.79 11.56 9.82 7.56 6.81 6.34 5.06 4.93 7.27 14.08 15.97 10.24 9.63 13.21 9.94 12.35 9.40 8.76 12.24 10.34 9.27 8.78 8.62 -9999 -9999 -9999 -9999 -9999 6.79 8.55 7.98 5.93 5.65 5.23 4.82 5.28 5.64 6.73 8.21 -9999 -9999 -9999 -9999 -9999 9.28 9.45 8.31 7.39 7.41 9.57 9.12 -9999 -9999 -9999 -9999 -9999 -9999 -9999 -9999 -9999 -9999 -9999 -9999 -9999 -9999 -9999 -9999 -9999 -9999 -9999 -9999 -9999 -9999 -9999
-9999 -9999 6.56 8.37 11.14 11.60 9.82 9.01 7.75 5.28 6.01 6.16 9.58 13.43 15.46 13.72 12.52 10.54 12.13 10.43 10.70 9.89 12.25 11.61 -9999 -9999 -9999 -9999 -9999 -9999 -9999 -9999 -9999 6.85 7.34 5.86 7.33 8.38 8.92 6.57 9.52 9.65 10.58 -9999 -9999 -9999 -9999 -9999 -9999 -9999 8.01 8.73 7.23 8.22 -9999 -9999 -9999 -9999 -9999 -9999 -9999 -9999 -9999 -9999 -9999 -9999 -9999 -9999 -9999 -9999 -9999 -9999 -9999 -9999 -9999 -9999 -9999 -9999
8.33 8.61 6.61 7.61 9.89 11.92 12.06 9.64 6.81 6.40 7.11 7.08 9.07 13.24 11.80 12.08 11.77 13.18 6.83 10.32 14.27 11.08 -9999 -9999 -9999 -9999 -9999 -9999 -9999 -9999 -9999 -9999 -9999 -9999 -9999 7.80 -9999 -9999 -9999 -9999 7.69 11.06 11.82 -9999 -9999 -9999 -9999 -9999 -9999 -9999 -9999 8.49 10.97 9.11 -9999 -9999 -9999 -9999 -9999 -9999 -9999 -9999 -9999 -9999 -9999 -9999 -9999 -9999 -9999 -9999 -9999 -9999 -9999 -9999 -9999 -9999 -9999 -9999
7.63 7.22 5.74 7.45 9.82 10.66 11.56 9.82 8.30 9.21 5.51 4.32 6.92 11.42 12.07 9.98 8.49 10.71 7.76 7.78 9.62 -9999 -9999 -9999 -9999 -9999 -9999 -9999 -9999 -9999 -9999 -9999 -9999 -9999 -9999 9.00 -9999 -9999 -9999 -9999 -9999 -9999 -9999 -9999 -9999 -9999 -9999 -9999 -9999 -9999 -9999 -9999 -9999 -9999 -9999 -9999 -9999 -9999 -9999 -9999 -9999 -9999 -9999 -9999 -9999 -9999 -9999 -9999 -9999 -9999 -9999 -9999 -9999 -9999 -9999 -9999 -9999 -9999
9.02 7.76 5.97 7.70 8.52 8.79 9.68 8.76 8.29 9.40 4.80 4.13 5.78 9.11 14.82 15.48 7.46 7.93 7.72 8.87 11.88 -9999 -9999 -9999 -9999 -9999 -9999 -9999 -9999 -9999 -9999 -9999 -9999 -9999 -9999 -9999 -9999 -9999 -9999 -9999 -9999 -9999 -9999 -9999 -9999 -9999 -9999 -9999 -9999 -9999 -9999 -9999 -9999 -9999 -9999 -9999 -9999 -9999 -9999 -9999 -9999 -9999 -9999 -9999 -9999 -9999 -9999 -9999 -9999 -9999 -9999 -9999 -9999 -9999 -9999 -9999 -9999 -9999
7.16 9.22 8.34 8.58 8.23 9.31 8.37 7.71 7.40 5.74 5.82 4.89 4.86 8.81 11.97 11.70 9.29 6.64 7.07 11.06 9.86 -9999 -9999 -9999 -9999 -9999 -9999 -9999 -9999 -9999 -9999 -9999 -9999 -9999 -9999 -9999 -9999 -9999 -9999 -9999 -9999 -9999 -9999 -9999 -9999 -9999 -9999 -9999 -9999 -9999 -9999 -9999 -9999 -9999 -9999 -9999 -9999 -9999 -9999 -9999 -9999 -9999 -9999 -9999 -9999 -9999 -9999 -9999 -9999 -9999 -9999 -9999 -9999 -9999 -9999 -9999 -9999 -9999
7.54 10.39 9.63 9.50 7.75 8.62 7.86 10.54 9.32 7.16 6.61 7.47 5.74 6.76 8.33 8.14 7.13 7.00 8.16 9.41 9.75 -9999 -9999 -9999 -9999 -9999 -9999 -9999 -9999 -9999 -9999 -9999 -9999 -9999 -9999 -9999 -9999 -9999 -9999 -9999 -9999 -9999 -9999 -9999 -9999 -9999 -9999 -9999 -9999 -9999 -9999 -9999 -9999 -9999 -9999 -9999 -9999 -9999 -9999 -9999 -9999 -9999 -9999 -9999 -9999 -9999 -9999 -9999 -9999 -9999 -9999 -9999 -9999 -9999 -9999 -9999 -9999 -9999
6.81 7.86 8.36 7.51 9.06 11.33 10.81 8.72 8.82 8.77 8.73 7.43 8.29 7.37 6.22 6.44 7.76 9.02 9.62 8.95 10.24 -9999 -9999 -9999 -9999 -9999 -9999 -9999 -9999 -9999 -9999 -9999 -9999 -9999 -9999 -9999 -9999 -9999 -9999 -9999 -9999 -9999 -9999 -9999 -9999 -9999 -9999 -9999 -9999 -9999 -9999 -9999 -9999 -9999 -9999 -9999 -9999 -9999 -9999 -9999 -9999 -9999 -9999 -9999 -9999 -9999 -9999 -9999 -9999 -9999 -9999 -9999 -9999 -9999 -9999 -9999 -9999 -9999
6.69 8.42 9.06 -9999 -9999 -9999 -9999 -9999 -9999 -9999 -9999 -9999 9.23 10.11 8.43 7.44 6.81 8.42 9.41 9.04 -9999 -9999 -9999 -9999 -9999 -9999 -9999 -9999 -9999 -9999 -9999 -9999 -9999 -9999 -9999 -9999 -9999 -9999 -9999 -9999 -9999 -9999 -9999 -9999 -9999 -9999 -9999 -9999 -9999 -9999 -9999 -9999 -9999 -9999 -9999 -9999 -9999 -9999 -9999 -9999 -9999 -9999 -9999 -9999 -9999 -9999 -9999 -9999 -9999 -9999 -9999 -9999 -9999 -9999 -9999 -9999 -9999 -9999
8.93 9.00 9.92 -9999 -9999 -9999 -9999 -9999 -9999 -9999 -9999 -9999 -9999 -9999 -9999 8.13 7.48 7.95 8.59 -9999 -9999 -9999 -9999 -9999 -9999 -9999 -9999 -9999 -9999 -9999 -9999 -9999 -9999 -9999 -9999 -9999 -9999 -9999 -9999 -9999 -9999 -9999 -9999 -9999 -9999 -9999 -9999 -9999 -9999 -9999 -9999 -9999 -9999 -9999 -9999 -9999 -9999 -9999 -9999 -9999 -9999 -9999 -9999 -9999 -9999 -9999 -9999 -9999 -9999 -9999 -9999 -9999 -9999 -9999 -9999 -9999 -9999 -9999
9.13 -9999 -9999 -9999 -9999 -9999 -9999 -9999 -9999 -9999 -9999 -9999 -9999 -9999 -9999 9.49 11.23 12.09 11.29 -9999 -9999 -9999 -9999 -9999 -9999 -9999 -9999 -9999 -9999 -9999 -9999 -9999 -9999 -9999 -9999 -9999 -9999 -9999 -9999 -9999 -9999 -9999 -9999 -9999 -9999 -9999 -9999 -9999 -9999 -9999 -9999 -9999 -9999 -9999 -9999 -9999 -9999 -9999 -9999 -9999 -9999 -9999 -9999 -9999 -9999 -9999 -9999 -9999 -9999 -9999 -9999 -9999 -9999 -9999 -9999 -9999 -9999 -9999
-9999 -9999 -9999 -9999 -9999 -9999 -9999 -9999 -9999 -9999 -9999 -9999 -9999 -9999 -9999 -9999 -9999 -9999 -9999 -9999 -9999 -9999 -9999 -9999 -9999 -9999 -9999 -9999 -9999 -9999 -9999 -9999 -9999 -9999 -9999 -9999 -9999 -9999 -9999 -9999 -9999 -9999 -9999 -9999 -9999 -9999 -9999 -9999 -9999 -9999 -9999 -9999 -9999 -9999 -9999 -9999 -9999 -9999 -9999 -9999 -9999 -9999 -9999 -9999 -9999 -9999 -9999 -9999 -9999 -9999 -9999 -9999 -9999 -9999 -9999 -9999 -9999 -9999
-9999 -9999 -9999 -9999 -9999 -9999 -9999 -9999 -9999 -9999 -9999 -9999 -9999 -9999 -9999 -9999 -9999 -9999 -9999 -9999 -9999 -9999 -9999 -9999 -9999 -9999 -9999 -9999 -9999 -9999 -9999 -9999 -9999 -9999 -9999 -9999 -9999 -9999 -9999 -9999 -9999 -9999 -9999 -9999 -9999 -9999 -9999 -9999 -9999 -9999 -9999 -9999 -9999 -9999 -9999 -9999 -9999 -9999 -9999 -9999 -9999 -9999 -9999 -9999 -9999 -9999 -9999 -9999 -9999 -9999 -9999 -9999 -9999 -9999 -9999 -9999 -9999 -9999
