ML/MeanWindSpeed_2000-03_Actual.txt
ncols         180
nrows         290
xllcorner     -200000
yllcorner     -200000
cellsize      5000
NODATA_value  -9999
[rows 175 to 209 of 290, columns 78 to 155 of 180]
-9999 -9999 -9999 -9999 -9999 -9999 -9999 -9999 11.41 10.74 10.07 9.82 9.83 8.31 7.98 12.97 16.93 9.58 11.03 10.59 10.13 8.76 6.62 6.69 8.63 10.24 8.73 7.27 7.54 8.16 7.68 7.94 8.96 8.52 8.20 7.80 7.74 7.56 7.05 6.48 6.38 10.01 11.00 9.99 10.53 9.17 8.95 10.30 10.36 8.88 8.64 9.53 9.16 8.86 9.31 9.15 9.88 9.46 9.34 9.14 9.13 10.02 9.34 9.23 9.33 9.24 9.70 10.27 10.51 10.88 11.26 10.60 11.89 13.42 -9999 -9999 -9999 -9999
-9999 -9999 -9999 -9999 -9999 -9999 -9999 -9999 -9999 12.14 10.36 9.17 7.85 6.75 8.96 19.33 14.64 8.54 11.62 8.21 10.26 10.20 7.40 5.80 10.25 9.03 9.39 8.38 7.40 7.48 7.42 7.07 8.10 8.62 8.44 8.12 7.77 7.71 7.18 6.53 7.53 8.71 11.41 10.29 11.18 10.37 7.64 9.53 10.82 8.71 8.71 9.22 8.80 8.76 8.97 9.08 9.88 9.33 9.16 9.12 8.82 9.36 9.37 9.24 9.36 9.39 9.61 10.22 11.19 10.69 10.39 10.49 11.59 13.16 -9999 -9999 -9999 -9999
-9999 -9999 -9999 -9999 -9999 -9999 -9999 -9999 -9999 -9999 10.31 8.26 7.87 8.97 16.48 19.43 14.83 11.29 10.36 10.04 10.69 11.08 10.45 7.23 6.89 10.60 9.02 8.47 8.02 7.39 7.27 7.42 7.84 8.34 8.18 7.89 7.96 7.75 7.43 7.41 7.80 9.40 10.36 9.03 9.52 10.57 9.14 7.72 10.47 8.53 8.43 8.86 8.43 8.52 8.64 9.24 9.82 9.38 9.24 9.05 8.62 9.64 9.42 9.42 9.60 9.69 10.04 10.17 10.38 10.27 10.28 10.55 11.85 13.28 -9999 -9999 -9999 -9999
-9999 -9999 -9999 -9999 -9999 -9999 -9999 -9999 -9999 -9999 9.55 8.25 9.55 11.75 14.33 17.59 12.44 9.32 10.12 11.05 10.83 11.59 10.51 7.70 5.94 10.46 10.49 9.02 8.52 7.30 7.07 7.49 8.43 8.43 8.31 8.14 7.71 7.38 7.66 8.92 8.61 7.60 10.82 9.13 9.51 10.72 10.58 9.21 8.64 8.01 7.19 8.19 8.76 8.29 8.48 8.69 9.31 9.25 9.53 9.28 9.14 9.67 10.29 10.14 10.20 10.11 10.20 10.20 10.15 10.17 10.57 11.35 12.55 -9999 -9999 -9999 -9999 -9999
-9999 -9999 -9999 -9999 -9999 -9999 -9999 -9999 -9999 -9999 8.58 8.46 9.85 10.50 14.47 14.09 11.53 11.37 9.45 9.74 11.13 10.27 11.73 9.18 6.22 9.53 10.78 10.52 8.48 7.62 6.96 7.78 8.87 8.89 8.41 7.99 7.63 7.78 8.68 8.95 7.82 7.64 9.77 9.66 9.41 9.42 9.04 9.06 9.41 7.13 7.60 7.88 7.78 8.20 8.21 9.10 8.88 9.25 9.53 9.51 9.92 11.53 11.13 10.68 10.43 10.35 10.29 10.22 10.19 10.34 11.21 12.32 -9999 -9999 -9999 -9999 -9999 -9999
-9999 -9999 -9999 -9999 -9999 -9999 -9999 -9999 -9999 9.55 13.76 9.60 10.77 12.06 9.83 16.29 14.48 12.95 11.38 12.58 10.34 10.57 9.22 7.49 7.94 10.96 10.74 10.51 8.53 7.58 7.09 8.35 8.83 8.67 8.41 7.83 7.75 8.73 8.44 8.14 8.79 9.25 8.13 11.05 10.37 8.59 9.05 8.53 7.91 7.67 7.11 7.18 7.41 8.22 8.14 8.14 9.44 9.25 9.50 9.75 10.33 11.60 11.13 10.75 10.61 10.37 10.32 10.14 10.14 10.88 11.97 -9999 -9999 -9999 -9999 -9999 -9999 -9999
-9999 -9999 -9999 -9999 -9999 -9999 -9999 10.36 9.88 12.18 10.87 9.65 10.29 10.95 8.28 9.18 10.64 12.69 11.92 12.44 11.28 10.75 6.59 8.11 8.32 7.40 8.52 8.39 8.76 8.06 7.68 8.55 9.02 8.95 8.32 8.16 8.87 8.50 8.70 8.12 9.16 9.60 9.49 8.87 8.28 9.23 8.93 8.41 8.15 7.94 7.72 6.97 7.65 7.68 7.49 8.05 8.76 9.24 9.60 9.66 10.33 11.45 10.99 10.55 10.51 10.26 10.17 10.02 10.33 11.24 -9999 -9999 -9999 -9999 -9999 13.02 12.79 12.51
-9999 -9999 -9999 -9999 -9999 -9999 10.71 10.47 10.47 10.71 10.54 10.43 9.37 7.60 6.67 7.66 9.09 11.01 15.26 9.63 7.68 6.44 4.28 8.76 10.20 10.60 9.19 8.51 8.82 8.70 8.57 8.97 9.52 9.13 8.64 8.45 8.90 9.15 8.15 8.07 9.32 9.52 9.25 8.87 8.92 9.02 8.29 8.47 7.65 7.54 7.88 7.49 7.20 7.02 7.52 8.47 8.75 9.21 9.56 9.78 10.27 11.51 11.14 10.55 10.31 10.12 10.04 9.96 10.27 11.01 -9999 -9999 -9999 -9999 -9999 11.87 11.36 11.16
-9999 -9999 -9999 -9999 -9999 11.00 11.51 11.09 11.09 -9999 -9999 -9999 -9999 7.06 10.58 8.98 9.20 11.31 9.53 7.12 8.06 6.84 6.01 12.46 11.45 10.41 11.37 9.58 8.44 8.96 9.23 9.09 9.29 9.18 8.72 8.90 8.58 9.39 8.43 8.26 8.67 9.09 9.24 9.12 8.48 8.47 8.35 8.21 7.82 7.54 7.28 7.12 7.02 7.36 8.12 8.40 8.71 9.55 10.25 10.54 10.70 11.31 11.15 10.89 10.24 10.06 9.92 9.78 9.90 10.50 11.62 -9999 -9999 -9999 -9999 10.98 10.44 10.37
-9999 -9999 -9999 -9999 -9999 12.15 13.09 11.19 11.59 -9999 -9999 -9999 -9999 7.00 9.20 9.99 6.95 10.06 8.84 7.40 8.96 10.09 8.37 11.43 7.58 8.87 9.52 9.06 8.53 8.84 9.26 9.26 9.50 9.80 9.03 9.24 8.94 8.95 9.20 8.50 8.65 8.21 8.72 9.29 9.58 9.47 8.37 7.93 7.76 7.62 7.80 7.32 7.41 7.93 8.44 9.18 9.20 10.86 11.35 11.79 11.39 11.59 11.36 10.95 10.23 10.09 9.92 9.71 9.66 9.80 10.54 11.23 -9999 -9999 11.29 10.67 10.28 10.46
-9999 -9999 -9999 -9999 -9999 -9999 -9999 -9999 -9999 -9999 -9999 -9999 -9999 7.87 11.00 9.42 6.47 7.67 6.24 9.96 9.44 6.73 9.32 9.37 8.63 9.45 8.65 8.38 8.19 9.13 9.23 9.60 9.50 9.22 9.13 8.94 8.68 8.76 9.05 8.53 8.38 8.54 8.69 8.49 9.08 9.12 7.73 8.48 9.10 8.34 8.34 8.03 7.42 8.20 9.18 10.18 10.46 10.64 11.41 12.20 12.00 12.14 11.60 11.06 10.22 10.09 9.94 9.76 9.60 9.41 9.63 10.12 10.74 10.90 10.44 10.17 9.60 10.24
-9999 -9999 -9999 -9999 -9999 -9999 -9999 -9999 -9999 -9999 -9999 -9999 -9999 -9999 11.01 5.52 5.27 7.60 9.90 8.83 9.94 9.52 7.14 8.20 9.38 7.53 7.73 7.64 8.04 8.53 9.13 9.37 9.45 9.25 8.95 8.72 8.79 8.59 8.88 8.48 8.16 9.67 9.30 8.51 8.41 8.25 8.14 7.97 8.63 8.74 8.58 9.40 8.36 8.41 9.23 9.40 10.13 10.72 11.10 12.22 12.36 12.07 11.29 10.96 10.20 10.09 9.94 9.74 9.63 9.57 9.59 9.59 9.85 9.93 9.82 9.56 9.54 10.24
-9999 -9999 -9999 -9999 -9999 -9999 -9999 -9999 -9999 -9999 -9999 -9999 -9999 -9999 7.73 10.36 10.98 9.47 7.84 7.20 8.87 7.51 7.64 6.78 6.78 8.30 7.01 7.39 8.99 9.00 9.16 9.13 8.69 8.60 8.93 8.77 9.39 9.24 8.95 8.33 7.89 9.33 10.05 9.19 8.44 8.09 8.20 8.12 8.00 8.16 8.88 10.61 9.85 8.77 8.74 9.30 10.45 11.63 12.04 12.04 12.51 11.97 10.90 10.35 10.08 10.05 9.93 9.85 9.73 9.66 9.66 9.65 9.66 9.63 9.72 9.56 9.35 9.93
-9999 -9999 -9999 -9999 -9999 -9999 -9999 -9999 -9999 -9999 -9999 -9999 -9999 9.48 9.05 7.59 12.82 8.70 6.72 8.11 7.95 7.14 9.11 7.01 7.01 8.57 6.53 11.01 9.29 8.42 8.88 9.79 8.62 8.29 10.23 10.10 9.41 8.56 8.75 8.49 8.17 8.75 9.27 9.10 8.59 8.29 8.14 8.16 8.35 8.24 9.23 9.43 9.18 8.85 8.77 9.48 10.58 11.73 12.10 11.68 11.73 10.99 10.34 10.10 9.98 9.96 9.96 9.91 9.81 9.69 9.67 9.66 9.49 9.46 9.81 9.69 9.44 9.65
-9999 -9999 -9999 -9999 -9999 -9999 -9999 -9999 -9999 -9999 -9999 -9999 -9999 8.92 9.57 13.07 8.81 5.58 6.52 6.28 7.37 9.36 9.30 7.71 7.74 7.74 6.68 7.38 8.34 9.72 9.84 8.76 8.73 8.66 9.16 9.61 8.61 8.33 8.69 8.51 8.76 9.06 8.86 9.04 8.78 8.40 8.23 8.11 8.14 8.30 9.06 9.45 9.12 8.45 8.79 9.89 11.14 11.12 11.82 11.77 11.04 10.18 10.50 9.98 10.13 9.96 9.96 9.83 9.76 9.69 9.59 9.51 9.41 9.36 9.90 9.70 9.35 9.46
-9999 -9999 -9999 -9999 -9999 -9999 -9999 -9999 -9999 -9999 -9999 -9999 -9999 10.28 11.31 6.64 7.26 6.15 6.90 6.97 10.26 9.25 10.36 8.57 8.10 6.87 5.85 6.47 8.92 10.72 11.77 8.68 9.73 9.06 9.45 9.34 8.15 8.15 8.32 8.56 8.84 8.50 8.66 9.59 9.02 8.20 8.15 8.92 8.01 8.42 8.86 8.88 8.59 8.45 9.05 9.75 10.36 10.75 10.87 10.37 10.14 10.29 10.35 9.70 9.73 9.88 9.85 9.79 9.65 9.49 9.47 9.43 9.39 9.39 9.55 9.39 9.46 9.40
-9999 -9999 -9999 -9999 -9999 -9999 -9999 -9999 -9999 -9999 -9999 -9999 -9999 -9999 7.11 7.54 8.51 9.94 10.65 9.44 9.85 8.59 6.76 6.64 6.20 6.99 7.17 6.66 7.77 8.64 11.00 9.48 8.70 8.73 9.93 9.61 8.13 8.63 7.91 8.11 9.72 8.66 8.63 8.66 8.71 7.86 7.76 8.97 8.62 8.31 8.77 8.57 8.46 8.80 9.59 9.60 9.77 9.69 10.18 9.69 10.43 10.37 9.68 9.58 9.98 9.87 9.62 9.54 9.41 9.35 9.36 9.34 9.34 9.30 9.28 9.28 9.42 9.44
-9999 -9999 -9999 -9999 -9999 -9999 -9999 -9999 -9999 -9999 -9999 -9999 -9999 -9999 7.87 7.95 8.55 10.29 12.42 11.65 9.05 7.03 5.98 6.94 8.33 9.85 11.38 9.37 8.07 8.80 9.70 8.96 7.61 10.06 9.76 9.52 8.56 9.13 8.21 7.92 8.51 9.55 9.33 8.94 8.59 7.95 7.70 8.64 8.55 8.35 8.46 8.74 8.92 9.23 9.77 9.43 9.32 10.18 10.29 10.27 10.16 10.22 9.55 9.83 10.19 9.52 9.36 9.32 9.25 9.28 9.26 9.25 9.27 9.26 9.28 9.23 9.18 9.16
-9999 -9999 -9999 -9999 -9999 -9999 -9999 -9999 -9999 -9999 -9999 -9999 -9999 9.29 7.30 7.40 8.97 10.15 9.91 9.59 7.57 7.90 10.90 9.06 9.43 9.74 8.80 8.47 9.15 9.70 8.66 7.70 8.17 9.79 9.88 9.40 8.46 9.21 7.92 7.79 8.94 8.73 9.07 9.21 8.81 8.51 8.15 8.77 8.69 8.19 8.42 8.48 8.46 9.08 9.02 9.80 9.51 10.07 9.66 9.91 10.02 9.37 9.22 9.84 9.78 9.12 9.08 9.28 9.13 9.22 9.22 9.28 9.27 9.21 9.19 9.02 9.26 9.53
-9999 -9999 -9999 -9999 -9999 -9999 -9999 -9999 -9999 -9999 -9999 -9999 -9999 10.75 8.67 7.37 7.04 8.71 11.35 10.77 9.36 8.11 8.60 9.67 10.77 11.03 8.73 10.47 11.32 8.84 10.32 7.35 7.83 9.41 10.72 8.66 9.05 8.19 7.47 7.56 8.23 10.20 9.26 9.32 9.03 8.78 8.71 8.81 8.58 8.22 8.35 8.34 8.26 8.28 9.28 9.69 9.74 10.25 9.61 9.32 9.26 8.90 9.14 9.49 9.32 9.02 9.30 9.25 9.46 9.21 9.24 9.41 9.41 9.21 9.08 8.89 8.90 9.49
-9999 -9999 -9999 -9999 -9999 -9999 -9999 -9999 -9999 -9999 -9999 -9999 -9999 9.51 8.26 5.59 6.23 8.32 11.33 10.10 9.94 8.18 9.53 9.16 8.50 9.33 10.02 10.27 9.38 8.58 9.11 10.59 8.21 8.32 8.35 8.59 9.70 8.70 7.65 7.69 8.29 8.71 8.68 9.37 9.10 8.89 8.99 8.50 8.08 8.39 8.51 8.56 8.16 8.64 9.63 9.65 9.10 9.31 9.86 9.11 9.16 8.47 9.06 9.24 8.80 8.82 9.07 8.82 9.05 9.05 9.14 9.22 9.14 9.06 9.01 8.88 9.09 8.79
-9999 -9999 -9999 -9999 -9999 -9999 -9999 -9999 -9999 -9999 -9999 -9999 9.00 9.44 10.20 7.66 6.03 8.72 9.81 11.22 10.86 7.49 7.81 7.03 8.30 9.87 9.02 9.25 10.65 9.72 9.38 8.99 8.20 7.58 7.68 8.47 8.69 8.53 8.35 7.96 7.91 8.52 8.82 8.46 8.78 8.69 9.09 8.49 8.35 8.40 8.07 7.96 8.23 9.08 9.17 9.22 8.76 9.35 9.40 8.98 8.34 8.83 8.89 9.01 9.15 8.95 8.80 8.83 8.84 8.99 9.10 9.03 8.95 8.81 8.73 8.80 9.07 9.04
-9999 -9999 -9999 -9999 -9999 -9999 -9999 -9999 -9999 -9999 -9999 10.11 9.61 9.76 7.87 6.08 7.84 9.88 10.31 9.09 10.32 7.65 8.37 7.10 7.38 12.30 9.64 10.39 9.28 9.53 8.56 8.10 7.93 8.40 7.85 9.33 8.52 8.89 8.08 7.96 8.05 8.39 8.72 8.45 8.57 8.87 8.92 7.98 8.29 8.16 8.15 8.26 8.61 9.12 8.76 9.26 8.91 9.06 8.44 8.22 8.87 9.07 8.80 8.99 8.88 8.35 8.74 8.91 9.05 9.10 8.95 8.77 8.54 8.61 8.60 9.04 9.30 9.50
-9999 -9999 -9999 -9999 -9999 -9999 -9999 -9999 -9999 11.85 10.51 9.24 7.79 6.98 6.53 6.36 8.24 8.90 9.85 10.98 9.81 8.07 5.59 7.46 7.80 11.15 9.81 9.60 9.85 8.97 8.61 7.41 7.49 8.62 8.43 8.82 7.81 8.16 8.15 8.24 8.61 8.47 8.79 8.33 8.45 8.64 8.07 7.88 8.05 8.48 8.26 8.82 9.38 9.18 8.91 8.59 8.37 8.80 9.04 8.77 8.90 8.25 8.82 8.97 8.50 8.01 8.18 8.96 9.05 9.15 8.66 8.43 8.19 8.36 9.08 9.38 9.34 9.98
-9999 -9999 -9999 -9999 -9999 12.17 11.19 9.90 11.71 11.49 11.36 10.96 8.70 7.36 6.36 9.34 7.94 9.09 9.33 9.15 7.12 6.10 4.74 6.03 6.84 12.05 11.54 10.23 8.84 9.12 8.56 8.91 6.66 7.88 8.35 8.40 8.32 8.05 7.95 8.68 8.33 8.08 8.96 8.30 8.24 7.90 7.99 8.20 8.54 8.03 8.54 8.31 8.67 9.35 9.26 9.02 8.77 9.09 9.03 8.74 8.48 8.93 8.32 8.27 8.11 7.91 8.53 8.91 9.09 8.70 8.29 8.23 8.30 9.09 9.30 9.14 9.77 9.40
-9999 -9999 -9999 -9999 12.55 10.83 10.88 10.06 9.52 10.60 10.17 10.01 8.09 6.56 8.34 8.58 8.42 6.07 9.48 6.72 5.12 8.48 6.54 4.87 10.56 10.25 10.02 7.56 7.53 8.08 10.01 7.56 6.88 6.84 7.01 8.41 8.72 8.89 8.25 8.48 8.10 8.09 8.67 8.28 7.96 7.89 8.02 8.30 8.22 9.52 8.29 8.11 8.49 9.06 8.71 8.66 8.38 8.51 8.73 8.55 9.03 8.58 8.17 8.21 8.34 8.07 8.41 8.59 8.33 8.22 8.11 8.12 8.27 8.76 9.47 9.59 9.79 9.65
-9999 -9999 -9999 12.01 11.71 9.58 9.19 9.20 9.77 9.31 9.32 8.27 8.41 10.79 8.43 7.31 8.90 4.68 6.08 5.75 7.93 7.81 8.76 7.91 8.39 7.87 6.63 10.17 10.08 7.79 8.00 7.34 6.86 7.18 6.78 7.26 8.96 9.40 7.98 7.78 7.97 8.31 7.80 7.38 7.72 9.44 8.05 7.87 8.46 9.07 8.54 8.17 8.58 8.93 8.92 9.28 8.84 8.34 8.17 8.12 8.78 8.44 8.05 8.63 8.54 8.17 8.27 8.22 8.04 8.16 8.20 8.19 8.43 8.72 9.46 9.22 9.25 9.55
11.63 10.14 11.28 9.57 9.54 10.05 9.30 9.00 10.37 9.29 8.88 8.79 10.59 9.79 8.30 8.75 7.48 5.21 4.85 7.17 7.56 6.75 7.58 9.14 6.74 4.93 9.35 10.97 9.43 9.47 7.80 7.82 7.09 7.50 8.83 7.78 9.58 8.54 7.83 7.58 7.91 8.80 6.97 7.33 10.24 8.63 8.16 8.18 8.77 9.43 8.44 8.37 8.60 8.40 8.77 8.75 8.35 8.11 8.26 7.97 8.25 8.47 8.48 8.23 8.00 7.78 7.68 8.00 8.88 8.45 9.03 8.57 8.00 9.07 9.28 9.60 9.46 9.38
8.74 8.26 10.29 12.49 11.83 11.52 9.29 10.07 11.24 10.15 9.66 11.00 9.77 9.15 10.39 7.69 5.13 5.08 5.30 7.20 7.31 7.21 7.17 6.48 4.77 6.72 13.99 11.89 9.67 7.97 8.41 8.16 9.22 8.40 8.85 8.26 8.31 8.27 8.19 7.67 7.47 7.20 6.70 9.40 10.22 9.71 8.70 8.41 10.21 9.24 8.56 8.55 8.26 8.72 8.63 8.32 7.75 8.45 8.09 7.65 8.81 8.71 8.00 7.92 7.80 7.58 7.86 8.53 8.78 8.62 8.90 8.33 8.12 8.93 9.39 9.29 9.54 9.43
8.17 8.37 9.43 9.99 9.73 8.82 10.10 9.37 10.68 8.39 9.22 10.81 10.24 8.92 9.01 5.76 4.49 6.77 7.49 6.73 5.97 7.57 5.75 4.75 4.23 8.30 11.71 12.70 8.27 8.69 9.06 9.48 8.94 8.10 9.19 8.77 8.59 8.15 8.20 7.05 6.66 7.36 7.50 9.72 10.06 9.70 8.79 9.24 10.19 9.62 9.09 8.61 8.68 8.52 8.18 7.81 7.69 8.02 8.26 7.98 7.92 7.89 7.71 8.52 8.89 7.83 8.02 8.57 8.72 8.34 8.55 8.36 8.33 8.59 9.07 9.46 9.38 9.36
9.20 8.58 9.17 9.04 9.48 9.09 9.15 9.92 9.06 9.49 8.63 8.46 8.22 7.35 6.24 6.75 5.28 7.79 11.93 5.98 6.03 6.99 10.65 10.39 5.11 5.42 13.16 10.78 9.30 9.76 10.71 9.45 7.99 7.50 9.35 9.66 8.64 8.01 7.60 6.79 6.55 7.59 9.66 10.32 9.88 9.76 9.43 9.17 8.91 9.36 8.74 8.54 8.30 7.94 7.61 7.47 8.00 7.86 7.78 7.78 7.19 7.41 8.08 8.11 8.63 8.20 8.16 8.17 8.26 8.49 8.46 8.31 8.30 8.45 8.86 9.03 9.33 9.24
8.90 8.47 9.16 8.52 8.92 9.08 9.10 8.38 8.32 8.81 8.21 9.09 8.14 8.85 6.04 7.59 8.70 8.60 9.22 9.47 7.54 9.25 11.18 8.14 9.84 9.20 6.61 10.45 10.43 8.22 8.67 7.60 8.54 8.49 10.95 10.38 8.55 7.78 6.92 6.56 7.43 9.64 9.08 10.58 9.84 9.82 10.30 9.26 9.51 8.39 8.48 8.15 7.82 7.60 7.63 7.55 7.53 7.28 7.16 6.89 7.08 8.01 8.74 8.48 8.06 8.49 8.12 8.69 8.09 7.93 7.93 7.97 8.09 8.31 8.84 8.75 9.11 9.01
9.44 8.53 8.14 9.08 9.97 11.38 10.56 9.35 8.59 7.91 8.05 10.00 8.08 8.44 6.34 7.76 7.96 7.21 6.35 7.90 7.24 8.81 9.01 10.68 9.60 10.70 10.48 13.48 9.40 8.50 8.02 8.62 8.19 10.21 10.30 10.46 7.97 7.23 6.45 8.90 9.63 9.68 10.23 9.24 9.76 10.02 9.69 8.15 7.92 8.05 7.92 7.75 7.63 7.46 7.77 7.72 7.71 7.06 6.45 6.55 7.37 8.87 7.98 8.37 8.45 8.14 8.05 8.11 7.78 7.71 7.91 7.63 7.98 8.21 8.47 8.74 8.87 8.51
9.86 8.94 8.53 8.74 10.11 10.52 11.11 10.35 9.56 8.73 8.20 8.63 10.06 7.21 10.00 9.32 9.14 9.75 8.50 6.85 7.04 8.28 7.64 9.11 8.90 8.24 12.16 12.32 8.38 8.67 7.14 7.76 9.18 10.03 9.90 9.25 7.73 6.95 7.91 7.73 9.27 9.37 9.11 9.40 9.25 8.90 8.26 7.34 7.13 7.25 7.37 8.42 7.60 8.02 7.50 7.26 6.53 5.99 6.02 6.95 8.34 8.47 8.33 8.48 8.29 7.99 8.08 8.39 8.47 7.38 7.88 8.39 7.97 7.98 8.43 8.04 8.32 8.92
9.85 9.43 9.86 10.68 11.71 -9999 -9999 -9999 -9999 10.04 9.62 10.17 8.31 7.41 8.38 8.36 7.80 6.98 4.47 10.85 11.56 8.15 7.35 7.76 8.92 9.86 11.76 9.86 8.56 7.47 6.84 9.96 9.50 10.80 8.80 8.26 7.61 7.34 8.79 7.96 9.33 9.36 8.86 8.93 8.68 8.22 7.50 7.06 6.94 7.06 7.28 8.17 7.67 7.84 7.71 7.06 6.34 5.83 6.85 6.97 8.00 8.61 8.69 7.73 7.62 7.53 8.35 8.65 8.20 7.25 7.76 8.20 8.05 7.88 8.45 8.19 8.14 8.44
