ML/MeanWindSpeed_1997-09_Actual.txt
ncols         180
nrows         290
xllcorner     -200000
yllcorner     -200000
cellsize      5000
NODATA_value  -9999
[rows 210 to 244 of 290, columns 78 to 155 of 180]
13.07 13.48 11.47 13.49 12.61 -9999 -9999 -9999 -9999 -9999 -9999 -9999 6.43 6.55 7.73 6.25 6.44 6.98 9.57 12.26 15.43 14.55 11.94 9.73 9.15 7.77 11.42 11.38 6.54 5.07 9.94 9.97 11.02 6.86 5.97 5.84 5.42 6.96 7.77 7.31 7.50 7.03 6.55 6.24 5.90 5.58 5.53 5.32 6.06 5.41 5.47 5.63 5.83 6.08 5.67 6.08 6.36 4.93 3.66 5.41 5.90 5.49 5.16 4.40 4.61 5.77 6.45 5.86 4.84 4.42 5.65 4.28 4.69 5.95 5.31 5.47 5.64 4.92
-9999 13.09 -9999 -9999 -9999 -9999 -9999 -9999 -9999 -9999 11.19 9.60 9.24 10.71 9.73 7.97 6.73 7.48 8.09 11.32 13.30 12.71 7.84 7.48 11.96 10.24 9.94 7.30 5.82 5.56 8.89 8.77 8.35 6.50 6.19 6.16 4.72 8.57 8.80 7.15 7.18 6.64 6.45 6.22 5.83 6.37 5.72 5.86 5.14 5.12 5.25 5.66 5.76 6.21 5.48 7.14 8.29 5.15 5.21 3.19 5.44 5.27 4.89 6.46 6.24 6.32 6.92 5.81 4.68 4.54 4.33 4.97 5.64 4.86 5.63 5.49 4.74 4.69
-9999 -9999 -9999 -9999 -9999 -9999 -9999 -9999 -9999 -9999 12.58 12.04 9.73 11.26 11.76 -9999 -9999 7.64 11.64 6.40 8.68 8.31 8.47 9.50 11.37 7.88 7.01 7.32 6.95 7.73 8.10 7.96 7.19 6.67 7.44 5.71 6.13 8.65 7.16 6.59 6.22 6.35 6.96 6.69 5.99 5.93 5.21 5.31 6.00 6.63 6.29 7.13 5.83 5.39 6.50 9.37 6.57 5.70 4.61 3.02 5.48 5.60 5.89 6.24 6.17 5.78 5.57 7.04 5.24 4.75 4.44 4.36 4.45 4.16 3.85 5.65 4.96 5.75
-9999 -9999 -9999 -9999 -9999 -9999 -9999 -9999 -9999 -9999 -9999 -9999 -9999 -9999 -9999 -9999 -9999 9.39 8.54 8.62 7.56 6.43 6.49 7.20 8.50 7.94 7.84 8.27 8.89 9.43 9.07 -9999 7.23 6.68 6.28 5.61 6.29 8.30 7.14 7.12 6.34 5.50 5.46 6.54 5.62 5.73 7.10 7.25 6.89 7.91 8.98 7.40 7.01 6.69 6.90 8.24 6.24 5.69 5.23 4.46 4.71 5.14 6.06 6.53 6.00 5.43 5.47 5.37 4.94 4.62 4.32 4.15 4.03 4.15 4.22 4.66 4.79 5.55
-9999 -9999 -9999 -9999 -9999 -9999 -9999 -9999 -9999 -9999 -9999 -9999 -9999 -9999 -9999 -9999 -9999 -9999 9.56 8.30 7.17 7.48 8.39 7.23 7.26 7.61 8.72 -9999 -9999 -9999 -9999 8.32 6.99 6.57 5.76 5.46 6.35 8.31 7.23 7.43 6.43 5.13 6.12 5.77 7.45 6.85 9.04 7.35 7.53 7.08 7.58 7.41 6.61 7.57 5.43 6.04 6.30 4.51 4.69 4.36 4.44 4.74 4.84 5.01 5.28 4.71 4.54 4.32 4.24 4.00 5.39 5.51 3.88 3.71 3.75 3.93 4.40 5.73
-9999 -9999 -9999 -9999 -9999 -9999 -9999 -9999 -9999 -9999 -9999 -9999 -9999 -9999 -9999 -9999 -9999 -9999 -9999 9.35 10.59 9.21 8.25 9.27 9.12 9.36 -9999 -9999 -9999 -9999 9.02 8.84 8.65 5.10 4.69 4.91 7.80 8.62 7.99 7.08 5.60 5.49 5.31 7.18 8.89 7.65 7.74 6.97 7.17 6.90 5.70 6.35 6.40 5.91 5.74 5.63 5.31 4.56 4.64 5.31 5.74 6.00 4.77 4.82 4.81 4.38 4.81 4.45 4.63 3.95 4.76 4.40 3.92 4.68 3.35 4.08 4.30 5.28
-9999 -9999 -9999 -9999 -9999 -9999 -9999 -9999 -9999 -9999 -9999 -9999 -9999 -9999 -9999 -9999 -9999 -9999 -9999 -9999 10.29 10.31 9.50 10.65 9.81 10.62 -9999 -9999 -9999 8.22 6.20 5.75 7.86 7.28 6.28 4.90 6.65 5.84 7.83 6.82 4.83 6.30 7.52 7.53 7.05 7.98 6.96 6.44 6.14 5.44 5.29 5.19 5.45 6.08 5.64 4.95 4.86 4.90 4.95 5.85 5.55 5.70 5.30 4.66 4.65 4.15 3.91 3.72 4.14 4.11 4.29 3.85 4.40 4.27 4.29 3.79 2.56 4.80
-9999 -9999 -9999 -9999 -9999 -9999 -9999 -9999 -9999 -9999 -9999 -9999 -9999 -9999 -9999 -9999 -9999 -9999 -9999 -9999 -9999 -9999 -9999 -9999 -9999 -9999 -9999 -9999 10.85 6.93 5.18 5.03 7.33 5.36 6.21 7.08 6.95 6.93 7.13 5.23 4.76 5.17 6.38 6.23 6.56 6.66 6.88 6.55 6.35 8.16 6.20 6.29 5.52 6.11 6.06 5.06 5.07 4.62 5.18 6.06 5.29 4.68 4.58 4.53 4.23 4.61 3.94 4.39 4.00 5.27 5.80 4.93 3.02 5.48 5.93 3.87 2.24 5.55
-9999 -9999 -9999 -9999 -9999 -9999 -9999 -9999 -9999 -9999 -9999 -9999 -9999 -9999 -9999 -9999 -9999 -9999 -9999 -9999 -9999 -9999 -9999 -9999 -9999 -9999 -9999 -9999 8.10 7.11 5.56 11.68 9.50 5.40 6.21 7.05 7.50 7.85 5.77 5.21 4.98 4.84 6.23 5.89 5.60 7.60 7.34 8.70 6.99 7.27 8.70 6.70 6.07 5.90 5.23 5.04 4.81 4.73 5.24 5.22 5.36 4.69 4.17 4.03 3.70 4.10 6.09 5.14 5.99 6.48 7.57 5.44 3.35 4.12 4.08 2.37 1.56 2.42
-9999 -9999 -9999 -9999 -9999 -9999 -9999 -9999 -9999 -9999 -9999 -9999 -9999 -9999 -9999 -9999 -9999 -9999 -9999 -9999 -9999 -9999 -9999 -9999 -9999 -9999 -9999 -9999 7.73 5.15 3.69 6.40 10.71 9.35 8.28 7.05 8.48 6.29 5.72 5.08 7.11 7.19 7.94 7.27 6.17 6.29 6.23 6.77 7.31 7.32 6.24 6.09 6.05 6.00 5.29 5.01 5.02 5.06 5.65 5.35 4.98 4.10 4.04 5.03 5.94 5.09 6.12 5.43 5.16 5.28 6.21 8.01 6.92 3.54 2.86 3.15 3.30 3.08
-9999 -9999 -9999 -9999 -9999 -9999 -9999 -9999 -9999 -9999 -9999 11.01 11.46 8.77 14.58 13.83 13.85 14.17 16.73 7.69 14.56 8.98 -9999 -9999 -9999 -9999 -9999 -9999 7.16 5.72 5.06 3.72 5.02 7.71 9.64 8.88 7.22 6.10 5.93 6.82 8.31 7.35 6.42 6.42 5.87 5.80 6.38 5.94 5.48 5.24 5.72 4.99 5.81 6.43 7.36 6.10 5.53 6.17 6.05 5.24 5.85 4.34 3.81 5.53 6.80 5.35 4.80 5.20 4.95 4.49 4.13 4.19 3.58 2.41 1.80 1.52 1.51 1.48
-9999 -9999 -9999 -9999 -9999 -9999 -9999 -9999 -9999 -9999 -9999 13.35 12.40 12.00 9.11 11.96 14.43 13.66 14.50 14.91 11.23 9.18 7.15 8.39 11.67 9.24 8.10 6.79 6.31 5.56 5.03 4.37 3.63 4.29 7.63 7.81 6.64 5.60 9.13 7.21 5.94 6.59 7.14 6.09 5.86 6.74 6.43 6.51 5.99 5.78 4.35 4.61 5.32 5.53 5.67 6.65 7.12 5.36 5.00 4.48 4.10 5.06 3.92 8.63 6.62 6.19 5.52 4.96 5.06 4.58 5.35 4.99 2.94 4.36 3.35 3.78 2.08 2.31
-9999 -9999 -9999 -9999 -9999 -9999 -9999 -9999 -9999 -9999 11.20 9.77 8.98 7.99 6.57 9.72 13.58 13.23 12.11 12.20 12.20 10.42 8.00 7.09 8.56 10.25 6.89 6.07 5.33 5.41 6.44 4.68 4.43 6.04 6.08 5.82 6.14 9.00 6.79 8.39 7.51 6.54 5.46 6.10 5.81 6.78 6.93 6.24 6.63 5.17 5.36 5.00 4.82 4.75 6.51 7.50 5.09 4.27 4.63 7.35 5.27 4.54 4.76 4.78 5.34 5.76 5.33 5.13 5.79 6.79 5.37 3.76 3.31 5.08 4.12 3.73 4.07 3.81
-9999 -9999 -9999 -9999 -9999 -9999 -9999 -9999 -9999 -9999 -9999 8.73 6.98 5.95 8.01 7.79 9.05 12.94 11.40 9.08 7.74 10.64 12.63 9.45 6.47 6.86 9.28 6.79 4.66 4.69 4.61 5.46 5.52 4.51 4.63 5.20 6.15 7.50 5.97 7.90 6.56 6.47 6.30 6.62 5.88 6.90 7.17 6.81 4.96 4.86 5.51 4.32 3.56 3.31 4.69 6.29 6.08 4.06 4.61 6.11 5.83 4.84 3.87 3.88 3.80 4.40 6.56 6.20 5.76 6.28 7.20 5.85 4.91 5.50 5.33 4.07 5.01 3.64
-9999 -9999 -9999 -9999 -9999 -9999 -9999 12.35 -9999 -9999 10.11 8.48 9.18 5.40 7.63 5.96 6.05 7.04 8.01 9.18 7.26 9.48 10.75 7.34 5.42 3.85 4.21 4.29 3.92 4.14 4.61 5.67 4.48 4.23 4.96 7.15 5.55 6.58 5.28 6.40 5.86 7.02 8.01 7.09 5.80 5.31 5.40 5.03 4.54 6.18 4.81 3.72 5.80 3.76 3.85 6.23 7.62 3.55 4.08 4.68 4.49 4.01 3.71 3.72 4.37 5.28 5.94 4.87 4.25 4.10 4.63 4.58 4.48 5.25 4.38 4.24 4.07 3.31
-9999 -9999 -9999 -9999 -9999 -9999 11.12 12.82 12.77 12.11 8.66 7.59 9.70 6.60 5.06 5.86 5.27 7.52 8.60 9.71 7.68 6.94 7.07 5.18 3.53 2.78 3.25 4.27 4.73 3.86 3.98 4.34 3.96 4.08 6.24 6.43 5.24 5.97 6.35 7.94 6.89 6.96 8.50 6.80 6.40 4.90 5.59 5.08 5.36 4.45 3.93 3.02 4.31 4.22 3.22 4.65 4.23 3.49 3.34 3.12 4.14 4.19 4.07 3.73 3.50 3.63 3.62 4.05 4.27 3.91 2.91 3.50 4.04 5.11 5.60 5.03 3.50 4.54
-9999 -9999 -9999 -9999 -9999 -9999 10.47 10.90 9.75 10.20 8.81 7.61 6.12 8.28 7.99 6.67 8.31 8.36 8.20 9.86 8.14 7.40 6.53 3.30 4.45 6.82 6.10 4.89 4.06 3.43 4.24 5.00 5.43 4.80 6.40 5.66 6.35 5.18 4.28 6.28 7.85 6.38 6.37 6.02 5.23 5.23 5.99 4.93 4.06 4.75 4.71 2.82 3.17 3.17 3.09 4.37 5.12 5.34 7.20 3.95 4.13 3.25 3.04 3.43 3.73 3.34 3.18 3.62 4.38 3.81 3.20 2.84 3.89 4.08 4.30 4.51 4.79 3.35
-9999 -9999 -9999 -9999 -9999 -9999 10.84 9.66 9.05 9.44 8.59 8.33 6.58 7.13 7.19 5.59 7.27 7.63 8.52 8.93 8.12 4.53 2.56 1.90 4.90 5.11 5.89 6.84 4.35 4.23 4.66 4.16 5.48 4.75 6.02 5.53 5.62 5.27 4.40 6.45 5.78 5.78 5.50 5.12 4.87 4.99 5.76 5.70 4.10 3.56 3.56 4.26 2.51 2.78 2.53 3.42 4.02 4.47 5.53 4.86 5.87 6.84 2.57 7.02 5.25 3.07 3.43 7.53 7.45 6.78 2.98 2.84 3.11 2.99 3.70 3.27 4.70 5.84
-9999 -9999 -9999 -9999 -9999 -9999 8.74 8.57 8.47 8.17 7.39 7.17 6.44 5.79 7.09 6.34 6.53 7.48 6.52 6.65 6.31 5.85 2.08 2.85 5.59 4.55 6.22 6.50 4.72 5.24 5.94 4.77 5.28 5.60 5.68 5.59 5.63 6.36 7.37 4.86 5.72 5.37 5.17 4.79 4.66 4.95 5.44 4.51 4.46 3.83 3.84 3.85 4.20 3.22 4.35 4.15 4.37 4.32 3.99 3.53 3.50 3.82 3.10 5.48 5.33 6.19 5.63 6.38 7.10 7.77 3.45 3.59 3.39 3.45 3.71 4.65 5.94 6.15
-9999 -9999 -9999 -9999 -9999 -9999 7.48 7.59 7.75 8.22 8.73 7.56 6.81 5.97 6.53 8.16 7.47 6.84 5.87 6.40 5.98 5.47 4.58 2.74 2.95 2.60 5.68 4.51 2.57 6.49 6.46 5.24 8.67 7.10 7.92 8.73 7.84 7.22 7.69 5.92 4.74 5.14 4.89 4.14 4.37 4.54 5.14 4.23 4.46 4.97 5.11 4.38 3.97 3.94 3.79 4.29 5.90 5.50 4.64 4.21 4.44 4.89 5.16 5.69 5.99 6.25 -9999 -9999 5.83 6.38 5.93 5.32 4.37 7.86 5.19 -9999 -9999 -9999
-9999 -9999 -9999 -9999 -9999 10.30 8.07 7.97 6.94 8.17 8.43 9.60 7.63 8.28 7.65 8.36 7.50 6.62 6.03 6.07 5.69 5.25 5.09 4.54 4.44 4.93 4.76 2.90 6.49 7.74 4.93 4.55 6.16 6.35 8.05 8.10 6.71 6.34 5.85 5.35 6.02 5.44 5.38 4.77 4.63 5.09 6.05 5.69 5.15 4.88 4.57 4.45 -9999 -9999 4.71 5.60 7.22 7.07 6.50 5.94 6.00 -9999 -9999 -9999 -9999 -9999 -9999 -9999 -9999 -9999 -9999 5.88 6.62 8.72 6.73 -9999 -9999 -9999
-9999 -9999 -9999 -9999 11.61 9.80 7.88 8.51 6.96 6.90 6.79 6.93 6.50 10.61 11.44 9.60 8.56 8.26 8.59 6.94 5.80 5.29 5.83 5.60 8.24 8.66 7.69 7.05 9.16 6.07 6.37 6.59 7.92 9.25 7.39 5.96 6.66 5.61 5.67 5.15 5.04 4.69 6.22 7.28 7.14 6.67 6.62 6.94 5.88 -9999 3.95 4.53 4.02 4.39 4.95 -9999 -9999 -9999 -9999 7.35 -9999 -9999 -9999 -9999 -9999 -9999 -9999 -9999 -9999 -9999 -9999 -9999 -9999 -9999 -9999 -9999 -9999 -9999
-9999 -9999 -9999 12.35 11.63 11.27 9.53 7.37 6.78 6.38 4.97 4.76 6.90 13.52 15.26 9.11 8.02 11.38 7.56 9.52 6.14 5.49 9.06 7.31 6.67 6.65 6.92 -9999 -9999 -9999 -9999 -9999 7.86 9.98 9.56 7.49 7.11 6.46 5.61 5.44 4.96 5.40 6.51 -9999 -9999 -9999 -9999 -9999 7.02 7.00 5.53 4.27 3.99 6.01 5.44 -9999 -9999 -9999 -9999 -9999 -9999 -9999 -9999 -9999 -9999 -9999 -9999 -9999 -9999 -9999 -9999 -9999 -9999 -9999 -9999 -9999 -9999 -9999
-9999 -9999 6.68 8.23 10.79 11.11 9.31 8.70 7.65 5.19 6.01 6.11 9.30 12.77 14.55 12.67 11.17 8.71 9.98 7.75 7.71 6.80 9.15 8.61 -9999 -9999 -9999 -9999 -9999 -9999 -9999 -9999 -9999 8.31 8.96 7.48 8.97 9.91 10.15 7.16 9.42 8.78 9.18 -9999 -9999 -9999 -9999 -9999 -9999 -9999 5.29 5.81 4.00 4.86 -9999 -9999 -9999 -9999 -9999 -9999 -9999 -9999 -9999 -9999 -9999 -9999 -9999 -9999 -9999 -9999 -9999 -9999 -9999 -9999 -9999 -9999 -9999 -9999
9.43 9.19 6.60 7.26 9.35 11.38 11.64 9.36 6.68 6.42 7.23 7.13 8.80 12.50 10.61 10.93 10.60 11.73 4.70 7.91 11.70 8.28 -9999 -9999 -9999 -9999 -9999 -9999 -9999 -9999 -9999 -9999 -9999 -9999 -9999 9.43 -9999 -9999 -9999 -9999 7.79 10.57 10.73 -9999 -9999 -9999 -9999 -9999 -9999 -9999 -9999 5.52 7.92 5.84 -9999 -9999 -9999 -9999 -9999 -9999 -9999 -9999 -9999 -9999 -9999 -9999 -9999 -9999 -9999 -9999 -9999 -9999 -9999 -9999 -9999 -9999 -9999 -9999
9.08 7.95 5.55 6.99 9.29 10.08 11.14 9.59 8.28 9.43 5.65 4.32 6.69 10.86 11.16 8.91 7.34 9.44 6.03 5.63 7.22 -9999 -9999 -9999 -9999 -9999 -9999 -9999 -9999 -9999 -9999 -9999 -9999 -9999 -9999 10.63 -9999 -9999 -9999 -9999 -9999 -9999 -9999 -9999 -9999 -9999 -9999 -9999 -9999 -9999 -9999 -9999 -9999 -9999 -9999 -9999 -9999 -9999 -9999 -9999 -9999 -9999 -9999 -9999 -9999 -9999 -9999 -9999 -9999 -9999 -9999 -9999 -9999 -9999 -9999 -9999 -9999 -9999
10.76 8.74 5.82 7.29 8.01 8.17 9.18 8.53 8.36 9.73 5.01 4.27 5.75 8.87 14.54 15.05 6.52 6.85 6.40 7.17 9.94 -9999 -9999 -9999 -9999 -9999 -9999 -9999 -9999 -9999 -9999 -9999 -9999 -9999 -9999 -9999 -9999 -9999 -9999 -9999 -9999 -9999 -9999 -9999 -9999 -9999 -9999 -9999 -9999 -9999 -9999 -9999 -9999 -9999 -9999 -9999 -9999 -9999 -9999 -9999 -9999 -9999 -9999 -9999 -9999 -9999 -9999 -9999 -9999 -9999 -9999 -9999 -9999 -9999 -9999 -9999 -9999 -9999
8.90 10.53 8.69 8.45 7.86 8.88 7.98 7.60 7.57 6.01 6.17 5.18 4.95 8.78 11.85 11.45 8.76 5.78 5.98 9.78 8.23 -9999 -9999 -9999 -9999 -9999 -9999 -9999 -9999 -9999 -9999 -9999 -9999 -9999 -9999 -9999 -9999 -9999 -9999 -9999 -9999 -9999 -9999 -9999 -9999 -9999 -9999 -9999 -9999 -9999 -9999 -9999 -9999 -9999 -9999 -9999 -9999 -9999 -9999 -9999 -9999 -9999 -9999 -9999 -9999 -9999 -9999 -9999 -9999 -9999 -9999 -9999 -9999 -9999 -9999 -9999 -9999 -9999
9.23 11.79 10.38 9.74 7.65 8.48 7.74 10.70 9.64 7.51 6.97 7.85 5.89 6.75 8.12 7.86 6.81 6.48 7.40 8.41 8.49 -9999 -9999 -9999 -9999 -9999 -9999 -9999 -9999 -9999 -9999 -9999 -9999 -9999 -9999 -9999 -9999 -9999 -9999 -9999 -9999 -9999 -9999 -9999 -9999 -9999 -9999 -9999 -9999 -9999 -9999 -9999 -9999 -9999 -9999 -9999 -9999 -9999 -9999 -9999 -9999 -9999 -9999 -9999 -9999 -9999 -9999 -9999 -9999 -9999 -9999 -9999 -9999 -9999 -9999 -9999 -9999 -9999
8.32 9.06 9.12 7.85 9.20 11.44 10.92 8.87 9.09 9.13 9.12 7.74 8.55 7.48 6.10 6.24 7.59 8.78 9.15 8.17 9.23 -9999 -9999 -9999 -9999 -9999 -9999 -9999 -9999 -9999 -9999 -9999 -9999 -9999 -9999 -9999 -9999 -9999 -9999 -9999 -9999 -9999 -9999 -9999 -9999 -9999 -9999 -9999 -9999 -9999 -9999 -9999 -9999 -9999 -9999 -9999 -9999 -9999 -9999 -9999 -9999 -9999 -9999 -9999 -9999 -9999 -9999 -9999 -9999 -9999 -9999 -9999 -9999 -9999 -9999 -9999 -9999 -9999
8.04 9.50 9.82 -9999 -9999 -9999 -9999 -9999 -9999 -9999 -9999 -9999 9.47 10.35 8.53 7.41 6.68 8.19 8.98 8.37 -9999 -9999 -9999 -9999 -9999 -9999 -9999 -9999 -9999 -9999 -9999 -9999 -9999 -9999 -9999 -9999 -9999 -9999 -9999 -9999 -9999 -9999 -9999 -9999 -9999 -9999 -9999 -9999 -9999 -9999 -9999 -9999 -9999 -9999 -9999 -9999 -9999 -9999 -9999 -9999 -9999 -9999 -9999 -9999 -9999 -9999 -9999 -9999 -9999 -9999 -9999 -9999 -9999 -9999 -9999 -9999 -9999 -9999
10.23 10.04 10.72 -9999 -9999 -9999 -9999 -9999 -9999 -9999 -9999 -9999 -9999 -9999 -9999 8.12 7.36 7.67 8.10 -9999 -9999 -9999 -9999 -9999 -9999 -9999 -9999 -9999 -9999 -9999 -9999 -9999 -9999 -9999 -9999 -9999 -9999 -9999 -9999 -9999 -9999 -9999 -9999 -9999 -9999 -9999 -9999 -9999 -9999 -9999 -9999 -9999 -9999 -9999 -9999 -9999 -9999 -9999 -9999 -9999 -9999 -9999 -9999 -9999 -9999 -9999 -9999 -9999 -9999 -9999 -9999 -9999 -9999 -9999 -9999 -9999 -9999 -9999
10.31 -9999 -9999 -9999 -9999 -9999 -9999 -9999 -9999 -9999 -9999 -9999 -9999 -9999 -9999 9.42 11.15 11.90 10.89 -9999 -9999 -9999 -9999 -9999 -9999 -9999 -9999 -9999 -9999 -9999 -9999 -9999 -9999 -9999 -9999 -9999 -9999 -9999 -9999 -9999 -9999 -9999 -9999 -9999 -9999 -9999 -9999 -9999 -9999 -9999 -9999 -9999 -9999 -9999 -9999 -9999 -9999 -9999 -9999 -9999 -9999 -9999 -9999 -9999 -9999 -9999 -9999 -9999 -9999 -9999 -9999 -9999 -9999 -9999 -9999 -9999 -9999 -9999
-9999 -9999 -9999 -9999 -9999 -9999 -9999 -9999 -9999 -9999 -9999 -9999 -9999 -9999 -9999 -9999 -9999 -9999 -9999 -9999 -9999 -9999 -9999 -9999 -9999 -9999 -9999 -9999 -9999 -9999 -9999 -9999 -9999 -9999 -9999 -9999 -9999 -9999 -9999 -9999 -9999 -9999 -9999 -9999 -9999 -9999 -9999 -9999 -9999 -9999 -9999 -9999 -9999 -9999 -9999 -9999 -9999 -9999 -9999 -9999 -9999 -9999 -9999 -9999 -9999 -9999 -9999 -9999 -9999 -9999 -9999 -9999 -9999 -9999 -9999 -9999 -9999 -9999
-9999 -9999 -9999 -9999 -9999 -9999 -9999 -9999 -9999 -9999 -9999 -9999 -9999 -9999 -9999 -9999 -9999 -9999 -9999 -9999 -9999 -9999 -9999 -9999 -9999 -9999 -9999 -9999 -9999 -9999 -9999 -9999 -9999 -9999 -9999 -9999 -9999 -9999 -9999 -9999 -9999 -9999 -9999 -9999 -9999 -9999 -9999 -9999 -9999 -9999 -9999 -9999 -9999 -9999 -9999 -9999 -9999 -9999 -9999 -9999 -9999 -9999 -9999 -9999 -9999 -9999 -9999 -9999 -9999 -9999 -9999 -9999 -9999 -9999 -9999 -9999 -9999 -9999
