ML/MeanWindSpeed_1994-07_Actual.txt
ncols         180
nrows         290
xllcorner     -200000
yllcorner     -200000
cellsize      5000
NODATA_value  -9999
[rows 175 to 209 of 290, columns 79 to 157 of 180]
-9999 -9999 -9999 -9999 -9999 -9999 -9999 8.71 7.94 7.27 6.52 6.29 5.87 5.10 8.41 13.85 6.02 8.11 7.74 6.56 5.29 3.88 3.88 5.29 6.99 5.90 4.50 4.96 5.94 5.79 5.83 6.49 5.51 5.03 4.80 5.16 5.54 5.89 6.81 6.85 9.76 9.70 6.97 6.45 5.24 4.41 4.83 5.34 4.55 4.77 5.68 5.29 5.21 5.99 5.77 6.54 6.29 6.53 6.62 6.58 7.31 6.53 6.47 6.61 6.54 6.78 6.96 7.12 7.40 7.79 6.89 8.10 9.54 -9999 -9999 -9999 -9999 -9999 -9999
-9999 -9999 -9999 -9999 -9999 -9999 -9999 -9999 9.21 7.43 6.42 5.74 6.67 7.80 16.13 10.34 4.39 8.44 5.05 7.11 6.47 4.42 3.03 7.38 5.93 6.87 5.86 4.84 5.17 5.67 5.18 5.49 5.68 5.39 5.18 4.98 5.34 5.58 6.02 7.56 7.49 9.84 7.45 7.27 6.80 3.94 5.12 6.87 5.30 5.55 5.83 5.30 5.51 5.85 5.75 6.56 6.16 6.24 6.53 6.20 6.39 6.37 6.26 6.37 6.49 6.65 6.83 7.73 7.07 6.68 6.87 7.88 9.38 -9999 -9999 -9999 -9999 -9999 -9999
-9999 -9999 -9999 -9999 -9999 -9999 -9999 -9999 -9999 8.00 6.74 7.28 9.05 15.66 14.74 9.02 7.53 6.98 7.25 7.86 7.37 7.66 5.23 3.91 7.96 6.19 5.85 5.65 5.05 5.27 5.30 4.92 5.25 5.05 4.84 5.06 5.31 5.42 5.69 6.73 7.38 7.65 6.18 6.16 7.57 6.39 3.91 7.25 6.01 6.01 6.13 5.45 5.65 5.65 6.01 6.53 6.21 6.18 6.38 6.08 6.91 6.44 6.30 6.38 6.45 6.74 6.54 6.55 6.49 6.51 6.93 8.25 9.60 -9999 -9999 -9999 -9999 -9999 -9999
-9999 -9999 -9999 -9999 -9999 -9999 -9999 -9999 -9999 8.09 7.64 9.81 10.52 10.44 10.50 5.35 5.34 7.24 8.84 8.75 8.57 7.22 5.91 3.80 8.23 7.91 6.23 6.12 5.21 5.24 5.36 5.61 5.13 5.05 5.00 4.88 5.05 5.36 6.69 6.88 5.05 8.00 6.36 6.91 8.19 8.16 5.91 5.07 5.50 4.93 5.79 6.21 5.51 5.44 5.30 5.87 5.96 6.30 6.30 6.14 6.21 6.61 6.50 6.66 6.56 6.59 6.43 6.28 6.47 6.98 7.83 9.04 -9999 -9999 -9999 -9999 -9999 -9999 -9999
-9999 -9999 -9999 -9999 -9999 -9999 -9999 -9999 -9999 7.87 8.10 8.53 7.38 10.01 7.25 4.78 7.02 5.71 6.40 8.39 6.76 8.78 7.74 5.11 7.67 8.18 7.83 5.86 5.76 5.26 5.67 6.16 5.69 5.16 4.89 4.83 5.13 6.24 6.29 5.31 5.25 6.86 6.57 6.61 6.46 5.96 5.80 6.25 4.31 5.26 5.27 5.08 5.39 5.04 5.79 5.39 5.88 6.28 6.34 6.35 7.37 6.66 6.51 6.57 6.68 6.70 6.68 6.69 6.94 7.88 8.99 -9999 -9999 -9999 -9999 -9999 -9999 -9999 -9999
-9999 -9999 -9999 -9999 -9999 -9999 -9999 -9999 8.32 14.47 8.10 8.26 9.33 4.92 12.64 10.70 10.03 8.05 9.06 6.22 6.35 5.69 5.19 7.11 9.19 7.23 7.14 5.54 5.32 5.01 5.99 5.82 5.42 5.28 4.89 4.90 5.78 5.69 5.12 5.92 6.88 4.63 7.72 7.32 4.95 5.39 5.07 4.74 4.90 4.45 4.34 4.50 5.23 4.99 4.80 6.23 5.96 6.30 6.55 6.62 7.38 6.65 6.48 6.67 6.66 6.80 6.79 6.91 7.71 8.80 -9999 -9999 -9999 -9999 -9999 -9999 -9999 9.71 -9999
-9999 -9999 -9999 -9999 -9999 -9999 8.41 8.05 10.56 9.03 6.52 6.24 7.37 4.60 6.27 7.87 10.40 9.46 9.80 7.42 7.33 3.51 5.72 5.99 3.63 3.62 3.98 5.62 5.56 5.38 5.99 5.93 5.95 5.53 5.47 6.14 5.30 5.75 5.05 5.98 6.40 5.73 4.84 4.46 5.85 5.27 4.98 5.21 5.19 5.02 3.99 4.67 4.60 4.27 4.78 5.63 6.14 6.59 6.57 6.65 7.25 6.64 6.39 6.66 6.64 6.76 6.81 7.24 8.21 -9999 -9999 -9999 -9999 -9999 9.91 9.55 9.15 8.57 8.58
-9999 -9999 -9999 -9999 -9999 8.16 7.81 7.49 7.19 6.67 6.04 5.58 5.05 4.30 5.87 7.25 7.68 12.40 6.03 4.09 4.58 2.86 7.66 8.48 7.26 4.39 4.37 5.91 6.25 6.19 6.37 6.65 6.31 6.27 6.01 6.06 5.94 4.94 5.08 5.99 5.74 5.31 4.84 5.03 5.56 4.65 5.09 4.55 4.54 4.93 4.46 4.17 3.95 4.31 5.46 5.82 6.33 6.85 7.04 6.88 7.67 7.11 6.62 6.60 6.62 6.74 6.85 7.28 8.06 -9999 -9999 -9999 -9999 -9999 9.15 8.50 8.21 7.79 7.73
-9999 -9999 -9999 -9999 8.70 9.05 8.05 7.51 -9999 -9999 -9999 -9999 6.81 10.41 9.12 8.33 8.11 6.03 4.48 6.70 6.39 5.25 11.73 9.55 7.27 7.68 6.15 5.54 6.38 6.67 6.39 6.40 6.36 6.35 6.42 5.40 6.00 5.00 5.05 5.16 5.34 5.50 5.33 4.63 4.79 4.77 4.65 4.48 4.22 4.05 4.14 4.32 4.62 5.23 5.84 6.34 7.31 7.99 8.07 7.70 7.91 7.50 7.32 6.72 6.68 6.72 6.77 7.01 7.66 8.77 -9999 -9999 -9999 -9999 8.33 7.61 7.29 7.27 7.37
-9999 -9999 -9999 -9999 9.44 10.40 7.63 7.92 -9999 -9999 -9999 -9999 7.99 9.10 10.54 6.19 8.22 7.15 6.79 8.58 8.93 5.84 7.93 2.85 4.36 4.95 5.37 5.45 5.97 6.50 6.50 6.63 7.02 6.37 6.62 5.79 5.42 5.72 4.96 5.03 4.54 5.31 6.15 6.31 6.16 5.15 4.64 4.56 4.47 4.77 4.53 5.06 5.66 6.16 7.31 7.44 9.23 9.41 9.53 8.55 8.35 7.85 7.49 6.82 6.79 6.75 6.71 6.81 7.03 7.76 8.43 -9999 -9999 8.61 8.06 7.44 7.37 7.10 6.91
-9999 -9999 -9999 -9999 -9999 -9999 -9999 -9999 -9999 -9999 -9999 -9999 8.24 9.57 7.88 6.02 6.76 4.66 9.68 7.81 3.11 4.97 3.98 3.13 4.30 3.53 4.22 4.83 6.23 6.37 6.68 6.49 6.14 6.15 6.03 5.56 5.42 5.76 5.26 4.91 4.95 5.31 5.28 5.91 6.27 5.19 6.07 6.66 5.68 5.54 5.43 5.18 6.16 7.12 8.34 8.70 8.67 9.26 9.82 9.24 9.05 8.18 7.62 6.84 6.83 6.79 6.76 6.75 6.66 6.90 7.37 7.94 8.03 7.60 7.55 6.78 7.30 7.33 7.29
-9999 -9999 -9999 -9999 -9999 -9999 -9999 -9999 -9999 -9999 -9999 -9999 -9999 9.52 3.16 4.15 5.87 8.70 6.94 6.81 5.52 2.25 3.19 4.50 2.53 3.07 3.41 4.55 5.35 6.07 6.29 6.34 6.10 5.97 5.81 5.82 5.49 5.79 5.83 5.42 6.67 5.96 4.95 4.99 5.34 5.81 5.83 6.62 6.78 6.09 6.86 5.89 5.99 6.82 6.95 7.76 8.34 8.65 9.68 9.57 9.01 7.84 7.48 6.79 6.79 6.74 6.68 6.70 6.73 6.79 6.77 6.96 6.97 6.80 6.70 6.68 7.36 7.30 7.05
-9999 -9999 -9999 -9999 -9999 -9999 -9999 -9999 -9999 -9999 -9999 -9999 -9999 7.14 9.84 10.36 7.76 5.69 3.77 4.68 2.53 2.86 2.15 2.11 4.67 3.70 3.92 5.91 5.79 5.88 5.97 5.82 6.02 6.52 6.25 6.92 6.51 6.01 5.90 5.67 6.79 7.12 5.95 5.24 5.14 5.66 5.84 5.91 6.39 6.75 8.22 7.39 6.29 6.34 7.12 8.35 9.48 9.82 9.42 9.69 8.82 7.31 6.72 6.61 6.69 6.68 6.72 6.73 6.75 6.77 6.73 6.70 6.62 6.64 6.68 6.63 7.11 7.14 7.62
-9999 -9999 -9999 -9999 -9999 -9999 -9999 -9999 -9999 -9999 -9999 -9999 9.55 8.59 5.64 10.93 6.04 4.17 5.44 4.27 2.87 5.32 3.06 3.03 6.04 3.89 8.81 6.62 5.32 5.62 6.82 6.11 6.11 8.17 7.74 7.02 5.90 6.08 6.07 5.83 6.02 6.25 6.11 5.64 5.60 5.62 5.62 6.00 5.90 6.65 6.45 6.50 6.73 6.88 7.79 8.76 9.67 9.82 8.95 8.74 7.50 6.60 6.43 6.45 6.55 6.66 6.72 6.74 6.70 6.69 6.65 6.56 6.51 6.83 6.89 6.76 6.88 7.21 6.82
-9999 -9999 -9999 -9999 -9999 -9999 -9999 -9999 -9999 -9999 -9999 -9999 7.86 7.29 9.96 4.52 1.39 3.55 3.96 4.69 6.42 6.49 4.29 4.03 4.92 4.34 5.49 6.35 7.35 7.38 6.08 6.45 6.35 6.28 6.62 5.80 5.69 6.25 6.25 6.52 6.46 5.91 6.13 6.05 5.86 5.66 5.49 5.67 5.71 6.09 6.22 6.40 6.44 7.21 8.27 9.22 8.71 9.19 9.00 7.93 6.65 7.02 6.46 6.69 6.57 6.68 6.64 6.67 6.67 6.58 6.51 6.49 6.44 6.99 6.87 6.62 6.67 7.10 6.99
-9999 -9999 -9999 -9999 -9999 -9999 -9999 -9999 -9999 -9999 -9999 -9999 7.44 8.65 2.83 4.32 4.02 5.07 4.80 7.95 6.14 7.31 5.05 4.36 3.52 4.07 5.19 8.10 9.63 10.46 6.78 8.11 6.76 6.25 6.01 5.12 5.60 6.00 6.19 6.54 5.99 5.93 6.83 6.38 5.93 5.80 6.49 5.48 5.81 5.90 5.84 5.92 6.28 7.05 7.44 7.81 7.84 7.90 7.36 6.91 6.84 6.91 6.17 6.23 6.52 6.59 6.61 6.55 6.44 6.45 6.39 6.37 6.36 6.51 6.42 6.65 6.52 6.86 6.88
-9999 -9999 -9999 -9999 -9999 -9999 -9999 -9999 -9999 -9999 -9999 -9999 -9999 5.46 6.30 8.31 9.87 9.88 6.96 6.67 4.80 2.52 3.12 3.18 4.44 5.21 4.89 6.40 6.51 9.14 7.80 6.90 6.28 6.82 6.58 5.25 6.18 5.68 5.85 7.45 5.90 5.67 5.58 5.87 5.73 5.70 6.75 6.37 5.84 6.18 6.02 6.13 6.63 7.14 6.74 6.72 6.58 7.31 6.69 7.30 7.08 6.29 6.08 6.56 6.56 6.38 6.38 6.33 6.31 6.34 6.30 6.29 6.27 6.28 6.34 6.60 6.59 6.57 6.74
-9999 -9999 -9999 -9999 -9999 -9999 -9999 -9999 -9999 -9999 -9999 -9999 -9999 6.76 8.30 8.99 9.39 10.31 8.41 6.20 4.46 3.52 5.50 7.59 9.06 10.25 7.51 5.21 5.46 6.65 7.18 5.94 7.71 6.60 6.86 6.02 6.59 5.92 5.77 6.17 7.00 6.51 5.85 5.66 5.76 5.74 6.31 6.33 6.15 6.19 6.67 7.07 7.24 7.39 6.77 6.64 7.67 7.66 7.55 7.09 7.18 6.47 6.58 6.92 6.24 6.15 6.18 6.18 6.24 6.24 6.20 6.20 6.21 6.29 6.31 6.29 6.17 6.11 6.33
-9999 -9999 -9999 -9999 -9999 -9999 -9999 -9999 -9999 -9999 -9999 -9999 6.56 5.73 6.79 7.95 7.94 6.47 6.40 5.75 7.46 11.40 9.13 9.17 8.83 6.80 5.92 6.46 6.51 5.33 5.89 6.60 7.41 7.00 6.79 5.91 6.70 5.74 5.99 6.86 6.17 6.51 6.49 6.13 6.07 5.81 6.18 6.23 5.93 6.20 6.34 6.48 7.13 6.78 7.60 7.27 7.71 7.02 7.07 7.00 6.39 6.32 6.85 6.69 6.06 6.05 6.27 6.14 6.25 6.26 6.31 6.24 6.17 6.19 6.17 6.45 6.61 6.63 6.06
-9999 -9999 -9999 -9999 -9999 -9999 -9999 -9999 -9999 -9999 -9999 -9999 7.82 6.54 5.69 5.44 5.96 8.63 8.84 8.69 7.87 8.27 9.33 9.92 9.57 6.22 7.73 8.94 5.73 7.54 5.39 6.25 6.80 7.96 5.70 6.26 5.29 5.28 5.99 6.32 8.15 6.82 6.85 6.53 6.30 6.02 5.97 5.90 5.76 5.92 5.94 6.12 6.21 7.07 7.51 7.53 7.74 6.80 6.27 6.23 5.94 6.27 6.55 6.34 6.21 6.57 6.34 6.58 6.32 6.31 6.44 6.44 6.18 6.11 6.10 6.13 6.69 6.69 6.74
-9999 -9999 -9999 -9999 -9999 -9999 -9999 -9999 -9999 -9999 -9999 -9999 6.86 6.06 3.89 4.77 6.14 9.11 7.93 8.89 7.16 8.27 7.89 6.62 7.19 7.79 7.38 6.50 5.66 5.97 8.47 5.69 4.99 5.32 5.64 6.81 5.80 4.96 5.62 6.04 6.10 6.10 6.89 6.60 6.25 6.18 5.57 5.39 5.95 6.18 6.33 6.02 6.47 7.21 7.25 6.63 6.56 7.03 6.22 6.39 5.59 6.27 6.22 5.71 5.90 6.18 5.81 6.08 6.13 6.20 6.27 6.20 6.11 6.10 6.04 6.33 5.93 6.20 6.51
-9999 -9999 -9999 -9999 -9999 -9999 -9999 -9999 -9999 -9999 -9999 7.11 7.15 8.47 6.66 4.83 7.05 7.27 8.97 9.45 5.56 5.94 6.04 7.02 7.78 6.49 6.30 7.87 6.90 6.20 6.07 5.38 4.45 4.69 5.74 5.63 5.58 5.57 5.35 5.04 5.42 5.82 5.48 5.99 5.71 6.15 5.59 5.69 5.86 5.71 5.73 5.93 6.79 6.48 6.47 6.09 6.53 6.52 6.28 5.59 6.12 6.09 6.01 6.26 6.10 5.83 5.84 5.85 6.08 6.19 6.15 6.15 6.10 6.07 6.14 6.30 6.17 6.25 6.56
-9999 -9999 -9999 -9999 -9999 -9999 -9999 -9999 -9999 -9999 8.17 7.68 7.38 5.97 5.04 7.38 9.37 9.29 7.60 8.89 6.30 7.68 7.18 6.33 10.41 6.75 7.21 5.71 6.21 5.42 5.62 6.12 6.77 5.70 7.03 5.43 5.98 5.25 5.07 5.23 5.22 5.43 5.32 5.50 5.72 5.91 5.12 5.76 5.83 6.05 6.15 6.21 6.53 5.83 6.43 6.18 6.20 5.57 5.56 6.39 6.54 6.02 6.09 6.15 5.79 6.29 6.39 6.38 6.40 6.23 6.14 6.13 6.40 6.41 6.90 6.93 6.92 6.91 6.32
-9999 -9999 -9999 -9999 -9999 -9999 -9999 -9999 8.52 7.50 6.65 4.85 4.37 5.22 5.96 8.76 9.31 9.95 10.69 9.11 7.95 5.43 8.22 7.10 9.11 6.76 6.11 6.21 5.34 5.45 5.32 6.40 7.58 6.70 6.39 4.62 5.08 5.27 5.27 5.88 5.41 5.61 5.15 5.24 5.46 5.14 5.30 5.68 6.53 6.49 7.06 7.25 6.62 6.17 5.82 5.78 6.25 6.45 6.14 6.35 5.61 6.06 6.14 5.85 5.60 5.87 6.60 6.54 6.63 6.13 6.14 6.24 6.49 7.20 7.42 7.07 7.53 7.29 6.89
-9999 -9999 -9999 -9999 7.42 7.12 6.68 9.37 9.22 8.85 8.45 6.09 5.71 5.76 9.72 8.33 9.36 8.90 8.27 5.99 5.81 5.45 7.12 6.28 10.08 8.59 7.16 5.68 6.18 5.93 7.58 5.47 6.58 6.59 5.96 5.39 5.04 4.97 5.76 5.47 4.92 5.82 5.07 5.15 4.89 5.24 5.97 6.46 5.88 6.70 6.38 6.52 7.07 6.95 6.76 6.56 6.77 6.63 6.17 5.65 6.12 5.35 5.36 5.54 5.64 6.25 6.38 6.47 6.15 6.00 6.35 6.74 7.45 7.37 6.86 7.24 6.49 6.73 6.91
-9999 -9999 -9999 8.52 6.82 7.51 7.18 6.62 7.61 6.64 7.15 5.75 5.13 8.37 8.63 8.83 5.75 9.58 6.74 5.10 9.58 7.78 5.19 9.81 7.40 6.41 3.74 4.44 5.43 7.95 5.79 5.27 5.06 5.32 6.60 6.12 6.16 5.28 5.44 5.06 4.92 5.57 5.35 5.05 5.09 5.62 6.43 6.16 7.44 6.24 5.94 6.12 6.70 6.32 6.31 6.02 6.00 6.37 6.03 6.22 5.72 5.30 5.35 5.82 5.68 5.88 5.91 5.61 5.74 6.06 6.43 6.77 6.93 7.26 7.03 6.90 6.47 6.36 6.33
-9999 -9999 8.53 7.67 5.22 4.85 5.06 5.63 4.97 5.71 5.49 6.15 9.83 7.65 5.86 8.91 4.75 7.12 7.49 10.33 9.63 9.92 7.59 6.86 5.52 3.20 7.20 7.54 5.03 5.41 5.20 5.10 5.35 5.12 5.31 6.32 6.69 5.23 5.13 4.98 5.37 5.10 4.97 5.15 7.13 6.02 6.03 6.26 6.71 6.37 6.00 6.36 6.74 6.61 6.92 6.46 5.75 5.68 5.67 6.26 6.02 5.60 6.19 6.20 5.86 6.01 5.91 5.97 6.43 6.70 6.88 7.10 6.89 7.13 6.48 6.24 6.41 6.12 6.11
8.17 9.17 6.95 6.21 6.33 5.56 5.06 6.62 5.92 6.40 6.45 8.59 8.23 6.61 6.82 6.79 5.90 5.89 8.98 9.52 7.79 7.28 8.76 7.09 4.52 8.06 9.13 7.25 7.31 5.22 5.68 5.42 5.49 7.15 5.33 6.63 5.40 5.14 5.16 5.23 6.71 5.22 5.47 8.21 6.10 6.07 6.08 6.32 6.75 5.86 6.16 6.31 6.01 6.41 6.43 6.10 5.74 6.06 5.85 6.00 6.22 6.28 5.93 5.76 5.87 6.12 6.62 7.91 7.47 8.12 7.73 6.84 7.49 7.03 6.97 6.72 6.49 6.54 6.15
8.06 9.81 11.61 9.93 9.29 7.12 7.86 9.10 8.25 7.92 9.47 7.55 6.59 8.38 6.10 4.73 5.90 5.91 8.02 7.44 6.66 6.08 6.96 7.34 8.22 14.23 10.07 7.29 5.91 6.36 5.84 7.28 5.75 5.99 5.13 4.85 4.90 5.33 5.21 5.06 5.47 5.67 7.96 7.91 7.15 6.38 6.17 7.75 6.31 6.01 6.33 5.86 6.34 6.30 6.18 5.73 6.57 6.41 6.00 7.06 6.76 5.95 5.69 5.84 6.11 6.74 7.60 7.99 7.82 8.17 7.71 7.31 7.60 7.14 6.54 6.81 6.70 6.83 6.67
7.54 8.19 8.18 7.43 6.30 7.98 7.10 8.43 6.24 7.15 8.80 7.45 5.86 7.10 4.88 5.23 8.24 8.45 6.85 5.28 6.79 4.50 4.86 6.36 9.89 10.59 10.08 5.53 6.75 6.87 6.92 6.34 5.11 5.85 5.44 5.18 4.83 5.43 5.11 5.17 5.96 6.09 7.69 6.94 6.58 6.15 6.76 7.59 6.92 6.69 6.36 6.36 6.15 5.91 5.77 6.01 6.39 6.69 6.50 6.34 6.27 6.13 6.86 7.47 6.49 6.76 7.36 7.57 7.23 7.72 7.80 7.85 7.65 6.59 6.58 6.48 6.57 6.29 6.51
6.24 6.31 5.83 6.41 5.96 6.23 7.34 5.99 6.78 5.62 5.19 5.03 5.16 5.50 8.13 7.98 10.54 14.80 8.03 8.24 7.92 10.80 10.69 5.04 4.27 10.72 7.69 7.00 7.83 8.71 6.65 5.22 4.81 6.26 6.50 5.46 4.99 4.98 5.19 5.56 6.36 8.14 7.71 6.08 5.93 6.10 5.90 5.85 6.62 6.23 6.12 5.78 5.45 5.40 5.58 6.53 6.31 6.04 6.27 5.75 5.91 6.75 6.67 7.15 6.68 6.65 6.61 6.81 7.34 7.65 7.83 7.82 7.75 6.53 6.11 6.48 6.46 6.03 6.24
5.86 6.35 5.37 5.76 5.80 6.23 5.49 5.53 6.50 6.01 7.02 6.01 8.25 6.40 9.58 11.30 10.76 11.29 12.28 10.41 11.73 12.89 8.39 9.40 6.99 2.36 7.10 7.90 5.77 6.16 4.70 6.64 6.50 8.21 7.25 5.50 5.23 5.22 5.46 6.42 8.27 6.66 7.65 6.26 6.10 6.78 5.85 6.76 5.66 5.89 5.58 5.42 5.30 5.58 5.71 5.83 5.60 5.54 5.64 5.99 6.73 7.32 6.73 6.11 6.64 6.13 6.86 6.45 6.58 6.95 7.30 7.51 7.42 6.89 6.02 6.33 6.37 6.14 6.35
6.36 6.10 7.39 8.22 9.22 8.22 7.35 6.87 6.36 7.01 9.14 6.81 8.18 5.87 7.12 7.32 6.23 4.96 7.61 7.21 9.26 9.59 11.80 10.31 9.74 7.41 10.54 6.34 5.67 5.51 6.60 6.37 8.15 7.04 7.16 5.26 5.58 5.66 8.60 8.83 7.84 7.59 6.02 6.49 6.69 6.58 6.14 5.97 5.86 5.58 5.45 5.46 5.46 5.94 5.99 6.20 5.88 5.55 5.72 6.49 7.67 6.12 6.39 6.34 5.95 5.87 6.02 5.92 6.27 6.88 6.73 7.13 6.98 6.62 6.37 6.33 5.97 5.68 6.42
6.90 6.47 6.58 7.90 8.01 8.63 8.30 7.80 7.61 7.35 7.33 9.35 6.63 9.53 8.05 7.62 8.15 6.76 5.06 5.12 7.00 6.49 8.62 9.36 7.75 10.20 9.88 5.44 6.70 5.26 5.79 7.15 7.37 6.16 5.71 5.28 5.62 7.25 6.54 7.51 6.86 6.17 6.41 6.21 5.98 6.12 5.65 5.44 5.43 5.42 6.65 5.42 5.96 5.39 5.39 5.40 5.69 6.05 6.68 7.46 6.82 6.32 6.37 6.23 6.00 6.02 6.33 6.88 6.04 6.78 7.46 6.88 6.47 6.58 5.88 5.99 6.49 5.97 5.62
7.31 7.55 7.90 8.73 -9999 -9999 -9999 -9999 8.26 7.83 8.21 6.35 5.55 6.77 6.67 6.75 6.90 4.27 10.79 10.82 6.95 6.14 6.21 7.88 8.44 9.10 6.94 6.33 6.10 5.52 8.44 6.74 7.57 5.07 5.44 5.78 5.89 7.57 5.80 6.60 6.36 5.78 5.90 5.77 5.58 5.37 5.25 5.30 5.51 5.49 6.31 5.45 5.61 5.64 5.40 5.78 6.10 7.23 6.87 6.81 6.71 6.65 5.63 5.70 5.56 6.28 6.55 6.64 5.88 6.50 7.11 6.94 6.48 6.88 6.45 6.18 6.24 6.23 5.71
