ML/MeanWindSpeed_1993-09_Actual.txt
ncols         180
nrows         290
xllcorner     -200000
yllcorner     -200000
cellsize      5000
NODATA_value  -9999
[rows 140 to 174 of 290, columns 79 to 157 of 180]
-9999 -9999 12.03 -9999 -9999 -9999 11.02 10.77 9.26 9.35 10.79 -9999 -9999 11.85 10.21 12.13 13.19 -9999 -9999 -9999 -9999 -9999 9.93 8.27 5.91 5.93 5.51 6.11 6.20 6.92 7.35 6.09 8.16 10.38 11.12 8.80 10.24 10.93 11.28 9.18 9.62 9.66 8.49 6.52 6.32 6.67 4.65 5.21 7.42 9.66 -9999 -9999 -9999 -9999 -9999 -9999 -9999 -9999 -9999 -9999 -9999 -9999 -9999 -9999 -9999 -9999 -9999 -9999 -9999 -9999 -9999 -9999 -9999 -9999 -9999 -9999 -9999 -9999 -9999
-9999 -9999 12.19 12.02 -9999 -9999 -9999 11.07 11.10 10.79 11.58 -9999 -9999 -9999 -9999 12.60 -9999 -9999 -9999 -9999 -9999 -9999 8.69 7.39 6.43 6.81 7.06 7.06 6.75 7.08 6.87 6.71 7.37 10.03 10.88 7.61 11.97 11.66 12.57 9.78 9.69 10.90 8.66 7.14 6.51 5.26 4.28 5.25 7.24 9.51 -9999 -9999 -9999 -9999 -9999 -9999 -9999 -9999 -9999 -9999 -9999 -9999 -9999 -9999 -9999 -9999 -9999 -9999 -9999 -9999 -9999 -9999 -9999 -9999 -9999 -9999 -9999 -9999 -9999
-9999 -9999 -9999 13.24 -9999 -9999 -9999 -9999 11.33 12.11 12.19 -9999 -9999 -9999 -9999 -9999 -9999 -9999 -9999 -9999 -9999 9.85 8.31 7.90 7.75 7.84 8.72 8.43 7.88 7.93 7.52 7.69 7.21 8.55 13.26 12.74 12.13 12.04 10.06 9.21 9.28 7.71 6.01 7.61 7.59 5.09 4.72 5.86 7.44 9.70 11.65 -9999 -9999 -9999 -9999 -9999 -9999 -9999 -9999 -9999 -9999 -9999 -9999 -9999 -9999 -9999 -9999 -9999 -9999 -9999 -9999 -9999 -9999 -9999 -9999 -9999 -9999 -9999 -9999
-9999 -9999 -9999 14.26 -9999 -9999 -9999 -9999 -9999 -9999 -9999 -9999 -9999 -9999 -9999 -9999 -9999 -9999 -9999 -9999 -9999 9.41 7.40 6.38 5.98 5.84 11.87 9.35 8.14 9.79 7.62 8.70 5.98 6.85 11.59 14.43 11.37 10.19 13.77 15.15 13.48 10.97 9.41 6.02 6.36 6.01 6.77 6.56 7.58 9.90 11.53 12.46 -9999 -9999 -9999 -9999 -9999 -9999 -9999 -9999 -9999 -9999 -9999 -9999 -9999 -9999 -9999 -9999 -9999 -9999 -9999 -9999 -9999 -9999 -9999 -9999 -9999 -9999 -9999
-9999 -9999 -9999 -9999 -9999 -9999 -9999 -9999 -9999 -9999 -9999 -9999 -9999 -9999 -9999 -9999 -9999 -9999 -9999 -9999 9.99 8.43 6.66 5.83 8.56 5.23 15.53 14.12 7.66 8.48 7.46 7.05 7.58 6.27 7.93 15.31 14.89 12.94 11.47 10.47 12.02 11.23 9.91 8.06 6.97 6.63 6.46 6.81 8.33 9.08 9.81 10.91 -9999 -9999 -9999 -9999 -9999 -9999 -9999 -9999 -9999 -9999 -9999 -9999 -9999 -9999 -9999 -9999 -9999 -9999 -9999 -9999 -9999 -9999 -9999 -9999 -9999 -9999 -9999
-9999 -9999 -9999 -9999 -9999 -9999 -9999 -9999 -9999 -9999 -9999 -9999 -9999 -9999 -9999 -9999 -9999 -9999 -9999 -9999 9.04 8.77 6.02 7.40 13.74 8.15 5.82 10.23 10.65 8.42 7.69 7.16 7.03 7.08 8.78 11.37 17.98 14.74 12.90 10.72 10.21 9.84 8.12 7.70 7.51 8.16 7.09 8.07 8.02 8.62 8.71 9.31 10.13 10.69 10.83 -9999 -9999 -9999 -9999 -9999 -9999 -9999 -9999 -9999 -9999 -9999 -9999 -9999 -9999 -9999 -9999 -9999 -9999 -9999 -9999 -9999 -9999 -9999 -9999
-9999 -9999 -9999 -9999 -9999 -9999 -9999 -9999 -9999 -9999 -9999 -9999 -9999 -9999 -9999 -9999 -9999 -9999 -9999 -9999 9.03 8.01 7.23 10.06 6.87 7.12 8.48 12.13 9.14 7.40 10.05 5.64 7.67 7.40 9.02 9.63 12.16 13.23 12.23 10.99 10.06 7.99 7.83 7.28 6.90 6.83 7.25 7.39 7.93 7.80 7.93 8.20 10.65 9.24 10.13 10.80 10.70 -9999 -9999 -9999 -9999 -9999 -9999 -9999 -9999 -9999 -9999 -9999 -9999 -9999 -9999 -9999 -9999 -9999 -9999 -9999 -9999 -9999 -9999
-9999 -9999 -9999 -9999 -9999 -9999 -9999 -9999 -9999 -9999 -9999 -9999 -9999 -9999 -9999 -9999 -9999 -9999 -9999 -9999 9.20 8.30 8.65 13.14 14.20 10.44 7.46 9.10 9.92 11.52 7.16 9.76 8.14 7.53 9.12 9.73 8.54 8.80 12.04 11.06 9.88 8.90 7.93 7.39 7.41 7.42 7.07 7.37 7.38 7.16 7.66 7.73 8.26 10.19 9.60 9.53 10.62 10.85 9.72 -9999 -9999 -9999 -9999 -9999 -9999 -9999 -9999 -9999 -9999 -9999 -9999 -9999 -9999 -9999 -9999 -9999 -9999 -9999 -9999
-9999 -9999 -9999 -9999 -9999 -9999 -9999 -9999 -9999 -9999 -9999 -9999 -9999 -9999 -9999 -9999 -9999 -9999 -9999 -9999 9.68 8.06 9.49 10.58 6.95 16.57 13.91 8.57 10.60 8.47 11.33 11.67 8.34 7.03 8.35 9.33 7.81 13.93 12.56 12.00 12.07 11.96 10.88 7.93 8.74 7.71 7.38 7.37 7.29 7.24 7.02 6.55 7.13 9.11 8.04 7.48 8.03 9.35 8.31 11.24 -9999 -9999 -9999 -9999 -9999 -9999 -9999 -9999 -9999 -9999 -9999 -9999 -9999 -9999 -9999 -9999 -9999 -9999 -9999
-9999 -9999 -9999 -9999 -9999 -9999 -9999 -9999 10.45 10.75 11.77 -9999 -9999 -9999 -9999 -9999 -9999 -9999 -9999 -9999 -9999 8.93 7.53 6.21 8.02 9.86 12.61 7.87 5.87 10.19 9.61 8.63 7.52 9.16 9.59 8.62 9.15 11.62 11.73 14.50 13.17 10.95 10.12 10.34 8.89 7.82 7.47 7.22 7.33 6.89 6.45 10.05 9.26 11.84 12.04 10.87 9.83 7.52 9.83 10.62 10.47 -9999 -9999 -9999 -9999 -9999 -9999 -9999 -9999 -9999 -9999 -9999 -9999 -9999 -9999 -9999 -9999 -9999 -9999
-9999 -9999 -9999 -9999 -9999 -9999 -9999 -9999 8.46 8.70 -9999 -9999 -9999 -9999 -9999 -9999 -9999 -9999 -9999 -9999 -9999 -9999 7.62 5.02 8.42 9.16 15.51 8.87 9.11 8.59 6.98 6.34 6.62 6.54 13.38 8.39 9.25 13.46 11.47 8.99 8.28 11.77 8.25 10.34 8.56 7.52 7.08 7.08 6.91 7.38 9.20 10.04 9.48 9.25 8.75 9.56 10.30 9.70 9.80 9.64 11.94 -9999 -9999 -9999 -9999 -9999 -9999 -9999 -9999 -9999 -9999 -9999 -9999 -9999 -9999 -9999 -9999 -9999 -9999
-9999 -9999 -9999 -9999 -9999 -9999 -9999 8.82 10.27 10.24 10.77 -9999 -9999 -9999 -9999 -9999 -9999 -9999 -9999 -9999 -9999 -9999 8.18 8.67 9.14 9.74 7.91 9.26 7.61 7.41 6.80 6.22 7.78 6.75 5.57 12.92 9.53 8.90 11.85 10.14 12.27 9.65 9.69 8.28 7.91 7.45 7.39 6.87 6.71 7.88 8.96 8.22 9.04 9.99 9.61 9.96 9.65 9.74 9.88 8.54 11.32 11.02 -9999 -9999 -9999 -9999 -9999 -9999 -9999 -9999 -9999 -9999 -9999 -9999 -9999 -9999 -9999 -9999 -9999
-9999 -9999 -9999 -9999 -9999 -9999 8.56 11.25 12.02 15.18 10.89 -9999 -9999 -9999 -9999 -9999 -9999 -9999 -9999 -9999 -9999 -9999 9.31 12.12 9.38 6.01 7.53 7.19 7.74 6.48 6.00 6.75 7.87 6.10 11.23 8.75 11.55 9.07 12.82 8.15 9.15 7.32 9.04 7.62 7.79 7.88 6.94 6.92 6.61 6.93 9.57 9.91 9.47 8.60 8.80 8.54 8.59 8.81 10.08 9.92 9.62 10.73 -9999 -9999 -9999 -9999 -9999 -9999 -9999 -9999 -9999 -9999 -9999 -9999 -9999 -9999 -9999 -9999 -9999
-9999 -9999 -9999 -9999 -9999 10.21 8.84 13.88 11.47 11.73 -9999 -9999 -9999 -9999 -9999 -9999 -9999 -9999 -9999 -9999 -9999 -9999 -9999 9.13 7.02 6.08 8.22 6.32 8.32 7.00 6.51 6.26 7.24 6.15 11.24 11.06 12.10 11.42 12.09 12.01 11.84 10.28 9.59 9.60 8.90 7.26 7.03 6.99 6.76 6.79 7.52 11.19 9.99 7.84 7.38 7.46 7.26 7.33 7.31 7.48 7.32 8.45 10.44 11.78 -9999 -9999 -9999 -9999 -9999 -9999 -9999 -9999 -9999 -9999 -9999 -9999 -9999 -9999 -9999
-9999 -9999 -9999 -9999 -9999 12.05 12.62 9.43 10.30 11.25 -9999 -9999 -9999 -9999 -9999 -9999 -9999 -9999 -9999 -9999 -9999 -9999 -9999 -9999 7.82 7.60 7.15 6.60 8.04 7.76 7.65 6.94 7.51 5.97 11.06 10.40 9.82 11.62 10.42 9.81 13.32 12.86 9.48 10.71 9.45 8.83 7.28 7.01 6.92 6.79 7.10 7.91 8.15 7.53 7.42 7.29 7.25 6.98 6.90 7.03 7.22 9.76 10.54 10.86 -9999 -9999 -9999 -9999 -9999 -9999 -9999 -9999 -9999 -9999 -9999 -9999 -9999 -9999 -9999
-9999 -9999 -9999 -9999 -9999 12.81 11.20 11.74 11.38 -9999 -9999 -9999 -9999 -9999 -9999 -9999 -9999 -9999 -9999 -9999 -9999 -9999 -9999 -9999 8.88 8.41 7.89 -9999 8.59 -9999 8.05 6.73 5.82 5.18 5.74 10.44 10.04 10.41 13.26 7.69 8.45 12.98 11.06 10.16 9.79 8.64 7.51 7.21 7.14 6.86 7.01 7.31 8.03 8.84 7.83 8.26 7.35 6.66 7.60 8.77 8.50 8.17 8.45 10.33 12.57 13.70 -9999 -9999 -9999 -9999 -9999 -9999 -9999 -9999 -9999 -9999 -9999 -9999 -9999
-9999 -9999 -9999 -9999 13.10 11.99 11.52 -9999 -9999 -9999 -9999 -9999 -9999 -9999 -9999 -9999 -9999 -9999 -9999 -9999 -9999 -9999 -9999 -9999 10.22 9.15 8.33 -9999 -9999 -9999 8.00 7.91 4.93 5.69 7.09 6.61 6.92 8.63 12.19 12.10 7.67 11.11 12.30 9.57 10.45 9.30 8.24 6.78 6.95 6.82 6.92 7.13 7.46 7.80 7.75 8.10 7.04 7.38 8.46 9.41 9.82 9.76 9.07 9.33 10.95 12.71 -9999 -9999 -9999 -9999 -9999 -9999 -9999 -9999 -9999 -9999 -9999 -9999 -9999
-9999 -9999 -9999 -9999 -9999 -9999 -9999 -9999 -9999 -9999 -9999 -9999 -9999 -9999 -9999 -9999 -9999 -9999 -9999 -9999 -9999 -9999 -9999 -9999 -9999 -9999 -9999 -9999 -9999 9.09 7.44 6.68 7.73 8.49 9.20 9.40 8.33 8.88 11.36 11.03 9.35 7.66 10.23 11.10 9.57 8.60 7.81 7.24 7.13 7.33 6.99 6.99 7.20 7.29 7.33 7.06 7.89 10.08 8.87 9.62 9.12 9.25 8.50 9.43 10.84 -9999 -9999 -9999 -9999 -9999 -9999 -9999 -9999 -9999 -9999 -9999 -9999 -9999 -9999
-9999 -9999 -9999 -9999 -9999 -9999 -9999 -9999 -9999 -9999 -9999 -9999 -9999 -9999 -9999 -9999 -9999 -9999 -9999 -9999 -9999 -9999 -9999 -9999 -9999 -9999 -9999 -9999 -9999 8.53 7.17 7.85 9.65 11.90 10.91 8.34 9.43 7.35 8.07 7.53 8.92 9.55 10.09 10.14 9.76 8.60 8.11 7.75 7.16 7.39 7.01 7.07 7.22 7.36 7.37 7.12 7.73 11.02 10.35 8.98 8.79 8.66 8.44 9.39 11.04 -9999 -9999 -9999 -9999 -9999 -9999 -9999 -9999 -9999 -9999 -9999 -9999 -9999 -9999
-9999 -9999 -9999 -9999 -9999 -9999 -9999 -9999 -9999 -9999 -9999 -9999 -9999 -9999 -9999 -9999 -9999 -9999 -9999 -9999 -9999 -9999 -9999 -9999 -9999 -9999 -9999 -9999 -9999 7.59 6.52 6.78 9.09 10.09 9.73 8.91 8.31 7.48 8.20 7.21 7.04 7.91 6.71 10.12 8.86 9.55 8.36 8.05 7.10 7.04 7.24 7.28 7.37 7.36 7.41 7.39 7.49 9.39 10.07 9.24 8.75 8.78 8.55 9.20 10.53 -9999 -9999 -9999 -9999 -9999 -9999 -9999 -9999 -9999 -9999 -9999 -9999 -9999 -9999
-9999 -9999 -9999 -9999 -9999 -9999 -9999 -9999 -9999 -9999 -9999 -9999 -9999 -9999 -9999 -9999 -9999 -9999 -9999 -9999 -9999 -9999 -9999 -9999 -9999 -9999 -9999 10.12 8.35 6.79 6.31 8.46 9.95 12.35 9.49 10.77 6.59 7.47 7.40 8.07 8.57 8.48 10.12 7.40 7.56 7.51 7.45 7.06 7.78 7.16 7.25 7.59 7.38 7.39 7.50 7.44 7.64 8.18 9.72 9.15 8.59 8.62 8.62 8.75 9.68 11.20 -9999 -9999 -9999 -9999 -9999 -9999 -9999 -9999 -9999 -9999 -9999 -9999 -9999
-9999 -9999 -9999 -9999 -9999 -9999 -9999 -9999 -9999 -9999 -9999 -9999 -9999 -9999 -9999 -9999 -9999 -9999 -9999 -9999 -9999 -9999 -9999 -9999 -9999 -9999 -9999 9.30 7.36 6.45 6.18 6.78 9.39 7.55 7.44 6.22 7.41 9.88 7.80 8.71 8.27 9.33 6.53 9.85 8.12 9.14 8.89 8.88 7.86 7.53 7.35 7.32 7.32 7.41 7.45 7.51 7.59 7.88 8.56 9.45 8.86 8.59 8.68 8.39 8.76 10.36 -9999 -9999 -9999 -9999 -9999 -9999 -9999 -9999 -9999 -9999 -9999 -9999 -9999
-9999 -9999 -9999 -9999 -9999 -9999 -9999 -9999 -9999 -9999 -9999 -9999 -9999 -9999 -9999 -9999 -9999 -9999 -9999 -9999 -9999 -9999 -9999 -9999 -9999 -9999 -9999 9.27 7.23 6.61 6.40 6.81 7.47 7.57 6.79 6.05 7.17 7.66 7.20 8.55 10.39 8.33 7.93 6.93 8.42 7.08 7.65 8.27 8.58 7.83 7.62 7.30 7.28 7.42 7.48 7.53 7.65 7.85 8.31 9.28 9.78 8.93 8.57 8.27 8.09 9.21 10.85 -9999 -9999 -9999 -9999 -9999 -9999 -9999 -9999 -9999 -9999 -9999 -9999
-9999 -9999 -9999 -9999 -9999 -9999 -9999 -9999 -9999 -9999 -9999 -9999 -9999 -9999 -9999 -9999 -9999 -9999 -9999 -9999 -9999 -9999 -9999 -9999 -9999 -9999 -9999 9.01 7.35 6.89 6.87 6.77 6.72 6.37 6.84 7.68 6.05 6.37 7.14 10.84 10.78 11.41 10.20 8.54 8.20 8.56 7.45 7.08 8.03 8.35 7.54 7.26 7.32 7.29 7.44 7.62 7.85 8.03 8.33 9.71 10.65 9.65 9.18 8.81 8.19 8.31 9.73 11.32 -9999 -9999 -9999 -9999 -9999 -9999 -9999 -9999 -9999 -9999 -9999
-9999 -9999 -9999 -9999 -9999 -9999 -9999 -9999 -9999 -9999 -9999 -9999 -9999 -9999 -9999 -9999 -9999 -9999 -9999 -9999 -9999 -9999 -9999 -9999 -9999 -9999 -9999 8.98 7.19 6.77 6.65 6.45 6.12 6.43 6.03 7.16 7.88 9.34 10.40 11.28 8.93 10.19 8.97 8.87 7.65 8.61 8.12 7.60 7.15 7.06 7.25 7.15 7.28 7.39 7.59 7.74 8.04 8.36 8.60 9.16 10.06 9.73 9.28 9.17 8.94 8.57 8.67 10.29 -9999 -9999 -9999 -9999 -9999 -9999 -9999 -9999 -9999 -9999 -9999
-9999 -9999 -9999 -9999 -9999 -9999 -9999 -9999 -9999 -9999 -9999 -9999 -9999 -9999 -9999 -9999 -9999 -9999 -9999 -9999 -9999 -9999 -9999 -9999 -9999 -9999 -9999 -9999 7.18 6.80 6.52 6.13 6.54 8.01 8.08 8.89 8.21 8.00 9.74 9.51 10.20 9.28 7.64 6.51 6.94 6.78 7.84 7.29 7.16 7.65 7.46 7.05 7.34 7.38 7.61 7.70 7.99 8.36 8.69 9.07 9.11 9.21 9.30 9.45 -9999 9.25 9.55 10.46 12.17 -9999 -9999 -9999 -9999 -9999 -9999 -9999 -9999 -9999 -9999
-9999 -9999 -9999 -9999 -9999 -9999 -9999 -9999 -9999 -9999 -9999 -9999 -9999 -9999 -9999 -9999 -9999 -9999 -9999 -9999 -9999 -9999 -9999 -9999 -9999 -9999 -9999 8.66 7.03 6.59 6.06 5.89 6.30 9.49 9.98 8.60 10.92 10.55 9.20 8.76 11.53 9.56 9.53 7.53 6.03 7.60 6.72 6.41 7.10 7.31 7.01 7.21 7.17 7.28 7.42 7.68 7.77 7.98 9.28 8.93 8.51 9.53 8.83 9.01 9.10 -9999 10.32 11.18 12.57 13.65 -9999 -9999 -9999 -9999 -9999 -9999 -9999 -9999 -9999
-9999 -9999 -9999 -9999 -9999 -9999 -9999 -9999 -9999 -9999 -9999 -9999 -9999 -9999 -9999 -9999 -9999 -9999 -9999 -9999 -9999 -9999 -9999 -9999 -9999 -9999 -9999 8.31 6.74 6.42 6.02 7.30 6.83 7.90 10.33 7.99 8.38 8.76 7.50 7.36 9.95 8.87 8.47 6.01 7.42 8.22 6.60 7.55 7.09 7.67 7.50 7.24 7.07 7.16 7.28 7.39 7.41 7.49 7.76 8.21 7.62 7.90 8.33 7.86 8.73 9.39 -9999 -9999 -9999 -9999 -9999 -9999 -9999 -9999 -9999 -9999 -9999 -9999 -9999
-9999 -9999 -9999 -9999 -9999 -9999 -9999 -9999 -9999 -9999 -9999 -9999 -9999 -9999 -9999 -9999 -9999 -9999 -9999 -9999 -9999 -9999 -9999 -9999 -9999 -9999 10.00 7.68 6.48 7.05 6.70 6.92 6.83 7.90 8.27 7.85 7.69 7.52 7.41 7.68 9.66 11.06 10.59 6.84 8.66 8.24 6.53 6.94 6.45 7.17 7.46 7.06 6.88 7.21 7.25 7.26 7.43 7.42 7.65 7.82 7.81 7.79 8.78 8.09 8.02 8.51 9.85 11.32 -9999 -9999 -9999 -9999 -9999 -9999 -9999 -9999 -9999 -9999 -9999
-9999 -9999 -9999 -9999 -9999 -9999 -9999 -9999 -9999 -9999 -9999 -9999 -9999 -9999 -9999 -9999 -9999 -9999 -9999 -9999 -9999 -9999 -9999 -9999 -9999 -9999 -9999 7.75 6.54 6.48 6.81 8.34 6.91 6.95 7.06 7.43 7.68 7.36 7.23 7.24 7.42 10.05 10.33 10.64 8.49 8.68 7.96 7.24 7.72 6.33 6.51 7.31 6.87 7.04 7.05 7.09 7.37 7.43 7.62 7.96 7.82 7.68 7.76 9.32 8.24 7.85 8.39 9.54 10.88 12.33 -9999 -9999 -9999 -9999 -9999 -9999 -9999 -9999 -9999
-9999 -9999 -9999 -9999 -9999 -9999 -9999 -9999 -9999 -9999 -9999 -9999 -9999 -9999 -9999 -9999 -9999 -9999 -9999 -9999 -9999 -9999 -9999 -9999 -9999 -9999 -9999 7.64 6.88 6.47 6.68 6.96 7.11 6.96 6.68 6.87 6.67 6.59 6.75 6.97 7.55 6.98 10.13 11.79 12.06 9.86 8.46 8.00 7.01 7.36 6.73 7.68 7.01 7.11 7.02 7.05 7.21 7.47 7.95 8.13 8.03 7.81 8.13 9.53 8.75 8.64 7.72 8.08 9.24 10.78 -9999 -9999 -9999 -9999 -9999 -9999 -9999 -9999 -9999
-9999 -9999 -9999 -9999 -9999 -9999 -9999 11.70 10.60 10.93 12.07 -9999 -9999 -9999 -9999 -9999 -9999 -9999 -9999 -9999 -9999 -9999 -9999 -9999 -9999 -9999 8.14 7.06 7.29 6.77 7.43 7.14 6.67 6.55 6.65 6.60 6.66 6.58 6.67 6.66 6.74 9.10 10.77 10.66 8.78 10.76 9.62 7.14 7.22 5.95 8.14 8.18 7.19 7.18 7.04 7.04 7.22 7.61 8.10 8.56 8.44 8.01 8.05 8.32 9.45 8.96 9.07 7.68 7.77 9.33 11.13 -9999 -9999 -9999 -9999 -9999 -9999 -9999 -9999
-9999 -9999 -9999 -9999 -9999 -9999 -9999 10.72 9.48 9.27 10.10 -9999 -9999 -9999 -9999 -9999 -9999 -9999 -9999 -9999 -9999 -9999 -9999 -9999 -9999 8.00 7.65 6.89 7.26 8.20 7.17 7.04 6.37 6.42 6.65 6.59 6.76 6.86 6.39 6.11 6.08 7.40 11.86 11.96 8.70 9.71 8.96 8.60 6.51 6.00 7.40 7.94 7.39 6.82 6.84 7.03 7.61 7.93 8.27 8.58 8.88 8.40 8.31 8.26 9.37 9.07 8.72 7.78 7.66 8.30 10.18 -9999 -9999 -9999 -9999 -9999 -9999 -9999 -9999
-9999 -9999 -9999 -9999 -9999 13.98 10.96 9.07 8.82 8.50 9.57 9.46 10.65 11.34 -9999 -9999 10.74 9.08 -9999 -9999 -9999 7.82 8.45 7.58 -9999 5.92 7.54 7.07 6.92 7.44 7.03 7.07 7.02 7.53 7.26 7.31 6.63 6.97 6.48 6.32 8.73 6.54 8.43 10.66 6.80 8.06 11.41 7.01 8.43 6.82 7.26 7.50 7.17 7.03 7.08 7.17 7.71 7.83 8.37 8.52 9.10 8.47 8.25 8.23 8.44 8.79 9.22 8.63 7.71 7.64 9.22 11.25 -9999 -9999 -9999 -9999 -9999 -9999 -9999
-9999 -9999 -9999 -9999 -9999 -9999 11.42 9.63 8.64 8.10 8.31 9.07 10.14 8.02 -9999 6.70 8.20 8.67 7.43 8.05 5.66 5.18 8.28 7.86 6.69 -9999 5.69 7.19 7.29 6.86 6.80 7.21 6.63 6.65 6.80 6.79 6.97 6.80 7.14 6.75 8.99 9.25 9.14 9.46 8.78 10.29 10.07 8.33 6.78 6.42 7.71 7.80 6.82 7.29 7.02 7.50 7.87 7.82 8.19 8.41 9.10 8.41 8.08 8.03 7.93 8.43 8.78 9.11 8.32 7.71 8.48 10.39 -9999 -9999 -9999 -9999 -9999 -9999 -9999
