ML/MeanWindSpeed_1993-03_Actual.txt
ncols         180
nrows         290
xllcorner     -200000
yllcorner     -200000
cellsize      5000
NODATA_value  -9999
[rows 204 to 237 of 290, columns 78 to 155 of 180]
8.84 9.30 10.65 11.08 10.29 8.79 10.87 9.53 11.52 8.17 9.48 12.12 11.02 9.07 10.22 6.70 6.45 10.68 11.80 10.40 8.76 10.96 7.68 6.72 6.70 12.01 15.22 15.48 8.30 9.14 9.32 9.54 8.56 7.00 8.49 7.80 7.43 6.75 7.07 5.97 5.85 7.11 7.25 10.18 10.00 9.38 8.21 9.00 10.46 9.57 8.93 8.30 8.42 8.23 7.85 7.50 7.58 8.09 8.46 8.06 7.88 7.83 7.54 8.60 9.21 7.57 7.84 8.64 8.86 8.27 8.75 8.63 8.59 8.63 7.95 8.10 7.93 7.97
9.82 8.60 9.24 8.87 9.53 8.78 8.85 10.05 8.40 9.28 7.78 7.51 7.42 7.03 6.62 9.31 8.38 12.53 19.27 10.05 10.22 10.63 15.28 14.78 6.33 6.05 16.85 12.31 9.96 10.56 11.75 9.25 7.04 6.33 8.84 9.10 7.44 6.59 6.28 5.88 6.07 7.53 10.40 10.75 9.31 8.93 8.66 8.36 8.23 9.13 8.31 8.07 7.74 7.33 7.11 7.18 8.28 8.04 7.77 7.88 7.06 7.30 8.30 8.14 8.80 8.03 7.92 7.87 8.02 8.49 8.66 8.65 8.62 8.68 7.77 7.45 7.92 7.84
8.92 8.17 9.11 7.96 8.43 8.38 8.49 7.29 7.17 8.19 7.38 9.01 7.68 10.01 6.75 10.60 13.00 13.05 14.36 15.28 12.38 14.58 16.66 10.88 12.80 10.72 5.63 11.59 11.40 7.75 8.31 6.49 8.51 8.25 11.37 10.14 7.33 6.52 5.89 5.88 7.31 10.51 9.03 10.92 9.29 9.04 9.80 8.38 9.35 7.69 7.90 7.44 7.18 7.04 7.32 7.41 7.53 7.22 7.14 6.96 7.24 8.35 9.23 8.54 7.72 8.29 7.57 8.51 7.64 7.50 7.75 8.03 8.26 8.31 8.11 7.23 7.69 7.68
9.68 8.42 7.92 9.51 10.64 12.28 10.75 9.03 8.01 7.06 7.62 10.79 7.71 9.13 6.21 8.68 9.44 8.62 7.46 10.64 9.84 12.47 12.68 15.21 12.93 13.30 11.56 15.96 9.24 7.83 7.30 8.58 8.02 10.70 9.94 10.14 6.71 6.34 5.80 9.85 10.65 10.18 10.55 8.65 9.31 9.56 9.18 7.75 7.52 7.52 7.23 7.07 7.11 7.11 7.78 7.86 8.10 7.47 6.82 6.90 7.80 9.64 7.79 8.24 8.19 7.59 7.39 7.46 7.02 7.11 7.70 7.36 7.88 7.92 7.74 7.65 7.69 7.21
10.33 9.01 8.34 8.51 10.39 10.63 11.34 10.32 9.29 8.45 7.83 8.21 10.92 7.02 11.53 10.41 10.40 11.67 10.01 7.74 7.99 10.20 9.20 11.56 11.59 9.69 14.37 14.01 7.50 8.54 6.33 7.22 9.22 9.94 9.04 8.17 6.50 6.16 8.07 7.43 9.47 9.20 8.52 8.92 8.66 8.20 7.87 6.85 6.52 6.57 6.65 8.45 7.13 8.03 7.36 7.27 6.82 6.70 6.96 8.00 9.27 8.69 8.17 8.24 7.94 7.51 7.54 7.87 8.18 6.67 7.59 8.45 7.71 7.41 7.78 6.91 7.24 8.16
10.17 9.60 10.04 10.93 12.28 -9999 -9999 -9999 -9999 9.95 9.34 10.09 7.48 6.38 8.17 8.42 8.28 7.97 4.41 14.21 14.87 9.41 8.09 8.39 10.41 11.38 13.14 9.70 7.85 6.83 6.00 10.52 8.99 10.66 7.36 7.06 6.60 6.51 8.93 7.09 8.83 8.68 7.86 8.02 7.79 7.37 6.74 6.33 6.23 6.42 6.62 8.10 7.39 7.87 7.93 7.36 7.08 6.93 8.53 8.32 8.61 8.66 8.62 7.07 7.03 6.81 7.88 8.21 7.80 6.46 7.30 8.08 7.87 7.41 8.14 7.64 7.48 7.95
12.73 12.89 11.18 13.21 12.94 -9999 -9999 -9999 -9999 -9999 -9999 -9999 6.70 6.85 8.10 7.12 7.53 8.18 10.41 12.56 15.15 14.23 11.88 9.90 9.55 8.21 11.12 11.09 7.05 5.89 10.10 10.01 11.15 7.65 7.01 7.07 6.71 7.90 8.60 8.14 8.28 7.92 7.57 7.37 7.15 6.86 6.78 6.56 7.25 6.74 6.89 7.09 7.30 7.58 7.39 8.00 8.94 8.42 7.43 8.83 8.70 8.20 7.96 7.04 6.62 7.27 7.75 7.30 6.60 6.39 7.60 6.51 6.93 8.05 7.46 7.58 7.68 7.04
-9999 13.04 -9999 -9999 -9999 -9999 -9999 -9999 -9999 -9999 11.66 9.87 9.32 10.77 10.16 8.94 8.02 8.48 8.79 11.32 12.88 12.25 7.95 7.59 11.57 9.95 9.55 7.40 6.29 6.09 9.07 9.20 9.03 7.47 7.22 7.25 5.89 9.20 9.35 7.87 7.90 7.45 7.36 7.25 7.01 7.52 6.99 7.11 6.51 6.54 6.72 7.09 7.24 7.74 7.21 8.71 10.14 8.21 8.52 6.57 7.95 7.52 6.97 7.65 7.20 7.26 7.82 7.02 6.26 6.33 6.33 7.01 7.70 7.06 7.74 7.64 6.99 6.91
-9999 -9999 -9999 -9999 -9999 -9999 -9999 -9999 -9999 -9999 13.20 12.42 10.25 11.78 12.46 -9999 -9999 8.60 11.56 6.68 8.53 8.12 8.24 9.08 10.65 7.55 6.87 7.43 7.36 8.27 8.80 8.85 8.25 7.71 8.25 6.60 7.03 9.16 7.81 7.30 6.99 7.15 7.77 7.62 7.09 7.17 6.65 6.76 7.39 7.95 7.66 8.37 7.32 7.07 8.03 10.48 8.32 8.05 7.36 5.76 7.34 6.87 6.63 6.76 6.75 6.47 6.41 7.91 6.63 6.45 6.40 6.47 6.68 6.50 6.26 7.96 7.47 8.23
-9999 -9999 -9999 -9999 -9999 -9999 -9999 -9999 -9999 -9999 -9999 -9999 -9999 -9999 -9999 -9999 -9999 10.22 8.87 8.48 7.33 6.25 6.24 6.76 7.86 7.55 7.89 8.68 9.54 10.28 10.05 -9999 8.33 7.64 7.03 6.48 7.11 8.82 7.73 7.68 7.05 6.38 6.45 7.48 6.82 7.06 8.33 8.50 8.24 9.13 10.05 8.65 8.35 8.15 8.28 9.44 7.88 7.58 7.24 6.33 6.04 5.85 6.35 6.90 6.42 5.97 6.21 6.41 6.35 6.32 6.29 6.34 6.45 6.72 6.96 7.50 7.65 8.34
-9999 -9999 -9999 -9999 -9999 -9999 -9999 -9999 -9999 -9999 -9999 -9999 -9999 -9999 -9999 -9999 -9999 -9999 10.09 8.49 7.19 7.17 7.72 6.42 6.56 7.47 9.13 -9999 -9999 -9999 -9999 9.39 8.00 7.33 6.52 6.35 7.11 8.78 7.76 7.92 7.14 6.13 7.14 6.92 8.48 8.00 9.96 8.49 8.69 8.33 8.79 8.64 7.96 8.82 6.96 7.51 7.82 6.28 6.37 5.81 5.45 5.22 4.90 4.90 5.33 5.16 5.39 5.57 5.86 5.88 7.29 7.61 6.47 6.56 6.89 7.22 7.70 8.99
-9999 -9999 -9999 -9999 -9999 -9999 -9999 -9999 -9999 -9999 -9999 -9999 -9999 -9999 -9999 -9999 -9999 -9999 -9999 9.92 10.72 9.28 7.95 8.08 8.35 9.57 -9999 -9999 -9999 -9999 9.98 9.46 9.02 5.83 5.61 5.86 8.34 8.99 8.39 7.60 6.42 6.48 6.44 8.12 9.66 8.61 8.73 8.06 8.28 8.09 7.09 7.65 7.69 7.27 7.17 7.08 6.83 6.17 6.15 6.52 6.53 6.32 4.91 4.86 5.02 4.99 5.86 5.95 6.42 5.99 6.82 6.76 6.67 7.73 6.87 7.68 7.96 8.92
-9999 -9999 -9999 -9999 -9999 -9999 -9999 -9999 -9999 -9999 -9999 -9999 -9999 -9999 -9999 -9999 -9999 -9999 -9999 -9999 10.96 10.86 9.70 9.64 9.42 11.40 -9999 -9999 -9999 9.21 7.14 6.44 8.22 7.74 6.96 5.77 7.29 6.50 8.22 7.41 5.81 7.20 8.36 8.40 7.99 8.82 7.96 7.54 7.31 6.74 6.67 6.61 6.87 7.41 7.03 6.43 6.37 6.39 6.36 7.01 6.50 6.31 5.70 5.04 5.19 5.12 5.45 5.64 6.18 6.23 6.47 6.31 7.23 7.62 7.95 7.66 6.63 8.55
-9999 -9999 -9999 -9999 -9999 -9999 -9999 -9999 -9999 -9999 -9999 -9999 -9999 -9999 -9999 -9999 -9999 -9999 -9999 -9999 -9999 -9999 -9999 -9999 -9999 -9999 -9999 -9999 11.55 7.72 5.89 5.73 7.87 6.19 6.92 7.65 7.48 7.38 7.56 6.01 5.76 6.19 7.32 7.23 7.56 7.68 7.94 7.68 7.50 9.05 7.39 7.52 6.91 7.42 7.37 6.49 6.49 6.09 6.55 7.25 6.49 5.72 5.45 5.39 5.32 5.95 5.80 6.49 6.25 7.37 7.85 7.35 6.17 8.73 9.46 7.91 6.55 9.39
-9999 -9999 -9999 -9999 -9999 -9999 -9999 -9999 -9999 -9999 -9999 -9999 -9999 -9999 -9999 -9999 -9999 -9999 -9999 -9999 -9999 -9999 -9999 -9999 -9999 -9999 -9999 -9999 8.95 7.69 6.20 11.53 9.75 6.26 6.99 7.63 7.93 8.18 6.42 5.99 5.92 5.86 7.09 6.89 6.74 8.56 8.38 9.52 8.02 8.29 9.59 7.89 7.37 7.22 6.66 6.47 6.25 6.17 6.60 6.53 6.64 5.97 5.40 5.31 5.24 5.77 7.78 7.23 8.05 8.42 9.36 7.73 6.40 7.56 7.85 6.55 5.96 6.71
-9999 -9999 -9999 -9999 -9999 -9999 -9999 -9999 -9999 -9999 -9999 -9999 -9999 -9999 -9999 -9999 -9999 -9999 -9999 -9999 -9999 -9999 -9999 -9999 -9999 -9999 -9999 -9999 8.42 5.88 4.72 7.10 10.86 9.68 8.77 7.63 8.80 6.93 6.54 5.98 7.79 7.89 8.56 8.06 7.22 7.39 7.31 7.68 8.16 8.22 7.40 7.35 7.38 7.35 6.76 6.48 6.46 6.45 6.96 6.67 6.40 5.67 5.55 6.36 7.24 6.53 7.57 7.22 7.16 7.27 8.11 9.85 9.36 7.00 6.78 7.21 7.42 7.23
-9999 -9999 -9999 -9999 -9999 -9999 -9999 -9999 -9999 -9999 -9999 12.97 13.14 10.60 15.42 14.48 14.27 14.38 16.47 8.54 14.52 9.76 -9999 -9999 -9999 -9999 -9999 -9999 7.71 6.20 5.71 4.72 5.98 8.32 9.93 9.19 7.80 6.89 6.82 7.56 8.81 7.95 7.16 7.25 6.91 6.85 7.18 6.74 6.38 6.28 6.88 6.41 7.25 7.83 8.67 7.53 6.95 7.43 7.34 6.65 7.23 5.99 5.50 6.80 7.77 6.45 5.97 6.34 6.38 6.24 6.07 6.36 6.27 5.75 5.64 5.61 5.68 5.62
-9999 -9999 -9999 -9999 -9999 -9999 -9999 -9999 -9999 -9999 -9999 14.99 13.77 13.19 10.39 12.46 14.38 13.61 14.22 14.45 11.21 9.54 8.07 9.21 11.93 9.79 8.81 7.49 6.88 6.07 5.59 5.16 4.69 5.33 8.18 8.33 7.37 6.46 9.51 7.81 6.68 7.21 7.69 6.83 6.79 6.77 6.72 6.98 6.68 6.69 5.68 6.07 6.87 7.15 7.28 8.07 8.38 6.76 6.45 6.05 5.74 6.56 5.55 9.47 7.55 7.05 6.45 6.00 6.21 6.05 7.03 7.06 5.66 7.26 6.70 7.27 5.87 6.04
-9999 -9999 -9999 -9999 -9999 -9999 -9999 -9999 -9999 -9999 13.28 11.62 10.49 9.35 7.68 10.01 13.20 12.94 11.97 12.06 11.95 10.39 8.59 7.96 9.08 10.39 7.49 6.81 6.13 6.14 6.99 5.48 5.33 6.76 6.88 6.70 7.00 9.46 7.49 8.83 8.04 7.12 6.14 6.63 6.15 6.71 6.99 6.64 7.22 6.15 6.55 6.42 6.50 6.58 8.09 8.88 6.74 6.02 6.27 8.58 6.73 6.04 6.16 6.06 6.45 6.71 6.35 6.22 6.87 7.90 7.00 5.97 5.90 7.66 7.03 6.86 7.23 6.99
-9999 -9999 -9999 -9999 -9999 -9999 -9999 -9999 -9999 -9999 -9999 10.40 8.60 7.22 8.14 7.61 8.88 12.52 11.27 9.34 8.17 10.61 12.42 9.96 7.55 7.86 9.91 7.75 5.84 5.77 5.63 6.26 6.32 5.47 5.63 6.14 6.92 8.11 6.77 8.42 7.24 7.07 6.81 6.99 6.24 7.00 7.29 7.19 5.83 5.92 6.71 5.88 5.49 5.47 6.69 7.99 7.78 6.03 6.41 7.55 7.23 6.32 5.40 5.31 5.18 5.62 7.49 7.22 6.95 7.60 8.67 7.79 7.19 7.83 7.77 6.76 7.62 6.47
-9999 -9999 -9999 -9999 -9999 -9999 -9999 13.40 -9999 -9999 11.52 9.72 9.79 5.28 6.29 4.89 5.61 7.08 8.13 9.24 7.63 9.59 10.97 8.45 7.18 5.94 6.18 6.12 5.60 5.58 5.83 6.59 5.54 5.31 5.88 7.75 6.33 7.28 6.17 7.14 6.68 7.61 8.36 7.44 6.27 5.80 5.93 5.77 5.57 7.18 6.26 5.55 7.59 6.03 6.13 8.10 9.26 5.69 6.07 6.43 6.18 5.67 5.33 5.25 5.77 6.48 6.99 6.09 5.72 5.81 6.53 6.68 6.72 7.41 6.68 6.59 6.49 5.90
-9999 -9999 -9999 -9999 -9999 -9999 12.09 13.24 12.94 12.31 9.15 7.54 8.12 4.37 2.91 3.93 4.22 7.07 8.42 9.60 8.01 7.63 8.32 7.35 6.35 5.79 6.04 6.64 6.70 5.63 5.47 5.56 5.18 5.22 6.97 7.07 6.05 6.80 7.21 8.60 7.67 7.66 8.96 7.41 7.05 5.70 6.34 5.99 6.40 5.79 5.65 5.14 6.51 6.61 5.74 6.82 6.36 5.64 5.45 5.19 6.02 5.97 5.76 5.37 5.10 5.14 5.12 5.53 5.84 5.69 5.06 5.77 6.33 7.26 7.66 7.17 5.90 6.85
-9999 -9999 -9999 -9999 -9999 -9999 11.18 10.91 9.60 9.75 8.08 6.31 4.01 5.46 5.29 4.36 6.46 7.44 7.89 9.71 8.64 8.59 8.73 6.71 8.11 10.09 9.08 7.63 6.48 5.54 5.94 6.29 6.54 5.86 7.11 6.37 6.99 6.13 5.47 7.17 8.57 7.31 7.31 7.06 6.44 6.38 7.01 6.12 5.51 6.30 6.58 5.21 5.73 5.91 5.82 6.75 7.21 7.27 8.86 5.95 6.03 5.24 5.00 5.22 5.41 5.04 4.92 5.34 6.07 5.73 5.37 5.19 6.16 6.34 6.53 6.72 6.98 5.78
-9999 -9999 -9999 -9999 -9999 -9999 11.34 9.53 8.60 8.62 7.33 6.49 4.34 4.48 4.57 3.42 5.47 6.63 8.04 8.86 8.69 6.40 5.81 6.04 8.91 8.99 9.28 9.65 7.02 6.41 6.40 5.61 6.56 5.77 6.76 6.26 6.35 6.13 5.48 7.29 6.81 6.93 6.79 6.59 6.50 6.57 7.14 7.04 5.76 5.53 5.87 6.81 5.50 5.78 5.58 6.06 6.25 6.49 7.43 6.80 7.64 8.53 4.80 8.52 6.91 5.09 5.50 9.03 8.91 8.37 5.18 5.15 5.43 5.34 6.02 5.82 7.27 8.41
-9999 -9999 -9999 -9999 -9999 -9999 9.40 8.52 7.98 7.36 6.19 5.50 4.45 3.60 4.71 4.30 4.99 6.56 6.38 6.92 6.98 7.30 5.33 6.92 9.44 8.49 9.64 9.46 7.47 7.39 7.57 6.13 6.36 6.45 6.38 6.30 6.36 6.98 7.95 5.89 6.82 6.68 6.65 6.48 6.46 6.68 7.07 6.19 6.24 5.95 6.41 6.88 7.51 6.72 7.63 7.10 6.55 6.30 5.98 5.56 5.62 6.08 5.57 7.61 7.50 8.35 8.00 8.66 9.19 9.70 5.86 5.88 5.64 5.75 6.27 7.40 8.87 9.29
-9999 -9999 -9999 -9999 -9999 -9999 8.22 7.70 7.44 7.50 7.51 6.09 5.16 4.30 4.76 6.34 6.14 6.17 5.83 6.57 6.30 6.13 6.37 6.28 6.91 6.50 8.92 7.55 5.45 8.38 7.93 6.47 9.21 7.67 8.22 8.89 8.12 7.57 8.10 6.75 5.97 6.51 6.45 5.94 6.23 6.36 6.88 6.05 6.39 7.29 8.01 7.78 7.79 8.02 8.05 8.26 8.16 7.63 6.76 6.39 6.87 7.49 7.86 8.38 8.70 9.02 -9999 -9999 8.75 9.17 8.68 7.98 6.91 10.03 8.02 -9999 -9999 -9999
-9999 -9999 -9999 -9999 -9999 11.33 8.69 8.12 6.98 7.76 7.65 8.36 6.50 7.00 6.43 7.10 6.63 6.26 6.00 6.09 5.74 5.38 5.59 6.28 7.22 7.87 7.73 5.91 8.71 9.39 6.57 5.77 6.73 6.69 8.05 8.02 6.84 6.58 6.35 6.18 7.14 6.92 7.04 6.65 6.69 7.19 8.03 7.79 7.42 7.45 7.71 8.04 -9999 -9999 9.22 10.15 10.25 9.62 9.06 8.57 8.82 -9999 -9999 -9999 -9999 -9999 -9999 -9999 -9999 -9999 -9999 9.09 9.56 11.42 9.96 -9999 -9999 -9999
-9999 -9999 -9999 -9999 12.80 10.71 8.47 8.75 7.17 6.88 6.67 6.77 6.30 9.70 10.32 8.74 7.99 7.93 8.23 6.79 5.85 5.42 6.02 6.36 9.61 10.67 10.09 9.47 11.14 8.11 8.03 7.74 8.34 9.02 7.12 5.84 6.51 5.70 5.97 5.87 6.28 6.39 8.11 9.33 9.40 9.11 9.10 9.38 8.48 -9999 7.06 7.92 7.79 8.38 9.35 -9999 -9999 -9999 -9999 10.46 -9999 -9999 -9999 -9999 -9999 -9999 -9999 -9999 -9999 -9999 -9999 -9999 -9999 -9999 -9999 -9999 -9999 -9999
-9999 -9999 -9999 13.83 12.61 11.83 10.03 7.90 7.16 6.63 5.49 5.50 7.27 12.74 14.06 8.72 7.83 10.73 7.33 9.02 6.23 5.66 9.00 7.95 8.11 8.80 9.39 -9999 -9999 -9999 -9999 -9999 8.60 9.91 9.17 7.19 6.96 6.49 5.88 6.00 6.08 6.95 8.55 -9999 -9999 -9999 -9999 -9999 10.04 9.95 8.53 7.25 7.14 9.49 9.59 -9999 -9999 -9999 -9999 -9999 -9999 -9999 -9999 -9999 -9999 -9999 -9999 -9999 -9999 -9999 -9999 -9999 -9999 -9999 -9999 -9999 -9999 -9999
-9999 -9999 8.80 9.95 11.73 11.78 10.00 9.23 8.13 5.85 6.58 6.89 9.63 12.45 13.83 12.03 10.59 8.46 9.52 7.45 7.70 7.12 9.55 9.60 -9999 -9999 -9999 -9999 -9999 -9999 -9999 -9999 -9999 8.80 9.10 7.71 9.02 10.00 10.34 7.90 10.17 10.15 11.10 -9999 -9999 -9999 -9999 -9999 -9999 -9999 8.44 8.69 7.21 8.32 -9999 -9999 -9999 -9999 -9999 -9999 -9999 -9999 -9999 -9999 -9999 -9999 -9999 -9999 -9999 -9999 -9999 -9999 -9999 -9999 -9999 -9999 -9999 -9999
10.63 10.51 8.35 8.87 10.50 12.09 12.08 9.86 7.33 6.93 7.66 7.79 9.17 12.30 10.64 10.62 9.98 10.99 4.96 7.69 11.43 8.89 -9999 -9999 -9999 -9999 -9999 -9999 -9999 -9999 -9999 -9999 -9999 -9999 -9999 9.88 -9999 -9999 -9999 -9999 9.10 11.87 12.57 -9999 -9999 -9999 -9999 -9999 -9999 -9999 -9999 8.94 11.08 9.54 -9999 -9999 -9999 -9999 -9999 -9999 -9999 -9999 -9999 -9999 -9999 -9999 -9999 -9999 -9999 -9999 -9999 -9999 -9999 -9999 -9999 -9999 -9999 -9999
9.66 8.80 7.07 8.44 10.43 10.98 11.65 10.07 8.59 9.38 6.15 5.22 7.32 10.80 10.91 8.78 7.12 8.92 6.04 5.82 7.72 -9999 -9999 -9999 -9999 -9999 -9999 -9999 -9999 -9999 -9999 -9999 -9999 -9999 -9999 11.36 -9999 -9999 -9999 -9999 -9999 -9999 -9999 -9999 -9999 -9999 -9999 -9999 -9999 -9999 -9999 -9999 -9999 -9999 -9999 -9999 -9999 -9999 -9999 -9999 -9999 -9999 -9999 -9999 -9999 -9999 -9999 -9999 -9999 -9999 -9999 -9999 -9999 -9999 -9999 -9999 -9999 -9999
10.75 9.17 7.10 8.51 9.09 9.18 9.85 9.04 8.53 9.56 5.49 5.10 6.56 9.06 13.62 13.89 6.42 6.74 6.36 7.34 10.37 -9999 -9999 -9999 -9999 -9999 -9999 -9999 -9999 -9999 -9999 -9999 -9999 -9999 -9999 -9999 -9999 -9999 -9999 -9999 -9999 -9999 -9999 -9999 -9999 -9999 -9999 -9999 -9999 -9999 -9999 -9999 -9999 -9999 -9999 -9999 -9999 -9999 -9999 -9999 -9999 -9999 -9999 -9999 -9999 -9999 -9999 -9999 -9999 -9999 -9999 -9999 -9999 -9999 -9999 -9999 -9999 -9999
9.01 10.54 9.28 9.29 8.76 9.57 8.60 8.01 7.66 6.24 6.43 5.74 5.65 8.83 11.20 10.70 8.38 5.82 6.06 9.71 8.98 -9999 -9999 -9999 -9999 -9999 -9999 -9999 -9999 -9999 -9999 -9999 -9999 -9999 -9999 -9999 -9999 -9999 -9999 -9999 -9999 -9999 -9999 -9999 -9999 -9999 -9999 -9999 -9999 -9999 -9999 -9999 -9999 -9999 -9999 -9999 -9999 -9999 -9999 -9999 -9999 -9999 -9999 -9999 -9999 -9999 -9999 -9999 -9999 -9999 -9999 -9999 -9999 -9999 -9999 -9999 -9999 -9999
