ML/MeanWindSpeed_1997-05_Actual.txt
ncols         180
nrows         290
xllcorner     -200000
yllcorner     -200000
cellsize      5000
NODATA_value  -9999
[rows 210 to 244 of 290, columns 79 to 157 of 180]
11.43 10.31 11.93 11.91 -9999 -9999 -9999 -9999 -9999 -9999 -9999 8.79 8.69 9.63 9.05 8.82 8.72 10.08 11.84 13.86 13.42 11.87 10.74 10.40 9.69 12.37 12.05 8.12 6.85 9.88 10.32 11.23 8.60 7.73 7.14 6.48 7.32 8.06 8.31 8.67 8.30 7.85 7.49 7.10 6.73 6.49 6.11 6.47 6.12 6.29 6.59 6.88 7.14 6.68 6.72 6.84 6.03 5.49 6.84 6.80 6.00 5.67 5.36 5.88 6.75 7.26 6.96 6.32 5.98 6.78 6.01 6.23 6.96 6.56 6.62 6.74 6.36 6.27 6.63
11.46 -9999 -9999 -9999 -9999 -9999 -9999 -9999 -9999 11.57 10.64 10.38 11.22 10.85 9.76 8.80 9.17 9.50 11.86 13.34 12.56 9.33 9.29 12.07 11.08 11.26 9.43 7.73 7.33 9.51 9.91 9.74 8.20 7.55 7.17 6.07 8.58 8.96 8.18 8.35 7.93 7.61 7.31 6.92 7.07 6.46 6.38 5.88 5.93 6.16 6.63 6.79 7.07 6.53 7.51 8.34 6.55 6.77 5.66 6.73 6.30 6.07 7.44 7.41 7.43 7.85 7.12 6.26 6.07 6.06 6.46 6.80 6.33 6.84 6.70 6.25 6.30 7.39 6.96
-9999 -9999 -9999 -9999 -9999 -9999 -9999 -9999 -9999 12.42 12.01 10.59 11.66 12.10 -9999 -9999 9.32 12.06 9.27 10.75 10.13 9.84 10.24 11.45 9.46 9.37 9.30 8.47 8.96 9.46 9.49 8.73 7.93 8.06 6.82 7.11 9.00 8.30 7.87 7.64 7.59 7.76 7.42 6.82 6.64 6.09 6.14 6.55 6.98 6.87 7.51 6.75 6.45 7.22 9.19 7.75 7.29 6.50 5.50 6.96 7.03 7.39 7.73 7.66 7.38 7.20 7.94 6.59 6.22 6.07 5.99 6.08 5.91 5.70 6.81 6.38 6.89 7.86 7.90
-9999 -9999 -9999 -9999 -9999 -9999 -9999 -9999 -9999 -9999 -9999 -9999 -9999 -9999 -9999 -9999 10.51 10.32 10.39 9.88 8.87 8.58 8.76 9.61 9.44 9.65 9.66 9.68 10.17 10.08 -9999 8.33 7.77 7.41 6.92 7.28 8.82 8.32 8.19 7.60 6.97 6.78 7.25 6.57 6.60 7.39 7.48 7.22 7.87 8.62 7.75 7.51 7.31 7.65 8.84 7.78 7.37 6.91 6.31 6.49 6.84 7.47 7.87 7.57 7.14 7.06 6.87 6.34 6.07 5.88 5.75 5.69 5.78 5.80 6.03 6.09 6.70 7.41 -9999
-9999 -9999 -9999 -9999 -9999 -9999 -9999 -9999 -9999 -9999 -9999 -9999 -9999 -9999 -9999 -9999 -9999 10.74 9.89 9.13 9.31 9.60 8.67 8.80 9.19 9.89 -9999 -9999 -9999 -9999 8.96 7.87 7.58 7.16 6.97 7.48 8.90 8.33 8.33 7.56 6.62 7.09 6.77 7.74 7.38 8.73 7.84 8.04 7.76 8.12 8.03 7.47 8.00 6.86 7.61 7.75 6.44 6.42 6.09 6.21 6.50 6.52 6.56 6.79 6.46 6.33 6.14 5.85 5.56 6.37 6.36 5.31 5.14 5.08 5.22 5.59 6.62 8.07 8.23
-9999 -9999 -9999 -9999 -9999 -9999 -9999 -9999 -9999 -9999 -9999 -9999 -9999 -9999 -9999 -9999 -9999 -9999 10.32 10.98 10.20 9.36 9.59 9.72 10.21 -9999 -9999 -9999 -9999 9.48 9.11 8.85 6.74 6.48 6.61 8.58 9.26 8.85 8.21 7.10 6.83 6.64 7.79 8.86 8.12 8.27 7.94 8.07 7.88 7.22 7.64 7.61 7.23 7.17 7.32 6.99 6.38 6.36 6.65 6.93 7.18 6.41 6.40 6.37 6.06 6.22 5.94 5.89 5.33 5.77 5.47 5.07 5.36 4.47 5.06 5.23 5.84 5.96 6.80
-9999 -9999 -9999 -9999 -9999 -9999 -9999 -9999 -9999 -9999 -9999 -9999 -9999 -9999 -9999 -9999 -9999 -9999 -9999 10.90 10.94 10.29 10.44 10.04 10.96 -9999 -9999 -9999 9.04 7.53 7.05 8.33 8.13 7.49 6.67 7.98 7.71 8.84 8.05 6.56 7.35 8.10 8.24 8.11 8.68 8.05 7.67 7.39 6.93 6.86 6.83 6.97 7.35 7.09 6.74 6.63 6.63 6.68 7.16 6.92 6.99 6.69 6.25 6.16 5.73 5.40 5.22 5.44 5.34 5.46 5.13 5.24 4.94 4.89 4.64 3.96 5.37 4.62 5.72
-9999 -9999 -9999 -9999 -9999 -9999 -9999 -9999 -9999 -9999 -9999 -9999 -9999 -9999 -9999 -9999 -9999 -9999 -9999 -9999 -9999 -9999 -9999 -9999 -9999 -9999 -9999 10.90 8.23 6.99 6.79 8.03 6.78 7.36 8.02 8.28 8.43 8.43 6.98 6.39 6.62 7.47 7.57 7.92 7.95 7.98 7.67 7.53 8.63 7.38 7.42 6.93 7.29 7.25 6.68 6.75 6.54 6.94 7.57 7.06 6.51 6.21 5.99 5.70 5.89 5.42 5.69 5.49 6.25 6.61 5.91 4.45 5.82 6.03 4.69 3.65 5.69 5.10 5.10
-9999 -9999 -9999 -9999 -9999 -9999 -9999 -9999 -9999 -9999 -9999 -9999 -9999 -9999 -9999 -9999 -9999 -9999 -9999 -9999 -9999 -9999 -9999 -9999 -9999 -9999 -9999 9.14 8.26 7.23 11.24 9.93 7.09 7.35 7.92 8.48 8.84 7.40 6.78 6.43 6.47 7.54 7.52 7.43 8.61 8.27 9.02 7.94 8.08 8.89 7.65 7.24 7.11 6.71 6.63 6.59 6.68 7.13 7.25 7.24 6.61 5.95 5.55 5.19 5.54 6.88 6.29 6.87 7.28 7.99 6.53 5.02 5.35 5.29 4.09 3.39 3.83 5.05 5.74
-9999 -9999 -9999 -9999 -9999 -9999 -9999 -9999 -9999 -9999 -9999 -9999 -9999 -9999 -9999 -9999 -9999 -9999 -9999 -9999 -9999 -9999 -9999 -9999 -9999 -9999 -9999 9.02 7.18 6.16 8.14 10.92 9.90 9.02 8.16 9.08 7.71 7.09 6.50 7.69 7.86 8.53 8.24 7.76 7.93 7.75 8.05 8.45 8.47 7.64 7.38 7.25 7.20 6.77 6.61 6.74 6.96 7.49 7.40 7.02 6.15 5.86 6.28 6.72 6.30 7.13 6.80 6.70 6.88 7.42 8.42 7.49 5.26 4.66 4.50 4.49 4.58 4.80 4.85
-9999 -9999 -9999 -9999 -9999 -9999 -9999 -9999 -9999 -9999 11.20 11.24 9.35 12.67 11.99 11.81 12.02 13.73 8.34 12.70 9.31 -9999 -9999 -9999 -9999 -9999 -9999 8.77 7.80 7.46 6.93 7.74 9.13 10.20 9.63 8.42 7.44 7.04 7.50 8.46 7.93 7.50 7.51 7.05 7.63 7.97 7.74 7.57 7.34 7.48 6.91 7.32 7.62 8.02 7.24 7.09 7.70 7.67 7.14 7.42 6.21 5.72 6.77 7.60 6.82 6.68 7.01 6.83 6.62 6.37 6.21 5.55 4.61 3.95 3.48 3.33 3.52 4.16 4.50
-9999 -9999 -9999 -9999 -9999 -9999 -9999 -9999 -9999 -9999 12.57 11.74 11.27 9.26 10.92 12.38 11.87 12.39 12.68 10.63 9.30 8.04 9.05 11.35 9.87 9.19 8.52 8.32 7.86 7.57 7.48 7.36 7.59 9.33 9.15 8.15 7.26 9.24 8.07 7.41 7.80 8.13 7.44 7.06 8.26 8.02 8.08 7.76 7.49 6.48 6.64 7.06 7.14 7.10 7.64 8.08 7.21 7.04 6.58 6.28 6.78 6.02 9.04 7.82 7.51 7.12 6.73 6.77 6.47 6.83 6.45 5.00 5.64 4.80 4.94 3.86 4.10 4.22 4.57
-9999 -9999 -9999 -9999 -9999 -9999 -9999 -9999 -9999 11.54 10.59 9.98 9.36 8.45 10.54 13.12 12.93 12.04 11.71 11.52 10.31 8.62 8.32 9.61 10.85 8.78 8.28 7.87 7.86 8.42 7.38 7.46 8.65 8.61 8.14 8.02 9.49 8.14 9.13 8.64 7.95 7.16 7.51 7.46 8.27 8.34 7.79 7.91 6.96 6.96 6.76 6.64 6.63 7.77 8.34 6.93 6.51 6.75 8.33 7.02 6.55 6.72 6.95 7.29 7.27 6.73 6.57 7.04 7.61 6.59 5.46 4.98 5.96 5.25 4.92 5.17 5.11 4.92 5.10
-9999 -9999 -9999 -9999 -9999 -9999 -9999 -9999 -9999 -9999 10.29 9.27 8.62 10.00 10.17 11.24 13.64 12.56 10.76 9.50 11.03 12.12 10.35 9.05 9.48 10.76 9.10 7.71 7.65 7.49 7.90 7.84 7.33 7.52 7.81 8.22 8.91 7.96 8.96 7.97 7.86 7.77 7.95 7.52 8.26 8.47 8.16 6.88 6.76 7.09 6.36 5.85 5.67 6.61 7.67 7.51 6.24 6.55 7.54 7.38 6.78 6.19 6.28 6.29 6.49 7.61 7.28 6.99 7.31 7.83 6.88 6.14 6.46 6.31 5.43 5.96 5.11 5.67 4.96
-9999 -9999 -9999 -9999 -9999 -9999 12.07 -9999 -9999 10.66 9.84 10.33 8.06 9.71 9.00 9.34 10.11 10.55 11.03 9.76 11.31 12.17 10.17 9.29 8.38 8.12 7.81 7.50 7.54 7.66 8.15 7.21 7.01 7.47 8.86 7.99 8.68 7.84 8.30 7.76 8.41 9.01 8.42 7.61 7.31 7.39 7.13 6.68 7.64 6.72 5.97 7.16 5.84 6.01 7.58 8.33 5.71 6.09 6.73 6.54 6.18 5.98 5.96 6.32 6.93 7.38 6.64 6.23 6.13 6.39 6.21 6.06 6.61 6.06 5.84 5.68 5.20 5.09 4.93
-9999 -9999 -9999 -9999 -9999 11.33 12.19 12.13 11.78 9.63 9.03 10.49 8.60 7.92 8.67 8.48 10.14 10.91 11.46 10.28 10.36 10.98 9.81 8.48 8.02 8.09 8.26 8.20 7.46 7.39 7.49 7.01 6.93 8.29 8.50 7.82 8.24 8.33 9.34 8.64 8.65 9.54 8.43 8.07 7.14 7.56 7.18 7.25 6.70 6.31 5.52 6.16 6.03 5.56 6.70 6.43 5.76 5.70 5.79 6.23 6.06 6.00 5.76 5.60 5.82 5.93 6.14 6.22 6.05 5.47 5.80 6.06 6.72 6.99 6.53 5.48 6.03 5.74 5.54
-9999 -9999 -9999 -9999 -9999 11.06 11.24 10.38 10.66 9.86 9.22 8.50 9.71 9.55 8.87 9.98 10.20 10.41 11.53 10.54 10.64 10.85 8.91 9.17 10.44 9.98 8.92 8.01 7.31 7.55 7.83 7.86 7.32 8.39 8.05 8.37 7.46 6.84 8.39 9.43 8.55 8.53 8.25 7.59 7.50 7.91 7.17 6.49 6.88 6.79 5.35 5.44 5.40 5.41 6.51 7.03 7.00 8.10 6.21 6.26 5.51 5.32 5.53 5.72 5.57 5.55 5.82 6.15 5.74 5.48 5.30 5.98 6.08 6.16 6.17 6.24 5.27 5.51 6.09
-9999 -9999 -9999 -9999 -9999 11.56 11.04 10.51 10.65 10.07 9.85 8.95 9.27 9.18 8.21 9.39 9.78 10.66 11.12 10.68 8.99 8.52 8.27 9.80 9.73 10.13 10.44 8.47 7.98 7.86 7.28 7.83 7.25 8.16 7.91 7.79 7.48 7.04 8.75 8.55 8.57 8.33 7.99 7.65 7.58 7.96 7.76 6.53 6.04 5.87 6.09 4.96 5.12 5.06 5.94 6.46 6.60 7.09 6.66 7.22 7.73 5.04 7.76 6.67 5.30 5.55 8.14 8.08 7.53 5.16 5.06 5.32 5.36 5.87 5.56 6.30 6.96 8.66 7.63
-9999 -9999 -9999 -9999 -9999 10.32 10.49 10.42 10.16 9.54 9.22 8.77 8.50 9.20 8.73 9.06 9.78 9.35 9.59 9.40 9.42 7.94 9.01 10.73 10.07 11.08 10.79 8.86 8.72 8.82 7.90 7.90 7.84 7.97 7.92 7.83 8.27 8.98 7.86 8.62 8.33 8.16 7.81 7.58 7.74 7.97 7.12 6.79 6.20 5.98 5.72 5.80 5.18 5.95 6.33 6.97 6.93 6.59 6.13 6.01 6.02 5.38 6.94 6.87 7.30 6.94 7.49 8.01 8.32 5.51 5.59 5.49 5.55 5.86 6.53 7.28 7.40 -9999 -9999
-9999 -9999 -9999 -9999 -9999 9.43 9.79 9.97 10.21 10.48 9.63 8.85 8.21 8.61 9.74 9.54 9.27 8.70 9.01 8.59 8.21 8.21 8.56 9.37 9.27 11.09 9.87 7.89 9.89 9.42 8.28 10.04 8.77 9.29 9.86 9.32 9.04 9.43 8.52 7.93 8.13 7.95 7.43 7.45 7.61 8.01 7.18 6.92 6.97 6.79 6.05 5.58 5.49 5.42 6.00 7.95 7.76 7.15 6.79 6.96 7.06 7.03 7.47 7.74 7.76 -9999 -9999 7.68 7.77 7.19 6.71 6.13 8.29 6.69 -9999 -9999 -9999 -9999 -9999
-9999 -9999 -9999 -9999 10.39 9.42 9.74 9.31 10.13 10.19 10.77 9.10 9.13 8.91 9.72 9.34 8.79 8.40 8.37 7.99 7.56 7.28 8.25 9.84 10.46 10.14 8.74 10.52 10.99 8.83 8.15 8.86 8.67 9.66 9.75 8.86 8.83 8.57 8.17 8.61 8.32 8.27 7.85 7.68 8.06 8.66 8.21 7.52 6.94 6.33 5.99 -9999 -9999 5.92 6.62 8.46 8.55 8.12 7.69 7.67 -9999 -9999 -9999 -9999 -9999 -9999 -9999 -9999 -9999 -9999 7.35 7.71 8.94 7.68 -9999 -9999 -9999 -9999 -9999
-9999 -9999 -9999 11.05 9.95 9.09 9.90 9.23 9.36 9.15 8.95 8.30 10.52 11.17 10.33 9.76 9.58 9.73 8.51 7.63 7.39 7.60 8.07 11.08 12.10 11.53 10.98 12.10 10.00 9.84 9.67 10.35 11.00 9.76 8.84 9.14 8.51 8.48 8.01 7.89 7.71 8.78 9.52 9.39 9.19 9.16 9.10 8.12 -9999 5.98 5.98 5.47 5.65 6.12 -9999 -9999 -9999 -9999 8.46 -9999 -9999 -9999 -9999 -9999 -9999 -9999 -9999 -9999 -9999 -9999 -9999 -9999 -9999 -9999 -9999 -9999 -9999 -9999 -9999
-9999 -9999 11.67 11.14 11.06 10.22 9.25 9.10 9.05 8.14 7.78 8.82 12.73 13.94 10.22 9.47 11.61 9.33 10.23 7.75 7.45 9.87 9.24 9.74 10.48 10.71 -9999 -9999 -9999 -9999 -9999 10.31 11.63 11.16 9.79 9.46 8.96 8.36 8.20 7.87 8.20 9.05 -9999 -9999 -9999 -9999 -9999 8.85 8.43 7.11 5.91 5.46 6.76 6.60 -9999 -9999 -9999 -9999 -9999 -9999 -9999 -9999 -9999 -9999 -9999 -9999 -9999 -9999 -9999 -9999 -9999 -9999 -9999 -9999 -9999 -9999 -9999 -9999 -9999
-9999 8.42 9.27 11.08 11.48 10.29 10.06 9.57 8.21 8.82 8.79 10.80 13.20 14.30 12.95 12.00 10.39 11.09 9.54 9.10 8.61 10.41 10.51 -9999 -9999 -9999 -9999 -9999 -9999 -9999 -9999 -9999 10.77 10.97 9.78 10.52 11.06 11.13 9.24 10.66 10.41 10.81 -9999 -9999 -9999 -9999 -9999 -9999 -9999 7.10 7.18 5.96 6.45 -9999 -9999 -9999 -9999 -9999 -9999 -9999 -9999 -9999 -9999 -9999 -9999 -9999 -9999 -9999 -9999 -9999 -9999 -9999 -9999 -9999 -9999 -9999 -9999 -9999 -9999
10.04 8.39 9.12 10.82 12.14 12.13 10.64 9.04 8.96 9.61 9.57 11.10 13.95 12.49 12.27 12.21 12.89 8.20 9.84 11.97 9.91 -9999 -9999 -9999 -9999 -9999 -9999 -9999 -9999 -9999 -9999 -9999 -9999 -9999 11.17 -9999 -9999 -9999 -9999 9.73 11.51 11.71 -9999 -9999 -9999 -9999 -9999 -9999 -9999 -9999 7.52 8.77 7.42 -9999 -9999 -9999 -9999 -9999 -9999 -9999 -9999 -9999 -9999 -9999 -9999 -9999 -9999 -9999 -9999 -9999 -9999 -9999 -9999 -9999 -9999 -9999 -9999 -9999 -9999
9.29 7.92 9.22 11.07 11.69 12.22 11.14 10.37 11.23 9.18 8.38 10.20 13.42 13.47 11.75 10.81 11.82 9.18 8.85 9.83 -9999 -9999 -9999 -9999 -9999 -9999 -9999 -9999 -9999 -9999 -9999 -9999 -9999 -9999 11.91 -9999 -9999 -9999 -9999 -9999 -9999 -9999 -9999 -9999 -9999 -9999 -9999 -9999 -9999 -9999 -9999 -9999 -9999 -9999 -9999 -9999 -9999 -9999 -9999 -9999 -9999 -9999 -9999 -9999 -9999 -9999 -9999 -9999 -9999 -9999 -9999 -9999 -9999 -9999 -9999 -9999 -9999 -9999 -9999
9.82 8.18 9.49 10.44 10.75 11.35 10.81 10.68 11.69 9.01 8.55 9.74 12.36 15.86 15.94 10.64 10.17 9.24 9.85 11.77 -9999 -9999 -9999 -9999 -9999 -9999 -9999 -9999 -9999 -9999 -9999 -9999 -9999 -9999 -9999 -9999 -9999 -9999 -9999 -9999 -9999 -9999 -9999 -9999 -9999 -9999 -9999 -9999 -9999 -9999 -9999 -9999 -9999 -9999 -9999 -9999 -9999 -9999 -9999 -9999 -9999 -9999 -9999 -9999 -9999 -9999 -9999 -9999 -9999 -9999 -9999 -9999 -9999 -9999 -9999 -9999 -9999 -9999 -9999
11.30 10.26 10.47 10.48 11.31 10.95 10.73 10.66 9.83 9.78 9.13 9.27 12.23 14.44 13.86 11.65 9.37 9.03 11.43 10.73 -9999 -9999 -9999 -9999 -9999 -9999 -9999 -9999 -9999 -9999 -9999 -9999 -9999 -9999 -9999 -9999 -9999 -9999 -9999 -9999 -9999 -9999 -9999 -9999 -9999 -9999 -9999 -9999 -9999 -9999 -9999 -9999 -9999 -9999 -9999 -9999 -9999 -9999 -9999 -9999 -9999 -9999 -9999 -9999 -9999 -9999 -9999 -9999 -9999 -9999 -9999 -9999 -9999 -9999 -9999 -9999 -9999 -9999 -9999
12.55 11.74 11.50 10.38 11.06 10.77 12.78 12.20 10.99 10.50 11.01 10.03 11.15 12.46 11.88 10.25 9.55 10.09 10.94 11.03 -9999 -9999 -9999 -9999 -9999 -9999 -9999 -9999 -9999 -9999 -9999 -9999 -9999 -9999 -9999 -9999 -9999 -9999 -9999 -9999 -9999 -9999 -9999 -9999 -9999 -9999 -9999 -9999 -9999 -9999 -9999 -9999 -9999 -9999 -9999 -9999 -9999 -9999 -9999 -9999 -9999 -9999 -9999 -9999 -9999 -9999 -9999 -9999 -9999 -9999 -9999 -9999 -9999 -9999 -9999 -9999 -9999 -9999 -9999
11.34 11.48 10.70 11.51 13.09 12.86 11.75 11.99 12.03 11.87 11.11 11.82 11.51 11.01 10.78 10.79 11.13 11.44 11.05 11.60 -9999 -9999 -9999 -9999 -9999 -9999 -9999 -9999 -9999 -9999 -9999 -9999 -9999 -9999 -9999 -9999 -9999 -9999 -9999 -9999 -9999 -9999 -9999 -9999 -9999 -9999 -9999 -9999 -9999 -9999 -9999 -9999 -9999 -9999 -9999 -9999 -9999 -9999 -9999 -9999 -9999 -9999 -9999 -9999 -9999 -9999 -9999 -9999 -9999 -9999 -9999 -9999 -9999 -9999 -9999 -9999 -9999 -9999 -9999
12.25 12.45 -9999 -9999 -9999 -9999 -9999 -9999 -9999 -9999 -9999 12.27 12.88 11.88 11.07 10.30 11.12 11.64 11.31 -9999 -9999 -9999 -9999 -9999 -9999 -9999 -9999 -9999 -9999 -9999 -9999 -9999 -9999 -9999 -9999 -9999 -9999 -9999 -9999 -9999 -9999 -9999 -9999 -9999 -9999 -9999 -9999 -9999 -9999 -9999 -9999 -9999 -9999 -9999 -9999 -9999 -9999 -9999 -9999 -9999 -9999 -9999 -9999 -9999 -9999 -9999 -9999 -9999 -9999 -9999 -9999 -9999 -9999 -9999 -9999 -9999 -9999 -9999 -9999
12.73 13.05 -9999 -9999 -9999 -9999 -9999 -9999 -9999 -9999 -9999 -9999 -9999 -9999 11.48 11.02 11.28 11.54 -9999 -9999 -9999 -9999 -9999 -9999 -9999 -9999 -9999 -9999 -9999 -9999 -9999 -9999 -9999 -9999 -9999 -9999 -9999 -9999 -9999 -9999 -9999 -9999 -9999 -9999 -9999 -9999 -9999 -9999 -9999 -9999 -9999 -9999 -9999 -9999 -9999 -9999 -9999 -9999 -9999 -9999 -9999 -9999 -9999 -9999 -9999 -9999 -9999 -9999 -9999 -9999 -9999 -9999 -9999 -9999 -9999 -9999 -9999 -9999 -9999
-9999 -9999 -9999 -9999 -9999 -9999 -9999 -9999 -9999 -9999 -9999 -9999 -9999 -9999 12.39 13.42 13.99 13.30 -9999 -9999 -9999 -9999 -9999 -9999 -9999 -9999 -9999 -9999 -9999 -9999 -9999 -9999 -9999 -9999 -9999 -9999 -9999 -9999 -9999 -9999 -9999 -9999 -9999 -9999 -9999 -9999 -9999 -9999 -9999 -9999 -9999 -9999 -9999 -9999 -9999 -9999 -9999 -9999 -9999 -9999 -9999 -9999 -9999 -9999 -9999 -9999 -9999 -9999 -9999 -9999 -9999 -9999 -9999 -9999 -9999 -9999 -9999 -9999 -9999
-9999 -9999 -9999 -9999 -9999 -9999 -9999 -9999 -9999 -9999 -9999 -9999 -9999 -9999 -9999 -9999 -9999 -9999 -9999 -9999 -9999 -9999 -9999 -9999 -9999 -9999 -9999 -9999 -9999 -9999 -9999 -9999 -9999 -9999 -9999 -9999 -9999 -9999 -9999 -9999 -9999 -9999 -9999 -9999 -9999 -9999 -9999 -9999 -9999 -9999 -9999 -9999 -9999 -9999 -9999 -9999 -9999 -9999 -9999 -9999 -9999 -9999 -9999 -9999 -9999 -9999 -9999 -9999 -9999 -9999 -9999 -9999 -9999 -9999 -9999 -9999 -9999 -9999 -9999
-9999 -9999 -9999 -9999 -9999 -9999 -9999 -9999 -9999 -9999 -9999 -9999 -9999 -9999 -9999 -9999 -9999 -9999 -9999 -9999 -9999 -9999 -9999 -9999 -9999 -9999 -9999 -9999 -9999 -9999 -9999 -9999 -9999 -9999 -9999 -9999 -9999 -9999 -9999 -9999 -9999 -9999 -9999 -9999 -9999 -9999 -9999 -9999 -9999 -9999 -9999 -9999 -9999 -9999 -9999 -9999 -9999 -9999 -9999 -9999 -9999 -9999 -9999 -9999 -9999 -9999 -9999 -9999 -9999 -9999 -9999 -9999 -9999 -9999 -9999 -9999 -9999 -9999 -9999
