ML/MeanWindSpeed_1997-04_Actual.txt
ncols         180
nrows         290
xllcorner     -200000
yllcorner     -200000
cellsize      5000
NODATA_value  -9999
[rows 210 to 244 of 290, columns 79 to 157 of 180]
9.70 8.53 9.93 9.66 -9999 -9999 -9999 -9999 -9999 -9999 -9999 6.04 6.21 7.06 6.32 6.69 7.17 8.69 10.20 12.03 11.35 9.75 8.36 8.08 7.14 9.22 9.33 6.62 5.82 8.79 8.68 9.34 6.82 6.33 6.42 6.23 7.06 7.50 7.15 7.24 6.98 6.71 6.54 6.34 6.07 5.96 5.75 6.22 5.85 5.88 5.87 5.89 6.00 5.80 6.08 6.44 5.72 4.94 5.99 6.26 5.93 5.77 5.49 5.89 6.72 7.13 6.77 6.25 6.05 6.85 6.02 6.29 7.06 6.63 6.66 6.65 6.00 5.72 5.95
9.64 -9999 -9999 -9999 -9999 -9999 -9999 -9999 -9999 9.31 8.20 7.95 8.95 8.43 7.54 6.96 7.41 7.68 9.46 10.58 10.17 7.20 6.95 9.75 8.61 8.34 6.85 6.17 6.05 8.09 8.00 7.79 6.69 6.56 6.65 5.72 7.98 8.08 7.04 7.07 6.77 6.68 6.56 6.32 6.61 6.14 6.15 5.68 5.66 5.68 5.79 5.77 6.08 5.68 6.69 7.56 5.80 5.86 4.63 6.07 5.98 5.90 7.19 7.20 7.22 7.50 6.79 6.15 6.11 6.01 6.43 6.89 6.39 6.82 6.65 6.07 5.79 6.64 6.12
-9999 -9999 -9999 -9999 -9999 -9999 -9999 -9999 -9999 10.30 9.90 8.44 9.45 9.86 -9999 -9999 7.42 9.67 6.24 7.57 7.36 7.52 8.17 9.32 7.13 6.56 6.91 6.86 7.41 7.66 7.60 7.19 6.90 7.39 6.30 6.51 7.93 6.98 6.67 6.51 6.64 7.03 6.85 6.40 6.38 5.93 5.95 6.37 6.71 6.40 6.74 5.85 5.62 6.31 8.03 6.40 6.02 5.48 4.59 6.23 6.47 6.91 7.31 7.30 6.97 6.73 7.58 6.48 6.19 6.02 6.01 6.14 5.98 5.78 6.86 6.31 6.56 7.21 7.06
-9999 -9999 -9999 -9999 -9999 -9999 -9999 -9999 -9999 -9999 -9999 -9999 -9999 -9999 -9999 -9999 8.48 7.72 7.60 6.80 6.11 6.22 6.66 7.47 7.18 7.24 7.68 8.24 8.64 8.41 -9999 7.29 6.95 6.67 6.27 6.61 7.74 6.99 7.02 6.63 6.14 6.13 6.79 6.26 6.38 7.23 7.31 7.07 7.65 8.21 7.06 6.71 6.50 6.57 7.37 6.24 6.04 5.91 5.56 5.85 6.30 7.05 7.48 7.15 6.74 6.67 6.52 6.22 6.02 5.88 5.86 5.92 6.08 6.18 6.44 6.41 6.64 6.87 -9999
-9999 -9999 -9999 -9999 -9999 -9999 -9999 -9999 -9999 -9999 -9999 -9999 -9999 -9999 -9999 -9999 -9999 8.48 7.56 6.76 6.85 7.41 6.65 6.71 7.09 8.00 -9999 -9999 -9999 -9999 8.02 7.12 6.81 6.34 6.20 6.68 7.81 7.10 7.28 6.74 5.97 6.61 6.39 7.46 7.11 8.48 7.40 7.49 7.16 7.39 7.17 6.58 7.12 5.75 6.13 6.41 5.45 5.67 5.57 5.75 6.08 6.23 6.35 6.56 6.22 6.05 5.80 5.71 5.55 6.47 6.68 5.88 5.93 6.11 6.30 6.54 7.16 8.01 7.79
-9999 -9999 -9999 -9999 -9999 -9999 -9999 -9999 -9999 -9999 -9999 -9999 -9999 -9999 -9999 -9999 -9999 -9999 8.45 9.16 8.22 7.55 8.07 8.05 8.42 -9999 -9999 -9999 -9999 8.55 8.26 8.04 5.83 5.67 5.85 7.59 8.02 7.63 7.13 6.31 6.29 6.18 7.32 8.38 7.62 7.66 7.13 7.21 6.99 6.22 6.57 6.53 6.19 6.08 6.05 5.98 5.65 5.77 6.24 6.60 6.88 6.20 6.26 6.28 5.98 6.12 5.72 5.77 5.35 5.95 5.95 5.97 6.73 6.14 6.78 6.93 7.34 6.88 7.10
-9999 -9999 -9999 -9999 -9999 -9999 -9999 -9999 -9999 -9999 -9999 -9999 -9999 -9999 -9999 -9999 -9999 -9999 -9999 9.12 9.09 8.51 9.10 8.69 9.44 -9999 -9999 -9999 8.04 6.70 6.22 7.46 7.15 6.61 5.77 6.82 6.29 7.58 7.03 5.89 6.86 7.59 7.57 7.26 7.80 7.15 6.81 6.59 6.14 6.02 5.92 6.04 6.41 6.19 5.83 5.88 5.99 6.05 6.61 6.47 6.68 6.52 6.14 6.13 5.70 5.35 5.05 5.25 5.26 5.50 5.56 6.38 6.72 7.04 6.93 6.22 7.43 6.31 6.85
-9999 -9999 -9999 -9999 -9999 -9999 -9999 -9999 -9999 -9999 -9999 -9999 -9999 -9999 -9999 -9999 -9999 -9999 -9999 -9999 -9999 -9999 -9999 -9999 -9999 -9999 -9999 9.69 7.20 6.02 5.79 7.13 5.96 6.55 7.11 6.99 6.96 7.15 6.05 5.83 6.13 6.88 6.77 7.00 7.06 7.23 7.04 6.89 7.98 6.73 6.74 6.23 6.57 6.58 6.02 6.10 5.87 6.21 6.72 6.28 5.97 5.99 5.97 5.77 5.89 5.27 5.44 5.16 5.97 6.43 6.26 5.63 7.62 8.24 7.18 6.22 8.18 7.32 6.83
-9999 -9999 -9999 -9999 -9999 -9999 -9999 -9999 -9999 -9999 -9999 -9999 -9999 -9999 -9999 -9999 -9999 -9999 -9999 -9999 -9999 -9999 -9999 -9999 -9999 -9999 -9999 7.99 7.35 6.36 10.05 8.62 6.06 6.55 7.06 7.34 7.59 6.35 6.03 5.96 5.91 6.78 6.60 6.45 7.73 7.61 8.48 7.45 7.59 8.46 7.17 6.70 6.53 6.12 6.03 5.93 5.91 6.22 6.18 6.30 5.95 5.69 5.59 5.39 5.57 6.69 6.00 6.48 6.77 7.55 6.57 5.86 6.84 7.12 6.25 5.84 6.36 7.44 7.74
-9999 -9999 -9999 -9999 -9999 -9999 -9999 -9999 -9999 -9999 -9999 -9999 -9999 -9999 -9999 -9999 -9999 -9999 -9999 -9999 -9999 -9999 -9999 -9999 -9999 -9999 -9999 7.71 6.10 5.32 6.95 9.55 8.64 7.90 7.09 8.00 6.71 6.44 6.09 7.41 7.48 7.92 7.53 6.84 6.90 6.90 7.25 7.62 7.63 7.00 6.90 6.81 6.73 6.25 6.06 6.10 6.14 6.52 6.31 6.14 5.69 5.68 6.23 6.74 6.14 6.72 6.18 5.92 5.99 6.70 8.10 7.94 6.35 6.27 6.67 6.86 6.70 6.78 6.69
-9999 -9999 -9999 -9999 -9999 -9999 -9999 -9999 -9999 -9999 10.04 10.27 8.58 12.10 11.43 11.17 11.09 12.55 6.93 11.25 7.95 -9999 -9999 -9999 -9999 -9999 -9999 7.26 6.31 5.97 5.19 6.05 7.71 8.82 8.29 7.29 6.65 6.64 7.21 8.15 7.58 7.00 7.05 6.79 6.58 6.93 6.68 6.43 6.31 6.67 6.26 6.78 7.14 7.68 6.84 6.48 6.87 6.79 6.25 6.70 5.92 5.62 6.56 7.22 6.25 5.87 6.09 5.85 5.53 5.40 5.72 5.76 5.43 5.42 5.49 5.58 5.50 5.78 5.81
-9999 -9999 -9999 -9999 -9999 -9999 -9999 -9999 -9999 -9999 11.62 10.96 10.74 8.89 10.43 11.66 10.84 11.12 11.29 9.01 7.84 6.85 7.83 9.93 8.42 7.75 6.99 6.71 6.20 5.86 5.47 5.07 5.55 7.60 7.70 7.03 6.42 8.65 7.44 6.65 7.09 7.45 6.86 6.84 7.20 6.98 7.06 6.80 6.71 5.87 6.10 6.59 6.72 6.75 7.25 7.48 6.40 6.16 5.81 5.65 6.36 5.67 8.46 7.10 6.78 6.33 6.00 6.06 5.75 6.30 6.29 5.33 6.52 6.18 6.64 5.66 5.78 5.63 5.58
-9999 -9999 -9999 -9999 -9999 -9999 -9999 -9999 -9999 10.25 9.23 8.64 8.07 7.19 8.94 10.98 10.43 9.56 9.65 9.69 8.63 7.38 7.05 7.99 9.00 6.94 6.50 6.09 6.15 6.78 5.72 5.58 6.58 6.61 6.50 6.80 8.63 7.27 8.19 7.64 7.06 6.43 6.86 6.71 7.26 7.34 6.97 7.30 6.41 6.57 6.42 6.36 6.32 7.34 7.83 6.32 5.88 6.06 7.69 6.41 6.00 6.12 6.04 6.32 6.57 6.34 6.22 6.65 7.28 6.48 5.66 5.60 6.87 6.46 6.39 6.67 6.51 6.16 6.19
-9999 -9999 -9999 -9999 -9999 -9999 -9999 -9999 -9999 -9999 8.41 7.25 6.63 7.89 7.62 8.08 10.15 9.03 7.67 7.00 8.82 10.15 8.43 6.68 6.90 8.41 6.94 5.70 5.74 5.72 6.25 6.32 5.72 5.74 6.10 6.78 7.70 6.76 7.90 7.08 7.04 6.95 7.19 6.78 7.39 7.54 7.41 6.37 6.34 6.79 6.12 5.70 5.58 6.39 7.23 7.10 5.94 6.24 7.05 6.85 6.22 5.59 5.54 5.46 5.83 7.19 6.98 6.73 7.11 7.78 7.09 6.60 7.01 6.97 6.29 6.95 6.14 6.75 5.97
-9999 -9999 -9999 -9999 -9999 -9999 10.60 -9999 -9999 9.35 8.22 8.60 6.19 7.53 6.44 6.26 6.53 6.93 7.65 6.62 8.04 8.93 6.97 5.84 4.86 5.14 5.32 5.23 5.40 5.71 6.35 5.67 5.56 5.95 7.29 6.34 7.09 6.33 6.99 6.68 7.45 8.07 7.52 6.78 6.46 6.49 6.36 6.19 7.23 6.48 5.91 7.28 6.08 6.06 7.37 8.19 5.68 5.95 6.20 6.04 5.74 5.56 5.51 5.90 6.45 6.81 6.13 5.79 5.79 6.27 6.34 6.31 6.76 6.23 6.17 6.12 5.70 5.75 5.67
-9999 -9999 -9999 -9999 -9999 10.00 10.92 10.85 10.47 8.39 7.66 8.93 6.97 6.02 6.52 6.04 7.13 7.52 8.17 7.05 6.66 6.80 5.68 4.67 4.17 4.49 5.25 5.69 5.19 5.29 5.52 5.35 5.47 6.74 6.82 6.15 6.73 7.07 8.07 7.44 7.53 8.50 7.47 7.28 6.31 6.69 6.45 6.74 6.25 6.05 5.64 6.55 6.57 5.87 6.58 6.22 5.72 5.54 5.30 5.88 5.93 5.85 5.55 5.35 5.43 5.39 5.60 5.75 5.64 5.20 5.69 6.07 6.71 7.00 6.65 5.73 6.39 6.30 6.22
-9999 -9999 -9999 -9999 -9999 9.60 9.65 8.92 9.20 8.37 7.67 6.75 8.09 7.94 7.13 8.13 8.02 7.71 8.67 7.70 7.28 6.76 4.72 5.42 6.87 6.39 5.71 5.30 4.94 5.46 5.91 6.20 5.81 6.73 6.23 6.75 6.17 5.76 7.05 8.10 7.25 7.29 7.13 6.72 6.67 7.09 6.49 6.05 6.55 6.67 5.67 6.01 6.09 5.99 6.60 6.92 6.98 8.08 5.99 6.03 5.50 5.34 5.47 5.57 5.34 5.23 5.46 5.93 5.66 5.40 5.25 5.94 6.09 6.24 6.38 6.57 5.70 6.06 6.75
-9999 -9999 -9999 -9999 -9999 9.81 8.81 8.42 8.67 8.16 8.08 7.05 7.38 7.46 6.49 7.56 7.78 8.28 8.55 8.13 5.89 4.54 4.01 5.84 5.94 6.41 7.08 5.60 5.51 5.76 5.38 6.14 5.64 6.36 6.04 6.22 6.13 5.75 7.12 6.84 6.96 6.89 6.76 6.70 6.73 7.12 7.10 6.20 5.98 6.16 6.80 5.84 6.05 5.85 6.14 6.27 6.47 7.14 6.69 7.28 7.90 5.25 7.89 6.73 5.43 5.68 8.15 8.03 7.61 5.33 5.26 5.41 5.34 5.85 5.67 6.64 7.38 9.14 8.26
-9999 -9999 -9999 -9999 -9999 8.36 8.08 8.01 7.84 7.35 7.28 6.91 6.49 7.33 6.92 7.08 7.79 7.37 7.63 7.56 7.23 4.54 4.63 6.19 5.51 6.61 6.93 5.91 6.23 6.65 5.82 6.00 6.08 6.07 6.06 6.20 6.75 7.54 6.14 6.84 6.79 6.78 6.67 6.67 6.80 7.04 6.47 6.53 6.28 6.52 6.77 7.17 6.63 7.27 6.80 6.37 6.22 6.03 5.78 5.80 6.10 5.70 7.11 6.99 7.55 7.25 7.68 8.05 8.46 5.78 5.82 5.62 5.64 5.92 6.61 7.53 7.73 -9999 -9999
-9999 -9999 -9999 -9999 -9999 7.52 7.50 7.63 7.95 8.26 7.57 7.14 6.54 6.89 8.02 7.71 7.53 7.26 7.91 7.95 7.72 6.77 4.79 4.57 4.28 6.34 5.76 4.65 7.11 7.04 6.15 8.08 6.95 7.37 7.91 7.45 7.16 7.65 6.79 6.31 6.76 6.71 6.34 6.56 6.64 6.96 6.40 6.64 7.16 7.52 7.29 7.24 7.37 7.36 7.47 7.38 7.03 6.48 6.25 6.49 6.87 7.09 7.38 7.54 7.73 -9999 -9999 7.44 7.80 7.55 7.12 6.42 8.58 7.03 -9999 -9999 -9999 -9999 -9999
-9999 -9999 -9999 -9999 9.32 7.85 7.76 7.23 8.05 8.24 8.98 7.71 7.95 7.58 8.21 7.90 7.61 7.62 8.02 8.12 8.03 7.88 6.85 5.98 6.06 6.07 4.98 7.20 7.90 6.07 5.65 6.36 6.26 7.20 7.22 6.43 6.33 6.30 6.36 7.15 7.04 7.13 6.84 6.83 7.12 7.68 7.48 7.21 7.18 7.22 7.39 -9999 -9999 8.08 8.63 8.68 8.28 7.92 7.60 7.72 -9999 -9999 -9999 -9999 -9999 -9999 -9999 -9999 -9999 -9999 7.63 8.02 9.32 8.18 -9999 -9999 -9999 -9999 -9999
-9999 -9999 -9999 10.23 8.96 7.69 8.13 7.26 7.28 7.30 7.54 7.25 9.55 10.05 9.07 8.69 8.86 9.46 8.77 8.36 8.23 8.61 8.20 9.17 9.03 8.32 7.84 9.05 6.98 7.01 6.89 7.39 7.90 6.57 5.65 6.15 5.62 5.93 6.06 6.46 6.58 7.76 8.57 8.56 8.28 8.24 8.44 7.83 -9999 6.86 7.42 7.28 7.67 8.22 -9999 -9999 -9999 -9999 8.77 -9999 -9999 -9999 -9999 -9999 -9999 -9999 -9999 -9999 -9999 -9999 -9999 -9999 -9999 -9999 -9999 -9999 -9999 -9999 -9999
-9999 -9999 11.01 10.26 9.81 8.68 7.39 7.13 6.95 6.27 6.39 7.66 11.46 12.52 8.91 8.44 10.89 8.95 10.43 8.63 8.40 10.64 9.41 8.60 8.22 8.19 -9999 -9999 -9999 -9999 -9999 7.36 8.36 7.93 6.57 6.40 6.10 5.79 6.07 6.24 6.92 7.96 -9999 -9999 -9999 -9999 -9999 8.78 8.82 7.95 7.17 7.06 8.54 8.40 -9999 -9999 -9999 -9999 -9999 -9999 -9999 -9999 -9999 -9999 -9999 -9999 -9999 -9999 -9999 -9999 -9999 -9999 -9999 -9999 -9999 -9999 -9999 -9999 -9999
-9999 7.57 8.49 9.79 9.80 8.63 8.29 7.77 6.30 7.01 7.31 9.20 11.06 12.12 11.14 10.45 9.30 10.48 9.29 9.58 9.21 10.68 10.25 -9999 -9999 -9999 -9999 -9999 -9999 -9999 -9999 -9999 7.37 7.67 6.73 7.69 8.39 8.73 7.19 9.00 9.05 9.66 -9999 -9999 -9999 -9999 -9999 -9999 -9999 7.86 8.17 7.09 7.77 -9999 -9999 -9999 -9999 -9999 -9999 -9999 -9999 -9999 -9999 -9999 -9999 -9999 -9999 -9999 -9999 -9999 -9999 -9999 -9999 -9999 -9999 -9999 -9999 -9999 -9999
8.69 7.42 7.84 8.99 10.11 10.22 8.80 7.22 7.09 7.75 7.88 8.74 10.73 9.55 9.90 9.98 11.06 7.07 9.23 11.93 10.07 -9999 -9999 -9999 -9999 -9999 -9999 -9999 -9999 -9999 -9999 -9999 -9999 -9999 8.07 -9999 -9999 -9999 -9999 7.97 10.08 10.56 -9999 -9999 -9999 -9999 -9999 -9999 -9999 -9999 8.07 9.60 8.41 -9999 -9999 -9999 -9999 -9999 -9999 -9999 -9999 -9999 -9999 -9999 -9999 -9999 -9999 -9999 -9999 -9999 -9999 -9999 -9999 -9999 -9999 -9999 -9999 -9999 -9999
7.69 6.64 7.65 9.06 9.44 10.03 9.07 8.21 8.92 6.71 6.02 7.42 9.71 9.76 8.51 7.79 9.46 7.70 7.67 9.00 -9999 -9999 -9999 -9999 -9999 -9999 -9999 -9999 -9999 -9999 -9999 -9999 -9999 -9999 9.02 -9999 -9999 -9999 -9999 -9999 -9999 -9999 -9999 -9999 -9999 -9999 -9999 -9999 -9999 -9999 -9999 -9999 -9999 -9999 -9999 -9999 -9999 -9999 -9999 -9999 -9999 -9999 -9999 -9999 -9999 -9999 -9999 -9999 -9999 -9999 -9999 -9999 -9999 -9999 -9999 -9999 -9999 -9999 -9999
7.95 6.67 7.79 8.22 8.24 8.80 8.41 8.24 9.09 6.27 5.99 6.96 8.65 11.92 12.25 7.19 7.74 7.78 8.51 10.55 -9999 -9999 -9999 -9999 -9999 -9999 -9999 -9999 -9999 -9999 -9999 -9999 -9999 -9999 -9999 -9999 -9999 -9999 -9999 -9999 -9999 -9999 -9999 -9999 -9999 -9999 -9999 -9999 -9999 -9999 -9999 -9999 -9999 -9999 -9999 -9999 -9999 -9999 -9999 -9999 -9999 -9999 -9999 -9999 -9999 -9999 -9999 -9999 -9999 -9999 -9999 -9999 -9999 -9999 -9999 -9999 -9999 -9999 -9999
9.05 8.37 8.50 8.13 8.68 8.06 7.81 7.74 6.80 7.01 6.53 6.43 8.63 10.33 10.09 8.62 7.00 7.38 10.01 9.39 -9999 -9999 -9999 -9999 -9999 -9999 -9999 -9999 -9999 -9999 -9999 -9999 -9999 -9999 -9999 -9999 -9999 -9999 -9999 -9999 -9999 -9999 -9999 -9999 -9999 -9999 -9999 -9999 -9999 -9999 -9999 -9999 -9999 -9999 -9999 -9999 -9999 -9999 -9999 -9999 -9999 -9999 -9999 -9999 -9999 -9999 -9999 -9999 -9999 -9999 -9999 -9999 -9999 -9999 -9999 -9999 -9999 -9999 -9999
9.85 9.36 9.29 8.08 8.54 8.08 9.87 9.17 7.84 7.55 8.11 6.87 7.26 7.99 7.91 7.48 7.45 8.18 9.09 9.48 -9999 -9999 -9999 -9999 -9999 -9999 -9999 -9999 -9999 -9999 -9999 -9999 -9999 -9999 -9999 -9999 -9999 -9999 -9999 -9999 -9999 -9999 -9999 -9999 -9999 -9999 -9999 -9999 -9999 -9999 -9999 -9999 -9999 -9999 -9999 -9999 -9999 -9999 -9999 -9999 -9999 -9999 -9999 -9999 -9999 -9999 -9999 -9999 -9999 -9999 -9999 -9999 -9999 -9999 -9999 -9999 -9999 -9999 -9999
8.20 8.58 8.14 9.13 10.51 10.21 8.93 9.06 9.09 9.12 8.22 8.63 7.88 6.97 7.08 8.07 8.94 9.34 9.00 9.96 -9999 -9999 -9999 -9999 -9999 -9999 -9999 -9999 -9999 -9999 -9999 -9999 -9999 -9999 -9999 -9999 -9999 -9999 -9999 -9999 -9999 -9999 -9999 -9999 -9999 -9999 -9999 -9999 -9999 -9999 -9999 -9999 -9999 -9999 -9999 -9999 -9999 -9999 -9999 -9999 -9999 -9999 -9999 -9999 -9999 -9999 -9999 -9999 -9999 -9999 -9999 -9999 -9999 -9999 -9999 -9999 -9999 -9999 -9999
8.59 9.08 -9999 -9999 -9999 -9999 -9999 -9999 -9999 -9999 -9999 9.45 9.94 8.76 8.05 7.58 8.57 9.27 9.15 -9999 -9999 -9999 -9999 -9999 -9999 -9999 -9999 -9999 -9999 -9999 -9999 -9999 -9999 -9999 -9999 -9999 -9999 -9999 -9999 -9999 -9999 -9999 -9999 -9999 -9999 -9999 -9999 -9999 -9999 -9999 -9999 -9999 -9999 -9999 -9999 -9999 -9999 -9999 -9999 -9999 -9999 -9999 -9999 -9999 -9999 -9999 -9999 -9999 -9999 -9999 -9999 -9999 -9999 -9999 -9999 -9999 -9999 -9999 -9999
9.21 9.90 -9999 -9999 -9999 -9999 -9999 -9999 -9999 -9999 -9999 -9999 -9999 -9999 8.72 8.16 8.37 8.85 -9999 -9999 -9999 -9999 -9999 -9999 -9999 -9999 -9999 -9999 -9999 -9999 -9999 -9999 -9999 -9999 -9999 -9999 -9999 -9999 -9999 -9999 -9999 -9999 -9999 -9999 -9999 -9999 -9999 -9999 -9999 -9999 -9999 -9999 -9999 -9999 -9999 -9999 -9999 -9999 -9999 -9999 -9999 -9999 -9999 -9999 -9999 -9999 -9999 -9999 -9999 -9999 -9999 -9999 -9999 -9999 -9999 -9999 -9999 -9999 -9999
-9999 -9999 -9999 -9999 -9999 -9999 -9999 -9999 -9999 -9999 -9999 -9999 -9999 -9999 9.72 10.72 11.20 10.75 -9999 -9999 -9999 -9999 -9999 -9999 -9999 -9999 -9999 -9999 -9999 -9999 -9999 -9999 -9999 -9999 -9999 -9999 -9999 -9999 -9999 -9999 -9999 -9999 -9999 -9999 -9999 -9999 -9999 -9999 -9999 -9999 -9999 -9999 -9999 -9999 -9999 -9999 -9999 -9999 -9999 -9999 -9999 -9999 -9999 -9999 -9999 -9999 -9999 -9999 -9999 -9999 -9999 -9999 -9999 -9999 -9999 -9999 -9999 -9999 -9999
-9999 -9999 -9999 -9999 -9999 -9999 -9999 -9999 -9999 -9999 -9999 -9999 -9999 -9999 -9999 -9999 -9999 -9999 -9999 -9999 -9999 -9999 -9999 -9999 -9999 -9999 -9999 -9999 -9999 -9999 -9999 -9999 -9999 -9999 -9999 -9999 -9999 -9999 -9999 -9999 -9999 -9999 -9999 -9999 -9999 -9999 -9999 -9999 -9999 -9999 -9999 -9999 -9999 -9999 -9999 -9999 -9999 -9999 -9999 -9999 -9999 -9999 -9999 -9999 -9999 -9999 -9999 -9999 -9999 -9999 -9999 -9999 -9999 -9999 -9999 -9999 -9999 -9999 -9999
-9999 -9999 -9999 -9999 -9999 -9999 -9999 -9999 -9999 -9999 -9999 -9999 -9999 -9999 -9999 -9999 -9999 -9999 -9999 -9999 -9999 -9999 -9999 -9999 -9999 -9999 -9999 -9999 -9999 -9999 -9999 -9999 -9999 -9999 -9999 -9999 -9999 -9999 -9999 -9999 -9999 -9999 -9999 -9999 -9999 -9999 -9999 -9999 -9999 -9999 -9999 -9999 -9999 -9999 -9999 -9999 -9999 -9999 -9999 -9999 -9999 -9999 -9999 -9999 -9999 -9999 -9999 -9999 -9999 -9999 -9999 -9999 -9999 -9999 -9999 -9999 -9999 -9999 -9999
