ML/MeanWindSpeed_1999-07_Actual.txt
ncols         180
nrows         290
xllcorner     -200000
yllcorner     -200000
cellsize      5000
NODATA_value  -9999
[rows 140 to 174 of 290, columns 79 to 157 of 180]
-9999 -9999 10.01 -9999 -9999 -9999 9.02 9.17 8.24 8.08 8.80 -9999 -9999 9.05 7.88 9.66 10.48 -9999 -9999 -9999 -9999 -9999 7.87 6.94 5.25 5.16 4.76 5.24 5.30 5.67 5.35 3.61 5.91 8.03 8.10 6.14 7.27 7.94 8.39 6.62 7.13 7.13 6.00 4.29 4.24 4.31 2.30 3.02 4.92 6.35 -9999 -9999 -9999 -9999 -9999 -9999 -9999 -9999 -9999 -9999 -9999 -9999 -9999 -9999 -9999 -9999 -9999 -9999 -9999 -9999 -9999 -9999 -9999 -9999 -9999 -9999 -9999 -9999 -9999
-9999 -9999 9.99 9.70 -9999 -9999 -9999 9.06 9.52 9.22 9.38 -9999 -9999 -9999 -9999 9.58 -9999 -9999 -9999 -9999 -9999 -9999 6.89 6.05 5.14 5.42 5.77 5.83 5.61 5.89 5.48 4.47 5.07 7.79 7.82 4.97 8.89 8.68 9.59 7.16 7.17 8.15 6.20 4.91 4.49 3.06 1.85 2.92 4.94 6.46 -9999 -9999 -9999 -9999 -9999 -9999 -9999 -9999 -9999 -9999 -9999 -9999 -9999 -9999 -9999 -9999 -9999 -9999 -9999 -9999 -9999 -9999 -9999 -9999 -9999 -9999 -9999 -9999 -9999
-9999 -9999 -9999 10.71 -9999 -9999 -9999 -9999 9.41 10.10 9.74 -9999 -9999 -9999 -9999 -9999 -9999 -9999 -9999 -9999 -9999 7.53 6.53 6.27 5.65 5.63 6.82 6.77 6.53 6.67 6.34 5.62 4.41 5.94 9.88 9.42 9.25 9.29 7.81 7.15 7.26 5.77 4.12 5.48 5.38 2.88 2.26 3.41 5.22 6.96 7.96 -9999 -9999 -9999 -9999 -9999 -9999 -9999 -9999 -9999 -9999 -9999 -9999 -9999 -9999 -9999 -9999 -9999 -9999 -9999 -9999 -9999 -9999 -9999 -9999 -9999 -9999 -9999 -9999
-9999 -9999 -9999 11.52 -9999 -9999 -9999 -9999 -9999 -9999 -9999 -9999 -9999 -9999 -9999 -9999 -9999 -9999 -9999 -9999 -9999 7.53 6.11 5.04 3.63 3.46 9.43 7.58 6.78 8.33 6.52 6.99 3.46 3.96 8.58 11.17 8.74 7.40 10.35 11.95 10.88 8.92 7.49 4.37 4.32 3.77 4.23 4.23 5.50 7.45 8.16 8.37 -9999 -9999 -9999 -9999 -9999 -9999 -9999 -9999 -9999 -9999 -9999 -9999 -9999 -9999 -9999 -9999 -9999 -9999 -9999 -9999 -9999 -9999 -9999 -9999 -9999 -9999 -9999
-9999 -9999 -9999 -9999 -9999 -9999 -9999 -9999 -9999 -9999 -9999 -9999 -9999 -9999 -9999 -9999 -9999 -9999 -9999 -9999 8.00 7.01 5.49 4.50 6.29 3.43 12.86 11.91 6.49 7.25 6.41 5.91 5.57 3.56 5.30 11.88 11.46 9.84 8.51 7.74 9.38 8.95 7.86 6.11 5.04 4.58 4.36 4.86 6.38 6.96 7.05 7.46 -9999 -9999 -9999 -9999 -9999 -9999 -9999 -9999 -9999 -9999 -9999 -9999 -9999 -9999 -9999 -9999 -9999 -9999 -9999 -9999 -9999 -9999 -9999 -9999 -9999 -9999 -9999
-9999 -9999 -9999 -9999 -9999 -9999 -9999 -9999 -9999 -9999 -9999 -9999 -9999 -9999 -9999 -9999 -9999 -9999 -9999 -9999 7.10 7.19 4.59 5.89 11.42 6.04 4.55 8.87 8.94 7.04 6.41 6.07 5.67 4.54 4.99 7.09 13.20 11.11 9.99 8.43 8.27 8.06 6.47 5.91 5.68 6.22 5.35 6.27 6.27 6.60 6.24 6.32 6.71 7.02 7.21 -9999 -9999 -9999 -9999 -9999 -9999 -9999 -9999 -9999 -9999 -9999 -9999 -9999 -9999 -9999 -9999 -9999 -9999 -9999 -9999 -9999 -9999 -9999 -9999
-9999 -9999 -9999 -9999 -9999 -9999 -9999 -9999 -9999 -9999 -9999 -9999 -9999 -9999 -9999 -9999 -9999 -9999 -9999 -9999 7.01 6.44 5.62 8.08 5.48 4.75 6.26 9.96 7.16 5.98 8.23 4.62 6.45 5.62 5.54 6.03 8.44 9.59 9.18 8.59 8.21 6.72 6.56 5.99 5.60 5.52 5.86 5.94 6.26 5.76 5.38 5.24 7.22 6.07 6.99 7.85 7.94 -9999 -9999 -9999 -9999 -9999 -9999 -9999 -9999 -9999 -9999 -9999 -9999 -9999 -9999 -9999 -9999 -9999 -9999 -9999 -9999 -9999 -9999
-9999 -9999 -9999 -9999 -9999 -9999 -9999 -9999 -9999 -9999 -9999 -9999 -9999 -9999 -9999 -9999 -9999 -9999 -9999 -9999 7.06 6.29 6.90 10.70 11.70 7.84 5.09 6.99 7.56 9.17 5.80 8.09 6.75 6.13 6.49 6.32 5.32 5.84 8.83 8.27 7.72 7.31 6.63 6.26 6.40 6.45 6.09 6.21 5.93 5.33 5.17 4.74 5.26 7.11 6.86 7.18 8.42 8.60 7.42 -9999 -9999 -9999 -9999 -9999 -9999 -9999 -9999 -9999 -9999 -9999 -9999 -9999 -9999 -9999 -9999 -9999 -9999 -9999 -9999
-9999 -9999 -9999 -9999 -9999 -9999 -9999 -9999 -9999 -9999 -9999 -9999 -9999 -9999 -9999 -9999 -9999 -9999 -9999 -9999 7.70 6.47 7.81 8.66 5.80 14.39 11.75 7.14 8.61 6.59 9.66 9.96 6.98 5.61 5.85 5.49 4.08 9.68 8.91 8.73 9.19 9.51 8.99 6.75 7.69 6.90 6.60 6.46 6.13 5.67 4.92 4.05 4.69 6.70 6.09 5.90 6.53 7.64 6.70 8.84 -9999 -9999 -9999 -9999 -9999 -9999 -9999 -9999 -9999 -9999 -9999 -9999 -9999 -9999 -9999 -9999 -9999 -9999 -9999
-9999 -9999 -9999 -9999 -9999 -9999 -9999 -9999 9.08 9.43 10.13 -9999 -9999 -9999 -9999 -9999 -9999 -9999 -9999 -9999 -9999 7.96 7.09 5.89 7.48 9.79 12.07 7.59 5.46 8.94 8.69 7.48 5.97 7.08 6.70 4.87 5.23 7.66 8.43 11.25 10.41 8.84 8.56 9.11 8.11 7.23 6.87 6.50 6.16 5.26 4.38 7.11 6.65 9.18 9.75 9.00 8.04 6.13 8.24 8.78 8.18 -9999 -9999 -9999 -9999 -9999 -9999 -9999 -9999 -9999 -9999 -9999 -9999 -9999 -9999 -9999 -9999 -9999 -9999
-9999 -9999 -9999 -9999 -9999 -9999 -9999 -9999 7.50 7.93 -9999 -9999 -9999 -9999 -9999 -9999 -9999 -9999 -9999 -9999 -9999 -9999 6.95 5.04 8.32 9.60 15.00 8.51 8.48 8.26 6.69 5.57 5.07 4.46 9.78 5.09 5.85 9.96 8.68 6.93 6.73 10.10 7.38 9.53 8.14 7.26 6.74 6.44 5.65 5.58 6.90 7.50 7.22 7.25 7.00 7.85 8.38 7.99 8.29 8.32 9.83 -9999 -9999 -9999 -9999 -9999 -9999 -9999 -9999 -9999 -9999 -9999 -9999 -9999 -9999 -9999 -9999 -9999 -9999
-9999 -9999 -9999 -9999 -9999 -9999 -9999 6.82 9.08 9.35 9.30 -9999 -9999 -9999 -9999 -9999 -9999 -9999 -9999 -9999 -9999 -9999 6.72 8.23 9.19 10.19 8.47 8.87 7.19 6.97 6.22 5.60 6.44 4.93 3.51 9.77 7.01 6.78 9.40 8.27 10.46 8.47 8.81 7.94 7.76 7.31 7.15 6.41 5.58 6.24 7.31 6.74 7.71 8.73 8.36 8.59 8.11 8.26 8.69 7.80 9.80 8.79 -9999 -9999 -9999 -9999 -9999 -9999 -9999 -9999 -9999 -9999 -9999 -9999 -9999 -9999 -9999 -9999 -9999
-9999 -9999 -9999 -9999 -9999 -9999 5.56 8.83 10.78 13.54 9.23 -9999 -9999 -9999 -9999 -9999 -9999 -9999 -9999 -9999 -9999 -9999 7.74 11.42 9.64 7.02 8.05 7.27 7.48 6.10 5.32 5.62 6.23 4.56 8.59 6.40 9.21 7.28 10.69 6.89 7.92 6.59 8.33 7.33 7.65 7.70 6.84 6.62 5.74 5.72 8.39 8.92 8.73 8.05 8.11 7.76 7.50 7.65 9.02 9.02 8.61 8.91 -9999 -9999 -9999 -9999 -9999 -9999 -9999 -9999 -9999 -9999 -9999 -9999 -9999 -9999 -9999 -9999 -9999
-9999 -9999 -9999 -9999 -9999 6.92 6.29 12.02 10.91 10.78 -9999 -9999 -9999 -9999 -9999 -9999 -9999 -9999 -9999 -9999 -9999 -9999 -9999 8.77 7.41 6.82 8.39 6.57 8.04 6.40 5.59 5.17 5.19 4.04 8.46 8.36 9.35 8.76 9.41 9.61 9.55 8.56 8.46 8.81 8.43 7.08 6.85 6.67 6.07 5.84 6.82 10.34 9.40 7.56 7.03 6.95 6.65 6.75 6.87 6.89 6.62 7.23 8.35 8.99 -9999 -9999 -9999 -9999 -9999 -9999 -9999 -9999 -9999 -9999 -9999 -9999 -9999 -9999 -9999
-9999 -9999 -9999 -9999 -9999 8.84 10.22 8.47 9.67 10.03 -9999 -9999 -9999 -9999 -9999 -9999 -9999 -9999 -9999 -9999 -9999 -9999 -9999 -9999 7.69 7.87 7.45 6.75 7.63 6.83 6.44 5.90 5.91 4.02 8.64 8.04 7.48 9.11 7.82 7.32 10.57 10.47 8.02 9.52 8.72 8.25 6.85 6.52 6.42 6.13 6.46 7.45 7.70 7.09 6.86 6.66 6.56 6.26 6.24 6.23 6.30 8.40 8.73 8.65 -9999 -9999 -9999 -9999 -9999 -9999 -9999 -9999 -9999 -9999 -9999 -9999 -9999 -9999 -9999
-9999 -9999 -9999 -9999 -9999 9.68 9.02 9.75 9.40 -9999 -9999 -9999 -9999 -9999 -9999 -9999 -9999 -9999 -9999 -9999 -9999 -9999 -9999 -9999 8.17 8.33 8.10 -9999 7.76 -9999 6.75 5.93 5.04 3.94 4.64 8.43 7.76 8.40 10.82 5.72 6.79 10.98 9.53 9.15 9.00 8.04 6.94 6.56 6.38 6.10 6.32 6.80 7.43 7.92 6.96 7.20 6.17 5.46 6.31 7.34 7.18 6.94 7.12 8.52 9.97 10.48 -9999 -9999 -9999 -9999 -9999 -9999 -9999 -9999 -9999 -9999 -9999 -9999 -9999
-9999 -9999 -9999 -9999 9.55 9.17 9.08 -9999 -9999 -9999 -9999 -9999 -9999 -9999 -9999 -9999 -9999 -9999 -9999 -9999 -9999 -9999 -9999 -9999 8.84 8.41 7.91 -9999 -9999 -9999 6.52 6.67 4.10 4.59 6.15 5.49 5.16 6.98 10.39 10.06 6.26 9.65 10.83 8.64 9.59 8.61 7.57 6.19 6.28 6.14 6.29 6.59 6.89 7.00 6.76 6.79 5.59 5.85 6.87 7.84 8.41 8.49 7.96 7.95 8.81 9.74 -9999 -9999 -9999 -9999 -9999 -9999 -9999 -9999 -9999 -9999 -9999 -9999 -9999
-9999 -9999 -9999 -9999 -9999 -9999 -9999 -9999 -9999 -9999 -9999 -9999 -9999 -9999 -9999 -9999 -9999 -9999 -9999 -9999 -9999 -9999 -9999 -9999 -9999 -9999 -9999 -9999 -9999 7.07 5.35 4.92 5.74 6.46 7.65 7.96 6.82 7.63 10.01 9.57 7.95 6.78 9.22 10.07 8.93 8.01 7.16 6.56 6.50 6.65 6.37 6.41 6.61 6.59 6.29 5.66 6.27 8.27 7.45 8.31 8.04 8.21 7.58 8.10 8.83 -9999 -9999 -9999 -9999 -9999 -9999 -9999 -9999 -9999 -9999 -9999 -9999 -9999 -9999
-9999 -9999 -9999 -9999 -9999 -9999 -9999 -9999 -9999 -9999 -9999 -9999 -9999 -9999 -9999 -9999 -9999 -9999 -9999 -9999 -9999 -9999 -9999 -9999 -9999 -9999 -9999 -9999 -9999 6.54 5.06 5.64 7.35 9.61 9.21 7.27 8.16 6.72 7.30 6.59 7.67 8.15 9.10 9.17 8.91 7.96 7.44 7.01 6.51 6.69 6.32 6.34 6.43 6.52 6.29 5.61 6.15 9.31 9.06 7.97 7.84 7.71 7.47 7.99 8.91 -9999 -9999 -9999 -9999 -9999 -9999 -9999 -9999 -9999 -9999 -9999 -9999 -9999 -9999
-9999 -9999 -9999 -9999 -9999 -9999 -9999 -9999 -9999 -9999 -9999 -9999 -9999 -9999 -9999 -9999 -9999 -9999 -9999 -9999 -9999 -9999 -9999 -9999 -9999 -9999 -9999 -9999 -9999 6.16 4.85 5.23 7.86 8.90 8.80 8.22 7.47 6.83 7.46 6.33 6.16 6.84 6.05 9.04 7.89 8.57 7.61 7.29 6.43 6.32 6.40 6.38 6.44 6.45 6.38 6.03 6.13 8.12 8.92 8.22 7.75 7.67 7.42 7.83 8.57 -9999 -9999 -9999 -9999 -9999 -9999 -9999 -9999 -9999 -9999 -9999 -9999 -9999 -9999
-9999 -9999 -9999 -9999 -9999 -9999 -9999 -9999 -9999 -9999 -9999 -9999 -9999 -9999 -9999 -9999 -9999 -9999 -9999 -9999 -9999 -9999 -9999 -9999 -9999 -9999 -9999 8.43 7.30 5.74 4.69 7.08 9.04 11.26 8.91 9.69 5.84 6.36 6.35 6.84 7.35 7.33 9.02 6.90 6.97 6.89 6.79 6.40 6.93 6.30 6.30 6.56 6.38 6.41 6.51 6.33 6.44 7.20 8.66 8.07 7.47 7.40 7.37 7.53 8.12 8.95 -9999 -9999 -9999 -9999 -9999 -9999 -9999 -9999 -9999 -9999 -9999 -9999 -9999
-9999 -9999 -9999 -9999 -9999 -9999 -9999 -9999 -9999 -9999 -9999 -9999 -9999 -9999 -9999 -9999 -9999 -9999 -9999 -9999 -9999 -9999 -9999 -9999 -9999 -9999 -9999 7.96 6.80 5.89 5.37 6.05 8.75 7.42 6.72 5.24 6.30 8.10 6.13 7.19 6.88 7.91 5.80 8.80 7.36 8.20 7.93 7.85 6.92 6.58 6.38 6.33 6.33 6.43 6.49 6.53 6.50 6.79 7.54 8.31 7.69 7.35 7.41 7.33 7.65 8.58 -9999 -9999 -9999 -9999 -9999 -9999 -9999 -9999 -9999 -9999 -9999 -9999 -9999
-9999 -9999 -9999 -9999 -9999 -9999 -9999 -9999 -9999 -9999 -9999 -9999 -9999 -9999 -9999 -9999 -9999 -9999 -9999 -9999 -9999 -9999 -9999 -9999 -9999 -9999 -9999 7.97 6.75 6.24 5.88 6.41 7.38 7.38 6.07 5.23 6.03 5.90 5.30 6.82 8.74 7.21 7.08 6.28 7.50 6.30 6.69 7.19 7.51 6.87 6.64 6.34 6.32 6.43 6.51 6.58 6.59 6.54 7.04 8.09 8.48 7.68 7.34 7.25 7.30 7.94 8.83 -9999 -9999 -9999 -9999 -9999 -9999 -9999 -9999 -9999 -9999 -9999 -9999
-9999 -9999 -9999 -9999 -9999 -9999 -9999 -9999 -9999 -9999 -9999 -9999 -9999 -9999 -9999 -9999 -9999 -9999 -9999 -9999 -9999 -9999 -9999 -9999 -9999 -9999 -9999 7.79 6.88 6.53 6.44 6.38 6.31 5.97 6.12 6.48 4.91 4.80 5.31 8.63 8.90 9.63 8.87 7.62 7.44 7.76 6.72 6.31 7.13 7.38 6.60 6.32 6.37 6.35 6.50 6.65 6.77 6.62 6.81 8.32 9.15 8.17 7.72 7.58 7.27 7.42 8.27 9.12 -9999 -9999 -9999 -9999 -9999 -9999 -9999 -9999 -9999 -9999 -9999
-9999 -9999 -9999 -9999 -9999 -9999 -9999 -9999 -9999 -9999 -9999 -9999 -9999 -9999 -9999 -9999 -9999 -9999 -9999 -9999 -9999 -9999 -9999 -9999 -9999 -9999 -9999 7.83 6.79 6.48 6.23 5.86 5.42 5.49 4.85 5.49 6.14 7.38 8.43 9.54 7.76 8.87 7.86 7.77 6.76 7.72 7.37 6.88 6.47 6.35 6.41 6.26 6.37 6.46 6.61 6.73 6.94 7.02 7.14 7.82 8.64 8.20 7.78 7.77 7.70 7.53 7.64 8.60 -9999 -9999 -9999 -9999 -9999 -9999 -9999 -9999 -9999 -9999 -9999
-9999 -9999 -9999 -9999 -9999 -9999 -9999 -9999 -9999 -9999 -9999 -9999 -9999 -9999 -9999 -9999 -9999 -9999 -9999 -9999 -9999 -9999 -9999 -9999 -9999 -9999 -9999 -9999 6.80 6.48 5.98 5.21 5.30 6.36 6.41 6.98 6.22 6.28 8.01 8.31 9.19 8.54 7.20 6.08 6.35 6.23 7.06 6.50 6.38 6.86 6.66 6.25 6.49 6.50 6.65 6.72 6.85 7.10 7.31 7.70 7.87 7.83 7.80 7.94 -9999 7.90 8.12 8.71 9.73 -9999 -9999 -9999 -9999 -9999 -9999 -9999 -9999 -9999 -9999
-9999 -9999 -9999 -9999 -9999 -9999 -9999 -9999 -9999 -9999 -9999 -9999 -9999 -9999 -9999 -9999 -9999 -9999 -9999 -9999 -9999 -9999 -9999 -9999 -9999 -9999 -9999 7.66 6.68 6.25 5.58 4.80 4.76 7.72 8.35 7.07 9.07 8.98 7.53 7.21 9.88 8.49 8.55 6.73 5.48 6.92 6.12 5.73 6.25 6.51 6.32 6.46 6.40 6.47 6.57 6.73 6.66 6.78 7.83 7.38 7.21 8.13 7.58 7.63 7.73 -9999 8.55 9.09 9.90 10.54 -9999 -9999 -9999 -9999 -9999 -9999 -9999 -9999 -9999
-9999 -9999 -9999 -9999 -9999 -9999 -9999 -9999 -9999 -9999 -9999 -9999 -9999 -9999 -9999 -9999 -9999 -9999 -9999 -9999 -9999 -9999 -9999 -9999 -9999 -9999 -9999 7.45 6.45 6.04 5.54 6.24 5.71 7.02 9.30 7.33 7.58 7.77 6.22 5.81 8.24 7.61 7.19 4.97 6.33 7.22 5.89 6.65 6.26 6.85 6.81 6.55 6.37 6.44 6.51 6.58 6.47 6.45 6.74 7.03 6.51 6.90 7.34 6.94 7.47 7.91 -9999 -9999 -9999 -9999 -9999 -9999 -9999 -9999 -9999 -9999 -9999 -9999 -9999
-9999 -9999 -9999 -9999 -9999 -9999 -9999 -9999 -9999 -9999 -9999 -9999 -9999 -9999 -9999 -9999 -9999 -9999 -9999 -9999 -9999 -9999 -9999 -9999 -9999 -9999 8.47 6.94 6.20 6.57 6.27 6.34 6.20 7.44 8.00 7.48 7.09 6.66 6.18 5.87 7.59 9.14 8.65 5.45 7.31 7.19 5.82 6.17 5.75 6.45 6.84 6.45 6.26 6.52 6.52 6.52 6.56 6.40 6.64 6.78 6.65 6.64 7.57 7.08 7.05 7.34 8.21 9.13 -9999 -9999 -9999 -9999 -9999 -9999 -9999 -9999 -9999 -9999 -9999
-9999 -9999 -9999 -9999 -9999 -9999 -9999 -9999 -9999 -9999 -9999 -9999 -9999 -9999 -9999 -9999 -9999 -9999 -9999 -9999 -9999 -9999 -9999 -9999 -9999 -9999 -9999 7.06 6.23 6.15 6.51 7.89 6.61 6.73 6.89 6.98 6.98 6.41 5.86 5.25 5.39 7.85 8.14 8.59 7.06 7.52 7.06 6.54 6.95 5.77 6.02 6.69 6.29 6.43 6.40 6.40 6.54 6.40 6.55 6.84 6.52 6.23 6.40 7.93 7.20 7.01 7.34 8.09 8.95 9.84 -9999 -9999 -9999 -9999 -9999 -9999 -9999 -9999 -9999
-9999 -9999 -9999 -9999 -9999 -9999 -9999 -9999 -9999 -9999 -9999 -9999 -9999 -9999 -9999 -9999 -9999 -9999 -9999 -9999 -9999 -9999 -9999 -9999 -9999 -9999 -9999 7.03 6.58 6.33 6.55 6.81 6.87 6.71 6.43 6.44 6.06 5.74 5.55 5.38 5.49 4.94 7.94 9.49 10.15 8.54 7.46 7.21 6.32 6.52 6.17 7.03 6.41 6.52 6.41 6.38 6.40 6.39 6.66 6.78 6.50 6.02 6.41 7.91 7.48 7.64 6.99 7.24 8.02 8.99 -9999 -9999 -9999 -9999 -9999 -9999 -9999 -9999 -9999
-9999 -9999 -9999 -9999 -9999 -9999 -9999 11.42 10.82 11.11 11.79 -9999 -9999 -9999 -9999 -9999 -9999 -9999 -9999 -9999 -9999 -9999 -9999 -9999 -9999 -9999 7.34 6.61 6.90 6.59 7.27 6.99 6.44 6.22 6.22 6.08 5.99 5.69 5.43 5.08 4.54 6.82 8.71 8.73 7.59 9.49 8.70 6.59 6.41 5.18 7.30 7.47 6.59 6.55 6.42 6.36 6.38 6.40 6.55 6.90 6.67 6.09 6.16 6.69 7.95 7.86 8.15 7.08 7.19 8.20 9.29 -9999 -9999 -9999 -9999 -9999 -9999 -9999 -9999
-9999 -9999 -9999 -9999 -9999 -9999 -9999 10.95 10.34 10.32 10.62 -9999 -9999 -9999 -9999 -9999 -9999 -9999 -9999 -9999 -9999 -9999 -9999 -9999 -9999 7.44 7.19 6.62 6.87 7.60 6.85 6.74 6.08 5.98 6.06 5.86 5.92 5.82 5.07 4.36 3.88 5.43 10.02 10.21 7.54 8.86 8.22 7.86 5.85 5.28 6.70 7.34 6.82 6.21 6.21 6.31 6.60 6.51 6.49 6.69 6.86 6.41 6.35 6.59 7.87 7.96 7.90 7.19 7.20 7.64 8.80 -9999 -9999 -9999 -9999 -9999 -9999 -9999 -9999
-9999 -9999 -9999 -9999 -9999 13.19 11.01 9.93 10.08 9.99 10.53 10.12 10.79 11.05 -9999 -9999 10.29 8.70 -9999 -9999 -9999 7.26 8.18 7.46 -9999 5.96 7.36 6.86 6.63 6.96 6.56 6.53 6.43 6.83 6.50 6.39 5.71 5.70 4.91 4.67 6.49 4.91 7.39 9.32 5.90 7.37 10.17 6.40 7.47 6.05 6.71 7.04 6.65 6.37 6.37 6.45 6.66 6.41 6.50 6.55 7.00 6.44 6.39 6.65 7.14 7.73 8.39 8.04 7.33 7.31 8.31 9.54 -9999 -9999 -9999 -9999 -9999 -9999 -9999
-9999 -9999 -9999 -9999 -9999 -9999 11.37 10.40 9.99 9.66 9.68 10.19 10.79 8.44 -9999 7.27 8.48 8.73 7.44 7.93 5.53 5.05 8.19 8.13 6.92 -9999 5.81 6.95 6.89 6.33 6.31 6.67 6.18 6.17 6.15 5.94 5.90 5.41 5.10 4.70 6.83 7.39 7.85 8.32 7.57 9.23 9.23 7.58 6.11 5.79 7.14 7.28 6.36 6.62 6.34 6.75 6.87 6.51 6.44 6.47 7.05 6.56 6.56 6.72 6.82 7.52 8.08 8.50 7.96 7.53 7.99 9.14 -9999 -9999 -9999 -9999 -9999 -9999 -9999
