ML/MeanWindSpeed_1991-04_Actual.txt
ncols         180
nrows         290
xllcorner     -200000
yllcorner     -200000
cellsize      5000
NODATA_value  -9999
[rows 136 to 169 of 290, columns 77 to 153 of 180]
-9999 -9999 13.61 12.00 10.20 12.26 11.29 12.82 11.46 10.39 8.59 7.89 9.71 14.40 12.24 11.57 9.80 9.58 9.56 9.02 10.10 11.34 9.92 10.62 9.74 10.05 9.83 9.84 9.68 9.40 8.97 8.96 9.54 9.17 8.88 10.04 10.58 11.16 11.83 11.74 8.89 9.52 11.73 10.89 9.63 9.77 9.44 9.65 9.15 9.93 10.81 -9999 -9999 -9999 -9999 -9999 -9999 -9999 -9999 -9999 -9999 -9999 -9999 -9999 -9999 -9999 -9999 -9999 -9999 -9999 -9999 -9999 -9999 -9999 -9999 -9999 -9999
-9999 -9999 13.93 12.45 9.68 11.88 10.35 11.43 11.04 10.69 9.87 7.94 11.25 11.27 11.03 13.08 10.49 9.77 9.38 7.75 10.24 14.45 11.31 -9999 -9999 -9999 10.14 9.92 -9999 9.36 9.37 9.29 8.53 8.20 9.77 11.30 10.27 10.47 11.53 11.10 12.27 11.75 9.55 8.51 8.81 9.28 9.90 8.16 8.77 9.38 10.85 -9999 -9999 -9999 -9999 -9999 -9999 -9999 -9999 -9999 -9999 -9999 -9999 -9999 -9999 -9999 -9999 -9999 -9999 -9999 -9999 -9999 -9999 -9999 -9999 -9999 -9999
-9999 -9999 12.72 14.43 11.17 10.64 11.05 11.81 11.65 11.20 10.22 8.95 9.60 14.14 11.73 12.44 10.04 10.09 11.53 8.88 10.10 11.31 11.66 -9999 -9999 -9999 10.25 9.61 9.71 9.83 9.31 8.67 7.15 8.24 11.46 12.12 10.36 13.07 10.57 10.64 12.97 10.62 11.02 10.95 10.73 8.91 9.95 11.01 9.61 9.21 10.67 -9999 -9999 -9999 -9999 -9999 -9999 -9999 -9999 -9999 -9999 -9999 -9999 -9999 -9999 -9999 -9999 -9999 -9999 -9999 -9999 -9999 -9999 -9999 -9999 -9999 -9999
-9999 -9999 -9999 13.75 13.69 11.73 -9999 12.31 12.50 11.72 11.13 10.25 -9999 11.57 10.53 11.12 9.50 11.17 11.90 10.91 11.22 -9999 -9999 -9999 -9999 11.10 9.84 9.37 9.48 10.02 9.90 8.69 7.31 7.09 11.16 15.09 9.47 13.66 10.75 12.40 13.39 11.32 12.68 11.10 9.44 10.89 11.22 9.87 7.88 9.01 11.30 11.59 -9999 -9999 -9999 -9999 -9999 -9999 -9999 -9999 -9999 -9999 -9999 -9999 -9999 -9999 -9999 -9999 -9999 -9999 -9999 -9999 -9999 -9999 -9999 -9999 -9999
-9999 -9999 -9999 -9999 13.98 -9999 -9999 -9999 12.17 12.55 11.68 11.66 12.09 -9999 -9999 11.92 10.55 13.00 13.97 -9999 -9999 -9999 -9999 -9999 11.67 10.95 9.11 9.36 9.51 10.19 9.79 10.15 9.39 6.58 8.68 12.16 14.02 11.35 13.10 13.99 14.29 12.16 12.83 13.12 11.91 10.02 10.15 10.24 7.67 8.83 11.30 12.79 -9999 -9999 -9999 -9999 -9999 -9999 -9999 -9999 -9999 -9999 -9999 -9999 -9999 -9999 -9999 -9999 -9999 -9999 -9999 -9999 -9999 -9999 -9999 -9999 -9999
-9999 -9999 -9999 -9999 13.79 13.72 -9999 -9999 -9999 12.18 13.04 12.82 12.93 -9999 -9999 -9999 -9999 12.62 -9999 -9999 -9999 -9999 -9999 -9999 10.50 9.77 8.88 9.77 11.45 11.66 10.57 10.56 9.51 7.51 7.05 10.46 12.54 9.82 14.79 14.29 15.40 12.61 12.92 14.30 11.95 10.47 9.94 8.44 7.32 8.67 11.05 12.85 -9999 -9999 -9999 -9999 -9999 -9999 -9999 -9999 -9999 -9999 -9999 -9999 -9999 -9999 -9999 -9999 -9999 -9999 -9999 -9999 -9999 -9999 -9999 -9999 -9999
-9999 -9999 -9999 -9999 -9999 14.83 -9999 -9999 -9999 -9999 12.69 13.69 13.33 -9999 -9999 -9999 -9999 -9999 -9999 -9999 -9999 -9999 -9999 11.05 10.12 10.12 9.86 10.09 12.15 12.20 11.50 11.41 10.58 9.20 6.48 7.55 13.69 14.86 14.84 14.45 12.18 11.41 12.03 10.72 8.96 11.07 11.13 8.22 7.69 9.01 10.96 13.09 14.31 -9999 -9999 -9999 -9999 -9999 -9999 -9999 -9999 -9999 -9999 -9999 -9999 -9999 -9999 -9999 -9999 -9999 -9999 -9999 -9999 -9999 -9999 -9999 -9999
-9999 -9999 -9999 -9999 -9999 15.82 -9999 -9999 -9999 -9999 -9999 -9999 -9999 -9999 -9999 -9999 -9999 -9999 -9999 -9999 -9999 -9999 -9999 11.39 10.01 8.88 7.57 6.74 13.95 12.55 11.90 13.48 11.11 11.50 6.18 5.32 11.03 15.77 13.33 11.70 15.39 17.25 16.06 14.01 12.72 9.00 9.46 9.22 10.01 9.68 10.88 13.39 14.47 14.74 -9999 -9999 -9999 -9999 -9999 -9999 -9999 -9999 -9999 -9999 -9999 -9999 -9999 -9999 -9999 -9999 -9999 -9999 -9999 -9999 -9999 -9999 -9999
-9999 -9999 -9999 -9999 -9999 -9999 -9999 -9999 -9999 -9999 -9999 -9999 -9999 -9999 -9999 -9999 -9999 -9999 -9999 -9999 -9999 -9999 11.38 10.68 9.26 8.25 10.91 6.60 18.23 18.15 11.48 12.28 11.68 10.60 9.83 5.67 6.32 14.98 15.09 13.66 12.48 11.74 14.18 13.87 12.87 10.93 9.89 9.76 9.61 10.01 11.71 12.52 12.98 13.86 -9999 -9999 -9999 -9999 -9999 -9999 -9999 -9999 -9999 -9999 -9999 -9999 -9999 -9999 -9999 -9999 -9999 -9999 -9999 -9999 -9999 -9999 -9999
-9999 -9999 -9999 -9999 -9999 -9999 -9999 -9999 -9999 -9999 -9999 -9999 -9999 -9999 -9999 -9999 -9999 -9999 -9999 -9999 -9999 -9999 10.10 10.71 8.07 10.67 17.99 10.43 7.32 13.24 14.29 12.48 12.58 11.79 10.82 8.16 6.49 7.71 16.02 14.62 14.25 12.38 12.37 12.63 10.98 10.65 10.69 11.45 10.21 11.42 11.41 12.06 12.06 12.59 13.47 14.21 14.24 -9999 -9999 -9999 -9999 -9999 -9999 -9999 -9999 -9999 -9999 -9999 -9999 -9999 -9999 -9999 -9999 -9999 -9999 -9999 -9999
-9999 -9999 -9999 -9999 -9999 -9999 -9999 -9999 -9999 -9999 -9999 -9999 -9999 -9999 -9999 -9999 -9999 -9999 -9999 -9999 -9999 -9999 9.73 9.30 8.87 12.80 9.63 8.88 10.14 14.05 11.19 11.04 15.00 10.51 12.48 10.39 8.50 7.34 10.25 13.19 13.74 13.45 13.11 11.35 11.42 10.82 10.30 10.08 10.47 10.74 11.36 11.11 11.07 11.28 14.30 13.16 14.05 14.71 14.37 -9999 -9999 -9999 -9999 -9999 -9999 -9999 -9999 -9999 -9999 -9999 -9999 -9999 -9999 -9999 -9999 -9999 -9999
-9999 -9999 -9999 -9999 -9999 -9999 -9999 -9999 -9999 -9999 -9999 -9999 -9999 -9999 -9999 -9999 -9999 -9999 -9999 -9999 -9999 -9999 9.52 8.40 9.28 14.53 16.08 12.41 9.06 9.65 10.40 14.09 10.52 14.11 12.45 11.67 11.26 9.57 7.45 8.68 13.25 13.44 12.99 12.35 11.58 11.20 11.07 10.83 10.38 10.74 10.71 10.44 10.94 10.94 11.94 14.55 13.90 14.01 15.16 15.11 13.55 -9999 -9999 -9999 -9999 -9999 -9999 -9999 -9999 -9999 -9999 -9999 -9999 -9999 -9999 -9999 -9999
-9999 -9999 -9999 -9999 -9999 -9999 -9999 -9999 -9999 -9999 -9999 -9999 -9999 -9999 -9999 -9999 -9999 -9999 -9999 -9999 -9999 -9999 10.22 8.34 9.81 11.27 7.85 20.10 16.92 9.19 11.14 9.65 14.17 15.29 11.90 10.68 10.90 10.07 7.68 14.84 13.79 13.77 14.81 15.44 14.76 11.69 12.69 11.25 10.73 10.65 10.57 10.60 10.53 9.80 10.56 13.00 11.98 11.69 12.42 13.89 12.82 15.34 -9999 -9999 -9999 -9999 -9999 -9999 -9999 -9999 -9999 -9999 -9999 -9999 -9999 -9999 -9999
-9999 -9999 -9999 -9999 -9999 -9999 -9999 -9999 -9999 -9999 13.32 13.72 13.87 -9999 -9999 -9999 -9999 -9999 -9999 -9999 -9999 -9999 -9999 10.16 8.52 7.25 9.76 12.50 15.77 9.51 6.87 11.81 11.55 11.00 9.85 11.46 11.12 9.30 10.10 12.41 12.82 16.63 15.78 13.97 13.62 14.35 12.81 11.43 10.84 10.41 10.21 9.54 9.22 13.12 12.12 15.07 15.62 14.59 13.43 11.27 14.54 15.16 13.99 -9999 -9999 -9999 -9999 -9999 -9999 -9999 -9999 -9999 -9999 -9999 -9999 -9999 -9999
-9999 -9999 -9999 -9999 -9999 -9999 -9999 -9999 -9999 -9999 12.50 12.54 -9999 -9999 -9999 -9999 -9999 -9999 -9999 -9999 -9999 -9999 -9999 -9999 8.57 6.46 10.31 11.16 18.90 11.31 11.47 10.81 8.63 7.71 8.13 7.83 15.11 9.22 10.37 15.08 12.65 10.36 10.08 14.57 11.27 14.24 12.44 11.22 10.50 10.11 9.18 9.37 11.78 12.89 12.04 11.56 11.11 12.33 13.30 13.12 13.94 14.14 16.03 -9999 -9999 -9999 -9999 -9999 -9999 -9999 -9999 -9999 -9999 -9999 -9999 -9999 -9999
-9999 -9999 -9999 -9999 -9999 -9999 -9999 -9999 -9999 11.03 14.20 13.88 12.90 -9999 -9999 -9999 -9999 -9999 -9999 -9999 -9999 -9999 -9999 -9999 8.82 11.01 11.63 12.32 10.62 12.07 10.48 9.90 8.56 8.08 9.73 7.98 6.83 15.25 11.18 10.50 14.18 12.56 15.64 13.13 13.76 12.52 12.05 11.42 11.06 10.00 8.86 9.74 11.27 10.74 11.71 12.51 12.01 12.46 12.25 12.79 13.42 12.44 15.30 14.19 -9999 -9999 -9999 -9999 -9999 -9999 -9999 -9999 -9999 -9999 -9999 -9999 -9999
-9999 -9999 -9999 -9999 -9999 -9999 -9999 -9999 9.62 13.33 15.43 18.67 12.76 -9999 -9999 -9999 -9999 -9999 -9999 -9999 -9999 -9999 -9999 -9999 10.33 14.79 12.01 8.56 10.22 9.72 10.70 8.90 7.88 8.72 9.43 6.86 12.73 10.30 13.48 10.94 15.82 10.93 12.52 11.09 13.33 11.99 12.22 12.12 10.76 10.32 8.98 8.66 11.77 12.55 12.53 11.50 11.60 11.23 11.12 11.56 13.43 13.80 13.60 14.44 -9999 -9999 -9999 -9999 -9999 -9999 -9999 -9999 -9999 -9999 -9999 -9999 -9999
-9999 -9999 -9999 -9999 -9999 -9999 -9999 11.85 10.89 17.18 14.52 13.96 -9999 -9999 -9999 -9999 -9999 -9999 -9999 -9999 -9999 -9999 -9999 -9999 -9999 10.85 8.87 8.92 11.07 8.94 11.14 9.23 8.47 8.16 7.91 6.29 12.28 12.34 13.45 13.21 14.50 14.53 14.64 13.98 13.73 13.98 13.55 11.47 10.88 10.38 9.31 8.68 9.40 14.09 13.33 11.06 10.60 10.71 10.35 10.55 10.94 11.32 11.20 12.19 13.54 14.11 -9999 -9999 -9999 -9999 -9999 -9999 -9999 -9999 -9999 -9999 -9999
-9999 -9999 -9999 -9999 -9999 -9999 -9999 14.59 16.09 12.45 12.51 12.81 -9999 -9999 -9999 -9999 -9999 -9999 -9999 -9999 -9999 -9999 -9999 -9999 -9999 -9999 9.69 10.72 10.09 9.36 10.56 9.74 9.66 9.18 9.14 6.58 12.47 11.51 10.40 13.12 12.41 11.54 15.82 16.17 13.17 14.91 13.79 13.11 10.98 10.26 9.81 9.22 9.18 10.33 11.05 10.59 10.71 10.72 10.68 10.43 10.44 10.45 10.67 13.51 13.74 13.45 -9999 -9999 -9999 -9999 -9999 -9999 -9999 -9999 -9999 -9999 -9999
-9999 -9999 -9999 -9999 -9999 -9999 -9999 15.52 14.25 14.68 13.48 -9999 -9999 -9999 -9999 -9999 -9999 -9999 -9999 -9999 -9999 -9999 -9999 -9999 -9999 -9999 11.01 11.27 10.86 -9999 10.74 -9999 10.18 9.55 8.93 7.44 7.49 12.10 10.78 11.68 15.18 8.39 9.80 15.58 14.03 13.87 13.72 12.50 11.06 10.53 10.32 9.77 9.52 9.72 10.69 11.82 10.94 11.50 10.49 9.94 10.93 12.03 11.72 11.12 11.15 12.94 14.68 15.20 -9999 -9999 -9999 -9999 -9999 -9999 -9999 -9999 -9999
-9999 -9999 -9999 -9999 -9999 -9999 15.39 14.34 13.97 -9999 -9999 -9999 -9999 -9999 -9999 -9999 -9999 -9999 -9999 -9999 -9999 -9999 -9999 -9999 -9999 -9999 12.15 11.38 10.73 -9999 -9999 -9999 9.85 10.68 8.12 9.06 10.15 8.26 7.56 9.53 13.79 13.39 8.67 13.28 15.18 12.91 14.13 13.12 11.93 10.14 10.21 9.95 9.85 9.87 10.09 10.51 10.53 10.74 9.54 10.45 11.60 12.29 12.58 12.39 11.66 11.76 12.93 14.14 -9999 -9999 -9999 -9999 -9999 -9999 -9999 -9999 -9999
-9999 -9999 -9999 -9999 -9999 -9999 -9999 -9999 -9999 -9999 -9999 -9999 -9999 -9999 -9999 -9999 -9999 -9999 -9999 -9999 -9999 -9999 -9999 -9999 -9999 -9999 -9999 -9999 -9999 -9999 -9999 10.29 8.23 8.25 10.24 11.45 12.17 11.71 9.76 10.22 12.99 12.74 10.73 9.03 12.70 14.38 12.98 12.28 11.46 10.65 10.39 10.53 10.05 9.87 9.89 9.89 9.63 8.90 9.95 12.94 11.64 12.24 11.47 11.56 10.89 11.66 12.69 -9999 -9999 -9999 -9999 -9999 -9999 -9999 -9999 -9999 -9999
-9999 -9999 -9999 -9999 -9999 -9999 -9999 -9999 -9999 -9999 -9999 -9999 -9999 -9999 -9999 -9999 -9999 -9999 -9999 -9999 -9999 -9999 -9999 -9999 -9999 -9999 -9999 -9999 -9999 -9999 -9999 9.63 7.81 9.13 12.18 14.88 13.71 10.96 11.89 9.51 9.77 9.27 10.90 11.28 12.53 13.13 12.81 11.82 11.39 11.04 10.38 10.51 9.89 9.79 9.78 9.85 9.53 8.65 9.37 13.45 12.97 11.36 10.92 10.69 10.63 11.54 12.91 -9999 -9999 -9999 -9999 -9999 -9999 -9999 -9999 -9999 -9999
-9999 -9999 -9999 -9999 -9999 -9999 -9999 -9999 -9999 -9999 -9999 -9999 -9999 -9999 -9999 -9999 -9999 -9999 -9999 -9999 -9999 -9999 -9999 -9999 -9999 -9999 -9999 -9999 -9999 -9999 -9999 9.15 7.39 7.83 11.09 12.47 12.06 11.25 11.13 10.50 10.79 9.66 9.72 10.22 8.90 12.89 11.57 12.70 11.63 11.38 10.19 9.83 9.74 9.59 9.63 9.67 9.60 9.13 8.98 11.18 12.29 11.60 10.86 10.69 10.54 11.39 12.69 -9999 -9999 -9999 -9999 -9999 -9999 -9999 -9999 -9999 -9999
-9999 -9999 -9999 -9999 -9999 -9999 -9999 -9999 -9999 -9999 -9999 -9999 -9999 -9999 -9999 -9999 -9999 -9999 -9999 -9999 -9999 -9999 -9999 -9999 -9999 -9999 -9999 -9999 -9999 11.93 10.61 8.67 7.16 9.87 11.95 14.69 11.74 13.10 8.92 10.01 9.99 11.39 11.94 11.41 13.15 9.85 10.22 10.35 10.30 9.94 10.64 9.63 9.40 9.61 9.38 9.49 9.69 9.49 9.34 9.73 11.69 11.50 10.87 10.55 10.48 11.02 12.23 13.38 -9999 -9999 -9999 -9999 -9999 -9999 -9999 -9999 -9999
-9999 -9999 -9999 -9999 -9999 -9999 -9999 -9999 -9999 -9999 -9999 -9999 -9999 -9999 -9999 -9999 -9999 -9999 -9999 -9999 -9999 -9999 -9999 -9999 -9999 -9999 -9999 -9999 -9999 11.35 10.02 8.92 8.14 8.55 11.47 9.72 9.46 7.77 9.53 12.41 10.28 12.32 11.77 12.79 9.73 13.09 10.95 11.94 11.40 11.39 10.28 9.84 9.40 9.20 9.22 9.42 9.59 9.74 9.54 9.42 10.20 11.67 11.23 10.57 10.52 10.72 11.69 12.96 -9999 -9999 -9999 -9999 -9999 -9999 -9999 -9999 -9999
-9999 -9999 -9999 -9999 -9999 -9999 -9999 -9999 -9999 -9999 -9999 -9999 -9999 -9999 -9999 -9999 -9999 -9999 -9999 -9999 -9999 -9999 -9999 -9999 -9999 -9999 -9999 -9999 -9999 11.34 9.89 9.30 8.78 8.98 9.59 10.13 9.13 8.34 9.91 9.99 9.37 11.33 13.71 11.61 11.13 9.76 11.36 9.68 10.15 10.62 10.81 9.98 9.64 9.18 9.18 9.41 9.61 9.80 9.78 9.45 9.76 11.21 12.03 10.95 10.48 10.68 11.22 12.13 13.23 -9999 -9999 -9999 -9999 -9999 -9999 -9999 -9999
-9999 -9999 -9999 -9999 -9999 -9999 -9999 -9999 -9999 -9999 -9999 -9999 -9999 -9999 -9999 -9999 -9999 -9999 -9999 -9999 -9999 -9999 -9999 -9999 -9999 -9999 -9999 -9999 -9999 11.06 10.00 9.61 9.53 9.28 9.13 9.17 9.91 10.90 8.49 8.18 9.33 13.38 13.46 14.55 13.13 11.21 11.02 11.45 10.01 9.27 10.18 10.58 9.63 9.22 9.28 9.32 9.62 9.91 10.08 9.77 9.74 11.45 12.66 11.61 11.11 11.17 11.07 11.40 12.49 13.50 -9999 -9999 -9999 -9999 -9999 -9999 -9999
-9999 -9999 -9999 -9999 -9999 -9999 -9999 -9999 -9999 -9999 -9999 -9999 -9999 -9999 -9999 -9999 -9999 -9999 -9999 -9999 -9999 -9999 -9999 -9999 -9999 -9999 -9999 -9999 -9999 11.10 9.85 9.51 9.25 8.84 8.38 9.19 8.92 9.67 9.93 11.67 13.14 13.88 11.77 13.54 12.13 11.81 10.42 11.68 11.06 10.12 9.46 9.33 9.47 9.29 9.37 9.56 9.85 10.10 10.37 10.42 10.47 10.92 11.96 11.83 11.45 11.50 11.53 11.41 11.62 12.80 -9999 -9999 -9999 -9999 -9999 -9999 -9999
-9999 -9999 -9999 -9999 -9999 -9999 -9999 -9999 -9999 -9999 -9999 -9999 -9999 -9999 -9999 -9999 -9999 -9999 -9999 -9999 -9999 -9999 -9999 -9999 -9999 -9999 -9999 -9999 -9999 -9999 9.90 9.56 9.05 8.22 8.48 10.27 10.42 10.92 9.69 9.63 11.60 11.65 13.52 13.02 11.18 9.62 10.12 10.11 11.15 10.17 9.78 10.27 9.98 9.45 9.69 9.77 10.05 10.19 10.36 10.64 10.88 11.06 11.01 11.39 11.63 11.82 -9999 11.80 12.10 12.84 14.08 -9999 -9999 -9999 -9999 -9999 -9999
-9999 -9999 -9999 -9999 -9999 -9999 -9999 -9999 -9999 -9999 -9999 -9999 -9999 -9999 -9999 -9999 -9999 -9999 -9999 -9999 -9999 -9999 -9999 -9999 -9999 -9999 -9999 -9999 -9999 10.95 9.87 9.49 8.74 7.81 7.64 11.45 12.19 10.29 12.62 12.28 10.37 10.38 14.60 13.45 13.94 11.32 9.74 11.49 10.07 9.42 9.98 10.12 9.86 10.03 9.82 9.97 10.14 10.35 10.25 10.37 11.73 11.07 10.63 11.92 11.50 11.68 11.76 -9999 12.60 13.21 14.19 14.95 -9999 -9999 -9999 -9999 -9999
-9999 -9999 -9999 -9999 -9999 -9999 -9999 -9999 -9999 -9999 -9999 -9999 -9999 -9999 -9999 -9999 -9999 -9999 -9999 -9999 -9999 -9999 -9999 -9999 -9999 -9999 -9999 -9999 -9999 10.72 9.61 9.25 8.73 9.72 8.65 9.84 12.63 9.92 10.23 10.44 8.33 8.36 12.24 12.56 12.82 10.06 11.81 12.54 10.39 11.14 10.31 10.75 10.61 10.34 10.00 10.08 10.19 10.27 10.13 10.08 10.39 10.85 10.08 10.44 11.25 11.03 11.69 12.03 -9999 -9999 -9999 -9999 -9999 -9999 -9999 -9999 -9999
-9999 -9999 -9999 -9999 -9999 -9999 -9999 -9999 -9999 -9999 -9999 -9999 -9999 -9999 -9999 -9999 -9999 -9999 -9999 -9999 -9999 -9999 -9999 -9999 -9999 -9999 -9999 -9999 11.91 10.14 9.34 9.95 9.64 9.68 9.19 10.09 10.34 9.91 9.63 8.98 8.48 8.52 10.88 13.74 14.39 11.10 13.52 12.99 10.74 10.87 9.86 10.36 10.76 10.39 10.04 10.29 10.28 10.25 10.30 10.07 10.31 10.55 10.34 10.10 11.51 11.34 11.39 11.56 12.41 13.27 -9999 -9999 -9999 -9999 -9999 -9999 -9999
-9999 -9999 -9999 -9999 -9999 -9999 -9999 -9999 -9999 -9999 -9999 -9999 -9999 -9999 -9999 -9999 -9999 -9999 -9999 -9999 -9999 -9999 -9999 -9999 -9999 -9999 -9999 -9999 -9999 10.36 9.43 9.39 9.86 11.51 9.60 9.35 9.34 9.76 9.97 9.28 8.65 7.98 8.01 11.75 13.61 15.03 12.88 13.34 12.32 11.29 11.37 9.54 9.91 10.90 10.17 10.20 10.14 10.17 10.33 10.15 10.28 10.72 10.37 9.78 9.97 12.32 11.60 11.37 11.61 12.16 13.00 14.00 -9999 -9999 -9999 -9999 -9999
