ML/MeanWindSpeed_1996-09_Actual.txt
ncols         180
nrows         290
xllcorner     -200000
yllcorner     -200000
cellsize      5000
NODATA_value  -9999
[rows 210 to 244 of 290, columns 79 to 157 of 180]
12.59 10.79 12.93 12.54 -9999 -9999 -9999 -9999 -9999 -9999 -9999 6.23 6.35 7.77 6.81 7.05 7.55 9.99 12.49 15.46 14.71 12.34 10.44 10.13 8.93 12.41 12.25 7.46 5.98 10.44 10.52 11.76 7.95 7.11 6.88 6.34 7.69 8.59 8.35 8.65 8.25 7.84 7.57 7.34 7.14 7.22 7.08 7.79 7.13 7.06 6.92 6.83 6.90 6.53 7.23 8.75 8.60 7.70 9.34 9.34 8.77 8.46 7.59 7.43 8.26 8.81 8.26 7.34 6.94 8.14 6.92 7.29 8.41 7.72 7.72 7.65 6.75 6.38 6.75
12.70 -9999 -9999 -9999 -9999 -9999 -9999 -9999 -9999 11.08 9.36 8.90 10.43 9.88 8.52 7.44 7.99 8.48 11.54 13.45 12.77 8.24 8.07 12.45 10.99 10.93 8.54 6.96 6.59 9.72 9.91 9.64 7.75 7.28 7.10 5.63 9.28 9.60 8.17 8.30 7.82 7.67 7.49 7.21 7.77 7.28 7.47 6.83 6.75 6.74 6.85 6.67 6.93 6.26 7.92 9.91 8.48 9.03 7.09 8.69 8.30 7.81 8.87 8.51 8.55 9.13 8.13 7.08 6.95 6.88 7.50 8.12 7.38 8.03 7.75 6.83 6.50 7.83 7.09
-9999 -9999 -9999 -9999 -9999 -9999 -9999 -9999 -9999 12.65 11.92 9.74 11.42 12.19 -9999 -9999 8.21 11.73 6.91 9.05 8.57 8.66 9.61 11.56 8.62 8.31 8.81 8.42 9.24 9.75 9.67 8.76 7.93 8.34 6.52 7.01 9.50 8.21 7.66 7.37 7.50 8.11 7.89 7.29 7.30 6.74 6.90 7.55 8.06 7.60 8.13 6.71 6.18 7.20 9.99 8.14 8.40 7.87 6.34 8.27 8.05 8.06 8.32 8.29 7.94 7.78 9.14 7.51 7.13 6.98 6.94 7.09 6.82 6.47 8.08 7.28 7.76 8.84 8.70
-9999 -9999 -9999 -9999 -9999 -9999 -9999 -9999 -9999 -9999 -9999 -9999 -9999 -9999 -9999 -9999 9.99 8.98 8.78 7.80 6.61 6.58 7.23 8.74 8.82 9.53 10.30 10.96 11.60 11.22 -9999 8.83 7.92 7.20 6.52 7.20 9.19 8.19 8.12 7.43 6.70 6.74 7.77 6.99 7.15 8.46 8.64 8.32 9.19 10.08 8.45 7.91 7.49 7.71 9.21 7.90 7.93 7.80 7.05 7.08 7.22 7.92 8.50 8.02 7.49 7.58 7.55 7.18 6.97 6.83 6.78 6.81 7.03 7.18 7.57 7.48 7.92 8.40 -9999
-9999 -9999 -9999 -9999 -9999 -9999 -9999 -9999 -9999 -9999 -9999 -9999 -9999 -9999 -9999 -9999 -9999 10.08 8.56 7.31 7.42 8.05 6.84 7.39 8.95 11.06 -9999 -9999 -9999 -9999 10.25 8.56 7.72 6.77 6.47 7.28 9.18 8.21 8.36 7.50 6.37 7.40 7.15 8.73 8.17 10.21 8.70 8.93 8.49 8.91 8.62 7.74 8.51 6.62 7.45 7.95 6.49 6.79 6.45 6.46 6.59 6.47 6.53 6.93 6.60 6.61 6.53 6.52 6.36 7.77 8.04 6.75 6.79 7.04 7.29 7.62 8.73 10.18 9.91
-9999 -9999 -9999 -9999 -9999 -9999 -9999 -9999 -9999 -9999 -9999 -9999 -9999 -9999 -9999 -9999 -9999 -9999 9.81 10.75 9.34 8.05 8.37 9.06 11.50 -9999 -9999 -9999 -9999 11.34 10.54 9.87 6.31 5.86 6.00 8.69 9.49 8.89 8.04 6.73 6.71 6.68 8.46 10.05 8.90 9.04 8.40 8.65 8.41 7.31 7.82 7.76 7.22 7.12 7.15 6.90 6.23 6.34 6.95 7.38 7.62 6.41 6.42 6.50 6.26 6.83 6.62 6.86 6.29 7.14 7.03 6.88 7.93 6.99 7.83 8.03 8.84 8.26 8.66
-9999 -9999 -9999 -9999 -9999 -9999 -9999 -9999 -9999 -9999 -9999 -9999 -9999 -9999 -9999 -9999 -9999 -9999 -9999 10.91 10.86 9.78 9.88 10.02 13.87 -9999 -9999 -9999 11.04 8.48 7.49 9.15 8.43 7.39 6.02 7.68 6.93 8.73 7.78 5.98 7.41 8.67 8.74 8.34 9.22 8.33 7.89 7.64 7.01 6.90 6.79 7.00 7.51 7.07 6.41 6.27 6.22 6.22 7.06 6.92 7.23 6.94 6.36 6.43 6.07 6.03 5.95 6.40 6.42 6.70 6.51 7.39 7.75 8.12 7.81 6.71 8.69 7.14 8.05
-9999 -9999 -9999 -9999 -9999 -9999 -9999 -9999 -9999 -9999 -9999 -9999 -9999 -9999 -9999 -9999 -9999 -9999 -9999 -9999 -9999 -9999 -9999 -9999 -9999 -9999 -9999 14.00 9.57 7.29 6.83 8.80 6.74 7.35 8.05 7.97 7.92 8.04 6.26 5.86 6.27 7.49 7.45 7.85 7.98 8.24 7.93 7.78 9.45 7.67 7.77 7.08 7.56 7.43 6.38 6.25 5.68 6.13 6.97 6.43 6.09 6.21 6.29 6.12 6.57 6.11 6.66 6.37 7.55 8.12 7.55 6.23 9.02 9.81 8.07 6.58 9.58 8.40 7.77
-9999 -9999 -9999 -9999 -9999 -9999 -9999 -9999 -9999 -9999 -9999 -9999 -9999 -9999 -9999 -9999 -9999 -9999 -9999 -9999 -9999 -9999 -9999 -9999 -9999 -9999 -9999 11.07 9.37 7.47 12.95 10.85 6.84 7.40 8.03 8.40 8.67 6.72 6.13 5.93 5.86 7.22 7.05 6.97 8.92 8.67 9.86 8.28 8.58 9.95 8.13 7.57 7.37 6.67 6.31 5.90 5.68 6.12 6.13 6.34 5.94 5.72 5.80 5.65 6.11 8.10 7.38 8.25 8.71 9.77 8.04 6.62 7.93 8.27 6.78 6.01 6.73 8.32 8.81
-9999 -9999 -9999 -9999 -9999 -9999 -9999 -9999 -9999 -9999 -9999 -9999 -9999 -9999 -9999 -9999 -9999 -9999 -9999 -9999 -9999 -9999 -9999 -9999 -9999 -9999 -9999 10.26 7.26 5.64 8.04 11.91 10.47 9.38 8.09 9.30 7.23 6.65 5.95 7.78 7.88 8.65 8.15 7.51 7.86 7.69 8.08 8.62 8.70 7.75 7.62 7.60 7.52 6.79 6.32 6.11 6.00 6.52 6.28 6.00 5.38 5.60 6.71 7.69 6.95 8.04 7.60 7.51 7.69 8.61 10.47 9.93 7.45 7.19 7.46 7.58 7.41 7.47 7.24
-9999 -9999 -9999 -9999 -9999 -9999 -9999 -9999 -9999 -9999 11.75 11.97 9.31 14.46 13.35 12.87 12.70 14.79 6.47 13.20 8.67 -9999 -9999 -9999 -9999 -9999 -9999 9.15 7.45 6.73 5.55 6.69 8.96 10.62 9.81 8.21 7.07 6.83 7.55 8.87 7.93 7.09 7.04 6.50 7.31 7.70 7.26 6.93 6.78 7.33 6.73 7.54 8.07 8.81 7.44 6.70 7.12 6.95 6.24 6.90 5.68 5.44 7.17 8.39 7.08 6.65 7.07 7.05 6.86 6.67 6.91 6.73 6.17 5.97 5.77 5.74 5.71 6.18 6.18
-9999 -9999 -9999 -9999 -9999 -9999 -9999 -9999 -9999 -9999 13.70 12.49 11.95 9.11 11.26 12.81 11.41 11.74 11.95 8.87 7.63 6.70 8.57 12.11 10.29 9.55 8.36 7.82 6.97 6.43 5.96 5.45 5.94 8.85 8.89 7.72 6.64 9.78 7.98 6.82 7.32 7.76 6.69 6.30 7.61 7.46 7.64 7.27 7.20 6.04 6.41 7.19 7.41 7.44 8.17 8.41 6.60 6.21 5.75 5.49 6.50 5.66 10.15 8.28 7.80 7.21 6.70 6.88 6.66 7.60 7.54 5.98 7.62 6.95 7.51 5.98 6.15 5.91 5.89
-9999 -9999 -9999 -9999 -9999 -9999 -9999 -9999 -9999 12.01 10.31 9.24 8.24 6.86 9.39 12.13 10.93 9.41 9.28 9.26 8.05 6.69 6.70 8.59 10.48 7.69 7.13 6.54 6.61 7.54 5.93 5.84 7.40 7.49 7.16 7.32 9.81 7.73 9.20 8.39 7.36 6.26 6.79 6.60 7.64 7.86 7.28 7.76 6.58 6.95 6.80 6.83 6.88 8.49 9.29 6.92 5.99 6.21 8.68 6.81 6.21 6.54 6.70 7.20 7.42 6.93 6.76 7.45 8.50 7.43 6.24 6.05 7.88 7.16 6.92 7.31 7.08 6.56 6.58
-9999 -9999 -9999 -9999 -9999 -9999 -9999 -9999 -9999 -9999 9.33 7.58 6.56 8.42 7.99 8.39 10.93 9.03 6.75 5.41 8.34 10.86 8.74 6.70 7.40 9.77 7.64 5.79 5.86 5.80 6.54 6.62 5.77 6.04 6.58 7.35 8.53 7.13 8.86 7.56 7.38 7.15 7.39 6.74 7.74 8.10 7.85 6.27 6.34 7.17 6.28 5.83 5.76 7.11 8.54 8.21 6.18 6.54 7.84 7.57 6.69 5.83 5.87 5.80 6.22 8.12 7.78 7.46 8.09 9.16 8.12 7.41 8.08 7.99 6.85 7.73 6.49 7.35 6.17
-9999 -9999 -9999 -9999 -9999 -9999 13.01 -9999 -9999 10.64 8.87 9.41 5.97 8.13 6.50 6.01 5.85 6.05 6.95 5.29 7.86 9.83 7.37 6.20 5.04 5.37 5.42 5.11 5.34 5.79 6.74 5.65 5.44 6.17 8.24 6.80 7.80 6.62 7.62 7.09 8.06 8.91 7.98 6.79 6.38 6.58 6.34 6.02 7.73 6.73 5.94 8.10 6.38 6.58 8.76 9.92 6.00 6.40 6.92 6.65 6.10 5.76 5.73 6.29 7.07 7.65 6.67 6.22 6.25 6.90 6.96 6.95 7.72 6.93 6.76 6.62 5.97 5.93 5.75
-9999 -9999 -9999 -9999 -9999 11.73 13.05 12.83 12.21 8.97 7.82 9.78 7.05 5.84 6.60 5.69 6.92 7.19 7.98 6.34 6.39 7.40 6.15 4.83 4.32 4.80 5.61 5.94 5.12 5.24 5.54 5.20 5.28 7.31 7.54 6.52 7.27 7.64 9.16 8.21 8.21 9.62 8.01 7.60 6.25 7.00 6.60 6.97 6.36 6.19 5.58 7.00 7.07 6.25 7.55 7.03 6.14 5.95 5.75 6.57 6.42 6.20 5.82 5.56 5.64 5.67 6.11 6.40 6.18 5.41 6.06 6.57 7.55 7.96 7.39 5.96 6.94 6.71 6.56
-9999 -9999 -9999 -9999 -9999 10.97 10.97 9.76 10.17 8.89 7.86 6.62 8.65 8.53 7.36 8.68 8.23 7.65 9.08 7.79 7.76 7.64 4.89 5.98 8.12 7.45 6.27 5.43 4.80 5.54 6.17 6.56 5.93 7.47 6.84 7.50 6.49 5.75 7.71 9.25 7.95 7.99 7.70 6.97 6.95 7.69 6.73 6.04 6.92 7.24 5.73 6.29 6.46 6.39 7.47 7.93 7.89 9.54 6.53 6.61 5.66 5.37 5.64 5.87 5.49 5.37 5.82 6.55 6.10 5.66 5.42 6.40 6.55 6.70 6.83 7.04 5.72 6.29 7.42
-9999 -9999 -9999 -9999 -9999 11.39 9.96 9.23 9.58 8.80 8.61 7.16 7.70 7.80 6.36 7.86 8.00 8.76 9.28 8.82 5.92 4.38 3.76 6.50 6.66 7.36 8.19 5.84 5.64 5.95 5.41 6.59 5.87 7.14 6.73 6.80 6.54 5.90 8.00 7.59 7.71 7.56 7.27 7.08 7.16 7.84 7.71 6.32 6.08 6.44 7.43 6.10 6.45 6.24 6.79 6.91 7.04 7.95 7.32 8.22 9.09 5.08 9.07 7.37 5.36 5.75 9.55 9.46 8.83 5.36 5.28 5.59 5.52 6.17 5.85 7.24 8.38 11.11 9.87
-9999 -9999 -9999 -9999 -9999 9.49 9.04 8.81 8.53 7.82 7.62 7.06 6.56 7.77 7.08 7.31 8.25 7.62 8.12 8.06 7.73 4.16 4.67 7.24 6.37 7.96 8.13 6.32 6.66 7.19 5.99 6.42 6.63 6.73 6.70 6.76 7.48 8.58 6.57 7.65 7.46 7.41 7.14 7.05 7.32 7.79 6.81 6.83 6.53 7.00 7.47 8.16 7.40 8.43 7.90 7.27 6.98 6.62 6.15 6.18 6.53 5.84 8.04 7.91 8.71 8.25 8.98 9.60 10.11 5.98 6.02 5.79 5.90 6.36 7.46 8.86 9.22 -9999 -9999
-9999 -9999 -9999 -9999 -9999 8.27 8.12 8.18 8.61 9.09 8.04 7.39 6.76 7.35 8.82 8.31 7.99 7.56 8.55 8.43 7.98 6.89 4.74 4.95 4.73 7.63 6.48 4.50 7.96 7.75 6.42 9.49 7.95 8.68 9.46 8.70 8.22 8.87 7.51 6.72 7.26 7.19 6.59 6.83 7.02 7.64 6.72 7.00 7.92 8.65 8.41 8.42 8.68 8.73 8.96 8.84 8.31 7.44 7.07 7.55 8.08 8.34 8.90 9.22 9.45 -9999 -9999 9.13 9.45 8.79 8.04 6.98 10.25 8.00 -9999 -9999 -9999 -9999 -9999
-9999 -9999 -9999 -9999 11.04 8.65 8.39 7.45 8.58 8.82 9.92 8.18 8.91 8.46 9.15 8.53 8.10 8.06 8.57 8.52 8.20 7.98 7.07 6.65 6.99 6.84 5.13 8.36 9.38 6.59 5.89 7.13 7.16 8.71 8.77 7.55 7.38 7.17 6.91 7.90 7.65 7.77 7.31 7.28 7.84 8.78 8.48 8.06 8.07 8.31 8.65 -9999 -9999 9.85 10.78 10.85 10.21 9.64 9.14 9.35 -9999 -9999 -9999 -9999 -9999 -9999 -9999 -9999 -9999 -9999 9.14 9.64 11.56 9.87 -9999 -9999 -9999 -9999 -9999
-9999 -9999 -9999 12.40 10.41 8.37 8.92 7.49 7.44 7.39 7.58 7.26 11.14 12.03 10.48 9.74 9.83 10.55 9.44 8.69 8.31 8.84 8.51 10.74 11.00 10.01 9.34 11.26 8.26 8.30 8.14 9.02 9.91 8.03 6.72 7.41 6.58 6.85 6.64 6.98 7.03 8.83 10.07 10.09 9.80 9.83 10.09 9.13 -9999 7.64 8.54 8.40 9.01 9.96 -9999 -9999 -9999 -9999 10.95 -9999 -9999 -9999 -9999 -9999 -9999 -9999 -9999 -9999 -9999 -9999 -9999 -9999 -9999 -9999 -9999 -9999 -9999 -9999 -9999
-9999 -9999 13.25 12.28 11.76 10.07 8.00 7.36 6.96 5.79 5.72 7.78 13.96 15.68 10.16 9.43 12.81 9.66 11.82 8.98 8.48 12.00 10.46 9.85 9.80 9.86 -9999 -9999 -9999 -9999 -9999 9.24 10.86 10.16 8.12 7.85 7.33 6.68 6.78 6.80 7.67 9.28 -9999 -9999 -9999 -9999 -9999 10.62 10.56 9.16 7.90 7.81 10.21 10.20 -9999 -9999 -9999 -9999 -9999 -9999 -9999 -9999 -9999 -9999 -9999 -9999 -9999 -9999 -9999 -9999 -9999 -9999 -9999 -9999 -9999 -9999 -9999 -9999 -9999
-9999 7.94 9.29 11.57 11.88 10.09 9.35 8.22 5.87 6.65 6.86 10.02 13.51 15.31 13.57 12.36 10.40 11.90 10.12 10.44 9.87 12.42 12.13 -9999 -9999 -9999 -9999 -9999 -9999 -9999 -9999 -9999 9.69 10.05 8.52 9.87 10.87 11.20 8.61 11.03 10.99 11.94 -9999 -9999 -9999 -9999 -9999 -9999 -9999 9.02 9.42 7.92 9.03 -9999 -9999 -9999 -9999 -9999 -9999 -9999 -9999 -9999 -9999 -9999 -9999 -9999 -9999 -9999 -9999 -9999 -9999 -9999 -9999 -9999 -9999 -9999 -9999 -9999 -9999
9.91 7.65 8.43 10.49 12.35 12.38 10.02 7.30 6.86 7.59 7.61 9.49 13.37 11.82 11.96 11.71 13.10 6.93 10.13 14.15 11.41 -9999 -9999 -9999 -9999 -9999 -9999 -9999 -9999 -9999 -9999 -9999 -9999 -9999 10.78 -9999 -9999 -9999 -9999 9.81 12.76 13.44 -9999 -9999 -9999 -9999 -9999 -9999 -9999 -9999 9.66 11.94 10.25 -9999 -9999 -9999 -9999 -9999 -9999 -9999 -9999 -9999 -9999 -9999 -9999 -9999 -9999 -9999 -9999 -9999 -9999 -9999 -9999 -9999 -9999 -9999 -9999 -9999 -9999
8.30 6.54 8.17 10.51 11.27 12.04 10.31 8.73 9.53 6.03 4.92 7.39 11.66 12.10 10.02 8.65 10.78 7.86 7.92 10.00 -9999 -9999 -9999 -9999 -9999 -9999 -9999 -9999 -9999 -9999 -9999 -9999 -9999 -9999 12.23 -9999 -9999 -9999 -9999 -9999 -9999 -9999 -9999 -9999 -9999 -9999 -9999 -9999 -9999 -9999 -9999 -9999 -9999 -9999 -9999 -9999 -9999 -9999 -9999 -9999 -9999 -9999 -9999 -9999 -9999 -9999 -9999 -9999 -9999 -9999 -9999 -9999 -9999 -9999 -9999 -9999 -9999 -9999 -9999
8.81 6.72 8.37 9.25 9.50 10.29 9.32 8.70 9.67 5.28 4.70 6.34 9.53 14.81 15.35 7.72 8.11 7.80 9.13 12.44 -9999 -9999 -9999 -9999 -9999 -9999 -9999 -9999 -9999 -9999 -9999 -9999 -9999 -9999 -9999 -9999 -9999 -9999 -9999 -9999 -9999 -9999 -9999 -9999 -9999 -9999 -9999 -9999 -9999 -9999 -9999 -9999 -9999 -9999 -9999 -9999 -9999 -9999 -9999 -9999 -9999 -9999 -9999 -9999 -9999 -9999 -9999 -9999 -9999 -9999 -9999 -9999 -9999 -9999 -9999 -9999 -9999 -9999 -9999
10.39 9.16 9.32 8.99 10.01 9.09 8.38 7.87 6.19 6.20 5.35 5.37 9.17 12.15 11.78 9.40 6.83 7.22 11.29 10.61 -9999 -9999 -9999 -9999 -9999 -9999 -9999 -9999 -9999 -9999 -9999 -9999 -9999 -9999 -9999 -9999 -9999 -9999 -9999 -9999 -9999 -9999 -9999 -9999 -9999 -9999 -9999 -9999 -9999 -9999 -9999 -9999 -9999 -9999 -9999 -9999 -9999 -9999 -9999 -9999 -9999 -9999 -9999 -9999 -9999 -9999 -9999 -9999 -9999 -9999 -9999 -9999 -9999 -9999 -9999 -9999 -9999 -9999 -9999
11.62 10.70 10.50 8.77 9.54 8.82 11.30 9.95 7.77 7.13 7.86 6.18 7.13 8.68 8.44 7.33 7.15 8.33 9.90 10.67 -9999 -9999 -9999 -9999 -9999 -9999 -9999 -9999 -9999 -9999 -9999 -9999 -9999 -9999 -9999 -9999 -9999 -9999 -9999 -9999 -9999 -9999 -9999 -9999 -9999 -9999 -9999 -9999 -9999 -9999 -9999 -9999 -9999 -9999 -9999 -9999 -9999 -9999 -9999 -9999 -9999 -9999 -9999 -9999 -9999 -9999 -9999 -9999 -9999 -9999 -9999 -9999 -9999 -9999 -9999 -9999 -9999 -9999 -9999
9.28 9.77 9.00 10.43 12.54 11.98 9.87 9.81 9.65 9.49 8.13 8.85 7.92 6.80 6.90 8.00 9.19 9.96 9.75 11.35 -9999 -9999 -9999 -9999 -9999 -9999 -9999 -9999 -9999 -9999 -9999 -9999 -9999 -9999 -9999 -9999 -9999 -9999 -9999 -9999 -9999 -9999 -9999 -9999 -9999 -9999 -9999 -9999 -9999 -9999 -9999 -9999 -9999 -9999 -9999 -9999 -9999 -9999 -9999 -9999 -9999 -9999 -9999 -9999 -9999 -9999 -9999 -9999 -9999 -9999 -9999 -9999 -9999 -9999 -9999 -9999 -9999 -9999 -9999
10.05 10.79 -9999 -9999 -9999 -9999 -9999 -9999 -9999 -9999 -9999 10.09 10.82 9.10 8.01 7.20 8.78 10.03 10.04 -9999 -9999 -9999 -9999 -9999 -9999 -9999 -9999 -9999 -9999 -9999 -9999 -9999 -9999 -9999 -9999 -9999 -9999 -9999 -9999 -9999 -9999 -9999 -9999 -9999 -9999 -9999 -9999 -9999 -9999 -9999 -9999 -9999 -9999 -9999 -9999 -9999 -9999 -9999 -9999 -9999 -9999 -9999 -9999 -9999 -9999 -9999 -9999 -9999 -9999 -9999 -9999 -9999 -9999 -9999 -9999 -9999 -9999 -9999 -9999
10.86 11.92 -9999 -9999 -9999 -9999 -9999 -9999 -9999 -9999 -9999 -9999 -9999 -9999 9.00 8.20 8.70 9.60 -9999 -9999 -9999 -9999 -9999 -9999 -9999 -9999 -9999 -9999 -9999 -9999 -9999 -9999 -9999 -9999 -9999 -9999 -9999 -9999 -9999 -9999 -9999 -9999 -9999 -9999 -9999 -9999 -9999 -9999 -9999 -9999 -9999 -9999 -9999 -9999 -9999 -9999 -9999 -9999 -9999 -9999 -9999 -9999 -9999 -9999 -9999 -9999 -9999 -9999 -9999 -9999 -9999 -9999 -9999 -9999 -9999 -9999 -9999 -9999 -9999
-9999 -9999 -9999 -9999 -9999 -9999 -9999 -9999 -9999 -9999 -9999 -9999 -9999 -9999 10.67 12.17 13.06 12.52 -9999 -9999 -9999 -9999 -9999 -9999 -9999 -9999 -9999 -9999 -9999 -9999 -9999 -9999 -9999 -9999 -9999 -9999 -9999 -9999 -9999 -9999 -9999 -9999 -9999 -9999 -9999 -9999 -9999 -9999 -9999 -9999 -9999 -9999 -9999 -9999 -9999 -9999 -9999 -9999 -9999 -9999 -9999 -9999 -9999 -9999 -9999 -9999 -9999 -9999 -9999 -9999 -9999 -9999 -9999 -9999 -9999 -9999 -9999 -9999 -9999
-9999 -9999 -9999 -9999 -9999 -9999 -9999 -9999 -9999 -9999 -9999 -9999 -9999 -9999 -9999 -9999 -9999 -9999 -9999 -9999 -9999 -9999 -9999 -9999 -9999 -9999 -9999 -9999 -9999 -9999 -9999 -9999 -9999 -9999 -9999 -9999 -9999 -9999 -9999 -9999 -9999 -9999 -9999 -9999 -9999 -9999 -9999 -9999 -9999 -9999 -9999 -9999 -9999 -9999 -9999 -9999 -9999 -9999 -9999 -9999 -9999 -9999 -9999 -9999 -9999 -9999 -9999 -9999 -9999 -9999 -9999 -9999 -9999 -9999 -9999 -9999 -9999 -9999 -9999
-9999 -9999 -9999 -9999 -9999 -9999 -9999 -9999 -9999 -9999 -9999 -9999 -9999 -9999 -9999 -9999 -9999 -9999 -9999 -9999 -9999 -9999 -9999 -9999 -9999 -9999 -9999 -9999 -9999 -9999 -9999 -9999 -9999 -9999 -9999 -9999 -9999 -9999 -9999 -9999 -9999 -9999 -9999 -9999 -9999 -9999 -9999 -9999 -9999 -9999 -9999 -9999 -9999 -9999 -9999 -9999 -9999 -9999 -9999 -9999 -9999 -9999 -9999 -9999 -9999 -9999 -9999 -9999 -9999 -9999 -9999 -9999 -9999 -9999 -9999 -9999 -9999 -9999 -9999
