ML/MeanWindSpeed_1991-01_Actual.txt
ncols         180
nrows         290
xllcorner     -200000
yllcorner     -200000
cellsize      5000
NODATA_value  -9999
[rows 170 to 203 of 290, columns 78 to 155 of 180]
-9999 -9999 -9999 -9999 -9999 -9999 -9999 -9999 -9999 -9999 -9999 -9999 -9999 -9999 -9999 -9999 -9999 -9999 -9999 -9999 -9999 -9999 -9999 -9999 -9999 -9999 -9999 -9999 9.90 8.92 8.34 8.49 8.69 8.69 8.32 7.83 7.88 7.48 7.16 6.95 6.73 7.05 6.53 10.83 13.29 14.09 12.24 10.97 10.37 9.08 9.06 8.18 8.99 8.01 8.01 7.88 7.92 8.06 8.22 8.72 8.92 8.69 8.09 8.44 10.24 9.78 10.02 9.11 9.42 10.61 12.24 -9999 -9999 -9999 -9999 -9999 -9999 -9999
-9999 -9999 -9999 -9999 -9999 -9999 -9999 -9999 13.70 12.70 13.23 14.55 -9999 -9999 -9999 -9999 -9999 -9999 -9999 -9999 -9999 -9999 -9999 -9999 -9999 -9999 -9999 10.73 9.38 9.43 8.76 9.42 8.96 8.29 7.99 7.89 7.64 7.53 7.23 6.96 6.60 6.07 8.75 11.38 11.75 10.32 13.16 12.36 9.55 9.31 7.51 9.76 9.59 8.26 8.11 7.93 7.95 8.10 8.33 8.75 9.25 9.06 8.33 8.27 8.67 10.25 10.20 10.58 9.11 9.15 10.76 12.68 -9999 -9999 -9999 -9999 -9999 -9999
-9999 -9999 -9999 -9999 -9999 -9999 -9999 -9999 12.46 11.28 11.32 12.34 -9999 -9999 -9999 -9999 -9999 -9999 -9999 -9999 -9999 -9999 -9999 -9999 -9999 -9999 10.88 10.26 9.31 9.58 10.44 9.23 8.94 7.94 7.75 7.79 7.54 7.63 7.57 6.69 5.97 5.63 7.42 12.98 13.23 10.06 11.89 11.43 11.07 8.45 7.57 9.04 9.44 8.60 7.80 7.76 8.01 8.55 8.65 8.80 9.10 9.42 8.81 8.57 8.52 10.01 10.14 10.13 9.25 9.12 9.75 11.72 -9999 -9999 -9999 -9999 -9999 -9999
-9999 -9999 -9999 -9999 -9999 -9999 16.24 12.76 10.63 10.43 10.25 11.55 11.69 13.24 14.22 -9999 -9999 14.44 13.13 -9999 -9999 -9999 11.63 12.57 11.62 -9999 8.83 10.26 9.60 9.34 9.73 9.07 8.95 8.64 8.92 8.39 8.24 7.41 7.51 6.62 6.46 9.09 6.98 9.43 11.91 7.78 9.63 13.77 9.16 10.47 8.47 8.97 9.05 8.49 8.16 8.14 8.30 8.73 8.59 8.88 8.95 9.59 8.89 8.64 8.65 9.03 9.67 10.56 10.19 9.21 9.16 10.79 12.91 -9999 -9999 -9999 -9999 -9999
-9999 -9999 -9999 -9999 -9999 -9999 -9999 13.29 11.27 10.23 9.62 9.97 11.30 12.77 10.61 -9999 10.06 11.24 12.42 11.72 12.60 9.54 8.53 12.02 11.96 10.48 -9999 8.29 9.77 9.72 9.03 8.89 9.26 8.45 8.09 7.93 7.66 7.66 7.10 6.91 6.58 9.41 9.99 10.02 10.74 10.09 11.94 12.23 10.66 8.63 8.08 9.56 9.48 8.27 8.64 8.29 8.82 9.03 8.72 8.80 8.87 9.65 9.01 8.79 8.77 8.61 9.28 10.00 10.63 9.90 9.25 10.05 12.07 -9999 -9999 -9999 -9999 -9999
-9999 -9999 -9999 -9999 -9999 -9999 -9999 -9999 12.62 11.46 10.30 9.73 9.33 7.22 6.33 12.06 17.43 8.77 11.71 12.18 11.86 10.18 7.56 7.63 9.80 11.65 9.86 8.12 8.51 9.37 8.79 8.91 9.81 8.92 8.32 7.74 7.66 7.50 6.98 6.52 6.42 10.82 11.80 10.28 10.74 9.01 8.64 10.12 10.16 8.40 8.10 9.14 8.60 8.16 8.69 8.44 9.38 8.99 8.97 8.83 8.81 9.94 9.06 8.86 8.87 8.65 9.03 9.54 9.68 9.99 10.35 9.48 11.31 13.51 -9999 -9999 -9999 -9999
-9999 -9999 -9999 -9999 -9999 -9999 -9999 -9999 -9999 13.47 10.89 9.01 6.89 5.30 7.28 19.57 13.64 6.52 11.58 8.62 11.81 11.77 8.40 6.50 11.95 10.25 10.75 9.55 8.35 8.48 8.41 7.81 8.74 9.09 8.67 8.18 7.69 7.66 7.11 6.48 7.85 9.15 12.38 10.71 11.59 10.61 7.15 9.38 11.02 8.47 8.49 9.05 8.43 8.32 8.50 8.51 9.50 8.90 8.81 8.98 8.76 9.47 9.39 9.02 8.93 8.81 8.92 9.47 10.54 9.76 9.26 9.34 10.91 13.18 -9999 -9999 -9999 -9999
-9999 -9999 -9999 -9999 -9999 -9999 -9999 -9999 -9999 -9999 11.14 8.13 7.02 7.81 16.50 19.38 13.42 9.50 9.26 10.33 12.08 12.74 12.12 8.29 7.70 12.35 10.27 9.63 9.15 8.37 8.20 8.20 8.34 8.71 8.31 7.88 7.94 7.76 7.41 7.43 8.06 9.95 10.97 9.20 9.65 10.99 9.22 7.30 10.87 8.57 8.49 8.98 8.33 8.35 8.31 8.87 9.50 8.99 8.89 8.88 8.56 9.90 9.47 9.19 9.13 9.08 9.37 9.36 9.47 9.25 9.18 9.54 11.39 13.46 -9999 -9999 -9999 -9999
-9999 -9999 -9999 -9999 -9999 -9999 -9999 -9999 -9999 -9999 10.48 8.33 9.25 11.05 13.37 16.81 10.26 6.83 8.64 11.10 11.88 13.22 11.97 8.78 6.60 12.28 12.17 10.30 9.76 8.27 7.93 8.20 9.00 8.70 8.40 8.16 7.68 7.37 7.71 9.30 9.01 7.64 11.58 9.39 9.84 11.33 11.12 9.35 8.69 8.12 7.19 8.44 9.06 8.30 8.28 8.28 8.87 8.75 9.09 8.87 8.71 9.25 9.83 9.56 9.58 9.42 9.44 9.34 9.16 9.14 9.66 10.78 12.51 -9999 -9999 -9999 -9999 -9999
-9999 -9999 -9999 -9999 -9999 -9999 -9999 -9999 -9999 -9999 9.57 8.86 9.65 9.53 13.75 12.62 9.23 9.38 7.65 9.15 11.93 11.34 13.53 10.67 7.10 11.19 12.57 12.20 9.62 8.61 7.67 8.38 9.35 9.10 8.42 7.97 7.62 7.87 9.03 9.34 7.94 7.72 10.27 10.03 9.72 9.70 9.20 9.25 9.83 7.12 7.83 8.17 7.98 8.37 8.12 8.91 8.34 8.65 8.92 8.83 9.06 10.76 10.16 9.74 9.60 9.59 9.51 9.39 9.28 9.47 10.71 12.34 -9999 -9999 -9999 -9999 -9999 -9999
-9999 -9999 -9999 -9999 -9999 -9999 -9999 -9999 -9999 11.39 16.50 10.48 11.28 12.30 8.48 16.25 13.72 12.02 10.58 13.02 10.96 11.79 10.50 8.55 9.33 12.98 12.34 12.01 9.46 8.25 7.44 8.67 8.90 8.54 8.28 7.76 7.78 9.03 8.73 8.33 9.11 9.71 8.10 11.74 10.88 8.57 9.19 8.62 8.00 7.86 7.22 7.31 7.56 8.47 8.13 7.75 9.03 8.54 8.72 8.94 9.41 10.82 10.16 9.74 9.69 9.50 9.49 9.27 9.25 10.34 11.92 -9999 -9999 -9999 -9999 -9999 -9999 -9999
-9999 -9999 -9999 -9999 -9999 -9999 -9999 13.05 12.09 14.76 12.88 11.04 11.55 12.00 7.88 8.51 10.07 12.73 12.20 13.67 12.72 12.62 7.72 9.69 9.84 8.36 9.40 9.10 9.50 8.44 7.65 8.36 8.63 8.51 7.94 8.09 9.20 8.74 9.07 8.32 9.53 10.00 9.73 8.89 8.14 9.39 9.03 8.51 8.35 8.21 7.99 7.05 7.87 7.79 7.30 7.60 8.08 8.36 8.67 8.69 9.39 10.69 10.07 9.54 9.55 9.31 9.27 9.14 9.63 11.00 -9999 -9999 -9999 -9999 -9999 13.51 12.91 12.29
-9999 -9999 -9999 -9999 -9999 -9999 13.64 12.99 12.73 12.97 12.78 12.73 11.53 9.20 7.44 8.22 9.57 11.65 17.36 10.92 9.12 8.32 5.84 11.41 12.88 12.79 10.42 9.26 9.36 8.81 8.16 8.26 8.67 8.19 7.92 8.17 9.08 9.53 8.33 8.24 9.69 9.79 9.36 8.83 8.86 9.05 8.18 8.53 7.64 7.61 8.11 7.64 7.24 6.89 7.20 7.98 7.83 8.03 8.29 8.55 9.13 10.70 10.22 9.50 9.24 9.07 9.08 9.10 9.61 10.74 -9999 -9999 -9999 -9999 -9999 12.04 11.04 10.51
-9999 -9999 -9999 -9999 -9999 14.43 14.63 13.76 13.64 -9999 -9999 -9999 -9999 9.52 13.37 11.00 10.82 13.01 11.07 8.91 10.95 9.97 8.88 16.83 15.07 13.05 13.52 10.69 8.68 8.73 8.48 7.89 7.91 7.76 7.47 8.20 8.29 9.62 8.52 8.35 8.79 9.21 9.34 9.13 8.27 8.29 8.21 8.09 7.69 7.44 7.20 7.06 6.93 7.18 7.74 7.64 7.51 8.10 8.65 8.86 9.06 9.97 9.91 9.72 9.02 8.93 8.92 8.90 9.17 10.07 11.70 -9999 -9999 -9999 -9999 10.95 9.96 9.66
-9999 -9999 -9999 -9999 -9999 15.87 16.71 14.09 14.66 -9999 -9999 -9999 -9999 9.83 11.88 12.67 8.46 12.25 11.24 10.35 12.88 14.43 12.05 15.63 10.28 11.33 11.34 10.05 8.60 8.28 8.20 7.84 7.96 8.33 7.48 8.13 8.28 8.71 9.24 8.43 8.62 8.06 8.69 9.41 9.72 9.60 8.25 7.70 7.53 7.41 7.68 7.10 7.21 7.65 7.88 8.35 7.75 9.28 9.38 9.63 9.04 9.51 9.56 9.42 8.79 8.87 8.87 8.80 8.85 9.09 10.15 11.14 -9999 -9999 11.48 10.65 9.95 10.05
-9999 -9999 -9999 -9999 -9999 -9999 -9999 -9999 -9999 -9999 -9999 -9999 -9999 10.93 14.09 11.72 8.05 9.76 8.48 14.03 13.60 10.08 13.20 13.03 11.71 12.16 10.35 9.18 8.06 8.51 8.04 8.16 7.91 7.52 7.45 7.49 7.64 8.19 8.84 8.34 8.19 8.39 8.60 8.37 9.11 9.21 7.52 8.50 9.25 8.25 8.19 7.77 6.94 7.72 8.52 9.23 8.92 8.50 8.95 9.63 9.28 9.65 9.45 9.31 8.62 8.77 8.84 8.85 8.79 8.57 8.88 9.59 10.53 10.89 10.43 10.16 9.36 10.09
-9999 -9999 -9999 -9999 -9999 -9999 -9999 -9999 -9999 -9999 -9999 -9999 -9999 -9999 14.17 6.85 6.58 9.74 13.34 12.54 14.11 13.59 10.41 11.56 12.69 9.78 9.28 8.24 7.87 7.74 7.91 7.89 7.86 7.57 7.25 7.20 7.69 7.86 8.52 8.29 7.97 9.83 9.34 8.34 8.24 8.14 8.07 7.88 8.69 8.81 8.42 9.32 7.86 7.68 8.27 7.90 8.17 8.31 8.33 9.51 9.59 9.38 9.03 9.23 8.59 8.70 8.76 8.75 8.78 8.81 8.87 8.91 9.36 9.66 9.69 9.49 9.45 10.28
-9999 -9999 -9999 -9999 -9999 -9999 -9999 -9999 -9999 -9999 -9999 -9999 -9999 -9999 10.25 13.21 13.84 12.10 10.64 10.22 12.51 10.80 10.90 9.70 9.32 10.86 8.54 8.06 9.21 8.45 8.06 7.73 7.08 6.98 7.47 7.48 8.61 8.75 8.61 8.11 7.70 9.50 10.34 9.23 8.32 7.95 8.14 8.07 7.94 8.13 8.85 10.80 9.61 7.99 7.57 7.76 8.60 9.51 9.63 9.37 9.88 9.55 9.12 8.82 8.59 8.69 8.72 8.87 8.92 8.97 9.05 9.13 9.28 9.45 9.71 9.62 9.36 10.04
-9999 -9999 -9999 -9999 -9999 -9999 -9999 -9999 -9999 -9999 -9999 -9999 -9999 12.78 11.74 9.39 15.92 10.94 8.94 11.13 11.14 10.19 12.67 9.88 9.50 11.18 7.90 12.79 9.78 7.95 7.97 8.85 7.31 6.91 9.41 9.41 8.84 8.02 8.48 8.35 8.05 8.79 9.41 9.19 8.56 8.26 8.10 8.11 8.36 8.17 9.24 9.26 8.74 8.13 7.69 8.14 8.96 9.88 9.98 9.22 9.40 9.35 9.10 8.82 8.63 8.65 8.78 8.93 9.01 9.03 9.12 9.23 9.19 9.35 9.92 9.85 9.53 9.76
-9999 -9999 -9999 -9999 -9999 -9999 -9999 -9999 -9999 -9999 -9999 -9999 -9999 11.80 12.08 16.03 10.49 6.63 8.24 8.47 10.17 12.79 12.69 10.43 10.06 9.76 7.92 8.33 8.94 10.02 9.70 8.03 7.88 7.74 8.32 9.03 8.04 7.92 8.57 8.48 8.85 9.25 8.98 9.20 8.90 8.50 8.29 8.10 8.13 8.25 9.03 9.32 8.74 7.71 7.85 8.83 9.94 9.48 10.10 10.02 9.44 8.95 9.48 8.80 8.94 8.75 8.87 8.88 9.00 9.08 9.08 9.13 9.17 9.28 10.08 9.90 9.47 9.57
-9999 -9999 -9999 -9999 -9999 -9999 -9999 -9999 -9999 -9999 -9999 -9999 -9999 13.18 14.16 7.89 8.69 7.43 8.56 8.96 13.39 12.15 13.48 10.98 10.04 8.21 6.77 7.27 10.01 11.79 12.73 8.52 9.70 8.64 9.00 8.99 7.68 7.86 8.23 8.61 9.00 8.58 8.76 9.92 9.26 8.37 8.33 9.24 8.03 8.45 8.81 8.68 8.14 7.77 8.24 8.76 9.18 9.36 9.34 8.76 8.72 9.14 9.31 8.46 8.47 8.73 8.82 8.90 8.89 8.85 8.95 9.04 9.12 9.26 9.57 9.45 9.55 9.42
-9999 -9999 -9999 -9999 -9999 -9999 -9999 -9999 -9999 -9999 -9999 -9999 -9999 -9999 9.10 9.43 10.60 12.32 13.19 11.63 12.25 10.75 8.34 8.14 7.43 8.19 8.17 7.34 8.54 9.27 12.03 9.95 8.81 8.60 9.96 9.66 7.88 8.63 7.85 8.14 10.14 8.74 8.66 8.69 8.83 8.06 8.05 9.46 8.92 8.40 8.84 8.44 8.12 8.34 9.02 8.71 8.67 8.38 8.92 8.31 9.31 9.33 8.52 8.38 8.89 8.86 8.67 8.71 8.68 8.75 8.87 8.96 9.06 9.12 9.18 9.24 9.40 9.32
-9999 -9999 -9999 -9999 -9999 -9999 -9999 -9999 -9999 -9999 -9999 -9999 -9999 -9999 10.04 10.09 10.64 12.56 15.06 14.09 11.05 8.68 7.34 8.58 10.23 11.86 13.42 10.59 8.69 9.41 10.43 9.60 7.83 10.63 10.05 9.84 8.63 9.35 8.29 7.97 8.65 9.87 9.54 8.97 8.50 8.01 8.16 9.10 8.88 8.53 8.53 8.78 8.86 9.03 9.42 8.75 8.45 9.41 9.47 9.42 9.24 9.38 8.56 8.90 9.39 8.62 8.52 8.56 8.59 8.73 8.80 8.86 8.95 9.01 9.07 9.02 8.89 8.75
-9999 -9999 -9999 -9999 -9999 -9999 -9999 -9999 -9999 -9999 -9999 -9999 -9999 11.72 9.02 9.09 10.98 12.21 11.73 11.46 9.28 9.96 13.79 11.33 11.54 11.59 10.00 9.29 9.97 10.53 9.15 8.15 8.73 10.55 10.51 9.90 8.65 9.58 8.02 7.92 9.28 8.89 9.26 9.34 8.72 8.25 8.31 9.15 9.00 8.32 8.51 8.48 8.34 8.96 8.68 9.52 9.02 9.62 9.04 9.35 9.50 8.75 8.59 9.37 9.31 8.51 8.47 8.76 8.63 8.81 8.85 8.98 8.97 8.92 8.90 8.69 8.93 9.19
-9999 -9999 -9999 -9999 -9999 -9999 -9999 -9999 -9999 -9999 -9999 -9999 -9999 13.34 10.50 8.83 8.47 10.36 13.66 13.14 11.66 10.22 10.80 12.05 13.12 13.08 9.80 11.72 12.66 9.37 11.24 7.69 8.38 10.22 11.80 9.08 9.47 8.34 7.53 7.70 8.46 10.86 9.57 9.56 9.10 8.77 8.79 9.04 8.76 8.29 8.40 8.29 8.13 8.04 9.16 9.58 9.57 10.12 9.31 9.00 9.04 8.70 9.07 9.52 9.27 8.84 9.11 8.96 9.24 8.93 8.98 9.20 9.18 8.91 8.72 8.48 8.45 9.15
-9999 -9999 -9999 -9999 -9999 -9999 -9999 -9999 -9999 -9999 -9999 -9999 -9999 11.70 9.91 6.61 7.43 9.95 13.79 12.36 12.45 10.32 11.97 11.36 10.16 10.82 11.39 11.39 10.10 9.01 9.60 11.66 8.71 8.84 8.94 9.13 10.39 9.07 7.71 7.79 8.48 8.94 8.86 9.68 9.31 9.01 9.14 8.58 8.08 8.48 8.60 8.60 8.04 8.54 9.69 9.68 8.95 9.21 9.95 9.15 9.40 8.67 9.50 9.70 9.07 8.98 9.13 8.65 8.87 8.84 8.94 9.03 8.89 8.75 8.63 8.45 8.70 8.32
-9999 -9999 -9999 -9999 -9999 -9999 -9999 -9999 -9999 -9999 -9999 -9999 11.29 11.55 12.36 9.29 7.20 10.59 12.00 14.02 13.86 9.61 9.93 8.87 10.04 11.50 10.05 10.04 11.66 10.39 9.87 9.49 8.67 8.08 8.28 9.20 9.25 8.92 8.57 8.03 7.91 8.62 8.96 8.49 8.89 8.72 9.23 8.51 8.35 8.41 7.99 7.84 8.11 9.11 9.14 9.20 8.66 9.44 9.61 9.29 8.67 9.42 9.54 9.67 9.79 9.41 9.02 8.86 8.73 8.87 8.96 8.83 8.69 8.47 8.30 8.35 8.65 8.62
-9999 -9999 -9999 -9999 -9999 -9999 -9999 -9999 -9999 -9999 -9999 12.33 11.74 11.83 9.50 7.39 9.74 12.56 13.38 12.07 13.71 10.33 11.12 9.34 9.02 14.57 10.73 11.41 9.81 10.04 8.82 8.47 8.68 9.59 8.84 10.53 9.18 9.43 8.23 7.96 8.04 8.40 8.76 8.45 8.58 8.92 8.99 7.83 8.26 8.12 8.14 8.25 8.60 9.17 8.66 9.33 8.95 9.21 8.59 8.53 9.54 9.90 9.56 9.78 9.64 8.88 9.18 9.18 9.18 9.13 8.87 8.61 8.29 8.33 8.24 8.75 9.00 9.19
-9999 -9999 -9999 -9999 -9999 -9999 -9999 -9999 -9999 13.66 12.02 10.71 9.05 8.33 8.10 8.10 10.81 12.11 13.70 15.30 13.74 11.47 8.06 10.12 9.75 13.25 11.03 10.42 10.53 9.32 8.90 7.85 8.69 10.34 9.92 10.09 8.40 8.53 8.30 8.26 8.71 8.48 8.85 8.26 8.39 8.61 7.94 7.73 7.97 8.56 8.30 9.00 9.63 9.30 8.94 8.56 8.37 9.03 9.47 9.29 9.62 8.91 9.63 9.79 9.19 8.53 8.58 9.35 9.28 9.30 8.60 8.28 7.97 8.12 8.92 9.22 9.02 9.70
-9999 -9999 -9999 -9999 -9999 14.31 12.96 11.30 13.47 13.10 12.89 12.66 10.18 9.02 8.18 12.32 11.04 13.07 13.61 13.44 10.73 9.35 7.44 8.67 8.84 14.63 13.32 11.31 9.40 9.73 9.16 10.36 8.10 9.69 10.07 9.78 9.19 8.43 8.03 8.81 8.33 7.94 9.06 8.21 8.12 7.71 7.87 8.20 8.61 7.95 8.65 8.36 8.78 9.61 9.50 9.24 9.01 9.49 9.54 9.30 9.07 9.74 9.00 8.93 8.74 8.43 9.05 9.33 9.41 8.83 8.29 8.21 8.28 9.15 9.27 8.91 9.53 8.85
-9999 -9999 -9999 -9999 14.91 12.42 12.33 11.23 10.40 11.71 11.24 11.45 9.45 8.09 10.94 11.72 12.20 9.69 14.25 10.81 8.65 12.80 10.03 7.33 13.68 12.37 11.37 7.94 7.94 8.72 11.45 8.94 8.39 8.36 8.49 9.95 9.76 9.55 8.40 8.54 8.02 7.96 8.70 8.21 7.77 7.72 7.95 8.38 8.21 9.81 8.31 8.12 8.59 9.31 8.88 8.86 8.57 8.78 9.20 9.07 9.73 9.24 8.76 8.82 8.98 8.55 8.82 8.91 8.48 8.32 8.20 8.23 8.37 8.79 9.48 9.43 9.49 9.11
-9999 -9999 -9999 14.55 13.60 10.55 9.82 9.80 10.48 10.00 10.31 9.41 9.93 13.51 11.05 10.14 12.98 8.16 10.23 9.89 12.59 12.16 12.90 11.12 10.96 9.58 7.26 11.47 11.35 8.54 9.04 8.60 8.26 8.70 8.11 8.37 9.99 10.18 8.14 7.78 7.89 8.28 7.68 7.14 7.48 9.68 8.00 7.78 8.41 9.17 8.59 8.20 8.75 9.23 9.25 9.72 9.22 8.61 8.50 8.52 9.40 9.06 8.60 9.32 9.16 8.62 8.68 8.54 8.32 8.51 8.59 8.59 8.81 8.90 9.53 8.97 8.83 9.06
15.59 13.30 14.24 11.61 11.02 11.32 10.23 9.77 11.50 10.35 10.13 10.22 12.74 12.21 10.78 11.87 11.05 8.84 8.60 11.61 12.03 10.74 11.21 12.65 9.25 6.29 11.07 12.72 10.66 10.78 8.73 8.95 8.20 8.63 10.18 8.55 10.54 9.01 7.98 7.59 7.87 9.02 6.75 7.08 10.59 8.47 7.93 7.93 8.62 9.49 8.37 8.43 8.78 8.58 9.11 9.13 8.69 8.41 8.67 8.36 8.74 9.04 9.04 8.70 8.39 8.14 8.04 8.45 9.64 9.15 9.94 9.40 8.56 9.55 9.32 9.39 9.09 8.92
12.09 11.23 13.37 15.70 14.40 13.73 10.77 11.67 13.11 11.86 11.36 13.20 11.76 11.25 13.25 10.43 7.92 8.40 8.83 11.31 11.28 10.87 10.35 9.33 7.08 8.80 17.19 13.98 10.99 8.87 9.36 8.94 10.19 8.89 9.34 8.58 8.64 8.56 8.39 7.69 7.38 7.07 6.43 9.55 10.27 9.46 8.20 7.91 10.28 9.16 8.50 8.68 8.40 9.06 9.03 8.75 8.09 9.00 8.61 8.08 9.52 9.35 8.42 8.26 8.15 7.94 8.37 9.27 9.68 9.60 10.10 9.50 9.17 9.73 9.44 8.86 9.12 9.02
