ML/MeanWindSpeed_1991-03_Actual.txt
ncols         180
nrows         290
xllcorner     -200000
yllcorner     -200000
cellsize      5000
NODATA_value  -9999
[rows 140 to 174 of 290, columns 79 to 157 of 180]
-9999 -9999 10.62 -9999 -9999 -9999 9.15 9.30 8.47 8.48 9.07 -9999 -9999 9.05 7.90 9.86 10.72 -9999 -9999 -9999 -9999 -9999 8.80 8.00 6.36 6.50 6.55 7.10 6.89 7.13 6.39 4.08 5.96 8.61 9.65 7.60 8.95 9.74 10.16 8.65 9.49 10.03 9.44 8.31 8.71 8.88 6.83 7.68 9.41 10.10 -9999 -9999 -9999 -9999 -9999 -9999 -9999 -9999 -9999 -9999 -9999 -9999 -9999 -9999 -9999 -9999 -9999 -9999 -9999 -9999 -9999 -9999 -9999 -9999 -9999 -9999 -9999 -9999 -9999
-9999 -9999 10.55 10.40 -9999 -9999 -9999 9.13 9.67 9.49 9.73 -9999 -9999 -9999 -9999 9.84 -9999 -9999 -9999 -9999 -9999 -9999 7.73 6.91 6.03 6.66 7.84 8.04 7.35 7.43 6.62 4.93 4.74 7.52 8.65 6.36 10.36 10.09 11.11 9.03 9.52 10.98 9.55 8.81 8.73 7.56 6.54 7.61 9.22 9.80 -9999 -9999 -9999 -9999 -9999 -9999 -9999 -9999 -9999 -9999 -9999 -9999 -9999 -9999 -9999 -9999 -9999 -9999 -9999 -9999 -9999 -9999 -9999 -9999 -9999 -9999 -9999 -9999 -9999
-9999 -9999 -9999 11.31 -9999 -9999 -9999 -9999 9.54 10.32 10.10 -9999 -9999 -9999 -9999 -9999 -9999 -9999 -9999 -9999 -9999 8.27 7.29 7.05 6.58 6.72 8.37 8.46 8.07 8.10 7.54 6.31 4.13 5.17 9.78 10.42 10.51 10.38 8.81 8.37 9.04 8.26 7.23 9.28 9.60 7.35 6.85 7.84 8.87 9.35 9.59 -9999 -9999 -9999 -9999 -9999 -9999 -9999 -9999 -9999 -9999 -9999 -9999 -9999 -9999 -9999 -9999 -9999 -9999 -9999 -9999 -9999 -9999 -9999 -9999 -9999 -9999 -9999 -9999
-9999 -9999 -9999 12.12 -9999 -9999 -9999 -9999 -9999 -9999 -9999 -9999 -9999 -9999 -9999 -9999 -9999 -9999 -9999 -9999 -9999 8.40 7.07 5.97 4.61 4.05 10.01 8.83 8.36 9.76 7.95 8.19 3.81 3.26 7.88 11.44 9.50 8.22 11.20 12.92 12.25 10.94 10.21 7.61 8.13 8.00 8.54 8.08 8.18 8.94 9.32 9.59 -9999 -9999 -9999 -9999 -9999 -9999 -9999 -9999 -9999 -9999 -9999 -9999 -9999 -9999 -9999 -9999 -9999 -9999 -9999 -9999 -9999 -9999 -9999 -9999 -9999 -9999 -9999
-9999 -9999 -9999 -9999 -9999 -9999 -9999 -9999 -9999 -9999 -9999 -9999 -9999 -9999 -9999 -9999 -9999 -9999 -9999 -9999 8.60 7.76 6.34 5.46 7.38 4.11 13.48 13.30 8.10 8.84 8.33 7.53 6.78 3.50 4.29 11.16 11.22 10.06 9.09 8.56 10.65 10.67 10.14 8.84 8.20 8.12 7.87 7.80 8.28 8.01 8.03 8.71 -9999 -9999 -9999 -9999 -9999 -9999 -9999 -9999 -9999 -9999 -9999 -9999 -9999 -9999 -9999 -9999 -9999 -9999 -9999 -9999 -9999 -9999 -9999 -9999 -9999 -9999 -9999
-9999 -9999 -9999 -9999 -9999 -9999 -9999 -9999 -9999 -9999 -9999 -9999 -9999 -9999 -9999 -9999 -9999 -9999 -9999 -9999 7.45 7.67 5.30 7.30 13.09 7.10 4.95 9.71 10.36 8.92 8.90 8.39 7.62 5.46 4.32 5.57 12.14 10.97 10.61 9.23 9.35 9.65 8.45 8.28 8.39 9.01 7.91 8.45 7.79 7.65 7.25 7.57 8.31 9.01 9.34 -9999 -9999 -9999 -9999 -9999 -9999 -9999 -9999 -9999 -9999 -9999 -9999 -9999 -9999 -9999 -9999 -9999 -9999 -9999 -9999 -9999 -9999 -9999 -9999
-9999 -9999 -9999 -9999 -9999 -9999 -9999 -9999 -9999 -9999 -9999 -9999 -9999 -9999 -9999 -9999 -9999 -9999 -9999 -9999 7.13 6.53 6.00 9.09 6.64 5.78 6.96 10.36 7.98 7.80 10.78 7.28 8.90 7.31 5.85 5.25 7.62 9.73 10.09 9.92 9.77 8.51 8.60 8.16 7.77 7.58 7.74 7.64 7.68 6.96 6.52 6.47 8.82 8.03 9.07 9.99 10.08 -9999 -9999 -9999 -9999 -9999 -9999 -9999 -9999 -9999 -9999 -9999 -9999 -9999 -9999 -9999 -9999 -9999 -9999 -9999 -9999 -9999 -9999
-9999 -9999 -9999 -9999 -9999 -9999 -9999 -9999 -9999 -9999 -9999 -9999 -9999 -9999 -9999 -9999 -9999 -9999 -9999 -9999 7.03 5.90 6.61 10.83 12.03 8.77 6.05 6.95 7.55 10.31 7.50 10.23 8.94 8.31 7.97 6.75 5.21 6.15 9.66 9.74 9.47 9.09 8.51 8.21 8.13 7.93 7.45 7.54 7.22 6.62 6.60 6.31 7.06 9.19 8.94 9.33 10.56 10.74 9.65 -9999 -9999 -9999 -9999 -9999 -9999 -9999 -9999 -9999 -9999 -9999 -9999 -9999 -9999 -9999 -9999 -9999 -9999 -9999 -9999
-9999 -9999 -9999 -9999 -9999 -9999 -9999 -9999 -9999 -9999 -9999 -9999 -9999 -9999 -9999 -9999 -9999 -9999 -9999 -9999 7.82 6.28 7.51 8.62 5.93 15.39 12.72 6.92 8.40 7.03 10.64 11.42 8.65 7.57 7.58 6.74 4.93 10.64 9.91 9.92 10.74 11.26 10.77 8.39 9.17 8.03 7.57 7.41 7.19 6.96 6.54 5.75 6.38 8.44 7.82 7.71 8.36 9.61 8.89 11.07 -9999 -9999 -9999 -9999 -9999 -9999 -9999 -9999 -9999 -9999 -9999 -9999 -9999 -9999 -9999 -9999 -9999 -9999 -9999
-9999 -9999 -9999 -9999 -9999 -9999 -9999 -9999 9.70 9.92 10.22 -9999 -9999 -9999 -9999 -9999 -9999 -9999 -9999 -9999 -9999 8.53 7.30 6.07 7.89 10.16 12.57 7.59 5.37 9.12 8.95 8.26 7.10 8.29 7.84 6.10 6.67 8.68 9.24 12.28 11.60 10.16 9.89 10.43 9.19 8.06 7.54 7.15 6.89 6.20 5.71 8.62 7.94 10.39 10.97 10.24 9.30 7.57 10.13 10.81 10.12 -9999 -9999 -9999 -9999 -9999 -9999 -9999 -9999 -9999 -9999 -9999 -9999 -9999 -9999 -9999 -9999 -9999 -9999
-9999 -9999 -9999 -9999 -9999 -9999 -9999 -9999 9.01 8.98 -9999 -9999 -9999 -9999 -9999 -9999 -9999 -9999 -9999 -9999 -9999 -9999 7.57 5.67 8.68 9.54 15.36 9.03 9.01 8.56 6.80 5.83 5.83 5.39 10.92 6.18 7.07 10.97 9.25 7.52 7.33 10.84 8.17 10.43 8.91 7.86 7.21 6.84 6.03 6.14 7.93 8.75 8.21 7.94 7.64 8.59 9.27 9.10 9.73 10.01 11.67 -9999 -9999 -9999 -9999 -9999 -9999 -9999 -9999 -9999 -9999 -9999 -9999 -9999 -9999 -9999 -9999 -9999 -9999
-9999 -9999 -9999 -9999 -9999 -9999 -9999 7.94 10.44 10.40 9.84 -9999 -9999 -9999 -9999 -9999 -9999 -9999 -9999 -9999 -9999 -9999 7.67 9.33 9.82 10.49 8.90 9.65 8.18 7.71 6.62 6.13 7.22 5.67 4.55 11.10 8.01 7.60 10.43 9.22 11.61 9.59 10.01 9.00 8.57 7.96 7.61 6.73 5.80 6.60 7.92 7.52 8.38 9.11 8.67 8.94 8.63 9.01 9.57 8.85 11.18 10.42 -9999 -9999 -9999 -9999 -9999 -9999 -9999 -9999 -9999 -9999 -9999 -9999 -9999 -9999 -9999 -9999 -9999
-9999 -9999 -9999 -9999 -9999 -9999 6.63 9.63 11.53 14.35 9.90 -9999 -9999 -9999 -9999 -9999 -9999 -9999 -9999 -9999 -9999 -9999 8.97 12.53 10.26 7.50 8.58 7.90 8.43 6.93 6.00 6.47 6.93 4.93 9.34 7.35 10.00 8.04 11.80 7.96 9.13 7.93 9.65 8.54 8.67 8.50 7.38 7.01 6.09 6.05 8.69 9.35 9.33 8.52 8.52 8.13 7.90 8.18 9.70 9.97 9.85 10.55 -9999 -9999 -9999 -9999 -9999 -9999 -9999 -9999 -9999 -9999 -9999 -9999 -9999 -9999 -9999 -9999 -9999
-9999 -9999 -9999 -9999 -9999 8.44 7.56 12.80 11.21 11.03 -9999 -9999 -9999 -9999 -9999 -9999 -9999 -9999 -9999 -9999 -9999 -9999 -9999 9.60 7.86 7.61 9.11 7.27 8.91 7.25 6.46 6.05 5.66 4.34 9.00 9.01 9.91 9.62 10.54 10.61 10.62 10.01 9.87 10.10 9.71 8.07 7.60 7.35 6.77 6.29 7.01 10.75 10.08 8.24 7.76 7.72 7.37 7.50 7.80 8.02 7.90 8.74 9.99 10.65 -9999 -9999 -9999 -9999 -9999 -9999 -9999 -9999 -9999 -9999 -9999 -9999 -9999 -9999 -9999
-9999 -9999 -9999 -9999 -9999 10.54 11.72 9.25 9.86 10.27 -9999 -9999 -9999 -9999 -9999 -9999 -9999 -9999 -9999 -9999 -9999 -9999 -9999 -9999 8.40 8.88 8.26 7.57 8.49 7.72 7.47 6.94 6.67 4.54 9.23 8.48 7.63 9.66 8.85 8.16 11.51 11.72 9.38 10.85 10.01 9.50 7.93 7.53 7.26 6.79 6.85 7.83 8.32 7.85 7.81 7.70 7.60 7.35 7.35 7.34 7.50 9.75 10.12 10.08 -9999 -9999 -9999 -9999 -9999 -9999 -9999 -9999 -9999 -9999 -9999 -9999 -9999 -9999 -9999
-9999 -9999 -9999 -9999 -9999 11.43 10.52 11.05 10.41 -9999 -9999 -9999 -9999 -9999 -9999 -9999 -9999 -9999 -9999 -9999 -9999 -9999 -9999 -9999 9.26 9.30 8.88 -9999 8.69 -9999 7.92 7.26 6.51 5.20 5.41 9.01 7.94 8.70 11.34 5.92 7.08 11.58 10.32 10.22 10.14 9.23 8.15 7.82 7.68 7.24 7.08 7.32 8.03 8.76 7.95 8.29 7.36 6.82 7.63 8.55 8.37 7.99 8.11 9.66 11.25 11.86 -9999 -9999 -9999 -9999 -9999 -9999 -9999 -9999 -9999 -9999 -9999 -9999 -9999
-9999 -9999 -9999 -9999 11.55 10.82 10.57 -9999 -9999 -9999 -9999 -9999 -9999 -9999 -9999 -9999 -9999 -9999 -9999 -9999 -9999 -9999 -9999 -9999 10.09 9.40 8.78 -9999 -9999 -9999 7.59 8.02 5.75 6.40 7.47 6.08 5.41 7.08 10.50 10.09 6.32 9.97 11.42 9.57 10.59 9.81 8.88 7.52 7.61 7.40 7.33 7.39 7.55 7.75 7.65 7.70 6.62 7.23 8.20 8.88 9.26 9.22 8.68 8.85 9.93 11.06 -9999 -9999 -9999 -9999 -9999 -9999 -9999 -9999 -9999 -9999 -9999 -9999 -9999
-9999 -9999 -9999 -9999 -9999 -9999 -9999 -9999 -9999 -9999 -9999 -9999 -9999 -9999 -9999 -9999 -9999 -9999 -9999 -9999 -9999 -9999 -9999 -9999 -9999 -9999 -9999 -9999 -9999 8.03 6.12 5.90 7.23 8.14 8.98 8.78 7.26 7.77 10.03 9.72 8.04 6.77 9.62 10.86 9.81 9.19 8.51 7.89 7.76 7.86 7.46 7.32 7.35 7.29 6.98 6.28 7.04 9.37 8.46 9.08 8.61 8.72 8.19 8.90 9.85 -9999 -9999 -9999 -9999 -9999 -9999 -9999 -9999 -9999 -9999 -9999 -9999 -9999 -9999
-9999 -9999 -9999 -9999 -9999 -9999 -9999 -9999 -9999 -9999 -9999 -9999 -9999 -9999 -9999 -9999 -9999 -9999 -9999 -9999 -9999 -9999 -9999 -9999 -9999 -9999 -9999 -9999 -9999 7.40 5.67 6.46 8.75 10.99 10.29 8.23 8.97 7.26 7.50 6.97 8.15 8.44 9.52 9.91 9.68 8.90 8.52 8.20 7.70 7.80 7.29 7.18 7.16 7.21 6.90 6.10 6.69 10.00 9.75 8.56 8.27 8.10 8.01 8.80 10.03 -9999 -9999 -9999 -9999 -9999 -9999 -9999 -9999 -9999 -9999 -9999 -9999 -9999 -9999
-9999 -9999 -9999 -9999 -9999 -9999 -9999 -9999 -9999 -9999 -9999 -9999 -9999 -9999 -9999 -9999 -9999 -9999 -9999 -9999 -9999 -9999 -9999 -9999 -9999 -9999 -9999 -9999 -9999 6.96 5.36 5.68 8.39 9.54 9.31 8.73 8.44 7.91 8.21 7.19 7.16 7.57 6.62 9.74 8.67 9.54 8.69 8.45 7.50 7.21 7.11 6.97 6.99 7.03 6.97 6.55 6.50 8.41 9.35 8.78 8.22 8.07 7.92 8.64 9.80 -9999 -9999 -9999 -9999 -9999 -9999 -9999 -9999 -9999 -9999 -9999 -9999 -9999 -9999
-9999 -9999 -9999 -9999 -9999 -9999 -9999 -9999 -9999 -9999 -9999 -9999 -9999 -9999 -9999 -9999 -9999 -9999 -9999 -9999 -9999 -9999 -9999 -9999 -9999 -9999 -9999 9.48 8.26 6.50 5.15 7.41 9.29 11.50 9.21 10.16 6.68 7.42 7.41 8.35 8.79 8.45 9.94 7.47 7.70 7.75 7.67 7.33 7.81 6.98 6.77 6.94 6.77 6.87 7.06 6.90 6.85 7.35 8.94 8.69 8.14 7.91 7.85 8.30 9.38 10.45 -9999 -9999 -9999 -9999 -9999 -9999 -9999 -9999 -9999 -9999 -9999 -9999 -9999
-9999 -9999 -9999 -9999 -9999 -9999 -9999 -9999 -9999 -9999 -9999 -9999 -9999 -9999 -9999 -9999 -9999 -9999 -9999 -9999 -9999 -9999 -9999 -9999 -9999 -9999 -9999 8.95 7.71 6.71 6.04 6.48 8.98 7.68 7.26 5.79 7.12 9.22 7.42 8.98 8.57 9.44 7.14 9.88 8.23 9.00 8.57 8.49 7.54 7.13 6.77 6.63 6.64 6.81 6.98 7.14 7.03 7.05 7.76 8.84 8.41 7.91 7.88 8.05 8.91 10.05 -9999 -9999 -9999 -9999 -9999 -9999 -9999 -9999 -9999 -9999 -9999 -9999 -9999
-9999 -9999 -9999 -9999 -9999 -9999 -9999 -9999 -9999 -9999 -9999 -9999 -9999 -9999 -9999 -9999 -9999 -9999 -9999 -9999 -9999 -9999 -9999 -9999 -9999 -9999 -9999 8.93 7.62 7.06 6.63 6.92 7.60 7.94 6.90 6.20 7.31 7.21 6.64 8.26 10.22 8.63 8.34 7.30 8.52 7.19 7.50 7.84 7.98 7.28 6.98 6.62 6.62 6.81 7.00 7.21 7.23 6.99 7.32 8.50 9.09 8.22 7.86 8.03 8.48 9.31 10.33 -9999 -9999 -9999 -9999 -9999 -9999 -9999 -9999 -9999 -9999 -9999 -9999
-9999 -9999 -9999 -9999 -9999 -9999 -9999 -9999 -9999 -9999 -9999 -9999 -9999 -9999 -9999 -9999 -9999 -9999 -9999 -9999 -9999 -9999 -9999 -9999 -9999 -9999 -9999 8.73 7.73 7.37 7.29 7.13 7.01 6.97 7.42 8.06 6.19 5.88 6.67 9.92 10.08 10.96 9.96 8.53 8.37 8.68 7.50 6.87 7.55 7.80 6.99 6.66 6.72 6.77 7.04 7.33 7.52 7.27 7.30 8.77 9.71 8.83 8.44 8.49 8.41 8.67 9.64 10.59 -9999 -9999 -9999 -9999 -9999 -9999 -9999 -9999 -9999 -9999 -9999
-9999 -9999 -9999 -9999 -9999 -9999 -9999 -9999 -9999 -9999 -9999 -9999 -9999 -9999 -9999 -9999 -9999 -9999 -9999 -9999 -9999 -9999 -9999 -9999 -9999 -9999 -9999 8.80 7.66 7.33 7.08 6.70 6.29 6.79 6.42 6.98 7.30 8.64 9.81 10.58 8.94 10.28 9.19 8.95 7.86 8.85 8.37 7.61 7.04 6.87 6.91 6.73 6.83 7.01 7.29 7.54 7.80 7.86 7.93 8.43 9.27 9.07 8.74 8.81 8.84 8.72 8.88 9.94 -9999 -9999 -9999 -9999 -9999 -9999 -9999 -9999 -9999 -9999 -9999
-9999 -9999 -9999 -9999 -9999 -9999 -9999 -9999 -9999 -9999 -9999 -9999 -9999 -9999 -9999 -9999 -9999 -9999 -9999 -9999 -9999 -9999 -9999 -9999 -9999 -9999 -9999 -9999 7.72 7.39 6.90 6.12 6.24 7.56 7.69 8.11 7.16 7.21 8.85 9.05 10.46 10.04 8.63 7.37 7.70 7.65 8.42 7.62 7.30 7.66 7.39 6.94 7.16 7.26 7.53 7.67 7.83 8.08 8.29 8.52 8.55 8.75 8.91 9.10 -9999 9.09 9.35 10.00 11.11 -9999 -9999 -9999 -9999 -9999 -9999 -9999 -9999 -9999 -9999
-9999 -9999 -9999 -9999 -9999 -9999 -9999 -9999 -9999 -9999 -9999 -9999 -9999 -9999 -9999 -9999 -9999 -9999 -9999 -9999 -9999 -9999 -9999 -9999 -9999 -9999 -9999 8.69 7.68 7.30 6.63 5.74 5.55 8.63 9.31 7.85 9.76 9.59 8.02 7.97 11.23 10.29 10.62 8.58 7.33 8.74 7.65 7.09 7.48 7.59 7.36 7.48 7.36 7.50 7.65 7.84 7.75 7.86 8.94 8.43 8.13 9.14 8.75 8.93 9.03 -9999 9.82 10.39 11.28 11.96 -9999 -9999 -9999 -9999 -9999 -9999 -9999 -9999 -9999
-9999 -9999 -9999 -9999 -9999 -9999 -9999 -9999 -9999 -9999 -9999 -9999 -9999 -9999 -9999 -9999 -9999 -9999 -9999 -9999 -9999 -9999 -9999 -9999 -9999 -9999 -9999 8.49 7.44 7.09 6.63 7.33 6.54 7.69 10.00 7.93 8.18 8.32 6.56 6.42 9.40 9.53 9.58 7.38 8.79 9.48 7.87 8.45 7.81 8.17 8.06 7.81 7.57 7.65 7.74 7.80 7.67 7.61 7.89 8.21 7.60 7.92 8.51 8.32 8.93 9.29 -9999 -9999 -9999 -9999 -9999 -9999 -9999 -9999 -9999 -9999 -9999 -9999 -9999
-9999 -9999 -9999 -9999 -9999 -9999 -9999 -9999 -9999 -9999 -9999 -9999 -9999 -9999 -9999 -9999 -9999 -9999 -9999 -9999 -9999 -9999 -9999 -9999 -9999 -9999 9.61 7.98 7.20 7.64 7.41 7.45 7.14 8.09 8.46 8.07 7.78 7.22 6.71 6.53 8.35 10.54 10.82 8.12 10.11 9.81 8.15 8.28 7.52 7.93 8.23 7.88 7.61 7.83 7.82 7.80 7.83 7.63 7.86 8.04 7.83 7.68 8.75 8.55 8.60 8.83 9.65 10.48 -9999 -9999 -9999 -9999 -9999 -9999 -9999 -9999 -9999 -9999 -9999
-9999 -9999 -9999 -9999 -9999 -9999 -9999 -9999 -9999 -9999 -9999 -9999 -9999 -9999 -9999 -9999 -9999 -9999 -9999 -9999 -9999 -9999 -9999 -9999 -9999 -9999 -9999 8.19 7.32 7.24 7.66 9.03 7.61 7.55 7.63 7.90 8.00 7.39 6.77 6.05 6.09 8.97 10.20 11.23 9.68 10.14 9.45 8.71 8.80 7.36 7.58 8.28 7.72 7.76 7.71 7.73 7.87 7.71 7.85 8.20 7.88 7.39 7.56 9.36 8.77 8.60 8.87 9.45 10.26 11.18 -9999 -9999 -9999 -9999 -9999 -9999 -9999 -9999 -9999
-9999 -9999 -9999 -9999 -9999 -9999 -9999 -9999 -9999 -9999 -9999 -9999 -9999 -9999 -9999 -9999 -9999 -9999 -9999 -9999 -9999 -9999 -9999 -9999 -9999 -9999 -9999 8.27 7.72 7.42 7.63 7.91 8.01 7.86 7.58 7.67 7.34 7.03 6.73 6.38 6.44 5.99 9.60 11.57 12.26 10.94 9.96 9.38 8.29 8.26 7.79 8.62 7.85 7.86 7.72 7.74 7.77 7.74 8.06 8.22 7.97 7.33 7.63 9.18 8.96 9.28 8.54 8.61 9.28 10.25 -9999 -9999 -9999 -9999 -9999 -9999 -9999 -9999 -9999
-9999 -9999 -9999 -9999 -9999 -9999 -9999 10.15 9.67 10.16 11.04 -9999 -9999 -9999 -9999 -9999 -9999 -9999 -9999 -9999 -9999 -9999 -9999 -9999 -9999 -9999 8.77 7.94 8.10 7.72 8.40 8.14 7.75 7.67 7.70 7.55 7.46 7.18 6.83 6.41 5.71 7.81 10.03 10.30 9.24 11.67 11.16 8.81 8.49 7.00 9.02 9.07 8.04 7.93 7.77 7.76 7.78 7.77 7.99 8.40 8.22 7.53 7.46 7.86 9.24 9.36 9.73 8.53 8.46 9.39 10.52 -9999 -9999 -9999 -9999 -9999 -9999 -9999 -9999
-9999 -9999 -9999 -9999 -9999 -9999 -9999 9.45 8.91 9.05 9.60 -9999 -9999 -9999 -9999 -9999 -9999 -9999 -9999 -9999 -9999 -9999 -9999 -9999 -9999 8.91 8.58 8.01 8.22 8.90 8.11 8.09 7.45 7.44 7.58 7.43 7.53 7.47 6.65 5.94 5.53 6.97 11.51 11.61 9.06 10.68 10.37 10.03 7.80 7.06 8.45 8.93 8.29 7.64 7.59 7.76 8.06 7.95 7.95 8.20 8.46 7.94 7.69 7.71 9.01 9.27 9.37 8.67 8.51 8.83 9.97 -9999 -9999 -9999 -9999 -9999 -9999 -9999 -9999
-9999 -9999 -9999 -9999 -9999 11.91 9.49 8.23 8.41 8.40 9.23 9.20 10.19 10.83 -9999 -9999 11.27 10.37 -9999 -9999 -9999 9.16 10.20 9.70 -9999 7.70 8.84 8.30 8.06 8.35 7.90 8.02 7.93 8.33 8.01 7.96 7.34 7.35 6.55 6.45 8.54 6.85 8.84 10.65 7.19 8.75 12.15 8.49 9.41 7.82 8.43 8.60 8.14 7.86 7.82 7.95 8.15 7.88 7.98 8.03 8.56 7.99 7.80 7.86 8.23 8.83 9.67 9.42 8.60 8.50 9.43 10.66 -9999 -9999 -9999 -9999 -9999 -9999 -9999
-9999 -9999 -9999 -9999 -9999 -9999 9.87 8.69 8.21 7.87 8.12 9.17 10.27 8.50 -9999 8.44 9.07 10.18 9.70 10.43 7.88 7.01 10.01 10.30 9.27 -9999 7.43 8.49 8.36 7.76 7.74 8.25 7.81 7.67 7.62 7.45 7.46 6.94 6.59 6.36 8.77 9.29 9.28 9.80 9.11 10.60 11.00 9.80 8.03 7.59 8.94 8.92 7.93 8.20 7.92 8.34 8.39 8.01 7.96 7.97 8.62 8.17 8.05 8.06 7.92 8.52 9.19 9.74 9.15 8.59 8.99 10.17 -9999 -9999 -9999 -9999 -9999 -9999 -9999
