ML/MeanWindSpeed_1998-03_Actual.txt
ncols         180
nrows         290
xllcorner     -200000
yllcorner     -200000
cellsize      5000
NODATA_value  -9999
[rows 140 to 174 of 290, columns 78 to 155 of 180]
-9999 -9999 -9999 13.02 -9999 -9999 -9999 11.49 11.54 10.16 10.09 11.09 -9999 -9999 11.44 9.71 12.16 13.32 -9999 -9999 -9999 -9999 -9999 10.57 9.29 6.95 7.07 6.89 7.58 7.40 7.93 7.65 5.33 7.93 11.22 12.48 9.70 11.38 12.15 12.43 9.78 10.16 9.96 8.15 5.53 5.18 5.16 2.43 3.43 6.19 8.40 -9999 -9999 -9999 -9999 -9999 -9999 -9999 -9999 -9999 -9999 -9999 -9999 -9999 -9999 -9999 -9999 -9999 -9999 -9999 -9999 -9999 -9999 -9999 -9999 -9999 -9999 -9999
-9999 -9999 -9999 13.00 12.79 -9999 -9999 -9999 11.52 11.98 11.60 11.98 -9999 -9999 -9999 -9999 12.21 -9999 -9999 -9999 -9999 -9999 -9999 9.30 8.19 7.14 7.82 8.89 8.99 8.20 8.35 7.62 6.38 6.76 10.38 11.78 8.36 13.57 12.97 13.98 10.58 10.40 11.40 8.28 6.12 5.20 3.37 1.98 3.32 5.99 8.37 -9999 -9999 -9999 -9999 -9999 -9999 -9999 -9999 -9999 -9999 -9999 -9999 -9999 -9999 -9999 -9999 -9999 -9999 -9999 -9999 -9999 -9999 -9999 -9999 -9999 -9999 -9999
-9999 -9999 -9999 -9999 14.12 -9999 -9999 -9999 -9999 11.94 12.89 12.58 -9999 -9999 -9999 -9999 -9999 -9999 -9999 -9999 -9999 -9999 10.30 8.95 8.73 8.44 8.61 10.32 10.19 9.50 9.46 8.75 7.98 6.27 7.92 13.97 14.21 13.90 13.53 11.00 9.84 9.90 7.78 5.26 6.84 6.52 3.19 2.50 3.92 6.18 8.75 10.43 -9999 -9999 -9999 -9999 -9999 -9999 -9999 -9999 -9999 -9999 -9999 -9999 -9999 -9999 -9999 -9999 -9999 -9999 -9999 -9999 -9999 -9999 -9999 -9999 -9999 -9999
-9999 -9999 -9999 -9999 15.25 -9999 -9999 -9999 -9999 -9999 -9999 -9999 -9999 -9999 -9999 -9999 -9999 -9999 -9999 -9999 -9999 -9999 10.39 8.50 7.27 6.20 5.71 13.36 11.13 10.03 11.85 9.27 9.99 5.31 5.56 11.68 15.86 12.77 10.96 14.83 16.50 14.63 11.70 9.58 5.05 5.06 4.41 5.13 4.93 6.44 9.19 10.51 11.05 -9999 -9999 -9999 -9999 -9999 -9999 -9999 -9999 -9999 -9999 -9999 -9999 -9999 -9999 -9999 -9999 -9999 -9999 -9999 -9999 -9999 -9999 -9999 -9999 -9999
-9999 -9999 -9999 -9999 -9999 -9999 -9999 -9999 -9999 -9999 -9999 -9999 -9999 -9999 -9999 -9999 -9999 -9999 -9999 -9999 -9999 10.86 9.59 7.78 6.72 9.71 5.47 18.08 17.22 9.71 10.63 9.69 8.77 8.36 5.26 6.94 15.98 15.58 13.51 11.86 10.71 12.73 11.79 10.07 7.52 5.96 5.37 5.08 5.60 7.55 8.35 8.79 9.74 -9999 -9999 -9999 -9999 -9999 -9999 -9999 -9999 -9999 -9999 -9999 -9999 -9999 -9999 -9999 -9999 -9999 -9999 -9999 -9999 -9999 -9999 -9999 -9999 -9999
-9999 -9999 -9999 -9999 -9999 -9999 -9999 -9999 -9999 -9999 -9999 -9999 -9999 -9999 -9999 -9999 -9999 -9999 -9999 -9999 -9999 9.67 9.89 6.79 9.00 16.72 9.34 6.64 12.54 13.15 10.88 10.55 9.81 8.96 6.98 6.79 8.96 17.40 14.84 13.63 11.36 10.95 10.54 8.22 7.41 7.02 7.63 6.25 7.45 7.38 7.91 7.72 8.18 9.07 9.83 10.08 -9999 -9999 -9999 -9999 -9999 -9999 -9999 -9999 -9999 -9999 -9999 -9999 -9999 -9999 -9999 -9999 -9999 -9999 -9999 -9999 -9999 -9999
-9999 -9999 -9999 -9999 -9999 -9999 -9999 -9999 -9999 -9999 -9999 -9999 -9999 -9999 -9999 -9999 -9999 -9999 -9999 -9999 -9999 9.50 8.74 8.01 11.78 8.28 7.90 9.57 13.96 10.60 9.65 13.46 8.50 10.68 8.78 7.76 7.62 10.86 13.10 12.86 11.97 11.22 8.91 8.58 7.62 6.89 6.59 6.94 7.02 7.51 7.01 6.80 6.90 9.96 8.60 9.80 10.81 10.76 -9999 -9999 -9999 -9999 -9999 -9999 -9999 -9999 -9999 -9999 -9999 -9999 -9999 -9999 -9999 -9999 -9999 -9999 -9999 -9999
-9999 -9999 -9999 -9999 -9999 -9999 -9999 -9999 -9999 -9999 -9999 -9999 -9999 -9999 -9999 -9999 -9999 -9999 -9999 -9999 -9999 9.52 8.46 9.24 14.73 16.30 11.86 8.17 9.78 10.79 13.82 9.55 13.05 11.13 10.00 9.68 8.82 7.23 8.18 12.51 11.92 10.93 9.97 8.85 8.15 8.00 7.80 7.24 7.44 7.21 6.61 6.87 6.72 7.61 10.27 9.77 10.01 11.40 11.53 10.00 -9999 -9999 -9999 -9999 -9999 -9999 -9999 -9999 -9999 -9999 -9999 -9999 -9999 -9999 -9999 -9999 -9999 -9999
-9999 -9999 -9999 -9999 -9999 -9999 -9999 -9999 -9999 -9999 -9999 -9999 -9999 -9999 -9999 -9999 -9999 -9999 -9999 -9999 -9999 10.24 8.38 10.15 11.64 7.75 19.99 16.58 9.55 11.84 9.78 14.18 14.92 11.04 9.29 9.42 8.91 6.74 14.35 13.07 12.70 13.23 13.41 12.36 8.91 9.92 8.51 7.98 7.82 7.53 7.22 6.77 5.93 6.72 9.34 8.29 7.90 8.64 10.14 8.89 11.89 -9999 -9999 -9999 -9999 -9999 -9999 -9999 -9999 -9999 -9999 -9999 -9999 -9999 -9999 -9999 -9999 -9999
-9999 -9999 -9999 -9999 -9999 -9999 -9999 -9999 -9999 11.91 12.29 12.97 -9999 -9999 -9999 -9999 -9999 -9999 -9999 -9999 -9999 -9999 10.03 8.55 7.27 9.70 12.31 15.65 9.49 6.90 12.19 11.92 10.86 9.36 10.91 10.46 8.32 8.85 11.69 12.20 15.92 14.63 12.25 11.52 12.02 10.36 8.95 8.37 7.91 7.69 6.83 6.18 10.24 9.26 12.48 12.96 11.73 10.44 7.82 10.84 11.55 10.74 -9999 -9999 -9999 -9999 -9999 -9999 -9999 -9999 -9999 -9999 -9999 -9999 -9999 -9999 -9999 -9999
-9999 -9999 -9999 -9999 -9999 -9999 -9999 -9999 -9999 10.41 10.57 -9999 -9999 -9999 -9999 -9999 -9999 -9999 -9999 -9999 -9999 -9999 -9999 8.54 6.07 10.34 11.38 19.20 10.83 11.10 10.70 8.66 7.67 7.75 7.21 14.87 8.41 9.42 14.61 12.23 9.52 8.93 13.40 9.48 12.27 10.20 8.87 8.15 7.84 7.06 7.27 9.50 10.48 9.70 9.34 8.74 9.81 10.67 10.16 10.64 10.60 12.82 -9999 -9999 -9999 -9999 -9999 -9999 -9999 -9999 -9999 -9999 -9999 -9999 -9999 -9999 -9999 -9999
-9999 -9999 -9999 -9999 -9999 -9999 -9999 -9999 9.71 12.50 12.39 12.05 -9999 -9999 -9999 -9999 -9999 -9999 -9999 -9999 -9999 -9999 -9999 8.73 10.45 11.29 12.27 10.17 11.33 9.41 9.10 8.11 7.51 9.16 7.40 5.95 14.66 10.43 9.77 13.42 11.54 14.43 11.45 11.80 10.28 9.73 9.02 8.73 7.76 6.89 7.94 9.43 8.70 9.73 10.69 10.04 10.35 9.87 10.13 10.61 9.26 12.27 11.31 -9999 -9999 -9999 -9999 -9999 -9999 -9999 -9999 -9999 -9999 -9999 -9999 -9999 -9999 -9999
-9999 -9999 -9999 -9999 -9999 -9999 -9999 8.45 12.39 14.28 17.94 12.07 -9999 -9999 -9999 -9999 -9999 -9999 -9999 -9999 -9999 -9999 -9999 10.17 14.55 11.66 7.92 9.63 8.85 9.55 7.82 6.96 7.78 8.80 6.39 12.51 9.66 13.07 10.22 15.01 9.54 10.97 9.05 11.23 9.61 9.80 9.68 8.32 7.99 6.96 6.93 10.34 11.01 10.69 9.51 9.49 8.99 8.78 9.04 10.83 10.89 10.52 11.44 -9999 -9999 -9999 -9999 -9999 -9999 -9999 -9999 -9999 -9999 -9999 -9999 -9999 -9999 -9999
-9999 -9999 -9999 -9999 -9999 -9999 10.23 9.15 16.13 13.72 13.58 -9999 -9999 -9999 -9999 -9999 -9999 -9999 -9999 -9999 -9999 -9999 -9999 -9999 10.74 8.58 7.91 10.27 7.85 10.12 8.18 7.39 7.04 7.41 5.82 12.08 12.06 13.33 12.68 13.71 13.66 13.58 12.27 11.70 11.83 11.14 8.95 8.42 8.05 7.24 6.91 7.94 12.70 11.48 8.86 8.15 8.06 7.64 7.74 7.95 8.18 7.96 9.06 10.88 11.97 -9999 -9999 -9999 -9999 -9999 -9999 -9999 -9999 -9999 -9999 -9999 -9999 -9999
-9999 -9999 -9999 -9999 -9999 -9999 12.63 14.01 10.73 11.83 12.57 -9999 -9999 -9999 -9999 -9999 -9999 -9999 -9999 -9999 -9999 -9999 -9999 -9999 -9999 9.28 9.58 8.97 8.14 9.58 8.82 8.59 7.93 8.23 5.85 12.14 11.24 10.33 12.84 11.56 10.66 15.00 14.89 11.30 12.95 11.56 10.74 8.59 7.96 7.62 7.22 7.52 8.70 9.12 8.35 8.17 7.94 7.81 7.48 7.49 7.54 7.73 10.73 11.27 11.28 -9999 -9999 -9999 -9999 -9999 -9999 -9999 -9999 -9999 -9999 -9999 -9999 -9999
-9999 -9999 -9999 -9999 -9999 -9999 13.57 12.17 12.93 12.31 -9999 -9999 -9999 -9999 -9999 -9999 -9999 -9999 -9999 -9999 -9999 -9999 -9999 -9999 -9999 10.34 10.29 9.82 -9999 9.90 -9999 9.04 7.99 7.15 5.91 6.51 11.75 10.69 11.43 14.98 7.91 9.14 14.90 12.93 12.25 11.82 10.35 8.79 8.24 8.05 7.56 7.58 7.96 8.86 9.75 8.52 8.95 7.77 7.02 8.15 9.47 9.16 8.70 8.90 10.93 13.11 13.99 -9999 -9999 -9999 -9999 -9999 -9999 -9999 -9999 -9999 -9999 -9999
-9999 -9999 -9999 -9999 -9999 13.56 12.59 12.24 -9999 -9999 -9999 -9999 -9999 -9999 -9999 -9999 -9999 -9999 -9999 -9999 -9999 -9999 -9999 -9999 -9999 11.58 10.66 9.85 -9999 -9999 -9999 8.79 9.24 6.09 7.01 8.67 7.44 7.08 9.21 13.70 13.34 8.18 12.74 14.39 11.46 12.54 11.14 9.73 7.80 7.90 7.64 7.66 7.86 8.19 8.48 8.33 8.53 7.16 7.83 9.16 10.19 10.69 10.63 9.82 9.94 11.38 12.93 -9999 -9999 -9999 -9999 -9999 -9999 -9999 -9999 -9999 -9999 -9999
-9999 -9999 -9999 -9999 -9999 -9999 -9999 -9999 -9999 -9999 -9999 -9999 -9999 -9999 -9999 -9999 -9999 -9999 -9999 -9999 -9999 -9999 -9999 -9999 -9999 -9999 -9999 -9999 -9999 -9999 9.59 7.45 7.07 8.73 9.80 10.79 10.82 9.13 9.81 12.87 12.40 10.29 8.50 11.90 13.19 11.50 10.34 9.27 8.38 8.14 8.29 7.83 7.76 7.94 7.94 7.72 7.05 8.06 11.00 9.74 10.63 10.00 10.12 9.25 10.11 11.35 -9999 -9999 -9999 -9999 -9999 -9999 -9999 -9999 -9999 -9999 -9999 -9999
-9999 -9999 -9999 -9999 -9999 -9999 -9999 -9999 -9999 -9999 -9999 -9999 -9999 -9999 -9999 -9999 -9999 -9999 -9999 -9999 -9999 -9999 -9999 -9999 -9999 -9999 -9999 -9999 -9999 -9999 8.88 7.05 8.19 10.95 13.81 12.70 9.73 10.85 8.51 9.19 8.46 10.06 10.67 11.75 11.96 11.46 10.14 9.47 8.93 8.19 8.37 7.82 7.81 7.90 8.00 7.77 7.04 7.80 12.08 11.61 10.01 9.68 9.45 9.18 10.07 11.58 -9999 -9999 -9999 -9999 -9999 -9999 -9999 -9999 -9999 -9999 -9999 -9999
-9999 -9999 -9999 -9999 -9999 -9999 -9999 -9999 -9999 -9999 -9999 -9999 -9999 -9999 -9999 -9999 -9999 -9999 -9999 -9999 -9999 -9999 -9999 -9999 -9999 -9999 -9999 -9999 -9999 -9999 8.15 6.52 7.04 10.42 11.80 11.40 10.44 9.85 9.05 9.69 8.39 8.28 9.02 7.70 11.84 10.23 11.14 9.79 9.39 8.17 7.94 8.02 7.96 8.02 8.00 7.93 7.58 7.63 10.13 11.25 10.40 9.72 9.57 9.26 9.92 11.15 -9999 -9999 -9999 -9999 -9999 -9999 -9999 -9999 -9999 -9999 -9999 -9999
-9999 -9999 -9999 -9999 -9999 -9999 -9999 -9999 -9999 -9999 -9999 -9999 -9999 -9999 -9999 -9999 -9999 -9999 -9999 -9999 -9999 -9999 -9999 -9999 -9999 -9999 -9999 -9999 11.19 9.48 7.45 6.29 9.25 11.54 14.52 11.19 12.50 7.62 8.61 8.57 9.65 10.33 10.01 11.95 8.64 8.80 8.74 8.61 8.13 8.93 8.03 7.97 8.27 8.00 8.00 8.12 7.90 7.99 8.74 10.80 10.32 9.60 9.40 9.30 9.50 10.41 11.76 -9999 -9999 -9999 -9999 -9999 -9999 -9999 -9999 -9999 -9999 -9999
-9999 -9999 -9999 -9999 -9999 -9999 -9999 -9999 -9999 -9999 -9999 -9999 -9999 -9999 -9999 -9999 -9999 -9999 -9999 -9999 -9999 -9999 -9999 -9999 -9999 -9999 -9999 -9999 10.44 8.63 7.46 6.85 7.59 10.96 8.98 8.55 6.77 8.36 11.23 8.81 10.47 9.94 11.19 7.92 11.74 9.54 10.64 10.16 10.08 8.87 8.45 8.12 7.97 7.95 8.05 8.10 8.14 8.09 8.34 9.30 10.62 9.98 9.40 9.40 9.17 9.61 11.11 -9999 -9999 -9999 -9999 -9999 -9999 -9999 -9999 -9999 -9999 -9999
-9999 -9999 -9999 -9999 -9999 -9999 -9999 -9999 -9999 -9999 -9999 -9999 -9999 -9999 -9999 -9999 -9999 -9999 -9999 -9999 -9999 -9999 -9999 -9999 -9999 -9999 -9999 -9999 10.43 8.51 7.80 7.38 7.89 8.88 9.14 7.91 6.96 8.37 8.62 7.98 9.89 12.29 9.97 9.54 8.21 9.87 8.15 8.70 9.32 9.64 8.76 8.45 7.97 7.93 8.07 8.15 8.21 8.24 8.23 8.81 10.24 10.95 9.82 9.30 9.05 9.01 10.05 11.53 -9999 -9999 -9999 -9999 -9999 -9999 -9999 -9999 -9999 -9999
-9999 -9999 -9999 -9999 -9999 -9999 -9999 -9999 -9999 -9999 -9999 -9999 -9999 -9999 -9999 -9999 -9999 -9999 -9999 -9999 -9999 -9999 -9999 -9999 -9999 -9999 -9999 -9999 10.15 8.66 8.17 8.10 7.97 7.93 7.73 8.30 9.18 6.98 7.00 7.99 12.41 12.51 13.39 11.96 9.97 9.62 10.04 8.60 7.98 9.05 9.44 8.41 7.98 8.02 7.96 8.14 8.32 8.51 8.43 8.70 10.59 11.79 10.56 9.92 9.59 9.04 9.22 10.57 11.98 -9999 -9999 -9999 -9999 -9999 -9999 -9999 -9999 -9999
-9999 -9999 -9999 -9999 -9999 -9999 -9999 -9999 -9999 -9999 -9999 -9999 -9999 -9999 -9999 -9999 -9999 -9999 -9999 -9999 -9999 -9999 -9999 -9999 -9999 -9999 -9999 -9999 10.18 8.52 8.07 7.82 7.46 7.02 7.60 7.13 8.10 8.76 10.57 12.00 13.13 10.70 12.30 10.73 10.44 8.95 10.21 9.57 8.76 8.15 8.01 8.16 7.93 8.02 8.11 8.30 8.45 8.74 8.93 9.18 9.92 11.04 10.66 10.09 9.95 9.74 9.42 9.57 11.08 -9999 -9999 -9999 -9999 -9999 -9999 -9999 -9999 -9999
-9999 -9999 -9999 -9999 -9999 -9999 -9999 -9999 -9999 -9999 -9999 -9999 -9999 -9999 -9999 -9999 -9999 -9999 -9999 -9999 -9999 -9999 -9999 -9999 -9999 -9999 -9999 -9999 -9999 8.56 8.14 7.64 6.87 7.21 8.99 9.13 9.83 8.73 8.65 10.88 10.99 12.47 11.66 9.66 8.03 8.49 8.34 9.44 8.54 8.26 8.82 8.52 7.91 8.16 8.14 8.35 8.42 8.64 9.00 9.36 9.81 9.89 10.04 10.13 10.26 -9999 10.05 10.36 11.26 12.87 -9999 -9999 -9999 -9999 -9999 -9999 -9999 -9999
-9999 -9999 -9999 -9999 -9999 -9999 -9999 -9999 -9999 -9999 -9999 -9999 -9999 -9999 -9999 -9999 -9999 -9999 -9999 -9999 -9999 -9999 -9999 -9999 -9999 -9999 -9999 -9999 9.96 8.46 7.97 7.20 6.47 6.56 10.54 11.29 9.43 12.09 11.77 9.94 9.71 13.65 11.92 12.18 9.53 7.76 9.62 8.28 7.65 8.28 8.46 8.10 8.23 8.01 8.07 8.19 8.41 8.38 8.55 10.07 9.53 9.12 10.40 9.72 9.88 9.96 -9999 11.07 11.88 13.17 14.17 -9999 -9999 -9999 -9999 -9999 -9999 -9999
-9999 -9999 -9999 -9999 -9999 -9999 -9999 -9999 -9999 -9999 -9999 -9999 -9999 -9999 -9999 -9999 -9999 -9999 -9999 -9999 -9999 -9999 -9999 -9999 -9999 -9999 -9999 -9999 9.68 8.18 7.75 7.19 8.38 7.52 8.91 11.91 9.06 9.41 9.74 7.84 7.70 11.39 10.96 10.83 7.85 9.65 10.54 8.41 9.29 8.49 9.01 8.77 8.34 7.96 7.98 8.07 8.15 8.06 8.06 8.40 8.90 8.15 8.55 9.24 8.84 9.68 10.24 -9999 -9999 -9999 -9999 -9999 -9999 -9999 -9999 -9999 -9999 -9999
-9999 -9999 -9999 -9999 -9999 -9999 -9999 -9999 -9999 -9999 -9999 -9999 -9999 -9999 -9999 -9999 -9999 -9999 -9999 -9999 -9999 -9999 -9999 -9999 -9999 -9999 -9999 11.35 9.04 7.91 8.52 8.11 8.21 7.89 9.14 9.57 8.94 8.57 8.09 7.72 7.81 10.44 12.93 12.97 8.95 11.39 10.90 8.64 8.86 7.95 8.55 8.83 8.23 7.81 8.08 8.07 8.04 8.14 7.96 8.23 8.42 8.27 8.17 9.54 9.05 9.06 9.45 10.69 11.98 -9999 -9999 -9999 -9999 -9999 -9999 -9999 -9999 -9999
-9999 -9999 -9999 -9999 -9999 -9999 -9999 -9999 -9999 -9999 -9999 -9999 -9999 -9999 -9999 -9999 -9999 -9999 -9999 -9999 -9999 -9999 -9999 -9999 -9999 -9999 -9999 -9999 9.27 8.04 7.93 8.35 10.11 8.18 8.09 8.13 8.39 8.53 7.90 7.45 7.08 7.46 11.23 12.46 13.42 11.08 11.49 10.47 9.40 9.64 7.69 7.83 8.65 7.88 7.95 7.90 7.91 8.13 7.97 8.10 8.46 8.10 7.70 7.93 10.19 9.24 8.95 9.42 10.40 11.64 13.02 -9999 -9999 -9999 -9999 -9999 -9999 -9999
-9999 -9999 -9999 -9999 -9999 -9999 -9999 -9999 -9999 -9999 -9999 -9999 -9999 -9999 -9999 -9999 -9999 -9999 -9999 -9999 -9999 -9999 -9999 -9999 -9999 -9999 -9999 -9999 9.28 8.51 8.06 8.24 8.48 8.50 8.18 7.72 7.77 7.36 7.07 7.01 7.02 7.66 7.35 12.01 14.41 15.03 12.79 11.18 10.36 8.91 8.96 8.13 9.11 8.06 8.08 7.91 7.91 7.97 7.95 8.27 8.37 8.07 7.51 8.01 10.04 9.57 9.82 8.84 9.08 10.15 11.63 -9999 -9999 -9999 -9999 -9999 -9999 -9999
-9999 -9999 -9999 -9999 -9999 -9999 -9999 -9999 14.21 13.35 13.84 14.98 -9999 -9999 -9999 -9999 -9999 -9999 -9999 -9999 -9999 -9999 -9999 -9999 -9999 -9999 -9999 9.95 8.75 8.98 8.39 9.18 8.72 8.02 7.74 7.69 7.45 7.37 7.11 6.96 6.79 6.61 9.80 12.66 12.93 11.07 13.86 12.76 9.54 9.24 7.30 9.83 9.75 8.33 8.19 7.97 7.93 7.95 7.93 8.12 8.52 8.27 7.57 7.68 8.31 10.11 10.02 10.43 8.86 8.88 10.34 12.04 -9999 -9999 -9999 -9999 -9999 -9999
-9999 -9999 -9999 -9999 -9999 -9999 -9999 -9999 13.36 12.42 12.38 13.05 -9999 -9999 -9999 -9999 -9999 -9999 -9999 -9999 -9999 -9999 -9999 -9999 -9999 -9999 10.09 9.59 8.72 9.00 9.92 8.74 8.60 7.62 7.46 7.54 7.30 7.43 7.45 6.66 6.12 6.08 8.15 14.26 14.62 10.97 12.60 11.85 11.27 8.36 7.37 9.02 9.56 8.66 7.80 7.73 7.89 8.26 8.08 8.01 8.22 8.54 7.93 7.87 8.10 9.86 10.00 9.98 9.02 8.90 9.47 11.22 -9999 -9999 -9999 -9999 -9999 -9999
-9999 -9999 -9999 -9999 -9999 -9999 16.61 13.40 11.68 11.82 11.64 12.67 12.43 13.65 14.42 -9999 -9999 14.14 12.38 -9999 -9999 -9999 10.58 11.72 10.86 -9999 8.19 9.73 8.97 8.64 9.09 8.51 8.57 8.35 8.73 8.20 8.09 7.23 7.44 6.65 6.61 9.74 7.58 10.39 13.13 8.49 10.26 14.50 9.25 10.54 8.36 8.96 9.12 8.46 8.09 8.02 8.06 8.30 7.89 8.02 7.99 8.67 7.95 7.88 8.17 8.78 9.57 10.54 10.08 9.02 8.95 10.41 12.30 -9999 -9999 -9999 -9999 -9999
-9999 -9999 -9999 -9999 -9999 -9999 -9999 13.90 12.29 11.55 11.07 11.29 12.38 13.76 11.38 -9999 10.62 11.57 12.34 11.06 11.83 8.69 7.81 11.72 11.63 10.03 -9999 7.67 9.12 9.02 8.32 8.26 8.82 8.08 7.84 7.72 7.49 7.56 7.10 7.11 6.85 10.08 10.89 11.07 11.74 10.85 12.76 12.89 10.89 8.59 7.95 9.58 9.52 8.12 8.49 8.05 8.50 8.55 8.01 7.96 7.91 8.74 8.11 8.06 8.26 8.32 9.20 9.99 10.64 9.80 9.10 9.78 11.57 -9999 -9999 -9999 -9999 -9999
