ML/MeanWindSpeed_1996-08_Actual.txt
ncols         180
nrows         290
xllcorner     -200000
yllcorner     -200000
cellsize      5000
NODATA_value  -9999
[rows 210 to 244 of 290, columns 79 to 157 of 180]
11.52 10.25 11.76 11.52 -9999 -9999 -9999 -9999 -9999 -9999 -9999 7.64 7.66 8.40 7.47 7.76 8.16 9.62 11.10 12.92 12.11 10.39 8.93 8.71 7.73 9.96 10.14 7.30 6.45 9.57 9.37 10.03 7.29 6.74 6.84 6.60 7.39 7.80 7.39 7.45 7.13 6.81 6.61 6.38 6.08 5.91 5.65 6.13 5.76 5.85 5.89 5.92 6.03 5.81 6.25 7.47 7.54 6.82 7.88 7.79 7.36 7.21 6.68 6.62 7.25 7.58 7.18 6.68 6.52 7.42 6.58 6.87 7.64 7.10 7.04 6.98 6.25 5.94 6.21
11.44 -9999 -9999 -9999 -9999 -9999 -9999 -9999 -9999 11.29 10.03 9.62 10.50 9.76 8.68 7.94 8.30 8.47 10.24 11.33 10.80 7.58 7.35 10.40 9.27 9.06 7.58 6.91 6.75 8.86 8.70 8.43 7.20 7.00 7.08 6.03 8.35 8.38 7.22 7.22 6.87 6.75 6.61 6.35 6.65 6.11 6.09 5.58 5.58 5.63 5.77 5.74 6.06 5.62 6.71 8.23 7.34 7.67 6.25 7.41 7.13 6.83 7.64 7.42 7.47 7.81 7.09 6.45 6.45 6.37 6.86 7.35 6.79 7.20 6.98 6.34 6.03 6.95 6.42
-9999 -9999 -9999 -9999 -9999 -9999 -9999 -9999 -9999 12.25 11.72 10.01 10.92 11.17 -9999 -9999 8.16 10.45 6.70 8.01 7.69 7.80 8.50 9.82 7.66 7.25 7.75 7.73 8.30 8.49 8.36 7.86 7.47 7.91 6.70 6.84 8.24 7.17 6.79 6.59 6.71 7.09 6.89 6.40 6.40 5.92 5.95 6.40 6.79 6.45 6.81 5.83 5.58 6.29 8.15 6.78 7.06 6.79 5.76 7.19 7.09 7.11 7.20 7.20 7.03 6.89 7.84 6.69 6.40 6.22 6.24 6.40 6.23 5.99 7.14 6.57 6.84 7.57 7.44
-9999 -9999 -9999 -9999 -9999 -9999 -9999 -9999 -9999 -9999 -9999 -9999 -9999 -9999 -9999 -9999 9.17 8.24 8.04 7.09 6.26 6.25 6.67 7.68 7.74 8.15 8.81 9.41 9.78 9.43 -9999 8.01 7.55 7.18 6.68 6.92 8.03 7.16 7.15 6.70 6.17 6.13 6.81 6.25 6.42 7.37 7.47 7.23 7.86 8.46 7.22 6.82 6.57 6.62 7.54 6.59 6.72 6.76 6.32 6.42 6.66 7.26 7.45 7.10 6.80 6.79 6.64 6.31 6.09 5.94 5.94 6.03 6.22 6.32 6.61 6.60 6.88 7.19 -9999
-9999 -9999 -9999 -9999 -9999 -9999 -9999 -9999 -9999 -9999 -9999 -9999 -9999 -9999 -9999 -9999 -9999 9.01 7.98 7.08 7.11 7.44 6.34 6.65 7.80 9.34 -9999 -9999 -9999 -9999 8.99 7.84 7.42 6.85 6.63 7.02 8.13 7.28 7.43 6.83 6.00 6.67 6.41 7.56 7.22 8.71 7.57 7.69 7.35 7.62 7.37 6.71 7.29 5.83 6.30 6.74 5.85 6.14 5.99 6.11 6.40 6.60 6.78 6.89 6.38 6.14 5.82 5.66 5.48 6.45 6.70 5.87 5.94 6.14 6.37 6.66 7.36 8.35 8.17
-9999 -9999 -9999 -9999 -9999 -9999 -9999 -9999 -9999 -9999 -9999 -9999 -9999 -9999 -9999 -9999 -9999 -9999 8.96 9.76 8.83 7.66 7.35 7.79 9.69 -9999 -9999 -9999 -9999 9.87 9.31 8.87 6.40 6.15 6.25 8.00 8.36 7.87 7.30 6.40 6.37 6.22 7.43 8.57 7.77 7.83 7.27 7.35 7.13 6.33 6.72 6.68 6.31 6.21 6.22 6.19 5.85 5.97 6.46 6.87 7.22 6.56 6.65 6.60 6.15 6.16 5.62 5.60 5.11 5.76 5.81 5.90 6.73 6.11 6.83 7.00 7.44 7.01 7.33
-9999 -9999 -9999 -9999 -9999 -9999 -9999 -9999 -9999 -9999 -9999 -9999 -9999 -9999 -9999 -9999 -9999 -9999 -9999 9.75 9.86 8.83 8.13 8.37 11.46 -9999 -9999 -9999 9.67 7.97 7.16 8.27 7.82 7.13 6.14 7.17 6.51 7.83 7.22 5.99 7.01 7.77 7.73 7.41 7.98 7.27 6.90 6.64 6.18 6.08 5.99 6.13 6.53 6.30 5.92 5.93 5.99 5.99 6.59 6.52 6.89 6.80 6.42 6.35 5.76 5.20 4.75 4.91 4.91 5.20 5.35 6.33 6.72 7.07 6.97 6.21 7.50 6.30 6.93
-9999 -9999 -9999 -9999 -9999 -9999 -9999 -9999 -9999 -9999 -9999 -9999 -9999 -9999 -9999 -9999 -9999 -9999 -9999 -9999 -9999 -9999 -9999 -9999 -9999 -9999 -9999 11.71 8.79 7.26 6.73 7.93 6.53 7.05 7.56 7.34 7.23 7.37 6.15 5.89 6.20 7.00 6.88 7.16 7.23 7.41 7.19 7.01 8.17 6.83 6.86 6.31 6.67 6.65 6.02 6.00 5.66 5.94 6.47 6.07 5.93 6.08 6.07 5.82 5.84 5.03 5.14 4.81 5.68 6.19 6.11 5.53 7.68 8.36 7.27 6.24 8.30 7.37 6.86
-9999 -9999 -9999 -9999 -9999 -9999 -9999 -9999 -9999 -9999 -9999 -9999 -9999 -9999 -9999 -9999 -9999 -9999 -9999 -9999 -9999 -9999 -9999 -9999 -9999 -9999 -9999 9.78 8.90 7.63 11.34 9.60 6.68 7.06 7.49 7.70 7.91 6.51 6.11 6.00 5.94 6.86 6.71 6.62 8.02 7.87 8.78 7.65 7.79 8.73 7.34 6.80 6.59 6.10 5.93 5.70 5.59 5.87 5.81 5.97 5.74 5.60 5.52 5.29 5.43 6.55 5.78 6.27 6.56 7.41 6.45 5.77 6.86 7.17 6.27 5.85 6.41 7.55 7.86
-9999 -9999 -9999 -9999 -9999 -9999 -9999 -9999 -9999 -9999 -9999 -9999 -9999 -9999 -9999 -9999 -9999 -9999 -9999 -9999 -9999 -9999 -9999 -9999 -9999 -9999 -9999 9.23 7.41 6.48 8.06 10.67 9.52 8.55 7.54 8.42 6.98 6.62 6.19 7.56 7.61 8.04 7.64 7.05 7.20 7.11 7.43 7.82 7.84 7.17 7.05 6.93 6.79 6.21 5.92 5.86 5.82 6.19 5.95 5.79 5.43 5.53 6.14 6.64 5.95 6.54 5.94 5.65 5.72 6.49 8.05 7.95 6.31 6.24 6.68 6.91 6.76 6.86 6.78
-9999 -9999 -9999 -9999 -9999 -9999 -9999 -9999 -9999 -9999 11.01 11.21 9.36 12.98 12.03 11.40 10.99 12.35 6.30 11.01 7.67 -9999 -9999 -9999 -9999 -9999 -9999 8.50 7.42 7.01 6.12 6.94 8.57 9.60 8.88 7.70 6.93 6.86 7.39 8.33 7.67 6.98 6.95 6.60 6.80 7.07 6.78 6.52 6.39 6.79 6.38 6.93 7.28 7.77 6.78 6.29 6.64 6.50 5.88 6.41 5.71 5.48 6.45 7.08 5.99 5.54 5.76 5.50 5.18 5.07 5.47 5.57 5.26 5.28 5.38 5.48 5.41 5.74 5.80
-9999 -9999 -9999 -9999 -9999 -9999 -9999 -9999 -9999 -9999 12.77 12.04 11.79 9.70 11.06 11.96 10.63 10.61 10.68 8.28 7.26 6.58 8.02 10.57 9.20 8.70 8.03 7.78 7.20 6.78 6.32 5.85 6.27 8.31 8.29 7.48 6.72 9.01 7.64 6.73 7.14 7.44 6.71 6.57 7.43 7.12 7.18 6.89 6.79 5.91 6.19 6.72 6.86 6.80 7.24 7.39 6.19 5.88 5.47 5.34 6.20 5.52 8.47 6.93 6.51 5.99 5.62 5.69 5.38 6.01 6.07 5.11 6.41 6.07 6.58 5.54 5.67 5.53 5.50
-9999 -9999 -9999 -9999 -9999 -9999 -9999 -9999 -9999 11.24 10.14 9.51 8.93 7.91 9.52 11.20 10.10 8.87 8.90 8.94 7.99 7.11 7.27 8.63 9.95 7.90 7.52 7.12 7.14 7.76 6.56 6.34 7.35 7.28 7.05 7.28 9.15 7.59 8.47 7.81 7.12 6.39 6.83 6.81 7.54 7.54 7.10 7.43 6.48 6.65 6.51 6.47 6.43 7.45 7.88 6.22 5.74 5.89 7.59 6.22 5.84 5.97 5.86 6.10 6.30 6.02 5.88 6.34 7.04 6.23 5.43 5.41 6.80 6.39 6.33 6.63 6.46 6.10 6.14
-9999 -9999 -9999 -9999 -9999 -9999 -9999 -9999 -9999 -9999 9.19 7.96 7.31 8.60 8.13 8.14 9.77 8.28 6.79 6.11 8.24 10.14 8.95 7.57 8.03 9.73 8.18 6.82 6.81 6.70 7.16 7.16 6.43 6.34 6.63 7.27 8.18 7.07 8.18 7.21 7.11 6.97 7.25 6.89 7.59 7.71 7.56 6.46 6.41 6.90 6.20 5.77 5.65 6.47 7.30 7.13 5.90 6.18 6.99 6.75 6.08 5.40 5.32 5.20 5.55 6.96 6.72 6.46 6.92 7.69 7.01 6.52 6.96 6.92 6.20 6.90 6.04 6.68 5.86
-9999 -9999 -9999 -9999 -9999 -9999 11.47 -9999 -9999 10.16 8.95 9.35 6.77 8.19 6.91 6.33 6.03 6.08 6.77 5.77 7.63 9.24 7.90 7.19 6.34 6.62 6.74 6.55 6.59 6.78 7.33 6.50 6.29 6.58 7.90 6.80 7.55 6.66 7.24 6.82 7.61 8.22 7.64 6.88 6.54 6.55 6.43 6.26 7.38 6.59 6.01 7.47 6.21 6.15 7.48 8.34 5.64 5.90 6.12 5.91 5.59 5.39 5.29 5.67 6.23 6.58 5.83 5.47 5.54 6.13 6.25 6.24 6.71 6.13 6.06 5.99 5.54 5.59 5.51
-9999 -9999 -9999 -9999 -9999 10.92 11.84 11.73 11.32 9.12 8.34 9.71 7.62 6.60 7.10 6.34 7.01 7.02 7.61 6.62 6.77 7.81 7.39 6.70 6.23 6.44 7.04 7.28 6.53 6.43 6.52 6.22 6.24 7.45 7.42 6.63 7.20 7.49 8.46 7.70 7.75 8.74 7.61 7.40 6.35 6.72 6.48 6.82 6.31 6.14 5.72 6.71 6.74 5.97 6.68 6.27 5.70 5.47 5.19 5.76 5.79 5.68 5.31 5.05 5.12 5.06 5.25 5.41 5.36 4.99 5.58 6.00 6.69 6.98 6.59 5.58 6.27 6.15 6.08
-9999 -9999 -9999 -9999 -9999 10.52 10.50 9.68 9.96 9.09 8.37 7.40 8.84 8.68 7.80 8.72 8.30 7.68 8.68 7.97 8.24 8.69 7.25 8.23 9.72 8.96 7.90 7.12 6.44 6.73 7.00 7.15 6.63 7.46 6.82 7.28 6.59 6.08 7.39 8.43 7.46 7.44 7.27 6.82 6.73 7.14 6.52 6.07 6.63 6.78 5.74 6.13 6.24 6.12 6.76 7.09 7.12 8.27 5.99 5.98 5.38 5.18 5.25 5.31 5.06 4.93 5.16 5.65 5.39 5.20 5.08 5.85 6.02 6.17 6.30 6.48 5.53 5.89 6.64
-9999 -9999 -9999 -9999 -9999 10.69 9.57 9.12 9.38 8.81 8.77 7.70 8.05 8.13 7.07 8.12 8.19 8.60 8.95 8.85 7.22 6.84 6.98 9.07 9.07 9.31 9.66 7.65 7.16 7.13 6.47 7.09 6.44 7.09 6.66 6.77 6.57 6.07 7.46 7.07 7.14 7.00 6.85 6.79 6.78 7.17 7.16 6.21 6.01 6.22 6.94 5.93 6.15 5.94 6.26 6.39 6.59 7.30 6.78 7.36 8.01 5.15 7.91 6.63 5.24 5.50 8.12 7.96 7.52 5.11 5.06 5.21 5.14 5.71 5.53 6.55 7.33 9.19 8.25
-9999 -9999 -9999 -9999 -9999 9.07 8.74 8.65 8.44 7.89 7.83 7.47 7.03 7.90 7.44 7.53 8.20 7.69 8.02 8.15 8.42 6.73 7.74 9.49 8.67 9.62 9.59 8.07 8.01 8.16 7.03 7.02 6.99 6.88 6.82 6.87 7.33 8.04 6.42 7.06 6.92 6.85 6.72 6.72 6.84 7.07 6.47 6.55 6.32 6.61 6.90 7.33 6.76 7.43 6.93 6.46 6.29 6.07 5.78 5.78 6.09 5.64 7.10 6.94 7.53 7.21 7.67 8.04 8.49 5.62 5.66 5.42 5.43 5.75 6.50 7.48 7.68 -9999 -9999
-9999 -9999 -9999 -9999 -9999 8.06 8.05 8.19 8.52 8.83 8.09 7.62 6.93 7.27 8.48 8.08 7.80 7.42 8.04 8.06 8.01 7.92 7.37 7.59 7.19 9.17 8.21 6.64 8.94 8.59 7.42 9.31 7.99 8.37 8.90 8.32 7.87 8.23 7.15 6.49 6.86 6.74 6.33 6.56 6.63 6.97 6.38 6.66 7.25 7.67 7.43 7.38 7.52 7.49 7.61 7.50 7.12 6.51 6.25 6.49 6.88 7.09 7.38 7.51 7.70 -9999 -9999 7.40 7.80 7.53 7.07 6.28 8.58 6.92 -9999 -9999 -9999 -9999 -9999
-9999 -9999 -9999 -9999 9.88 8.32 8.26 7.72 8.62 8.80 9.58 8.15 8.30 7.87 8.56 8.17 7.74 7.60 7.88 7.85 7.71 7.75 7.90 8.20 8.55 8.48 7.09 9.16 9.63 7.47 6.86 7.48 7.29 8.24 8.22 7.32 7.10 6.89 6.76 7.42 7.17 7.19 6.85 6.84 7.15 7.74 7.54 7.26 7.26 7.32 7.50 -9999 -9999 8.26 8.85 8.89 8.45 8.04 7.69 7.79 -9999 -9999 -9999 -9999 -9999 -9999 -9999 -9999 -9999 -9999 7.61 7.99 9.37 8.14 -9999 -9999 -9999 -9999 -9999
-9999 -9999 -9999 10.82 9.39 8.04 8.54 7.65 7.69 7.72 8.02 7.64 9.95 10.42 9.37 8.90 8.98 9.45 8.51 7.96 7.83 8.27 8.35 10.38 10.88 10.30 9.71 10.84 8.44 8.35 8.16 8.61 9.10 7.65 6.63 7.10 6.42 6.59 6.50 6.70 6.66 7.85 8.70 8.68 8.38 8.32 8.56 7.93 -9999 6.93 7.52 7.36 7.78 8.39 -9999 -9999 -9999 -9999 8.93 -9999 -9999 -9999 -9999 -9999 -9999 -9999 -9999 -9999 -9999 -9999 -9999 -9999 -9999 -9999 -9999 -9999 -9999 -9999 -9999
-9999 -9999 11.76 10.80 10.23 9.01 7.66 7.42 7.24 6.57 6.79 8.08 11.96 13.03 9.16 8.57 11.11 8.91 10.30 8.27 8.01 10.45 9.44 9.19 9.35 9.61 -9999 -9999 -9999 -9999 -9999 8.59 9.64 9.16 7.68 7.47 7.07 6.58 6.65 6.57 7.08 8.09 -9999 -9999 -9999 -9999 -9999 8.99 9.07 8.12 7.26 7.10 8.70 8.57 -9999 -9999 -9999 -9999 -9999 -9999 -9999 -9999 -9999 -9999 -9999 -9999 -9999 -9999 -9999 -9999 -9999 -9999 -9999 -9999 -9999 -9999 -9999 -9999 -9999
-9999 8.16 8.98 10.25 10.19 8.89 8.54 8.03 6.46 7.27 7.68 9.63 11.49 12.54 11.48 10.70 9.41 10.60 9.14 9.35 8.95 10.59 10.38 -9999 -9999 -9999 -9999 -9999 -9999 -9999 -9999 -9999 8.58 8.90 7.89 8.89 9.59 9.85 8.02 9.68 9.49 9.99 -9999 -9999 -9999 -9999 -9999 -9999 -9999 8.03 8.33 7.15 7.87 -9999 -9999 -9999 -9999 -9999 -9999 -9999 -9999 -9999 -9999 -9999 -9999 -9999 -9999 -9999 -9999 -9999 -9999 -9999 -9999 -9999 -9999 -9999 -9999 -9999 -9999
9.48 7.87 8.21 9.38 10.53 10.60 9.06 7.37 7.20 7.92 8.11 8.97 11.00 9.68 10.03 10.13 11.31 6.99 9.16 11.98 10.02 -9999 -9999 -9999 -9999 -9999 -9999 -9999 -9999 -9999 -9999 -9999 -9999 -9999 9.30 -9999 -9999 -9999 -9999 8.70 10.71 11.06 -9999 -9999 -9999 -9999 -9999 -9999 -9999 -9999 8.24 9.83 8.56 -9999 -9999 -9999 -9999 -9999 -9999 -9999 -9999 -9999 -9999 -9999 -9999 -9999 -9999 -9999 -9999 -9999 -9999 -9999 -9999 -9999 -9999 -9999 -9999 -9999 -9999
8.44 6.91 7.91 9.43 9.80 10.39 9.34 8.34 9.01 6.64 5.93 7.40 9.78 9.75 8.43 7.71 9.54 7.66 7.56 8.98 -9999 -9999 -9999 -9999 -9999 -9999 -9999 -9999 -9999 -9999 -9999 -9999 -9999 -9999 10.29 -9999 -9999 -9999 -9999 -9999 -9999 -9999 -9999 -9999 -9999 -9999 -9999 -9999 -9999 -9999 -9999 -9999 -9999 -9999 -9999 -9999 -9999 -9999 -9999 -9999 -9999 -9999 -9999 -9999 -9999 -9999 -9999 -9999 -9999 -9999 -9999 -9999 -9999 -9999 -9999 -9999 -9999 -9999 -9999
8.85 6.91 7.99 8.46 8.47 9.05 8.58 8.27 9.06 6.01 5.75 6.84 8.60 11.98 12.33 7.00 7.65 7.71 8.50 10.73 -9999 -9999 -9999 -9999 -9999 -9999 -9999 -9999 -9999 -9999 -9999 -9999 -9999 -9999 -9999 -9999 -9999 -9999 -9999 -9999 -9999 -9999 -9999 -9999 -9999 -9999 -9999 -9999 -9999 -9999 -9999 -9999 -9999 -9999 -9999 -9999 -9999 -9999 -9999 -9999 -9999 -9999 -9999 -9999 -9999 -9999 -9999 -9999 -9999 -9999 -9999 -9999 -9999 -9999 -9999 -9999 -9999 -9999 -9999
10.13 8.86 8.77 8.33 8.89 8.22 7.87 7.61 6.47 6.64 6.16 6.11 8.45 10.21 9.96 8.43 6.77 7.21 10.08 9.50 -9999 -9999 -9999 -9999 -9999 -9999 -9999 -9999 -9999 -9999 -9999 -9999 -9999 -9999 -9999 -9999 -9999 -9999 -9999 -9999 -9999 -9999 -9999 -9999 -9999 -9999 -9999 -9999 -9999 -9999 -9999 -9999 -9999 -9999 -9999 -9999 -9999 -9999 -9999 -9999 -9999 -9999 -9999 -9999 -9999 -9999 -9999 -9999 -9999 -9999 -9999 -9999 -9999 -9999 -9999 -9999 -9999 -9999 -9999
10.97 10.06 9.74 8.34 8.77 8.23 9.99 9.04 7.49 7.12 7.72 6.42 6.85 7.64 7.58 7.16 7.19 8.04 9.10 9.62 -9999 -9999 -9999 -9999 -9999 -9999 -9999 -9999 -9999 -9999 -9999 -9999 -9999 -9999 -9999 -9999 -9999 -9999 -9999 -9999 -9999 -9999 -9999 -9999 -9999 -9999 -9999 -9999 -9999 -9999 -9999 -9999 -9999 -9999 -9999 -9999 -9999 -9999 -9999 -9999 -9999 -9999 -9999 -9999 -9999 -9999 -9999 -9999 -9999 -9999 -9999 -9999 -9999 -9999 -9999 -9999 -9999 -9999 -9999
9.05 9.22 8.56 9.48 10.84 10.42 8.89 8.85 8.75 8.74 7.78 8.22 7.44 6.51 6.67 7.77 8.76 9.26 9.00 10.10 -9999 -9999 -9999 -9999 -9999 -9999 -9999 -9999 -9999 -9999 -9999 -9999 -9999 -9999 -9999 -9999 -9999 -9999 -9999 -9999 -9999 -9999 -9999 -9999 -9999 -9999 -9999 -9999 -9999 -9999 -9999 -9999 -9999 -9999 -9999 -9999 -9999 -9999 -9999 -9999 -9999 -9999 -9999 -9999 -9999 -9999 -9999 -9999 -9999 -9999 -9999 -9999 -9999 -9999 -9999 -9999 -9999 -9999 -9999
9.31 9.70 -9999 -9999 -9999 -9999 -9999 -9999 -9999 -9999 -9999 9.07 9.62 8.38 7.67 7.21 8.31 9.16 9.13 -9999 -9999 -9999 -9999 -9999 -9999 -9999 -9999 -9999 -9999 -9999 -9999 -9999 -9999 -9999 -9999 -9999 -9999 -9999 -9999 -9999 -9999 -9999 -9999 -9999 -9999 -9999 -9999 -9999 -9999 -9999 -9999 -9999 -9999 -9999 -9999 -9999 -9999 -9999 -9999 -9999 -9999 -9999 -9999 -9999 -9999 -9999 -9999 -9999 -9999 -9999 -9999 -9999 -9999 -9999 -9999 -9999 -9999 -9999 -9999
9.77 10.44 -9999 -9999 -9999 -9999 -9999 -9999 -9999 -9999 -9999 -9999 -9999 -9999 8.36 7.80 8.08 8.68 -9999 -9999 -9999 -9999 -9999 -9999 -9999 -9999 -9999 -9999 -9999 -9999 -9999 -9999 -9999 -9999 -9999 -9999 -9999 -9999 -9999 -9999 -9999 -9999 -9999 -9999 -9999 -9999 -9999 -9999 -9999 -9999 -9999 -9999 -9999 -9999 -9999 -9999 -9999 -9999 -9999 -9999 -9999 -9999 -9999 -9999 -9999 -9999 -9999 -9999 -9999 -9999 -9999 -9999 -9999 -9999 -9999 -9999 -9999 -9999 -9999
-9999 -9999 -9999 -9999 -9999 -9999 -9999 -9999 -9999 -9999 -9999 -9999 -9999 -9999 9.42 10.54 11.11 10.71 -9999 -9999 -9999 -9999 -9999 -9999 -9999 -9999 -9999 -9999 -9999 -9999 -9999 -9999 -9999 -9999 -9999 -9999 -9999 -9999 -9999 -9999 -9999 -9999 -9999 -9999 -9999 -9999 -9999 -9999 -9999 -9999 -9999 -9999 -9999 -9999 -9999 -9999 -9999 -9999 -9999 -9999 -9999 -9999 -9999 -9999 -9999 -9999 -9999 -9999 -9999 -9999 -9999 -9999 -9999 -9999 -9999 -9999 -9999 -9999 -9999
-9999 -9999 -9999 -9999 -9999 -9999 -9999 -9999 -9999 -9999 -9999 -9999 -9999 -9999 -9999 -9999 -9999 -9999 -9999 -9999 -9999 -9999 -9999 -9999 -9999 -9999 -9999 -9999 -9999 -9999 -9999 -9999 -9999 -9999 -9999 -9999 -9999 -9999 -9999 -9999 -9999 -9999 -9999 -9999 -9999 -9999 -9999 -9999 -9999 -9999 -9999 -9999 -9999 -9999 -9999 -9999 -9999 -9999 -9999 -9999 -9999 -9999 -9999 -9999 -9999 -9999 -9999 -9999 -9999 -9999 -9999 -9999 -9999 -9999 -9999 -9999 -9999 -9999 -9999
-9999 -9999 -9999 -9999 -9999 -9999 -9999 -9999 -9999 -9999 -9999 -9999 -9999 -9999 -9999 -9999 -9999 -9999 -9999 -9999 -9999 -9999 -9999 -9999 -9999 -9999 -9999 -9999 -9999 -9999 -9999 -9999 -9999 -9999 -9999 -9999 -9999 -9999 -9999 -9999 -9999 -9999 -9999 -9999 -9999 -9999 -9999 -9999 -9999 -9999 -9999 -9999 -9999 -9999 -9999 -9999 -9999 -9999 -9999 -9999 -9999 -9999 -9999 -9999 -9999 -9999 -9999 -9999 -9999 -9999 -9999 -9999 -9999 -9999 -9999 -9999 -9999 -9999 -9999
