ML/MeanWindSpeed_2000-04_Actual.txt
ncols         180
nrows         290
xllcorner     -200000
yllcorner     -200000
cellsize      5000
NODATA_value  -9999
[rows 140 to 174 of 290, columns 79 to 157 of 180]
-9999 -9999 11.51 -9999 -9999 -9999 10.47 10.66 9.73 9.70 10.47 -9999 -9999 10.84 9.65 11.53 12.36 -9999 -9999 -9999 -9999 -9999 9.46 8.35 6.42 6.12 5.38 5.61 5.60 6.07 5.94 4.23 6.31 8.33 8.60 6.46 7.78 8.60 9.19 7.72 8.68 9.26 8.69 7.45 7.78 8.21 6.31 6.98 8.67 9.74 -9999 -9999 -9999 -9999 -9999 -9999 -9999 -9999 -9999 -9999 -9999 -9999 -9999 -9999 -9999 -9999 -9999 -9999 -9999 -9999 -9999 -9999 -9999 -9999 -9999 -9999 -9999 -9999 -9999
-9999 -9999 11.47 11.31 -9999 -9999 -9999 10.51 11.05 10.85 11.15 -9999 -9999 -9999 -9999 11.44 -9999 -9999 -9999 -9999 -9999 -9999 8.50 7.62 6.70 6.92 6.99 6.77 6.38 6.61 6.21 5.18 5.41 7.96 8.23 5.16 9.27 9.15 10.21 7.95 8.41 10.13 8.84 8.11 8.00 6.89 5.91 6.96 8.61 9.58 -9999 -9999 -9999 -9999 -9999 -9999 -9999 -9999 -9999 -9999 -9999 -9999 -9999 -9999 -9999 -9999 -9999 -9999 -9999 -9999 -9999 -9999 -9999 -9999 -9999 -9999 -9999 -9999 -9999
-9999 -9999 -9999 12.36 -9999 -9999 -9999 -9999 10.90 11.70 11.51 -9999 -9999 -9999 -9999 -9999 -9999 -9999 -9999 -9999 -9999 9.18 8.19 8.04 7.55 7.58 8.62 8.31 7.76 7.69 7.23 6.49 5.00 6.17 10.39 9.88 9.42 9.43 7.96 7.58 8.16 7.29 6.39 8.51 8.90 6.65 6.27 7.37 8.57 9.52 10.16 -9999 -9999 -9999 -9999 -9999 -9999 -9999 -9999 -9999 -9999 -9999 -9999 -9999 -9999 -9999 -9999 -9999 -9999 -9999 -9999 -9999 -9999 -9999 -9999 -9999 -9999 -9999 -9999
-9999 -9999 -9999 13.19 -9999 -9999 -9999 -9999 -9999 -9999 -9999 -9999 -9999 -9999 -9999 -9999 -9999 -9999 -9999 -9999 -9999 9.04 7.65 6.75 5.55 5.41 11.43 9.26 8.18 9.55 7.45 7.93 4.24 4.33 8.92 11.67 8.73 7.26 10.60 12.56 11.85 10.33 9.55 7.00 7.55 7.40 8.09 7.79 8.21 9.43 10.06 10.37 -9999 -9999 -9999 -9999 -9999 -9999 -9999 -9999 -9999 -9999 -9999 -9999 -9999 -9999 -9999 -9999 -9999 -9999 -9999 -9999 -9999 -9999 -9999 -9999 -9999 -9999 -9999
-9999 -9999 -9999 -9999 -9999 -9999 -9999 -9999 -9999 -9999 -9999 -9999 -9999 -9999 -9999 -9999 -9999 -9999 -9999 -9999 9.34 8.31 6.84 6.06 8.18 5.16 14.71 13.50 7.75 8.34 7.31 6.78 6.46 3.97 5.20 12.00 11.31 9.62 8.51 8.06 10.26 10.35 9.83 8.58 7.91 7.82 7.67 7.75 8.55 8.61 8.73 9.32 -9999 -9999 -9999 -9999 -9999 -9999 -9999 -9999 -9999 -9999 -9999 -9999 -9999 -9999 -9999 -9999 -9999 -9999 -9999 -9999 -9999 -9999 -9999 -9999 -9999 -9999 -9999
-9999 -9999 -9999 -9999 -9999 -9999 -9999 -9999 -9999 -9999 -9999 -9999 -9999 -9999 -9999 -9999 -9999 -9999 -9999 -9999 8.34 8.37 5.77 7.37 13.39 7.77 5.63 9.92 10.14 7.99 7.31 7.03 6.62 5.14 4.72 6.33 12.83 10.85 9.86 8.42 8.63 9.07 8.08 8.07 8.21 8.97 7.98 8.67 8.19 8.22 7.86 8.10 8.57 8.98 9.31 -9999 -9999 -9999 -9999 -9999 -9999 -9999 -9999 -9999 -9999 -9999 -9999 -9999 -9999 -9999 -9999 -9999 -9999 -9999 -9999 -9999 -9999 -9999 -9999
-9999 -9999 -9999 -9999 -9999 -9999 -9999 -9999 -9999 -9999 -9999 -9999 -9999 -9999 -9999 -9999 -9999 -9999 -9999 -9999 8.22 7.51 6.71 9.48 6.82 6.26 7.59 11.29 8.31 6.85 9.29 5.60 7.63 6.52 5.66 5.38 7.69 9.14 9.03 8.75 8.64 7.42 7.79 7.67 7.58 7.62 8.00 8.00 8.14 7.52 7.15 7.07 9.19 8.04 9.16 10.26 10.54 -9999 -9999 -9999 -9999 -9999 -9999 -9999 -9999 -9999 -9999 -9999 -9999 -9999 -9999 -9999 -9999 -9999 -9999 -9999 -9999 -9999 -9999
-9999 -9999 -9999 -9999 -9999 -9999 -9999 -9999 -9999 -9999 -9999 -9999 -9999 -9999 -9999 -9999 -9999 -9999 -9999 -9999 8.23 7.28 7.80 11.86 12.85 9.22 6.57 8.10 8.52 10.26 6.65 9.19 7.91 7.22 7.02 6.22 4.65 5.17 8.73 8.62 8.39 8.20 7.79 7.73 8.04 8.18 7.87 8.04 7.76 7.16 7.05 6.66 7.16 9.16 9.07 9.61 11.11 11.47 10.29 -9999 -9999 -9999 -9999 -9999 -9999 -9999 -9999 -9999 -9999 -9999 -9999 -9999 -9999 -9999 -9999 -9999 -9999 -9999 -9999
-9999 -9999 -9999 -9999 -9999 -9999 -9999 -9999 -9999 -9999 -9999 -9999 -9999 -9999 -9999 -9999 -9999 -9999 -9999 -9999 8.80 7.32 8.49 9.27 6.15 15.39 12.88 7.63 9.23 7.34 10.43 11.03 7.99 6.54 6.61 6.06 4.18 9.85 9.11 9.19 9.99 10.65 10.34 8.16 9.23 8.48 8.22 8.13 7.87 7.50 6.78 5.88 6.47 8.57 8.11 8.13 9.02 10.41 9.53 11.87 -9999 -9999 -9999 -9999 -9999 -9999 -9999 -9999 -9999 -9999 -9999 -9999 -9999 -9999 -9999 -9999 -9999 -9999 -9999
-9999 -9999 -9999 -9999 -9999 -9999 -9999 -9999 10.37 10.76 11.56 -9999 -9999 -9999 -9999 -9999 -9999 -9999 -9999 -9999 -9999 8.61 7.30 5.65 7.33 9.87 12.45 7.79 5.65 9.39 9.03 8.14 6.78 7.96 7.52 5.66 5.94 8.18 8.71 11.78 11.14 9.77 9.72 10.45 9.45 8.65 8.36 8.07 7.85 7.06 6.18 9.09 8.51 11.08 11.85 11.30 10.49 8.67 11.06 11.76 11.21 -9999 -9999 -9999 -9999 -9999 -9999 -9999 -9999 -9999 -9999 -9999 -9999 -9999 -9999 -9999 -9999 -9999 -9999
-9999 -9999 -9999 -9999 -9999 -9999 -9999 -9999 8.52 9.02 -9999 -9999 -9999 -9999 -9999 -9999 -9999 -9999 -9999 -9999 -9999 -9999 7.26 4.86 8.06 9.31 15.22 9.05 9.05 8.58 6.92 5.92 5.75 5.24 10.74 5.80 6.43 10.33 8.84 7.10 7.04 10.74 8.09 10.55 9.27 8.48 8.08 7.89 7.26 7.36 8.79 9.41 9.03 8.99 8.96 10.12 10.91 10.60 10.94 11.07 12.86 -9999 -9999 -9999 -9999 -9999 -9999 -9999 -9999 -9999 -9999 -9999 -9999 -9999 -9999 -9999 -9999 -9999 -9999
-9999 -9999 -9999 -9999 -9999 -9999 -9999 7.96 10.10 10.35 10.49 -9999 -9999 -9999 -9999 -9999 -9999 -9999 -9999 -9999 -9999 -9999 7.42 8.68 9.37 10.04 8.43 9.61 8.06 7.72 6.85 6.17 7.15 5.58 3.86 10.37 7.27 6.76 9.59 8.42 10.87 8.98 9.46 8.70 8.75 8.49 8.42 7.77 7.11 7.99 9.01 8.26 9.14 10.22 10.11 10.64 10.46 10.77 11.14 10.26 12.60 11.74 -9999 -9999 -9999 -9999 -9999 -9999 -9999 -9999 -9999 -9999 -9999 -9999 -9999 -9999 -9999 -9999 -9999
-9999 -9999 -9999 -9999 -9999 -9999 6.97 10.12 11.88 14.74 10.39 -9999 -9999 -9999 -9999 -9999 -9999 -9999 -9999 -9999 -9999 -9999 8.59 12.04 9.87 6.91 8.15 7.88 8.40 7.01 6.21 6.59 7.13 5.13 9.17 6.70 9.43 7.31 10.91 7.04 8.19 6.96 8.96 8.09 8.58 8.88 8.10 7.96 7.33 7.47 9.96 10.29 10.03 9.40 9.73 9.61 9.63 9.97 11.36 11.43 11.10 11.65 -9999 -9999 -9999 -9999 -9999 -9999 -9999 -9999 -9999 -9999 -9999 -9999 -9999 -9999 -9999 -9999 -9999
-9999 -9999 -9999 -9999 -9999 8.74 7.88 13.30 11.61 11.46 -9999 -9999 -9999 -9999 -9999 -9999 -9999 -9999 -9999 -9999 -9999 -9999 -9999 9.12 7.50 7.13 8.90 7.24 8.96 7.41 6.68 6.21 6.20 4.95 9.38 8.95 9.75 9.21 9.90 10.17 10.19 9.21 9.27 9.77 9.49 8.28 8.21 8.24 8.00 7.74 8.32 11.78 10.82 8.96 8.65 8.83 8.71 8.88 8.97 9.08 8.88 9.64 10.89 11.51 -9999 -9999 -9999 -9999 -9999 -9999 -9999 -9999 -9999 -9999 -9999 -9999 -9999 -9999 -9999
-9999 -9999 -9999 -9999 -9999 10.93 12.10 9.57 10.21 10.65 -9999 -9999 -9999 -9999 -9999 -9999 -9999 -9999 -9999 -9999 -9999 -9999 -9999 -9999 8.11 8.56 8.11 7.54 8.55 7.90 7.64 7.00 6.90 4.90 9.46 8.68 7.92 9.55 8.37 7.96 11.50 11.46 8.88 10.59 9.90 9.59 8.34 8.25 8.41 8.08 8.04 8.84 9.18 8.67 8.64 8.63 8.63 8.34 8.20 8.22 8.35 10.60 10.98 10.90 -9999 -9999 -9999 -9999 -9999 -9999 -9999 -9999 -9999 -9999 -9999 -9999 -9999 -9999 -9999
-9999 -9999 -9999 -9999 -9999 11.75 10.75 11.25 10.63 -9999 -9999 -9999 -9999 -9999 -9999 -9999 -9999 -9999 -9999 -9999 -9999 -9999 -9999 -9999 9.03 9.11 8.79 -9999 8.76 -9999 8.00 6.97 5.88 4.67 4.89 8.83 8.23 8.78 11.28 6.07 7.21 11.70 10.18 9.94 10.11 9.34 8.39 8.08 7.84 7.69 7.91 8.23 8.93 9.68 8.84 9.22 8.23 7.48 8.29 9.33 9.12 8.78 8.95 10.49 12.09 12.71 -9999 -9999 -9999 -9999 -9999 -9999 -9999 -9999 -9999 -9999 -9999 -9999 -9999
-9999 -9999 -9999 -9999 11.74 10.98 10.71 -9999 -9999 -9999 -9999 -9999 -9999 -9999 -9999 -9999 -9999 -9999 -9999 -9999 -9999 -9999 -9999 -9999 9.95 9.32 8.75 -9999 -9999 -9999 7.77 7.78 4.98 5.44 6.65 5.75 5.60 7.41 10.82 10.58 6.55 10.07 11.47 9.31 10.56 9.84 8.97 7.62 7.74 7.67 7.89 8.13 8.38 8.64 8.55 8.69 7.49 7.71 8.66 9.53 9.98 9.96 9.42 9.56 10.65 11.82 -9999 -9999 -9999 -9999 -9999 -9999 -9999 -9999 -9999 -9999 -9999 -9999 -9999
-9999 -9999 -9999 -9999 -9999 -9999 -9999 -9999 -9999 -9999 -9999 -9999 -9999 -9999 -9999 -9999 -9999 -9999 -9999 -9999 -9999 -9999 -9999 -9999 -9999 -9999 -9999 -9999 -9999 8.43 6.67 6.09 6.92 7.66 8.63 8.65 7.40 8.08 10.39 10.12 8.43 7.00 9.76 10.85 9.75 9.11 8.49 8.01 7.99 8.24 7.98 7.98 8.10 8.11 7.90 7.34 7.99 9.95 8.80 9.51 9.12 9.31 8.77 9.48 10.47 -9999 -9999 -9999 -9999 -9999 -9999 -9999 -9999 -9999 -9999 -9999 -9999 -9999 -9999
-9999 -9999 -9999 -9999 -9999 -9999 -9999 -9999 -9999 -9999 -9999 -9999 -9999 -9999 -9999 -9999 -9999 -9999 -9999 -9999 -9999 -9999 -9999 -9999 -9999 -9999 -9999 -9999 -9999 7.89 6.37 6.87 8.49 10.78 10.21 8.08 9.03 7.20 7.58 7.03 8.31 8.75 9.63 9.94 9.85 9.02 8.73 8.47 8.01 8.25 7.87 7.86 7.93 8.02 7.81 7.16 7.66 10.70 10.09 8.81 8.63 8.55 8.50 9.32 10.60 -9999 -9999 -9999 -9999 -9999 -9999 -9999 -9999 -9999 -9999 -9999 -9999 -9999 -9999
-9999 -9999 -9999 -9999 -9999 -9999 -9999 -9999 -9999 -9999 -9999 -9999 -9999 -9999 -9999 -9999 -9999 -9999 -9999 -9999 -9999 -9999 -9999 -9999 -9999 -9999 -9999 -9999 -9999 7.40 6.05 6.20 8.53 9.53 9.34 8.83 8.24 7.46 7.99 6.94 6.82 7.59 6.62 9.80 8.88 9.76 8.88 8.68 7.80 7.69 7.79 7.76 7.83 7.87 7.83 7.50 7.40 9.12 9.72 8.90 8.41 8.43 8.36 9.12 10.34 -9999 -9999 -9999 -9999 -9999 -9999 -9999 -9999 -9999 -9999 -9999 -9999 -9999 -9999
-9999 -9999 -9999 -9999 -9999 -9999 -9999 -9999 -9999 -9999 -9999 -9999 -9999 -9999 -9999 -9999 -9999 -9999 -9999 -9999 -9999 -9999 -9999 -9999 -9999 -9999 -9999 9.69 8.48 6.92 5.86 8.01 9.60 11.76 9.35 10.41 6.56 7.27 7.24 7.78 8.13 8.11 9.89 7.56 7.87 7.94 7.95 7.62 8.20 7.52 7.52 7.82 7.66 7.74 7.89 7.72 7.64 8.01 9.33 8.71 8.15 8.17 8.25 8.76 9.93 11.07 -9999 -9999 -9999 -9999 -9999 -9999 -9999 -9999 -9999 -9999 -9999 -9999 -9999
-9999 -9999 -9999 -9999 -9999 -9999 -9999 -9999 -9999 -9999 -9999 -9999 -9999 -9999 -9999 -9999 -9999 -9999 -9999 -9999 -9999 -9999 -9999 -9999 -9999 -9999 -9999 9.18 7.92 7.01 6.48 6.92 9.35 7.83 7.38 6.00 7.20 9.26 7.20 8.25 7.85 8.86 6.62 9.76 8.29 9.24 9.04 9.07 8.12 7.75 7.53 7.52 7.55 7.71 7.82 7.89 7.73 7.69 8.20 8.95 8.37 8.13 8.26 8.53 9.49 10.67 -9999 -9999 -9999 -9999 -9999 -9999 -9999 -9999 -9999 -9999 -9999 -9999 -9999
-9999 -9999 -9999 -9999 -9999 -9999 -9999 -9999 -9999 -9999 -9999 -9999 -9999 -9999 -9999 -9999 -9999 -9999 -9999 -9999 -9999 -9999 -9999 -9999 -9999 -9999 -9999 9.19 7.87 7.35 6.98 7.25 7.83 7.92 6.83 6.03 6.98 6.91 6.30 7.81 9.81 8.19 7.99 7.17 8.60 7.38 7.85 8.41 8.70 8.01 7.79 7.51 7.52 7.70 7.84 7.94 7.88 7.64 7.87 8.82 9.27 8.50 8.25 8.53 9.09 9.94 10.97 -9999 -9999 -9999 -9999 -9999 -9999 -9999 -9999 -9999 -9999 -9999 -9999
-9999 -9999 -9999 -9999 -9999 -9999 -9999 -9999 -9999 -9999 -9999 -9999 -9999 -9999 -9999 -9999 -9999 -9999 -9999 -9999 -9999 -9999 -9999 -9999 -9999 -9999 -9999 8.99 7.99 7.64 7.56 7.36 7.11 6.70 6.97 7.54 5.75 5.57 6.23 9.67 9.83 10.77 9.95 8.64 8.57 8.94 7.85 7.41 8.22 8.50 7.74 7.50 7.60 7.63 7.84 8.03 8.12 7.88 7.83 9.17 10.03 9.12 8.82 8.99 9.00 9.30 10.28 11.24 -9999 -9999 -9999 -9999 -9999 -9999 -9999 -9999 -9999 -9999 -9999
-9999 -9999 -9999 -9999 -9999 -9999 -9999 -9999 -9999 -9999 -9999 -9999 -9999 -9999 -9999 -9999 -9999 -9999 -9999 -9999 -9999 -9999 -9999 -9999 -9999 -9999 -9999 9.02 7.87 7.56 7.34 6.94 6.41 6.46 5.84 6.66 7.18 8.44 9.53 10.42 8.39 9.75 8.92 8.98 8.00 8.98 8.61 8.06 7.56 7.43 7.55 7.48 7.65 7.80 8.01 8.17 8.35 8.38 8.33 8.76 9.56 9.27 9.04 9.26 9.40 9.34 9.52 10.60 -9999 -9999 -9999 -9999 -9999 -9999 -9999 -9999 -9999 -9999 -9999
-9999 -9999 -9999 -9999 -9999 -9999 -9999 -9999 -9999 -9999 -9999 -9999 -9999 -9999 -9999 -9999 -9999 -9999 -9999 -9999 -9999 -9999 -9999 -9999 -9999 -9999 -9999 -9999 7.88 7.55 7.09 6.35 6.48 7.57 7.56 8.23 7.46 7.43 9.05 9.03 9.87 9.23 7.97 7.07 7.51 7.45 8.45 7.89 7.67 8.10 7.91 7.55 7.86 7.92 8.13 8.22 8.35 8.56 8.66 8.84 8.90 9.03 9.18 9.48 -9999 9.67 9.98 10.65 11.79 -9999 -9999 -9999 -9999 -9999 -9999 -9999 -9999 -9999 -9999
-9999 -9999 -9999 -9999 -9999 -9999 -9999 -9999 -9999 -9999 -9999 -9999 -9999 -9999 -9999 -9999 -9999 -9999 -9999 -9999 -9999 -9999 -9999 -9999 -9999 -9999 -9999 8.84 7.76 7.34 6.68 5.98 5.98 8.98 9.52 8.18 10.23 10.01 8.48 8.11 10.93 9.44 9.57 7.87 6.71 8.29 7.53 7.21 7.77 7.96 7.71 7.90 7.88 8.00 8.13 8.32 8.24 8.33 9.36 8.81 8.51 9.54 9.04 9.17 9.37 -9999 10.38 11.00 11.93 12.65 -9999 -9999 -9999 -9999 -9999 -9999 -9999 -9999 -9999
-9999 -9999 -9999 -9999 -9999 -9999 -9999 -9999 -9999 -9999 -9999 -9999 -9999 -9999 -9999 -9999 -9999 -9999 -9999 -9999 -9999 -9999 -9999 -9999 -9999 -9999 -9999 8.59 7.52 7.13 6.64 7.45 6.85 8.02 10.31 8.21 8.52 8.74 7.10 6.80 9.32 8.68 8.43 6.29 7.85 8.85 7.50 8.36 7.94 8.46 8.33 8.08 7.94 8.04 8.14 8.22 8.10 8.06 8.27 8.55 7.97 8.33 8.82 8.44 9.08 9.61 -9999 -9999 -9999 -9999 -9999 -9999 -9999 -9999 -9999 -9999 -9999 -9999 -9999
-9999 -9999 -9999 -9999 -9999 -9999 -9999 -9999 -9999 -9999 -9999 -9999 -9999 -9999 -9999 -9999 -9999 -9999 -9999 -9999 -9999 -9999 -9999 -9999 -9999 -9999 9.60 8.00 7.23 7.68 7.38 7.48 7.30 8.35 8.77 8.42 8.18 7.74 7.28 7.10 8.69 10.29 9.99 6.85 8.93 8.85 7.54 8.01 7.52 8.13 8.40 7.98 7.84 8.15 8.17 8.18 8.22 8.04 8.19 8.29 8.16 8.10 9.09 8.60 8.61 8.97 9.95 11.00 -9999 -9999 -9999 -9999 -9999 -9999 -9999 -9999 -9999 -9999 -9999
-9999 -9999 -9999 -9999 -9999 -9999 -9999 -9999 -9999 -9999 -9999 -9999 -9999 -9999 -9999 -9999 -9999 -9999 -9999 -9999 -9999 -9999 -9999 -9999 -9999 -9999 -9999 8.05 7.19 7.16 7.55 9.00 7.71 7.74 7.89 8.22 8.38 7.85 7.32 6.70 6.52 8.98 9.39 10.13 8.63 9.14 8.84 8.43 8.85 7.50 7.58 8.22 7.86 8.04 8.04 8.06 8.21 8.07 8.12 8.37 8.10 7.79 7.92 9.53 8.76 8.57 8.98 9.83 10.79 11.77 -9999 -9999 -9999 -9999 -9999 -9999 -9999 -9999 -9999
-9999 -9999 -9999 -9999 -9999 -9999 -9999 -9999 -9999 -9999 -9999 -9999 -9999 -9999 -9999 -9999 -9999 -9999 -9999 -9999 -9999 -9999 -9999 -9999 -9999 -9999 -9999 7.94 7.48 7.23 7.50 7.84 8.05 7.96 7.73 7.89 7.62 7.35 7.14 6.84 6.79 5.95 8.96 10.89 11.71 10.14 9.23 9.13 8.26 8.40 7.77 8.56 7.98 8.12 8.04 8.03 8.06 8.05 8.28 8.35 8.10 7.68 8.01 9.49 9.03 9.20 8.55 8.86 9.73 10.81 -9999 -9999 -9999 -9999 -9999 -9999 -9999 -9999 -9999
-9999 -9999 -9999 -9999 -9999 -9999 -9999 11.40 10.74 11.08 11.92 -9999 -9999 -9999 -9999 -9999 -9999 -9999 -9999 -9999 -9999 -9999 -9999 -9999 -9999 -9999 8.15 7.44 7.78 7.47 8.21 8.01 7.65 7.61 7.74 7.70 7.67 7.41 7.15 6.67 5.92 7.91 9.67 9.84 8.79 11.01 10.36 8.35 8.33 7.04 9.02 9.03 8.15 8.15 8.04 8.00 8.01 8.04 8.19 8.51 8.29 7.78 7.79 8.19 9.45 9.38 9.72 8.63 8.78 9.90 11.10 -9999 -9999 -9999 -9999 -9999 -9999 -9999 -9999
-9999 -9999 -9999 -9999 -9999 -9999 -9999 10.83 10.12 10.11 10.58 -9999 -9999 -9999 -9999 -9999 -9999 -9999 -9999 -9999 -9999 -9999 -9999 -9999 -9999 8.10 7.94 7.39 7.71 8.53 7.78 7.78 7.30 7.45 7.71 7.63 7.73 7.65 6.86 6.05 5.35 6.61 11.04 11.15 8.54 10.11 9.73 9.60 7.66 7.09 8.37 8.85 8.34 7.78 7.80 7.92 8.22 8.15 8.12 8.31 8.51 8.09 7.99 8.05 9.31 9.41 9.37 8.72 8.76 9.25 10.54 -9999 -9999 -9999 -9999 -9999 -9999 -9999 -9999
-9999 -9999 -9999 -9999 -9999 13.25 10.88 9.63 9.72 9.63 10.39 10.21 11.14 11.57 -9999 -9999 10.75 8.97 -9999 -9999 -9999 7.37 8.32 7.65 -9999 6.48 8.09 7.62 7.40 7.81 7.46 7.57 7.71 8.36 8.20 8.22 7.55 7.58 6.76 6.37 8.03 6.03 8.10 10.15 6.81 8.48 11.74 8.04 9.36 7.84 8.26 8.45 8.13 7.93 7.94 8.00 8.23 7.99 8.11 8.15 8.64 8.12 8.03 8.15 8.53 9.08 9.78 9.52 8.84 8.84 9.96 11.32 -9999 -9999 -9999 -9999 -9999 -9999 -9999
-9999 -9999 -9999 -9999 -9999 -9999 11.25 10.09 9.56 9.22 9.41 10.27 11.15 8.86 -9999 7.60 8.89 9.00 7.49 7.93 5.47 5.03 8.32 8.28 7.23 -9999 6.40 7.71 7.70 7.17 7.21 7.71 7.38 7.57 7.74 7.67 7.71 7.24 6.97 6.42 8.32 8.51 8.59 9.16 8.70 10.44 10.54 9.16 7.76 7.42 8.63 8.69 7.81 8.15 7.86 8.24 8.38 8.06 8.03 8.07 8.67 8.19 8.15 8.25 8.20 8.82 9.39 9.93 9.45 9.03 9.56 10.84 -9999 -9999 -9999 -9999 -9999 -9999 -9999
