ML/MeanWindSpeed_1995-11_Actual.txt
ncols         180
nrows         290
xllcorner     -200000
yllcorner     -200000
cellsize      5000
NODATA_value  -9999
[rows 105 to 139 of 290, columns 78 to 155 of 180]
11.63 15.55 9.56 5.45 9.76 16.54 15.97 13.12 10.99 12.34 18.20 11.07 15.03 7.95 10.94 15.87 9.03 5.18 5.98 8.93 7.51 6.91 8.36 8.88 6.79 8.21 7.34 7.37 10.61 9.28 9.32 9.12 -9999 -9999 -9999 -9999 -9999 -9999 -9999 -9999 -9999 -9999 -9999 -9999 -9999 -9999 -9999 -9999 -9999 -9999 -9999 -9999 -9999 -9999 -9999 -9999 -9999 -9999 -9999 -9999 -9999 -9999 -9999 -9999 -9999 -9999 -9999 -9999 -9999 -9999 -9999 -9999 -9999 -9999 -9999 -9999 -9999 -9999
13.83 10.99 12.60 18.38 17.38 20.52 9.99 15.74 6.90 18.73 8.06 21.35 9.98 14.04 23.15 13.12 8.80 11.99 10.49 6.72 6.44 5.52 5.49 7.69 6.49 5.92 8.07 9.05 8.80 8.62 6.82 8.56 9.78 -9999 -9999 -9999 -9999 -9999 -9999 -9999 -9999 -9999 -9999 -9999 -9999 -9999 -9999 -9999 -9999 -9999 -9999 -9999 -9999 -9999 -9999 -9999 -9999 -9999 -9999 -9999 -9999 -9999 -9999 -9999 -9999 -9999 -9999 -9999 -9999 -9999 -9999 -9999 -9999 -9999 -9999 -9999 -9999 -9999
14.08 6.52 16.43 12.40 6.84 12.92 17.75 16.80 6.18 18.05 14.98 16.27 11.55 18.07 14.43 16.11 20.47 14.93 12.19 9.57 7.88 8.51 10.68 11.49 13.29 11.89 9.34 7.73 7.03 10.32 8.33 11.33 11.18 12.59 -9999 -9999 -9999 -9999 -9999 -9999 -9999 -9999 -9999 -9999 -9999 -9999 -9999 -9999 -9999 -9999 -9999 -9999 -9999 -9999 -9999 -9999 -9999 -9999 -9999 -9999 -9999 -9999 -9999 -9999 -9999 -9999 -9999 -9999 -9999 -9999 -9999 -9999 -9999 -9999 -9999 -9999 -9999 -9999
9.94 14.57 15.09 10.86 6.19 14.97 16.89 22.28 8.58 17.01 12.89 14.07 13.10 14.41 7.42 10.02 12.11 11.78 8.39 10.78 13.93 18.46 16.55 14.43 11.57 10.40 12.30 7.19 9.38 11.19 11.77 12.10 12.21 12.79 12.93 -9999 -9999 -9999 -9999 -9999 -9999 -9999 -9999 -9999 -9999 -9999 -9999 -9999 -9999 -9999 -9999 -9999 -9999 -9999 -9999 -9999 -9999 -9999 -9999 -9999 -9999 -9999 -9999 -9999 -9999 -9999 -9999 -9999 -9999 -9999 -9999 -9999 -9999 -9999 -9999 -9999 -9999 -9999
15.59 18.97 8.51 5.83 12.67 20.90 14.13 4.99 9.78 28.25 11.10 10.04 11.95 11.92 8.69 7.58 6.04 7.75 13.55 21.01 19.39 15.42 12.99 9.38 8.78 9.36 11.45 9.45 10.78 10.24 9.59 10.62 11.25 11.87 -9999 -9999 -9999 -9999 -9999 -9999 -9999 -9999 -9999 -9999 -9999 -9999 -9999 -9999 -9999 -9999 -9999 -9999 -9999 -9999 -9999 -9999 -9999 -9999 -9999 -9999 -9999 -9999 -9999 -9999 -9999 -9999 -9999 -9999 -9999 -9999 -9999 -9999 -9999 -9999 -9999 -9999 -9999 -9999
12.38 11.04 10.03 18.40 8.65 17.22 17.90 17.63 12.44 9.65 22.56 11.88 8.63 6.53 6.19 5.40 5.16 5.99 12.18 9.19 7.84 6.67 8.83 11.64 9.89 9.99 9.18 9.64 11.76 11.33 -9999 -9999 -9999 -9999 -9999 -9999 -9999 -9999 -9999 -9999 -9999 -9999 -9999 -9999 -9999 -9999 -9999 -9999 -9999 -9999 -9999 -9999 -9999 -9999 -9999 -9999 -9999 -9999 -9999 -9999 -9999 -9999 -9999 -9999 -9999 -9999 -9999 -9999 -9999 -9999 -9999 -9999 -9999 -9999 -9999 -9999 -9999 -9999
11.39 7.23 17.25 17.06 19.21 21.20 8.67 18.05 18.48 8.59 13.29 14.30 9.78 9.25 10.31 11.72 13.46 8.14 7.00 6.48 7.26 8.79 10.06 11.78 10.72 10.50 11.52 11.46 -9999 -9999 -9999 -9999 -9999 -9999 -9999 -9999 -9999 -9999 -9999 -9999 -9999 -9999 -9999 -9999 -9999 -9999 -9999 -9999 -9999 -9999 -9999 -9999 -9999 -9999 -9999 -9999 -9999 -9999 -9999 -9999 -9999 -9999 -9999 -9999 -9999 -9999 -9999 -9999 -9999 -9999 -9999 -9999 -9999 -9999 -9999 -9999 -9999 -9999
9.34 17.68 12.34 17.54 20.08 17.08 14.29 18.98 18.95 9.52 8.78 7.61 8.49 10.12 11.16 15.24 16.80 12.07 9.22 7.15 7.12 9.35 8.94 9.70 10.61 13.48 14.97 12.81 -9999 -9999 -9999 -9999 -9999 -9999 -9999 -9999 -9999 -9999 -9999 -9999 -9999 -9999 -9999 -9999 -9999 -9999 -9999 -9999 -9999 -9999 -9999 -9999 -9999 -9999 -9999 -9999 -9999 -9999 -9999 -9999 -9999 -9999 -9999 -9999 -9999 -9999 -9999 -9999 -9999 -9999 -9999 -9999 -9999 -9999 -9999 -9999 -9999 -9999
12.27 17.36 12.46 16.86 16.11 18.98 11.74 9.66 12.20 12.12 11.28 11.41 8.33 20.61 20.00 17.12 16.72 11.70 7.53 7.46 7.29 7.44 7.22 7.57 9.48 9.28 -9999 -9999 -9999 -9999 -9999 11.99 10.38 10.52 9.74 -9999 -9999 -9999 -9999 -9999 -9999 -9999 -9999 -9999 -9999 -9999 -9999 -9999 -9999 -9999 -9999 -9999 -9999 -9999 -9999 -9999 -9999 -9999 -9999 -9999 -9999 -9999 -9999 -9999 -9999 -9999 -9999 -9999 -9999 -9999 -9999 -9999 -9999 -9999 -9999 -9999 -9999 -9999
12.97 19.59 12.54 8.77 22.71 11.34 11.06 9.45 8.89 11.67 13.96 17.78 12.63 12.17 9.78 9.44 8.47 9.20 9.46 10.01 9.72 8.54 9.09 9.71 9.15 8.69 9.62 11.28 -9999 -9999 9.80 8.91 8.31 6.59 7.00 8.18 9.44 -9999 -9999 -9999 -9999 -9999 -9999 -9999 -9999 -9999 -9999 -9999 -9999 -9999 -9999 -9999 -9999 -9999 -9999 -9999 -9999 -9999 -9999 -9999 -9999 -9999 -9999 -9999 -9999 -9999 -9999 -9999 -9999 -9999 -9999 -9999 -9999 -9999 -9999 -9999 -9999 -9999
16.05 12.77 14.25 15.85 18.38 11.92 12.81 14.92 14.06 13.09 9.67 9.65 10.69 9.39 9.21 8.85 8.70 9.58 10.73 10.54 9.39 10.97 11.46 8.44 7.06 7.43 8.26 10.78 9.41 9.37 9.53 7.76 5.42 6.40 9.82 10.32 13.04 8.59 -9999 -9999 -9999 -9999 -9999 -9999 -9999 -9999 -9999 -9999 -9999 -9999 -9999 -9999 -9999 -9999 -9999 -9999 -9999 -9999 -9999 -9999 -9999 -9999 -9999 -9999 -9999 -9999 -9999 -9999 -9999 -9999 -9999 -9999 -9999 -9999 -9999 -9999 -9999 -9999
12.73 17.37 15.55 12.06 12.04 -9999 16.03 18.37 13.31 11.03 8.54 7.93 8.34 9.08 9.79 9.39 9.49 11.76 11.33 11.16 9.86 8.80 8.67 7.29 7.88 8.67 10.75 9.10 7.40 9.80 8.13 7.56 6.49 8.67 11.48 11.80 13.35 11.22 12.89 14.49 10.24 -9999 -9999 -9999 -9999 -9999 -9999 -9999 -9999 -9999 -9999 -9999 -9999 -9999 -9999 -9999 -9999 -9999 -9999 -9999 -9999 -9999 -9999 -9999 -9999 -9999 -9999 -9999 -9999 -9999 -9999 -9999 -9999 -9999 -9999 -9999 -9999 -9999
14.01 -9999 14.20 16.18 12.99 -9999 17.59 21.48 14.61 12.67 9.36 8.99 8.50 8.72 7.69 7.82 8.19 9.39 11.90 11.46 11.48 9.53 9.28 10.56 12.03 14.58 12.04 8.17 6.24 8.35 8.60 8.77 14.91 15.56 11.89 11.74 10.62 10.78 11.10 8.54 10.14 -9999 -9999 -9999 -9999 -9999 -9999 -9999 -9999 -9999 -9999 -9999 -9999 -9999 -9999 -9999 -9999 -9999 -9999 -9999 -9999 -9999 -9999 -9999 -9999 -9999 -9999 -9999 -9999 -9999 -9999 -9999 -9999 -9999 -9999 -9999 -9999 -9999
13.40 -9999 -9999 16.52 14.64 14.55 16.59 18.04 11.21 11.66 13.86 11.42 10.31 9.48 12.46 8.87 6.66 7.73 8.68 10.65 11.73 13.46 11.25 14.14 14.96 12.19 10.52 10.17 8.74 9.54 11.47 12.70 12.07 14.85 12.04 10.92 10.62 6.83 6.93 8.46 10.37 11.49 -9999 -9999 -9999 -9999 -9999 -9999 -9999 -9999 -9999 -9999 -9999 -9999 -9999 -9999 -9999 -9999 -9999 -9999 -9999 -9999 -9999 -9999 -9999 -9999 -9999 -9999 -9999 -9999 -9999 -9999 -9999 -9999 -9999 -9999 -9999 -9999
-9999 -9999 -9999 -9999 15.54 13.83 17.47 12.90 9.62 11.30 13.09 14.60 12.71 11.16 12.25 12.07 9.22 6.27 8.90 11.93 10.69 10.68 11.40 13.75 12.07 10.19 11.14 11.10 14.55 13.23 10.99 10.38 8.55 11.60 10.91 9.71 10.51 7.43 6.58 6.69 6.73 7.90 -9999 -9999 -9999 -9999 -9999 -9999 -9999 -9999 -9999 -9999 -9999 -9999 -9999 -9999 -9999 -9999 -9999 -9999 -9999 -9999 -9999 -9999 -9999 -9999 -9999 -9999 -9999 -9999 -9999 -9999 -9999 -9999 -9999 -9999 -9999 -9999
17.16 18.51 -9999 -9999 -9999 15.00 15.62 11.96 10.84 10.61 11.49 13.68 14.39 14.59 14.39 12.04 10.70 9.07 5.54 10.81 9.32 9.10 9.69 8.81 8.61 12.23 10.66 14.85 18.83 16.05 12.35 12.15 8.12 9.41 9.05 9.47 10.00 7.27 6.28 6.14 5.98 7.43 8.70 -9999 -9999 -9999 -9999 -9999 -9999 -9999 -9999 -9999 -9999 -9999 -9999 -9999 -9999 -9999 -9999 -9999 -9999 -9999 -9999 -9999 -9999 -9999 -9999 -9999 -9999 -9999 -9999 -9999 -9999 -9999 -9999 -9999 -9999 -9999
19.33 20.88 14.39 -9999 -9999 -9999 14.01 12.56 10.46 9.70 9.90 10.37 12.40 12.35 11.50 9.54 9.34 9.65 9.78 8.00 8.22 8.43 10.61 9.51 13.21 7.67 9.79 9.39 9.87 15.36 14.89 11.58 10.03 7.89 7.52 7.89 8.12 6.24 6.02 5.45 6.41 7.20 7.00 7.72 -9999 -9999 -9999 -9999 -9999 -9999 -9999 -9999 -9999 -9999 -9999 -9999 -9999 -9999 -9999 -9999 -9999 -9999 -9999 -9999 -9999 -9999 -9999 -9999 -9999 -9999 -9999 -9999 -9999 -9999 -9999 -9999 -9999 -9999
16.65 17.45 12.31 -9999 -9999 -9999 -9999 -9999 11.79 9.94 8.18 7.81 8.16 8.38 10.17 13.57 12.91 10.83 9.76 8.52 10.14 9.15 8.85 8.09 11.84 6.57 8.84 10.46 8.59 5.39 8.39 7.47 9.13 6.81 8.31 7.44 5.56 5.35 5.02 5.02 4.52 7.58 7.61 6.89 7.02 -9999 -9999 -9999 -9999 -9999 -9999 -9999 -9999 -9999 -9999 -9999 -9999 -9999 -9999 -9999 -9999 -9999 -9999 -9999 -9999 -9999 -9999 -9999 -9999 -9999 -9999 -9999 -9999 -9999 -9999 -9999 -9999 -9999
11.89 21.16 14.58 -9999 -9999 -9999 -9999 -9999 12.88 11.54 11.23 9.01 10.90 13.42 12.11 14.05 14.23 12.99 10.11 11.60 10.17 8.71 10.91 12.23 6.66 18.64 10.50 14.69 9.35 12.32 11.91 6.27 9.38 7.35 6.37 5.65 6.26 8.12 8.26 6.02 5.97 3.78 6.86 9.10 6.42 8.70 10.01 -9999 -9999 -9999 -9999 -9999 -9999 -9999 -9999 -9999 -9999 -9999 -9999 -9999 -9999 -9999 -9999 -9999 -9999 -9999 -9999 -9999 -9999 -9999 -9999 -9999 -9999 -9999 -9999 -9999 -9999 -9999
17.85 20.76 20.27 -9999 -9999 -9999 -9999 -9999 12.70 10.50 10.20 9.07 9.55 11.63 9.25 10.14 9.95 12.70 11.02 10.65 9.52 12.69 17.73 14.48 11.40 20.51 17.28 10.74 11.68 8.78 6.32 8.46 9.35 7.36 7.80 7.83 5.86 6.51 6.43 8.09 11.48 7.81 6.62 7.90 8.12 7.06 8.66 -9999 -9999 -9999 -9999 -9999 -9999 -9999 -9999 -9999 -9999 -9999 -9999 -9999 -9999 -9999 -9999 -9999 -9999 -9999 -9999 -9999 -9999 -9999 -9999 -9999 -9999 -9999 -9999 -9999 -9999 -9999
14.62 16.21 18.75 -9999 -9999 -9999 -9999 -9999 11.56 9.63 8.80 8.55 8.51 9.11 10.20 14.36 16.15 12.63 13.30 8.88 9.27 9.51 13.52 8.29 15.50 13.20 9.98 11.87 13.39 6.93 10.32 7.89 9.11 8.73 5.78 7.59 8.25 7.71 6.66 14.48 14.26 12.40 6.53 7.42 8.03 7.10 8.89 -9999 -9999 -9999 -9999 -9999 -9999 -9999 -9999 -9999 -9999 -9999 -9999 -9999 -9999 -9999 -9999 -9999 -9999 -9999 -9999 -9999 -9999 -9999 -9999 -9999 -9999 -9999 -9999 -9999 -9999 -9999
-9999 -9999 -9999 -9999 -9999 -9999 -9999 15.13 11.78 10.67 9.05 9.41 10.06 8.79 10.57 11.05 14.22 11.76 11.28 14.30 11.66 13.55 14.05 14.13 17.39 15.06 8.20 10.13 11.84 10.74 9.11 9.72 6.40 8.16 9.11 6.10 8.02 7.67 11.78 12.56 15.96 12.72 6.45 5.81 5.14 6.83 8.86 -9999 -9999 -9999 -9999 -9999 -9999 -9999 -9999 -9999 -9999 -9999 -9999 -9999 -9999 -9999 -9999 -9999 -9999 -9999 -9999 -9999 -9999 -9999 -9999 -9999 -9999 -9999 -9999 -9999 -9999 -9999
-9999 -9999 -9999 -9999 -9999 -9999 -9999 16.79 9.34 9.73 11.91 13.66 12.34 9.68 9.10 9.43 6.52 8.76 14.57 15.36 12.24 10.87 8.72 7.17 16.22 7.62 9.11 8.81 9.52 9.05 7.45 4.97 9.14 8.68 8.11 6.95 7.74 10.78 12.47 10.33 11.90 11.70 6.65 4.44 4.97 8.21 7.55 -9999 -9999 -9999 -9999 -9999 -9999 -9999 -9999 -9999 -9999 -9999 -9999 -9999 -9999 -9999 -9999 -9999 -9999 -9999 -9999 -9999 -9999 -9999 -9999 -9999 -9999 -9999 -9999 -9999 -9999 -9999
-9999 -9999 -9999 -9999 -9999 -9999 14.32 12.64 7.19 9.93 12.49 10.51 14.01 16.53 14.10 16.28 12.85 10.04 8.77 9.58 12.91 10.97 9.10 4.92 8.08 13.62 9.02 12.13 8.07 8.21 4.92 6.12 9.17 8.11 8.28 9.91 12.15 14.01 12.40 9.09 7.11 7.13 5.94 9.26 10.22 8.18 7.90 -9999 -9999 -9999 -9999 -9999 -9999 -9999 -9999 -9999 -9999 -9999 -9999 -9999 -9999 -9999 -9999 -9999 -9999 -9999 -9999 -9999 -9999 -9999 -9999 -9999 -9999 -9999 -9999 -9999 -9999 -9999
-9999 -9999 -9999 -9999 -9999 -9999 12.31 7.47 12.07 9.68 12.63 9.97 14.42 14.75 18.06 15.98 15.45 13.25 11.55 7.52 18.51 16.73 9.56 4.63 9.26 12.51 8.03 8.75 11.30 6.93 9.99 12.21 9.95 12.20 12.51 16.79 9.67 8.61 9.18 9.77 9.66 6.28 4.48 6.97 6.93 6.15 6.85 8.91 -9999 -9999 -9999 -9999 -9999 -9999 -9999 -9999 -9999 -9999 -9999 -9999 -9999 -9999 -9999 -9999 -9999 -9999 -9999 -9999 -9999 -9999 -9999 -9999 -9999 -9999 -9999 -9999 -9999 -9999
-9999 -9999 -9999 -9999 -9999 11.74 14.37 13.66 12.51 13.16 12.64 10.68 8.97 15.49 14.57 15.72 14.69 14.29 9.43 5.28 9.85 11.78 11.01 6.85 5.91 8.24 8.05 7.83 8.90 13.95 8.28 8.24 8.83 7.68 15.61 12.21 14.54 11.90 7.09 8.48 9.19 9.81 10.81 6.12 5.09 4.60 5.64 7.30 -9999 -9999 -9999 -9999 -9999 -9999 -9999 -9999 -9999 -9999 -9999 -9999 -9999 -9999 -9999 -9999 -9999 -9999 -9999 -9999 -9999 -9999 -9999 -9999 -9999 -9999 -9999 -9999 -9999 -9999
-9999 -9999 -9999 -9999 -9999 14.25 13.41 11.73 17.26 15.53 11.98 11.08 15.38 9.50 11.17 14.05 11.52 11.28 6.77 4.97 7.83 9.19 12.47 6.34 6.26 5.68 7.08 5.05 11.20 5.95 11.74 9.53 6.39 15.18 7.36 9.55 11.18 10.02 11.15 7.20 7.11 10.62 9.58 6.56 6.82 5.79 5.37 7.22 -9999 -9999 -9999 -9999 -9999 -9999 -9999 -9999 -9999 -9999 -9999 -9999 -9999 -9999 -9999 -9999 -9999 -9999 -9999 -9999 -9999 -9999 -9999 -9999 -9999 -9999 -9999 -9999 -9999 -9999
-9999 -9999 -9999 -9999 14.37 11.37 10.21 14.31 11.88 11.98 20.64 14.28 13.94 9.41 11.47 12.27 9.66 11.58 10.58 8.23 10.30 9.22 5.95 4.99 6.05 8.25 8.18 11.82 8.24 6.12 12.15 7.65 8.90 15.39 8.94 7.08 6.10 8.95 11.13 9.92 10.01 9.70 6.80 6.13 5.78 4.75 4.97 6.79 -9999 -9999 -9999 -9999 -9999 -9999 -9999 -9999 -9999 -9999 -9999 -9999 -9999 -9999 -9999 -9999 -9999 -9999 -9999 -9999 -9999 -9999 -9999 -9999 -9999 -9999 -9999 -9999 -9999 -9999
-9999 -9999 -9999 12.15 12.38 12.78 9.10 10.20 11.25 9.71 13.01 11.48 19.42 9.31 8.93 10.48 10.91 11.21 11.52 9.33 7.00 5.35 9.04 5.84 5.30 8.00 8.65 8.43 8.19 6.09 8.90 5.77 8.82 14.29 12.32 12.42 10.51 9.56 8.10 7.92 10.62 8.33 6.79 6.39 5.85 5.57 4.52 5.85 7.84 -9999 -9999 -9999 -9999 -9999 -9999 -9999 -9999 -9999 -9999 -9999 -9999 -9999 -9999 -9999 -9999 -9999 -9999 -9999 -9999 -9999 -9999 -9999 -9999 -9999 -9999 -9999 -9999 -9999
-9999 -9999 -9999 15.02 17.94 12.87 11.44 9.72 8.99 7.49 19.46 14.61 11.16 11.80 8.69 8.79 10.43 9.78 15.39 8.63 6.13 5.56 6.03 10.19 6.33 9.35 8.22 8.82 7.84 7.50 6.69 9.46 7.31 10.41 11.56 10.60 11.86 9.70 7.85 7.16 8.71 7.15 8.49 7.12 5.33 3.95 5.03 6.04 7.47 -9999 -9999 -9999 -9999 -9999 -9999 -9999 -9999 -9999 -9999 -9999 -9999 -9999 -9999 -9999 -9999 -9999 -9999 -9999 -9999 -9999 -9999 -9999 -9999 -9999 -9999 -9999 -9999 -9999
-9999 14.53 13.58 16.03 13.28 11.89 12.99 10.40 10.24 8.02 14.49 12.61 12.64 11.52 10.94 7.78 10.89 11.27 9.74 9.51 8.61 5.66 6.25 8.20 7.72 7.35 7.79 8.11 7.07 6.60 7.90 7.33 6.99 11.46 9.83 9.53 9.79 12.17 9.81 8.13 5.09 6.43 7.07 6.32 5.43 4.38 4.87 5.70 7.38 -9999 -9999 -9999 -9999 -9999 -9999 -9999 -9999 -9999 -9999 -9999 -9999 -9999 -9999 -9999 -9999 -9999 -9999 -9999 -9999 -9999 -9999 -9999 -9999 -9999 -9999 -9999 -9999 -9999
-9999 15.40 13.20 10.06 13.22 11.12 12.98 10.57 9.37 8.41 8.35 9.52 15.69 12.16 11.09 8.48 8.03 8.23 7.79 8.27 9.28 7.27 8.68 7.21 7.71 7.12 6.88 6.62 6.42 6.19 6.43 7.68 7.06 5.38 6.60 7.84 7.98 8.79 8.49 4.22 5.43 8.69 7.15 5.18 5.36 4.76 5.15 4.44 5.76 7.50 -9999 -9999 -9999 -9999 -9999 -9999 -9999 -9999 -9999 -9999 -9999 -9999 -9999 -9999 -9999 -9999 -9999 -9999 -9999 -9999 -9999 -9999 -9999 -9999 -9999 -9999 -9999 -9999
-9999 15.34 13.07 8.57 12.32 9.78 10.94 9.82 9.18 9.31 7.56 11.99 11.93 11.14 13.65 9.71 8.11 8.13 7.08 9.78 14.85 9.95 -9999 -9999 -9999 7.65 7.13 -9999 6.16 6.38 6.59 6.07 5.55 6.39 8.12 6.82 6.80 8.47 7.19 8.66 7.85 4.52 3.04 3.39 3.98 4.61 1.93 3.19 4.00 6.48 -9999 -9999 -9999 -9999 -9999 -9999 -9999 -9999 -9999 -9999 -9999 -9999 -9999 -9999 -9999 -9999 -9999 -9999 -9999 -9999 -9999 -9999 -9999 -9999 -9999 -9999 -9999 -9999
-9999 13.59 15.75 10.50 10.12 11.09 12.02 11.22 10.07 9.28 8.88 9.37 16.54 12.48 13.25 9.66 8.90 11.38 8.01 9.28 10.21 10.88 -9999 -9999 -9999 8.07 6.87 6.74 6.70 6.08 5.85 5.34 7.66 10.87 11.15 8.09 12.19 7.77 7.05 10.42 6.51 6.98 6.88 6.59 3.27 4.36 5.98 3.98 2.95 5.30 -9999 -9999 -9999 -9999 -9999 -9999 -9999 -9999 -9999 -9999 -9999 -9999 -9999 -9999 -9999 -9999 -9999 -9999 -9999 -9999 -9999 -9999 -9999 -9999 -9999 -9999 -9999 -9999
-9999 -9999 14.63 14.38 11.59 -9999 13.49 13.30 11.53 10.36 9.66 -9999 12.12 10.53 11.80 9.18 10.82 11.94 10.38 10.63 -9999 -9999 -9999 -9999 9.72 7.33 6.26 5.94 6.76 7.02 6.16 6.50 7.45 12.37 17.13 7.60 14.04 8.78 10.83 12.23 8.56 10.19 7.25 4.69 6.10 5.80 3.94 1.34 2.34 5.68 6.98 -9999 -9999 -9999 -9999 -9999 -9999 -9999 -9999 -9999 -9999 -9999 -9999 -9999 -9999 -9999 -9999 -9999 -9999 -9999 -9999 -9999 -9999 -9999 -9999 -9999 -9999 -9999
