ML/MeanWindSpeed_2000-01_Actual.txt
ncols         180
nrows         290
xllcorner     -200000
yllcorner     -200000
cellsize      5000
NODATA_value  -9999
[rows 170 to 203 of 290, columns 78 to 155 of 180]
-9999 -9999 -9999 -9999 -9999 -9999 -9999 -9999 -9999 -9999 -9999 -9999 -9999 -9999 -9999 -9999 -9999 -9999 -9999 -9999 -9999 -9999 -9999 -9999 -9999 -9999 -9999 -9999 9.68 8.82 8.30 8.53 8.82 8.79 8.33 7.70 7.73 7.17 6.79 6.70 6.73 7.51 7.12 13.08 16.28 17.27 14.45 12.48 11.66 9.90 10.02 8.96 10.24 8.97 9.06 8.86 8.86 8.93 8.93 9.35 9.50 9.11 8.39 9.03 11.63 10.95 11.24 10.01 10.33 11.63 13.36 -9999 -9999 -9999 -9999 -9999 -9999 -9999
-9999 -9999 -9999 -9999 -9999 -9999 -9999 -9999 15.60 14.59 15.21 16.62 -9999 -9999 -9999 -9999 -9999 -9999 -9999 -9999 -9999 -9999 -9999 -9999 -9999 -9999 -9999 10.35 8.99 9.39 8.69 9.72 9.07 8.07 7.62 7.50 7.19 7.07 6.71 6.51 6.26 5.97 10.22 13.98 14.47 12.29 15.85 14.47 10.52 10.21 7.80 11.08 11.01 9.27 9.14 8.89 8.82 8.87 8.88 9.12 9.66 9.33 8.43 8.56 9.38 11.63 11.48 11.99 10.01 10.06 11.81 13.76 -9999 -9999 -9999 -9999 -9999 -9999
-9999 -9999 -9999 -9999 -9999 -9999 -9999 -9999 14.63 13.57 13.54 14.30 -9999 -9999 -9999 -9999 -9999 -9999 -9999 -9999 -9999 -9999 -9999 -9999 -9999 -9999 10.51 10.01 9.00 9.38 10.57 9.07 8.82 7.50 7.23 7.27 6.92 7.07 7.07 6.01 5.24 5.08 7.91 16.01 16.66 12.10 14.31 13.35 12.70 9.07 7.88 10.02 10.76 9.66 8.59 8.53 8.73 9.23 9.03 8.96 9.26 9.64 8.88 8.80 9.09 11.32 11.48 11.40 10.15 10.04 10.72 12.77 -9999 -9999 -9999 -9999 -9999 -9999
-9999 -9999 -9999 -9999 -9999 -9999 18.50 14.57 12.57 12.86 12.70 13.95 13.62 15.14 16.03 -9999 -9999 15.40 12.89 -9999 -9999 -9999 10.56 12.09 11.01 -9999 8.08 10.29 9.38 8.94 9.50 8.72 8.70 8.35 8.81 8.07 7.88 6.74 6.98 5.91 5.79 9.66 7.02 11.00 14.72 8.92 11.36 16.72 10.06 11.84 9.12 9.92 10.18 9.37 8.91 8.85 8.91 9.23 8.74 8.92 8.94 9.80 8.87 8.76 9.13 9.91 10.90 12.09 11.49 10.14 10.03 11.76 13.95 -9999 -9999 -9999 -9999 -9999
-9999 -9999 -9999 -9999 -9999 -9999 -9999 15.15 13.30 12.50 11.99 12.31 13.72 15.43 12.16 -9999 10.87 12.37 13.06 11.08 11.99 7.97 7.03 12.25 12.14 10.13 -9999 7.66 9.59 9.47 8.55 8.43 9.04 7.99 7.66 7.45 7.09 7.13 6.51 6.45 6.05 10.13 11.26 11.80 12.85 11.85 14.53 14.68 12.09 9.30 8.57 10.69 10.68 8.93 9.40 8.84 9.43 9.52 8.85 8.79 8.79 9.85 9.02 8.94 9.19 9.28 10.41 11.39 12.18 11.11 10.23 10.99 13.07 -9999 -9999 -9999 -9999 -9999
-9999 -9999 -9999 -9999 -9999 -9999 -9999 -9999 14.55 13.71 12.75 12.04 11.52 8.91 7.65 15.14 22.73 10.59 13.50 12.67 11.61 9.35 6.18 6.68 9.68 11.97 9.59 7.34 7.96 9.06 8.25 8.50 9.94 8.80 8.03 7.24 7.12 6.95 6.39 5.96 6.02 12.31 13.73 11.91 12.62 10.15 9.76 11.73 11.52 9.07 8.63 10.05 9.34 8.65 9.36 8.91 10.12 9.41 9.18 8.87 8.85 10.42 9.25 9.10 9.32 9.26 10.02 10.78 10.98 11.31 11.77 10.39 12.23 14.46 -9999 -9999 -9999 -9999
-9999 -9999 -9999 -9999 -9999 -9999 -9999 -9999 -9999 15.78 12.94 10.89 8.58 7.11 9.95 27.00 19.06 8.81 14.62 8.81 12.21 11.82 7.33 5.26 13.10 10.38 10.78 9.14 7.69 7.96 7.96 7.22 8.57 9.06 8.47 7.78 7.11 7.13 6.50 5.82 8.06 10.21 14.74 12.43 13.72 12.42 7.59 10.64 12.82 9.21 9.17 9.94 9.06 8.85 9.10 9.02 10.29 9.34 9.05 9.21 8.96 9.93 9.79 9.36 9.41 9.43 9.78 10.70 12.20 11.01 10.24 10.26 11.77 14.09 -9999 -9999 -9999 -9999
-9999 -9999 -9999 -9999 -9999 -9999 -9999 -9999 -9999 -9999 12.74 9.46 8.98 10.87 23.46 27.85 19.73 13.81 12.68 12.56 13.56 13.76 12.76 7.80 7.26 13.57 10.27 9.16 8.70 7.77 7.64 7.72 8.05 8.57 7.96 7.28 7.34 7.13 6.74 6.95 8.24 11.31 12.91 10.40 11.01 12.88 10.32 7.71 12.68 9.35 9.19 9.90 8.97 8.92 8.84 9.54 10.36 9.53 9.27 9.22 8.70 10.46 9.92 9.67 9.76 9.81 10.31 10.43 10.58 10.17 10.02 10.31 12.16 14.25 -9999 -9999 -9999 -9999
-9999 -9999 -9999 -9999 -9999 -9999 -9999 -9999 -9999 -9999 11.45 9.61 12.20 15.71 19.69 25.05 15.84 10.30 12.30 14.51 14.26 15.29 13.05 8.59 5.78 13.68 13.09 10.30 9.61 7.63 7.32 7.76 9.03 8.68 8.12 7.62 6.86 6.43 6.93 9.31 9.30 7.85 13.65 10.65 11.38 13.38 12.91 10.60 9.78 8.83 7.48 9.26 10.03 8.87 8.82 8.80 9.60 9.32 9.73 9.49 9.28 10.08 11.04 10.64 10.63 10.35 10.38 10.26 10.04 9.90 10.36 11.43 13.17 -9999 -9999 -9999 -9999 -9999
-9999 -9999 -9999 -9999 -9999 -9999 -9999 -9999 -9999 -9999 10.14 10.36 12.81 13.77 20.68 19.42 14.29 13.71 10.77 12.07 14.89 13.21 15.73 11.37 6.45 12.29 13.90 13.21 9.54 8.17 7.04 8.14 9.63 9.28 8.16 7.28 6.63 6.92 8.61 9.27 7.61 7.62 11.60 11.37 11.09 11.17 10.33 10.43 11.33 7.46 8.39 8.88 8.57 9.02 8.60 9.71 8.91 9.29 9.72 9.75 10.28 12.88 12.12 11.36 10.89 10.68 10.43 10.16 9.95 10.02 11.19 12.81 -9999 -9999 -9999 -9999 -9999 -9999
-9999 -9999 -9999 -9999 -9999 -9999 -9999 -9999 -9999 11.87 19.97 12.47 14.71 17.30 12.95 24.00 20.12 17.00 14.41 17.28 13.58 13.96 11.66 8.35 9.26 14.62 13.71 13.16 9.51 7.83 6.88 8.87 9.38 8.79 8.12 7.00 6.75 8.42 8.23 7.91 9.12 10.16 8.35 13.66 12.58 9.51 10.44 9.58 8.68 8.41 7.46 7.65 8.02 9.19 8.62 8.08 9.91 9.24 9.59 10.07 10.85 12.96 12.10 11.42 11.16 10.64 10.38 9.90 9.70 10.68 12.24 -9999 -9999 -9999 -9999 -9999 -9999 -9999
-9999 -9999 -9999 -9999 -9999 -9999 -9999 13.29 12.54 16.57 14.42 12.37 13.62 15.13 10.16 11.75 14.17 17.23 15.88 17.33 15.12 14.40 7.22 9.49 9.65 7.95 9.71 9.31 9.81 8.43 7.60 9.02 9.62 9.29 8.07 7.66 8.75 8.05 8.73 7.82 9.62 10.43 10.42 9.57 8.65 10.48 10.07 9.37 9.08 8.80 8.46 7.17 8.31 8.12 7.41 7.84 8.60 9.05 9.60 9.73 10.81 12.74 11.89 11.05 10.94 10.41 10.06 9.64 9.91 11.17 -9999 -9999 -9999 -9999 -9999 13.98 13.70 13.28
-9999 -9999 -9999 -9999 -9999 -9999 14.07 13.66 13.50 13.86 13.43 13.20 12.00 9.21 7.46 9.68 12.21 14.78 22.09 12.40 8.99 7.41 3.76 11.40 13.74 13.97 11.11 9.65 9.86 9.37 8.90 9.51 10.34 9.57 8.77 8.33 8.91 9.31 7.72 7.66 9.89 10.20 9.80 9.35 9.46 9.79 8.70 9.19 7.93 7.84 8.50 7.84 7.29 6.80 7.24 8.39 8.34 8.72 9.23 9.67 10.54 12.77 12.03 10.93 10.48 10.07 9.78 9.48 9.77 10.81 -9999 -9999 -9999 -9999 -9999 12.42 11.76 11.53
-9999 -9999 -9999 -9999 -9999 14.78 15.74 14.82 14.63 -9999 -9999 -9999 -9999 8.50 14.42 12.28 12.88 15.93 12.52 8.63 10.74 8.95 7.14 18.40 16.51 14.02 15.04 11.51 9.09 9.67 9.89 9.55 9.84 9.66 8.96 9.23 8.46 9.79 8.12 7.89 8.71 9.45 9.72 9.54 8.45 8.59 8.56 8.41 7.76 7.44 7.13 6.94 6.81 7.16 7.98 8.01 8.09 9.10 10.04 10.41 10.72 11.95 11.69 11.28 10.19 9.84 9.53 9.19 9.23 10.08 11.72 -9999 -9999 -9999 -9999 11.25 10.62 10.49
-9999 -9999 -9999 -9999 -9999 16.57 18.42 14.91 15.20 -9999 -9999 -9999 -9999 8.33 12.24 14.35 8.91 14.33 12.31 9.91 12.49 14.30 10.99 16.46 9.51 11.33 11.86 10.53 9.14 9.42 9.92 9.82 10.18 10.73 9.41 9.82 9.23 9.09 9.47 8.23 8.63 7.91 8.85 9.91 10.42 10.35 8.51 7.76 7.48 7.29 7.71 6.92 7.17 7.88 8.36 9.27 8.71 11.10 11.46 11.91 11.13 11.71 11.50 11.04 9.96 9.79 9.49 9.08 8.92 9.07 10.14 11.16 -9999 -9999 11.67 11.08 10.71 10.97
-9999 -9999 -9999 -9999 -9999 -9999 -9999 -9999 -9999 -9999 -9999 -9999 -9999 9.58 15.15 12.75 7.89 10.44 8.02 14.48 13.13 8.23 12.76 12.79 11.10 12.04 10.22 9.22 8.33 9.83 9.83 10.32 10.08 9.59 9.38 9.10 8.73 8.81 9.23 8.35 8.14 8.41 8.72 8.46 9.55 9.77 7.47 8.84 9.87 8.43 8.31 7.76 6.81 8.11 9.47 10.68 10.48 10.25 11.15 12.24 11.74 12.13 11.56 11.07 9.83 9.73 9.53 9.22 8.91 8.57 8.86 9.59 10.61 11.05 10.61 10.59 9.81 10.88
-9999 -9999 -9999 -9999 -9999 -9999 -9999 -9999 -9999 -9999 -9999 -9999 -9999 -9999 15.28 5.90 5.66 10.10 14.57 12.42 14.03 13.27 8.79 10.27 11.90 8.22 8.33 7.61 7.91 8.62 9.50 9.83 9.95 9.59 9.00 8.62 8.85 8.58 9.05 8.51 7.96 10.47 9.75 8.46 8.41 8.33 8.26 8.00 9.19 9.34 8.74 10.00 8.15 8.13 9.22 8.93 9.60 10.18 10.47 12.18 12.22 11.82 11.01 10.97 9.85 9.76 9.56 9.25 9.04 8.91 8.92 8.95 9.47 9.82 9.85 9.67 9.80 11.04
-9999 -9999 -9999 -9999 -9999 -9999 -9999 -9999 -9999 -9999 -9999 -9999 -9999 -9999 10.00 14.77 15.52 13.00 10.80 9.41 11.92 9.16 9.11 7.47 7.05 9.69 7.22 7.17 9.54 9.23 9.32 9.34 8.66 8.56 9.10 8.82 10.03 9.80 9.26 8.38 7.69 10.10 11.20 9.69 8.50 8.05 8.31 8.30 8.30 8.59 9.49 12.15 10.59 8.58 8.31 8.85 10.26 11.82 12.15 11.82 12.50 11.83 10.90 10.28 9.83 9.79 9.61 9.49 9.29 9.17 9.17 9.24 9.40 9.56 9.84 9.74 9.56 10.62
-9999 -9999 -9999 -9999 -9999 -9999 -9999 -9999 -9999 -9999 -9999 -9999 -9999 12.15 11.82 9.23 18.38 11.30 8.27 10.57 10.16 8.44 11.71 7.94 7.62 10.40 6.37 13.74 10.12 8.12 8.69 10.38 8.56 8.07 11.41 11.16 10.16 8.72 9.06 8.71 8.18 9.27 10.07 9.64 8.76 8.42 8.25 8.33 8.83 8.65 10.12 10.16 9.47 8.76 8.44 9.33 10.71 12.22 12.44 11.47 11.66 11.18 10.63 10.20 9.87 9.77 9.73 9.64 9.49 9.32 9.32 9.38 9.29 9.40 10.10 10.05 9.70 10.13
-9999 -9999 -9999 -9999 -9999 -9999 -9999 -9999 -9999 -9999 -9999 -9999 -9999 10.80 12.29 18.58 10.87 5.26 7.03 6.94 9.23 12.48 12.12 8.93 8.62 8.65 6.52 7.75 9.15 10.87 10.77 8.80 8.83 8.70 9.44 10.33 8.83 8.43 9.13 8.86 9.26 9.91 9.60 9.79 9.28 8.72 8.49 8.25 8.37 8.66 9.83 10.32 9.53 8.12 8.54 10.18 12.02 11.60 12.47 12.29 11.36 10.42 11.15 10.12 10.24 9.87 9.82 9.60 9.50 9.40 9.29 9.27 9.25 9.30 10.34 10.09 9.53 9.78
-9999 -9999 -9999 -9999 -9999 -9999 -9999 -9999 -9999 -9999 -9999 -9999 -9999 12.52 15.09 7.17 8.39 6.32 7.50 7.96 14.16 12.14 13.69 10.07 8.89 6.70 5.18 6.51 10.74 13.33 14.88 9.22 10.95 9.40 9.90 9.94 8.02 8.08 8.55 9.01 9.50 8.95 9.25 10.82 9.83 8.61 8.52 9.79 8.19 8.85 9.41 9.29 8.57 8.11 8.94 9.95 10.84 11.24 11.24 10.32 10.17 10.69 10.90 9.63 9.53 9.78 9.71 9.60 9.39 9.17 9.19 9.19 9.21 9.30 9.70 9.52 9.68 9.60
-9999 -9999 -9999 -9999 -9999 -9999 -9999 -9999 -9999 -9999 -9999 -9999 -9999 -9999 8.18 9.50 11.20 13.23 14.20 11.89 12.68 10.53 7.01 6.54 5.69 6.88 7.12 6.50 8.61 9.88 13.85 10.95 9.41 8.94 10.84 10.48 7.89 8.86 7.88 8.33 11.06 9.10 9.02 9.06 9.25 8.21 8.17 10.09 9.39 8.71 9.37 8.85 8.44 8.79 9.89 9.71 9.90 9.60 10.40 9.52 10.85 10.87 9.74 9.43 10.03 9.83 9.37 9.24 9.07 9.02 9.06 9.08 9.14 9.16 9.24 9.30 9.57 9.61
-9999 -9999 -9999 -9999 -9999 -9999 -9999 -9999 -9999 -9999 -9999 -9999 -9999 -9999 9.44 10.44 11.59 14.01 17.27 15.80 11.45 8.01 6.02 7.65 9.99 12.27 14.55 10.93 8.80 10.10 11.61 10.45 7.97 11.65 10.74 10.47 8.69 9.69 8.36 8.04 9.00 10.60 10.18 9.44 8.81 8.13 8.33 9.68 9.38 8.88 8.93 9.29 9.42 9.71 10.34 9.58 9.34 10.76 10.86 10.80 10.54 10.76 9.60 9.93 10.51 9.32 9.02 8.95 8.86 8.94 8.94 8.94 9.02 9.07 9.17 9.14 9.08 9.04
-9999 -9999 -9999 -9999 -9999 -9999 -9999 -9999 -9999 -9999 -9999 -9999 -9999 10.65 8.02 9.29 12.55 14.12 13.19 12.51 9.31 9.95 15.11 11.66 12.01 12.15 10.11 9.21 10.35 11.37 9.59 8.23 9.03 11.41 11.30 10.38 8.49 9.87 7.89 7.89 9.90 9.30 9.80 9.90 9.03 8.38 8.48 9.77 9.56 8.57 8.85 8.82 8.66 9.61 9.27 10.52 9.89 10.73 9.94 10.38 10.61 9.53 9.22 10.22 10.10 8.90 8.75 9.06 8.78 8.91 8.92 9.04 9.04 8.97 8.98 8.79 9.28 9.76
-9999 -9999 -9999 -9999 -9999 -9999 -9999 -9999 -9999 -9999 -9999 -9999 -9999 13.13 10.32 9.07 9.13 11.80 16.19 14.93 12.55 10.27 11.16 13.06 14.61 14.60 10.17 12.82 14.05 9.53 12.19 7.32 8.32 10.93 13.12 9.05 9.46 8.07 7.15 7.47 8.67 12.09 10.29 10.21 9.57 9.09 9.13 9.58 9.18 8.47 8.63 8.51 8.35 8.31 9.91 10.51 10.48 11.24 10.11 9.64 9.62 9.04 9.41 10.02 9.69 9.05 9.40 9.16 9.45 8.97 8.99 9.25 9.30 8.95 8.77 8.55 8.64 9.74
-9999 -9999 -9999 -9999 -9999 -9999 -9999 -9999 -9999 -9999 -9999 -9999 -9999 11.21 9.76 5.93 7.46 11.06 16.20 13.63 13.38 10.32 12.94 12.27 10.61 11.50 12.41 12.42 10.59 9.04 9.82 12.64 8.47 8.76 8.87 8.88 10.61 8.96 7.22 7.46 8.62 9.38 9.26 10.37 9.87 9.38 9.57 8.86 8.13 8.60 8.80 8.87 8.13 8.88 10.53 10.57 9.55 9.84 10.80 9.57 9.78 8.59 9.64 9.90 9.05 8.93 9.15 8.53 8.78 8.70 8.84 8.97 8.85 8.69 8.62 8.46 8.93 8.53
-9999 -9999 -9999 -9999 -9999 -9999 -9999 -9999 -9999 -9999 -9999 -9999 10.47 11.55 13.43 9.50 6.87 11.64 13.40 15.57 15.04 9.10 9.83 8.56 10.33 12.39 10.49 10.57 12.86 10.98 10.19 9.55 8.21 7.40 7.67 8.80 8.94 8.59 8.21 7.64 7.72 8.86 9.32 8.63 9.19 8.89 9.60 8.61 8.33 8.38 7.86 7.68 8.07 9.52 9.65 9.81 9.01 10.00 10.12 9.52 8.55 9.47 9.57 9.68 9.87 9.38 8.88 8.71 8.53 8.67 8.80 8.69 8.55 8.31 8.16 8.32 8.84 8.91
-9999 -9999 -9999 -9999 -9999 -9999 -9999 -9999 -9999 -9999 -9999 12.03 11.66 12.40 9.57 6.78 10.17 14.12 14.87 12.44 14.38 9.61 11.05 8.88 8.53 16.43 11.29 12.41 10.25 10.39 8.72 8.18 8.06 9.11 7.97 10.33 8.68 9.16 7.62 7.41 7.71 8.35 8.85 8.44 8.63 9.02 9.12 7.49 8.07 7.90 8.00 8.17 8.65 9.50 8.85 9.77 9.15 9.47 8.55 8.34 9.62 10.06 9.57 9.79 9.59 8.55 9.02 9.06 9.05 9.01 8.66 8.32 7.95 8.10 8.07 8.90 9.34 9.70
-9999 -9999 -9999 -9999 -9999 -9999 -9999 -9999 -9999 14.26 12.22 10.54 8.51 7.85 7.72 7.53 11.16 12.79 14.48 16.13 13.65 10.43 6.11 9.41 9.21 14.60 11.81 10.97 11.17 9.41 8.78 7.12 7.70 9.72 9.09 9.48 7.36 7.80 7.67 7.76 8.50 8.28 8.84 8.03 8.19 8.45 7.56 7.25 7.57 8.46 8.18 9.19 10.06 9.62 9.11 8.55 8.24 9.13 9.69 9.30 9.65 8.66 9.66 9.83 8.99 8.07 8.18 9.26 9.16 9.18 8.22 7.83 7.48 7.78 9.02 9.59 9.47 10.52
-9999 -9999 -9999 -9999 -9999 14.37 13.04 11.22 14.68 14.47 14.35 13.93 10.41 8.79 7.48 12.86 10.80 13.28 13.47 12.89 8.92 6.98 4.62 6.97 7.84 16.53 14.80 11.87 9.31 9.75 8.82 9.99 6.46 8.69 9.25 8.99 8.31 7.52 7.24 8.47 7.87 7.35 9.01 7.81 7.63 7.07 7.35 7.83 8.41 7.53 8.62 8.29 8.89 10.02 9.78 9.36 9.00 9.63 9.63 9.20 8.84 9.76 8.70 8.57 8.30 7.90 8.80 9.19 9.27 8.43 7.63 7.57 7.77 9.12 9.48 9.18 10.22 9.42
-9999 -9999 -9999 -9999 15.40 12.53 12.96 11.83 11.05 13.18 12.45 12.45 9.31 7.20 10.88 11.63 12.05 8.04 14.02 9.03 5.89 11.52 7.88 4.78 14.35 13.07 11.59 6.78 6.96 7.98 11.49 7.55 6.67 6.79 7.04 9.19 9.02 9.00 7.70 8.06 7.37 7.26 8.41 7.70 7.01 6.97 7.39 8.07 7.88 10.14 8.14 7.96 8.61 9.54 8.84 8.72 8.26 8.51 9.08 8.87 9.67 8.94 8.28 8.39 8.61 7.99 8.39 8.49 7.82 7.50 7.29 7.39 7.74 8.54 9.77 9.92 10.15 9.78
-9999 -9999 -9999 14.60 14.06 10.57 10.06 10.22 11.39 10.88 11.30 9.73 9.97 14.53 10.82 9.19 12.81 5.49 8.15 7.56 11.14 10.43 11.69 9.79 10.39 8.98 5.61 11.43 11.36 7.44 7.97 7.03 6.45 7.15 6.50 7.08 9.45 9.92 7.30 6.98 7.15 7.68 6.94 6.13 6.51 9.65 7.48 7.28 8.15 9.24 8.53 8.01 8.76 9.38 9.31 9.84 9.08 8.16 7.99 7.97 9.12 8.62 7.97 8.97 8.76 8.02 8.12 7.87 7.44 7.57 7.58 7.64 8.13 8.57 9.81 9.26 9.21 9.62
14.99 12.39 14.18 11.15 11.10 11.98 10.74 10.22 12.77 11.27 10.98 10.72 13.76 12.71 10.35 11.38 9.82 6.25 5.70 9.73 10.31 8.70 9.53 11.98 8.09 4.36 10.72 12.95 10.20 10.47 7.59 7.72 6.62 7.27 9.64 7.56 10.48 8.43 7.05 6.67 7.09 8.69 5.62 6.06 10.94 8.12 7.54 7.57 8.49 9.75 8.20 8.23 8.70 8.38 9.00 8.93 8.23 7.74 8.05 7.61 8.17 8.57 8.49 8.00 7.59 7.30 7.18 7.66 9.15 8.28 9.23 8.47 7.48 9.30 9.54 9.96 9.65 9.42
10.91 10.22 13.54 17.33 16.05 15.29 11.31 12.67 14.71 13.01 12.30 14.68 12.51 11.51 13.72 9.22 5.27 5.28 5.69 9.16 9.31 8.91 8.37 7.52 5.17 7.70 19.35 15.00 10.88 7.87 8.54 7.98 9.88 8.22 8.91 7.78 7.99 7.90 7.57 6.72 6.43 6.13 5.24 9.61 10.80 9.93 8.23 7.75 11.00 9.38 8.33 8.49 8.08 8.94 8.78 8.30 7.25 8.38 7.83 7.11 9.18 8.93 7.58 7.40 7.26 6.99 7.56 8.71 9.11 8.76 9.25 8.32 7.91 9.21 9.79 9.44 9.82 9.59
