ML/MeanWindSpeed_1993-06_Actual.txt
ncols         180
nrows         290
xllcorner     -200000
yllcorner     -200000
cellsize      5000
NODATA_value  -9999
[rows 175 to 209 of 290, columns 79 to 157 of 180]
-9999 -9999 -9999 -9999 -9999 -9999 -9999 8.62 8.08 7.50 6.95 6.51 5.34 4.63 7.74 11.27 5.63 7.21 7.09 6.55 5.52 4.11 4.22 5.61 7.01 6.19 5.21 5.48 6.03 5.75 5.87 6.57 6.16 5.99 5.88 6.06 6.18 6.11 6.16 6.13 8.69 9.04 7.72 7.72 6.60 6.22 6.91 6.91 5.84 5.64 6.22 5.84 5.55 5.93 5.74 6.32 6.08 6.13 6.12 6.15 6.78 6.15 6.04 6.09 6.01 6.27 6.54 6.62 6.79 7.02 6.40 7.33 8.45 -9999 -9999 -9999 -9999 -9999 -9999
-9999 -9999 -9999 -9999 -9999 -9999 -9999 -9999 9.06 7.60 6.50 5.32 4.75 5.75 12.91 9.03 4.46 7.46 5.19 6.85 6.60 4.66 3.66 7.21 6.33 6.87 6.14 5.38 5.50 5.59 5.28 5.87 6.20 6.09 5.96 5.81 5.97 5.86 5.74 6.74 7.34 9.26 7.91 8.18 7.60 5.36 6.51 7.50 5.90 5.85 6.11 5.69 5.63 5.76 5.71 6.30 5.92 5.86 5.96 5.73 6.05 6.02 5.88 5.91 5.94 6.07 6.40 7.09 6.57 6.26 6.32 7.11 8.27 -9999 -9999 -9999 -9999 -9999 -9999
-9999 -9999 -9999 -9999 -9999 -9999 -9999 -9999 -9999 7.62 6.04 5.65 6.32 11.59 12.73 8.84 6.62 6.34 6.71 7.37 7.41 7.16 5.04 4.70 7.87 6.61 6.17 5.89 5.42 5.40 5.48 5.57 5.90 5.76 5.57 5.70 5.72 5.65 5.78 6.41 7.51 8.06 6.88 6.98 7.80 6.65 5.19 7.40 5.96 5.84 6.06 5.60 5.60 5.57 5.85 6.22 5.87 5.76 5.78 5.54 6.32 6.03 5.86 5.88 5.92 6.17 6.19 6.27 6.15 6.14 6.35 7.31 8.36 -9999 -9999 -9999 -9999 -9999 -9999
-9999 -9999 -9999 -9999 -9999 -9999 -9999 -9999 -9999 7.19 6.21 7.15 8.07 9.15 10.88 6.78 5.04 6.24 7.61 7.75 8.16 7.21 5.55 4.33 8.02 7.89 6.61 6.27 5.40 5.29 5.50 6.03 5.88 5.75 5.63 5.39 5.30 5.54 6.59 6.66 5.79 8.27 6.91 7.17 7.99 7.75 6.42 5.88 5.58 4.97 5.70 6.03 5.50 5.46 5.40 5.74 5.63 5.80 5.67 5.54 5.79 6.12 5.96 6.04 5.99 6.08 6.07 6.01 6.05 6.36 6.95 7.85 -9999 -9999 -9999 -9999 -9999 -9999 -9999
-9999 -9999 -9999 -9999 -9999 -9999 -9999 -9999 -9999 6.63 6.46 7.02 6.76 9.33 8.30 6.15 6.55 5.49 6.34 7.93 7.21 8.53 7.02 5.00 7.51 8.16 7.85 6.19 5.70 5.23 5.70 6.34 6.19 5.76 5.47 5.27 5.44 6.22 6.44 5.71 5.70 7.28 7.09 6.92 6.82 6.36 6.26 6.55 4.82 5.29 5.43 5.28 5.49 5.27 5.75 5.35 5.51 5.65 5.58 5.62 6.56 6.14 5.93 5.93 6.01 6.05 6.06 6.07 6.21 6.88 7.72 -9999 -9999 -9999 -9999 -9999 -9999 -9999 -9999
-9999 -9999 -9999 -9999 -9999 -9999 -9999 -9999 7.37 11.13 7.16 7.69 8.48 5.92 11.05 9.39 8.40 7.35 8.73 7.19 7.58 6.83 5.81 6.57 8.72 7.97 7.71 6.13 5.53 5.16 6.03 6.18 5.95 5.75 5.36 5.33 6.07 5.97 5.74 6.31 6.84 5.71 8.01 7.49 5.90 6.20 5.76 5.32 5.21 4.79 4.81 4.96 5.49 5.24 4.98 5.79 5.43 5.53 5.63 5.79 6.57 6.11 5.89 5.96 5.93 6.03 6.00 6.07 6.66 7.49 -9999 -9999 -9999 -9999 -9999 -9999 -9999 8.44 -9999
-9999 -9999 -9999 -9999 -9999 -9999 7.90 7.52 9.31 8.23 6.97 7.22 7.80 5.45 6.16 7.18 8.86 8.44 9.23 8.34 8.37 5.39 6.68 6.72 5.55 6.03 5.87 6.29 5.81 5.49 6.07 6.25 6.18 5.74 5.67 6.23 5.84 6.13 5.68 6.46 6.79 6.58 6.03 5.56 6.35 6.00 5.63 5.52 5.38 5.21 4.57 5.08 5.01 4.69 4.87 5.18 5.35 5.54 5.49 5.78 6.49 6.07 5.77 5.88 5.84 5.91 5.94 6.25 6.98 -9999 -9999 -9999 -9999 -9999 8.37 8.15 7.87 7.45 7.40
-9999 -9999 -9999 -9999 -9999 8.00 7.76 7.65 7.74 7.55 7.39 6.87 5.81 5.04 5.93 6.87 7.90 11.50 7.34 6.21 6.08 4.61 8.05 8.82 8.45 6.75 6.14 6.41 6.28 6.08 6.29 6.60 6.29 6.06 5.94 6.22 6.35 5.62 5.62 6.51 6.52 6.24 5.92 5.91 6.04 5.40 5.58 5.01 4.94 5.21 4.89 4.65 4.43 4.62 5.14 5.07 5.21 5.40 5.53 5.74 6.61 6.25 5.82 5.74 5.74 5.84 5.92 6.24 6.83 -9999 -9999 -9999 -9999 -9999 7.67 7.26 7.06 6.74 6.62
-9999 -9999 -9999 -9999 8.35 8.65 8.12 8.01 -9999 -9999 -9999 -9999 6.15 8.83 7.74 7.62 8.67 7.48 6.32 7.84 7.41 6.60 11.52 10.24 8.70 8.87 7.19 6.12 6.41 6.48 6.28 6.35 6.27 6.05 6.23 5.85 6.47 5.73 5.66 5.91 6.15 6.20 6.04 5.45 5.45 5.36 5.23 4.96 4.76 4.59 4.53 4.50 4.66 5.00 5.02 4.99 5.38 5.72 5.81 5.83 6.31 6.19 6.07 5.68 5.69 5.76 5.81 5.99 6.48 7.32 -9999 -9999 -9999 -9999 7.09 6.69 6.55 6.50 6.42
-9999 -9999 -9999 -9999 9.09 9.82 8.09 8.34 -9999 -9999 -9999 -9999 6.39 7.82 8.75 6.07 8.43 7.94 7.56 9.15 9.96 8.21 10.33 6.80 7.42 7.39 6.79 6.16 6.23 6.43 6.36 6.48 6.73 6.16 6.39 6.10 6.05 6.26 5.69 5.80 5.44 5.84 6.27 6.38 6.27 5.39 5.01 4.88 4.77 4.95 4.61 4.75 5.04 5.21 5.61 5.27 6.25 6.26 6.36 5.91 6.12 6.08 5.98 5.60 5.68 5.73 5.74 5.82 5.97 6.52 7.03 -9999 -9999 7.31 7.00 6.72 6.78 6.54 6.32
-9999 -9999 -9999 -9999 -9999 -9999 -9999 -9999 -9999 -9999 -9999 -9999 6.87 8.92 7.76 5.85 7.03 6.19 9.84 9.35 6.83 8.65 8.37 7.49 7.78 6.68 6.22 5.83 6.44 6.37 6.55 6.41 6.17 6.12 6.03 5.86 5.90 6.12 5.72 5.54 5.62 5.74 5.57 5.97 6.05 5.04 5.64 6.07 5.38 5.30 5.07 4.63 5.15 5.67 6.16 5.99 5.71 5.97 6.35 6.06 6.23 6.05 5.96 5.54 5.64 5.71 5.75 5.75 5.67 5.85 6.22 6.72 6.93 6.75 6.75 6.34 6.80 6.78 6.70
-9999 -9999 -9999 -9999 -9999 -9999 -9999 -9999 -9999 -9999 -9999 -9999 -9999 8.96 4.57 4.76 6.77 9.22 8.64 9.45 8.99 6.81 7.42 8.08 6.23 6.04 5.60 5.67 5.89 6.23 6.33 6.35 6.17 5.98 5.85 5.93 5.78 6.01 5.82 5.52 6.56 6.13 5.43 5.35 5.34 5.38 5.29 5.82 5.88 5.52 6.05 5.16 5.05 5.45 5.23 5.43 5.55 5.55 6.23 6.21 6.04 5.81 5.96 5.57 5.63 5.67 5.68 5.72 5.76 5.81 5.84 6.10 6.29 6.35 6.31 6.36 6.90 6.85 6.62
-9999 -9999 -9999 -9999 -9999 -9999 -9999 -9999 -9999 -9999 -9999 -9999 -9999 6.74 8.87 9.28 8.12 7.35 6.93 8.22 7.00 7.06 6.27 5.97 7.11 5.78 5.56 6.53 6.26 6.20 6.14 5.86 5.85 6.14 5.99 6.51 6.35 6.07 5.74 5.43 6.40 6.77 5.97 5.38 5.17 5.34 5.36 5.35 5.53 5.87 7.00 6.23 5.23 5.03 5.22 5.76 6.32 6.35 6.08 6.33 6.10 5.91 5.75 5.61 5.64 5.64 5.71 5.75 5.79 5.86 5.92 6.03 6.15 6.33 6.35 6.27 6.72 6.74 7.02
-9999 -9999 -9999 -9999 -9999 -9999 -9999 -9999 -9999 -9999 -9999 -9999 7.98 7.62 6.16 10.36 7.25 6.20 7.58 7.44 6.70 8.29 6.49 6.21 7.52 5.48 8.69 6.92 5.88 6.02 6.73 5.94 5.76 7.26 7.07 6.56 5.83 5.97 5.83 5.56 5.89 6.14 5.93 5.51 5.35 5.28 5.31 5.53 5.43 6.04 5.96 5.67 5.38 5.19 5.53 6.02 6.54 6.53 5.96 6.05 6.06 5.96 5.79 5.66 5.63 5.67 5.72 5.77 5.79 5.86 5.94 5.97 6.08 6.45 6.48 6.34 6.50 6.73 6.43
-9999 -9999 -9999 -9999 -9999 -9999 -9999 -9999 -9999 -9999 -9999 -9999 7.19 7.50 10.15 6.67 4.37 5.63 5.92 7.00 8.50 8.41 6.85 6.56 6.58 5.57 6.01 6.49 7.18 7.08 6.08 6.12 6.04 6.24 6.56 5.85 5.67 5.98 5.86 6.01 6.14 5.86 5.93 5.72 5.48 5.35 5.26 5.32 5.39 5.83 5.97 5.68 5.14 5.33 5.95 6.60 6.24 6.56 6.49 6.15 5.87 6.25 5.79 5.85 5.68 5.70 5.66 5.72 5.77 5.79 5.85 5.92 6.00 6.53 6.46 6.24 6.32 6.63 6.51
-9999 -9999 -9999 -9999 -9999 -9999 -9999 -9999 -9999 -9999 -9999 -9999 7.71 8.76 5.00 5.82 5.24 6.00 6.21 8.99 8.04 8.85 7.19 6.57 5.55 5.01 5.50 7.33 8.41 9.02 6.34 7.15 6.38 6.41 6.31 5.43 5.53 5.71 5.84 6.03 5.70 5.73 6.37 5.94 5.44 5.40 5.97 5.22 5.48 5.67 5.57 5.30 5.15 5.48 5.77 6.01 6.07 6.06 5.70 5.70 6.00 6.13 5.57 5.53 5.64 5.63 5.64 5.63 5.61 5.70 5.76 5.84 5.94 6.16 6.12 6.23 6.16 6.39 6.35
-9999 -9999 -9999 -9999 -9999 -9999 -9999 -9999 -9999 -9999 -9999 -9999 -9999 5.87 6.48 7.52 8.62 9.05 7.76 8.03 7.02 5.48 5.45 5.12 5.66 5.76 5.35 6.22 6.57 8.36 7.09 6.38 6.13 6.83 6.60 5.42 5.89 5.41 5.52 6.71 5.71 5.58 5.53 5.63 5.28 5.28 6.13 5.80 5.44 5.71 5.48 5.32 5.47 5.85 5.62 5.58 5.39 5.79 5.40 6.04 6.08 5.58 5.45 5.73 5.65 5.47 5.47 5.45 5.50 5.59 5.67 5.75 5.81 5.88 5.94 6.07 6.04 6.02 6.12
-9999 -9999 -9999 -9999 -9999 -9999 -9999 -9999 -9999 -9999 -9999 -9999 -9999 6.58 7.19 7.72 8.68 10.04 9.22 7.40 5.98 5.18 6.12 7.26 8.24 9.11 7.26 5.98 6.36 7.06 6.76 5.67 7.28 6.74 6.64 5.84 6.23 5.59 5.40 5.76 6.43 6.12 5.70 5.41 5.23 5.37 5.90 5.77 5.56 5.57 5.77 5.85 5.92 6.10 5.64 5.46 6.08 6.08 6.04 5.89 6.01 5.52 5.66 5.92 5.38 5.29 5.31 5.34 5.44 5.51 5.56 5.64 5.70 5.77 5.76 5.70 5.61 5.55 5.72
-9999 -9999 -9999 -9999 -9999 -9999 -9999 -9999 -9999 -9999 -9999 -9999 7.02 5.92 6.49 7.80 8.38 7.85 7.66 6.53 7.13 9.66 8.04 8.11 8.02 6.84 6.28 6.68 6.93 6.08 5.74 6.12 7.08 6.96 6.58 5.76 6.30 5.38 5.39 6.18 5.81 5.99 5.97 5.56 5.30 5.37 5.87 5.80 5.41 5.56 5.55 5.50 5.90 5.65 6.16 5.80 6.12 5.69 5.82 5.86 5.39 5.28 5.73 5.66 5.15 5.13 5.33 5.27 5.41 5.48 5.58 5.61 5.60 5.61 5.53 5.69 5.82 5.82 5.44
-9999 -9999 -9999 -9999 -9999 -9999 -9999 -9999 -9999 -9999 -9999 -9999 8.12 6.86 6.19 6.15 7.20 9.26 8.94 8.16 7.25 7.63 8.43 9.01 8.91 6.67 7.75 8.33 6.12 7.34 5.30 5.79 6.77 7.73 5.93 6.15 5.43 5.05 5.26 5.67 7.13 6.22 6.15 5.84 5.61 5.60 5.74 5.60 5.35 5.43 5.38 5.34 5.30 5.94 6.16 6.08 6.32 5.71 5.38 5.33 5.05 5.23 5.49 5.35 5.15 5.40 5.33 5.56 5.42 5.49 5.66 5.70 5.56 5.48 5.39 5.38 5.80 5.82 5.84
-9999 -9999 -9999 -9999 -9999 -9999 -9999 -9999 -9999 -9999 -9999 -9999 7.28 6.55 4.79 5.50 7.03 9.38 8.37 8.52 7.14 8.17 7.84 6.99 7.38 7.67 7.47 6.61 5.89 6.18 7.63 5.73 5.73 5.84 5.90 6.66 5.84 5.02 5.19 5.61 5.84 5.77 6.26 5.99 5.75 5.80 5.44 5.17 5.46 5.57 5.60 5.28 5.57 6.19 6.14 5.61 5.62 5.95 5.31 5.35 4.75 5.20 5.27 4.91 4.96 5.17 4.99 5.22 5.29 5.40 5.51 5.49 5.44 5.42 5.34 5.52 5.26 5.45 5.60
-9999 -9999 -9999 -9999 -9999 -9999 -9999 -9999 -9999 -9999 -9999 7.04 7.38 8.21 6.57 5.38 7.45 8.14 9.30 9.25 6.45 6.70 6.27 7.00 7.76 6.73 6.61 7.60 6.74 6.31 6.10 5.59 5.22 5.37 5.93 5.88 5.68 5.49 5.21 5.14 5.56 5.78 5.46 5.72 5.55 5.86 5.41 5.35 5.40 5.19 5.13 5.27 5.87 5.78 5.75 5.33 5.66 5.61 5.27 4.72 5.07 5.07 5.09 5.22 5.08 4.96 5.02 5.07 5.25 5.38 5.38 5.37 5.31 5.27 5.32 5.50 5.46 5.50 5.65
-9999 -9999 -9999 -9999 -9999 -9999 -9999 -9999 -9999 -9999 7.67 7.47 7.65 6.45 5.40 7.04 8.80 9.14 8.08 8.98 6.85 7.54 6.67 6.31 9.65 7.06 7.38 6.27 6.40 5.68 5.57 5.74 6.32 5.75 6.75 5.79 5.98 5.24 5.09 5.19 5.38 5.58 5.41 5.50 5.67 5.73 5.02 5.33 5.28 5.34 5.40 5.54 5.84 5.42 5.77 5.42 5.44 4.90 4.72 5.21 5.33 5.03 5.11 5.07 4.71 5.08 5.24 5.34 5.42 5.33 5.26 5.17 5.31 5.32 5.68 5.81 5.90 5.92 5.57
-9999 -9999 -9999 -9999 -9999 -9999 -9999 -9999 8.23 7.39 6.73 5.75 5.52 5.72 5.89 7.74 8.50 9.34 10.10 8.95 7.65 5.62 7.15 6.72 8.77 7.19 6.66 6.67 5.89 5.72 5.22 5.79 6.77 6.38 6.40 5.25 5.38 5.26 5.24 5.59 5.41 5.63 5.26 5.33 5.47 5.11 5.03 5.20 5.65 5.52 5.94 6.23 5.92 5.59 5.27 5.07 5.36 5.47 5.15 5.22 4.68 5.06 5.13 4.81 4.52 4.71 5.35 5.41 5.54 5.19 5.11 5.05 5.23 5.79 6.02 5.89 6.33 6.20 6.07
-9999 -9999 -9999 -9999 8.08 7.51 6.78 8.43 8.32 8.23 8.11 6.61 6.13 5.79 8.49 7.67 8.83 8.95 8.69 6.94 6.24 5.29 6.22 6.13 9.58 8.58 7.26 6.04 6.23 5.90 6.78 5.32 6.30 6.46 6.18 5.76 5.31 5.07 5.58 5.32 5.04 5.75 5.19 5.17 4.95 5.09 5.38 5.67 5.25 5.73 5.52 5.72 6.16 6.01 5.77 5.52 5.66 5.52 5.17 4.85 5.18 4.63 4.59 4.56 4.51 5.04 5.32 5.49 5.24 5.02 5.11 5.28 5.88 5.97 5.76 6.17 5.77 5.98 6.23
-9999 -9999 -9999 8.65 7.31 7.52 7.03 6.64 7.52 7.12 7.36 6.19 5.49 7.47 7.93 8.28 6.46 9.34 7.20 5.84 8.56 6.90 5.18 9.03 7.94 7.21 5.03 5.12 5.60 7.33 5.72 5.39 5.39 5.51 6.40 6.15 6.03 5.29 5.39 5.08 5.03 5.51 5.26 5.00 4.99 5.20 5.57 5.46 6.44 5.49 5.34 5.56 5.96 5.60 5.50 5.21 5.20 5.37 5.11 5.32 4.91 4.56 4.60 4.79 4.63 4.91 5.08 4.93 4.94 5.00 5.13 5.31 5.59 6.04 6.02 6.06 5.88 5.86 5.97
-9999 -9999 8.43 8.01 6.28 5.98 6.06 6.56 6.25 6.57 6.12 6.46 8.85 7.32 6.59 8.58 5.49 6.98 6.90 8.64 8.23 8.59 7.33 7.17 6.34 4.74 7.36 7.28 5.43 5.72 5.46 5.30 5.57 5.27 5.41 6.29 6.42 5.17 4.99 4.99 5.26 4.97 4.72 4.91 6.30 5.32 5.25 5.58 6.00 5.66 5.38 5.68 5.94 5.85 6.04 5.63 5.12 4.97 4.86 5.28 5.00 4.65 5.09 5.05 4.79 4.96 4.98 4.96 5.18 5.29 5.36 5.55 5.61 6.01 5.66 5.58 5.77 5.60 5.74
7.41 8.25 6.83 6.64 6.92 6.33 6.05 7.20 6.57 6.59 6.62 8.15 7.88 6.92 7.48 7.17 6.03 5.97 7.92 8.20 7.26 7.32 8.28 6.50 4.67 7.45 8.29 6.88 6.92 5.56 5.74 5.32 5.52 6.60 5.48 6.63 5.65 5.09 4.92 5.05 5.92 4.62 4.82 6.97 5.56 5.33 5.34 5.70 6.19 5.47 5.52 5.68 5.49 5.74 5.68 5.34 5.06 5.17 4.90 5.03 5.15 5.10 4.87 4.72 4.69 4.78 5.14 5.99 5.69 6.18 5.87 5.34 6.00 5.88 5.93 5.76 5.66 5.75 5.64
6.47 7.98 9.64 8.90 8.55 6.81 7.40 8.32 7.60 7.31 8.48 7.45 7.06 8.34 6.63 5.29 5.76 6.01 7.58 7.47 7.16 6.78 6.50 5.60 6.51 11.49 9.13 7.11 5.79 6.08 5.75 6.60 5.68 5.95 5.42 5.40 5.35 5.31 4.98 4.84 4.86 4.62 6.49 6.80 6.30 5.56 5.36 6.79 5.97 5.56 5.67 5.41 5.77 5.68 5.48 5.02 5.53 5.26 4.87 5.68 5.49 4.86 4.73 4.72 4.72 5.10 5.73 6.03 5.97 6.26 5.88 5.65 6.04 5.95 5.61 5.77 5.70 5.83 5.84
6.34 7.11 7.43 7.11 6.40 7.49 6.84 7.86 6.14 6.81 8.16 7.61 6.60 7.14 5.22 4.95 7.02 7.60 6.92 6.08 7.18 5.48 4.96 4.91 7.69 9.49 9.71 5.99 6.38 6.47 6.59 6.06 5.26 5.99 5.65 5.55 5.22 5.34 4.69 4.53 5.09 5.08 6.53 6.39 6.00 5.37 5.83 6.70 6.34 6.04 5.71 5.76 5.63 5.38 5.15 5.13 5.36 5.51 5.25 5.10 5.01 4.82 5.38 5.74 4.97 5.20 5.73 5.97 5.77 6.07 6.02 6.00 6.01 5.61 5.67 5.59 5.61 5.46 5.68
6.00 6.41 6.31 6.71 6.40 6.50 7.18 6.38 6.80 6.00 5.86 5.77 5.53 5.26 6.51 5.95 8.10 11.55 6.80 6.85 7.07 9.45 9.15 4.79 4.71 10.38 8.13 6.92 7.20 7.79 6.51 5.31 4.90 6.19 6.37 5.59 5.16 4.94 4.62 4.60 5.30 6.72 6.84 6.03 5.75 5.57 5.50 5.61 6.20 5.80 5.65 5.44 5.17 4.99 4.98 5.51 5.38 5.20 5.17 4.65 4.70 5.17 5.11 5.51 5.19 5.25 5.36 5.57 5.91 6.05 6.05 6.03 6.05 5.53 5.34 5.58 5.55 5.26 5.48
5.75 6.28 5.79 6.14 6.25 6.39 5.86 5.81 6.29 5.83 6.61 5.88 7.04 5.29 7.15 8.39 8.46 9.13 9.55 8.02 9.13 10.21 7.25 8.23 7.23 4.67 7.74 7.70 5.82 6.08 5.08 6.03 5.89 7.53 6.96 5.56 5.13 4.73 4.63 5.30 6.92 6.12 6.99 6.04 5.81 6.18 5.60 6.38 5.61 5.69 5.37 5.14 4.99 5.08 5.10 5.17 5.01 4.90 4.67 4.68 5.17 5.59 5.26 4.91 5.30 5.05 5.65 5.34 5.39 5.57 5.72 5.84 5.86 5.71 5.24 5.47 5.47 5.33 5.59
5.85 5.61 6.50 7.24 8.27 7.61 6.77 6.25 5.75 5.97 7.54 5.94 6.65 5.11 6.38 6.79 6.39 5.77 7.28 6.81 8.20 8.34 9.57 8.36 8.62 7.77 10.05 6.67 5.93 5.61 6.16 5.81 7.22 6.92 7.05 5.27 5.02 4.71 6.76 7.15 6.91 7.06 5.97 6.17 6.22 6.08 5.75 5.75 5.70 5.44 5.21 5.08 4.97 5.27 5.32 5.49 5.18 4.78 4.69 4.95 5.73 4.75 5.01 5.08 4.89 4.89 5.06 4.99 5.16 5.50 5.35 5.63 5.64 5.51 5.45 5.47 5.21 5.10 5.75
6.15 5.83 6.01 7.12 7.44 7.91 7.42 6.89 6.44 6.10 6.31 7.64 5.61 7.90 7.39 7.41 8.04 7.11 5.86 5.98 7.15 6.68 7.89 7.85 6.88 9.25 9.10 5.83 6.30 5.09 5.50 6.53 6.97 6.57 6.11 5.19 4.95 5.94 5.69 6.77 6.64 6.21 6.30 6.07 5.85 5.90 5.53 5.34 5.29 5.19 5.90 5.03 5.35 4.97 4.96 4.81 4.82 4.97 5.39 5.70 5.14 4.83 4.93 4.88 4.76 4.90 5.22 5.53 4.86 5.40 5.87 5.50 5.35 5.52 5.07 5.23 5.71 5.43 5.32
6.49 6.74 7.29 8.13 -9999 -9999 -9999 -9999 7.23 6.92 7.31 5.94 5.35 6.27 6.45 6.36 6.12 4.23 9.25 9.57 6.84 6.20 6.41 7.42 7.91 8.81 7.05 6.08 5.47 4.97 7.30 6.57 7.46 5.77 5.58 5.32 5.28 6.59 5.79 6.77 6.68 6.16 6.10 5.86 5.64 5.41 5.27 5.20 5.22 5.16 5.66 5.05 5.14 5.11 4.87 4.93 5.03 5.91 5.76 5.41 5.06 5.02 4.28 4.37 4.39 5.06 5.37 5.28 4.69 5.20 5.65 5.55 5.32 5.68 5.42 5.34 5.58 5.69 5.47
