ML/MeanWindSpeed_1995-01_Actual.txt
ncols         180
nrows         290
xllcorner     -200000
yllcorner     -200000
cellsize      5000
NODATA_value  -9999
[rows 204 to 237 of 290, columns 77 to 153 of 180]
16.65 13.75 14.64 16.49 17.10 16.09 14.00 17.30 15.54 18.27 13.50 15.31 18.72 16.47 13.41 15.28 9.94 9.61 15.64 16.57 13.84 11.08 14.24 9.53 8.90 10.18 17.76 21.03 20.96 11.43 13.39 13.80 14.13 12.81 10.43 12.25 11.39 10.86 9.99 10.74 9.31 8.95 10.41 10.53 14.18 13.18 12.27 10.93 12.13 14.00 12.74 12.10 11.40 11.55 11.26 10.77 10.38 10.67 11.47 12.02 11.52 11.19 11.03 10.65 12.25 13.35 11.21 11.72 12.96 13.38 12.72 13.63 13.68 13.73 13.44 11.44 11.43
14.12 14.64 12.88 13.52 12.92 14.21 13.45 13.90 15.95 13.43 14.80 12.59 11.89 11.54 11.10 10.81 14.87 13.70 19.19 28.15 14.48 14.74 14.95 21.42 20.80 8.87 7.75 22.09 16.13 14.07 15.55 17.43 13.65 10.53 9.57 12.91 13.47 11.23 10.06 9.61 9.13 9.28 10.98 14.76 14.46 11.70 11.34 11.28 10.81 10.59 12.04 11.15 11.00 10.51 9.95 9.74 9.99 11.72 11.32 10.85 11.05 9.75 10.02 11.59 11.50 12.57 11.67 11.63 11.63 12.03 13.04 13.55 13.76 13.77 13.69 11.32 10.53
16.50 13.07 12.16 13.40 11.75 12.76 13.06 13.69 12.12 12.10 13.78 12.69 14.73 12.68 16.28 11.70 17.28 20.51 19.74 20.93 22.46 18.40 21.35 24.20 15.62 18.05 14.08 5.66 14.96 16.04 11.50 12.36 9.56 12.85 12.61 16.75 14.96 11.12 10.10 9.30 9.20 10.99 14.97 12.17 14.47 11.88 11.59 12.85 10.80 12.25 9.96 10.47 9.97 9.70 9.58 10.13 10.35 10.57 10.07 9.81 9.57 9.94 11.41 12.66 11.66 10.57 11.73 10.85 12.36 11.42 11.58 12.20 12.80 13.19 13.08 12.06 10.37
16.18 14.28 12.77 12.20 14.79 16.68 19.08 17.10 15.04 13.93 12.84 13.87 18.23 13.67 15.80 11.12 13.89 14.29 12.22 9.80 14.53 13.39 17.16 17.55 21.67 18.75 18.70 15.28 21.74 13.00 11.45 10.87 12.83 12.19 16.13 14.60 14.73 10.19 9.95 9.39 15.07 15.76 14.28 14.20 11.23 12.17 12.58 12.16 10.42 9.99 9.96 9.59 9.53 9.71 9.84 10.88 11.03 11.39 10.51 9.52 9.57 10.80 13.14 10.18 10.91 11.06 10.49 10.44 10.80 10.47 10.97 12.05 11.71 12.49 12.29 11.61 11.15
16.43 15.28 13.73 12.94 13.29 16.01 16.33 17.52 16.58 15.49 14.85 14.30 14.71 18.54 12.68 18.71 16.14 15.36 16.45 13.56 9.93 10.02 13.31 11.94 15.79 16.50 13.78 20.08 19.77 10.79 12.76 9.72 10.97 13.91 14.81 12.85 11.66 9.88 9.62 12.45 11.20 13.48 12.56 11.33 11.84 11.43 10.82 10.51 9.16 8.68 8.78 9.00 11.75 9.81 11.12 10.07 10.01 9.58 9.68 10.16 11.45 12.80 11.37 10.41 10.73 10.70 10.45 10.72 11.45 12.27 10.36 11.80 13.13 12.01 11.32 11.59 10.14
15.73 14.88 14.48 15.12 16.10 17.83 -9999 -9999 -9999 -9999 16.25 15.74 16.98 13.08 11.33 13.69 13.43 13.00 12.48 6.90 20.44 20.88 12.87 10.95 11.19 14.16 15.55 17.91 13.60 11.85 10.80 9.63 16.05 13.35 15.29 10.30 10.34 10.26 10.13 13.36 10.09 12.01 11.59 10.41 10.68 10.38 9.81 8.96 8.44 8.39 8.81 9.14 11.29 10.12 10.69 10.70 9.96 10.08 10.29 12.62 12.05 11.66 11.10 10.99 9.05 9.56 9.70 11.43 12.05 11.75 10.00 11.25 12.42 12.05 11.21 12.07 11.16
17.81 18.06 18.60 16.16 18.90 18.36 -9999 -9999 -9999 -9999 -9999 -9999 -9999 11.83 11.97 13.08 10.98 11.94 13.19 16.14 18.76 22.04 20.25 16.86 13.75 13.26 11.10 14.78 15.38 10.90 9.69 15.68 14.92 15.89 10.74 10.02 10.75 10.68 12.20 12.67 11.31 11.12 10.54 10.07 9.87 9.65 9.31 9.24 8.97 9.99 9.27 9.42 9.58 9.76 10.08 9.92 10.81 12.74 12.55 10.92 12.58 11.73 10.47 10.19 9.37 9.54 10.86 11.46 10.70 9.88 9.76 11.51 9.90 10.48 12.00 10.96 10.88
-9999 -9999 18.19 -9999 -9999 -9999 -9999 -9999 -9999 -9999 -9999 18.81 16.44 15.66 17.27 15.50 13.46 12.29 13.15 13.57 16.52 18.26 17.50 11.50 10.75 16.45 13.99 13.05 10.38 9.86 9.83 13.81 13.07 12.54 10.64 10.73 11.31 9.51 13.71 13.44 10.92 10.70 10.04 9.98 9.93 9.67 10.53 9.75 9.88 8.97 8.99 9.10 9.42 9.56 10.39 9.68 11.72 14.14 11.86 12.21 9.18 11.00 10.16 9.71 11.67 11.41 11.37 11.78 10.44 9.46 9.65 9.46 10.45 11.46 10.36 11.09 10.73
-9999 -9999 -9999 -9999 -9999 -9999 -9999 -9999 -9999 -9999 -9999 20.49 19.57 16.23 17.73 17.97 -9999 -9999 12.59 16.81 9.28 11.64 11.32 11.81 13.23 15.48 10.88 9.43 10.48 10.96 12.09 12.31 12.06 11.55 11.39 12.66 10.63 10.82 13.07 10.71 9.95 9.49 9.77 10.67 10.48 9.83 10.15 9.47 9.59 10.54 11.33 10.73 11.50 9.84 9.59 10.89 14.17 11.01 11.02 10.34 8.11 10.48 10.16 10.55 11.31 11.25 10.47 9.92 11.87 9.97 9.56 9.25 9.34 9.61 9.28 8.81 11.01
-9999 -9999 -9999 -9999 -9999 -9999 -9999 -9999 -9999 -9999 -9999 -9999 -9999 -9999 -9999 -9999 -9999 -9999 14.29 12.29 11.99 10.04 8.70 8.95 9.82 11.39 10.88 10.97 12.21 13.67 14.34 13.74 -9999 12.09 11.62 11.23 10.43 10.88 12.64 10.63 10.59 9.77 8.79 8.85 10.36 9.57 10.18 12.20 12.50 12.15 13.43 14.58 12.27 11.67 11.36 11.27 12.58 10.36 10.32 10.22 9.15 8.93 9.03 10.20 11.44 10.70 9.71 9.66 9.62 9.41 9.19 8.93 8.95 9.06 9.34 9.46 10.02
-9999 -9999 -9999 -9999 -9999 -9999 -9999 -9999 -9999 -9999 -9999 -9999 -9999 -9999 -9999 -9999 -9999 -9999 -9999 13.87 12.09 10.50 10.61 11.45 9.44 9.51 10.70 12.93 -9999 -9999 -9999 -9999 13.61 11.97 11.48 10.55 10.22 10.94 12.78 10.94 11.20 10.12 8.61 10.01 9.64 12.10 11.71 14.74 12.53 12.73 12.15 12.67 12.30 11.19 12.43 9.46 9.94 10.62 8.84 9.22 8.68 8.35 8.18 7.86 7.82 8.54 8.39 8.41 8.27 8.51 8.41 10.29 10.74 9.05 9.10 9.40 9.77
-9999 -9999 -9999 -9999 -9999 -9999 -9999 -9999 -9999 -9999 -9999 -9999 -9999 -9999 -9999 -9999 -9999 -9999 -9999 -9999 14.12 15.82 14.04 12.09 11.85 11.97 13.73 -9999 -9999 -9999 -9999 14.81 14.35 13.98 9.47 9.20 9.51 12.69 13.13 12.12 11.00 9.35 9.44 9.21 11.61 14.03 12.74 12.93 11.78 11.93 11.53 9.98 10.76 10.79 10.20 9.96 9.74 9.74 9.12 9.24 9.94 10.09 9.93 7.94 7.84 8.10 8.03 8.94 8.59 9.03 8.28 9.47 9.42 9.43 10.94 9.62 10.79
-9999 -9999 -9999 -9999 -9999 -9999 -9999 -9999 -9999 -9999 -9999 -9999 -9999 -9999 -9999 -9999 -9999 -9999 -9999 -9999 -9999 15.57 15.82 14.02 13.30 13.07 16.34 -9999 -9999 -9999 13.91 11.44 10.43 12.86 12.11 11.02 9.22 11.01 9.52 12.09 11.02 8.84 10.89 12.36 12.36 11.88 13.17 11.85 11.18 10.71 9.82 9.60 9.42 9.73 10.55 10.12 9.38 9.51 9.72 9.70 10.68 10.03 9.91 9.09 8.14 8.32 7.99 7.94 7.77 8.33 8.36 8.73 8.80 10.51 11.09 11.57 11.25
-9999 -9999 -9999 -9999 -9999 -9999 -9999 -9999 -9999 -9999 -9999 -9999 -9999 -9999 -9999 -9999 -9999 -9999 -9999 -9999 -9999 -9999 -9999 -9999 -9999 -9999 -9999 -9999 -9999 17.16 12.39 10.13 9.53 12.19 9.80 10.94 11.96 11.29 10.93 11.33 9.25 9.04 9.73 11.31 11.16 11.79 12.08 12.49 12.07 11.61 13.74 11.16 11.20 10.19 10.91 10.95 9.84 9.93 9.42 9.97 10.83 9.73 8.87 8.67 8.54 8.40 9.07 8.28 8.93 8.36 9.97 10.72 10.37 9.04 12.82 13.93 11.87
-9999 -9999 -9999 -9999 -9999 -9999 -9999 -9999 -9999 -9999 -9999 -9999 -9999 -9999 -9999 -9999 -9999 -9999 -9999 -9999 -9999 -9999 -9999 -9999 -9999 -9999 -9999 -9999 -9999 13.86 13.00 11.05 18.19 15.05 9.92 11.01 11.92 12.14 12.49 9.98 9.52 9.56 9.48 11.22 11.01 11.04 13.90 13.66 15.27 12.97 13.14 14.90 12.22 11.18 10.83 9.98 9.81 9.52 9.41 9.90 9.63 9.85 9.11 8.52 8.40 8.28 8.90 11.40 10.22 11.14 11.53 12.92 10.85 9.23 10.94 11.30 9.69
-9999 -9999 -9999 -9999 -9999 -9999 -9999 -9999 -9999 -9999 -9999 -9999 -9999 -9999 -9999 -9999 -9999 -9999 -9999 -9999 -9999 -9999 -9999 -9999 -9999 -9999 -9999 -9999 -9999 13.12 10.31 9.05 12.03 17.07 15.20 13.62 11.88 13.62 10.99 10.64 10.06 12.81 12.90 13.63 12.96 12.11 12.57 12.19 12.51 13.01 12.94 11.73 11.62 11.45 11.25 10.25 9.86 9.89 9.85 10.49 9.91 9.64 8.92 8.87 10.00 11.16 9.98 11.16 10.14 9.59 9.57 10.88 13.61 13.16 9.70 9.47 10.58
-9999 -9999 -9999 -9999 -9999 -9999 -9999 -9999 -9999 -9999 -9999 -9999 16.30 17.07 14.14 22.01 21.33 21.28 21.24 24.16 12.44 20.85 13.66 -9999 -9999 -9999 -9999 -9999 -9999 12.06 10.30 9.73 8.01 9.81 13.33 15.46 14.24 12.25 11.15 11.36 12.52 14.31 13.04 11.60 11.52 10.96 11.69 11.73 10.91 10.21 9.98 10.84 10.16 11.30 12.10 13.28 11.55 10.67 11.34 11.11 9.91 10.92 9.59 9.00 10.69 11.89 9.81 8.83 9.18 8.74 8.09 7.77 8.45 8.52 7.73 7.78 8.16
-9999 -9999 -9999 -9999 -9999 -9999 -9999 -9999 -9999 -9999 -9999 -9999 19.71 18.72 18.87 15.87 19.78 22.97 21.61 22.16 22.38 17.21 14.41 12.05 13.62 17.52 14.35 13.02 11.53 11.00 9.99 9.28 8.31 7.33 8.50 12.77 13.09 11.89 10.73 15.36 12.74 10.91 11.71 12.25 10.79 10.60 11.54 11.17 11.42 10.93 10.88 9.29 9.83 10.89 11.24 11.30 12.29 12.62 10.31 9.76 9.08 8.77 10.34 8.94 14.37 11.44 10.73 9.72 9.04 9.17 8.57 9.75 9.83 7.88 10.30 9.61 10.58
-9999 -9999 -9999 -9999 -9999 -9999 -9999 -9999 -9999 -9999 -9999 16.37 14.40 13.49 12.76 11.72 16.04 20.74 20.08 18.58 19.11 19.16 16.64 13.89 12.76 14.09 15.83 11.54 10.65 9.81 9.95 11.29 9.12 8.66 10.60 10.65 10.61 11.48 15.37 12.43 14.11 12.79 11.52 10.17 10.95 10.68 11.79 11.85 11.30 12.15 10.39 10.80 10.52 10.45 10.36 12.29 13.20 10.09 9.29 9.62 12.91 10.24 9.43 9.57 9.16 9.69 10.38 10.08 9.85 10.64 11.95 10.41 8.84 8.77 11.33 10.49 10.38
-9999 -9999 -9999 -9999 -9999 -9999 -9999 -9999 -9999 -9999 -9999 -9999 12.31 10.06 9.27 12.60 12.63 14.02 18.78 16.75 14.36 13.35 16.89 19.21 15.42 11.29 11.39 14.49 11.52 9.01 9.14 9.16 10.29 10.55 9.27 9.13 9.86 11.34 13.31 11.23 13.49 11.77 11.58 11.23 11.72 10.93 12.10 12.32 12.23 10.34 10.31 11.27 9.89 9.07 8.89 10.36 11.88 11.68 9.52 10.11 11.57 11.08 9.75 8.43 8.25 8.04 8.94 11.86 11.48 10.96 11.77 13.15 11.80 10.81 11.54 11.41 10.06
-9999 -9999 -9999 -9999 -9999 -9999 -9999 -9999 17.92 -9999 -9999 14.89 12.40 13.40 9.19 12.38 10.23 10.05 11.00 12.17 13.92 11.90 14.32 15.67 11.49 8.90 6.74 7.55 8.18 8.06 8.41 9.12 10.51 9.33 9.19 9.87 12.47 10.38 11.88 10.25 11.56 10.92 12.47 13.58 12.43 10.94 10.24 10.22 10.09 9.96 12.10 10.62 9.53 12.34 9.96 9.71 12.13 13.91 8.96 9.44 9.63 9.30 8.78 8.47 8.36 9.20 10.30 10.93 9.55 8.85 8.91 9.98 10.21 10.11 10.85 9.69 9.62
-9999 -9999 -9999 -9999 -9999 -9999 -9999 17.52 19.29 18.95 17.97 13.76 12.43 15.52 12.06 9.98 10.82 9.82 12.15 13.07 14.62 12.27 10.81 10.54 8.33 6.55 5.43 6.09 7.88 8.97 8.02 8.25 8.83 8.75 9.18 11.60 11.59 10.15 11.40 12.14 14.01 12.60 12.70 14.61 12.45 12.13 10.05 10.70 10.31 11.05 9.97 9.62 8.94 10.87 10.96 9.33 10.43 9.71 8.87 8.43 7.71 8.99 9.31 9.15 8.52 8.08 8.19 7.98 8.35 8.63 8.42 7.61 8.69 9.48 10.74 11.27 10.58
-9999 -9999 -9999 -9999 -9999 -9999 -9999 16.99 17.01 15.47 15.91 14.29 13.18 11.55 14.56 14.25 12.46 14.42 14.15 13.30 15.19 13.14 11.86 10.56 6.77 8.65 11.62 10.33 8.92 8.20 7.58 8.77 9.81 10.63 10.03 11.71 10.51 11.61 10.59 9.77 12.03 14.00 12.16 12.15 11.89 11.19 11.00 11.70 10.52 9.67 10.60 10.78 8.89 9.61 9.82 9.55 10.57 11.26 11.55 13.81 9.34 9.37 8.48 8.21 8.41 8.55 8.07 7.78 8.18 9.16 8.64 8.12 7.79 9.18 9.51 9.82 10.17
-9999 -9999 -9999 -9999 -9999 -9999 -9999 17.34 15.05 14.29 14.85 13.87 14.11 12.14 12.89 13.14 11.12 13.12 13.39 13.98 14.17 13.21 8.62 6.18 5.63 9.72 9.89 10.56 11.86 8.87 8.76 9.51 8.89 10.67 9.83 11.13 10.40 10.89 10.70 9.74 12.08 11.25 11.48 11.34 11.21 11.28 11.31 11.94 11.89 10.06 9.55 9.84 11.17 9.12 9.51 9.04 9.54 9.92 10.54 12.07 11.07 12.19 13.56 8.20 13.51 11.13 8.54 9.05 13.94 13.57 12.77 8.14 7.98 8.14 7.88 8.93 8.58
-9999 -9999 -9999 -9999 -9999 -9999 -9999 14.34 13.58 13.41 13.08 12.17 12.33 11.78 10.87 12.62 11.76 11.76 12.92 11.57 11.58 11.25 10.90 6.13 6.87 10.01 8.46 10.47 11.22 9.51 10.34 11.46 9.95 10.58 11.01 10.95 10.99 11.29 12.22 13.56 10.18 11.31 11.24 11.24 11.17 11.33 11.49 11.83 10.71 10.83 10.20 10.56 11.03 11.76 10.59 11.80 10.66 9.79 9.58 9.30 8.90 8.92 9.69 9.05 11.76 11.46 12.71 12.12 12.90 13.51 14.45 9.05 9.12 8.59 8.55 8.97 10.25
-9999 -9999 -9999 -9999 -9999 -9999 -9999 12.71 12.58 12.83 13.50 14.14 12.86 12.28 11.04 11.62 13.82 12.78 11.90 10.74 11.52 11.40 11.17 10.02 6.80 6.25 5.37 9.46 8.46 6.63 11.98 12.31 10.93 15.23 13.23 14.13 15.23 14.18 13.23 13.86 11.73 10.46 11.33 11.20 10.53 11.10 11.14 11.62 10.55 11.07 11.93 12.47 11.90 11.76 11.94 11.80 11.94 11.76 11.05 9.96 9.51 9.85 10.72 11.30 11.76 11.96 12.46 -9999 -9999 11.73 12.75 12.54 11.76 10.23 14.56 11.26 -9999
-9999 -9999 -9999 -9999 -9999 -9999 16.84 13.69 13.42 12.33 14.06 14.49 16.10 13.70 14.18 13.13 14.09 13.04 11.85 11.17 11.40 11.34 11.21 11.37 9.95 8.39 8.61 8.85 6.71 11.44 13.15 10.04 9.86 11.72 11.87 13.87 13.87 12.18 11.61 11.17 11.09 12.39 11.96 12.06 11.50 11.55 12.01 13.02 12.61 12.02 11.93 11.89 12.10 -9999 -9999 13.26 14.28 14.38 13.62 12.91 12.29 12.48 -9999 -9999 -9999 -9999 -9999 -9999 -9999 -9999 -9999 -9999 12.43 13.21 15.87 13.49 -9999
-9999 -9999 -9999 -9999 -9999 18.80 16.20 13.52 14.27 12.48 12.56 12.83 13.74 13.27 17.71 18.31 15.88 14.62 14.41 14.90 12.98 11.99 11.72 12.67 12.07 14.20 14.18 13.06 12.25 14.93 11.05 11.82 12.33 13.75 15.10 12.53 10.65 11.68 10.34 10.70 10.67 11.14 11.13 13.29 14.83 14.80 14.08 13.88 14.37 13.15 -9999 11.26 12.36 11.99 12.69 13.61 -9999 -9999 -9999 -9999 14.62 -9999 -9999 -9999 -9999 -9999 -9999 -9999 -9999 -9999 -9999 -9999 -9999 -9999 -9999 -9999 -9999
-9999 -9999 -9999 -9999 20.61 18.90 17.73 15.27 12.59 12.21 11.97 10.99 11.82 14.42 21.65 23.30 15.57 14.10 18.47 13.78 16.39 12.72 12.13 16.51 14.04 12.46 11.87 12.29 -9999 -9999 -9999 -9999 -9999 13.83 16.08 15.49 12.79 12.44 11.71 10.83 10.98 10.87 11.83 13.58 -9999 -9999 -9999 -9999 -9999 15.09 15.26 13.52 12.02 11.77 14.55 13.99 -9999 -9999 -9999 -9999 -9999 -9999 -9999 -9999 -9999 -9999 -9999 -9999 -9999 -9999 -9999 -9999 -9999 -9999 -9999 -9999 -9999
-9999 -9999 -9999 13.61 15.45 17.65 17.31 14.96 14.41 13.72 11.01 12.87 14.03 17.65 20.62 22.26 19.99 18.03 15.16 17.06 14.03 14.58 13.62 16.28 15.33 -9999 -9999 -9999 -9999 -9999 -9999 -9999 -9999 -9999 13.90 14.80 13.17 15.24 16.56 17.11 13.65 16.79 16.25 17.04 -9999 -9999 -9999 -9999 -9999 -9999 -9999 13.36 13.95 11.56 12.83 -9999 -9999 -9999 -9999 -9999 -9999 -9999 -9999 -9999 -9999 -9999 -9999 -9999 -9999 -9999 -9999 -9999 -9999 -9999 -9999 -9999 -9999
17.22 15.36 15.77 13.22 13.76 15.57 17.62 17.95 15.37 12.67 12.89 14.71 15.44 16.57 19.62 16.92 17.42 16.90 18.61 10.18 14.14 19.37 15.37 -9999 -9999 -9999 -9999 -9999 -9999 -9999 -9999 -9999 -9999 -9999 -9999 -9999 15.57 -9999 -9999 -9999 -9999 14.75 18.48 19.02 -9999 -9999 -9999 -9999 -9999 -9999 -9999 -9999 13.29 16.36 13.86 -9999 -9999 -9999 -9999 -9999 -9999 -9999 -9999 -9999 -9999 -9999 -9999 -9999 -9999 -9999 -9999 -9999 -9999 -9999 -9999 -9999 -9999
17.44 14.68 13.84 11.41 13.08 15.57 16.06 17.33 15.83 14.60 16.62 12.54 11.57 14.08 17.71 17.25 14.44 12.37 15.49 11.77 11.10 13.40 -9999 -9999 -9999 -9999 -9999 -9999 -9999 -9999 -9999 -9999 -9999 -9999 -9999 -9999 17.44 -9999 -9999 -9999 -9999 -9999 -9999 -9999 -9999 -9999 -9999 -9999 -9999 -9999 -9999 -9999 -9999 -9999 -9999 -9999 -9999 -9999 -9999 -9999 -9999 -9999 -9999 -9999 -9999 -9999 -9999 -9999 -9999 -9999 -9999 -9999 -9999 -9999 -9999 -9999 -9999
16.03 16.72 14.43 11.29 13.20 13.59 13.38 14.59 14.39 14.79 17.20 11.87 11.78 13.68 16.13 22.00 22.25 11.40 12.55 12.57 13.30 16.87 -9999 -9999 -9999 -9999 -9999 -9999 -9999 -9999 -9999 -9999 -9999 -9999 -9999 -9999 -9999 -9999 -9999 -9999 -9999 -9999 -9999 -9999 -9999 -9999 -9999 -9999 -9999 -9999 -9999 -9999 -9999 -9999 -9999 -9999 -9999 -9999 -9999 -9999 -9999 -9999 -9999 -9999 -9999 -9999 -9999 -9999 -9999 -9999 -9999 -9999 -9999 -9999 -9999 -9999 -9999
13.85 14.43 16.59 14.72 14.53 13.34 14.23 12.99 13.06 13.80 12.58 13.63 12.97 12.67 16.40 19.01 18.24 15.14 11.60 12.12 16.88 14.99 -9999 -9999 -9999 -9999 -9999 -9999 -9999 -9999 -9999 -9999 -9999 -9999 -9999 -9999 -9999 -9999 -9999 -9999 -9999 -9999 -9999 -9999 -9999 -9999 -9999 -9999 -9999 -9999 -9999 -9999 -9999 -9999 -9999 -9999 -9999 -9999 -9999 -9999 -9999 -9999 -9999 -9999 -9999 -9999 -9999 -9999 -9999 -9999 -9999 -9999 -9999 -9999 -9999 -9999 -9999
