ML/MeanWindSpeed_1999-07_Actual.txt
ncols         180
nrows         290
xllcorner     -200000
yllcorner     -200000
cellsize      5000
NODATA_value  -9999
[rows 175 to 209 of 290, columns 79 to 157 of 180]
-9999 -9999 -9999 -9999 -9999 -9999 -9999 11.11 10.69 10.12 9.53 8.76 6.55 5.38 9.58 13.89 7.40 8.90 8.14 7.55 6.23 4.47 5.02 6.80 7.96 6.70 5.56 5.99 6.62 6.08 6.27 7.17 6.70 6.43 6.05 5.95 5.78 5.30 4.72 4.61 8.20 8.86 7.97 8.36 6.70 6.57 7.80 7.52 6.13 5.92 6.78 6.49 6.14 6.58 6.39 7.17 6.85 6.72 6.54 6.58 7.48 6.80 6.74 6.86 6.84 7.33 7.84 7.98 8.22 8.53 7.79 8.80 9.99 -9999 -9999 -9999 -9999 -9999 -9999
-9999 -9999 -9999 -9999 -9999 -9999 -9999 -9999 11.80 10.10 8.55 6.58 4.96 6.32 16.42 12.26 6.56 9.66 6.03 7.82 7.63 5.02 4.13 8.85 7.18 7.26 6.45 5.80 6.01 5.93 5.50 6.40 6.82 6.63 6.29 5.91 5.86 5.31 4.66 5.84 7.26 9.65 8.34 9.12 8.15 5.28 7.17 8.37 6.27 6.26 6.74 6.28 6.18 6.40 6.47 7.29 6.82 6.67 6.77 6.71 7.32 7.21 6.94 6.94 6.95 7.20 7.88 8.83 8.22 7.84 7.86 8.68 9.90 -9999 -9999 -9999 -9999 -9999 -9999
-9999 -9999 -9999 -9999 -9999 -9999 -9999 -9999 -9999 9.61 7.23 6.35 7.02 14.27 17.48 13.04 9.36 8.68 8.40 8.81 8.95 8.21 5.48 5.53 9.03 6.98 6.39 6.33 5.91 5.80 5.82 6.15 6.58 6.33 5.99 6.01 5.79 5.43 5.48 6.13 8.09 8.95 7.31 7.62 8.55 6.89 5.56 8.37 6.35 6.26 6.72 6.22 6.21 6.24 6.77 7.36 6.93 6.80 6.78 6.53 7.58 7.29 7.11 7.14 7.19 7.56 7.82 8.07 7.92 7.92 8.08 9.05 10.13 -9999 -9999 -9999 -9999 -9999 -9999
-9999 -9999 -9999 -9999 -9999 -9999 -9999 -9999 -9999 8.35 6.93 8.01 10.24 12.91 16.49 11.11 7.20 8.27 9.46 9.28 10.01 8.76 6.04 4.56 9.11 8.63 7.15 6.90 5.81 5.62 5.88 6.75 6.71 6.46 6.19 5.71 5.34 5.57 6.96 6.85 6.17 9.50 7.58 7.90 8.94 8.49 7.32 6.93 6.17 5.33 6.39 6.84 6.20 6.25 6.40 6.94 6.79 7.03 6.86 6.71 7.19 7.75 7.53 7.55 7.49 7.65 7.81 7.91 7.95 8.29 8.88 9.78 -9999 -9999 -9999 -9999 -9999 -9999 -9999
-9999 -9999 -9999 -9999 -9999 -9999 -9999 -9999 -9999 7.33 7.42 8.93 9.78 13.98 13.50 10.22 9.17 7.45 8.33 9.94 9.14 10.58 7.73 4.77 8.36 9.37 9.04 6.99 6.11 5.46 6.14 7.12 7.06 6.49 5.99 5.55 5.68 6.62 7.07 6.05 6.02 8.41 8.21 7.91 7.90 7.30 7.33 7.85 5.51 5.92 6.27 6.10 6.36 6.20 6.93 6.55 6.76 6.96 6.88 7.08 8.53 8.19 7.82 7.65 7.66 7.73 7.84 7.99 8.22 8.94 9.84 -9999 -9999 -9999 -9999 -9999 -9999 -9999 -9999
-9999 -9999 -9999 -9999 -9999 -9999 -9999 -9999 8.38 12.85 8.98 10.49 12.07 9.75 15.65 13.17 10.93 9.57 11.62 9.78 10.04 8.57 6.15 6.30 9.69 9.49 9.25 7.12 6.00 5.44 6.66 7.09 6.82 6.46 5.82 5.62 6.60 6.51 6.42 7.02 7.48 6.66 9.66 8.90 7.13 7.61 6.97 6.36 6.09 5.48 5.65 5.89 6.55 6.24 5.99 7.07 6.69 6.82 6.98 7.34 8.55 8.16 7.83 7.80 7.68 7.79 7.84 8.05 8.79 9.74 -9999 -9999 -9999 -9999 -9999 -9999 -9999 9.83 -9999
-9999 -9999 -9999 -9999 -9999 -9999 8.72 8.55 11.09 10.07 9.24 10.21 10.98 7.78 8.40 9.78 11.19 10.50 11.76 10.79 10.29 6.04 7.02 7.08 6.43 7.62 7.34 7.43 6.48 5.96 6.87 7.33 7.12 6.41 6.18 6.80 6.49 6.91 6.43 7.42 7.82 7.90 7.44 6.79 7.70 7.46 6.94 6.61 6.37 6.13 5.44 6.09 5.96 5.56 5.84 6.31 6.51 6.74 6.74 7.35 8.51 8.08 7.65 7.73 7.65 7.76 7.91 8.39 9.27 -9999 -9999 -9999 -9999 -9999 10.10 9.72 9.28 8.71 8.64
-9999 -9999 -9999 -9999 -9999 8.95 8.94 9.18 9.80 9.81 9.89 9.23 7.35 5.97 7.11 8.71 10.27 14.43 9.24 7.36 6.25 4.15 8.52 9.97 10.31 8.78 7.73 7.56 7.12 6.79 7.20 7.73 7.27 6.75 6.55 6.97 7.28 6.39 6.33 7.66 7.86 7.58 7.27 7.21 7.26 6.64 6.83 5.97 5.85 6.19 5.82 5.49 5.19 5.45 6.11 6.09 6.25 6.48 6.70 7.28 8.62 8.25 7.69 7.59 7.58 7.75 7.98 8.47 9.19 -9999 -9999 -9999 -9999 -9999 9.26 8.68 8.35 7.92 7.73
-9999 -9999 -9999 -9999 9.23 9.90 9.62 9.86 -9999 -9999 -9999 -9999 6.53 9.59 8.37 9.15 11.29 9.31 7.14 8.42 7.42 6.50 13.04 12.14 10.73 11.16 8.89 7.25 7.39 7.46 7.27 7.48 7.38 6.91 7.11 6.82 7.63 6.65 6.49 7.01 7.41 7.49 7.31 6.61 6.60 6.55 6.39 5.85 5.63 5.44 5.30 5.20 5.38 5.84 5.84 5.90 6.46 7.00 7.24 7.50 8.30 8.20 8.03 7.56 7.57 7.72 7.92 8.24 8.84 9.76 -9999 -9999 -9999 -9999 8.63 8.13 7.90 7.74 7.54
-9999 -9999 -9999 -9999 10.30 11.46 9.69 10.07 -9999 -9999 -9999 -9999 6.20 8.59 9.72 6.83 10.25 9.23 7.97 9.57 10.92 9.35 12.74 8.89 9.70 9.75 8.52 7.36 7.37 7.58 7.49 7.70 8.01 7.23 7.48 7.25 7.23 7.41 6.70 6.93 6.43 6.84 7.39 7.66 7.59 6.45 5.95 5.67 5.50 5.70 5.20 5.34 5.79 6.07 6.57 6.25 7.63 7.90 8.20 7.86 8.30 8.25 8.03 7.52 7.59 7.71 7.84 8.04 8.28 8.91 9.46 -9999 -9999 9.06 8.49 8.22 8.27 7.89 7.57
-9999 -9999 -9999 -9999 -9999 -9999 -9999 -9999 -9999 -9999 -9999 -9999 7.03 10.48 9.03 6.01 7.87 7.05 10.86 10.37 8.09 10.98 11.23 10.13 10.32 9.00 7.86 6.89 7.62 7.56 7.83 7.71 7.42 7.23 7.04 6.89 6.98 7.20 6.68 6.57 6.62 6.66 6.49 7.12 7.18 5.75 6.46 7.00 6.14 6.01 5.62 5.12 5.97 6.80 7.46 7.31 7.22 7.82 8.51 8.30 8.61 8.37 8.14 7.50 7.57 7.69 7.82 7.93 7.92 8.15 8.53 8.95 8.91 8.35 8.14 7.71 8.27 8.19 8.09
-9999 -9999 -9999 -9999 -9999 -9999 -9999 -9999 -9999 -9999 -9999 -9999 -9999 10.59 5.27 4.97 8.03 10.99 10.11 11.30 11.14 8.76 9.60 10.37 8.00 7.75 6.85 6.63 6.93 7.35 7.56 7.65 7.44 6.98 6.71 6.89 6.81 7.04 6.63 6.28 7.66 7.22 6.51 6.47 6.34 6.17 5.94 6.57 6.63 6.31 7.03 6.02 6.10 6.76 6.57 6.92 7.28 7.52 8.56 8.63 8.47 8.09 8.12 7.51 7.55 7.62 7.69 7.82 7.92 8.00 7.97 8.10 8.03 7.80 7.59 7.70 8.40 8.33 8.06
-9999 -9999 -9999 -9999 -9999 -9999 -9999 -9999 -9999 -9999 -9999 -9999 -9999 7.46 10.17 10.72 9.79 9.01 8.67 10.33 8.84 8.72 7.79 7.42 8.60 6.88 6.47 7.48 7.14 7.15 7.25 6.82 6.72 6.95 6.80 7.55 7.48 7.14 6.49 5.99 7.35 7.97 7.11 6.42 6.13 6.20 6.15 6.15 6.25 6.78 8.34 7.50 6.42 6.28 6.53 7.30 8.24 8.49 8.40 8.85 8.52 8.07 7.75 7.50 7.54 7.57 7.69 7.77 7.84 7.90 7.89 7.83 7.74 7.76 7.65 7.56 8.21 8.26 8.59
-9999 -9999 -9999 -9999 -9999 -9999 -9999 -9999 -9999 -9999 -9999 -9999 8.50 8.45 7.27 12.57 8.79 7.26 8.80 9.00 8.20 10.00 7.88 7.58 8.75 6.20 10.04 7.63 6.34 6.65 7.68 6.61 6.29 8.17 8.13 7.65 6.86 6.98 6.66 6.25 6.92 7.35 7.00 6.45 6.24 6.11 6.14 6.46 6.40 7.27 7.38 6.96 6.49 6.30 6.77 7.60 8.53 8.71 8.27 8.43 8.23 7.97 7.73 7.53 7.52 7.59 7.67 7.72 7.72 7.77 7.77 7.61 7.56 7.91 7.85 7.66 7.94 8.24 7.91
-9999 -9999 -9999 -9999 -9999 -9999 -9999 -9999 -9999 -9999 -9999 -9999 7.84 9.04 12.78 8.34 5.15 6.08 6.27 8.03 10.18 9.99 8.18 7.90 7.58 6.00 6.49 7.15 7.97 7.80 6.77 6.74 6.66 7.18 7.80 7.00 6.71 7.02 6.75 6.84 7.25 7.11 7.14 6.76 6.39 6.24 6.05 6.14 6.42 7.19 7.58 7.05 6.11 6.30 7.30 8.48 8.36 8.88 8.79 8.30 7.83 8.28 7.69 7.75 7.58 7.64 7.60 7.63 7.64 7.62 7.59 7.52 7.48 8.06 7.91 7.58 7.75 8.20 8.06
-9999 -9999 -9999 -9999 -9999 -9999 -9999 -9999 -9999 -9999 -9999 -9999 8.93 10.48 6.07 6.47 5.03 5.77 6.54 10.58 9.77 10.57 8.42 7.64 6.15 4.87 5.56 7.92 9.33 10.20 7.03 7.94 7.02 7.44 7.66 6.57 6.45 6.66 6.90 7.03 6.66 6.82 7.71 7.08 6.27 6.17 6.87 6.03 6.50 6.92 6.91 6.45 6.11 6.59 7.31 7.95 8.26 8.24 7.70 7.66 8.00 8.16 7.43 7.35 7.56 7.58 7.57 7.52 7.44 7.47 7.46 7.45 7.47 7.71 7.60 7.67 7.62 7.96 7.93
-9999 -9999 -9999 -9999 -9999 -9999 -9999 -9999 -9999 -9999 -9999 -9999 -9999 6.19 6.87 7.51 8.50 9.25 8.54 9.46 8.53 6.49 5.99 5.37 5.89 5.87 5.54 6.75 7.63 9.84 8.12 7.20 6.82 8.02 7.94 6.45 6.89 6.29 6.53 7.95 6.77 6.73 6.77 6.81 6.02 5.89 7.01 6.69 6.42 6.87 6.59 6.33 6.54 7.25 7.27 7.49 7.35 7.78 7.32 8.10 8.16 7.54 7.35 7.69 7.63 7.41 7.37 7.32 7.32 7.35 7.35 7.36 7.36 7.40 7.42 7.52 7.47 7.51 7.72
-9999 -9999 -9999 -9999 -9999 -9999 -9999 -9999 -9999 -9999 -9999 -9999 -9999 6.67 7.02 7.57 9.06 11.11 10.71 8.39 6.52 5.37 6.14 7.33 8.59 9.94 8.01 7.06 8.01 8.83 7.96 6.47 8.51 8.06 7.91 6.85 7.42 6.64 6.37 6.79 7.61 7.38 7.03 6.65 6.06 5.92 6.85 6.74 6.51 6.60 6.80 6.87 7.08 7.52 7.16 7.12 7.94 8.06 8.08 7.99 8.14 7.48 7.67 8.04 7.39 7.23 7.20 7.18 7.25 7.24 7.22 7.25 7.25 7.27 7.20 7.09 6.97 6.97 7.24
-9999 -9999 -9999 -9999 -9999 -9999 -9999 -9999 -9999 -9999 -9999 -9999 7.40 5.72 6.43 8.43 9.37 8.99 8.68 6.82 7.12 9.98 8.12 8.39 8.53 7.56 7.13 7.84 8.67 7.71 6.69 7.16 8.59 8.58 7.98 6.77 7.59 6.41 6.29 7.40 6.99 7.22 7.30 6.82 6.47 6.28 7.07 6.99 6.40 6.58 6.58 6.49 7.06 6.94 7.71 7.44 7.97 7.59 7.96 8.17 7.57 7.36 7.96 7.93 7.25 7.15 7.33 7.16 7.22 7.21 7.25 7.23 7.15 7.09 6.90 7.09 7.29 7.33 6.92
-9999 -9999 -9999 -9999 -9999 -9999 -9999 -9999 -9999 -9999 -9999 -9999 8.73 7.05 6.47 6.56 8.14 10.59 9.80 8.40 7.20 7.84 9.07 10.06 10.03 7.68 9.28 9.92 7.50 9.03 6.16 6.78 8.50 9.79 7.34 7.44 6.67 6.04 6.06 6.76 8.66 7.60 7.52 7.15 6.86 6.84 7.14 6.89 6.44 6.54 6.51 6.39 6.38 7.39 7.79 7.85 8.38 7.84 7.71 7.77 7.45 7.67 8.06 7.88 7.44 7.58 7.42 7.55 7.24 7.22 7.34 7.34 7.09 6.90 6.66 6.62 7.20 7.31 7.36
-9999 -9999 -9999 -9999 -9999 -9999 -9999 -9999 -9999 -9999 -9999 -9999 7.60 6.83 4.69 5.47 7.54 10.49 9.00 8.80 7.26 9.10 8.81 7.91 8.30 8.93 9.15 8.08 7.23 7.75 9.28 6.99 7.36 7.39 7.28 8.22 7.27 6.21 6.19 6.85 7.31 7.14 7.72 7.42 7.10 7.20 6.84 6.35 6.56 6.67 6.70 6.27 6.76 7.84 7.95 7.46 7.75 8.39 7.79 7.98 7.36 8.00 8.20 7.72 7.56 7.57 7.13 7.18 7.08 7.13 7.17 7.07 6.89 6.75 6.55 6.73 6.48 6.81 6.99
-9999 -9999 -9999 -9999 -9999 -9999 -9999 -9999 -9999 -9999 -9999 7.16 7.91 8.99 6.54 4.93 7.75 8.92 10.11 9.80 6.71 7.36 6.53 7.56 8.81 7.89 8.10 9.42 8.36 7.99 7.62 6.91 6.60 6.78 7.35 7.43 7.15 6.82 6.39 6.47 7.16 7.33 6.89 7.16 6.97 7.35 6.76 6.49 6.46 6.14 6.01 6.24 7.15 7.40 7.62 7.23 7.91 8.08 7.81 7.38 7.99 8.11 8.19 8.28 7.93 7.52 7.29 7.07 7.07 7.11 7.00 6.84 6.59 6.39 6.40 6.68 6.71 6.82 7.01
-9999 -9999 -9999 -9999 -9999 -9999 -9999 -9999 -9999 -9999 7.92 7.90 8.54 6.82 4.93 6.74 9.13 9.66 8.37 9.58 6.94 7.79 6.46 6.38 11.06 8.40 9.24 8.12 8.10 7.10 6.78 6.81 7.54 6.99 8.30 7.40 7.52 6.51 6.33 6.47 6.90 7.15 6.88 6.97 7.19 7.18 6.16 6.37 6.20 6.22 6.32 6.65 7.22 6.98 7.60 7.31 7.63 7.23 7.22 8.05 8.40 8.20 8.35 8.18 7.48 7.59 7.46 7.37 7.28 7.03 6.74 6.42 6.38 6.27 6.70 6.96 7.18 7.27 6.92
-9999 -9999 -9999 -9999 -9999 -9999 -9999 -9999 9.25 8.12 7.27 6.38 6.03 5.73 5.35 7.26 8.30 9.27 10.32 8.95 6.94 4.57 6.49 6.69 10.14 8.91 8.58 8.73 7.65 7.16 6.23 6.83 8.13 7.82 8.01 6.70 6.76 6.56 6.54 6.91 6.83 7.15 6.68 6.76 6.86 6.28 5.99 6.08 6.46 6.27 6.90 7.46 7.32 7.12 6.89 6.78 7.41 7.89 7.81 8.09 7.63 8.30 8.40 7.86 7.21 7.12 7.60 7.44 7.37 6.74 6.41 6.07 6.15 6.80 7.13 7.10 7.72 7.61 7.52
-9999 -9999 -9999 -9999 9.58 8.79 7.63 9.51 9.43 9.51 9.39 7.46 6.40 5.53 8.41 7.21 8.76 8.84 8.49 6.12 4.78 3.35 4.92 5.98 11.47 10.67 8.90 7.50 7.80 7.30 8.15 6.49 7.85 8.14 7.94 7.30 6.60 6.35 6.97 6.55 6.26 7.26 6.57 6.36 5.97 6.10 6.30 6.51 5.96 6.59 6.47 6.86 7.55 7.45 7.27 7.16 7.67 7.82 7.73 7.67 8.29 7.76 7.66 7.42 7.07 7.47 7.60 7.52 6.91 6.32 6.15 6.17 6.90 7.12 7.01 7.65 7.26 7.51 7.81
-9999 -9999 -9999 10.09 8.42 8.63 7.97 7.56 8.92 8.71 8.65 6.75 5.48 7.46 7.87 8.11 5.96 9.15 6.09 4.17 7.20 5.13 3.74 9.79 9.60 8.64 5.86 6.11 6.83 8.98 7.03 6.72 6.86 6.91 8.02 7.70 7.46 6.63 6.77 6.30 6.19 6.88 6.36 5.82 5.80 6.06 6.35 6.19 7.48 6.38 6.38 6.79 7.33 6.97 6.94 6.77 7.02 7.44 7.47 8.07 7.72 7.40 7.48 7.52 7.06 7.19 7.12 6.59 6.26 6.01 5.98 6.15 6.61 7.37 7.50 7.68 7.53 7.49 7.63
-9999 -9999 9.49 9.30 7.42 7.18 7.28 7.99 7.90 8.20 7.23 7.29 9.75 7.66 6.88 8.75 4.36 5.52 4.96 6.84 6.51 7.44 6.78 7.62 6.95 4.91 8.35 8.59 6.64 7.17 6.76 6.54 7.04 6.55 6.78 8.00 8.07 6.41 6.14 6.23 6.44 5.95 5.26 5.37 7.23 6.02 5.84 6.33 7.00 6.65 6.43 6.89 7.27 7.29 7.64 7.25 6.79 6.76 6.84 7.56 7.32 7.02 7.61 7.43 6.94 6.88 6.61 6.22 6.17 6.10 6.11 6.39 6.67 7.44 7.16 7.17 7.44 7.18 7.38
8.40 9.36 7.65 7.77 8.37 7.69 7.44 8.98 8.24 8.11 7.95 9.66 9.01 7.70 8.32 7.11 4.56 3.96 6.15 6.48 5.75 6.54 8.13 5.99 3.94 7.52 9.06 7.87 8.32 6.88 6.98 6.39 6.86 8.06 6.88 8.58 7.31 6.30 5.96 6.16 6.82 4.87 5.05 7.82 6.32 5.95 5.94 6.49 7.33 6.52 6.55 6.89 6.75 7.14 7.12 6.73 6.47 6.64 6.44 6.86 7.13 7.08 6.80 6.53 6.30 6.13 6.28 7.03 6.49 7.02 6.58 6.06 7.11 7.28 7.51 7.35 7.27 7.37 7.25
7.12 9.05 11.35 10.82 10.40 8.10 8.97 10.24 9.38 9.09 10.46 9.37 8.81 9.85 6.96 4.25 3.72 3.81 5.83 6.09 5.94 5.75 5.31 3.99 5.66 12.53 10.46 8.41 6.75 7.18 6.92 7.92 7.02 7.37 6.77 7.08 7.03 6.65 6.02 5.75 5.28 4.46 6.94 7.72 7.25 6.23 5.98 7.94 7.19 6.60 6.73 6.60 7.14 7.07 6.77 6.13 6.73 6.39 6.02 7.29 7.18 6.38 6.31 6.19 5.95 6.22 6.83 7.03 6.82 7.12 6.60 6.39 7.12 7.42 7.21 7.42 7.33 7.48 7.49
7.60 8.74 9.32 9.05 8.25 9.55 8.92 10.35 8.19 9.02 10.67 10.12 8.53 8.33 4.89 3.31 5.10 5.91 5.42 4.63 6.05 4.14 3.33 2.92 7.08 10.96 12.09 7.32 7.52 7.78 8.06 7.38 6.47 7.42 7.00 7.20 6.79 6.61 5.34 4.78 5.30 5.16 7.24 7.53 7.03 5.98 6.57 7.89 7.57 7.17 6.80 7.02 6.96 6.58 6.18 6.01 6.29 6.56 6.29 6.27 6.20 5.98 6.80 7.20 6.17 6.37 6.98 7.20 6.81 7.02 6.84 6.76 6.97 7.11 7.39 7.31 7.31 7.14 7.34
7.89 8.71 8.71 9.09 8.72 8.95 10.00 9.37 9.74 8.71 8.49 8.06 7.06 5.78 5.98 4.33 6.83 11.10 5.20 5.15 5.80 9.15 8.77 3.45 4.23 12.60 10.26 8.52 8.74 9.50 8.15 6.47 5.79 7.56 7.95 7.17 6.53 5.91 4.89 4.40 5.37 7.33 7.97 7.44 6.97 6.49 6.47 6.71 7.47 6.94 6.81 6.68 6.37 5.99 5.79 6.27 6.14 6.06 5.97 5.44 5.69 6.36 6.42 6.99 6.57 6.62 6.72 6.86 7.09 7.07 6.88 6.83 7.00 7.00 7.02 7.35 7.30 6.93 7.14
7.65 8.52 8.05 8.57 8.90 9.18 8.81 8.89 9.31 8.53 9.26 8.03 8.73 5.61 6.76 7.90 8.07 8.89 8.95 6.84 8.35 10.05 6.75 8.33 8.05 5.77 9.57 9.57 7.18 7.53 6.25 6.96 6.79 9.25 8.79 7.04 6.24 5.24 4.60 5.29 7.63 7.09 8.41 7.41 7.07 7.44 6.80 7.73 6.80 6.87 6.52 6.25 6.03 6.05 5.88 5.76 5.45 5.26 4.91 5.18 6.25 7.10 6.91 6.57 6.99 6.62 7.21 6.64 6.52 6.52 6.51 6.66 6.84 7.09 6.85 7.21 7.14 6.96 7.28
7.53 7.28 8.33 9.46 11.19 10.69 9.71 9.11 8.47 8.47 10.23 8.06 8.34 5.95 7.29 7.63 7.10 6.24 7.38 6.49 8.40 8.75 9.94 8.38 9.51 9.29 12.39 8.42 7.49 6.94 7.23 6.62 8.62 8.85 9.08 6.48 5.59 4.76 7.06 7.69 7.92 8.53 7.33 7.55 7.58 7.33 6.64 6.70 6.72 6.47 6.22 6.14 5.98 6.23 6.03 5.83 5.02 4.32 4.44 5.45 7.17 6.48 6.95 7.07 6.73 6.56 6.60 6.36 6.34 6.47 6.16 6.54 6.71 6.78 6.95 7.08 6.73 6.59 7.34
7.78 7.49 7.83 9.39 10.10 10.91 10.30 9.71 9.06 8.61 9.01 10.33 7.36 9.81 9.23 9.20 9.74 8.17 6.15 6.30 7.83 7.43 8.85 8.39 7.48 10.83 10.98 7.32 7.59 5.86 6.33 7.76 8.72 8.71 7.98 6.13 5.12 6.06 6.00 7.69 7.92 7.58 7.72 7.41 7.07 6.92 6.30 6.06 6.05 6.02 7.02 6.24 6.72 6.17 5.65 4.47 3.67 3.65 4.69 6.45 6.98 7.02 7.17 6.95 6.57 6.62 6.91 7.05 6.00 6.45 6.93 6.50 6.44 6.81 6.35 6.64 7.29 6.88 6.68
8.24 8.68 9.58 10.85 -9999 -9999 -9999 -9999 10.11 9.85 10.44 8.57 7.46 8.22 8.31 7.71 6.59 3.87 10.05 10.55 7.43 6.83 7.43 8.67 9.46 10.95 8.83 7.42 6.25 5.50 8.62 8.26 9.61 7.60 6.86 5.95 5.54 7.11 6.56 8.16 8.16 7.49 7.41 7.06 6.69 6.26 5.97 5.83 5.85 5.96 6.86 6.51 6.85 6.69 5.68 4.31 3.41 4.39 4.72 6.34 7.32 7.47 6.49 6.34 6.21 6.96 7.23 6.85 5.88 6.36 6.81 6.67 6.41 6.94 6.66 6.65 6.95 6.94 6.64
