ML/MeanWindSpeed_1993-02_Actual.txt
ncols         180
nrows         290
xllcorner     -200000
yllcorner     -200000
cellsize      5000
NODATA_value  -9999
[rows 140 to 174 of 290, columns 78 to 155 of 180]
-9999 -9999 -9999 13.83 -9999 -9999 -9999 11.59 11.65 10.11 10.06 10.91 -9999 -9999 10.88 8.89 11.81 13.14 -9999 -9999 -9999 -9999 -9999 10.65 9.46 6.96 7.40 7.75 8.65 8.06 8.60 8.14 5.27 8.00 12.65 15.47 12.23 14.36 15.27 15.40 12.38 12.89 13.02 11.33 8.75 8.64 8.62 5.40 6.61 9.51 11.21 -9999 -9999 -9999 -9999 -9999 -9999 -9999 -9999 -9999 -9999 -9999 -9999 -9999 -9999 -9999 -9999 -9999 -9999 -9999 -9999 -9999 -9999 -9999 -9999 -9999 -9999 -9999
-9999 -9999 -9999 13.72 13.56 -9999 -9999 -9999 11.57 12.12 11.66 11.97 -9999 -9999 -9999 -9999 11.74 -9999 -9999 -9999 -9999 -9999 -9999 9.18 8.13 7.13 8.36 10.59 10.83 9.24 9.11 7.90 6.20 6.19 10.62 13.81 10.65 16.66 15.75 16.90 13.24 13.32 14.70 11.38 9.22 8.35 6.46 5.06 6.51 9.07 10.77 -9999 -9999 -9999 -9999 -9999 -9999 -9999 -9999 -9999 -9999 -9999 -9999 -9999 -9999 -9999 -9999 -9999 -9999 -9999 -9999 -9999 -9999 -9999 -9999 -9999 -9999 -9999
-9999 -9999 -9999 -9999 14.97 -9999 -9999 -9999 -9999 12.09 13.17 12.75 -9999 -9999 -9999 -9999 -9999 -9999 -9999 -9999 -9999 -9999 10.16 8.82 8.83 9.00 9.44 11.84 11.75 10.54 10.17 8.95 7.92 5.62 7.35 15.26 16.91 16.83 16.09 12.85 11.53 12.01 10.13 7.64 9.93 9.84 6.23 5.54 6.95 8.69 10.30 11.36 -9999 -9999 -9999 -9999 -9999 -9999 -9999 -9999 -9999 -9999 -9999 -9999 -9999 -9999 -9999 -9999 -9999 -9999 -9999 -9999 -9999 -9999 -9999 -9999 -9999 -9999
-9999 -9999 -9999 -9999 16.26 -9999 -9999 -9999 -9999 -9999 -9999 -9999 -9999 -9999 -9999 -9999 -9999 -9999 -9999 -9999 -9999 -9999 10.43 8.58 7.44 6.78 5.85 14.42 12.52 11.25 12.73 9.47 10.21 4.73 4.70 11.92 17.78 14.93 13.00 17.30 18.98 16.92 13.99 12.08 7.22 7.74 7.35 8.21 7.47 8.02 9.93 11.01 11.58 -9999 -9999 -9999 -9999 -9999 -9999 -9999 -9999 -9999 -9999 -9999 -9999 -9999 -9999 -9999 -9999 -9999 -9999 -9999 -9999 -9999 -9999 -9999 -9999 -9999
-9999 -9999 -9999 -9999 -9999 -9999 -9999 -9999 -9999 -9999 -9999 -9999 -9999 -9999 -9999 -9999 -9999 -9999 -9999 -9999 -9999 10.46 9.42 7.82 6.96 10.90 5.62 20.08 19.93 10.97 11.27 9.98 8.44 8.25 4.63 6.17 16.91 17.08 15.13 13.43 12.15 14.61 13.71 12.10 9.51 8.05 7.66 7.25 7.27 8.46 8.51 8.87 10.19 -9999 -9999 -9999 -9999 -9999 -9999 -9999 -9999 -9999 -9999 -9999 -9999 -9999 -9999 -9999 -9999 -9999 -9999 -9999 -9999 -9999 -9999 -9999 -9999 -9999
-9999 -9999 -9999 -9999 -9999 -9999 -9999 -9999 -9999 -9999 -9999 -9999 -9999 -9999 -9999 -9999 -9999 -9999 -9999 -9999 -9999 8.93 9.59 6.68 10.10 19.34 10.51 6.84 13.92 14.71 11.53 10.86 9.27 8.30 6.66 6.48 8.56 18.55 16.22 15.40 12.77 12.35 12.11 9.63 8.97 8.77 9.46 7.59 8.57 7.82 7.97 7.74 8.48 9.89 11.19 11.57 -9999 -9999 -9999 -9999 -9999 -9999 -9999 -9999 -9999 -9999 -9999 -9999 -9999 -9999 -9999 -9999 -9999 -9999 -9999 -9999 -9999 -9999
-9999 -9999 -9999 -9999 -9999 -9999 -9999 -9999 -9999 -9999 -9999 -9999 -9999 -9999 -9999 -9999 -9999 -9999 -9999 -9999 -9999 8.50 7.92 7.69 12.82 9.11 9.02 10.57 14.84 10.76 9.43 13.52 7.28 9.46 7.92 8.02 7.48 11.23 14.65 14.84 13.91 13.05 10.46 10.15 9.03 8.07 7.55 7.71 7.58 7.87 7.13 6.90 7.20 11.17 10.01 11.46 12.58 12.44 -9999 -9999 -9999 -9999 -9999 -9999 -9999 -9999 -9999 -9999 -9999 -9999 -9999 -9999 -9999 -9999 -9999 -9999 -9999 -9999
-9999 -9999 -9999 -9999 -9999 -9999 -9999 -9999 -9999 -9999 -9999 -9999 -9999 -9999 -9999 -9999 -9999 -9999 -9999 -9999 -9999 8.35 7.18 8.34 15.18 17.44 13.16 8.81 9.21 9.69 13.03 7.66 11.73 9.43 8.73 10.19 9.52 7.56 9.05 14.30 13.98 12.83 11.59 10.29 9.40 8.90 8.34 7.53 7.72 7.42 6.80 7.40 7.57 8.92 12.35 11.75 12.01 13.42 13.43 11.70 -9999 -9999 -9999 -9999 -9999 -9999 -9999 -9999 -9999 -9999 -9999 -9999 -9999 -9999 -9999 -9999 -9999 -9999
-9999 -9999 -9999 -9999 -9999 -9999 -9999 -9999 -9999 -9999 -9999 -9999 -9999 -9999 -9999 -9999 -9999 -9999 -9999 -9999 -9999 9.14 6.97 9.16 11.39 7.17 22.05 17.99 8.42 10.35 7.56 12.27 13.10 8.88 7.76 9.38 9.83 7.55 16.59 15.03 14.64 15.43 15.63 14.26 9.99 10.90 8.83 8.03 7.83 7.63 7.59 7.62 6.94 7.89 10.98 9.73 9.37 10.20 11.92 10.52 13.87 -9999 -9999 -9999 -9999 -9999 -9999 -9999 -9999 -9999 -9999 -9999 -9999 -9999 -9999 -9999 -9999 -9999
-9999 -9999 -9999 -9999 -9999 -9999 -9999 -9999 -9999 13.11 13.76 14.02 -9999 -9999 -9999 -9999 -9999 -9999 -9999 -9999 -9999 -9999 9.02 7.25 6.33 9.47 12.02 15.84 7.97 4.38 10.04 9.13 8.09 6.90 9.29 9.83 8.61 9.99 13.12 13.54 18.01 16.59 13.83 12.81 13.24 11.03 9.07 8.22 7.69 7.61 6.96 6.83 11.86 10.48 14.18 14.65 13.21 11.78 8.86 12.63 13.33 12.11 -9999 -9999 -9999 -9999 -9999 -9999 -9999 -9999 -9999 -9999 -9999 -9999 -9999 -9999 -9999 -9999
-9999 -9999 -9999 -9999 -9999 -9999 -9999 -9999 -9999 11.70 11.80 -9999 -9999 -9999 -9999 -9999 -9999 -9999 -9999 -9999 -9999 -9999 -9999 7.42 5.05 9.83 10.31 19.61 9.73 9.68 8.45 5.49 4.44 5.21 5.26 15.18 8.37 10.17 16.28 13.18 10.03 9.29 14.54 9.97 13.15 10.53 8.79 7.83 7.44 6.67 7.18 10.36 11.78 10.58 9.92 9.12 10.43 11.61 11.20 12.03 11.98 14.45 -9999 -9999 -9999 -9999 -9999 -9999 -9999 -9999 -9999 -9999 -9999 -9999 -9999 -9999 -9999 -9999
-9999 -9999 -9999 -9999 -9999 -9999 -9999 -9999 10.10 13.41 12.78 11.97 -9999 -9999 -9999 -9999 -9999 -9999 -9999 -9999 -9999 -9999 -9999 7.84 10.05 10.68 11.51 9.14 10.43 8.08 7.14 5.45 4.82 7.17 5.60 5.00 15.81 10.94 10.30 14.91 12.72 16.22 12.69 13.16 11.11 10.07 9.00 8.47 7.25 6.31 7.67 9.64 9.06 10.13 10.90 10.08 10.53 10.18 10.65 11.28 9.74 13.33 12.31 -9999 -9999 -9999 -9999 -9999 -9999 -9999 -9999 -9999 -9999 -9999 -9999 -9999 -9999 -9999
-9999 -9999 -9999 -9999 -9999 -9999 -9999 8.71 12.87 14.66 18.69 11.71 -9999 -9999 -9999 -9999 -9999 -9999 -9999 -9999 -9999 -9999 -9999 9.54 14.48 10.84 6.47 8.49 7.39 8.23 5.90 4.68 5.82 7.09 4.32 12.38 9.75 13.72 10.62 16.70 10.38 12.27 10.17 12.59 10.49 10.39 9.90 8.03 7.52 6.35 6.29 10.19 11.12 10.91 9.39 9.33 8.79 8.68 9.10 11.25 11.51 11.24 12.55 -9999 -9999 -9999 -9999 -9999 -9999 -9999 -9999 -9999 -9999 -9999 -9999 -9999 -9999 -9999
-9999 -9999 -9999 -9999 -9999 -9999 10.77 9.42 16.89 13.37 13.01 -9999 -9999 -9999 -9999 -9999 -9999 -9999 -9999 -9999 -9999 -9999 -9999 -9999 9.72 7.06 6.56 9.25 6.26 8.83 6.47 5.55 5.27 5.67 3.87 11.66 12.21 13.91 13.66 15.34 15.16 15.25 14.15 13.21 13.07 12.16 9.18 8.22 7.63 6.70 6.20 7.16 12.82 11.64 8.63 7.89 7.91 7.42 7.61 8.05 8.54 8.38 9.75 11.80 12.98 -9999 -9999 -9999 -9999 -9999 -9999 -9999 -9999 -9999 -9999 -9999 -9999 -9999
-9999 -9999 -9999 -9999 -9999 -9999 13.42 14.84 10.35 10.97 11.79 -9999 -9999 -9999 -9999 -9999 -9999 -9999 -9999 -9999 -9999 -9999 -9999 -9999 -9999 8.00 8.58 7.73 6.70 8.28 7.38 7.26 6.61 7.08 4.40 11.93 11.00 9.93 13.52 12.79 11.62 16.66 16.86 12.75 14.37 12.52 11.38 8.54 7.60 7.12 6.57 6.70 8.02 8.70 7.97 7.99 7.88 7.81 7.60 7.76 7.84 8.09 11.62 12.11 12.00 -9999 -9999 -9999 -9999 -9999 -9999 -9999 -9999 -9999 -9999 -9999 -9999 -9999
-9999 -9999 -9999 -9999 -9999 -9999 14.33 12.47 13.13 12.10 -9999 -9999 -9999 -9999 -9999 -9999 -9999 -9999 -9999 -9999 -9999 -9999 -9999 -9999 -9999 9.45 9.33 8.66 -9999 8.79 -9999 8.03 7.14 6.67 5.36 5.84 11.91 10.44 11.50 16.07 7.72 9.15 16.08 14.02 13.31 12.56 10.69 8.73 7.95 7.67 7.06 6.89 7.17 8.30 9.60 8.37 9.04 7.97 7.44 8.76 10.15 9.70 8.97 9.04 11.36 13.82 14.77 -9999 -9999 -9999 -9999 -9999 -9999 -9999 -9999 -9999 -9999 -9999
-9999 -9999 -9999 -9999 -9999 14.32 12.92 12.39 -9999 -9999 -9999 -9999 -9999 -9999 -9999 -9999 -9999 -9999 -9999 -9999 -9999 -9999 -9999 -9999 -9999 11.00 9.80 8.81 -9999 -9999 -9999 7.93 8.95 5.89 7.27 8.81 6.91 6.33 8.62 13.89 13.53 7.76 13.24 15.33 12.21 13.24 11.56 9.85 7.48 7.50 7.16 7.06 7.17 7.54 8.04 8.06 8.44 7.17 8.45 9.96 10.82 11.13 10.88 9.85 9.98 11.66 13.45 -9999 -9999 -9999 -9999 -9999 -9999 -9999 -9999 -9999 -9999 -9999
-9999 -9999 -9999 -9999 -9999 -9999 -9999 -9999 -9999 -9999 -9999 -9999 -9999 -9999 -9999 -9999 -9999 -9999 -9999 -9999 -9999 -9999 -9999 -9999 -9999 -9999 -9999 -9999 -9999 -9999 8.87 6.48 6.48 9.12 10.55 11.20 10.86 8.67 9.16 12.66 12.29 9.98 7.91 12.07 13.86 11.84 10.63 9.38 8.19 7.73 7.85 7.27 7.13 7.28 7.34 7.20 6.54 7.95 11.79 10.32 11.09 10.08 10.09 9.07 10.07 11.49 -9999 -9999 -9999 -9999 -9999 -9999 -9999 -9999 -9999 -9999 -9999 -9999
-9999 -9999 -9999 -9999 -9999 -9999 -9999 -9999 -9999 -9999 -9999 -9999 -9999 -9999 -9999 -9999 -9999 -9999 -9999 -9999 -9999 -9999 -9999 -9999 -9999 -9999 -9999 -9999 -9999 -9999 8.20 6.13 7.91 11.82 14.97 13.19 9.60 10.76 7.86 8.54 7.94 9.93 10.58 11.89 12.33 11.62 10.12 9.34 8.73 7.80 7.94 7.24 7.22 7.31 7.42 7.21 6.45 7.43 12.59 12.13 10.19 9.63 9.28 8.99 10.04 11.79 -9999 -9999 -9999 -9999 -9999 -9999 -9999 -9999 -9999 -9999 -9999 -9999
-9999 -9999 -9999 -9999 -9999 -9999 -9999 -9999 -9999 -9999 -9999 -9999 -9999 -9999 -9999 -9999 -9999 -9999 -9999 -9999 -9999 -9999 -9999 -9999 -9999 -9999 -9999 -9999 -9999 -9999 7.43 5.50 6.18 10.17 11.80 11.13 9.87 9.71 9.03 9.51 8.23 8.32 8.91 7.23 12.14 10.19 11.30 9.74 9.31 7.82 7.43 7.42 7.30 7.37 7.37 7.34 7.01 7.04 9.92 11.43 10.66 9.78 9.52 9.13 9.89 11.28 -9999 -9999 -9999 -9999 -9999 -9999 -9999 -9999 -9999 -9999 -9999 -9999
-9999 -9999 -9999 -9999 -9999 -9999 -9999 -9999 -9999 -9999 -9999 -9999 -9999 -9999 -9999 -9999 -9999 -9999 -9999 -9999 -9999 -9999 -9999 -9999 -9999 -9999 -9999 -9999 11.02 9.06 6.72 5.31 8.60 11.10 14.53 10.62 12.28 7.07 8.50 8.45 10.31 11.19 10.46 12.35 8.14 8.37 8.38 8.22 7.73 8.68 7.53 7.32 7.58 7.26 7.31 7.51 7.33 7.43 8.17 10.76 10.66 9.90 9.46 9.25 9.41 10.35 11.86 -9999 -9999 -9999 -9999 -9999 -9999 -9999 -9999 -9999 -9999 -9999
-9999 -9999 -9999 -9999 -9999 -9999 -9999 -9999 -9999 -9999 -9999 -9999 -9999 -9999 -9999 -9999 -9999 -9999 -9999 -9999 -9999 -9999 -9999 -9999 -9999 -9999 -9999 -9999 10.14 8.08 6.75 5.97 6.62 10.29 7.95 7.81 5.85 7.90 11.61 9.12 11.57 10.91 12.21 8.11 12.19 9.40 10.58 9.83 9.75 8.39 7.93 7.43 7.15 7.13 7.30 7.42 7.57 7.56 7.77 8.94 10.89 10.37 9.49 9.35 8.97 9.31 11.03 -9999 -9999 -9999 -9999 -9999 -9999 -9999 -9999 -9999 -9999 -9999
-9999 -9999 -9999 -9999 -9999 -9999 -9999 -9999 -9999 -9999 -9999 -9999 -9999 -9999 -9999 -9999 -9999 -9999 -9999 -9999 -9999 -9999 -9999 -9999 -9999 -9999 -9999 -9999 10.11 7.89 7.08 6.55 6.93 7.81 8.41 7.37 6.45 8.44 8.98 8.38 10.62 13.29 10.47 9.76 7.95 9.82 7.72 8.33 8.90 9.14 8.12 7.73 7.12 7.09 7.30 7.45 7.63 7.75 7.75 8.41 10.23 11.26 9.89 9.18 8.76 8.55 9.74 11.49 -9999 -9999 -9999 -9999 -9999 -9999 -9999 -9999 -9999 -9999
-9999 -9999 -9999 -9999 -9999 -9999 -9999 -9999 -9999 -9999 -9999 -9999 -9999 -9999 -9999 -9999 -9999 -9999 -9999 -9999 -9999 -9999 -9999 -9999 -9999 -9999 -9999 -9999 9.72 8.00 7.45 7.36 7.15 7.15 7.28 8.27 9.61 6.91 6.96 8.41 13.42 13.37 14.34 12.31 9.75 9.25 9.75 8.03 7.19 8.36 8.87 7.69 7.14 7.17 7.15 7.43 7.75 8.06 8.04 8.36 10.51 12.02 10.68 9.87 9.34 8.55 8.72 10.32 11.98 -9999 -9999 -9999 -9999 -9999 -9999 -9999 -9999 -9999
-9999 -9999 -9999 -9999 -9999 -9999 -9999 -9999 -9999 -9999 -9999 -9999 -9999 -9999 -9999 -9999 -9999 -9999 -9999 -9999 -9999 -9999 -9999 -9999 -9999 -9999 -9999 -9999 9.72 7.79 7.29 7.01 6.66 6.26 7.50 7.37 8.40 8.88 11.12 12.85 13.82 11.20 13.16 11.06 10.46 8.60 10.09 9.22 8.11 7.37 7.24 7.44 7.15 7.20 7.37 7.68 7.96 8.36 8.64 8.98 9.72 11.04 10.83 10.10 9.76 9.39 8.95 9.11 10.88 -9999 -9999 -9999 -9999 -9999 -9999 -9999 -9999 -9999
-9999 -9999 -9999 -9999 -9999 -9999 -9999 -9999 -9999 -9999 -9999 -9999 -9999 -9999 -9999 -9999 -9999 -9999 -9999 -9999 -9999 -9999 -9999 -9999 -9999 -9999 -9999 -9999 -9999 7.81 7.35 6.84 6.09 6.59 9.02 9.29 9.91 8.48 8.32 10.83 10.87 13.14 12.37 9.83 7.65 8.20 8.10 9.28 8.07 7.67 8.30 7.94 7.23 7.47 7.53 7.86 8.01 8.31 8.73 9.21 9.65 9.59 9.96 10.14 10.16 -9999 9.69 10.02 11.05 12.92 -9999 -9999 -9999 -9999 -9999 -9999 -9999 -9999
-9999 -9999 -9999 -9999 -9999 -9999 -9999 -9999 -9999 -9999 -9999 -9999 -9999 -9999 -9999 -9999 -9999 -9999 -9999 -9999 -9999 -9999 -9999 -9999 -9999 -9999 -9999 -9999 9.37 7.70 7.24 6.43 5.66 5.70 10.39 11.26 8.96 11.95 11.47 9.39 9.44 14.50 12.90 13.42 9.97 7.80 9.82 7.94 7.09 7.79 7.96 7.62 7.81 7.51 7.69 7.89 8.16 8.12 8.28 10.07 9.44 8.82 10.31 9.63 9.85 9.81 -9999 10.87 11.75 13.24 14.39 -9999 -9999 -9999 -9999 -9999 -9999 -9999
-9999 -9999 -9999 -9999 -9999 -9999 -9999 -9999 -9999 -9999 -9999 -9999 -9999 -9999 -9999 -9999 -9999 -9999 -9999 -9999 -9999 -9999 -9999 -9999 -9999 -9999 -9999 -9999 8.94 7.27 6.90 6.33 7.83 6.60 7.98 11.44 8.06 8.48 8.87 6.70 6.90 11.68 11.89 12.16 8.61 10.53 11.18 8.34 9.21 8.10 8.62 8.44 8.11 7.69 7.80 7.92 8.00 7.86 7.78 8.10 8.72 7.75 8.09 9.01 8.73 9.66 10.11 -9999 -9999 -9999 -9999 -9999 -9999 -9999 -9999 -9999 -9999 -9999
-9999 -9999 -9999 -9999 -9999 -9999 -9999 -9999 -9999 -9999 -9999 -9999 -9999 -9999 -9999 -9999 -9999 -9999 -9999 -9999 -9999 -9999 -9999 -9999 -9999 -9999 -9999 10.68 8.10 6.89 7.70 7.29 7.41 6.89 8.03 8.33 7.72 7.42 6.87 6.58 7.00 10.28 13.69 14.46 10.16 12.82 11.88 8.78 8.76 7.48 8.09 8.59 8.19 7.75 8.07 8.05 7.98 8.03 7.72 7.92 8.14 7.89 7.63 9.32 9.03 9.06 9.33 10.59 11.88 -9999 -9999 -9999 -9999 -9999 -9999 -9999 -9999 -9999
-9999 -9999 -9999 -9999 -9999 -9999 -9999 -9999 -9999 -9999 -9999 -9999 -9999 -9999 -9999 -9999 -9999 -9999 -9999 -9999 -9999 -9999 -9999 -9999 -9999 -9999 -9999 -9999 8.29 6.97 6.93 7.45 9.46 7.07 6.80 6.79 7.25 7.55 6.90 6.48 6.23 6.76 11.54 13.87 15.27 12.22 12.51 10.83 9.23 9.24 7.00 7.53 8.87 7.93 7.95 7.87 7.89 8.07 7.77 7.80 8.21 7.78 7.16 7.40 10.25 9.24 8.87 9.25 10.08 11.36 12.89 -9999 -9999 -9999 -9999 -9999 -9999 -9999
-9999 -9999 -9999 -9999 -9999 -9999 -9999 -9999 -9999 -9999 -9999 -9999 -9999 -9999 -9999 -9999 -9999 -9999 -9999 -9999 -9999 -9999 -9999 -9999 -9999 -9999 -9999 -9999 8.29 7.46 6.96 7.16 7.42 7.45 7.10 6.58 6.73 6.35 6.13 6.12 6.20 7.17 7.10 13.05 15.90 16.23 13.74 11.76 10.26 8.40 8.52 7.87 9.37 8.15 8.09 7.87 7.92 7.90 7.73 8.02 8.13 7.82 7.07 7.55 9.89 9.50 9.87 8.59 8.59 9.61 11.21 -9999 -9999 -9999 -9999 -9999 -9999 -9999
-9999 -9999 -9999 -9999 -9999 -9999 -9999 -9999 12.28 11.41 12.05 13.37 -9999 -9999 -9999 -9999 -9999 -9999 -9999 -9999 -9999 -9999 -9999 -9999 -9999 -9999 -9999 9.02 7.74 7.99 7.28 8.19 7.68 7.01 6.83 6.80 6.53 6.49 6.32 6.22 6.23 6.24 9.82 13.32 13.63 11.13 14.66 13.49 9.35 8.92 6.64 9.83 10.01 8.37 8.22 7.94 7.91 7.82 7.61 7.82 8.34 8.14 7.24 7.21 7.77 9.91 9.90 10.37 8.39 8.15 9.66 11.55 -9999 -9999 -9999 -9999 -9999 -9999
-9999 -9999 -9999 -9999 -9999 -9999 -9999 -9999 11.19 10.24 10.20 10.95 -9999 -9999 -9999 -9999 -9999 -9999 -9999 -9999 -9999 -9999 -9999 -9999 -9999 -9999 8.98 8.60 7.81 8.15 9.16 7.78 7.75 6.59 6.48 6.63 6.42 6.68 6.85 6.06 5.75 6.15 8.39 15.17 15.39 11.00 12.83 12.12 11.34 7.78 6.67 8.85 9.63 8.63 7.71 7.58 7.74 8.05 7.70 7.69 8.04 8.56 7.75 7.46 7.44 9.39 9.61 9.68 8.52 8.17 8.64 10.52 -9999 -9999 -9999 -9999 -9999 -9999
-9999 -9999 -9999 -9999 -9999 -9999 14.90 11.10 9.08 9.34 9.09 10.32 10.07 11.38 12.39 -9999 -9999 12.67 11.09 -9999 -9999 -9999 8.89 10.38 9.97 -9999 7.23 8.94 8.18 7.85 8.33 7.64 7.91 7.60 7.96 7.33 7.31 6.43 6.86 6.15 6.46 10.68 8.12 10.65 13.54 7.90 9.72 15.09 8.99 10.31 7.79 8.69 8.94 8.23 7.88 7.75 7.73 7.88 7.37 7.68 7.79 8.71 7.81 7.41 7.42 7.93 8.82 10.06 9.57 8.19 8.01 9.53 11.60 -9999 -9999 -9999 -9999 -9999
-9999 -9999 -9999 -9999 -9999 -9999 -9999 11.63 9.70 8.84 8.26 8.52 9.91 11.70 9.52 -9999 9.60 9.59 11.03 10.09 11.03 7.37 6.00 10.32 10.81 9.70 -9999 6.96 8.57 8.40 7.60 7.49 8.27 7.40 6.93 6.73 6.55 6.77 6.39 6.65 6.70 10.88 11.87 11.48 12.08 10.86 12.65 13.11 11.18 8.20 7.44 9.50 9.39 7.74 8.21 7.67 8.10 7.97 7.35 7.50 7.65 8.76 7.93 7.42 7.36 7.20 8.14 9.15 10.03 8.94 8.01 8.67 10.66 -9999 -9999 -9999 -9999 -9999
