ML/MeanWindSpeed_1996-10_Actual.txt
ncols         180
nrows         290
xllcorner     -200000
yllcorner     -200000
cellsize      5000
NODATA_value  -9999
[rows 136 to 169 of 290, columns 78 to 155 of 180]
-9999 16.73 14.32 10.78 14.40 12.24 14.65 12.04 10.49 8.81 8.37 10.31 18.00 13.91 12.70 9.61 9.08 9.29 8.61 9.62 11.21 8.82 10.21 8.60 9.24 8.76 8.72 8.60 8.43 8.06 8.11 8.96 7.36 5.34 6.81 7.96 8.52 9.67 9.66 5.13 6.68 10.78 9.33 7.34 7.78 7.29 7.73 6.87 8.26 9.95 -9999 -9999 -9999 -9999 -9999 -9999 -9999 -9999 -9999 -9999 -9999 -9999 -9999 -9999 -9999 -9999 -9999 -9999 -9999 -9999 -9999 -9999 -9999 -9999 -9999 -9999 -9999 -9999
-9999 16.89 14.46 9.37 13.46 10.60 12.18 11.18 10.52 10.19 7.74 13.02 13.09 12.27 15.39 10.85 9.26 9.12 7.34 10.81 17.12 11.57 -9999 -9999 -9999 9.43 9.08 -9999 8.37 8.57 8.66 7.57 6.29 7.29 9.30 7.46 7.65 9.76 8.70 10.78 10.06 6.41 4.78 5.27 6.04 6.92 3.70 4.87 5.81 8.58 -9999 -9999 -9999 -9999 -9999 -9999 -9999 -9999 -9999 -9999 -9999 -9999 -9999 -9999 -9999 -9999 -9999 -9999 -9999 -9999 -9999 -9999 -9999 -9999 -9999 -9999 -9999 -9999
-9999 14.90 17.59 11.67 11.04 12.01 13.17 12.52 11.42 10.33 9.38 9.99 18.10 13.60 14.63 10.52 9.98 12.72 8.55 10.24 11.66 12.49 -9999 -9999 -9999 9.87 8.79 8.99 9.17 8.43 7.88 6.49 8.42 12.30 12.83 9.23 13.93 9.32 8.93 13.03 8.69 9.35 9.23 8.81 5.04 6.32 7.97 5.43 4.36 7.11 -9999 -9999 -9999 -9999 -9999 -9999 -9999 -9999 -9999 -9999 -9999 -9999 -9999 -9999 -9999 -9999 -9999 -9999 -9999 -9999 -9999 -9999 -9999 -9999 -9999 -9999 -9999 -9999
-9999 -9999 16.31 16.10 12.80 -9999 14.60 14.53 12.76 11.62 10.67 -9999 13.16 11.34 12.70 9.77 11.96 13.21 11.43 11.87 -9999 -9999 -9999 -9999 11.50 9.09 8.24 8.38 9.46 9.58 8.17 7.54 7.77 13.51 19.62 9.10 16.39 10.82 13.37 14.93 10.83 12.84 9.62 6.60 8.27 7.94 5.48 2.17 3.57 7.53 8.63 -9999 -9999 -9999 -9999 -9999 -9999 -9999 -9999 -9999 -9999 -9999 -9999 -9999 -9999 -9999 -9999 -9999 -9999 -9999 -9999 -9999 -9999 -9999 -9999 -9999 -9999 -9999
-9999 -9999 -9999 16.74 -9999 -9999 -9999 14.29 14.70 12.65 12.57 13.68 -9999 -9999 14.15 11.44 15.30 16.95 -9999 -9999 -9999 -9999 -9999 12.95 11.28 7.85 8.29 8.28 9.57 9.18 10.25 10.42 6.88 9.87 14.94 18.18 13.25 16.22 17.33 17.49 13.13 13.67 13.55 10.85 6.58 5.86 6.10 1.90 3.22 7.23 10.39 -9999 -9999 -9999 -9999 -9999 -9999 -9999 -9999 -9999 -9999 -9999 -9999 -9999 -9999 -9999 -9999 -9999 -9999 -9999 -9999 -9999 -9999 -9999 -9999 -9999 -9999 -9999
-9999 -9999 -9999 16.56 16.51 -9999 -9999 -9999 14.41 15.45 14.86 15.27 -9999 -9999 -9999 -9999 14.78 -9999 -9999 -9999 -9999 -9999 -9999 11.25 9.93 8.69 9.89 11.76 11.90 10.35 10.43 9.20 7.75 7.59 12.76 16.59 11.02 19.36 18.11 19.55 14.03 13.84 15.78 10.88 7.32 5.59 3.08 1.42 3.21 6.81 10.37 -9999 -9999 -9999 -9999 -9999 -9999 -9999 -9999 -9999 -9999 -9999 -9999 -9999 -9999 -9999 -9999 -9999 -9999 -9999 -9999 -9999 -9999 -9999 -9999 -9999 -9999 -9999
-9999 -9999 -9999 -9999 18.65 -9999 -9999 -9999 -9999 15.02 16.64 16.17 -9999 -9999 -9999 -9999 -9999 -9999 -9999 -9999 -9999 -9999 12.91 11.17 11.23 11.47 11.70 14.01 13.55 12.04 11.69 10.23 9.77 7.44 9.24 19.86 20.65 19.38 18.21 13.51 11.57 11.91 8.94 5.35 8.20 7.85 2.83 2.20 4.20 7.05 10.89 13.55 -9999 -9999 -9999 -9999 -9999 -9999 -9999 -9999 -9999 -9999 -9999 -9999 -9999 -9999 -9999 -9999 -9999 -9999 -9999 -9999 -9999 -9999 -9999 -9999 -9999 -9999
-9999 -9999 -9999 -9999 20.48 -9999 -9999 -9999 -9999 -9999 -9999 -9999 -9999 -9999 -9999 -9999 -9999 -9999 -9999 -9999 -9999 -9999 13.36 10.60 8.88 8.17 6.98 18.40 14.53 12.52 15.18 10.61 12.25 5.85 6.12 15.60 22.66 16.97 13.97 20.50 22.81 19.52 14.70 11.69 4.65 5.35 4.74 6.27 5.47 7.20 11.51 13.77 14.39 -9999 -9999 -9999 -9999 -9999 -9999 -9999 -9999 -9999 -9999 -9999 -9999 -9999 -9999 -9999 -9999 -9999 -9999 -9999 -9999 -9999 -9999 -9999 -9999 -9999
-9999 -9999 -9999 -9999 -9999 -9999 -9999 -9999 -9999 -9999 -9999 -9999 -9999 -9999 -9999 -9999 -9999 -9999 -9999 -9999 -9999 13.78 12.26 9.88 7.90 13.18 5.63 25.54 24.01 11.43 12.65 10.94 9.37 9.82 5.41 7.29 21.89 20.92 17.35 14.91 13.16 16.58 15.07 12.54 8.71 6.46 5.88 5.52 5.89 8.63 9.93 10.90 12.51 -9999 -9999 -9999 -9999 -9999 -9999 -9999 -9999 -9999 -9999 -9999 -9999 -9999 -9999 -9999 -9999 -9999 -9999 -9999 -9999 -9999 -9999 -9999 -9999 -9999
-9999 -9999 -9999 -9999 -9999 -9999 -9999 -9999 -9999 -9999 -9999 -9999 -9999 -9999 -9999 -9999 -9999 -9999 -9999 -9999 -9999 12.42 13.35 8.97 11.97 24.06 11.98 6.12 15.22 17.00 13.02 12.28 10.60 9.61 7.63 7.45 10.14 23.85 19.29 17.23 13.29 12.65 12.41 9.23 8.46 8.11 9.16 6.71 8.52 8.20 9.21 9.38 10.35 11.75 12.75 12.63 -9999 -9999 -9999 -9999 -9999 -9999 -9999 -9999 -9999 -9999 -9999 -9999 -9999 -9999 -9999 -9999 -9999 -9999 -9999 -9999 -9999 -9999
-9999 -9999 -9999 -9999 -9999 -9999 -9999 -9999 -9999 -9999 -9999 -9999 -9999 -9999 -9999 -9999 -9999 -9999 -9999 -9999 -9999 12.33 11.72 11.16 16.94 10.05 10.25 12.14 18.36 13.10 10.85 17.00 8.28 11.79 9.38 9.02 7.74 12.62 16.64 16.31 14.69 13.27 9.45 9.41 8.26 7.30 6.81 7.39 7.56 8.47 8.09 8.37 8.95 14.07 11.50 12.79 13.42 12.44 -9999 -9999 -9999 -9999 -9999 -9999 -9999 -9999 -9999 -9999 -9999 -9999 -9999 -9999 -9999 -9999 -9999 -9999 -9999 -9999
-9999 -9999 -9999 -9999 -9999 -9999 -9999 -9999 -9999 -9999 -9999 -9999 -9999 -9999 -9999 -9999 -9999 -9999 -9999 -9999 -9999 12.32 11.51 13.06 21.96 23.72 16.94 10.90 11.97 13.34 17.84 9.87 15.62 12.39 10.80 11.60 10.36 7.11 8.48 16.01 15.34 13.60 11.76 10.08 9.09 8.79 8.38 7.54 8.03 7.97 7.48 8.70 9.07 10.43 14.54 13.05 12.49 13.80 13.31 10.32 -9999 -9999 -9999 -9999 -9999 -9999 -9999 -9999 -9999 -9999 -9999 -9999 -9999 -9999 -9999 -9999 -9999 -9999
-9999 -9999 -9999 -9999 -9999 -9999 -9999 -9999 -9999 -9999 -9999 -9999 -9999 -9999 -9999 -9999 -9999 -9999 -9999 -9999 -9999 13.00 10.80 14.58 17.37 9.96 29.52 23.77 10.70 14.26 10.68 16.85 18.11 11.95 9.57 11.24 11.91 8.10 20.29 17.79 17.18 18.13 18.38 16.47 10.56 12.09 9.58 8.74 8.55 8.35 8.33 8.33 7.37 8.24 11.90 9.49 8.26 9.18 11.35 8.79 13.33 -9999 -9999 -9999 -9999 -9999 -9999 -9999 -9999 -9999 -9999 -9999 -9999 -9999 -9999 -9999 -9999 -9999
-9999 -9999 -9999 -9999 -9999 -9999 -9999 -9999 -9999 15.57 16.19 16.98 -9999 -9999 -9999 -9999 -9999 -9999 -9999 -9999 -9999 -9999 13.12 11.25 9.58 13.18 15.65 20.45 9.52 4.94 13.41 12.08 11.01 9.47 12.56 13.04 11.11 12.30 16.33 16.18 22.13 20.05 16.12 14.81 15.48 12.58 10.26 9.43 8.78 8.86 7.94 7.42 14.45 12.09 16.63 16.62 14.01 11.87 7.45 12.37 12.96 11.14 -9999 -9999 -9999 -9999 -9999 -9999 -9999 -9999 -9999 -9999 -9999 -9999 -9999 -9999 -9999 -9999
-9999 -9999 -9999 -9999 -9999 -9999 -9999 -9999 -9999 13.44 13.61 -9999 -9999 -9999 -9999 -9999 -9999 -9999 -9999 -9999 -9999 -9999 -9999 11.81 7.87 14.13 13.88 26.24 12.54 12.39 10.41 6.69 5.68 7.09 7.11 20.81 10.72 12.48 20.23 15.61 10.83 9.71 17.07 10.62 15.26 11.94 9.91 9.01 8.79 8.13 8.80 12.69 14.21 12.17 10.73 9.23 10.65 12.22 11.24 11.84 11.23 14.67 -9999 -9999 -9999 -9999 -9999 -9999 -9999 -9999 -9999 -9999 -9999 -9999 -9999 -9999 -9999 -9999
-9999 -9999 -9999 -9999 -9999 -9999 -9999 -9999 13.12 17.31 16.41 15.31 -9999 -9999 -9999 -9999 -9999 -9999 -9999 -9999 -9999 -9999 -9999 13.03 15.32 15.97 15.80 11.71 14.05 10.45 9.07 7.04 5.95 9.38 7.22 5.43 20.18 12.82 11.17 17.45 14.06 18.83 13.91 14.53 11.85 11.09 10.19 9.93 8.59 7.77 9.46 11.40 9.78 10.74 11.59 10.32 10.76 10.32 10.68 10.99 8.40 13.38 11.76 -9999 -9999 -9999 -9999 -9999 -9999 -9999 -9999 -9999 -9999 -9999 -9999 -9999 -9999 -9999
-9999 -9999 -9999 -9999 -9999 -9999 -9999 11.91 18.22 20.17 25.37 15.18 -9999 -9999 -9999 -9999 -9999 -9999 -9999 -9999 -9999 -9999 -9999 14.98 21.32 16.02 8.75 11.19 9.93 10.86 7.55 6.10 7.72 9.67 5.47 16.20 11.57 16.63 11.62 19.71 10.55 13.07 9.95 13.63 10.92 11.25 11.32 9.22 8.83 7.33 6.97 11.72 12.28 11.37 8.98 8.87 7.96 7.99 8.48 11.03 10.99 10.33 11.99 -9999 -9999 -9999 -9999 -9999 -9999 -9999 -9999 -9999 -9999 -9999 -9999 -9999 -9999 -9999
-9999 -9999 -9999 -9999 -9999 -9999 13.94 12.62 23.32 17.65 16.80 -9999 -9999 -9999 -9999 -9999 -9999 -9999 -9999 -9999 -9999 -9999 -9999 -9999 14.08 10.37 9.24 12.85 8.44 11.68 8.45 7.38 6.96 8.35 5.80 16.10 15.85 17.74 16.91 18.79 18.49 18.53 16.29 14.99 14.94 13.74 10.11 9.30 8.49 6.85 6.33 7.28 14.65 12.52 7.91 6.77 6.64 5.93 5.92 6.00 6.57 6.33 8.10 10.87 12.15 -9999 -9999 -9999 -9999 -9999 -9999 -9999 -9999 -9999 -9999 -9999 -9999 -9999
-9999 -9999 -9999 -9999 -9999 -9999 17.54 19.47 12.58 13.08 14.34 -9999 -9999 -9999 -9999 -9999 -9999 -9999 -9999 -9999 -9999 -9999 -9999 -9999 -9999 11.49 12.17 10.68 8.94 10.79 9.59 9.47 8.38 9.54 6.02 15.96 14.31 12.69 16.96 15.61 14.21 21.37 21.14 14.77 17.06 14.52 13.11 9.48 8.18 7.19 6.53 6.75 8.16 8.86 7.56 7.35 6.90 6.58 5.92 5.67 5.74 6.12 11.02 11.54 11.05 -9999 -9999 -9999 -9999 -9999 -9999 -9999 -9999 -9999 -9999 -9999 -9999 -9999
-9999 -9999 -9999 -9999 -9999 -9999 18.37 15.31 15.86 14.28 -9999 -9999 -9999 -9999 -9999 -9999 -9999 -9999 -9999 -9999 -9999 -9999 -9999 -9999 -9999 13.25 12.83 11.56 -9999 11.23 -9999 10.23 8.38 7.44 5.84 5.90 14.79 13.38 14.16 20.29 8.97 10.63 20.14 16.78 15.38 14.68 12.26 9.86 9.08 8.97 7.92 7.39 7.34 8.71 10.46 8.44 9.11 7.30 6.00 7.54 9.38 8.56 7.40 7.44 10.41 13.54 14.55 -9999 -9999 -9999 -9999 -9999 -9999 -9999 -9999 -9999 -9999 -9999
-9999 -9999 -9999 -9999 -9999 17.92 15.58 14.67 -9999 -9999 -9999 -9999 -9999 -9999 -9999 -9999 -9999 -9999 -9999 -9999 -9999 -9999 -9999 -9999 -9999 14.90 12.90 11.34 -9999 -9999 -9999 10.15 11.06 6.22 7.84 9.57 7.30 7.45 10.40 17.41 17.22 8.70 15.87 18.70 13.87 15.59 13.45 11.43 8.41 8.64 8.10 7.74 7.52 7.77 8.36 8.24 8.67 6.56 7.50 9.21 10.19 10.34 9.73 8.21 8.20 10.34 12.62 -9999 -9999 -9999 -9999 -9999 -9999 -9999 -9999 -9999 -9999 -9999
-9999 -9999 -9999 -9999 -9999 -9999 -9999 -9999 -9999 -9999 -9999 -9999 -9999 -9999 -9999 -9999 -9999 -9999 -9999 -9999 -9999 -9999 -9999 -9999 -9999 -9999 -9999 -9999 -9999 -9999 11.61 8.92 8.61 11.80 13.42 13.88 13.23 10.45 10.91 15.56 15.17 11.97 8.49 14.16 16.50 13.52 12.01 10.67 9.38 8.88 9.03 8.05 7.56 7.51 7.39 7.23 6.33 7.86 12.24 9.27 9.90 8.24 8.15 6.70 7.95 9.85 -9999 -9999 -9999 -9999 -9999 -9999 -9999 -9999 -9999 -9999 -9999 -9999
-9999 -9999 -9999 -9999 -9999 -9999 -9999 -9999 -9999 -9999 -9999 -9999 -9999 -9999 -9999 -9999 -9999 -9999 -9999 -9999 -9999 -9999 -9999 -9999 -9999 -9999 -9999 -9999 -9999 -9999 10.68 8.62 10.98 15.49 19.63 16.85 11.36 13.17 8.46 9.36 8.66 11.69 12.68 13.88 14.44 13.67 11.54 10.78 10.15 8.87 9.03 8.00 7.78 7.76 7.69 7.35 6.34 7.12 13.19 11.34 8.02 7.11 6.61 6.37 7.85 10.30 -9999 -9999 -9999 -9999 -9999 -9999 -9999 -9999 -9999 -9999 -9999 -9999
-9999 -9999 -9999 -9999 -9999 -9999 -9999 -9999 -9999 -9999 -9999 -9999 -9999 -9999 -9999 -9999 -9999 -9999 -9999 -9999 -9999 -9999 -9999 -9999 -9999 -9999 -9999 -9999 -9999 -9999 9.38 7.48 8.12 12.66 14.53 13.39 11.57 11.21 9.73 10.52 8.84 8.82 10.08 7.42 14.30 11.92 13.47 11.26 10.73 8.69 8.20 8.32 8.11 8.10 7.83 7.57 6.97 6.36 9.17 10.17 8.37 7.02 6.80 6.48 7.70 9.85 -9999 -9999 -9999 -9999 -9999 -9999 -9999 -9999 -9999 -9999 -9999 -9999
-9999 -9999 -9999 -9999 -9999 -9999 -9999 -9999 -9999 -9999 -9999 -9999 -9999 -9999 -9999 -9999 -9999 -9999 -9999 -9999 -9999 -9999 -9999 -9999 -9999 -9999 -9999 -9999 13.30 10.84 8.31 7.16 11.23 13.71 18.22 12.48 15.19 7.63 9.74 9.59 11.64 12.58 11.81 14.60 8.57 9.12 9.20 9.14 8.46 9.88 8.38 8.29 8.71 8.15 7.95 7.87 7.20 6.66 6.50 9.14 8.23 7.04 6.67 6.59 7.10 8.84 10.87 -9999 -9999 -9999 -9999 -9999 -9999 -9999 -9999 -9999 -9999 -9999
-9999 -9999 -9999 -9999 -9999 -9999 -9999 -9999 -9999 -9999 -9999 -9999 -9999 -9999 -9999 -9999 -9999 -9999 -9999 -9999 -9999 -9999 -9999 -9999 -9999 -9999 -9999 -9999 12.18 9.52 8.03 7.33 7.96 12.51 8.68 8.93 6.55 9.24 14.61 10.88 13.39 12.32 14.13 8.23 14.25 10.51 12.35 11.63 11.66 9.75 9.10 8.52 8.18 8.10 8.10 7.88 7.49 6.80 6.17 6.80 8.73 7.73 6.76 6.75 6.62 7.73 9.99 -9999 -9999 -9999 -9999 -9999 -9999 -9999 -9999 -9999 -9999 -9999
-9999 -9999 -9999 -9999 -9999 -9999 -9999 -9999 -9999 -9999 -9999 -9999 -9999 -9999 -9999 -9999 -9999 -9999 -9999 -9999 -9999 -9999 -9999 -9999 -9999 -9999 -9999 -9999 12.22 9.33 8.37 7.79 8.01 8.61 9.20 8.19 6.84 9.54 10.61 9.79 12.44 15.95 11.73 10.65 8.25 11.23 8.38 9.50 10.53 10.99 9.51 9.03 8.17 8.07 8.16 8.00 7.61 7.10 6.52 6.57 8.27 9.39 7.48 6.66 6.54 6.87 8.39 10.53 -9999 -9999 -9999 -9999 -9999 -9999 -9999 -9999 -9999 -9999
-9999 -9999 -9999 -9999 -9999 -9999 -9999 -9999 -9999 -9999 -9999 -9999 -9999 -9999 -9999 -9999 -9999 -9999 -9999 -9999 -9999 -9999 -9999 -9999 -9999 -9999 -9999 -9999 11.76 9.53 8.83 8.76 8.30 8.04 7.68 9.04 11.02 7.30 7.60 9.58 16.62 16.26 17.58 14.75 11.11 10.49 11.21 8.92 7.96 9.77 10.49 8.94 8.21 8.22 7.93 7.92 7.75 7.54 7.04 6.81 8.94 10.69 8.70 7.76 7.45 6.80 7.11 9.12 11.09 -9999 -9999 -9999 -9999 -9999 -9999 -9999 -9999 -9999
-9999 -9999 -9999 -9999 -9999 -9999 -9999 -9999 -9999 -9999 -9999 -9999 -9999 -9999 -9999 -9999 -9999 -9999 -9999 -9999 -9999 -9999 -9999 -9999 -9999 -9999 -9999 -9999 11.70 9.18 8.55 8.28 7.85 7.19 8.39 8.02 9.92 10.62 13.55 15.72 16.73 12.32 15.11 12.58 12.12 9.62 11.53 10.41 9.04 8.08 7.93 8.40 8.09 8.12 8.04 8.04 7.88 7.90 7.79 7.68 7.88 9.39 9.00 8.22 8.06 7.85 7.36 7.57 9.79 -9999 -9999 -9999 -9999 -9999 -9999 -9999 -9999 -9999
-9999 -9999 -9999 -9999 -9999 -9999 -9999 -9999 -9999 -9999 -9999 -9999 -9999 -9999 -9999 -9999 -9999 -9999 -9999 -9999 -9999 -9999 -9999 -9999 -9999 -9999 -9999 -9999 -9999 9.23 8.64 8.14 7.38 8.22 11.33 11.36 12.49 10.67 10.04 13.21 12.42 14.69 13.24 9.88 7.44 8.48 8.28 10.30 8.89 8.41 9.23 8.81 7.86 8.13 7.86 7.94 7.76 7.87 8.04 8.20 8.24 7.84 8.28 8.56 8.71 -9999 8.35 8.80 10.08 12.48 -9999 -9999 -9999 -9999 -9999 -9999 -9999 -9999
-9999 -9999 -9999 -9999 -9999 -9999 -9999 -9999 -9999 -9999 -9999 -9999 -9999 -9999 -9999 -9999 -9999 -9999 -9999 -9999 -9999 -9999 -9999 -9999 -9999 -9999 -9999 -9999 11.35 9.13 8.51 7.51 7.00 7.44 13.50 14.20 10.96 15.12 14.05 11.27 10.84 17.29 14.16 14.66 10.38 7.45 10.41 8.19 7.31 8.51 8.64 7.96 8.15 7.60 7.53 7.57 7.74 7.61 7.62 9.85 8.63 7.49 9.44 8.32 8.41 8.44 -9999 9.92 11.03 12.94 14.41 -9999 -9999 -9999 -9999 -9999 -9999 -9999
-9999 -9999 -9999 -9999 -9999 -9999 -9999 -9999 -9999 -9999 -9999 -9999 -9999 -9999 -9999 -9999 -9999 -9999 -9999 -9999 -9999 -9999 -9999 -9999 -9999 -9999 -9999 -9999 10.94 8.78 8.27 7.45 9.81 8.19 9.50 13.91 8.83 9.39 9.97 7.31 7.60 13.70 12.95 13.18 8.42 11.28 12.39 8.64 10.14 8.75 9.40 8.82 8.10 7.35 7.24 7.30 7.32 7.19 7.05 7.27 8.02 6.58 6.90 7.97 7.18 8.33 8.97 -9999 -9999 -9999 -9999 -9999 -9999 -9999 -9999 -9999 -9999 -9999
-9999 -9999 -9999 -9999 -9999 -9999 -9999 -9999 -9999 -9999 -9999 -9999 -9999 -9999 -9999 -9999 -9999 -9999 -9999 -9999 -9999 -9999 -9999 -9999 -9999 -9999 -9999 13.28 9.95 8.43 9.51 8.73 8.81 8.00 9.03 8.98 8.08 7.78 7.16 7.04 8.05 12.39 16.31 17.00 10.57 14.31 13.02 9.03 9.34 7.74 8.51 8.77 7.79 7.07 7.37 7.30 7.16 7.30 6.98 7.09 7.22 7.00 6.61 8.79 7.92 7.79 8.10 9.80 11.55 -9999 -9999 -9999 -9999 -9999 -9999 -9999 -9999 -9999
-9999 -9999 -9999 -9999 -9999 -9999 -9999 -9999 -9999 -9999 -9999 -9999 -9999 -9999 -9999 -9999 -9999 -9999 -9999 -9999 -9999 -9999 -9999 -9999 -9999 -9999 -9999 -9999 10.13 8.43 8.35 8.79 11.38 7.90 7.14 6.81 7.49 7.99 7.22 7.01 7.17 7.62 13.80 16.35 18.10 13.73 13.95 11.96 10.00 10.32 6.97 7.10 8.50 7.18 7.16 7.03 6.98 7.30 7.03 7.01 7.38 6.94 6.31 6.53 10.14 8.39 7.72 8.22 9.44 11.17 13.10 -9999 -9999 -9999 -9999 -9999 -9999 -9999
