ML/MeanWindSpeed_1999-08_Actual.txt
ncols         180
nrows         290
xllcorner     -200000
yllcorner     -200000
cellsize      5000
NODATA_value  -9999
[rows 140 to 174 of 290, columns 79 to 157 of 180]
-9999 -9999 10.32 -9999 -9999 -9999 9.55 9.55 8.33 8.08 8.87 -9999 -9999 9.29 7.98 9.66 10.49 -9999 -9999 -9999 -9999 -9999 8.08 6.98 5.17 5.08 4.47 5.00 5.27 5.96 6.40 5.34 7.41 9.05 9.06 6.97 8.18 8.81 9.22 7.29 7.61 7.40 6.07 4.02 3.66 3.94 2.13 2.61 4.45 6.27 -9999 -9999 -9999 -9999 -9999 -9999 -9999 -9999 -9999 -9999 -9999 -9999 -9999 -9999 -9999 -9999 -9999 -9999 -9999 -9999 -9999 -9999 -9999 -9999 -9999 -9999 -9999 -9999 -9999
-9999 -9999 10.35 10.13 -9999 -9999 -9999 9.62 9.86 9.42 9.59 -9999 -9999 -9999 -9999 9.61 -9999 -9999 -9999 -9999 -9999 -9999 7.14 6.32 5.56 5.70 5.50 5.48 5.53 5.98 5.97 5.90 6.72 9.04 9.04 5.73 9.70 9.56 10.43 7.78 7.53 8.44 6.21 4.62 3.92 2.66 1.68 2.60 4.44 6.32 -9999 -9999 -9999 -9999 -9999 -9999 -9999 -9999 -9999 -9999 -9999 -9999 -9999 -9999 -9999 -9999 -9999 -9999 -9999 -9999 -9999 -9999 -9999 -9999 -9999 -9999 -9999 -9999 -9999
-9999 -9999 -9999 11.27 -9999 -9999 -9999 -9999 9.89 10.50 10.15 -9999 -9999 -9999 -9999 -9999 -9999 -9999 -9999 -9999 -9999 7.93 6.93 6.78 6.47 6.42 7.05 6.79 6.51 6.70 6.52 6.72 6.45 7.79 11.62 10.52 9.87 10.00 8.42 7.65 7.48 5.72 3.92 5.07 4.89 2.50 2.10 3.23 4.87 6.88 8.30 -9999 -9999 -9999 -9999 -9999 -9999 -9999 -9999 -9999 -9999 -9999 -9999 -9999 -9999 -9999 -9999 -9999 -9999 -9999 -9999 -9999 -9999 -9999 -9999 -9999 -9999 -9999 -9999
-9999 -9999 -9999 12.15 -9999 -9999 -9999 -9999 -9999 -9999 -9999 -9999 -9999 -9999 -9999 -9999 -9999 -9999 -9999 -9999 -9999 7.70 6.18 5.33 4.61 4.62 10.22 7.68 6.58 8.30 6.42 7.47 5.13 6.15 10.39 12.47 9.44 8.37 11.70 13.09 11.51 8.97 7.22 3.92 3.94 3.43 4.08 4.05 5.25 7.41 8.46 8.84 -9999 -9999 -9999 -9999 -9999 -9999 -9999 -9999 -9999 -9999 -9999 -9999 -9999 -9999 -9999 -9999 -9999 -9999 -9999 -9999 -9999 -9999 -9999 -9999 -9999 -9999 -9999
-9999 -9999 -9999 -9999 -9999 -9999 -9999 -9999 -9999 -9999 -9999 -9999 -9999 -9999 -9999 -9999 -9999 -9999 -9999 -9999 8.16 7.05 5.62 4.70 6.87 4.02 13.37 11.75 5.99 6.91 5.93 5.79 6.36 5.47 7.26 13.81 13.28 11.35 9.89 8.92 10.22 9.36 7.93 6.02 4.82 4.34 4.16 4.60 6.14 6.85 7.17 7.70 -9999 -9999 -9999 -9999 -9999 -9999 -9999 -9999 -9999 -9999 -9999 -9999 -9999 -9999 -9999 -9999 -9999 -9999 -9999 -9999 -9999 -9999 -9999 -9999 -9999 -9999 -9999
-9999 -9999 -9999 -9999 -9999 -9999 -9999 -9999 -9999 -9999 -9999 -9999 -9999 -9999 -9999 -9999 -9999 -9999 -9999 -9999 7.50 7.52 5.02 5.86 11.36 6.41 4.57 8.43 8.65 6.58 5.70 5.47 5.59 5.98 8.07 10.81 16.63 13.32 11.29 9.23 8.68 8.18 6.48 5.90 5.56 6.08 5.15 6.05 6.03 6.47 6.29 6.50 6.84 7.04 7.18 -9999 -9999 -9999 -9999 -9999 -9999 -9999 -9999 -9999 -9999 -9999 -9999 -9999 -9999 -9999 -9999 -9999 -9999 -9999 -9999 -9999 -9999 -9999 -9999
-9999 -9999 -9999 -9999 -9999 -9999 -9999 -9999 -9999 -9999 -9999 -9999 -9999 -9999 -9999 -9999 -9999 -9999 -9999 -9999 7.62 7.05 6.29 8.48 5.39 5.36 6.76 10.39 7.55 5.64 7.73 3.80 5.86 6.06 8.12 9.07 11.31 11.77 10.53 9.28 8.36 6.41 6.19 5.65 5.31 5.27 5.66 5.74 6.10 5.78 5.66 5.69 7.64 6.23 7.08 7.82 7.83 -9999 -9999 -9999 -9999 -9999 -9999 -9999 -9999 -9999 -9999 -9999 -9999 -9999 -9999 -9999 -9999 -9999 -9999 -9999 -9999 -9999 -9999
-9999 -9999 -9999 -9999 -9999 -9999 -9999 -9999 -9999 -9999 -9999 -9999 -9999 -9999 -9999 -9999 -9999 -9999 -9999 -9999 7.77 7.40 7.93 11.72 12.42 8.55 5.87 7.91 8.64 9.66 5.55 7.72 6.31 5.87 7.72 8.66 7.65 7.62 10.32 9.20 8.10 7.26 6.36 5.90 6.05 6.18 5.88 6.05 5.89 5.42 5.50 5.29 5.65 7.36 7.03 7.15 8.26 8.39 7.12 -9999 -9999 -9999 -9999 -9999 -9999 -9999 -9999 -9999 -9999 -9999 -9999 -9999 -9999 -9999 -9999 -9999 -9999 -9999 -9999
-9999 -9999 -9999 -9999 -9999 -9999 -9999 -9999 -9999 -9999 -9999 -9999 -9999 -9999 -9999 -9999 -9999 -9999 -9999 -9999 8.12 7.15 8.76 9.62 6.18 14.46 11.99 7.61 9.43 7.24 9.69 9.84 6.74 5.43 6.74 7.72 6.43 11.85 10.62 10.06 10.04 9.94 9.07 6.56 7.43 6.72 6.50 6.43 6.16 5.80 5.15 4.46 4.96 6.81 6.04 5.69 6.31 7.42 6.25 8.57 -9999 -9999 -9999 -9999 -9999 -9999 -9999 -9999 -9999 -9999 -9999 -9999 -9999 -9999 -9999 -9999 -9999 -9999 -9999
-9999 -9999 -9999 -9999 -9999 -9999 -9999 -9999 9.56 10.09 11.13 -9999 -9999 -9999 -9999 -9999 -9999 -9999 -9999 -9999 -9999 7.79 7.02 5.81 7.26 9.08 11.40 7.19 5.33 9.05 8.52 7.43 6.18 7.63 8.01 6.98 7.36 9.75 9.97 12.41 11.19 9.22 8.62 8.93 7.82 7.05 6.83 6.58 6.50 5.80 4.95 7.92 7.28 9.67 10.01 9.09 8.18 6.08 7.99 8.45 8.01 -9999 -9999 -9999 -9999 -9999 -9999 -9999 -9999 -9999 -9999 -9999 -9999 -9999 -9999 -9999 -9999 -9999 -9999
-9999 -9999 -9999 -9999 -9999 -9999 -9999 -9999 7.08 7.87 -9999 -9999 -9999 -9999 -9999 -9999 -9999 -9999 -9999 -9999 -9999 -9999 6.87 4.65 7.88 8.81 14.25 8.06 8.16 7.78 6.37 5.62 5.56 5.35 11.31 6.81 7.52 11.39 9.84 7.66 7.10 10.26 7.17 9.16 7.73 6.95 6.64 6.62 6.31 6.48 7.73 8.25 7.84 7.75 7.41 8.19 8.80 8.20 8.18 7.91 9.63 -9999 -9999 -9999 -9999 -9999 -9999 -9999 -9999 -9999 -9999 -9999 -9999 -9999 -9999 -9999 -9999 -9999 -9999
-9999 -9999 -9999 -9999 -9999 -9999 -9999 7.13 8.68 8.89 9.46 -9999 -9999 -9999 -9999 -9999 -9999 -9999 -9999 -9999 -9999 -9999 7.03 7.86 8.69 9.27 7.46 8.45 6.79 6.65 6.18 5.55 6.74 5.69 4.30 10.79 7.90 7.40 9.97 8.51 10.41 8.15 8.24 7.19 7.13 6.88 6.95 6.51 6.23 7.08 7.86 7.02 7.78 8.77 8.48 8.79 8.43 8.45 8.56 7.36 9.50 8.70 -9999 -9999 -9999 -9999 -9999 -9999 -9999 -9999 -9999 -9999 -9999 -9999 -9999 -9999 -9999 -9999 -9999
-9999 -9999 -9999 -9999 -9999 -9999 6.77 9.62 10.72 13.37 9.24 -9999 -9999 -9999 -9999 -9999 -9999 -9999 -9999 -9999 -9999 -9999 7.83 10.92 8.95 5.93 7.14 6.76 7.06 5.86 5.40 5.92 6.89 5.34 9.60 7.20 9.85 7.63 10.86 6.73 7.57 5.94 7.62 6.52 6.89 7.19 6.52 6.55 6.11 6.26 8.65 8.86 8.39 7.64 7.84 7.59 7.58 7.73 8.85 8.63 8.13 8.62 -9999 -9999 -9999 -9999 -9999 -9999 -9999 -9999 -9999 -9999 -9999 -9999 -9999 -9999 -9999 -9999 -9999
-9999 -9999 -9999 -9999 -9999 8.29 7.44 12.47 10.47 10.38 -9999 -9999 -9999 -9999 -9999 -9999 -9999 -9999 -9999 -9999 -9999 -9999 -9999 8.12 6.68 5.89 7.75 6.02 7.61 6.27 5.76 5.50 6.37 5.41 9.81 9.47 10.39 9.63 10.07 10.14 9.95 8.43 8.03 8.25 7.73 6.50 6.48 6.45 6.02 6.07 6.87 10.14 8.96 6.99 6.51 6.52 6.34 6.38 6.27 6.30 6.07 6.79 8.17 8.97 -9999 -9999 -9999 -9999 -9999 -9999 -9999 -9999 -9999 -9999 -9999 -9999 -9999 -9999 -9999
-9999 -9999 -9999 -9999 -9999 10.32 11.33 8.80 9.40 9.79 -9999 -9999 -9999 -9999 -9999 -9999 -9999 -9999 -9999 -9999 -9999 -9999 -9999 -9999 7.11 7.13 6.79 6.19 7.24 6.80 6.59 6.04 6.59 5.15 9.67 9.07 8.60 9.98 8.60 8.16 11.37 10.87 7.88 9.19 8.22 7.78 6.53 6.33 6.16 6.06 6.49 7.27 7.40 6.74 6.50 6.29 6.21 5.87 5.72 5.80 5.93 8.13 8.58 8.58 -9999 -9999 -9999 -9999 -9999 -9999 -9999 -9999 -9999 -9999 -9999 -9999 -9999 -9999 -9999
-9999 -9999 -9999 -9999 -9999 11.02 9.95 10.47 9.89 -9999 -9999 -9999 -9999 -9999 -9999 -9999 -9999 -9999 -9999 -9999 -9999 -9999 -9999 -9999 7.72 7.68 7.39 -9999 7.47 -9999 6.82 5.70 4.82 4.16 4.77 9.02 8.79 9.08 11.48 6.56 7.30 11.33 9.54 8.76 8.59 7.66 6.74 6.56 6.58 6.28 6.43 6.74 7.32 7.88 6.85 7.12 6.13 5.32 6.14 7.23 7.00 6.77 7.00 8.45 10.04 10.68 -9999 -9999 -9999 -9999 -9999 -9999 -9999 -9999 -9999 -9999 -9999 -9999 -9999
-9999 -9999 -9999 -9999 10.79 10.16 9.92 -9999 -9999 -9999 -9999 -9999 -9999 -9999 -9999 -9999 -9999 -9999 -9999 -9999 -9999 -9999 -9999 -9999 8.56 7.94 7.39 -9999 -9999 -9999 6.75 6.69 3.89 4.42 5.87 5.65 5.99 7.65 10.88 10.77 6.72 9.79 10.82 8.28 9.22 8.25 7.37 6.17 6.39 6.26 6.34 6.53 6.79 6.96 6.79 6.97 5.82 5.86 6.81 7.77 8.24 8.26 7.69 7.72 8.74 9.87 -9999 -9999 -9999 -9999 -9999 -9999 -9999 -9999 -9999 -9999 -9999 -9999 -9999
-9999 -9999 -9999 -9999 -9999 -9999 -9999 -9999 -9999 -9999 -9999 -9999 -9999 -9999 -9999 -9999 -9999 -9999 -9999 -9999 -9999 -9999 -9999 -9999 -9999 -9999 -9999 -9999 -9999 7.56 6.24 5.64 6.35 6.94 7.83 8.18 7.32 7.99 10.27 9.90 8.34 6.86 9.11 9.80 8.47 7.58 6.91 6.50 6.51 6.69 6.36 6.33 6.49 6.50 6.41 6.06 6.64 8.36 7.22 7.98 7.63 7.79 7.14 7.73 8.65 -9999 -9999 -9999 -9999 -9999 -9999 -9999 -9999 -9999 -9999 -9999 -9999 -9999 -9999
-9999 -9999 -9999 -9999 -9999 -9999 -9999 -9999 -9999 -9999 -9999 -9999 -9999 -9999 -9999 -9999 -9999 -9999 -9999 -9999 -9999 -9999 -9999 -9999 -9999 -9999 -9999 -9999 -9999 7.14 6.13 6.71 8.05 10.16 9.51 7.28 8.32 6.56 7.26 6.65 7.87 8.47 8.97 8.94 8.69 7.66 7.25 6.94 6.45 6.66 6.29 6.30 6.40 6.49 6.43 6.09 6.54 9.35 8.65 7.39 7.27 7.18 7.00 7.64 8.77 -9999 -9999 -9999 -9999 -9999 -9999 -9999 -9999 -9999 -9999 -9999 -9999 -9999 -9999
-9999 -9999 -9999 -9999 -9999 -9999 -9999 -9999 -9999 -9999 -9999 -9999 -9999 -9999 -9999 -9999 -9999 -9999 -9999 -9999 -9999 -9999 -9999 -9999 -9999 -9999 -9999 -9999 -9999 6.53 5.71 5.99 8.08 8.96 8.72 8.06 7.28 6.43 7.20 6.20 5.97 6.88 5.88 8.90 7.83 8.44 7.39 7.10 6.25 6.21 6.39 6.41 6.48 6.44 6.43 6.32 6.37 8.01 8.45 7.54 7.10 7.15 6.98 7.47 8.42 -9999 -9999 -9999 -9999 -9999 -9999 -9999 -9999 -9999 -9999 -9999 -9999 -9999 -9999
-9999 -9999 -9999 -9999 -9999 -9999 -9999 -9999 -9999 -9999 -9999 -9999 -9999 -9999 -9999 -9999 -9999 -9999 -9999 -9999 -9999 -9999 -9999 -9999 -9999 -9999 -9999 8.37 7.17 5.99 5.57 7.65 9.07 11.21 8.67 9.73 5.74 6.41 6.36 6.68 7.10 7.19 8.85 6.59 6.71 6.63 6.58 6.18 6.77 6.21 6.31 6.64 6.45 6.43 6.51 6.37 6.49 6.95 8.15 7.36 6.78 6.88 6.94 7.14 7.90 8.91 -9999 -9999 -9999 -9999 -9999 -9999 -9999 -9999 -9999 -9999 -9999 -9999 -9999
-9999 -9999 -9999 -9999 -9999 -9999 -9999 -9999 -9999 -9999 -9999 -9999 -9999 -9999 -9999 -9999 -9999 -9999 -9999 -9999 -9999 -9999 -9999 -9999 -9999 -9999 -9999 7.82 6.51 5.81 5.59 6.21 8.65 7.00 6.69 5.52 6.48 8.52 6.48 7.08 6.71 7.76 5.40 8.56 7.12 8.05 7.89 7.85 6.85 6.51 6.36 6.37 6.38 6.45 6.45 6.44 6.42 6.61 7.11 7.66 6.98 6.81 6.96 6.90 7.36 8.44 -9999 -9999 -9999 -9999 -9999 -9999 -9999 -9999 -9999 -9999 -9999 -9999 -9999
-9999 -9999 -9999 -9999 -9999 -9999 -9999 -9999 -9999 -9999 -9999 -9999 -9999 -9999 -9999 -9999 -9999 -9999 -9999 -9999 -9999 -9999 -9999 -9999 -9999 -9999 -9999 7.84 6.46 6.02 5.83 6.27 6.96 6.89 5.96 5.20 6.03 6.30 5.79 7.03 8.76 7.00 6.75 5.98 7.34 6.17 6.66 7.24 7.53 6.82 6.62 6.35 6.34 6.44 6.47 6.46 6.45 6.51 6.85 7.60 7.91 7.16 6.89 6.84 6.95 7.69 8.72 -9999 -9999 -9999 -9999 -9999 -9999 -9999 -9999 -9999 -9999 -9999 -9999
-9999 -9999 -9999 -9999 -9999 -9999 -9999 -9999 -9999 -9999 -9999 -9999 -9999 -9999 -9999 -9999 -9999 -9999 -9999 -9999 -9999 -9999 -9999 -9999 -9999 -9999 -9999 7.63 6.57 6.24 6.22 6.16 6.06 5.56 5.79 6.38 4.94 5.17 5.72 9.11 9.16 9.79 8.90 7.54 7.28 7.59 6.57 6.24 7.07 7.28 6.53 6.29 6.36 6.31 6.42 6.49 6.58 6.58 6.72 7.92 8.66 7.68 7.30 7.20 6.91 7.07 8.02 9.00 -9999 -9999 -9999 -9999 -9999 -9999 -9999 -9999 -9999 -9999 -9999
-9999 -9999 -9999 -9999 -9999 -9999 -9999 -9999 -9999 -9999 -9999 -9999 -9999 -9999 -9999 -9999 -9999 -9999 -9999 -9999 -9999 -9999 -9999 -9999 -9999 -9999 -9999 7.59 6.41 6.13 6.01 5.79 5.42 5.40 4.82 5.84 6.60 7.83 8.76 9.72 7.54 8.65 7.73 7.77 6.75 7.59 7.18 6.73 6.28 6.13 6.26 6.18 6.32 6.38 6.49 6.55 6.70 6.82 6.90 7.35 8.09 7.67 7.33 7.40 7.37 7.19 7.29 8.36 -9999 -9999 -9999 -9999 -9999 -9999 -9999 -9999 -9999 -9999 -9999
-9999 -9999 -9999 -9999 -9999 -9999 -9999 -9999 -9999 -9999 -9999 -9999 -9999 -9999 -9999 -9999 -9999 -9999 -9999 -9999 -9999 -9999 -9999 -9999 -9999 -9999 -9999 -9999 6.38 6.11 5.82 5.39 5.70 6.80 6.77 7.56 7.01 6.86 8.47 8.33 8.74 7.87 6.56 5.70 6.10 5.92 6.88 6.41 6.26 6.66 6.46 6.08 6.36 6.33 6.45 6.48 6.63 6.85 6.98 7.27 7.34 7.33 7.35 7.54 -9999 7.58 7.82 8.46 9.62 -9999 -9999 -9999 -9999 -9999 -9999 -9999 -9999 -9999 -9999
-9999 -9999 -9999 -9999 -9999 -9999 -9999 -9999 -9999 -9999 -9999 -9999 -9999 -9999 -9999 -9999 -9999 -9999 -9999 -9999 -9999 -9999 -9999 -9999 -9999 -9999 -9999 7.37 6.25 5.88 5.38 5.14 5.49 8.30 8.71 7.51 9.63 9.36 8.11 7.59 9.91 8.01 7.96 6.39 5.14 6.63 5.98 5.70 6.27 6.41 6.06 6.21 6.16 6.20 6.28 6.44 6.44 6.56 7.60 7.15 6.85 7.75 7.11 7.14 7.29 -9999 8.27 8.87 9.81 10.54 -9999 -9999 -9999 -9999 -9999 -9999 -9999 -9999 -9999
-9999 -9999 -9999 -9999 -9999 -9999 -9999 -9999 -9999 -9999 -9999 -9999 -9999 -9999 -9999 -9999 -9999 -9999 -9999 -9999 -9999 -9999 -9999 -9999 -9999 -9999 -9999 7.18 6.10 5.79 5.37 6.43 6.05 7.10 9.25 7.16 7.50 7.83 6.66 6.38 8.53 7.32 6.86 4.77 6.19 7.14 5.85 6.74 6.33 6.81 6.55 6.21 6.02 6.06 6.13 6.20 6.17 6.18 6.37 6.70 6.18 6.49 6.85 6.31 6.91 7.46 -9999 -9999 -9999 -9999 -9999 -9999 -9999 -9999 -9999 -9999 -9999 -9999 -9999
-9999 -9999 -9999 -9999 -9999 -9999 -9999 -9999 -9999 -9999 -9999 -9999 -9999 -9999 -9999 -9999 -9999 -9999 -9999 -9999 -9999 -9999 -9999 -9999 -9999 -9999 8.40 6.76 5.97 6.42 6.06 6.21 6.14 7.19 7.56 7.11 6.89 6.70 6.53 6.64 8.36 9.48 8.84 5.42 7.24 7.10 5.81 6.29 5.88 6.46 6.54 5.98 5.79 6.06 6.08 6.08 6.18 6.10 6.24 6.31 6.29 6.32 7.18 6.47 6.39 6.76 7.78 8.89 -9999 -9999 -9999 -9999 -9999 -9999 -9999 -9999 -9999 -9999 -9999
-9999 -9999 -9999 -9999 -9999 -9999 -9999 -9999 -9999 -9999 -9999 -9999 -9999 -9999 -9999 -9999 -9999 -9999 -9999 -9999 -9999 -9999 -9999 -9999 -9999 -9999 -9999 6.90 6.02 5.97 6.22 7.57 6.28 6.31 6.39 6.59 6.73 6.39 6.21 6.13 6.29 8.59 8.57 8.89 7.22 7.56 7.17 6.70 7.19 5.81 5.66 6.12 5.73 5.90 5.91 5.91 6.10 6.05 6.12 6.30 6.11 6.02 6.14 7.50 6.56 6.28 6.70 7.64 8.66 9.67 -9999 -9999 -9999 -9999 -9999 -9999 -9999 -9999 -9999
-9999 -9999 -9999 -9999 -9999 -9999 -9999 -9999 -9999 -9999 -9999 -9999 -9999 -9999 -9999 -9999 -9999 -9999 -9999 -9999 -9999 -9999 -9999 -9999 -9999 -9999 -9999 6.87 6.37 6.07 6.22 6.40 6.44 6.21 5.88 5.95 5.70 5.56 5.66 5.82 6.28 5.75 8.50 10.15 10.69 8.74 7.58 7.45 6.60 6.75 5.88 6.46 5.84 5.97 5.88 5.85 5.93 6.01 6.23 6.24 6.05 5.87 6.28 7.64 6.98 6.93 6.25 6.62 7.55 8.67 -9999 -9999 -9999 -9999 -9999 -9999 -9999 -9999 -9999
-9999 -9999 -9999 -9999 -9999 -9999 -9999 9.13 8.36 8.66 9.58 -9999 -9999 -9999 -9999 -9999 -9999 -9999 -9999 -9999 -9999 -9999 -9999 -9999 -9999 -9999 7.26 6.46 6.77 6.35 6.91 6.54 5.95 5.68 5.67 5.58 5.57 5.43 5.47 5.36 5.34 7.66 9.28 9.37 7.97 9.68 8.65 6.63 6.71 5.46 7.16 6.95 6.02 6.00 5.88 5.81 5.89 6.02 6.14 6.35 6.13 5.81 6.02 6.48 7.61 7.26 7.45 6.34 6.53 7.72 8.97 -9999 -9999 -9999 -9999 -9999 -9999 -9999 -9999
-9999 -9999 -9999 -9999 -9999 -9999 -9999 8.57 7.76 7.62 8.15 -9999 -9999 -9999 -9999 -9999 -9999 -9999 -9999 -9999 -9999 -9999 -9999 -9999 -9999 7.38 7.10 6.44 6.70 7.45 6.53 6.33 5.65 5.55 5.64 5.49 5.58 5.60 5.10 4.69 4.49 5.89 10.26 10.60 7.87 8.89 8.18 7.92 6.09 5.51 6.51 6.81 6.24 5.67 5.68 5.77 6.12 6.12 6.07 6.12 6.27 5.95 6.12 6.39 7.59 7.45 7.19 6.44 6.49 7.01 8.37 -9999 -9999 -9999 -9999 -9999 -9999 -9999 -9999
-9999 -9999 -9999 -9999 -9999 10.84 8.57 7.34 7.38 7.22 8.00 7.82 8.80 9.30 -9999 -9999 9.28 7.95 -9999 -9999 -9999 7.55 8.16 7.15 -9999 5.65 7.17 6.66 6.39 6.78 6.36 6.25 6.14 6.52 6.19 6.12 5.44 5.64 5.09 4.81 6.74 4.93 7.15 9.45 6.20 7.52 10.36 6.43 7.75 6.21 6.42 6.50 6.10 5.88 5.88 5.87 6.15 5.95 6.04 5.94 6.36 5.89 6.05 6.41 6.87 7.32 7.76 7.30 6.59 6.57 7.74 9.17 -9999 -9999 -9999 -9999 -9999 -9999 -9999
-9999 -9999 -9999 -9999 -9999 -9999 8.89 7.76 7.21 6.92 7.13 7.79 8.63 6.42 -9999 5.13 7.38 8.02 6.96 7.66 5.62 5.48 8.51 7.83 6.33 -9999 5.45 6.73 6.76 6.29 6.18 6.40 5.79 5.78 5.81 5.68 5.74 5.50 5.66 5.18 7.06 7.39 7.71 8.24 7.81 9.45 9.15 7.42 6.14 5.76 6.78 6.79 5.83 6.15 5.83 6.15 6.34 6.04 5.99 5.87 6.36 5.94 6.14 6.44 6.58 7.17 7.52 7.83 7.23 6.77 7.32 8.66 -9999 -9999 -9999 -9999 -9999 -9999 -9999
