ML/MeanWindSpeed_1997-11_Actual.txt
ncols         180
nrows         290
xllcorner     -200000
yllcorner     -200000
cellsize      5000
NODATA_value  -9999
[rows 175 to 209 of 290, columns 79 to 157 of 180]
-9999 -9999 -9999 -9999 -9999 -9999 -9999 12.10 10.98 9.93 9.13 8.44 7.09 5.64 9.16 15.21 7.88 9.82 8.94 7.75 6.31 4.86 5.62 7.01 7.82 6.56 5.38 6.10 7.26 7.04 7.12 7.85 7.11 7.00 6.88 7.15 7.34 7.40 7.75 7.71 11.20 11.18 9.28 9.21 7.63 7.31 8.04 7.83 6.63 6.48 7.19 6.73 6.41 7.09 6.80 7.69 7.52 7.58 7.49 7.45 8.47 7.84 7.92 8.17 8.21 8.56 8.76 8.75 8.81 9.08 8.21 9.99 12.15 -9999 -9999 -9999 -9999 -9999 -9999
-9999 -9999 -9999 -9999 -9999 -9999 -9999 -9999 12.82 10.50 8.72 7.09 6.99 7.68 17.54 12.51 6.49 10.40 6.07 7.93 7.31 5.05 4.47 9.60 7.03 7.17 6.35 5.80 6.31 6.64 6.09 6.72 7.22 7.23 7.13 6.91 7.17 7.07 7.06 8.82 9.66 11.97 9.68 9.97 9.20 5.97 7.60 9.13 7.02 6.99 7.18 6.53 6.58 6.97 6.95 7.97 7.65 7.74 8.25 8.47 9.08 8.89 8.48 8.39 8.38 8.52 8.79 9.61 8.65 8.04 8.05 9.58 11.80 -9999 -9999 -9999 -9999 -9999 -9999
-9999 -9999 -9999 -9999 -9999 -9999 -9999 -9999 -9999 11.00 8.51 8.07 9.52 17.04 18.12 12.54 9.86 9.30 9.16 9.43 8.89 8.65 6.27 5.63 9.32 6.52 6.08 6.44 6.13 6.29 6.22 6.17 6.81 6.80 6.70 6.95 7.07 6.96 7.23 8.47 10.07 10.49 8.49 8.53 9.84 8.10 5.86 9.30 7.36 7.19 7.38 6.61 6.73 6.77 7.31 8.13 7.90 7.99 8.45 8.40 9.45 8.97 8.70 8.62 8.52 8.72 8.50 8.38 8.02 7.88 8.18 9.99 12.02 -9999 -9999 -9999 -9999 -9999 -9999
-9999 -9999 -9999 -9999 -9999 -9999 -9999 -9999 -9999 10.50 9.09 10.69 12.47 13.83 15.65 9.64 7.16 9.02 10.66 10.45 10.57 8.92 6.87 4.87 9.62 8.54 6.82 7.05 6.17 6.19 6.29 6.94 6.85 6.89 6.91 6.74 6.73 7.02 8.64 8.85 7.56 11.04 8.85 9.33 10.51 9.93 7.97 7.27 6.97 6.09 7.11 7.48 6.64 6.63 6.77 7.58 7.72 8.25 8.44 8.37 8.66 9.24 9.03 9.03 8.74 8.59 8.30 7.95 7.80 8.25 9.31 11.01 -9999 -9999 -9999 -9999 -9999 -9999 -9999
-9999 -9999 -9999 -9999 -9999 -9999 -9999 -9999 -9999 10.01 10.02 10.86 10.97 14.99 12.75 8.87 8.92 7.30 8.50 10.59 9.08 11.02 8.65 5.43 8.94 9.51 9.15 7.05 6.65 6.10 6.64 7.46 7.31 6.95 6.75 6.62 6.94 8.14 8.55 7.48 7.48 9.79 9.36 9.19 8.99 8.08 7.86 8.41 5.88 6.57 6.77 6.50 6.75 6.42 7.34 7.05 7.63 8.17 8.45 8.63 10.02 9.52 9.22 9.03 8.88 8.60 8.24 7.94 7.98 9.14 10.71 -9999 -9999 -9999 -9999 -9999 -9999 -9999 -9999
-9999 -9999 -9999 -9999 -9999 -9999 -9999 -9999 11.23 16.99 10.87 11.94 13.93 9.97 17.19 14.08 11.72 9.78 11.97 9.35 9.28 7.92 5.67 6.75 10.12 8.90 8.94 6.94 6.22 5.79 7.08 7.28 7.01 6.99 6.68 6.66 7.74 7.87 7.64 8.32 9.07 7.40 10.82 10.07 7.61 8.02 7.27 6.64 6.49 5.80 5.89 6.14 6.84 6.44 6.18 7.72 7.51 8.01 8.51 8.81 9.96 9.43 9.14 9.09 8.75 8.48 7.98 7.74 8.68 10.19 -9999 -9999 -9999 -9999 -9999 -9999 -9999 11.90 -9999
-9999 -9999 -9999 -9999 -9999 -9999 11.52 10.97 13.66 12.17 10.33 11.02 12.09 8.15 9.26 10.87 12.33 11.12 12.33 9.96 9.21 4.45 5.81 6.10 4.80 5.68 5.99 7.13 6.60 6.24 7.20 7.50 7.46 7.07 7.19 8.02 7.47 8.20 7.61 8.56 8.87 8.54 7.81 7.13 8.32 7.78 7.22 7.03 6.80 6.50 5.56 6.29 6.06 5.53 5.98 6.80 7.23 7.79 8.05 8.64 9.77 9.25 8.80 8.86 8.46 8.12 7.69 7.95 9.17 -9999 -9999 -9999 -9999 -9999 12.06 11.29 10.58 9.92 9.88
-9999 -9999 -9999 -9999 -9999 11.37 10.81 10.68 11.11 11.04 10.97 10.64 8.89 6.74 8.21 10.00 10.35 14.83 8.12 5.37 4.81 2.63 7.83 9.42 9.15 6.88 6.50 7.39 7.34 7.13 7.53 8.00 7.60 7.55 7.60 8.08 8.33 7.41 7.49 8.72 8.52 7.99 7.48 7.39 7.64 6.80 7.07 6.16 6.01 6.37 5.90 5.54 5.17 5.36 6.34 6.49 6.82 7.35 7.84 8.35 9.78 9.29 8.62 8.41 8.09 7.80 7.51 7.81 8.84 -9999 -9999 -9999 -9999 -9999 10.81 9.66 9.00 8.50 8.35
-9999 -9999 -9999 -9999 12.32 12.32 11.25 11.25 -9999 -9999 -9999 -9999 9.78 12.19 10.67 10.99 11.41 8.24 5.63 7.24 6.36 5.02 12.52 11.25 9.37 9.98 8.12 6.98 7.54 7.75 7.51 7.63 7.62 7.51 7.93 7.48 8.45 7.41 7.39 7.75 7.93 7.93 7.60 6.62 6.65 6.63 6.36 5.74 5.46 5.30 5.30 5.41 5.58 5.95 6.24 6.50 7.25 7.88 8.10 8.21 9.04 8.86 8.70 8.05 7.80 7.53 7.24 7.32 8.15 9.75 -9999 -9999 -9999 -9999 9.75 8.69 8.17 8.04 7.99
-9999 -9999 -9999 -9999 13.40 14.16 11.53 12.23 -9999 -9999 -9999 -9999 10.52 11.37 12.56 8.29 10.87 9.00 7.43 8.59 9.29 6.61 9.94 5.28 6.91 7.60 7.37 6.90 7.36 7.79 7.73 7.87 8.29 7.55 8.02 7.69 7.65 8.01 7.19 7.39 6.70 7.25 8.01 8.15 7.99 6.71 6.00 5.63 5.39 5.65 5.23 5.76 6.35 6.64 7.48 7.20 8.78 8.81 8.88 8.16 8.54 8.45 8.29 7.69 7.63 7.43 7.13 7.02 7.19 8.23 9.22 -9999 -9999 10.10 9.47 8.77 8.67 8.23 7.87
-9999 -9999 -9999 -9999 -9999 -9999 -9999 -9999 -9999 -9999 -9999 -9999 11.24 12.81 10.29 7.28 8.62 6.48 10.56 8.35 4.39 7.22 6.96 5.89 6.83 6.13 6.10 6.00 7.53 7.66 7.96 7.77 7.40 7.21 7.12 7.03 7.23 7.63 7.13 6.88 6.78 6.86 6.80 7.54 7.76 6.33 7.12 7.62 6.41 6.07 5.71 5.50 6.68 7.61 8.42 8.19 7.87 8.34 8.93 8.43 8.67 8.30 8.12 7.43 7.47 7.39 7.20 6.99 6.71 7.00 7.72 8.71 9.20 8.94 8.95 8.26 8.80 8.65 8.46
-9999 -9999 -9999 -9999 -9999 -9999 -9999 -9999 -9999 -9999 -9999 -9999 -9999 13.05 5.76 5.75 8.31 11.13 8.63 8.42 7.53 4.32 5.22 6.35 4.12 4.82 4.70 5.49 6.48 7.20 7.49 7.62 7.35 6.87 6.65 7.02 7.05 7.40 7.32 6.88 8.15 7.41 6.47 6.54 6.72 6.89 6.71 7.44 7.47 6.66 7.37 6.36 6.55 7.27 6.91 7.21 7.52 7.72 8.86 8.78 8.42 7.81 7.91 7.29 7.35 7.31 7.14 7.04 6.99 7.04 7.07 7.59 7.98 8.08 8.11 8.25 9.00 8.82 8.41
-9999 -9999 -9999 -9999 -9999 -9999 -9999 -9999 -9999 -9999 -9999 -9999 -9999 10.30 12.49 12.52 10.32 8.41 6.22 6.82 4.30 4.18 3.43 3.23 5.81 4.84 4.77 6.60 6.43 6.61 7.00 6.77 6.88 7.21 7.03 8.08 7.99 7.52 7.18 6.79 8.02 8.40 7.23 6.48 6.38 6.72 6.81 6.94 7.24 7.47 8.98 8.02 6.82 6.68 6.97 7.75 8.68 8.96 8.66 9.05 8.45 7.62 7.28 7.13 7.25 7.25 7.28 7.23 7.21 7.25 7.31 7.52 7.74 7.99 8.12 8.13 8.78 8.75 9.11
-9999 -9999 -9999 -9999 -9999 -9999 -9999 -9999 -9999 -9999 -9999 -9999 12.80 11.42 8.28 13.71 8.53 6.19 6.95 5.93 4.32 6.52 4.28 4.24 7.02 4.71 9.70 6.93 5.41 5.84 7.40 6.65 6.56 8.77 8.62 8.26 7.32 7.48 7.31 6.89 7.40 7.64 7.20 6.61 6.61 6.58 6.56 7.07 7.01 7.75 7.57 7.29 7.11 6.98 7.55 8.28 9.10 9.20 8.45 8.46 7.93 7.40 7.20 7.08 7.15 7.28 7.35 7.35 7.30 7.34 7.42 7.49 7.69 8.23 8.34 8.20 8.45 8.80 8.33
-9999 -9999 -9999 -9999 -9999 -9999 -9999 -9999 -9999 -9999 -9999 -9999 11.47 11.15 13.75 7.41 3.44 4.65 4.76 6.07 8.07 7.84 5.47 5.21 5.85 4.82 6.14 7.11 7.85 7.69 6.58 6.92 6.86 7.10 7.85 7.29 7.13 7.66 7.49 7.54 7.78 7.42 7.43 7.10 6.85 6.64 6.32 6.55 6.80 7.38 7.62 7.32 6.67 7.11 8.13 9.23 8.73 9.18 9.00 8.21 7.39 7.85 7.19 7.29 7.20 7.34 7.28 7.33 7.34 7.30 7.33 7.45 7.57 8.34 8.26 7.97 8.12 8.65 8.47
-9999 -9999 -9999 -9999 -9999 -9999 -9999 -9999 -9999 -9999 -9999 -9999 11.84 12.79 6.25 6.63 4.95 5.46 5.83 9.98 8.27 8.89 6.12 5.25 4.14 4.12 5.69 8.98 10.46 11.35 7.56 8.79 7.20 7.11 7.48 6.63 6.83 7.30 7.59 7.70 7.12 7.17 8.16 7.52 6.89 6.67 7.33 6.33 6.83 7.04 6.92 6.61 6.48 7.07 7.64 8.19 8.24 8.13 7.50 7.32 7.50 7.70 6.80 6.73 7.12 7.24 7.25 7.19 7.09 7.17 7.23 7.32 7.47 7.82 7.79 7.97 7.90 8.30 8.31
-9999 -9999 -9999 -9999 -9999 -9999 -9999 -9999 -9999 -9999 -9999 -9999 -9999 9.17 9.40 10.14 10.69 10.63 8.42 8.74 7.05 4.12 3.92 3.67 4.77 5.42 5.54 7.46 8.10 10.81 9.07 7.94 6.90 7.83 8.01 6.54 7.36 6.93 7.22 8.72 7.02 6.85 6.85 7.05 6.66 6.51 7.59 7.25 6.82 7.20 6.86 6.66 6.92 7.43 7.15 7.23 7.01 7.61 6.99 7.75 7.72 6.98 6.64 7.06 7.11 6.93 6.92 6.88 6.94 7.04 7.10 7.21 7.31 7.47 7.60 7.82 7.78 7.82 8.09
-9999 -9999 -9999 -9999 -9999 -9999 -9999 -9999 -9999 -9999 -9999 -9999 -9999 10.20 10.85 10.92 11.27 12.31 10.87 8.29 6.18 4.68 6.15 7.96 9.39 10.84 8.44 6.97 7.92 9.09 8.99 7.40 8.98 7.90 8.23 7.18 7.90 7.30 7.13 7.38 8.05 7.64 7.10 6.80 6.63 6.59 7.38 7.36 7.11 7.13 7.42 7.57 7.66 7.76 7.09 7.00 7.97 8.00 7.95 7.57 7.78 7.01 7.04 7.42 6.72 6.58 6.60 6.65 6.85 6.93 6.97 7.08 7.19 7.36 7.42 7.39 7.24 7.22 7.55
-9999 -9999 -9999 -9999 -9999 -9999 -9999 -9999 -9999 -9999 -9999 -9999 10.38 8.45 9.32 11.16 11.07 9.46 9.04 7.71 8.76 12.31 9.87 9.95 9.66 7.98 7.24 8.07 8.85 7.73 7.64 8.33 9.24 8.84 8.39 7.04 8.09 7.14 7.28 8.32 7.45 7.66 7.65 7.11 6.91 6.72 7.47 7.48 6.93 7.12 7.12 7.06 7.63 7.19 8.00 7.60 8.00 7.31 7.56 7.64 6.95 6.71 7.29 7.20 6.50 6.44 6.70 6.63 6.86 6.95 7.08 7.09 7.10 7.17 7.15 7.49 7.68 7.70 7.15
-9999 -9999 -9999 -9999 -9999 -9999 -9999 -9999 -9999 -9999 -9999 -9999 11.28 9.17 8.56 8.76 9.48 11.91 11.37 10.51 9.36 9.86 11.20 11.87 11.25 8.00 9.75 10.74 7.64 9.58 6.99 7.94 9.09 10.37 7.42 7.60 6.80 6.72 7.20 7.76 9.73 8.25 8.10 7.63 7.31 7.12 7.39 7.22 6.82 6.94 6.89 6.83 6.79 7.73 8.10 8.05 8.31 7.37 6.97 6.94 6.50 6.70 7.09 6.94 6.66 6.92 6.76 7.11 6.90 7.00 7.26 7.29 7.06 6.98 6.92 6.97 7.62 7.71 7.76
-9999 -9999 -9999 -9999 -9999 -9999 -9999 -9999 -9999 -9999 -9999 -9999 9.85 8.70 6.55 7.52 9.15 12.25 10.45 10.87 9.15 11.07 10.65 9.02 9.03 9.74 9.68 8.55 7.62 8.04 10.40 7.45 7.21 7.38 7.23 8.37 7.45 6.53 6.99 7.62 7.90 7.67 8.35 7.98 7.48 7.44 7.00 6.57 6.93 7.09 7.15 6.64 7.09 8.07 8.12 7.41 7.38 7.85 6.96 7.01 6.08 6.75 6.86 6.37 6.45 6.63 6.17 6.47 6.57 6.81 7.01 6.97 6.86 6.75 6.64 6.96 6.64 7.04 7.35
-9999 -9999 -9999 -9999 -9999 -9999 -9999 -9999 -9999 -9999 -9999 10.32 10.16 11.28 8.96 6.91 9.67 10.34 11.75 11.96 8.25 8.99 8.45 9.14 9.75 8.48 8.54 10.19 9.03 8.37 8.06 7.13 6.37 6.60 7.40 7.37 7.27 7.11 6.82 6.79 7.42 7.61 7.13 7.52 7.12 7.55 6.91 6.68 6.70 6.45 6.30 6.42 7.35 7.33 7.47 6.96 7.41 7.30 6.89 6.15 6.70 6.67 6.65 6.91 6.71 6.34 6.22 6.16 6.46 6.72 6.74 6.74 6.59 6.43 6.53 6.84 6.85 7.02 7.35
-9999 -9999 -9999 -9999 -9999 -9999 -9999 -9999 -9999 -9999 11.35 10.61 10.51 8.73 7.07 9.39 12.16 12.43 10.71 12.14 9.21 10.48 9.27 8.02 12.39 8.79 9.68 8.28 8.41 7.39 7.42 7.60 8.29 7.22 8.60 7.23 7.65 6.71 6.53 6.78 7.05 7.18 7.00 7.12 7.26 7.30 6.21 6.61 6.50 6.66 6.72 6.78 7.20 6.63 7.29 6.88 6.94 6.24 6.13 6.94 7.16 6.72 6.82 6.82 6.26 6.60 6.59 6.59 6.70 6.58 6.50 6.38 6.52 6.49 7.14 7.39 7.60 7.76 7.33
-9999 -9999 -9999 -9999 -9999 -9999 -9999 -9999 12.94 11.08 9.66 7.90 7.52 8.00 8.05 10.76 12.05 12.99 13.96 12.10 10.07 7.27 9.83 8.73 11.47 9.45 8.85 8.96 7.72 7.41 6.96 7.90 9.16 8.30 8.08 6.24 6.60 6.73 6.73 7.31 7.01 7.23 6.71 6.74 6.81 6.31 6.19 6.36 7.00 6.90 7.58 7.86 7.34 6.88 6.50 6.33 6.87 7.13 6.77 6.85 6.17 6.83 6.87 6.40 5.97 6.10 6.83 6.76 6.87 6.30 6.21 6.16 6.37 7.20 7.70 7.65 8.41 8.42 8.35
-9999 -9999 -9999 -9999 13.36 12.74 11.70 13.95 13.32 12.50 11.81 9.26 8.57 8.28 12.10 10.90 12.78 12.38 11.68 8.69 7.57 6.52 8.42 8.31 13.29 11.53 9.28 7.70 8.25 7.81 9.26 7.20 8.57 8.55 7.97 7.00 6.40 6.41 7.22 6.78 6.19 7.36 6.50 6.25 5.80 6.15 6.73 6.98 6.29 7.22 7.03 7.20 7.78 7.52 7.21 6.98 7.31 7.18 6.73 6.22 6.79 6.03 5.92 5.92 5.89 6.52 6.69 6.71 6.23 5.82 6.02 6.36 7.21 7.39 7.22 8.01 7.61 8.15 8.72
-9999 -9999 -9999 13.85 11.64 12.05 11.45 10.67 11.70 10.74 10.69 8.54 7.66 10.91 11.43 12.19 9.56 13.31 9.69 7.38 11.36 9.00 6.68 12.57 10.67 8.51 5.06 6.00 7.14 9.75 7.46 7.06 7.09 7.19 8.47 7.68 7.55 6.72 6.91 6.34 6.05 6.90 6.35 5.59 5.65 6.30 7.02 6.66 8.07 6.89 6.81 7.03 7.51 6.95 6.81 6.46 6.48 6.84 6.57 6.80 6.19 5.75 5.84 6.16 5.86 6.08 6.04 5.52 5.40 5.47 5.78 6.21 6.60 7.33 7.43 7.61 7.58 7.82 8.24
-9999 -9999 12.84 11.98 9.36 8.95 9.18 9.80 9.40 9.95 9.04 9.15 12.65 10.57 9.45 12.76 8.00 9.85 9.59 12.04 11.19 11.65 9.74 9.65 7.88 4.22 8.26 8.99 6.70 7.27 6.84 6.73 7.25 6.86 7.10 8.12 8.32 6.62 6.47 6.31 6.48 6.06 5.36 5.24 7.56 6.54 6.50 6.76 7.39 7.15 6.87 7.23 7.57 7.39 7.62 7.03 6.21 6.05 6.00 6.53 6.14 5.72 6.37 6.27 5.88 5.95 5.70 5.48 5.70 5.79 5.99 6.38 6.49 7.16 6.73 6.71 7.19 7.23 7.75
12.30 13.09 10.61 10.08 10.44 9.74 9.24 10.90 10.13 10.31 9.86 11.78 11.34 9.94 10.69 10.36 8.43 7.92 10.88 11.35 9.89 9.71 11.23 9.13 5.83 8.58 9.80 8.38 8.95 6.96 7.22 6.84 7.18 8.78 7.05 8.71 7.27 6.52 6.41 6.43 7.42 5.41 5.54 8.54 6.69 6.71 6.68 6.94 7.66 6.77 6.97 7.19 6.90 7.23 7.12 6.58 6.06 6.20 5.88 6.12 6.26 6.12 5.70 5.43 5.52 5.66 6.01 7.12 6.51 7.09 6.67 5.92 6.98 6.95 7.10 6.94 6.89 7.22 7.34
11.40 13.27 15.40 14.10 13.39 10.80 11.60 12.79 11.74 11.30 12.77 11.09 10.34 11.94 9.11 7.00 7.15 7.08 9.58 9.42 8.65 7.87 8.43 8.37 9.12 15.43 11.58 8.96 7.31 7.73 7.27 8.72 7.35 7.55 6.63 6.82 6.88 6.80 6.42 6.16 6.01 5.54 8.17 8.73 8.31 7.44 7.12 8.89 7.53 6.94 7.18 6.81 7.36 7.22 6.91 6.11 6.71 6.31 5.79 7.05 6.65 5.54 5.29 5.35 5.48 6.08 6.93 7.21 6.91 7.21 6.65 6.27 6.93 7.06 6.67 6.93 6.87 7.19 7.41
11.35 12.23 12.37 11.54 10.30 11.75 10.67 11.92 9.33 10.16 12.03 11.00 9.19 9.94 6.96 6.39 8.86 9.53 8.52 7.02 8.37 5.72 5.69 6.51 10.60 13.05 13.21 7.68 8.37 8.47 8.56 7.85 6.60 7.29 6.79 7.07 6.69 6.83 6.00 5.65 6.33 6.33 8.56 8.60 8.37 7.53 8.04 9.01 8.20 7.69 7.23 7.33 7.16 6.69 6.33 6.25 6.48 6.68 6.32 6.08 5.80 5.46 6.31 6.92 5.87 6.18 6.92 7.19 6.68 6.97 6.83 6.71 6.78 6.57 6.81 6.68 6.73 6.59 7.00
10.71 11.18 10.67 10.72 9.75 9.64 10.64 9.27 9.68 8.26 7.98 7.75 7.66 7.58 9.46 8.76 11.81 16.74 9.68 9.65 9.29 12.21 11.67 5.28 5.40 13.85 10.83 9.45 9.89 10.65 8.64 6.76 5.99 7.60 8.04 7.26 6.60 6.08 5.60 5.46 6.57 8.88 9.35 8.48 8.19 7.99 7.69 7.41 7.96 7.25 7.04 6.76 6.37 6.06 5.96 6.69 6.42 6.04 5.93 5.18 5.27 6.03 6.02 6.63 6.18 6.28 6.39 6.57 6.92 6.97 6.83 6.69 6.77 6.43 6.32 6.69 6.65 6.24 6.58
10.37 11.09 9.95 9.87 9.40 9.26 8.32 8.19 8.81 8.00 9.03 7.90 10.20 7.76 10.38 12.43 12.63 13.65 14.20 11.83 13.09 14.28 9.38 10.43 8.87 4.85 9.68 10.41 7.84 8.17 6.40 7.82 7.55 9.77 9.13 7.29 6.65 5.98 5.59 6.45 9.10 8.17 9.75 8.67 8.47 9.03 7.86 8.26 6.81 6.87 6.47 6.29 6.08 6.25 6.14 6.00 5.58 5.21 4.85 5.03 5.95 6.70 6.28 5.81 6.41 5.93 6.69 6.14 6.14 6.20 6.25 6.40 6.49 6.57 6.10 6.48 6.46 6.28 6.71
10.70 10.34 11.30 11.87 12.80 11.32 9.84 8.95 8.13 8.44 10.61 8.22 9.72 7.30 9.08 9.84 9.29 8.11 9.98 9.06 11.64 12.13 13.54 11.27 11.29 9.46 13.02 8.71 7.90 7.49 8.02 7.42 9.54 9.14 9.56 6.99 6.56 6.02 8.87 9.28 9.13 9.59 8.22 8.75 8.97 8.53 6.83 6.47 6.48 6.26 6.15 6.27 6.25 6.63 6.40 6.20 5.40 4.64 4.59 5.37 6.81 5.50 6.00 6.15 5.81 5.64 5.77 5.68 5.90 6.13 5.73 6.16 6.19 6.11 6.18 6.28 5.91 5.76 6.86
11.18 10.65 10.62 11.86 11.73 11.95 10.97 10.08 9.39 8.80 8.94 11.06 8.28 11.47 10.78 10.97 11.66 9.73 7.27 7.30 9.56 9.27 11.24 11.25 9.43 11.84 11.73 7.55 8.53 6.56 6.98 8.59 9.39 8.97 8.28 6.73 6.13 7.43 7.05 8.66 8.60 8.13 8.44 8.15 7.58 6.86 5.74 5.48 5.63 5.83 7.36 6.42 7.13 6.48 5.93 4.90 4.47 4.62 5.37 6.41 6.10 5.80 5.99 5.92 5.68 5.76 6.14 6.68 5.64 6.16 6.71 6.08 5.78 6.08 5.52 5.82 6.53 6.14 6.00
11.93 12.22 12.78 13.62 -9999 -9999 -9999 -9999 10.79 9.90 10.09 8.22 7.41 8.89 9.48 9.58 9.04 5.85 12.71 12.64 8.97 8.33 8.77 10.44 10.98 11.58 9.08 8.05 7.33 6.48 9.85 8.83 10.34 7.78 7.46 6.91 6.43 8.12 6.98 8.47 8.38 7.66 7.67 7.25 6.61 5.81 5.32 5.25 5.56 5.84 7.16 6.81 7.33 7.24 6.16 5.11 4.58 5.74 5.70 6.08 6.12 6.14 5.10 5.31 5.34 6.17 6.48 6.52 5.55 6.04 6.57 6.36 5.88 6.41 6.10 5.99 6.23 6.34 6.03
