ML/MeanWindSpeed_1997-02_Actual.txt
ncols         180
nrows         290
xllcorner     -200000
yllcorner     -200000
cellsize      5000
NODATA_value  -9999
[rows 204 to 237 of 290, columns 77 to 153 of 180]
18.73 15.31 15.99 18.44 19.49 18.62 16.44 19.94 18.03 21.53 16.19 18.35 22.52 20.75 17.59 18.92 12.79 11.91 18.90 20.80 18.60 16.23 19.96 14.78 12.31 11.15 19.73 25.39 26.17 14.70 15.86 16.21 16.68 15.00 12.56 15.25 14.12 13.13 11.85 12.20 10.04 9.70 11.68 11.74 16.34 15.87 14.51 12.41 13.72 16.21 14.96 13.89 12.81 12.92 12.50 11.79 11.02 10.92 11.71 12.24 11.59 11.41 11.56 11.27 13.14 14.20 11.71 12.40 13.99 14.71 14.23 15.33 15.32 15.37 15.16 12.84 12.70
16.60 17.10 15.35 16.56 16.33 17.88 17.23 17.72 19.82 17.54 19.09 16.88 16.33 15.92 14.49 12.89 16.38 14.23 20.74 31.50 16.71 16.97 18.31 26.30 25.42 11.73 11.13 28.52 21.14 17.00 17.92 19.92 16.12 12.59 11.53 15.81 16.10 13.07 11.57 10.99 9.99 10.08 12.26 16.62 16.97 14.48 13.77 13.15 12.72 12.63 14.18 12.88 12.48 11.90 11.12 10.52 10.38 11.81 11.27 10.85 11.07 9.85 10.42 12.16 12.08 13.37 12.42 12.51 12.79 13.45 14.64 15.25 15.46 15.54 15.51 12.67 11.68
19.49 15.65 14.71 16.32 14.92 16.32 17.02 17.71 16.16 16.14 17.83 16.55 19.01 16.59 19.15 13.11 18.63 21.80 21.53 23.38 24.65 19.95 23.74 27.45 18.71 22.08 18.99 11.20 20.40 19.46 13.49 14.42 11.78 14.81 14.46 19.70 17.57 12.74 11.24 9.97 9.83 12.02 16.87 14.30 17.09 14.28 13.80 14.95 12.72 14.44 11.92 12.30 11.56 10.96 10.60 10.71 10.52 10.40 9.65 9.50 9.29 9.85 11.80 13.38 12.52 11.48 12.73 12.01 13.93 12.91 13.04 13.81 14.53 14.94 14.83 13.53 11.53
18.79 16.75 14.90 14.15 17.02 19.42 22.81 21.11 18.77 17.42 16.05 16.85 21.87 16.68 17.96 12.84 16.34 16.94 15.21 13.29 18.30 17.00 20.57 20.53 24.77 21.47 22.60 20.53 27.44 16.22 13.73 12.76 14.95 14.08 18.43 17.26 17.24 11.48 10.58 9.50 15.87 17.18 16.27 16.68 13.49 14.34 14.64 14.04 12.02 11.74 11.76 11.28 10.98 10.83 10.61 11.37 11.15 11.07 9.61 8.39 8.71 10.44 13.67 10.89 11.81 12.07 11.59 11.76 12.30 11.82 12.21 13.55 13.27 14.10 13.97 13.15 12.52
18.85 17.74 15.79 14.87 15.43 18.82 19.87 21.64 20.44 19.08 17.89 17.06 17.83 21.67 14.69 21.49 19.14 18.50 20.27 17.70 14.25 14.57 17.45 15.37 18.85 18.62 16.04 24.68 24.15 13.30 14.59 11.16 12.76 15.93 17.05 15.43 13.89 11.06 10.33 13.27 12.15 15.30 14.75 13.52 14.01 13.48 12.78 12.40 10.89 10.29 10.28 10.32 13.05 10.88 12.11 10.79 10.24 8.76 7.74 7.79 9.81 12.60 12.02 11.23 11.56 11.55 11.43 11.98 12.86 13.42 11.19 13.00 14.56 13.43 12.86 13.12 11.34
18.04 17.14 16.48 17.30 18.92 21.42 -9999 -9999 -9999 -9999 19.87 19.54 21.20 16.62 14.31 16.44 15.94 14.85 13.87 8.11 23.99 25.36 16.19 13.69 14.04 16.98 18.74 22.39 16.91 13.60 11.68 10.41 17.82 15.43 17.86 12.56 11.88 10.98 10.95 14.80 11.68 14.33 13.99 12.57 12.78 12.39 11.79 10.80 10.15 9.89 10.04 10.32 12.57 11.33 11.93 11.85 10.57 8.94 7.58 9.85 9.76 11.39 11.94 11.82 9.53 10.12 10.47 12.67 13.48 12.63 10.59 12.18 13.55 13.18 12.42 13.34 12.11
20.14 20.50 21.10 18.57 21.95 21.78 -9999 -9999 -9999 -9999 -9999 -9999 -9999 15.38 15.08 16.15 13.42 13.05 13.45 17.07 20.69 25.03 23.77 19.85 16.57 15.65 13.78 18.86 18.63 11.86 9.91 16.78 16.96 18.56 12.90 11.78 11.52 10.89 13.18 14.23 13.31 13.42 12.77 12.20 11.89 11.52 11.04 10.89 10.66 11.78 10.90 11.09 11.28 11.40 11.54 11.02 11.89 12.15 9.82 7.96 10.34 11.49 11.29 10.77 9.66 10.04 11.71 12.83 12.16 10.80 10.40 12.34 10.61 11.24 12.94 11.81 11.69
-9999 -9999 20.82 -9999 -9999 -9999 -9999 -9999 -9999 -9999 -9999 22.27 19.79 18.89 20.55 18.68 15.60 13.21 13.68 14.26 18.54 21.07 20.28 13.37 12.72 18.90 16.64 16.27 12.57 10.57 10.38 15.20 15.22 14.75 12.36 12.01 11.85 9.89 15.33 15.47 12.92 12.72 11.90 11.78 11.65 11.33 12.21 11.46 11.81 10.86 10.86 11.10 11.57 11.50 11.83 10.79 13.27 14.68 10.07 10.06 7.29 10.75 10.81 10.36 12.63 12.38 12.45 13.32 11.88 10.38 10.32 10.21 11.20 12.21 11.12 12.03 11.47
-9999 -9999 -9999 -9999 -9999 -9999 -9999 -9999 -9999 -9999 -9999 23.91 22.91 19.36 21.09 21.31 -9999 -9999 13.78 18.88 11.35 14.36 13.74 13.83 15.12 17.67 12.91 11.84 12.42 12.13 13.41 14.15 14.14 13.17 12.56 13.62 11.14 11.87 15.41 13.08 11.99 11.17 11.28 12.30 12.22 11.63 11.76 10.92 11.10 12.03 12.88 12.46 13.57 11.62 10.76 12.20 16.19 12.26 10.98 9.43 7.28 10.88 11.21 11.81 12.54 12.40 11.66 11.34 13.43 11.09 10.59 10.38 10.39 10.54 10.11 9.57 11.72
-9999 -9999 -9999 -9999 -9999 -9999 -9999 -9999 -9999 -9999 -9999 -9999 -9999 -9999 -9999 -9999 -9999 -9999 16.15 14.55 14.39 12.92 11.20 10.97 11.72 13.47 12.82 12.93 13.77 14.85 15.79 15.50 -9999 13.32 12.48 11.81 10.89 12.09 14.84 12.94 12.57 11.22 10.02 10.15 11.97 10.99 11.36 13.38 13.64 13.16 14.54 16.00 13.80 13.16 12.54 12.75 14.55 11.82 11.10 10.53 9.59 10.02 10.58 11.83 12.82 12.05 11.10 11.20 11.17 10.77 10.46 10.28 10.20 10.15 10.40 10.54 10.98
-9999 -9999 -9999 -9999 -9999 -9999 -9999 -9999 -9999 -9999 -9999 -9999 -9999 -9999 -9999 -9999 -9999 -9999 -9999 16.01 14.05 12.47 12.76 13.45 11.23 11.28 12.27 14.27 -9999 -9999 -9999 -9999 14.70 13.15 12.39 11.06 10.61 11.97 14.63 12.94 12.88 11.30 9.54 11.08 10.86 13.46 12.88 16.07 13.78 14.03 13.42 14.04 13.76 12.62 13.87 10.89 11.68 12.05 9.69 10.06 9.71 9.75 9.94 9.75 9.81 10.40 9.93 9.88 9.70 9.78 9.63 11.80 12.25 10.29 10.39 10.71 10.85
-9999 -9999 -9999 -9999 -9999 -9999 -9999 -9999 -9999 -9999 -9999 -9999 -9999 -9999 -9999 -9999 -9999 -9999 -9999 -9999 15.66 17.47 15.68 13.48 13.08 13.34 14.91 -9999 -9999 -9999 -9999 15.24 15.38 15.31 10.36 9.74 9.98 13.93 15.01 13.93 12.33 10.09 9.96 9.92 12.75 15.47 14.11 14.43 13.48 13.88 13.54 11.76 12.48 12.48 11.77 11.52 11.31 10.90 9.95 10.15 11.16 11.61 11.67 9.73 9.69 9.83 9.51 10.38 10.06 10.45 9.74 11.10 10.94 10.70 12.37 10.95 11.83
-9999 -9999 -9999 -9999 -9999 -9999 -9999 -9999 -9999 -9999 -9999 -9999 -9999 -9999 -9999 -9999 -9999 -9999 -9999 -9999 -9999 17.33 17.67 15.71 14.52 14.18 17.16 -9999 -9999 -9999 14.01 11.36 11.25 14.42 13.52 12.13 10.17 12.54 11.26 13.73 12.11 9.24 11.21 13.15 13.48 13.11 14.77 13.60 13.02 12.74 11.75 11.46 11.23 11.51 12.30 11.57 10.55 10.47 10.59 10.72 12.02 11.49 11.39 10.65 9.73 9.84 9.44 9.46 9.28 9.89 10.01 10.46 10.11 11.44 12.11 12.65 11.97
-9999 -9999 -9999 -9999 -9999 -9999 -9999 -9999 -9999 -9999 -9999 -9999 -9999 -9999 -9999 -9999 -9999 -9999 -9999 -9999 -9999 -9999 -9999 -9999 -9999 -9999 -9999 -9999 -9999 17.60 12.06 9.74 10.11 13.93 11.25 12.30 13.36 13.08 12.92 13.00 10.38 9.83 10.37 12.22 12.26 12.81 13.10 13.50 13.08 12.85 15.34 12.64 12.78 11.75 12.55 12.39 10.95 10.98 10.37 11.24 12.49 11.33 10.25 10.02 10.06 9.66 10.21 9.42 9.99 9.46 11.25 12.14 11.33 9.52 13.88 15.03 12.23
-9999 -9999 -9999 -9999 -9999 -9999 -9999 -9999 -9999 -9999 -9999 -9999 -9999 -9999 -9999 -9999 -9999 -9999 -9999 -9999 -9999 -9999 -9999 -9999 -9999 -9999 -9999 -9999 -9999 13.65 12.10 10.00 18.76 16.27 11.09 12.47 13.61 14.03 14.31 11.47 10.82 10.60 10.39 12.33 11.90 11.54 14.37 14.05 15.86 13.45 13.90 15.90 13.21 12.51 12.41 11.54 11.25 10.93 10.75 11.43 11.39 11.54 10.47 9.68 9.66 9.19 9.47 12.03 10.66 11.87 12.56 14.21 11.75 9.78 11.90 12.42 10.09
-9999 -9999 -9999 -9999 -9999 -9999 -9999 -9999 -9999 -9999 -9999 -9999 -9999 -9999 -9999 -9999 -9999 -9999 -9999 -9999 -9999 -9999 -9999 -9999 -9999 -9999 -9999 -9999 -9999 13.18 9.45 7.35 11.22 17.44 16.01 15.05 13.58 15.46 12.34 11.63 10.78 13.54 13.64 14.73 13.79 12.36 12.63 12.57 13.25 13.91 13.90 12.46 12.35 12.49 12.57 11.74 11.39 11.30 11.21 11.93 11.51 10.98 9.68 9.54 10.96 12.26 10.91 12.15 11.10 10.75 10.98 12.46 15.39 14.77 11.18 10.86 11.35
-9999 -9999 -9999 -9999 -9999 -9999 -9999 -9999 -9999 -9999 -9999 -9999 19.84 20.52 16.76 24.76 23.78 24.05 24.69 28.14 15.52 24.75 16.77 -9999 -9999 -9999 -9999 -9999 -9999 12.48 10.51 9.54 7.68 9.56 13.53 16.56 15.84 13.74 12.29 12.12 13.38 15.39 13.99 12.68 12.55 11.66 11.97 12.85 12.17 11.44 11.14 11.86 10.89 12.09 13.08 14.56 12.92 11.98 12.68 12.52 11.58 12.31 9.97 9.09 11.49 13.25 11.24 10.49 11.03 10.78 10.23 9.87 10.30 10.18 9.51 9.30 9.06
-9999 -9999 -9999 -9999 -9999 -9999 -9999 -9999 -9999 -9999 -9999 -9999 22.78 21.43 20.68 16.63 20.49 23.92 23.19 24.61 25.21 20.13 17.35 14.23 15.31 19.39 16.10 14.47 12.32 11.41 10.40 9.79 8.90 7.85 8.81 13.72 14.29 12.83 11.54 16.44 13.93 12.17 12.98 13.66 12.05 11.49 13.24 12.93 12.96 12.16 12.00 10.16 10.48 11.48 11.85 12.25 13.81 14.37 11.65 11.17 10.66 9.98 10.93 9.19 15.65 12.90 12.34 11.55 10.83 11.01 10.46 11.73 11.59 9.25 11.84 10.95 11.78
-9999 -9999 -9999 -9999 -9999 -9999 -9999 -9999 -9999 -9999 -9999 20.13 18.11 16.90 15.17 12.87 16.94 22.19 21.91 20.66 20.87 20.85 18.53 15.13 13.36 14.97 17.16 12.57 11.35 10.22 10.37 11.88 9.49 9.17 11.38 11.69 11.53 11.98 16.02 13.05 15.49 14.34 12.95 11.42 12.23 11.80 13.28 13.56 12.54 13.05 11.19 11.66 11.18 11.05 11.04 13.58 15.16 11.70 10.19 10.64 14.49 11.55 10.28 10.43 10.35 11.08 11.68 11.17 10.95 11.84 13.31 11.65 9.76 9.53 12.32 11.25 10.85
-9999 -9999 -9999 -9999 -9999 -9999 -9999 -9999 -9999 -9999 -9999 -9999 16.86 14.36 12.56 14.79 14.11 15.85 21.39 19.51 16.34 14.36 18.52 21.37 16.60 12.14 12.62 16.01 12.55 9.52 9.52 9.41 10.64 10.76 9.39 9.85 10.80 12.03 13.90 11.95 14.97 13.29 13.11 12.77 13.08 11.97 13.40 13.86 13.29 10.70 10.75 11.83 10.31 9.50 9.26 11.28 13.67 13.19 10.02 10.68 12.78 12.29 10.82 9.33 9.18 8.94 9.68 12.68 12.26 11.71 12.47 13.90 12.32 11.40 12.52 12.42 10.75
-9999 -9999 -9999 -9999 -9999 -9999 -9999 -9999 22.11 -9999 -9999 18.90 16.48 17.21 11.49 13.98 11.50 11.83 13.37 14.92 16.62 13.76 16.83 18.70 13.88 11.22 9.17 9.77 9.68 8.78 8.97 9.60 11.14 9.52 9.16 10.40 13.55 11.32 12.67 11.00 12.94 12.42 13.90 15.21 13.79 11.89 11.29 11.56 10.96 10.25 12.70 10.99 9.63 12.72 10.03 10.30 13.75 15.58 9.77 10.40 11.14 10.80 9.89 9.19 9.12 9.90 10.97 11.87 10.53 9.78 9.59 10.38 10.51 10.61 11.83 10.73 10.62
-9999 -9999 -9999 -9999 -9999 -9999 -9999 19.59 22.27 22.26 21.33 16.45 14.66 16.90 12.24 10.04 11.11 10.54 13.94 15.67 17.31 14.32 13.22 13.36 10.88 8.91 8.06 8.79 10.02 10.29 8.96 9.03 9.42 8.87 8.99 12.13 12.53 10.94 11.97 12.60 15.03 13.80 13.88 16.06 13.70 13.04 11.05 12.21 11.43 11.73 10.57 10.03 8.98 10.96 10.92 9.61 11.56 10.87 9.76 9.54 9.19 10.63 10.48 10.01 9.52 9.16 9.07 9.02 9.83 10.30 9.71 8.20 9.01 9.81 11.34 12.06 11.34
-9999 -9999 -9999 -9999 -9999 -9999 -9999 18.24 19.05 17.59 18.22 16.07 13.97 11.40 14.25 13.92 12.12 14.54 14.93 14.99 17.46 15.12 14.02 12.51 8.10 10.04 13.42 12.46 10.78 9.50 8.55 9.61 10.55 11.14 10.20 12.52 11.64 12.68 11.23 10.15 12.95 15.29 13.47 13.61 13.17 12.06 12.15 13.24 11.63 10.37 11.39 11.52 9.12 9.78 9.85 9.65 11.13 11.81 11.96 14.49 10.05 10.33 9.04 8.63 9.20 9.60 8.84 8.53 9.28 10.53 9.79 8.80 8.29 9.68 9.88 10.14 10.46
-9999 -9999 -9999 -9999 -9999 -9999 -9999 18.57 17.05 16.28 16.87 15.59 14.85 12.04 12.70 12.84 10.72 13.18 13.91 15.42 16.24 15.27 10.15 6.92 5.81 10.18 10.67 11.83 13.07 9.73 9.63 10.19 9.51 11.39 10.35 12.17 11.54 11.73 11.48 10.47 13.41 12.72 13.03 12.95 12.56 12.21 12.46 13.50 13.16 10.84 10.14 10.33 11.54 9.34 9.78 9.31 9.95 10.09 10.42 11.85 11.03 12.53 13.82 7.84 13.97 11.45 8.30 8.73 14.46 14.53 13.77 8.53 8.43 8.89 8.66 9.41 8.80
-9999 -9999 -9999 -9999 -9999 -9999 -9999 15.84 15.55 15.38 15.02 14.01 13.55 12.30 11.30 13.12 12.12 12.52 14.08 13.10 13.57 13.20 12.27 6.37 7.02 11.02 9.80 12.02 12.38 10.15 10.85 11.63 9.87 10.74 11.27 11.32 11.19 11.36 12.64 14.38 11.29 12.92 12.87 12.95 12.55 12.36 12.79 13.44 11.89 11.64 10.76 10.99 11.38 12.18 11.00 12.52 11.44 10.41 10.06 9.69 9.19 9.27 9.74 8.71 11.97 11.71 12.81 12.00 13.01 14.05 15.00 9.08 9.32 9.16 9.34 9.58 10.87
-9999 -9999 -9999 -9999 -9999 -9999 -9999 14.25 14.15 14.24 14.95 15.70 14.09 13.22 12.46 13.31 15.29 14.40 13.85 12.91 14.01 13.46 12.62 10.86 7.33 7.48 7.16 11.21 9.61 7.02 12.18 11.94 10.10 14.96 12.96 14.02 15.03 13.91 13.39 14.54 12.66 11.63 12.70 12.73 11.82 12.08 12.32 13.07 11.62 11.77 12.55 13.08 12.50 12.34 12.56 12.48 12.66 12.46 11.75 10.66 10.23 10.73 11.46 11.86 12.55 12.92 13.25 -9999 -9999 12.54 13.24 12.58 11.73 10.47 15.36 11.73 -9999
-9999 -9999 -9999 -9999 -9999 -9999 18.72 15.19 14.68 13.01 14.61 15.05 16.79 14.73 16.50 15.70 16.17 14.95 14.22 13.80 14.09 13.56 12.89 12.69 10.92 9.83 10.32 9.94 7.34 12.27 13.82 9.63 8.84 11.04 11.46 13.82 13.83 12.03 11.78 11.66 11.64 13.31 13.11 13.40 12.67 12.49 13.14 14.41 13.79 12.94 12.67 12.69 12.92 -9999 -9999 13.91 14.94 14.99 14.19 13.48 12.86 13.10 -9999 -9999 -9999 -9999 -9999 -9999 -9999 -9999 -9999 -9999 12.66 13.73 16.67 14.00 -9999
-9999 -9999 -9999 -9999 -9999 20.55 18.10 15.09 15.59 13.14 12.93 12.89 13.12 13.12 19.80 21.15 18.41 17.00 16.77 17.45 15.57 14.06 13.00 13.74 12.91 15.76 15.83 14.26 13.33 16.12 11.61 11.64 11.50 13.09 14.86 12.28 10.38 11.51 10.41 11.06 11.11 11.93 12.21 14.69 16.23 16.09 15.44 15.31 15.62 14.03 -9999 11.73 12.95 12.59 13.25 14.02 -9999 -9999 -9999 -9999 15.11 -9999 -9999 -9999 -9999 -9999 -9999 -9999 -9999 -9999 -9999 -9999 -9999 -9999 -9999 -9999 -9999
-9999 -9999 -9999 -9999 20.86 20.32 20.06 17.55 14.20 13.00 12.26 10.24 9.83 13.35 23.54 26.14 17.63 16.47 21.02 15.71 18.91 14.48 13.29 18.15 15.48 14.11 13.63 13.69 -9999 -9999 -9999 -9999 -9999 12.91 15.62 14.97 12.11 11.68 11.07 10.39 10.93 11.37 12.91 14.94 -9999 -9999 -9999 -9999 -9999 15.54 15.47 13.60 12.18 12.20 15.14 14.31 -9999 -9999 -9999 -9999 -9999 -9999 -9999 -9999 -9999 -9999 -9999 -9999 -9999 -9999 -9999 -9999 -9999 -9999 -9999 -9999 -9999
-9999 -9999 -9999 12.61 14.95 18.85 19.59 17.24 16.11 14.20 10.65 11.42 11.37 16.30 21.98 24.88 22.30 20.27 16.98 18.71 16.10 16.37 15.00 18.24 17.34 -9999 -9999 -9999 -9999 -9999 -9999 -9999 -9999 -9999 13.36 14.14 12.10 14.20 15.63 16.27 12.76 16.82 16.95 18.18 -9999 -9999 -9999 -9999 -9999 -9999 -9999 13.12 13.99 11.76 13.08 -9999 -9999 -9999 -9999 -9999 -9999 -9999 -9999 -9999 -9999 -9999 -9999 -9999 -9999 -9999 -9999 -9999 -9999 -9999 -9999 -9999 -9999
19.09 16.83 16.42 12.57 13.46 16.49 19.53 19.98 16.76 12.77 12.26 13.04 12.73 15.44 21.38 19.45 19.95 19.11 20.60 11.20 16.14 21.59 16.85 -9999 -9999 -9999 -9999 -9999 -9999 -9999 -9999 -9999 -9999 -9999 -9999 -9999 14.92 -9999 -9999 -9999 -9999 14.23 18.95 19.90 -9999 -9999 -9999 -9999 -9999 -9999 -9999 -9999 13.54 17.04 14.28 -9999 -9999 -9999 -9999 -9999 -9999 -9999 -9999 -9999 -9999 -9999 -9999 -9999 -9999 -9999 -9999 -9999 -9999 -9999 -9999 -9999 -9999
19.06 16.24 14.71 11.30 13.10 16.14 17.42 18.94 16.71 14.81 16.23 10.69 8.78 12.29 18.63 19.77 16.83 14.36 17.21 12.81 12.67 14.99 -9999 -9999 -9999 -9999 -9999 -9999 -9999 -9999 -9999 -9999 -9999 -9999 -9999 -9999 16.67 -9999 -9999 -9999 -9999 -9999 -9999 -9999 -9999 -9999 -9999 -9999 -9999 -9999 -9999 -9999 -9999 -9999 -9999 -9999 -9999 -9999 -9999 -9999 -9999 -9999 -9999 -9999 -9999 -9999 -9999 -9999 -9999 -9999 -9999 -9999 -9999 -9999 -9999 -9999 -9999
17.25 18.44 15.92 11.87 13.57 14.38 14.74 16.16 15.13 14.82 16.54 9.78 8.55 10.54 15.13 23.57 24.61 12.89 13.49 13.13 14.50 18.44 -9999 -9999 -9999 -9999 -9999 -9999 -9999 -9999 -9999 -9999 -9999 -9999 -9999 -9999 -9999 -9999 -9999 -9999 -9999 -9999 -9999 -9999 -9999 -9999 -9999 -9999 -9999 -9999 -9999 -9999 -9999 -9999 -9999 -9999 -9999 -9999 -9999 -9999 -9999 -9999 -9999 -9999 -9999 -9999 -9999 -9999 -9999 -9999 -9999 -9999 -9999 -9999 -9999 -9999 -9999
14.71 15.60 18.05 15.50 14.92 14.09 15.61 14.30 13.63 13.57 11.30 11.40 9.88 9.46 14.85 19.40 19.18 15.79 11.96 12.53 17.92 15.84 -9999 -9999 -9999 -9999 -9999 -9999 -9999 -9999 -9999 -9999 -9999 -9999 -9999 -9999 -9999 -9999 -9999 -9999 -9999 -9999 -9999 -9999 -9999 -9999 -9999 -9999 -9999 -9999 -9999 -9999 -9999 -9999 -9999 -9999 -9999 -9999 -9999 -9999 -9999 -9999 -9999 -9999 -9999 -9999 -9999 -9999 -9999 -9999 -9999 -9999 -9999 -9999 -9999 -9999 -9999
