ML/MeanWindSpeed_1992-11_Actual.txt
ncols         180
nrows         290
xllcorner     -200000
yllcorner     -200000
cellsize      5000
NODATA_value  -9999
[rows 204 to 237 of 290, columns 77 to 153 of 180]
13.63 10.88 11.36 13.04 13.63 12.81 11.18 13.49 11.92 14.27 10.46 11.96 15.06 13.98 11.81 12.95 9.07 8.79 13.64 15.16 13.82 12.12 14.63 10.90 9.45 8.80 14.76 18.81 19.24 10.79 11.45 11.57 11.83 10.66 8.93 10.77 9.90 9.34 8.45 8.67 7.35 7.27 8.74 8.70 11.91 11.63 10.68 9.15 10.03 11.84 10.92 10.16 9.44 9.66 9.51 9.13 8.74 8.78 9.36 9.74 9.22 9.01 9.00 8.69 9.90 10.60 8.80 9.22 10.28 10.69 10.15 10.78 10.66 10.63 10.68 9.76 9.87
12.28 12.23 10.89 11.80 11.53 12.31 11.46 11.51 12.77 11.01 12.01 10.35 10.12 10.06 9.44 8.74 11.67 10.50 15.31 23.21 12.92 13.10 13.74 19.08 18.48 8.80 8.68 21.25 15.80 12.55 13.01 14.29 11.56 9.05 8.25 11.18 11.32 9.25 8.20 7.81 7.29 7.46 9.07 12.14 12.48 10.78 10.13 9.65 9.35 9.27 10.32 9.36 9.11 8.85 8.48 8.25 8.33 9.54 9.27 8.93 8.95 7.96 8.15 9.19 9.01 9.86 9.13 9.20 9.38 9.73 10.39 10.67 10.68 10.67 10.75 9.54 9.09
14.55 11.32 10.45 11.62 10.44 11.01 10.97 11.06 9.72 9.56 10.68 9.76 11.72 10.20 12.59 8.76 13.04 15.71 15.98 17.69 18.64 15.30 17.87 20.26 13.83 16.11 14.08 8.73 15.14 14.25 9.84 10.46 8.55 10.71 10.36 13.96 12.48 9.10 8.07 7.27 7.23 8.81 12.42 10.67 12.63 10.62 10.19 10.95 9.34 10.46 8.59 8.85 8.39 8.17 8.10 8.41 8.54 8.72 8.39 8.30 7.94 7.99 9.01 9.89 9.18 8.43 9.26 8.72 10.06 9.26 9.21 9.61 9.99 10.26 10.31 9.94 8.85
14.16 12.21 10.71 10.14 11.94 13.28 15.27 13.63 11.64 10.41 9.26 9.83 13.49 9.97 11.40 8.17 11.13 12.12 11.43 10.38 13.96 13.06 15.91 16.02 18.73 16.02 16.64 15.02 19.91 11.83 10.01 9.37 10.88 10.20 13.15 12.35 12.55 8.46 7.86 7.11 11.63 12.55 12.06 12.42 10.08 10.60 10.76 10.21 8.48 8.24 8.30 8.04 7.94 8.04 8.08 8.87 9.06 9.46 8.82 8.07 7.92 8.40 10.08 7.88 8.48 8.67 8.30 8.40 8.75 8.43 8.66 9.48 9.16 9.76 9.81 9.53 9.35
14.27 12.97 11.38 10.62 10.84 13.12 13.59 14.50 13.27 12.00 10.88 10.06 10.53 13.55 9.10 14.26 13.17 13.29 14.94 13.26 10.90 11.24 13.56 12.30 14.74 14.49 12.34 17.88 17.35 9.71 10.73 8.23 9.30 11.51 12.30 11.43 10.38 8.23 7.74 9.79 9.03 11.39 11.08 10.15 10.40 9.89 9.23 8.73 7.49 7.08 7.14 7.29 9.41 8.01 9.05 8.39 8.44 8.13 8.09 8.34 9.27 9.94 8.63 7.89 8.09 8.11 8.04 8.45 9.07 9.55 7.99 9.21 10.25 9.46 9.16 9.55 8.51
14.06 12.91 12.14 12.68 13.88 15.63 -9999 -9999 -9999 -9999 12.91 12.15 12.94 9.96 8.66 10.57 10.87 10.63 10.28 6.42 17.70 18.63 12.38 10.79 11.14 13.37 14.46 16.56 12.38 9.89 8.62 7.71 12.86 11.26 13.26 9.58 9.05 8.26 8.15 10.90 8.88 10.91 10.67 9.55 9.51 9.02 8.38 7.50 6.95 6.77 6.96 7.27 9.04 8.30 8.85 8.97 8.52 8.46 8.43 10.26 9.91 9.18 8.30 8.12 6.51 6.97 7.22 8.77 9.38 9.00 7.61 8.73 9.70 9.52 9.05 9.86 9.25
16.19 15.99 16.11 14.22 16.67 16.55 -9999 -9999 -9999 -9999 -9999 -9999 -9999 9.14 9.19 10.64 9.58 9.75 10.29 12.90 15.45 18.50 17.59 14.86 12.65 12.23 10.79 14.24 13.95 8.87 7.42 12.22 12.35 13.84 9.90 9.09 8.91 8.29 9.69 10.59 10.18 10.37 9.90 9.36 8.95 8.46 7.90 7.61 7.29 8.04 7.50 7.78 8.08 8.28 8.50 8.20 9.04 10.41 10.07 9.06 10.61 9.42 7.79 7.32 6.58 6.79 7.91 8.72 8.40 7.67 7.48 8.97 7.82 8.34 9.64 8.99 9.13
-9999 -9999 16.57 -9999 -9999 -9999 -9999 -9999 -9999 -9999 -9999 14.88 12.76 12.04 13.70 13.13 11.68 10.41 10.76 11.09 14.15 16.01 15.22 10.22 9.85 14.35 12.59 12.27 9.67 8.03 7.73 11.20 11.65 11.53 9.66 9.21 9.02 7.40 11.33 11.58 9.96 9.98 9.42 9.25 9.00 8.52 8.85 8.09 8.16 7.45 7.52 7.80 8.26 8.30 8.67 7.98 9.77 11.58 9.78 10.28 7.92 8.74 7.59 6.97 8.39 8.13 8.22 8.95 8.14 7.28 7.39 7.53 8.35 9.14 8.47 9.28 9.16
-9999 -9999 -9999 -9999 -9999 -9999 -9999 -9999 -9999 -9999 -9999 16.75 15.74 13.26 15.09 15.95 -9999 -9999 11.14 14.46 9.08 11.22 10.60 10.55 11.36 13.14 9.70 9.14 9.71 9.42 10.51 11.28 11.45 10.62 9.81 10.22 8.22 8.84 11.53 10.06 9.41 8.98 9.12 9.80 9.59 8.87 8.73 7.95 7.96 8.59 9.19 8.88 9.68 8.37 7.89 8.93 11.80 9.58 9.56 8.79 6.81 8.28 7.64 7.62 7.98 7.93 7.54 7.46 9.17 7.76 7.65 7.71 7.82 8.07 7.87 7.61 9.53
-9999 -9999 -9999 -9999 -9999 -9999 -9999 -9999 -9999 -9999 -9999 -9999 -9999 -9999 -9999 -9999 -9999 -9999 13.22 11.68 11.14 9.94 8.57 8.32 8.75 9.98 9.73 10.34 11.25 12.13 13.07 12.88 -9999 10.64 9.65 8.76 8.13 9.02 11.17 10.01 9.86 9.05 8.26 8.35 9.53 8.68 8.75 9.99 10.05 9.64 10.57 11.57 9.97 9.53 9.15 9.30 10.76 9.18 8.96 8.55 7.44 7.04 6.85 7.46 8.12 7.56 7.02 7.31 7.60 7.59 7.63 7.69 7.77 7.88 8.19 8.50 9.13
-9999 -9999 -9999 -9999 -9999 -9999 -9999 -9999 -9999 -9999 -9999 -9999 -9999 -9999 -9999 -9999 -9999 -9999 -9999 13.15 11.18 9.63 9.53 9.88 8.17 8.38 9.72 11.83 -9999 -9999 -9999 -9999 11.93 10.25 9.26 8.21 8.03 9.01 11.07 9.98 10.07 9.11 7.97 9.13 8.92 10.58 9.91 11.97 10.25 10.39 9.91 10.34 10.10 9.22 10.07 8.02 8.78 9.17 7.45 7.55 6.89 6.47 6.22 5.82 5.79 6.26 6.08 6.43 6.78 7.19 7.27 8.91 9.27 7.95 8.07 8.47 8.82
-9999 -9999 -9999 -9999 -9999 -9999 -9999 -9999 -9999 -9999 -9999 -9999 -9999 -9999 -9999 -9999 -9999 -9999 -9999 -9999 12.89 13.70 12.06 10.17 9.68 10.25 12.29 -9999 -9999 -9999 -9999 12.55 11.89 11.28 7.60 7.28 7.56 10.46 11.34 10.65 9.67 8.25 8.30 8.32 10.24 11.94 10.71 10.80 10.06 10.28 9.99 8.75 9.24 9.17 8.60 8.47 8.43 8.11 7.36 7.35 7.75 7.71 7.44 5.81 5.74 5.91 5.93 7.07 7.41 8.06 7.64 8.55 8.42 8.22 9.39 8.42 9.24
-9999 -9999 -9999 -9999 -9999 -9999 -9999 -9999 -9999 -9999 -9999 -9999 -9999 -9999 -9999 -9999 -9999 -9999 -9999 -9999 -9999 14.25 14.16 12.52 11.47 11.55 14.68 -9999 -9999 -9999 11.79 9.21 8.44 10.47 9.87 8.93 7.59 9.40 8.60 10.44 9.43 7.52 9.05 10.45 10.56 10.12 11.09 10.14 9.64 9.34 8.60 8.41 8.25 8.44 8.96 8.44 7.74 7.66 7.70 7.68 8.42 7.76 7.45 6.71 5.96 6.16 6.22 6.90 7.35 8.05 8.13 8.34 7.96 8.77 9.15 9.49 9.06
-9999 -9999 -9999 -9999 -9999 -9999 -9999 -9999 -9999 -9999 -9999 -9999 -9999 -9999 -9999 -9999 -9999 -9999 -9999 -9999 -9999 -9999 -9999 -9999 -9999 -9999 -9999 -9999 -9999 14.66 9.97 7.68 7.63 10.24 8.26 8.98 9.79 9.71 9.64 9.73 7.93 7.59 8.04 9.35 9.35 9.69 9.83 10.07 9.71 9.45 11.13 9.18 9.27 8.55 9.08 8.94 7.90 7.92 7.48 8.04 8.86 7.93 6.92 6.53 6.50 6.44 7.30 7.41 8.37 8.18 9.41 9.89 9.10 7.53 10.33 11.09 9.23
-9999 -9999 -9999 -9999 -9999 -9999 -9999 -9999 -9999 -9999 -9999 -9999 -9999 -9999 -9999 -9999 -9999 -9999 -9999 -9999 -9999 -9999 -9999 -9999 -9999 -9999 -9999 -9999 -9999 11.55 9.69 7.82 13.99 12.19 8.30 9.14 9.87 10.22 10.48 8.46 7.95 7.83 7.75 9.15 8.95 8.77 10.78 10.50 11.68 9.89 10.16 11.56 9.62 9.06 8.93 8.30 8.06 7.80 7.70 8.20 8.15 8.20 7.29 6.56 6.51 6.46 7.11 9.53 9.09 10.10 10.53 11.52 9.51 7.79 9.02 9.32 7.74
-9999 -9999 -9999 -9999 -9999 -9999 -9999 -9999 -9999 -9999 -9999 -9999 -9999 -9999 -9999 -9999 -9999 -9999 -9999 -9999 -9999 -9999 -9999 -9999 -9999 -9999 -9999 -9999 -9999 10.90 7.63 6.06 8.85 13.19 11.98 11.12 9.91 11.19 9.05 8.55 7.85 9.82 9.95 10.76 10.19 9.29 9.53 9.37 9.72 10.18 10.20 9.17 9.05 9.10 9.11 8.48 8.17 8.10 8.06 8.60 8.29 7.89 6.92 6.72 7.68 8.75 8.00 9.26 9.06 9.16 9.33 10.20 12.00 11.27 8.56 8.24 8.51
-9999 -9999 -9999 -9999 -9999 -9999 -9999 -9999 -9999 -9999 -9999 -9999 16.72 16.83 13.96 19.47 18.53 18.44 18.70 21.05 12.09 18.76 13.32 -9999 -9999 -9999 -9999 -9999 -9999 9.95 8.05 7.38 6.32 7.72 10.35 12.30 11.61 10.07 9.01 8.85 9.66 11.04 10.04 9.17 9.20 8.68 8.94 9.32 8.78 8.31 8.13 8.72 8.11 9.01 9.68 10.63 9.36 8.66 9.15 9.02 8.32 8.85 7.23 6.59 8.16 9.34 7.92 7.45 7.92 8.15 8.14 7.93 8.09 7.84 7.24 7.01 6.77
-9999 -9999 -9999 -9999 -9999 -9999 -9999 -9999 -9999 -9999 -9999 -9999 18.65 17.10 16.38 13.39 15.90 18.14 17.42 18.21 18.47 14.88 12.97 11.12 12.11 14.97 12.55 11.37 9.66 8.76 7.77 7.24 6.88 6.47 7.14 10.40 10.63 9.54 8.52 11.89 10.06 8.83 9.36 9.84 8.78 8.49 8.85 8.80 9.04 8.60 8.56 7.39 7.77 8.63 8.94 9.13 10.09 10.40 8.47 8.11 7.69 7.22 7.92 6.73 11.26 9.14 8.57 7.95 7.43 7.69 7.64 8.79 8.77 7.10 8.82 8.09 8.65
-9999 -9999 -9999 -9999 -9999 -9999 -9999 -9999 -9999 -9999 -9999 17.09 15.00 13.53 12.22 10.59 13.48 17.16 16.87 15.80 15.75 15.47 13.65 11.31 10.21 11.20 12.55 9.25 8.43 7.60 7.62 8.62 6.99 6.97 8.73 9.02 8.85 9.07 11.79 9.61 11.28 10.44 9.34 8.14 8.62 8.03 8.75 9.07 8.56 9.08 7.88 8.33 8.16 8.28 8.43 10.21 11.21 8.72 7.70 7.92 10.52 8.38 7.46 7.55 7.53 7.96 8.13 7.63 7.48 8.21 9.42 8.45 7.30 7.16 9.08 8.29 8.01
-9999 -9999 -9999 -9999 -9999 -9999 -9999 -9999 -9999 -9999 -9999 -9999 13.87 11.78 10.36 11.85 11.51 12.88 16.79 15.37 13.03 11.39 13.95 15.58 12.18 9.11 9.32 11.51 9.09 6.98 6.99 6.90 7.71 7.87 7.08 7.55 8.26 9.05 10.35 8.93 10.92 9.59 9.36 8.99 9.10 8.17 9.04 9.38 9.14 7.46 7.57 8.47 7.56 7.20 7.24 8.74 10.35 10.01 7.81 8.13 9.42 8.99 7.90 6.78 6.65 6.46 6.84 8.84 8.50 8.22 8.95 10.15 9.14 8.49 9.26 9.18 7.95
-9999 -9999 -9999 -9999 -9999 -9999 -9999 -9999 18.09 -9999 -9999 15.40 13.20 13.37 9.03 10.72 9.16 9.67 10.92 11.93 13.08 11.01 12.98 13.93 10.28 8.42 6.90 7.07 6.95 6.37 6.55 6.99 8.04 6.98 6.84 7.72 10.01 8.46 9.53 8.31 9.54 9.02 9.96 10.76 9.64 8.20 7.68 7.87 7.56 7.18 9.02 7.98 7.19 9.55 7.86 8.16 10.58 11.85 7.69 8.07 8.50 8.09 7.31 6.72 6.57 7.05 7.77 8.33 7.34 6.94 7.00 7.73 7.85 7.92 8.79 7.97 7.82
-9999 -9999 -9999 -9999 -9999 -9999 -9999 16.33 17.68 17.31 16.59 12.98 11.30 12.53 9.02 7.60 8.57 8.42 11.07 12.29 13.42 11.27 10.38 10.33 8.32 6.68 6.04 6.46 7.21 7.36 6.44 6.52 6.84 6.57 6.73 8.93 9.25 8.17 9.01 9.44 11.10 10.08 10.00 11.42 9.63 9.08 7.60 8.40 7.91 8.21 7.55 7.40 6.81 8.37 8.54 7.74 9.21 8.74 7.87 7.66 7.38 8.17 7.81 7.34 6.83 6.46 6.38 6.37 6.91 7.28 7.01 6.16 6.88 7.46 8.51 8.95 8.37
-9999 -9999 -9999 -9999 -9999 -9999 -9999 15.17 14.93 13.51 13.85 12.15 10.56 8.56 10.45 10.31 9.16 11.03 11.48 11.54 13.24 11.48 10.66 9.73 6.54 7.73 9.95 9.09 7.78 6.81 6.15 6.96 7.66 8.16 7.55 9.23 8.60 9.30 8.33 7.56 9.52 11.11 9.68 9.65 9.30 8.46 8.42 9.16 8.07 7.29 8.22 8.56 6.99 7.58 7.82 7.83 9.11 9.72 9.77 11.53 8.23 8.16 7.02 6.53 6.70 6.85 6.30 6.12 6.63 7.45 7.00 6.49 6.25 7.29 7.43 7.58 7.73
-9999 -9999 -9999 -9999 -9999 -9999 -9999 15.43 13.57 12.63 12.89 11.75 11.14 9.12 9.48 9.57 8.13 10.00 10.61 11.63 12.07 11.19 7.70 5.78 5.12 8.10 8.26 8.86 9.65 7.15 7.01 7.41 6.94 8.31 7.65 9.03 8.62 8.67 8.43 7.70 9.80 9.28 9.39 9.18 8.86 8.62 8.69 9.37 9.14 7.63 7.39 7.79 8.85 7.38 7.71 7.58 8.39 8.79 9.04 9.97 9.17 9.95 10.72 6.28 10.35 8.40 6.21 6.59 10.59 10.47 9.84 6.16 6.13 6.49 6.40 7.05 6.79
-9999 -9999 -9999 -9999 -9999 -9999 -9999 13.36 12.51 12.05 11.64 10.67 10.20 9.28 8.57 9.78 9.09 9.44 10.54 9.72 9.87 9.37 8.88 5.26 6.00 8.79 7.87 9.36 9.46 7.63 8.04 8.65 7.46 8.12 8.51 8.60 8.59 8.62 9.33 10.45 8.26 9.35 9.14 9.07 8.76 8.60 8.87 9.33 8.22 8.18 7.88 8.44 9.00 9.69 8.76 9.80 9.63 9.51 9.25 8.71 8.02 7.89 8.17 7.31 9.51 9.27 10.09 9.59 10.33 10.90 11.36 6.91 6.88 6.64 6.82 7.42 8.77
-9999 -9999 -9999 -9999 -9999 -9999 -9999 11.98 11.47 11.33 11.67 12.02 10.72 9.94 9.33 9.87 11.25 10.56 10.04 9.15 9.70 9.06 8.45 7.65 5.93 6.28 6.01 8.88 7.62 5.58 9.28 9.16 7.90 11.40 9.96 10.72 11.49 10.61 10.04 10.68 9.20 8.33 8.90 8.82 8.18 8.36 8.52 9.12 8.09 8.37 9.50 10.42 10.19 10.15 10.35 10.31 10.75 11.57 10.97 9.83 9.22 9.66 10.15 10.33 10.82 11.08 11.29 -9999 -9999 10.79 11.04 10.26 9.34 8.09 11.64 9.44 -9999
-9999 -9999 -9999 -9999 -9999 -9999 15.29 12.26 11.68 10.53 11.62 11.77 12.86 11.14 12.16 11.54 11.85 10.82 10.02 9.37 9.31 8.80 8.28 8.21 7.72 7.61 8.07 7.89 6.13 9.66 10.87 8.06 7.45 8.86 9.07 10.75 10.74 9.37 9.12 8.85 8.55 9.62 9.39 9.50 9.01 8.98 9.58 10.52 10.21 9.76 9.80 10.21 10.60 -9999 -9999 11.71 12.88 13.84 13.27 12.48 11.77 11.90 -9999 -9999 -9999 -9999 -9999 -9999 -9999 -9999 -9999 -9999 10.89 11.33 13.41 11.79 -9999
-9999 -9999 -9999 -9999 -9999 16.74 14.38 11.83 12.25 10.60 10.48 10.46 10.70 10.46 14.78 15.55 13.49 12.24 11.78 11.81 10.15 9.05 8.39 8.95 8.82 11.60 12.23 11.37 10.84 13.06 10.06 10.28 10.19 11.09 11.98 9.89 8.48 9.17 8.28 8.53 8.31 8.76 8.91 10.88 12.25 12.29 12.02 12.00 12.23 11.11 -9999 9.41 10.40 10.20 10.78 11.90 -9999 -9999 -9999 -9999 13.94 -9999 -9999 -9999 -9999 -9999 -9999 -9999 -9999 -9999 -9999 -9999 -9999 -9999 -9999 -9999 -9999
-9999 -9999 -9999 -9999 17.47 16.21 15.51 13.59 11.25 10.47 10.04 8.87 8.89 11.17 17.86 19.41 13.19 12.00 14.86 10.70 12.61 9.43 8.66 12.43 11.03 10.77 11.14 11.49 -9999 -9999 -9999 -9999 -9999 11.72 13.26 12.32 10.04 9.71 9.15 8.38 8.46 8.57 9.62 11.51 -9999 -9999 -9999 -9999 -9999 12.98 12.75 11.01 9.45 9.30 12.06 12.30 -9999 -9999 -9999 -9999 -9999 -9999 -9999 -9999 -9999 -9999 -9999 -9999 -9999 -9999 -9999 -9999 -9999 -9999 -9999 -9999 -9999
-9999 -9999 -9999 11.68 12.86 15.08 15.42 13.53 12.70 11.45 9.02 9.84 10.15 13.61 17.41 19.14 16.86 14.95 12.27 13.17 10.85 11.11 10.42 13.26 13.25 -9999 -9999 -9999 -9999 -9999 -9999 -9999 -9999 -9999 12.37 12.56 10.85 12.19 13.25 13.52 10.66 13.19 13.28 14.47 -9999 -9999 -9999 -9999 -9999 -9999 -9999 10.95 11.15 9.51 10.82 -9999 -9999 -9999 -9999 -9999 -9999 -9999 -9999 -9999 -9999 -9999 -9999 -9999 -9999 -9999 -9999 -9999 -9999 -9999 -9999 -9999 -9999
16.81 14.66 14.05 11.08 11.63 13.69 15.67 15.71 13.29 10.46 10.13 10.94 11.07 13.12 17.36 15.71 15.38 14.26 15.11 8.11 11.19 15.40 12.53 -9999 -9999 -9999 -9999 -9999 -9999 -9999 -9999 -9999 -9999 -9999 -9999 -9999 13.58 -9999 -9999 -9999 -9999 12.19 15.35 16.21 -9999 -9999 -9999 -9999 -9999 -9999 -9999 -9999 11.78 14.17 12.49 -9999 -9999 -9999 -9999 -9999 -9999 -9999 -9999 -9999 -9999 -9999 -9999 -9999 -9999 -9999 -9999 -9999 -9999 -9999 -9999 -9999 -9999
16.34 13.56 12.16 9.75 11.23 13.59 14.40 15.20 13.48 11.95 12.97 9.35 8.33 11.00 15.55 15.98 13.41 11.21 12.90 9.38 9.18 11.34 -9999 -9999 -9999 -9999 -9999 -9999 -9999 -9999 -9999 -9999 -9999 -9999 -9999 -9999 15.40 -9999 -9999 -9999 -9999 -9999 -9999 -9999 -9999 -9999 -9999 -9999 -9999 -9999 -9999 -9999 -9999 -9999 -9999 -9999 -9999 -9999 -9999 -9999 -9999 -9999 -9999 -9999 -9999 -9999 -9999 -9999 -9999 -9999 -9999 -9999 -9999 -9999 -9999 -9999 -9999
14.66 14.79 12.84 10.01 11.39 12.17 12.46 13.32 12.43 12.01 13.28 8.71 8.19 9.93 13.21 18.65 18.97 10.43 10.43 9.67 10.90 14.42 -9999 -9999 -9999 -9999 -9999 -9999 -9999 -9999 -9999 -9999 -9999 -9999 -9999 -9999 -9999 -9999 -9999 -9999 -9999 -9999 -9999 -9999 -9999 -9999 -9999 -9999 -9999 -9999 -9999 -9999 -9999 -9999 -9999 -9999 -9999 -9999 -9999 -9999 -9999 -9999 -9999 -9999 -9999 -9999 -9999 -9999 -9999 -9999 -9999 -9999 -9999 -9999 -9999 -9999 -9999
12.65 12.86 14.50 12.62 12.38 11.89 13.00 12.05 11.49 11.25 9.75 9.86 9.00 8.95 12.85 15.79 15.21 12.44 9.41 9.47 13.61 12.88 -9999 -9999 -9999 -9999 -9999 -9999 -9999 -9999 -9999 -9999 -9999 -9999 -9999 -9999 -9999 -9999 -9999 -9999 -9999 -9999 -9999 -9999 -9999 -9999 -9999 -9999 -9999 -9999 -9999 -9999 -9999 -9999 -9999 -9999 -9999 -9999 -9999 -9999 -9999 -9999 -9999 -9999 -9999 -9999 -9999 -9999 -9999 -9999 -9999 -9999 -9999 -9999 -9999 -9999 -9999
