ML/MeanWindSpeed_1999-07_Actual.txt
ncols         180
nrows         290
xllcorner     -200000
yllcorner     -200000
cellsize      5000
NODATA_value  -9999
[rows 210 to 244 of 290, columns 79 to 157 of 180]
10.27 9.34 10.84 10.97 -9999 -9999 -9999 -9999 -9999 -9999 -9999 8.26 7.98 8.59 7.74 7.10 6.57 7.56 9.17 11.03 10.77 9.52 8.62 8.27 7.86 10.52 10.34 6.89 5.77 8.51 9.08 10.05 7.80 6.99 6.34 5.77 6.60 7.38 7.79 8.26 7.99 7.58 7.18 6.74 6.35 6.17 5.87 6.19 5.89 6.04 6.30 6.58 6.80 6.30 6.17 5.79 4.57 4.05 5.42 6.74 7.24 7.09 6.46 6.24 6.72 7.14 6.87 6.30 6.02 6.71 6.05 6.26 6.92 6.60 6.67 6.73 6.29 6.07 6.30
10.34 -9999 -9999 -9999 -9999 -9999 -9999 -9999 -9999 10.87 9.93 9.60 10.20 9.68 8.36 7.14 7.20 7.24 9.34 10.74 10.16 7.44 7.51 9.95 9.29 9.69 8.12 6.60 6.32 8.35 8.83 8.73 7.39 6.81 6.40 5.46 7.80 8.36 7.88 8.19 7.92 7.62 7.24 6.73 6.71 6.12 6.04 5.62 5.66 5.87 6.31 6.46 6.66 6.15 7.00 7.44 5.32 5.36 4.68 6.53 6.93 6.66 7.16 6.87 6.96 7.49 6.93 6.22 6.09 6.12 6.47 6.81 6.45 6.93 6.78 6.30 6.21 7.01 6.54
-9999 -9999 -9999 -9999 -9999 -9999 -9999 -9999 -9999 11.53 11.08 9.75 10.54 10.75 -9999 -9999 7.53 9.75 7.24 8.59 8.14 7.96 8.43 9.65 8.12 8.16 8.13 7.45 7.93 8.42 8.48 7.79 7.09 7.22 6.12 6.45 8.31 7.95 7.79 7.75 7.78 7.92 7.52 6.80 6.38 5.74 5.74 6.08 6.47 6.42 7.04 6.39 6.06 6.79 8.56 7.16 6.41 5.59 4.92 6.62 6.84 6.83 6.82 6.78 6.73 6.80 7.59 6.50 6.26 6.18 6.16 6.30 6.21 6.07 6.99 6.50 6.78 7.45 7.38
-9999 -9999 -9999 -9999 -9999 -9999 -9999 -9999 -9999 -9999 -9999 -9999 -9999 -9999 -9999 -9999 8.68 8.42 8.33 7.87 7.08 6.95 7.29 8.22 8.21 8.50 8.54 8.59 9.04 8.98 -9999 7.38 6.92 6.60 6.19 6.65 8.20 8.04 8.17 7.79 7.29 7.10 7.41 6.60 6.34 6.83 6.83 6.56 7.14 7.84 7.15 6.99 6.79 7.20 8.27 7.23 6.72 6.26 5.83 6.13 6.45 6.89 7.03 6.79 6.58 6.67 6.64 6.26 6.11 6.02 6.00 6.06 6.24 6.35 6.55 6.49 6.79 7.16 -9999
-9999 -9999 -9999 -9999 -9999 -9999 -9999 -9999 -9999 -9999 -9999 -9999 -9999 -9999 -9999 -9999 -9999 8.80 7.92 7.15 7.32 7.86 7.45 7.72 8.11 8.76 -9999 -9999 -9999 -9999 7.88 6.92 6.69 6.32 6.21 6.84 8.30 8.08 8.31 7.74 6.90 7.24 6.89 7.53 6.99 8.02 7.18 7.32 7.06 7.39 7.35 6.92 7.41 6.48 7.13 7.16 5.95 5.92 5.68 5.86 6.16 6.26 6.37 6.50 6.14 6.07 5.99 5.78 5.59 6.41 6.54 5.82 5.85 5.95 6.12 6.38 7.07 8.01 7.88
-9999 -9999 -9999 -9999 -9999 -9999 -9999 -9999 -9999 -9999 -9999 -9999 -9999 -9999 -9999 -9999 -9999 -9999 8.21 8.63 7.83 7.51 8.57 8.71 9.03 -9999 -9999 -9999 -9999 8.27 7.94 7.71 5.91 5.66 5.85 7.77 8.59 8.48 8.12 7.25 6.97 6.77 7.68 8.42 7.58 7.59 7.26 7.35 7.17 6.61 7.00 7.03 6.72 6.67 6.76 6.40 5.78 5.75 6.05 6.42 6.74 6.16 6.20 6.13 5.81 5.93 5.75 5.74 5.30 5.79 5.71 5.61 6.14 5.64 6.34 6.50 6.82 6.55 6.90
-9999 -9999 -9999 -9999 -9999 -9999 -9999 -9999 -9999 -9999 -9999 -9999 -9999 -9999 -9999 -9999 -9999 -9999 -9999 8.62 8.45 8.28 9.61 9.11 9.68 -9999 -9999 -9999 7.84 6.39 5.98 7.16 7.08 6.55 5.93 7.24 7.22 8.39 7.80 6.55 7.22 7.83 7.82 7.56 7.93 7.34 6.98 6.74 6.34 6.28 6.26 6.39 6.72 6.49 6.12 5.92 5.83 5.87 6.35 6.29 6.50 6.34 5.98 5.88 5.48 5.19 5.07 5.28 5.20 5.38 5.28 5.71 5.89 6.22 6.20 5.69 6.79 5.84 6.35
-9999 -9999 -9999 -9999 -9999 -9999 -9999 -9999 -9999 -9999 -9999 -9999 -9999 -9999 -9999 -9999 -9999 -9999 -9999 -9999 -9999 -9999 -9999 -9999 -9999 -9999 -9999 9.54 7.05 5.88 5.69 6.76 5.77 6.39 7.07 7.47 7.79 7.92 6.68 6.14 6.31 6.96 6.92 7.13 7.10 7.09 6.83 6.77 7.77 6.71 6.73 6.28 6.58 6.51 5.92 5.88 5.59 5.95 6.57 6.25 5.93 5.76 5.58 5.31 5.48 5.11 5.38 5.23 5.90 6.27 5.82 4.99 6.83 7.39 6.27 5.40 7.17 6.49 6.11
-9999 -9999 -9999 -9999 -9999 -9999 -9999 -9999 -9999 -9999 -9999 -9999 -9999 -9999 -9999 -9999 -9999 -9999 -9999 -9999 -9999 -9999 -9999 -9999 -9999 -9999 -9999 7.87 6.89 5.95 9.51 8.40 5.98 6.28 6.92 7.60 8.04 6.86 6.33 5.97 5.97 6.88 6.75 6.56 7.52 7.22 7.93 7.06 7.21 7.93 6.86 6.51 6.35 5.93 5.77 5.64 5.64 6.05 6.24 6.30 5.86 5.38 5.02 4.63 4.98 6.25 5.83 6.37 6.78 7.46 6.36 5.56 6.52 6.86 5.85 5.17 5.49 6.40 6.75
-9999 -9999 -9999 -9999 -9999 -9999 -9999 -9999 -9999 -9999 -9999 -9999 -9999 -9999 -9999 -9999 -9999 -9999 -9999 -9999 -9999 -9999 -9999 -9999 -9999 -9999 -9999 7.75 5.94 4.86 6.65 9.19 8.38 7.70 7.07 8.02 6.87 6.32 5.86 6.90 7.04 7.67 7.38 6.81 6.87 6.80 7.15 7.54 7.56 6.82 6.57 6.44 6.35 5.89 5.65 5.68 5.85 6.34 6.32 6.01 5.27 5.12 5.52 5.85 5.50 6.29 6.19 6.25 6.43 6.94 8.03 7.72 6.36 6.21 6.17 6.14 6.11 6.13 5.91
-9999 -9999 -9999 -9999 -9999 -9999 -9999 -9999 -9999 -9999 8.82 8.75 6.99 9.72 8.98 8.67 8.79 10.31 5.75 9.79 7.10 -9999 -9999 -9999 -9999 -9999 -9999 7.52 6.62 6.19 5.65 6.33 7.62 8.70 8.33 7.32 6.46 6.11 6.58 7.50 7.11 6.83 6.94 6.63 6.71 7.11 6.94 6.84 6.63 6.69 6.12 6.41 6.60 6.88 6.13 5.97 6.49 6.48 6.03 6.30 5.24 4.87 5.89 6.63 5.86 5.66 5.99 6.05 6.05 6.01 6.13 5.97 5.65 5.43 5.18 5.07 5.16 5.54 5.57
-9999 -9999 -9999 -9999 -9999 -9999 -9999 -9999 -9999 -9999 9.73 8.90 8.32 6.43 7.72 8.73 8.08 8.56 8.94 7.43 6.57 5.74 6.96 9.31 8.18 7.70 7.18 7.06 6.68 6.43 6.28 6.08 6.28 7.91 7.81 6.95 6.22 8.02 7.06 6.56 6.98 7.37 6.90 6.74 7.18 7.10 7.24 7.01 6.74 5.79 5.86 6.13 6.11 6.04 6.48 6.87 6.12 5.95 5.54 5.33 5.81 5.15 7.80 6.72 6.36 5.93 5.57 5.67 5.64 6.22 6.13 5.22 6.17 5.80 6.14 5.29 5.46 5.44 5.56
-9999 -9999 -9999 -9999 -9999 -9999 -9999 -9999 -9999 9.02 8.03 7.33 6.71 5.83 7.48 9.42 8.89 7.97 7.67 7.71 7.01 5.86 5.98 7.56 8.93 7.26 6.89 6.60 6.63 7.14 6.22 6.28 7.29 7.24 6.82 6.75 8.08 7.01 7.93 7.57 7.06 6.46 6.78 6.58 7.13 7.33 6.95 7.09 6.26 6.21 5.97 5.74 5.63 6.62 7.13 5.89 5.47 5.71 7.14 6.08 5.72 5.88 6.03 6.21 6.09 5.53 5.36 5.86 6.55 5.91 5.13 4.97 6.10 5.72 5.61 5.96 5.96 5.77 5.83
-9999 -9999 -9999 -9999 -9999 -9999 -9999 -9999 -9999 -9999 7.82 6.77 6.21 7.51 7.48 7.96 9.55 8.41 6.77 5.77 7.45 8.92 7.76 6.97 7.64 8.94 7.58 6.42 6.39 6.29 6.67 6.61 6.12 6.27 6.52 6.96 7.56 6.80 7.72 6.92 6.90 6.91 7.06 6.60 7.23 7.49 7.24 6.13 6.04 6.31 5.60 5.03 4.73 5.56 6.54 6.40 5.24 5.58 6.57 6.48 5.98 5.45 5.47 5.34 5.41 6.32 6.02 5.83 6.25 6.94 6.33 5.85 6.27 6.25 5.61 6.21 5.59 6.12 5.52
-9999 -9999 -9999 -9999 -9999 -9999 9.72 -9999 -9999 8.17 7.45 7.88 6.15 7.78 7.00 6.76 6.79 6.87 7.19 6.17 7.92 9.23 7.93 7.38 6.73 6.62 6.42 6.21 6.29 6.42 6.86 5.99 5.79 6.24 7.47 6.79 7.37 6.68 7.11 6.69 7.33 7.94 7.46 6.73 6.47 6.58 6.36 5.95 6.78 5.91 5.16 6.11 4.83 4.99 6.45 7.13 4.86 5.25 5.91 5.80 5.50 5.31 5.23 5.44 5.90 6.28 5.65 5.32 5.35 5.76 5.77 5.75 6.30 5.88 5.76 5.72 5.40 5.39 5.33
-9999 -9999 -9999 -9999 -9999 8.99 9.64 9.55 9.24 7.32 6.90 8.50 7.12 6.54 7.05 6.44 7.25 7.57 7.89 7.01 7.52 8.56 7.84 6.79 6.44 6.57 6.77 6.80 6.18 6.15 6.25 5.75 5.66 6.93 7.16 6.60 6.90 6.98 7.91 7.39 7.48 8.34 7.41 7.11 6.35 6.74 6.41 6.46 5.96 5.49 4.68 5.15 4.93 4.58 5.69 5.55 5.02 5.02 5.12 5.52 5.40 5.35 5.11 4.92 5.06 5.15 5.36 5.50 5.48 5.08 5.43 5.71 6.32 6.61 6.26 5.39 5.95 5.79 5.73
-9999 -9999 -9999 -9999 -9999 8.71 8.76 8.01 8.32 7.70 7.28 6.97 8.15 7.95 7.27 7.96 7.69 7.62 8.52 7.80 8.21 8.64 7.00 7.19 8.39 8.19 7.33 6.59 5.98 6.19 6.45 6.43 5.95 6.95 6.73 7.04 6.17 5.63 7.09 8.08 7.40 7.47 7.23 6.65 6.63 7.04 6.39 5.78 6.08 5.89 4.50 4.46 4.33 4.38 5.45 6.03 6.09 7.09 5.52 5.63 4.95 4.78 4.97 5.11 4.94 4.90 5.19 5.57 5.31 5.16 5.04 5.66 5.76 5.87 5.90 6.00 5.25 5.55 6.16
-9999 -9999 -9999 -9999 -9999 9.21 8.68 8.19 8.35 8.01 7.92 7.31 7.71 7.61 6.68 7.53 7.60 8.30 8.78 8.56 7.16 6.67 6.35 7.63 7.66 8.20 8.55 6.90 6.52 6.40 5.91 6.36 5.83 6.67 6.50 6.44 6.17 5.84 7.45 7.35 7.41 7.27 6.98 6.65 6.64 7.05 6.88 5.78 5.28 5.02 5.08 3.99 4.06 4.06 4.97 5.60 5.80 6.21 5.88 6.44 6.83 4.47 6.88 5.94 4.69 4.89 7.24 7.33 6.93 4.95 4.89 5.14 5.18 5.64 5.39 6.06 6.72 8.30 7.49
-9999 -9999 -9999 -9999 -9999 8.24 8.27 8.22 8.02 7.59 7.38 7.06 6.91 7.54 7.08 7.29 7.82 7.48 7.86 7.89 7.84 6.24 7.00 8.52 7.99 9.00 8.82 7.16 7.07 7.16 6.37 6.31 6.24 6.41 6.35 6.33 6.85 7.56 6.68 7.42 7.22 7.12 6.81 6.61 6.79 7.03 6.29 5.98 5.38 5.07 4.70 4.67 4.07 4.78 5.35 6.27 6.32 5.99 5.56 5.45 5.40 4.82 6.22 6.18 6.54 6.21 6.75 7.32 7.64 5.28 5.39 5.33 5.39 5.71 6.33 7.02 7.17 -9999 -9999
-9999 -9999 -9999 -9999 -9999 7.52 7.72 7.84 8.06 8.35 7.67 6.99 6.42 6.82 7.85 7.73 7.56 7.22 7.70 7.54 7.19 6.87 6.76 7.42 7.41 9.07 8.03 6.33 8.04 7.59 6.56 8.04 6.91 7.42 7.94 7.56 7.48 7.94 7.24 6.82 7.05 6.94 6.47 6.49 6.69 7.06 6.33 6.06 6.03 5.74 4.95 4.44 4.31 4.25 4.91 7.27 7.15 6.59 6.23 6.37 6.44 6.42 6.83 7.09 7.13 -9999 -9999 7.14 7.22 6.71 6.33 5.92 7.82 6.48 -9999 -9999 -9999 -9999 -9999
-9999 -9999 -9999 -9999 8.44 7.54 7.72 7.26 7.92 7.98 8.48 6.98 6.96 6.86 7.71 7.52 7.22 7.15 7.38 7.21 6.87 6.47 6.93 8.11 8.64 8.34 7.16 8.76 9.17 7.16 6.45 7.05 6.85 7.74 7.89 7.20 7.27 7.16 6.89 7.38 7.21 7.23 6.88 6.73 7.09 7.66 7.27 6.62 5.98 5.28 4.86 -9999 -9999 4.68 5.39 7.60 7.84 7.46 7.04 7.01 -9999 -9999 -9999 -9999 -9999 -9999 -9999 -9999 -9999 -9999 6.94 7.33 8.44 7.38 -9999 -9999 -9999 -9999 -9999
-9999 -9999 -9999 9.03 8.03 7.28 7.91 7.25 7.26 6.92 6.52 5.90 7.92 8.63 8.08 7.79 7.86 8.36 7.54 6.86 6.69 6.81 7.07 9.56 10.31 9.75 9.31 10.29 8.41 8.10 7.79 8.36 8.92 7.89 7.13 7.44 6.96 7.03 6.72 6.71 6.62 7.66 8.37 8.29 8.15 8.14 8.07 7.13 -9999 4.92 4.78 4.28 4.42 4.89 -9999 -9999 -9999 -9999 7.69 -9999 -9999 -9999 -9999 -9999 -9999 -9999 -9999 -9999 -9999 -9999 -9999 -9999 -9999 -9999 -9999 -9999 -9999 -9999 -9999
-9999 -9999 9.48 9.05 9.01 8.32 7.45 7.23 7.03 5.90 5.21 6.07 9.68 10.95 7.86 7.44 9.62 8.03 9.03 6.91 6.75 8.92 8.31 8.64 9.17 9.28 -9999 -9999 -9999 -9999 -9999 8.36 9.50 9.10 7.95 7.72 7.36 6.91 6.87 6.68 7.05 7.91 -9999 -9999 -9999 -9999 -9999 7.68 7.17 5.91 4.70 4.26 5.43 5.40 -9999 -9999 -9999 -9999 -9999 -9999 -9999 -9999 -9999 -9999 -9999 -9999 -9999 -9999 -9999 -9999 -9999 -9999 -9999 -9999 -9999 -9999 -9999 -9999 -9999
-9999 6.65 7.31 8.94 9.36 8.36 8.13 7.55 6.18 6.43 6.03 7.71 9.92 11.06 10.15 9.67 8.50 9.39 8.36 8.08 7.79 9.44 9.50 -9999 -9999 -9999 -9999 -9999 -9999 -9999 -9999 -9999 8.83 8.99 7.94 8.61 9.14 9.24 7.66 9.03 8.97 9.43 -9999 -9999 -9999 -9999 -9999 -9999 -9999 5.87 5.87 4.82 5.26 -9999 -9999 -9999 -9999 -9999 -9999 -9999 -9999 -9999 -9999 -9999 -9999 -9999 -9999 -9999 -9999 -9999 -9999 -9999 -9999 -9999 -9999 -9999 -9999 -9999 -9999
8.18 6.61 7.16 8.68 9.95 10.01 8.67 7.10 6.83 7.12 6.73 8.06 10.58 9.36 9.53 9.94 10.72 6.79 8.50 10.54 8.88 -9999 -9999 -9999 -9999 -9999 -9999 -9999 -9999 -9999 -9999 -9999 -9999 -9999 9.27 -9999 -9999 -9999 -9999 8.22 9.90 10.18 -9999 -9999 -9999 -9999 -9999 -9999 -9999 -9999 6.27 7.39 6.22 -9999 -9999 -9999 -9999 -9999 -9999 -9999 -9999 -9999 -9999 -9999 -9999 -9999 -9999 -9999 -9999 -9999 -9999 -9999 -9999 -9999 -9999 -9999 -9999 -9999 -9999
7.45 6.19 7.27 8.89 9.52 10.08 9.05 8.28 8.84 6.79 5.76 7.24 10.15 10.38 9.11 8.69 9.74 7.58 7.54 8.58 -9999 -9999 -9999 -9999 -9999 -9999 -9999 -9999 -9999 -9999 -9999 -9999 -9999 -9999 9.93 -9999 -9999 -9999 -9999 -9999 -9999 -9999 -9999 -9999 -9999 -9999 -9999 -9999 -9999 -9999 -9999 -9999 -9999 -9999 -9999 -9999 -9999 -9999 -9999 -9999 -9999 -9999 -9999 -9999 -9999 -9999 -9999 -9999 -9999 -9999 -9999 -9999 -9999 -9999 -9999 -9999 -9999 -9999 -9999
7.85 6.45 7.63 8.49 8.78 9.33 8.75 8.49 9.17 6.62 5.91 6.74 9.18 12.60 12.89 8.46 8.15 7.53 8.30 10.14 -9999 -9999 -9999 -9999 -9999 -9999 -9999 -9999 -9999 -9999 -9999 -9999 -9999 -9999 -9999 -9999 -9999 -9999 -9999 -9999 -9999 -9999 -9999 -9999 -9999 -9999 -9999 -9999 -9999 -9999 -9999 -9999 -9999 -9999 -9999 -9999 -9999 -9999 -9999 -9999 -9999 -9999 -9999 -9999 -9999 -9999 -9999 -9999 -9999 -9999 -9999 -9999 -9999 -9999 -9999 -9999 -9999 -9999 -9999
9.10 8.30 8.53 8.58 9.31 8.98 8.68 8.45 7.50 7.27 6.51 6.46 9.11 11.36 11.05 9.22 7.35 7.25 9.52 9.08 -9999 -9999 -9999 -9999 -9999 -9999 -9999 -9999 -9999 -9999 -9999 -9999 -9999 -9999 -9999 -9999 -9999 -9999 -9999 -9999 -9999 -9999 -9999 -9999 -9999 -9999 -9999 -9999 -9999 -9999 -9999 -9999 -9999 -9999 -9999 -9999 -9999 -9999 -9999 -9999 -9999 -9999 -9999 -9999 -9999 -9999 -9999 -9999 -9999 -9999 -9999 -9999 -9999 -9999 -9999 -9999 -9999 -9999 -9999
10.18 9.59 9.41 8.47 9.08 8.78 10.40 9.73 8.54 8.01 8.37 7.44 8.40 9.66 9.24 7.93 7.43 8.08 9.02 9.25 -9999 -9999 -9999 -9999 -9999 -9999 -9999 -9999 -9999 -9999 -9999 -9999 -9999 -9999 -9999 -9999 -9999 -9999 -9999 -9999 -9999 -9999 -9999 -9999 -9999 -9999 -9999 -9999 -9999 -9999 -9999 -9999 -9999 -9999 -9999 -9999 -9999 -9999 -9999 -9999 -9999 -9999 -9999 -9999 -9999 -9999 -9999 -9999 -9999 -9999 -9999 -9999 -9999 -9999 -9999 -9999 -9999 -9999 -9999
9.14 9.33 8.68 9.44 10.82 10.56 9.44 9.51 9.44 9.25 8.54 9.14 8.86 8.41 8.21 8.27 8.70 9.18 9.06 9.65 -9999 -9999 -9999 -9999 -9999 -9999 -9999 -9999 -9999 -9999 -9999 -9999 -9999 -9999 -9999 -9999 -9999 -9999 -9999 -9999 -9999 -9999 -9999 -9999 -9999 -9999 -9999 -9999 -9999 -9999 -9999 -9999 -9999 -9999 -9999 -9999 -9999 -9999 -9999 -9999 -9999 -9999 -9999 -9999 -9999 -9999 -9999 -9999 -9999 -9999 -9999 -9999 -9999 -9999 -9999 -9999 -9999 -9999 -9999
9.88 10.13 -9999 -9999 -9999 -9999 -9999 -9999 -9999 -9999 -9999 9.61 10.10 9.23 8.50 7.89 8.76 9.38 9.24 -9999 -9999 -9999 -9999 -9999 -9999 -9999 -9999 -9999 -9999 -9999 -9999 -9999 -9999 -9999 -9999 -9999 -9999 -9999 -9999 -9999 -9999 -9999 -9999 -9999 -9999 -9999 -9999 -9999 -9999 -9999 -9999 -9999 -9999 -9999 -9999 -9999 -9999 -9999 -9999 -9999 -9999 -9999 -9999 -9999 -9999 -9999 -9999 -9999 -9999 -9999 -9999 -9999 -9999 -9999 -9999 -9999 -9999 -9999 -9999
10.09 10.50 -9999 -9999 -9999 -9999 -9999 -9999 -9999 -9999 -9999 -9999 -9999 -9999 8.95 8.63 8.97 9.31 -9999 -9999 -9999 -9999 -9999 -9999 -9999 -9999 -9999 -9999 -9999 -9999 -9999 -9999 -9999 -9999 -9999 -9999 -9999 -9999 -9999 -9999 -9999 -9999 -9999 -9999 -9999 -9999 -9999 -9999 -9999 -9999 -9999 -9999 -9999 -9999 -9999 -9999 -9999 -9999 -9999 -9999 -9999 -9999 -9999 -9999 -9999 -9999 -9999 -9999 -9999 -9999 -9999 -9999 -9999 -9999 -9999 -9999 -9999 -9999 -9999
-9999 -9999 -9999 -9999 -9999 -9999 -9999 -9999 -9999 -9999 -9999 -9999 -9999 -9999 9.80 10.76 11.34 10.83 -9999 -9999 -9999 -9999 -9999 -9999 -9999 -9999 -9999 -9999 -9999 -9999 -9999 -9999 -9999 -9999 -9999 -9999 -9999 -9999 -9999 -9999 -9999 -9999 -9999 -9999 -9999 -9999 -9999 -9999 -9999 -9999 -9999 -9999 -9999 -9999 -9999 -9999 -9999 -9999 -9999 -9999 -9999 -9999 -9999 -9999 -9999 -9999 -9999 -9999 -9999 -9999 -9999 -9999 -9999 -9999 -9999 -9999 -9999 -9999 -9999
-9999 -9999 -9999 -9999 -9999 -9999 -9999 -9999 -9999 -9999 -9999 -9999 -9999 -9999 -9999 -9999 -9999 -9999 -9999 -9999 -9999 -9999 -9999 -9999 -9999 -9999 -9999 -9999 -9999 -9999 -9999 -9999 -9999 -9999 -9999 -9999 -9999 -9999 -9999 -9999 -9999 -9999 -9999 -9999 -9999 -9999 -9999 -9999 -9999 -9999 -9999 -9999 -9999 -9999 -9999 -9999 -9999 -9999 -9999 -9999 -9999 -9999 -9999 -9999 -9999 -9999 -9999 -9999 -9999 -9999 -9999 -9999 -9999 -9999 -9999 -9999 -9999 -9999 -9999
-9999 -9999 -9999 -9999 -9999 -9999 -9999 -9999 -9999 -9999 -9999 -9999 -9999 -9999 -9999 -9999 -9999 -9999 -9999 -9999 -9999 -9999 -9999 -9999 -9999 -9999 -9999 -9999 -9999 -9999 -9999 -9999 -9999 -9999 -9999 -9999 -9999 -9999 -9999 -9999 -9999 -9999 -9999 -9999 -9999 -9999 -9999 -9999 -9999 -9999 -9999 -9999 -9999 -9999 -9999 -9999 -9999 -9999 -9999 -9999 -9999 -9999 -9999 -9999 -9999 -9999 -9999 -9999 -9999 -9999 -9999 -9999 -9999 -9999 -9999 -9999 -9999 -9999 -9999
