ML/MeanWindSpeed_1993-11_Actual.txt
ncols         180
nrows         290
xllcorner     -200000
yllcorner     -200000
cellsize      5000
NODATA_value  -9999
[rows 210 to 244 of 290, columns 79 to 157 of 180]
15.12 13.29 15.00 14.31 -9999 -9999 -9999 -9999 -9999 -9999 -9999 6.71 6.80 8.26 7.87 8.45 8.90 10.42 12.19 14.36 13.26 11.21 9.54 9.37 7.96 10.74 10.81 6.65 5.36 9.26 9.21 10.37 6.94 6.05 6.00 5.42 6.10 6.82 6.82 7.16 6.73 6.22 5.91 5.67 5.50 5.56 5.21 5.71 5.17 5.20 5.40 5.83 6.39 6.11 6.21 7.01 6.75 6.01 7.56 6.99 5.93 5.72 5.08 4.90 5.63 6.09 5.79 5.51 5.49 6.80 5.89 6.25 7.16 6.44 6.27 6.17 5.23 4.79 5.22
15.29 -9999 -9999 -9999 -9999 -9999 -9999 -9999 -9999 11.66 9.95 9.39 10.68 10.28 9.45 8.82 9.36 9.49 11.85 13.37 12.22 7.97 7.77 11.55 9.80 9.49 7.50 6.11 5.64 8.37 8.66 8.53 6.67 6.08 6.08 4.49 7.40 7.70 6.55 6.79 6.33 6.00 5.74 5.39 5.86 5.22 5.13 4.48 4.49 4.60 5.09 5.51 6.40 5.94 7.11 8.63 6.90 7.33 5.60 6.58 5.77 5.22 6.01 5.62 5.81 6.45 5.77 5.19 5.36 5.53 6.27 6.89 6.15 6.64 6.31 5.53 5.14 6.25 5.59
-9999 -9999 -9999 -9999 -9999 -9999 -9999 -9999 -9999 13.24 12.38 10.22 11.74 12.49 -9999 -9999 9.23 12.19 7.72 9.38 8.65 8.50 9.13 10.59 7.59 7.10 7.47 6.97 7.77 8.28 8.33 7.58 6.69 6.96 5.33 5.49 7.45 6.37 6.00 5.93 6.04 6.31 5.84 5.02 5.11 4.62 4.79 5.47 6.03 5.69 6.37 5.54 5.66 6.75 9.11 7.22 6.96 6.23 4.76 6.21 5.69 5.29 5.02 5.11 5.26 5.35 6.77 5.45 5.27 5.23 5.33 5.65 5.48 5.13 6.64 5.99 6.29 7.29 7.25
-9999 -9999 -9999 -9999 -9999 -9999 -9999 -9999 -9999 -9999 -9999 -9999 -9999 -9999 -9999 -9999 10.65 9.52 9.11 7.83 6.57 6.45 6.76 7.76 7.54 7.98 8.54 9.09 9.81 9.54 -9999 7.25 6.53 5.99 5.40 5.55 7.18 6.36 6.42 5.96 5.25 5.01 5.60 4.84 5.17 6.49 6.76 6.55 7.44 8.34 6.98 6.76 6.78 7.06 8.39 6.97 6.56 6.10 5.14 4.96 5.05 5.65 5.47 5.07 5.01 5.22 5.27 4.94 4.86 4.78 4.88 5.12 5.42 5.54 5.91 5.93 6.43 7.01 -9999
-9999 -9999 -9999 -9999 -9999 -9999 -9999 -9999 -9999 -9999 -9999 -9999 -9999 -9999 -9999 -9999 -9999 10.52 8.91 7.50 7.42 7.87 6.52 6.67 7.51 9.01 -9999 -9999 -9999 -9999 8.30 6.47 5.99 5.53 5.46 5.87 7.45 6.51 6.77 6.07 4.93 5.67 5.18 6.58 6.20 8.16 6.93 7.25 6.92 7.45 7.29 6.55 7.40 5.71 6.52 6.83 5.16 5.10 4.46 4.42 4.76 5.13 5.48 5.45 4.61 4.51 4.42 4.35 4.17 5.41 5.70 4.69 4.72 4.93 5.36 5.89 7.05 8.61 8.53
-9999 -9999 -9999 -9999 -9999 -9999 -9999 -9999 -9999 -9999 -9999 -9999 -9999 -9999 -9999 -9999 -9999 -9999 10.21 10.84 9.44 8.13 8.37 8.55 9.50 -9999 -9999 -9999 -9999 9.31 8.15 7.37 4.46 4.45 4.79 7.22 7.83 7.30 6.72 5.59 5.47 5.18 6.63 8.01 6.95 7.10 6.51 6.63 6.40 5.64 6.34 6.38 5.92 5.88 6.01 5.76 5.04 4.96 5.19 5.47 5.88 5.05 5.22 5.08 4.46 4.65 4.28 4.40 3.70 4.45 4.47 4.55 5.45 4.65 5.91 6.24 6.70 6.27 6.98
-9999 -9999 -9999 -9999 -9999 -9999 -9999 -9999 -9999 -9999 -9999 -9999 -9999 -9999 -9999 -9999 -9999 -9999 -9999 11.03 10.83 9.78 10.07 9.65 11.13 -9999 -9999 -9999 8.67 6.33 4.85 6.28 6.13 5.50 4.46 6.06 5.50 7.30 6.60 4.99 6.31 7.19 7.13 6.79 7.38 6.38 5.84 5.42 4.89 4.93 4.98 5.29 5.89 5.71 5.31 5.28 5.33 5.28 5.80 5.43 5.70 5.44 4.89 4.77 4.05 3.54 3.27 3.63 3.52 3.86 4.06 5.20 5.50 5.94 6.05 5.22 6.72 5.08 5.85
-9999 -9999 -9999 -9999 -9999 -9999 -9999 -9999 -9999 -9999 -9999 -9999 -9999 -9999 -9999 -9999 -9999 -9999 -9999 -9999 -9999 -9999 -9999 -9999 -9999 -9999 -9999 11.09 7.33 5.32 4.43 5.71 4.13 5.09 6.07 6.19 6.27 6.55 4.89 4.41 4.89 5.98 5.95 6.44 6.45 6.59 6.26 5.99 7.46 5.80 5.91 5.28 5.80 5.87 5.19 5.31 5.02 5.41 6.06 5.42 4.89 4.67 4.40 4.21 4.52 3.82 4.27 3.98 5.05 5.67 5.45 4.48 6.97 7.85 6.66 5.38 7.89 6.55 5.70
-9999 -9999 -9999 -9999 -9999 -9999 -9999 -9999 -9999 -9999 -9999 -9999 -9999 -9999 -9999 -9999 -9999 -9999 -9999 -9999 -9999 -9999 -9999 -9999 -9999 -9999 -9999 8.69 7.51 6.00 10.92 8.69 4.69 5.00 5.70 6.37 6.94 5.14 4.44 4.24 4.40 5.81 5.85 5.85 7.58 7.28 8.38 6.97 7.12 8.32 6.58 5.84 5.52 4.96 4.88 4.78 4.91 5.44 5.44 5.55 4.97 4.34 3.88 3.73 4.44 6.32 5.55 6.26 6.66 7.70 6.33 5.21 6.36 6.76 5.71 5.14 5.79 7.06 7.30
-9999 -9999 -9999 -9999 -9999 -9999 -9999 -9999 -9999 -9999 -9999 -9999 -9999 -9999 -9999 -9999 -9999 -9999 -9999 -9999 -9999 -9999 -9999 -9999 -9999 -9999 -9999 8.11 5.72 4.81 7.19 10.60 8.89 7.33 5.92 7.21 5.58 5.06 4.43 6.26 6.54 7.28 6.97 6.31 6.49 6.27 6.65 7.27 7.39 6.51 6.29 6.03 5.82 5.10 4.79 4.99 5.26 5.98 5.73 5.46 4.74 4.56 5.14 5.85 5.34 6.50 5.95 5.64 5.80 6.71 8.51 8.07 5.79 5.59 6.06 6.44 6.54 6.72 6.48
-9999 -9999 -9999 -9999 -9999 -9999 -9999 -9999 -9999 -9999 12.56 12.44 9.91 14.31 12.88 11.76 11.09 12.92 5.37 11.37 7.09 -9999 -9999 -9999 -9999 -9999 -9999 7.25 5.72 5.49 4.90 6.18 8.05 9.13 8.01 6.43 5.36 5.17 5.83 7.13 6.46 5.83 6.04 5.79 5.88 6.05 5.73 5.60 5.47 6.01 5.57 6.31 6.71 7.18 5.90 5.61 6.36 6.29 5.38 6.08 5.16 4.81 5.95 6.87 5.73 5.45 5.83 5.42 5.04 4.86 5.17 4.99 4.31 4.18 4.24 4.37 4.47 5.19 5.44
-9999 -9999 -9999 -9999 -9999 -9999 -9999 -9999 -9999 -9999 14.78 13.41 13.02 10.30 12.02 13.17 11.35 11.16 11.16 8.07 6.34 5.35 7.27 10.40 8.21 7.36 6.56 6.30 5.48 4.98 4.89 4.89 5.50 7.78 7.47 6.33 5.21 8.04 6.30 5.32 5.93 6.44 5.75 5.80 5.88 5.61 5.95 5.82 5.69 4.63 5.21 6.08 6.31 6.09 6.47 6.85 5.70 5.40 4.69 4.59 5.85 5.11 8.96 7.10 6.62 6.02 5.54 5.63 5.16 5.80 5.68 4.30 5.67 5.08 5.72 4.45 4.75 4.83 5.04
-9999 -9999 -9999 -9999 -9999 -9999 -9999 -9999 -9999 12.94 11.14 9.99 9.47 8.46 10.92 13.39 12.11 10.32 10.02 9.75 7.96 6.23 6.31 7.86 9.22 6.34 5.84 5.39 5.38 6.13 4.79 4.93 6.60 6.55 6.11 6.34 8.55 6.61 7.63 6.85 5.95 4.97 5.49 5.27 5.88 5.99 5.68 6.28 5.14 5.38 5.45 5.58 5.66 6.99 7.35 5.42 5.20 5.42 7.41 5.70 5.35 5.69 5.87 6.34 6.48 5.99 5.81 6.50 7.26 5.99 4.78 4.52 6.10 5.53 5.50 5.96 5.85 5.53 5.69
-9999 -9999 -9999 -9999 -9999 -9999 -9999 -9999 -9999 -9999 9.77 8.10 7.47 9.60 9.62 10.09 12.35 10.35 8.22 7.04 8.94 10.29 8.36 6.57 6.86 8.54 6.51 4.86 4.93 4.85 5.44 5.58 5.00 5.03 5.46 6.32 7.54 6.14 7.23 5.81 5.66 5.50 5.84 5.32 6.12 6.32 6.34 5.13 5.10 5.82 5.10 4.66 4.64 5.75 6.67 6.59 5.31 5.66 6.60 6.36 5.61 4.90 5.07 5.20 5.70 7.42 7.05 6.74 7.31 8.17 7.06 6.11 6.46 6.37 5.43 6.36 5.31 6.15 5.23
-9999 -9999 -9999 -9999 -9999 -9999 12.73 -9999 -9999 10.72 9.08 9.57 6.60 8.96 7.78 7.35 7.31 7.29 8.00 6.69 8.56 9.47 6.88 5.58 4.15 3.97 4.12 4.23 4.48 4.82 5.53 4.59 4.58 4.98 6.78 5.66 6.91 5.81 6.21 5.44 6.45 7.20 6.45 5.49 4.95 4.94 5.01 4.96 6.42 5.57 4.98 6.90 5.38 5.36 6.92 7.94 4.54 4.93 5.37 5.09 4.78 4.77 4.76 5.43 6.39 6.93 5.87 5.43 5.54 6.21 6.08 5.81 6.31 5.53 5.32 5.28 4.78 4.87 4.85
-9999 -9999 -9999 -9999 -9999 12.59 13.09 12.62 12.08 9.25 8.26 10.37 7.96 6.92 7.82 6.94 8.03 8.06 8.67 7.31 7.09 7.54 5.87 4.01 3.17 3.31 4.07 4.66 3.94 4.06 4.42 4.22 4.43 6.03 6.15 5.37 6.31 6.70 7.91 6.83 6.87 8.05 6.53 6.24 4.82 5.19 5.01 5.62 5.15 5.13 4.64 5.96 6.08 5.18 6.11 5.52 4.59 4.28 4.09 4.67 4.70 4.82 4.38 4.15 4.60 4.72 4.82 4.90 4.94 4.62 5.34 5.77 6.56 6.88 6.30 4.97 5.79 5.57 5.66
-9999 -9999 -9999 -9999 -9999 12.27 11.57 10.13 10.38 9.36 8.78 7.94 9.72 9.52 8.50 9.66 9.11 8.29 9.30 7.92 7.73 7.84 5.16 5.51 7.13 6.24 5.00 4.22 3.59 4.21 4.79 5.14 4.67 5.89 5.22 5.88 5.06 4.50 6.48 7.86 6.60 6.54 6.30 5.70 5.40 5.83 5.13 4.66 5.55 5.96 4.68 5.26 5.52 5.44 6.40 6.81 6.63 8.05 5.19 5.13 4.32 4.17 4.22 4.37 4.35 4.39 4.61 4.99 4.59 4.54 4.42 5.46 5.71 5.93 6.03 6.19 4.96 5.51 6.75
-9999 -9999 -9999 -9999 -9999 12.68 10.83 9.88 10.03 9.21 9.38 8.39 8.83 8.79 7.41 8.71 8.68 8.97 8.99 8.18 5.72 5.04 4.71 6.80 6.52 6.81 7.48 5.01 4.50 4.63 3.93 4.82 4.16 5.26 4.90 5.06 4.82 4.37 6.57 6.30 6.40 6.12 5.91 5.83 5.62 5.97 5.96 4.80 4.70 5.14 6.19 5.06 5.42 5.26 5.84 6.03 6.12 6.98 6.27 6.95 7.88 4.36 7.82 6.31 4.75 5.27 8.54 8.13 7.31 4.22 4.06 4.29 4.36 5.40 5.31 6.69 7.73 10.26 9.32
-9999 -9999 -9999 -9999 -9999 10.40 9.79 9.46 9.04 8.09 7.95 7.67 7.26 8.20 7.55 7.61 8.22 7.15 7.11 6.74 6.85 4.67 5.67 7.58 6.42 7.85 7.91 5.71 5.79 6.32 5.19 5.16 5.09 5.24 5.37 5.46 6.00 6.97 5.26 6.24 5.97 5.82 5.65 5.66 5.73 5.96 5.11 5.24 5.13 5.73 6.22 6.89 6.23 7.13 6.75 6.23 5.94 5.55 5.08 5.11 5.59 5.10 7.08 7.03 7.91 7.65 8.33 8.72 9.07 5.17 5.05 4.64 4.67 5.54 6.83 8.30 8.71 -9999 -9999
-9999 -9999 -9999 -9999 -9999 8.76 8.77 8.92 9.19 9.40 8.34 7.39 6.16 6.50 8.17 7.58 6.85 5.87 6.22 5.96 5.74 5.52 4.97 5.29 4.77 7.62 6.46 4.32 7.58 7.42 6.10 8.45 6.64 7.28 8.24 7.57 6.97 7.43 6.16 5.39 5.78 5.57 5.06 5.40 5.52 6.02 5.19 5.52 6.50 7.28 7.02 7.03 7.35 7.47 7.78 7.67 7.16 6.29 5.92 6.47 7.04 7.35 7.95 8.33 8.59 -9999 -9999 8.55 8.80 8.17 7.36 6.17 9.09 7.28 -9999 -9999 -9999 -9999 -9999
-9999 -9999 -9999 -9999 10.43 8.55 8.74 8.30 9.50 9.51 10.26 7.65 6.96 6.37 7.65 7.05 5.94 5.26 5.34 5.27 5.10 4.88 5.50 6.36 6.82 6.90 5.33 8.07 9.00 6.61 5.97 6.68 6.22 7.45 7.57 6.44 6.30 5.99 5.70 6.55 6.26 6.25 5.86 5.93 6.45 7.26 6.97 6.58 6.55 6.63 6.98 -9999 -9999 8.56 9.60 9.68 9.04 8.46 7.98 8.24 -9999 -9999 -9999 -9999 -9999 -9999 -9999 -9999 -9999 -9999 8.65 8.92 10.63 9.24 -9999 -9999 -9999 -9999 -9999
-9999 -9999 -9999 11.61 9.38 7.74 8.80 7.99 8.20 8.09 8.34 7.14 8.98 9.32 8.14 7.33 7.10 7.28 5.66 4.94 5.15 5.63 6.10 9.21 10.18 9.57 8.89 10.64 7.97 8.25 8.28 8.89 9.28 7.29 5.95 6.44 5.51 5.59 5.30 5.46 5.41 7.17 8.52 8.60 8.39 8.40 8.63 7.76 -9999 6.13 6.83 6.70 7.44 8.74 -9999 -9999 -9999 -9999 9.84 -9999 -9999 -9999 -9999 -9999 -9999 -9999 -9999 -9999 -9999 -9999 -9999 -9999 -9999 -9999 -9999 -9999 -9999 -9999 -9999
-9999 -9999 13.73 11.60 10.44 8.90 7.55 7.56 7.55 6.86 7.30 8.27 12.03 13.08 8.07 6.80 9.85 6.93 8.11 5.28 5.28 8.63 7.71 7.89 8.56 8.98 -9999 -9999 -9999 -9999 -9999 9.27 10.52 9.59 7.55 7.25 6.57 5.76 5.67 5.39 6.02 7.70 -9999 -9999 -9999 -9999 -9999 9.58 9.49 7.99 6.43 6.04 8.54 9.02 -9999 -9999 -9999 -9999 -9999 -9999 -9999 -9999 -9999 -9999 -9999 -9999 -9999 -9999 -9999 -9999 -9999 -9999 -9999 -9999 -9999 -9999 -9999 -9999 -9999
-9999 9.57 10.18 11.28 10.92 8.92 8.61 8.30 6.49 7.91 8.70 10.79 12.51 13.29 11.52 10.16 8.20 9.50 7.06 7.03 6.79 9.28 9.42 -9999 -9999 -9999 -9999 -9999 -9999 -9999 -9999 -9999 9.51 9.69 8.15 9.28 10.18 10.40 7.91 9.83 9.61 10.52 -9999 -9999 -9999 -9999 -9999 -9999 -9999 8.09 8.22 6.67 7.82 -9999 -9999 -9999 -9999 -9999 -9999 -9999 -9999 -9999 -9999 -9999 -9999 -9999 -9999 -9999 -9999 -9999 -9999 -9999 -9999 -9999 -9999 -9999 -9999 -9999 -9999
10.79 8.84 9.43 10.89 12.03 11.69 9.57 7.53 7.38 8.68 9.24 10.34 12.63 10.17 9.88 9.92 11.32 5.30 7.32 10.85 8.68 -9999 -9999 -9999 -9999 -9999 -9999 -9999 -9999 -9999 -9999 -9999 -9999 -9999 10.28 -9999 -9999 -9999 -9999 8.99 11.45 12.06 -9999 -9999 -9999 -9999 -9999 -9999 -9999 -9999 8.75 10.64 9.18 -9999 -9999 -9999 -9999 -9999 -9999 -9999 -9999 -9999 -9999 -9999 -9999 -9999 -9999 -9999 -9999 -9999 -9999 -9999 -9999 -9999 -9999 -9999 -9999 -9999 -9999
8.99 7.32 9.02 11.30 11.56 11.92 10.40 8.96 9.92 7.39 6.73 8.68 11.62 10.75 8.46 7.40 9.37 6.28 5.78 7.78 -9999 -9999 -9999 -9999 -9999 -9999 -9999 -9999 -9999 -9999 -9999 -9999 -9999 -9999 11.72 -9999 -9999 -9999 -9999 -9999 -9999 -9999 -9999 -9999 -9999 -9999 -9999 -9999 -9999 -9999 -9999 -9999 -9999 -9999 -9999 -9999 -9999 -9999 -9999 -9999 -9999 -9999 -9999 -9999 -9999 -9999 -9999 -9999 -9999 -9999 -9999 -9999 -9999 -9999 -9999 -9999 -9999 -9999 -9999
9.21 7.06 8.98 9.96 9.96 10.43 9.65 9.02 10.15 6.65 6.66 8.37 10.72 14.18 13.97 6.98 7.07 6.31 7.28 10.51 -9999 -9999 -9999 -9999 -9999 -9999 -9999 -9999 -9999 -9999 -9999 -9999 -9999 -9999 -9999 -9999 -9999 -9999 -9999 -9999 -9999 -9999 -9999 -9999 -9999 -9999 -9999 -9999 -9999 -9999 -9999 -9999 -9999 -9999 -9999 -9999 -9999 -9999 -9999 -9999 -9999 -9999 -9999 -9999 -9999 -9999 -9999 -9999 -9999 -9999 -9999 -9999 -9999 -9999 -9999 -9999 -9999 -9999 -9999
11.20 9.74 10.13 9.76 10.44 9.58 9.06 8.48 7.16 7.37 6.95 7.22 10.40 12.33 11.31 8.62 5.87 5.74 9.40 9.13 -9999 -9999 -9999 -9999 -9999 -9999 -9999 -9999 -9999 -9999 -9999 -9999 -9999 -9999 -9999 -9999 -9999 -9999 -9999 -9999 -9999 -9999 -9999 -9999 -9999 -9999 -9999 -9999 -9999 -9999 -9999 -9999 -9999 -9999 -9999 -9999 -9999 -9999 -9999 -9999 -9999 -9999 -9999 -9999 -9999 -9999 -9999 -9999 -9999 -9999 -9999 -9999 -9999 -9999 -9999 -9999 -9999 -9999 -9999
12.74 11.71 11.66 9.93 10.45 9.78 12.05 10.73 8.78 8.15 8.85 7.32 8.17 9.30 8.63 7.06 6.36 7.17 8.78 9.69 -9999 -9999 -9999 -9999 -9999 -9999 -9999 -9999 -9999 -9999 -9999 -9999 -9999 -9999 -9999 -9999 -9999 -9999 -9999 -9999 -9999 -9999 -9999 -9999 -9999 -9999 -9999 -9999 -9999 -9999 -9999 -9999 -9999 -9999 -9999 -9999 -9999 -9999 -9999 -9999 -9999 -9999 -9999 -9999 -9999 -9999 -9999 -9999 -9999 -9999 -9999 -9999 -9999 -9999 -9999 -9999 -9999 -9999 -9999
10.65 11.13 10.56 11.66 13.40 12.84 10.91 10.82 10.65 10.45 9.19 9.73 8.91 7.88 7.60 8.05 8.73 9.28 9.23 10.67 -9999 -9999 -9999 -9999 -9999 -9999 -9999 -9999 -9999 -9999 -9999 -9999 -9999 -9999 -9999 -9999 -9999 -9999 -9999 -9999 -9999 -9999 -9999 -9999 -9999 -9999 -9999 -9999 -9999 -9999 -9999 -9999 -9999 -9999 -9999 -9999 -9999 -9999 -9999 -9999 -9999 -9999 -9999 -9999 -9999 -9999 -9999 -9999 -9999 -9999 -9999 -9999 -9999 -9999 -9999 -9999 -9999 -9999 -9999
11.72 12.36 -9999 -9999 -9999 -9999 -9999 -9999 -9999 -9999 -9999 10.97 11.58 9.92 8.70 7.44 8.50 9.60 9.74 -9999 -9999 -9999 -9999 -9999 -9999 -9999 -9999 -9999 -9999 -9999 -9999 -9999 -9999 -9999 -9999 -9999 -9999 -9999 -9999 -9999 -9999 -9999 -9999 -9999 -9999 -9999 -9999 -9999 -9999 -9999 -9999 -9999 -9999 -9999 -9999 -9999 -9999 -9999 -9999 -9999 -9999 -9999 -9999 -9999 -9999 -9999 -9999 -9999 -9999 -9999 -9999 -9999 -9999 -9999 -9999 -9999 -9999 -9999 -9999
12.77 13.65 -9999 -9999 -9999 -9999 -9999 -9999 -9999 -9999 -9999 -9999 -9999 -9999 9.72 8.61 8.78 9.62 -9999 -9999 -9999 -9999 -9999 -9999 -9999 -9999 -9999 -9999 -9999 -9999 -9999 -9999 -9999 -9999 -9999 -9999 -9999 -9999 -9999 -9999 -9999 -9999 -9999 -9999 -9999 -9999 -9999 -9999 -9999 -9999 -9999 -9999 -9999 -9999 -9999 -9999 -9999 -9999 -9999 -9999 -9999 -9999 -9999 -9999 -9999 -9999 -9999 -9999 -9999 -9999 -9999 -9999 -9999 -9999 -9999 -9999 -9999 -9999 -9999
-9999 -9999 -9999 -9999 -9999 -9999 -9999 -9999 -9999 -9999 -9999 -9999 -9999 -9999 11.34 12.40 13.03 12.50 -9999 -9999 -9999 -9999 -9999 -9999 -9999 -9999 -9999 -9999 -9999 -9999 -9999 -9999 -9999 -9999 -9999 -9999 -9999 -9999 -9999 -9999 -9999 -9999 -9999 -9999 -9999 -9999 -9999 -9999 -9999 -9999 -9999 -9999 -9999 -9999 -9999 -9999 -9999 -9999 -9999 -9999 -9999 -9999 -9999 -9999 -9999 -9999 -9999 -9999 -9999 -9999 -9999 -9999 -9999 -9999 -9999 -9999 -9999 -9999 -9999
-9999 -9999 -9999 -9999 -9999 -9999 -9999 -9999 -9999 -9999 -9999 -9999 -9999 -9999 -9999 -9999 -9999 -9999 -9999 -9999 -9999 -9999 -9999 -9999 -9999 -9999 -9999 -9999 -9999 -9999 -9999 -9999 -9999 -9999 -9999 -9999 -9999 -9999 -9999 -9999 -9999 -9999 -9999 -9999 -9999 -9999 -9999 -9999 -9999 -9999 -9999 -9999 -9999 -9999 -9999 -9999 -9999 -9999 -9999 -9999 -9999 -9999 -9999 -9999 -9999 -9999 -9999 -9999 -9999 -9999 -9999 -9999 -9999 -9999 -9999 -9999 -9999 -9999 -9999
-9999 -9999 -9999 -9999 -9999 -9999 -9999 -9999 -9999 -9999 -9999 -9999 -9999 -9999 -9999 -9999 -9999 -9999 -9999 -9999 -9999 -9999 -9999 -9999 -9999 -9999 -9999 -9999 -9999 -9999 -9999 -9999 -9999 -9999 -9999 -9999 -9999 -9999 -9999 -9999 -9999 -9999 -9999 -9999 -9999 -9999 -9999 -9999 -9999 -9999 -9999 -9999 -9999 -9999 -9999 -9999 -9999 -9999 -9999 -9999 -9999 -9999 -9999 -9999 -9999 -9999 -9999 -9999 -9999 -9999 -9999 -9999 -9999 -9999 -9999 -9999 -9999 -9999 -9999
