ML/MeanWindSpeed_1998-01_Actual.txt
ncols         180
nrows         290
xllcorner     -200000
yllcorner     -200000
cellsize      5000
NODATA_value  -9999
[rows 210 to 244 of 290, columns 78 to 155 of 180]
17.24 16.96 16.14 17.76 18.27 -9999 -9999 -9999 -9999 -9999 -9999 -9999 11.29 11.13 12.11 11.56 10.66 9.81 10.72 12.28 14.06 13.94 12.63 11.74 11.34 11.06 13.54 13.21 9.90 8.87 11.37 12.04 13.63 11.78 11.03 10.20 9.34 9.93 10.61 10.84 11.19 11.05 10.80 10.64 10.43 10.15 10.00 9.81 10.09 9.69 9.55 9.30 9.01 8.83 8.32 8.52 8.57 7.72 7.27 8.34 8.50 8.19 7.91 7.43 7.49 8.08 8.67 8.63 8.22 8.11 8.89 8.35 8.66 9.38 9.20 9.43 9.59 9.44
-9999 18.32 -9999 -9999 -9999 -9999 -9999 -9999 -9999 -9999 15.63 13.81 13.06 14.23 14.32 13.25 11.76 10.98 10.23 11.94 13.15 12.76 10.26 10.32 12.54 12.12 12.54 11.09 9.64 9.47 11.58 12.73 12.89 11.63 10.93 10.12 8.76 11.03 11.44 10.83 10.93 10.68 10.52 10.36 10.17 10.34 10.03 10.09 9.68 9.55 9.44 9.37 8.99 8.74 8.18 9.10 9.66 8.15 8.29 7.39 8.26 8.08 7.78 8.56 8.43 8.39 8.89 8.55 8.05 8.09 8.31 8.68 9.11 8.93 9.50 9.56 9.25 9.46
-9999 -9999 -9999 -9999 -9999 -9999 -9999 -9999 -9999 -9999 17.29 16.21 14.80 16.13 16.91 -9999 -9999 12.26 12.90 9.87 11.04 10.64 10.49 10.97 12.15 10.89 11.14 11.58 11.32 12.20 13.06 13.39 12.54 11.53 11.09 9.37 9.75 11.57 11.06 10.67 10.35 10.32 10.58 10.46 10.08 9.95 9.54 9.58 9.78 9.95 9.67 9.90 8.92 8.25 8.77 10.41 9.27 8.86 8.14 7.20 8.15 8.03 8.25 8.78 8.67 8.18 8.14 9.03 8.40 8.51 8.70 8.74 8.94 8.84 8.78 9.94 9.90 10.78
-9999 -9999 -9999 -9999 -9999 -9999 -9999 -9999 -9999 -9999 -9999 -9999 -9999 -9999 -9999 -9999 -9999 14.28 12.63 11.28 10.46 9.68 9.54 9.98 10.94 11.33 12.40 13.23 13.82 14.71 14.68 -9999 12.40 11.27 9.92 9.36 10.00 11.44 11.09 10.93 10.31 9.79 9.72 10.24 9.72 9.65 10.21 10.22 9.91 10.27 10.68 9.84 9.40 8.95 9.21 10.16 9.31 8.93 8.44 7.76 7.55 7.44 7.73 8.71 8.37 7.82 8.03 8.33 8.42 8.60 8.81 8.93 9.08 9.33 9.73 10.27 10.45 11.22
-9999 -9999 -9999 -9999 -9999 -9999 -9999 -9999 -9999 -9999 -9999 -9999 -9999 -9999 -9999 -9999 -9999 -9999 13.97 11.77 10.13 9.65 10.17 9.99 10.56 11.98 13.80 -9999 -9999 -9999 -9999 13.41 11.88 10.61 9.50 9.34 10.04 11.36 11.04 10.96 10.22 9.47 9.85 9.72 10.47 10.16 11.16 10.42 10.46 10.13 10.21 9.99 9.42 9.67 8.78 9.30 9.30 8.17 8.02 7.53 7.19 6.81 6.08 5.77 6.42 6.87 7.42 7.90 8.22 8.36 9.38 9.68 9.17 9.34 9.78 10.07 10.58 12.02
-9999 -9999 -9999 -9999 -9999 -9999 -9999 -9999 -9999 -9999 -9999 -9999 -9999 -9999 -9999 -9999 -9999 -9999 -9999 13.17 12.49 10.87 10.35 11.59 12.37 14.13 -9999 -9999 -9999 -9999 13.69 12.64 11.71 9.55 9.10 9.19 10.87 11.62 11.35 10.74 9.74 9.47 9.41 10.39 11.27 10.75 10.86 10.63 10.75 10.53 9.79 9.87 9.69 9.28 9.13 9.07 8.64 7.98 7.80 7.88 7.74 7.35 6.16 5.96 6.20 6.65 7.64 8.20 8.65 8.54 9.10 9.18 9.12 9.79 9.52 10.13 10.57 11.72
-9999 -9999 -9999 -9999 -9999 -9999 -9999 -9999 -9999 -9999 -9999 -9999 -9999 -9999 -9999 -9999 -9999 -9999 -9999 -9999 13.89 12.93 12.55 14.10 14.16 16.20 -9999 -9999 -9999 13.34 10.90 10.07 11.04 10.78 10.15 9.48 10.60 10.48 11.29 10.55 9.28 9.79 10.48 10.69 10.62 11.20 10.81 10.57 10.42 9.97 9.73 9.50 9.41 9.51 9.06 8.52 8.20 8.00 7.93 8.27 7.86 7.57 6.96 6.44 6.63 7.02 7.78 8.23 8.63 8.68 8.84 8.61 8.94 9.35 9.74 9.60 9.26 10.70
-9999 -9999 -9999 -9999 -9999 -9999 -9999 -9999 -9999 -9999 -9999 -9999 -9999 -9999 -9999 -9999 -9999 -9999 -9999 -9999 -9999 -9999 -9999 -9999 -9999 -9999 -9999 -9999 15.39 11.66 9.56 9.51 10.91 9.96 10.28 10.67 10.94 11.15 11.08 9.94 9.47 9.57 10.23 10.32 10.47 10.50 10.52 10.30 10.26 11.10 10.06 9.96 9.42 9.52 9.22 8.45 8.21 7.82 8.13 8.68 8.23 7.55 7.12 7.05 7.06 7.72 8.07 8.58 8.54 9.15 9.47 8.97 8.20 9.89 10.40 9.28 8.60 10.56
-9999 -9999 -9999 -9999 -9999 -9999 -9999 -9999 -9999 -9999 -9999 -9999 -9999 -9999 -9999 -9999 -9999 -9999 -9999 -9999 -9999 -9999 -9999 -9999 -9999 -9999 -9999 -9999 13.14 10.59 9.06 12.45 11.82 9.95 10.33 10.80 11.23 11.45 10.40 10.02 9.73 9.67 10.44 10.24 9.94 10.72 10.49 11.11 10.28 10.42 10.97 9.95 9.63 9.44 8.89 8.51 8.19 8.02 8.32 8.47 8.45 7.86 7.32 7.23 7.17 7.66 8.99 8.72 9.27 9.66 10.29 9.30 8.55 9.45 9.79 8.78 8.18 8.50
-9999 -9999 -9999 -9999 -9999 -9999 -9999 -9999 -9999 -9999 -9999 -9999 -9999 -9999 -9999 -9999 -9999 -9999 -9999 -9999 -9999 -9999 -9999 -9999 -9999 -9999 -9999 -9999 12.71 9.56 7.92 9.57 12.05 11.63 11.37 10.92 11.67 10.56 10.09 9.69 10.56 10.67 11.25 10.87 10.12 10.07 10.15 10.53 10.80 10.75 9.99 9.70 9.59 9.46 8.95 8.56 8.29 8.21 8.52 8.49 8.17 7.44 7.35 8.00 8.68 8.57 9.31 9.18 9.24 9.45 9.97 10.93 10.65 9.51 9.36 9.24 9.12 9.01
-9999 -9999 -9999 -9999 -9999 -9999 -9999 -9999 -9999 -9999 -9999 16.76 16.09 14.12 16.44 15.84 15.89 16.47 17.95 13.91 17.48 15.03 -9999 -9999 -9999 -9999 -9999 -9999 12.03 10.27 9.37 8.77 9.33 10.63 11.86 11.79 11.02 10.33 10.04 10.50 11.30 10.91 10.65 10.65 10.23 10.03 10.68 10.56 10.34 10.08 10.02 9.37 9.51 9.60 9.81 9.03 8.57 8.77 8.70 8.45 8.58 7.46 7.20 8.50 9.57 9.21 9.22 9.53 9.56 9.49 9.40 9.41 9.27 9.07 8.86 8.51 8.37 8.46
-9999 -9999 -9999 -9999 -9999 -9999 -9999 -9999 -9999 -9999 -9999 16.47 14.61 13.46 11.60 12.80 13.92 14.01 15.03 15.53 14.34 13.72 12.83 13.44 15.02 13.90 13.22 11.94 11.05 10.21 9.77 9.59 9.29 9.45 11.09 11.24 10.57 10.06 11.68 10.97 10.55 10.89 11.22 10.73 10.42 11.28 11.12 11.02 10.59 10.31 9.41 9.26 9.33 9.20 9.14 9.55 9.66 8.63 8.42 8.20 7.91 8.11 7.61 10.33 9.79 9.79 9.64 9.38 9.46 9.35 9.78 9.59 8.70 9.57 9.22 9.46 8.69 8.82
-9999 -9999 -9999 -9999 -9999 -9999 -9999 -9999 -9999 -9999 16.99 14.67 12.63 11.39 10.31 11.78 13.89 14.00 13.63 13.41 13.33 12.83 11.61 11.12 11.90 12.73 11.18 10.72 10.19 10.08 10.44 9.57 9.59 10.46 10.58 10.33 10.23 11.48 10.59 11.66 11.43 11.00 10.48 10.78 10.61 11.24 11.37 10.78 10.67 9.90 9.85 9.48 9.20 9.04 9.90 10.42 9.06 8.23 8.33 9.69 8.72 8.29 8.53 8.90 9.36 9.50 9.16 9.07 9.46 10.00 9.37 8.61 8.41 9.41 9.03 8.84 9.15 9.14
-9999 -9999 -9999 -9999 -9999 -9999 -9999 -9999 -9999 -9999 -9999 14.37 12.39 11.26 11.91 11.75 12.58 14.61 13.98 12.52 11.37 12.80 13.77 11.94 10.65 11.06 12.21 11.06 9.90 9.80 9.65 9.97 9.90 9.47 9.82 10.15 10.44 10.95 10.39 11.54 10.98 11.00 11.00 11.09 10.63 11.21 11.42 10.96 9.74 9.63 9.85 9.19 8.73 8.45 9.19 10.16 9.78 8.30 8.46 9.37 9.24 8.79 8.36 8.49 8.52 8.71 9.63 9.44 9.26 9.50 9.98 9.37 9.04 9.53 9.55 8.93 9.43 8.86
-9999 -9999 -9999 -9999 -9999 -9999 -9999 18.32 -9999 -9999 15.44 13.69 13.16 11.07 12.03 11.28 11.50 12.14 12.65 13.03 11.77 13.05 13.78 12.02 11.18 10.55 10.48 10.19 9.69 9.71 9.81 10.26 9.47 9.27 9.86 11.06 10.37 10.77 10.19 10.89 10.68 11.19 11.75 11.28 10.56 10.40 10.54 10.10 9.52 10.29 9.51 8.86 9.78 8.67 8.89 10.32 10.78 8.52 8.72 9.23 9.06 8.65 8.35 8.38 8.64 9.07 9.51 9.07 8.79 8.67 8.82 8.77 8.86 9.47 9.17 9.12 9.08 8.80
-9999 -9999 -9999 -9999 -9999 -9999 16.55 16.65 16.05 15.61 13.40 12.17 12.78 11.27 10.66 11.07 10.83 12.16 12.93 13.35 12.18 12.14 12.47 11.47 10.51 10.29 10.45 10.54 10.36 9.79 9.72 9.76 9.30 9.19 10.48 10.80 10.22 10.38 10.42 11.36 10.98 11.02 11.81 11.01 10.67 10.09 10.59 10.17 10.04 9.62 9.27 8.66 9.18 9.02 8.73 9.71 9.45 8.84 8.78 8.83 9.19 8.90 8.68 8.57 8.49 8.51 8.63 9.00 9.20 8.95 8.28 8.44 8.69 9.29 9.63 9.38 8.69 9.26
-9999 -9999 -9999 -9999 -9999 -9999 15.31 14.26 13.27 13.54 12.55 11.69 11.01 11.96 11.78 11.17 11.90 12.05 12.35 13.27 12.35 12.20 11.85 10.11 10.42 11.57 11.45 10.75 10.07 9.59 9.83 10.10 10.13 9.70 10.72 10.60 10.80 9.98 9.41 10.57 11.39 10.76 10.77 10.49 9.91 10.06 10.59 9.98 9.49 9.99 10.08 8.98 8.96 8.85 8.79 9.49 9.65 9.53 10.35 8.96 9.08 8.42 8.20 8.48 8.67 8.38 8.33 8.70 9.14 8.84 8.45 8.26 8.74 8.77 8.87 8.93 9.11 8.58
-9999 -9999 -9999 -9999 -9999 -9999 15.53 13.79 12.93 13.09 12.67 12.26 11.37 11.65 11.55 10.75 11.54 11.75 12.48 12.91 12.50 10.77 9.65 9.07 10.31 10.49 11.06 11.40 10.10 9.98 10.00 9.76 10.31 9.91 10.73 10.57 10.39 10.12 9.68 10.90 10.64 10.57 10.37 9.99 9.59 9.75 10.34 10.26 9.53 9.53 9.77 10.20 9.31 9.22 9.14 9.44 9.35 9.17 9.36 9.10 9.65 9.97 7.79 9.98 9.10 7.99 8.24 10.40 10.48 10.10 8.25 8.25 8.53 8.53 8.83 8.91 9.93 10.96
-9999 -9999 -9999 -9999 -9999 -9999 14.72 13.46 12.96 12.79 12.42 12.09 11.55 11.33 11.87 11.41 11.58 12.03 11.68 11.89 11.67 11.20 9.17 9.54 11.06 10.75 11.57 11.41 10.21 10.31 10.41 9.83 10.09 10.22 10.35 10.21 10.10 10.53 11.06 10.13 10.64 10.34 10.14 9.74 9.43 9.69 10.11 9.58 9.66 9.75 10.30 10.75 11.13 10.51 10.90 10.94 10.59 10.17 9.57 8.97 8.99 9.16 8.76 10.19 10.29 10.78 10.60 11.08 11.42 11.36 8.95 8.78 8.65 8.86 9.67 10.90 12.23 12.93
-9999 -9999 -9999 -9999 -9999 -9999 13.96 12.93 12.59 12.75 13.01 12.37 11.84 11.66 12.01 12.61 12.34 12.12 11.66 11.94 11.48 10.91 10.29 9.67 10.22 10.35 11.62 10.73 9.37 10.92 10.56 9.79 11.44 10.72 11.16 11.48 11.04 10.96 11.29 10.55 10.02 10.10 9.93 9.42 9.31 9.50 9.95 9.43 9.75 11.00 12.03 12.08 12.14 12.36 12.44 12.69 12.52 11.95 10.97 10.47 11.08 11.54 11.76 12.35 12.77 13.00 -9999 -9999 12.81 12.46 11.51 10.71 10.01 11.96 11.43 -9999 -9999 -9999
-9999 -9999 -9999 -9999 -9999 15.97 13.65 12.82 12.02 12.43 12.48 12.97 12.12 12.82 12.68 12.86 12.37 12.09 11.84 11.82 11.37 10.87 10.48 10.37 10.95 11.39 11.07 10.30 12.10 12.72 10.91 10.05 10.52 10.59 11.47 11.52 10.83 10.81 10.61 10.21 10.65 10.52 10.53 10.22 10.14 10.67 11.26 11.32 11.26 11.44 12.07 12.54 -9999 -9999 13.71 14.70 14.72 14.00 13.30 12.76 13.00 -9999 -9999 -9999 -9999 -9999 -9999 -9999 -9999 -9999 -9999 12.77 12.85 13.98 13.61 -9999 -9999 -9999
-9999 -9999 -9999 -9999 16.71 14.90 13.10 13.15 12.19 11.99 11.64 11.20 11.05 13.68 14.38 13.51 12.94 12.73 12.89 12.10 11.37 10.85 10.88 10.97 13.24 14.08 13.71 13.76 15.07 13.61 13.26 12.55 12.58 12.68 11.44 10.80 11.06 10.65 10.65 10.35 10.48 10.55 11.89 12.90 13.02 13.14 13.24 13.32 12.62 -9999 11.31 11.95 12.01 12.53 13.80 -9999 -9999 -9999 -9999 14.80 -9999 -9999 -9999 -9999 -9999 -9999 -9999 -9999 -9999 -9999 -9999 -9999 -9999 -9999 -9999 -9999 -9999 -9999
-9999 -9999 -9999 16.73 15.63 15.05 14.16 12.99 12.34 11.90 10.65 9.76 10.91 14.99 16.17 13.16 12.75 14.22 12.31 13.32 11.54 11.18 13.51 13.30 13.95 14.85 15.19 -9999 -9999 -9999 -9999 -9999 14.01 14.29 13.22 11.89 11.76 11.48 10.88 10.71 10.67 11.29 12.85 -9999 -9999 -9999 -9999 -9999 14.17 13.60 12.20 10.68 10.54 12.86 14.02 -9999 -9999 -9999 -9999 -9999 -9999 -9999 -9999 -9999 -9999 -9999 -9999 -9999 -9999 -9999 -9999 -9999 -9999 -9999 -9999 -9999 -9999 -9999
-9999 -9999 13.73 13.62 14.58 15.07 14.26 13.72 12.68 11.21 10.96 10.26 12.12 14.83 16.09 15.05 14.35 12.99 13.35 12.55 12.86 12.98 15.25 15.99 -9999 -9999 -9999 -9999 -9999 -9999 -9999 -9999 -9999 15.13 14.62 13.32 13.74 14.40 14.24 12.46 13.52 13.97 15.09 -9999 -9999 -9999 -9999 -9999 -9999 -9999 12.30 11.89 11.26 12.39 -9999 -9999 -9999 -9999 -9999 -9999 -9999 -9999 -9999 -9999 -9999 -9999 -9999 -9999 -9999 -9999 -9999 -9999 -9999 -9999 -9999 -9999 -9999 -9999
16.63 15.38 12.87 12.72 13.92 15.27 15.37 14.04 12.24 11.75 11.57 10.92 12.41 15.36 14.70 14.69 14.43 14.69 11.07 12.92 15.71 15.04 -9999 -9999 -9999 -9999 -9999 -9999 -9999 -9999 -9999 -9999 -9999 -9999 -9999 16.00 -9999 -9999 -9999 -9999 14.13 15.75 16.53 -9999 -9999 -9999 -9999 -9999 -9999 -9999 -9999 13.56 14.77 14.28 -9999 -9999 -9999 -9999 -9999 -9999 -9999 -9999 -9999 -9999 -9999 -9999 -9999 -9999 -9999 -9999 -9999 -9999 -9999 -9999 -9999 -9999 -9999 -9999
15.24 13.66 11.94 12.59 13.90 14.65 15.18 14.10 13.22 13.48 11.26 10.17 11.56 14.68 15.42 14.22 13.33 13.89 11.86 12.36 14.30 -9999 -9999 -9999 -9999 -9999 -9999 -9999 -9999 -9999 -9999 -9999 -9999 -9999 -9999 17.74 -9999 -9999 -9999 -9999 -9999 -9999 -9999 -9999 -9999 -9999 -9999 -9999 -9999 -9999 -9999 -9999 -9999 -9999 -9999 -9999 -9999 -9999 -9999 -9999 -9999 -9999 -9999 -9999 -9999 -9999 -9999 -9999 -9999 -9999 -9999 -9999 -9999 -9999 -9999 -9999 -9999 -9999
15.20 13.89 12.33 12.98 13.61 13.99 14.48 13.76 13.36 13.82 11.23 10.31 10.83 13.20 16.78 17.19 13.03 12.56 11.94 13.48 16.32 -9999 -9999 -9999 -9999 -9999 -9999 -9999 -9999 -9999 -9999 -9999 -9999 -9999 -9999 -9999 -9999 -9999 -9999 -9999 -9999 -9999 -9999 -9999 -9999 -9999 -9999 -9999 -9999 -9999 -9999 -9999 -9999 -9999 -9999 -9999 -9999 -9999 -9999 -9999 -9999 -9999 -9999 -9999 -9999 -9999 -9999 -9999 -9999 -9999 -9999 -9999 -9999 -9999 -9999 -9999 -9999 -9999
13.95 14.69 13.75 13.68 13.70 14.45 14.05 13.67 13.39 12.50 12.07 11.19 10.78 13.09 15.36 15.26 13.68 12.02 12.12 14.85 15.66 -9999 -9999 -9999 -9999 -9999 -9999 -9999 -9999 -9999 -9999 -9999 -9999 -9999 -9999 -9999 -9999 -9999 -9999 -9999 -9999 -9999 -9999 -9999 -9999 -9999 -9999 -9999 -9999 -9999 -9999 -9999 -9999 -9999 -9999 -9999 -9999 -9999 -9999 -9999 -9999 -9999 -9999 -9999 -9999 -9999 -9999 -9999 -9999 -9999 -9999 -9999 -9999 -9999 -9999 -9999 -9999 -9999
13.99 15.50 15.07 14.91 14.08 14.58 14.45 16.01 15.48 14.39 13.71 13.55 12.33 12.65 13.83 13.52 12.38 12.05 12.78 14.47 15.98 -9999 -9999 -9999 -9999 -9999 -9999 -9999 -9999 -9999 -9999 -9999 -9999 -9999 -9999 -9999 -9999 -9999 -9999 -9999 -9999 -9999 -9999 -9999 -9999 -9999 -9999 -9999 -9999 -9999 -9999 -9999 -9999 -9999 -9999 -9999 -9999 -9999 -9999 -9999 -9999 -9999 -9999 -9999 -9999 -9999 -9999 -9999 -9999 -9999 -9999 -9999 -9999 -9999 -9999 -9999 -9999 -9999
13.84 14.93 15.56 15.43 16.39 17.68 17.54 16.64 16.73 16.62 16.14 14.89 14.81 13.96 13.10 12.66 12.55 13.03 13.97 15.08 16.91 -9999 -9999 -9999 -9999 -9999 -9999 -9999 -9999 -9999 -9999 -9999 -9999 -9999 -9999 -9999 -9999 -9999 -9999 -9999 -9999 -9999 -9999 -9999 -9999 -9999 -9999 -9999 -9999 -9999 -9999 -9999 -9999 -9999 -9999 -9999 -9999 -9999 -9999 -9999 -9999 -9999 -9999 -9999 -9999 -9999 -9999 -9999 -9999 -9999 -9999 -9999 -9999 -9999 -9999 -9999 -9999 -9999
14.10 16.16 17.26 -9999 -9999 -9999 -9999 -9999 -9999 -9999 -9999 -9999 16.71 16.47 14.96 13.70 12.53 13.55 14.97 15.89 -9999 -9999 -9999 -9999 -9999 -9999 -9999 -9999 -9999 -9999 -9999 -9999 -9999 -9999 -9999 -9999 -9999 -9999 -9999 -9999 -9999 -9999 -9999 -9999 -9999 -9999 -9999 -9999 -9999 -9999 -9999 -9999 -9999 -9999 -9999 -9999 -9999 -9999 -9999 -9999 -9999 -9999 -9999 -9999 -9999 -9999 -9999 -9999 -9999 -9999 -9999 -9999 -9999 -9999 -9999 -9999 -9999 -9999
16.03 17.32 18.75 -9999 -9999 -9999 -9999 -9999 -9999 -9999 -9999 -9999 -9999 -9999 -9999 15.38 14.25 14.72 15.85 -9999 -9999 -9999 -9999 -9999 -9999 -9999 -9999 -9999 -9999 -9999 -9999 -9999 -9999 -9999 -9999 -9999 -9999 -9999 -9999 -9999 -9999 -9999 -9999 -9999 -9999 -9999 -9999 -9999 -9999 -9999 -9999 -9999 -9999 -9999 -9999 -9999 -9999 -9999 -9999 -9999 -9999 -9999 -9999 -9999 -9999 -9999 -9999 -9999 -9999 -9999 -9999 -9999 -9999 -9999 -9999 -9999 -9999 -9999
17.43 -9999 -9999 -9999 -9999 -9999 -9999 -9999 -9999 -9999 -9999 -9999 -9999 -9999 -9999 17.47 17.61 18.16 18.36 -9999 -9999 -9999 -9999 -9999 -9999 -9999 -9999 -9999 -9999 -9999 -9999 -9999 -9999 -9999 -9999 -9999 -9999 -9999 -9999 -9999 -9999 -9999 -9999 -9999 -9999 -9999 -9999 -9999 -9999 -9999 -9999 -9999 -9999 -9999 -9999 -9999 -9999 -9999 -9999 -9999 -9999 -9999 -9999 -9999 -9999 -9999 -9999 -9999 -9999 -9999 -9999 -9999 -9999 -9999 -9999 -9999 -9999 -9999
-9999 -9999 -9999 -9999 -9999 -9999 -9999 -9999 -9999 -9999 -9999 -9999 -9999 -9999 -9999 -9999 -9999 -9999 -9999 -9999 -9999 -9999 -9999 -9999 -9999 -9999 -9999 -9999 -9999 -9999 -9999 -9999 -9999 -9999 -9999 -9999 -9999 -9999 -9999 -9999 -9999 -9999 -9999 -9999 -9999 -9999 -9999 -9999 -9999 -9999 -9999 -9999 -9999 -9999 -9999 -9999 -9999 -9999 -9999 -9999 -9999 -9999 -9999 -9999 -9999 -9999 -9999 -9999 -9999 -9999 -9999 -9999 -9999 -9999 -9999 -9999 -9999 -9999
-9999 -9999 -9999 -9999 -9999 -9999 -9999 -9999 -9999 -9999 -9999 -9999 -9999 -9999 -9999 -9999 -9999 -9999 -9999 -9999 -9999 -9999 -9999 -9999 -9999 -9999 -9999 -9999 -9999 -9999 -9999 -9999 -9999 -9999 -9999 -9999 -9999 -9999 -9999 -9999 -9999 -9999 -9999 -9999 -9999 -9999 -9999 -9999 -9999 -9999 -9999 -9999 -9999 -9999 -9999 -9999 -9999 -9999 -9999 -9999 -9999 -9999 -9999 -9999 -9999 -9999 -9999 -9999 -9999 -9999 -9999 -9999 -9999 -9999 -9999 -9999 -9999 -9999
