ML/MeanWindSpeed_1997-12_Actual.txt
ncols         180
nrows         290
xllcorner     -200000
yllcorner     -200000
cellsize      5000
NODATA_value  -9999
[rows 136 to 169 of 290, columns 78 to 155 of 180]
-9999 15.05 12.55 10.50 12.86 11.38 12.66 11.06 9.98 8.33 8.14 9.91 14.23 11.87 10.99 9.21 9.10 9.04 8.59 9.34 10.18 8.65 9.74 8.93 9.15 8.86 8.82 8.63 8.24 7.68 7.65 8.11 7.17 6.30 7.31 7.90 8.26 9.08 9.03 6.16 7.16 9.65 8.86 7.50 7.53 7.16 7.51 7.10 8.32 9.98 -9999 -9999 -9999 -9999 -9999 -9999 -9999 -9999 -9999 -9999 -9999 -9999 -9999 -9999 -9999 -9999 -9999 -9999 -9999 -9999 -9999 -9999 -9999 -9999 -9999 -9999 -9999 -9999
-9999 15.30 12.94 9.78 12.45 10.60 11.47 10.69 10.14 9.55 8.08 11.66 11.49 10.93 12.75 9.99 9.13 8.72 7.29 9.75 14.00 10.82 -9999 -9999 -9999 9.43 8.93 -9999 7.99 7.91 7.84 7.00 6.17 7.02 8.20 7.27 7.49 8.75 8.38 9.52 9.05 6.94 5.95 6.22 6.56 6.98 5.22 6.06 6.83 9.02 -9999 -9999 -9999 -9999 -9999 -9999 -9999 -9999 -9999 -9999 -9999 -9999 -9999 -9999 -9999 -9999 -9999 -9999 -9999 -9999 -9999 -9999 -9999 -9999 -9999 -9999 -9999 -9999
-9999 14.20 15.30 11.51 11.29 11.70 12.40 11.73 10.77 9.85 8.82 10.10 15.30 12.08 12.37 9.60 9.43 11.00 8.54 10.05 11.55 12.01 -9999 -9999 -9999 9.64 8.50 8.31 8.24 7.64 6.98 5.48 6.43 9.18 9.27 7.47 10.46 7.71 7.70 10.11 7.67 8.17 8.08 7.78 5.65 6.56 7.61 6.26 5.85 7.97 -9999 -9999 -9999 -9999 -9999 -9999 -9999 -9999 -9999 -9999 -9999 -9999 -9999 -9999 -9999 -9999 -9999 -9999 -9999 -9999 -9999 -9999 -9999 -9999 -9999 -9999 -9999 -9999
-9999 -9999 15.03 14.56 12.65 -9999 13.57 13.30 11.84 10.82 10.08 -9999 12.85 11.34 11.63 9.39 10.90 11.99 11.27 11.97 -9999 -9999 -9999 -9999 11.10 8.98 7.91 7.67 8.14 8.10 6.87 5.58 5.44 9.62 13.11 6.87 11.45 8.11 9.77 10.95 8.63 9.91 7.99 6.11 7.38 7.52 6.09 4.08 5.17 8.07 9.43 -9999 -9999 -9999 -9999 -9999 -9999 -9999 -9999 -9999 -9999 -9999 -9999 -9999 -9999 -9999 -9999 -9999 -9999 -9999 -9999 -9999 -9999 -9999 -9999 -9999 -9999 -9999
-9999 -9999 -9999 15.41 -9999 -9999 -9999 13.59 13.33 11.69 11.68 12.96 -9999 -9999 13.12 11.25 13.75 15.04 -9999 -9999 -9999 -9999 -9999 12.38 10.66 7.95 7.92 7.57 8.10 7.87 8.32 7.79 5.21 7.85 11.06 12.08 9.31 11.03 11.96 12.40 9.98 10.56 10.52 8.90 6.51 6.41 6.48 3.76 4.82 7.76 10.21 -9999 -9999 -9999 -9999 -9999 -9999 -9999 -9999 -9999 -9999 -9999 -9999 -9999 -9999 -9999 -9999 -9999 -9999 -9999 -9999 -9999 -9999 -9999 -9999 -9999 -9999 -9999
-9999 -9999 -9999 15.59 15.36 -9999 -9999 -9999 13.60 13.78 13.36 13.98 -9999 -9999 -9999 -9999 14.30 -9999 -9999 -9999 -9999 -9999 -9999 10.88 9.38 8.07 8.71 9.68 9.66 8.82 8.94 8.13 6.49 6.66 10.19 11.24 7.77 13.12 12.77 13.99 10.74 10.73 11.91 9.06 7.18 6.47 4.69 3.28 4.69 7.46 9.97 -9999 -9999 -9999 -9999 -9999 -9999 -9999 -9999 -9999 -9999 -9999 -9999 -9999 -9999 -9999 -9999 -9999 -9999 -9999 -9999 -9999 -9999 -9999 -9999 -9999 -9999 -9999
-9999 -9999 -9999 -9999 16.77 -9999 -9999 -9999 -9999 14.10 14.98 14.80 -9999 -9999 -9999 -9999 -9999 -9999 -9999 -9999 -9999 -9999 11.99 10.29 9.79 9.28 9.47 11.26 11.05 10.32 10.21 9.49 8.33 6.10 7.51 13.28 13.44 13.38 13.37 11.22 10.25 10.43 8.42 6.09 7.90 7.74 4.46 3.77 5.23 7.45 10.03 11.92 -9999 -9999 -9999 -9999 -9999 -9999 -9999 -9999 -9999 -9999 -9999 -9999 -9999 -9999 -9999 -9999 -9999 -9999 -9999 -9999 -9999 -9999 -9999 -9999 -9999 -9999
-9999 -9999 -9999 -9999 18.01 -9999 -9999 -9999 -9999 -9999 -9999 -9999 -9999 -9999 -9999 -9999 -9999 -9999 -9999 -9999 -9999 -9999 11.78 9.61 8.26 6.95 6.51 14.34 12.08 10.95 12.68 10.07 10.60 5.40 5.10 10.97 15.14 12.31 10.87 14.99 16.91 15.25 12.46 10.46 6.12 6.20 5.64 6.36 6.14 7.51 10.14 11.73 12.65 -9999 -9999 -9999 -9999 -9999 -9999 -9999 -9999 -9999 -9999 -9999 -9999 -9999 -9999 -9999 -9999 -9999 -9999 -9999 -9999 -9999 -9999 -9999 -9999 -9999
-9999 -9999 -9999 -9999 -9999 -9999 -9999 -9999 -9999 -9999 -9999 -9999 -9999 -9999 -9999 -9999 -9999 -9999 -9999 -9999 -9999 12.37 10.64 8.49 7.64 10.62 6.47 19.03 18.12 10.69 11.46 10.44 9.51 8.92 5.34 6.64 15.75 15.96 14.17 12.54 11.36 13.43 12.58 10.96 8.48 7.03 6.55 6.27 6.72 8.51 9.17 9.80 11.02 -9999 -9999 -9999 -9999 -9999 -9999 -9999 -9999 -9999 -9999 -9999 -9999 -9999 -9999 -9999 -9999 -9999 -9999 -9999 -9999 -9999 -9999 -9999 -9999 -9999
-9999 -9999 -9999 -9999 -9999 -9999 -9999 -9999 -9999 -9999 -9999 -9999 -9999 -9999 -9999 -9999 -9999 -9999 -9999 -9999 -9999 10.80 10.51 7.13 9.78 17.85 10.31 7.55 13.50 13.94 11.49 11.03 10.35 9.61 7.82 7.98 10.55 18.96 16.24 14.80 12.32 11.81 11.41 9.12 8.32 8.01 8.66 7.31 8.46 8.29 8.73 8.53 9.12 10.23 11.19 11.73 -9999 -9999 -9999 -9999 -9999 -9999 -9999 -9999 -9999 -9999 -9999 -9999 -9999 -9999 -9999 -9999 -9999 -9999 -9999 -9999 -9999 -9999
-9999 -9999 -9999 -9999 -9999 -9999 -9999 -9999 -9999 -9999 -9999 -9999 -9999 -9999 -9999 -9999 -9999 -9999 -9999 -9999 -9999 10.47 9.10 8.13 12.27 9.20 8.54 10.21 14.73 11.14 10.05 13.64 8.70 10.96 9.64 9.59 9.60 12.68 14.61 14.13 13.09 12.20 9.83 9.44 8.51 7.81 7.52 7.87 7.95 8.36 7.77 7.45 7.49 10.60 9.42 10.99 12.51 13.00 -9999 -9999 -9999 -9999 -9999 -9999 -9999 -9999 -9999 -9999 -9999 -9999 -9999 -9999 -9999 -9999 -9999 -9999 -9999 -9999
-9999 -9999 -9999 -9999 -9999 -9999 -9999 -9999 -9999 -9999 -9999 -9999 -9999 -9999 -9999 -9999 -9999 -9999 -9999 -9999 -9999 10.48 8.65 9.19 14.87 16.65 12.29 8.69 10.26 11.01 13.95 9.64 13.01 11.17 10.42 11.23 10.69 8.84 9.52 13.62 12.90 11.83 10.80 9.62 8.93 8.81 8.61 8.05 8.24 7.96 7.31 7.41 7.10 8.00 10.78 10.62 11.37 13.37 13.97 12.81 -9999 -9999 -9999 -9999 -9999 -9999 -9999 -9999 -9999 -9999 -9999 -9999 -9999 -9999 -9999 -9999 -9999 -9999
-9999 -9999 -9999 -9999 -9999 -9999 -9999 -9999 -9999 -9999 -9999 -9999 -9999 -9999 -9999 -9999 -9999 -9999 -9999 -9999 -9999 11.48 8.98 10.24 11.52 7.85 20.35 17.02 9.89 12.01 9.85 14.21 14.96 11.07 9.55 10.26 10.01 7.83 15.24 13.84 13.31 13.78 13.95 12.93 9.54 10.56 9.17 8.64 8.46 8.15 7.81 7.22 6.25 7.15 9.98 9.32 9.35 10.41 12.26 11.42 14.77 -9999 -9999 -9999 -9999 -9999 -9999 -9999 -9999 -9999 -9999 -9999 -9999 -9999 -9999 -9999 -9999 -9999
-9999 -9999 -9999 -9999 -9999 -9999 -9999 -9999 -9999 14.05 14.40 15.25 -9999 -9999 -9999 -9999 -9999 -9999 -9999 -9999 -9999 -9999 11.28 9.18 7.24 9.68 12.81 16.30 10.16 7.44 12.51 12.17 11.00 9.39 11.08 10.87 8.89 9.58 12.33 12.78 16.39 15.03 12.65 11.99 12.53 10.89 9.48 8.89 8.39 8.09 7.14 6.38 10.36 9.58 13.05 14.00 13.22 12.14 9.72 12.98 14.13 13.71 -9999 -9999 -9999 -9999 -9999 -9999 -9999 -9999 -9999 -9999 -9999 -9999 -9999 -9999 -9999 -9999
-9999 -9999 -9999 -9999 -9999 -9999 -9999 -9999 -9999 12.19 12.33 -9999 -9999 -9999 -9999 -9999 -9999 -9999 -9999 -9999 -9999 -9999 -9999 9.39 6.32 10.42 11.83 19.79 11.65 11.86 11.39 9.20 7.95 7.91 7.40 15.02 8.75 9.85 15.00 12.62 9.92 9.33 13.73 9.86 12.70 10.67 9.33 8.57 8.18 7.24 7.37 9.58 10.61 10.06 9.99 9.86 11.34 12.37 12.02 12.63 12.92 15.54 -9999 -9999 -9999 -9999 -9999 -9999 -9999 -9999 -9999 -9999 -9999 -9999 -9999 -9999 -9999 -9999
-9999 -9999 -9999 -9999 -9999 -9999 -9999 -9999 11.28 13.84 13.91 14.09 -9999 -9999 -9999 -9999 -9999 -9999 -9999 -9999 -9999 -9999 -9999 9.73 11.11 11.68 12.79 10.84 12.19 10.36 9.97 8.83 8.12 9.62 7.73 6.16 14.89 10.79 10.12 13.68 11.81 14.68 11.72 12.07 10.63 10.16 9.44 9.11 8.06 7.02 8.05 9.61 8.96 10.20 11.49 11.24 11.89 11.61 12.04 12.62 11.45 14.75 14.09 -9999 -9999 -9999 -9999 -9999 -9999 -9999 -9999 -9999 -9999 -9999 -9999 -9999 -9999 -9999
-9999 -9999 -9999 -9999 -9999 -9999 -9999 10.18 13.54 15.44 19.48 14.18 -9999 -9999 -9999 -9999 -9999 -9999 -9999 -9999 -9999 -9999 -9999 11.53 15.58 12.29 8.60 10.34 9.73 10.55 8.82 7.81 8.47 9.28 6.80 12.67 9.81 13.33 10.51 15.24 9.84 11.17 9.28 11.49 9.94 10.18 10.09 8.74 8.36 7.22 7.17 10.64 11.40 11.30 10.42 10.74 10.55 10.50 10.91 12.81 12.96 12.70 13.81 -9999 -9999 -9999 -9999 -9999 -9999 -9999 -9999 -9999 -9999 -9999 -9999 -9999 -9999 -9999
-9999 -9999 -9999 -9999 -9999 -9999 13.05 11.24 17.53 15.21 15.43 -9999 -9999 -9999 -9999 -9999 -9999 -9999 -9999 -9999 -9999 -9999 -9999 -9999 12.05 9.43 8.73 11.05 8.77 11.24 9.31 8.38 7.81 7.77 6.11 12.27 12.15 13.33 12.66 13.63 13.62 13.48 12.22 11.86 12.10 11.49 9.40 8.90 8.58 7.75 7.28 8.33 13.20 12.17 9.80 9.37 9.57 9.34 9.58 9.86 10.04 9.74 10.91 12.85 14.06 -9999 -9999 -9999 -9999 -9999 -9999 -9999 -9999 -9999 -9999 -9999 -9999 -9999
-9999 -9999 -9999 -9999 -9999 -9999 15.79 16.83 13.27 14.19 15.01 -9999 -9999 -9999 -9999 -9999 -9999 -9999 -9999 -9999 -9999 -9999 -9999 -9999 -9999 10.42 10.55 9.90 9.18 10.81 10.08 9.79 8.90 8.72 6.11 12.35 11.38 10.35 12.76 11.38 10.46 14.83 14.76 11.34 13.18 11.96 11.23 9.18 8.64 8.26 7.75 8.00 9.28 9.86 9.26 9.27 9.26 9.28 9.00 8.98 8.94 9.00 11.86 12.50 12.64 -9999 -9999 -9999 -9999 -9999 -9999 -9999 -9999 -9999 -9999 -9999 -9999 -9999
-9999 -9999 -9999 -9999 -9999 -9999 17.09 15.58 16.33 15.67 -9999 -9999 -9999 -9999 -9999 -9999 -9999 -9999 -9999 -9999 -9999 -9999 -9999 -9999 -9999 11.82 11.48 10.90 -9999 11.36 -9999 10.37 9.07 7.81 6.30 6.77 11.81 10.66 11.43 14.84 7.68 9.03 14.83 12.91 12.44 12.22 10.92 9.46 9.01 8.85 8.29 8.21 8.59 9.55 10.54 9.46 9.98 8.80 8.01 9.09 10.30 9.90 9.28 9.40 11.57 14.06 15.25 -9999 -9999 -9999 -9999 -9999 -9999 -9999 -9999 -9999 -9999 -9999
-9999 -9999 -9999 -9999 -9999 17.64 16.51 16.06 -9999 -9999 -9999 -9999 -9999 -9999 -9999 -9999 -9999 -9999 -9999 -9999 -9999 -9999 -9999 -9999 -9999 13.39 12.22 11.25 -9999 -9999 -9999 10.00 10.09 6.65 7.47 9.08 7.64 7.07 9.27 13.75 13.27 8.08 12.70 14.44 11.64 12.92 11.70 10.41 8.58 8.72 8.44 8.42 8.60 8.92 9.24 9.12 9.28 7.81 8.39 9.60 10.52 10.93 10.76 9.89 10.17 11.95 13.90 -9999 -9999 -9999 -9999 -9999 -9999 -9999 -9999 -9999 -9999 -9999
-9999 -9999 -9999 -9999 -9999 -9999 -9999 -9999 -9999 -9999 -9999 -9999 -9999 -9999 -9999 -9999 -9999 -9999 -9999 -9999 -9999 -9999 -9999 -9999 -9999 -9999 -9999 -9999 -9999 -9999 10.93 8.32 7.53 8.95 10.03 11.19 11.13 9.31 10.02 13.04 12.55 10.33 8.52 12.07 13.47 11.92 10.90 9.92 9.10 8.94 9.10 8.62 8.55 8.71 8.70 8.38 7.54 8.43 11.23 9.82 10.59 9.88 9.95 9.08 10.15 11.72 -9999 -9999 -9999 -9999 -9999 -9999 -9999 -9999 -9999 -9999 -9999 -9999
-9999 -9999 -9999 -9999 -9999 -9999 -9999 -9999 -9999 -9999 -9999 -9999 -9999 -9999 -9999 -9999 -9999 -9999 -9999 -9999 -9999 -9999 -9999 -9999 -9999 -9999 -9999 -9999 -9999 -9999 10.03 7.65 8.37 11.01 13.98 13.05 10.20 11.28 8.93 9.44 8.65 10.22 10.71 11.93 12.25 11.89 10.69 10.13 9.64 8.96 9.17 8.63 8.62 8.71 8.77 8.40 7.40 8.00 12.11 11.47 9.74 9.33 9.07 8.81 9.95 11.84 -9999 -9999 -9999 -9999 -9999 -9999 -9999 -9999 -9999 -9999 -9999 -9999
-9999 -9999 -9999 -9999 -9999 -9999 -9999 -9999 -9999 -9999 -9999 -9999 -9999 -9999 -9999 -9999 -9999 -9999 -9999 -9999 -9999 -9999 -9999 -9999 -9999 -9999 -9999 -9999 -9999 -9999 9.11 7.04 7.33 10.70 12.10 11.80 10.96 10.33 9.49 10.05 8.66 8.54 9.25 7.96 12.10 10.62 11.66 10.43 10.10 8.92 8.73 8.85 8.80 8.86 8.80 8.61 7.98 7.75 10.02 10.94 9.95 9.20 9.07 8.77 9.64 11.22 -9999 -9999 -9999 -9999 -9999 -9999 -9999 -9999 -9999 -9999 -9999 -9999
-9999 -9999 -9999 -9999 -9999 -9999 -9999 -9999 -9999 -9999 -9999 -9999 -9999 -9999 -9999 -9999 -9999 -9999 -9999 -9999 -9999 -9999 -9999 -9999 -9999 -9999 -9999 -9999 12.83 10.71 8.23 6.70 9.56 11.91 14.85 11.65 12.92 8.03 8.97 8.94 9.94 10.53 10.22 12.27 9.05 9.31 9.33 9.27 8.85 9.68 8.84 8.83 9.15 8.88 8.85 8.87 8.41 8.15 8.58 10.40 9.78 9.02 8.84 8.77 9.07 10.26 11.99 -9999 -9999 -9999 -9999 -9999 -9999 -9999 -9999 -9999 -9999 -9999
-9999 -9999 -9999 -9999 -9999 -9999 -9999 -9999 -9999 -9999 -9999 -9999 -9999 -9999 -9999 -9999 -9999 -9999 -9999 -9999 -9999 -9999 -9999 -9999 -9999 -9999 -9999 -9999 11.89 9.66 8.23 7.44 8.08 11.43 9.54 8.96 7.08 8.69 11.45 8.99 10.71 10.16 11.38 8.27 12.11 10.00 11.14 10.74 10.75 9.65 9.29 8.99 8.87 8.85 8.93 8.89 8.73 8.31 8.15 8.85 10.03 9.36 8.83 8.84 8.64 9.24 11.09 -9999 -9999 -9999 -9999 -9999 -9999 -9999 -9999 -9999 -9999 -9999
-9999 -9999 -9999 -9999 -9999 -9999 -9999 -9999 -9999 -9999 -9999 -9999 -9999 -9999 -9999 -9999 -9999 -9999 -9999 -9999 -9999 -9999 -9999 -9999 -9999 -9999 -9999 -9999 11.82 9.49 8.60 8.09 8.52 9.45 9.71 8.33 7.32 8.68 8.69 7.96 9.97 12.51 10.30 9.94 8.66 10.37 8.70 9.29 9.98 10.40 9.61 9.33 8.87 8.84 8.96 8.96 8.83 8.53 8.06 8.34 9.67 10.34 9.24 8.75 8.52 8.47 9.79 11.66 -9999 -9999 -9999 -9999 -9999 -9999 -9999 -9999 -9999 -9999
-9999 -9999 -9999 -9999 -9999 -9999 -9999 -9999 -9999 -9999 -9999 -9999 -9999 -9999 -9999 -9999 -9999 -9999 -9999 -9999 -9999 -9999 -9999 -9999 -9999 -9999 -9999 -9999 11.53 9.65 9.02 8.89 8.66 8.49 8.25 8.74 9.53 7.18 6.97 7.94 12.34 12.54 13.59 12.29 10.41 10.19 10.66 9.25 8.66 9.80 10.26 9.28 8.88 8.92 8.84 8.93 8.98 8.92 8.47 8.42 10.21 11.39 10.17 9.57 9.22 8.58 8.79 10.43 12.25 -9999 -9999 -9999 -9999 -9999 -9999 -9999 -9999 -9999
-9999 -9999 -9999 -9999 -9999 -9999 -9999 -9999 -9999 -9999 -9999 -9999 -9999 -9999 -9999 -9999 -9999 -9999 -9999 -9999 -9999 -9999 -9999 -9999 -9999 -9999 -9999 -9999 11.59 9.54 8.96 8.62 8.10 7.52 7.97 7.39 8.26 8.85 10.60 12.08 13.21 10.83 12.50 11.09 10.86 9.46 10.78 10.24 9.46 8.91 8.82 8.99 8.79 8.88 8.96 9.10 9.14 9.27 9.24 9.22 9.84 10.88 10.48 9.90 9.75 9.49 9.09 9.27 11.15 -9999 -9999 -9999 -9999 -9999 -9999 -9999 -9999 -9999
-9999 -9999 -9999 -9999 -9999 -9999 -9999 -9999 -9999 -9999 -9999 -9999 -9999 -9999 -9999 -9999 -9999 -9999 -9999 -9999 -9999 -9999 -9999 -9999 -9999 -9999 -9999 -9999 -9999 9.58 9.02 8.37 7.38 7.55 9.22 9.34 10.01 8.85 8.82 11.04 11.20 12.73 11.98 10.08 8.53 9.01 8.91 10.07 9.21 8.96 9.57 9.30 8.72 8.96 8.95 9.13 9.13 9.24 9.48 9.67 9.94 9.92 10.00 10.10 10.23 -9999 9.95 10.32 11.43 13.42 -9999 -9999 -9999 -9999 -9999 -9999 -9999 -9999
-9999 -9999 -9999 -9999 -9999 -9999 -9999 -9999 -9999 -9999 -9999 -9999 -9999 -9999 -9999 -9999 -9999 -9999 -9999 -9999 -9999 -9999 -9999 -9999 -9999 -9999 -9999 -9999 11.30 9.44 8.78 7.88 6.87 6.78 10.80 11.62 9.73 12.34 12.07 10.09 9.85 13.86 12.23 12.50 9.90 8.23 10.13 8.86 8.26 8.92 9.15 8.84 8.97 8.78 8.83 8.93 9.13 9.01 9.08 10.48 9.80 9.26 10.48 9.72 9.97 10.02 -9999 11.34 12.36 13.99 15.29 -9999 -9999 -9999 -9999 -9999 -9999 -9999
-9999 -9999 -9999 -9999 -9999 -9999 -9999 -9999 -9999 -9999 -9999 -9999 -9999 -9999 -9999 -9999 -9999 -9999 -9999 -9999 -9999 -9999 -9999 -9999 -9999 -9999 -9999 -9999 10.85 9.00 8.44 7.80 8.82 7.90 9.42 12.46 9.66 10.02 10.25 8.13 7.87 11.56 11.21 11.06 8.10 9.96 10.95 8.91 9.81 9.08 9.65 9.46 9.04 8.68 8.71 8.80 8.87 8.70 8.61 8.88 9.22 8.35 8.67 9.29 8.89 9.87 10.54 -9999 -9999 -9999 -9999 -9999 -9999 -9999 -9999 -9999 -9999 -9999
-9999 -9999 -9999 -9999 -9999 -9999 -9999 -9999 -9999 -9999 -9999 -9999 -9999 -9999 -9999 -9999 -9999 -9999 -9999 -9999 -9999 -9999 -9999 -9999 -9999 -9999 -9999 12.76 9.98 8.53 9.08 8.70 8.77 8.47 9.81 10.33 9.75 9.37 8.74 8.19 8.03 10.46 12.99 13.00 9.03 11.59 11.21 9.09 9.37 8.50 9.15 9.48 8.88 8.49 8.79 8.79 8.76 8.83 8.59 8.81 8.93 8.65 8.47 9.77 9.24 9.26 9.81 11.28 12.88 -9999 -9999 -9999 -9999 -9999 -9999 -9999 -9999 -9999
-9999 -9999 -9999 -9999 -9999 -9999 -9999 -9999 -9999 -9999 -9999 -9999 -9999 -9999 -9999 -9999 -9999 -9999 -9999 -9999 -9999 -9999 -9999 -9999 -9999 -9999 -9999 -9999 10.08 8.57 8.39 8.89 10.73 8.91 8.91 9.05 9.37 9.50 8.76 8.09 7.36 7.50 11.14 12.30 13.33 11.16 11.68 10.83 9.89 10.16 8.27 8.46 9.27 8.53 8.62 8.57 8.60 8.84 8.65 8.74 9.08 8.65 8.14 8.32 10.54 9.59 9.30 9.91 11.12 12.64 14.33 -9999 -9999 -9999 -9999 -9999 -9999 -9999
