ML/MeanWindSpeed_1991-02_Actual.txt
ncols         180
nrows         290
xllcorner     -200000
yllcorner     -200000
cellsize      5000
NODATA_value  -9999
[rows 175 to 209 of 290, columns 78 to 155 of 180]
-9999 -9999 -9999 -9999 -9999 -9999 -9999 -9999 9.06 8.08 7.06 6.61 6.44 4.49 3.99 10.20 15.28 6.14 9.19 9.95 9.79 8.10 5.29 5.24 7.66 9.79 7.91 6.08 6.34 7.05 6.50 6.74 7.92 7.28 6.86 6.42 6.47 6.40 5.96 5.54 5.64 10.36 11.67 10.28 10.73 8.79 8.36 9.94 9.86 7.85 7.45 8.59 8.05 7.47 7.90 7.58 8.49 7.95 7.83 7.67 7.71 8.96 8.11 7.86 7.88 7.72 8.25 8.87 9.05 9.33 9.65 8.76 10.51 12.62 -9999 -9999 -9999 -9999
-9999 -9999 -9999 -9999 -9999 -9999 -9999 -9999 -9999 10.02 7.56 5.92 4.10 2.58 4.96 17.56 11.54 3.99 9.27 6.68 10.04 10.06 6.47 4.41 9.97 8.52 9.00 7.63 6.26 6.24 6.14 5.69 6.94 7.41 7.09 6.70 6.34 6.43 6.03 5.52 7.02 8.65 12.20 10.63 11.53 10.48 6.92 9.14 10.65 7.89 7.86 8.57 7.98 7.73 7.77 7.67 8.58 7.84 7.66 7.80 7.63 8.50 8.44 8.01 7.92 7.83 8.04 8.74 9.86 9.08 8.57 8.62 10.12 12.29 -9999 -9999 -9999 -9999
-9999 -9999 -9999 -9999 -9999 -9999 -9999 -9999 -9999 -9999 7.76 5.02 4.22 5.11 14.12 17.72 11.83 7.22 7.09 8.42 10.34 11.14 10.33 6.24 5.85 10.83 8.88 7.90 7.09 6.19 5.99 6.20 6.66 7.07 6.68 6.26 6.41 6.33 6.15 6.33 7.15 9.45 10.83 9.06 9.45 10.64 8.79 6.98 10.47 7.94 7.87 8.52 7.93 7.79 7.65 8.07 8.57 7.90 7.73 7.68 7.41 8.91 8.51 8.13 8.08 8.07 8.45 8.58 8.78 8.56 8.51 8.80 10.55 12.52 -9999 -9999 -9999 -9999
-9999 -9999 -9999 -9999 -9999 -9999 -9999 -9999 -9999 -9999 7.19 5.22 6.41 8.38 11.32 15.78 9.08 4.89 6.66 9.31 10.12 11.58 10.20 6.68 4.79 10.87 10.88 8.70 7.72 6.06 5.74 6.21 7.31 7.12 6.76 6.48 6.04 5.79 6.28 8.00 8.00 7.01 11.26 9.09 9.46 10.82 10.56 8.95 8.38 7.60 6.66 8.03 8.67 7.82 7.73 7.56 7.99 7.67 7.94 7.68 7.59 8.27 8.84 8.47 8.50 8.38 8.50 8.53 8.45 8.43 8.92 9.97 11.60 -9999 -9999 -9999 -9999 -9999
-9999 -9999 -9999 -9999 -9999 -9999 -9999 -9999 -9999 -9999 6.21 5.56 6.77 6.99 11.71 11.23 7.89 7.72 5.98 7.62 10.44 9.90 11.83 8.75 5.41 9.81 11.15 10.54 7.64 6.43 5.54 6.45 7.68 7.53 6.79 6.29 5.97 6.28 7.55 8.03 6.88 6.84 9.70 9.49 9.15 9.19 8.68 8.81 9.46 6.69 7.40 7.81 7.62 7.96 7.63 8.25 7.49 7.59 7.77 7.64 7.93 9.75 9.15 8.63 8.48 8.51 8.52 8.50 8.48 8.69 9.87 11.41 -9999 -9999 -9999 -9999 -9999 -9999
-9999 -9999 -9999 -9999 -9999 -9999 -9999 -9999 -9999 7.86 12.98 7.31 8.51 9.73 6.52 14.43 11.93 10.25 9.01 11.52 9.53 10.50 9.14 7.22 7.93 11.77 11.23 10.51 7.61 6.25 5.48 6.91 7.36 7.04 6.68 6.07 6.17 7.51 7.30 7.07 8.04 8.72 7.40 11.09 10.21 8.03 8.72 8.14 7.52 7.36 6.77 6.92 7.19 8.08 7.66 7.12 8.18 7.51 7.61 7.78 8.32 9.85 9.16 8.64 8.57 8.42 8.49 8.36 8.40 9.48 11.00 -9999 -9999 -9999 -9999 -9999 -9999 -9999
-9999 -9999 -9999 -9999 -9999 -9999 -9999 9.65 8.69 11.35 9.63 8.13 8.99 9.64 5.95 6.69 8.17 11.01 10.59 11.97 11.34 11.49 6.67 8.67 8.66 7.29 8.55 7.87 7.78 6.59 5.86 6.78 7.25 7.11 6.41 6.44 7.61 7.26 7.65 6.98 8.39 9.00 8.96 8.21 7.43 8.66 8.41 7.93 7.76 7.62 7.46 6.58 7.45 7.37 6.86 6.98 7.22 7.42 7.68 7.64 8.38 9.75 9.09 8.46 8.44 8.24 8.27 8.23 8.77 10.10 -9999 -9999 -9999 -9999 -9999 12.42 11.95 11.40
-9999 -9999 -9999 -9999 -9999 -9999 10.29 9.70 9.53 9.91 9.86 9.98 8.91 6.58 5.42 6.48 7.71 10.23 16.04 9.61 7.97 7.12 4.50 9.92 11.41 11.50 9.38 7.93 7.63 7.05 6.54 6.85 7.42 6.94 6.51 6.62 7.53 8.07 6.94 6.84 8.51 8.77 8.48 8.10 8.13 8.27 7.44 7.82 6.98 7.00 7.57 7.13 6.77 6.43 6.75 7.34 7.05 7.20 7.43 7.62 8.22 9.81 9.26 8.45 8.15 8.03 8.11 8.20 8.74 9.84 -9999 -9999 -9999 -9999 -9999 10.93 10.07 9.65
-9999 -9999 -9999 -9999 -9999 10.92 11.27 10.53 10.57 -9999 -9999 -9999 -9999 6.48 11.02 8.90 8.77 11.53 9.96 7.75 9.68 8.55 7.24 15.23 13.58 11.58 12.08 9.08 6.95 7.11 7.05 6.64 6.81 6.65 6.24 6.85 6.91 8.25 7.20 7.01 7.61 8.18 8.36 8.19 7.39 7.44 7.38 7.34 7.06 6.88 6.67 6.49 6.32 6.58 7.18 6.93 6.69 7.24 7.80 8.04 8.28 9.17 9.02 8.71 7.96 7.90 7.95 7.99 8.29 9.17 10.72 -9999 -9999 -9999 -9999 9.82 8.96 8.80
-9999 -9999 -9999 -9999 -9999 12.40 13.40 10.91 11.46 -9999 -9999 -9999 -9999 6.41 9.19 10.33 6.42 10.72 9.91 8.71 11.30 12.92 10.56 14.46 9.18 10.01 9.92 8.43 6.98 6.80 6.90 6.67 6.90 7.28 6.40 6.98 7.12 7.50 8.01 7.19 7.50 7.08 7.72 8.32 8.65 8.59 7.26 6.85 6.81 6.77 7.12 6.53 6.50 6.86 7.11 7.50 6.84 8.37 8.56 8.90 8.41 8.85 8.78 8.49 7.78 7.86 7.90 7.87 7.96 8.20 9.21 10.16 -9999 -9999 10.29 9.48 8.90 9.11
-9999 -9999 -9999 -9999 -9999 -9999 -9999 -9999 -9999 -9999 -9999 -9999 -9999 7.59 11.79 9.94 6.26 8.20 6.87 12.15 12.13 8.81 12.01 11.99 10.58 10.90 9.01 7.78 6.66 7.15 6.83 7.04 6.85 6.52 6.51 6.54 6.67 7.10 7.67 7.11 7.04 7.41 7.69 7.33 8.00 8.06 6.38 7.45 8.33 7.43 7.53 7.16 6.19 6.83 7.65 8.35 8.07 7.76 8.29 9.02 8.70 9.02 8.71 8.42 7.63 7.75 7.85 7.88 7.85 7.66 7.96 8.63 9.49 9.76 9.22 8.93 8.18 9.01
-9999 -9999 -9999 -9999 -9999 -9999 -9999 -9999 -9999 -9999 -9999 -9999 -9999 -9999 11.94 5.10 4.65 7.94 11.51 10.87 12.96 12.57 9.32 10.30 11.31 8.35 7.83 6.91 6.54 6.46 6.80 6.83 6.83 6.58 6.37 6.33 6.71 6.75 7.39 7.05 6.75 8.75 8.35 7.34 7.19 6.99 6.87 6.73 7.65 7.84 7.61 8.57 7.04 6.79 7.43 7.13 7.50 7.75 7.80 8.94 9.00 8.73 8.28 8.34 7.60 7.68 7.75 7.76 7.80 7.84 7.90 7.92 8.30 8.50 8.47 8.23 8.21 9.12
-9999 -9999 -9999 -9999 -9999 -9999 -9999 -9999 -9999 -9999 -9999 -9999 -9999 -9999 7.80 11.17 11.62 9.95 8.86 8.78 11.34 9.81 9.83 8.33 7.83 9.17 6.79 6.53 7.88 7.39 7.14 6.74 6.10 5.95 6.50 6.48 7.48 7.54 7.46 6.89 6.46 8.36 9.28 8.18 7.26 6.81 6.94 6.93 6.89 7.11 7.95 9.95 8.72 7.07 6.75 7.03 7.95 8.91 9.02 8.76 9.24 8.84 8.32 7.90 7.58 7.65 7.68 7.83 7.88 7.93 8.01 8.06 8.14 8.22 8.42 8.29 8.01 8.78
-9999 -9999 -9999 -9999 -9999 -9999 -9999 -9999 -9999 -9999 -9999 -9999 -9999 9.43 8.93 7.02 13.86 9.10 7.39 9.76 9.95 8.98 11.36 8.37 7.91 9.36 6.02 11.15 8.58 7.02 7.18 7.97 6.36 5.91 8.42 8.33 7.62 6.76 7.25 7.12 6.85 7.68 8.36 8.09 7.43 7.04 6.90 7.04 7.35 7.19 8.39 8.46 7.84 7.14 6.77 7.29 8.19 9.15 9.27 8.54 8.71 8.56 8.21 7.83 7.59 7.58 7.70 7.85 7.93 7.94 8.02 8.09 7.98 8.05 8.56 8.46 8.12 8.41
-9999 -9999 -9999 -9999 -9999 -9999 -9999 -9999 -9999 -9999 -9999 -9999 -9999 8.49 9.35 14.06 9.17 5.40 6.96 7.05 8.88 11.28 10.99 8.73 8.42 8.09 6.28 6.78 7.61 8.89 8.74 7.01 6.81 6.71 7.39 8.02 6.84 6.65 7.28 7.18 7.65 8.16 7.94 8.09 7.69 7.22 7.09 7.06 7.12 7.28 8.22 8.60 7.91 6.75 6.89 7.95 9.12 8.74 9.38 9.28 8.69 8.09 8.52 7.76 7.88 7.66 7.75 7.76 7.87 7.94 7.92 7.93 7.90 7.93 8.68 8.47 8.02 8.16
-9999 -9999 -9999 -9999 -9999 -9999 -9999 -9999 -9999 -9999 -9999 -9999 -9999 10.10 11.57 5.94 7.11 5.99 7.14 7.45 11.94 10.61 12.04 9.61 8.74 6.97 5.42 5.91 8.56 10.40 11.47 7.23 8.42 7.60 8.18 8.00 6.45 6.56 6.92 7.26 7.76 7.47 7.70 8.78 8.05 7.09 7.12 8.19 7.01 7.45 7.96 7.89 7.31 6.88 7.39 7.99 8.46 8.71 8.69 8.02 7.92 8.26 8.34 7.45 7.44 7.63 7.69 7.77 7.75 7.69 7.77 7.81 7.83 7.91 8.18 8.03 8.09 7.99
-9999 -9999 -9999 -9999 -9999 -9999 -9999 -9999 -9999 -9999 -9999 -9999 -9999 -9999 6.30 7.09 8.48 10.47 11.64 10.20 10.86 9.48 7.35 7.06 6.31 6.98 6.84 6.01 7.18 8.01 10.80 8.54 7.47 7.57 9.06 8.54 6.56 7.25 6.47 6.76 8.93 7.69 7.63 7.60 7.70 6.82 6.86 8.38 7.83 7.33 7.88 7.53 7.22 7.43 8.25 8.06 8.08 7.77 8.24 7.53 8.47 8.42 7.55 7.40 7.88 7.78 7.55 7.59 7.53 7.56 7.65 7.70 7.75 7.75 7.76 7.77 7.89 7.86
-9999 -9999 -9999 -9999 -9999 -9999 -9999 -9999 -9999 -9999 -9999 -9999 -9999 -9999 7.12 7.37 8.35 10.80 13.86 13.01 9.85 7.40 6.16 7.25 8.85 10.51 12.04 9.30 7.62 8.35 9.34 8.23 6.43 9.56 9.11 8.62 7.26 7.92 6.81 6.55 7.46 8.82 8.50 7.92 7.40 6.79 7.00 8.03 7.75 7.39 7.49 7.77 7.87 8.09 8.65 8.10 7.78 8.71 8.73 8.59 8.39 8.47 7.60 7.93 8.39 7.58 7.46 7.48 7.46 7.54 7.56 7.58 7.62 7.62 7.63 7.52 7.37 7.26
-9999 -9999 -9999 -9999 -9999 -9999 -9999 -9999 -9999 -9999 -9999 -9999 -9999 8.77 6.25 6.63 9.11 10.91 10.87 10.52 8.05 8.38 12.19 9.75 10.03 10.26 8.79 8.10 8.80 9.33 7.99 6.74 7.23 9.26 9.32 8.58 7.27 8.12 6.47 6.40 7.98 7.74 8.13 8.19 7.54 6.97 7.14 8.08 7.90 7.18 7.46 7.46 7.37 8.08 7.91 8.78 8.20 8.82 8.28 8.55 8.69 7.90 7.69 8.46 8.37 7.48 7.39 7.65 7.46 7.57 7.57 7.65 7.59 7.50 7.42 7.16 7.36 7.61
-9999 -9999 -9999 -9999 -9999 -9999 -9999 -9999 -9999 -9999 -9999 -9999 -9999 10.72 8.13 6.64 6.66 9.24 12.87 12.07 10.22 8.49 9.25 10.56 11.79 12.10 8.89 10.65 11.41 8.06 9.90 6.15 6.77 8.90 10.59 7.77 8.11 6.94 5.97 6.07 7.00 9.60 8.38 8.32 7.86 7.50 7.63 7.94 7.65 7.17 7.35 7.29 7.20 7.20 8.39 8.80 8.74 9.36 8.61 8.27 8.30 7.97 8.31 8.73 8.44 7.87 8.06 7.87 8.06 7.69 7.67 7.84 7.77 7.47 7.23 6.95 6.88 7.55
-9999 -9999 -9999 -9999 -9999 -9999 -9999 -9999 -9999 -9999 -9999 -9999 -9999 9.20 7.57 4.37 5.64 8.79 12.93 11.42 11.22 8.90 10.61 10.10 9.09 10.02 10.45 10.22 8.77 7.54 8.11 10.02 7.21 7.72 7.83 7.90 9.05 7.64 6.18 6.20 7.05 7.67 7.66 8.44 8.04 7.77 7.98 7.44 6.94 7.35 7.54 7.63 7.17 7.72 8.92 8.90 8.17 8.46 9.24 8.43 8.73 8.02 8.84 9.04 8.33 8.08 8.16 7.64 7.77 7.63 7.61 7.64 7.44 7.29 7.17 6.97 7.18 6.77
-9999 -9999 -9999 -9999 -9999 -9999 -9999 -9999 -9999 -9999 -9999 -9999 8.49 9.04 9.98 7.12 5.54 9.37 11.20 13.21 12.84 8.34 8.61 7.57 8.97 10.67 9.03 8.86 10.33 8.84 8.28 7.86 7.16 6.91 7.17 7.91 7.88 7.41 6.98 6.47 6.53 7.37 7.78 7.27 7.66 7.52 8.05 7.33 7.22 7.32 6.95 6.90 7.29 8.33 8.42 8.49 7.90 8.72 8.94 8.61 8.02 8.77 8.91 9.06 9.08 8.56 8.13 7.91 7.67 7.65 7.61 7.42 7.22 7.01 6.87 6.91 7.17 7.12
-9999 -9999 -9999 -9999 -9999 -9999 -9999 -9999 -9999 -9999 -9999 9.65 9.15 9.51 7.34 5.46 8.10 11.20 12.37 11.06 12.52 8.91 9.66 7.90 7.89 13.75 9.77 10.22 8.45 8.51 7.28 6.85 7.03 8.11 7.49 9.17 7.85 7.93 6.61 6.39 6.56 7.07 7.55 7.20 7.35 7.69 7.80 6.66 7.11 7.03 7.12 7.30 7.78 8.44 8.00 8.63 8.19 8.51 7.94 7.84 8.86 9.23 8.90 9.10 8.87 8.00 8.24 8.17 8.03 7.83 7.45 7.13 6.76 6.83 6.78 7.26 7.47 7.66
-9999 -9999 -9999 -9999 -9999 -9999 -9999 -9999 -9999 10.96 9.45 8.19 6.68 6.24 6.10 6.16 9.05 10.68 12.63 14.18 12.51 10.13 6.70 8.62 8.48 12.34 9.95 9.08 9.07 7.81 7.39 6.18 6.91 8.67 8.39 8.71 7.13 7.13 6.68 6.66 7.14 7.04 7.53 6.94 7.12 7.40 6.75 6.52 6.81 7.51 7.29 8.01 8.80 8.57 8.21 7.81 7.58 8.27 8.76 8.56 8.95 8.26 8.94 9.07 8.41 7.63 7.59 8.25 8.03 7.92 7.12 6.72 6.37 6.56 7.41 7.70 7.51 8.19
-9999 -9999 -9999 -9999 -9999 11.34 9.92 8.26 10.50 10.29 10.31 10.25 8.07 7.07 6.12 10.31 9.31 11.60 12.54 12.49 9.84 8.33 6.12 7.16 7.45 13.53 12.19 10.08 8.01 8.12 7.49 8.59 6.37 8.11 8.63 8.41 7.90 7.03 6.41 7.18 6.79 6.54 7.69 6.87 6.88 6.56 6.70 6.95 7.51 6.98 7.66 7.40 7.97 8.86 8.72 8.45 8.17 8.64 8.73 8.51 8.40 9.11 8.33 8.24 7.93 7.47 8.01 8.21 8.18 7.46 6.78 6.59 6.59 7.53 7.73 7.42 8.05 7.40
-9999 -9999 -9999 -9999 12.01 9.63 9.52 8.38 7.74 9.25 8.98 9.33 7.46 6.04 8.72 9.79 10.53 8.13 13.05 9.84 7.68 11.56 8.61 5.94 12.33 11.29 10.62 7.14 6.66 7.12 9.77 7.23 6.76 6.89 7.10 8.48 8.36 8.05 6.77 6.92 6.50 6.56 7.34 6.96 6.69 6.63 6.74 7.13 7.18 8.89 7.36 7.21 7.80 8.56 8.09 8.03 7.70 7.94 8.38 8.28 9.02 8.55 8.06 8.09 8.11 7.54 7.76 7.80 7.30 6.96 6.67 6.56 6.62 7.15 7.96 7.97 8.05 7.70
-9999 -9999 -9999 11.85 11.05 8.07 7.41 7.41 8.32 7.99 8.30 7.42 7.93 11.43 9.00 8.36 11.26 6.54 8.89 8.56 11.12 10.63 11.36 9.74 9.75 8.78 6.88 10.74 10.06 7.01 7.48 7.05 6.71 7.19 6.65 6.86 8.52 8.62 6.49 6.11 6.31 6.84 6.34 5.97 6.51 8.60 6.81 6.67 7.49 8.34 7.71 7.31 7.94 8.45 8.46 8.89 8.36 7.80 7.71 7.69 8.64 8.29 7.76 8.43 8.19 7.53 7.54 7.36 6.97 6.95 6.86 6.75 6.94 7.19 7.94 7.43 7.30 7.55
12.04 9.92 11.14 8.77 8.44 8.85 7.79 7.46 9.32 8.17 7.93 8.11 10.61 10.14 8.79 10.05 9.33 7.30 7.39 10.23 10.55 9.38 9.93 11.30 7.84 5.23 10.34 11.75 9.28 9.20 7.23 7.44 6.55 6.99 8.61 7.07 9.11 7.50 6.33 5.90 6.28 7.62 5.52 5.95 9.57 7.43 6.83 6.93 7.81 8.79 7.62 7.58 7.98 7.79 8.28 8.27 7.81 7.56 7.82 7.46 7.88 8.19 8.13 7.77 7.40 6.98 6.75 7.04 8.02 7.35 8.00 7.36 6.54 7.71 7.65 7.80 7.46 7.27
8.39 7.59 9.98 12.58 11.60 11.04 8.08 9.05 10.59 9.38 8.90 10.85 9.54 9.19 11.25 8.63 6.33 7.01 7.82 10.29 10.39 10.23 9.74 8.19 5.34 7.21 15.99 12.99 9.71 7.32 7.81 7.36 8.52 7.25 7.86 7.17 7.25 7.07 6.76 6.04 5.86 5.79 5.22 8.46 9.30 8.52 7.17 6.87 9.50 8.51 7.77 7.85 7.59 8.23 8.16 7.84 7.16 8.05 7.66 7.09 8.53 8.39 7.47 7.32 7.09 6.69 6.93 7.68 7.91 7.66 8.00 7.28 6.93 7.69 7.71 7.25 7.43 7.25
7.66 7.81 9.07 9.64 9.13 7.95 9.47 8.43 10.17 7.36 8.46 10.72 10.24 8.83 9.32 6.08 5.28 8.70 10.07 9.42 8.46 10.30 7.64 5.91 4.57 9.14 13.16 14.07 7.95 8.15 8.38 8.70 7.82 6.69 8.19 7.63 7.38 6.77 6.75 5.38 5.07 6.07 6.06 8.66 8.81 8.07 6.81 7.62 9.34 8.99 8.49 7.96 8.14 8.02 7.68 7.28 7.19 7.62 7.92 7.53 7.44 7.42 7.15 8.04 8.40 6.93 7.09 7.72 7.90 7.40 7.70 7.48 7.39 7.52 7.21 7.37 7.17 7.12
9.05 8.16 8.90 8.75 9.20 8.63 8.61 9.51 8.42 9.01 7.88 7.77 7.63 6.79 5.73 7.07 5.75 9.39 15.20 7.91 7.97 8.92 13.13 12.51 5.41 5.64 15.37 11.71 9.12 9.35 10.33 8.59 6.68 6.05 8.42 8.66 7.27 6.50 6.08 5.23 5.07 6.34 8.73 9.31 8.37 7.79 7.27 7.32 7.79 8.87 8.23 8.01 7.77 7.39 7.06 6.98 7.73 7.59 7.48 7.44 6.72 6.91 7.62 7.49 8.03 7.37 7.25 7.24 7.33 7.61 7.62 7.48 7.43 7.52 7.01 6.81 7.11 6.99
8.68 8.00 8.84 8.05 8.46 8.56 8.54 7.63 7.48 8.10 7.31 8.60 7.42 8.55 5.30 7.80 9.59 10.00 11.29 11.72 9.22 11.23 13.30 9.07 10.97 10.09 6.85 11.29 10.49 7.26 7.72 6.38 7.55 7.36 10.40 9.56 7.16 6.25 5.32 5.03 6.17 8.97 8.08 9.63 8.22 7.78 8.28 7.59 9.20 8.16 8.26 7.74 7.32 7.08 7.16 7.16 7.27 7.05 7.00 6.64 6.73 7.68 8.43 7.97 7.33 7.72 7.17 7.89 7.08 6.85 6.92 7.03 7.16 7.25 7.20 6.59 6.90 6.81
9.35 8.08 7.51 8.68 9.73 11.51 10.46 8.90 7.86 6.90 7.03 9.58 7.08 7.67 5.30 7.52 8.23 7.82 7.16 9.32 8.52 10.42 10.44 12.22 10.41 11.54 11.17 14.76 8.98 7.58 6.95 7.78 7.20 9.54 9.52 9.75 6.58 5.75 4.88 8.04 8.97 9.03 9.63 8.09 8.39 8.42 8.27 8.23 8.50 8.43 7.95 7.48 7.20 6.96 7.41 7.50 7.74 7.16 6.53 6.50 7.13 8.73 7.44 7.83 7.78 7.27 7.07 7.09 6.60 6.50 6.84 6.51 6.88 6.99 6.88 6.86 6.85 6.40
9.91 8.58 7.93 8.15 9.91 10.53 11.30 10.27 9.15 8.00 7.22 7.68 9.57 6.13 9.82 9.29 9.43 10.61 9.35 7.54 7.81 9.28 8.30 9.88 9.35 8.19 12.91 12.80 7.46 7.80 5.88 6.67 8.36 9.27 9.12 8.32 6.35 5.55 6.84 6.56 8.59 8.71 8.28 8.55 8.34 8.20 8.64 8.28 7.98 7.79 7.47 8.42 7.15 7.66 7.11 7.05 6.56 6.23 6.33 7.27 8.40 8.14 7.83 7.88 7.52 7.05 7.07 7.34 7.36 5.99 6.68 7.32 6.72 6.59 6.91 6.18 6.41 7.16
9.98 9.25 9.65 10.74 12.16 -9999 -9999 -9999 -9999 9.85 9.19 9.76 7.45 6.36 7.62 7.82 7.34 6.59 3.70 11.93 12.83 8.41 7.25 7.66 9.11 10.12 12.26 9.42 7.41 6.10 5.38 9.28 8.63 10.33 7.83 7.12 6.21 5.99 7.96 6.92 8.72 8.73 8.06 8.18 8.07 8.05 7.99 7.87 7.69 7.53 7.35 8.08 7.25 7.45 7.41 6.92 6.53 6.26 7.61 7.61 8.04 8.22 8.23 6.88 6.62 6.36 7.27 7.57 6.94 5.73 6.40 6.97 6.74 6.44 7.01 6.56 6.40 6.85
