ML/MeanWindSpeed_2000-04_Actual.txt
ncols         180
nrows         290
xllcorner     -200000
yllcorner     -200000
cellsize      5000
NODATA_value  -9999
[rows 210 to 244 of 290, columns 79 to 157 of 180]
12.63 11.54 12.84 12.55 -9999 -9999 -9999 -9999 -9999 -9999 -9999 8.26 8.28 9.06 8.21 7.84 7.44 8.39 9.93 11.72 11.29 9.99 8.96 8.59 8.14 10.77 10.89 7.93 6.98 9.84 10.21 11.14 8.83 8.08 7.65 7.20 7.96 8.56 8.69 9.03 8.78 8.43 8.11 7.75 7.39 7.24 6.97 7.34 7.08 7.31 7.71 8.14 8.43 7.99 7.87 7.70 6.72 6.10 7.30 7.96 8.10 7.97 7.27 6.88 7.33 7.71 7.42 6.92 6.74 7.45 6.72 6.93 7.64 7.31 7.46 7.62 7.29 7.21 7.63
12.74 -9999 -9999 -9999 -9999 -9999 -9999 -9999 -9999 11.34 10.28 10.03 10.92 10.43 9.19 8.06 8.06 7.86 9.69 10.92 10.47 7.78 7.81 10.39 9.77 10.10 8.69 7.64 7.53 9.61 9.90 9.76 8.53 8.11 7.83 6.79 9.05 9.44 8.77 8.99 8.73 8.50 8.19 7.76 7.84 7.28 7.21 6.79 6.88 7.16 7.72 8.03 8.33 7.83 8.67 9.21 7.22 7.23 6.26 7.69 7.75 7.35 7.69 7.32 7.41 7.91 7.38 6.79 6.77 6.74 7.11 7.50 7.12 7.61 7.56 7.19 7.25 8.25 7.91
-9999 -9999 -9999 -9999 -9999 -9999 -9999 -9999 -9999 12.32 11.89 10.55 11.49 11.79 -9999 -9999 8.38 10.24 7.11 8.38 8.09 8.15 8.87 10.26 8.72 8.63 8.88 8.60 9.17 9.57 9.57 8.98 8.45 8.70 7.52 7.71 9.33 8.79 8.61 8.55 8.61 8.81 8.46 7.81 7.51 6.92 6.94 7.34 7.81 7.83 8.56 7.99 7.76 8.49 10.22 8.62 7.91 7.11 6.18 7.53 7.44 7.23 7.17 7.11 7.01 7.09 8.04 7.07 6.89 6.77 6.77 6.92 6.82 6.69 7.77 7.41 7.92 8.79 8.83
-9999 -9999 -9999 -9999 -9999 -9999 -9999 -9999 -9999 -9999 -9999 -9999 -9999 -9999 -9999 -9999 9.56 8.79 8.36 7.57 6.88 7.02 7.68 8.81 8.94 9.30 9.64 9.99 10.44 10.27 -9999 8.80 8.41 8.02 7.55 7.90 9.23 8.88 9.03 8.64 8.11 7.92 8.30 7.57 7.45 8.09 8.15 7.94 8.61 9.39 8.71 8.62 8.50 8.84 9.75 8.53 8.00 7.50 6.85 6.80 6.85 7.18 7.37 7.06 6.81 6.95 7.02 6.79 6.70 6.59 6.59 6.66 6.84 6.97 7.28 7.36 7.86 8.39 -9999
-9999 -9999 -9999 -9999 -9999 -9999 -9999 -9999 -9999 -9999 -9999 -9999 -9999 -9999 -9999 -9999 -9999 9.33 8.13 7.07 7.13 8.03 7.99 8.44 9.05 9.98 -9999 -9999 -9999 -9999 9.42 8.40 8.14 7.68 7.54 8.10 9.40 9.03 9.27 8.67 7.76 8.11 7.75 8.55 8.16 9.36 8.48 8.62 8.39 8.77 8.78 8.43 9.03 7.95 8.41 8.41 7.15 7.01 6.59 6.47 6.49 6.44 6.51 6.66 6.37 6.37 6.38 6.31 6.19 7.04 7.20 6.43 6.46 6.57 6.78 7.13 7.99 9.12 9.18
-9999 -9999 -9999 -9999 -9999 -9999 -9999 -9999 -9999 -9999 -9999 -9999 -9999 -9999 -9999 -9999 -9999 -9999 8.64 8.83 7.71 7.77 9.74 9.88 10.39 -9999 -9999 -9999 -9999 9.93 9.50 9.22 7.26 7.00 7.19 9.05 9.72 9.55 9.16 8.24 7.94 7.67 8.64 9.53 8.80 8.84 8.46 8.54 8.35 7.77 8.25 8.35 8.09 7.99 7.95 7.59 6.93 6.78 6.98 7.13 7.20 6.40 6.38 6.32 6.09 6.35 6.26 6.33 5.88 6.38 6.31 6.22 6.77 6.20 6.95 7.14 7.53 7.35 7.90
-9999 -9999 -9999 -9999 -9999 -9999 -9999 -9999 -9999 -9999 -9999 -9999 -9999 -9999 -9999 -9999 -9999 -9999 -9999 8.87 8.42 8.55 11.19 10.61 11.41 -9999 -9999 -9999 9.51 7.92 7.37 8.56 8.46 7.92 7.25 8.46 8.30 9.55 8.96 7.69 8.38 8.94 8.94 8.71 9.17 8.55 8.20 7.96 7.56 7.49 7.46 7.61 7.98 7.75 7.31 7.08 6.94 6.89 7.32 7.10 7.13 6.77 6.30 6.21 5.91 5.71 5.66 5.86 5.74 5.87 5.79 6.31 6.51 6.81 6.78 6.19 7.30 6.33 7.00
-9999 -9999 -9999 -9999 -9999 -9999 -9999 -9999 -9999 -9999 -9999 -9999 -9999 -9999 -9999 -9999 -9999 -9999 -9999 -9999 -9999 -9999 -9999 -9999 -9999 -9999 -9999 11.33 8.67 7.36 7.03 8.07 7.10 7.80 8.48 8.72 8.98 9.20 7.97 7.47 7.67 8.32 8.22 8.43 8.40 8.44 8.22 8.16 9.22 8.08 8.07 7.54 7.83 7.76 7.12 7.00 6.65 6.94 7.51 7.07 6.63 6.33 6.08 5.81 6.08 5.72 6.01 5.76 6.42 6.74 6.31 5.49 7.39 7.93 6.75 5.79 7.62 6.89 6.54
-9999 -9999 -9999 -9999 -9999 -9999 -9999 -9999 -9999 -9999 -9999 -9999 -9999 -9999 -9999 -9999 -9999 -9999 -9999 -9999 -9999 -9999 -9999 -9999 -9999 -9999 -9999 9.58 8.54 7.51 11.06 9.75 7.29 7.68 8.36 9.00 9.45 8.28 7.83 7.53 7.52 8.41 8.18 7.87 8.84 8.63 9.50 8.64 8.79 9.51 8.31 7.85 7.61 7.09 6.88 6.68 6.63 6.97 7.09 7.13 6.64 6.09 5.66 5.28 5.68 6.99 6.50 6.95 7.29 7.92 6.77 5.95 6.90 7.16 6.14 5.46 5.77 6.72 7.11
-9999 -9999 -9999 -9999 -9999 -9999 -9999 -9999 -9999 -9999 -9999 -9999 -9999 -9999 -9999 -9999 -9999 -9999 -9999 -9999 -9999 -9999 -9999 -9999 -9999 -9999 -9999 9.39 7.49 6.40 8.10 10.68 9.86 9.14 8.50 9.54 8.39 7.94 7.60 8.78 8.91 9.47 9.07 8.15 8.00 8.12 8.65 9.08 9.07 8.30 8.02 7.80 7.61 7.01 6.71 6.69 6.80 7.24 7.15 6.84 6.13 5.91 6.29 6.60 6.21 6.94 6.72 6.63 6.70 7.18 8.33 8.02 6.51 6.30 6.43 6.40 6.20 6.18 6.05
-9999 -9999 -9999 -9999 -9999 -9999 -9999 -9999 -9999 -9999 11.64 11.52 9.61 12.36 11.45 11.00 11.05 12.61 7.74 11.80 8.76 -9999 -9999 -9999 -9999 -9999 -9999 9.09 8.09 7.58 6.85 7.57 9.05 10.19 9.81 8.83 8.07 7.89 8.48 9.49 9.12 8.76 8.91 8.64 7.92 8.55 8.46 8.31 8.06 8.10 7.46 7.68 7.82 8.07 7.22 6.97 7.47 7.40 6.86 7.16 6.15 5.73 6.71 7.39 6.51 6.13 6.39 6.31 6.16 6.05 6.24 6.10 5.70 5.48 5.35 5.24 5.18 5.43 5.44
-9999 -9999 -9999 -9999 -9999 -9999 -9999 -9999 -9999 -9999 12.77 11.84 11.19 9.05 10.23 11.19 10.50 11.05 11.48 9.73 8.63 7.56 8.70 11.06 9.82 9.30 8.76 8.62 8.18 7.85 7.50 7.10 7.43 9.26 9.27 8.51 7.89 9.92 8.92 8.36 8.89 9.35 8.95 8.98 9.33 9.03 9.02 8.69 8.36 7.26 7.22 7.38 7.28 7.12 7.52 7.84 7.02 6.78 6.31 6.10 6.67 5.93 8.56 7.36 6.97 6.41 6.00 6.02 5.89 6.42 6.32 5.34 6.36 5.97 6.33 5.38 5.48 5.33 5.35
-9999 -9999 -9999 -9999 -9999 -9999 -9999 -9999 -9999 11.98 10.80 9.92 9.18 8.04 9.50 11.40 10.89 10.05 9.96 10.10 9.28 7.96 7.89 9.34 10.64 8.85 8.47 8.16 8.19 8.71 7.72 7.62 8.57 8.48 8.17 8.33 9.92 8.82 9.75 9.36 8.93 8.43 8.89 8.78 9.36 9.43 8.94 9.01 7.99 7.81 7.42 6.99 6.71 7.60 8.03 6.69 6.29 6.52 8.00 6.85 6.49 6.59 6.57 6.70 6.71 6.18 5.96 6.38 7.06 6.30 5.45 5.25 6.43 6.00 5.89 6.15 6.07 5.76 5.76
-9999 -9999 -9999 -9999 -9999 -9999 -9999 -9999 -9999 -9999 10.37 9.04 8.31 9.37 9.03 9.39 11.19 10.08 8.57 7.80 9.59 11.02 9.66 8.54 9.12 10.57 9.19 7.98 7.96 7.88 8.30 8.25 7.65 7.63 7.89 8.53 9.30 8.50 9.50 8.74 8.81 8.90 9.17 8.78 9.43 9.59 9.28 8.07 7.84 7.94 7.03 6.21 5.75 6.43 7.31 7.18 6.05 6.43 7.41 7.27 6.71 6.10 6.04 5.83 5.98 6.99 6.67 6.38 6.76 7.39 6.72 6.16 6.50 6.41 5.75 6.35 5.65 6.14 5.46
-9999 -9999 -9999 -9999 -9999 -9999 12.42 -9999 -9999 10.94 10.03 10.27 8.05 9.39 8.38 8.03 8.17 8.43 8.90 7.91 9.57 10.79 9.38 8.60 7.82 7.89 7.89 7.75 7.83 8.00 8.48 7.62 7.42 7.81 9.06 8.33 8.98 8.29 8.78 8.44 9.24 9.94 9.52 8.84 8.55 8.55 8.29 7.84 8.55 7.45 6.52 7.34 5.86 5.82 7.18 7.94 5.64 6.01 6.54 6.43 6.18 6.00 5.89 6.09 6.54 6.86 6.15 5.71 5.69 6.09 6.10 5.99 6.44 5.90 5.78 5.68 5.29 5.25 5.18
-9999 -9999 -9999 -9999 -9999 11.68 12.33 12.24 11.93 9.91 9.31 10.64 8.88 8.02 8.47 7.84 8.73 9.13 9.58 8.65 8.88 9.70 8.97 7.98 7.52 7.68 8.11 8.34 7.73 7.69 7.81 7.36 7.33 8.61 8.77 8.18 8.55 8.73 9.70 9.20 9.41 10.35 9.45 9.22 8.36 8.64 8.27 8.30 7.58 6.88 5.91 6.26 5.92 5.35 6.33 6.18 5.74 5.67 5.63 6.08 6.11 6.07 5.78 5.51 5.62 5.57 5.70 5.76 5.70 5.25 5.59 5.83 6.40 6.64 6.25 5.28 5.83 5.63 5.58
-9999 -9999 -9999 -9999 -9999 11.30 11.19 10.44 10.75 10.01 9.38 8.76 9.94 9.63 8.86 9.62 9.39 9.26 10.19 9.41 9.61 9.82 8.17 8.55 9.87 9.59 8.76 8.10 7.51 7.74 8.05 8.07 7.63 8.58 8.27 8.69 7.88 7.40 8.90 9.96 9.30 9.42 9.23 8.71 8.65 8.97 8.24 7.53 7.64 7.21 5.61 5.38 5.12 5.08 6.07 6.72 6.92 7.95 6.20 6.29 5.68 5.51 5.65 5.71 5.50 5.35 5.56 5.91 5.62 5.37 5.18 5.73 5.81 5.89 5.93 5.98 5.16 5.43 6.07
-9999 -9999 -9999 -9999 -9999 11.67 10.77 10.27 10.45 10.03 9.88 9.03 9.38 9.28 8.29 9.18 9.28 9.91 10.32 10.09 8.48 7.86 7.62 9.09 9.15 9.69 10.11 8.44 8.08 8.01 7.51 8.00 7.47 8.22 8.00 8.09 7.91 7.60 9.21 9.10 9.26 9.21 9.01 8.75 8.71 9.02 8.80 7.55 6.82 6.31 6.19 4.80 4.72 4.64 5.56 6.33 6.69 7.14 6.74 7.27 7.70 5.21 7.71 6.65 5.35 5.51 7.87 7.84 7.39 5.27 5.13 5.21 5.14 5.57 5.32 6.03 6.70 8.30 7.46
-9999 -9999 -9999 -9999 -9999 10.46 10.22 10.12 9.90 9.40 9.19 8.77 8.46 9.14 8.69 8.84 9.39 8.95 9.23 9.29 9.26 7.53 8.32 9.83 9.19 10.22 10.18 8.67 8.67 8.82 7.99 7.91 7.85 7.96 7.91 8.00 8.65 9.45 8.43 9.21 9.17 9.16 8.94 8.81 8.93 9.05 8.24 7.79 6.93 6.35 5.77 5.53 4.73 5.35 5.94 7.07 7.15 6.76 6.28 6.12 6.15 5.61 7.01 6.92 7.34 6.97 7.43 7.88 8.19 5.68 5.70 5.45 5.41 5.68 6.31 7.02 7.16 -9999 -9999
-9999 -9999 -9999 -9999 -9999 9.68 9.67 9.75 9.98 10.23 9.48 8.78 8.02 8.36 9.51 9.33 9.09 8.65 9.05 8.98 8.72 8.40 8.11 8.54 8.38 10.14 9.21 7.67 9.59 9.22 8.22 9.74 8.57 9.06 9.62 9.28 9.23 9.77 9.11 8.75 9.16 9.10 8.66 8.74 8.87 9.11 8.28 7.91 7.65 7.07 6.00 5.28 5.02 4.86 5.57 8.31 8.13 7.41 6.94 6.99 7.14 7.18 7.53 7.73 7.85 -9999 -9999 7.55 7.69 7.21 6.76 6.17 8.10 6.64 -9999 -9999 -9999 -9999 -9999
-9999 -9999 -9999 -9999 10.96 9.78 9.79 9.26 9.94 9.98 10.48 8.87 8.71 8.46 9.38 9.18 8.78 8.64 8.82 8.67 8.40 8.07 8.39 9.27 9.76 9.56 8.40 10.21 10.70 8.66 7.99 8.56 8.34 9.23 9.38 8.71 8.76 8.75 8.74 9.45 9.41 9.51 9.19 9.06 9.37 9.84 9.37 8.52 7.58 6.56 5.89 -9999 -9999 5.40 6.18 8.78 9.04 8.53 8.02 7.92 -9999 -9999 -9999 -9999 -9999 -9999 -9999 -9999 -9999 -9999 7.35 7.68 8.81 7.67 -9999 -9999 -9999 -9999 -9999
-9999 -9999 -9999 11.67 10.49 9.52 10.07 9.31 9.27 8.90 8.55 7.88 9.82 10.42 9.78 9.48 9.56 10.07 9.18 8.49 8.37 8.54 8.72 11.08 11.78 11.26 10.88 11.93 9.97 9.69 9.37 9.85 10.36 9.20 8.39 8.78 8.29 8.50 8.49 8.73 8.83 10.03 10.85 10.78 10.54 10.42 10.26 9.08 -9999 6.18 5.84 5.15 5.23 5.72 -9999 -9999 -9999 -9999 8.82 -9999 -9999 -9999 -9999 -9999 -9999 -9999 -9999 -9999 -9999 -9999 -9999 -9999 -9999 -9999 -9999 -9999 -9999 -9999 -9999
-9999 -9999 12.34 11.62 11.31 10.47 9.52 9.30 9.05 7.85 7.20 8.03 11.59 12.80 9.55 9.08 11.41 9.75 10.80 8.68 8.56 10.79 10.09 10.26 10.70 10.93 -9999 -9999 -9999 -9999 -9999 9.98 11.02 10.57 9.35 9.16 8.84 8.46 8.60 8.62 9.20 10.25 -9999 -9999 -9999 -9999 -9999 9.73 8.95 7.32 5.78 5.13 6.35 6.33 -9999 -9999 -9999 -9999 -9999 -9999 -9999 -9999 -9999 -9999 -9999 -9999 -9999 -9999 -9999 -9999 -9999 -9999 -9999 -9999 -9999 -9999 -9999 -9999 -9999
-9999 9.43 9.98 11.28 11.49 10.46 10.26 9.74 8.28 8.56 8.19 9.70 11.57 12.61 11.81 11.37 10.19 11.18 10.06 9.94 9.71 11.34 11.34 -9999 -9999 -9999 -9999 -9999 -9999 -9999 -9999 -9999 10.38 10.54 9.51 10.26 10.88 11.04 9.52 11.12 11.24 11.84 -9999 -9999 -9999 -9999 -9999 -9999 -9999 7.33 7.05 5.76 6.19 -9999 -9999 -9999 -9999 -9999 -9999 -9999 -9999 -9999 -9999 -9999 -9999 -9999 -9999 -9999 -9999 -9999 -9999 -9999 -9999 -9999 -9999 -9999 -9999 -9999 -9999
10.90 9.29 9.57 10.79 12.00 12.15 10.85 9.32 9.09 9.40 8.99 9.90 11.90 10.53 11.00 11.57 12.40 8.37 10.22 12.54 10.92 -9999 -9999 -9999 -9999 -9999 -9999 -9999 -9999 -9999 -9999 -9999 -9999 -9999 10.97 -9999 -9999 -9999 -9999 10.26 12.18 12.60 -9999 -9999 -9999 -9999 -9999 -9999 -9999 -9999 7.47 8.53 7.27 -9999 -9999 -9999 -9999 -9999 -9999 -9999 -9999 -9999 -9999 -9999 -9999 -9999 -9999 -9999 -9999 -9999 -9999 -9999 -9999 -9999 -9999 -9999 -9999 -9999 -9999
9.99 8.68 9.59 11.01 11.53 12.18 11.25 10.55 11.19 9.00 7.88 9.06 11.51 11.56 10.40 10.06 11.35 9.27 9.22 10.41 -9999 -9999 -9999 -9999 -9999 -9999 -9999 -9999 -9999 -9999 -9999 -9999 -9999 -9999 11.85 -9999 -9999 -9999 -9999 -9999 -9999 -9999 -9999 -9999 -9999 -9999 -9999 -9999 -9999 -9999 -9999 -9999 -9999 -9999 -9999 -9999 -9999 -9999 -9999 -9999 -9999 -9999 -9999 -9999 -9999 -9999 -9999 -9999 -9999 -9999 -9999 -9999 -9999 -9999 -9999 -9999 -9999 -9999 -9999
10.28 8.88 10.00 10.61 10.72 11.30 10.88 10.77 11.58 8.87 8.14 8.75 10.77 14.16 14.49 9.82 9.81 9.45 10.20 12.12 -9999 -9999 -9999 -9999 -9999 -9999 -9999 -9999 -9999 -9999 -9999 -9999 -9999 -9999 -9999 -9999 -9999 -9999 -9999 -9999 -9999 -9999 -9999 -9999 -9999 -9999 -9999 -9999 -9999 -9999 -9999 -9999 -9999 -9999 -9999 -9999 -9999 -9999 -9999 -9999 -9999 -9999 -9999 -9999 -9999 -9999 -9999 -9999 -9999 -9999 -9999 -9999 -9999 -9999 -9999 -9999 -9999 -9999 -9999
11.52 10.81 10.98 10.79 11.37 10.93 10.77 10.73 9.82 9.71 8.94 8.63 10.94 13.01 12.76 11.02 9.18 9.26 11.65 11.19 -9999 -9999 -9999 -9999 -9999 -9999 -9999 -9999 -9999 -9999 -9999 -9999 -9999 -9999 -9999 -9999 -9999 -9999 -9999 -9999 -9999 -9999 -9999 -9999 -9999 -9999 -9999 -9999 -9999 -9999 -9999 -9999 -9999 -9999 -9999 -9999 -9999 -9999 -9999 -9999 -9999 -9999 -9999 -9999 -9999 -9999 -9999 -9999 -9999 -9999 -9999 -9999 -9999 -9999 -9999 -9999 -9999 -9999 -9999
12.55 12.08 11.95 10.85 11.38 11.04 12.79 12.22 11.04 10.57 10.91 9.68 10.23 11.18 10.87 9.95 9.57 10.21 11.15 11.49 -9999 -9999 -9999 -9999 -9999 -9999 -9999 -9999 -9999 -9999 -9999 -9999 -9999 -9999 -9999 -9999 -9999 -9999 -9999 -9999 -9999 -9999 -9999 -9999 -9999 -9999 -9999 -9999 -9999 -9999 -9999 -9999 -9999 -9999 -9999 -9999 -9999 -9999 -9999 -9999 -9999 -9999 -9999 -9999 -9999 -9999 -9999 -9999 -9999 -9999 -9999 -9999 -9999 -9999 -9999 -9999 -9999 -9999 -9999
11.42 11.72 11.19 12.04 13.41 13.15 12.05 12.21 12.22 12.08 11.22 11.62 11.02 10.23 10.04 10.43 11.01 11.46 11.32 12.06 -9999 -9999 -9999 -9999 -9999 -9999 -9999 -9999 -9999 -9999 -9999 -9999 -9999 -9999 -9999 -9999 -9999 -9999 -9999 -9999 -9999 -9999 -9999 -9999 -9999 -9999 -9999 -9999 -9999 -9999 -9999 -9999 -9999 -9999 -9999 -9999 -9999 -9999 -9999 -9999 -9999 -9999 -9999 -9999 -9999 -9999 -9999 -9999 -9999 -9999 -9999 -9999 -9999 -9999 -9999 -9999 -9999 -9999 -9999
12.14 12.51 -9999 -9999 -9999 -9999 -9999 -9999 -9999 -9999 -9999 12.38 12.76 11.64 10.78 10.14 11.03 11.69 11.58 -9999 -9999 -9999 -9999 -9999 -9999 -9999 -9999 -9999 -9999 -9999 -9999 -9999 -9999 -9999 -9999 -9999 -9999 -9999 -9999 -9999 -9999 -9999 -9999 -9999 -9999 -9999 -9999 -9999 -9999 -9999 -9999 -9999 -9999 -9999 -9999 -9999 -9999 -9999 -9999 -9999 -9999 -9999 -9999 -9999 -9999 -9999 -9999 -9999 -9999 -9999 -9999 -9999 -9999 -9999 -9999 -9999 -9999 -9999 -9999
12.62 13.18 -9999 -9999 -9999 -9999 -9999 -9999 -9999 -9999 -9999 -9999 -9999 -9999 11.51 10.99 11.23 11.59 -9999 -9999 -9999 -9999 -9999 -9999 -9999 -9999 -9999 -9999 -9999 -9999 -9999 -9999 -9999 -9999 -9999 -9999 -9999 -9999 -9999 -9999 -9999 -9999 -9999 -9999 -9999 -9999 -9999 -9999 -9999 -9999 -9999 -9999 -9999 -9999 -9999 -9999 -9999 -9999 -9999 -9999 -9999 -9999 -9999 -9999 -9999 -9999 -9999 -9999 -9999 -9999 -9999 -9999 -9999 -9999 -9999 -9999 -9999 -9999 -9999
-9999 -9999 -9999 -9999 -9999 -9999 -9999 -9999 -9999 -9999 -9999 -9999 -9999 -9999 12.51 13.38 13.85 13.33 -9999 -9999 -9999 -9999 -9999 -9999 -9999 -9999 -9999 -9999 -9999 -9999 -9999 -9999 -9999 -9999 -9999 -9999 -9999 -9999 -9999 -9999 -9999 -9999 -9999 -9999 -9999 -9999 -9999 -9999 -9999 -9999 -9999 -9999 -9999 -9999 -9999 -9999 -9999 -9999 -9999 -9999 -9999 -9999 -9999 -9999 -9999 -9999 -9999 -9999 -9999 -9999 -9999 -9999 -9999 -9999 -9999 -9999 -9999 -9999 -9999
-9999 -9999 -9999 -9999 -9999 -9999 -9999 -9999 -9999 -9999 -9999 -9999 -9999 -9999 -9999 -9999 -9999 -9999 -9999 -9999 -9999 -9999 -9999 -9999 -9999 -9999 -9999 -9999 -9999 -9999 -9999 -9999 -9999 -9999 -9999 -9999 -9999 -9999 -9999 -9999 -9999 -9999 -9999 -9999 -9999 -9999 -9999 -9999 -9999 -9999 -9999 -9999 -9999 -9999 -9999 -9999 -9999 -9999 -9999 -9999 -9999 -9999 -9999 -9999 -9999 -9999 -9999 -9999 -9999 -9999 -9999 -9999 -9999 -9999 -9999 -9999 -9999 -9999 -9999
-9999 -9999 -9999 -9999 -9999 -9999 -9999 -9999 -9999 -9999 -9999 -9999 -9999 -9999 -9999 -9999 -9999 -9999 -9999 -9999 -9999 -9999 -9999 -9999 -9999 -9999 -9999 -9999 -9999 -9999 -9999 -9999 -9999 -9999 -9999 -9999 -9999 -9999 -9999 -9999 -9999 -9999 -9999 -9999 -9999 -9999 -9999 -9999 -9999 -9999 -9999 -9999 -9999 -9999 -9999 -9999 -9999 -9999 -9999 -9999 -9999 -9999 -9999 -9999 -9999 -9999 -9999 -9999 -9999 -9999 -9999 -9999 -9999 -9999 -9999 -9999 -9999 -9999 -9999
