ML/MeanWindSpeed_1997-06_Actual.txt
ncols         180
nrows         290
xllcorner     -200000
yllcorner     -200000
cellsize      5000
NODATA_value  -9999
[rows 175 to 209 of 290, columns 78 to 155 of 180]
-9999 -9999 -9999 -9999 -9999 -9999 -9999 -9999 10.35 9.77 9.14 8.55 8.26 6.61 5.49 11.51 18.65 7.99 11.12 10.75 9.69 7.77 5.25 5.65 8.20 10.47 8.72 6.84 7.41 8.42 7.80 7.98 9.21 8.16 7.53 6.98 7.08 7.19 7.05 7.25 7.42 12.72 13.64 11.44 11.63 9.44 8.83 10.16 9.96 7.84 7.39 8.50 7.76 7.13 7.80 7.35 8.38 7.74 7.61 7.44 7.44 8.82 7.78 7.62 7.78 7.75 8.38 8.96 9.16 9.46 9.90 8.60 10.01 11.72 -9999 -9999 -9999 -9999
-9999 -9999 -9999 -9999 -9999 -9999 -9999 -9999 -9999 11.43 9.20 7.83 6.40 6.03 8.19 22.32 15.00 6.11 11.93 7.37 10.55 10.02 6.31 4.60 11.52 9.33 10.02 8.58 7.25 7.51 7.70 7.04 8.06 8.42 7.94 7.44 6.98 7.21 7.00 6.87 9.06 10.56 14.44 11.92 12.57 11.48 7.10 9.37 11.22 8.01 7.85 8.35 7.48 7.32 7.55 7.39 8.49 7.68 7.51 7.83 7.74 8.59 8.42 7.89 7.80 7.82 8.14 8.90 10.28 9.26 8.62 8.70 9.84 11.61 -9999 -9999 -9999 -9999
-9999 -9999 -9999 -9999 -9999 -9999 -9999 -9999 -9999 -9999 9.32 7.18 7.44 9.42 20.09 22.69 15.20 10.61 10.06 10.68 11.83 11.79 11.22 7.20 6.57 12.48 9.66 8.66 8.24 7.39 7.39 7.47 7.57 8.00 7.50 6.99 7.17 7.22 7.11 7.45 8.87 11.30 12.50 10.15 10.34 11.94 9.61 6.82 11.12 8.16 7.88 8.33 7.39 7.35 7.27 7.83 8.53 7.83 7.65 7.83 7.58 9.17 8.55 8.07 7.98 7.99 8.48 8.64 8.86 8.64 8.61 8.92 10.36 11.93 -9999 -9999 -9999 -9999
-9999 -9999 -9999 -9999 -9999 -9999 -9999 -9999 -9999 -9999 8.74 7.82 10.66 13.21 15.82 19.64 11.52 7.57 9.91 12.54 12.69 13.43 11.40 8.07 5.74 12.86 12.28 9.68 9.05 7.38 7.20 7.53 8.48 8.07 7.64 7.30 6.84 6.72 7.23 9.35 9.60 8.12 13.07 10.35 10.88 12.42 11.82 9.31 8.29 7.54 6.27 7.72 8.30 7.21 7.13 7.06 7.77 7.56 7.92 7.81 7.64 8.17 8.82 8.40 8.43 8.27 8.43 8.51 8.53 8.65 9.15 10.04 11.36 -9999 -9999 -9999 -9999 -9999
-9999 -9999 -9999 -9999 -9999 -9999 -9999 -9999 -9999 -9999 8.15 8.74 10.78 11.00 16.59 14.78 10.29 10.55 8.43 10.15 13.20 11.69 14.13 10.92 6.93 11.92 13.02 12.28 8.98 7.98 7.06 7.92 9.09 8.68 7.73 7.12 6.75 7.12 8.72 9.26 7.92 7.96 11.23 10.81 10.47 10.30 9.27 9.06 9.64 6.13 6.97 7.26 6.92 7.28 6.84 7.84 7.12 7.47 7.83 7.78 7.92 9.83 9.02 8.54 8.38 8.46 8.52 8.63 8.79 9.11 10.14 11.43 -9999 -9999 -9999 -9999 -9999 -9999
-9999 -9999 -9999 -9999 -9999 -9999 -9999 -9999 -9999 9.52 17.55 10.52 12.28 14.44 9.90 19.93 16.44 14.10 12.01 14.88 11.85 12.49 10.88 8.52 9.83 14.21 12.74 12.12 8.90 7.63 6.85 8.53 8.80 8.26 7.77 6.97 6.91 8.39 8.34 8.03 9.14 10.17 8.15 12.68 11.62 8.56 9.13 8.16 7.21 6.91 6.01 6.09 6.37 7.35 6.83 6.38 8.06 7.42 7.70 7.97 8.31 9.89 9.01 8.51 8.56 8.43 8.62 8.69 8.96 9.98 11.28 -9999 -9999 -9999 -9999 -9999 -9999 -9999
-9999 -9999 -9999 -9999 -9999 -9999 -9999 10.43 10.02 13.81 12.13 10.16 11.06 12.61 8.26 9.85 11.95 14.94 14.01 15.64 13.81 13.80 7.88 10.12 10.13 8.02 9.06 8.63 9.24 8.15 7.47 8.65 9.02 8.80 7.86 7.65 8.73 8.03 8.74 7.93 9.47 10.11 9.83 8.85 7.89 9.40 8.74 7.97 7.63 7.26 6.87 5.62 6.61 6.42 5.80 6.23 6.96 7.37 7.83 7.79 8.39 9.81 8.97 8.33 8.49 8.39 8.57 8.79 9.44 10.66 -9999 -9999 -9999 -9999 -9999 12.13 11.82 11.42
-9999 -9999 -9999 -9999 -9999 -9999 10.89 10.67 10.61 11.00 10.74 10.55 9.88 8.00 6.73 8.95 11.07 13.02 19.94 11.77 9.39 9.05 6.15 12.81 14.41 13.78 10.54 9.17 9.46 9.05 8.61 9.07 9.71 9.08 8.57 8.29 8.81 9.13 7.78 7.79 9.62 9.67 9.15 8.59 8.52 8.73 7.51 7.81 6.60 6.39 6.88 6.22 5.73 5.31 5.72 6.85 6.87 7.24 7.70 8.00 8.43 10.14 9.38 8.48 8.30 8.30 8.57 8.89 9.55 10.54 -9999 -9999 -9999 -9999 -9999 11.04 10.42 10.22
-9999 -9999 -9999 -9999 -9999 11.49 12.42 11.58 11.43 -9999 -9999 -9999 -9999 8.17 13.65 12.07 12.30 14.51 12.04 9.64 12.55 11.65 9.96 19.68 17.36 14.32 14.56 11.14 8.88 9.32 9.44 9.08 9.27 9.14 8.69 9.00 8.24 9.45 8.02 7.89 8.47 8.96 9.05 8.71 7.56 7.57 7.40 7.11 6.46 6.05 5.70 5.55 5.51 5.83 6.57 6.77 6.93 7.86 8.65 8.89 8.93 9.81 9.43 9.09 8.28 8.30 8.52 8.81 9.24 10.08 11.35 -9999 -9999 -9999 -9999 10.10 9.48 9.29
-9999 -9999 -9999 -9999 -9999 12.87 14.64 11.38 11.70 -9999 -9999 -9999 -9999 8.32 11.72 14.05 9.05 13.94 12.98 11.98 14.91 16.50 13.15 17.57 10.81 11.92 11.77 10.36 8.96 9.05 9.43 9.30 9.57 10.08 8.97 9.41 8.85 8.71 9.09 7.97 8.27 7.56 8.32 9.14 9.36 9.17 7.44 6.65 6.33 6.08 6.41 5.75 6.06 6.71 7.19 8.17 7.73 9.87 10.08 10.38 9.50 9.81 9.45 9.03 8.18 8.30 8.48 8.68 8.98 9.30 10.16 10.91 -9999 -9999 10.56 9.90 9.48 9.60
-9999 -9999 -9999 -9999 -9999 -9999 -9999 -9999 -9999 -9999 -9999 -9999 -9999 9.18 13.89 12.11 8.47 11.12 9.56 16.40 15.36 10.62 14.33 13.95 12.15 12.57 10.38 9.25 8.30 9.48 9.35 9.71 9.46 9.01 8.88 8.71 8.41 8.46 8.85 8.06 7.76 7.90 8.12 7.78 8.57 8.75 6.76 7.93 8.74 7.34 7.15 6.70 5.94 7.12 8.33 9.49 9.36 9.12 9.87 10.73 10.15 10.31 9.58 9.08 8.05 8.19 8.40 8.65 8.82 8.81 9.10 9.62 10.21 10.20 9.48 9.37 8.58 9.46
-9999 -9999 -9999 -9999 -9999 -9999 -9999 -9999 -9999 -9999 -9999 -9999 -9999 -9999 14.03 5.89 6.34 10.59 15.51 14.23 15.80 15.01 10.73 11.83 13.00 9.30 8.94 7.92 7.94 8.37 9.06 9.28 9.34 9.01 8.60 8.33 8.53 8.25 8.67 8.30 7.72 9.73 8.88 7.55 7.43 7.44 7.50 7.29 8.34 8.46 7.72 8.77 7.12 7.10 8.08 7.83 8.47 9.01 9.25 10.67 10.58 10.06 9.05 8.88 7.92 8.04 8.22 8.40 8.63 8.79 8.89 8.85 9.01 8.94 8.64 8.40 8.48 9.56
-9999 -9999 -9999 -9999 -9999 -9999 -9999 -9999 -9999 -9999 -9999 -9999 -9999 -9999 9.76 14.31 15.13 13.09 11.90 11.06 13.49 11.01 11.00 9.43 8.74 10.94 8.34 7.75 9.57 9.04 8.95 8.90 8.38 8.36 8.91 8.64 9.69 9.39 8.84 8.18 7.57 9.46 10.17 8.63 7.52 7.14 7.45 7.52 7.61 7.96 8.59 10.78 9.34 7.56 7.37 7.94 9.21 10.55 10.79 10.34 10.83 9.99 8.74 8.06 7.73 7.88 8.04 8.33 8.52 8.67 8.76 8.75 8.66 8.53 8.53 8.43 8.30 9.20
-9999 -9999 -9999 -9999 -9999 -9999 -9999 -9999 -9999 -9999 -9999 -9999 -9999 11.38 11.33 8.94 17.31 11.37 9.47 12.09 11.87 10.36 13.37 9.85 9.26 11.74 7.68 13.88 10.31 8.22 8.52 9.98 8.49 8.15 11.09 10.74 9.82 8.43 8.68 8.39 7.87 8.58 9.07 8.57 7.74 7.47 7.37 7.47 8.00 7.84 9.06 8.93 8.36 7.89 7.69 8.55 9.70 10.90 10.98 9.95 9.94 9.05 8.24 7.84 7.63 7.72 7.96 8.22 8.41 8.49 8.58 8.60 8.40 8.31 8.77 8.73 8.44 8.79
-9999 -9999 -9999 -9999 -9999 -9999 -9999 -9999 -9999 -9999 -9999 -9999 -9999 9.88 11.17 16.90 10.18 5.68 8.07 8.68 11.00 13.89 13.59 10.48 9.88 9.89 7.84 8.76 9.71 10.89 10.66 8.75 8.85 8.70 9.16 9.85 8.54 8.17 8.78 8.50 8.77 9.13 8.64 8.69 8.21 7.75 7.54 7.37 7.56 7.78 8.72 9.08 8.50 7.46 7.95 9.36 10.83 10.27 10.88 10.58 9.48 8.25 8.78 7.82 7.97 7.78 7.98 8.08 8.26 8.37 8.37 8.36 8.29 8.21 9.04 8.79 8.29 8.49
-9999 -9999 -9999 -9999 -9999 -9999 -9999 -9999 -9999 -9999 -9999 -9999 -9999 10.83 13.56 6.71 8.39 7.14 8.56 9.18 14.90 13.03 14.49 11.11 9.83 7.84 6.77 7.88 11.48 13.46 14.64 9.39 10.94 9.37 9.52 9.43 7.74 7.88 8.28 8.54 8.89 8.26 8.34 9.59 8.70 7.74 7.66 8.79 7.38 7.94 8.36 8.25 7.72 7.46 8.23 9.00 9.65 9.82 9.72 8.76 8.35 8.56 8.63 7.46 7.41 7.76 7.90 8.05 8.09 8.07 8.18 8.18 8.16 8.17 8.45 8.27 8.41 8.31
-9999 -9999 -9999 -9999 -9999 -9999 -9999 -9999 -9999 -9999 -9999 -9999 -9999 -9999 7.90 9.56 11.60 13.63 14.51 12.16 12.87 11.01 7.95 7.73 7.04 8.03 8.20 7.56 9.39 10.12 13.60 10.99 9.57 8.98 10.40 10.00 7.67 8.57 7.72 7.97 10.27 8.30 8.04 7.94 8.14 7.49 7.52 9.15 8.53 7.87 8.46 8.05 7.76 8.11 8.98 8.67 8.75 8.39 9.07 8.12 9.07 8.88 7.76 7.43 8.01 7.96 7.72 7.80 7.83 7.91 8.01 8.04 8.06 8.04 8.07 8.09 8.30 8.28
-9999 -9999 -9999 -9999 -9999 -9999 -9999 -9999 -9999 -9999 -9999 -9999 -9999 -9999 9.16 10.81 12.09 13.93 16.63 15.18 11.69 8.95 7.35 9.08 11.26 13.10 14.77 11.26 9.02 9.90 11.24 10.57 8.40 11.41 10.32 10.12 8.48 9.25 8.08 7.76 8.47 9.69 9.10 8.27 7.69 7.36 7.76 8.80 8.54 8.12 8.20 8.62 8.81 9.01 9.45 8.69 8.43 9.66 9.62 9.42 8.96 9.06 7.96 8.16 8.69 7.72 7.57 7.66 7.69 7.84 7.88 7.88 7.92 7.93 7.96 7.90 7.78 7.64
-9999 -9999 -9999 -9999 -9999 -9999 -9999 -9999 -9999 -9999 -9999 -9999 -9999 9.46 7.84 9.58 12.54 13.69 12.66 12.27 10.06 11.12 16.02 12.85 12.98 12.80 10.54 9.44 10.29 10.93 9.33 8.61 9.35 11.16 10.88 10.07 8.34 9.45 7.72 7.77 9.37 8.58 8.88 8.79 7.94 7.39 7.69 8.78 8.65 7.87 8.19 8.22 8.17 9.03 8.64 9.73 9.10 9.76 8.94 9.20 9.27 8.30 8.00 8.83 8.69 7.67 7.57 7.90 7.69 7.84 7.87 7.97 7.92 7.82 7.77 7.59 7.93 8.22
-9999 -9999 -9999 -9999 -9999 -9999 -9999 -9999 -9999 -9999 -9999 -9999 -9999 11.74 9.84 9.11 9.36 11.53 15.56 14.77 13.17 11.35 12.20 13.87 15.01 14.78 10.43 12.48 13.52 9.24 11.66 7.67 8.68 10.68 12.56 8.84 9.15 7.80 7.13 7.52 8.39 11.26 9.43 9.20 8.54 8.08 8.12 8.53 8.28 7.77 7.96 7.91 7.90 7.94 9.28 9.79 9.71 10.27 9.18 8.67 8.65 8.19 8.53 9.03 8.68 8.10 8.41 8.12 8.36 7.94 7.93 8.11 8.14 7.79 7.59 7.39 7.37 8.24
-9999 -9999 -9999 -9999 -9999 -9999 -9999 -9999 -9999 -9999 -9999 -9999 -9999 10.32 9.41 6.37 7.97 11.09 15.75 13.63 13.86 11.23 13.50 12.92 11.21 11.85 12.42 11.98 10.25 8.80 9.37 12.19 8.50 8.64 8.86 8.79 10.20 8.63 7.08 7.42 8.33 8.84 8.65 9.52 8.96 8.45 8.58 7.97 7.44 7.97 8.23 8.38 7.80 8.47 9.81 9.84 8.92 9.07 9.90 8.83 9.11 8.08 9.03 9.16 8.31 8.15 8.28 7.66 7.84 7.75 7.82 7.89 7.77 7.60 7.50 7.33 7.66 7.21
-9999 -9999 -9999 -9999 -9999 -9999 -9999 -9999 -9999 -9999 -9999 -9999 9.88 10.87 12.84 9.78 7.62 11.82 13.31 15.47 15.39 9.99 10.65 9.81 11.19 12.61 10.57 10.32 12.25 10.47 9.62 9.18 8.18 7.58 7.91 8.87 8.74 8.32 7.94 7.45 7.45 8.35 8.73 8.06 8.56 8.18 8.79 7.93 7.76 7.86 7.48 7.42 7.75 9.04 9.02 9.15 8.46 9.28 9.39 8.98 8.18 9.03 9.09 9.10 9.22 8.70 8.13 7.92 7.69 7.76 7.81 7.70 7.56 7.36 7.22 7.30 7.64 7.60
-9999 -9999 -9999 -9999 -9999 -9999 -9999 -9999 -9999 -9999 -9999 11.40 11.16 11.80 9.59 7.56 10.88 14.56 15.35 13.25 14.98 10.80 12.23 10.53 9.73 16.22 11.16 11.84 9.68 9.78 8.38 8.18 8.47 9.64 8.51 10.44 8.61 8.91 7.45 7.21 7.50 7.96 8.35 8.01 8.21 8.51 8.61 7.18 7.75 7.66 7.81 7.97 8.30 9.00 8.32 9.15 8.61 8.88 8.12 8.06 9.28 9.67 9.15 9.27 9.08 8.15 8.51 8.45 8.29 8.16 7.79 7.48 7.20 7.39 7.35 8.04 8.26 8.46
-9999 -9999 -9999 -9999 -9999 -9999 -9999 -9999 -9999 12.97 11.38 10.10 8.30 7.98 8.40 8.63 12.32 14.07 15.80 17.22 14.89 12.22 8.32 11.33 10.47 14.60 11.55 10.44 10.43 8.84 8.46 7.48 8.57 10.49 9.71 9.75 7.52 7.74 7.51 7.50 8.23 7.95 8.42 7.70 7.85 8.11 7.40 7.19 7.48 8.39 8.17 9.03 9.69 9.17 8.64 8.14 7.91 8.73 9.24 8.92 9.31 8.45 9.25 9.35 8.63 7.83 7.86 8.70 8.44 8.39 7.48 7.19 6.96 7.23 8.29 8.74 8.48 9.30
-9999 -9999 -9999 -9999 -9999 12.47 11.58 10.38 13.78 13.71 13.60 13.28 10.27 9.32 8.59 13.77 12.31 14.81 15.06 14.52 10.96 9.46 7.53 9.46 9.42 16.34 14.25 11.47 9.07 9.44 8.76 10.47 7.70 9.69 10.00 9.44 8.51 7.57 7.13 8.15 7.68 7.15 8.61 7.52 7.45 7.02 7.34 7.88 8.42 7.61 8.61 8.28 8.75 9.67 9.42 9.06 8.74 9.25 9.24 8.86 8.52 9.37 8.36 8.26 8.07 7.73 8.43 8.59 8.54 7.76 7.08 7.12 7.36 8.50 8.69 8.30 9.08 8.25
-9999 -9999 -9999 -9999 13.74 11.39 12.05 11.27 10.66 12.57 11.74 12.00 9.50 8.04 11.86 12.83 13.71 10.25 15.88 11.62 8.84 13.98 10.64 7.42 15.13 13.09 11.40 6.98 7.19 8.13 11.48 8.36 7.80 7.92 8.16 9.85 9.23 8.95 7.55 7.78 7.20 7.09 8.12 7.58 7.03 7.04 7.50 8.24 8.03 9.96 8.17 7.97 8.48 9.28 8.62 8.50 8.05 8.21 8.79 8.58 9.22 8.58 8.01 8.09 8.33 7.74 7.97 7.94 7.28 7.00 6.88 7.04 7.35 7.92 8.85 8.85 8.90 8.49
-9999 -9999 -9999 13.32 12.81 9.79 9.43 9.64 10.71 10.21 10.78 9.69 10.09 14.61 11.64 10.33 14.34 8.23 11.12 10.89 14.16 13.24 13.96 11.61 11.51 9.89 6.47 11.46 11.32 7.76 8.37 7.85 7.57 8.20 7.66 7.92 9.57 9.76 7.31 7.01 7.03 7.54 7.02 6.46 6.77 9.55 7.72 7.62 8.25 9.13 8.53 8.06 8.70 9.25 9.11 9.51 8.79 7.92 7.80 7.79 8.78 8.41 7.81 8.65 8.45 7.75 7.80 7.53 7.16 7.30 7.31 7.37 7.74 7.94 8.81 8.16 7.98 8.32
13.93 11.69 13.33 10.69 10.56 11.28 10.20 9.69 11.98 10.76 10.76 10.59 13.37 12.78 10.91 12.04 11.46 9.15 9.02 12.76 13.27 11.52 11.63 13.52 10.18 6.55 11.65 13.17 10.45 10.65 8.05 8.38 7.57 8.01 10.16 8.00 10.30 8.31 7.14 6.84 7.11 8.77 6.26 6.61 10.80 8.13 7.74 7.77 8.48 9.51 8.16 8.28 8.66 8.34 8.84 8.75 8.11 7.61 7.92 7.53 7.97 8.32 8.24 7.76 7.40 7.20 7.18 7.62 8.99 8.15 8.93 8.24 7.23 8.64 8.57 8.74 8.38 8.13
10.94 10.53 13.38 16.66 15.29 14.53 11.05 12.19 13.94 12.49 11.89 14.07 12.05 11.27 13.64 10.22 7.57 8.30 8.83 11.97 11.88 11.31 10.52 10.00 8.34 9.98 19.61 15.01 11.05 8.42 8.99 8.36 10.06 8.29 8.84 7.79 7.87 7.76 7.55 6.91 6.68 6.73 6.21 9.85 10.56 9.68 8.24 7.83 10.66 9.13 8.32 8.54 8.12 8.86 8.69 8.30 7.36 8.33 7.86 7.18 8.90 8.60 7.37 7.16 7.12 7.02 7.60 8.65 9.00 8.63 9.03 8.20 7.72 8.64 8.75 8.20 8.47 8.26
10.20 10.73 12.17 12.65 11.85 10.37 12.35 10.94 12.88 9.44 10.69 13.36 12.34 10.26 11.16 7.37 6.74 10.59 11.85 10.71 9.13 11.22 7.88 6.90 6.76 12.22 16.04 16.53 9.03 9.64 9.79 10.01 9.01 7.48 8.91 8.21 8.12 7.44 7.57 6.30 6.01 7.14 7.10 10.03 9.93 9.21 7.90 8.78 10.53 9.82 9.21 8.59 8.77 8.56 8.03 7.53 7.41 7.80 8.11 7.65 7.46 7.36 7.05 8.20 8.90 7.36 7.72 8.63 8.92 8.28 8.66 8.44 8.31 8.43 8.14 8.39 8.17 8.15
11.26 10.27 11.08 10.73 11.20 10.28 10.24 11.42 9.80 10.52 8.91 8.68 8.53 8.04 7.48 9.83 8.69 12.92 19.82 10.62 10.71 11.03 15.56 14.93 6.38 6.50 17.99 13.50 10.90 11.30 12.40 9.94 7.59 6.75 9.28 9.63 8.13 7.23 6.71 6.05 5.99 7.45 10.32 10.77 9.39 8.76 8.35 8.22 8.42 9.51 8.70 8.44 8.12 7.63 7.21 7.06 7.96 7.62 7.25 7.19 6.31 6.54 7.55 7.52 8.36 7.75 7.85 7.96 8.16 8.57 8.62 8.46 8.34 8.44 7.94 7.74 8.17 8.04
10.37 9.78 10.82 9.69 10.04 9.83 9.78 8.58 8.41 9.29 8.35 9.95 8.54 10.90 7.44 10.97 13.47 13.81 15.32 16.05 13.00 15.10 17.13 11.23 13.12 11.43 6.68 12.59 12.38 8.58 9.09 7.14 8.96 8.65 11.88 10.76 7.96 7.08 6.26 5.98 7.29 10.66 9.29 11.13 9.38 8.91 9.60 8.44 9.85 8.29 8.44 7.89 7.56 7.28 7.38 7.22 7.07 6.56 6.27 5.88 6.09 7.26 8.24 7.75 7.21 8.03 7.52 8.58 7.74 7.58 7.69 7.83 8.01 8.12 8.17 7.47 7.91 7.84
11.06 9.88 9.42 10.93 11.93 13.38 11.69 9.88 8.92 8.02 8.47 11.59 8.47 9.94 6.96 9.56 10.54 9.96 8.86 11.67 10.69 13.56 13.90 16.05 13.44 14.01 12.42 16.93 10.27 8.79 8.17 9.19 8.49 11.25 10.70 10.89 7.30 6.70 6.10 10.04 10.84 10.60 11.11 9.09 9.55 9.67 9.31 8.37 8.34 8.27 7.86 7.56 7.51 7.37 7.83 7.59 7.43 6.42 5.51 5.50 6.38 8.23 6.52 7.22 7.55 7.31 7.31 7.52 7.16 7.23 7.65 7.20 7.71 7.80 7.71 7.75 7.81 7.29
11.61 10.35 9.74 9.82 11.38 11.25 11.63 10.51 9.64 9.03 8.57 9.11 11.83 7.96 12.46 11.65 11.89 13.20 11.34 8.79 9.05 11.47 10.65 12.97 12.74 10.73 15.16 14.85 8.53 9.45 7.03 7.82 9.88 10.76 9.96 8.98 6.98 6.36 8.28 7.82 10.05 9.95 9.25 9.55 9.17 8.69 8.63 7.77 7.41 7.37 7.32 9.00 7.62 8.43 7.60 7.04 5.85 5.17 5.24 6.32 7.67 7.08 6.63 6.96 7.15 7.18 7.52 8.02 8.38 6.82 7.61 8.39 7.61 7.34 7.75 6.94 7.27 8.22
11.37 10.88 11.26 11.97 12.99 -9999 -9999 -9999 -9999 10.16 9.92 10.97 8.49 7.40 9.23 9.75 9.64 9.11 5.41 15.20 15.80 10.58 9.44 9.95 12.00 12.91 14.50 10.89 8.88 7.66 6.69 11.28 9.89 11.54 8.24 7.71 7.01 6.84 9.42 7.87 9.86 9.71 8.75 8.80 8.46 8.06 7.56 7.22 7.09 7.20 7.30 8.71 8.02 8.54 8.48 7.36 6.03 5.14 6.64 6.61 7.11 6.95 6.87 5.59 6.30 6.76 8.12 8.56 8.12 6.67 7.40 8.15 7.89 7.40 8.13 7.63 7.49 7.92
