ML/MeanWindSpeed_1995-05_Actual.txt
ncols         180
nrows         290
xllcorner     -200000
yllcorner     -200000
cellsize      5000
NODATA_value  -9999
[rows 140 to 174 of 290, columns 78 to 155 of 180]
-9999 -9999 -9999 11.14 -9999 -9999 -9999 9.30 9.53 8.45 8.49 8.86 -9999 -9999 8.65 7.10 9.45 10.41 -9999 -9999 -9999 -9999 -9999 8.62 7.86 5.97 6.44 6.91 7.62 6.96 7.45 7.25 4.88 6.41 10.25 13.43 10.56 12.43 13.03 12.77 10.02 9.91 9.45 7.36 4.52 3.87 3.72 1.16 2.26 4.99 7.03 -9999 -9999 -9999 -9999 -9999 -9999 -9999 -9999 -9999 -9999 -9999 -9999 -9999 -9999 -9999 -9999 -9999 -9999 -9999 -9999 -9999 -9999 -9999 -9999 -9999 -9999 -9999
-9999 -9999 -9999 10.97 11.09 -9999 -9999 -9999 9.35 10.00 9.69 9.87 -9999 -9999 -9999 -9999 9.14 -9999 -9999 -9999 -9999 -9999 -9999 7.67 7.03 6.42 7.55 9.67 9.83 8.20 7.96 6.85 5.48 4.79 8.05 11.73 9.36 14.16 13.17 13.84 10.63 10.27 10.77 7.23 4.64 3.30 1.81 1.00 2.16 4.51 6.95 -9999 -9999 -9999 -9999 -9999 -9999 -9999 -9999 -9999 -9999 -9999 -9999 -9999 -9999 -9999 -9999 -9999 -9999 -9999 -9999 -9999 -9999 -9999 -9999 -9999 -9999 -9999
-9999 -9999 -9999 -9999 12.21 -9999 -9999 -9999 -9999 9.82 10.76 10.47 -9999 -9999 -9999 -9999 -9999 -9999 -9999 -9999 -9999 -9999 8.52 7.64 7.84 8.34 8.72 10.62 10.47 9.26 8.83 7.67 6.95 4.79 5.50 12.47 14.40 14.05 13.04 9.94 8.59 8.69 6.72 4.04 5.24 4.69 1.72 1.40 2.58 4.43 7.06 8.76 -9999 -9999 -9999 -9999 -9999 -9999 -9999 -9999 -9999 -9999 -9999 -9999 -9999 -9999 -9999 -9999 -9999 -9999 -9999 -9999 -9999 -9999 -9999 -9999 -9999 -9999
-9999 -9999 -9999 -9999 13.27 -9999 -9999 -9999 -9999 -9999 -9999 -9999 -9999 -9999 -9999 -9999 -9999 -9999 -9999 -9999 -9999 -9999 9.01 7.69 6.86 6.77 5.69 12.17 10.79 9.87 11.00 8.33 9.00 4.52 3.76 9.34 14.58 12.11 10.43 13.90 14.87 12.72 9.78 7.68 3.09 3.29 2.94 3.82 3.35 4.53 7.32 8.79 9.27 -9999 -9999 -9999 -9999 -9999 -9999 -9999 -9999 -9999 -9999 -9999 -9999 -9999 -9999 -9999 -9999 -9999 -9999 -9999 -9999 -9999 -9999 -9999 -9999 -9999
-9999 -9999 -9999 -9999 -9999 -9999 -9999 -9999 -9999 -9999 -9999 -9999 -9999 -9999 -9999 -9999 -9999 -9999 -9999 -9999 -9999 8.87 8.32 7.29 6.48 9.87 5.12 16.54 16.67 9.49 9.92 9.23 7.89 7.69 4.00 4.26 12.98 13.03 11.50 10.33 9.28 11.14 9.96 8.18 5.59 4.04 3.71 3.51 3.80 5.49 6.35 7.08 8.34 -9999 -9999 -9999 -9999 -9999 -9999 -9999 -9999 -9999 -9999 -9999 -9999 -9999 -9999 -9999 -9999 -9999 -9999 -9999 -9999 -9999 -9999 -9999 -9999 -9999
-9999 -9999 -9999 -9999 -9999 -9999 -9999 -9999 -9999 -9999 -9999 -9999 -9999 -9999 -9999 -9999 -9999 -9999 -9999 -9999 -9999 7.87 8.70 6.67 9.39 16.74 9.30 5.40 11.12 12.58 10.62 10.81 9.49 8.43 6.21 4.58 5.26 13.59 12.04 11.70 9.47 9.00 8.77 6.64 5.96 5.61 6.04 4.49 5.62 5.45 6.07 6.33 7.18 8.42 9.55 9.71 -9999 -9999 -9999 -9999 -9999 -9999 -9999 -9999 -9999 -9999 -9999 -9999 -9999 -9999 -9999 -9999 -9999 -9999 -9999 -9999 -9999 -9999
-9999 -9999 -9999 -9999 -9999 -9999 -9999 -9999 -9999 -9999 -9999 -9999 -9999 -9999 -9999 -9999 -9999 -9999 -9999 -9999 -9999 7.57 7.35 7.48 11.65 8.15 8.37 9.14 12.16 9.52 9.29 13.58 8.65 10.29 7.99 6.33 4.61 7.50 10.96 11.55 10.89 10.05 7.76 7.55 6.61 5.77 5.25 5.44 5.54 6.02 5.77 5.95 6.48 9.92 9.03 10.04 10.68 10.28 -9999 -9999 -9999 -9999 -9999 -9999 -9999 -9999 -9999 -9999 -9999 -9999 -9999 -9999 -9999 -9999 -9999 -9999 -9999 -9999
-9999 -9999 -9999 -9999 -9999 -9999 -9999 -9999 -9999 -9999 -9999 -9999 -9999 -9999 -9999 -9999 -9999 -9999 -9999 -9999 -9999 7.39 6.69 7.69 13.29 14.84 11.84 8.39 7.82 8.59 12.37 8.46 12.25 10.39 9.42 9.08 7.37 5.20 6.57 11.33 11.47 10.53 9.34 8.31 7.67 7.21 6.73 6.17 6.44 6.31 5.98 6.81 7.27 8.43 11.31 10.64 10.60 11.43 11.21 9.65 -9999 -9999 -9999 -9999 -9999 -9999 -9999 -9999 -9999 -9999 -9999 -9999 -9999 -9999 -9999 -9999 -9999 -9999
-9999 -9999 -9999 -9999 -9999 -9999 -9999 -9999 -9999 -9999 -9999 -9999 -9999 -9999 -9999 -9999 -9999 -9999 -9999 -9999 -9999 7.84 6.24 8.22 10.21 6.41 18.75 15.52 6.84 8.84 7.46 11.64 12.82 9.56 8.56 9.25 9.17 6.74 13.96 12.54 12.31 13.13 13.40 12.32 8.86 9.73 8.06 7.50 7.36 7.18 7.21 7.46 6.99 7.51 9.80 8.55 8.13 8.77 10.15 8.90 11.49 -9999 -9999 -9999 -9999 -9999 -9999 -9999 -9999 -9999 -9999 -9999 -9999 -9999 -9999 -9999 -9999 -9999
-9999 -9999 -9999 -9999 -9999 -9999 -9999 -9999 -9999 11.53 12.10 12.01 -9999 -9999 -9999 -9999 -9999 -9999 -9999 -9999 -9999 -9999 7.78 6.32 5.73 8.27 9.69 12.78 6.13 3.50 8.70 8.09 8.01 7.56 9.41 9.63 8.69 9.67 11.62 11.38 15.04 14.02 11.95 11.30 11.91 10.31 8.96 8.45 8.05 7.95 7.34 7.27 11.35 9.66 12.25 12.29 10.91 9.78 7.47 10.74 11.13 9.89 -9999 -9999 -9999 -9999 -9999 -9999 -9999 -9999 -9999 -9999 -9999 -9999 -9999 -9999 -9999 -9999
-9999 -9999 -9999 -9999 -9999 -9999 -9999 -9999 -9999 10.67 10.66 -9999 -9999 -9999 -9999 -9999 -9999 -9999 -9999 -9999 -9999 -9999 -9999 6.77 4.90 8.42 7.93 15.70 8.07 8.17 6.95 4.69 4.36 5.73 5.96 14.16 8.36 9.61 13.98 10.89 8.19 7.62 12.15 8.74 11.82 10.11 9.09 8.62 8.41 7.71 7.85 10.29 11.20 9.58 8.43 7.46 8.43 9.53 9.26 10.01 9.87 11.85 -9999 -9999 -9999 -9999 -9999 -9999 -9999 -9999 -9999 -9999 -9999 -9999 -9999 -9999 -9999 -9999
-9999 -9999 -9999 -9999 -9999 -9999 -9999 -9999 9.43 12.10 11.14 10.10 -9999 -9999 -9999 -9999 -9999 -9999 -9999 -9999 -9999 -9999 -9999 7.67 9.32 9.38 9.25 7.29 8.97 7.28 6.37 4.97 4.62 6.93 5.77 5.36 14.20 9.69 8.68 12.58 10.64 13.71 11.04 11.78 10.41 9.98 9.60 9.45 8.54 7.58 8.03 9.08 8.27 8.59 8.66 7.76 8.08 8.03 8.50 8.88 7.57 10.66 9.93 -9999 -9999 -9999 -9999 -9999 -9999 -9999 -9999 -9999 -9999 -9999 -9999 -9999 -9999 -9999
-9999 -9999 -9999 -9999 -9999 -9999 -9999 8.43 11.88 12.89 15.81 9.77 -9999 -9999 -9999 -9999 -9999 -9999 -9999 -9999 -9999 -9999 -9999 9.02 12.66 9.31 5.28 6.96 6.36 7.33 5.43 4.55 5.80 6.89 4.29 11.12 8.88 11.66 8.87 14.02 8.81 10.61 9.18 11.48 10.08 10.36 10.44 9.15 8.78 7.06 6.08 8.70 9.21 8.85 7.26 7.05 6.50 6.56 7.00 8.67 8.97 8.87 10.19 -9999 -9999 -9999 -9999 -9999 -9999 -9999 -9999 -9999 -9999 -9999 -9999 -9999 -9999 -9999
-9999 -9999 -9999 -9999 -9999 -9999 9.28 8.52 14.50 10.91 10.30 -9999 -9999 -9999 -9999 -9999 -9999 -9999 -9999 -9999 -9999 -9999 -9999 -9999 8.29 5.97 5.79 7.97 5.51 7.64 5.86 5.37 5.31 5.82 4.26 10.61 10.88 12.04 11.99 13.53 13.29 13.58 12.98 12.29 12.31 11.84 9.59 8.93 7.90 5.93 5.35 5.81 10.38 9.46 6.82 6.17 6.15 5.68 5.77 6.09 6.69 6.72 7.94 9.56 10.30 -9999 -9999 -9999 -9999 -9999 -9999 -9999 -9999 -9999 -9999 -9999 -9999 -9999
-9999 -9999 -9999 -9999 -9999 -9999 11.00 11.95 7.59 7.73 8.66 -9999 -9999 -9999 -9999 -9999 -9999 -9999 -9999 -9999 -9999 -9999 -9999 -9999 -9999 6.89 7.68 6.79 5.90 7.09 6.51 6.68 6.23 6.83 4.69 10.62 9.66 8.56 11.67 11.59 10.66 14.94 15.36 12.02 13.34 11.86 10.96 8.36 7.00 6.09 5.59 5.55 6.47 7.15 6.59 6.67 6.53 6.40 6.18 6.21 6.29 6.61 9.57 9.82 9.50 -9999 -9999 -9999 -9999 -9999 -9999 -9999 -9999 -9999 -9999 -9999 -9999 -9999
-9999 -9999 -9999 -9999 -9999 -9999 11.29 9.30 9.47 8.53 -9999 -9999 -9999 -9999 -9999 -9999 -9999 -9999 -9999 -9999 -9999 -9999 -9999 -9999 -9999 8.31 8.10 7.33 -9999 7.42 -9999 7.24 6.58 6.49 5.53 5.27 10.25 9.01 9.73 13.69 6.95 8.08 14.00 12.46 11.98 11.46 9.90 8.19 7.44 7.28 6.63 6.14 6.04 6.99 8.29 7.31 7.86 7.04 6.65 7.58 8.58 8.10 7.30 7.19 8.93 10.70 11.24 -9999 -9999 -9999 -9999 -9999 -9999 -9999 -9999 -9999 -9999 -9999
-9999 -9999 -9999 -9999 -9999 11.26 9.54 8.87 -9999 -9999 -9999 -9999 -9999 -9999 -9999 -9999 -9999 -9999 -9999 -9999 -9999 -9999 -9999 -9999 -9999 9.50 8.25 7.34 -9999 -9999 -9999 7.15 8.22 6.03 7.28 7.91 5.94 5.66 7.27 11.43 11.34 6.68 11.20 13.16 10.81 11.68 10.41 9.08 7.12 7.15 6.82 6.54 6.34 6.49 7.02 7.14 7.50 6.56 7.68 8.71 9.05 8.96 8.49 7.53 7.52 8.73 10.02 -9999 -9999 -9999 -9999 -9999 -9999 -9999 -9999 -9999 -9999 -9999
-9999 -9999 -9999 -9999 -9999 -9999 -9999 -9999 -9999 -9999 -9999 -9999 -9999 -9999 -9999 -9999 -9999 -9999 -9999 -9999 -9999 -9999 -9999 -9999 -9999 -9999 -9999 -9999 -9999 -9999 7.78 6.19 6.46 9.06 10.29 10.19 9.42 7.49 7.52 10.18 10.16 8.42 6.52 10.19 11.95 10.26 9.54 8.72 7.78 7.32 7.39 6.82 6.53 6.47 6.48 6.44 5.97 7.14 10.23 8.65 8.89 7.75 7.63 6.75 7.39 8.35 -9999 -9999 -9999 -9999 -9999 -9999 -9999 -9999 -9999 -9999 -9999 -9999
-9999 -9999 -9999 -9999 -9999 -9999 -9999 -9999 -9999 -9999 -9999 -9999 -9999 -9999 -9999 -9999 -9999 -9999 -9999 -9999 -9999 -9999 -9999 -9999 -9999 -9999 -9999 -9999 -9999 -9999 7.19 5.90 7.72 11.16 13.53 11.59 8.38 9.28 6.47 6.81 6.66 8.56 9.06 9.97 10.62 10.09 8.96 8.52 8.17 7.40 7.46 6.83 6.74 6.72 6.73 6.53 5.95 6.57 10.47 9.69 7.87 7.26 6.93 6.74 7.44 8.61 -9999 -9999 -9999 -9999 -9999 -9999 -9999 -9999 -9999 -9999 -9999 -9999
-9999 -9999 -9999 -9999 -9999 -9999 -9999 -9999 -9999 -9999 -9999 -9999 -9999 -9999 -9999 -9999 -9999 -9999 -9999 -9999 -9999 -9999 -9999 -9999 -9999 -9999 -9999 -9999 -9999 -9999 6.44 5.17 5.67 8.57 9.83 9.08 7.99 8.35 7.80 7.97 7.22 7.45 7.90 6.30 10.44 9.03 10.07 8.86 8.63 7.41 7.04 7.03 6.90 6.91 6.83 6.72 6.40 6.08 7.88 8.91 8.29 7.52 7.34 7.06 7.48 8.26 -9999 -9999 -9999 -9999 -9999 -9999 -9999 -9999 -9999 -9999 -9999 -9999
-9999 -9999 -9999 -9999 -9999 -9999 -9999 -9999 -9999 -9999 -9999 -9999 -9999 -9999 -9999 -9999 -9999 -9999 -9999 -9999 -9999 -9999 -9999 -9999 -9999 -9999 -9999 -9999 8.84 7.41 5.83 4.95 7.31 8.82 11.52 8.31 10.03 6.18 7.67 7.62 9.47 10.10 9.33 10.66 6.87 7.30 7.49 7.48 7.22 8.10 7.17 7.01 7.21 6.91 6.88 6.91 6.63 6.34 6.31 8.26 8.40 7.91 7.54 7.36 7.22 7.44 8.38 -9999 -9999 -9999 -9999 -9999 -9999 -9999 -9999 -9999 -9999 -9999
-9999 -9999 -9999 -9999 -9999 -9999 -9999 -9999 -9999 -9999 -9999 -9999 -9999 -9999 -9999 -9999 -9999 -9999 -9999 -9999 -9999 -9999 -9999 -9999 -9999 -9999 -9999 -9999 8.16 6.63 5.74 5.23 5.49 8.04 5.98 6.46 5.16 7.03 10.49 8.66 10.78 10.13 11.04 7.43 10.61 8.24 9.27 8.69 8.81 7.84 7.56 7.16 6.89 6.87 6.96 6.92 6.85 6.54 6.23 6.87 8.62 8.41 7.68 7.53 6.89 6.55 7.74 -9999 -9999 -9999 -9999 -9999 -9999 -9999 -9999 -9999 -9999 -9999
-9999 -9999 -9999 -9999 -9999 -9999 -9999 -9999 -9999 -9999 -9999 -9999 -9999 -9999 -9999 -9999 -9999 -9999 -9999 -9999 -9999 -9999 -9999 -9999 -9999 -9999 -9999 -9999 8.15 6.46 5.91 5.55 5.57 5.80 6.58 6.36 5.81 7.77 8.53 8.17 9.83 11.85 9.38 8.60 6.98 8.67 6.97 7.63 8.18 8.41 7.67 7.41 6.89 6.87 7.00 7.00 6.94 6.79 6.54 6.72 8.11 9.11 8.01 7.37 6.67 5.98 6.76 8.10 -9999 -9999 -9999 -9999 -9999 -9999 -9999 -9999 -9999 -9999
-9999 -9999 -9999 -9999 -9999 -9999 -9999 -9999 -9999 -9999 -9999 -9999 -9999 -9999 -9999 -9999 -9999 -9999 -9999 -9999 -9999 -9999 -9999 -9999 -9999 -9999 -9999 -9999 7.87 6.56 6.19 6.19 5.94 5.92 6.22 7.42 8.90 6.57 6.65 8.11 12.06 11.75 12.55 10.60 8.30 7.95 8.44 7.13 6.55 7.63 8.22 7.40 6.97 6.98 6.89 6.99 7.05 7.09 6.92 6.92 8.34 9.59 8.59 7.84 7.08 6.06 6.06 7.29 8.56 -9999 -9999 -9999 -9999 -9999 -9999 -9999 -9999 -9999
-9999 -9999 -9999 -9999 -9999 -9999 -9999 -9999 -9999 -9999 -9999 -9999 -9999 -9999 -9999 -9999 -9999 -9999 -9999 -9999 -9999 -9999 -9999 -9999 -9999 -9999 -9999 -9999 7.86 6.37 6.04 5.93 5.78 5.59 6.97 7.22 8.23 8.33 10.19 11.56 11.83 9.51 11.25 9.50 8.97 7.41 8.65 7.98 7.13 6.68 6.76 7.13 6.98 6.96 7.01 7.12 7.19 7.34 7.41 7.51 7.66 8.64 8.66 8.00 7.44 6.86 6.36 6.46 7.85 -9999 -9999 -9999 -9999 -9999 -9999 -9999 -9999 -9999
-9999 -9999 -9999 -9999 -9999 -9999 -9999 -9999 -9999 -9999 -9999 -9999 -9999 -9999 -9999 -9999 -9999 -9999 -9999 -9999 -9999 -9999 -9999 -9999 -9999 -9999 -9999 -9999 -9999 6.47 6.17 5.96 5.64 6.28 8.54 8.78 9.28 8.04 7.69 9.47 8.97 10.89 10.22 7.99 6.23 6.80 6.81 7.97 7.10 6.91 7.54 7.40 6.91 7.05 7.02 7.19 7.21 7.36 7.57 7.82 7.85 7.53 7.98 8.12 7.92 -9999 7.17 7.36 8.15 9.65 -9999 -9999 -9999 -9999 -9999 -9999 -9999 -9999
-9999 -9999 -9999 -9999 -9999 -9999 -9999 -9999 -9999 -9999 -9999 -9999 -9999 -9999 -9999 -9999 -9999 -9999 -9999 -9999 -9999 -9999 -9999 -9999 -9999 -9999 -9999 -9999 7.74 6.51 6.29 5.80 5.52 5.72 9.47 10.04 8.07 10.39 9.73 8.04 8.07 12.31 10.92 11.32 8.32 6.45 8.05 6.46 5.97 6.81 7.09 6.94 7.21 6.90 7.02 7.15 7.33 7.28 7.35 8.75 8.11 7.35 8.52 7.94 7.96 7.73 -9999 8.26 8.90 10.07 11.02 -9999 -9999 -9999 -9999 -9999 -9999 -9999
-9999 -9999 -9999 -9999 -9999 -9999 -9999 -9999 -9999 -9999 -9999 -9999 -9999 -9999 -9999 -9999 -9999 -9999 -9999 -9999 -9999 -9999 -9999 -9999 -9999 -9999 -9999 -9999 7.57 6.36 6.20 5.86 7.33 6.23 6.95 9.63 6.73 7.08 7.39 5.67 6.06 10.02 10.26 10.62 7.55 8.93 9.15 6.64 7.47 6.73 7.32 7.37 7.30 6.98 7.07 7.16 7.22 7.16 7.09 7.25 7.78 6.89 6.99 7.72 7.44 8.02 8.16 -9999 -9999 -9999 -9999 -9999 -9999 -9999 -9999 -9999 -9999 -9999
-9999 -9999 -9999 -9999 -9999 -9999 -9999 -9999 -9999 -9999 -9999 -9999 -9999 -9999 -9999 -9999 -9999 -9999 -9999 -9999 -9999 -9999 -9999 -9999 -9999 -9999 -9999 9.02 7.08 6.23 6.99 6.69 6.81 6.29 6.73 6.65 6.34 6.30 5.87 5.77 6.41 8.90 11.55 12.40 8.83 10.68 9.49 6.71 6.74 5.82 6.57 7.31 7.33 7.07 7.32 7.31 7.24 7.31 7.12 7.20 7.39 7.21 6.85 8.23 8.04 7.97 7.97 8.77 9.60 -9999 -9999 -9999 -9999 -9999 -9999 -9999 -9999 -9999
-9999 -9999 -9999 -9999 -9999 -9999 -9999 -9999 -9999 -9999 -9999 -9999 -9999 -9999 -9999 -9999 -9999 -9999 -9999 -9999 -9999 -9999 -9999 -9999 -9999 -9999 -9999 -9999 7.34 6.38 6.41 6.79 8.37 6.32 5.86 5.75 6.38 6.82 6.39 6.21 6.16 6.20 9.85 11.87 12.89 9.84 9.73 8.11 6.74 6.88 5.40 6.40 7.96 7.30 7.29 7.21 7.24 7.40 7.24 7.27 7.63 7.39 6.85 6.96 9.33 8.44 8.03 8.16 8.59 9.46 10.59 -9999 -9999 -9999 -9999 -9999 -9999 -9999
-9999 -9999 -9999 -9999 -9999 -9999 -9999 -9999 -9999 -9999 -9999 -9999 -9999 -9999 -9999 -9999 -9999 -9999 -9999 -9999 -9999 -9999 -9999 -9999 -9999 -9999 -9999 -9999 7.40 6.75 6.30 6.40 6.59 6.70 6.43 6.00 6.28 6.13 6.07 6.13 6.12 6.82 6.37 10.86 12.95 12.65 10.44 8.84 7.43 6.05 6.62 6.62 8.35 7.51 7.43 7.23 7.31 7.33 7.31 7.65 7.76 7.64 7.13 7.39 9.17 8.83 9.09 7.92 7.72 8.38 9.54 -9999 -9999 -9999 -9999 -9999 -9999 -9999
-9999 -9999 -9999 -9999 -9999 -9999 -9999 -9999 11.34 10.69 11.13 12.11 -9999 -9999 -9999 -9999 -9999 -9999 -9999 -9999 -9999 -9999 -9999 -9999 -9999 -9999 -9999 8.10 7.02 7.16 6.50 7.19 6.78 6.47 6.54 6.59 6.41 6.48 6.45 6.48 6.52 6.50 8.67 10.81 10.59 7.96 10.95 10.07 6.60 6.55 5.14 8.29 8.85 7.69 7.61 7.37 7.38 7.38 7.36 7.68 8.13 8.07 7.43 7.32 7.54 9.25 9.22 9.58 7.87 7.52 8.56 9.94 -9999 -9999 -9999 -9999 -9999 -9999
-9999 -9999 -9999 -9999 -9999 -9999 -9999 -9999 10.63 9.93 9.76 10.21 -9999 -9999 -9999 -9999 -9999 -9999 -9999 -9999 -9999 -9999 -9999 -9999 -9999 -9999 8.19 7.74 7.04 7.19 7.93 6.80 6.97 6.22 6.35 6.63 6.58 6.87 7.12 6.60 6.51 6.90 7.96 12.40 11.80 7.81 9.09 8.74 8.26 5.62 5.18 7.45 8.40 7.83 7.22 7.14 7.32 7.69 7.57 7.71 8.01 8.53 7.90 7.60 7.32 8.82 8.96 9.04 8.13 7.74 7.96 9.32 -9999 -9999 -9999 -9999 -9999 -9999
-9999 -9999 -9999 -9999 -9999 -9999 13.48 10.47 8.88 9.18 8.84 9.77 9.52 10.43 11.25 -9999 -9999 11.75 10.63 -9999 -9999 -9999 8.97 10.14 9.83 -9999 6.99 7.99 7.18 6.79 7.18 6.72 7.24 7.23 7.68 7.28 7.41 6.78 7.30 6.90 7.20 10.72 7.96 8.63 10.37 5.44 6.56 11.40 6.58 7.99 6.28 7.30 7.73 7.46 7.40 7.37 7.39 7.64 7.39 7.78 7.85 8.66 7.98 7.59 7.40 7.64 8.29 9.34 9.03 7.88 7.67 8.73 10.23 -9999 -9999 -9999 -9999 -9999
-9999 -9999 -9999 -9999 -9999 -9999 -9999 10.87 9.29 8.60 8.10 8.30 9.50 11.11 9.68 -9999 10.13 9.62 10.98 10.37 11.15 8.32 7.17 10.50 10.73 9.60 -9999 6.30 7.41 7.19 6.61 6.62 7.52 7.04 6.77 6.73 6.75 7.09 6.95 7.47 7.52 10.76 10.98 9.58 9.61 8.46 9.40 9.86 8.80 6.56 6.25 8.15 8.21 7.09 7.73 7.40 7.79 7.77 7.40 7.67 7.77 8.71 8.08 7.57 7.42 7.11 7.75 8.59 9.45 8.57 7.77 8.19 9.64 -9999 -9999 -9999 -9999 -9999
