ML/MeanWindSpeed_1998-08_Actual.txt
ncols         180
nrows         290
xllcorner     -200000
yllcorner     -200000
cellsize      5000
NODATA_value  -9999
[rows 140 to 174 of 290, columns 79 to 157 of 180]
-9999 -9999 11.71 -9999 -9999 -9999 11.00 10.51 9.44 9.48 10.63 -9999 -9999 10.79 9.72 10.91 11.73 -9999 -9999 -9999 -9999 -9999 10.03 8.43 6.57 6.42 6.21 6.59 6.72 6.88 6.39 5.11 6.91 8.32 7.99 6.86 7.51 8.03 8.43 7.41 7.82 7.78 7.02 5.96 6.00 5.96 4.61 5.20 6.98 8.78 -9999 -9999 -9999 -9999 -9999 -9999 -9999 -9999 -9999 -9999 -9999 -9999 -9999 -9999 -9999 -9999 -9999 -9999 -9999 -9999 -9999 -9999 -9999 -9999 -9999 -9999 -9999 -9999 -9999
-9999 -9999 12.02 11.81 -9999 -9999 -9999 11.02 10.73 10.51 11.12 -9999 -9999 -9999 -9999 11.83 -9999 -9999 -9999 -9999 -9999 -9999 8.88 7.19 5.87 5.91 6.20 6.44 6.58 6.95 6.75 5.83 6.35 8.24 7.76 5.99 8.53 8.56 9.25 7.79 7.83 8.39 7.15 6.40 6.21 5.18 4.24 5.05 6.81 8.60 -9999 -9999 -9999 -9999 -9999 -9999 -9999 -9999 -9999 -9999 -9999 -9999 -9999 -9999 -9999 -9999 -9999 -9999 -9999 -9999 -9999 -9999 -9999 -9999 -9999 -9999 -9999 -9999 -9999
-9999 -9999 -9999 12.56 -9999 -9999 -9999 -9999 11.35 11.69 11.73 -9999 -9999 -9999 -9999 -9999 -9999 -9999 -9999 -9999 -9999 10.15 8.20 6.77 5.49 5.26 6.19 6.46 6.79 7.31 7.42 6.73 5.67 6.80 9.00 8.65 8.87 9.15 8.49 8.16 8.22 7.19 6.04 6.83 6.73 5.03 4.49 5.33 6.87 8.70 10.14 -9999 -9999 -9999 -9999 -9999 -9999 -9999 -9999 -9999 -9999 -9999 -9999 -9999 -9999 -9999 -9999 -9999 -9999 -9999 -9999 -9999 -9999 -9999 -9999 -9999 -9999 -9999 -9999
-9999 -9999 -9999 13.21 -9999 -9999 -9999 -9999 -9999 -9999 -9999 -9999 -9999 -9999 -9999 -9999 -9999 -9999 -9999 -9999 -9999 10.06 7.66 5.63 3.69 3.38 7.46 6.60 6.66 8.24 7.60 7.88 5.18 5.32 8.29 9.92 8.69 7.95 9.80 10.98 10.48 9.33 8.35 6.32 6.08 5.61 5.80 5.98 7.16 8.81 9.94 10.80 -9999 -9999 -9999 -9999 -9999 -9999 -9999 -9999 -9999 -9999 -9999 -9999 -9999 -9999 -9999 -9999 -9999 -9999 -9999 -9999 -9999 -9999 -9999 -9999 -9999 -9999 -9999
-9999 -9999 -9999 -9999 -9999 -9999 -9999 -9999 -9999 -9999 -9999 -9999 -9999 -9999 -9999 -9999 -9999 -9999 -9999 -9999 11.80 9.86 7.13 5.28 5.42 3.57 9.62 9.23 6.50 7.70 7.68 7.56 6.98 5.32 6.49 10.68 10.70 9.84 8.99 8.48 9.52 9.28 8.57 7.39 6.65 6.28 6.14 6.67 7.92 8.47 8.91 9.63 -9999 -9999 -9999 -9999 -9999 -9999 -9999 -9999 -9999 -9999 -9999 -9999 -9999 -9999 -9999 -9999 -9999 -9999 -9999 -9999 -9999 -9999 -9999 -9999 -9999 -9999 -9999
-9999 -9999 -9999 -9999 -9999 -9999 -9999 -9999 -9999 -9999 -9999 -9999 -9999 -9999 -9999 -9999 -9999 -9999 -9999 -9999 11.15 10.00 6.75 6.31 8.98 5.22 4.63 7.70 8.04 7.65 7.79 7.85 7.48 6.36 6.54 8.13 12.00 10.86 10.19 9.26 9.16 8.94 7.80 7.30 7.11 7.45 7.02 7.72 7.92 8.23 8.04 8.31 8.94 9.49 9.99 -9999 -9999 -9999 -9999 -9999 -9999 -9999 -9999 -9999 -9999 -9999 -9999 -9999 -9999 -9999 -9999 -9999 -9999 -9999 -9999 -9999 -9999 -9999 -9999
-9999 -9999 -9999 -9999 -9999 -9999 -9999 -9999 -9999 -9999 -9999 -9999 -9999 -9999 -9999 -9999 -9999 -9999 -9999 -9999 11.04 9.52 7.71 8.05 5.68 4.35 5.45 8.31 7.03 7.23 8.99 6.99 8.11 7.46 7.14 7.70 9.26 9.86 9.61 9.31 9.14 8.24 8.01 7.56 7.27 7.24 7.49 7.60 7.86 7.51 7.17 7.00 8.33 7.86 8.91 10.10 10.84 -9999 -9999 -9999 -9999 -9999 -9999 -9999 -9999 -9999 -9999 -9999 -9999 -9999 -9999 -9999 -9999 -9999 -9999 -9999 -9999 -9999 -9999
-9999 -9999 -9999 -9999 -9999 -9999 -9999 -9999 -9999 -9999 -9999 -9999 -9999 -9999 -9999 -9999 -9999 -9999 -9999 -9999 11.12 9.33 8.60 10.13 10.02 6.87 4.98 6.72 7.54 9.20 7.64 9.05 8.25 7.86 7.92 7.74 7.18 7.52 9.25 8.85 8.58 8.42 7.97 7.74 7.87 7.93 7.71 7.78 7.56 7.10 6.80 6.34 6.69 7.96 8.16 8.93 10.44 11.21 11.07 -9999 -9999 -9999 -9999 -9999 -9999 -9999 -9999 -9999 -9999 -9999 -9999 -9999 -9999 -9999 -9999 -9999 -9999 -9999 -9999
-9999 -9999 -9999 -9999 -9999 -9999 -9999 -9999 -9999 -9999 -9999 -9999 -9999 -9999 -9999 -9999 -9999 -9999 -9999 -9999 11.79 9.73 9.30 9.06 7.07 12.08 10.15 7.61 8.74 7.79 10.12 10.35 8.41 7.49 7.32 6.65 5.81 9.32 8.95 8.83 9.15 9.42 9.22 7.96 8.61 8.20 8.01 7.90 7.62 7.21 6.54 5.86 6.45 7.98 7.99 8.26 8.91 9.98 9.99 11.95 -9999 -9999 -9999 -9999 -9999 -9999 -9999 -9999 -9999 -9999 -9999 -9999 -9999 -9999 -9999 -9999 -9999 -9999 -9999
-9999 -9999 -9999 -9999 -9999 -9999 -9999 -9999 10.93 11.14 11.91 -9999 -9999 -9999 -9999 -9999 -9999 -9999 -9999 -9999 -9999 11.02 9.45 7.88 8.69 10.36 11.60 8.85 7.54 9.75 9.86 8.87 7.65 8.21 7.65 6.07 6.25 7.89 8.65 10.46 9.97 9.06 9.00 9.45 8.93 8.40 8.14 7.85 7.45 6.69 5.96 7.55 7.59 9.52 10.37 10.33 9.87 8.80 10.29 11.30 11.66 -9999 -9999 -9999 -9999 -9999 -9999 -9999 -9999 -9999 -9999 -9999 -9999 -9999 -9999 -9999 -9999 -9999 -9999
-9999 -9999 -9999 -9999 -9999 -9999 -9999 -9999 9.43 9.63 -9999 -9999 -9999 -9999 -9999 -9999 -9999 -9999 -9999 -9999 -9999 -9999 9.55 7.64 9.54 10.69 13.84 9.63 9.59 9.70 8.72 7.72 7.02 6.38 9.32 6.30 6.78 9.53 8.94 8.00 7.96 10.08 8.48 9.87 9.05 8.49 8.09 7.76 6.95 6.69 7.41 7.85 8.02 8.47 8.76 9.64 10.06 9.92 10.22 10.66 12.24 -9999 -9999 -9999 -9999 -9999 -9999 -9999 -9999 -9999 -9999 -9999 -9999 -9999 -9999 -9999 -9999 -9999 -9999
-9999 -9999 -9999 -9999 -9999 -9999 -9999 8.71 9.76 10.24 11.07 -9999 -9999 -9999 -9999 -9999 -9999 -9999 -9999 -9999 -9999 -9999 9.44 9.87 10.16 11.11 9.95 9.88 8.79 8.70 8.19 7.73 7.98 6.77 5.68 9.43 7.87 7.88 9.43 8.85 10.25 9.08 9.33 8.92 8.84 8.53 8.37 7.79 6.90 7.12 7.89 7.71 8.67 9.73 9.85 10.27 10.02 10.21 10.65 10.25 11.91 11.87 -9999 -9999 -9999 -9999 -9999 -9999 -9999 -9999 -9999 -9999 -9999 -9999 -9999 -9999 -9999 -9999 -9999
-9999 -9999 -9999 -9999 -9999 -9999 7.62 9.21 10.52 12.96 11.21 -9999 -9999 -9999 -9999 -9999 -9999 -9999 -9999 -9999 -9999 -9999 10.56 12.39 10.73 9.18 9.67 8.96 9.00 8.15 7.48 7.46 7.61 6.58 8.81 7.43 9.36 8.28 10.35 8.10 8.70 7.92 9.02 8.48 8.73 8.74 8.20 7.98 7.06 6.86 8.77 9.36 9.53 9.45 9.78 9.84 9.72 9.88 10.89 10.94 10.86 11.42 -9999 -9999 -9999 -9999 -9999 -9999 -9999 -9999 -9999 -9999 -9999 -9999 -9999 -9999 -9999 -9999 -9999
-9999 -9999 -9999 -9999 -9999 8.73 7.61 11.06 11.20 11.93 -9999 -9999 -9999 -9999 -9999 -9999 -9999 -9999 -9999 -9999 -9999 -9999 -9999 11.29 9.71 8.91 9.69 8.47 9.56 8.47 7.71 7.13 6.66 5.85 8.55 8.51 9.16 8.74 9.11 9.32 9.25 8.74 8.89 9.24 9.08 8.29 8.13 7.91 7.17 6.91 7.83 10.31 9.94 9.08 8.97 9.15 9.14 9.34 9.53 9.43 9.17 9.76 10.93 11.88 -9999 -9999 -9999 -9999 -9999 -9999 -9999 -9999 -9999 -9999 -9999 -9999 -9999 -9999 -9999
-9999 -9999 -9999 -9999 -9999 9.52 9.87 9.20 11.08 12.02 -9999 -9999 -9999 -9999 -9999 -9999 -9999 -9999 -9999 -9999 -9999 -9999 -9999 -9999 10.09 9.50 9.09 8.66 9.50 8.99 8.54 7.83 7.22 5.81 8.75 8.39 8.02 8.98 7.98 7.64 9.69 9.70 8.42 9.55 9.19 8.91 8.02 7.73 7.47 7.23 7.62 8.51 8.81 8.58 8.58 8.65 8.76 8.65 8.71 8.62 8.52 9.74 10.32 10.77 -9999 -9999 -9999 -9999 -9999 -9999 -9999 -9999 -9999 -9999 -9999 -9999 -9999 -9999 -9999
-9999 -9999 -9999 -9999 -9999 10.31 9.75 10.52 11.06 -9999 -9999 -9999 -9999 -9999 -9999 -9999 -9999 -9999 -9999 -9999 -9999 -9999 -9999 -9999 10.56 10.05 9.67 -9999 9.94 -9999 8.91 8.00 6.89 5.94 6.55 8.72 8.14 8.70 10.09 6.80 7.64 10.27 9.46 9.40 9.37 8.81 8.08 7.87 7.81 7.53 7.62 8.07 8.54 8.84 8.36 8.60 7.97 7.55 8.12 8.74 8.60 8.41 8.60 9.89 11.56 12.61 -9999 -9999 -9999 -9999 -9999 -9999 -9999 -9999 -9999 -9999 -9999 -9999 -9999
-9999 -9999 -9999 -9999 11.18 10.76 10.59 -9999 -9999 -9999 -9999 -9999 -9999 -9999 -9999 -9999 -9999 -9999 -9999 -9999 -9999 -9999 -9999 -9999 11.34 10.65 10.00 -9999 -9999 -9999 8.59 8.17 6.13 6.35 7.54 7.07 6.55 7.86 10.09 9.72 7.38 9.62 10.39 9.09 9.77 9.17 8.49 7.67 7.76 7.63 7.69 7.94 8.18 8.23 8.07 8.05 7.24 7.39 8.05 8.71 9.13 9.22 8.89 9.28 10.56 11.96 -9999 -9999 -9999 -9999 -9999 -9999 -9999 -9999 -9999 -9999 -9999 -9999 -9999
-9999 -9999 -9999 -9999 -9999 -9999 -9999 -9999 -9999 -9999 -9999 -9999 -9999 -9999 -9999 -9999 -9999 -9999 -9999 -9999 -9999 -9999 -9999 -9999 -9999 -9999 -9999 -9999 -9999 9.22 7.37 6.48 6.64 7.11 8.21 8.53 7.75 8.44 10.01 9.63 8.52 7.94 9.52 10.04 9.45 8.82 8.21 7.82 7.85 7.93 7.73 7.79 7.96 7.96 7.66 7.12 7.45 8.72 8.32 8.92 8.81 8.93 8.57 9.40 10.60 -9999 -9999 -9999 -9999 -9999 -9999 -9999 -9999 -9999 -9999 -9999 -9999 -9999 -9999
-9999 -9999 -9999 -9999 -9999 -9999 -9999 -9999 -9999 -9999 -9999 -9999 -9999 -9999 -9999 -9999 -9999 -9999 -9999 -9999 -9999 -9999 -9999 -9999 -9999 -9999 -9999 -9999 -9999 8.57 6.79 6.56 7.54 9.12 9.18 8.17 8.70 8.04 8.39 7.80 8.35 8.60 9.43 9.46 9.34 8.78 8.40 8.08 7.79 7.91 7.66 7.67 7.73 7.81 7.58 6.94 7.30 9.37 9.34 8.69 8.59 8.49 8.34 9.20 10.62 -9999 -9999 -9999 -9999 -9999 -9999 -9999 -9999 -9999 -9999 -9999 -9999 -9999 -9999
-9999 -9999 -9999 -9999 -9999 -9999 -9999 -9999 -9999 -9999 -9999 -9999 -9999 -9999 -9999 -9999 -9999 -9999 -9999 -9999 -9999 -9999 -9999 -9999 -9999 -9999 -9999 -9999 -9999 7.96 6.50 6.56 8.42 9.18 9.27 9.00 8.38 8.01 8.42 7.57 7.44 7.81 7.48 9.32 8.58 9.03 8.47 8.24 7.69 7.62 7.63 7.60 7.65 7.68 7.61 7.24 7.29 8.68 9.21 8.71 8.38 8.30 8.14 8.85 10.17 -9999 -9999 -9999 -9999 -9999 -9999 -9999 -9999 -9999 -9999 -9999 -9999 -9999 -9999
-9999 -9999 -9999 -9999 -9999 -9999 -9999 -9999 -9999 -9999 -9999 -9999 -9999 -9999 -9999 -9999 -9999 -9999 -9999 -9999 -9999 -9999 -9999 -9999 -9999 -9999 -9999 10.47 9.03 7.32 6.24 7.78 9.37 10.82 9.48 9.78 7.29 7.45 7.47 7.69 8.02 8.07 9.27 8.14 8.14 8.07 7.97 7.68 7.95 7.52 7.49 7.65 7.56 7.61 7.69 7.52 7.55 8.13 9.01 8.52 8.06 8.00 7.98 8.39 9.62 11.00 -9999 -9999 -9999 -9999 -9999 -9999 -9999 -9999 -9999 -9999 -9999 -9999 -9999
-9999 -9999 -9999 -9999 -9999 -9999 -9999 -9999 -9999 -9999 -9999 -9999 -9999 -9999 -9999 -9999 -9999 -9999 -9999 -9999 -9999 -9999 -9999 -9999 -9999 -9999 -9999 9.80 8.29 7.32 6.81 7.33 9.26 8.61 7.85 6.71 7.37 8.27 6.97 7.75 7.60 8.29 7.19 9.12 8.28 8.79 8.60 8.49 7.90 7.65 7.51 7.49 7.49 7.59 7.65 7.68 7.58 7.73 8.21 8.60 8.13 7.91 7.95 8.11 9.02 10.34 -9999 -9999 -9999 -9999 -9999 -9999 -9999 -9999 -9999 -9999 -9999 -9999 -9999
-9999 -9999 -9999 -9999 -9999 -9999 -9999 -9999 -9999 -9999 -9999 -9999 -9999 -9999 -9999 -9999 -9999 -9999 -9999 -9999 -9999 -9999 -9999 -9999 -9999 -9999 -9999 9.69 8.16 7.55 7.26 7.71 8.56 8.50 7.33 6.72 7.09 6.74 6.28 7.41 8.77 7.97 8.03 7.60 8.30 7.57 7.73 8.02 8.23 7.83 7.67 7.49 7.47 7.57 7.66 7.71 7.66 7.46 7.76 8.42 8.61 8.10 7.93 8.11 8.48 9.48 10.76 -9999 -9999 -9999 -9999 -9999 -9999 -9999 -9999 -9999 -9999 -9999 -9999
-9999 -9999 -9999 -9999 -9999 -9999 -9999 -9999 -9999 -9999 -9999 -9999 -9999 -9999 -9999 -9999 -9999 -9999 -9999 -9999 -9999 -9999 -9999 -9999 -9999 -9999 -9999 9.53 8.25 7.81 7.71 7.67 7.60 7.36 7.29 7.31 6.29 6.03 6.27 8.38 8.76 9.31 9.02 8.39 8.33 8.53 7.86 7.56 8.04 8.17 7.64 7.45 7.49 7.51 7.65 7.81 7.88 7.66 7.75 8.82 9.36 8.75 8.57 8.63 8.56 8.78 9.85 11.10 -9999 -9999 -9999 -9999 -9999 -9999 -9999 -9999 -9999 -9999 -9999
-9999 -9999 -9999 -9999 -9999 -9999 -9999 -9999 -9999 -9999 -9999 -9999 -9999 -9999 -9999 -9999 -9999 -9999 -9999 -9999 -9999 -9999 -9999 -9999 -9999 -9999 -9999 9.60 8.24 7.84 7.59 7.21 6.81 6.72 6.13 6.36 6.80 7.54 8.28 9.23 8.31 9.00 8.43 8.39 7.82 8.48 8.30 7.98 7.70 7.59 7.54 7.41 7.50 7.62 7.81 7.94 8.12 8.18 8.24 8.88 9.41 9.09 8.86 9.00 9.06 8.91 9.03 10.25 -9999 -9999 -9999 -9999 -9999 -9999 -9999 -9999 -9999 -9999 -9999
-9999 -9999 -9999 -9999 -9999 -9999 -9999 -9999 -9999 -9999 -9999 -9999 -9999 -9999 -9999 -9999 -9999 -9999 -9999 -9999 -9999 -9999 -9999 -9999 -9999 -9999 -9999 -9999 8.25 7.85 7.36 6.60 6.43 6.95 6.96 7.24 6.70 6.88 8.11 8.62 9.31 9.03 8.29 7.57 7.69 7.63 8.09 7.70 7.61 7.91 7.74 7.44 7.61 7.71 7.90 7.98 8.10 8.32 8.49 8.83 9.00 8.90 8.99 9.23 -9999 9.33 9.62 10.32 11.59 -9999 -9999 -9999 -9999 -9999 -9999 -9999 -9999 -9999 -9999
-9999 -9999 -9999 -9999 -9999 -9999 -9999 -9999 -9999 -9999 -9999 -9999 -9999 -9999 -9999 -9999 -9999 -9999 -9999 -9999 -9999 -9999 -9999 -9999 -9999 -9999 -9999 9.38 8.12 7.62 7.02 6.17 5.90 7.81 8.29 7.43 8.67 8.76 7.75 7.64 9.44 8.81 8.91 7.82 7.13 8.08 7.60 7.29 7.52 7.69 7.57 7.62 7.65 7.74 7.84 8.00 7.94 8.02 8.70 8.48 8.37 8.96 8.60 8.93 9.10 -9999 10.16 10.87 11.92 12.75 -9999 -9999 -9999 -9999 -9999 -9999 -9999 -9999 -9999
-9999 -9999 -9999 -9999 -9999 -9999 -9999 -9999 -9999 -9999 -9999 -9999 -9999 -9999 -9999 -9999 -9999 -9999 -9999 -9999 -9999 -9999 -9999 -9999 -9999 -9999 -9999 9.07 7.79 7.35 6.94 7.11 6.69 7.71 9.18 7.96 8.06 8.10 6.94 6.59 8.25 8.07 7.82 6.51 7.47 8.17 7.44 7.86 7.60 7.96 7.94 7.74 7.66 7.73 7.80 7.85 7.72 7.67 7.89 7.97 7.61 7.87 8.13 8.02 8.77 9.36 -9999 -9999 -9999 -9999 -9999 -9999 -9999 -9999 -9999 -9999 -9999 -9999 -9999
-9999 -9999 -9999 -9999 -9999 -9999 -9999 -9999 -9999 -9999 -9999 -9999 -9999 -9999 -9999 -9999 -9999 -9999 -9999 -9999 -9999 -9999 -9999 -9999 -9999 -9999 10.46 8.57 7.46 7.60 7.39 7.34 7.20 8.12 8.56 8.08 7.67 7.26 6.81 6.37 7.54 8.81 8.55 6.70 8.07 8.20 7.47 7.67 7.37 7.78 8.00 7.69 7.55 7.77 7.79 7.79 7.80 7.65 7.84 7.89 7.71 7.70 8.27 7.99 8.09 8.65 9.72 10.89 -9999 -9999 -9999 -9999 -9999 -9999 -9999 -9999 -9999 -9999 -9999
-9999 -9999 -9999 -9999 -9999 -9999 -9999 -9999 -9999 -9999 -9999 -9999 -9999 -9999 -9999 -9999 -9999 -9999 -9999 -9999 -9999 -9999 -9999 -9999 -9999 -9999 -9999 8.71 7.61 7.35 7.59 8.41 7.56 7.63 7.68 7.55 7.38 6.88 6.34 5.73 6.00 7.78 8.09 8.56 7.94 8.42 8.28 8.00 8.20 7.42 7.50 7.81 7.53 7.65 7.64 7.66 7.79 7.66 7.75 7.94 7.65 7.38 7.50 8.47 8.07 8.01 8.56 9.52 10.58 11.73 -9999 -9999 -9999 -9999 -9999 -9999 -9999 -9999 -9999
-9999 -9999 -9999 -9999 -9999 -9999 -9999 -9999 -9999 -9999 -9999 -9999 -9999 -9999 -9999 -9999 -9999 -9999 -9999 -9999 -9999 -9999 -9999 -9999 -9999 -9999 -9999 8.74 7.99 7.59 7.71 7.82 7.72 7.50 7.21 7.06 6.67 6.35 6.08 5.90 5.93 5.77 7.97 9.13 9.90 9.12 8.50 8.44 7.83 7.80 7.56 8.01 7.58 7.66 7.63 7.63 7.66 7.62 7.80 7.88 7.64 7.18 7.44 8.44 8.23 8.39 8.02 8.43 9.35 10.57 -9999 -9999 -9999 -9999 -9999 -9999 -9999 -9999 -9999
-9999 -9999 -9999 -9999 -9999 -9999 -9999 11.21 10.52 10.95 11.93 -9999 -9999 -9999 -9999 -9999 -9999 -9999 -9999 -9999 -9999 -9999 -9999 -9999 -9999 -9999 9.33 8.39 8.28 7.93 8.26 8.01 7.45 7.06 6.89 6.68 6.50 6.19 5.88 5.56 5.08 6.85 8.53 8.81 8.51 9.80 9.39 8.11 7.81 6.89 8.17 8.25 7.68 7.63 7.56 7.57 7.58 7.56 7.66 7.91 7.73 7.24 7.25 7.66 8.48 8.51 8.71 8.08 8.26 9.49 10.89 -9999 -9999 -9999 -9999 -9999 -9999 -9999 -9999
-9999 -9999 -9999 -9999 -9999 -9999 -9999 10.15 9.27 9.52 10.53 -9999 -9999 -9999 -9999 -9999 -9999 -9999 -9999 -9999 -9999 -9999 -9999 -9999 -9999 9.41 8.92 8.26 8.46 8.98 8.32 7.93 7.19 6.85 6.66 6.39 6.34 6.16 5.52 4.89 4.48 5.90 9.39 9.84 8.45 9.56 9.14 8.85 7.45 6.94 7.80 8.21 7.83 7.40 7.40 7.51 7.71 7.64 7.59 7.75 7.82 7.49 7.38 7.60 8.45 8.59 8.59 8.15 8.16 8.75 10.21 -9999 -9999 -9999 -9999 -9999 -9999 -9999 -9999
-9999 -9999 -9999 -9999 -9999 12.75 10.59 9.11 8.72 8.78 9.84 10.39 11.86 12.78 -9999 -9999 12.41 11.31 -9999 -9999 -9999 9.85 10.26 9.55 -9999 7.89 8.71 8.45 8.44 8.64 8.20 7.80 7.38 7.33 6.91 6.65 6.13 5.95 5.25 5.08 6.17 5.60 7.88 9.31 7.33 8.52 10.14 7.82 8.32 7.35 7.80 8.02 7.72 7.47 7.47 7.59 7.76 7.57 7.58 7.63 7.88 7.49 7.44 7.64 8.01 8.43 8.89 8.66 8.21 8.28 9.51 11.08 -9999 -9999 -9999 -9999 -9999 -9999 -9999
-9999 -9999 -9999 -9999 -9999 -9999 10.95 9.60 8.85 8.50 8.92 10.02 11.19 10.21 -9999 9.68 10.33 10.31 9.57 9.88 8.04 7.39 9.19 9.24 8.41 -9999 7.60 8.49 8.56 8.14 8.02 7.96 7.34 7.00 6.77 6.42 6.22 5.69 5.18 4.97 6.49 7.19 8.00 8.56 8.16 9.46 9.55 8.40 7.38 7.09 7.95 8.07 7.49 7.59 7.45 7.81 7.91 7.66 7.53 7.57 7.92 7.59 7.61 7.72 7.83 8.31 8.70 8.91 8.57 8.30 8.96 10.44 -9999 -9999 -9999 -9999 -9999 -9999 -9999
