ML/MeanWindSpeed_1992-09_Actual.txt
ncols         180
nrows         290
xllcorner     -200000
yllcorner     -200000
cellsize      5000
NODATA_value  -9999
[rows 210 to 244 of 290, columns 78 to 155 of 180]
14.05 14.07 12.40 14.41 14.20 -9999 -9999 -9999 -9999 -9999 -9999 -9999 7.22 7.26 8.63 7.89 7.88 8.02 9.93 12.13 14.73 14.02 11.86 10.15 9.75 8.64 11.82 11.59 7.06 5.67 9.70 9.98 11.37 8.02 7.14 6.74 6.07 7.12 7.96 7.90 8.23 7.84 7.40 7.07 6.71 6.30 6.12 5.79 6.39 5.95 6.19 6.48 6.76 7.02 6.65 7.11 8.18 7.90 7.17 8.72 8.66 8.19 7.95 6.96 6.39 6.94 7.44 7.07 6.44 6.25 7.49 6.56 6.97 8.03 7.48 7.57 7.65 7.06
-9999 14.52 -9999 -9999 -9999 -9999 -9999 -9999 -9999 -9999 12.10 10.31 9.73 11.16 10.80 9.59 8.45 8.70 8.81 11.51 13.23 12.45 8.25 8.06 11.79 10.37 10.31 8.08 6.44 6.09 9.04 9.58 9.48 7.70 7.12 6.79 5.27 8.53 8.89 7.67 7.82 7.36 7.15 6.91 6.55 6.87 6.23 6.25 5.67 5.75 6.01 6.50 6.64 7.02 6.42 7.85 9.46 7.96 8.44 6.73 7.97 7.54 6.93 7.43 6.91 6.95 7.59 6.86 6.09 6.14 6.30 6.99 7.66 7.12 7.82 7.70 7.08 7.05
-9999 -9999 -9999 -9999 -9999 -9999 -9999 -9999 -9999 -9999 13.73 12.87 10.81 12.43 13.24 -9999 -9999 9.15 11.98 7.58 9.43 8.84 8.72 9.39 10.94 8.15 7.79 8.14 7.68 8.57 9.27 9.40 8.56 7.67 7.87 6.07 6.48 8.79 7.70 7.19 6.91 6.99 7.45 7.18 6.53 6.45 5.84 5.93 6.53 7.10 6.91 7.67 6.64 6.29 7.28 9.80 8.05 8.04 7.38 5.86 7.29 6.75 6.45 6.59 6.56 6.28 6.27 7.66 6.39 6.26 6.32 6.43 6.73 6.62 6.43 8.08 7.63 8.38
-9999 -9999 -9999 -9999 -9999 -9999 -9999 -9999 -9999 -9999 -9999 -9999 -9999 -9999 -9999 -9999 -9999 11.00 9.83 9.32 8.30 7.11 6.92 7.31 8.40 8.20 8.72 9.32 9.92 10.74 10.58 -9999 8.35 7.47 6.66 6.02 6.61 8.47 7.65 7.55 6.89 6.18 6.13 6.97 6.23 6.36 7.50 7.65 7.37 8.23 9.19 7.94 7.64 7.39 7.71 9.11 7.82 7.59 7.19 6.20 5.83 5.55 5.94 6.66 6.24 5.75 6.00 6.19 6.05 6.06 6.13 6.26 6.48 6.84 7.16 7.71 7.85 8.60
-9999 -9999 -9999 -9999 -9999 -9999 -9999 -9999 -9999 -9999 -9999 -9999 -9999 -9999 -9999 -9999 -9999 -9999 11.00 9.28 7.88 7.81 8.28 7.09 7.29 8.20 9.76 -9999 -9999 -9999 -9999 9.39 7.78 7.00 6.16 5.97 6.72 8.48 7.65 7.74 6.89 5.81 6.65 6.37 7.78 7.32 9.17 7.89 8.13 7.78 8.25 8.12 7.44 8.20 6.60 7.40 7.70 6.13 6.12 5.45 5.06 4.73 4.22 4.12 4.69 4.73 5.07 5.30 5.48 5.47 6.89 7.29 6.34 6.52 6.92 7.31 7.86 9.26
-9999 -9999 -9999 -9999 -9999 -9999 -9999 -9999 -9999 -9999 -9999 -9999 -9999 -9999 -9999 -9999 -9999 -9999 -9999 10.59 11.12 9.67 8.41 8.72 9.06 10.17 -9999 -9999 -9999 -9999 9.98 9.21 8.60 5.55 5.25 5.47 7.99 8.78 8.26 7.47 6.21 6.08 5.99 7.58 9.06 8.09 8.27 7.75 7.98 7.77 6.87 7.40 7.42 6.96 6.89 6.93 6.58 5.80 5.71 5.95 5.94 5.69 4.23 4.12 4.32 4.43 5.30 5.43 5.81 5.37 6.23 6.30 6.36 7.44 6.77 7.74 8.10 9.04
-9999 -9999 -9999 -9999 -9999 -9999 -9999 -9999 -9999 -9999 -9999 -9999 -9999 -9999 -9999 -9999 -9999 -9999 -9999 -9999 11.59 11.34 10.30 10.51 10.22 11.87 -9999 -9999 -9999 9.26 6.93 6.06 7.73 7.37 6.57 5.46 7.08 6.55 8.15 7.25 5.54 6.75 7.85 7.98 7.74 8.55 7.76 7.34 7.09 6.52 6.45 6.39 6.62 7.10 6.72 6.12 5.94 5.84 5.79 6.38 5.91 5.72 5.06 4.38 4.53 4.47 4.75 4.91 5.40 5.43 5.77 5.76 6.74 7.27 7.77 7.63 6.78 8.63
-9999 -9999 -9999 -9999 -9999 -9999 -9999 -9999 -9999 -9999 -9999 -9999 -9999 -9999 -9999 -9999 -9999 -9999 -9999 -9999 -9999 -9999 -9999 -9999 -9999 -9999 -9999 -9999 11.70 7.69 5.68 5.43 7.34 5.72 6.45 7.23 7.35 7.43 7.54 5.87 5.41 5.79 6.93 6.98 7.40 7.50 7.68 7.38 7.24 8.72 7.13 7.22 6.61 7.05 6.93 6.00 5.92 5.45 5.91 6.67 6.02 5.26 4.87 4.69 4.59 5.20 5.04 5.67 5.49 6.56 7.14 6.75 5.79 8.52 9.39 7.89 6.61 9.37
-9999 -9999 -9999 -9999 -9999 -9999 -9999 -9999 -9999 -9999 -9999 -9999 -9999 -9999 -9999 -9999 -9999 -9999 -9999 -9999 -9999 -9999 -9999 -9999 -9999 -9999 -9999 -9999 9.06 7.41 5.84 11.06 9.40 5.90 6.46 7.15 7.69 8.06 6.31 5.73 5.52 5.53 6.87 6.78 6.67 8.33 8.06 9.12 7.72 7.97 9.17 7.54 7.03 6.83 6.20 5.90 5.60 5.51 6.00 6.09 6.20 5.51 4.84 4.56 4.38 4.96 6.95 6.42 7.26 7.73 8.75 7.32 6.30 7.73 8.21 6.90 6.19 6.83
-9999 -9999 -9999 -9999 -9999 -9999 -9999 -9999 -9999 -9999 -9999 -9999 -9999 -9999 -9999 -9999 -9999 -9999 -9999 -9999 -9999 -9999 -9999 -9999 -9999 -9999 -9999 -9999 8.58 5.71 4.33 6.79 10.49 9.30 8.35 7.26 8.46 6.69 6.14 5.52 7.20 7.40 8.22 7.83 7.11 7.31 7.19 7.58 8.10 8.17 7.28 7.11 7.06 6.97 6.30 5.89 5.80 5.82 6.41 6.25 5.94 5.10 4.94 5.64 6.41 5.82 6.94 6.70 6.74 6.96 7.84 9.63 9.38 7.41 7.29 7.54 7.67 7.60
-9999 -9999 -9999 -9999 -9999 -9999 -9999 -9999 -9999 -9999 -9999 13.39 13.25 10.67 15.09 14.08 13.72 13.81 15.87 8.50 14.31 9.89 -9999 -9999 -9999 -9999 -9999 -9999 7.85 6.20 5.62 4.79 5.95 8.03 9.59 8.92 7.52 6.47 6.23 6.92 8.20 7.47 6.89 7.02 6.67 6.86 7.24 6.87 6.64 6.49 6.94 6.38 7.08 7.52 8.11 6.88 6.33 6.83 6.75 6.11 6.66 5.35 4.87 6.21 7.22 6.03 5.69 6.14 6.24 6.22 6.18 6.53 6.57 6.26 6.18 6.04 6.04 6.11
-9999 -9999 -9999 -9999 -9999 -9999 -9999 -9999 -9999 -9999 -9999 14.91 13.40 12.66 9.97 11.98 13.64 12.78 13.36 13.66 10.82 9.24 7.79 9.00 11.74 9.68 8.71 7.45 6.85 6.02 5.55 5.30 5.02 5.52 8.11 8.14 7.09 6.12 8.93 7.39 6.46 7.00 7.51 6.74 6.61 6.82 6.81 7.11 6.87 6.78 5.74 6.09 6.79 6.97 6.96 7.58 7.86 6.36 6.06 5.59 5.33 6.11 5.17 9.02 7.24 6.72 6.18 5.74 5.97 5.93 6.94 7.05 5.87 7.49 7.03 7.62 6.34 6.58
-9999 -9999 -9999 -9999 -9999 -9999 -9999 -9999 -9999 -9999 13.73 11.79 10.37 9.33 8.02 10.50 13.46 12.93 11.77 11.57 11.38 9.89 7.92 7.33 8.58 9.91 7.14 6.49 5.87 5.87 6.67 5.30 5.34 6.87 6.98 6.65 6.78 8.99 7.20 8.55 7.89 7.02 6.07 6.52 6.10 6.72 7.06 6.70 7.20 6.19 6.52 6.42 6.47 6.52 8.00 8.69 6.62 5.84 6.05 8.20 6.50 5.88 6.05 6.07 6.39 6.41 5.89 5.75 6.48 7.55 6.78 5.89 5.91 7.70 7.20 7.08 7.56 7.45
-9999 -9999 -9999 -9999 -9999 -9999 -9999 -9999 -9999 -9999 -9999 10.89 8.99 7.94 9.58 9.42 10.31 13.20 11.73 9.58 8.17 10.32 11.76 9.16 6.94 7.29 9.12 7.08 5.33 5.34 5.25 5.89 5.98 5.32 5.62 6.14 6.85 7.92 6.72 8.23 7.06 6.92 6.74 6.91 6.19 6.99 7.36 7.22 5.87 5.98 6.75 6.01 5.63 5.57 6.84 8.14 7.87 6.07 6.39 7.54 7.26 6.39 5.49 5.39 5.22 5.47 7.09 6.78 6.60 7.32 8.50 7.78 7.32 8.04 8.09 7.14 8.03 7.01
-9999 -9999 -9999 -9999 -9999 -9999 -9999 14.57 -9999 -9999 12.07 10.28 10.49 7.31 9.23 7.93 7.90 8.45 8.94 9.73 8.06 9.91 10.84 7.93 6.46 5.17 5.17 5.08 4.77 4.95 5.29 6.11 5.12 4.98 5.68 7.57 6.40 7.36 6.35 7.18 6.66 7.55 8.32 7.46 6.34 5.91 6.11 5.95 5.70 7.26 6.41 5.75 7.70 6.20 6.46 8.47 9.52 6.00 6.37 6.87 6.55 5.94 5.52 5.33 5.70 6.33 6.87 5.99 5.69 5.88 6.70 6.94 7.10 7.93 7.33 7.22 7.17 6.66
-9999 -9999 -9999 -9999 -9999 -9999 13.22 14.17 13.83 13.28 10.24 9.05 10.69 8.17 7.06 7.80 7.17 8.81 9.47 10.20 8.50 8.07 8.28 6.54 4.91 4.30 4.60 5.21 5.46 4.69 4.77 5.06 4.72 4.82 6.69 6.98 6.14 6.83 7.17 8.56 7.73 7.77 9.02 7.55 7.15 5.92 6.58 6.24 6.61 6.13 6.02 5.47 6.77 6.87 6.26 7.57 7.19 6.37 6.21 6.03 6.62 6.32 6.02 5.51 5.16 5.21 5.27 5.67 6.03 6.04 5.62 6.40 7.01 7.97 8.43 7.95 6.74 7.64
-9999 -9999 -9999 -9999 -9999 -9999 12.31 12.01 10.79 11.19 9.97 9.01 7.90 9.61 9.38 8.32 9.52 9.35 9.08 10.32 8.81 8.33 7.81 5.00 5.63 7.45 6.86 5.76 4.94 4.34 4.97 5.55 5.88 5.35 6.81 6.34 6.94 6.02 5.38 7.29 8.74 7.63 7.70 7.44 6.75 6.69 7.33 6.47 5.87 6.71 7.05 5.69 6.20 6.39 6.45 7.62 8.17 8.16 9.64 6.93 6.91 5.87 5.47 5.54 5.63 5.24 5.17 5.61 6.33 6.09 5.95 5.91 6.95 7.16 7.38 7.53 7.78 6.67
-9999 -9999 -9999 -9999 -9999 -9999 12.56 11.07 10.28 10.60 9.87 9.68 8.37 8.80 8.74 7.38 8.66 8.77 9.39 9.64 8.82 5.97 4.50 3.85 6.10 6.15 6.76 7.47 5.29 5.06 5.29 4.81 5.84 5.24 6.47 6.17 6.24 6.03 5.54 7.63 7.39 7.56 7.46 7.21 7.01 7.03 7.60 7.44 6.18 5.99 6.37 7.28 6.12 6.44 6.39 7.13 7.48 7.64 8.42 7.80 8.52 9.14 5.41 8.81 7.19 5.35 5.73 9.18 9.19 8.71 5.79 5.85 6.27 6.31 7.05 6.90 8.29 9.45
-9999 -9999 -9999 -9999 -9999 -9999 10.62 10.07 9.83 9.62 8.93 8.71 8.16 7.71 8.66 7.95 8.03 8.65 7.72 7.77 7.34 6.95 3.99 4.66 6.89 6.06 7.46 7.51 5.69 5.95 6.43 5.41 5.75 5.93 6.12 6.14 6.22 6.92 7.99 6.39 7.49 7.37 7.37 7.14 7.04 7.28 7.67 6.71 6.68 6.44 6.95 7.41 8.07 7.37 8.34 8.26 8.18 7.96 7.55 6.98 6.93 7.12 6.38 8.27 8.11 8.77 8.40 9.12 9.76 10.22 6.59 6.66 6.53 6.72 7.44 8.69 10.18 10.68
-9999 -9999 -9999 -9999 -9999 -9999 9.16 8.98 9.07 9.52 9.96 9.01 8.26 7.56 7.99 9.24 8.59 7.94 7.01 7.39 6.89 6.35 5.65 4.46 4.87 4.67 7.22 6.07 4.13 7.21 7.00 5.81 8.52 7.10 7.83 8.60 7.98 7.65 8.31 7.23 6.64 7.19 7.17 6.64 6.85 7.06 7.63 6.72 6.92 7.86 8.64 8.42 8.44 8.69 8.80 9.25 9.92 9.46 8.58 8.12 8.60 9.00 9.14 9.61 9.90 10.06 -9999 -9999 9.93 10.16 9.53 8.83 7.92 10.96 9.24 -9999 -9999 -9999
-9999 -9999 -9999 -9999 -9999 11.24 9.00 8.85 8.14 9.28 9.50 10.46 8.66 9.07 8.58 9.20 8.37 7.51 6.91 6.90 6.52 6.09 5.81 5.68 6.09 6.57 6.40 4.90 7.79 8.77 6.27 5.57 6.60 6.56 7.97 8.08 7.02 6.97 6.85 6.67 7.70 7.61 7.78 7.41 7.42 8.00 8.87 8.58 8.15 8.07 8.30 8.65 -9999 -9999 9.96 11.05 11.84 11.38 10.80 10.25 10.44 -9999 -9999 -9999 -9999 -9999 -9999 -9999 -9999 -9999 -9999 10.28 10.76 12.56 11.29 -9999 -9999 -9999
-9999 -9999 -9999 -9999 12.23 10.19 8.29 9.00 7.91 8.04 7.98 8.07 7.56 10.80 11.48 10.01 9.05 8.70 8.84 7.39 6.44 6.08 6.45 6.52 9.30 10.04 9.31 8.84 10.67 8.10 8.16 7.95 8.66 9.32 7.55 6.38 6.97 6.26 6.53 6.39 6.83 7.02 8.87 10.16 10.26 10.10 10.16 10.31 9.33 -9999 7.65 8.41 8.32 8.95 10.13 -9999 -9999 -9999 -9999 12.10 -9999 -9999 -9999 -9999 -9999 -9999 -9999 -9999 -9999 -9999 -9999 -9999 -9999 -9999 -9999 -9999 -9999 -9999
-9999 -9999 -9999 13.12 11.74 11.07 9.58 7.97 7.60 7.44 6.39 6.26 7.91 13.25 14.67 9.59 8.58 11.27 8.08 9.56 6.71 6.28 9.56 8.51 8.55 9.06 9.36 -9999 -9999 -9999 -9999 -9999 9.19 10.51 9.67 7.76 7.52 7.04 6.43 6.55 6.67 7.62 9.41 -9999 -9999 -9999 -9999 -9999 10.90 10.63 9.13 7.69 7.54 10.03 10.48 -9999 -9999 -9999 -9999 -9999 -9999 -9999 -9999 -9999 -9999 -9999 -9999 -9999 -9999 -9999 -9999 -9999 -9999 -9999 -9999 -9999 -9999 -9999
-9999 -9999 8.53 9.26 10.93 11.14 9.48 8.99 8.19 6.30 7.09 7.25 9.96 13.01 14.43 12.69 11.34 9.23 10.19 8.25 8.30 7.88 10.42 10.53 -9999 -9999 -9999 -9999 -9999 -9999 -9999 -9999 -9999 9.80 9.93 8.40 9.52 10.47 10.73 8.38 10.61 10.82 11.97 -9999 -9999 -9999 -9999 -9999 -9999 -9999 9.10 9.27 7.98 9.16 -9999 -9999 -9999 -9999 -9999 -9999 -9999 -9999 -9999 -9999 -9999 -9999 -9999 -9999 -9999 -9999 -9999 -9999 -9999 -9999 -9999 -9999 -9999 -9999
11.27 10.59 7.97 8.36 10.03 11.64 11.58 9.58 7.34 7.18 7.95 7.97 9.67 13.13 11.44 11.34 10.99 11.94 5.98 8.50 12.05 9.77 -9999 -9999 -9999 -9999 -9999 -9999 -9999 -9999 -9999 -9999 -9999 -9999 -9999 10.78 -9999 -9999 -9999 -9999 9.77 12.54 13.39 -9999 -9999 -9999 -9999 -9999 -9999 -9999 -9999 9.96 12.02 10.66 -9999 -9999 -9999 -9999 -9999 -9999 -9999 -9999 -9999 -9999 -9999 -9999 -9999 -9999 -9999 -9999 -9999 -9999 -9999 -9999 -9999 -9999 -9999 -9999
10.30 8.92 6.80 8.11 10.14 10.76 11.38 9.95 8.77 9.78 6.85 5.84 7.99 11.83 11.99 9.90 8.51 10.09 7.02 6.89 8.83 -9999 -9999 -9999 -9999 -9999 -9999 -9999 -9999 -9999 -9999 -9999 -9999 -9999 -9999 12.29 -9999 -9999 -9999 -9999 -9999 -9999 -9999 -9999 -9999 -9999 -9999 -9999 -9999 -9999 -9999 -9999 -9999 -9999 -9999 -9999 -9999 -9999 -9999 -9999 -9999 -9999 -9999 -9999 -9999 -9999 -9999 -9999 -9999 -9999 -9999 -9999 -9999 -9999 -9999 -9999 -9999 -9999
11.29 9.39 7.00 8.35 9.10 9.28 9.94 9.23 8.95 10.19 6.41 5.85 7.21 10.12 14.67 14.92 7.89 7.81 7.09 8.28 11.42 -9999 -9999 -9999 -9999 -9999 -9999 -9999 -9999 -9999 -9999 -9999 -9999 -9999 -9999 -9999 -9999 -9999 -9999 -9999 -9999 -9999 -9999 -9999 -9999 -9999 -9999 -9999 -9999 -9999 -9999 -9999 -9999 -9999 -9999 -9999 -9999 -9999 -9999 -9999 -9999 -9999 -9999 -9999 -9999 -9999 -9999 -9999 -9999 -9999 -9999 -9999 -9999 -9999 -9999 -9999 -9999 -9999
9.81 11.01 9.44 9.41 9.00 9.88 9.11 8.76 8.62 7.45 7.42 6.59 6.47 9.87 12.46 11.89 9.37 6.74 6.75 10.38 10.00 -9999 -9999 -9999 -9999 -9999 -9999 -9999 -9999 -9999 -9999 -9999 -9999 -9999 -9999 -9999 -9999 -9999 -9999 -9999 -9999 -9999 -9999 -9999 -9999 -9999 -9999 -9999 -9999 -9999 -9999 -9999 -9999 -9999 -9999 -9999 -9999 -9999 -9999 -9999 -9999 -9999 -9999 -9999 -9999 -9999 -9999 -9999 -9999 -9999 -9999 -9999 -9999 -9999 -9999 -9999 -9999 -9999
10.27 12.34 11.22 10.86 9.13 9.78 9.26 11.85 10.99 9.28 8.59 9.07 7.39 8.17 9.51 9.02 7.55 7.05 7.92 9.46 10.32 -9999 -9999 -9999 -9999 -9999 -9999 -9999 -9999 -9999 -9999 -9999 -9999 -9999 -9999 -9999 -9999 -9999 -9999 -9999 -9999 -9999 -9999 -9999 -9999 -9999 -9999 -9999 -9999 -9999 -9999 -9999 -9999 -9999 -9999 -9999 -9999 -9999 -9999 -9999 -9999 -9999 -9999 -9999 -9999 -9999 -9999 -9999 -9999 -9999 -9999 -9999 -9999 -9999 -9999 -9999 -9999 -9999
9.72 10.55 10.86 10.08 11.20 13.09 12.70 11.13 11.34 11.33 11.02 9.62 10.04 9.08 7.93 7.70 8.19 8.99 9.64 9.66 11.19 -9999 -9999 -9999 -9999 -9999 -9999 -9999 -9999 -9999 -9999 -9999 -9999 -9999 -9999 -9999 -9999 -9999 -9999 -9999 -9999 -9999 -9999 -9999 -9999 -9999 -9999 -9999 -9999 -9999 -9999 -9999 -9999 -9999 -9999 -9999 -9999 -9999 -9999 -9999 -9999 -9999 -9999 -9999 -9999 -9999 -9999 -9999 -9999 -9999 -9999 -9999 -9999 -9999 -9999 -9999 -9999 -9999
9.92 11.70 12.30 -9999 -9999 -9999 -9999 -9999 -9999 -9999 -9999 -9999 11.44 11.86 10.05 8.76 7.60 8.87 10.02 10.17 -9999 -9999 -9999 -9999 -9999 -9999 -9999 -9999 -9999 -9999 -9999 -9999 -9999 -9999 -9999 -9999 -9999 -9999 -9999 -9999 -9999 -9999 -9999 -9999 -9999 -9999 -9999 -9999 -9999 -9999 -9999 -9999 -9999 -9999 -9999 -9999 -9999 -9999 -9999 -9999 -9999 -9999 -9999 -9999 -9999 -9999 -9999 -9999 -9999 -9999 -9999 -9999 -9999 -9999 -9999 -9999 -9999 -9999
12.55 12.86 13.74 -9999 -9999 -9999 -9999 -9999 -9999 -9999 -9999 -9999 -9999 -9999 -9999 9.92 8.83 9.18 10.02 -9999 -9999 -9999 -9999 -9999 -9999 -9999 -9999 -9999 -9999 -9999 -9999 -9999 -9999 -9999 -9999 -9999 -9999 -9999 -9999 -9999 -9999 -9999 -9999 -9999 -9999 -9999 -9999 -9999 -9999 -9999 -9999 -9999 -9999 -9999 -9999 -9999 -9999 -9999 -9999 -9999 -9999 -9999 -9999 -9999 -9999 -9999 -9999 -9999 -9999 -9999 -9999 -9999 -9999 -9999 -9999 -9999 -9999 -9999
13.60 -9999 -9999 -9999 -9999 -9999 -9999 -9999 -9999 -9999 -9999 -9999 -9999 -9999 -9999 11.68 12.69 13.39 12.89 -9999 -9999 -9999 -9999 -9999 -9999 -9999 -9999 -9999 -9999 -9999 -9999 -9999 -9999 -9999 -9999 -9999 -9999 -9999 -9999 -9999 -9999 -9999 -9999 -9999 -9999 -9999 -9999 -9999 -9999 -9999 -9999 -9999 -9999 -9999 -9999 -9999 -9999 -9999 -9999 -9999 -9999 -9999 -9999 -9999 -9999 -9999 -9999 -9999 -9999 -9999 -9999 -9999 -9999 -9999 -9999 -9999 -9999 -9999
-9999 -9999 -9999 -9999 -9999 -9999 -9999 -9999 -9999 -9999 -9999 -9999 -9999 -9999 -9999 -9999 -9999 -9999 -9999 -9999 -9999 -9999 -9999 -9999 -9999 -9999 -9999 -9999 -9999 -9999 -9999 -9999 -9999 -9999 -9999 -9999 -9999 -9999 -9999 -9999 -9999 -9999 -9999 -9999 -9999 -9999 -9999 -9999 -9999 -9999 -9999 -9999 -9999 -9999 -9999 -9999 -9999 -9999 -9999 -9999 -9999 -9999 -9999 -9999 -9999 -9999 -9999 -9999 -9999 -9999 -9999 -9999 -9999 -9999 -9999 -9999 -9999 -9999
-9999 -9999 -9999 -9999 -9999 -9999 -9999 -9999 -9999 -9999 -9999 -9999 -9999 -9999 -9999 -9999 -9999 -9999 -9999 -9999 -9999 -9999 -9999 -9999 -9999 -9999 -9999 -9999 -9999 -9999 -9999 -9999 -9999 -9999 -9999 -9999 -9999 -9999 -9999 -9999 -9999 -9999 -9999 -9999 -9999 -9999 -9999 -9999 -9999 -9999 -9999 -9999 -9999 -9999 -9999 -9999 -9999 -9999 -9999 -9999 -9999 -9999 -9999 -9999 -9999 -9999 -9999 -9999 -9999 -9999 -9999 -9999 -9999 -9999 -9999 -9999 -9999 -9999
