ML/MeanWindSpeed_1994-10_Actual.txt
ncols         180
nrows         290
xllcorner     -200000
yllcorner     -200000
cellsize      5000
NODATA_value  -9999
[rows 140 to 174 of 290, columns 79 to 157 of 180]
-9999 -9999 13.48 -9999 -9999 -9999 11.46 11.74 10.24 10.25 10.87 -9999 -9999 10.82 8.89 11.77 12.94 -9999 -9999 -9999 -9999 -9999 10.27 8.92 6.28 6.51 6.37 7.15 6.80 7.63 7.78 5.06 6.72 10.18 12.80 9.01 11.29 12.15 12.23 9.24 9.66 9.63 7.69 4.62 4.19 4.56 1.69 2.71 5.64 7.89 -9999 -9999 -9999 -9999 -9999 -9999 -9999 -9999 -9999 -9999 -9999 -9999 -9999 -9999 -9999 -9999 -9999 -9999 -9999 -9999 -9999 -9999 -9999 -9999 -9999 -9999 -9999 -9999 -9999
-9999 -9999 13.33 13.52 -9999 -9999 -9999 11.57 12.35 11.97 12.26 -9999 -9999 -9999 -9999 11.41 -9999 -9999 -9999 -9999 -9999 -9999 8.99 7.92 6.95 7.82 9.12 9.08 7.84 7.88 6.95 5.59 4.65 7.96 11.10 7.02 13.08 12.24 13.29 9.39 9.34 10.91 7.50 5.01 3.76 2.24 1.38 2.69 5.10 7.55 -9999 -9999 -9999 -9999 -9999 -9999 -9999 -9999 -9999 -9999 -9999 -9999 -9999 -9999 -9999 -9999 -9999 -9999 -9999 -9999 -9999 -9999 -9999 -9999 -9999 -9999 -9999 -9999 -9999
-9999 -9999 -9999 15.09 -9999 -9999 -9999 -9999 12.17 13.36 13.09 -9999 -9999 -9999 -9999 -9999 -9999 -9999 -9999 -9999 -9999 10.22 8.86 8.82 8.98 9.12 10.72 10.29 9.11 8.81 7.73 7.18 4.75 5.29 13.16 13.92 12.74 11.78 8.36 7.11 7.52 5.58 3.22 5.51 5.41 2.01 1.86 3.28 4.94 7.37 9.18 -9999 -9999 -9999 -9999 -9999 -9999 -9999 -9999 -9999 -9999 -9999 -9999 -9999 -9999 -9999 -9999 -9999 -9999 -9999 -9999 -9999 -9999 -9999 -9999 -9999 -9999 -9999 -9999
-9999 -9999 -9999 16.43 -9999 -9999 -9999 -9999 -9999 -9999 -9999 -9999 -9999 -9999 -9999 -9999 -9999 -9999 -9999 -9999 -9999 10.43 8.35 7.01 6.43 5.38 13.42 10.65 9.35 11.32 8.05 9.17 4.11 3.26 9.79 15.17 10.67 8.35 13.28 15.14 12.95 9.58 7.62 2.73 3.51 3.38 4.71 3.93 4.59 7.28 9.00 9.62 -9999 -9999 -9999 -9999 -9999 -9999 -9999 -9999 -9999 -9999 -9999 -9999 -9999 -9999 -9999 -9999 -9999 -9999 -9999 -9999 -9999 -9999 -9999 -9999 -9999 -9999 -9999
-9999 -9999 -9999 -9999 -9999 -9999 -9999 -9999 -9999 -9999 -9999 -9999 -9999 -9999 -9999 -9999 -9999 -9999 -9999 -9999 10.64 9.43 7.57 6.06 9.82 4.11 18.11 17.01 8.26 9.38 8.45 7.35 7.45 3.10 3.34 13.84 12.95 10.48 9.05 8.08 10.90 10.02 8.40 5.74 4.25 4.14 3.95 3.88 5.28 5.84 6.69 8.14 -9999 -9999 -9999 -9999 -9999 -9999 -9999 -9999 -9999 -9999 -9999 -9999 -9999 -9999 -9999 -9999 -9999 -9999 -9999 -9999 -9999 -9999 -9999 -9999 -9999 -9999 -9999
-9999 -9999 -9999 -9999 -9999 -9999 -9999 -9999 -9999 -9999 -9999 -9999 -9999 -9999 -9999 -9999 -9999 -9999 -9999 -9999 9.51 10.00 6.73 8.99 17.76 8.64 3.49 10.04 12.01 9.67 9.73 8.75 7.87 5.36 3.33 4.20 14.42 11.67 10.57 7.83 7.59 7.91 6.00 5.72 5.62 6.42 4.52 5.63 4.97 5.40 5.57 6.50 7.70 8.71 9.05 -9999 -9999 -9999 -9999 -9999 -9999 -9999 -9999 -9999 -9999 -9999 -9999 -9999 -9999 -9999 -9999 -9999 -9999 -9999 -9999 -9999 -9999 -9999 -9999
-9999 -9999 -9999 -9999 -9999 -9999 -9999 -9999 -9999 -9999 -9999 -9999 -9999 -9999 -9999 -9999 -9999 -9999 -9999 -9999 9.34 8.62 8.15 12.41 7.19 7.18 8.15 12.58 9.24 8.27 13.44 7.44 10.09 7.53 5.34 2.97 6.20 9.66 9.98 9.22 8.36 5.72 6.05 5.50 4.97 4.60 4.98 5.03 5.45 4.98 5.12 5.62 9.49 7.95 9.43 10.62 10.56 -9999 -9999 -9999 -9999 -9999 -9999 -9999 -9999 -9999 -9999 -9999 -9999 -9999 -9999 -9999 -9999 -9999 -9999 -9999 -9999 -9999 -9999
-9999 -9999 -9999 -9999 -9999 -9999 -9999 -9999 -9999 -9999 -9999 -9999 -9999 -9999 -9999 -9999 -9999 -9999 -9999 -9999 9.21 8.20 9.11 15.54 16.51 11.98 7.86 8.01 9.18 13.38 8.06 12.59 10.43 9.09 8.23 5.96 2.70 3.72 9.78 9.93 8.99 7.74 6.69 6.21 6.06 5.76 5.20 5.56 5.42 4.99 5.81 6.09 7.13 10.46 9.97 10.30 11.91 12.00 10.04 -9999 -9999 -9999 -9999 -9999 -9999 -9999 -9999 -9999 -9999 -9999 -9999 -9999 -9999 -9999 -9999 -9999 -9999 -9999 -9999
-9999 -9999 -9999 -9999 -9999 -9999 -9999 -9999 -9999 -9999 -9999 -9999 -9999 -9999 -9999 -9999 -9999 -9999 -9999 -9999 9.70 7.70 10.05 11.84 6.24 20.78 16.82 6.62 9.55 7.79 12.57 14.07 9.75 7.92 8.45 8.19 4.66 13.18 11.40 11.22 12.25 12.75 11.56 7.41 8.60 6.82 6.25 6.13 6.00 6.02 5.98 5.20 5.79 8.67 7.50 7.30 8.52 10.56 8.99 12.45 -9999 -9999 -9999 -9999 -9999 -9999 -9999 -9999 -9999 -9999 -9999 -9999 -9999 -9999 -9999 -9999 -9999 -9999 -9999
-9999 -9999 -9999 -9999 -9999 -9999 -9999 -9999 13.24 13.94 14.55 -9999 -9999 -9999 -9999 -9999 -9999 -9999 -9999 -9999 -9999 9.57 7.58 5.70 8.26 10.18 13.82 5.82 2.74 9.25 8.41 8.30 7.47 9.59 9.56 7.94 8.59 10.90 10.32 14.72 13.40 10.85 10.19 10.89 8.86 7.33 6.83 6.43 6.55 5.93 5.52 10.59 8.76 12.13 12.65 11.37 10.22 7.39 11.38 12.08 10.89 -9999 -9999 -9999 -9999 -9999 -9999 -9999 -9999 -9999 -9999 -9999 -9999 -9999 -9999 -9999 -9999 -9999 -9999
-9999 -9999 -9999 -9999 -9999 -9999 -9999 -9999 11.08 11.51 -9999 -9999 -9999 -9999 -9999 -9999 -9999 -9999 -9999 -9999 -9999 -9999 8.31 4.86 8.94 8.53 17.82 8.69 8.69 7.05 4.41 3.90 5.37 5.44 15.06 7.51 8.47 13.41 9.68 6.24 5.54 11.03 6.64 10.35 8.23 6.96 6.47 6.41 6.00 6.57 9.43 10.51 8.90 7.85 7.29 8.93 10.48 10.03 10.64 10.48 13.33 -9999 -9999 -9999 -9999 -9999 -9999 -9999 -9999 -9999 -9999 -9999 -9999 -9999 -9999 -9999 -9999 -9999 -9999
-9999 -9999 -9999 -9999 -9999 -9999 -9999 10.44 13.27 12.61 12.22 -9999 -9999 -9999 -9999 -9999 -9999 -9999 -9999 -9999 -9999 -9999 9.77 11.07 10.97 10.25 7.48 10.17 7.91 6.76 5.15 4.34 6.93 5.19 3.48 14.02 8.25 6.54 11.13 8.57 12.20 8.85 9.47 7.77 7.54 7.17 7.10 6.19 5.66 7.01 8.29 6.93 7.48 8.18 7.78 8.64 8.86 9.42 9.64 7.96 12.01 11.23 -9999 -9999 -9999 -9999 -9999 -9999 -9999 -9999 -9999 -9999 -9999 -9999 -9999 -9999 -9999 -9999 -9999
-9999 -9999 -9999 -9999 -9999 -9999 9.80 13.98 15.13 18.96 11.87 -9999 -9999 -9999 -9999 -9999 -9999 -9999 -9999 -9999 -9999 -9999 11.44 15.52 11.11 5.50 7.38 7.13 8.26 5.90 4.82 6.06 7.22 3.68 11.12 7.46 10.75 6.89 12.78 6.19 8.07 6.01 8.90 7.18 7.65 8.02 6.61 6.38 5.45 5.24 8.28 8.45 7.82 6.30 6.69 6.47 6.92 7.59 9.49 9.68 9.49 11.19 -9999 -9999 -9999 -9999 -9999 -9999 -9999 -9999 -9999 -9999 -9999 -9999 -9999 -9999 -9999 -9999 -9999
-9999 -9999 -9999 -9999 -9999 11.82 10.54 17.51 12.77 12.18 -9999 -9999 -9999 -9999 -9999 -9999 -9999 -9999 -9999 -9999 -9999 -9999 -9999 10.03 6.92 6.46 9.13 6.21 8.81 6.64 5.96 5.56 6.23 4.21 11.37 10.68 11.61 11.07 12.42 12.17 12.24 10.76 10.08 10.23 9.57 7.20 6.79 6.40 5.55 5.00 5.07 10.23 8.86 5.73 5.38 5.76 5.55 5.70 5.81 6.45 6.52 8.19 10.49 11.55 -9999 -9999 -9999 -9999 -9999 -9999 -9999 -9999 -9999 -9999 -9999 -9999 -9999 -9999 -9999
-9999 -9999 -9999 -9999 -9999 14.65 15.71 9.78 9.32 10.38 -9999 -9999 -9999 -9999 -9999 -9999 -9999 -9999 -9999 -9999 -9999 -9999 -9999 -9999 8.18 9.06 7.87 6.76 8.18 7.49 7.58 6.63 7.12 4.32 11.12 9.58 8.00 10.99 10.22 9.22 14.55 14.52 9.97 11.83 10.22 9.44 7.01 6.30 5.90 5.30 4.87 5.63 6.38 5.76 6.08 6.17 6.20 5.84 5.60 5.78 6.33 10.18 10.82 10.65 -9999 -9999 -9999 -9999 -9999 -9999 -9999 -9999 -9999 -9999 -9999 -9999 -9999 -9999 -9999
-9999 -9999 -9999 -9999 -9999 15.22 12.60 12.65 11.19 -9999 -9999 -9999 -9999 -9999 -9999 -9999 -9999 -9999 -9999 -9999 -9999 -9999 -9999 -9999 10.08 9.60 8.50 -9999 8.62 -9999 8.20 6.63 5.67 4.23 3.42 9.62 8.51 8.91 13.25 5.02 6.24 13.31 10.91 10.20 10.14 8.70 7.17 6.64 6.45 5.83 5.40 5.15 6.30 8.06 7.03 7.87 6.83 6.07 7.25 8.72 8.32 7.54 7.69 10.09 12.54 13.41 -9999 -9999 -9999 -9999 -9999 -9999 -9999 -9999 -9999 -9999 -9999 -9999 -9999
-9999 -9999 -9999 -9999 15.14 12.91 12.02 -9999 -9999 -9999 -9999 -9999 -9999 -9999 -9999 -9999 -9999 -9999 -9999 -9999 -9999 -9999 -9999 -9999 11.57 9.80 8.56 -9999 -9999 -9999 8.08 8.53 4.88 5.93 6.48 4.25 4.38 6.32 11.14 10.99 4.68 9.88 12.19 8.96 10.54 9.41 8.20 6.07 6.23 5.93 5.76 5.53 5.71 6.50 6.83 7.47 6.25 7.22 8.60 9.37 9.54 9.14 8.14 8.36 10.13 12.00 -9999 -9999 -9999 -9999 -9999 -9999 -9999 -9999 -9999 -9999 -9999 -9999 -9999
-9999 -9999 -9999 -9999 -9999 -9999 -9999 -9999 -9999 -9999 -9999 -9999 -9999 -9999 -9999 -9999 -9999 -9999 -9999 -9999 -9999 -9999 -9999 -9999 -9999 -9999 -9999 -9999 -9999 9.22 7.15 6.69 9.02 10.18 10.10 9.03 6.76 6.76 9.81 9.70 7.27 4.42 8.88 10.91 8.88 8.24 7.60 6.82 6.48 6.70 6.08 5.74 5.69 5.79 5.94 5.61 7.09 10.56 8.47 9.03 7.96 8.03 7.14 8.16 9.65 -9999 -9999 -9999 -9999 -9999 -9999 -9999 -9999 -9999 -9999 -9999 -9999 -9999 -9999
-9999 -9999 -9999 -9999 -9999 -9999 -9999 -9999 -9999 -9999 -9999 -9999 -9999 -9999 -9999 -9999 -9999 -9999 -9999 -9999 -9999 -9999 -9999 -9999 -9999 -9999 -9999 -9999 -9999 8.49 6.82 8.33 11.49 14.39 12.12 7.98 9.21 5.28 5.44 5.11 7.45 7.93 8.70 9.47 9.14 7.84 7.62 7.41 6.58 6.78 6.11 6.01 6.05 6.12 6.03 5.58 6.45 11.10 9.87 7.73 7.29 7.10 7.09 8.25 10.11 -9999 -9999 -9999 -9999 -9999 -9999 -9999 -9999 -9999 -9999 -9999 -9999 -9999 -9999
-9999 -9999 -9999 -9999 -9999 -9999 -9999 -9999 -9999 -9999 -9999 -9999 -9999 -9999 -9999 -9999 -9999 -9999 -9999 -9999 -9999 -9999 -9999 -9999 -9999 -9999 -9999 -9999 -9999 7.45 5.89 5.95 8.73 9.95 9.00 7.76 7.78 6.53 6.77 5.64 5.66 6.51 4.33 9.37 8.02 9.42 8.03 7.84 6.44 6.15 6.33 6.24 6.28 6.22 6.21 6.05 5.79 7.98 9.07 8.19 7.45 7.52 7.41 8.30 9.84 -9999 -9999 -9999 -9999 -9999 -9999 -9999 -9999 -9999 -9999 -9999 -9999 -9999 -9999
-9999 -9999 -9999 -9999 -9999 -9999 -9999 -9999 -9999 -9999 -9999 -9999 -9999 -9999 -9999 -9999 -9999 -9999 -9999 -9999 -9999 -9999 -9999 -9999 -9999 -9999 -9999 10.40 8.52 6.61 5.61 8.05 9.26 12.27 8.19 10.41 5.18 6.86 6.66 8.20 8.57 7.88 9.85 5.26 6.01 6.31 6.45 6.14 7.29 6.24 6.24 6.59 6.24 6.22 6.37 6.22 6.06 6.03 8.38 8.28 7.76 7.67 7.68 7.94 9.00 10.54 -9999 -9999 -9999 -9999 -9999 -9999 -9999 -9999 -9999 -9999 -9999 -9999 -9999
-9999 -9999 -9999 -9999 -9999 -9999 -9999 -9999 -9999 -9999 -9999 -9999 -9999 -9999 -9999 -9999 -9999 -9999 -9999 -9999 -9999 -9999 -9999 -9999 -9999 -9999 -9999 9.53 7.51 6.39 5.77 5.78 8.51 5.59 6.05 4.43 6.51 10.57 7.84 9.65 8.71 9.82 5.49 9.76 7.09 8.52 8.13 8.39 7.17 6.76 6.35 6.15 6.14 6.26 6.32 6.42 6.28 6.02 6.79 8.69 8.32 7.80 7.84 7.55 8.04 9.79 -9999 -9999 -9999 -9999 -9999 -9999 -9999 -9999 -9999 -9999 -9999 -9999 -9999
-9999 -9999 -9999 -9999 -9999 -9999 -9999 -9999 -9999 -9999 -9999 -9999 -9999 -9999 -9999 -9999 -9999 -9999 -9999 -9999 -9999 -9999 -9999 -9999 -9999 -9999 -9999 9.54 7.33 6.61 6.12 5.84 5.62 6.21 5.77 4.83 6.94 7.61 6.93 8.74 11.29 8.18 7.26 5.47 7.84 5.82 6.78 7.62 8.01 7.01 6.70 6.12 6.11 6.30 6.40 6.50 6.58 6.50 6.78 8.35 9.51 8.31 7.73 7.41 7.34 8.55 10.27 -9999 -9999 -9999 -9999 -9999 -9999 -9999 -9999 -9999 -9999 -9999 -9999
-9999 -9999 -9999 -9999 -9999 -9999 -9999 -9999 -9999 -9999 -9999 -9999 -9999 -9999 -9999 -9999 -9999 -9999 -9999 -9999 -9999 -9999 -9999 -9999 -9999 -9999 -9999 9.18 7.47 6.94 6.88 6.31 5.84 5.53 6.64 8.27 5.22 5.12 6.69 11.62 11.16 12.37 10.23 7.54 7.28 7.89 6.29 5.65 7.01 7.65 6.64 6.19 6.25 6.17 6.41 6.66 6.92 6.97 7.02 8.73 10.30 9.10 8.45 8.03 7.32 7.56 9.16 10.77 -9999 -9999 -9999 -9999 -9999 -9999 -9999 -9999 -9999 -9999 -9999
-9999 -9999 -9999 -9999 -9999 -9999 -9999 -9999 -9999 -9999 -9999 -9999 -9999 -9999 -9999 -9999 -9999 -9999 -9999 -9999 -9999 -9999 -9999 -9999 -9999 -9999 -9999 9.13 7.19 6.71 6.53 6.13 5.53 6.38 6.15 7.59 7.72 9.72 11.24 11.45 8.01 10.25 8.65 8.42 6.68 8.12 7.39 6.43 5.79 5.78 6.26 6.18 6.27 6.39 6.63 6.84 7.20 7.48 7.62 7.79 9.07 9.13 8.64 8.43 8.14 7.77 7.97 9.75 -9999 -9999 -9999 -9999 -9999 -9999 -9999 -9999 -9999 -9999 -9999
-9999 -9999 -9999 -9999 -9999 -9999 -9999 -9999 -9999 -9999 -9999 -9999 -9999 -9999 -9999 -9999 -9999 -9999 -9999 -9999 -9999 -9999 -9999 -9999 -9999 -9999 -9999 -9999 7.24 6.79 6.46 5.88 6.47 8.69 8.59 9.37 7.95 7.30 9.25 8.16 9.73 8.66 6.29 4.75 5.63 5.63 7.34 6.45 6.16 6.82 6.65 6.15 6.47 6.48 6.77 6.87 7.19 7.59 7.92 7.96 7.72 8.39 8.75 8.86 -9999 8.53 8.89 9.93 11.80 -9999 -9999 -9999 -9999 -9999 -9999 -9999 -9999 -9999 -9999
-9999 -9999 -9999 -9999 -9999 -9999 -9999 -9999 -9999 -9999 -9999 -9999 -9999 -9999 -9999 -9999 -9999 -9999 -9999 -9999 -9999 -9999 -9999 -9999 -9999 -9999 -9999 8.93 7.23 6.78 6.07 5.69 5.94 10.20 10.56 8.08 10.92 9.92 7.68 7.26 11.97 9.62 9.94 6.87 4.82 7.02 5.50 5.12 6.26 6.51 6.20 6.58 6.36 6.52 6.71 6.99 7.04 7.24 9.05 8.29 7.49 9.12 8.43 8.56 8.58 -9999 9.72 10.61 12.11 13.29 -9999 -9999 -9999 -9999 -9999 -9999 -9999 -9999 -9999
-9999 -9999 -9999 -9999 -9999 -9999 -9999 -9999 -9999 -9999 -9999 -9999 -9999 -9999 -9999 -9999 -9999 -9999 -9999 -9999 -9999 -9999 -9999 -9999 -9999 -9999 -9999 8.68 7.03 6.67 6.09 7.80 6.45 7.10 10.13 6.35 6.74 7.05 4.86 5.09 9.42 8.87 9.07 5.56 7.61 8.36 5.66 6.97 6.24 6.99 6.87 6.72 6.44 6.54 6.68 6.78 6.76 6.80 7.06 7.77 6.83 7.12 8.01 7.53 8.44 8.96 -9999 -9999 -9999 -9999 -9999 -9999 -9999 -9999 -9999 -9999 -9999 -9999 -9999
-9999 -9999 -9999 -9999 -9999 -9999 -9999 -9999 -9999 -9999 -9999 -9999 -9999 -9999 -9999 -9999 -9999 -9999 -9999 -9999 -9999 -9999 -9999 -9999 -9999 -9999 10.59 8.02 6.84 7.65 7.10 7.12 6.41 6.71 6.40 5.97 5.92 5.33 5.11 5.80 8.40 11.03 11.56 6.90 9.50 8.44 5.62 6.09 5.18 6.14 6.81 6.60 6.40 6.78 6.78 6.72 6.87 6.75 6.89 7.14 7.09 6.78 8.47 7.98 7.95 8.25 9.53 10.91 -9999 -9999 -9999 -9999 -9999 -9999 -9999 -9999 -9999 -9999 -9999
-9999 -9999 -9999 -9999 -9999 -9999 -9999 -9999 -9999 -9999 -9999 -9999 -9999 -9999 -9999 -9999 -9999 -9999 -9999 -9999 -9999 -9999 -9999 -9999 -9999 -9999 -9999 8.26 6.92 6.84 7.14 8.97 6.41 5.64 5.33 6.11 6.63 6.06 5.79 5.61 5.16 9.11 10.79 12.02 8.63 8.66 7.37 6.19 6.71 4.78 5.56 7.17 6.56 6.66 6.60 6.61 6.89 6.83 6.91 7.34 7.19 6.72 6.84 9.55 8.31 7.87 8.27 9.22 10.54 12.04 -9999 -9999 -9999 -9999 -9999 -9999 -9999 -9999 -9999
-9999 -9999 -9999 -9999 -9999 -9999 -9999 -9999 -9999 -9999 -9999 -9999 -9999 -9999 -9999 -9999 -9999 -9999 -9999 -9999 -9999 -9999 -9999 -9999 -9999 -9999 -9999 8.27 7.35 6.66 6.69 6.79 6.87 6.32 5.64 5.91 5.70 5.54 5.57 5.37 5.85 4.68 9.53 12.44 12.58 9.74 8.08 7.10 5.68 6.36 5.85 7.66 6.79 6.81 6.60 6.63 6.74 6.91 7.41 7.50 7.41 7.00 7.33 9.40 8.73 8.94 7.67 7.79 8.90 10.49 -9999 -9999 -9999 -9999 -9999 -9999 -9999 -9999 -9999
-9999 -9999 -9999 -9999 -9999 -9999 -9999 12.04 11.07 11.63 13.05 -9999 -9999 -9999 -9999 -9999 -9999 -9999 -9999 -9999 -9999 -9999 -9999 -9999 -9999 -9999 9.12 7.72 7.94 7.00 7.71 7.02 6.44 6.32 6.27 6.00 6.05 5.91 5.89 5.60 5.23 7.60 9.79 9.68 6.86 10.49 9.42 5.75 6.07 4.45 8.00 8.34 7.02 6.98 6.73 6.70 6.80 7.05 7.54 8.03 7.92 7.31 7.21 7.37 9.30 9.11 9.58 7.63 7.49 9.03 10.88 -9999 -9999 -9999 -9999 -9999 -9999 -9999 -9999
-9999 -9999 -9999 -9999 -9999 -9999 -9999 11.11 10.04 9.83 10.62 -9999 -9999 -9999 -9999 -9999 -9999 -9999 -9999 -9999 -9999 -9999 -9999 -9999 -9999 9.32 8.76 7.71 7.91 8.83 7.24 7.14 6.14 6.18 6.47 6.31 6.54 6.69 5.88 5.39 5.23 6.29 11.70 11.05 6.40 8.20 7.91 7.74 4.90 4.50 6.92 7.81 7.20 6.48 6.45 6.69 7.30 7.41 7.65 7.92 8.47 7.81 7.54 7.10 8.84 8.86 8.82 7.79 7.53 8.03 9.91 -9999 -9999 -9999 -9999 -9999 -9999 -9999 -9999
-9999 -9999 -9999 -9999 -9999 14.66 10.91 8.86 9.08 8.70 10.07 10.00 11.45 12.51 -9999 -9999 13.16 11.58 -9999 -9999 -9999 10.27 11.45 10.50 -9999 7.32 8.99 7.96 7.40 7.86 7.14 7.42 7.36 7.89 7.36 7.39 6.44 6.93 6.21 6.02 9.56 5.74 6.69 9.25 3.65 5.38 11.36 5.60 7.93 5.83 6.66 7.00 6.80 6.78 6.82 6.85 7.35 7.22 7.74 7.74 8.65 7.89 7.53 7.25 7.46 8.12 9.20 8.85 7.61 7.43 8.97 11.02 -9999 -9999 -9999 -9999 -9999 -9999 -9999
-9999 -9999 -9999 -9999 -9999 -9999 11.40 9.36 8.41 7.84 8.29 9.93 11.89 9.53 -9999 9.13 10.32 11.92 10.89 11.98 8.61 7.67 12.05 11.64 9.75 -9999 6.52 8.19 8.02 7.22 7.10 7.82 7.01 6.69 6.63 6.55 6.83 6.53 7.04 6.54 9.73 9.46 7.87 8.21 7.41 8.99 9.30 8.00 5.83 5.55 7.58 7.63 6.42 7.26 6.86 7.34 7.55 7.25 7.58 7.64 8.67 7.91 7.46 7.33 6.87 7.52 8.36 9.36 8.41 7.53 8.18 10.14 -9999 -9999 -9999 -9999 -9999 -9999 -9999
