ML/MeanWindSpeed_1993-10_Actual.txt
ncols         180
nrows         290
xllcorner     -200000
yllcorner     -200000
cellsize      5000
NODATA_value  -9999
[rows 140 to 174 of 290, columns 79 to 157 of 180]
-9999 -9999 9.10 -9999 -9999 -9999 7.91 7.62 6.23 6.39 7.74 -9999 -9999 8.53 6.94 8.91 10.01 -9999 -9999 -9999 -9999 -9999 7.27 5.82 3.62 3.81 3.77 4.37 4.15 4.64 4.56 2.90 5.03 7.92 9.30 7.18 8.62 9.30 9.54 7.47 7.85 7.89 6.70 4.88 4.78 4.89 2.75 3.53 5.84 7.86 -9999 -9999 -9999 -9999 -9999 -9999 -9999 -9999 -9999 -9999 -9999 -9999 -9999 -9999 -9999 -9999 -9999 -9999 -9999 -9999 -9999 -9999 -9999 -9999 -9999 -9999 -9999 -9999 -9999
-9999 -9999 9.29 9.14 -9999 -9999 -9999 7.96 7.97 7.70 8.48 -9999 -9999 -9999 -9999 9.49 -9999 -9999 -9999 -9999 -9999 -9999 5.97 4.79 3.90 4.60 5.64 5.74 4.94 5.00 4.41 3.65 4.11 7.15 8.67 6.17 10.39 9.96 10.83 8.24 8.20 9.17 6.86 5.38 4.80 3.49 2.46 3.51 5.57 7.58 -9999 -9999 -9999 -9999 -9999 -9999 -9999 -9999 -9999 -9999 -9999 -9999 -9999 -9999 -9999 -9999 -9999 -9999 -9999 -9999 -9999 -9999 -9999 -9999 -9999 -9999 -9999 -9999 -9999
-9999 -9999 -9999 10.26 -9999 -9999 -9999 -9999 8.30 9.06 9.11 -9999 -9999 -9999 -9999 -9999 -9999 -9999 -9999 -9999 -9999 6.86 5.48 5.22 5.25 5.57 6.98 6.82 6.06 5.87 5.18 4.79 3.75 5.20 10.22 10.71 10.64 10.45 8.43 7.55 7.70 6.22 4.41 5.92 5.84 3.35 2.86 3.96 5.51 7.46 9.08 -9999 -9999 -9999 -9999 -9999 -9999 -9999 -9999 -9999 -9999 -9999 -9999 -9999 -9999 -9999 -9999 -9999 -9999 -9999 -9999 -9999 -9999 -9999 -9999 -9999 -9999 -9999 -9999
-9999 -9999 -9999 11.28 -9999 -9999 -9999 -9999 -9999 -9999 -9999 -9999 -9999 -9999 -9999 -9999 -9999 -9999 -9999 -9999 -9999 6.47 4.82 4.05 3.77 3.47 9.49 7.72 6.60 7.72 5.46 6.15 2.85 3.38 8.27 11.79 9.68 8.61 11.77 12.98 11.43 9.19 7.68 4.30 4.55 4.20 4.81 4.56 5.42 7.40 8.82 9.78 -9999 -9999 -9999 -9999 -9999 -9999 -9999 -9999 -9999 -9999 -9999 -9999 -9999 -9999 -9999 -9999 -9999 -9999 -9999 -9999 -9999 -9999 -9999 -9999 -9999 -9999 -9999
-9999 -9999 -9999 -9999 -9999 -9999 -9999 -9999 -9999 -9999 -9999 -9999 -9999 -9999 -9999 -9999 -9999 -9999 -9999 -9999 6.59 5.33 3.97 3.71 6.64 3.35 13.44 12.84 6.48 6.67 5.54 4.71 4.89 3.19 4.73 12.13 12.32 10.86 9.51 8.48 9.95 9.17 7.88 6.04 4.97 4.64 4.42 4.72 6.03 6.53 7.17 8.37 -9999 -9999 -9999 -9999 -9999 -9999 -9999 -9999 -9999 -9999 -9999 -9999 -9999 -9999 -9999 -9999 -9999 -9999 -9999 -9999 -9999 -9999 -9999 -9999 -9999 -9999 -9999
-9999 -9999 -9999 -9999 -9999 -9999 -9999 -9999 -9999 -9999 -9999 -9999 -9999 -9999 -9999 -9999 -9999 -9999 -9999 -9999 5.26 5.21 3.04 5.54 12.21 6.56 4.40 9.07 9.21 6.66 5.79 4.83 4.48 4.34 5.70 8.04 14.67 12.30 11.08 9.05 8.54 8.10 6.24 5.70 5.49 6.05 4.94 5.84 5.68 6.13 6.16 6.83 7.93 8.86 9.18 -9999 -9999 -9999 -9999 -9999 -9999 -9999 -9999 -9999 -9999 -9999 -9999 -9999 -9999 -9999 -9999 -9999 -9999 -9999 -9999 -9999 -9999 -9999 -9999
-9999 -9999 -9999 -9999 -9999 -9999 -9999 -9999 -9999 -9999 -9999 -9999 -9999 -9999 -9999 -9999 -9999 -9999 -9999 -9999 4.98 4.07 3.76 7.52 5.29 5.46 6.77 9.97 6.81 5.22 7.55 3.15 4.82 4.63 6.37 6.92 9.52 11.14 10.62 9.59 8.74 6.77 6.41 5.64 5.04 4.82 5.09 5.17 5.61 5.36 5.36 5.64 8.29 7.38 8.45 9.36 9.45 -9999 -9999 -9999 -9999 -9999 -9999 -9999 -9999 -9999 -9999 -9999 -9999 -9999 -9999 -9999 -9999 -9999 -9999 -9999 -9999 -9999 -9999
-9999 -9999 -9999 -9999 -9999 -9999 -9999 -9999 -9999 -9999 -9999 -9999 -9999 -9999 -9999 -9999 -9999 -9999 -9999 -9999 5.04 3.93 4.62 9.62 11.39 8.28 5.33 6.24 6.52 8.11 3.98 6.52 4.93 4.66 6.87 7.45 6.42 7.09 10.27 9.53 8.45 7.48 6.47 5.81 5.58 5.38 4.92 5.17 5.13 4.87 5.34 5.47 6.28 8.49 8.07 8.30 9.51 9.85 8.96 -9999 -9999 -9999 -9999 -9999 -9999 -9999 -9999 -9999 -9999 -9999 -9999 -9999 -9999 -9999 -9999 -9999 -9999 -9999 -9999
-9999 -9999 -9999 -9999 -9999 -9999 -9999 -9999 -9999 -9999 -9999 -9999 -9999 -9999 -9999 -9999 -9999 -9999 -9999 -9999 5.79 4.10 5.59 7.10 4.24 14.22 11.54 5.71 7.06 4.74 7.61 7.93 4.88 4.11 5.83 6.83 5.59 11.77 10.55 10.06 10.26 10.19 9.13 6.19 6.85 5.61 5.16 5.12 5.06 5.10 5.08 4.70 5.43 7.59 6.74 6.46 7.06 8.41 7.66 10.49 -9999 -9999 -9999 -9999 -9999 -9999 -9999 -9999 -9999 -9999 -9999 -9999 -9999 -9999 -9999 -9999 -9999 -9999 -9999
-9999 -9999 -9999 -9999 -9999 -9999 -9999 -9999 8.13 8.47 9.11 -9999 -9999 -9999 -9999 -9999 -9999 -9999 -9999 -9999 -9999 5.91 4.56 3.61 5.66 7.60 10.30 5.29 2.90 6.68 5.96 4.92 3.93 5.72 6.40 5.76 6.72 9.16 9.51 12.38 11.18 9.09 8.25 8.46 6.95 5.69 5.19 4.91 4.95 4.59 4.45 8.00 7.30 10.01 10.39 9.46 8.50 6.44 8.93 9.80 9.57 -9999 -9999 -9999 -9999 -9999 -9999 -9999 -9999 -9999 -9999 -9999 -9999 -9999 -9999 -9999 -9999 -9999 -9999
-9999 -9999 -9999 -9999 -9999 -9999 -9999 -9999 6.68 6.72 -9999 -9999 -9999 -9999 -9999 -9999 -9999 -9999 -9999 -9999 -9999 -9999 4.83 2.69 6.01 6.69 12.97 6.24 6.25 5.55 3.61 2.78 3.09 3.15 10.05 5.53 6.79 11.18 9.25 6.99 6.36 9.80 6.47 8.50 6.63 5.46 4.83 4.68 4.32 4.82 6.94 7.98 7.45 7.30 6.89 7.84 8.63 8.28 8.70 8.77 10.95 -9999 -9999 -9999 -9999 -9999 -9999 -9999 -9999 -9999 -9999 -9999 -9999 -9999 -9999 -9999 -9999 -9999 -9999
-9999 -9999 -9999 -9999 -9999 -9999 -9999 6.20 7.90 7.73 7.94 -9999 -9999 -9999 -9999 -9999 -9999 -9999 -9999 -9999 -9999 -9999 5.23 6.13 6.52 7.35 5.69 6.56 4.90 4.44 3.49 2.99 4.52 3.55 3.02 10.45 7.33 7.02 10.05 8.53 10.74 8.21 8.34 6.90 6.21 5.51 5.21 4.52 4.10 5.28 6.70 6.35 7.27 8.14 7.74 8.16 7.89 8.16 8.56 7.46 10.17 9.91 -9999 -9999 -9999 -9999 -9999 -9999 -9999 -9999 -9999 -9999 -9999 -9999 -9999 -9999 -9999 -9999 -9999
-9999 -9999 -9999 -9999 -9999 -9999 5.66 8.04 8.98 12.15 8.01 -9999 -9999 -9999 -9999 -9999 -9999 -9999 -9999 -9999 -9999 -9999 6.53 9.48 6.76 3.78 5.21 4.51 4.99 3.57 2.84 3.56 4.54 2.89 8.29 6.41 9.30 7.18 11.15 6.76 7.89 6.27 7.86 6.39 6.33 6.06 4.87 4.67 4.21 4.53 7.35 8.02 7.87 7.02 7.14 6.92 6.92 7.22 8.67 8.74 8.57 9.71 -9999 -9999 -9999 -9999 -9999 -9999 -9999 -9999 -9999 -9999 -9999 -9999 -9999 -9999 -9999 -9999 -9999
-9999 -9999 -9999 -9999 -9999 7.66 6.12 10.81 8.58 8.87 -9999 -9999 -9999 -9999 -9999 -9999 -9999 -9999 -9999 -9999 -9999 -9999 -9999 6.64 4.50 3.72 5.65 3.67 5.58 4.11 3.47 3.20 3.73 2.63 7.92 8.26 9.50 9.17 10.14 10.07 10.02 8.96 8.29 8.22 7.52 5.61 5.09 4.95 4.68 4.58 5.42 9.29 8.37 6.38 5.94 6.04 5.83 6.03 6.27 6.52 6.34 7.43 9.25 10.54 -9999 -9999 -9999 -9999 -9999 -9999 -9999 -9999 -9999 -9999 -9999 -9999 -9999 -9999 -9999
-9999 -9999 -9999 -9999 -9999 9.53 10.10 7.06 7.84 8.67 -9999 -9999 -9999 -9999 -9999 -9999 -9999 -9999 -9999 -9999 -9999 -9999 -9999 -9999 5.26 5.09 4.57 3.98 5.36 4.92 4.77 4.14 4.46 2.81 8.03 7.52 6.96 9.20 8.38 7.67 11.08 11.00 8.04 9.20 7.95 7.24 5.51 5.14 4.98 4.76 5.07 6.04 6.41 5.89 5.86 5.81 5.83 5.72 5.83 5.91 6.00 8.39 9.05 9.38 -9999 -9999 -9999 -9999 -9999 -9999 -9999 -9999 -9999 -9999 -9999 -9999 -9999 -9999 -9999
-9999 -9999 -9999 -9999 -9999 10.44 9.02 9.63 9.21 -9999 -9999 -9999 -9999 -9999 -9999 -9999 -9999 -9999 -9999 -9999 -9999 -9999 -9999 -9999 6.32 5.87 5.35 -9999 5.97 -9999 5.35 4.38 3.72 2.98 3.64 8.02 7.26 7.95 10.96 5.37 6.29 10.89 9.34 8.72 8.22 7.02 5.80 5.44 5.34 5.03 5.08 5.44 6.19 6.99 6.07 6.53 5.74 5.29 6.22 7.24 6.90 6.47 6.66 8.57 10.85 12.10 -9999 -9999 -9999 -9999 -9999 -9999 -9999 -9999 -9999 -9999 -9999 -9999 -9999
-9999 -9999 -9999 -9999 10.89 9.91 9.50 -9999 -9999 -9999 -9999 -9999 -9999 -9999 -9999 -9999 -9999 -9999 -9999 -9999 -9999 -9999 -9999 -9999 7.66 6.64 5.81 -9999 -9999 -9999 5.29 5.54 3.02 3.94 5.34 4.51 4.35 6.06 9.70 9.51 5.48 9.13 10.44 8.11 8.87 7.72 6.60 5.11 5.23 5.07 5.11 5.32 5.63 5.94 5.87 6.13 5.15 5.80 6.81 7.53 7.81 7.72 7.07 7.48 9.23 11.13 -9999 -9999 -9999 -9999 -9999 -9999 -9999 -9999 -9999 -9999 -9999 -9999 -9999
-9999 -9999 -9999 -9999 -9999 -9999 -9999 -9999 -9999 -9999 -9999 -9999 -9999 -9999 -9999 -9999 -9999 -9999 -9999 -9999 -9999 -9999 -9999 -9999 -9999 -9999 -9999 -9999 -9999 6.23 4.39 3.92 5.33 6.27 7.01 7.13 5.87 6.42 8.92 8.62 7.04 5.67 8.36 9.42 8.04 7.13 6.28 5.60 5.41 5.57 5.21 5.21 5.38 5.45 5.34 4.91 5.73 8.11 7.01 7.59 6.95 7.04 6.40 7.55 9.18 -9999 -9999 -9999 -9999 -9999 -9999 -9999 -9999 -9999 -9999 -9999 -9999 -9999 -9999
-9999 -9999 -9999 -9999 -9999 -9999 -9999 -9999 -9999 -9999 -9999 -9999 -9999 -9999 -9999 -9999 -9999 -9999 -9999 -9999 -9999 -9999 -9999 -9999 -9999 -9999 -9999 -9999 -9999 5.64 4.01 4.88 7.22 9.48 8.52 6.17 7.10 5.30 5.97 5.48 6.80 7.39 8.24 8.43 7.99 6.94 6.41 6.01 5.43 5.61 5.17 5.21 5.32 5.45 5.33 4.84 5.40 8.74 8.24 6.82 6.45 6.28 6.17 7.43 9.42 -9999 -9999 -9999 -9999 -9999 -9999 -9999 -9999 -9999 -9999 -9999 -9999 -9999 -9999
-9999 -9999 -9999 -9999 -9999 -9999 -9999 -9999 -9999 -9999 -9999 -9999 -9999 -9999 -9999 -9999 -9999 -9999 -9999 -9999 -9999 -9999 -9999 -9999 -9999 -9999 -9999 -9999 -9999 4.81 3.45 3.87 6.59 7.75 7.44 6.65 6.29 5.78 6.35 5.42 5.41 6.02 4.97 8.36 7.02 7.76 6.66 6.37 5.40 5.24 5.30 5.29 5.38 5.41 5.40 5.19 5.16 7.02 7.75 6.97 6.33 6.24 6.09 7.16 9.02 -9999 -9999 -9999 -9999 -9999 -9999 -9999 -9999 -9999 -9999 -9999 -9999 -9999 -9999
-9999 -9999 -9999 -9999 -9999 -9999 -9999 -9999 -9999 -9999 -9999 -9999 -9999 -9999 -9999 -9999 -9999 -9999 -9999 -9999 -9999 -9999 -9999 -9999 -9999 -9999 -9999 7.62 5.84 4.06 3.24 5.56 7.40 9.87 7.21 8.36 4.56 5.46 5.46 6.51 7.15 6.88 8.35 5.69 5.80 5.79 5.69 5.34 5.99 5.30 5.25 5.52 5.35 5.41 5.53 5.36 5.37 5.81 7.28 6.83 6.19 6.03 6.02 6.64 8.34 10.18 -9999 -9999 -9999 -9999 -9999 -9999 -9999 -9999 -9999 -9999 -9999 -9999 -9999
-9999 -9999 -9999 -9999 -9999 -9999 -9999 -9999 -9999 -9999 -9999 -9999 -9999 -9999 -9999 -9999 -9999 -9999 -9999 -9999 -9999 -9999 -9999 -9999 -9999 -9999 -9999 6.81 4.89 3.89 3.47 4.14 6.87 5.34 5.16 3.88 5.19 7.64 5.82 7.26 6.87 7.89 5.18 8.21 6.42 7.33 6.92 6.87 5.90 5.61 5.36 5.28 5.31 5.46 5.51 5.53 5.41 5.48 6.05 7.03 6.49 6.04 6.07 6.31 7.57 9.42 -9999 -9999 -9999 -9999 -9999 -9999 -9999 -9999 -9999 -9999 -9999 -9999 -9999
-9999 -9999 -9999 -9999 -9999 -9999 -9999 -9999 -9999 -9999 -9999 -9999 -9999 -9999 -9999 -9999 -9999 -9999 -9999 -9999 -9999 -9999 -9999 -9999 -9999 -9999 -9999 6.76 4.74 4.09 3.83 4.33 5.18 5.51 4.71 4.08 5.31 5.73 5.33 6.86 8.71 6.82 6.43 5.34 6.65 5.30 5.76 6.26 6.50 5.83 5.61 5.29 5.30 5.48 5.56 5.60 5.54 5.45 5.74 6.74 7.26 6.38 6.06 6.34 6.91 8.27 9.98 -9999 -9999 -9999 -9999 -9999 -9999 -9999 -9999 -9999 -9999 -9999 -9999
-9999 -9999 -9999 -9999 -9999 -9999 -9999 -9999 -9999 -9999 -9999 -9999 -9999 -9999 -9999 -9999 -9999 -9999 -9999 -9999 -9999 -9999 -9999 -9999 -9999 -9999 -9999 6.52 4.87 4.42 4.41 4.39 4.48 4.50 5.11 5.97 4.33 4.53 5.41 8.96 8.99 9.61 8.34 6.70 6.34 6.71 5.60 5.15 6.02 6.39 5.60 5.31 5.38 5.40 5.57 5.75 5.86 5.78 5.91 7.29 8.21 7.30 6.97 7.08 6.98 7.35 8.85 10.51 -9999 -9999 -9999 -9999 -9999 -9999 -9999 -9999 -9999 -9999 -9999
-9999 -9999 -9999 -9999 -9999 -9999 -9999 -9999 -9999 -9999 -9999 -9999 -9999 -9999 -9999 -9999 -9999 -9999 -9999 -9999 -9999 -9999 -9999 -9999 -9999 -9999 -9999 6.55 4.77 4.36 4.21 4.05 3.82 4.54 4.37 5.26 5.86 7.41 8.57 9.47 7.55 8.79 7.37 7.05 5.80 6.82 6.30 5.71 5.29 5.25 5.41 5.28 5.38 5.54 5.77 5.94 6.17 6.35 6.51 7.08 7.94 7.75 7.43 7.60 7.68 7.52 7.73 9.42 -9999 -9999 -9999 -9999 -9999 -9999 -9999 -9999 -9999 -9999 -9999
-9999 -9999 -9999 -9999 -9999 -9999 -9999 -9999 -9999 -9999 -9999 -9999 -9999 -9999 -9999 -9999 -9999 -9999 -9999 -9999 -9999 -9999 -9999 -9999 -9999 -9999 -9999 -9999 4.82 4.45 4.14 3.69 4.09 5.77 6.04 6.68 5.88 5.85 7.66 7.74 8.94 8.25 6.50 5.06 5.39 5.28 6.15 5.49 5.35 5.89 5.70 5.28 5.51 5.61 5.88 5.99 6.22 6.55 6.85 7.22 7.24 7.43 7.70 8.03 -9999 8.16 8.57 9.56 11.32 -9999 -9999 -9999 -9999 -9999 -9999 -9999 -9999 -9999 -9999
-9999 -9999 -9999 -9999 -9999 -9999 -9999 -9999 -9999 -9999 -9999 -9999 -9999 -9999 -9999 -9999 -9999 -9999 -9999 -9999 -9999 -9999 -9999 -9999 -9999 -9999 -9999 6.29 4.71 4.33 3.79 3.43 3.67 7.02 7.75 6.38 8.61 8.39 7.02 6.87 9.97 8.52 8.62 6.33 4.78 6.22 5.11 4.67 5.27 5.53 5.34 5.54 5.45 5.62 5.79 6.07 6.10 6.27 7.52 7.19 6.77 7.83 7.34 7.77 7.96 -9999 9.33 10.27 11.72 12.86 -9999 -9999 -9999 -9999 -9999 -9999 -9999 -9999 -9999
-9999 -9999 -9999 -9999 -9999 -9999 -9999 -9999 -9999 -9999 -9999 -9999 -9999 -9999 -9999 -9999 -9999 -9999 -9999 -9999 -9999 -9999 -9999 -9999 -9999 -9999 -9999 5.93 4.39 4.12 3.78 4.96 4.41 5.67 8.22 6.09 6.49 6.85 5.45 5.39 8.27 7.84 7.60 5.05 6.30 6.87 5.09 5.87 5.31 5.88 5.84 5.67 5.48 5.62 5.76 5.89 5.87 5.92 6.19 6.63 6.02 6.33 6.91 6.77 7.76 8.44 -9999 -9999 -9999 -9999 -9999 -9999 -9999 -9999 -9999 -9999 -9999 -9999 -9999
-9999 -9999 -9999 -9999 -9999 -9999 -9999 -9999 -9999 -9999 -9999 -9999 -9999 -9999 -9999 -9999 -9999 -9999 -9999 -9999 -9999 -9999 -9999 -9999 -9999 -9999 7.57 5.27 4.08 4.69 4.47 4.74 4.67 5.88 6.40 6.08 5.93 5.69 5.48 5.62 7.68 9.50 9.36 5.94 7.63 7.08 5.14 5.34 4.73 5.42 5.87 5.64 5.42 5.76 5.81 5.85 5.99 5.93 6.18 6.39 6.30 6.27 7.38 7.05 7.14 7.69 9.01 10.45 -9999 -9999 -9999 -9999 -9999 -9999 -9999 -9999 -9999 -9999 -9999
-9999 -9999 -9999 -9999 -9999 -9999 -9999 -9999 -9999 -9999 -9999 -9999 -9999 -9999 -9999 -9999 -9999 -9999 -9999 -9999 -9999 -9999 -9999 -9999 -9999 -9999 -9999 5.38 4.20 4.18 4.65 6.26 4.92 5.11 5.37 5.80 6.07 5.71 5.44 5.24 5.49 8.30 9.06 9.49 7.30 7.49 6.51 5.61 5.89 4.62 5.08 6.05 5.52 5.66 5.67 5.76 6.03 6.02 6.21 6.61 6.40 6.15 6.33 8.15 7.37 7.15 7.71 8.78 10.12 11.66 -9999 -9999 -9999 -9999 -9999 -9999 -9999 -9999 -9999
-9999 -9999 -9999 -9999 -9999 -9999 -9999 -9999 -9999 -9999 -9999 -9999 -9999 -9999 -9999 -9999 -9999 -9999 -9999 -9999 -9999 -9999 -9999 -9999 -9999 -9999 -9999 5.29 4.54 4.20 4.52 4.95 5.22 5.27 5.18 5.46 5.28 5.20 5.24 5.33 5.81 5.37 8.76 10.26 10.38 8.48 7.08 6.33 5.24 5.58 5.30 6.42 5.69 5.76 5.68 5.79 5.93 6.08 6.51 6.74 6.62 6.24 6.62 8.21 7.78 7.95 7.11 7.42 8.54 10.15 -9999 -9999 -9999 -9999 -9999 -9999 -9999 -9999 -9999
-9999 -9999 -9999 -9999 -9999 -9999 -9999 9.44 8.47 8.88 9.98 -9999 -9999 -9999 -9999 -9999 -9999 -9999 -9999 -9999 -9999 -9999 -9999 -9999 -9999 -9999 5.82 4.72 4.87 4.46 5.23 5.17 4.92 5.04 5.30 5.33 5.42 5.35 5.34 5.32 5.21 7.44 9.26 9.04 7.15 9.30 8.35 5.70 5.56 4.27 6.65 6.91 5.90 5.88 5.75 5.83 5.96 6.17 6.58 7.09 7.01 6.49 6.53 6.97 8.33 8.18 8.45 7.17 7.21 8.78 10.66 -9999 -9999 -9999 -9999 -9999 -9999 -9999 -9999
-9999 -9999 -9999 -9999 -9999 -9999 -9999 8.38 7.26 7.18 8.02 -9999 -9999 -9999 -9999 -9999 -9999 -9999 -9999 -9999 -9999 -9999 -9999 -9999 -9999 5.66 5.21 4.50 4.87 5.83 5.00 5.13 4.62 4.87 5.24 5.30 5.54 5.69 5.19 4.91 4.93 6.22 10.53 10.43 7.18 8.29 7.63 7.14 4.89 4.36 6.01 6.73 6.14 5.58 5.58 5.82 6.30 6.44 6.67 7.04 7.40 6.92 6.79 6.88 8.16 8.20 8.12 7.33 7.20 7.87 9.78 -9999 -9999 -9999 -9999 -9999 -9999 -9999 -9999
-9999 -9999 -9999 -9999 -9999 11.72 8.68 6.79 6.58 6.33 7.38 7.31 8.46 9.24 -9999 -9999 8.82 7.42 -9999 -9999 -9999 5.78 6.57 5.99 -9999 3.84 5.08 4.61 4.54 5.09 4.80 5.12 5.23 5.89 5.79 5.97 5.41 5.75 5.26 5.33 7.88 5.86 7.54 9.33 5.30 6.49 9.87 5.66 6.76 5.25 6.02 6.39 5.99 5.83 5.85 6.00 6.39 6.36 6.78 6.97 7.60 7.02 6.81 6.90 7.27 7.85 8.58 8.19 7.31 7.35 8.94 11.04 -9999 -9999 -9999 -9999 -9999 -9999 -9999
-9999 -9999 -9999 -9999 -9999 -9999 9.18 7.40 6.43 5.87 6.03 6.89 8.05 6.35 -9999 5.77 6.20 6.84 5.95 6.57 4.04 3.19 6.09 6.15 5.15 -9999 3.40 4.71 4.77 4.39 4.48 5.19 4.91 5.05 5.32 5.44 5.68 5.49 5.67 5.53 8.07 8.51 8.22 8.37 7.35 8.67 8.74 7.21 5.44 5.12 6.64 6.77 5.75 6.17 5.90 6.39 6.59 6.41 6.67 6.89 7.66 7.09 6.80 6.82 6.80 7.48 8.09 8.63 7.94 7.43 8.25 10.26 -9999 -9999 -9999 -9999 -9999 -9999 -9999
