ML/MeanWindSpeed_1994-05_Actual.txt
ncols         180
nrows         290
xllcorner     -200000
yllcorner     -200000
cellsize      5000
NODATA_value  -9999
[rows 210 to 244 of 290, columns 78 to 155 of 180]
10.66 10.68 9.54 11.12 11.12 -9999 -9999 -9999 -9999 -9999 -9999 -9999 6.47 6.57 7.89 7.90 8.25 8.61 10.02 11.56 13.40 12.87 11.44 10.39 10.37 9.51 11.76 11.54 7.99 6.89 9.73 9.92 10.96 8.51 7.84 7.60 7.07 7.77 8.59 8.90 9.31 9.00 8.52 8.07 7.59 7.16 6.92 6.54 6.88 6.54 6.66 6.86 7.10 7.43 7.16 7.35 8.02 7.86 7.41 8.56 7.61 6.22 5.90 5.60 5.91 6.64 7.07 6.88 6.51 6.35 7.24 6.57 6.78 7.43 6.91 6.79 6.67 6.04
-9999 11.03 -9999 -9999 -9999 -9999 -9999 -9999 -9999 -9999 9.79 8.60 8.25 9.35 9.43 8.98 8.55 9.01 9.33 11.41 12.77 11.94 8.85 8.87 11.73 10.62 10.63 9.05 7.63 7.19 9.26 9.77 9.77 8.31 7.76 7.62 6.54 8.98 9.47 8.86 9.19 8.87 8.58 8.20 7.64 7.62 6.91 6.73 6.23 6.26 6.40 6.76 6.93 7.40 7.00 7.94 9.07 7.97 8.38 7.07 7.37 6.43 6.04 7.06 6.93 7.02 7.46 6.91 6.30 6.28 6.40 6.88 7.25 6.74 7.09 6.84 6.21 5.96
-9999 -9999 -9999 -9999 -9999 -9999 -9999 -9999 -9999 -9999 11.01 10.39 8.98 10.34 11.20 -9999 -9999 9.10 11.47 8.61 9.99 9.38 9.21 9.63 10.82 8.85 8.84 9.06 8.47 9.07 9.64 9.76 9.08 8.23 8.28 7.07 7.49 9.36 8.84 8.67 8.69 8.79 8.99 8.57 7.75 7.42 6.76 6.70 7.06 7.40 7.15 7.61 6.91 6.82 7.57 9.37 8.16 8.08 7.51 6.36 7.26 6.87 6.81 6.80 6.81 6.79 6.74 7.63 6.52 6.33 6.31 6.33 6.49 6.33 6.04 7.11 6.60 6.86
-9999 -9999 -9999 -9999 -9999 -9999 -9999 -9999 -9999 -9999 -9999 -9999 -9999 -9999 -9999 -9999 -9999 10.30 9.71 9.49 8.82 7.84 7.66 7.88 8.76 8.85 9.53 9.95 10.23 10.84 10.72 -9999 8.75 8.03 7.53 7.20 7.62 9.20 8.89 9.00 8.71 8.26 8.14 8.56 7.79 7.65 8.26 8.21 7.90 8.41 8.98 7.96 7.71 7.59 7.82 8.93 8.02 7.73 7.33 6.60 6.48 6.61 7.07 7.04 6.73 6.57 6.64 6.59 6.23 6.12 6.06 6.09 6.18 6.38 6.46 6.70 6.62 6.99
-9999 -9999 -9999 -9999 -9999 -9999 -9999 -9999 -9999 -9999 -9999 -9999 -9999 -9999 -9999 -9999 -9999 -9999 10.40 9.20 8.23 8.19 8.44 7.48 7.85 8.94 10.39 -9999 -9999 -9999 -9999 9.59 8.19 7.65 7.26 7.28 7.83 9.31 8.89 9.15 8.72 8.00 8.60 8.27 9.06 8.45 9.55 8.51 8.61 8.24 8.51 8.29 7.63 8.12 6.95 7.68 7.86 6.58 6.52 6.06 6.07 6.38 6.57 6.74 6.74 6.15 6.06 5.98 5.85 5.67 6.55 6.71 5.92 5.93 6.09 6.34 6.64 7.54
-9999 -9999 -9999 -9999 -9999 -9999 -9999 -9999 -9999 -9999 -9999 -9999 -9999 -9999 -9999 -9999 -9999 -9999 -9999 10.06 10.46 9.46 8.43 8.48 9.01 10.61 -9999 -9999 -9999 -9999 10.34 9.39 8.74 6.58 6.56 6.85 8.82 9.55 9.31 8.96 8.22 8.22 8.14 9.16 9.95 8.96 8.94 8.45 8.47 8.20 7.50 7.81 7.68 7.23 7.15 7.27 6.95 6.34 6.27 6.45 6.69 7.04 6.43 6.53 6.41 5.96 6.11 5.89 5.96 5.46 5.95 5.90 5.84 6.47 5.88 6.66 6.83 7.29
-9999 -9999 -9999 -9999 -9999 -9999 -9999 -9999 -9999 -9999 -9999 -9999 -9999 -9999 -9999 -9999 -9999 -9999 -9999 -9999 10.74 10.59 9.79 9.76 9.82 12.16 -9999 -9999 -9999 10.04 8.11 7.04 8.06 7.88 7.40 6.71 8.06 7.85 9.16 8.69 7.56 8.56 9.32 9.26 8.91 9.26 8.53 8.08 7.71 7.19 7.07 6.95 7.04 7.31 7.01 6.62 6.47 6.41 6.34 6.73 6.51 6.76 6.62 6.24 6.14 5.66 5.39 5.27 5.54 5.47 5.65 5.62 6.22 6.41 6.67 6.62 5.96 7.14
-9999 -9999 -9999 -9999 -9999 -9999 -9999 -9999 -9999 -9999 -9999 -9999 -9999 -9999 -9999 -9999 -9999 -9999 -9999 -9999 -9999 -9999 -9999 -9999 -9999 -9999 -9999 -9999 12.00 8.91 7.22 6.70 7.80 6.55 7.15 7.86 8.14 8.32 8.49 7.31 6.99 7.33 8.14 8.15 8.47 8.48 8.54 8.22 7.95 8.88 7.57 7.54 6.99 7.22 7.09 6.43 6.40 6.09 6.35 6.86 6.43 6.07 5.98 5.87 5.70 5.93 5.55 5.95 5.78 6.51 6.89 6.55 5.66 7.39 7.95 6.97 5.98 7.82
-9999 -9999 -9999 -9999 -9999 -9999 -9999 -9999 -9999 -9999 -9999 -9999 -9999 -9999 -9999 -9999 -9999 -9999 -9999 -9999 -9999 -9999 -9999 -9999 -9999 -9999 -9999 -9999 10.03 8.74 7.46 11.10 9.72 6.88 7.12 7.63 8.17 8.59 7.33 6.82 6.66 6.76 7.77 7.86 7.97 9.25 8.95 9.59 8.45 8.48 9.21 7.88 7.31 7.01 6.50 6.27 6.06 6.05 6.41 6.43 6.47 6.05 5.64 5.42 5.30 5.74 7.14 6.71 7.28 7.58 8.26 7.14 6.18 6.99 7.24 6.34 5.78 6.19
-9999 -9999 -9999 -9999 -9999 -9999 -9999 -9999 -9999 -9999 -9999 -9999 -9999 -9999 -9999 -9999 -9999 -9999 -9999 -9999 -9999 -9999 -9999 -9999 -9999 -9999 -9999 -9999 9.42 7.33 6.43 8.22 10.77 9.63 8.69 7.76 8.66 7.48 7.07 6.54 7.77 7.96 8.54 8.37 8.26 8.64 8.31 8.42 8.76 8.75 7.96 7.65 7.39 7.18 6.59 6.24 6.20 6.29 6.74 6.59 6.32 5.75 5.66 6.16 6.70 6.31 7.18 6.97 6.91 7.07 7.64 8.80 8.36 6.75 6.55 6.62 6.72 6.83
-9999 -9999 -9999 -9999 -9999 -9999 -9999 -9999 -9999 -9999 -9999 10.82 10.73 8.91 12.14 11.23 10.62 10.29 11.64 6.32 10.78 7.95 -9999 -9999 -9999 -9999 -9999 -9999 8.55 7.30 7.05 6.71 7.61 8.90 9.80 9.13 8.04 7.25 7.02 7.45 8.34 7.79 7.32 7.30 6.90 8.10 8.13 7.83 7.66 7.47 7.70 7.22 7.61 7.79 8.01 7.00 6.64 7.06 6.96 6.39 6.80 5.98 5.71 6.62 7.31 6.51 6.37 6.67 6.58 6.50 6.36 6.44 6.20 5.76 5.55 5.35 5.30 5.42
-9999 -9999 -9999 -9999 -9999 -9999 -9999 -9999 -9999 -9999 -9999 12.08 11.01 10.65 8.80 10.12 11.02 9.86 9.82 9.82 7.84 6.91 6.47 7.96 10.35 9.01 8.51 7.84 7.53 6.91 6.59 6.69 6.85 7.21 8.84 8.66 7.83 7.01 8.97 7.81 7.16 7.49 7.76 7.03 6.63 7.92 7.74 7.90 7.68 7.50 6.65 6.91 7.41 7.47 7.25 7.50 7.66 6.67 6.42 5.96 5.79 6.50 5.95 8.82 7.48 7.08 6.67 6.31 6.40 6.23 6.77 6.68 5.63 6.56 6.04 6.39 5.39 5.58
-9999 -9999 -9999 -9999 -9999 -9999 -9999 -9999 -9999 -9999 11.00 9.66 8.77 8.31 7.65 9.54 11.43 10.54 9.27 8.89 8.63 7.54 6.51 6.71 7.98 9.11 7.21 6.91 6.59 6.61 7.20 6.30 6.57 7.90 8.02 7.70 7.73 9.22 7.88 8.77 8.29 7.57 6.76 7.08 7.12 7.91 7.96 7.54 7.80 6.95 7.05 6.99 7.03 7.06 8.01 8.30 6.78 6.38 6.46 7.89 6.61 6.25 6.47 6.69 6.99 6.90 6.41 6.27 6.76 7.37 6.57 5.77 5.55 6.66 6.16 6.02 6.30 6.20
-9999 -9999 -9999 -9999 -9999 -9999 -9999 -9999 -9999 -9999 -9999 8.89 7.77 7.26 8.82 8.98 9.46 11.03 9.62 7.95 6.82 8.24 9.39 8.04 6.95 7.30 8.55 7.15 6.02 6.12 6.11 6.58 6.73 6.45 6.78 7.19 7.68 8.49 7.59 8.50 7.51 7.38 7.23 7.45 7.14 7.84 8.03 7.88 6.82 6.74 7.19 6.61 6.30 6.28 7.12 7.87 7.65 6.47 6.60 7.29 7.08 6.50 5.94 6.03 6.07 6.26 7.34 7.04 6.83 7.28 7.95 7.20 6.58 6.92 6.82 6.04 6.58 5.77
-9999 -9999 -9999 -9999 -9999 -9999 -9999 11.11 -9999 -9999 9.48 8.27 8.64 6.63 8.43 7.72 7.62 7.58 7.50 7.94 6.88 8.39 9.21 7.30 6.52 5.64 5.46 5.44 5.45 5.71 6.03 6.63 6.00 6.04 6.54 7.97 7.21 8.09 7.35 7.76 7.24 7.88 8.41 7.85 7.15 6.84 6.93 6.83 6.59 7.60 6.92 6.41 7.75 6.66 6.76 8.02 8.64 6.04 6.27 6.66 6.37 5.98 5.80 5.75 6.12 6.71 7.06 6.32 6.05 6.14 6.58 6.50 6.37 6.84 6.27 6.04 5.92 5.50
-9999 -9999 -9999 -9999 -9999 -9999 10.63 11.04 10.70 10.30 8.22 7.46 8.97 7.36 6.84 7.58 7.11 8.01 8.09 8.48 7.47 7.52 7.98 6.65 5.24 4.79 4.99 5.42 5.73 5.30 5.49 5.81 5.70 5.85 7.18 7.43 6.92 7.57 7.81 8.78 8.05 8.01 8.86 7.76 7.49 6.57 6.97 6.73 6.98 6.63 6.58 6.11 6.99 7.05 6.52 7.35 6.89 6.10 5.90 5.86 6.19 5.96 5.87 5.54 5.34 5.55 5.64 5.81 5.92 5.90 5.58 6.07 6.36 6.93 7.11 6.64 5.62 6.17
-9999 -9999 -9999 -9999 -9999 -9999 10.27 9.82 8.76 8.96 8.22 7.79 7.24 8.52 8.52 7.89 8.82 8.58 8.20 9.03 8.08 8.02 7.97 5.78 5.91 7.07 6.61 5.83 5.32 5.01 5.58 6.08 6.41 6.08 7.16 6.83 7.26 6.64 6.20 7.65 8.64 7.71 7.64 7.42 6.89 6.76 7.18 6.61 6.20 6.86 7.15 6.12 6.50 6.67 6.63 7.43 7.65 7.41 8.39 6.41 6.32 5.58 5.34 5.39 5.49 5.38 5.40 5.63 5.91 5.62 5.53 5.47 6.17 6.27 6.33 6.31 6.35 5.42
-9999 -9999 -9999 -9999 -9999 -9999 10.67 9.49 8.77 8.88 8.30 8.33 7.66 8.00 8.02 7.12 8.19 8.36 8.89 9.14 8.61 6.70 5.77 5.08 6.47 6.34 6.72 7.32 5.75 5.58 5.81 5.46 6.23 5.83 6.80 6.62 6.63 6.42 6.09 7.71 7.52 7.51 7.22 6.95 6.79 6.70 7.07 7.03 6.17 6.13 6.45 7.15 6.36 6.61 6.52 6.98 7.03 6.95 7.46 6.95 7.41 7.98 5.36 7.81 6.68 5.48 5.81 8.22 7.98 7.41 5.17 5.09 5.33 5.39 5.98 5.85 6.76 7.50
-9999 -9999 -9999 -9999 -9999 -9999 9.29 8.90 8.64 8.35 7.72 7.55 7.33 7.13 7.84 7.41 7.69 8.39 8.03 8.36 8.15 7.91 5.58 5.68 7.13 6.49 7.64 7.72 6.25 6.44 6.90 6.22 6.41 6.46 6.67 6.77 6.76 7.10 7.80 6.68 7.39 7.07 6.88 6.63 6.52 6.65 6.94 6.29 6.37 6.35 6.82 7.20 7.70 7.22 7.89 7.73 7.33 7.05 6.67 6.24 6.22 6.45 5.96 7.39 7.33 7.88 7.65 8.18 8.49 8.67 5.79 5.70 5.46 5.54 6.14 7.09 8.13 8.43
-9999 -9999 -9999 -9999 -9999 -9999 8.20 8.18 8.24 8.44 8.66 7.90 7.26 6.67 7.05 8.17 7.98 7.86 7.65 8.35 8.26 7.93 7.06 5.59 5.73 5.58 7.68 6.90 5.39 7.74 7.66 6.78 8.65 7.48 8.00 8.65 8.14 7.74 8.08 7.17 6.58 6.74 6.55 6.13 6.27 6.41 6.89 6.27 6.49 7.32 8.01 7.89 7.91 8.15 8.25 8.50 8.41 8.01 7.32 7.01 7.46 7.79 7.90 8.37 8.65 8.75 -9999 -9999 8.71 8.73 8.06 7.39 6.51 8.63 7.35 -9999 -9999 -9999
-9999 -9999 -9999 -9999 -9999 9.43 8.01 8.09 7.73 8.56 8.61 9.20 7.58 7.53 7.30 8.13 7.88 7.58 7.61 8.09 8.22 8.07 7.72 7.24 7.12 7.28 7.24 6.20 8.26 9.01 7.32 6.82 7.45 7.24 8.20 8.28 7.45 7.39 7.15 6.77 7.29 7.03 6.98 6.66 6.68 7.13 7.78 7.61 7.37 7.43 7.63 7.94 -9999 -9999 9.07 9.86 9.89 9.37 8.90 8.51 8.68 -9999 -9999 -9999 -9999 -9999 -9999 -9999 -9999 -9999 -9999 8.57 8.68 9.87 8.86 -9999 -9999 -9999
-9999 -9999 -9999 -9999 10.24 8.66 7.43 8.17 7.56 7.72 7.70 7.84 7.21 9.05 9.56 8.80 8.42 8.58 9.10 8.35 8.02 8.07 8.37 8.33 9.95 10.22 9.56 9.07 10.41 8.59 8.76 8.72 9.19 9.51 8.11 7.19 7.51 6.89 6.90 6.53 6.57 6.49 7.74 8.69 8.76 8.69 8.77 8.92 8.30 -9999 7.17 7.72 7.64 8.15 9.12 -9999 -9999 -9999 -9999 9.89 -9999 -9999 -9999 -9999 -9999 -9999 -9999 -9999 -9999 -9999 -9999 -9999 -9999 -9999 -9999 -9999 -9999 -9999
-9999 -9999 -9999 11.35 10.10 9.49 8.47 7.44 7.33 7.33 6.86 7.09 8.06 11.33 12.33 8.85 8.25 10.61 8.77 10.00 8.14 8.07 10.54 9.73 9.56 9.72 9.67 -9999 -9999 -9999 -9999 -9999 9.58 10.49 9.73 8.24 8.00 7.51 6.89 6.75 6.53 6.99 8.24 -9999 -9999 -9999 -9999 -9999 9.65 9.52 8.37 7.21 6.96 8.85 9.29 -9999 -9999 -9999 -9999 -9999 -9999 -9999 -9999 -9999 -9999 -9999 -9999 -9999 -9999 -9999 -9999 -9999 -9999 -9999 -9999 -9999 -9999 -9999
-9999 -9999 8.15 8.69 9.87 9.93 8.57 8.24 7.84 6.55 7.48 7.98 9.90 11.87 12.77 11.45 10.58 9.37 10.46 9.09 9.24 9.11 11.07 11.15 -9999 -9999 -9999 -9999 -9999 -9999 -9999 -9999 -9999 9.94 9.95 8.74 9.47 10.11 10.21 8.34 9.67 9.57 10.31 -9999 -9999 -9999 -9999 -9999 -9999 -9999 8.43 8.48 7.43 8.30 -9999 -9999 -9999 -9999 -9999 -9999 -9999 -9999 -9999 -9999 -9999 -9999 -9999 -9999 -9999 -9999 -9999 -9999 -9999 -9999 -9999 -9999 -9999 -9999
9.54 9.17 7.61 8.24 9.67 10.69 10.44 8.84 7.25 7.10 7.98 8.37 9.77 12.29 10.88 10.49 10.39 11.49 7.37 9.12 11.84 10.36 -9999 -9999 -9999 -9999 -9999 -9999 -9999 -9999 -9999 -9999 -9999 -9999 -9999 10.45 -9999 -9999 -9999 -9999 9.22 10.98 11.47 -9999 -9999 -9999 -9999 -9999 -9999 -9999 -9999 9.15 10.48 9.47 -9999 -9999 -9999 -9999 -9999 -9999 -9999 -9999 -9999 -9999 -9999 -9999 -9999 -9999 -9999 -9999 -9999 -9999 -9999 -9999 -9999 -9999 -9999 -9999
8.74 7.82 6.63 8.01 9.89 10.29 10.55 9.35 8.28 8.93 7.13 6.72 8.55 11.42 11.24 9.54 8.66 10.00 7.85 7.83 9.49 -9999 -9999 -9999 -9999 -9999 -9999 -9999 -9999 -9999 -9999 -9999 -9999 -9999 -9999 11.51 -9999 -9999 -9999 -9999 -9999 -9999 -9999 -9999 -9999 -9999 -9999 -9999 -9999 -9999 -9999 -9999 -9999 -9999 -9999 -9999 -9999 -9999 -9999 -9999 -9999 -9999 -9999 -9999 -9999 -9999 -9999 -9999 -9999 -9999 -9999 -9999 -9999 -9999 -9999 -9999 -9999 -9999
9.50 8.08 6.58 7.98 8.93 9.17 9.57 8.85 8.33 9.11 6.62 6.60 8.07 10.33 13.21 13.17 8.24 8.15 7.54 8.60 11.24 -9999 -9999 -9999 -9999 -9999 -9999 -9999 -9999 -9999 -9999 -9999 -9999 -9999 -9999 -9999 -9999 -9999 -9999 -9999 -9999 -9999 -9999 -9999 -9999 -9999 -9999 -9999 -9999 -9999 -9999 -9999 -9999 -9999 -9999 -9999 -9999 -9999 -9999 -9999 -9999 -9999 -9999 -9999 -9999 -9999 -9999 -9999 -9999 -9999 -9999 -9999 -9999 -9999 -9999 -9999 -9999 -9999
8.64 9.45 8.39 8.71 8.70 9.42 8.93 8.46 7.98 7.04 7.09 6.76 7.15 9.87 11.62 10.95 9.01 7.06 7.00 9.87 9.96 -9999 -9999 -9999 -9999 -9999 -9999 -9999 -9999 -9999 -9999 -9999 -9999 -9999 -9999 -9999 -9999 -9999 -9999 -9999 -9999 -9999 -9999 -9999 -9999 -9999 -9999 -9999 -9999 -9999 -9999 -9999 -9999 -9999 -9999 -9999 -9999 -9999 -9999 -9999 -9999 -9999 -9999 -9999 -9999 -9999 -9999 -9999 -9999 -9999 -9999 -9999 -9999 -9999 -9999 -9999 -9999 -9999
9.18 10.59 9.85 9.81 8.73 9.24 8.89 10.57 9.65 8.28 7.77 8.25 7.35 8.29 9.49 8.97 7.56 7.06 7.82 9.23 10.10 -9999 -9999 -9999 -9999 -9999 -9999 -9999 -9999 -9999 -9999 -9999 -9999 -9999 -9999 -9999 -9999 -9999 -9999 -9999 -9999 -9999 -9999 -9999 -9999 -9999 -9999 -9999 -9999 -9999 -9999 -9999 -9999 -9999 -9999 -9999 -9999 -9999 -9999 -9999 -9999 -9999 -9999 -9999 -9999 -9999 -9999 -9999 -9999 -9999 -9999 -9999 -9999 -9999 -9999 -9999 -9999 -9999
8.63 9.27 9.66 9.24 10.11 11.48 11.17 9.84 9.81 9.67 9.47 8.59 9.11 8.70 8.20 7.99 8.08 8.55 9.16 9.41 10.65 -9999 -9999 -9999 -9999 -9999 -9999 -9999 -9999 -9999 -9999 -9999 -9999 -9999 -9999 -9999 -9999 -9999 -9999 -9999 -9999 -9999 -9999 -9999 -9999 -9999 -9999 -9999 -9999 -9999 -9999 -9999 -9999 -9999 -9999 -9999 -9999 -9999 -9999 -9999 -9999 -9999 -9999 -9999 -9999 -9999 -9999 -9999 -9999 -9999 -9999 -9999 -9999 -9999 -9999 -9999 -9999 -9999
8.75 10.24 10.81 -9999 -9999 -9999 -9999 -9999 -9999 -9999 -9999 -9999 10.02 10.48 9.37 8.52 7.59 8.48 9.46 9.75 -9999 -9999 -9999 -9999 -9999 -9999 -9999 -9999 -9999 -9999 -9999 -9999 -9999 -9999 -9999 -9999 -9999 -9999 -9999 -9999 -9999 -9999 -9999 -9999 -9999 -9999 -9999 -9999 -9999 -9999 -9999 -9999 -9999 -9999 -9999 -9999 -9999 -9999 -9999 -9999 -9999 -9999 -9999 -9999 -9999 -9999 -9999 -9999 -9999 -9999 -9999 -9999 -9999 -9999 -9999 -9999 -9999 -9999
10.69 11.04 11.77 -9999 -9999 -9999 -9999 -9999 -9999 -9999 -9999 -9999 -9999 -9999 -9999 9.24 8.51 8.82 9.61 -9999 -9999 -9999 -9999 -9999 -9999 -9999 -9999 -9999 -9999 -9999 -9999 -9999 -9999 -9999 -9999 -9999 -9999 -9999 -9999 -9999 -9999 -9999 -9999 -9999 -9999 -9999 -9999 -9999 -9999 -9999 -9999 -9999 -9999 -9999 -9999 -9999 -9999 -9999 -9999 -9999 -9999 -9999 -9999 -9999 -9999 -9999 -9999 -9999 -9999 -9999 -9999 -9999 -9999 -9999 -9999 -9999 -9999 -9999
11.46 -9999 -9999 -9999 -9999 -9999 -9999 -9999 -9999 -9999 -9999 -9999 -9999 -9999 -9999 10.54 11.34 11.95 11.71 -9999 -9999 -9999 -9999 -9999 -9999 -9999 -9999 -9999 -9999 -9999 -9999 -9999 -9999 -9999 -9999 -9999 -9999 -9999 -9999 -9999 -9999 -9999 -9999 -9999 -9999 -9999 -9999 -9999 -9999 -9999 -9999 -9999 -9999 -9999 -9999 -9999 -9999 -9999 -9999 -9999 -9999 -9999 -9999 -9999 -9999 -9999 -9999 -9999 -9999 -9999 -9999 -9999 -9999 -9999 -9999 -9999 -9999 -9999
-9999 -9999 -9999 -9999 -9999 -9999 -9999 -9999 -9999 -9999 -9999 -9999 -9999 -9999 -9999 -9999 -9999 -9999 -9999 -9999 -9999 -9999 -9999 -9999 -9999 -9999 -9999 -9999 -9999 -9999 -9999 -9999 -9999 -9999 -9999 -9999 -9999 -9999 -9999 -9999 -9999 -9999 -9999 -9999 -9999 -9999 -9999 -9999 -9999 -9999 -9999 -9999 -9999 -9999 -9999 -9999 -9999 -9999 -9999 -9999 -9999 -9999 -9999 -9999 -9999 -9999 -9999 -9999 -9999 -9999 -9999 -9999 -9999 -9999 -9999 -9999 -9999 -9999
-9999 -9999 -9999 -9999 -9999 -9999 -9999 -9999 -9999 -9999 -9999 -9999 -9999 -9999 -9999 -9999 -9999 -9999 -9999 -9999 -9999 -9999 -9999 -9999 -9999 -9999 -9999 -9999 -9999 -9999 -9999 -9999 -9999 -9999 -9999 -9999 -9999 -9999 -9999 -9999 -9999 -9999 -9999 -9999 -9999 -9999 -9999 -9999 -9999 -9999 -9999 -9999 -9999 -9999 -9999 -9999 -9999 -9999 -9999 -9999 -9999 -9999 -9999 -9999 -9999 -9999 -9999 -9999 -9999 -9999 -9999 -9999 -9999 -9999 -9999 -9999 -9999 -9999
