ML/MeanWindSpeed_1999-03_Actual.txt
ncols         180
nrows         290
xllcorner     -200000
yllcorner     -200000
cellsize      5000
NODATA_value  -9999
[rows 175 to 209 of 290, columns 78 to 155 of 180]
-9999 -9999 -9999 -9999 -9999 -9999 -9999 -9999 14.01 13.18 12.32 11.67 11.45 9.92 9.16 15.16 21.53 11.08 13.56 13.06 12.07 10.22 7.65 7.77 10.03 11.91 9.77 7.71 8.13 9.09 8.51 8.67 9.76 8.67 7.93 7.27 7.25 7.24 6.98 7.03 7.13 12.08 13.09 11.10 11.41 9.54 8.96 10.31 10.31 8.36 7.99 9.08 8.39 7.86 8.50 8.11 9.05 8.45 8.30 8.08 8.00 9.28 8.33 8.19 8.32 8.24 8.78 9.31 9.48 9.78 10.16 8.99 10.54 12.44 -9999 -9999 -9999 -9999
-9999 -9999 -9999 -9999 -9999 -9999 -9999 -9999 -9999 14.92 12.53 11.00 9.55 9.16 11.59 25.00 18.00 9.45 14.39 9.77 12.65 12.22 8.64 6.65 12.73 10.45 10.86 9.35 7.95 8.14 8.28 7.66 8.60 8.91 8.36 7.79 7.25 7.36 7.04 6.80 8.67 9.98 13.70 11.53 12.27 11.33 7.35 9.55 11.36 8.45 8.36 8.86 8.08 7.98 8.20 8.11 9.15 8.40 8.22 8.44 8.22 8.97 8.85 8.43 8.40 8.40 8.62 9.22 10.41 9.44 8.81 8.86 10.15 12.12 -9999 -9999 -9999 -9999
-9999 -9999 -9999 -9999 -9999 -9999 -9999 -9999 -9999 -9999 12.64 10.30 10.39 12.36 22.50 24.98 17.98 13.69 12.70 12.71 13.59 13.60 13.02 8.91 7.89 13.04 10.36 9.43 8.88 8.01 7.96 8.05 8.12 8.49 7.96 7.42 7.50 7.44 7.24 7.45 8.55 10.64 11.78 9.78 10.12 11.72 9.69 7.14 11.17 8.53 8.29 8.71 7.87 7.90 7.86 8.45 9.14 8.55 8.40 8.47 8.08 9.48 8.94 8.67 8.68 8.67 9.01 8.96 9.01 8.71 8.59 8.89 10.49 12.27 -9999 -9999 -9999 -9999
-9999 -9999 -9999 -9999 -9999 -9999 -9999 -9999 -9999 -9999 11.91 10.69 13.20 15.73 18.31 21.78 14.35 10.93 12.65 14.44 14.18 14.73 12.83 9.47 6.87 13.15 12.67 10.25 9.59 7.98 7.75 8.09 8.94 8.52 8.08 7.72 7.19 6.98 7.39 9.27 9.31 7.76 12.31 9.92 10.49 12.09 11.73 9.41 8.44 7.84 6.69 8.01 8.60 7.67 7.66 7.67 8.41 8.33 8.76 8.65 8.51 9.06 9.74 9.40 9.36 9.09 9.03 8.83 8.58 8.51 8.94 9.89 11.38 -9999 -9999 -9999 -9999 -9999
-9999 -9999 -9999 -9999 -9999 -9999 -9999 -9999 -9999 -9999 10.88 11.08 12.88 13.26 18.56 17.02 13.17 13.64 11.25 12.07 14.33 12.66 14.76 11.66 7.68 12.04 13.14 12.50 9.46 8.51 7.60 8.43 9.51 9.10 8.17 7.51 7.07 7.35 8.74 9.12 7.75 7.70 10.63 10.36 10.11 10.04 9.26 9.14 9.66 6.47 7.26 7.50 7.21 7.60 7.27 8.30 7.77 8.28 8.75 8.87 9.28 11.28 10.52 9.91 9.52 9.33 9.09 8.84 8.63 8.72 9.74 11.13 -9999 -9999 -9999 -9999 -9999 -9999
-9999 -9999 -9999 -9999 -9999 -9999 -9999 -9999 -9999 11.84 18.85 12.08 13.60 15.72 11.86 21.53 18.61 16.55 14.16 15.96 12.51 12.71 11.00 8.88 10.08 13.98 12.70 12.20 9.32 8.18 7.46 9.00 9.23 8.71 8.20 7.34 7.20 8.52 8.30 7.88 8.89 9.83 7.87 12.11 11.23 8.46 9.04 8.27 7.44 7.19 6.37 6.38 6.62 7.59 7.20 6.91 8.62 8.24 8.67 9.15 9.76 11.36 10.51 9.94 9.72 9.29 9.07 8.68 8.52 9.38 10.69 -9999 -9999 -9999 -9999 -9999 -9999 -9999
-9999 -9999 -9999 -9999 -9999 -9999 -9999 12.63 12.01 15.29 13.38 11.21 11.89 13.34 9.73 11.54 13.63 16.52 15.26 15.96 13.66 13.12 7.37 9.59 9.75 7.85 8.92 8.73 9.50 8.62 8.03 9.08 9.41 9.20 8.26 7.95 8.85 8.11 8.61 7.77 9.19 9.82 9.52 8.61 7.82 9.31 8.73 8.07 7.81 7.51 7.15 5.95 6.85 6.72 6.22 6.74 7.57 8.15 8.73 8.91 9.69 11.12 10.33 9.64 9.53 9.08 8.79 8.47 8.73 9.82 -9999 -9999 -9999 -9999 -9999 12.07 11.74 11.28
-9999 -9999 -9999 -9999 -9999 -9999 12.90 12.51 12.29 12.34 11.82 11.37 10.35 8.50 7.49 9.61 11.73 13.67 19.75 11.41 8.53 7.59 4.65 10.96 12.67 12.47 9.81 8.93 9.57 9.41 9.11 9.53 10.12 9.51 8.94 8.55 8.89 9.08 7.71 7.68 9.33 9.42 8.98 8.48 8.54 8.82 7.69 8.01 6.92 6.74 7.18 6.56 6.08 5.72 6.17 7.32 7.46 7.94 8.47 8.87 9.42 11.11 10.44 9.52 9.12 8.78 8.56 8.34 8.62 9.51 -9999 -9999 -9999 -9999 -9999 10.81 10.15 9.85
-9999 -9999 -9999 -9999 -9999 13.45 14.14 13.24 12.93 -9999 -9999 -9999 -9999 8.44 13.56 11.91 12.07 14.08 11.38 8.30 10.13 8.75 7.16 16.27 14.39 12.21 13.14 10.54 8.91 9.62 9.88 9.58 9.74 9.58 9.09 9.24 8.38 9.38 7.98 7.82 8.31 8.81 8.98 8.76 7.78 7.83 7.67 7.44 6.89 6.49 6.12 5.96 5.88 6.22 6.97 7.21 7.40 8.33 9.08 9.35 9.45 10.34 10.08 9.76 8.83 8.57 8.33 8.09 8.15 8.87 10.25 -9999 -9999 -9999 -9999 9.79 9.12 8.91
-9999 -9999 -9999 -9999 -9999 14.81 16.25 13.15 13.44 -9999 -9999 -9999 -9999 8.68 11.54 13.41 8.75 12.92 11.31 9.51 11.58 12.70 9.53 13.59 7.63 9.39 10.08 9.59 8.89 9.31 9.84 9.78 10.02 10.47 9.39 9.69 9.00 8.77 9.06 8.01 8.23 7.62 8.40 9.25 9.53 9.36 7.78 7.09 6.81 6.59 6.84 6.21 6.45 7.05 7.51 8.42 8.02 10.00 10.15 10.41 9.58 9.94 9.76 9.45 8.59 8.49 8.28 7.98 7.86 7.99 8.88 9.73 -9999 -9999 10.16 9.62 9.15 9.28
-9999 -9999 -9999 -9999 -9999 -9999 -9999 -9999 -9999 -9999 -9999 -9999 -9999 9.56 13.55 11.63 8.13 9.96 7.60 13.11 11.60 6.87 10.20 9.86 8.60 9.74 8.53 8.40 8.24 9.68 9.75 10.15 9.92 9.48 9.35 9.11 8.67 8.62 8.95 8.19 7.89 8.07 8.35 8.09 8.86 9.03 7.17 8.26 9.03 7.76 7.59 7.16 6.36 7.39 8.48 9.58 9.47 9.16 9.74 10.48 9.93 10.17 9.70 9.38 8.43 8.42 8.27 8.06 7.81 7.53 7.75 8.36 9.19 9.55 9.19 9.17 8.40 9.23
-9999 -9999 -9999 -9999 -9999 -9999 -9999 -9999 -9999 -9999 -9999 -9999 -9999 -9999 13.64 5.82 6.06 9.31 12.86 10.84 11.77 10.79 6.86 8.08 9.59 6.82 7.24 7.19 7.91 8.66 9.49 9.75 9.80 9.47 9.08 8.79 8.84 8.49 8.84 8.47 7.94 9.91 9.19 7.98 7.86 7.84 7.89 7.69 8.62 8.71 8.06 9.06 7.47 7.38 8.23 8.02 8.57 8.94 9.03 10.30 10.23 9.86 9.23 9.31 8.45 8.42 8.26 8.04 7.87 7.77 7.76 7.76 8.17 8.46 8.49 8.36 8.39 9.36
-9999 -9999 -9999 -9999 -9999 -9999 -9999 -9999 -9999 -9999 -9999 -9999 -9999 -9999 9.58 13.54 14.20 11.69 9.51 7.93 9.74 7.32 7.39 6.08 5.86 8.46 6.75 7.07 9.39 9.29 9.40 9.37 8.86 8.83 9.32 9.02 9.91 9.56 9.04 8.40 7.86 9.70 10.45 9.07 8.02 7.63 7.89 7.90 7.84 8.12 8.76 10.85 9.51 7.78 7.52 8.02 9.16 10.32 10.44 9.98 10.43 9.89 9.25 8.82 8.47 8.43 8.27 8.19 8.03 7.94 7.92 7.96 8.07 8.21 8.43 8.39 8.19 8.98
-9999 -9999 -9999 -9999 -9999 -9999 -9999 -9999 -9999 -9999 -9999 -9999 -9999 11.79 11.27 8.72 16.22 10.20 7.63 9.42 8.65 7.05 9.86 6.73 6.58 9.41 6.35 12.79 10.07 8.54 9.01 10.39 8.95 8.61 11.33 10.96 9.99 8.67 8.90 8.66 8.21 8.89 9.42 9.08 8.32 8.02 7.86 7.89 8.24 8.03 9.14 9.04 8.53 8.07 7.81 8.56 9.60 10.67 10.70 9.70 9.78 9.53 9.16 8.80 8.52 8.41 8.36 8.29 8.17 8.03 8.01 8.05 7.98 8.07 8.63 8.61 8.30 8.57
-9999 -9999 -9999 -9999 -9999 -9999 -9999 -9999 -9999 -9999 -9999 -9999 -9999 10.52 11.21 16.09 9.68 5.18 6.97 6.89 8.36 10.81 10.55 7.88 7.69 8.12 6.77 8.02 9.28 10.83 10.83 9.13 9.22 9.08 9.49 10.07 8.74 8.40 8.98 8.78 9.11 9.43 8.98 9.14 8.74 8.28 8.02 7.81 7.89 8.00 8.79 9.08 8.56 7.63 8.04 9.30 10.59 10.04 10.65 10.48 9.73 9.03 9.63 8.77 8.85 8.49 8.42 8.23 8.14 8.07 7.96 7.93 7.92 7.95 8.79 8.58 8.11 8.24
-9999 -9999 -9999 -9999 -9999 -9999 -9999 -9999 -9999 -9999 -9999 -9999 -9999 11.61 13.56 6.78 8.15 6.88 7.94 7.94 12.62 10.66 12.06 9.14 8.26 6.73 6.04 7.26 10.84 13.02 14.29 9.53 11.03 9.69 9.81 9.62 8.00 8.18 8.53 8.82 9.22 8.68 8.78 9.99 9.18 8.21 8.09 9.11 7.72 8.17 8.50 8.35 7.87 7.64 8.32 8.97 9.49 9.68 9.66 8.95 8.83 9.26 9.41 8.35 8.25 8.42 8.33 8.23 8.05 7.85 7.85 7.83 7.84 7.91 8.18 8.03 8.16 8.04
-9999 -9999 -9999 -9999 -9999 -9999 -9999 -9999 -9999 -9999 -9999 -9999 -9999 -9999 8.24 9.36 11.19 13.12 13.77 11.26 11.52 9.49 6.62 6.60 6.12 7.33 7.75 7.23 8.99 9.81 13.15 10.89 9.64 9.25 10.58 10.14 8.00 8.86 8.00 8.26 10.48 8.75 8.56 8.50 8.65 7.89 7.81 9.35 8.73 8.08 8.56 8.15 7.88 8.21 9.00 8.68 8.68 8.39 9.09 8.35 9.43 9.41 8.43 8.17 8.65 8.47 8.07 7.96 7.78 7.72 7.72 7.71 7.73 7.74 7.77 7.81 8.03 8.03
-9999 -9999 -9999 -9999 -9999 -9999 -9999 -9999 -9999 -9999 -9999 -9999 -9999 -9999 9.47 10.57 11.60 13.39 15.85 14.28 10.78 8.03 6.51 8.19 10.35 12.31 14.11 10.94 8.78 9.59 10.90 10.33 8.37 11.36 10.43 10.23 8.77 9.50 8.35 8.04 8.78 10.06 9.57 8.84 8.33 7.87 7.90 8.91 8.68 8.27 8.28 8.63 8.80 9.00 9.40 8.69 8.41 9.60 9.63 9.54 9.24 9.40 8.43 8.67 9.10 8.10 7.84 7.76 7.64 7.66 7.62 7.59 7.61 7.63 7.69 7.66 7.59 7.53
-9999 -9999 -9999 -9999 -9999 -9999 -9999 -9999 -9999 -9999 -9999 -9999 -9999 10.29 8.30 9.36 11.79 12.93 12.03 11.63 9.40 10.34 14.87 11.97 12.20 12.20 10.23 9.37 10.20 10.74 9.21 8.53 9.23 11.03 10.82 10.13 8.64 9.66 7.98 8.00 9.51 8.92 9.30 9.32 8.62 8.17 8.05 8.91 8.74 8.00 8.23 8.23 8.13 8.92 8.56 9.58 9.02 9.69 8.97 9.27 9.38 8.53 8.31 9.09 8.90 7.88 7.71 7.90 7.59 7.65 7.59 7.66 7.59 7.52 7.50 7.37 7.74 8.08
-9999 -9999 -9999 -9999 -9999 -9999 -9999 -9999 -9999 -9999 -9999 -9999 -9999 12.31 10.05 8.86 8.80 10.81 14.59 13.99 12.48 10.78 11.47 12.95 14.09 14.04 10.12 12.19 13.30 9.36 11.57 7.80 8.67 10.50 12.24 8.98 9.39 8.09 7.37 7.74 8.53 11.25 9.66 9.60 9.05 8.64 8.52 8.71 8.39 7.88 7.99 7.90 7.83 7.83 9.07 9.57 9.54 10.12 9.14 8.72 8.74 8.36 8.72 9.15 8.77 8.21 8.41 8.07 8.20 7.73 7.65 7.81 7.79 7.48 7.33 7.20 7.24 8.09
-9999 -9999 -9999 -9999 -9999 -9999 -9999 -9999 -9999 -9999 -9999 -9999 -9999 10.80 9.50 6.30 7.61 10.46 14.82 13.03 13.28 10.78 12.67 12.07 10.61 11.40 12.04 11.76 10.26 8.96 9.51 12.09 8.63 8.66 8.84 8.95 10.32 8.82 7.33 7.62 8.40 8.86 8.76 9.68 9.21 8.78 8.83 8.12 7.57 8.03 8.19 8.27 7.68 8.28 9.50 9.53 8.70 8.92 9.75 8.83 9.14 8.25 9.14 9.24 8.40 8.22 8.27 7.60 7.68 7.52 7.50 7.54 7.39 7.26 7.21 7.12 7.49 7.08
-9999 -9999 -9999 -9999 -9999 -9999 -9999 -9999 -9999 -9999 -9999 -9999 10.56 11.06 12.54 9.52 7.39 11.23 12.63 14.81 14.74 9.70 10.15 9.32 10.69 12.18 10.40 10.24 12.07 10.51 9.75 9.34 8.41 7.73 7.99 8.99 8.90 8.52 8.16 7.64 7.51 8.29 8.69 8.12 8.58 8.28 8.82 7.98 7.82 7.89 7.47 7.36 7.65 8.82 8.75 8.84 8.24 9.09 9.28 8.98 8.27 9.11 9.17 9.18 9.25 8.71 8.09 7.79 7.47 7.47 7.45 7.28 7.14 6.98 6.89 7.04 7.41 7.40
-9999 -9999 -9999 -9999 -9999 -9999 -9999 -9999 -9999 -9999 -9999 12.39 11.62 11.74 9.42 7.45 10.43 13.70 14.47 12.66 14.37 10.50 11.71 10.07 9.49 15.64 11.02 11.67 9.68 9.91 8.58 8.34 8.63 9.67 8.64 10.47 8.74 9.04 7.68 7.40 7.56 7.90 8.27 7.93 8.06 8.35 8.44 7.15 7.69 7.60 7.68 7.80 8.10 8.72 8.05 8.84 8.40 8.71 8.05 8.07 9.27 9.65 9.14 9.27 9.06 8.13 8.36 8.19 7.94 7.72 7.30 6.97 6.68 6.87 6.87 7.56 7.85 8.09
-9999 -9999 -9999 -9999 -9999 -9999 -9999 -9999 -9999 14.56 12.74 11.07 8.87 8.10 8.22 8.44 11.81 13.28 14.93 16.41 14.40 12.00 8.28 10.99 10.28 14.07 11.27 10.36 10.40 8.99 8.64 7.67 8.69 10.48 9.78 9.83 7.76 7.96 7.71 7.66 8.25 7.92 8.30 7.61 7.71 7.94 7.23 7.07 7.37 8.19 7.95 8.72 9.30 8.81 8.32 7.88 7.70 8.50 9.04 8.85 9.27 8.47 9.18 9.28 8.57 7.76 7.67 8.33 7.98 7.83 6.91 6.58 6.33 6.59 7.60 8.05 7.88 8.73
-9999 -9999 -9999 -9999 -9999 14.32 13.35 12.06 15.07 14.80 14.44 13.81 10.63 9.37 8.52 13.31 11.83 14.02 14.36 13.96 10.81 9.50 7.68 9.32 9.21 15.54 13.78 11.42 9.20 9.55 8.93 10.49 7.84 9.62 9.93 9.43 8.65 7.80 7.33 8.24 7.73 7.22 8.47 7.46 7.37 6.93 7.16 7.65 8.17 7.42 8.27 7.91 8.30 9.18 8.97 8.67 8.39 8.93 8.99 8.72 8.46 9.26 8.31 8.21 7.97 7.57 8.07 8.10 7.93 7.11 6.41 6.39 6.55 7.60 7.77 7.43 8.23 7.59
-9999 -9999 -9999 -9999 15.26 12.96 13.44 12.58 11.89 13.43 12.50 12.52 10.00 8.36 11.70 12.45 13.03 9.80 15.08 11.21 8.75 13.67 10.61 7.49 14.51 12.61 11.34 7.39 7.51 8.38 11.50 8.59 7.98 7.97 8.17 9.76 9.32 9.07 7.72 7.88 7.29 7.18 8.03 7.54 7.04 6.98 7.32 7.96 7.75 9.54 7.80 7.53 7.96 8.72 8.13 8.06 7.68 7.90 8.46 8.34 9.03 8.49 7.94 7.97 8.11 7.49 7.56 7.40 6.67 6.34 6.15 6.21 6.42 6.92 7.74 7.76 7.89 7.64
-9999 -9999 -9999 14.66 14.13 11.16 10.72 10.87 11.76 11.08 11.41 10.23 10.52 14.54 11.56 10.14 13.64 8.03 10.71 10.55 13.72 13.00 13.69 11.44 11.16 9.66 6.80 11.56 11.39 8.05 8.57 8.11 7.78 8.27 7.70 7.93 9.54 9.75 7.45 7.10 7.10 7.57 7.00 6.51 6.83 9.34 7.51 7.37 7.97 8.74 8.07 7.55 8.09 8.58 8.45 8.88 8.24 7.50 7.42 7.49 8.50 8.19 7.62 8.37 8.11 7.35 7.24 6.87 6.41 6.47 6.40 6.37 6.62 6.76 7.52 6.93 6.83 7.26
14.53 12.47 14.14 11.71 11.55 12.19 11.19 10.71 12.74 11.42 11.23 11.03 13.59 12.84 10.93 11.83 11.14 8.98 8.87 12.41 12.91 11.26 11.43 13.15 9.81 6.48 11.60 13.17 10.62 10.71 8.25 8.57 7.78 8.15 10.06 8.04 10.14 8.33 7.26 6.92 7.16 8.69 6.30 6.68 10.60 8.07 7.60 7.61 8.22 9.07 7.70 7.74 8.00 7.66 8.13 8.07 7.51 7.12 7.44 7.14 7.57 7.95 7.91 7.45 7.02 6.70 6.51 6.80 7.96 7.11 7.76 7.05 6.03 7.29 7.16 7.34 7.02 6.89
11.15 10.77 13.59 16.68 15.47 14.90 11.75 12.81 14.42 12.97 12.30 14.26 12.26 11.39 13.54 10.28 7.71 8.47 8.95 11.81 11.66 11.12 10.44 9.80 8.00 9.68 18.83 14.64 11.00 8.59 9.13 8.54 10.07 8.41 8.89 7.92 7.88 7.76 7.63 7.00 6.72 6.71 6.26 9.74 10.41 9.56 8.17 7.74 10.22 8.65 7.80 7.91 7.41 8.05 7.87 7.49 6.66 7.65 7.24 6.67 8.29 8.08 6.98 6.74 6.60 6.39 6.78 7.62 7.81 7.39 7.66 6.83 6.35 7.17 7.22 6.70 6.97 6.83
10.14 10.63 12.06 12.66 12.10 10.80 12.73 11.49 13.30 10.07 11.21 13.58 12.53 10.58 11.36 7.68 7.02 10.73 11.81 10.61 9.12 11.12 8.02 6.95 6.71 11.79 15.20 15.68 8.93 9.61 9.81 10.04 9.09 7.64 8.98 8.34 8.11 7.47 7.63 6.39 6.06 7.10 7.13 9.92 9.85 9.25 8.04 8.74 10.09 9.25 8.56 7.91 7.95 7.69 7.17 6.70 6.60 7.02 7.35 7.01 6.89 6.87 6.61 7.65 8.20 6.64 6.81 7.48 7.57 6.89 7.17 6.93 6.81 6.90 6.60 6.82 6.61 6.62
11.11 10.14 10.89 10.66 11.31 10.65 10.73 11.86 10.37 11.08 9.65 9.37 9.16 8.56 7.87 9.90 8.73 12.57 18.82 10.20 10.28 10.73 15.09 14.49 6.52 6.42 16.80 12.75 10.53 11.04 12.13 9.86 7.68 6.93 9.29 9.61 8.13 7.28 6.81 6.15 6.07 7.41 10.11 10.55 9.32 8.93 8.56 8.25 8.06 8.84 7.97 7.67 7.26 6.74 6.31 6.16 6.99 6.69 6.43 6.52 5.81 6.14 7.12 7.06 7.70 6.98 6.83 6.74 6.76 7.06 7.04 6.88 6.77 6.83 6.35 6.16 6.54 6.44
10.32 9.72 10.69 9.72 10.23 10.26 10.36 9.28 9.16 10.02 9.20 10.61 9.28 11.22 7.86 11.03 13.14 13.20 14.38 15.07 12.26 14.27 16.26 10.91 12.71 10.98 6.42 11.96 11.89 8.50 8.99 7.23 8.91 8.66 11.68 10.62 8.00 7.13 6.30 6.04 7.25 10.28 8.99 10.79 9.31 9.05 9.70 8.33 9.09 7.47 7.58 7.04 6.63 6.32 6.35 6.18 6.05 5.59 5.42 5.26 5.70 7.01 7.99 7.44 6.70 7.23 6.51 7.31 6.38 6.13 6.18 6.29 6.42 6.50 6.54 5.88 6.27 6.21
11.02 9.88 9.45 10.94 12.09 13.73 12.35 10.73 9.80 8.92 9.34 12.22 9.31 10.46 7.55 9.73 10.34 9.50 8.32 10.96 10.06 12.51 12.72 14.92 12.72 13.30 11.89 16.07 9.96 8.64 8.06 9.06 8.44 11.04 10.51 10.69 7.34 6.75 6.06 9.70 10.42 10.10 10.52 8.76 9.32 9.54 9.09 7.50 7.22 7.22 6.88 6.61 6.46 6.24 6.61 6.39 6.23 5.30 4.51 4.78 6.09 8.26 6.76 7.23 7.16 6.57 6.29 6.30 5.80 5.77 6.11 5.67 6.10 6.17 6.09 6.10 6.14 5.65
11.60 10.40 9.84 10.05 11.82 12.07 12.73 11.77 10.85 10.08 9.53 9.96 12.36 8.56 12.60 11.53 11.43 12.44 10.64 8.27 8.43 10.48 9.59 11.76 11.63 9.97 14.43 14.23 8.34 9.19 7.00 7.79 9.68 10.50 9.77 8.87 7.05 6.44 8.09 7.57 9.51 9.34 8.71 9.03 8.70 8.18 7.66 6.57 6.21 6.24 6.27 7.81 6.43 7.06 6.20 5.71 4.63 3.96 4.01 5.31 7.42 7.62 7.30 7.35 6.95 6.43 6.38 6.67 6.87 5.35 6.04 6.74 5.99 5.72 6.09 5.32 5.60 6.44
11.46 10.97 11.43 12.30 13.56 -9999 -9999 -9999 -9999 11.43 10.98 11.77 9.27 8.10 9.60 9.73 9.35 8.68 5.11 14.13 14.69 9.68 8.50 8.91 10.76 11.74 13.51 10.39 8.65 7.53 6.65 10.94 9.66 11.25 8.15 7.69 7.06 6.83 9.03 7.44 9.14 9.00 8.15 8.22 7.87 7.34 6.56 6.08 5.92 6.06 6.19 7.43 6.60 6.90 6.74 5.76 4.63 3.79 5.10 5.17 6.83 7.81 7.82 6.29 6.06 5.76 6.69 6.98 6.49 5.14 5.80 6.44 6.15 5.70 6.35 5.87 5.68 6.05
