ML/MeanWindSpeed_1991-06_Actual.txt
ncols         180
nrows         290
xllcorner     -200000
yllcorner     -200000
cellsize      5000
NODATA_value  -9999
[rows 210 to 244 of 290, columns 78 to 155 of 180]
12.68 12.70 11.57 12.85 12.70 -9999 -9999 -9999 -9999 -9999 -9999 -9999 8.06 8.17 8.91 8.18 8.42 8.72 9.95 11.23 12.78 12.11 10.63 9.32 9.04 8.20 10.04 10.22 7.99 7.36 10.03 9.90 10.66 8.47 8.06 8.17 7.97 8.61 8.95 8.54 8.59 8.39 8.20 8.13 8.08 8.02 8.14 8.11 8.55 8.14 8.03 7.84 7.72 7.73 7.57 7.97 8.95 8.96 8.32 9.14 9.01 8.74 8.65 8.02 7.63 8.03 8.35 8.11 7.78 7.75 8.54 7.84 8.11 8.81 8.41 8.47 8.52 8.08
-9999 12.98 -9999 -9999 -9999 -9999 -9999 -9999 -9999 -9999 11.74 10.41 9.96 10.91 10.44 9.62 8.97 9.11 9.04 10.44 11.31 10.96 8.29 8.01 10.48 9.50 9.25 8.03 7.59 7.56 9.46 9.49 9.38 8.44 8.34 8.37 7.41 9.39 9.43 8.45 8.46 8.22 8.19 8.15 8.04 8.45 8.20 8.33 7.94 7.86 7.76 7.71 7.58 7.79 7.42 8.36 9.56 8.74 8.97 7.71 8.58 8.31 7.92 8.18 7.85 7.95 8.36 7.94 7.57 7.71 7.70 8.13 8.58 8.16 8.55 8.49 8.07 8.01
-9999 -9999 -9999 -9999 -9999 -9999 -9999 -9999 -9999 -9999 12.86 12.25 10.77 11.72 12.11 -9999 -9999 9.35 10.88 7.49 8.57 8.38 8.50 9.07 10.09 8.17 7.70 8.23 8.42 9.06 9.36 9.37 9.01 8.72 9.07 7.93 8.08 9.28 8.39 8.12 7.97 8.11 8.51 8.41 8.07 8.16 7.88 7.97 8.37 8.65 8.31 8.53 7.67 7.41 7.99 9.53 8.30 8.45 8.18 7.19 8.18 7.85 7.54 7.46 7.46 7.40 7.47 8.53 7.84 7.79 7.73 7.78 7.92 7.78 7.61 8.71 8.41 8.93
-9999 -9999 -9999 -9999 -9999 -9999 -9999 -9999 -9999 -9999 -9999 -9999 -9999 -9999 -9999 -9999 -9999 10.54 9.38 8.90 7.98 7.32 7.33 7.66 8.38 8.29 8.61 9.32 10.05 10.54 10.33 -9999 9.20 8.77 8.27 7.86 8.16 9.11 8.40 8.44 8.11 7.69 7.71 8.34 7.91 8.07 8.90 9.03 8.86 9.38 9.85 8.80 8.46 8.23 8.27 8.97 8.09 8.14 8.09 7.57 7.39 7.29 7.60 7.71 7.38 7.22 7.45 7.64 7.69 7.71 7.68 7.71 7.78 7.93 8.08 8.45 8.57 9.04
-9999 -9999 -9999 -9999 -9999 -9999 -9999 -9999 -9999 -9999 -9999 -9999 -9999 -9999 -9999 -9999 -9999 -9999 10.40 9.24 8.26 8.12 8.43 7.52 7.63 8.42 9.71 -9999 -9999 -9999 -9999 9.99 9.01 8.51 7.91 7.78 8.20 9.16 8.51 8.69 8.23 7.56 8.16 7.98 8.95 8.66 9.92 8.97 9.07 8.81 9.02 8.83 8.32 8.81 7.58 7.89 8.21 7.42 7.57 7.29 7.11 7.05 7.02 7.14 7.26 6.96 7.06 7.18 7.41 7.45 8.33 8.54 7.81 7.84 8.04 8.27 8.60 9.47
-9999 -9999 -9999 -9999 -9999 -9999 -9999 -9999 -9999 -9999 -9999 -9999 -9999 -9999 -9999 -9999 -9999 -9999 -9999 10.45 10.90 9.89 8.87 8.69 8.95 10.06 -9999 -9999 -9999 -9999 10.49 10.01 9.62 7.52 7.34 7.48 9.00 9.34 8.99 8.56 7.85 7.87 7.78 8.79 9.73 9.05 9.09 8.63 8.73 8.57 7.91 8.24 8.24 7.96 7.87 7.81 7.78 7.46 7.49 7.78 7.86 7.86 7.09 7.12 7.13 6.98 7.44 7.49 7.80 7.52 8.02 7.98 7.92 8.57 8.01 8.58 8.79 9.39
-9999 -9999 -9999 -9999 -9999 -9999 -9999 -9999 -9999 -9999 -9999 -9999 -9999 -9999 -9999 -9999 -9999 -9999 -9999 -9999 11.28 11.18 10.25 9.80 9.84 11.56 -9999 -9999 -9999 10.06 8.57 7.95 9.02 8.72 8.21 7.43 8.31 7.78 8.93 8.46 7.48 8.36 9.01 8.95 8.64 9.13 8.56 8.28 8.13 7.77 7.71 7.64 7.78 8.13 7.93 7.58 7.59 7.64 7.63 8.07 7.82 7.84 7.55 7.15 7.19 7.05 7.20 7.32 7.65 7.65 7.74 7.64 8.25 8.50 8.72 8.58 7.93 9.09
-9999 -9999 -9999 -9999 -9999 -9999 -9999 -9999 -9999 -9999 -9999 -9999 -9999 -9999 -9999 -9999 -9999 -9999 -9999 -9999 -9999 -9999 -9999 -9999 -9999 -9999 -9999 -9999 11.68 9.09 7.77 7.51 8.75 7.72 8.21 8.65 8.46 8.39 8.55 7.59 7.43 7.69 8.33 8.19 8.39 8.47 8.64 8.48 8.37 9.37 8.31 8.36 7.94 8.26 8.26 7.73 7.73 7.46 7.73 8.16 7.72 7.35 7.27 7.24 7.17 7.55 7.43 7.91 7.73 8.41 8.65 8.31 7.57 9.21 9.68 8.69 7.82 9.61
-9999 -9999 -9999 -9999 -9999 -9999 -9999 -9999 -9999 -9999 -9999 -9999 -9999 -9999 -9999 -9999 -9999 -9999 -9999 -9999 -9999 -9999 -9999 -9999 -9999 -9999 -9999 -9999 9.99 9.04 8.01 11.28 10.01 7.78 8.23 8.64 8.81 8.98 7.86 7.59 7.52 7.43 8.16 7.98 7.92 9.11 9.00 9.75 8.82 8.98 9.81 8.71 8.33 8.20 7.82 7.70 7.55 7.48 7.72 7.67 7.77 7.43 7.14 7.08 7.00 7.37 8.71 8.43 8.92 9.11 9.63 8.55 7.70 8.45 8.61 7.81 7.42 7.87
-9999 -9999 -9999 -9999 -9999 -9999 -9999 -9999 -9999 -9999 -9999 -9999 -9999 -9999 -9999 -9999 -9999 -9999 -9999 -9999 -9999 -9999 -9999 -9999 -9999 -9999 -9999 -9999 9.66 7.90 7.10 8.52 10.85 10.07 9.42 8.66 9.43 8.23 7.98 7.65 8.78 8.78 9.12 8.79 8.34 8.50 8.40 8.62 8.91 8.95 8.45 8.43 8.42 8.36 7.93 7.73 7.70 7.68 7.99 7.78 7.64 7.25 7.22 7.71 8.19 7.71 8.37 8.26 8.27 8.27 8.73 9.80 9.51 7.99 7.84 8.21 8.35 8.12
-9999 -9999 -9999 -9999 -9999 -9999 -9999 -9999 -9999 -9999 -9999 11.88 11.90 10.40 13.67 13.29 13.25 13.34 14.68 9.68 13.48 10.47 -9999 -9999 -9999 -9999 -9999 -9999 9.18 8.11 7.70 6.95 7.70 9.22 10.20 9.71 8.79 8.21 8.19 8.65 9.42 8.84 8.25 8.24 8.00 8.19 8.32 8.02 7.79 7.72 8.11 7.82 8.34 8.69 9.19 8.43 8.04 8.34 8.25 7.77 8.18 7.48 7.19 7.96 8.46 7.48 7.01 7.23 7.35 7.34 7.26 7.52 7.51 7.17 7.13 7.19 7.24 7.11
-9999 -9999 -9999 -9999 -9999 -9999 -9999 -9999 -9999 -9999 -9999 12.94 12.04 11.81 10.34 12.00 13.34 12.82 13.20 13.39 11.33 10.28 9.35 10.14 11.90 10.52 9.90 9.08 8.68 8.10 7.72 7.30 6.85 7.27 9.11 9.20 8.59 8.02 9.97 8.82 8.03 8.35 8.60 7.99 7.92 8.21 8.12 8.27 8.10 8.10 7.44 7.69 8.16 8.32 8.36 8.81 8.97 7.95 7.72 7.42 7.27 7.87 7.20 9.57 8.22 7.78 7.25 6.93 7.07 7.09 7.82 7.92 7.10 8.17 7.85 8.25 7.34 7.40
-9999 -9999 -9999 -9999 -9999 -9999 -9999 -9999 -9999 -9999 11.98 10.58 9.64 9.10 8.54 10.43 12.50 12.21 11.54 11.68 11.70 10.78 9.69 9.34 10.08 10.90 9.06 8.64 8.21 8.19 8.70 7.69 7.48 8.28 8.26 8.13 8.40 10.00 8.71 9.46 8.89 8.31 7.69 8.01 7.83 8.28 8.40 8.18 8.57 7.87 8.10 8.01 8.00 7.98 8.88 9.33 7.95 7.52 7.67 9.13 7.97 7.57 7.59 7.36 7.46 7.58 7.31 7.18 7.59 8.35 7.88 7.32 7.33 8.50 8.13 8.05 8.25 8.07
-9999 -9999 -9999 -9999 -9999 -9999 -9999 -9999 -9999 -9999 -9999 9.72 8.34 7.84 9.27 9.28 9.86 11.87 10.94 9.78 9.21 10.86 12.08 10.60 9.03 9.24 10.61 9.28 8.08 8.02 7.92 8.30 8.31 7.68 7.60 7.86 8.42 9.19 8.27 9.25 8.47 8.36 8.21 8.37 7.96 8.48 8.65 8.61 7.78 7.84 8.33 7.78 7.45 7.37 8.07 8.83 8.71 7.65 7.91 8.62 8.40 7.79 7.15 6.97 6.75 6.97 8.12 7.92 7.75 8.24 9.02 8.56 8.21 8.61 8.56 7.95 8.50 7.76
-9999 -9999 -9999 -9999 -9999 -9999 -9999 13.04 -9999 -9999 11.03 9.63 9.80 7.99 9.44 8.48 8.31 8.63 9.07 9.75 8.80 10.08 11.03 9.54 8.68 7.85 8.11 8.20 7.94 7.93 8.07 8.53 7.84 7.65 7.93 9.04 8.10 8.67 7.93 8.49 8.18 8.81 9.30 8.75 8.06 7.76 7.82 7.76 7.69 8.70 8.09 7.64 8.90 7.85 7.83 8.99 9.75 7.52 7.74 7.90 7.73 7.43 7.19 7.05 7.27 7.65 7.89 7.29 7.02 7.15 7.73 7.93 7.97 8.38 7.88 7.83 7.75 7.35
-9999 -9999 -9999 -9999 -9999 -9999 12.57 13.09 12.74 12.26 10.22 9.46 10.81 9.39 8.50 8.81 8.26 9.19 9.56 10.19 9.19 8.93 9.36 8.82 8.23 7.81 7.97 8.48 8.65 7.98 7.86 7.90 7.65 7.67 8.72 8.70 8.03 8.47 8.72 9.56 8.97 9.01 9.85 8.89 8.70 7.83 8.17 7.99 8.31 7.90 7.77 7.46 8.31 8.34 7.71 8.31 8.02 7.61 7.43 7.16 7.67 7.70 7.55 7.21 6.93 6.90 6.78 6.98 7.17 7.16 6.86 7.38 7.76 8.33 8.57 8.25 7.40 7.97
-9999 -9999 -9999 -9999 -9999 -9999 12.07 11.68 10.86 11.08 10.29 9.79 9.19 10.51 10.31 9.49 10.23 10.01 9.68 10.56 9.81 9.71 9.75 8.51 9.42 10.71 10.08 9.19 8.53 7.93 8.15 8.38 8.51 8.09 8.80 8.28 8.69 8.12 7.71 8.78 9.69 8.93 8.98 8.85 8.49 8.43 8.77 8.22 7.85 8.31 8.45 7.58 7.86 7.93 7.84 8.36 8.66 8.75 9.74 7.84 7.85 7.37 7.18 7.23 7.24 6.95 6.80 7.01 7.49 7.33 7.16 7.07 7.68 7.80 7.91 8.03 8.16 7.39
-9999 -9999 -9999 -9999 -9999 -9999 12.23 10.86 10.35 10.61 10.21 10.31 9.49 9.84 9.88 8.93 9.71 9.74 10.04 10.24 10.02 8.47 8.04 8.21 10.05 10.11 10.31 10.58 8.92 8.53 8.52 8.00 8.56 8.04 8.58 8.22 8.35 8.23 7.82 8.95 8.67 8.82 8.81 8.75 8.73 8.75 9.05 8.97 8.14 7.96 8.15 8.74 7.83 7.95 7.79 8.04 8.18 8.37 8.96 8.54 9.04 9.57 7.16 9.45 8.36 7.17 7.39 9.59 9.49 9.17 7.19 7.17 7.27 7.17 7.59 7.50 8.44 9.18
-9999 -9999 -9999 -9999 -9999 -9999 10.93 10.24 10.04 9.92 9.55 9.61 9.34 8.99 9.70 9.25 9.19 9.60 8.97 9.01 8.97 9.14 7.84 8.84 10.36 9.69 10.43 10.40 9.21 9.19 9.31 8.39 8.45 8.48 8.40 8.34 8.43 8.88 9.52 8.18 8.79 8.81 8.87 8.82 8.86 8.96 9.12 8.55 8.56 8.33 8.60 8.90 9.26 8.70 9.21 8.84 8.49 8.31 8.06 7.76 7.77 8.09 7.77 9.00 8.89 9.43 9.18 9.57 9.85 10.18 7.76 7.74 7.48 7.49 7.86 8.62 9.58 9.86
-9999 -9999 -9999 -9999 -9999 -9999 10.12 9.75 9.74 10.05 10.35 9.81 9.51 9.01 9.26 10.15 9.63 9.17 8.54 8.77 8.59 8.52 8.64 8.50 8.75 8.42 9.98 9.18 7.94 9.85 9.58 8.67 10.33 9.31 9.65 10.08 9.63 9.32 9.69 8.87 8.43 8.88 8.88 8.59 8.81 8.87 9.11 8.55 8.76 9.33 9.77 9.58 9.57 9.70 9.70 9.82 9.73 9.33 8.69 8.39 8.66 9.10 9.36 9.63 9.77 10.01 -9999 -9999 9.69 9.98 9.69 9.21 8.46 10.42 9.17 -9999 -9999 -9999
-9999 -9999 -9999 -9999 -9999 12.09 10.32 9.98 9.41 10.13 10.31 11.02 9.96 10.23 9.80 10.17 9.63 9.03 8.59 8.51 8.27 8.07 8.19 8.55 9.03 9.42 9.39 8.29 10.13 10.59 8.80 8.26 8.78 8.70 9.53 9.53 8.81 8.65 8.55 8.57 9.30 9.26 9.39 9.18 9.23 9.52 10.00 9.83 9.55 9.48 9.59 9.78 -9999 -9999 10.58 11.22 11.29 10.83 10.39 10.03 10.16 -9999 -9999 -9999 -9999 -9999 -9999 -9999 -9999 -9999 -9999 10.02 10.27 11.46 10.56 -9999 -9999 -9999
-9999 -9999 -9999 -9999 12.99 11.53 10.06 10.31 9.45 9.44 9.45 9.69 9.46 11.55 11.88 10.82 10.20 9.99 10.07 9.07 8.45 8.23 8.59 8.78 10.81 11.48 11.15 10.84 11.91 9.98 9.90 9.65 9.92 10.25 8.98 8.16 8.61 8.10 8.33 8.42 8.81 8.98 10.20 11.07 11.14 10.94 10.88 11.02 10.35 -9999 9.20 9.72 9.63 10.03 10.75 -9999 -9999 -9999 -9999 11.43 -9999 -9999 -9999 -9999 -9999 -9999 -9999 -9999 -9999 -9999 -9999 -9999 -9999 -9999 -9999 -9999 -9999 -9999
-9999 -9999 -9999 13.78 12.70 12.01 10.86 9.64 9.33 9.13 8.47 8.57 9.71 13.10 13.93 10.54 9.89 11.71 9.55 10.57 8.80 8.51 10.65 9.99 10.06 10.50 10.96 -9999 -9999 -9999 -9999 -9999 10.29 10.98 10.45 9.18 9.06 8.79 8.43 8.58 8.72 9.37 10.54 -9999 -9999 -9999 -9999 -9999 11.48 11.30 10.26 9.28 9.13 10.74 10.95 -9999 -9999 -9999 -9999 -9999 -9999 -9999 -9999 -9999 -9999 -9999 -9999 -9999 -9999 -9999 -9999 -9999 -9999 -9999 -9999 -9999 -9999 -9999
-9999 -9999 10.71 11.19 11.97 11.86 10.77 10.42 9.91 8.57 9.13 9.37 10.98 12.55 13.39 12.42 11.59 10.26 10.97 9.63 9.88 9.62 11.17 11.22 -9999 -9999 -9999 -9999 -9999 -9999 -9999 -9999 -9999 10.48 10.62 9.74 10.58 11.26 11.48 9.96 11.47 11.58 12.30 -9999 -9999 -9999 -9999 -9999 -9999 -9999 10.27 10.29 9.31 10.07 -9999 -9999 -9999 -9999 -9999 -9999 -9999 -9999 -9999 -9999 -9999 -9999 -9999 -9999 -9999 -9999 -9999 -9999 -9999 -9999 -9999 -9999 -9999 -9999
12.01 11.83 10.30 10.33 11.08 12.04 12.11 10.84 9.41 9.30 9.82 9.88 10.51 12.13 11.02 11.29 11.15 11.85 8.06 9.83 12.36 10.91 -9999 -9999 -9999 -9999 -9999 -9999 -9999 -9999 -9999 -9999 -9999 -9999 -9999 11.31 -9999 -9999 -9999 -9999 10.93 12.77 13.31 -9999 -9999 -9999 -9999 -9999 -9999 -9999 -9999 10.56 11.91 10.97 -9999 -9999 -9999 -9999 -9999 -9999 -9999 -9999 -9999 -9999 -9999 -9999 -9999 -9999 -9999 -9999 -9999 -9999 -9999 -9999 -9999 -9999 -9999 -9999
11.31 10.63 9.37 10.04 11.11 11.38 11.87 11.04 10.28 10.93 8.89 8.23 9.32 11.21 11.19 10.03 9.22 10.53 8.82 8.72 10.08 -9999 -9999 -9999 -9999 -9999 -9999 -9999 -9999 -9999 -9999 -9999 -9999 -9999 -9999 12.48 -9999 -9999 -9999 -9999 -9999 -9999 -9999 -9999 -9999 -9999 -9999 -9999 -9999 -9999 -9999 -9999 -9999 -9999 -9999 -9999 -9999 -9999 -9999 -9999 -9999 -9999 -9999 -9999 -9999 -9999 -9999 -9999 -9999 -9999 -9999 -9999 -9999 -9999 -9999 -9999 -9999 -9999
11.92 10.80 9.38 10.18 10.37 10.30 10.75 10.43 10.32 11.14 8.56 8.26 8.96 10.28 13.13 13.39 8.74 9.16 9.12 9.83 11.86 -9999 -9999 -9999 -9999 -9999 -9999 -9999 -9999 -9999 -9999 -9999 -9999 -9999 -9999 -9999 -9999 -9999 -9999 -9999 -9999 -9999 -9999 -9999 -9999 -9999 -9999 -9999 -9999 -9999 -9999 -9999 -9999 -9999 -9999 -9999 -9999 -9999 -9999 -9999 -9999 -9999 -9999 -9999 -9999 -9999 -9999 -9999 -9999 -9999 -9999 -9999 -9999 -9999 -9999 -9999 -9999 -9999
10.82 11.73 10.90 10.83 10.32 10.72 10.09 9.93 9.94 9.16 9.33 8.85 8.57 10.33 11.74 11.51 10.17 8.67 8.99 11.42 11.11 -9999 -9999 -9999 -9999 -9999 -9999 -9999 -9999 -9999 -9999 -9999 -9999 -9999 -9999 -9999 -9999 -9999 -9999 -9999 -9999 -9999 -9999 -9999 -9999 -9999 -9999 -9999 -9999 -9999 -9999 -9999 -9999 -9999 -9999 -9999 -9999 -9999 -9999 -9999 -9999 -9999 -9999 -9999 -9999 -9999 -9999 -9999 -9999 -9999 -9999 -9999 -9999 -9999 -9999 -9999 -9999 -9999
11.02 12.40 11.86 11.71 10.49 10.81 10.40 12.07 11.52 10.38 10.06 10.41 9.10 9.15 9.64 9.57 9.25 9.21 9.81 10.76 11.42 -9999 -9999 -9999 -9999 -9999 -9999 -9999 -9999 -9999 -9999 -9999 -9999 -9999 -9999 -9999 -9999 -9999 -9999 -9999 -9999 -9999 -9999 -9999 -9999 -9999 -9999 -9999 -9999 -9999 -9999 -9999 -9999 -9999 -9999 -9999 -9999 -9999 -9999 -9999 -9999 -9999 -9999 -9999 -9999 -9999 -9999 -9999 -9999 -9999 -9999 -9999 -9999 -9999 -9999 -9999 -9999 -9999
10.53 11.00 11.35 11.01 11.87 13.03 12.76 11.69 11.85 11.89 11.82 10.82 10.92 10.00 8.94 8.94 9.81 10.60 11.00 10.96 12.12 -9999 -9999 -9999 -9999 -9999 -9999 -9999 -9999 -9999 -9999 -9999 -9999 -9999 -9999 -9999 -9999 -9999 -9999 -9999 -9999 -9999 -9999 -9999 -9999 -9999 -9999 -9999 -9999 -9999 -9999 -9999 -9999 -9999 -9999 -9999 -9999 -9999 -9999 -9999 -9999 -9999 -9999 -9999 -9999 -9999 -9999 -9999 -9999 -9999 -9999 -9999 -9999 -9999 -9999 -9999 -9999 -9999
10.52 11.51 12.06 -9999 -9999 -9999 -9999 -9999 -9999 -9999 -9999 -9999 12.08 12.29 10.96 10.11 9.49 10.37 11.18 11.32 -9999 -9999 -9999 -9999 -9999 -9999 -9999 -9999 -9999 -9999 -9999 -9999 -9999 -9999 -9999 -9999 -9999 -9999 -9999 -9999 -9999 -9999 -9999 -9999 -9999 -9999 -9999 -9999 -9999 -9999 -9999 -9999 -9999 -9999 -9999 -9999 -9999 -9999 -9999 -9999 -9999 -9999 -9999 -9999 -9999 -9999 -9999 -9999 -9999 -9999 -9999 -9999 -9999 -9999 -9999 -9999 -9999 -9999
12.28 12.40 13.18 -9999 -9999 -9999 -9999 -9999 -9999 -9999 -9999 -9999 -9999 -9999 -9999 11.09 10.29 10.45 11.05 -9999 -9999 -9999 -9999 -9999 -9999 -9999 -9999 -9999 -9999 -9999 -9999 -9999 -9999 -9999 -9999 -9999 -9999 -9999 -9999 -9999 -9999 -9999 -9999 -9999 -9999 -9999 -9999 -9999 -9999 -9999 -9999 -9999 -9999 -9999 -9999 -9999 -9999 -9999 -9999 -9999 -9999 -9999 -9999 -9999 -9999 -9999 -9999 -9999 -9999 -9999 -9999 -9999 -9999 -9999 -9999 -9999 -9999 -9999
12.93 -9999 -9999 -9999 -9999 -9999 -9999 -9999 -9999 -9999 -9999 -9999 -9999 -9999 -9999 12.31 12.96 13.34 13.07 -9999 -9999 -9999 -9999 -9999 -9999 -9999 -9999 -9999 -9999 -9999 -9999 -9999 -9999 -9999 -9999 -9999 -9999 -9999 -9999 -9999 -9999 -9999 -9999 -9999 -9999 -9999 -9999 -9999 -9999 -9999 -9999 -9999 -9999 -9999 -9999 -9999 -9999 -9999 -9999 -9999 -9999 -9999 -9999 -9999 -9999 -9999 -9999 -9999 -9999 -9999 -9999 -9999 -9999 -9999 -9999 -9999 -9999 -9999
-9999 -9999 -9999 -9999 -9999 -9999 -9999 -9999 -9999 -9999 -9999 -9999 -9999 -9999 -9999 -9999 -9999 -9999 -9999 -9999 -9999 -9999 -9999 -9999 -9999 -9999 -9999 -9999 -9999 -9999 -9999 -9999 -9999 -9999 -9999 -9999 -9999 -9999 -9999 -9999 -9999 -9999 -9999 -9999 -9999 -9999 -9999 -9999 -9999 -9999 -9999 -9999 -9999 -9999 -9999 -9999 -9999 -9999 -9999 -9999 -9999 -9999 -9999 -9999 -9999 -9999 -9999 -9999 -9999 -9999 -9999 -9999 -9999 -9999 -9999 -9999 -9999 -9999
-9999 -9999 -9999 -9999 -9999 -9999 -9999 -9999 -9999 -9999 -9999 -9999 -9999 -9999 -9999 -9999 -9999 -9999 -9999 -9999 -9999 -9999 -9999 -9999 -9999 -9999 -9999 -9999 -9999 -9999 -9999 -9999 -9999 -9999 -9999 -9999 -9999 -9999 -9999 -9999 -9999 -9999 -9999 -9999 -9999 -9999 -9999 -9999 -9999 -9999 -9999 -9999 -9999 -9999 -9999 -9999 -9999 -9999 -9999 -9999 -9999 -9999 -9999 -9999 -9999 -9999 -9999 -9999 -9999 -9999 -9999 -9999 -9999 -9999 -9999 -9999 -9999 -9999
