ML/MeanWindSpeed_1999-03_Actual.txt
ncols         180
nrows         290
xllcorner     -200000
yllcorner     -200000
cellsize      5000
NODATA_value  -9999
[rows 210 to 244 of 290, columns 78 to 155 of 180]
13.71 13.93 12.39 14.28 14.00 -9999 -9999 -9999 -9999 -9999 -9999 -9999 8.60 8.60 9.59 8.47 8.48 8.69 10.53 12.52 14.93 14.14 12.05 10.34 9.99 8.91 11.87 11.85 7.88 6.69 10.61 10.70 11.74 8.45 7.69 7.52 7.07 8.18 8.85 8.56 8.74 8.36 7.93 7.63 7.26 6.84 6.60 6.26 6.80 6.30 6.36 6.43 6.48 6.63 6.24 6.50 6.54 5.20 4.13 5.64 6.92 7.42 7.19 6.20 5.63 6.18 6.61 6.15 5.41 5.12 6.14 5.06 5.35 6.33 5.73 5.79 5.79 5.09
-9999 13.98 -9999 -9999 -9999 -9999 -9999 -9999 -9999 -9999 12.96 11.41 10.91 12.08 11.32 9.87 8.69 8.95 9.10 11.49 13.00 12.39 8.46 8.28 12.00 10.67 10.52 8.48 7.24 7.01 9.78 9.93 9.72 8.16 7.79 7.69 6.38 9.47 9.68 8.38 8.41 7.96 7.76 7.53 7.15 7.46 6.78 6.76 6.11 6.08 6.13 6.37 6.34 6.66 6.04 7.33 8.17 5.47 5.44 3.98 6.29 6.61 6.12 6.59 6.05 6.13 6.69 5.93 5.10 5.08 4.99 5.54 6.07 5.43 5.98 5.79 5.05 4.85
-9999 -9999 -9999 -9999 -9999 -9999 -9999 -9999 -9999 -9999 14.23 13.55 11.52 12.77 13.17 -9999 -9999 8.96 11.72 7.26 8.97 8.59 8.75 9.66 11.31 8.62 8.13 8.52 8.25 9.02 9.48 9.48 8.82 8.25 8.69 7.15 7.49 9.57 8.38 7.90 7.59 7.67 8.11 7.85 7.21 7.11 6.45 6.46 6.94 7.38 7.00 7.53 6.37 5.97 6.83 9.11 6.87 6.08 5.13 3.94 6.04 6.04 5.75 5.62 5.54 5.42 5.42 6.77 5.45 5.19 5.03 5.02 5.14 4.92 4.61 6.05 5.39 5.88
-9999 -9999 -9999 -9999 -9999 -9999 -9999 -9999 -9999 -9999 -9999 -9999 -9999 -9999 -9999 -9999 -9999 10.33 9.15 8.75 7.69 6.72 6.90 7.66 8.91 8.72 8.99 9.54 10.14 10.74 10.50 -9999 8.76 8.15 7.63 7.09 7.62 9.27 8.34 8.28 7.63 6.93 6.86 7.68 6.93 7.02 8.07 8.13 7.76 8.49 9.22 7.81 7.35 7.02 7.14 8.24 6.65 6.16 5.72 5.07 5.17 5.29 5.75 5.86 5.36 5.06 5.25 5.36 5.13 5.01 4.86 4.83 4.83 5.02 5.12 5.48 5.43 5.88
-9999 -9999 -9999 -9999 -9999 -9999 -9999 -9999 -9999 -9999 -9999 -9999 -9999 -9999 -9999 -9999 -9999 -9999 9.97 8.40 7.10 7.18 8.18 7.67 8.00 8.70 10.00 -9999 -9999 -9999 -9999 9.70 8.41 7.89 7.18 6.99 7.69 9.29 8.40 8.52 7.68 6.61 7.39 7.09 8.44 7.96 9.70 8.31 8.40 7.94 8.22 7.94 7.13 7.79 6.03 6.57 6.77 5.29 5.36 4.97 4.86 4.91 4.85 4.96 5.06 4.54 4.53 4.55 4.61 4.50 5.69 5.90 4.74 4.75 4.91 5.12 5.42 6.40
-9999 -9999 -9999 -9999 -9999 -9999 -9999 -9999 -9999 -9999 -9999 -9999 -9999 -9999 -9999 -9999 -9999 -9999 -9999 9.33 9.82 8.35 7.95 9.80 9.88 10.54 -9999 -9999 -9999 -9999 10.30 9.84 9.45 6.56 6.29 6.51 8.87 9.55 9.01 8.26 7.03 6.91 6.74 8.25 9.64 8.66 8.73 8.08 8.17 7.85 6.79 7.19 7.08 6.58 6.39 6.34 6.09 5.50 5.50 5.88 5.96 5.94 4.78 4.76 4.68 4.35 4.82 4.72 4.95 4.43 5.09 4.95 4.77 5.64 4.76 5.50 5.63 6.28
-9999 -9999 -9999 -9999 -9999 -9999 -9999 -9999 -9999 -9999 -9999 -9999 -9999 -9999 -9999 -9999 -9999 -9999 -9999 -9999 9.82 9.39 9.12 11.59 10.87 11.98 -9999 -9999 -9999 9.68 7.71 7.07 8.69 8.30 7.55 6.48 7.95 7.34 8.91 8.08 6.44 7.60 8.58 8.63 8.28 9.02 8.16 7.70 7.36 6.72 6.49 6.31 6.41 6.83 6.45 5.94 5.93 6.04 6.07 6.65 6.10 5.90 5.31 4.67 4.61 4.27 4.23 4.23 4.59 4.53 4.66 4.46 5.18 5.46 5.72 5.45 4.43 6.07
-9999 -9999 -9999 -9999 -9999 -9999 -9999 -9999 -9999 -9999 -9999 -9999 -9999 -9999 -9999 -9999 -9999 -9999 -9999 -9999 -9999 -9999 -9999 -9999 -9999 -9999 -9999 -9999 11.96 8.41 6.69 6.45 8.27 6.72 7.45 8.21 8.18 8.20 8.35 6.80 6.40 6.74 7.75 7.68 7.95 7.99 8.13 7.83 7.59 8.95 7.26 7.23 6.52 6.93 6.87 6.13 6.25 6.01 6.48 7.14 6.28 5.38 4.91 4.67 4.38 4.77 4.38 4.88 4.55 5.51 5.88 5.31 4.11 6.51 7.14 5.59 4.21 6.75
-9999 -9999 -9999 -9999 -9999 -9999 -9999 -9999 -9999 -9999 -9999 -9999 -9999 -9999 -9999 -9999 -9999 -9999 -9999 -9999 -9999 -9999 -9999 -9999 -9999 -9999 -9999 -9999 9.55 8.37 6.94 11.87 10.14 6.82 7.45 8.15 8.58 8.92 7.26 6.79 6.61 6.56 7.73 7.48 7.18 8.73 8.49 9.57 8.15 8.31 9.34 7.63 7.00 6.80 6.26 6.19 6.12 6.18 6.62 6.58 6.53 5.65 4.78 4.39 4.03 4.41 6.14 5.53 6.18 6.51 7.31 5.71 4.40 5.50 5.73 4.40 3.66 4.23
-9999 -9999 -9999 -9999 -9999 -9999 -9999 -9999 -9999 -9999 -9999 -9999 -9999 -9999 -9999 -9999 -9999 -9999 -9999 -9999 -9999 -9999 -9999 -9999 -9999 -9999 -9999 -9999 9.09 6.68 5.45 7.68 11.18 10.07 9.19 8.19 9.37 7.67 7.23 6.72 8.38 8.51 9.16 8.62 7.56 7.54 7.54 8.02 8.45 8.41 7.43 7.18 7.02 6.92 6.34 6.17 6.29 6.44 6.94 6.66 6.23 5.24 4.78 5.25 5.79 5.04 5.92 5.55 5.41 5.47 6.14 7.69 7.15 4.93 4.63 4.89 4.93 4.69
-9999 -9999 -9999 -9999 -9999 -9999 -9999 -9999 -9999 -9999 -9999 12.83 12.99 10.64 15.06 14.05 13.58 13.46 15.30 7.99 13.60 9.32 -9999 -9999 -9999 -9999 -9999 -9999 8.40 7.03 6.49 5.54 6.65 8.79 10.33 9.73 8.42 7.53 7.41 8.15 9.38 8.66 7.98 8.05 7.63 7.14 7.69 7.38 7.00 6.74 7.02 6.35 6.90 7.33 8.01 7.03 6.66 7.28 7.19 6.48 6.83 5.38 4.59 5.63 6.37 5.04 4.49 4.79 4.72 4.53 4.29 4.49 4.28 3.74 3.50 3.35 3.26 3.15
-9999 -9999 -9999 -9999 -9999 -9999 -9999 -9999 -9999 -9999 -9999 14.60 13.54 13.06 10.53 12.41 13.83 12.71 13.10 13.33 10.46 8.99 7.69 8.99 11.78 9.91 9.06 7.97 7.51 6.81 6.37 5.97 5.54 6.12 8.77 8.91 7.99 7.16 10.00 8.51 7.55 8.11 8.58 7.83 7.72 8.14 7.81 7.84 7.36 7.12 5.86 6.00 6.49 6.60 6.62 7.39 7.80 6.48 6.19 5.70 5.25 5.80 4.59 8.07 6.14 5.56 4.86 4.34 4.41 4.21 4.99 4.92 3.52 4.93 4.30 4.77 3.36 3.45
-9999 -9999 -9999 -9999 -9999 -9999 -9999 -9999 -9999 -9999 13.07 11.58 10.62 9.76 8.54 10.76 13.26 12.40 11.18 11.13 11.08 9.75 8.07 7.65 8.97 10.39 7.74 7.15 6.59 6.65 7.47 6.11 6.04 7.45 7.55 7.36 7.64 9.95 8.21 9.52 8.86 8.08 7.21 7.73 7.43 8.12 8.20 7.60 7.83 6.58 6.61 6.25 6.01 5.90 7.24 7.99 6.06 5.47 5.72 7.82 5.99 5.22 5.14 4.94 5.11 5.18 4.64 4.41 4.93 5.83 4.86 3.79 3.58 5.15 4.47 4.24 4.50 4.25
-9999 -9999 -9999 -9999 -9999 -9999 -9999 -9999 -9999 -9999 -9999 10.64 9.05 8.19 9.84 9.47 9.89 12.31 10.75 8.80 7.67 10.01 11.74 9.46 7.30 7.69 9.61 7.68 6.01 6.06 6.02 6.71 6.81 6.11 6.31 6.84 7.63 8.77 7.59 9.14 8.05 7.98 7.82 8.07 7.43 8.20 8.37 8.04 6.47 6.29 6.68 5.62 4.91 4.64 5.68 6.91 6.71 5.12 5.50 6.61 6.25 5.31 4.32 4.13 3.85 4.12 5.66 5.29 4.92 5.45 6.34 5.43 4.73 5.24 5.08 4.07 4.78 3.65
-9999 -9999 -9999 -9999 -9999 -9999 -9999 13.83 -9999 -9999 11.83 10.29 10.74 7.79 9.69 8.23 7.76 7.77 8.08 8.90 7.40 9.32 10.52 7.96 6.58 5.36 5.58 5.65 5.40 5.62 6.01 6.87 5.96 5.84 6.48 8.31 7.12 8.07 7.08 7.97 7.52 8.46 9.22 8.45 7.37 6.92 6.93 6.60 6.12 7.32 6.08 5.07 6.60 4.88 4.88 6.74 7.79 4.50 4.88 5.33 5.05 4.53 4.12 3.95 4.27 4.86 5.24 4.30 3.80 3.80 4.35 4.40 4.30 4.90 4.11 3.93 3.72 3.10
-9999 -9999 -9999 -9999 -9999 -9999 12.76 13.91 13.76 13.25 10.45 9.50 11.30 8.96 7.82 8.40 7.49 8.57 8.86 9.55 7.98 7.60 7.93 6.49 5.12 4.53 4.88 5.66 6.03 5.35 5.47 5.80 5.54 5.69 7.46 7.70 6.84 7.54 7.90 9.24 8.42 8.48 9.69 8.29 7.90 6.63 7.10 6.61 6.72 5.87 5.29 4.38 5.25 5.08 4.22 5.36 4.99 4.34 4.16 3.98 4.66 4.57 4.33 3.90 3.53 3.54 3.43 3.71 3.86 3.67 2.98 3.54 3.92 4.71 4.98 4.43 3.09 3.87
-9999 -9999 -9999 -9999 -9999 -9999 12.10 12.12 11.11 11.52 10.45 9.63 8.62 10.41 10.21 9.11 10.13 9.60 8.97 10.07 8.68 8.24 7.73 5.14 5.97 7.80 7.19 6.19 5.50 5.00 5.67 6.30 6.68 6.21 7.54 7.02 7.64 6.80 6.18 7.92 9.26 8.13 8.13 7.85 7.16 7.06 7.53 6.55 5.69 6.08 5.86 4.10 4.17 4.09 3.98 5.07 5.69 5.83 7.27 4.60 4.62 3.80 3.50 3.67 3.75 3.37 3.15 3.46 4.01 3.61 3.19 2.94 3.73 3.82 3.87 3.93 4.03 2.82
-9999 -9999 -9999 -9999 -9999 -9999 12.37 11.13 10.55 10.92 10.31 10.24 9.02 9.51 9.55 8.21 9.33 9.21 9.55 9.69 8.98 6.17 4.67 4.10 6.41 6.51 7.09 7.83 5.80 5.67 6.00 5.59 6.65 6.09 7.17 6.84 6.96 6.78 6.22 8.08 7.70 7.81 7.64 7.37 7.13 7.11 7.54 7.27 5.75 5.09 4.83 5.16 3.52 3.59 3.39 4.25 4.87 5.22 5.97 5.32 5.99 6.70 3.15 6.59 5.03 3.24 3.49 6.73 6.57 5.99 2.93 2.80 2.95 2.81 3.32 2.98 4.09 5.01
-9999 -9999 -9999 -9999 -9999 -9999 10.56 10.20 10.09 9.90 9.33 9.25 8.80 8.37 9.38 8.69 8.64 9.11 8.09 8.09 7.75 7.37 4.33 4.87 7.01 6.16 7.50 7.69 6.15 6.53 7.09 6.14 6.52 6.75 6.85 6.85 6.93 7.61 8.57 6.81 7.71 7.57 7.48 7.23 7.08 7.23 7.46 6.44 6.09 5.30 5.03 4.81 4.88 3.91 4.72 4.86 5.39 5.32 4.86 4.30 4.14 4.37 3.70 5.57 5.38 6.05 5.58 6.16 6.63 7.07 3.44 3.43 3.12 3.11 3.41 4.29 5.39 5.61
-9999 -9999 -9999 -9999 -9999 -9999 9.37 9.31 9.45 9.89 10.36 9.50 8.93 8.27 8.70 9.92 9.19 8.47 7.54 7.93 7.57 7.14 6.34 4.78 4.93 4.64 7.14 6.17 4.51 7.65 7.59 6.55 9.23 7.92 8.57 9.28 8.62 8.22 8.77 7.61 6.91 7.41 7.29 6.72 6.87 6.96 7.32 6.32 6.16 6.34 6.20 5.31 4.75 4.62 4.42 4.98 6.89 6.50 5.55 5.01 5.18 5.53 5.68 6.10 6.31 6.50 -9999 -9999 6.03 6.33 5.75 5.08 4.08 6.85 4.77 -9999 -9999 -9999
-9999 -9999 -9999 -9999 -9999 11.59 9.59 9.46 8.72 9.79 10.04 11.02 9.41 9.86 9.34 9.87 9.05 8.18 7.61 7.64 7.37 7.03 6.84 6.35 6.23 6.57 6.45 5.00 7.86 8.87 6.57 6.12 7.24 7.29 8.61 8.66 7.57 7.41 7.20 7.05 7.92 7.73 7.78 7.34 7.23 7.62 8.28 7.80 6.99 6.35 5.74 5.36 -9999 -9999 5.30 6.21 8.10 7.98 7.32 6.69 6.67 -9999 -9999 -9999 -9999 -9999 -9999 -9999 -9999 -9999 -9999 5.90 6.27 7.88 6.30 -9999 -9999 -9999
-9999 -9999 -9999 -9999 12.65 10.93 9.23 9.80 8.64 8.67 8.64 8.81 8.43 11.59 12.20 10.70 9.76 9.44 9.63 8.29 7.43 7.09 7.50 7.34 9.52 9.90 9.12 8.62 10.35 7.86 8.04 8.06 8.89 9.71 8.04 6.86 7.41 6.64 6.85 6.72 7.02 7.09 8.60 9.65 9.57 9.22 9.07 9.07 7.79 -9999 5.15 5.30 4.67 4.90 5.53 -9999 -9999 -9999 -9999 8.04 -9999 -9999 -9999 -9999 -9999 -9999 -9999 -9999 -9999 -9999 -9999 -9999 -9999 -9999 -9999 -9999 -9999 -9999
-9999 -9999 -9999 13.45 12.48 11.97 10.53 8.85 8.43 8.16 7.14 7.07 8.74 13.89 15.23 10.26 9.29 11.94 8.86 10.40 7.71 7.27 10.27 8.98 8.57 8.68 8.88 -9999 -9999 -9999 -9999 -9999 9.11 10.54 9.92 8.12 7.81 7.32 6.70 6.80 6.80 7.56 8.90 -9999 -9999 -9999 -9999 -9999 8.97 8.39 6.56 4.93 4.39 6.20 6.05 -9999 -9999 -9999 -9999 -9999 -9999 -9999 -9999 -9999 -9999 -9999 -9999 -9999 -9999 -9999 -9999 -9999 -9999 -9999 -9999 -9999 -9999 -9999
-9999 -9999 8.91 9.94 11.76 11.95 10.42 9.92 9.11 7.15 7.90 8.08 10.64 13.38 14.74 13.14 11.87 9.86 10.86 9.01 9.08 8.52 10.64 10.41 -9999 -9999 -9999 -9999 -9999 -9999 -9999 -9999 -9999 9.47 9.76 8.41 9.52 10.34 10.57 8.31 10.40 10.36 11.11 -9999 -9999 -9999 -9999 -9999 -9999 -9999 6.49 6.40 4.70 5.43 -9999 -9999 -9999 -9999 -9999 -9999 -9999 -9999 -9999 -9999 -9999 -9999 -9999 -9999 -9999 -9999 -9999 -9999 -9999 -9999 -9999 -9999 -9999 -9999
11.12 10.79 8.60 9.08 10.72 12.31 12.40 10.49 8.30 8.06 8.77 8.78 10.18 13.20 11.60 11.70 11.40 12.34 6.66 9.17 12.46 9.98 -9999 -9999 -9999 -9999 -9999 -9999 -9999 -9999 -9999 -9999 -9999 -9999 -9999 10.31 -9999 -9999 -9999 -9999 9.22 11.77 12.29 -9999 -9999 -9999 -9999 -9999 -9999 -9999 -9999 6.68 8.35 6.67 -9999 -9999 -9999 -9999 -9999 -9999 -9999 -9999 -9999 -9999 -9999 -9999 -9999 -9999 -9999 -9999 -9999 -9999 -9999 -9999 -9999 -9999 -9999 -9999
10.53 9.46 7.56 8.80 10.74 11.35 12.10 10.76 9.58 10.45 7.48 6.48 8.44 11.85 11.99 10.10 8.81 10.47 7.67 7.43 9.02 -9999 -9999 -9999 -9999 -9999 -9999 -9999 -9999 -9999 -9999 -9999 -9999 -9999 -9999 11.52 -9999 -9999 -9999 -9999 -9999 -9999 -9999 -9999 -9999 -9999 -9999 -9999 -9999 -9999 -9999 -9999 -9999 -9999 -9999 -9999 -9999 -9999 -9999 -9999 -9999 -9999 -9999 -9999 -9999 -9999 -9999 -9999 -9999 -9999 -9999 -9999 -9999 -9999 -9999 -9999 -9999 -9999
11.71 9.99 7.71 9.00 9.67 9.83 10.56 9.92 9.62 10.68 6.93 6.41 7.69 10.24 14.66 14.99 8.15 8.33 7.87 8.74 11.36 -9999 -9999 -9999 -9999 -9999 -9999 -9999 -9999 -9999 -9999 -9999 -9999 -9999 -9999 -9999 -9999 -9999 -9999 -9999 -9999 -9999 -9999 -9999 -9999 -9999 -9999 -9999 -9999 -9999 -9999 -9999 -9999 -9999 -9999 -9999 -9999 -9999 -9999 -9999 -9999 -9999 -9999 -9999 -9999 -9999 -9999 -9999 -9999 -9999 -9999 -9999 -9999 -9999 -9999 -9999 -9999 -9999
10.22 11.48 10.02 9.94 9.53 10.35 9.60 9.20 9.02 7.74 7.83 7.08 6.96 10.07 12.50 12.07 9.84 7.40 7.53 10.81 9.99 -9999 -9999 -9999 -9999 -9999 -9999 -9999 -9999 -9999 -9999 -9999 -9999 -9999 -9999 -9999 -9999 -9999 -9999 -9999 -9999 -9999 -9999 -9999 -9999 -9999 -9999 -9999 -9999 -9999 -9999 -9999 -9999 -9999 -9999 -9999 -9999 -9999 -9999 -9999 -9999 -9999 -9999 -9999 -9999 -9999 -9999 -9999 -9999 -9999 -9999 -9999 -9999 -9999 -9999 -9999 -9999 -9999
10.54 12.56 11.50 11.12 9.48 10.12 9.54 11.88 10.92 9.17 8.65 9.28 7.69 8.37 9.52 9.22 8.21 7.88 8.67 9.79 10.25 -9999 -9999 -9999 -9999 -9999 -9999 -9999 -9999 -9999 -9999 -9999 -9999 -9999 -9999 -9999 -9999 -9999 -9999 -9999 -9999 -9999 -9999 -9999 -9999 -9999 -9999 -9999 -9999 -9999 -9999 -9999 -9999 -9999 -9999 -9999 -9999 -9999 -9999 -9999 -9999 -9999 -9999 -9999 -9999 -9999 -9999 -9999 -9999 -9999 -9999 -9999 -9999 -9999 -9999 -9999 -9999 -9999
9.76 10.45 10.69 9.87 11.02 12.82 12.39 10.71 10.82 10.80 10.69 9.48 10.02 9.11 7.98 7.97 8.86 9.76 10.21 9.80 10.98 -9999 -9999 -9999 -9999 -9999 -9999 -9999 -9999 -9999 -9999 -9999 -9999 -9999 -9999 -9999 -9999 -9999 -9999 -9999 -9999 -9999 -9999 -9999 -9999 -9999 -9999 -9999 -9999 -9999 -9999 -9999 -9999 -9999 -9999 -9999 -9999 -9999 -9999 -9999 -9999 -9999 -9999 -9999 -9999 -9999 -9999 -9999 -9999 -9999 -9999 -9999 -9999 -9999 -9999 -9999 -9999 -9999
9.53 11.00 11.51 -9999 -9999 -9999 -9999 -9999 -9999 -9999 -9999 -9999 11.09 11.67 10.07 9.02 8.20 9.42 10.30 10.12 -9999 -9999 -9999 -9999 -9999 -9999 -9999 -9999 -9999 -9999 -9999 -9999 -9999 -9999 -9999 -9999 -9999 -9999 -9999 -9999 -9999 -9999 -9999 -9999 -9999 -9999 -9999 -9999 -9999 -9999 -9999 -9999 -9999 -9999 -9999 -9999 -9999 -9999 -9999 -9999 -9999 -9999 -9999 -9999 -9999 -9999 -9999 -9999 -9999 -9999 -9999 -9999 -9999 -9999 -9999 -9999 -9999 -9999
11.45 11.61 12.45 -9999 -9999 -9999 -9999 -9999 -9999 -9999 -9999 -9999 -9999 -9999 -9999 9.88 9.04 9.32 9.91 -9999 -9999 -9999 -9999 -9999 -9999 -9999 -9999 -9999 -9999 -9999 -9999 -9999 -9999 -9999 -9999 -9999 -9999 -9999 -9999 -9999 -9999 -9999 -9999 -9999 -9999 -9999 -9999 -9999 -9999 -9999 -9999 -9999 -9999 -9999 -9999 -9999 -9999 -9999 -9999 -9999 -9999 -9999 -9999 -9999 -9999 -9999 -9999 -9999 -9999 -9999 -9999 -9999 -9999 -9999 -9999 -9999 -9999 -9999
11.72 -9999 -9999 -9999 -9999 -9999 -9999 -9999 -9999 -9999 -9999 -9999 -9999 -9999 -9999 11.25 12.45 13.08 12.44 -9999 -9999 -9999 -9999 -9999 -9999 -9999 -9999 -9999 -9999 -9999 -9999 -9999 -9999 -9999 -9999 -9999 -9999 -9999 -9999 -9999 -9999 -9999 -9999 -9999 -9999 -9999 -9999 -9999 -9999 -9999 -9999 -9999 -9999 -9999 -9999 -9999 -9999 -9999 -9999 -9999 -9999 -9999 -9999 -9999 -9999 -9999 -9999 -9999 -9999 -9999 -9999 -9999 -9999 -9999 -9999 -9999 -9999 -9999
-9999 -9999 -9999 -9999 -9999 -9999 -9999 -9999 -9999 -9999 -9999 -9999 -9999 -9999 -9999 -9999 -9999 -9999 -9999 -9999 -9999 -9999 -9999 -9999 -9999 -9999 -9999 -9999 -9999 -9999 -9999 -9999 -9999 -9999 -9999 -9999 -9999 -9999 -9999 -9999 -9999 -9999 -9999 -9999 -9999 -9999 -9999 -9999 -9999 -9999 -9999 -9999 -9999 -9999 -9999 -9999 -9999 -9999 -9999 -9999 -9999 -9999 -9999 -9999 -9999 -9999 -9999 -9999 -9999 -9999 -9999 -9999 -9999 -9999 -9999 -9999 -9999 -9999
-9999 -9999 -9999 -9999 -9999 -9999 -9999 -9999 -9999 -9999 -9999 -9999 -9999 -9999 -9999 -9999 -9999 -9999 -9999 -9999 -9999 -9999 -9999 -9999 -9999 -9999 -9999 -9999 -9999 -9999 -9999 -9999 -9999 -9999 -9999 -9999 -9999 -9999 -9999 -9999 -9999 -9999 -9999 -9999 -9999 -9999 -9999 -9999 -9999 -9999 -9999 -9999 -9999 -9999 -9999 -9999 -9999 -9999 -9999 -9999 -9999 -9999 -9999 -9999 -9999 -9999 -9999 -9999 -9999 -9999 -9999 -9999 -9999 -9999 -9999 -9999 -9999 -9999
