ML/MeanWindSpeed_1994-03_Actual.txt
ncols         180
nrows         290
xllcorner     -200000
yllcorner     -200000
cellsize      5000
NODATA_value  -9999
[rows 204 to 237 of 290, columns 77 to 153 of 180]
15.77 12.76 13.22 15.68 16.95 16.52 14.85 17.65 15.84 18.86 14.17 16.00 19.74 18.76 16.40 17.29 12.36 11.66 17.93 20.11 18.76 17.22 20.53 16.22 13.05 10.44 17.56 23.29 24.31 14.16 14.61 14.93 15.49 14.05 12.14 14.91 13.82 12.59 11.28 11.34 9.32 9.24 11.23 11.27 15.42 15.31 13.93 11.80 12.87 15.20 14.25 13.22 12.29 12.55 12.41 12.05 11.55 11.54 12.37 12.89 12.32 12.23 12.49 12.23 13.67 14.26 11.87 12.30 13.56 14.15 13.81 14.78 14.74 14.77 14.58 12.22 11.90
14.35 14.66 13.27 14.65 14.81 16.26 15.77 15.95 17.25 15.39 16.67 15.01 14.82 14.74 13.26 11.45 14.19 12.14 17.97 27.61 15.49 15.76 17.59 24.80 24.01 12.24 12.01 27.31 20.46 15.77 16.17 17.89 15.01 12.14 11.34 15.31 15.25 12.25 10.88 10.47 9.55 9.74 11.75 15.44 16.04 14.20 13.41 12.59 12.24 12.19 13.45 12.27 11.99 11.75 11.36 11.06 11.14 12.47 12.23 12.07 12.26 11.26 11.72 12.95 12.66 13.53 12.50 12.40 12.60 13.12 14.09 14.63 14.82 14.93 14.88 11.99 10.94
16.89 13.57 12.78 14.30 13.39 14.64 15.17 15.42 13.86 13.65 14.96 13.98 16.44 14.62 16.24 11.03 15.71 18.33 18.57 20.59 21.53 17.57 21.12 24.57 17.71 20.98 19.08 13.45 20.43 18.13 12.54 13.38 11.59 13.91 13.58 18.31 16.34 11.89 10.47 9.32 9.38 11.42 15.69 13.74 16.13 13.76 13.27 14.09 12.14 13.50 11.39 11.75 11.28 10.96 10.94 11.21 11.37 11.63 11.33 11.50 11.29 11.53 12.97 14.11 13.25 12.15 12.86 12.13 13.70 12.71 12.69 13.40 14.07 14.40 14.23 12.77 10.80
16.14 14.40 12.73 12.03 14.40 16.40 19.30 17.75 15.47 14.11 12.83 13.43 17.97 13.81 14.58 10.76 14.29 15.15 14.26 13.33 17.68 16.73 19.33 18.99 22.45 19.73 21.29 20.56 26.13 15.57 12.98 12.05 14.09 13.34 16.90 16.13 16.02 10.81 9.81 8.75 14.24 15.69 15.26 15.77 13.04 13.58 13.73 13.08 11.04 10.86 11.01 10.77 10.71 10.75 10.79 11.72 12.05 12.59 11.82 11.03 11.17 12.12 14.63 12.26 12.80 12.69 11.98 11.97 12.28 11.65 11.81 13.05 12.89 13.51 13.38 12.50 11.75
16.12 15.23 13.43 12.60 13.09 15.96 16.89 18.27 16.94 15.57 14.23 13.40 14.31 17.57 11.80 17.99 16.62 16.49 18.62 17.18 14.98 15.51 17.44 15.34 17.79 17.07 15.15 23.43 22.76 12.90 13.51 10.68 12.22 14.80 15.70 14.63 13.28 10.54 9.89 12.33 11.54 14.52 14.23 13.15 13.39 12.78 12.05 11.50 10.10 9.57 9.58 9.74 12.19 10.72 11.97 11.24 11.44 11.06 10.69 10.77 12.32 14.12 13.40 12.66 12.65 12.18 11.71 11.96 12.50 12.61 10.65 12.31 13.68 12.76 12.34 12.45 10.77
15.52 14.71 13.99 14.73 16.36 18.61 -9999 -9999 -9999 -9999 16.34 16.15 17.74 13.96 12.15 14.00 13.76 12.81 12.16 7.92 21.98 23.84 15.96 13.64 13.96 16.28 17.88 21.57 16.44 12.74 10.75 9.76 16.10 14.39 16.59 12.33 11.42 10.31 10.53 14.02 11.69 14.20 13.95 12.60 12.53 11.98 11.30 10.23 9.55 9.22 9.27 9.70 11.85 11.07 11.68 11.85 11.51 11.19 10.73 12.77 12.58 13.18 13.31 13.13 10.88 10.71 10.48 12.14 12.72 11.63 9.86 11.34 12.54 12.25 11.69 12.39 11.21
17.36 17.62 18.09 16.05 19.02 18.97 -9999 -9999 -9999 -9999 -9999 -9999 -9999 13.07 12.86 14.03 11.87 11.05 11.13 14.69 18.29 22.46 21.93 18.57 15.94 15.04 13.76 18.53 17.74 11.00 9.02 14.90 15.57 17.28 12.58 11.56 10.80 10.05 12.45 13.78 13.39 13.71 13.18 12.62 12.12 11.46 10.73 10.34 10.12 11.08 10.42 10.82 11.23 11.32 11.24 10.63 11.87 13.34 12.45 11.17 13.15 13.22 12.69 12.08 10.50 9.83 10.79 11.84 11.38 10.00 9.55 11.22 9.81 10.34 11.79 10.85 10.78
-9999 -9999 18.14 -9999 -9999 -9999 -9999 -9999 -9999 -9999 -9999 18.43 16.43 15.80 17.48 16.34 13.65 11.29 11.58 12.31 16.61 19.17 18.66 12.79 12.39 17.62 16.01 16.03 12.49 9.99 9.72 13.97 14.49 14.19 12.06 11.55 11.01 9.49 14.71 15.21 13.33 13.31 12.64 12.50 12.19 11.62 11.97 11.19 11.51 10.74 10.83 11.27 11.84 11.59 11.37 10.30 12.66 14.64 12.27 12.76 10.18 12.07 11.57 10.55 11.20 10.49 10.65 11.77 10.76 9.39 9.29 9.32 10.14 10.95 10.13 10.98 10.51
-9999 -9999 -9999 -9999 -9999 -9999 -9999 -9999 -9999 -9999 -9999 20.01 19.21 16.49 18.31 18.84 -9999 -9999 12.25 16.81 11.02 13.88 13.32 13.25 14.26 16.52 12.73 12.20 12.45 11.77 12.87 13.76 13.89 12.81 12.02 12.69 10.48 11.59 15.37 13.74 12.87 12.14 12.22 13.16 13.08 12.41 12.03 10.99 11.01 11.65 12.38 12.24 13.36 11.59 10.40 11.49 15.13 12.51 12.47 11.46 9.23 11.35 10.64 10.09 10.09 9.91 9.57 9.74 11.75 9.89 9.60 9.61 9.63 9.69 9.32 8.88 10.63
-9999 -9999 -9999 -9999 -9999 -9999 -9999 -9999 -9999 -9999 -9999 -9999 -9999 -9999 -9999 -9999 -9999 -9999 14.70 13.70 13.68 12.93 11.44 11.06 11.70 13.27 12.81 13.11 13.65 14.30 15.20 15.08 -9999 12.86 11.84 11.02 10.32 11.95 14.94 13.70 13.42 12.19 11.22 11.44 13.06 11.96 11.72 12.96 12.93 12.39 13.50 14.83 13.19 12.62 11.85 12.12 13.98 12.12 11.95 11.50 10.32 9.95 9.52 9.83 10.29 9.65 9.07 9.53 9.86 9.71 9.59 9.61 9.56 9.43 9.65 9.82 10.20
-9999 -9999 -9999 -9999 -9999 -9999 -9999 -9999 -9999 -9999 -9999 -9999 -9999 -9999 -9999 -9999 -9999 -9999 -9999 14.96 13.28 12.05 12.37 12.93 11.23 11.42 12.41 14.16 -9999 -9999 -9999 -9999 14.10 12.83 11.84 10.45 10.09 11.73 14.53 13.52 13.47 12.11 10.74 12.11 12.03 13.90 12.97 15.25 13.20 13.31 12.76 13.28 13.12 12.20 13.16 10.84 11.77 12.13 10.18 10.43 9.84 9.28 8.77 8.12 8.07 8.51 8.19 8.47 8.69 8.94 8.95 10.91 11.32 9.63 9.78 10.10 10.09
-9999 -9999 -9999 -9999 -9999 -9999 -9999 -9999 -9999 -9999 -9999 -9999 -9999 -9999 -9999 -9999 -9999 -9999 -9999 -9999 14.48 15.89 14.39 12.61 12.49 12.96 14.64 -9999 -9999 -9999 -9999 14.31 14.60 14.55 10.28 9.55 9.74 13.40 14.81 14.08 12.72 10.82 10.76 10.93 13.31 15.35 13.95 14.06 13.29 13.69 13.42 11.83 12.30 12.27 11.65 11.47 11.34 10.80 9.83 9.88 10.57 10.56 10.08 8.09 7.95 8.06 7.96 9.07 9.24 9.73 9.32 10.50 10.32 9.96 11.40 10.20 10.61
-9999 -9999 -9999 -9999 -9999 -9999 -9999 -9999 -9999 -9999 -9999 -9999 -9999 -9999 -9999 -9999 -9999 -9999 -9999 -9999 -9999 16.05 16.26 14.71 13.89 13.70 16.61 -9999 -9999 -9999 13.41 10.97 11.30 14.10 13.15 11.83 10.23 12.49 11.69 13.68 12.23 9.75 11.36 13.21 13.53 13.06 14.45 13.53 13.06 12.89 12.00 11.67 11.43 11.61 12.18 11.36 10.33 10.03 9.92 9.95 11.03 10.41 9.90 8.99 8.12 8.27 8.26 8.82 9.00 9.59 9.78 10.12 9.52 10.25 10.85 11.22 10.33
-9999 -9999 -9999 -9999 -9999 -9999 -9999 -9999 -9999 -9999 -9999 -9999 -9999 -9999 -9999 -9999 -9999 -9999 -9999 -9999 -9999 -9999 -9999 -9999 -9999 -9999 -9999 -9999 -9999 16.66 11.53 9.39 10.22 13.95 11.57 12.21 13.01 13.04 13.07 12.98 10.75 10.25 10.60 12.15 12.21 12.52 12.75 13.00 12.55 12.40 14.47 12.26 12.41 11.60 12.25 11.91 10.45 10.26 9.56 10.31 11.47 10.42 9.21 8.77 8.84 8.45 9.06 8.78 9.34 8.97 10.45 11.13 10.16 8.38 12.06 12.88 10.17
-9999 -9999 -9999 -9999 -9999 -9999 -9999 -9999 -9999 -9999 -9999 -9999 -9999 -9999 -9999 -9999 -9999 -9999 -9999 -9999 -9999 -9999 -9999 -9999 -9999 -9999 -9999 -9999 -9999 13.02 11.03 9.05 16.76 15.24 11.17 12.45 13.43 13.80 13.94 11.58 11.05 10.76 10.46 12.01 11.59 11.25 13.55 13.12 14.41 12.27 12.71 14.37 12.27 11.96 12.05 11.28 10.85 10.38 10.04 10.58 10.64 10.66 9.52 8.68 8.75 8.24 8.32 10.45 9.39 10.51 11.17 12.52 10.31 8.48 10.32 10.72 8.40
-9999 -9999 -9999 -9999 -9999 -9999 -9999 -9999 -9999 -9999 -9999 -9999 -9999 -9999 -9999 -9999 -9999 -9999 -9999 -9999 -9999 -9999 -9999 -9999 -9999 -9999 -9999 -9999 -9999 12.62 8.84 6.48 9.92 15.42 14.60 14.32 13.35 14.84 12.11 11.36 10.51 12.61 12.62 13.66 12.87 11.89 12.29 12.06 12.39 12.76 12.71 11.41 11.35 11.68 11.93 11.34 10.98 10.64 10.38 10.87 10.59 9.98 8.60 8.38 9.68 10.84 9.68 10.67 9.91 9.79 10.10 11.26 13.60 12.95 10.05 9.67 9.59
-9999 -9999 -9999 -9999 -9999 -9999 -9999 -9999 -9999 -9999 -9999 -9999 17.84 18.35 15.06 21.60 20.71 20.97 21.57 24.28 13.85 21.89 15.82 -9999 -9999 -9999 -9999 -9999 -9999 11.97 10.11 8.98 7.36 8.82 12.18 15.12 14.89 13.22 11.92 11.56 12.55 14.16 12.88 11.85 11.65 10.73 11.79 12.37 11.60 10.86 10.56 11.06 10.14 11.13 12.02 13.35 12.06 11.09 11.50 11.34 10.78 11.11 8.60 7.68 9.98 11.66 10.12 9.63 10.14 10.14 9.83 9.48 9.60 9.36 8.93 8.54 7.88
-9999 -9999 -9999 -9999 -9999 -9999 -9999 -9999 -9999 -9999 -9999 -9999 19.58 18.25 17.28 13.82 16.82 19.21 18.43 19.65 20.19 16.51 15.05 13.00 14.08 17.69 15.37 14.05 11.87 10.79 9.92 9.44 8.80 7.90 8.50 12.74 13.39 12.11 11.05 14.99 13.07 11.65 12.17 12.66 11.14 10.30 11.65 11.81 11.96 11.20 11.11 9.60 9.72 10.47 10.77 11.29 12.85 13.28 10.73 10.33 10.07 9.22 9.46 7.83 13.47 11.38 11.01 10.49 9.89 10.04 9.69 10.76 10.54 8.43 10.54 9.65 10.13
-9999 -9999 -9999 -9999 -9999 -9999 -9999 -9999 -9999 -9999 -9999 18.08 16.25 15.03 13.22 11.16 14.24 17.94 17.02 15.76 15.62 15.64 14.47 12.29 11.18 12.96 15.19 11.65 10.59 9.54 9.69 10.99 9.00 8.85 10.74 11.20 11.06 11.12 14.31 11.92 14.31 13.45 12.17 10.72 11.18 10.38 11.47 12.01 11.20 11.54 10.19 10.69 10.21 10.11 10.19 12.52 14.19 11.16 9.37 9.71 13.04 10.50 9.12 9.17 9.25 9.89 10.25 9.68 9.50 10.19 11.45 10.12 8.52 8.23 10.52 9.46 8.89
-9999 -9999 -9999 -9999 -9999 -9999 -9999 -9999 -9999 -9999 -9999 -9999 15.85 13.71 12.09 13.95 13.06 13.62 17.11 15.20 12.21 10.07 14.12 17.44 13.73 10.44 11.30 14.31 11.45 8.87 8.84 8.74 9.79 9.85 8.76 9.59 10.51 11.24 12.57 11.10 13.95 12.63 12.38 11.95 11.89 10.58 11.70 12.27 11.65 9.33 9.53 10.53 9.31 8.76 8.60 10.51 12.92 12.28 9.05 9.50 11.46 11.00 9.70 8.34 8.17 7.86 8.28 10.61 10.23 9.74 10.30 11.44 10.11 9.46 10.58 10.46 8.88
-9999 -9999 -9999 -9999 -9999 -9999 -9999 -9999 21.17 -9999 -9999 17.75 15.61 16.27 12.13 14.51 12.14 11.47 11.31 11.87 13.02 10.33 13.55 16.05 12.45 10.70 9.40 9.92 9.47 8.29 8.43 8.96 10.33 8.90 8.51 9.90 12.71 10.82 11.71 10.31 12.25 11.89 12.86 13.87 12.45 10.55 10.09 10.51 9.78 8.92 11.13 9.73 8.54 11.18 8.95 9.49 12.86 14.25 9.13 9.64 10.47 10.11 9.06 8.13 8.04 8.52 9.24 10.02 8.99 8.36 8.05 8.46 8.51 8.72 9.96 9.07 8.90
-9999 -9999 -9999 -9999 -9999 -9999 -9999 18.09 20.68 20.74 19.95 15.72 14.33 16.61 13.43 11.88 12.43 11.06 12.56 13.18 14.15 11.48 11.23 12.14 10.48 9.12 8.78 9.49 10.15 9.87 8.69 8.73 9.00 8.36 8.32 11.27 11.86 10.46 11.06 11.42 13.60 12.67 12.58 14.36 12.30 11.48 9.98 11.24 10.39 10.35 9.46 8.99 8.01 9.61 9.54 8.72 10.75 10.20 9.15 9.07 8.98 10.16 9.64 8.92 8.59 8.28 7.96 7.93 8.86 9.33 8.57 6.86 7.31 7.89 9.21 9.79 9.16
-9999 -9999 -9999 -9999 -9999 -9999 -9999 16.61 17.67 16.60 17.35 15.64 14.11 12.47 15.12 14.94 13.30 14.56 13.76 13.14 14.94 12.93 12.43 11.38 7.79 9.54 12.47 11.92 10.49 9.22 8.40 9.28 10.06 10.49 9.62 11.87 11.38 12.08 10.66 9.56 11.87 13.79 12.26 12.34 11.81 10.63 10.90 12.03 10.52 9.32 10.26 10.39 8.27 8.76 8.74 8.61 10.02 10.49 10.49 12.60 9.10 9.39 8.08 7.57 8.21 8.62 7.73 7.39 8.20 9.32 8.60 7.43 6.90 7.88 7.87 7.93 8.10
-9999 -9999 -9999 -9999 -9999 -9999 -9999 17.05 16.30 15.80 16.56 15.83 15.29 13.23 14.02 14.14 12.22 13.66 13.34 14.05 14.59 13.74 9.47 6.51 5.37 9.04 9.66 10.85 11.81 9.11 9.20 9.68 9.29 10.97 10.14 11.94 11.51 11.38 11.06 10.07 12.48 11.82 11.95 11.80 11.24 10.66 11.03 12.15 11.75 9.73 9.20 9.38 10.31 8.49 8.83 8.45 9.00 8.91 8.95 9.93 9.35 10.66 11.56 6.43 11.65 9.50 6.64 6.86 11.81 12.08 11.51 6.98 6.94 7.41 7.17 7.40 6.72
-9999 -9999 -9999 -9999 -9999 -9999 -9999 15.32 15.33 15.32 15.32 14.92 14.72 13.78 13.22 14.73 13.59 13.44 13.96 12.64 12.86 12.38 11.23 5.88 6.30 10.02 9.34 11.14 11.20 9.32 9.95 10.48 9.12 10.20 10.82 10.94 10.73 10.68 11.74 13.14 10.68 12.02 11.81 11.77 11.18 10.74 11.26 12.03 10.64 10.32 9.65 9.90 10.28 10.97 9.98 11.28 10.48 9.53 9.12 8.67 8.12 8.14 8.29 7.18 10.03 9.78 10.52 9.68 10.56 11.56 12.22 7.18 7.39 7.42 7.67 7.67 8.68
-9999 -9999 -9999 -9999 -9999 -9999 -9999 14.27 14.15 14.25 15.08 16.10 15.04 14.62 14.70 15.51 16.49 15.22 14.23 13.01 13.75 12.87 11.76 9.99 6.93 7.47 7.59 10.66 9.10 6.76 10.79 10.44 8.93 13.34 11.97 12.93 13.59 12.57 12.26 13.24 11.66 10.73 11.47 11.45 10.54 10.49 10.78 11.56 10.27 10.32 11.17 11.80 11.46 11.36 11.54 11.44 11.57 11.34 10.69 9.70 9.29 9.75 10.21 10.37 11.02 11.34 11.47 -9999 -9999 10.70 10.97 10.04 9.21 8.25 12.38 9.31 -9999
-9999 -9999 -9999 -9999 -9999 -9999 18.18 15.04 14.45 12.90 14.26 14.90 16.65 15.71 18.29 17.74 17.27 15.58 14.72 14.03 13.99 13.14 12.23 11.91 10.19 9.45 9.98 9.31 7.09 11.21 12.50 8.81 8.00 10.13 10.82 12.96 12.93 11.35 11.18 11.04 10.72 11.95 11.70 11.90 11.18 10.86 11.50 12.65 12.16 11.50 11.42 11.74 12.06 -9999 -9999 12.67 13.49 13.44 12.70 12.02 11.44 11.60 -9999 -9999 -9999 -9999 -9999 -9999 -9999 -9999 -9999 -9999 10.27 11.13 13.54 11.25 -9999
-9999 -9999 -9999 -9999 -9999 19.54 17.71 15.07 15.31 13.10 12.94 13.00 13.03 13.64 20.54 21.96 19.19 17.46 16.71 16.85 15.20 13.62 12.17 12.64 11.80 14.37 14.48 13.03 12.35 14.78 11.10 10.89 10.55 12.00 13.71 11.70 10.21 11.10 10.29 10.74 10.51 11.03 11.19 13.17 14.32 14.12 13.67 13.63 13.83 12.48 -9999 10.74 11.89 11.63 12.09 12.60 -9999 -9999 -9999 -9999 13.31 -9999 -9999 -9999 -9999 -9999 -9999 -9999 -9999 -9999 -9999 -9999 -9999 -9999 -9999 -9999 -9999
-9999 -9999 -9999 -9999 18.65 19.02 19.43 17.48 14.49 13.16 12.48 10.53 9.66 13.21 23.21 25.66 18.19 17.08 20.14 15.07 17.78 13.84 12.39 16.52 14.35 13.43 13.18 13.07 -9999 -9999 -9999 -9999 -9999 12.04 14.42 13.82 11.45 11.03 10.56 9.94 10.27 10.63 11.90 13.53 -9999 -9999 -9999 -9999 -9999 13.59 13.46 11.92 10.85 11.05 13.55 12.78 -9999 -9999 -9999 -9999 -9999 -9999 -9999 -9999 -9999 -9999 -9999 -9999 -9999 -9999 -9999 -9999 -9999 -9999 -9999 -9999 -9999
-9999 -9999 -9999 11.30 13.50 17.64 18.99 17.29 16.15 14.07 11.06 11.19 10.59 15.47 21.74 24.69 22.07 19.94 16.61 17.38 15.39 15.42 14.06 17.02 16.44 -9999 -9999 -9999 -9999 -9999 -9999 -9999 -9999 -9999 12.91 13.39 11.51 13.11 14.25 14.64 11.55 14.90 15.12 16.18 -9999 -9999 -9999 -9999 -9999 -9999 -9999 11.39 12.20 10.55 11.66 -9999 -9999 -9999 -9999 -9999 -9999 -9999 -9999 -9999 -9999 -9999 -9999 -9999 -9999 -9999 -9999 -9999 -9999 -9999 -9999 -9999 -9999
17.85 15.91 15.21 11.46 12.39 15.55 18.62 19.15 16.43 12.82 12.36 12.62 11.96 15.24 21.83 20.79 20.73 19.15 19.64 11.36 15.61 19.98 15.82 -9999 -9999 -9999 -9999 -9999 -9999 -9999 -9999 -9999 -9999 -9999 -9999 -9999 14.20 -9999 -9999 -9999 -9999 12.92 16.88 17.68 -9999 -9999 -9999 -9999 -9999 -9999 -9999 -9999 12.16 15.14 12.86 -9999 -9999 -9999 -9999 -9999 -9999 -9999 -9999 -9999 -9999 -9999 -9999 -9999 -9999 -9999 -9999 -9999 -9999 -9999 -9999 -9999 -9999
17.53 15.31 13.91 10.86 12.37 15.07 16.62 18.04 16.10 14.66 15.91 11.06 9.27 12.78 19.46 21.31 18.54 15.70 17.20 12.95 12.94 14.68 -9999 -9999 -9999 -9999 -9999 -9999 -9999 -9999 -9999 -9999 -9999 -9999 -9999 -9999 15.70 -9999 -9999 -9999 -9999 -9999 -9999 -9999 -9999 -9999 -9999 -9999 -9999 -9999 -9999 -9999 -9999 -9999 -9999 -9999 -9999 -9999 -9999 -9999 -9999 -9999 -9999 -9999 -9999 -9999 -9999 -9999 -9999 -9999 -9999 -9999 -9999 -9999 -9999 -9999 -9999
15.78 17.00 15.20 11.80 12.97 13.84 14.54 15.91 14.93 14.88 16.43 10.65 9.21 10.89 15.76 23.80 24.78 14.61 14.25 13.29 14.52 17.72 -9999 -9999 -9999 -9999 -9999 -9999 -9999 -9999 -9999 -9999 -9999 -9999 -9999 -9999 -9999 -9999 -9999 -9999 -9999 -9999 -9999 -9999 -9999 -9999 -9999 -9999 -9999 -9999 -9999 -9999 -9999 -9999 -9999 -9999 -9999 -9999 -9999 -9999 -9999 -9999 -9999 -9999 -9999 -9999 -9999 -9999 -9999 -9999 -9999 -9999 -9999 -9999 -9999 -9999 -9999
13.57 14.42 16.77 14.65 14.02 13.64 15.31 14.42 13.91 14.15 12.42 12.25 10.67 10.29 15.46 20.03 19.93 16.75 13.15 13.21 17.52 15.62 -9999 -9999 -9999 -9999 -9999 -9999 -9999 -9999 -9999 -9999 -9999 -9999 -9999 -9999 -9999 -9999 -9999 -9999 -9999 -9999 -9999 -9999 -9999 -9999 -9999 -9999 -9999 -9999 -9999 -9999 -9999 -9999 -9999 -9999 -9999 -9999 -9999 -9999 -9999 -9999 -9999 -9999 -9999 -9999 -9999 -9999 -9999 -9999 -9999 -9999 -9999 -9999 -9999 -9999 -9999
