ML/MeanWindSpeed_1991-03_Actual.txt
ncols         180
nrows         290
xllcorner     -200000
yllcorner     -200000
cellsize      5000
NODATA_value  -9999
[rows 210 to 244 of 290, columns 79 to 157 of 180]
12.32 11.28 12.68 12.60 -9999 -9999 -9999 -9999 -9999 -9999 -9999 8.73 8.75 9.52 8.61 8.14 7.83 9.18 10.98 12.99 12.75 11.28 10.11 9.54 9.07 11.64 11.46 8.24 7.20 10.00 10.42 11.35 9.06 8.35 7.79 7.32 8.29 8.92 8.94 9.22 9.00 8.70 8.44 8.14 7.83 7.75 7.64 8.06 7.71 7.83 8.00 8.13 8.16 7.71 7.98 8.53 8.12 7.58 8.63 8.64 8.43 8.22 7.36 6.76 7.16 7.71 7.56 7.05 6.92 7.74 7.07 7.34 8.07 7.72 7.82 7.85 7.43 7.28 7.57
12.54 -9999 -9999 -9999 -9999 -9999 -9999 -9999 -9999 11.70 10.63 10.37 11.35 10.95 9.70 8.52 8.57 8.60 10.67 12.00 11.72 8.98 8.85 11.25 10.60 10.82 9.18 7.94 7.80 9.86 10.18 9.98 8.80 8.39 7.96 7.00 9.42 9.78 9.04 9.17 8.91 8.76 8.51 8.16 8.31 7.91 8.01 7.63 7.64 7.81 8.14 8.13 8.09 7.52 8.54 9.49 8.29 8.51 7.35 8.21 7.92 7.31 7.26 6.80 6.99 7.71 7.35 6.83 6.88 6.94 7.35 7.78 7.45 7.95 7.85 7.34 7.31 8.21 7.83
-9999 -9999 -9999 -9999 -9999 -9999 -9999 -9999 -9999 12.67 12.26 11.00 12.03 12.44 -9999 -9999 9.26 11.26 8.36 9.75 9.50 9.44 9.97 11.14 9.46 9.25 9.36 9.02 9.55 9.95 9.94 9.28 8.75 8.95 7.69 8.02 9.78 9.17 8.91 8.71 8.77 9.09 8.88 8.37 8.08 7.52 7.56 7.91 8.30 8.26 8.87 8.09 7.56 8.19 9.99 8.70 8.56 8.00 6.88 7.80 7.32 6.74 6.44 6.39 6.45 6.77 7.91 7.12 7.07 7.09 7.13 7.26 7.15 7.03 8.02 7.57 8.03 8.79 8.76
-9999 -9999 -9999 -9999 -9999 -9999 -9999 -9999 -9999 -9999 -9999 -9999 -9999 -9999 -9999 -9999 10.73 10.18 9.95 9.42 8.73 8.60 8.97 9.81 9.67 9.83 10.09 10.40 10.83 10.69 -9999 9.23 8.71 8.17 7.66 8.23 9.65 9.25 9.30 8.82 8.32 8.26 8.80 8.08 7.86 8.42 8.43 8.19 8.80 9.52 8.83 8.63 8.33 8.62 9.57 8.58 8.37 8.01 7.29 7.00 6.75 6.84 6.75 6.45 6.38 6.75 7.03 7.02 7.04 7.07 7.09 7.13 7.30 7.48 7.77 7.74 8.11 8.49 -9999
-9999 -9999 -9999 -9999 -9999 -9999 -9999 -9999 -9999 -9999 -9999 -9999 -9999 -9999 -9999 -9999 -9999 10.95 10.00 9.19 9.27 9.73 9.15 9.26 9.63 10.38 -9999 -9999 -9999 -9999 9.92 9.03 8.55 7.83 7.58 8.27 9.62 9.28 9.43 8.80 8.00 8.44 8.21 8.95 8.43 9.52 8.59 8.69 8.46 8.79 8.79 8.44 8.97 7.92 8.38 8.46 7.37 7.32 6.91 6.65 6.50 6.41 6.54 6.59 6.23 6.35 6.53 6.65 6.66 7.63 7.85 7.11 7.20 7.38 7.50 7.73 8.48 9.43 9.34
-9999 -9999 -9999 -9999 -9999 -9999 -9999 -9999 -9999 -9999 -9999 -9999 -9999 -9999 -9999 -9999 -9999 -9999 10.70 11.17 10.28 9.69 10.28 10.39 10.75 -9999 -9999 -9999 -9999 10.21 10.05 9.84 7.75 7.28 7.34 9.14 9.85 9.65 9.17 8.25 8.04 7.91 8.91 9.73 8.93 8.93 8.56 8.72 8.59 7.95 8.33 8.42 8.17 8.07 7.98 7.60 6.94 6.82 7.09 7.22 7.21 6.43 6.44 6.38 6.17 6.60 6.71 6.93 6.67 7.24 7.19 7.08 7.73 7.21 7.71 7.86 8.44 8.15 8.44
-9999 -9999 -9999 -9999 -9999 -9999 -9999 -9999 -9999 -9999 -9999 -9999 -9999 -9999 -9999 -9999 -9999 -9999 -9999 11.42 11.29 10.79 11.35 10.98 11.61 -9999 -9999 -9999 9.76 8.29 8.12 9.38 9.05 8.34 7.55 8.66 8.42 9.51 8.84 7.60 8.28 8.95 8.95 8.63 9.13 8.60 8.32 8.20 7.83 7.75 7.72 7.85 8.17 7.83 7.26 6.93 6.68 6.60 7.12 7.01 7.07 6.78 6.38 6.36 6.23 6.35 6.46 6.74 6.73 6.88 6.68 7.11 7.41 7.72 7.52 6.90 8.18 7.35 7.98
-9999 -9999 -9999 -9999 -9999 -9999 -9999 -9999 -9999 -9999 -9999 -9999 -9999 -9999 -9999 -9999 -9999 -9999 -9999 -9999 -9999 -9999 -9999 -9999 -9999 -9999 -9999 11.49 8.84 7.61 7.68 9.07 7.98 8.40 8.84 8.94 9.09 9.14 7.93 7.49 7.60 8.21 8.08 8.22 8.25 8.30 8.07 8.06 9.15 8.13 8.20 7.76 8.05 7.87 7.05 6.76 6.23 6.51 7.11 6.79 6.50 6.42 6.39 6.18 6.51 6.37 6.70 6.52 7.20 7.52 7.03 6.22 8.17 8.68 7.38 6.46 8.39 7.84 7.61
-9999 -9999 -9999 -9999 -9999 -9999 -9999 -9999 -9999 -9999 -9999 -9999 -9999 -9999 -9999 -9999 -9999 -9999 -9999 -9999 -9999 -9999 -9999 -9999 -9999 -9999 -9999 9.71 8.55 7.52 11.16 10.14 7.93 8.37 8.89 9.27 9.47 8.26 7.84 7.50 7.32 8.07 7.81 7.60 8.64 8.38 9.08 8.16 8.39 9.21 8.20 7.95 7.85 7.32 6.94 6.54 6.26 6.52 6.64 6.75 6.43 6.16 6.08 5.79 6.07 7.33 6.89 7.41 7.78 8.44 7.31 6.52 7.55 7.84 6.72 6.04 6.39 7.42 7.88
-9999 -9999 -9999 -9999 -9999 -9999 -9999 -9999 -9999 -9999 -9999 -9999 -9999 -9999 -9999 -9999 -9999 -9999 -9999 -9999 -9999 -9999 -9999 -9999 -9999 -9999 -9999 9.65 7.60 6.30 7.97 10.57 9.97 9.52 8.93 9.75 8.41 7.87 7.42 8.39 8.36 8.87 8.48 7.98 8.12 8.00 8.24 8.51 8.52 7.88 7.79 7.83 7.79 7.27 6.87 6.57 6.42 6.73 6.65 6.40 5.83 5.91 6.58 7.08 6.68 7.33 7.15 7.17 7.29 7.80 8.95 8.70 7.35 7.19 7.21 7.09 6.83 6.80 6.67
-9999 -9999 -9999 -9999 -9999 -9999 -9999 -9999 -9999 -9999 11.37 11.34 9.64 12.74 12.44 12.69 13.27 14.92 10.17 14.12 11.13 -9999 -9999 -9999 -9999 -9999 -9999 9.48 8.44 7.75 6.85 7.43 8.91 10.17 9.92 8.92 8.10 7.78 8.24 9.05 8.50 8.02 7.99 7.59 8.01 8.27 7.94 7.70 7.55 7.72 7.22 7.59 7.87 8.24 7.39 6.87 7.08 6.96 6.59 6.86 5.84 5.61 6.88 7.76 6.97 6.65 6.93 7.01 6.95 6.87 7.04 6.99 6.76 6.58 6.35 6.21 6.14 6.30 6.21
-9999 -9999 -9999 -9999 -9999 -9999 -9999 -9999 -9999 -9999 12.02 11.10 10.51 8.81 10.57 12.09 12.02 12.91 13.41 11.75 10.84 9.62 10.31 12.28 11.03 10.36 9.48 9.06 8.57 8.21 7.74 7.11 7.29 9.16 9.24 8.42 7.76 9.61 8.58 7.89 8.21 8.48 7.83 7.54 8.04 8.07 8.23 7.96 7.84 7.00 7.06 7.34 7.35 7.38 7.88 8.02 6.87 6.59 6.29 6.06 6.49 5.86 8.67 7.69 7.42 7.00 6.65 6.73 6.69 7.31 7.26 6.34 7.43 7.09 7.41 6.47 6.55 6.31 6.25
-9999 -9999 -9999 -9999 -9999 -9999 -9999 -9999 -9999 11.53 10.29 9.35 8.52 7.69 9.60 11.97 11.94 11.42 11.37 11.49 10.85 9.52 9.07 10.22 11.39 9.62 9.10 8.61 8.58 9.06 7.99 7.75 8.50 8.42 8.08 8.03 9.47 8.29 9.26 8.79 8.21 7.57 7.83 7.49 8.01 8.28 7.95 8.16 7.45 7.60 7.38 7.19 7.08 8.10 8.69 7.19 6.38 6.52 8.08 6.99 6.56 6.72 6.79 7.01 7.09 6.66 6.50 6.92 7.65 7.07 6.31 6.22 7.43 7.02 6.85 7.12 7.02 6.70 6.67
-9999 -9999 -9999 -9999 -9999 -9999 -9999 -9999 -9999 -9999 10.10 8.73 8.06 9.39 9.35 10.07 12.20 11.36 9.86 8.94 10.84 12.33 10.64 9.24 9.78 11.23 9.80 8.47 8.34 8.17 8.53 8.36 7.63 7.67 7.87 8.24 8.79 7.95 9.07 8.31 8.24 8.15 8.20 7.61 8.20 8.49 8.25 7.18 7.27 7.73 7.12 6.68 6.42 7.25 8.30 7.98 6.48 6.74 7.75 7.60 7.04 6.44 6.36 6.14 6.27 7.30 7.06 6.83 7.20 7.89 7.34 7.00 7.51 7.49 6.82 7.39 6.70 7.21 6.51
-9999 -9999 -9999 -9999 -9999 -9999 13.31 -9999 -9999 11.10 10.02 10.27 8.61 10.17 9.20 9.02 9.37 9.85 10.35 9.14 10.74 11.97 10.43 9.59 8.90 9.04 8.83 8.34 8.28 8.35 8.80 7.85 7.48 7.90 9.06 8.13 8.47 7.68 8.31 8.00 8.57 9.14 8.57 7.73 7.50 7.67 7.40 7.05 8.11 7.41 6.84 8.02 6.81 6.98 8.50 9.14 6.68 6.92 7.39 7.23 6.82 6.47 6.36 6.51 6.86 7.22 6.65 6.30 6.25 6.61 6.73 6.82 7.41 6.99 6.93 6.85 6.47 6.42 6.31
-9999 -9999 -9999 -9999 -9999 12.19 13.05 12.90 12.49 10.35 9.79 11.35 10.08 9.27 9.52 8.84 9.83 10.42 10.92 9.76 9.84 10.53 9.88 9.11 8.81 8.99 9.25 9.15 8.41 8.23 8.20 7.60 7.41 8.67 8.78 8.00 8.11 8.13 9.04 8.54 8.59 9.46 8.52 8.20 7.47 7.98 7.68 7.80 7.43 7.16 6.67 7.41 7.30 6.88 7.86 7.58 7.02 6.91 6.82 7.28 7.11 6.87 6.60 6.35 6.27 6.24 6.55 6.75 6.59 5.98 6.29 6.59 7.24 7.56 7.26 6.40 7.01 6.89 6.79
-9999 -9999 -9999 -9999 -9999 11.62 11.74 11.07 11.45 10.70 10.18 9.80 11.13 10.83 9.97 10.55 10.28 10.25 11.22 10.35 10.40 10.37 8.82 9.47 10.85 10.60 9.74 8.94 8.26 8.39 8.57 8.48 7.91 8.83 8.48 8.71 7.74 7.07 8.28 9.18 8.45 8.51 8.24 7.68 7.81 8.35 7.75 7.29 7.83 7.94 6.94 7.14 7.08 7.01 7.70 7.95 7.93 8.89 7.21 7.33 6.65 6.38 6.57 6.66 6.27 6.08 6.41 6.94 6.66 6.29 6.09 6.63 6.68 6.77 6.85 6.99 6.26 6.62 7.26
-9999 -9999 -9999 -9999 -9999 11.99 11.31 10.92 11.26 11.02 10.94 10.17 10.61 10.52 9.49 10.16 10.08 10.63 11.03 10.75 9.04 8.21 8.00 9.63 9.84 10.40 10.70 9.07 8.75 8.63 8.14 8.61 8.01 8.70 8.38 8.26 7.94 7.39 8.65 8.32 8.32 8.20 7.90 7.57 7.74 8.33 8.31 7.47 7.33 7.53 8.07 7.21 7.36 7.17 7.43 7.38 7.38 7.78 7.51 8.15 8.50 5.98 8.44 7.37 5.95 6.04 8.45 8.60 8.31 6.24 6.20 6.39 6.31 6.57 6.31 7.05 7.79 9.46 8.68
-9999 -9999 -9999 -9999 -9999 11.07 10.89 10.85 10.82 10.60 10.56 10.17 9.94 10.61 10.04 9.98 10.27 9.66 9.80 9.73 9.54 7.75 8.62 10.33 9.86 10.72 10.55 9.17 9.14 9.13 8.24 8.30 8.30 8.29 8.08 8.01 8.52 9.11 7.87 8.42 8.21 8.10 7.77 7.56 7.82 8.20 7.69 7.74 7.60 7.89 8.16 8.55 8.09 8.70 8.34 7.88 7.65 7.38 7.07 7.06 7.08 6.49 7.85 7.71 8.02 7.60 8.04 8.58 8.91 6.53 6.64 6.57 6.63 6.81 7.40 8.14 8.34 -9999 -9999
-9999 -9999 -9999 -9999 -9999 10.50 10.39 10.43 10.82 11.27 10.74 10.34 10.01 10.37 11.12 10.66 10.19 9.51 9.72 9.35 8.94 8.69 8.53 9.13 9.10 10.55 9.53 8.02 9.71 9.20 8.18 9.84 8.86 9.28 9.62 9.14 9.01 9.38 8.50 7.90 8.12 7.99 7.48 7.47 7.66 8.06 7.56 7.79 8.44 8.92 8.82 8.81 8.94 8.95 9.05 8.93 8.58 8.05 7.81 8.04 8.24 8.28 8.58 8.72 8.77 -9999 -9999 8.38 8.49 8.02 7.63 7.20 9.17 7.78 -9999 -9999 -9999 -9999 -9999
-9999 -9999 -9999 -9999 12.17 10.74 10.53 9.82 10.49 10.70 11.43 10.46 11.07 10.82 11.14 10.55 10.04 9.65 9.54 9.07 8.60 8.36 8.65 9.59 10.14 9.77 8.57 10.32 10.73 8.57 7.83 8.51 8.52 9.44 9.48 8.73 8.65 8.46 8.16 8.57 8.32 8.33 7.94 7.77 8.12 8.72 8.61 8.44 8.52 8.74 9.00 -9999 -9999 9.60 10.09 10.08 9.68 9.31 8.99 9.06 -9999 -9999 -9999 -9999 -9999 -9999 -9999 -9999 -9999 -9999 8.28 8.72 9.90 8.84 -9999 -9999 -9999 -9999 -9999
-9999 -9999 -9999 12.88 11.83 10.65 10.91 9.93 9.84 9.58 9.29 9.12 11.91 12.61 11.64 11.02 10.77 10.95 9.97 9.05 8.53 8.66 8.76 11.15 11.88 11.35 11.04 12.04 10.07 9.64 9.17 9.65 10.29 9.23 8.48 8.85 8.36 8.44 8.16 8.13 8.00 8.98 9.64 9.55 9.37 9.40 9.58 9.03 -9999 8.26 8.86 8.82 9.18 9.65 -9999 -9999 -9999 -9999 10.03 -9999 -9999 -9999 -9999 -9999 -9999 -9999 -9999 -9999 -9999 -9999 -9999 -9999 -9999 -9999 -9999 -9999 -9999 -9999 -9999
-9999 -9999 12.92 12.68 12.65 11.74 10.52 9.98 9.61 8.30 7.48 8.76 13.18 14.47 11.09 10.60 12.43 10.33 11.39 9.22 8.76 10.89 10.18 10.41 10.90 11.15 -9999 -9999 -9999 -9999 -9999 9.83 10.87 10.48 9.32 9.12 8.83 8.39 8.34 8.17 8.53 9.32 -9999 -9999 -9999 -9999 -9999 9.66 9.69 9.03 8.40 8.45 9.88 9.78 -9999 -9999 -9999 -9999 -9999 -9999 -9999 -9999 -9999 -9999 -9999 -9999 -9999 -9999 -9999 -9999 -9999 -9999 -9999 -9999 -9999 -9999 -9999 -9999 -9999
-9999 9.72 10.52 12.17 12.65 11.73 11.30 10.37 8.80 8.71 8.08 9.97 12.58 13.92 13.01 12.37 10.95 11.53 10.52 10.38 9.94 11.53 11.54 -9999 -9999 -9999 -9999 -9999 -9999 -9999 -9999 -9999 10.37 10.51 9.51 10.24 10.82 10.89 9.22 10.60 10.53 10.94 -9999 -9999 -9999 -9999 -9999 -9999 -9999 8.81 9.22 8.51 9.16 -9999 -9999 -9999 -9999 -9999 -9999 -9999 -9999 -9999 -9999 -9999 -9999 -9999 -9999 -9999 -9999 -9999 -9999 -9999 -9999 -9999 -9999 -9999 -9999 -9999 -9999
11.38 9.77 10.11 11.43 12.82 13.02 11.67 9.88 9.51 9.45 8.80 10.02 12.70 11.83 12.26 12.34 12.81 8.76 10.75 12.93 11.16 -9999 -9999 -9999 -9999 -9999 -9999 -9999 -9999 -9999 -9999 -9999 -9999 -9999 11.04 -9999 -9999 -9999 -9999 9.92 11.64 11.89 -9999 -9999 -9999 -9999 -9999 -9999 -9999 -9999 9.36 10.88 9.85 -9999 -9999 -9999 -9999 -9999 -9999 -9999 -9999 -9999 -9999 -9999 -9999 -9999 -9999 -9999 -9999 -9999 -9999 -9999 -9999 -9999 -9999 -9999 -9999 -9999 -9999
10.49 9.43 10.23 11.47 12.13 12.79 11.77 10.99 11.46 8.94 7.68 8.99 11.91 12.55 11.46 10.78 11.76 9.68 9.73 10.75 -9999 -9999 -9999 -9999 -9999 -9999 -9999 -9999 -9999 -9999 -9999 -9999 -9999 -9999 11.93 -9999 -9999 -9999 -9999 -9999 -9999 -9999 -9999 -9999 -9999 -9999 -9999 -9999 -9999 -9999 -9999 -9999 -9999 -9999 -9999 -9999 -9999 -9999 -9999 -9999 -9999 -9999 -9999 -9999 -9999 -9999 -9999 -9999 -9999 -9999 -9999 -9999 -9999 -9999 -9999 -9999 -9999 -9999 -9999
10.76 9.81 10.73 11.16 11.33 11.89 11.35 11.16 11.77 8.82 7.81 8.27 10.54 14.44 15.01 10.34 10.26 9.90 10.67 12.41 -9999 -9999 -9999 -9999 -9999 -9999 -9999 -9999 -9999 -9999 -9999 -9999 -9999 -9999 -9999 -9999 -9999 -9999 -9999 -9999 -9999 -9999 -9999 -9999 -9999 -9999 -9999 -9999 -9999 -9999 -9999 -9999 -9999 -9999 -9999 -9999 -9999 -9999 -9999 -9999 -9999 -9999 -9999 -9999 -9999 -9999 -9999 -9999 -9999 -9999 -9999 -9999 -9999 -9999 -9999 -9999 -9999 -9999 -9999
11.62 11.34 11.49 11.29 11.94 11.42 11.12 11.03 9.99 9.68 8.71 8.23 10.63 12.96 12.97 11.40 9.69 9.85 12.13 11.52 -9999 -9999 -9999 -9999 -9999 -9999 -9999 -9999 -9999 -9999 -9999 -9999 -9999 -9999 -9999 -9999 -9999 -9999 -9999 -9999 -9999 -9999 -9999 -9999 -9999 -9999 -9999 -9999 -9999 -9999 -9999 -9999 -9999 -9999 -9999 -9999 -9999 -9999 -9999 -9999 -9999 -9999 -9999 -9999 -9999 -9999 -9999 -9999 -9999 -9999 -9999 -9999 -9999 -9999 -9999 -9999 -9999 -9999 -9999
12.47 12.27 12.20 11.18 11.73 11.33 13.01 12.41 11.17 10.61 10.83 9.56 10.07 11.10 10.95 10.15 9.96 10.61 11.43 11.67 -9999 -9999 -9999 -9999 -9999 -9999 -9999 -9999 -9999 -9999 -9999 -9999 -9999 -9999 -9999 -9999 -9999 -9999 -9999 -9999 -9999 -9999 -9999 -9999 -9999 -9999 -9999 -9999 -9999 -9999 -9999 -9999 -9999 -9999 -9999 -9999 -9999 -9999 -9999 -9999 -9999 -9999 -9999 -9999 -9999 -9999 -9999 -9999 -9999 -9999 -9999 -9999 -9999 -9999 -9999 -9999 -9999 -9999 -9999
11.54 11.93 11.45 12.35 13.76 13.46 12.35 12.43 12.37 12.13 11.19 11.51 10.85 10.02 9.94 10.44 11.12 11.58 11.42 12.17 -9999 -9999 -9999 -9999 -9999 -9999 -9999 -9999 -9999 -9999 -9999 -9999 -9999 -9999 -9999 -9999 -9999 -9999 -9999 -9999 -9999 -9999 -9999 -9999 -9999 -9999 -9999 -9999 -9999 -9999 -9999 -9999 -9999 -9999 -9999 -9999 -9999 -9999 -9999 -9999 -9999 -9999 -9999 -9999 -9999 -9999 -9999 -9999 -9999 -9999 -9999 -9999 -9999 -9999 -9999 -9999 -9999 -9999 -9999
12.41 12.82 -9999 -9999 -9999 -9999 -9999 -9999 -9999 -9999 -9999 12.32 12.61 11.44 10.63 10.10 11.12 11.79 11.66 -9999 -9999 -9999 -9999 -9999 -9999 -9999 -9999 -9999 -9999 -9999 -9999 -9999 -9999 -9999 -9999 -9999 -9999 -9999 -9999 -9999 -9999 -9999 -9999 -9999 -9999 -9999 -9999 -9999 -9999 -9999 -9999 -9999 -9999 -9999 -9999 -9999 -9999 -9999 -9999 -9999 -9999 -9999 -9999 -9999 -9999 -9999 -9999 -9999 -9999 -9999 -9999 -9999 -9999 -9999 -9999 -9999 -9999 -9999 -9999
13.18 13.68 -9999 -9999 -9999 -9999 -9999 -9999 -9999 -9999 -9999 -9999 -9999 -9999 11.38 10.91 11.26 11.62 -9999 -9999 -9999 -9999 -9999 -9999 -9999 -9999 -9999 -9999 -9999 -9999 -9999 -9999 -9999 -9999 -9999 -9999 -9999 -9999 -9999 -9999 -9999 -9999 -9999 -9999 -9999 -9999 -9999 -9999 -9999 -9999 -9999 -9999 -9999 -9999 -9999 -9999 -9999 -9999 -9999 -9999 -9999 -9999 -9999 -9999 -9999 -9999 -9999 -9999 -9999 -9999 -9999 -9999 -9999 -9999 -9999 -9999 -9999 -9999 -9999
-9999 -9999 -9999 -9999 -9999 -9999 -9999 -9999 -9999 -9999 -9999 -9999 -9999 -9999 12.43 13.30 13.82 13.33 -9999 -9999 -9999 -9999 -9999 -9999 -9999 -9999 -9999 -9999 -9999 -9999 -9999 -9999 -9999 -9999 -9999 -9999 -9999 -9999 -9999 -9999 -9999 -9999 -9999 -9999 -9999 -9999 -9999 -9999 -9999 -9999 -9999 -9999 -9999 -9999 -9999 -9999 -9999 -9999 -9999 -9999 -9999 -9999 -9999 -9999 -9999 -9999 -9999 -9999 -9999 -9999 -9999 -9999 -9999 -9999 -9999 -9999 -9999 -9999 -9999
-9999 -9999 -9999 -9999 -9999 -9999 -9999 -9999 -9999 -9999 -9999 -9999 -9999 -9999 -9999 -9999 -9999 -9999 -9999 -9999 -9999 -9999 -9999 -9999 -9999 -9999 -9999 -9999 -9999 -9999 -9999 -9999 -9999 -9999 -9999 -9999 -9999 -9999 -9999 -9999 -9999 -9999 -9999 -9999 -9999 -9999 -9999 -9999 -9999 -9999 -9999 -9999 -9999 -9999 -9999 -9999 -9999 -9999 -9999 -9999 -9999 -9999 -9999 -9999 -9999 -9999 -9999 -9999 -9999 -9999 -9999 -9999 -9999 -9999 -9999 -9999 -9999 -9999 -9999
-9999 -9999 -9999 -9999 -9999 -9999 -9999 -9999 -9999 -9999 -9999 -9999 -9999 -9999 -9999 -9999 -9999 -9999 -9999 -9999 -9999 -9999 -9999 -9999 -9999 -9999 -9999 -9999 -9999 -9999 -9999 -9999 -9999 -9999 -9999 -9999 -9999 -9999 -9999 -9999 -9999 -9999 -9999 -9999 -9999 -9999 -9999 -9999 -9999 -9999 -9999 -9999 -9999 -9999 -9999 -9999 -9999 -9999 -9999 -9999 -9999 -9999 -9999 -9999 -9999 -9999 -9999 -9999 -9999 -9999 -9999 -9999 -9999 -9999 -9999 -9999 -9999 -9999 -9999
