ML/MeanWindSpeed_1997-01_Actual.txt
ncols         180
nrows         290
xllcorner     -200000
yllcorner     -200000
cellsize      5000
NODATA_value  -9999
[rows 140 to 174 of 290, columns 79 to 157 of 180]
-9999 -9999 10.75 -9999 -9999 -9999 9.05 9.20 7.78 7.77 8.48 -9999 -9999 8.45 6.65 9.26 10.40 -9999 -9999 -9999 -9999 -9999 7.97 6.71 4.29 4.53 4.52 5.25 4.88 5.52 5.42 2.89 4.78 8.23 10.52 7.30 9.28 10.08 10.22 7.56 8.09 8.25 6.76 4.33 4.18 4.44 1.72 2.66 5.21 6.95 -9999 -9999 -9999 -9999 -9999 -9999 -9999 -9999 -9999 -9999 -9999 -9999 -9999 -9999 -9999 -9999 -9999 -9999 -9999 -9999 -9999 -9999 -9999 -9999 -9999 -9999 -9999 -9999 -9999
-9999 -9999 10.74 10.83 -9999 -9999 -9999 9.21 9.79 9.40 9.69 -9999 -9999 -9999 -9999 9.15 -9999 -9999 -9999 -9999 -9999 -9999 6.73 5.67 4.73 5.59 7.00 7.05 5.88 5.88 4.96 3.61 3.14 6.50 9.17 5.73 11.18 10.40 11.41 8.00 8.10 9.61 6.76 4.82 3.95 2.46 1.46 2.67 4.82 6.61 -9999 -9999 -9999 -9999 -9999 -9999 -9999 -9999 -9999 -9999 -9999 -9999 -9999 -9999 -9999 -9999 -9999 -9999 -9999 -9999 -9999 -9999 -9999 -9999 -9999 -9999 -9999 -9999 -9999
-9999 -9999 -9999 12.28 -9999 -9999 -9999 -9999 9.82 10.83 10.53 -9999 -9999 -9999 -9999 -9999 -9999 -9999 -9999 -9999 -9999 7.84 6.52 6.40 6.47 6.67 8.37 8.10 7.09 6.84 5.87 5.18 3.03 3.94 10.96 11.82 11.11 10.33 7.35 6.25 6.73 5.12 3.13 5.35 5.38 2.26 1.91 3.16 4.58 6.29 7.59 -9999 -9999 -9999 -9999 -9999 -9999 -9999 -9999 -9999 -9999 -9999 -9999 -9999 -9999 -9999 -9999 -9999 -9999 -9999 -9999 -9999 -9999 -9999 -9999 -9999 -9999 -9999 -9999
-9999 -9999 -9999 13.56 -9999 -9999 -9999 -9999 -9999 -9999 -9999 -9999 -9999 -9999 -9999 -9999 -9999 -9999 -9999 -9999 -9999 8.03 6.12 4.89 4.26 3.38 10.88 8.62 7.50 9.21 6.34 7.20 2.41 1.91 8.03 12.95 9.39 7.37 11.62 13.32 11.50 8.73 7.13 2.88 3.58 3.39 4.42 3.68 4.09 6.05 7.35 7.92 -9999 -9999 -9999 -9999 -9999 -9999 -9999 -9999 -9999 -9999 -9999 -9999 -9999 -9999 -9999 -9999 -9999 -9999 -9999 -9999 -9999 -9999 -9999 -9999 -9999 -9999 -9999
-9999 -9999 -9999 -9999 -9999 -9999 -9999 -9999 -9999 -9999 -9999 -9999 -9999 -9999 -9999 -9999 -9999 -9999 -9999 -9999 8.32 7.14 5.40 4.20 7.61 2.64 15.47 14.73 6.83 7.73 6.86 5.77 5.61 1.80 2.47 12.00 11.45 9.34 7.96 7.03 9.54 8.87 7.54 5.29 4.04 3.86 3.59 3.49 4.55 4.75 5.31 6.57 -9999 -9999 -9999 -9999 -9999 -9999 -9999 -9999 -9999 -9999 -9999 -9999 -9999 -9999 -9999 -9999 -9999 -9999 -9999 -9999 -9999 -9999 -9999 -9999 -9999 -9999 -9999
-9999 -9999 -9999 -9999 -9999 -9999 -9999 -9999 -9999 -9999 -9999 -9999 -9999 -9999 -9999 -9999 -9999 -9999 -9999 -9999 7.19 7.56 4.56 6.90 14.96 6.85 2.80 8.89 10.30 8.10 8.08 7.11 6.19 3.86 2.42 3.58 12.72 10.39 9.50 7.14 6.96 7.14 5.32 5.01 4.95 5.66 3.96 4.84 4.13 4.33 4.29 5.04 6.17 7.15 7.46 -9999 -9999 -9999 -9999 -9999 -9999 -9999 -9999 -9999 -9999 -9999 -9999 -9999 -9999 -9999 -9999 -9999 -9999 -9999 -9999 -9999 -9999 -9999 -9999
-9999 -9999 -9999 -9999 -9999 -9999 -9999 -9999 -9999 -9999 -9999 -9999 -9999 -9999 -9999 -9999 -9999 -9999 -9999 -9999 6.98 6.26 5.74 9.76 5.58 5.51 6.64 10.70 7.55 6.79 11.31 5.95 8.18 5.85 4.05 2.49 5.61 8.68 8.96 8.28 7.59 5.32 5.47 4.84 4.28 3.92 4.18 4.11 4.38 3.79 3.73 4.06 7.54 6.23 7.53 8.56 8.47 -9999 -9999 -9999 -9999 -9999 -9999 -9999 -9999 -9999 -9999 -9999 -9999 -9999 -9999 -9999 -9999 -9999 -9999 -9999 -9999 -9999 -9999
-9999 -9999 -9999 -9999 -9999 -9999 -9999 -9999 -9999 -9999 -9999 -9999 -9999 -9999 -9999 -9999 -9999 -9999 -9999 -9999 6.91 5.82 6.53 12.35 13.67 9.63 5.87 6.32 7.35 11.09 6.51 10.50 8.51 7.31 6.65 4.90 2.42 3.50 8.71 8.71 7.87 6.83 5.87 5.35 5.15 4.82 4.22 4.44 4.21 3.69 4.27 4.40 5.39 8.36 7.84 8.07 9.47 9.53 7.86 -9999 -9999 -9999 -9999 -9999 -9999 -9999 -9999 -9999 -9999 -9999 -9999 -9999 -9999 -9999 -9999 -9999 -9999 -9999 -9999
-9999 -9999 -9999 -9999 -9999 -9999 -9999 -9999 -9999 -9999 -9999 -9999 -9999 -9999 -9999 -9999 -9999 -9999 -9999 -9999 7.45 5.38 7.16 8.78 4.25 17.55 14.06 5.35 7.89 6.20 10.70 11.89 7.98 6.37 6.74 6.38 3.53 11.40 9.91 9.71 10.60 11.01 9.95 6.22 7.25 5.58 4.99 4.82 4.62 4.53 4.42 3.67 4.29 6.92 5.80 5.50 6.44 8.16 6.81 9.93 -9999 -9999 -9999 -9999 -9999 -9999 -9999 -9999 -9999 -9999 -9999 -9999 -9999 -9999 -9999 -9999 -9999 -9999 -9999
-9999 -9999 -9999 -9999 -9999 -9999 -9999 -9999 11.17 11.92 12.45 -9999 -9999 -9999 -9999 -9999 -9999 -9999 -9999 -9999 -9999 6.79 4.84 3.37 5.95 8.14 11.69 4.78 2.07 7.89 7.32 6.93 5.97 7.81 7.67 6.01 6.68 9.05 8.93 12.93 11.75 9.42 8.76 9.34 7.50 6.01 5.45 5.00 4.97 4.30 3.91 8.38 6.88 9.99 10.42 9.16 8.00 5.38 8.87 9.53 8.50 -9999 -9999 -9999 -9999 -9999 -9999 -9999 -9999 -9999 -9999 -9999 -9999 -9999 -9999 -9999 -9999 -9999 -9999
-9999 -9999 -9999 -9999 -9999 -9999 -9999 -9999 9.11 9.59 -9999 -9999 -9999 -9999 -9999 -9999 -9999 -9999 -9999 -9999 -9999 -9999 5.16 2.33 6.36 6.56 15.15 6.88 7.10 6.03 3.73 3.11 4.10 4.00 12.55 5.80 6.83 11.67 8.56 5.58 4.98 9.88 5.89 9.09 7.05 5.77 5.18 4.98 4.40 4.77 7.34 8.35 7.03 6.21 5.59 6.91 8.14 7.71 8.29 8.19 10.66 -9999 -9999 -9999 -9999 -9999 -9999 -9999 -9999 -9999 -9999 -9999 -9999 -9999 -9999 -9999 -9999 -9999 -9999
-9999 -9999 -9999 -9999 -9999 -9999 -9999 8.08 10.73 10.23 9.99 -9999 -9999 -9999 -9999 -9999 -9999 -9999 -9999 -9999 -9999 -9999 6.11 7.54 7.77 7.87 5.71 7.86 6.00 5.26 3.95 3.33 5.53 3.92 2.58 12.04 7.10 5.90 10.00 7.83 11.07 8.02 8.56 6.96 6.54 6.01 5.81 4.87 4.15 5.22 6.53 5.51 6.17 6.82 6.28 6.86 6.82 7.26 7.59 6.09 9.58 8.77 -9999 -9999 -9999 -9999 -9999 -9999 -9999 -9999 -9999 -9999 -9999 -9999 -9999 -9999 -9999 -9999 -9999
-9999 -9999 -9999 -9999 -9999 -9999 7.24 10.97 12.23 15.84 9.63 -9999 -9999 -9999 -9999 -9999 -9999 -9999 -9999 -9999 -9999 -9999 7.69 11.65 7.98 3.50 5.42 5.10 6.19 4.25 3.34 4.45 5.54 2.59 9.39 6.33 9.52 6.26 11.59 5.74 7.43 5.56 8.05 6.41 6.70 6.79 5.41 5.09 4.00 3.71 6.74 7.14 6.69 5.28 5.44 5.08 5.26 5.74 7.53 7.67 7.42 8.75 -9999 -9999 -9999 -9999 -9999 -9999 -9999 -9999 -9999 -9999 -9999 -9999 -9999 -9999 -9999 -9999 -9999
-9999 -9999 -9999 -9999 -9999 9.12 7.89 14.38 10.63 10.26 -9999 -9999 -9999 -9999 -9999 -9999 -9999 -9999 -9999 -9999 -9999 -9999 -9999 7.12 4.50 4.12 6.69 4.21 6.71 4.82 4.19 3.90 4.41 2.65 9.27 9.01 10.08 9.62 10.90 10.72 10.79 9.57 8.92 9.00 8.35 6.06 5.53 5.01 3.99 3.49 3.93 8.75 7.55 4.72 4.20 4.36 4.05 4.18 4.35 4.79 4.69 5.99 7.92 8.84 -9999 -9999 -9999 -9999 -9999 -9999 -9999 -9999 -9999 -9999 -9999 -9999 -9999 -9999 -9999
-9999 -9999 -9999 -9999 -9999 11.61 12.66 7.90 8.00 8.95 -9999 -9999 -9999 -9999 -9999 -9999 -9999 -9999 -9999 -9999 -9999 -9999 -9999 -9999 5.66 6.36 5.54 4.70 6.19 5.59 5.64 4.89 5.31 2.81 9.19 8.00 6.75 9.58 8.81 7.86 12.58 12.62 8.68 10.32 8.82 7.99 5.64 4.84 4.33 3.79 3.67 4.57 5.17 4.50 4.60 4.53 4.47 4.14 4.01 4.05 4.33 7.56 8.01 7.82 -9999 -9999 -9999 -9999 -9999 -9999 -9999 -9999 -9999 -9999 -9999 -9999 -9999 -9999 -9999
-9999 -9999 -9999 -9999 -9999 12.30 10.21 10.52 9.45 -9999 -9999 -9999 -9999 -9999 -9999 -9999 -9999 -9999 -9999 -9999 -9999 -9999 -9999 -9999 7.36 7.09 6.33 -9999 6.66 -9999 6.24 5.04 4.28 3.02 2.79 8.33 7.22 7.79 11.74 4.28 5.47 11.78 9.73 9.08 8.81 7.35 5.80 5.23 5.05 4.44 4.10 4.04 5.01 6.33 5.23 5.83 4.77 4.05 5.08 6.27 5.78 4.98 5.01 7.10 9.34 10.17 -9999 -9999 -9999 -9999 -9999 -9999 -9999 -9999 -9999 -9999 -9999 -9999 -9999
-9999 -9999 -9999 -9999 12.33 10.63 9.96 -9999 -9999 -9999 -9999 -9999 -9999 -9999 -9999 -9999 -9999 -9999 -9999 -9999 -9999 -9999 -9999 -9999 8.90 7.53 6.54 -9999 -9999 -9999 6.11 6.66 3.51 4.55 5.47 3.62 3.48 5.38 9.90 9.67 4.16 8.94 10.93 8.02 9.27 8.05 6.78 4.78 4.89 4.57 4.40 4.25 4.41 4.91 4.98 5.34 4.07 4.87 6.03 6.64 6.73 6.33 5.36 5.52 7.13 8.85 -9999 -9999 -9999 -9999 -9999 -9999 -9999 -9999 -9999 -9999 -9999 -9999 -9999
-9999 -9999 -9999 -9999 -9999 -9999 -9999 -9999 -9999 -9999 -9999 -9999 -9999 -9999 -9999 -9999 -9999 -9999 -9999 -9999 -9999 -9999 -9999 -9999 -9999 -9999 -9999 -9999 -9999 7.09 5.07 4.75 6.89 8.03 8.30 7.64 5.65 5.86 8.78 8.56 6.40 4.11 8.01 9.72 7.90 7.09 6.29 5.45 5.11 5.24 4.64 4.33 4.27 4.24 4.16 3.59 4.73 7.77 5.92 6.35 5.29 5.26 4.39 5.35 6.76 -9999 -9999 -9999 -9999 -9999 -9999 -9999 -9999 -9999 -9999 -9999 -9999 -9999 -9999
-9999 -9999 -9999 -9999 -9999 -9999 -9999 -9999 -9999 -9999 -9999 -9999 -9999 -9999 -9999 -9999 -9999 -9999 -9999 -9999 -9999 -9999 -9999 -9999 -9999 -9999 -9999 -9999 -9999 6.43 4.75 6.14 9.21 11.93 10.14 6.62 7.73 4.58 4.93 4.49 6.46 6.96 7.85 8.39 7.97 6.70 6.30 5.94 5.14 5.25 4.56 4.40 4.38 4.38 4.16 3.48 4.12 8.25 7.19 5.13 4.58 4.29 4.19 5.30 7.09 -9999 -9999 -9999 -9999 -9999 -9999 -9999 -9999 -9999 -9999 -9999 -9999 -9999 -9999
-9999 -9999 -9999 -9999 -9999 -9999 -9999 -9999 -9999 -9999 -9999 -9999 -9999 -9999 -9999 -9999 -9999 -9999 -9999 -9999 -9999 -9999 -9999 -9999 -9999 -9999 -9999 -9999 -9999 5.57 4.02 4.29 7.25 8.52 7.80 6.68 6.59 5.64 5.98 4.87 4.88 5.58 3.80 8.28 6.84 7.97 6.63 6.33 4.99 4.61 4.61 4.45 4.45 4.36 4.27 3.91 3.58 5.54 6.40 5.42 4.59 4.49 4.31 5.21 6.77 -9999 -9999 -9999 -9999 -9999 -9999 -9999 -9999 -9999 -9999 -9999 -9999 -9999 -9999
-9999 -9999 -9999 -9999 -9999 -9999 -9999 -9999 -9999 -9999 -9999 -9999 -9999 -9999 -9999 -9999 -9999 -9999 -9999 -9999 -9999 -9999 -9999 -9999 -9999 -9999 -9999 8.54 6.75 4.83 3.78 6.32 7.92 10.82 7.22 9.02 4.26 5.64 5.51 6.95 7.46 6.85 8.63 4.64 5.10 5.22 5.19 4.77 5.65 4.57 4.42 4.67 4.34 4.32 4.41 4.11 3.83 3.81 5.73 5.39 4.72 4.49 4.43 4.80 6.03 7.54 -9999 -9999 -9999 -9999 -9999 -9999 -9999 -9999 -9999 -9999 -9999 -9999 -9999
-9999 -9999 -9999 -9999 -9999 -9999 -9999 -9999 -9999 -9999 -9999 -9999 -9999 -9999 -9999 -9999 -9999 -9999 -9999 -9999 -9999 -9999 -9999 -9999 -9999 -9999 -9999 7.75 5.84 4.73 4.12 4.40 7.26 4.86 5.04 3.45 5.31 8.81 6.38 8.19 7.45 8.52 4.71 8.51 6.04 7.20 6.68 6.70 5.45 4.96 4.51 4.28 4.25 4.35 4.37 4.33 4.01 3.65 4.22 5.71 5.21 4.58 4.56 4.45 5.19 6.85 -9999 -9999 -9999 -9999 -9999 -9999 -9999 -9999 -9999 -9999 -9999 -9999 -9999
-9999 -9999 -9999 -9999 -9999 -9999 -9999 -9999 -9999 -9999 -9999 -9999 -9999 -9999 -9999 -9999 -9999 -9999 -9999 -9999 -9999 -9999 -9999 -9999 -9999 -9999 -9999 7.75 5.69 4.98 4.54 4.57 4.83 5.35 4.71 3.87 5.70 6.22 5.63 7.42 9.78 7.08 6.32 4.70 6.62 4.72 5.39 5.97 6.18 5.18 4.83 4.28 4.24 4.39 4.45 4.42 4.27 3.94 4.06 5.36 6.24 5.05 4.51 4.39 4.55 5.70 7.30 -9999 -9999 -9999 -9999 -9999 -9999 -9999 -9999 -9999 -9999 -9999 -9999
-9999 -9999 -9999 -9999 -9999 -9999 -9999 -9999 -9999 -9999 -9999 -9999 -9999 -9999 -9999 -9999 -9999 -9999 -9999 -9999 -9999 -9999 -9999 -9999 -9999 -9999 -9999 7.45 5.84 5.33 5.28 4.92 4.68 4.55 5.50 6.84 4.24 4.20 5.55 10.04 9.79 10.79 8.93 6.55 6.20 6.65 5.08 4.34 5.41 5.84 4.82 4.35 4.38 4.30 4.47 4.58 4.64 4.40 4.30 5.82 7.09 5.91 5.31 5.05 4.56 4.79 6.26 7.76 -9999 -9999 -9999 -9999 -9999 -9999 -9999 -9999 -9999 -9999 -9999
-9999 -9999 -9999 -9999 -9999 -9999 -9999 -9999 -9999 -9999 -9999 -9999 -9999 -9999 -9999 -9999 -9999 -9999 -9999 -9999 -9999 -9999 -9999 -9999 -9999 -9999 -9999 7.45 5.64 5.19 4.99 4.66 4.20 5.07 4.88 6.05 6.33 8.22 9.68 10.18 7.36 9.28 7.67 7.34 5.71 6.96 6.19 5.17 4.45 4.29 4.57 4.38 4.43 4.51 4.69 4.78 4.96 5.00 5.00 5.20 6.26 6.14 5.65 5.52 5.33 4.99 5.16 6.79 -9999 -9999 -9999 -9999 -9999 -9999 -9999 -9999 -9999 -9999 -9999
-9999 -9999 -9999 -9999 -9999 -9999 -9999 -9999 -9999 -9999 -9999 -9999 -9999 -9999 -9999 -9999 -9999 -9999 -9999 -9999 -9999 -9999 -9999 -9999 -9999 -9999 -9999 -9999 5.72 5.30 4.93 4.35 4.85 6.92 6.98 7.65 6.39 6.01 7.99 7.44 9.08 8.21 6.05 4.45 5.11 5.02 6.31 5.29 4.87 5.34 5.03 4.44 4.66 4.63 4.84 4.84 5.00 5.23 5.41 5.45 5.21 5.62 5.88 6.00 -9999 5.72 6.05 7.00 8.74 -9999 -9999 -9999 -9999 -9999 -9999 -9999 -9999 -9999 -9999
-9999 -9999 -9999 -9999 -9999 -9999 -9999 -9999 -9999 -9999 -9999 -9999 -9999 -9999 -9999 -9999 -9999 -9999 -9999 -9999 -9999 -9999 -9999 -9999 -9999 -9999 -9999 7.29 5.71 5.28 4.61 4.13 4.30 8.32 8.85 6.70 9.34 8.64 6.69 6.46 10.83 8.97 9.35 6.51 4.63 6.55 5.03 4.41 5.14 5.18 4.75 4.91 4.62 4.68 4.79 4.97 4.90 4.95 6.45 5.69 4.94 6.29 5.64 5.79 5.82 -9999 6.88 7.70 9.10 10.20 -9999 -9999 -9999 -9999 -9999 -9999 -9999 -9999 -9999
-9999 -9999 -9999 -9999 -9999 -9999 -9999 -9999 -9999 -9999 -9999 -9999 -9999 -9999 -9999 -9999 -9999 -9999 -9999 -9999 -9999 -9999 -9999 -9999 -9999 -9999 -9999 7.05 5.50 5.16 4.65 6.11 4.99 5.89 8.79 5.54 5.91 6.22 4.26 4.44 8.50 8.26 8.50 5.39 7.27 7.96 5.49 6.42 5.47 5.85 5.51 5.12 4.70 4.70 4.78 4.81 4.70 4.60 4.76 5.24 4.30 4.52 5.28 4.89 5.75 6.22 -9999 -9999 -9999 -9999 -9999 -9999 -9999 -9999 -9999 -9999 -9999 -9999 -9999
-9999 -9999 -9999 -9999 -9999 -9999 -9999 -9999 -9999 -9999 -9999 -9999 -9999 -9999 -9999 -9999 -9999 -9999 -9999 -9999 -9999 -9999 -9999 -9999 -9999 -9999 8.86 6.45 5.31 6.04 5.60 5.66 5.12 5.75 5.73 5.27 5.12 4.59 4.37 4.87 7.50 10.19 10.79 6.78 9.27 8.44 5.85 6.03 4.92 5.38 5.60 5.06 4.65 4.90 4.87 4.78 4.85 4.59 4.65 4.75 4.55 4.25 5.73 5.30 5.29 5.59 6.80 8.07 -9999 -9999 -9999 -9999 -9999 -9999 -9999 -9999 -9999 -9999 -9999
-9999 -9999 -9999 -9999 -9999 -9999 -9999 -9999 -9999 -9999 -9999 -9999 -9999 -9999 -9999 -9999 -9999 -9999 -9999 -9999 -9999 -9999 -9999 -9999 -9999 -9999 -9999 6.72 5.46 5.38 5.75 7.48 5.26 4.77 4.62 5.19 5.56 5.00 4.69 4.50 4.51 8.44 10.24 11.54 8.77 8.97 7.72 6.49 6.64 4.45 4.62 5.61 4.79 4.80 4.73 4.71 4.90 4.68 4.62 4.88 4.57 4.06 4.20 6.66 5.62 5.25 5.66 6.54 7.79 9.22 -9999 -9999 -9999 -9999 -9999 -9999 -9999 -9999 -9999
-9999 -9999 -9999 -9999 -9999 -9999 -9999 -9999 -9999 -9999 -9999 -9999 -9999 -9999 -9999 -9999 -9999 -9999 -9999 -9999 -9999 -9999 -9999 -9999 -9999 -9999 -9999 6.77 5.93 5.35 5.46 5.62 5.68 5.26 4.70 4.89 4.62 4.43 4.43 4.36 5.01 4.44 9.35 12.13 12.51 10.11 8.52 7.46 5.92 6.00 4.99 6.09 5.01 4.95 4.74 4.75 4.77 4.69 4.92 4.88 4.64 4.13 4.50 6.49 6.00 6.25 5.13 5.25 6.30 7.81 -9999 -9999 -9999 -9999 -9999 -9999 -9999 -9999 -9999
-9999 -9999 -9999 -9999 -9999 -9999 -9999 10.27 9.40 9.95 11.24 -9999 -9999 -9999 -9999 -9999 -9999 -9999 -9999 -9999 -9999 -9999 -9999 -9999 -9999 -9999 7.59 6.30 6.48 5.70 6.42 5.88 5.32 5.17 5.13 4.88 4.88 4.71 4.65 4.48 4.30 7.02 9.67 9.93 7.68 10.93 9.92 6.45 6.37 4.37 6.97 6.79 5.29 5.14 4.88 4.82 4.78 4.69 4.83 5.14 4.94 4.28 4.28 4.64 6.51 6.43 6.88 5.14 5.05 6.52 8.30 -9999 -9999 -9999 -9999 -9999 -9999 -9999 -9999
-9999 -9999 -9999 -9999 -9999 -9999 -9999 9.35 8.37 8.27 9.03 -9999 -9999 -9999 -9999 -9999 -9999 -9999 -9999 -9999 -9999 -9999 -9999 -9999 -9999 7.75 7.22 6.30 6.52 7.40 6.04 5.97 5.02 5.00 5.20 5.02 5.22 5.33 4.58 4.16 4.21 5.74 11.36 11.31 7.37 9.08 8.65 8.25 5.32 4.42 6.10 6.49 5.58 4.74 4.64 4.77 5.11 4.85 4.75 4.87 5.29 4.67 4.52 4.39 6.13 6.26 6.30 5.35 5.14 5.66 7.48 -9999 -9999 -9999 -9999 -9999 -9999 -9999 -9999
-9999 -9999 -9999 -9999 -9999 12.72 9.27 7.38 7.55 7.27 8.50 8.43 9.78 10.77 -9999 -9999 11.34 9.96 -9999 -9999 -9999 8.57 9.70 8.92 -9999 5.96 7.43 6.55 6.13 6.56 5.94 6.17 6.05 6.49 5.98 5.96 5.10 5.49 4.81 4.78 8.20 5.31 7.00 9.64 4.74 6.43 11.57 6.19 7.81 5.51 5.96 5.94 5.37 5.08 4.98 4.89 5.08 4.62 4.78 4.65 5.42 4.71 4.53 4.54 4.95 5.68 6.74 6.40 5.29 5.18 6.69 8.67 -9999 -9999 -9999 -9999 -9999 -9999 -9999
-9999 -9999 -9999 -9999 -9999 -9999 9.77 7.92 7.06 6.54 6.89 8.32 10.06 7.97 -9999 7.76 8.60 10.06 9.21 10.19 7.04 6.05 9.97 9.82 8.22 -9999 5.30 6.78 6.63 5.92 5.84 6.52 5.80 5.49 5.40 5.27 5.47 5.14 5.47 5.18 8.41 8.70 7.89 8.45 7.71 9.33 9.64 8.13 5.78 5.16 6.77 6.54 5.11 5.58 5.05 5.34 5.28 4.71 4.73 4.60 5.47 4.86 4.68 4.71 4.48 5.21 6.06 6.93 6.09 5.33 6.03 7.93 -9999 -9999 -9999 -9999 -9999 -9999 -9999
