ML/MeanWindSpeed_1994-11_Actual.txt
ncols         180
nrows         290
xllcorner     -200000
yllcorner     -200000
cellsize      5000
NODATA_value  -9999
[rows 140 to 174 of 290, columns 78 to 155 of 180]
-9999 -9999 -9999 14.23 -9999 -9999 -9999 12.05 12.40 10.67 10.61 11.40 -9999 -9999 11.68 9.40 12.66 14.02 -9999 -9999 -9999 -9999 -9999 11.17 9.99 7.28 7.84 8.04 9.18 8.76 9.66 9.81 6.73 8.86 13.21 16.45 12.23 14.83 15.76 15.78 12.04 12.35 12.20 9.87 6.24 5.61 5.88 2.39 3.50 6.74 9.10 -9999 -9999 -9999 -9999 -9999 -9999 -9999 -9999 -9999 -9999 -9999 -9999 -9999 -9999 -9999 -9999 -9999 -9999 -9999 -9999 -9999 -9999 -9999 -9999 -9999 -9999 -9999
-9999 -9999 -9999 13.99 14.04 -9999 -9999 -9999 12.13 13.01 12.50 12.79 -9999 -9999 -9999 -9999 12.13 -9999 -9999 -9999 -9999 -9999 -9999 9.84 9.00 8.21 9.44 11.27 11.37 9.79 9.69 8.46 7.20 6.73 10.96 14.80 10.31 17.35 16.25 17.42 12.77 12.53 14.07 9.81 6.75 5.23 3.27 2.06 3.53 6.27 8.82 -9999 -9999 -9999 -9999 -9999 -9999 -9999 -9999 -9999 -9999 -9999 -9999 -9999 -9999 -9999 -9999 -9999 -9999 -9999 -9999 -9999 -9999 -9999 -9999 -9999 -9999 -9999
-9999 -9999 -9999 -9999 15.81 -9999 -9999 -9999 -9999 12.64 14.00 13.59 -9999 -9999 -9999 -9999 -9999 -9999 -9999 -9999 -9999 -9999 11.04 9.87 10.29 10.95 11.32 13.29 12.79 11.20 10.61 9.10 8.72 6.69 7.96 17.20 18.27 17.21 16.16 12.05 10.35 10.60 8.09 5.01 7.42 7.16 3.07 2.68 4.27 6.22 8.78 10.60 -9999 -9999 -9999 -9999 -9999 -9999 -9999 -9999 -9999 -9999 -9999 -9999 -9999 -9999 -9999 -9999 -9999 -9999 -9999 -9999 -9999 -9999 -9999 -9999 -9999 -9999
-9999 -9999 -9999 -9999 17.33 -9999 -9999 -9999 -9999 -9999 -9999 -9999 -9999 -9999 -9999 -9999 -9999 -9999 -9999 -9999 -9999 -9999 11.39 9.45 8.47 8.49 7.48 16.87 13.63 11.70 13.47 9.29 10.64 5.42 5.49 13.33 19.58 14.96 12.65 18.19 19.94 16.94 12.75 10.17 4.21 4.95 4.59 5.96 5.06 5.88 8.84 10.53 11.06 -9999 -9999 -9999 -9999 -9999 -9999 -9999 -9999 -9999 -9999 -9999 -9999 -9999 -9999 -9999 -9999 -9999 -9999 -9999 -9999 -9999 -9999 -9999 -9999 -9999
-9999 -9999 -9999 -9999 -9999 -9999 -9999 -9999 -9999 -9999 -9999 -9999 -9999 -9999 -9999 -9999 -9999 -9999 -9999 -9999 -9999 11.29 10.30 8.82 7.70 12.69 6.26 22.91 21.72 10.77 11.21 9.43 7.90 8.59 5.05 6.34 18.75 18.28 15.43 13.41 11.84 14.56 13.08 10.84 7.58 5.70 5.30 4.96 4.95 6.66 7.26 8.00 9.48 -9999 -9999 -9999 -9999 -9999 -9999 -9999 -9999 -9999 -9999 -9999 -9999 -9999 -9999 -9999 -9999 -9999 -9999 -9999 -9999 -9999 -9999 -9999 -9999 -9999
-9999 -9999 -9999 -9999 -9999 -9999 -9999 -9999 -9999 -9999 -9999 -9999 -9999 -9999 -9999 -9999 -9999 -9999 -9999 -9999 -9999 10.08 11.11 7.99 11.20 21.82 11.72 6.41 13.98 15.35 11.39 10.36 8.60 7.93 6.97 7.31 9.60 21.15 17.21 15.40 11.84 11.08 10.76 7.98 7.33 7.01 7.83 5.58 6.85 6.14 6.68 6.79 7.74 9.07 10.18 10.31 -9999 -9999 -9999 -9999 -9999 -9999 -9999 -9999 -9999 -9999 -9999 -9999 -9999 -9999 -9999 -9999 -9999 -9999 -9999 -9999 -9999 -9999
-9999 -9999 -9999 -9999 -9999 -9999 -9999 -9999 -9999 -9999 -9999 -9999 -9999 -9999 -9999 -9999 -9999 -9999 -9999 -9999 -9999 9.95 9.61 9.59 15.08 9.66 10.29 11.69 16.46 11.70 9.18 13.99 6.33 9.23 7.85 8.81 7.68 11.70 15.20 14.82 13.23 11.74 8.27 8.12 7.04 6.13 5.59 5.93 5.91 6.46 6.00 6.22 6.82 11.34 9.44 10.80 11.66 11.09 -9999 -9999 -9999 -9999 -9999 -9999 -9999 -9999 -9999 -9999 -9999 -9999 -9999 -9999 -9999 -9999 -9999 -9999 -9999 -9999
-9999 -9999 -9999 -9999 -9999 -9999 -9999 -9999 -9999 -9999 -9999 -9999 -9999 -9999 -9999 -9999 -9999 -9999 -9999 -9999 -9999 9.89 9.37 10.88 18.80 20.64 15.52 10.49 10.67 11.33 14.67 7.46 12.26 9.52 8.56 10.57 10.00 7.14 8.24 14.54 13.90 12.15 10.28 8.67 7.68 7.22 6.71 5.92 6.29 6.19 5.77 6.90 7.41 8.70 12.47 11.50 11.34 12.61 12.30 9.84 -9999 -9999 -9999 -9999 -9999 -9999 -9999 -9999 -9999 -9999 -9999 -9999 -9999 -9999 -9999 -9999 -9999 -9999
-9999 -9999 -9999 -9999 -9999 -9999 -9999 -9999 -9999 -9999 -9999 -9999 -9999 -9999 -9999 -9999 -9999 -9999 -9999 -9999 -9999 10.38 8.63 11.98 14.62 8.50 25.37 20.63 9.00 11.64 8.30 13.07 14.09 9.01 7.45 9.88 11.30 8.19 18.43 16.09 15.40 16.01 15.98 14.09 8.84 9.94 7.64 6.85 6.71 6.60 6.74 6.96 6.33 7.11 10.37 8.59 7.88 8.87 10.82 8.67 12.51 -9999 -9999 -9999 -9999 -9999 -9999 -9999 -9999 -9999 -9999 -9999 -9999 -9999 -9999 -9999 -9999 -9999
-9999 -9999 -9999 -9999 -9999 -9999 -9999 -9999 -9999 13.51 14.18 14.70 -9999 -9999 -9999 -9999 -9999 -9999 -9999 -9999 -9999 -9999 10.41 8.82 7.64 10.84 12.75 16.90 7.48 3.39 10.30 8.79 8.02 7.04 10.02 11.13 10.31 11.64 14.88 14.43 19.29 17.34 13.82 12.45 12.81 10.15 8.08 7.33 6.84 7.10 6.58 6.43 12.58 10.52 14.46 14.63 12.66 11.07 7.45 11.72 12.17 10.55 -9999 -9999 -9999 -9999 -9999 -9999 -9999 -9999 -9999 -9999 -9999 -9999 -9999 -9999 -9999 -9999
-9999 -9999 -9999 -9999 -9999 -9999 -9999 -9999 -9999 11.62 11.85 -9999 -9999 -9999 -9999 -9999 -9999 -9999 -9999 -9999 -9999 -9999 -9999 9.34 6.14 11.35 10.83 21.46 10.05 9.79 7.70 4.32 3.60 5.21 5.64 17.79 9.66 11.36 17.78 13.59 9.34 8.16 14.21 8.58 12.35 9.41 7.61 6.85 6.77 6.47 7.35 10.93 12.37 10.55 9.36 8.27 9.73 11.28 10.56 11.13 10.59 13.51 -9999 -9999 -9999 -9999 -9999 -9999 -9999 -9999 -9999 -9999 -9999 -9999 -9999 -9999 -9999 -9999
-9999 -9999 -9999 -9999 -9999 -9999 -9999 -9999 11.18 14.57 13.60 12.67 -9999 -9999 -9999 -9999 -9999 -9999 -9999 -9999 -9999 -9999 -9999 10.59 12.46 12.83 12.47 9.12 11.35 8.31 6.91 5.01 4.10 7.27 5.76 4.68 17.46 11.19 9.70 15.06 12.01 15.91 11.57 11.95 9.47 8.64 7.81 7.55 6.49 6.09 7.87 9.61 8.32 9.06 9.76 8.90 9.54 9.44 9.85 10.10 7.90 12.20 10.97 -9999 -9999 -9999 -9999 -9999 -9999 -9999 -9999 -9999 -9999 -9999 -9999 -9999 -9999 -9999
-9999 -9999 -9999 -9999 -9999 -9999 -9999 10.53 15.50 16.74 20.99 12.38 -9999 -9999 -9999 -9999 -9999 -9999 -9999 -9999 -9999 -9999 -9999 12.21 17.35 12.74 6.53 8.70 7.78 8.64 5.77 4.52 6.02 7.77 4.24 13.68 9.97 14.14 9.88 16.79 8.91 10.98 8.24 11.19 8.73 8.85 8.82 6.94 6.64 5.82 5.86 9.74 10.14 9.38 7.40 7.52 7.00 7.28 7.83 9.98 10.03 9.57 11.20 -9999 -9999 -9999 -9999 -9999 -9999 -9999 -9999 -9999 -9999 -9999 -9999 -9999 -9999 -9999
-9999 -9999 -9999 -9999 -9999 -9999 12.57 11.30 19.69 14.25 13.43 -9999 -9999 -9999 -9999 -9999 -9999 -9999 -9999 -9999 -9999 -9999 -9999 -9999 11.07 7.89 7.10 10.23 6.53 9.29 6.61 5.79 5.52 6.86 4.77 13.61 13.51 15.10 14.52 16.18 15.76 15.74 13.81 12.46 12.22 11.10 7.91 7.16 6.67 5.91 5.54 5.98 12.04 10.28 6.48 5.74 5.90 5.47 5.57 5.70 6.36 6.29 7.95 10.42 11.60 -9999 -9999 -9999 -9999 -9999 -9999 -9999 -9999 -9999 -9999 -9999 -9999 -9999
-9999 -9999 -9999 -9999 -9999 -9999 15.79 17.26 10.82 10.52 11.46 -9999 -9999 -9999 -9999 -9999 -9999 -9999 -9999 -9999 -9999 -9999 -9999 -9999 -9999 8.96 9.70 8.43 6.98 8.55 7.64 7.65 6.78 7.93 5.06 13.46 12.06 10.64 14.39 13.49 12.20 18.15 17.92 12.37 14.10 11.81 10.58 7.49 6.56 6.20 5.67 5.49 6.48 7.13 6.21 6.31 6.18 6.10 5.71 5.60 5.79 6.27 10.59 11.11 10.77 -9999 -9999 -9999 -9999 -9999 -9999 -9999 -9999 -9999 -9999 -9999 -9999 -9999
-9999 -9999 -9999 -9999 -9999 -9999 16.44 13.68 13.95 12.27 -9999 -9999 -9999 -9999 -9999 -9999 -9999 -9999 -9999 -9999 -9999 -9999 -9999 -9999 -9999 10.64 10.25 9.12 -9999 8.97 -9999 8.35 6.86 6.27 5.05 4.88 12.43 11.21 11.82 17.08 7.47 8.71 16.72 13.83 12.56 11.87 9.77 7.70 6.87 6.57 5.96 5.74 5.69 6.97 8.74 7.29 8.13 6.90 6.08 7.51 9.17 8.59 7.68 7.77 10.35 13.01 13.88 -9999 -9999 -9999 -9999 -9999 -9999 -9999 -9999 -9999 -9999 -9999
-9999 -9999 -9999 -9999 -9999 15.98 13.85 13.01 -9999 -9999 -9999 -9999 -9999 -9999 -9999 -9999 -9999 -9999 -9999 -9999 -9999 -9999 -9999 -9999 -9999 12.10 10.33 9.00 -9999 -9999 -9999 8.38 9.30 5.42 6.89 8.09 6.00 6.21 8.53 14.32 14.19 6.95 12.92 15.30 11.23 12.56 10.72 8.95 6.23 6.31 5.96 5.88 5.82 6.17 6.95 7.14 7.82 6.39 7.55 9.16 10.06 10.22 9.75 8.51 8.54 10.37 12.32 -9999 -9999 -9999 -9999 -9999 -9999 -9999 -9999 -9999 -9999 -9999
-9999 -9999 -9999 -9999 -9999 -9999 -9999 -9999 -9999 -9999 -9999 -9999 -9999 -9999 -9999 -9999 -9999 -9999 -9999 -9999 -9999 -9999 -9999 -9999 -9999 -9999 -9999 -9999 -9999 -9999 9.61 7.52 7.41 10.38 11.78 11.84 11.09 8.67 8.83 12.62 12.34 9.64 6.55 11.34 13.36 10.73 9.50 8.35 7.17 6.64 6.85 6.18 5.94 6.03 6.14 6.29 5.88 7.53 11.60 9.27 9.92 8.57 8.56 7.37 8.40 9.96 -9999 -9999 -9999 -9999 -9999 -9999 -9999 -9999 -9999 -9999 -9999 -9999
-9999 -9999 -9999 -9999 -9999 -9999 -9999 -9999 -9999 -9999 -9999 -9999 -9999 -9999 -9999 -9999 -9999 -9999 -9999 -9999 -9999 -9999 -9999 -9999 -9999 -9999 -9999 -9999 -9999 -9999 8.89 7.32 9.51 13.51 16.90 14.28 9.50 10.98 6.75 7.41 6.91 9.50 10.27 11.13 11.65 10.91 9.09 8.45 7.94 6.84 7.05 6.32 6.30 6.42 6.51 6.44 5.96 6.92 12.37 11.05 8.46 7.81 7.47 7.29 8.46 10.42 -9999 -9999 -9999 -9999 -9999 -9999 -9999 -9999 -9999 -9999 -9999 -9999
-9999 -9999 -9999 -9999 -9999 -9999 -9999 -9999 -9999 -9999 -9999 -9999 -9999 -9999 -9999 -9999 -9999 -9999 -9999 -9999 -9999 -9999 -9999 -9999 -9999 -9999 -9999 -9999 -9999 -9999 7.76 6.29 6.83 10.52 12.07 10.98 9.39 9.29 8.05 8.55 7.23 7.23 8.19 5.77 11.59 9.57 10.88 9.00 8.59 6.92 6.60 6.82 6.75 6.81 6.69 6.65 6.48 6.26 8.92 10.13 8.96 7.96 7.86 7.58 8.46 10.05 -9999 -9999 -9999 -9999 -9999 -9999 -9999 -9999 -9999 -9999 -9999 -9999
-9999 -9999 -9999 -9999 -9999 -9999 -9999 -9999 -9999 -9999 -9999 -9999 -9999 -9999 -9999 -9999 -9999 -9999 -9999 -9999 -9999 -9999 -9999 -9999 -9999 -9999 -9999 -9999 10.89 8.85 6.86 6.04 9.32 11.18 14.94 10.06 12.49 6.27 8.21 8.01 9.89 10.63 9.81 11.97 6.66 7.17 7.29 7.27 6.80 8.12 6.95 6.95 7.34 6.90 6.80 6.88 6.62 6.51 6.68 9.32 8.99 8.19 7.92 7.82 8.03 9.10 10.71 -9999 -9999 -9999 -9999 -9999 -9999 -9999 -9999 -9999 -9999 -9999
-9999 -9999 -9999 -9999 -9999 -9999 -9999 -9999 -9999 -9999 -9999 -9999 -9999 -9999 -9999 -9999 -9999 -9999 -9999 -9999 -9999 -9999 -9999 -9999 -9999 -9999 -9999 -9999 9.94 7.73 6.56 6.03 6.46 10.10 6.80 7.29 5.41 7.73 12.45 9.40 11.57 10.56 11.97 6.78 11.73 8.47 10.04 9.43 9.56 8.07 7.63 7.16 6.88 6.84 6.89 6.85 6.82 6.64 6.50 7.39 9.43 8.81 8.01 7.98 7.59 8.05 9.90 -9999 -9999 -9999 -9999 -9999 -9999 -9999 -9999 -9999 -9999 -9999
-9999 -9999 -9999 -9999 -9999 -9999 -9999 -9999 -9999 -9999 -9999 -9999 -9999 -9999 -9999 -9999 -9999 -9999 -9999 -9999 -9999 -9999 -9999 -9999 -9999 -9999 -9999 -9999 9.97 7.54 6.79 6.34 6.41 6.71 7.36 6.81 5.78 8.20 9.26 8.61 10.73 13.55 9.85 8.77 6.63 9.17 6.76 7.78 8.70 9.12 7.94 7.58 6.86 6.80 6.94 6.94 6.89 6.88 6.87 7.25 8.96 10.12 8.58 7.83 7.42 7.28 8.52 10.36 -9999 -9999 -9999 -9999 -9999 -9999 -9999 -9999 -9999 -9999
-9999 -9999 -9999 -9999 -9999 -9999 -9999 -9999 -9999 -9999 -9999 -9999 -9999 -9999 -9999 -9999 -9999 -9999 -9999 -9999 -9999 -9999 -9999 -9999 -9999 -9999 -9999 -9999 9.56 7.70 7.14 7.13 6.72 6.54 6.37 7.71 9.60 6.40 6.69 8.46 14.29 13.79 14.83 12.22 8.99 8.42 9.06 7.19 6.45 8.04 8.74 7.49 6.90 6.92 6.76 6.90 7.02 7.21 7.25 7.39 9.36 11.02 9.46 8.60 8.07 7.24 7.43 9.15 10.85 -9999 -9999 -9999 -9999 -9999 -9999 -9999 -9999 -9999
-9999 -9999 -9999 -9999 -9999 -9999 -9999 -9999 -9999 -9999 -9999 -9999 -9999 -9999 -9999 -9999 -9999 -9999 -9999 -9999 -9999 -9999 -9999 -9999 -9999 -9999 -9999 -9999 9.49 7.38 6.88 6.72 6.45 6.01 7.27 7.18 8.87 9.33 11.82 13.60 14.16 10.33 12.65 10.39 9.89 7.71 9.33 8.39 7.28 6.57 6.54 7.03 6.83 6.88 6.91 7.07 7.18 7.48 7.73 7.95 8.23 9.65 9.51 8.81 8.50 8.15 7.67 7.84 9.74 -9999 -9999 -9999 -9999 -9999 -9999 -9999 -9999 -9999
-9999 -9999 -9999 -9999 -9999 -9999 -9999 -9999 -9999 -9999 -9999 -9999 -9999 -9999 -9999 -9999 -9999 -9999 -9999 -9999 -9999 -9999 -9999 -9999 -9999 -9999 -9999 -9999 -9999 7.42 6.98 6.67 6.21 7.08 9.92 10.01 10.96 9.42 8.78 11.30 10.36 12.26 10.92 7.89 5.73 6.60 6.46 8.24 7.13 6.84 7.64 7.38 6.68 6.98 6.88 7.11 7.14 7.44 7.82 8.20 8.37 8.09 8.65 8.92 8.97 -9999 8.51 8.86 9.95 11.99 -9999 -9999 -9999 -9999 -9999 -9999 -9999 -9999
-9999 -9999 -9999 -9999 -9999 -9999 -9999 -9999 -9999 -9999 -9999 -9999 -9999 -9999 -9999 -9999 -9999 -9999 -9999 -9999 -9999 -9999 -9999 -9999 -9999 -9999 -9999 -9999 9.21 7.37 6.95 6.22 6.02 6.52 11.69 12.28 9.54 13.05 12.03 9.66 9.25 14.64 11.86 12.14 8.29 5.68 8.10 6.17 5.57 6.79 7.08 6.69 7.03 6.69 6.79 6.95 7.21 7.25 7.42 9.50 8.65 7.73 9.48 8.59 8.67 8.63 -9999 9.78 10.71 12.32 13.55 -9999 -9999 -9999 -9999 -9999 -9999 -9999
-9999 -9999 -9999 -9999 -9999 -9999 -9999 -9999 -9999 -9999 -9999 -9999 -9999 -9999 -9999 -9999 -9999 -9999 -9999 -9999 -9999 -9999 -9999 -9999 -9999 -9999 -9999 -9999 8.90 7.13 6.81 6.22 8.41 7.07 8.08 11.82 7.55 8.08 8.59 6.35 6.64 11.68 10.94 11.02 6.74 8.91 9.61 6.32 7.70 6.73 7.55 7.38 7.10 6.67 6.73 6.85 6.93 6.92 6.92 7.21 8.03 6.91 7.20 8.18 7.58 8.53 9.01 -9999 -9999 -9999 -9999 -9999 -9999 -9999 -9999 -9999 -9999 -9999
-9999 -9999 -9999 -9999 -9999 -9999 -9999 -9999 -9999 -9999 -9999 -9999 -9999 -9999 -9999 -9999 -9999 -9999 -9999 -9999 -9999 -9999 -9999 -9999 -9999 -9999 -9999 10.86 8.12 6.91 7.92 7.33 7.50 6.87 7.64 7.56 6.98 6.89 6.42 6.35 7.27 10.69 13.72 14.16 8.48 11.28 9.88 6.33 6.65 5.51 6.57 7.30 6.97 6.61 6.97 6.94 6.85 7.02 6.86 7.05 7.31 7.23 6.92 8.83 8.18 8.07 8.27 9.62 11.03 -9999 -9999 -9999 -9999 -9999 -9999 -9999 -9999 -9999
-9999 -9999 -9999 -9999 -9999 -9999 -9999 -9999 -9999 -9999 -9999 -9999 -9999 -9999 -9999 -9999 -9999 -9999 -9999 -9999 -9999 -9999 -9999 -9999 -9999 -9999 -9999 -9999 8.31 6.95 6.97 7.38 9.64 6.77 6.17 5.98 6.78 7.37 6.82 6.70 6.84 6.87 11.69 13.59 14.67 10.48 10.39 8.51 6.83 7.30 4.98 5.84 7.66 6.79 6.83 6.74 6.73 7.02 6.93 7.05 7.53 7.30 6.81 6.97 10.06 8.54 7.94 8.27 9.19 10.58 12.18 -9999 -9999 -9999 -9999 -9999 -9999 -9999
-9999 -9999 -9999 -9999 -9999 -9999 -9999 -9999 -9999 -9999 -9999 -9999 -9999 -9999 -9999 -9999 -9999 -9999 -9999 -9999 -9999 -9999 -9999 -9999 -9999 -9999 -9999 -9999 8.24 7.39 6.77 6.88 7.08 7.17 6.67 5.99 6.31 6.08 5.98 6.22 6.40 7.48 6.65 12.53 15.55 15.37 11.81 9.48 7.95 6.12 6.83 6.22 8.25 7.06 7.02 6.74 6.75 6.86 7.01 7.57 7.69 7.54 7.08 7.54 9.98 9.14 9.26 7.66 7.65 8.79 10.48 -9999 -9999 -9999 -9999 -9999 -9999 -9999
-9999 -9999 -9999 -9999 -9999 -9999 -9999 -9999 13.58 12.53 13.17 14.77 -9999 -9999 -9999 -9999 -9999 -9999 -9999 -9999 -9999 -9999 -9999 -9999 -9999 -9999 -9999 8.98 7.59 8.02 7.07 8.02 7.30 6.62 6.51 6.53 6.27 6.37 6.30 6.47 6.52 6.71 10.05 12.86 12.62 8.94 12.79 11.19 6.55 6.70 4.64 8.70 9.05 7.35 7.24 6.90 6.83 6.94 7.16 7.68 8.24 8.09 7.35 7.35 7.69 9.94 9.53 9.94 7.53 7.26 8.88 10.88 -9999 -9999 -9999 -9999 -9999 -9999
-9999 -9999 -9999 -9999 -9999 -9999 -9999 -9999 12.63 11.53 11.26 12.08 -9999 -9999 -9999 -9999 -9999 -9999 -9999 -9999 -9999 -9999 -9999 -9999 -9999 -9999 8.91 8.58 7.63 7.96 9.11 7.37 7.38 6.23 6.29 6.65 6.50 6.84 7.13 6.42 6.22 6.61 8.22 14.87 14.38 8.69 10.33 9.55 8.97 5.39 4.70 7.46 8.48 7.61 6.68 6.59 6.81 7.49 7.54 7.78 8.08 8.69 7.87 7.68 7.41 9.47 9.35 9.16 7.75 7.36 7.81 9.83 -9999 -9999 -9999 -9999 -9999 -9999
-9999 -9999 -9999 -9999 -9999 -9999 16.48 12.29 10.13 10.55 10.14 11.67 11.57 13.28 14.57 -9999 -9999 14.15 11.42 -9999 -9999 -9999 8.60 10.13 9.47 -9999 6.79 8.99 7.97 7.41 8.01 7.27 7.70 7.62 8.25 7.65 7.75 6.72 7.44 6.84 6.91 11.57 7.50 9.06 12.16 5.38 7.08 13.63 6.47 8.82 6.23 7.23 7.62 7.17 7.03 7.01 6.99 7.52 7.30 7.88 7.85 8.90 7.93 7.60 7.48 7.84 8.59 9.73 9.07 7.47 7.16 8.79 10.99 -9999 -9999 -9999 -9999 -9999
-9999 -9999 -9999 -9999 -9999 -9999 -9999 12.83 10.71 9.76 9.23 9.81 11.77 14.38 12.06 -9999 11.41 11.68 12.29 10.02 10.76 6.85 5.80 10.95 10.84 9.31 -9999 6.41 8.35 8.17 7.32 7.17 8.09 7.17 6.85 6.84 6.82 7.25 7.08 7.94 7.61 11.74 11.90 10.41 10.69 9.42 11.14 11.30 9.28 6.42 5.94 8.32 8.34 6.70 7.57 7.05 7.58 7.77 7.34 7.71 7.73 8.92 7.99 7.51 7.44 7.10 7.91 8.80 9.75 8.43 7.28 7.92 10.02 -9999 -9999 -9999 -9999 -9999
