ML/MeanWindSpeed_1991-12_Actual.txt
ncols         180
nrows         290
xllcorner     -200000
yllcorner     -200000
cellsize      5000
NODATA_value  -9999
[rows 210 to 244 of 290, columns 79 to 157 of 180]
13.96 12.55 14.22 13.81 -9999 -9999 -9999 -9999 -9999 -9999 -9999 8.69 8.80 9.68 8.33 8.00 8.00 10.00 12.22 14.76 14.28 12.19 10.44 9.72 8.89 11.88 11.70 7.88 6.70 10.36 10.57 11.55 8.48 7.72 7.31 6.84 8.12 8.71 8.28 8.38 8.08 7.79 7.62 7.39 7.11 7.02 6.92 7.48 6.95 6.93 6.86 6.68 6.51 6.03 6.65 7.75 7.41 6.54 7.73 7.69 7.40 7.12 6.12 5.58 6.19 6.83 6.52 5.77 5.57 6.60 5.65 6.02 7.04 6.60 6.78 6.87 6.34 6.25 6.65
14.02 -9999 -9999 -9999 -9999 -9999 -9999 -9999 -9999 12.57 11.19 10.88 12.17 11.48 9.87 8.47 8.64 8.79 11.27 12.78 12.54 8.90 8.58 11.79 10.77 10.72 8.62 7.38 7.27 9.88 9.95 9.61 8.24 7.92 7.57 6.38 9.41 9.56 8.25 8.16 7.76 7.67 7.54 7.31 7.73 7.33 7.55 7.00 6.92 6.93 7.01 6.69 6.53 5.80 7.20 8.63 7.30 7.57 5.89 7.09 6.78 6.14 6.48 6.01 6.13 6.84 6.25 5.55 5.60 5.58 6.10 6.70 6.24 6.91 6.83 6.20 6.15 7.45 6.99
-9999 -9999 -9999 -9999 -9999 -9999 -9999 -9999 -9999 13.84 13.36 11.67 12.94 13.37 -9999 -9999 9.28 11.84 7.74 9.46 9.25 9.32 10.08 11.53 9.11 8.55 8.84 8.65 9.32 9.66 9.57 8.85 8.38 8.80 7.23 7.58 9.60 8.43 7.90 7.44 7.49 8.01 7.92 7.52 7.44 6.89 6.96 7.38 7.78 7.51 8.02 6.73 5.95 6.65 8.90 7.20 7.29 6.73 5.29 6.60 6.14 5.76 5.78 5.68 5.45 5.60 7.02 6.00 5.90 5.87 5.91 6.03 5.86 5.71 7.05 6.50 7.16 8.20 8.16
-9999 -9999 -9999 -9999 -9999 -9999 -9999 -9999 -9999 -9999 -9999 -9999 -9999 -9999 -9999 -9999 11.02 10.07 9.81 9.01 8.17 8.09 8.61 9.63 9.33 9.40 9.87 10.43 10.90 10.61 -9999 9.03 8.42 7.75 7.10 7.80 9.37 8.45 8.32 7.56 6.88 6.89 7.81 7.11 7.09 8.02 8.09 7.76 8.47 9.22 8.03 7.55 7.03 7.17 8.24 7.00 6.97 6.74 5.96 5.65 5.37 5.62 6.01 5.58 5.20 5.56 5.90 5.98 6.00 6.00 6.00 5.99 6.16 6.38 6.79 6.81 7.28 7.78 -9999
-9999 -9999 -9999 -9999 -9999 -9999 -9999 -9999 -9999 -9999 -9999 -9999 -9999 -9999 -9999 -9999 -9999 11.13 9.91 8.90 9.00 9.57 8.69 8.75 9.25 10.31 -9999 -9999 -9999 -9999 10.02 8.99 8.34 7.31 6.94 7.74 9.26 8.48 8.51 7.60 6.58 7.28 7.10 8.31 7.84 9.42 8.14 8.20 7.84 8.11 7.96 7.33 7.95 6.37 6.82 7.08 5.90 6.03 5.63 5.24 4.90 4.51 4.50 4.82 4.71 4.98 5.29 5.62 5.72 6.98 7.23 6.18 6.25 6.49 6.62 6.90 7.84 9.06 8.95
-9999 -9999 -9999 -9999 -9999 -9999 -9999 -9999 -9999 -9999 -9999 -9999 -9999 -9999 -9999 -9999 -9999 -9999 10.94 11.69 10.53 9.62 10.09 10.19 10.83 -9999 -9999 -9999 -9999 10.42 10.35 10.13 7.28 6.65 6.68 8.82 9.51 9.01 8.18 6.91 6.73 6.62 8.06 9.35 8.49 8.54 8.00 8.19 7.98 6.97 7.34 7.34 6.95 6.77 6.60 6.29 5.66 5.63 6.07 6.12 5.88 4.61 4.52 4.61 4.65 5.52 5.84 6.32 6.06 6.78 6.63 6.40 7.25 6.50 6.99 7.18 8.04 7.70 8.03
-9999 -9999 -9999 -9999 -9999 -9999 -9999 -9999 -9999 -9999 -9999 -9999 -9999 -9999 -9999 -9999 -9999 -9999 -9999 11.89 11.82 11.00 11.30 10.92 12.13 -9999 -9999 -9999 9.89 8.13 8.02 9.64 9.02 8.07 6.92 8.17 7.55 8.87 7.94 6.32 7.26 8.21 8.30 7.96 8.78 8.10 7.76 7.61 7.07 6.86 6.71 6.81 7.20 6.72 6.02 5.76 5.60 5.55 6.24 5.96 5.82 5.29 4.73 4.85 4.97 5.51 5.88 6.37 6.43 6.55 6.14 6.62 6.94 7.23 6.84 5.97 7.75 6.77 7.69
-9999 -9999 -9999 -9999 -9999 -9999 -9999 -9999 -9999 -9999 -9999 -9999 -9999 -9999 -9999 -9999 -9999 -9999 -9999 -9999 -9999 -9999 -9999 -9999 -9999 -9999 -9999 12.08 8.73 7.19 7.34 9.33 7.81 8.25 8.70 8.53 8.50 8.50 7.02 6.59 6.77 7.62 7.52 7.68 7.78 7.90 7.62 7.52 8.89 7.46 7.50 6.90 7.28 7.06 6.08 5.81 5.23 5.61 6.32 5.77 5.25 5.12 5.16 5.03 5.67 5.76 6.39 6.19 7.11 7.44 6.69 5.49 7.83 8.41 6.73 5.56 8.16 7.51 7.31
-9999 -9999 -9999 -9999 -9999 -9999 -9999 -9999 -9999 -9999 -9999 -9999 -9999 -9999 -9999 -9999 -9999 -9999 -9999 -9999 -9999 -9999 -9999 -9999 -9999 -9999 -9999 9.79 8.47 7.11 11.78 10.40 7.62 8.29 8.88 9.09 9.20 7.63 7.23 6.95 6.71 7.64 7.27 6.96 8.38 8.10 9.01 7.70 7.96 9.01 7.60 7.25 7.16 6.53 6.15 5.70 5.37 5.66 5.69 5.81 5.32 5.00 5.07 4.87 5.27 7.04 6.64 7.36 7.76 8.52 6.90 5.65 6.76 7.02 5.64 4.94 5.53 7.02 7.70
-9999 -9999 -9999 -9999 -9999 -9999 -9999 -9999 -9999 -9999 -9999 -9999 -9999 -9999 -9999 -9999 -9999 -9999 -9999 -9999 -9999 -9999 -9999 -9999 -9999 -9999 -9999 9.59 7.09 5.50 7.49 10.82 10.09 9.61 8.85 9.83 8.05 7.51 7.02 8.37 8.33 8.90 8.34 7.50 7.60 7.48 7.76 8.02 7.97 7.14 7.08 7.16 7.16 6.57 6.18 5.85 5.61 5.92 5.73 5.42 4.75 4.84 5.78 6.56 5.98 6.83 6.69 6.79 6.88 7.50 8.89 8.42 6.43 6.20 6.40 6.36 5.99 6.04 6.02
-9999 -9999 -9999 -9999 -9999 -9999 -9999 -9999 -9999 -9999 14.02 14.18 11.95 16.00 15.35 15.45 15.92 17.83 11.20 16.25 12.09 -9999 -9999 -9999 -9999 -9999 -9999 9.20 7.88 6.98 5.69 6.47 8.58 10.28 9.98 8.77 7.88 7.65 8.30 9.36 8.58 7.87 7.83 7.34 7.40 7.73 7.24 6.78 6.58 6.87 6.26 6.82 7.28 7.96 6.95 6.23 6.45 6.28 5.81 6.16 4.86 4.51 6.07 7.16 6.04 5.53 5.88 6.13 6.11 5.99 6.17 6.05 5.68 5.50 5.30 5.24 5.11 5.32 5.22
-9999 -9999 -9999 -9999 -9999 -9999 -9999 -9999 -9999 -9999 15.27 14.29 13.57 11.16 13.07 14.72 14.36 15.33 15.83 13.33 12.01 10.29 10.87 13.14 11.42 10.47 9.16 8.50 7.83 7.34 6.62 5.71 6.08 8.73 9.03 8.15 7.43 9.99 8.63 7.64 8.06 8.41 7.57 7.29 7.43 7.46 7.61 7.18 7.09 6.02 6.09 6.49 6.58 6.75 7.53 7.71 6.09 5.73 5.45 5.08 5.59 4.69 8.28 6.89 6.53 5.98 5.55 5.72 5.75 6.67 6.65 5.40 6.84 6.39 6.83 5.60 5.69 5.36 5.24
-9999 -9999 -9999 -9999 -9999 -9999 -9999 -9999 -9999 14.33 12.93 11.92 10.72 9.26 11.20 13.78 13.48 12.82 12.93 13.06 12.08 10.24 9.25 10.25 11.53 9.09 8.37 7.68 7.69 8.40 7.00 6.63 7.62 7.64 7.44 7.57 9.68 8.08 9.41 8.75 8.01 7.16 7.50 6.90 7.39 7.71 7.31 7.60 6.65 6.88 6.55 6.33 6.22 7.57 8.43 6.44 5.38 5.57 7.68 6.16 5.51 5.63 5.57 5.87 6.10 5.71 5.55 6.07 7.09 6.43 5.50 5.43 7.01 6.46 6.23 6.56 6.38 5.96 5.95
-9999 -9999 -9999 -9999 -9999 -9999 -9999 -9999 -9999 -9999 12.48 10.79 9.70 10.83 10.18 10.67 13.32 12.23 10.45 9.36 11.83 13.53 10.83 8.36 8.75 10.68 8.85 7.16 7.10 6.99 7.60 7.53 6.62 6.74 7.13 7.71 8.58 7.48 9.13 8.21 8.11 7.91 7.94 7.08 7.73 8.04 7.73 6.32 6.42 7.01 6.16 5.62 5.36 6.42 7.78 7.40 5.47 5.81 7.06 6.82 6.03 5.20 5.05 4.75 5.03 6.54 6.28 6.02 6.54 7.47 6.77 6.38 7.07 7.06 6.19 6.95 6.02 6.76 5.83
-9999 -9999 -9999 -9999 -9999 -9999 15.91 -9999 -9999 13.81 12.38 12.63 9.77 11.18 9.57 9.13 9.41 10.07 10.89 9.25 11.00 12.09 9.46 7.89 6.80 7.21 7.17 6.62 6.72 7.03 7.85 6.83 6.49 7.13 8.75 7.46 7.97 6.97 8.00 7.70 8.45 9.14 8.32 7.15 6.80 6.95 6.57 6.12 7.50 6.55 5.78 7.39 5.84 6.00 7.97 8.90 5.70 6.00 6.45 6.26 5.73 5.26 5.14 5.41 5.86 6.31 5.61 5.20 5.15 5.66 5.86 6.02 6.76 6.21 6.21 6.14 5.64 5.66 5.54
-9999 -9999 -9999 -9999 -9999 14.12 15.62 15.67 15.23 12.52 11.61 13.05 10.85 9.60 9.88 8.96 10.10 10.73 11.44 9.69 9.07 9.05 7.64 6.53 6.08 6.52 7.22 7.39 6.71 6.73 6.91 6.44 6.41 8.13 8.31 7.30 7.59 7.75 8.99 8.31 8.34 9.48 8.20 7.77 6.74 7.38 6.94 7.07 6.48 6.12 5.53 6.54 6.44 5.78 6.93 6.58 5.97 5.83 5.61 6.35 6.23 5.88 5.58 5.29 5.12 5.03 5.51 5.83 5.55 4.71 5.13 5.58 6.46 6.91 6.57 5.53 6.41 6.37 6.23
-9999 -9999 -9999 -9999 -9999 13.17 13.62 12.96 13.50 12.43 11.43 10.37 12.04 11.73 10.58 11.36 10.88 10.50 11.58 10.09 9.32 8.21 5.68 6.66 8.57 8.26 7.46 6.83 6.36 6.92 7.46 7.69 7.14 8.40 7.93 8.35 7.30 6.50 7.92 9.07 8.06 8.08 7.75 7.05 7.20 7.87 7.03 6.38 7.00 7.08 5.80 6.07 6.02 5.89 6.69 7.03 7.13 8.45 6.12 6.29 5.52 5.22 5.53 5.68 5.14 4.88 5.34 6.11 5.76 5.19 4.91 5.62 5.72 5.88 6.07 6.36 5.42 5.97 6.80
-9999 -9999 -9999 -9999 -9999 13.34 12.53 12.22 12.74 12.34 12.10 10.76 11.26 11.25 9.92 10.76 10.47 10.77 10.90 10.12 7.08 4.98 4.23 6.52 6.89 7.70 8.45 6.78 6.87 7.20 6.94 7.93 7.36 8.32 7.93 7.90 7.60 6.85 8.29 7.73 7.74 7.59 7.24 6.90 7.13 7.85 7.78 6.65 6.40 6.60 7.29 6.08 6.25 5.96 6.25 6.24 6.37 7.01 6.62 7.45 8.02 4.72 8.03 6.62 4.80 4.95 8.11 8.29 7.96 5.19 5.17 5.42 5.26 5.60 5.28 6.40 7.40 9.64 8.61
-9999 -9999 -9999 -9999 -9999 11.94 11.72 11.74 11.76 11.51 11.47 10.88 10.44 11.39 10.63 10.37 10.53 9.38 9.19 8.76 7.98 4.57 4.91 7.10 6.49 7.71 7.94 6.85 7.36 7.82 6.99 7.50 7.82 7.83 7.64 7.62 8.29 9.05 7.20 7.84 7.63 7.51 7.14 6.92 7.21 7.67 7.00 7.03 6.76 7.06 7.39 7.84 7.17 7.93 7.34 6.73 6.48 6.19 5.85 5.85 6.00 5.34 7.12 6.94 7.46 6.95 7.50 8.15 8.66 5.54 5.69 5.63 5.74 5.89 6.63 7.68 7.97 -9999 -9999
-9999 -9999 -9999 -9999 -9999 11.11 10.92 11.02 11.59 12.23 11.57 11.23 10.93 11.35 12.16 11.24 10.33 9.18 9.29 8.72 8.08 7.04 5.23 5.38 5.29 7.37 6.51 5.19 7.99 7.89 7.01 9.68 8.70 9.30 9.75 9.09 8.81 9.26 8.03 7.21 7.56 7.42 6.79 6.81 6.97 7.42 6.77 7.08 7.84 8.38 8.22 8.17 8.29 8.21 8.28 8.11 7.66 6.97 6.67 6.91 7.27 7.44 7.79 7.96 8.12 -9999 -9999 7.61 7.92 7.50 7.03 6.44 9.10 7.22 -9999 -9999 -9999 -9999 -9999
-9999 -9999 -9999 -9999 13.62 11.55 11.12 10.15 11.05 11.44 12.52 11.60 12.72 12.25 12.23 11.15 10.26 9.53 9.28 8.70 8.17 7.93 7.03 6.66 7.04 6.74 5.43 8.20 9.18 6.91 6.49 7.77 8.10 9.40 9.42 8.39 8.15 7.89 7.59 8.17 7.84 7.85 7.36 7.16 7.53 8.25 8.08 7.85 7.97 8.26 8.55 -9999 -9999 9.12 9.68 9.67 9.17 8.70 8.29 8.38 -9999 -9999 -9999 -9999 -9999 -9999 -9999 -9999 -9999 -9999 7.73 8.36 9.98 8.61 -9999 -9999 -9999 -9999 -9999
-9999 -9999 -9999 14.58 13.22 11.49 11.62 10.20 10.02 9.89 9.83 9.94 13.86 14.64 12.98 11.90 11.35 11.37 10.10 9.00 8.25 8.52 8.08 9.91 10.12 9.33 9.05 10.67 8.41 8.37 8.24 9.13 10.17 8.82 7.83 8.38 7.71 7.85 7.59 7.66 7.54 8.75 9.53 9.39 9.06 9.02 9.29 8.58 -9999 7.68 8.50 8.39 8.77 9.23 -9999 -9999 -9999 -9999 9.68 -9999 -9999 -9999 -9999 -9999 -9999 -9999 -9999 -9999 -9999 -9999 -9999 -9999 -9999 -9999 -9999 -9999 -9999 -9999 -9999
-9999 -9999 14.47 14.28 14.19 12.85 10.97 10.12 9.53 8.01 7.29 9.24 15.20 16.74 12.06 11.31 13.47 10.37 11.92 9.29 8.56 11.20 9.86 9.33 9.29 9.45 -9999 -9999 -9999 -9999 -9999 9.40 10.86 10.47 8.94 8.67 8.31 7.76 7.77 7.64 8.16 9.11 -9999 -9999 -9999 -9999 -9999 9.43 9.52 8.65 7.93 8.03 9.76 9.42 -9999 -9999 -9999 -9999 -9999 -9999 -9999 -9999 -9999 -9999 -9999 -9999 -9999 -9999 -9999 -9999 -9999 -9999 -9999 -9999 -9999 -9999 -9999 -9999 -9999
-9999 10.03 11.20 13.35 13.89 12.71 11.99 10.62 8.42 8.31 7.71 10.33 13.71 15.48 14.21 13.17 11.21 11.88 10.52 10.55 9.83 11.66 11.31 -9999 -9999 -9999 -9999 -9999 -9999 -9999 -9999 -9999 10.06 10.37 9.20 10.24 10.98 11.12 8.95 10.80 10.66 11.14 -9999 -9999 -9999 -9999 -9999 -9999 -9999 8.38 8.92 7.88 8.68 -9999 -9999 -9999 -9999 -9999 -9999 -9999 -9999 -9999 -9999 -9999 -9999 -9999 -9999 -9999 -9999 -9999 -9999 -9999 -9999 -9999 -9999 -9999 -9999 -9999 -9999
12.31 10.06 10.37 12.00 13.81 14.15 12.31 9.81 9.15 8.98 8.23 9.66 13.06 12.18 12.81 12.58 13.18 7.97 10.71 13.65 11.15 -9999 -9999 -9999 -9999 -9999 -9999 -9999 -9999 -9999 -9999 -9999 -9999 -9999 11.05 -9999 -9999 -9999 -9999 9.78 12.07 12.37 -9999 -9999 -9999 -9999 -9999 -9999 -9999 -9999 8.86 10.87 9.46 -9999 -9999 -9999 -9999 -9999 -9999 -9999 -9999 -9999 -9999 -9999 -9999 -9999 -9999 -9999 -9999 -9999 -9999 -9999 -9999 -9999 -9999 -9999 -9999 -9999 -9999
11.30 9.50 10.34 11.86 12.68 13.59 12.21 10.91 11.22 7.62 6.03 7.71 11.35 12.34 11.07 10.01 11.49 9.04 9.08 10.35 -9999 -9999 -9999 -9999 -9999 -9999 -9999 -9999 -9999 -9999 -9999 -9999 -9999 -9999 12.22 -9999 -9999 -9999 -9999 -9999 -9999 -9999 -9999 -9999 -9999 -9999 -9999 -9999 -9999 -9999 -9999 -9999 -9999 -9999 -9999 -9999 -9999 -9999 -9999 -9999 -9999 -9999 -9999 -9999 -9999 -9999 -9999 -9999 -9999 -9999 -9999 -9999 -9999 -9999 -9999 -9999 -9999 -9999 -9999
11.89 9.99 10.86 11.22 11.42 12.17 11.37 10.80 11.19 6.99 5.75 6.42 9.11 14.26 15.21 9.09 9.45 9.34 10.25 12.41 -9999 -9999 -9999 -9999 -9999 -9999 -9999 -9999 -9999 -9999 -9999 -9999 -9999 -9999 -9999 -9999 -9999 -9999 -9999 -9999 -9999 -9999 -9999 -9999 -9999 -9999 -9999 -9999 -9999 -9999 -9999 -9999 -9999 -9999 -9999 -9999 -9999 -9999 -9999 -9999 -9999 -9999 -9999 -9999 -9999 -9999 -9999 -9999 -9999 -9999 -9999 -9999 -9999 -9999 -9999 -9999 -9999 -9999 -9999
12.96 11.98 11.72 11.28 12.08 11.25 10.59 10.07 8.28 7.86 6.66 6.06 9.02 11.93 12.19 10.58 8.68 9.19 12.21 11.20 -9999 -9999 -9999 -9999 -9999 -9999 -9999 -9999 -9999 -9999 -9999 -9999 -9999 -9999 -9999 -9999 -9999 -9999 -9999 -9999 -9999 -9999 -9999 -9999 -9999 -9999 -9999 -9999 -9999 -9999 -9999 -9999 -9999 -9999 -9999 -9999 -9999 -9999 -9999 -9999 -9999 -9999 -9999 -9999 -9999 -9999 -9999 -9999 -9999 -9999 -9999 -9999 -9999 -9999 -9999 -9999 -9999 -9999 -9999
13.81 13.09 12.63 11.12 11.73 11.00 12.80 11.51 9.48 8.76 9.13 7.44 7.93 9.15 9.29 8.90 9.06 10.03 11.01 11.30 -9999 -9999 -9999 -9999 -9999 -9999 -9999 -9999 -9999 -9999 -9999 -9999 -9999 -9999 -9999 -9999 -9999 -9999 -9999 -9999 -9999 -9999 -9999 -9999 -9999 -9999 -9999 -9999 -9999 -9999 -9999 -9999 -9999 -9999 -9999 -9999 -9999 -9999 -9999 -9999 -9999 -9999 -9999 -9999 -9999 -9999 -9999 -9999 -9999 -9999 -9999 -9999 -9999 -9999 -9999 -9999 -9999 -9999 -9999
12.18 12.39 11.51 12.59 14.22 13.59 11.67 11.31 10.95 10.66 9.42 9.83 8.85 7.71 7.97 9.25 10.50 11.14 10.80 11.90 -9999 -9999 -9999 -9999 -9999 -9999 -9999 -9999 -9999 -9999 -9999 -9999 -9999 -9999 -9999 -9999 -9999 -9999 -9999 -9999 -9999 -9999 -9999 -9999 -9999 -9999 -9999 -9999 -9999 -9999 -9999 -9999 -9999 -9999 -9999 -9999 -9999 -9999 -9999 -9999 -9999 -9999 -9999 -9999 -9999 -9999 -9999 -9999 -9999 -9999 -9999 -9999 -9999 -9999 -9999 -9999 -9999 -9999 -9999
12.85 13.24 -9999 -9999 -9999 -9999 -9999 -9999 -9999 -9999 -9999 10.90 11.36 9.88 9.05 8.70 10.22 11.18 11.03 -9999 -9999 -9999 -9999 -9999 -9999 -9999 -9999 -9999 -9999 -9999 -9999 -9999 -9999 -9999 -9999 -9999 -9999 -9999 -9999 -9999 -9999 -9999 -9999 -9999 -9999 -9999 -9999 -9999 -9999 -9999 -9999 -9999 -9999 -9999 -9999 -9999 -9999 -9999 -9999 -9999 -9999 -9999 -9999 -9999 -9999 -9999 -9999 -9999 -9999 -9999 -9999 -9999 -9999 -9999 -9999 -9999 -9999 -9999 -9999
13.73 14.34 -9999 -9999 -9999 -9999 -9999 -9999 -9999 -9999 -9999 -9999 -9999 -9999 10.01 9.54 10.10 10.69 -9999 -9999 -9999 -9999 -9999 -9999 -9999 -9999 -9999 -9999 -9999 -9999 -9999 -9999 -9999 -9999 -9999 -9999 -9999 -9999 -9999 -9999 -9999 -9999 -9999 -9999 -9999 -9999 -9999 -9999 -9999 -9999 -9999 -9999 -9999 -9999 -9999 -9999 -9999 -9999 -9999 -9999 -9999 -9999 -9999 -9999 -9999 -9999 -9999 -9999 -9999 -9999 -9999 -9999 -9999 -9999 -9999 -9999 -9999 -9999 -9999
-9999 -9999 -9999 -9999 -9999 -9999 -9999 -9999 -9999 -9999 -9999 -9999 -9999 -9999 11.39 12.72 13.48 12.99 -9999 -9999 -9999 -9999 -9999 -9999 -9999 -9999 -9999 -9999 -9999 -9999 -9999 -9999 -9999 -9999 -9999 -9999 -9999 -9999 -9999 -9999 -9999 -9999 -9999 -9999 -9999 -9999 -9999 -9999 -9999 -9999 -9999 -9999 -9999 -9999 -9999 -9999 -9999 -9999 -9999 -9999 -9999 -9999 -9999 -9999 -9999 -9999 -9999 -9999 -9999 -9999 -9999 -9999 -9999 -9999 -9999 -9999 -9999 -9999 -9999
-9999 -9999 -9999 -9999 -9999 -9999 -9999 -9999 -9999 -9999 -9999 -9999 -9999 -9999 -9999 -9999 -9999 -9999 -9999 -9999 -9999 -9999 -9999 -9999 -9999 -9999 -9999 -9999 -9999 -9999 -9999 -9999 -9999 -9999 -9999 -9999 -9999 -9999 -9999 -9999 -9999 -9999 -9999 -9999 -9999 -9999 -9999 -9999 -9999 -9999 -9999 -9999 -9999 -9999 -9999 -9999 -9999 -9999 -9999 -9999 -9999 -9999 -9999 -9999 -9999 -9999 -9999 -9999 -9999 -9999 -9999 -9999 -9999 -9999 -9999 -9999 -9999 -9999 -9999
-9999 -9999 -9999 -9999 -9999 -9999 -9999 -9999 -9999 -9999 -9999 -9999 -9999 -9999 -9999 -9999 -9999 -9999 -9999 -9999 -9999 -9999 -9999 -9999 -9999 -9999 -9999 -9999 -9999 -9999 -9999 -9999 -9999 -9999 -9999 -9999 -9999 -9999 -9999 -9999 -9999 -9999 -9999 -9999 -9999 -9999 -9999 -9999 -9999 -9999 -9999 -9999 -9999 -9999 -9999 -9999 -9999 -9999 -9999 -9999 -9999 -9999 -9999 -9999 -9999 -9999 -9999 -9999 -9999 -9999 -9999 -9999 -9999 -9999 -9999 -9999 -9999 -9999 -9999
