ML/MeanWindSpeed_1991-08_Actual.txt
ncols         180
nrows         290
xllcorner     -200000
yllcorner     -200000
cellsize      5000
NODATA_value  -9999
[rows 140 to 174 of 290, columns 79 to 157 of 180]
-9999 -9999 9.54 -9999 -9999 -9999 8.50 8.54 8.00 8.20 8.73 -9999 -9999 8.75 7.91 9.31 9.94 -9999 -9999 -9999 -9999 -9999 8.33 7.64 6.40 6.61 6.91 7.31 6.98 7.02 6.22 4.28 5.28 7.38 8.63 7.18 8.14 8.61 8.66 7.41 7.57 7.43 6.41 5.10 5.02 4.87 3.39 4.16 5.75 6.67 -9999 -9999 -9999 -9999 -9999 -9999 -9999 -9999 -9999 -9999 -9999 -9999 -9999 -9999 -9999 -9999 -9999 -9999 -9999 -9999 -9999 -9999 -9999 -9999 -9999 -9999 -9999 -9999 -9999
-9999 -9999 9.55 9.57 -9999 -9999 -9999 8.51 8.84 8.83 9.21 -9999 -9999 -9999 -9999 9.49 -9999 -9999 -9999 -9999 -9999 -9999 7.45 6.69 6.00 6.60 7.90 8.09 7.32 7.20 6.38 4.80 4.23 6.15 7.54 6.35 9.03 8.70 9.24 7.67 7.65 8.00 6.31 5.19 4.74 3.83 3.20 3.99 5.37 6.26 -9999 -9999 -9999 -9999 -9999 -9999 -9999 -9999 -9999 -9999 -9999 -9999 -9999 -9999 -9999 -9999 -9999 -9999 -9999 -9999 -9999 -9999 -9999 -9999 -9999 -9999 -9999 -9999 -9999
-9999 -9999 -9999 10.16 -9999 -9999 -9999 -9999 8.87 9.46 9.49 -9999 -9999 -9999 -9999 -9999 -9999 -9999 -9999 -9999 -9999 7.90 7.01 6.67 6.37 6.53 7.90 8.02 7.64 7.54 6.98 5.81 3.81 4.27 7.74 8.83 9.06 8.81 7.53 6.98 7.15 6.13 4.75 5.56 5.38 3.71 3.37 4.07 4.99 5.76 6.19 -9999 -9999 -9999 -9999 -9999 -9999 -9999 -9999 -9999 -9999 -9999 -9999 -9999 -9999 -9999 -9999 -9999 -9999 -9999 -9999 -9999 -9999 -9999 -9999 -9999 -9999 -9999 -9999
-9999 -9999 -9999 10.73 -9999 -9999 -9999 -9999 -9999 -9999 -9999 -9999 -9999 -9999 -9999 -9999 -9999 -9999 -9999 -9999 -9999 7.95 6.89 6.00 5.07 4.44 8.41 8.01 7.84 8.60 7.33 7.31 3.91 3.00 6.11 9.05 8.11 7.26 9.10 9.98 9.21 7.90 6.87 4.50 4.50 4.28 4.62 4.33 4.59 5.33 5.81 6.19 -9999 -9999 -9999 -9999 -9999 -9999 -9999 -9999 -9999 -9999 -9999 -9999 -9999 -9999 -9999 -9999 -9999 -9999 -9999 -9999 -9999 -9999 -9999 -9999 -9999 -9999 -9999
-9999 -9999 -9999 -9999 -9999 -9999 -9999 -9999 -9999 -9999 -9999 -9999 -9999 -9999 -9999 -9999 -9999 -9999 -9999 -9999 8.04 7.36 6.28 5.68 7.00 4.55 10.80 11.12 7.70 8.04 7.79 7.02 6.32 3.52 3.58 8.35 8.75 8.20 7.61 7.09 8.25 7.83 6.99 5.61 4.82 4.63 4.42 4.41 4.81 4.63 4.78 5.50 -9999 -9999 -9999 -9999 -9999 -9999 -9999 -9999 -9999 -9999 -9999 -9999 -9999 -9999 -9999 -9999 -9999 -9999 -9999 -9999 -9999 -9999 -9999 -9999 -9999 -9999 -9999
-9999 -9999 -9999 -9999 -9999 -9999 -9999 -9999 -9999 -9999 -9999 -9999 -9999 -9999 -9999 -9999 -9999 -9999 -9999 -9999 7.02 7.06 5.48 7.17 11.17 6.79 5.00 8.43 9.08 8.18 8.36 7.79 7.10 5.31 3.94 4.39 9.01 8.67 8.72 7.62 7.46 7.39 6.18 5.70 5.51 5.71 4.83 5.19 4.69 4.49 4.24 4.63 5.43 6.34 7.00 -9999 -9999 -9999 -9999 -9999 -9999 -9999 -9999 -9999 -9999 -9999 -9999 -9999 -9999 -9999 -9999 -9999 -9999 -9999 -9999 -9999 -9999 -9999 -9999
-9999 -9999 -9999 -9999 -9999 -9999 -9999 -9999 -9999 -9999 -9999 -9999 -9999 -9999 -9999 -9999 -9999 -9999 -9999 -9999 6.63 6.02 5.74 8.13 6.57 5.87 6.47 8.51 7.03 7.27 9.48 7.07 7.99 6.74 5.48 4.60 6.15 8.03 8.54 8.42 8.13 7.01 6.78 6.18 5.65 5.28 5.25 5.11 5.00 4.33 3.91 3.91 5.79 5.74 7.01 8.38 9.11 -9999 -9999 -9999 -9999 -9999 -9999 -9999 -9999 -9999 -9999 -9999 -9999 -9999 -9999 -9999 -9999 -9999 -9999 -9999 -9999 -9999 -9999
-9999 -9999 -9999 -9999 -9999 -9999 -9999 -9999 -9999 -9999 -9999 -9999 -9999 -9999 -9999 -9999 -9999 -9999 -9999 -9999 6.47 5.31 5.74 8.78 9.69 7.80 5.93 5.88 6.14 8.42 6.69 8.66 7.78 7.48 7.35 6.17 4.87 5.67 8.16 8.36 8.07 7.57 6.99 6.63 6.35 6.02 5.61 5.58 5.20 4.63 4.52 4.36 5.10 7.01 7.41 8.41 9.83 10.33 9.88 -9999 -9999 -9999 -9999 -9999 -9999 -9999 -9999 -9999 -9999 -9999 -9999 -9999 -9999 -9999 -9999 -9999 -9999 -9999 -9999
-9999 -9999 -9999 -9999 -9999 -9999 -9999 -9999 -9999 -9999 -9999 -9999 -9999 -9999 -9999 -9999 -9999 -9999 -9999 -9999 7.13 5.75 6.41 7.25 5.54 12.30 10.41 5.76 6.57 5.80 8.36 9.06 7.30 6.83 7.01 6.39 5.04 8.89 8.32 8.27 8.84 9.14 8.72 7.00 7.46 6.55 6.17 5.99 5.75 5.51 5.24 4.67 5.20 6.94 7.07 7.65 8.51 9.63 9.42 10.99 -9999 -9999 -9999 -9999 -9999 -9999 -9999 -9999 -9999 -9999 -9999 -9999 -9999 -9999 -9999 -9999 -9999 -9999 -9999
-9999 -9999 -9999 -9999 -9999 -9999 -9999 -9999 9.24 9.44 9.45 -9999 -9999 -9999 -9999 -9999 -9999 -9999 -9999 -9999 -9999 7.85 6.71 5.79 7.09 8.50 10.08 6.35 4.65 7.10 6.90 6.60 6.01 6.91 6.73 5.77 6.34 7.45 7.66 9.73 9.26 8.28 8.09 8.50 7.66 6.84 6.45 6.15 5.89 5.35 5.08 7.03 6.52 8.42 9.29 9.31 8.98 8.03 10.03 10.64 10.20 -9999 -9999 -9999 -9999 -9999 -9999 -9999 -9999 -9999 -9999 -9999 -9999 -9999 -9999 -9999 -9999 -9999 -9999
-9999 -9999 -9999 -9999 -9999 -9999 -9999 -9999 8.90 8.75 -9999 -9999 -9999 -9999 -9999 -9999 -9999 -9999 -9999 -9999 -9999 -9999 7.19 5.82 7.62 7.88 11.90 7.61 7.44 6.87 5.45 4.78 5.03 4.88 8.79 5.67 6.40 8.93 7.50 6.29 6.13 8.54 6.83 8.50 7.54 6.84 6.39 6.07 5.38 5.38 6.72 7.31 6.84 6.75 6.91 8.02 8.78 8.87 9.50 9.85 11.10 -9999 -9999 -9999 -9999 -9999 -9999 -9999 -9999 -9999 -9999 -9999 -9999 -9999 -9999 -9999 -9999 -9999 -9999
-9999 -9999 -9999 -9999 -9999 -9999 -9999 7.71 9.41 9.22 8.82 -9999 -9999 -9999 -9999 -9999 -9999 -9999 -9999 -9999 -9999 -9999 7.45 8.51 8.47 8.72 7.63 8.15 7.15 6.55 5.53 5.21 6.05 5.00 4.51 9.10 6.90 6.53 8.53 7.65 9.36 8.02 8.43 7.77 7.45 7.04 6.73 6.03 5.23 5.67 6.60 6.40 6.96 7.46 7.45 8.01 8.12 8.57 9.05 8.64 10.40 10.07 -9999 -9999 -9999 -9999 -9999 -9999 -9999 -9999 -9999 -9999 -9999 -9999 -9999 -9999 -9999 -9999 -9999
-9999 -9999 -9999 -9999 -9999 -9999 6.64 8.47 9.66 11.68 8.81 -9999 -9999 -9999 -9999 -9999 -9999 -9999 -9999 -9999 -9999 -9999 8.54 10.70 8.74 6.78 7.44 6.89 7.30 6.12 5.31 5.65 5.84 4.34 7.55 6.37 8.09 6.77 9.50 6.89 7.79 7.10 8.30 7.58 7.66 7.48 6.63 6.27 5.45 5.24 6.97 7.48 7.60 7.13 7.35 7.38 7.46 7.82 8.95 9.27 9.31 10.00 -9999 -9999 -9999 -9999 -9999 -9999 -9999 -9999 -9999 -9999 -9999 -9999 -9999 -9999 -9999 -9999 -9999
-9999 -9999 -9999 -9999 -9999 7.75 6.99 10.33 9.19 9.19 -9999 -9999 -9999 -9999 -9999 -9999 -9999 -9999 -9999 -9999 -9999 -9999 -9999 8.63 7.08 6.95 7.83 6.47 7.61 6.40 5.78 5.43 4.87 3.88 7.16 7.28 7.86 7.83 8.62 8.60 8.68 8.55 8.48 8.63 8.44 7.22 6.77 6.47 5.90 5.41 5.76 8.39 8.12 7.00 6.90 7.16 7.09 7.32 7.68 7.91 7.84 8.49 9.39 9.87 -9999 -9999 -9999 -9999 -9999 -9999 -9999 -9999 -9999 -9999 -9999 -9999 -9999 -9999 -9999
-9999 -9999 -9999 -9999 -9999 8.89 9.44 7.55 8.06 8.64 -9999 -9999 -9999 -9999 -9999 -9999 -9999 -9999 -9999 -9999 -9999 -9999 -9999 -9999 7.58 7.87 7.27 6.74 7.37 6.81 6.65 6.19 5.78 4.17 7.37 6.79 6.07 7.68 7.42 6.86 9.17 9.54 8.11 9.10 8.55 8.18 6.96 6.55 6.27 5.84 5.71 6.38 6.86 6.71 6.93 7.09 7.21 7.18 7.26 7.23 7.31 8.81 9.06 9.08 -9999 -9999 -9999 -9999 -9999 -9999 -9999 -9999 -9999 -9999 -9999 -9999 -9999 -9999 -9999
-9999 -9999 -9999 -9999 -9999 9.41 8.58 8.89 8.59 -9999 -9999 -9999 -9999 -9999 -9999 -9999 -9999 -9999 -9999 -9999 -9999 -9999 -9999 -9999 8.36 8.14 7.66 -9999 7.62 -9999 7.08 6.62 6.12 5.10 4.98 7.26 6.29 6.89 8.81 4.99 5.85 9.07 8.39 8.50 8.46 7.83 7.04 6.75 6.60 6.25 6.00 6.06 6.61 7.30 6.95 7.35 6.92 6.75 7.31 7.85 7.66 7.25 7.25 8.39 9.64 10.19 -9999 -9999 -9999 -9999 -9999 -9999 -9999 -9999 -9999 -9999 -9999 -9999 -9999
-9999 -9999 -9999 -9999 9.81 9.02 8.72 -9999 -9999 -9999 -9999 -9999 -9999 -9999 -9999 -9999 -9999 -9999 -9999 -9999 -9999 -9999 -9999 -9999 9.03 8.30 7.70 -9999 -9999 -9999 6.82 7.15 5.73 6.23 6.68 5.32 4.64 5.69 8.01 7.68 5.21 7.83 8.98 7.95 8.65 8.17 7.55 6.56 6.57 6.39 6.27 6.23 6.32 6.57 6.64 6.77 6.20 6.87 7.51 7.80 7.91 7.77 7.36 7.59 8.55 9.53 -9999 -9999 -9999 -9999 -9999 -9999 -9999 -9999 -9999 -9999 -9999 -9999 -9999
-9999 -9999 -9999 -9999 -9999 -9999 -9999 -9999 -9999 -9999 -9999 -9999 -9999 -9999 -9999 -9999 -9999 -9999 -9999 -9999 -9999 -9999 -9999 -9999 -9999 -9999 -9999 -9999 -9999 7.14 5.63 5.47 6.59 7.29 7.65 7.23 5.98 6.16 7.62 7.49 6.35 5.49 7.63 8.69 8.03 7.74 7.31 6.83 6.66 6.70 6.41 6.28 6.26 6.25 6.07 5.61 6.25 8.03 7.41 7.69 7.24 7.26 6.92 7.55 8.40 -9999 -9999 -9999 -9999 -9999 -9999 -9999 -9999 -9999 -9999 -9999 -9999 -9999 -9999
-9999 -9999 -9999 -9999 -9999 -9999 -9999 -9999 -9999 -9999 -9999 -9999 -9999 -9999 -9999 -9999 -9999 -9999 -9999 -9999 -9999 -9999 -9999 -9999 -9999 -9999 -9999 -9999 -9999 6.61 5.17 5.73 7.56 9.04 8.38 6.93 7.33 6.04 6.04 5.76 6.62 6.72 7.56 8.00 7.85 7.39 7.19 6.99 6.64 6.69 6.32 6.24 6.22 6.25 6.01 5.41 5.84 8.18 8.05 7.21 6.92 6.77 6.74 7.46 8.54 -9999 -9999 -9999 -9999 -9999 -9999 -9999 -9999 -9999 -9999 -9999 -9999 -9999 -9999
-9999 -9999 -9999 -9999 -9999 -9999 -9999 -9999 -9999 -9999 -9999 -9999 -9999 -9999 -9999 -9999 -9999 -9999 -9999 -9999 -9999 -9999 -9999 -9999 -9999 -9999 -9999 -9999 -9999 6.19 4.86 5.00 6.87 7.66 7.44 7.01 7.07 6.79 6.79 6.17 6.25 6.36 5.67 7.84 7.15 7.83 7.33 7.21 6.56 6.32 6.22 6.11 6.12 6.15 6.09 5.73 5.62 6.87 7.61 7.33 6.91 6.77 6.68 7.31 8.34 -9999 -9999 -9999 -9999 -9999 -9999 -9999 -9999 -9999 -9999 -9999 -9999 -9999 -9999
-9999 -9999 -9999 -9999 -9999 -9999 -9999 -9999 -9999 -9999 -9999 -9999 -9999 -9999 -9999 -9999 -9999 -9999 -9999 -9999 -9999 -9999 -9999 -9999 -9999 -9999 -9999 8.23 7.20 5.78 4.65 6.07 7.30 8.77 7.25 7.93 5.81 6.41 6.39 7.29 7.58 7.17 8.06 6.24 6.48 6.59 6.57 6.41 6.79 6.20 6.03 6.10 5.98 6.05 6.16 6.02 5.88 6.09 7.25 7.30 6.97 6.72 6.65 7.02 7.96 8.90 -9999 -9999 -9999 -9999 -9999 -9999 -9999 -9999 -9999 -9999 -9999 -9999 -9999
-9999 -9999 -9999 -9999 -9999 -9999 -9999 -9999 -9999 -9999 -9999 -9999 -9999 -9999 -9999 -9999 -9999 -9999 -9999 -9999 -9999 -9999 -9999 -9999 -9999 -9999 -9999 7.74 6.70 5.90 5.33 5.48 7.07 6.21 6.02 5.01 6.05 7.59 6.51 7.86 7.54 8.03 6.41 8.10 6.91 7.41 7.07 7.08 6.53 6.31 6.04 5.88 5.89 6.01 6.11 6.21 6.05 5.92 6.40 7.34 7.17 6.74 6.66 6.79 7.50 8.49 -9999 -9999 -9999 -9999 -9999 -9999 -9999 -9999 -9999 -9999 -9999 -9999 -9999
-9999 -9999 -9999 -9999 -9999 -9999 -9999 -9999 -9999 -9999 -9999 -9999 -9999 -9999 -9999 -9999 -9999 -9999 -9999 -9999 -9999 -9999 -9999 -9999 -9999 -9999 -9999 7.67 6.57 6.11 5.76 5.82 6.13 6.53 5.95 5.52 6.44 6.36 6.00 7.15 8.49 7.40 7.13 6.32 7.15 6.22 6.45 6.66 6.76 6.34 6.15 5.87 5.87 6.00 6.13 6.26 6.23 5.95 6.11 7.00 7.52 6.92 6.64 6.76 7.10 7.84 8.74 -9999 -9999 -9999 -9999 -9999 -9999 -9999 -9999 -9999 -9999 -9999 -9999
-9999 -9999 -9999 -9999 -9999 -9999 -9999 -9999 -9999 -9999 -9999 -9999 -9999 -9999 -9999 -9999 -9999 -9999 -9999 -9999 -9999 -9999 -9999 -9999 -9999 -9999 -9999 7.50 6.62 6.32 6.24 6.06 5.96 6.10 6.55 7.08 5.67 5.33 6.01 8.14 8.21 8.86 8.07 7.02 6.95 7.19 6.41 5.95 6.42 6.67 6.16 5.91 5.93 5.96 6.15 6.36 6.47 6.25 6.21 7.21 7.93 7.41 7.15 7.16 7.07 7.28 8.11 8.97 -9999 -9999 -9999 -9999 -9999 -9999 -9999 -9999 -9999 -9999 -9999
-9999 -9999 -9999 -9999 -9999 -9999 -9999 -9999 -9999 -9999 -9999 -9999 -9999 -9999 -9999 -9999 -9999 -9999 -9999 -9999 -9999 -9999 -9999 -9999 -9999 -9999 -9999 7.56 6.57 6.29 6.10 5.81 5.53 6.10 6.00 6.28 6.29 7.24 8.09 8.44 7.45 8.46 7.65 7.40 6.64 7.37 7.03 6.46 6.10 6.04 6.10 5.97 6.00 6.12 6.33 6.52 6.71 6.75 6.79 7.08 7.67 7.68 7.46 7.46 7.45 7.33 7.47 8.37 -9999 -9999 -9999 -9999 -9999 -9999 -9999 -9999 -9999 -9999 -9999
-9999 -9999 -9999 -9999 -9999 -9999 -9999 -9999 -9999 -9999 -9999 -9999 -9999 -9999 -9999 -9999 -9999 -9999 -9999 -9999 -9999 -9999 -9999 -9999 -9999 -9999 -9999 -9999 6.62 6.35 5.99 5.42 5.49 6.51 6.63 6.79 6.02 6.03 7.10 7.21 8.48 8.33 7.31 6.36 6.62 6.65 7.17 6.56 6.32 6.59 6.41 6.11 6.21 6.30 6.51 6.61 6.74 6.93 7.11 7.21 7.17 7.42 7.62 7.73 -9999 7.67 7.87 8.42 9.36 -9999 -9999 -9999 -9999 -9999 -9999 -9999 -9999 -9999 -9999
-9999 -9999 -9999 -9999 -9999 -9999 -9999 -9999 -9999 -9999 -9999 -9999 -9999 -9999 -9999 -9999 -9999 -9999 -9999 -9999 -9999 -9999 -9999 -9999 -9999 -9999 -9999 7.46 6.62 6.34 5.86 5.16 4.90 7.03 7.51 6.41 7.60 7.43 6.31 6.44 8.96 8.60 8.96 7.42 6.58 7.49 6.62 6.19 6.46 6.52 6.41 6.49 6.37 6.47 6.59 6.74 6.68 6.76 7.54 7.21 6.94 7.66 7.46 7.70 7.73 -9999 8.31 8.78 9.55 10.14 -9999 -9999 -9999 -9999 -9999 -9999 -9999 -9999 -9999
-9999 -9999 -9999 -9999 -9999 -9999 -9999 -9999 -9999 -9999 -9999 -9999 -9999 -9999 -9999 -9999 -9999 -9999 -9999 -9999 -9999 -9999 -9999 -9999 -9999 -9999 -9999 7.26 6.40 6.15 5.85 6.27 5.57 6.25 7.80 6.33 6.47 6.52 5.21 5.25 7.57 8.10 8.38 6.86 7.80 8.12 6.87 7.19 6.68 6.88 6.84 6.72 6.53 6.58 6.65 6.70 6.60 6.58 6.78 7.02 6.58 6.75 7.23 7.24 7.75 7.98 -9999 -9999 -9999 -9999 -9999 -9999 -9999 -9999 -9999 -9999 -9999 -9999 -9999
-9999 -9999 -9999 -9999 -9999 -9999 -9999 -9999 -9999 -9999 -9999 -9999 -9999 -9999 -9999 -9999 -9999 -9999 -9999 -9999 -9999 -9999 -9999 -9999 -9999 -9999 8.21 6.86 6.18 6.49 6.36 6.34 6.03 6.48 6.61 6.38 6.21 5.74 5.37 5.30 6.59 8.42 9.02 7.44 8.79 8.45 7.14 7.11 6.46 6.69 6.96 6.80 6.58 6.71 6.70 6.69 6.72 6.60 6.78 6.95 6.79 6.60 7.40 7.43 7.51 7.69 8.31 8.93 -9999 -9999 -9999 -9999 -9999 -9999 -9999 -9999 -9999 -9999 -9999
-9999 -9999 -9999 -9999 -9999 -9999 -9999 -9999 -9999 -9999 -9999 -9999 -9999 -9999 -9999 -9999 -9999 -9999 -9999 -9999 -9999 -9999 -9999 -9999 -9999 -9999 -9999 7.01 6.29 6.19 6.50 7.39 6.33 6.17 6.17 6.40 6.49 6.03 5.57 5.01 5.00 7.16 8.50 9.44 8.33 8.60 7.97 7.33 7.25 6.25 6.55 7.13 6.68 6.66 6.61 6.64 6.76 6.68 6.82 7.14 6.93 6.50 6.60 7.96 7.64 7.53 7.74 8.12 8.75 9.52 -9999 -9999 -9999 -9999 -9999 -9999 -9999 -9999 -9999
-9999 -9999 -9999 -9999 -9999 -9999 -9999 -9999 -9999 -9999 -9999 -9999 -9999 -9999 -9999 -9999 -9999 -9999 -9999 -9999 -9999 -9999 -9999 -9999 -9999 -9999 -9999 7.07 6.56 6.27 6.39 6.57 6.64 6.52 6.31 6.39 6.16 5.94 5.67 5.33 5.35 5.10 7.86 9.33 9.73 8.98 8.34 7.73 6.91 6.87 6.67 7.33 6.76 6.71 6.61 6.66 6.70 6.73 7.04 7.23 7.09 6.57 6.71 7.77 7.73 8.03 7.49 7.47 7.95 8.73 -9999 -9999 -9999 -9999 -9999 -9999 -9999 -9999 -9999
-9999 -9999 -9999 -9999 -9999 -9999 -9999 9.38 9.00 9.35 9.98 -9999 -9999 -9999 -9999 -9999 -9999 -9999 -9999 -9999 -9999 -9999 -9999 -9999 -9999 -9999 7.53 6.82 6.79 6.46 6.89 6.73 6.54 6.53 6.53 6.40 6.32 6.12 5.83 5.52 4.96 6.27 7.93 8.17 7.43 9.32 9.11 7.37 7.08 6.02 7.49 7.61 6.87 6.76 6.64 6.68 6.73 6.78 7.06 7.43 7.36 6.82 6.66 6.83 7.81 8.01 8.29 7.43 7.29 8.01 8.94 -9999 -9999 -9999 -9999 -9999 -9999 -9999 -9999
-9999 -9999 -9999 -9999 -9999 -9999 -9999 8.73 8.25 8.37 8.83 -9999 -9999 -9999 -9999 -9999 -9999 -9999 -9999 -9999 -9999 -9999 -9999 -9999 -9999 7.59 7.26 6.81 6.92 7.36 6.79 6.80 6.33 6.35 6.44 6.34 6.42 6.39 5.79 5.32 5.10 6.01 9.01 8.97 7.25 8.47 8.41 8.16 6.56 6.04 7.11 7.47 7.02 6.58 6.53 6.70 6.97 6.97 7.10 7.36 7.61 7.19 6.87 6.71 7.57 7.82 7.99 7.54 7.34 7.56 8.47 -9999 -9999 -9999 -9999 -9999 -9999 -9999 -9999
-9999 -9999 -9999 -9999 -9999 10.72 8.83 7.74 7.75 7.69 8.34 8.39 9.11 9.65 -9999 -9999 9.84 9.26 -9999 -9999 -9999 7.98 8.71 8.50 -9999 6.77 7.33 6.95 6.81 6.98 6.66 6.80 6.71 6.93 6.70 6.67 6.27 6.28 5.73 5.76 7.34 6.17 7.23 8.30 5.88 6.93 9.51 7.10 7.64 6.55 7.07 7.19 6.91 6.73 6.72 6.86 7.06 6.96 7.14 7.26 7.68 7.26 6.96 6.81 6.97 7.39 8.07 7.97 7.38 7.30 8.02 9.03 -9999 -9999 -9999 -9999 -9999 -9999 -9999
-9999 -9999 -9999 -9999 -9999 -9999 9.12 8.07 7.58 7.23 7.38 8.21 9.08 8.15 -9999 8.44 8.11 8.88 8.68 9.14 7.26 6.37 8.25 8.70 8.14 -9999 6.41 7.07 6.96 6.54 6.54 6.96 6.68 6.49 6.40 6.29 6.31 5.92 5.65 5.62 7.43 7.78 7.50 7.84 7.33 8.18 8.67 8.11 6.76 6.46 7.47 7.43 6.78 7.00 6.84 7.18 7.22 7.03 7.09 7.20 7.72 7.36 7.07 6.93 6.71 7.08 7.63 8.11 7.70 7.29 7.62 8.59 -9999 -9999 -9999 -9999 -9999 -9999 -9999
