ML/MeanWindSpeed_1998-10_Actual.txt
ncols         180
nrows         290
xllcorner     -200000
yllcorner     -200000
cellsize      5000
NODATA_value  -9999
[rows 140 to 174 of 290, columns 77 to 153 of 180]
-9999 -9999 -9999 -9999 16.78 -9999 -9999 -9999 15.30 14.79 12.49 12.30 14.04 -9999 -9999 14.68 12.33 15.03 16.58 -9999 -9999 -9999 -9999 -9999 13.76 11.47 8.18 8.13 7.41 8.25 8.54 9.62 10.34 9.00 12.92 16.68 17.78 14.81 16.48 16.94 16.91 13.44 13.62 13.23 11.24 8.27 7.93 8.36 5.50 6.33 9.43 12.49 -9999 -9999 -9999 -9999 -9999 -9999 -9999 -9999 -9999 -9999 -9999 -9999 -9999 -9999 -9999 -9999 -9999 -9999 -9999 -9999 -9999 -9999 -9999 -9999 -9999
-9999 -9999 -9999 -9999 17.07 16.79 -9999 -9999 -9999 15.38 15.25 14.55 15.31 -9999 -9999 -9999 -9999 15.78 -9999 -9999 -9999 -9999 -9999 -9999 12.01 10.15 8.69 9.11 9.26 9.35 9.28 10.10 10.30 10.64 12.81 17.82 19.19 14.58 20.18 18.89 19.24 14.47 13.72 14.92 11.49 9.21 8.30 6.42 4.91 6.35 9.21 12.14 -9999 -9999 -9999 -9999 -9999 -9999 -9999 -9999 -9999 -9999 -9999 -9999 -9999 -9999 -9999 -9999 -9999 -9999 -9999 -9999 -9999 -9999 -9999 -9999 -9999
-9999 -9999 -9999 -9999 -9999 18.60 -9999 -9999 -9999 -9999 15.85 16.73 16.49 -9999 -9999 -9999 -9999 -9999 -9999 -9999 -9999 -9999 -9999 13.65 11.45 10.72 10.16 10.20 11.47 11.23 10.90 11.47 11.60 12.51 13.00 16.59 23.92 22.96 21.37 19.98 16.12 14.07 13.46 10.67 7.91 9.91 9.79 6.18 5.56 7.23 9.47 12.29 14.67 -9999 -9999 -9999 -9999 -9999 -9999 -9999 -9999 -9999 -9999 -9999 -9999 -9999 -9999 -9999 -9999 -9999 -9999 -9999 -9999 -9999 -9999 -9999 -9999
-9999 -9999 -9999 -9999 -9999 20.09 -9999 -9999 -9999 -9999 -9999 -9999 -9999 -9999 -9999 -9999 -9999 -9999 -9999 -9999 -9999 -9999 -9999 13.13 10.16 8.49 7.38 7.26 15.99 12.48 11.13 14.12 11.79 13.99 11.10 14.09 22.23 26.11 20.56 16.79 20.53 21.98 19.30 15.43 12.88 7.94 8.15 7.52 8.50 8.26 9.58 12.43 14.41 15.65 -9999 -9999 -9999 -9999 -9999 -9999 -9999 -9999 -9999 -9999 -9999 -9999 -9999 -9999 -9999 -9999 -9999 -9999 -9999 -9999 -9999 -9999 -9999
-9999 -9999 -9999 -9999 -9999 -9999 -9999 -9999 -9999 -9999 -9999 -9999 -9999 -9999 -9999 -9999 -9999 -9999 -9999 -9999 -9999 -9999 14.30 11.92 9.09 7.65 11.05 6.53 21.07 18.99 10.41 12.29 11.45 11.46 12.53 11.57 15.42 25.54 22.47 18.69 16.33 14.82 16.91 15.69 13.64 10.86 9.18 8.56 8.25 8.68 10.58 11.27 12.04 13.44 -9999 -9999 -9999 -9999 -9999 -9999 -9999 -9999 -9999 -9999 -9999 -9999 -9999 -9999 -9999 -9999 -9999 -9999 -9999 -9999 -9999 -9999 -9999
-9999 -9999 -9999 -9999 -9999 -9999 -9999 -9999 -9999 -9999 -9999 -9999 -9999 -9999 -9999 -9999 -9999 -9999 -9999 -9999 -9999 -9999 13.02 12.42 8.13 9.72 18.39 10.51 7.57 13.86 14.63 12.20 11.68 11.39 11.12 10.15 10.15 12.00 21.81 18.76 17.13 14.68 14.23 13.71 11.18 10.41 10.01 10.85 9.31 10.53 10.20 10.69 10.50 11.16 12.23 13.03 13.51 -9999 -9999 -9999 -9999 -9999 -9999 -9999 -9999 -9999 -9999 -9999 -9999 -9999 -9999 -9999 -9999 -9999 -9999 -9999 -9999
-9999 -9999 -9999 -9999 -9999 -9999 -9999 -9999 -9999 -9999 -9999 -9999 -9999 -9999 -9999 -9999 -9999 -9999 -9999 -9999 -9999 -9999 13.06 11.44 9.96 13.59 9.02 8.90 11.03 16.66 12.81 11.07 15.17 9.37 12.28 10.68 9.45 9.39 13.24 15.61 15.33 14.44 13.63 10.95 10.71 9.88 9.31 9.19 9.69 9.73 10.19 9.62 9.43 9.57 12.88 11.01 12.61 14.05 14.35 -9999 -9999 -9999 -9999 -9999 -9999 -9999 -9999 -9999 -9999 -9999 -9999 -9999 -9999 -9999 -9999 -9999 -9999
-9999 -9999 -9999 -9999 -9999 -9999 -9999 -9999 -9999 -9999 -9999 -9999 -9999 -9999 -9999 -9999 -9999 -9999 -9999 -9999 -9999 -9999 13.33 11.85 12.19 18.22 19.53 13.83 9.70 12.72 14.36 17.15 11.63 15.35 13.16 11.69 10.94 10.19 8.63 9.64 14.95 14.21 13.08 12.05 10.77 10.05 10.15 10.22 9.66 9.92 9.68 9.00 9.23 8.98 9.67 12.47 12.02 12.40 14.37 14.94 13.45 -9999 -9999 -9999 -9999 -9999 -9999 -9999 -9999 -9999 -9999 -9999 -9999 -9999 -9999 -9999 -9999
-9999 -9999 -9999 -9999 -9999 -9999 -9999 -9999 -9999 -9999 -9999 -9999 -9999 -9999 -9999 -9999 -9999 -9999 -9999 -9999 -9999 -9999 14.12 11.72 13.51 14.78 9.72 22.99 19.29 12.46 15.71 13.17 17.68 18.29 13.55 11.06 11.02 10.63 8.19 17.02 15.75 15.49 15.94 16.05 14.75 10.80 12.03 10.72 10.27 10.17 9.85 9.45 8.68 7.72 8.57 11.54 10.38 9.92 10.91 12.87 11.53 15.66 -9999 -9999 -9999 -9999 -9999 -9999 -9999 -9999 -9999 -9999 -9999 -9999 -9999 -9999 -9999
-9999 -9999 -9999 -9999 -9999 -9999 -9999 -9999 -9999 -9999 15.48 16.09 17.73 -9999 -9999 -9999 -9999 -9999 -9999 -9999 -9999 -9999 -9999 13.17 11.16 9.00 11.43 14.42 18.32 12.01 9.51 15.85 15.49 14.05 12.15 13.87 13.28 10.61 10.82 14.46 15.11 19.30 17.69 14.80 13.84 14.27 12.39 10.99 10.52 10.14 10.08 9.18 8.15 12.90 11.95 15.74 16.33 14.98 13.60 10.44 13.65 14.88 14.76 -9999 -9999 -9999 -9999 -9999 -9999 -9999 -9999 -9999 -9999 -9999 -9999 -9999 -9999
-9999 -9999 -9999 -9999 -9999 -9999 -9999 -9999 -9999 -9999 12.03 12.75 -9999 -9999 -9999 -9999 -9999 -9999 -9999 -9999 -9999 -9999 -9999 -9999 11.23 7.41 12.26 13.78 22.60 13.38 13.94 13.71 11.73 10.68 10.59 9.90 18.54 10.94 11.75 17.69 15.25 12.05 11.30 16.27 11.46 14.47 12.08 10.69 10.07 10.00 9.55 10.00 12.27 13.28 12.67 12.55 12.07 13.37 14.39 13.59 13.73 13.62 16.87 -9999 -9999 -9999 -9999 -9999 -9999 -9999 -9999 -9999 -9999 -9999 -9999 -9999 -9999
-9999 -9999 -9999 -9999 -9999 -9999 -9999 -9999 -9999 12.14 14.27 14.55 15.68 -9999 -9999 -9999 -9999 -9999 -9999 -9999 -9999 -9999 -9999 -9999 11.80 12.59 13.44 14.56 12.04 13.87 11.71 11.71 11.07 10.23 12.05 10.14 7.83 17.60 12.80 11.93 15.96 13.73 16.78 13.23 13.34 11.56 11.20 10.61 10.55 9.78 9.36 10.91 12.41 11.31 12.56 14.09 13.67 14.22 13.73 13.87 14.15 12.38 16.20 15.67 -9999 -9999 -9999 -9999 -9999 -9999 -9999 -9999 -9999 -9999 -9999 -9999 -9999
-9999 -9999 -9999 -9999 -9999 -9999 -9999 -9999 11.40 15.42 16.91 21.51 15.70 -9999 -9999 -9999 -9999 -9999 -9999 -9999 -9999 -9999 -9999 -9999 13.48 17.64 13.97 9.41 11.50 11.07 11.87 10.25 9.60 10.50 11.87 9.26 15.83 12.04 15.96 12.47 17.55 11.13 12.47 9.96 12.44 10.58 10.95 11.17 9.94 9.90 9.39 9.86 13.66 14.13 13.52 12.39 12.71 12.39 12.40 12.71 14.55 14.32 13.84 15.21 -9999 -9999 -9999 -9999 -9999 -9999 -9999 -9999 -9999 -9999 -9999 -9999 -9999
-9999 -9999 -9999 -9999 -9999 -9999 -9999 13.54 11.71 19.29 16.55 17.05 -9999 -9999 -9999 -9999 -9999 -9999 -9999 -9999 -9999 -9999 -9999 -9999 -9999 13.66 10.78 9.42 12.40 9.85 12.71 10.86 10.10 9.63 10.70 9.05 15.87 15.38 16.72 15.57 16.33 16.34 16.03 13.81 13.08 13.28 12.39 10.27 10.06 10.11 9.85 9.88 11.01 16.12 14.39 11.40 10.74 10.83 10.58 10.71 10.67 10.80 10.48 11.96 14.65 16.49 -9999 -9999 -9999 -9999 -9999 -9999 -9999 -9999 -9999 -9999 -9999
-9999 -9999 -9999 -9999 -9999 -9999 -9999 16.02 16.98 13.10 14.93 16.36 -9999 -9999 -9999 -9999 -9999 -9999 -9999 -9999 -9999 -9999 -9999 -9999 -9999 -9999 11.83 11.49 10.92 10.20 12.27 11.80 11.56 10.50 11.01 8.65 15.66 14.64 13.75 16.04 14.02 13.19 18.09 17.42 12.82 14.75 13.16 12.39 10.36 10.11 10.17 9.98 10.40 11.59 11.87 10.93 10.68 10.46 10.40 9.97 9.83 9.94 10.12 13.57 14.66 15.13 -9999 -9999 -9999 -9999 -9999 -9999 -9999 -9999 -9999 -9999 -9999
-9999 -9999 -9999 -9999 -9999 -9999 -9999 17.14 15.10 16.05 15.84 -9999 -9999 -9999 -9999 -9999 -9999 -9999 -9999 -9999 -9999 -9999 -9999 -9999 -9999 -9999 13.22 12.65 12.02 -9999 12.97 -9999 12.02 10.11 8.55 7.43 8.29 14.71 14.08 14.59 18.35 10.52 11.67 17.96 15.26 14.10 13.72 12.19 10.64 10.19 10.01 9.73 10.12 10.68 11.66 12.64 11.15 11.66 10.23 9.11 10.39 12.01 11.62 11.19 11.63 14.31 17.53 19.23 -9999 -9999 -9999 -9999 -9999 -9999 -9999 -9999 -9999
-9999 -9999 -9999 -9999 -9999 -9999 17.64 16.25 15.67 -9999 -9999 -9999 -9999 -9999 -9999 -9999 -9999 -9999 -9999 -9999 -9999 -9999 -9999 -9999 -9999 -9999 15.04 13.67 12.56 -9999 -9999 -9999 11.81 11.49 7.08 7.97 10.13 9.50 9.75 12.26 17.26 16.99 10.72 15.55 17.18 13.34 14.69 13.11 11.60 9.55 9.78 9.64 9.92 10.34 10.82 11.18 10.98 11.31 9.60 9.85 11.31 12.68 13.32 13.30 12.42 12.90 15.28 17.87 -9999 -9999 -9999 -9999 -9999 -9999 -9999 -9999 -9999
-9999 -9999 -9999 -9999 -9999 -9999 -9999 -9999 -9999 -9999 -9999 -9999 -9999 -9999 -9999 -9999 -9999 -9999 -9999 -9999 -9999 -9999 -9999 -9999 -9999 -9999 -9999 -9999 -9999 -9999 -9999 13.23 10.73 9.50 10.67 11.67 12.98 13.38 11.88 12.81 16.30 15.70 13.24 10.94 14.50 15.64 13.57 12.15 10.98 10.20 10.11 10.43 10.02 10.08 10.40 10.49 10.36 9.79 10.74 13.57 11.80 12.86 12.21 12.44 11.50 13.00 15.20 -9999 -9999 -9999 -9999 -9999 -9999 -9999 -9999 -9999 -9999
-9999 -9999 -9999 -9999 -9999 -9999 -9999 -9999 -9999 -9999 -9999 -9999 -9999 -9999 -9999 -9999 -9999 -9999 -9999 -9999 -9999 -9999 -9999 -9999 -9999 -9999 -9999 -9999 -9999 -9999 -9999 12.35 10.23 10.93 13.23 16.54 15.45 11.99 13.50 10.76 11.73 10.80 12.63 13.47 14.32 14.32 13.85 12.23 11.52 10.97 10.18 10.53 10.03 10.12 10.32 10.50 10.39 9.79 10.49 14.91 13.86 11.83 11.53 11.36 11.18 12.81 15.50 -9999 -9999 -9999 -9999 -9999 -9999 -9999 -9999 -9999 -9999
-9999 -9999 -9999 -9999 -9999 -9999 -9999 -9999 -9999 -9999 -9999 -9999 -9999 -9999 -9999 -9999 -9999 -9999 -9999 -9999 -9999 -9999 -9999 -9999 -9999 -9999 -9999 -9999 -9999 -9999 -9999 11.07 9.40 9.73 13.07 14.50 14.10 13.08 11.99 10.76 11.83 10.27 9.94 11.18 9.60 14.30 12.55 13.51 11.86 11.40 10.08 10.02 10.31 10.37 10.49 10.47 10.46 10.21 10.19 12.71 13.41 11.99 11.21 11.25 11.05 12.41 14.89 -9999 -9999 -9999 -9999 -9999 -9999 -9999 -9999 -9999 -9999
-9999 -9999 -9999 -9999 -9999 -9999 -9999 -9999 -9999 -9999 -9999 -9999 -9999 -9999 -9999 -9999 -9999 -9999 -9999 -9999 -9999 -9999 -9999 -9999 -9999 -9999 -9999 -9999 -9999 14.76 12.28 9.94 9.06 12.22 14.52 17.89 13.95 15.58 9.53 10.62 10.52 11.23 11.89 11.86 14.31 10.71 10.88 10.77 10.66 10.06 11.01 10.14 10.27 10.77 10.49 10.50 10.62 10.37 10.43 11.03 12.86 11.70 10.75 10.82 10.92 11.68 13.94 16.41 -9999 -9999 -9999 -9999 -9999 -9999 -9999 -9999 -9999
-9999 -9999 -9999 -9999 -9999 -9999 -9999 -9999 -9999 -9999 -9999 -9999 -9999 -9999 -9999 -9999 -9999 -9999 -9999 -9999 -9999 -9999 -9999 -9999 -9999 -9999 -9999 -9999 -9999 13.64 10.92 9.57 9.11 10.05 13.86 11.38 10.89 9.02 10.60 13.81 10.76 11.94 11.35 12.91 9.19 13.95 11.62 13.03 12.70 12.63 11.15 10.65 10.41 10.41 10.42 10.56 10.58 10.53 10.39 10.52 11.21 12.11 11.09 10.74 10.95 11.21 12.89 15.36 -9999 -9999 -9999 -9999 -9999 -9999 -9999 -9999 -9999
-9999 -9999 -9999 -9999 -9999 -9999 -9999 -9999 -9999 -9999 -9999 -9999 -9999 -9999 -9999 -9999 -9999 -9999 -9999 -9999 -9999 -9999 -9999 -9999 -9999 -9999 -9999 -9999 -9999 13.59 10.76 9.86 9.53 10.21 11.30 11.30 9.87 8.70 10.09 10.49 9.73 11.72 14.44 11.70 11.26 9.96 12.02 10.16 10.89 11.75 12.19 11.13 10.82 10.40 10.39 10.58 10.64 10.61 10.52 10.44 10.82 11.97 12.47 11.29 10.91 11.25 12.00 13.78 16.07 -9999 -9999 -9999 -9999 -9999 -9999 -9999 -9999
-9999 -9999 -9999 -9999 -9999 -9999 -9999 -9999 -9999 -9999 -9999 -9999 -9999 -9999 -9999 -9999 -9999 -9999 -9999 -9999 -9999 -9999 -9999 -9999 -9999 -9999 -9999 -9999 -9999 13.26 10.96 10.30 10.26 10.14 9.99 9.36 9.79 10.73 8.43 8.72 9.65 14.88 14.96 15.96 14.48 12.32 11.90 12.39 10.79 10.24 11.52 11.90 10.73 10.36 10.46 10.43 10.62 10.78 10.89 10.79 10.92 12.77 13.95 12.50 12.06 12.20 12.04 12.49 14.49 16.69 -9999 -9999 -9999 -9999 -9999 -9999 -9999
-9999 -9999 -9999 -9999 -9999 -9999 -9999 -9999 -9999 -9999 -9999 -9999 -9999 -9999 -9999 -9999 -9999 -9999 -9999 -9999 -9999 -9999 -9999 -9999 -9999 -9999 -9999 -9999 -9999 13.25 10.77 10.18 9.96 9.59 8.99 9.15 8.34 9.80 10.86 12.82 14.32 15.79 12.57 14.33 12.79 12.75 11.12 12.48 11.82 11.07 10.38 10.17 10.37 10.22 10.44 10.60 10.86 11.00 11.26 11.45 11.54 12.27 13.43 12.91 12.49 12.80 12.95 12.70 12.93 15.19 -9999 -9999 -9999 -9999 -9999 -9999 -9999
-9999 -9999 -9999 -9999 -9999 -9999 -9999 -9999 -9999 -9999 -9999 -9999 -9999 -9999 -9999 -9999 -9999 -9999 -9999 -9999 -9999 -9999 -9999 -9999 -9999 -9999 -9999 -9999 -9999 -9999 10.78 10.23 9.73 8.98 9.38 11.19 11.19 12.30 11.32 11.13 13.65 13.55 14.47 13.24 11.14 9.67 10.28 10.04 11.48 10.69 10.45 11.08 10.76 10.17 10.59 10.65 10.95 11.02 11.28 11.64 11.90 12.35 12.42 12.49 12.73 13.23 -9999 13.49 14.03 15.34 17.72 -9999 -9999 -9999 -9999 -9999 -9999
-9999 -9999 -9999 -9999 -9999 -9999 -9999 -9999 -9999 -9999 -9999 -9999 -9999 -9999 -9999 -9999 -9999 -9999 -9999 -9999 -9999 -9999 -9999 -9999 -9999 -9999 -9999 -9999 -9999 12.86 10.57 9.89 9.04 8.55 8.95 13.36 14.04 12.08 15.31 14.90 12.93 12.31 16.17 13.51 13.53 10.94 8.98 11.26 10.12 9.64 10.49 10.73 10.25 10.48 10.45 10.59 10.77 11.07 11.06 11.21 12.87 12.23 11.66 13.11 12.18 12.60 12.94 -9999 14.96 16.24 18.20 19.72 -9999 -9999 -9999 -9999 -9999
-9999 -9999 -9999 -9999 -9999 -9999 -9999 -9999 -9999 -9999 -9999 -9999 -9999 -9999 -9999 -9999 -9999 -9999 -9999 -9999 -9999 -9999 -9999 -9999 -9999 -9999 -9999 -9999 -9999 12.43 10.20 9.65 9.00 10.57 9.85 11.45 14.80 11.53 12.00 12.50 10.63 10.31 13.93 12.45 11.89 8.62 10.79 12.15 10.05 11.36 10.68 11.42 11.08 10.62 10.38 10.49 10.65 10.76 10.66 10.63 10.89 11.34 10.47 10.91 11.54 10.95 12.31 13.40 -9999 -9999 -9999 -9999 -9999 -9999 -9999 -9999 -9999
-9999 -9999 -9999 -9999 -9999 -9999 -9999 -9999 -9999 -9999 -9999 -9999 -9999 -9999 -9999 -9999 -9999 -9999 -9999 -9999 -9999 -9999 -9999 -9999 -9999 -9999 -9999 -9999 14.96 11.63 9.87 10.56 10.01 10.20 10.01 11.58 12.11 11.37 11.00 10.67 10.40 10.60 13.43 15.52 14.84 9.71 12.54 12.24 10.08 10.72 10.01 10.90 11.14 10.40 10.12 10.60 10.65 10.65 10.78 10.58 10.76 10.82 10.70 10.71 12.10 11.16 11.17 12.05 14.07 16.27 -9999 -9999 -9999 -9999 -9999 -9999 -9999
-9999 -9999 -9999 -9999 -9999 -9999 -9999 -9999 -9999 -9999 -9999 -9999 -9999 -9999 -9999 -9999 -9999 -9999 -9999 -9999 -9999 -9999 -9999 -9999 -9999 -9999 -9999 -9999 -9999 11.87 10.06 9.86 10.25 12.31 10.22 10.21 10.28 10.59 10.80 10.24 9.93 9.80 10.18 14.02 14.42 15.06 12.45 12.96 12.21 11.35 12.01 9.91 9.86 10.73 10.09 10.37 10.39 10.43 10.74 10.59 10.62 10.88 10.53 10.31 10.50 12.74 11.37 11.00 11.92 13.71 15.72 17.82 -9999 -9999 -9999 -9999 -9999
-9999 -9999 -9999 -9999 -9999 -9999 -9999 -9999 -9999 -9999 -9999 -9999 -9999 -9999 -9999 -9999 -9999 -9999 -9999 -9999 -9999 -9999 -9999 -9999 -9999 -9999 -9999 -9999 -9999 11.85 10.68 10.02 10.22 10.47 10.49 10.09 9.55 9.64 9.24 9.02 9.15 9.42 10.22 9.59 14.21 16.84 17.65 14.74 12.90 12.50 11.11 11.38 10.22 11.27 10.29 10.47 10.37 10.38 10.49 10.53 10.84 10.82 10.52 10.16 10.75 12.91 11.98 12.00 10.93 11.64 13.41 15.68 -9999 -9999 -9999 -9999 -9999
-9999 -9999 -9999 -9999 -9999 -9999 -9999 -9999 -9999 18.19 16.63 17.02 18.50 -9999 -9999 -9999 -9999 -9999 -9999 -9999 -9999 -9999 -9999 -9999 -9999 -9999 -9999 -9999 12.80 11.15 11.37 10.57 11.36 10.78 9.82 9.37 9.30 9.12 9.10 8.89 8.92 8.81 8.83 12.52 15.30 15.51 13.34 16.15 14.62 11.33 11.35 9.42 12.22 12.04 10.59 10.56 10.38 10.33 10.40 10.51 10.69 11.05 10.74 10.16 10.40 11.08 12.89 12.44 12.78 11.04 11.36 13.68 16.28 -9999 -9999 -9999 -9999
-9999 -9999 -9999 -9999 -9999 -9999 -9999 -9999 -9999 16.89 15.12 14.83 15.87 -9999 -9999 -9999 -9999 -9999 -9999 -9999 -9999 -9999 -9999 -9999 -9999 -9999 -9999 12.94 12.23 11.00 11.43 12.66 11.08 10.61 9.39 9.15 9.24 8.99 9.15 9.19 8.41 7.84 7.66 9.96 16.86 17.42 13.20 14.87 13.82 13.35 10.40 9.53 11.27 11.85 10.95 10.07 10.07 10.23 10.74 10.67 10.60 10.75 11.04 10.47 10.60 10.92 12.79 12.66 12.34 11.19 11.22 12.28 15.01 -9999 -9999 -9999 -9999
-9999 -9999 -9999 -9999 -9999 -9999 -9999 21.52 17.33 14.71 14.31 13.87 15.19 14.79 16.24 17.00 -9999 -9999 16.60 14.73 -9999 -9999 -9999 13.82 14.62 13.01 -9999 9.95 12.10 11.35 11.07 11.70 10.93 10.63 10.24 10.69 10.09 9.99 8.94 9.27 8.42 8.13 11.34 8.68 12.13 15.66 10.56 12.62 17.15 11.08 13.04 10.72 11.22 11.43 10.78 10.43 10.39 10.36 10.75 10.39 10.58 10.51 11.22 10.45 10.52 10.93 11.61 12.36 13.15 12.48 11.36 11.39 13.72 16.64 -9999 -9999 -9999
-9999 -9999 -9999 -9999 -9999 -9999 -9999 -9999 18.01 15.56 14.19 13.37 13.45 14.16 15.18 11.70 -9999 9.74 12.68 13.93 12.74 13.94 10.58 9.95 14.35 13.47 11.22 -9999 9.42 11.52 11.64 10.93 10.70 10.94 9.80 9.56 9.53 9.32 9.42 9.02 9.25 8.65 11.82 12.51 12.99 13.85 13.14 15.62 15.35 12.81 10.74 10.24 11.99 12.04 10.51 10.95 10.38 10.83 11.00 10.48 10.46 10.40 11.24 10.51 10.57 10.91 11.08 12.03 12.68 13.25 12.31 11.59 12.76 15.51 -9999 -9999 -9999
