ML/MeanWindSpeed_1993-01_Actual.txt
ncols         180
nrows         290
xllcorner     -200000
yllcorner     -200000
cellsize      5000
NODATA_value  -9999
[rows 102 to 135 of 290, columns 77 to 153 of 180]
-9999 19.10 20.42 21.95 8.01 26.62 19.54 18.75 14.31 30.40 18.92 31.57 19.64 18.71 29.97 16.71 10.18 22.47 30.23 30.11 18.03 18.82 20.28 18.50 15.26 13.86 13.52 13.64 19.76 17.34 17.58 17.37 18.10 18.65 18.55 19.36 -9999 -9999 -9999 -9999 -9999 -9999 -9999 -9999 -9999 -9999 -9999 -9999 -9999 -9999 -9999 -9999 -9999 -9999 -9999 -9999 -9999 -9999 -9999 -9999 -9999 -9999 -9999 -9999 -9999 -9999 -9999 -9999 -9999 -9999 -9999 -9999 -9999 -9999 -9999 -9999 -9999
16.82 14.41 10.07 10.21 17.73 28.84 10.77 15.37 29.15 20.74 21.40 28.90 30.02 24.49 11.71 22.59 23.13 28.67 24.21 19.48 25.59 26.89 20.33 16.36 13.16 13.00 15.33 21.26 17.90 16.62 17.82 16.80 16.80 17.76 -9999 -9999 -9999 -9999 -9999 -9999 -9999 -9999 -9999 -9999 -9999 -9999 -9999 -9999 -9999 -9999 -9999 -9999 -9999 -9999 -9999 -9999 -9999 -9999 -9999 -9999 -9999 -9999 -9999 -9999 -9999 -9999 -9999 -9999 -9999 -9999 -9999 -9999 -9999 -9999 -9999 -9999 -9999
15.94 16.43 17.96 14.47 19.06 10.20 8.78 14.75 21.47 18.22 14.69 14.64 17.60 21.13 27.07 18.02 22.52 20.15 23.87 26.27 21.72 20.66 17.41 14.96 13.28 13.28 17.47 17.50 15.16 15.34 15.63 17.25 17.20 -9999 -9999 -9999 -9999 -9999 -9999 -9999 -9999 -9999 -9999 -9999 -9999 -9999 -9999 -9999 -9999 -9999 -9999 -9999 -9999 -9999 -9999 -9999 -9999 -9999 -9999 -9999 -9999 -9999 -9999 -9999 -9999 -9999 -9999 -9999 -9999 -9999 -9999 -9999 -9999 -9999 -9999 -9999 -9999
19.68 16.86 21.06 15.41 10.27 13.80 21.50 22.33 19.82 16.53 18.51 25.47 18.35 22.48 14.76 18.39 24.41 17.38 12.89 12.67 15.15 13.45 13.09 14.64 15.08 13.15 15.04 14.44 14.50 18.32 17.35 17.74 17.68 -9999 -9999 -9999 -9999 -9999 -9999 -9999 -9999 -9999 -9999 -9999 -9999 -9999 -9999 -9999 -9999 -9999 -9999 -9999 -9999 -9999 -9999 -9999 -9999 -9999 -9999 -9999 -9999 -9999 -9999 -9999 -9999 -9999 -9999 -9999 -9999 -9999 -9999 -9999 -9999 -9999 -9999 -9999 -9999
18.37 19.35 16.46 18.57 23.33 21.92 26.43 16.77 22.32 11.88 25.17 14.44 28.67 15.54 20.14 30.05 20.01 15.86 19.16 17.31 13.31 12.99 11.95 11.94 13.90 12.48 12.48 15.13 16.07 16.15 16.48 14.86 16.94 18.20 -9999 -9999 -9999 -9999 -9999 -9999 -9999 -9999 -9999 -9999 -9999 -9999 -9999 -9999 -9999 -9999 -9999 -9999 -9999 -9999 -9999 -9999 -9999 -9999 -9999 -9999 -9999 -9999 -9999 -9999 -9999 -9999 -9999 -9999 -9999 -9999 -9999 -9999 -9999 -9999 -9999 -9999 -9999
19.81 19.94 12.40 22.60 17.26 11.64 18.65 24.76 23.94 12.06 24.98 21.67 22.68 17.20 23.85 19.62 21.59 26.56 20.66 18.42 16.16 14.24 14.14 16.21 17.02 19.10 18.60 16.41 14.56 13.80 17.38 15.47 18.96 19.02 20.68 -9999 -9999 -9999 -9999 -9999 -9999 -9999 -9999 -9999 -9999 -9999 -9999 -9999 -9999 -9999 -9999 -9999 -9999 -9999 -9999 -9999 -9999 -9999 -9999 -9999 -9999 -9999 -9999 -9999 -9999 -9999 -9999 -9999 -9999 -9999 -9999 -9999 -9999 -9999 -9999 -9999 -9999
20.72 15.43 20.82 21.35 16.59 11.45 21.44 23.84 29.83 15.06 24.04 20.08 20.60 19.19 20.31 12.84 15.58 17.46 16.39 12.67 15.26 18.57 23.54 22.08 20.24 17.30 16.49 18.81 13.40 15.80 17.78 18.79 19.47 19.89 20.74 21.04 -9999 -9999 -9999 -9999 -9999 -9999 -9999 -9999 -9999 -9999 -9999 -9999 -9999 -9999 -9999 -9999 -9999 -9999 -9999 -9999 -9999 -9999 -9999 -9999 -9999 -9999 -9999 -9999 -9999 -9999 -9999 -9999 -9999 -9999 -9999 -9999 -9999 -9999 -9999 -9999 -9999
14.22 21.70 25.82 14.58 12.03 19.22 27.68 20.74 11.62 16.52 35.49 17.95 17.08 18.93 18.84 15.56 14.49 11.69 11.48 16.82 25.19 24.11 20.62 18.90 15.35 14.48 15.44 17.94 15.79 17.45 17.17 16.96 18.35 19.12 19.78 -9999 -9999 -9999 -9999 -9999 -9999 -9999 -9999 -9999 -9999 -9999 -9999 -9999 -9999 -9999 -9999 -9999 -9999 -9999 -9999 -9999 -9999 -9999 -9999 -9999 -9999 -9999 -9999 -9999 -9999 -9999 -9999 -9999 -9999 -9999 -9999 -9999 -9999 -9999 -9999 -9999 -9999
17.14 18.54 17.50 16.27 25.39 15.57 23.78 24.45 24.83 18.92 15.82 30.00 18.91 15.60 13.85 13.58 12.90 11.92 11.17 16.93 13.90 12.63 11.43 14.14 17.51 15.77 16.16 15.54 16.05 18.62 18.61 -9999 -9999 -9999 -9999 -9999 -9999 -9999 -9999 -9999 -9999 -9999 -9999 -9999 -9999 -9999 -9999 -9999 -9999 -9999 -9999 -9999 -9999 -9999 -9999 -9999 -9999 -9999 -9999 -9999 -9999 -9999 -9999 -9999 -9999 -9999 -9999 -9999 -9999 -9999 -9999 -9999 -9999 -9999 -9999 -9999 -9999
19.90 17.29 13.00 23.50 24.18 27.10 27.80 13.98 25.25 25.52 15.10 20.62 21.71 16.40 16.01 17.44 19.31 20.94 14.56 12.90 12.24 12.63 13.70 15.07 16.98 15.99 16.22 17.74 17.82 -9999 -9999 -9999 -9999 -9999 -9999 -9999 -9999 -9999 -9999 -9999 -9999 -9999 -9999 -9999 -9999 -9999 -9999 -9999 -9999 -9999 -9999 -9999 -9999 -9999 -9999 -9999 -9999 -9999 -9999 -9999 -9999 -9999 -9999 -9999 -9999 -9999 -9999 -9999 -9999 -9999 -9999 -9999 -9999 -9999 -9999 -9999 -9999
18.62 15.26 24.04 18.29 25.15 28.63 24.09 20.44 26.60 26.64 16.41 15.98 14.43 14.25 15.40 16.81 21.80 23.65 18.55 15.59 13.39 13.04 15.06 14.55 15.27 16.26 19.48 21.38 19.21 -9999 -9999 -9999 -9999 -9999 -9999 -9999 -9999 -9999 -9999 -9999 -9999 -9999 -9999 -9999 -9999 -9999 -9999 -9999 -9999 -9999 -9999 -9999 -9999 -9999 -9999 -9999 -9999 -9999 -9999 -9999 -9999 -9999 -9999 -9999 -9999 -9999 -9999 -9999 -9999 -9999 -9999 -9999 -9999 -9999 -9999 -9999 -9999
-9999 18.49 23.73 18.68 24.55 24.29 26.67 19.01 17.52 19.63 18.56 17.58 17.21 13.36 26.36 26.17 23.71 23.67 18.41 14.03 13.82 13.42 13.63 13.52 13.70 15.60 15.40 -9999 -9999 -9999 -9999 -9999 19.15 17.68 18.23 17.98 -9999 -9999 -9999 -9999 -9999 -9999 -9999 -9999 -9999 -9999 -9999 -9999 -9999 -9999 -9999 -9999 -9999 -9999 -9999 -9999 -9999 -9999 -9999 -9999 -9999 -9999 -9999 -9999 -9999 -9999 -9999 -9999 -9999 -9999 -9999 -9999 -9999 -9999 -9999 -9999 -9999
-9999 19.26 25.92 18.67 15.54 30.74 18.31 18.88 18.00 16.24 17.69 20.02 24.08 18.54 18.39 16.26 16.15 15.02 15.63 15.97 16.35 15.73 14.55 15.21 15.91 15.48 15.29 16.52 17.96 -9999 -9999 16.56 15.76 15.45 14.28 15.48 17.11 18.37 -9999 -9999 -9999 -9999 -9999 -9999 -9999 -9999 -9999 -9999 -9999 -9999 -9999 -9999 -9999 -9999 -9999 -9999 -9999 -9999 -9999 -9999 -9999 -9999 -9999 -9999 -9999 -9999 -9999 -9999 -9999 -9999 -9999 -9999 -9999 -9999 -9999 -9999 -9999
18.12 23.12 19.39 20.75 23.23 25.49 17.95 20.41 23.92 22.18 20.11 16.45 16.45 17.43 16.33 16.12 15.27 14.67 15.50 17.00 16.70 15.21 17.05 17.67 14.72 13.58 14.24 15.09 17.21 15.61 15.90 16.33 14.71 12.48 13.92 18.03 18.75 21.65 16.81 -9999 -9999 -9999 -9999 -9999 -9999 -9999 -9999 -9999 -9999 -9999 -9999 -9999 -9999 -9999 -9999 -9999 -9999 -9999 -9999 -9999 -9999 -9999 -9999 -9999 -9999 -9999 -9999 -9999 -9999 -9999 -9999 -9999 -9999 -9999 -9999 -9999 -9999
24.42 19.92 24.89 22.98 19.47 18.37 -9999 23.18 26.81 20.96 18.40 16.19 15.63 15.45 16.02 16.77 15.74 15.05 17.42 17.46 17.57 16.27 15.07 14.88 13.54 14.31 15.24 17.30 15.31 13.64 16.53 14.97 14.30 13.25 16.00 19.22 19.60 21.20 18.84 20.79 22.66 18.37 -9999 -9999 -9999 -9999 -9999 -9999 -9999 -9999 -9999 -9999 -9999 -9999 -9999 -9999 -9999 -9999 -9999 -9999 -9999 -9999 -9999 -9999 -9999 -9999 -9999 -9999 -9999 -9999 -9999 -9999 -9999 -9999 -9999 -9999 -9999
29.91 21.88 -9999 21.73 23.71 19.07 -9999 24.59 29.64 21.74 19.84 16.85 16.77 16.09 16.08 14.84 14.43 13.91 14.85 17.88 17.95 18.00 15.47 15.02 16.39 17.98 21.09 18.63 14.61 12.81 14.88 14.84 14.75 21.47 23.06 19.57 19.55 18.38 18.17 18.44 15.94 17.88 -9999 -9999 -9999 -9999 -9999 -9999 -9999 -9999 -9999 -9999 -9999 -9999 -9999 -9999 -9999 -9999 -9999 -9999 -9999 -9999 -9999 -9999 -9999 -9999 -9999 -9999 -9999 -9999 -9999 -9999 -9999 -9999 -9999 -9999 -9999
24.80 22.69 -9999 -9999 24.01 20.76 20.03 23.72 25.72 17.69 18.12 20.93 18.68 17.69 17.06 20.32 16.01 12.81 13.32 14.27 16.68 17.74 19.05 16.54 19.94 21.09 18.53 16.97 16.90 15.73 16.43 17.82 18.81 18.40 22.12 19.62 18.74 18.63 14.18 14.01 15.70 18.04 19.38 -9999 -9999 -9999 -9999 -9999 -9999 -9999 -9999 -9999 -9999 -9999 -9999 -9999 -9999 -9999 -9999 -9999 -9999 -9999 -9999 -9999 -9999 -9999 -9999 -9999 -9999 -9999 -9999 -9999 -9999 -9999 -9999 -9999 -9999
-9999 -9999 -9999 -9999 -9999 21.99 19.90 24.74 19.99 15.79 17.18 19.23 21.29 19.57 18.18 19.61 19.27 15.81 12.06 14.77 18.17 16.69 16.37 17.33 20.21 18.68 16.37 16.89 17.11 21.62 20.67 18.08 17.13 15.50 19.02 18.42 17.41 18.37 14.78 13.74 13.81 14.17 15.64 -9999 -9999 -9999 -9999 -9999 -9999 -9999 -9999 -9999 -9999 -9999 -9999 -9999 -9999 -9999 -9999 -9999 -9999 -9999 -9999 -9999 -9999 -9999 -9999 -9999 -9999 -9999 -9999 -9999 -9999 -9999 -9999 -9999 -9999
19.10 26.25 28.18 -9999 -9999 -9999 21.70 22.75 18.77 16.90 16.31 17.17 19.59 20.74 21.38 21.53 19.39 17.97 15.59 11.58 17.41 16.03 15.55 16.15 15.27 15.21 18.43 16.15 20.90 25.78 23.47 19.70 19.44 15.37 16.92 16.59 17.13 17.58 14.61 13.45 13.26 13.41 15.13 16.52 -9999 -9999 -9999 -9999 -9999 -9999 -9999 -9999 -9999 -9999 -9999 -9999 -9999 -9999 -9999 -9999 -9999 -9999 -9999 -9999 -9999 -9999 -9999 -9999 -9999 -9999 -9999 -9999 -9999 -9999 -9999 -9999 -9999
24.47 27.84 30.72 22.68 -9999 -9999 -9999 21.25 19.41 16.64 15.70 15.79 16.27 18.84 19.35 18.52 16.66 16.55 16.54 16.33 14.70 15.15 15.08 17.50 16.57 20.61 14.76 16.81 16.26 16.93 23.08 22.47 18.91 17.32 15.08 14.80 15.31 15.65 13.78 13.42 12.74 13.76 14.54 14.42 15.22 -9999 -9999 -9999 -9999 -9999 -9999 -9999 -9999 -9999 -9999 -9999 -9999 -9999 -9999 -9999 -9999 -9999 -9999 -9999 -9999 -9999 -9999 -9999 -9999 -9999 -9999 -9999 -9999 -9999 -9999 -9999 -9999
19.34 25.49 27.47 20.88 -9999 -9999 -9999 -9999 -9999 18.21 16.18 14.12 13.64 14.24 14.57 16.32 20.31 20.10 17.72 16.12 15.04 16.99 16.19 16.33 15.36 19.52 14.54 16.78 18.10 16.24 12.81 15.76 14.70 16.48 13.84 15.62 14.70 12.77 12.65 12.66 12.96 12.29 15.11 14.76 14.17 14.39 -9999 -9999 -9999 -9999 -9999 -9999 -9999 -9999 -9999 -9999 -9999 -9999 -9999 -9999 -9999 -9999 -9999 -9999 -9999 -9999 -9999 -9999 -9999 -9999 -9999 -9999 -9999 -9999 -9999 -9999 -9999
20.17 20.10 30.77 23.13 -9999 -9999 -9999 -9999 -9999 19.21 17.64 17.05 14.44 16.60 19.35 18.08 20.73 21.73 20.14 16.48 18.24 16.67 15.34 18.16 19.07 13.36 26.73 17.79 22.15 16.83 20.25 19.65 13.68 16.81 14.43 13.52 12.51 13.25 15.36 16.25 14.91 15.03 11.59 13.86 16.22 13.49 15.62 16.85 -9999 -9999 -9999 -9999 -9999 -9999 -9999 -9999 -9999 -9999 -9999 -9999 -9999 -9999 -9999 -9999 -9999 -9999 -9999 -9999 -9999 -9999 -9999 -9999 -9999 -9999 -9999 -9999 -9999
-9999 25.71 29.57 28.61 -9999 -9999 -9999 -9999 -9999 19.24 16.66 16.27 15.01 15.69 17.85 15.15 16.65 17.10 19.85 17.85 17.45 15.79 19.23 24.65 20.72 18.59 28.72 25.08 18.08 19.13 16.28 13.54 15.77 16.62 14.48 15.09 14.87 12.57 13.36 13.88 16.94 21.11 15.84 13.43 14.56 14.78 13.59 15.24 -9999 -9999 -9999 -9999 -9999 -9999 -9999 -9999 -9999 -9999 -9999 -9999 -9999 -9999 -9999 -9999 -9999 -9999 -9999 -9999 -9999 -9999 -9999 -9999 -9999 -9999 -9999 -9999 -9999
-9999 22.68 24.86 27.14 -9999 -9999 -9999 -9999 -9999 18.25 16.03 15.44 15.39 15.21 15.38 16.27 21.11 23.14 19.10 19.99 15.88 15.90 15.98 19.97 14.08 23.01 21.09 17.80 19.55 20.99 13.98 17.56 14.97 16.31 15.97 12.73 14.49 14.91 14.24 13.47 22.73 23.24 20.32 13.01 13.82 14.60 13.54 15.26 -9999 -9999 -9999 -9999 -9999 -9999 -9999 -9999 -9999 -9999 -9999 -9999 -9999 -9999 -9999 -9999 -9999 -9999 -9999 -9999 -9999 -9999 -9999 -9999 -9999 -9999 -9999 -9999 -9999
-9999 -9999 -9999 -9999 -9999 -9999 -9999 -9999 22.27 18.01 16.85 15.40 16.06 17.05 15.57 17.51 18.26 21.19 17.75 17.17 21.06 18.62 20.62 20.16 19.61 24.34 23.06 15.72 17.49 19.31 17.94 16.33 17.07 13.60 15.44 16.25 12.96 14.81 14.17 18.65 20.14 24.37 20.47 13.10 12.53 11.82 13.32 15.15 -9999 -9999 -9999 -9999 -9999 -9999 -9999 -9999 -9999 -9999 -9999 -9999 -9999 -9999 -9999 -9999 -9999 -9999 -9999 -9999 -9999 -9999 -9999 -9999 -9999 -9999 -9999 -9999 -9999
-9999 -9999 -9999 -9999 -9999 -9999 -9999 -9999 23.79 15.34 15.52 17.95 20.00 18.96 16.57 16.64 17.25 13.61 14.79 20.30 21.38 19.25 18.17 14.70 12.03 22.66 14.87 15.95 15.75 16.98 16.55 14.93 12.38 16.71 16.06 15.57 14.25 14.68 17.64 19.57 18.15 20.26 19.46 13.52 11.07 11.60 14.63 13.67 -9999 -9999 -9999 -9999 -9999 -9999 -9999 -9999 -9999 -9999 -9999 -9999 -9999 -9999 -9999 -9999 -9999 -9999 -9999 -9999 -9999 -9999 -9999 -9999 -9999 -9999 -9999 -9999 -9999
-9999 -9999 -9999 -9999 -9999 -9999 -9999 21.34 19.38 13.36 16.25 18.62 16.24 19.71 22.71 21.08 23.95 20.41 16.32 13.73 14.46 19.41 18.43 15.61 9.85 13.91 20.67 15.51 19.13 15.32 15.46 12.03 13.03 15.93 14.77 15.16 17.08 19.59 21.66 20.09 17.22 15.43 14.90 13.15 16.19 17.16 14.76 14.22 -9999 -9999 -9999 -9999 -9999 -9999 -9999 -9999 -9999 -9999 -9999 -9999 -9999 -9999 -9999 -9999 -9999 -9999 -9999 -9999 -9999 -9999 -9999 -9999 -9999 -9999 -9999 -9999 -9999
-9999 -9999 -9999 -9999 -9999 -9999 -9999 18.82 13.74 18.65 16.60 19.53 15.98 20.22 20.12 24.09 22.67 22.59 19.72 16.62 11.96 24.91 24.26 15.91 9.39 15.18 19.15 14.21 15.05 17.80 13.10 16.71 18.67 15.86 18.58 19.10 24.07 16.88 15.98 17.12 17.93 17.89 14.23 12.01 14.45 14.44 13.57 14.20 16.57 -9999 -9999 -9999 -9999 -9999 -9999 -9999 -9999 -9999 -9999 -9999 -9999 -9999 -9999 -9999 -9999 -9999 -9999 -9999 -9999 -9999 -9999 -9999 -9999 -9999 -9999 -9999 -9999
-9999 -9999 -9999 -9999 -9999 -9999 18.02 20.34 19.68 18.53 20.01 20.17 17.61 15.40 21.35 20.46 22.75 21.90 21.30 15.10 9.98 15.52 18.49 17.07 11.54 11.27 14.43 14.08 14.03 14.84 20.12 14.87 14.34 15.08 14.33 22.58 19.27 22.11 19.38 14.56 15.92 16.89 17.91 18.94 14.06 13.24 13.08 14.52 16.61 -9999 -9999 -9999 -9999 -9999 -9999 -9999 -9999 -9999 -9999 -9999 -9999 -9999 -9999 -9999 -9999 -9999 -9999 -9999 -9999 -9999 -9999 -9999 -9999 -9999 -9999 -9999 -9999
-9999 -9999 -9999 -9999 -9999 -9999 20.52 18.97 16.74 22.73 21.56 18.76 18.28 22.64 15.45 17.02 20.94 18.48 18.42 12.83 9.95 13.37 15.41 18.67 11.29 11.44 11.57 13.00 10.95 17.19 11.71 18.40 15.66 12.77 23.02 14.97 17.31 18.78 17.37 18.43 14.15 14.56 18.61 17.73 14.75 15.47 14.82 14.77 16.89 -9999 -9999 -9999 -9999 -9999 -9999 -9999 -9999 -9999 -9999 -9999 -9999 -9999 -9999 -9999 -9999 -9999 -9999 -9999 -9999 -9999 -9999 -9999 -9999 -9999 -9999 -9999 -9999
-9999 -9999 -9999 -9999 -9999 21.63 17.78 15.84 19.53 16.40 16.88 27.29 21.64 20.88 15.31 17.23 18.29 15.97 18.27 17.01 13.82 16.09 15.24 11.70 10.14 11.04 13.67 13.88 17.95 13.90 11.81 18.36 13.12 14.93 23.02 16.86 15.00 13.64 16.39 18.27 16.91 17.65 17.90 15.30 14.71 14.56 13.81 14.40 16.51 -9999 -9999 -9999 -9999 -9999 -9999 -9999 -9999 -9999 -9999 -9999 -9999 -9999 -9999 -9999 -9999 -9999 -9999 -9999 -9999 -9999 -9999 -9999 -9999 -9999 -9999 -9999 -9999
-9999 -9999 -9999 -9999 18.60 19.17 19.35 15.23 15.81 15.90 14.51 19.02 18.29 27.03 15.32 14.28 15.83 16.63 17.28 17.92 15.33 12.66 10.87 14.69 10.87 10.15 13.06 14.04 14.14 13.81 11.59 14.66 10.78 14.04 21.02 19.69 20.06 18.33 17.21 15.26 14.77 18.05 16.48 15.35 15.08 14.75 14.72 13.87 15.45 17.69 -9999 -9999 -9999 -9999 -9999 -9999 -9999 -9999 -9999 -9999 -9999 -9999 -9999 -9999 -9999 -9999 -9999 -9999 -9999 -9999 -9999 -9999 -9999 -9999 -9999 -9999 -9999
-9999 -9999 -9999 -9999 20.73 24.50 19.16 17.68 15.57 13.63 11.85 25.29 21.34 18.47 18.03 14.18 14.04 15.62 15.28 21.66 14.81 12.08 10.87 11.16 15.30 11.22 14.65 13.69 14.64 13.45 12.87 12.25 14.71 12.38 16.63 18.31 17.44 19.22 17.04 14.96 14.10 15.91 14.88 16.82 15.62 13.91 12.72 14.16 15.39 17.04 -9999 -9999 -9999 -9999 -9999 -9999 -9999 -9999 -9999 -9999 -9999 -9999 -9999 -9999 -9999 -9999 -9999 -9999 -9999 -9999 -9999 -9999 -9999 -9999 -9999 -9999 -9999
-9999 -9999 20.84 19.21 21.58 19.07 17.84 19.12 16.06 15.01 12.34 19.38 18.36 19.35 17.62 16.81 13.23 16.14 16.84 15.36 15.61 15.13 11.22 11.28 13.36 12.83 12.66 13.40 13.90 12.66 11.91 13.34 12.50 12.39 18.10 16.79 16.35 16.89 19.68 17.29 15.52 12.23 13.87 14.96 14.63 14.02 12.99 13.70 14.78 16.69 -9999 -9999 -9999 -9999 -9999 -9999 -9999 -9999 -9999 -9999 -9999 -9999 -9999 -9999 -9999 -9999 -9999 -9999 -9999 -9999 -9999 -9999 -9999 -9999 -9999 -9999 -9999
