ML/MeanWindSpeed_1994-12_Actual.txt
ncols         180
nrows         290
xllcorner     -200000
yllcorner     -200000
cellsize      5000
NODATA_value  -9999
[rows 136 to 169 of 290, columns 77 to 153 of 180]
-9999 -9999 18.52 15.93 11.97 15.03 12.80 15.19 12.72 11.16 9.38 8.52 10.33 17.97 14.10 13.06 10.04 9.41 9.61 8.87 10.08 11.92 9.78 11.10 9.66 10.46 10.03 10.04 10.05 10.01 9.78 9.79 10.36 8.47 6.24 7.58 8.73 9.47 10.61 10.71 6.35 7.64 11.42 9.87 7.90 8.36 7.85 8.21 7.34 8.89 10.81 -9999 -9999 -9999 -9999 -9999 -9999 -9999 -9999 -9999 -9999 -9999 -9999 -9999 -9999 -9999 -9999 -9999 -9999 -9999 -9999 -9999 -9999 -9999 -9999 -9999 -9999
-9999 -9999 18.36 15.77 10.45 14.09 11.23 12.69 11.82 11.23 10.78 8.11 13.06 13.11 12.35 15.52 11.22 9.66 9.53 7.70 11.14 17.35 12.35 -9999 -9999 -9999 10.90 10.64 -9999 10.21 10.47 10.53 9.31 7.80 8.55 10.42 8.56 8.78 10.82 9.84 11.96 11.22 7.52 5.82 6.25 7.06 8.01 4.89 5.94 6.94 9.88 -9999 -9999 -9999 -9999 -9999 -9999 -9999 -9999 -9999 -9999 -9999 -9999 -9999 -9999 -9999 -9999 -9999 -9999 -9999 -9999 -9999 -9999 -9999 -9999 -9999 -9999
-9999 -9999 16.30 18.68 12.74 11.89 12.80 13.81 13.14 12.05 11.07 10.10 10.34 17.92 13.69 14.71 10.84 10.38 12.99 9.01 10.61 12.08 13.31 -9999 -9999 -9999 11.50 10.52 10.85 11.14 10.47 9.93 8.46 10.06 13.59 14.11 10.53 14.99 10.64 10.35 14.33 10.13 10.64 10.45 10.04 6.49 7.81 9.47 7.00 6.00 8.79 -9999 -9999 -9999 -9999 -9999 -9999 -9999 -9999 -9999 -9999 -9999 -9999 -9999 -9999 -9999 -9999 -9999 -9999 -9999 -9999 -9999 -9999 -9999 -9999 -9999 -9999
-9999 -9999 -9999 17.39 17.17 13.83 -9999 15.48 15.26 13.42 12.32 11.49 -9999 13.48 11.77 12.91 10.07 12.30 13.56 11.96 12.34 -9999 -9999 -9999 -9999 13.13 10.86 10.15 10.47 11.58 11.66 10.28 9.55 9.47 14.64 20.56 10.51 17.40 12.19 14.68 16.09 12.22 14.16 11.09 8.16 9.82 9.62 7.34 4.17 5.56 9.42 10.41 -9999 -9999 -9999 -9999 -9999 -9999 -9999 -9999 -9999 -9999 -9999 -9999 -9999 -9999 -9999 -9999 -9999 -9999 -9999 -9999 -9999 -9999 -9999 -9999 -9999
-9999 -9999 -9999 -9999 17.93 -9999 -9999 -9999 15.26 15.45 13.36 13.33 14.42 -9999 -9999 14.64 11.95 15.68 17.30 -9999 -9999 -9999 -9999 -9999 14.48 12.99 9.77 10.39 10.58 11.82 11.32 12.26 12.20 8.41 10.70 15.53 19.05 14.24 17.20 18.31 18.39 14.27 14.75 14.69 12.15 8.18 7.62 7.98 4.04 5.37 9.19 12.06 -9999 -9999 -9999 -9999 -9999 -9999 -9999 -9999 -9999 -9999 -9999 -9999 -9999 -9999 -9999 -9999 -9999 -9999 -9999 -9999 -9999 -9999 -9999 -9999 -9999
-9999 -9999 -9999 -9999 17.81 17.86 -9999 -9999 -9999 15.30 16.14 15.55 16.06 -9999 -9999 -9999 -9999 15.39 -9999 -9999 -9999 -9999 -9999 -9999 12.80 11.74 10.79 12.24 14.31 14.36 12.53 12.35 10.83 9.01 8.20 12.91 17.10 12.00 20.01 18.83 20.22 15.03 14.87 16.77 12.12 8.81 7.22 5.05 3.68 5.41 8.62 11.66 -9999 -9999 -9999 -9999 -9999 -9999 -9999 -9999 -9999 -9999 -9999 -9999 -9999 -9999 -9999 -9999 -9999 -9999 -9999 -9999 -9999 -9999 -9999 -9999 -9999
-9999 -9999 -9999 -9999 -9999 19.92 -9999 -9999 -9999 -9999 15.90 17.39 17.05 -9999 -9999 -9999 -9999 -9999 -9999 -9999 -9999 -9999 -9999 14.05 12.66 13.14 13.90 14.40 16.71 16.10 14.23 13.48 11.67 10.87 8.10 9.36 19.78 21.00 19.84 18.70 14.14 12.33 12.74 10.03 6.70 9.60 9.40 4.81 4.38 6.23 8.45 11.45 13.70 -9999 -9999 -9999 -9999 -9999 -9999 -9999 -9999 -9999 -9999 -9999 -9999 -9999 -9999 -9999 -9999 -9999 -9999 -9999 -9999 -9999 -9999 -9999 -9999
-9999 -9999 -9999 -9999 -9999 21.73 -9999 -9999 -9999 -9999 -9999 -9999 -9999 -9999 -9999 -9999 -9999 -9999 -9999 -9999 -9999 -9999 -9999 14.17 12.02 11.08 11.12 10.05 20.82 17.14 14.91 16.82 11.99 13.27 6.85 6.52 15.40 22.56 17.29 14.59 20.92 23.09 19.93 15.37 12.60 5.99 6.89 6.55 8.13 7.12 8.01 11.37 13.48 14.34 -9999 -9999 -9999 -9999 -9999 -9999 -9999 -9999 -9999 -9999 -9999 -9999 -9999 -9999 -9999 -9999 -9999 -9999 -9999 -9999 -9999 -9999 -9999
-9999 -9999 -9999 -9999 -9999 -9999 -9999 -9999 -9999 -9999 -9999 -9999 -9999 -9999 -9999 -9999 -9999 -9999 -9999 -9999 -9999 -9999 13.85 12.57 10.96 10.16 16.02 8.82 27.68 26.31 13.93 14.35 12.30 10.47 10.84 6.19 7.38 21.46 20.86 17.70 15.54 13.91 17.22 15.76 13.39 9.80 7.75 7.39 7.03 7.01 8.89 9.52 10.49 12.38 -9999 -9999 -9999 -9999 -9999 -9999 -9999 -9999 -9999 -9999 -9999 -9999 -9999 -9999 -9999 -9999 -9999 -9999 -9999 -9999 -9999 -9999 -9999
-9999 -9999 -9999 -9999 -9999 -9999 -9999 -9999 -9999 -9999 -9999 -9999 -9999 -9999 -9999 -9999 -9999 -9999 -9999 -9999 -9999 -9999 12.14 13.09 9.64 13.99 26.53 15.02 8.92 17.54 19.04 14.56 13.52 11.62 10.63 8.75 8.22 10.49 23.74 19.62 17.82 13.96 13.31 13.18 10.20 9.57 9.30 10.29 7.76 9.20 8.35 8.91 9.04 10.22 11.89 13.29 13.60 -9999 -9999 -9999 -9999 -9999 -9999 -9999 -9999 -9999 -9999 -9999 -9999 -9999 -9999 -9999 -9999 -9999 -9999 -9999 -9999
-9999 -9999 -9999 -9999 -9999 -9999 -9999 -9999 -9999 -9999 -9999 -9999 -9999 -9999 -9999 -9999 -9999 -9999 -9999 -9999 -9999 -9999 11.85 11.14 11.20 18.06 12.48 13.15 14.75 20.23 14.78 12.12 17.77 9.29 12.60 10.42 10.24 8.54 13.08 17.27 17.14 15.62 14.17 10.43 10.42 9.34 8.40 7.83 8.25 8.23 8.80 8.18 8.35 9.01 14.18 12.14 13.87 15.08 14.66 -9999 -9999 -9999 -9999 -9999 -9999 -9999 -9999 -9999 -9999 -9999 -9999 -9999 -9999 -9999 -9999 -9999 -9999
-9999 -9999 -9999 -9999 -9999 -9999 -9999 -9999 -9999 -9999 -9999 -9999 -9999 -9999 -9999 -9999 -9999 -9999 -9999 -9999 -9999 -9999 11.79 10.76 12.51 21.90 24.39 18.83 13.27 13.46 14.19 18.30 10.43 16.00 12.96 11.68 12.88 11.55 8.09 9.45 16.82 16.39 14.68 12.78 11.11 10.16 9.75 9.24 8.37 8.79 8.60 8.03 9.18 9.64 11.10 15.41 14.44 14.45 16.14 16.02 13.43 -9999 -9999 -9999 -9999 -9999 -9999 -9999 -9999 -9999 -9999 -9999 -9999 -9999 -9999 -9999 -9999
-9999 -9999 -9999 -9999 -9999 -9999 -9999 -9999 -9999 -9999 -9999 -9999 -9999 -9999 -9999 -9999 -9999 -9999 -9999 -9999 -9999 -9999 12.56 10.26 13.90 16.93 10.26 29.78 24.59 11.41 14.51 11.01 16.69 18.07 12.31 10.36 12.41 13.33 9.53 21.12 18.62 18.03 18.97 19.21 17.30 11.56 12.94 10.44 9.58 9.41 9.23 9.28 9.36 8.50 9.37 13.11 11.19 10.48 11.68 14.08 11.89 16.47 -9999 -9999 -9999 -9999 -9999 -9999 -9999 -9999 -9999 -9999 -9999 -9999 -9999 -9999 -9999
-9999 -9999 -9999 -9999 -9999 -9999 -9999 -9999 -9999 -9999 16.66 17.16 17.81 -9999 -9999 -9999 -9999 -9999 -9999 -9999 -9999 -9999 -9999 12.89 10.76 9.04 12.75 15.36 20.33 9.81 5.32 13.31 11.79 11.02 9.84 13.01 13.81 12.41 13.76 17.34 16.90 22.57 20.56 16.81 15.52 16.16 13.30 11.07 10.27 9.71 9.88 9.14 8.79 15.62 13.27 17.73 18.01 15.88 14.08 10.09 15.09 15.90 14.35 -9999 -9999 -9999 -9999 -9999 -9999 -9999 -9999 -9999 -9999 -9999 -9999 -9999 -9999
-9999 -9999 -9999 -9999 -9999 -9999 -9999 -9999 -9999 -9999 14.80 14.73 -9999 -9999 -9999 -9999 -9999 -9999 -9999 -9999 -9999 -9999 -9999 -9999 11.53 7.53 13.35 13.05 25.36 12.76 12.64 10.43 6.67 5.80 7.55 7.86 21.26 11.80 13.59 20.78 16.07 11.42 10.28 17.32 11.17 15.69 12.55 10.65 9.84 9.72 9.19 10.00 13.92 15.48 13.40 12.03 10.84 12.56 14.32 13.59 14.32 13.95 17.56 -9999 -9999 -9999 -9999 -9999 -9999 -9999 -9999 -9999 -9999 -9999 -9999 -9999 -9999
-9999 -9999 -9999 -9999 -9999 -9999 -9999 -9999 -9999 14.51 18.25 17.20 16.21 -9999 -9999 -9999 -9999 -9999 -9999 -9999 -9999 -9999 -9999 -9999 13.09 15.01 15.25 14.95 11.37 14.22 11.01 9.53 7.39 6.36 9.84 7.91 6.41 20.73 13.55 11.80 17.90 14.55 19.15 14.44 15.05 12.48 11.75 10.95 10.72 9.49 8.81 10.61 12.51 11.00 11.84 12.64 11.67 12.40 12.29 12.84 13.19 10.83 15.98 14.89 -9999 -9999 -9999 -9999 -9999 -9999 -9999 -9999 -9999 -9999 -9999 -9999 -9999
-9999 -9999 -9999 -9999 -9999 -9999 -9999 -9999 13.93 19.22 20.63 25.66 16.14 -9999 -9999 -9999 -9999 -9999 -9999 -9999 -9999 -9999 -9999 -9999 15.17 20.80 15.32 8.33 10.92 10.12 11.33 8.19 6.78 8.44 10.26 6.11 16.57 12.25 16.95 12.12 19.99 11.20 13.64 10.72 14.25 11.67 11.99 12.11 10.07 9.73 8.48 8.27 12.65 13.15 12.35 10.15 10.27 9.64 9.92 10.58 13.10 13.25 12.89 15.01 -9999 -9999 -9999 -9999 -9999 -9999 -9999 -9999 -9999 -9999 -9999 -9999 -9999
-9999 -9999 -9999 -9999 -9999 -9999 -9999 17.00 15.09 24.14 17.97 17.22 -9999 -9999 -9999 -9999 -9999 -9999 -9999 -9999 -9999 -9999 -9999 -9999 -9999 13.85 9.97 9.12 12.73 8.73 12.08 9.15 8.21 7.82 9.05 6.60 16.51 16.27 17.98 17.34 19.25 18.88 18.95 16.94 15.68 15.61 14.50 11.04 10.26 9.61 8.36 7.83 8.39 15.40 13.51 9.24 8.41 8.57 8.05 8.18 8.37 9.14 9.12 11.21 14.27 15.84 -9999 -9999 -9999 -9999 -9999 -9999 -9999 -9999 -9999 -9999 -9999
-9999 -9999 -9999 -9999 -9999 -9999 -9999 20.94 22.36 14.78 14.25 15.32 -9999 -9999 -9999 -9999 -9999 -9999 -9999 -9999 -9999 -9999 -9999 -9999 -9999 -9999 11.42 12.22 10.81 9.32 11.29 10.34 10.38 9.28 10.28 6.90 16.35 14.70 12.99 17.22 16.21 14.82 21.70 21.59 15.50 17.68 15.26 13.98 10.51 9.38 8.74 8.09 7.94 9.18 10.02 9.03 9.15 9.00 8.88 8.41 8.26 8.48 9.07 14.05 14.86 14.70 -9999 -9999 -9999 -9999 -9999 -9999 -9999 -9999 -9999 -9999 -9999
-9999 -9999 -9999 -9999 -9999 -9999 -9999 21.93 18.69 18.93 16.93 -9999 -9999 -9999 -9999 -9999 -9999 -9999 -9999 -9999 -9999 -9999 -9999 -9999 -9999 -9999 13.60 13.02 11.72 -9999 11.91 -9999 11.23 9.41 8.50 6.95 6.67 15.11 13.66 14.41 20.35 9.46 11.03 20.25 17.09 15.87 15.29 13.04 10.76 9.93 9.69 8.89 8.48 8.40 9.88 11.93 10.30 11.24 9.79 8.83 10.43 12.34 11.74 10.74 10.92 14.05 17.36 18.59 -9999 -9999 -9999 -9999 -9999 -9999 -9999 -9999 -9999
-9999 -9999 -9999 -9999 -9999 -9999 21.80 19.23 18.18 -9999 -9999 -9999 -9999 -9999 -9999 -9999 -9999 -9999 -9999 -9999 -9999 -9999 -9999 -9999 -9999 -9999 15.54 13.39 11.82 -9999 -9999 -9999 11.18 12.02 7.47 9.10 10.41 7.93 8.06 10.76 17.37 17.22 9.05 15.96 18.79 14.35 16.03 14.11 12.21 9.25 9.41 9.00 8.82 8.69 9.05 9.93 10.15 10.87 9.19 10.50 12.33 13.38 13.60 13.11 11.74 11.96 14.31 16.80 -9999 -9999 -9999 -9999 -9999 -9999 -9999 -9999 -9999
-9999 -9999 -9999 -9999 -9999 -9999 -9999 -9999 -9999 -9999 -9999 -9999 -9999 -9999 -9999 -9999 -9999 -9999 -9999 -9999 -9999 -9999 -9999 -9999 -9999 -9999 -9999 -9999 -9999 -9999 -9999 12.66 10.01 9.65 12.90 14.53 14.70 13.78 11.00 11.23 15.54 15.30 12.22 8.77 14.38 16.82 13.98 12.73 11.52 10.29 9.76 10.01 9.21 8.90 8.97 9.08 9.19 8.64 10.48 15.11 12.48 13.26 11.78 11.82 10.51 11.87 13.87 -9999 -9999 -9999 -9999 -9999 -9999 -9999 -9999 -9999 -9999
-9999 -9999 -9999 -9999 -9999 -9999 -9999 -9999 -9999 -9999 -9999 -9999 -9999 -9999 -9999 -9999 -9999 -9999 -9999 -9999 -9999 -9999 -9999 -9999 -9999 -9999 -9999 -9999 -9999 -9999 -9999 11.73 9.63 11.88 16.37 20.28 17.42 12.09 13.78 9.05 9.71 9.20 12.19 13.04 14.15 14.89 14.18 12.24 11.62 11.13 9.94 10.20 9.36 9.33 9.44 9.54 9.40 8.73 9.81 16.01 14.54 11.67 10.97 10.62 10.45 11.96 14.43 -9999 -9999 -9999 -9999 -9999 -9999 -9999 -9999 -9999 -9999
-9999 -9999 -9999 -9999 -9999 -9999 -9999 -9999 -9999 -9999 -9999 -9999 -9999 -9999 -9999 -9999 -9999 -9999 -9999 -9999 -9999 -9999 -9999 -9999 -9999 -9999 -9999 -9999 -9999 -9999 -9999 10.37 8.43 8.90 13.09 14.87 13.71 12.00 11.93 10.55 11.14 9.66 9.72 10.84 8.15 14.81 12.65 14.26 12.24 11.86 9.99 9.65 9.91 9.84 9.92 9.79 9.71 9.41 9.10 12.12 13.54 12.27 11.17 11.10 10.81 11.94 13.98 -9999 -9999 -9999 -9999 -9999 -9999 -9999 -9999 -9999 -9999
-9999 -9999 -9999 -9999 -9999 -9999 -9999 -9999 -9999 -9999 -9999 -9999 -9999 -9999 -9999 -9999 -9999 -9999 -9999 -9999 -9999 -9999 -9999 -9999 -9999 -9999 -9999 -9999 -9999 14.33 11.78 9.25 8.10 11.75 13.89 18.15 12.71 15.49 8.50 10.70 10.55 12.75 13.57 12.70 15.25 9.31 10.00 10.23 10.28 9.80 11.33 10.03 10.04 10.52 10.03 9.94 10.02 9.68 9.47 9.62 12.65 12.33 11.47 11.20 11.11 11.41 12.83 14.91 -9999 -9999 -9999 -9999 -9999 -9999 -9999 -9999 -9999
-9999 -9999 -9999 -9999 -9999 -9999 -9999 -9999 -9999 -9999 -9999 -9999 -9999 -9999 -9999 -9999 -9999 -9999 -9999 -9999 -9999 -9999 -9999 -9999 -9999 -9999 -9999 -9999 -9999 13.17 10.40 8.93 8.22 8.64 12.75 9.07 9.57 7.42 10.13 15.49 12.06 14.63 13.56 15.19 9.44 15.10 11.49 13.32 12.69 12.91 11.28 10.81 10.31 10.03 9.99 10.09 10.03 9.98 9.70 9.46 10.48 12.84 12.19 11.33 11.32 10.89 11.53 13.88 -9999 -9999 -9999 -9999 -9999 -9999 -9999 -9999 -9999
-9999 -9999 -9999 -9999 -9999 -9999 -9999 -9999 -9999 -9999 -9999 -9999 -9999 -9999 -9999 -9999 -9999 -9999 -9999 -9999 -9999 -9999 -9999 -9999 -9999 -9999 -9999 -9999 -9999 13.18 10.18 9.22 8.66 8.69 8.98 9.75 9.07 7.89 10.68 11.81 11.07 13.60 16.97 12.90 11.76 9.41 12.35 9.67 10.86 11.95 12.47 11.18 10.79 10.01 9.97 10.16 10.16 10.10 10.03 9.91 10.32 12.32 13.69 11.99 11.17 10.72 10.58 12.19 14.51 -9999 -9999 -9999 -9999 -9999 -9999 -9999 -9999
-9999 -9999 -9999 -9999 -9999 -9999 -9999 -9999 -9999 -9999 -9999 -9999 -9999 -9999 -9999 -9999 -9999 -9999 -9999 -9999 -9999 -9999 -9999 -9999 -9999 -9999 -9999 -9999 -9999 12.73 10.38 9.68 9.63 9.11 8.82 8.63 10.14 12.26 8.58 8.83 10.90 17.58 17.12 18.51 15.68 12.13 11.62 12.40 10.29 9.45 11.26 12.10 10.72 10.09 10.14 9.97 10.13 10.28 10.47 10.44 10.57 12.87 14.81 13.10 12.16 11.57 10.60 10.86 13.00 15.18 -9999 -9999 -9999 -9999 -9999 -9999 -9999
-9999 -9999 -9999 -9999 -9999 -9999 -9999 -9999 -9999 -9999 -9999 -9999 -9999 -9999 -9999 -9999 -9999 -9999 -9999 -9999 -9999 -9999 -9999 -9999 -9999 -9999 -9999 -9999 -9999 12.68 10.05 9.41 9.18 8.79 8.20 9.59 9.44 11.32 11.84 14.69 16.81 17.51 13.27 16.09 13.70 13.25 10.88 12.79 11.76 10.50 9.67 9.65 10.22 10.02 10.09 10.15 10.35 10.47 10.81 11.10 11.33 11.71 13.35 13.24 12.47 12.15 11.74 11.18 11.40 13.78 -9999 -9999 -9999 -9999 -9999 -9999 -9999
-9999 -9999 -9999 -9999 -9999 -9999 -9999 -9999 -9999 -9999 -9999 -9999 -9999 -9999 -9999 -9999 -9999 -9999 -9999 -9999 -9999 -9999 -9999 -9999 -9999 -9999 -9999 -9999 -9999 -9999 10.12 9.54 9.11 8.45 9.34 12.50 12.61 13.71 11.95 11.32 14.23 13.28 15.57 14.23 10.99 8.70 9.78 9.70 11.75 10.47 10.08 10.96 10.65 9.87 10.20 10.11 10.37 10.41 10.76 11.23 11.68 11.89 11.59 12.27 12.64 12.75 -9999 12.24 12.69 14.05 16.58 -9999 -9999 -9999 -9999 -9999 -9999
-9999 -9999 -9999 -9999 -9999 -9999 -9999 -9999 -9999 -9999 -9999 -9999 -9999 -9999 -9999 -9999 -9999 -9999 -9999 -9999 -9999 -9999 -9999 -9999 -9999 -9999 -9999 -9999 -9999 12.33 10.04 9.47 8.56 8.16 8.62 14.50 15.23 12.13 16.10 15.02 12.31 11.96 18.28 15.36 15.88 11.71 8.91 11.77 9.61 8.90 10.19 10.44 9.93 10.26 9.85 9.94 10.12 10.44 10.49 10.72 13.10 12.16 11.13 13.16 12.18 12.37 12.37 -9999 13.85 15.03 17.05 18.59 -9999 -9999 -9999 -9999 -9999
-9999 -9999 -9999 -9999 -9999 -9999 -9999 -9999 -9999 -9999 -9999 -9999 -9999 -9999 -9999 -9999 -9999 -9999 -9999 -9999 -9999 -9999 -9999 -9999 -9999 -9999 -9999 -9999 -9999 11.88 9.66 9.22 8.51 10.89 9.32 10.53 14.80 10.01 10.62 11.21 8.60 8.99 14.90 14.36 14.68 10.08 12.76 13.72 10.05 11.58 10.36 11.13 10.77 10.33 9.75 9.79 9.93 10.05 10.05 10.08 10.45 11.37 10.11 10.46 11.60 10.99 12.22 12.87 -9999 -9999 -9999 -9999 -9999 -9999 -9999 -9999 -9999
-9999 -9999 -9999 -9999 -9999 -9999 -9999 -9999 -9999 -9999 -9999 -9999 -9999 -9999 -9999 -9999 -9999 -9999 -9999 -9999 -9999 -9999 -9999 -9999 -9999 -9999 -9999 -9999 14.24 10.83 9.26 10.38 9.72 9.90 9.18 10.09 10.04 9.44 9.34 8.77 8.66 9.69 13.65 17.41 18.23 12.16 15.63 14.26 10.35 10.71 9.25 10.18 10.73 10.13 9.60 10.00 9.98 9.91 10.14 9.99 10.23 10.55 10.44 10.09 12.29 11.61 11.55 11.92 13.64 15.44 -9999 -9999 -9999 -9999 -9999 -9999 -9999
-9999 -9999 -9999 -9999 -9999 -9999 -9999 -9999 -9999 -9999 -9999 -9999 -9999 -9999 -9999 -9999 -9999 -9999 -9999 -9999 -9999 -9999 -9999 -9999 -9999 -9999 -9999 -9999 -9999 10.95 9.23 9.21 9.72 12.33 9.13 8.50 8.33 9.30 9.98 9.33 9.12 9.19 9.28 15.01 17.54 19.23 14.85 14.97 13.00 11.15 11.53 8.58 9.14 10.88 9.77 9.82 9.74 9.76 10.15 10.08 10.22 10.79 10.51 9.93 10.13 13.69 12.04 11.41 11.92 13.15 14.91 16.93 -9999 -9999 -9999 -9999 -9999
