ML/MeanWindSpeed_1994-09_Actual.txt
ncols         180
nrows         290
xllcorner     -200000
yllcorner     -200000
cellsize      5000
NODATA_value  -9999
[rows 140 to 174 of 290, columns 79 to 157 of 180]
-9999 -9999 11.58 -9999 -9999 -9999 10.05 9.94 8.40 8.45 9.50 -9999 -9999 9.77 7.95 10.40 11.62 -9999 -9999 -9999 -9999 -9999 9.56 8.12 5.70 6.02 6.11 6.94 6.73 7.36 7.28 5.03 7.05 10.32 12.24 9.40 11.23 12.03 12.17 9.57 9.82 9.60 7.77 5.12 4.69 4.81 2.26 3.26 6.13 8.68 -9999 -9999 -9999 -9999 -9999 -9999 -9999 -9999 -9999 -9999 -9999 -9999 -9999 -9999 -9999 -9999 -9999 -9999 -9999 -9999 -9999 -9999 -9999 -9999 -9999 -9999 -9999 -9999 -9999
-9999 -9999 11.68 11.67 -9999 -9999 -9999 10.19 10.45 10.07 10.61 -9999 -9999 -9999 -9999 10.71 -9999 -9999 -9999 -9999 -9999 -9999 8.18 6.95 5.96 6.81 8.13 8.32 7.40 7.51 6.73 5.65 5.58 8.91 11.14 7.96 13.12 12.53 13.50 10.20 9.98 10.96 7.79 5.56 4.52 2.98 1.95 3.21 5.74 8.45 -9999 -9999 -9999 -9999 -9999 -9999 -9999 -9999 -9999 -9999 -9999 -9999 -9999 -9999 -9999 -9999 -9999 -9999 -9999 -9999 -9999 -9999 -9999 -9999 -9999 -9999 -9999 -9999 -9999
-9999 -9999 -9999 13.05 -9999 -9999 -9999 -9999 10.73 11.64 11.49 -9999 -9999 -9999 -9999 -9999 -9999 -9999 -9999 -9999 -9999 9.31 7.79 7.50 7.48 7.73 9.35 9.20 8.37 8.24 7.42 6.95 5.32 6.55 12.92 13.60 13.17 12.73 10.08 8.94 9.03 7.03 4.59 6.17 5.88 2.83 2.42 3.77 5.75 8.51 10.59 -9999 -9999 -9999 -9999 -9999 -9999 -9999 -9999 -9999 -9999 -9999 -9999 -9999 -9999 -9999 -9999 -9999 -9999 -9999 -9999 -9999 -9999 -9999 -9999 -9999 -9999 -9999 -9999
-9999 -9999 -9999 14.27 -9999 -9999 -9999 -9999 -9999 -9999 -9999 -9999 -9999 -9999 -9999 -9999 -9999 -9999 -9999 -9999 -9999 9.26 7.21 6.00 5.43 4.78 11.91 9.78 8.68 10.30 7.63 8.58 4.48 4.56 10.33 14.79 11.77 10.26 14.24 15.69 13.66 10.66 8.60 4.18 4.43 4.04 4.95 4.62 5.85 8.66 10.45 11.38 -9999 -9999 -9999 -9999 -9999 -9999 -9999 -9999 -9999 -9999 -9999 -9999 -9999 -9999 -9999 -9999 -9999 -9999 -9999 -9999 -9999 -9999 -9999 -9999 -9999 -9999 -9999
-9999 -9999 -9999 -9999 -9999 -9999 -9999 -9999 -9999 -9999 -9999 -9999 -9999 -9999 -9999 -9999 -9999 -9999 -9999 -9999 9.65 8.26 6.42 5.42 8.63 4.22 16.34 15.61 8.13 8.78 7.73 6.81 7.08 4.43 5.61 14.62 14.57 12.71 11.22 10.07 11.98 10.92 9.19 6.71 5.24 4.88 4.68 5.05 6.81 7.64 8.49 9.88 -9999 -9999 -9999 -9999 -9999 -9999 -9999 -9999 -9999 -9999 -9999 -9999 -9999 -9999 -9999 -9999 -9999 -9999 -9999 -9999 -9999 -9999 -9999 -9999 -9999 -9999 -9999
-9999 -9999 -9999 -9999 -9999 -9999 -9999 -9999 -9999 -9999 -9999 -9999 -9999 -9999 -9999 -9999 -9999 -9999 -9999 -9999 8.45 8.54 5.61 7.85 15.45 8.13 4.76 10.46 11.38 8.83 8.24 7.22 6.77 6.08 6.58 8.66 16.98 14.29 12.98 10.47 9.89 9.55 7.37 6.73 6.43 7.05 5.62 6.79 6.64 7.26 7.40 8.23 9.44 10.48 10.85 -9999 -9999 -9999 -9999 -9999 -9999 -9999 -9999 -9999 -9999 -9999 -9999 -9999 -9999 -9999 -9999 -9999 -9999 -9999 -9999 -9999 -9999 -9999 -9999
-9999 -9999 -9999 -9999 -9999 -9999 -9999 -9999 -9999 -9999 -9999 -9999 -9999 -9999 -9999 -9999 -9999 -9999 -9999 -9999 8.24 7.31 6.74 10.59 6.89 6.89 8.15 12.03 8.68 7.25 10.68 5.40 7.55 6.84 7.85 7.50 10.47 12.81 12.49 11.41 10.39 7.95 7.70 6.87 6.19 5.89 6.23 6.38 6.91 6.62 6.69 7.08 10.35 9.19 10.51 11.62 11.71 -9999 -9999 -9999 -9999 -9999 -9999 -9999 -9999 -9999 -9999 -9999 -9999 -9999 -9999 -9999 -9999 -9999 -9999 -9999 -9999 -9999 -9999
-9999 -9999 -9999 -9999 -9999 -9999 -9999 -9999 -9999 -9999 -9999 -9999 -9999 -9999 -9999 -9999 -9999 -9999 -9999 -9999 8.25 7.05 7.69 13.28 14.65 10.75 7.16 7.84 8.45 11.05 6.18 9.55 7.68 7.21 9.05 8.91 7.01 7.82 12.15 11.64 10.47 9.27 8.13 7.47 7.25 7.01 6.51 6.83 6.74 6.39 7.00 7.19 8.15 10.93 10.50 10.82 12.28 12.56 11.25 -9999 -9999 -9999 -9999 -9999 -9999 -9999 -9999 -9999 -9999 -9999 -9999 -9999 -9999 -9999 -9999 -9999 -9999 -9999 -9999
-9999 -9999 -9999 -9999 -9999 -9999 -9999 -9999 -9999 -9999 -9999 -9999 -9999 -9999 -9999 -9999 -9999 -9999 -9999 -9999 8.92 6.92 8.64 10.22 6.11 18.27 14.89 7.06 9.00 6.68 10.34 11.08 7.41 6.38 8.17 9.08 7.02 14.42 12.89 12.43 12.91 13.03 11.86 8.34 9.28 7.82 7.32 7.25 7.12 7.09 7.02 6.44 7.15 9.72 8.73 8.49 9.36 11.05 9.97 13.19 -9999 -9999 -9999 -9999 -9999 -9999 -9999 -9999 -9999 -9999 -9999 -9999 -9999 -9999 -9999 -9999 -9999 -9999 -9999
-9999 -9999 -9999 -9999 -9999 -9999 -9999 -9999 11.64 12.30 12.98 -9999 -9999 -9999 -9999 -9999 -9999 -9999 -9999 -9999 -9999 8.71 6.96 5.59 7.93 9.94 13.07 6.60 3.73 8.64 7.76 6.97 6.01 8.16 8.88 8.08 9.12 11.68 11.71 15.30 13.99 11.63 10.85 11.32 9.62 8.26 7.76 7.42 7.43 6.86 6.54 10.79 9.60 12.69 13.16 12.05 10.97 8.52 11.71 12.58 11.99 -9999 -9999 -9999 -9999 -9999 -9999 -9999 -9999 -9999 -9999 -9999 -9999 -9999 -9999 -9999 -9999 -9999 -9999
-9999 -9999 -9999 -9999 -9999 -9999 -9999 -9999 9.61 9.99 -9999 -9999 -9999 -9999 -9999 -9999 -9999 -9999 -9999 -9999 -9999 -9999 7.40 4.67 8.46 8.77 16.46 8.40 8.32 7.16 4.78 4.00 4.79 4.96 13.41 7.69 9.04 13.94 11.26 8.46 7.79 12.22 8.38 11.24 9.28 8.09 7.53 7.39 6.90 7.33 9.76 10.82 9.81 9.29 8.78 10.03 11.14 10.75 11.27 11.28 13.83 -9999 -9999 -9999 -9999 -9999 -9999 -9999 -9999 -9999 -9999 -9999 -9999 -9999 -9999 -9999 -9999 -9999 -9999
-9999 -9999 -9999 -9999 -9999 -9999 -9999 8.80 11.08 10.76 10.86 -9999 -9999 -9999 -9999 -9999 -9999 -9999 -9999 -9999 -9999 -9999 8.22 9.36 9.59 9.90 7.71 9.24 7.20 6.40 5.09 4.45 6.48 5.25 4.37 13.48 9.30 8.52 12.34 10.40 13.30 10.38 10.79 9.27 8.81 8.28 8.10 7.28 6.69 7.83 9.19 8.41 9.22 10.04 9.58 10.16 10.04 10.44 10.80 9.44 12.81 12.37 -9999 -9999 -9999 -9999 -9999 -9999 -9999 -9999 -9999 -9999 -9999 -9999 -9999 -9999 -9999 -9999 -9999
-9999 -9999 -9999 -9999 -9999 -9999 7.83 11.30 12.48 16.11 10.68 -9999 -9999 -9999 -9999 -9999 -9999 -9999 -9999 -9999 -9999 -9999 9.76 13.32 9.82 5.72 7.37 6.75 7.46 5.57 4.62 5.58 6.69 4.31 10.84 8.29 11.56 8.76 13.71 8.32 9.84 8.04 10.27 8.72 8.94 8.99 7.71 7.48 6.62 6.57 9.60 10.12 9.78 8.61 8.81 8.55 8.68 9.12 10.83 10.96 10.80 12.25 -9999 -9999 -9999 -9999 -9999 -9999 -9999 -9999 -9999 -9999 -9999 -9999 -9999 -9999 -9999 -9999 -9999
-9999 -9999 -9999 -9999 -9999 9.18 7.92 14.23 11.27 11.33 -9999 -9999 -9999 -9999 -9999 -9999 -9999 -9999 -9999 -9999 -9999 -9999 -9999 9.36 6.74 6.05 8.33 5.88 8.12 6.28 5.57 5.23 5.82 4.36 10.70 10.75 12.01 11.65 12.87 12.78 12.82 11.64 11.00 11.08 10.43 8.31 7.83 7.48 6.73 6.42 7.05 11.63 10.52 8.00 7.54 7.74 7.49 7.67 7.88 8.30 8.23 9.64 11.78 13.10 -9999 -9999 -9999 -9999 -9999 -9999 -9999 -9999 -9999 -9999 -9999 -9999 -9999 -9999 -9999
-9999 -9999 -9999 -9999 -9999 11.04 11.86 7.93 8.91 10.22 -9999 -9999 -9999 -9999 -9999 -9999 -9999 -9999 -9999 -9999 -9999 -9999 -9999 -9999 7.74 7.95 7.14 6.32 7.78 7.21 7.13 6.35 6.75 4.59 10.73 9.85 8.92 11.64 10.85 10.03 14.39 14.39 10.75 12.30 10.88 10.12 7.98 7.35 7.04 6.67 6.72 7.70 8.25 7.68 7.78 7.78 7.79 7.58 7.58 7.72 8.02 11.13 11.85 12.04 -9999 -9999 -9999 -9999 -9999 -9999 -9999 -9999 -9999 -9999 -9999 -9999 -9999 -9999 -9999
-9999 -9999 -9999 -9999 -9999 11.68 9.73 10.27 9.82 -9999 -9999 -9999 -9999 -9999 -9999 -9999 -9999 -9999 -9999 -9999 -9999 -9999 -9999 -9999 9.18 8.70 7.93 -9999 8.41 -9999 7.82 6.59 5.80 4.78 4.94 10.25 9.33 10.03 13.74 6.89 8.03 13.86 11.96 11.32 10.97 9.60 8.14 7.63 7.46 7.03 6.93 7.10 8.07 9.29 8.30 8.94 8.03 7.47 8.57 9.85 9.51 8.97 9.17 11.36 13.80 14.94 -9999 -9999 -9999 -9999 -9999 -9999 -9999 -9999 -9999 -9999 -9999 -9999 -9999
-9999 -9999 -9999 -9999 12.02 10.46 9.84 -9999 -9999 -9999 -9999 -9999 -9999 -9999 -9999 -9999 -9999 -9999 -9999 -9999 -9999 -9999 -9999 -9999 10.65 9.31 8.28 -9999 -9999 -9999 7.77 8.11 5.07 6.12 7.29 5.89 5.83 7.77 12.10 11.95 6.88 11.37 13.16 10.41 11.52 10.30 9.05 7.20 7.31 7.10 7.09 7.17 7.48 8.00 8.11 8.56 7.48 8.34 9.61 10.45 10.76 10.57 9.75 10.06 11.85 13.77 -9999 -9999 -9999 -9999 -9999 -9999 -9999 -9999 -9999 -9999 -9999 -9999 -9999
-9999 -9999 -9999 -9999 -9999 -9999 -9999 -9999 -9999 -9999 -9999 -9999 -9999 -9999 -9999 -9999 -9999 -9999 -9999 -9999 -9999 -9999 -9999 -9999 -9999 -9999 -9999 -9999 -9999 8.84 6.80 6.33 8.18 9.28 9.78 9.49 7.78 8.20 11.08 10.87 8.92 6.97 10.50 12.01 10.33 9.46 8.61 7.83 7.56 7.75 7.30 7.20 7.32 7.43 7.45 7.07 8.26 11.28 9.86 10.56 9.78 9.87 9.06 10.12 11.67 -9999 -9999 -9999 -9999 -9999 -9999 -9999 -9999 -9999 -9999 -9999 -9999 -9999 -9999
-9999 -9999 -9999 -9999 -9999 -9999 -9999 -9999 -9999 -9999 -9999 -9999 -9999 -9999 -9999 -9999 -9999 -9999 -9999 -9999 -9999 -9999 -9999 -9999 -9999 -9999 -9999 -9999 -9999 8.19 6.43 7.59 10.39 13.05 11.57 8.46 9.57 6.91 7.45 7.03 8.83 9.44 10.34 10.78 10.36 9.17 8.71 8.35 7.64 7.84 7.31 7.33 7.43 7.57 7.50 7.05 7.86 12.02 11.37 9.72 9.37 9.17 9.01 10.14 11.99 -9999 -9999 -9999 -9999 -9999 -9999 -9999 -9999 -9999 -9999 -9999 -9999 -9999 -9999
-9999 -9999 -9999 -9999 -9999 -9999 -9999 -9999 -9999 -9999 -9999 -9999 -9999 -9999 -9999 -9999 -9999 -9999 -9999 -9999 -9999 -9999 -9999 -9999 -9999 -9999 -9999 -9999 -9999 7.27 5.73 6.05 8.96 10.22 9.66 8.71 8.52 7.74 8.21 7.20 7.23 7.98 6.48 10.69 9.28 10.31 9.05 8.79 7.61 7.40 7.51 7.48 7.57 7.59 7.63 7.49 7.50 9.76 10.85 10.13 9.48 9.44 9.21 10.03 11.56 -9999 -9999 -9999 -9999 -9999 -9999 -9999 -9999 -9999 -9999 -9999 -9999 -9999 -9999
-9999 -9999 -9999 -9999 -9999 -9999 -9999 -9999 -9999 -9999 -9999 -9999 -9999 -9999 -9999 -9999 -9999 -9999 -9999 -9999 -9999 -9999 -9999 -9999 -9999 -9999 -9999 10.32 8.41 6.46 5.50 8.00 9.73 12.54 9.22 10.83 6.34 7.63 7.57 8.89 9.50 9.08 10.83 7.34 7.70 7.83 7.81 7.47 8.35 7.49 7.45 7.77 7.52 7.58 7.77 7.69 7.79 8.28 10.34 10.14 9.58 9.43 9.37 9.59 10.67 12.32 -9999 -9999 -9999 -9999 -9999 -9999 -9999 -9999 -9999 -9999 -9999 -9999 -9999
-9999 -9999 -9999 -9999 -9999 -9999 -9999 -9999 -9999 -9999 -9999 -9999 -9999 -9999 -9999 -9999 -9999 -9999 -9999 -9999 -9999 -9999 -9999 -9999 -9999 -9999 -9999 9.46 7.39 6.30 5.77 6.22 9.11 6.99 7.02 5.54 7.24 10.45 8.24 9.95 9.35 10.49 7.06 10.74 8.53 9.70 9.28 9.35 8.25 7.90 7.57 7.44 7.45 7.62 7.73 7.89 7.91 8.06 8.93 10.45 10.01 9.49 9.50 9.20 9.68 11.47 -9999 -9999 -9999 -9999 -9999 -9999 -9999 -9999 -9999 -9999 -9999 -9999 -9999
-9999 -9999 -9999 -9999 -9999 -9999 -9999 -9999 -9999 -9999 -9999 -9999 -9999 -9999 -9999 -9999 -9999 -9999 -9999 -9999 -9999 -9999 -9999 -9999 -9999 -9999 -9999 9.44 7.24 6.54 6.17 6.40 6.89 7.34 6.61 5.83 7.49 8.03 7.52 9.29 11.53 9.12 8.55 7.17 8.96 7.31 7.99 8.66 8.97 8.15 7.88 7.44 7.44 7.65 7.79 7.96 8.11 8.20 8.68 10.08 10.94 9.89 9.39 9.08 8.95 10.21 12.01 -9999 -9999 -9999 -9999 -9999 -9999 -9999 -9999 -9999 -9999 -9999 -9999
-9999 -9999 -9999 -9999 -9999 -9999 -9999 -9999 -9999 -9999 -9999 -9999 -9999 -9999 -9999 -9999 -9999 -9999 -9999 -9999 -9999 -9999 -9999 -9999 -9999 -9999 -9999 9.15 7.39 6.90 6.86 6.62 6.50 6.40 7.22 8.40 6.16 6.26 7.47 11.75 11.65 12.56 10.94 8.84 8.54 9.04 7.70 7.17 8.28 8.77 7.86 7.48 7.55 7.56 7.82 8.13 8.44 8.55 8.82 10.52 11.79 10.72 10.14 9.73 9.05 9.24 10.83 12.56 -9999 -9999 -9999 -9999 -9999 -9999 -9999 -9999 -9999 -9999 -9999
-9999 -9999 -9999 -9999 -9999 -9999 -9999 -9999 -9999 -9999 -9999 -9999 -9999 -9999 -9999 -9999 -9999 -9999 -9999 -9999 -9999 -9999 -9999 -9999 -9999 -9999 -9999 9.16 7.23 6.78 6.60 6.31 5.91 6.71 6.50 7.63 8.08 9.90 11.29 12.02 9.49 11.19 9.67 9.40 7.93 9.20 8.60 7.85 7.34 7.31 7.60 7.48 7.59 7.76 8.07 8.35 8.74 9.09 9.37 9.91 11.02 10.89 10.38 10.19 9.90 9.51 9.67 11.47 -9999 -9999 -9999 -9999 -9999 -9999 -9999 -9999 -9999 -9999 -9999
-9999 -9999 -9999 -9999 -9999 -9999 -9999 -9999 -9999 -9999 -9999 -9999 -9999 -9999 -9999 -9999 -9999 -9999 -9999 -9999 -9999 -9999 -9999 -9999 -9999 -9999 -9999 -9999 7.28 6.87 6.50 5.95 6.41 8.36 8.49 9.20 8.11 7.88 9.87 9.58 11.05 10.24 8.19 6.68 7.26 7.22 8.48 7.72 7.53 8.16 7.97 7.51 7.80 7.92 8.26 8.43 8.77 9.21 9.62 9.95 9.90 10.26 10.49 10.61 -9999 10.30 10.65 11.68 13.57 -9999 -9999 -9999 -9999 -9999 -9999 -9999 -9999 -9999 -9999
-9999 -9999 -9999 -9999 -9999 -9999 -9999 -9999 -9999 -9999 -9999 -9999 -9999 -9999 -9999 -9999 -9999 -9999 -9999 -9999 -9999 -9999 -9999 -9999 -9999 -9999 -9999 8.89 7.18 6.75 6.10 5.66 5.87 9.72 10.34 8.47 11.03 10.54 8.78 8.58 12.52 10.75 10.99 8.33 6.55 8.38 7.08 6.66 7.51 7.81 7.61 7.91 7.81 8.02 8.24 8.56 8.63 8.85 10.43 9.95 9.38 10.69 10.05 10.30 10.34 -9999 11.54 12.47 14.00 15.19 -9999 -9999 -9999 -9999 -9999 -9999 -9999 -9999 -9999
-9999 -9999 -9999 -9999 -9999 -9999 -9999 -9999 -9999 -9999 -9999 -9999 -9999 -9999 -9999 -9999 -9999 -9999 -9999 -9999 -9999 -9999 -9999 -9999 -9999 -9999 -9999 8.50 6.84 6.52 6.05 7.45 6.53 7.61 10.46 7.58 7.98 8.36 6.60 6.69 10.36 9.97 9.96 6.97 8.62 9.32 7.12 8.15 7.53 8.24 8.24 8.12 7.94 8.11 8.27 8.40 8.37 8.42 8.73 9.31 8.55 8.84 9.55 9.22 10.17 10.75 -9999 -9999 -9999 -9999 -9999 -9999 -9999 -9999 -9999 -9999 -9999 -9999 -9999
-9999 -9999 -9999 -9999 -9999 -9999 -9999 -9999 -9999 -9999 -9999 -9999 -9999 -9999 -9999 -9999 -9999 -9999 -9999 -9999 -9999 -9999 -9999 -9999 -9999 -9999 10.24 7.74 6.49 7.20 6.84 7.00 6.66 7.56 7.77 7.37 7.24 6.85 6.65 7.04 9.50 11.84 12.06 8.07 10.25 9.51 7.14 7.46 6.72 7.61 8.26 8.11 7.95 8.34 8.37 8.36 8.50 8.41 8.65 8.90 8.81 8.65 10.01 9.57 9.57 10.00 11.34 12.77 -9999 -9999 -9999 -9999 -9999 -9999 -9999 -9999 -9999 -9999 -9999
-9999 -9999 -9999 -9999 -9999 -9999 -9999 -9999 -9999 -9999 -9999 -9999 -9999 -9999 -9999 -9999 -9999 -9999 -9999 -9999 -9999 -9999 -9999 -9999 -9999 -9999 -9999 7.83 6.53 6.49 6.92 8.68 6.77 6.59 6.62 7.18 7.55 7.09 6.82 6.65 6.74 10.26 11.54 12.40 9.70 9.87 8.72 7.67 8.07 6.54 7.26 8.63 8.10 8.24 8.22 8.27 8.55 8.51 8.69 9.13 8.93 8.54 8.69 10.90 9.87 9.50 9.98 11.00 12.37 13.93 -9999 -9999 -9999 -9999 -9999 -9999 -9999 -9999 -9999
-9999 -9999 -9999 -9999 -9999 -9999 -9999 -9999 -9999 -9999 -9999 -9999 -9999 -9999 -9999 -9999 -9999 -9999 -9999 -9999 -9999 -9999 -9999 -9999 -9999 -9999 -9999 7.70 6.87 6.40 6.61 6.93 7.11 6.92 6.56 6.84 6.63 6.52 6.56 6.59 7.17 6.56 10.84 13.06 13.25 10.94 9.38 8.49 7.22 7.76 7.50 9.07 8.30 8.36 8.23 8.30 8.42 8.59 9.10 9.31 9.19 8.74 9.08 10.89 10.31 10.45 9.36 9.55 10.68 12.32 -9999 -9999 -9999 -9999 -9999 -9999 -9999 -9999 -9999
-9999 -9999 -9999 -9999 -9999 -9999 -9999 12.94 11.94 12.43 13.70 -9999 -9999 -9999 -9999 -9999 -9999 -9999 -9999 -9999 -9999 -9999 -9999 -9999 -9999 -9999 8.27 7.06 7.28 6.66 7.45 7.14 6.73 6.74 6.85 6.77 6.83 6.74 6.73 6.63 6.48 9.02 11.25 11.19 8.92 11.78 10.75 7.57 7.58 6.13 9.19 9.62 8.51 8.49 8.31 8.34 8.46 8.72 9.22 9.79 9.69 9.06 9.00 9.30 10.89 10.66 10.98 9.31 9.23 10.82 12.75 -9999 -9999 -9999 -9999 -9999 -9999 -9999 -9999
-9999 -9999 -9999 -9999 -9999 -9999 -9999 11.91 10.76 10.65 11.52 -9999 -9999 -9999 -9999 -9999 -9999 -9999 -9999 -9999 -9999 -9999 -9999 -9999 -9999 8.10 7.70 6.90 7.26 8.28 7.12 7.14 6.39 6.54 6.87 6.84 7.09 7.25 6.61 6.26 6.27 7.68 12.80 12.63 8.76 10.23 9.68 9.28 6.68 6.20 8.32 9.25 8.69 8.07 8.06 8.31 8.88 9.06 9.37 9.76 10.21 9.58 9.33 9.14 10.60 10.57 10.46 9.47 9.23 9.81 11.77 -9999 -9999 -9999 -9999 -9999 -9999 -9999 -9999
-9999 -9999 -9999 -9999 -9999 15.48 12.02 9.99 9.94 9.66 10.92 10.92 12.31 13.29 -9999 -9999 12.39 10.26 -9999 -9999 -9999 7.82 8.89 8.32 -9999 6.11 7.71 7.09 6.87 7.43 6.95 7.25 7.25 7.86 7.56 7.69 6.96 7.37 6.77 6.78 9.90 7.22 8.87 11.17 6.41 7.91 12.46 7.45 9.06 7.27 8.17 8.63 8.36 8.28 8.33 8.46 8.95 8.94 9.49 9.65 10.43 9.69 9.33 9.19 9.45 10.03 10.88 10.43 9.31 9.20 10.81 12.94 -9999 -9999 -9999 -9999 -9999 -9999 -9999
-9999 -9999 -9999 -9999 -9999 -9999 12.55 10.60 9.60 9.04 9.37 10.71 12.42 10.54 -9999 9.77 9.89 10.12 8.45 8.98 5.94 5.01 8.69 8.80 7.72 -9999 5.70 7.28 7.28 6.73 6.73 7.46 6.91 6.84 6.97 7.01 7.28 7.04 7.35 7.10 10.08 10.38 9.71 10.06 9.15 10.68 10.89 9.37 7.33 7.02 8.86 9.02 7.94 8.60 8.32 8.88 9.14 8.96 9.33 9.55 10.46 9.72 9.25 9.12 8.87 9.52 10.21 10.89 10.01 9.26 10.01 12.05 -9999 -9999 -9999 -9999 -9999 -9999 -9999
