ML/MeanWindSpeed_1993-05_Actual.txt
ncols         180
nrows         290
xllcorner     -200000
yllcorner     -200000
cellsize      5000
NODATA_value  -9999
[rows 140 to 174 of 290, columns 79 to 157 of 180]
-9999 -9999 12.72 -9999 -9999 -9999 12.20 11.90 10.87 11.04 12.57 -9999 -9999 13.74 12.59 13.96 14.82 -9999 -9999 -9999 -9999 -9999 10.78 9.18 7.22 7.02 6.56 6.94 7.14 7.45 7.20 6.04 8.34 9.93 9.39 8.09 8.90 9.51 10.01 8.64 8.97 8.80 7.80 6.46 6.45 6.48 4.92 5.50 7.35 9.23 -9999 -9999 -9999 -9999 -9999 -9999 -9999 -9999 -9999 -9999 -9999 -9999 -9999 -9999 -9999 -9999 -9999 -9999 -9999 -9999 -9999 -9999 -9999 -9999 -9999 -9999 -9999 -9999 -9999
-9999 -9999 12.94 12.60 -9999 -9999 -9999 12.22 12.16 12.07 12.92 -9999 -9999 -9999 -9999 14.73 -9999 -9999 -9999 -9999 -9999 -9999 9.52 8.05 6.87 6.94 6.99 7.11 7.26 7.68 7.58 6.98 7.99 10.26 9.49 7.18 10.32 10.44 11.30 9.38 9.23 9.76 8.11 7.10 6.85 5.62 4.48 5.41 7.35 9.22 -9999 -9999 -9999 -9999 -9999 -9999 -9999 -9999 -9999 -9999 -9999 -9999 -9999 -9999 -9999 -9999 -9999 -9999 -9999 -9999 -9999 -9999 -9999 -9999 -9999 -9999 -9999 -9999 -9999
-9999 -9999 -9999 13.43 -9999 -9999 -9999 -9999 12.47 13.07 13.25 -9999 -9999 -9999 -9999 -9999 -9999 -9999 -9999 -9999 -9999 10.44 8.78 7.86 6.91 6.84 7.77 7.85 7.97 8.37 8.41 7.97 7.32 8.84 11.29 10.51 10.76 11.35 10.62 10.11 9.92 8.39 6.82 7.65 7.50 5.48 4.83 5.85 7.62 9.59 11.09 -9999 -9999 -9999 -9999 -9999 -9999 -9999 -9999 -9999 -9999 -9999 -9999 -9999 -9999 -9999 -9999 -9999 -9999 -9999 -9999 -9999 -9999 -9999 -9999 -9999 -9999 -9999 -9999
-9999 -9999 -9999 14.11 -9999 -9999 -9999 -9999 -9999 -9999 -9999 -9999 -9999 -9999 -9999 -9999 -9999 -9999 -9999 -9999 -9999 9.89 7.97 6.64 5.18 5.24 10.12 8.62 8.12 9.66 8.57 9.08 6.46 7.17 10.58 12.19 10.76 10.32 12.74 13.99 12.98 11.19 9.71 7.12 6.79 6.19 6.42 6.66 8.05 9.94 11.04 11.83 -9999 -9999 -9999 -9999 -9999 -9999 -9999 -9999 -9999 -9999 -9999 -9999 -9999 -9999 -9999 -9999 -9999 -9999 -9999 -9999 -9999 -9999 -9999 -9999 -9999 -9999 -9999
-9999 -9999 -9999 -9999 -9999 -9999 -9999 -9999 -9999 -9999 -9999 -9999 -9999 -9999 -9999 -9999 -9999 -9999 -9999 -9999 10.76 9.13 7.15 6.24 7.37 5.48 12.91 12.03 8.05 8.92 8.36 8.26 8.13 7.14 8.92 14.05 14.47 13.39 12.12 11.18 11.98 11.29 10.09 8.52 7.53 6.99 6.80 7.45 8.96 9.62 9.97 10.60 -9999 -9999 -9999 -9999 -9999 -9999 -9999 -9999 -9999 -9999 -9999 -9999 -9999 -9999 -9999 -9999 -9999 -9999 -9999 -9999 -9999 -9999 -9999 -9999 -9999 -9999 -9999
-9999 -9999 -9999 -9999 -9999 -9999 -9999 -9999 -9999 -9999 -9999 -9999 -9999 -9999 -9999 -9999 -9999 -9999 -9999 -9999 9.72 9.00 6.31 7.10 11.32 7.40 6.90 10.28 10.03 8.63 8.03 7.97 7.98 8.22 10.54 13.54 17.88 15.49 13.87 12.24 11.64 10.88 9.16 8.38 8.01 8.39 7.84 8.67 8.92 9.32 9.05 9.23 9.78 10.22 10.66 -9999 -9999 -9999 -9999 -9999 -9999 -9999 -9999 -9999 -9999 -9999 -9999 -9999 -9999 -9999 -9999 -9999 -9999 -9999 -9999 -9999 -9999 -9999 -9999
-9999 -9999 -9999 -9999 -9999 -9999 -9999 -9999 -9999 -9999 -9999 -9999 -9999 -9999 -9999 -9999 -9999 -9999 -9999 -9999 9.60 8.37 7.15 8.84 7.07 6.31 7.81 11.07 8.81 7.82 9.19 6.42 7.91 8.48 10.89 12.62 14.49 14.46 13.28 12.19 11.43 9.87 9.26 8.52 8.06 8.01 8.30 8.43 8.77 8.43 8.09 7.91 9.41 8.64 9.72 10.92 11.59 -9999 -9999 -9999 -9999 -9999 -9999 -9999 -9999 -9999 -9999 -9999 -9999 -9999 -9999 -9999 -9999 -9999 -9999 -9999 -9999 -9999 -9999
-9999 -9999 -9999 -9999 -9999 -9999 -9999 -9999 -9999 -9999 -9999 -9999 -9999 -9999 -9999 -9999 -9999 -9999 -9999 -9999 9.77 8.42 8.36 11.13 12.01 8.73 6.60 8.87 9.43 10.35 7.69 9.12 8.08 8.07 10.42 11.74 11.41 11.38 12.85 11.63 10.68 10.04 9.16 8.61 8.65 8.71 8.42 8.52 8.33 7.86 7.60 7.15 7.54 8.98 9.10 9.83 11.38 12.08 11.68 -9999 -9999 -9999 -9999 -9999 -9999 -9999 -9999 -9999 -9999 -9999 -9999 -9999 -9999 -9999 -9999 -9999 -9999 -9999 -9999
-9999 -9999 -9999 -9999 -9999 -9999 -9999 -9999 -9999 -9999 -9999 -9999 -9999 -9999 -9999 -9999 -9999 -9999 -9999 -9999 10.52 8.82 9.14 9.45 7.51 13.92 11.98 9.37 10.57 8.78 11.04 10.97 8.56 7.73 8.90 9.49 8.95 13.13 12.30 11.68 11.48 11.28 10.62 8.78 9.39 8.84 8.60 8.52 8.27 7.87 7.17 6.52 7.24 9.06 8.95 9.12 9.81 10.92 10.61 12.79 -9999 -9999 -9999 -9999 -9999 -9999 -9999 -9999 -9999 -9999 -9999 -9999 -9999 -9999 -9999 -9999 -9999 -9999 -9999
-9999 -9999 -9999 -9999 -9999 -9999 -9999 -9999 11.13 11.36 12.31 -9999 -9999 -9999 -9999 -9999 -9999 -9999 -9999 -9999 -9999 10.02 8.75 7.40 8.66 10.98 12.93 10.03 8.54 11.10 11.00 9.60 8.16 9.22 9.39 8.26 8.73 10.91 11.65 13.46 12.41 10.83 10.31 10.51 9.65 8.91 8.58 8.30 8.02 7.33 6.60 8.71 8.83 11.19 12.06 11.87 11.26 9.83 11.38 12.30 12.51 -9999 -9999 -9999 -9999 -9999 -9999 -9999 -9999 -9999 -9999 -9999 -9999 -9999 -9999 -9999 -9999 -9999 -9999
-9999 -9999 -9999 -9999 -9999 -9999 -9999 -9999 9.38 9.70 -9999 -9999 -9999 -9999 -9999 -9999 -9999 -9999 -9999 -9999 -9999 -9999 8.55 6.61 9.30 11.04 15.22 10.36 10.55 10.80 9.69 8.59 7.81 7.34 11.48 8.24 9.02 12.50 11.74 10.27 9.85 12.06 9.67 10.98 9.70 8.87 8.34 8.07 7.46 7.48 8.49 9.12 9.42 10.03 10.27 11.20 11.65 11.36 11.54 11.80 13.43 -9999 -9999 -9999 -9999 -9999 -9999 -9999 -9999 -9999 -9999 -9999 -9999 -9999 -9999 -9999 -9999 -9999 -9999
-9999 -9999 -9999 -9999 -9999 -9999 -9999 8.96 10.25 10.80 11.61 -9999 -9999 -9999 -9999 -9999 -9999 -9999 -9999 -9999 -9999 -9999 8.26 8.95 9.73 11.22 10.15 10.33 9.20 9.37 9.03 8.57 9.04 7.95 6.92 11.72 10.03 10.12 11.88 10.97 12.31 10.54 10.49 9.66 9.32 8.78 8.55 7.98 7.38 8.12 9.21 9.03 10.21 11.54 11.63 12.07 11.68 11.80 12.23 11.58 13.31 12.96 -9999 -9999 -9999 -9999 -9999 -9999 -9999 -9999 -9999 -9999 -9999 -9999 -9999 -9999 -9999 -9999 -9999
-9999 -9999 -9999 -9999 -9999 -9999 7.92 10.04 11.53 14.23 11.77 -9999 -9999 -9999 -9999 -9999 -9999 -9999 -9999 -9999 -9999 -9999 9.33 11.82 10.33 8.72 9.70 9.15 9.36 8.60 8.09 8.24 8.76 7.84 10.82 9.26 11.71 10.37 12.70 9.75 10.23 8.96 10.03 9.10 9.18 9.02 8.30 8.14 7.72 8.07 10.48 11.13 11.20 11.07 11.43 11.47 11.33 11.46 12.58 12.50 12.22 12.61 -9999 -9999 -9999 -9999 -9999 -9999 -9999 -9999 -9999 -9999 -9999 -9999 -9999 -9999 -9999 -9999 -9999
-9999 -9999 -9999 -9999 -9999 9.22 8.14 12.44 12.37 13.00 -9999 -9999 -9999 -9999 -9999 -9999 -9999 -9999 -9999 -9999 -9999 -9999 -9999 10.52 9.14 8.36 9.72 8.54 9.98 8.91 8.25 7.85 7.85 7.12 10.53 10.61 11.54 10.93 11.23 11.38 11.11 10.10 9.95 10.15 9.72 8.65 8.44 8.52 8.41 8.36 9.49 12.32 11.67 10.52 10.30 10.46 10.44 10.66 10.80 10.66 10.31 10.85 12.08 13.07 -9999 -9999 -9999 -9999 -9999 -9999 -9999 -9999 -9999 -9999 -9999 -9999 -9999 -9999 -9999
-9999 -9999 -9999 -9999 -9999 10.40 11.07 10.31 12.28 13.05 -9999 -9999 -9999 -9999 -9999 -9999 -9999 -9999 -9999 -9999 -9999 -9999 -9999 -9999 9.59 9.14 9.02 8.73 9.87 9.46 9.08 8.51 8.31 6.98 10.67 10.40 10.15 11.23 9.85 9.41 11.73 11.43 9.54 10.71 10.09 9.73 8.80 8.79 8.76 8.61 9.17 10.16 10.33 9.93 9.81 9.82 9.92 9.81 9.89 9.85 9.73 11.19 11.75 12.12 -9999 -9999 -9999 -9999 -9999 -9999 -9999 -9999 -9999 -9999 -9999 -9999 -9999 -9999 -9999
-9999 -9999 -9999 -9999 -9999 11.33 10.81 11.73 12.13 -9999 -9999 -9999 -9999 -9999 -9999 -9999 -9999 -9999 -9999 -9999 -9999 -9999 -9999 -9999 10.13 9.94 9.84 -9999 10.32 -9999 9.42 8.54 7.52 6.72 7.79 10.71 10.24 10.83 12.49 8.57 9.37 12.33 11.14 10.77 10.59 9.89 9.12 8.99 8.96 8.73 8.99 9.59 10.07 10.31 9.60 9.86 9.11 8.59 9.32 10.15 10.00 9.86 10.08 11.45 13.18 14.19 -9999 -9999 -9999 -9999 -9999 -9999 -9999 -9999 -9999 -9999 -9999 -9999 -9999
-9999 -9999 -9999 -9999 11.91 11.67 11.59 -9999 -9999 -9999 -9999 -9999 -9999 -9999 -9999 -9999 -9999 -9999 -9999 -9999 -9999 -9999 -9999 -9999 11.14 10.70 10.22 -9999 -9999 -9999 9.18 8.89 6.57 6.95 8.64 8.53 8.20 9.79 12.46 12.08 9.14 11.65 12.37 10.57 11.28 10.47 9.67 8.74 8.89 8.78 8.91 9.28 9.58 9.58 9.34 9.37 8.42 8.54 9.39 10.31 10.88 11.03 10.63 10.90 12.13 13.50 -9999 -9999 -9999 -9999 -9999 -9999 -9999 -9999 -9999 -9999 -9999 -9999 -9999
-9999 -9999 -9999 -9999 -9999 -9999 -9999 -9999 -9999 -9999 -9999 -9999 -9999 -9999 -9999 -9999 -9999 -9999 -9999 -9999 -9999 -9999 -9999 -9999 -9999 -9999 -9999 -9999 -9999 9.87 8.10 7.27 7.52 8.09 9.50 10.16 9.46 10.36 12.30 11.79 10.46 9.72 11.38 11.81 10.99 10.11 9.36 8.94 9.00 9.13 8.90 8.98 9.22 9.22 8.94 8.43 8.85 10.34 9.88 10.71 10.63 10.79 10.30 11.08 12.22 -9999 -9999 -9999 -9999 -9999 -9999 -9999 -9999 -9999 -9999 -9999 -9999 -9999 -9999
-9999 -9999 -9999 -9999 -9999 -9999 -9999 -9999 -9999 -9999 -9999 -9999 -9999 -9999 -9999 -9999 -9999 -9999 -9999 -9999 -9999 -9999 -9999 -9999 -9999 -9999 -9999 -9999 -9999 9.31 7.65 7.65 8.77 10.67 10.78 9.56 10.32 9.61 10.24 9.47 10.10 10.51 11.32 11.18 10.96 10.19 9.67 9.26 8.90 9.06 8.74 8.74 8.83 8.96 8.81 8.28 8.77 11.28 11.25 10.50 10.44 10.34 10.10 10.88 12.22 -9999 -9999 -9999 -9999 -9999 -9999 -9999 -9999 -9999 -9999 -9999 -9999 -9999 -9999
-9999 -9999 -9999 -9999 -9999 -9999 -9999 -9999 -9999 -9999 -9999 -9999 -9999 -9999 -9999 -9999 -9999 -9999 -9999 -9999 -9999 -9999 -9999 -9999 -9999 -9999 -9999 -9999 -9999 8.76 7.43 7.71 9.97 10.90 11.05 10.70 9.85 9.39 10.08 9.04 8.81 9.36 8.93 11.12 10.11 10.53 9.74 9.41 8.72 8.61 8.59 8.55 8.63 8.71 8.75 8.54 8.80 10.59 11.22 10.59 10.23 10.15 9.92 10.53 11.71 -9999 -9999 -9999 -9999 -9999 -9999 -9999 -9999 -9999 -9999 -9999 -9999 -9999 -9999
-9999 -9999 -9999 -9999 -9999 -9999 -9999 -9999 -9999 -9999 -9999 -9999 -9999 -9999 -9999 -9999 -9999 -9999 -9999 -9999 -9999 -9999 -9999 -9999 -9999 -9999 -9999 11.31 9.86 8.18 7.24 9.24 11.18 13.03 11.36 11.79 8.66 8.86 8.88 9.06 9.51 9.63 11.05 9.69 9.56 9.36 9.17 8.72 8.97 8.40 8.32 8.52 8.43 8.55 8.76 8.74 9.04 9.95 11.04 10.36 9.80 9.78 9.77 10.07 11.12 12.43 -9999 -9999 -9999 -9999 -9999 -9999 -9999 -9999 -9999 -9999 -9999 -9999 -9999
-9999 -9999 -9999 -9999 -9999 -9999 -9999 -9999 -9999 -9999 -9999 -9999 -9999 -9999 -9999 -9999 -9999 -9999 -9999 -9999 -9999 -9999 -9999 -9999 -9999 -9999 -9999 10.70 9.16 8.20 7.77 8.56 11.02 10.23 9.41 8.19 8.93 10.05 8.46 9.19 9.04 9.91 8.46 10.84 9.78 10.35 10.07 9.82 8.92 8.50 8.31 8.31 8.33 8.49 8.67 8.86 9.00 9.46 10.13 10.52 9.89 9.68 9.75 9.80 10.50 11.79 -9999 -9999 -9999 -9999 -9999 -9999 -9999 -9999 -9999 -9999 -9999 -9999 -9999
-9999 -9999 -9999 -9999 -9999 -9999 -9999 -9999 -9999 -9999 -9999 -9999 -9999 -9999 -9999 -9999 -9999 -9999 -9999 -9999 -9999 -9999 -9999 -9999 -9999 -9999 -9999 10.64 9.09 8.49 8.24 8.94 10.12 10.05 8.76 8.10 8.54 8.34 7.85 9.12 10.68 9.61 9.61 9.08 9.85 8.90 9.01 9.26 9.38 8.75 8.51 8.31 8.30 8.47 8.67 8.89 9.03 9.09 9.60 10.36 10.53 9.92 9.71 9.77 9.98 10.93 12.20 -9999 -9999 -9999 -9999 -9999 -9999 -9999 -9999 -9999 -9999 -9999 -9999
-9999 -9999 -9999 -9999 -9999 -9999 -9999 -9999 -9999 -9999 -9999 -9999 -9999 -9999 -9999 -9999 -9999 -9999 -9999 -9999 -9999 -9999 -9999 -9999 -9999 -9999 -9999 10.50 9.22 8.80 8.72 8.81 8.88 8.64 8.63 8.76 7.78 7.78 8.02 10.64 11.01 11.53 11.10 10.25 10.02 10.14 9.23 8.77 9.22 9.22 8.50 8.28 8.35 8.43 8.69 9.00 9.25 9.21 9.48 10.78 11.36 10.57 10.30 10.27 10.07 10.25 11.33 12.58 -9999 -9999 -9999 -9999 -9999 -9999 -9999 -9999 -9999 -9999 -9999
-9999 -9999 -9999 -9999 -9999 -9999 -9999 -9999 -9999 -9999 -9999 -9999 -9999 -9999 -9999 -9999 -9999 -9999 -9999 -9999 -9999 -9999 -9999 -9999 -9999 -9999 -9999 10.57 9.21 8.83 8.60 8.30 8.00 7.97 7.40 7.95 8.77 9.76 10.61 11.84 10.57 11.27 10.45 10.36 9.56 10.21 9.84 9.36 8.87 8.59 8.45 8.28 8.43 8.62 8.92 9.18 9.49 9.69 9.87 10.68 11.31 10.83 10.51 10.61 10.61 10.43 10.53 11.77 -9999 -9999 -9999 -9999 -9999 -9999 -9999 -9999 -9999 -9999 -9999
-9999 -9999 -9999 -9999 -9999 -9999 -9999 -9999 -9999 -9999 -9999 -9999 -9999 -9999 -9999 -9999 -9999 -9999 -9999 -9999 -9999 -9999 -9999 -9999 -9999 -9999 -9999 -9999 9.21 8.84 8.37 7.69 7.73 8.57 8.79 9.42 9.03 9.29 10.83 11.38 11.93 11.38 10.38 9.45 9.50 9.28 9.72 9.16 8.91 9.14 8.83 8.44 8.68 8.82 9.09 9.26 9.49 9.82 10.09 10.58 10.83 10.63 10.62 10.85 -9999 10.91 11.18 11.91 13.21 -9999 -9999 -9999 -9999 -9999 -9999 -9999 -9999 -9999 -9999
-9999 -9999 -9999 -9999 -9999 -9999 -9999 -9999 -9999 -9999 -9999 -9999 -9999 -9999 -9999 -9999 -9999 -9999 -9999 -9999 -9999 -9999 -9999 -9999 -9999 -9999 -9999 10.32 9.04 8.55 7.97 7.31 7.37 9.91 10.72 10.02 11.78 11.96 10.88 10.59 12.42 11.29 11.22 9.87 8.91 9.98 9.37 8.90 9.04 9.08 8.79 8.80 8.82 8.93 9.06 9.30 9.33 9.52 10.40 10.21 10.13 10.81 10.30 10.54 10.70 -9999 11.79 12.51 13.58 14.42 -9999 -9999 -9999 -9999 -9999 -9999 -9999 -9999 -9999
-9999 -9999 -9999 -9999 -9999 -9999 -9999 -9999 -9999 -9999 -9999 -9999 -9999 -9999 -9999 -9999 -9999 -9999 -9999 -9999 -9999 -9999 -9999 -9999 -9999 -9999 -9999 9.95 8.68 8.29 7.93 8.49 8.41 9.97 12.10 10.94 11.28 11.50 10.31 9.75 11.40 10.65 10.06 8.38 9.44 10.28 9.37 9.83 9.38 9.65 9.41 9.02 8.86 8.91 9.00 9.11 9.08 9.16 9.53 9.75 9.40 9.73 9.99 9.70 10.41 11.02 -9999 -9999 -9999 -9999 -9999 -9999 -9999 -9999 -9999 -9999 -9999 -9999 -9999
-9999 -9999 -9999 -9999 -9999 -9999 -9999 -9999 -9999 -9999 -9999 -9999 -9999 -9999 -9999 -9999 -9999 -9999 -9999 -9999 -9999 -9999 -9999 -9999 -9999 -9999 11.13 9.30 8.29 8.61 8.50 8.79 9.08 10.73 11.72 11.45 11.19 10.93 10.46 9.90 11.13 12.14 11.36 8.78 10.30 10.45 9.57 9.79 9.34 9.63 9.58 8.97 8.70 8.91 8.94 8.99 9.12 9.15 9.56 9.76 9.69 9.77 10.38 9.86 9.84 10.35 11.45 12.66 -9999 -9999 -9999 -9999 -9999 -9999 -9999 -9999 -9999 -9999 -9999
-9999 -9999 -9999 -9999 -9999 -9999 -9999 -9999 -9999 -9999 -9999 -9999 -9999 -9999 -9999 -9999 -9999 -9999 -9999 -9999 -9999 -9999 -9999 -9999 -9999 -9999 -9999 9.26 8.29 8.24 8.76 10.16 9.66 10.35 10.94 11.12 11.17 10.74 10.19 9.50 9.64 11.33 11.11 11.28 10.39 10.93 10.74 10.38 10.57 9.37 9.04 9.10 8.64 8.76 8.76 8.81 9.08 9.20 9.59 10.01 9.80 9.62 9.72 10.70 10.04 9.84 10.33 11.31 12.40 13.55 -9999 -9999 -9999 -9999 -9999 -9999 -9999 -9999 -9999
-9999 -9999 -9999 -9999 -9999 -9999 -9999 -9999 -9999 -9999 -9999 -9999 -9999 -9999 -9999 -9999 -9999 -9999 -9999 -9999 -9999 -9999 -9999 -9999 -9999 -9999 -9999 9.05 8.51 8.39 8.87 9.48 9.94 10.33 10.57 10.79 10.56 10.31 10.09 9.88 9.75 9.18 11.29 12.33 13.10 11.94 11.08 11.02 10.23 10.01 9.23 9.39 8.72 8.79 8.75 8.78 8.97 9.29 9.87 10.22 10.06 9.63 9.91 10.98 10.47 10.44 9.89 10.26 11.19 12.41 -9999 -9999 -9999 -9999 -9999 -9999 -9999 -9999 -9999
-9999 -9999 -9999 -9999 -9999 -9999 -9999 13.63 12.78 13.00 13.69 -9999 -9999 -9999 -9999 -9999 -9999 -9999 -9999 -9999 -9999 -9999 -9999 -9999 -9999 -9999 9.20 8.42 8.63 8.56 9.38 9.64 9.63 9.89 10.34 10.53 10.55 10.30 10.02 9.61 8.95 10.73 12.16 12.16 11.55 12.87 12.18 10.64 10.28 8.99 10.10 9.80 8.91 8.81 8.73 8.78 9.04 9.50 10.04 10.58 10.43 9.91 9.89 10.28 11.04 10.78 10.84 9.95 10.11 11.35 12.75 -9999 -9999 -9999 -9999 -9999 -9999 -9999 -9999
-9999 -9999 -9999 -9999 -9999 -9999 -9999 12.81 11.83 11.82 12.40 -9999 -9999 -9999 -9999 -9999 -9999 -9999 -9999 -9999 -9999 -9999 -9999 -9999 -9999 8.97 8.65 8.09 8.51 9.41 9.09 9.30 9.26 9.71 10.20 10.31 10.43 10.30 9.65 8.90 8.21 9.43 13.13 13.49 11.59 12.67 12.00 11.59 9.88 9.08 9.72 9.89 9.24 8.66 8.67 8.90 9.47 9.89 10.25 10.63 10.74 10.33 10.18 10.34 11.16 11.04 10.79 10.08 10.04 10.60 12.07 -9999 -9999 -9999 -9999 -9999 -9999 -9999 -9999
-9999 -9999 -9999 -9999 -9999 15.51 13.28 11.83 11.49 11.37 11.97 11.67 12.34 12.54 -9999 -9999 11.33 9.97 -9999 -9999 -9999 8.56 9.11 8.39 -9999 7.15 8.36 8.13 8.19 8.69 8.63 8.86 9.27 10.20 10.48 10.66 10.22 10.14 9.41 9.07 10.09 8.90 11.26 12.82 10.29 11.58 13.34 10.35 10.91 9.55 9.79 9.84 9.30 8.95 8.99 9.27 9.80 10.01 10.38 10.62 10.94 10.42 10.26 10.39 10.67 10.97 11.27 10.77 10.13 10.12 11.36 12.94 -9999 -9999 -9999 -9999 -9999 -9999 -9999
-9999 -9999 -9999 -9999 -9999 -9999 13.70 12.41 11.67 11.18 11.08 11.22 11.38 9.22 -9999 7.76 8.99 9.06 8.09 8.47 6.46 5.97 8.28 8.27 7.41 -9999 6.94 8.03 8.17 7.88 8.10 8.68 8.83 9.48 10.06 10.23 10.29 9.86 9.39 8.91 10.33 10.74 11.44 11.79 11.16 12.71 12.58 10.93 9.66 9.17 10.00 10.01 9.17 9.27 9.14 9.70 10.11 10.14 10.30 10.53 10.99 10.48 10.33 10.33 10.37 10.83 11.07 11.14 10.60 10.22 10.84 12.32 -9999 -9999 -9999 -9999 -9999 -9999 -9999
