ML/MeanWindSpeed_1995-01_Actual.txt
ncols         180
nrows         290
xllcorner     -200000
yllcorner     -200000
cellsize      5000
NODATA_value  -9999
[rows 170 to 203 of 290, columns 77 to 153 of 180]
-9999 -9999 -9999 -9999 -9999 -9999 -9999 -9999 -9999 -9999 -9999 -9999 -9999 -9999 -9999 -9999 -9999 -9999 -9999 -9999 -9999 -9999 -9999 -9999 -9999 -9999 -9999 -9999 -9999 12.02 11.17 10.48 10.59 10.82 11.01 10.37 9.54 9.99 9.81 9.73 10.03 10.15 11.18 9.84 16.44 20.54 20.82 16.65 14.24 13.04 11.05 11.76 10.42 12.47 11.19 11.26 10.98 10.99 11.12 11.33 11.89 11.91 11.77 11.41 11.92 14.69 13.49 13.53 11.72 11.84 13.20 15.07 -9999 -9999 -9999 -9999 -9999
-9999 -9999 -9999 -9999 -9999 -9999 -9999 -9999 -9999 19.16 17.88 18.33 19.74 -9999 -9999 -9999 -9999 -9999 -9999 -9999 -9999 -9999 -9999 -9999 -9999 -9999 -9999 -9999 12.68 11.21 11.89 10.80 11.92 11.02 10.25 10.16 10.22 9.99 10.16 10.09 10.31 10.18 10.17 13.90 16.99 17.07 13.14 17.84 16.08 11.10 11.61 9.17 13.47 13.48 11.53 11.49 11.16 11.05 11.18 11.48 12.00 12.55 12.35 11.68 11.71 12.00 14.55 13.99 14.51 11.80 11.66 13.53 15.67 -9999 -9999 -9999 -9999
-9999 -9999 -9999 -9999 -9999 -9999 -9999 -9999 -9999 18.53 17.26 16.64 16.98 -9999 -9999 -9999 -9999 -9999 -9999 -9999 -9999 -9999 -9999 -9999 -9999 -9999 -9999 12.71 12.39 11.26 11.64 13.02 10.98 10.98 9.79 9.99 10.52 10.40 10.79 11.10 10.20 9.77 9.79 11.50 19.32 18.93 12.57 14.81 14.16 13.90 9.99 9.19 11.96 12.81 11.82 10.79 10.76 11.00 11.78 11.86 12.08 12.34 13.03 12.21 12.09 11.69 14.08 13.89 13.62 12.11 11.85 12.45 14.69 -9999 -9999 -9999 -9999
-9999 -9999 -9999 -9999 -9999 -9999 -9999 22.59 18.03 15.79 16.35 15.67 16.84 15.77 16.68 17.19 -9999 -9999 16.82 14.12 -9999 -9999 -9999 12.49 14.21 13.06 -9999 10.08 12.91 11.63 10.85 11.60 10.76 11.28 11.39 12.36 11.77 11.94 10.67 11.51 10.71 10.44 15.39 10.25 12.07 16.20 8.71 11.10 19.07 10.84 14.05 10.88 11.54 11.74 11.29 11.20 11.22 11.14 11.75 11.50 12.13 12.04 13.27 12.24 11.97 11.82 12.21 13.08 14.38 13.74 12.06 11.80 13.67 16.09 -9999 -9999 -9999
-9999 -9999 -9999 -9999 -9999 -9999 -9999 -9999 18.62 16.40 15.42 14.70 14.78 15.90 17.45 13.18 -9999 11.42 13.63 15.30 13.16 14.48 10.15 9.43 15.79 15.06 12.71 -9999 9.55 11.96 11.78 10.80 10.67 11.73 10.71 10.60 10.72 10.78 11.29 11.10 12.11 11.35 15.62 15.38 13.64 14.34 13.49 15.90 16.01 13.78 10.80 10.21 12.64 12.55 10.71 11.81 11.16 11.72 11.98 11.51 11.91 11.90 13.25 12.22 11.80 11.83 11.42 12.37 13.39 14.64 13.31 12.12 12.88 15.18 -9999 -9999 -9999
-9999 -9999 -9999 -9999 -9999 -9999 -9999 -9999 -9999 17.73 16.60 15.46 14.07 13.25 10.88 9.07 17.11 27.54 11.94 16.73 16.59 14.98 12.33 8.84 8.80 12.02 15.30 12.43 9.29 10.03 11.70 10.99 11.24 12.94 11.30 10.39 9.84 10.34 10.78 10.80 11.51 11.34 17.93 18.58 14.21 14.07 11.57 10.33 11.95 12.63 10.30 10.21 11.92 10.89 10.40 11.63 11.07 12.48 11.65 11.74 11.59 11.47 13.15 11.61 11.41 11.60 11.35 11.93 12.52 12.82 13.41 14.16 12.25 14.31 16.78 -9999 -9999
-9999 -9999 -9999 -9999 -9999 -9999 -9999 -9999 -9999 -9999 18.90 15.44 13.11 10.67 10.37 13.20 32.23 20.81 8.45 17.07 10.93 15.84 15.09 10.15 6.89 15.94 12.84 14.20 11.97 9.78 10.25 10.82 9.86 10.93 11.49 10.86 10.31 9.77 10.23 10.09 10.10 12.82 13.55 18.80 14.86 15.42 14.30 8.42 11.48 14.75 10.93 11.15 11.79 10.60 10.73 11.18 11.00 12.51 11.44 11.33 11.67 11.06 11.76 11.68 11.30 11.40 11.47 11.71 12.32 14.13 12.75 11.90 12.15 13.83 16.44 -9999 -9999
-9999 -9999 -9999 -9999 -9999 -9999 -9999 -9999 -9999 -9999 -9999 15.70 12.41 12.42 14.99 29.27 30.08 18.80 14.33 13.50 14.64 16.71 16.68 16.67 10.83 8.58 16.66 12.97 12.03 11.35 10.03 10.17 10.26 9.87 10.52 9.96 9.34 9.56 9.64 9.46 9.76 11.42 13.54 14.73 11.90 12.41 15.26 12.67 8.25 14.81 11.62 11.49 11.89 10.56 10.80 10.72 11.49 12.44 11.59 11.40 11.53 10.82 12.69 11.84 11.57 11.68 11.70 12.17 11.86 11.84 11.53 11.42 12.06 14.29 16.65 -9999 -9999
-9999 -9999 -9999 -9999 -9999 -9999 -9999 -9999 -9999 -9999 -9999 14.97 13.38 16.95 19.00 20.41 22.76 11.89 9.73 13.36 17.06 17.56 18.33 15.88 11.97 7.62 16.86 16.38 12.95 12.38 10.18 9.94 10.30 11.10 10.21 9.79 9.40 8.71 8.53 9.06 11.80 11.83 8.70 15.27 11.99 13.19 16.02 16.00 11.95 10.36 10.49 9.06 10.95 11.90 10.51 10.38 10.15 11.17 11.16 11.82 11.66 11.37 11.88 12.85 12.50 12.59 12.21 12.09 11.62 11.18 11.27 11.98 13.37 15.44 -9999 -9999 -9999
-9999 -9999 -9999 -9999 -9999 -9999 -9999 -9999 -9999 -9999 -9999 14.02 14.26 15.63 13.87 19.91 15.71 10.49 13.64 10.84 12.65 17.06 14.66 18.76 15.50 9.60 15.39 16.93 16.22 11.96 11.11 9.77 10.74 11.92 11.03 9.74 8.88 8.34 8.73 10.81 11.05 8.88 8.79 12.74 12.51 12.57 12.55 11.73 11.61 12.51 8.21 9.85 10.05 9.68 10.34 9.71 11.14 10.18 11.04 11.80 11.96 12.39 15.04 13.73 13.09 12.72 12.56 12.22 11.84 11.57 11.75 13.20 15.08 -9999 -9999 -9999 -9999
-9999 -9999 -9999 -9999 -9999 -9999 -9999 -9999 -9999 -9999 15.62 27.31 15.58 16.32 18.08 9.85 24.96 21.00 19.20 15.75 18.59 13.63 14.44 12.77 10.88 13.74 18.62 15.63 15.22 11.44 10.30 9.25 11.19 10.99 10.12 9.62 8.57 8.42 10.28 9.83 8.77 10.37 12.14 8.39 15.02 14.16 9.78 10.88 10.17 9.34 9.44 8.42 8.29 8.63 10.17 9.61 9.07 11.67 11.03 11.71 12.40 13.09 15.14 13.74 13.11 13.03 12.50 12.26 11.78 11.63 12.76 14.50 -9999 -9999 -9999 -9999 -9999
-9999 -9999 -9999 -9999 -9999 -9999 -9999 -9999 16.74 16.03 21.19 18.10 13.68 13.46 15.24 9.11 11.70 14.87 20.06 18.63 20.03 16.49 16.39 8.26 12.44 12.82 8.63 9.14 9.28 11.53 10.62 9.68 10.72 10.67 10.53 9.54 9.45 10.90 9.44 10.11 8.67 10.73 11.75 10.90 9.43 8.67 11.46 10.59 9.95 10.15 10.05 9.67 7.67 9.05 8.92 8.11 8.87 10.17 11.01 11.89 12.10 12.96 14.75 13.54 12.74 12.81 12.28 11.96 11.58 11.93 13.36 -9999 -9999 -9999 -9999 -9999 16.86
-9999 -9999 -9999 -9999 -9999 -9999 -9999 17.12 16.67 16.13 15.63 14.51 13.38 11.92 10.06 8.38 11.00 13.75 15.86 25.84 13.50 9.97 10.08 6.27 16.11 18.03 16.27 10.84 9.86 11.72 11.56 10.81 10.84 11.33 10.54 10.29 10.12 10.73 10.78 8.61 8.72 10.89 10.82 10.20 9.45 9.94 10.91 9.25 10.11 8.85 8.83 9.63 8.69 8.00 7.46 8.05 9.89 10.06 10.76 11.58 12.15 12.59 14.87 13.89 12.69 12.28 11.91 11.69 11.44 11.82 12.97 -9999 -9999 -9999 -9999 -9999 15.42
-9999 -9999 -9999 -9999 -9999 -9999 17.95 19.21 17.67 16.66 -9999 -9999 -9999 -9999 12.10 20.01 17.10 15.98 17.34 13.55 10.22 14.51 13.50 11.49 25.00 20.91 16.55 17.22 13.12 10.69 11.47 11.36 10.37 10.28 10.09 9.90 10.55 9.36 10.97 8.92 8.87 9.35 10.03 10.53 10.37 9.12 9.48 9.44 9.27 8.80 8.31 7.88 7.88 7.94 8.43 9.46 9.93 10.18 11.55 12.59 12.83 12.65 13.80 13.48 13.22 11.94 11.67 11.44 11.17 11.25 12.22 14.05 -9999 -9999 -9999 -9999 14.15
-9999 -9999 -9999 -9999 -9999 -9999 19.73 22.09 16.89 17.14 -9999 -9999 -9999 -9999 13.54 17.27 20.02 11.74 16.98 15.06 14.17 18.33 19.90 14.48 19.46 9.32 11.82 12.36 11.72 10.47 10.48 10.77 10.32 10.49 11.21 9.83 10.67 9.81 9.69 10.46 8.99 9.26 8.39 9.97 11.71 12.26 12.12 9.97 8.98 8.79 8.59 9.10 8.36 9.00 9.93 10.53 11.96 11.32 14.21 14.14 14.27 12.66 13.03 12.90 12.72 11.61 11.60 11.38 11.03 10.94 11.14 12.33 13.46 -9999 -9999 14.55 14.14
-9999 -9999 -9999 -9999 -9999 -9999 -9999 -9999 -9999 -9999 -9999 -9999 -9999 -9999 14.37 19.07 15.96 11.30 13.43 10.08 20.42 17.93 9.65 14.10 12.70 10.77 12.45 9.97 9.72 9.33 10.93 10.44 10.73 10.26 9.54 9.52 9.48 9.09 9.42 10.37 9.50 9.03 9.34 10.09 10.03 11.42 12.04 9.54 11.32 12.56 10.66 10.39 9.92 8.89 10.45 11.93 13.58 13.36 12.51 13.11 14.03 13.04 13.36 12.76 12.54 11.40 11.53 11.42 11.20 10.94 10.61 10.94 11.77 12.97 13.63 13.42 13.73
-9999 -9999 -9999 -9999 -9999 -9999 -9999 -9999 -9999 -9999 -9999 -9999 -9999 -9999 -9999 18.90 6.53 7.95 12.37 18.49 15.96 16.97 15.00 8.79 10.86 13.32 8.75 8.80 8.17 8.92 9.35 10.03 10.09 10.05 9.53 9.19 9.06 9.51 9.36 10.31 10.31 9.71 12.72 11.60 9.74 9.78 10.18 10.74 10.63 12.12 12.36 11.18 12.70 10.31 10.08 11.20 10.75 11.45 11.72 11.66 13.52 13.40 12.89 12.07 12.48 11.46 11.55 11.43 11.20 11.05 10.97 11.01 11.09 11.77 12.37 12.60 12.56
-9999 -9999 -9999 -9999 -9999 -9999 -9999 -9999 -9999 -9999 -9999 -9999 -9999 -9999 -9999 13.18 19.28 20.83 16.50 12.88 10.34 13.22 9.44 10.02 8.35 8.05 12.16 9.08 8.74 11.63 10.55 10.05 9.70 8.93 9.09 10.10 9.87 11.62 11.36 10.79 10.44 9.99 12.79 13.90 11.78 10.28 9.91 10.67 10.80 10.70 11.37 12.27 15.36 13.34 10.60 10.03 10.76 12.40 13.96 13.98 13.01 13.67 12.96 12.24 11.84 11.58 11.61 11.48 11.44 11.32 11.26 11.32 11.47 11.79 12.16 12.61 12.70
-9999 -9999 -9999 -9999 -9999 -9999 -9999 -9999 -9999 -9999 -9999 -9999 -9999 -9999 17.40 16.35 11.78 23.15 13.63 9.91 13.14 11.76 9.45 14.32 9.54 9.23 13.99 8.86 18.12 13.02 9.83 9.92 11.76 9.65 9.32 13.68 13.24 12.05 10.24 10.94 10.99 10.60 11.46 12.27 12.06 11.07 10.81 10.68 10.63 11.16 10.82 12.41 12.07 11.62 11.24 10.80 11.90 13.29 14.67 14.49 12.66 12.76 12.58 12.28 11.94 11.69 11.61 11.61 11.60 11.53 11.43 11.51 11.68 11.78 12.07 13.03 13.14
-9999 -9999 -9999 -9999 -9999 -9999 -9999 -9999 -9999 -9999 -9999 -9999 -9999 -9999 14.81 15.05 21.86 11.43 4.95 8.87 9.53 11.56 15.59 15.70 11.43 10.82 11.55 9.40 10.83 12.06 13.90 13.50 10.53 10.74 10.48 10.83 11.79 10.15 10.06 11.34 11.42 12.15 12.42 11.61 12.13 11.88 11.35 10.90 10.52 10.67 10.70 11.59 11.82 11.49 10.64 11.43 13.13 14.73 13.50 14.28 14.03 12.92 12.04 13.24 12.04 12.29 11.78 11.76 11.57 11.55 11.56 11.52 11.60 11.78 11.97 13.35 13.14
-9999 -9999 -9999 -9999 -9999 -9999 -9999 -9999 -9999 -9999 -9999 -9999 -9999 -9999 15.28 18.26 7.30 9.99 8.92 11.10 10.94 17.80 14.74 17.20 12.70 11.17 8.71 8.21 9.69 15.01 18.05 19.58 11.96 14.35 11.95 11.56 11.23 9.28 10.12 10.94 11.56 12.38 11.48 11.58 13.56 12.55 11.35 11.12 12.58 10.41 11.02 11.27 10.98 10.56 10.59 11.64 12.23 12.71 12.69 12.73 11.82 11.72 12.54 12.94 11.42 11.38 11.72 11.67 11.62 11.47 11.30 11.42 11.48 11.64 11.85 12.32 12.18
-9999 -9999 -9999 -9999 -9999 -9999 -9999 -9999 -9999 -9999 -9999 -9999 -9999 -9999 -9999 10.73 12.64 16.33 19.69 20.30 15.54 15.52 12.08 7.60 8.23 7.76 9.80 10.64 9.43 11.96 12.48 17.58 14.42 12.45 11.57 13.18 12.66 9.81 11.56 10.41 10.89 14.36 11.55 11.24 11.18 11.62 10.86 10.78 13.05 12.15 11.05 11.66 11.08 10.87 11.49 12.42 11.51 11.26 10.78 12.09 11.05 12.82 12.88 11.45 11.13 12.01 11.85 11.35 11.29 11.17 11.17 11.29 11.35 11.50 11.59 11.68 11.81
-9999 -9999 -9999 -9999 -9999 -9999 -9999 -9999 -9999 -9999 -9999 -9999 -9999 -9999 -9999 13.18 15.76 17.35 19.26 22.12 19.01 14.06 10.18 8.08 11.37 15.06 18.01 20.53 15.04 10.66 11.36 13.49 13.51 10.70 14.90 13.14 13.30 11.46 12.70 11.11 10.73 11.76 13.74 12.92 11.73 11.16 10.89 10.86 12.22 12.05 11.52 11.46 12.14 12.56 12.78 13.10 11.73 11.23 13.14 13.18 13.13 12.62 12.96 11.60 12.03 12.76 11.32 11.05 11.07 11.02 11.14 11.17 11.19 11.29 11.39 11.52 11.50
-9999 -9999 -9999 -9999 -9999 -9999 -9999 -9999 -9999 -9999 -9999 -9999 -9999 -9999 13.73 11.64 13.50 16.21 17.10 14.94 14.64 12.22 14.77 22.31 17.73 17.87 17.44 13.76 12.15 13.23 13.60 11.10 11.05 12.29 14.59 14.04 13.36 11.45 13.08 10.77 11.00 13.05 11.99 12.72 12.79 11.92 11.52 11.13 12.08 11.98 11.10 11.46 11.53 11.49 12.62 11.88 13.40 12.60 13.58 12.36 12.72 12.81 11.63 11.51 12.75 12.47 11.09 10.99 11.39 11.03 11.20 11.22 11.36 11.31 11.21 11.20 11.00
-9999 -9999 -9999 -9999 -9999 -9999 -9999 -9999 -9999 -9999 -9999 -9999 -9999 -9999 16.79 13.96 12.04 11.34 13.27 18.92 18.82 17.55 15.47 16.26 18.33 19.77 19.27 12.80 16.04 18.24 11.94 15.46 10.26 11.74 13.65 16.15 11.53 12.55 10.51 9.88 10.89 11.80 15.77 13.26 13.35 12.66 12.12 11.74 11.75 11.40 10.86 11.00 10.86 10.88 10.86 12.61 13.41 13.43 14.12 12.45 11.69 11.77 11.29 12.03 12.69 12.15 11.62 12.18 11.68 12.01 11.39 11.34 11.61 11.65 11.16 10.94 10.72
-9999 -9999 -9999 -9999 -9999 -9999 -9999 -9999 -9999 -9999 -9999 -9999 -9999 -9999 14.78 13.16 8.27 9.85 13.24 19.54 17.08 18.29 14.57 16.94 15.93 13.51 14.71 15.84 15.36 13.41 11.63 12.44 16.95 11.39 10.53 10.97 11.58 13.92 11.70 9.67 10.54 11.49 11.85 11.82 13.42 12.79 12.17 12.13 10.91 10.28 11.19 11.47 11.58 10.71 11.58 13.21 13.23 11.96 12.12 13.35 11.95 12.49 11.13 12.59 12.61 11.42 11.47 11.77 10.89 11.21 11.14 11.20 11.30 11.13 10.92 10.85 10.64
-9999 -9999 -9999 -9999 -9999 -9999 -9999 -9999 -9999 -9999 -9999 -9999 -9999 14.61 15.39 18.03 13.60 9.81 14.82 15.95 19.42 19.83 11.97 12.58 11.88 13.91 15.90 13.31 13.06 16.16 14.14 12.93 12.51 11.07 9.40 9.79 11.77 11.67 11.36 11.09 10.42 9.87 10.79 11.52 10.79 11.68 11.24 12.11 10.87 10.84 11.04 10.46 10.31 10.68 12.42 11.99 11.99 11.18 12.36 12.61 12.29 11.16 12.47 12.54 12.46 12.75 12.15 11.36 11.13 10.91 11.14 11.24 11.06 10.94 10.73 10.60 10.70
-9999 -9999 -9999 -9999 -9999 -9999 -9999 -9999 -9999 -9999 -9999 -9999 17.14 16.29 16.20 12.88 10.21 14.68 18.90 19.20 16.13 18.86 13.30 15.53 13.61 12.39 21.34 14.12 15.16 12.20 13.06 11.23 11.21 11.99 13.39 11.53 14.36 11.39 12.25 10.50 10.06 10.26 10.44 10.93 10.56 10.84 11.36 11.61 9.80 10.85 10.78 10.96 11.11 11.37 12.15 10.88 12.10 11.57 11.89 10.80 10.95 12.84 13.37 12.48 12.67 12.55 11.45 12.11 12.09 11.92 11.80 11.31 10.93 10.67 11.03 10.97 11.91
-9999 -9999 -9999 -9999 -9999 -9999 -9999 -9999 -9999 -9999 19.25 17.01 14.97 11.47 10.14 10.86 11.74 17.00 18.30 20.03 22.05 19.09 16.14 10.62 15.48 13.87 18.75 14.28 13.10 13.34 11.47 11.32 10.39 12.33 14.94 13.57 13.29 9.88 10.53 10.60 10.56 11.58 10.80 11.26 10.25 10.43 10.84 9.92 9.95 10.53 11.93 11.61 12.75 13.38 12.33 11.51 10.85 10.73 11.86 12.54 12.22 12.87 11.51 12.56 12.77 11.92 11.02 11.20 12.48 12.20 12.21 11.01 10.75 10.60 10.98 12.41 12.86
-9999 -9999 -9999 -9999 -9999 -9999 17.73 16.77 15.41 20.61 20.43 19.95 19.03 13.94 12.28 11.56 19.24 16.39 18.81 18.55 17.67 13.06 11.97 10.24 13.10 12.15 20.82 18.15 15.09 11.94 12.81 12.12 14.99 10.75 13.20 13.48 12.50 11.40 10.43 10.05 11.56 10.84 9.87 11.69 10.14 10.18 9.53 10.02 11.10 11.93 10.68 12.07 11.41 11.83 13.08 12.88 12.50 12.14 12.83 12.79 12.22 11.55 12.68 11.21 11.17 11.17 10.96 11.96 12.13 12.16 11.25 10.61 10.93 11.41 12.87 12.82 11.92
-9999 -9999 -9999 -9999 -9999 19.69 16.45 17.66 16.74 15.67 17.88 16.12 16.52 13.02 10.95 16.70 17.31 17.56 11.82 19.73 13.84 10.43 19.01 14.92 9.77 19.88 15.96 14.19 8.57 9.42 11.20 16.26 11.81 10.75 10.39 10.79 13.40 12.71 12.61 10.70 10.99 10.12 9.91 11.15 10.52 9.84 9.81 10.55 11.78 11.24 13.85 11.22 10.63 11.14 12.38 11.63 11.65 11.13 11.33 12.14 11.77 12.58 11.72 10.90 10.96 11.60 10.99 11.26 11.20 10.40 10.36 10.62 11.03 11.49 11.95 12.79 12.47
-9999 -9999 -9999 -9999 19.22 18.32 13.80 13.20 13.48 14.63 13.24 14.07 12.82 13.76 20.51 15.81 12.65 18.13 9.52 13.87 14.16 19.69 18.64 19.57 15.42 14.31 11.68 7.36 15.35 15.67 10.58 11.40 10.85 10.46 11.03 10.28 10.68 13.09 13.67 10.43 10.03 9.92 10.67 9.84 9.29 9.76 13.69 11.03 10.80 11.45 12.44 11.51 10.71 11.51 12.32 12.19 12.94 12.07 10.81 10.71 10.81 12.24 11.80 10.98 12.19 12.04 11.12 11.19 10.85 10.66 11.31 11.64 11.80 12.16 11.93 12.61 11.41
16.75 19.81 16.74 19.32 15.47 14.86 15.65 14.10 13.18 16.24 14.32 14.49 14.40 18.64 17.53 14.27 15.04 14.22 11.49 11.29 17.28 18.31 15.27 15.04 17.90 13.32 8.08 16.04 18.61 14.84 14.96 10.92 11.67 10.82 11.19 14.28 10.85 13.82 11.20 10.17 9.89 10.19 12.80 9.30 9.83 15.66 11.48 10.95 10.90 11.59 12.63 10.66 11.04 11.42 10.94 11.82 11.89 11.21 10.61 11.21 10.80 11.26 11.82 11.93 11.25 10.77 10.63 10.74 11.57 13.92 12.99 14.30 13.39 11.64 13.10 12.31 12.27
17.18 15.55 15.36 19.50 23.95 21.41 20.46 15.90 17.47 19.96 17.87 16.94 19.98 16.44 14.69 18.18 13.21 9.60 11.34 11.63 15.96 15.23 13.98 12.97 13.27 12.05 14.42 27.86 20.50 15.00 11.84 12.78 11.86 14.51 11.69 12.30 10.69 10.29 10.24 10.67 9.99 9.54 9.79 9.56 14.56 14.94 13.35 11.44 10.91 14.41 11.74 10.85 11.36 10.56 11.65 11.58 11.25 10.26 12.00 11.52 10.66 12.96 12.50 10.87 10.44 10.50 10.64 11.65 13.28 13.98 13.68 14.41 13.38 12.62 13.33 12.49 11.32
