ML/MeanWindSpeed_1996-09_Actual.txt
ncols         180
nrows         290
xllcorner     -200000
yllcorner     -200000
cellsize      5000
NODATA_value  -9999
[rows 140 to 174 of 290, columns 79 to 157 of 180]
-9999 -9999 12.19 -9999 -9999 -9999 10.53 10.71 9.10 9.05 10.18 -9999 -9999 10.80 8.73 11.66 13.01 -9999 -9999 -9999 -9999 -9999 9.20 7.85 5.20 5.54 5.52 6.50 6.25 7.02 6.98 4.39 7.26 11.30 13.33 9.87 12.02 12.96 13.21 9.95 10.36 10.22 8.19 5.13 4.75 4.87 1.63 2.70 5.71 7.90 -9999 -9999 -9999 -9999 -9999 -9999 -9999 -9999 -9999 -9999 -9999 -9999 -9999 -9999 -9999 -9999 -9999 -9999 -9999 -9999 -9999 -9999 -9999 -9999 -9999 -9999 -9999 -9999 -9999
-9999 -9999 12.15 11.99 -9999 -9999 -9999 10.65 11.30 10.85 11.29 -9999 -9999 -9999 -9999 11.54 -9999 -9999 -9999 -9999 -9999 -9999 7.69 6.62 5.61 6.59 8.06 8.24 7.16 7.30 6.41 5.24 5.60 9.86 12.18 8.12 14.48 13.73 14.96 10.87 10.70 12.05 8.35 5.82 4.73 2.71 1.22 2.70 5.47 7.73 -9999 -9999 -9999 -9999 -9999 -9999 -9999 -9999 -9999 -9999 -9999 -9999 -9999 -9999 -9999 -9999 -9999 -9999 -9999 -9999 -9999 -9999 -9999 -9999 -9999 -9999 -9999 -9999 -9999
-9999 -9999 -9999 13.62 -9999 -9999 -9999 -9999 11.20 12.38 12.02 -9999 -9999 -9999 -9999 -9999 -9999 -9999 -9999 -9999 -9999 8.69 7.34 7.42 7.53 7.85 9.82 9.60 8.56 8.37 7.35 6.81 5.12 6.97 14.63 15.17 14.69 14.18 10.96 9.56 9.72 7.34 4.49 6.60 6.36 2.52 1.84 3.42 5.54 7.83 9.39 -9999 -9999 -9999 -9999 -9999 -9999 -9999 -9999 -9999 -9999 -9999 -9999 -9999 -9999 -9999 -9999 -9999 -9999 -9999 -9999 -9999 -9999 -9999 -9999 -9999 -9999 -9999 -9999
-9999 -9999 -9999 15.03 -9999 -9999 -9999 -9999 -9999 -9999 -9999 -9999 -9999 -9999 -9999 -9999 -9999 -9999 -9999 -9999 -9999 8.65 6.73 5.69 5.08 4.46 13.44 10.65 9.11 11.05 7.67 8.77 3.77 4.32 11.64 16.86 13.14 11.20 16.04 17.88 15.45 11.87 9.46 4.14 4.47 3.89 4.87 4.33 5.41 8.01 9.35 9.91 -9999 -9999 -9999 -9999 -9999 -9999 -9999 -9999 -9999 -9999 -9999 -9999 -9999 -9999 -9999 -9999 -9999 -9999 -9999 -9999 -9999 -9999 -9999 -9999 -9999 -9999 -9999
-9999 -9999 -9999 -9999 -9999 -9999 -9999 -9999 -9999 -9999 -9999 -9999 -9999 -9999 -9999 -9999 -9999 -9999 -9999 -9999 8.61 7.46 5.87 5.02 9.18 3.92 19.15 18.11 8.59 9.27 7.80 6.61 6.84 3.88 5.90 16.99 16.76 14.29 12.29 10.84 13.20 11.99 9.97 7.02 5.27 4.70 4.31 4.57 6.30 6.77 7.20 8.39 -9999 -9999 -9999 -9999 -9999 -9999 -9999 -9999 -9999 -9999 -9999 -9999 -9999 -9999 -9999 -9999 -9999 -9999 -9999 -9999 -9999 -9999 -9999 -9999 -9999 -9999 -9999
-9999 -9999 -9999 -9999 -9999 -9999 -9999 -9999 -9999 -9999 -9999 -9999 -9999 -9999 -9999 -9999 -9999 -9999 -9999 -9999 7.13 7.80 4.74 7.86 17.50 8.71 5.06 12.06 12.76 9.37 8.42 7.14 6.52 5.59 6.62 9.53 19.69 16.15 14.42 11.42 10.77 10.26 7.54 6.72 6.33 7.07 5.22 6.41 5.88 6.25 6.03 6.66 7.80 8.79 9.09 -9999 -9999 -9999 -9999 -9999 -9999 -9999 -9999 -9999 -9999 -9999 -9999 -9999 -9999 -9999 -9999 -9999 -9999 -9999 -9999 -9999 -9999 -9999 -9999
-9999 -9999 -9999 -9999 -9999 -9999 -9999 -9999 -9999 -9999 -9999 -9999 -9999 -9999 -9999 -9999 -9999 -9999 -9999 -9999 6.92 6.37 6.10 11.19 7.04 7.18 9.00 13.89 9.49 7.47 11.53 4.98 7.62 6.55 7.66 7.75 11.61 14.25 13.68 12.28 11.11 8.16 7.80 6.70 5.82 5.41 5.72 5.67 6.07 5.40 5.22 5.47 9.33 7.70 9.14 10.25 10.09 -9999 -9999 -9999 -9999 -9999 -9999 -9999 -9999 -9999 -9999 -9999 -9999 -9999 -9999 -9999 -9999 -9999 -9999 -9999 -9999 -9999 -9999
-9999 -9999 -9999 -9999 -9999 -9999 -9999 -9999 -9999 -9999 -9999 -9999 -9999 -9999 -9999 -9999 -9999 -9999 -9999 -9999 6.95 6.16 7.53 14.67 16.79 11.82 7.33 8.67 9.45 12.35 6.30 10.38 7.97 7.15 9.01 9.02 7.11 8.13 13.30 12.43 10.95 9.56 8.13 7.23 6.94 6.62 5.88 6.10 5.81 5.12 5.63 5.68 6.82 10.15 9.50 9.68 11.18 11.18 9.20 -9999 -9999 -9999 -9999 -9999 -9999 -9999 -9999 -9999 -9999 -9999 -9999 -9999 -9999 -9999 -9999 -9999 -9999 -9999 -9999
-9999 -9999 -9999 -9999 -9999 -9999 -9999 -9999 -9999 -9999 -9999 -9999 -9999 -9999 -9999 -9999 -9999 -9999 -9999 -9999 7.72 5.95 8.71 10.97 6.15 21.12 16.98 7.88 10.30 7.20 11.82 12.50 7.85 6.29 8.08 8.96 6.63 15.93 14.11 13.51 14.00 14.05 12.56 8.15 9.26 7.41 6.74 6.56 6.26 6.02 5.72 4.90 5.79 8.92 7.57 7.06 7.96 9.72 8.01 11.57 -9999 -9999 -9999 -9999 -9999 -9999 -9999 -9999 -9999 -9999 -9999 -9999 -9999 -9999 -9999 -9999 -9999 -9999 -9999
-9999 -9999 -9999 -9999 -9999 -9999 -9999 -9999 11.78 12.54 13.27 -9999 -9999 -9999 -9999 -9999 -9999 -9999 -9999 -9999 -9999 7.93 6.51 5.37 8.36 11.00 14.96 7.17 3.72 9.82 8.90 7.65 6.21 8.66 9.24 7.86 8.99 12.45 12.78 17.21 15.52 12.47 11.39 11.85 9.69 7.92 7.23 6.72 6.64 5.80 5.26 10.43 9.03 12.87 13.29 11.70 10.20 6.96 10.60 11.24 10.07 -9999 -9999 -9999 -9999 -9999 -9999 -9999 -9999 -9999 -9999 -9999 -9999 -9999 -9999 -9999 -9999 -9999 -9999
-9999 -9999 -9999 -9999 -9999 -9999 -9999 -9999 9.47 9.99 -9999 -9999 -9999 -9999 -9999 -9999 -9999 -9999 -9999 -9999 -9999 -9999 6.65 3.85 8.96 9.65 19.15 8.87 8.94 7.87 5.10 4.06 4.67 4.62 14.89 7.62 9.22 15.56 12.46 9.00 8.14 13.55 8.63 11.96 9.35 7.75 6.95 6.70 6.04 6.48 9.37 10.61 9.45 8.86 8.03 9.32 10.48 9.83 10.35 10.07 12.67 -9999 -9999 -9999 -9999 -9999 -9999 -9999 -9999 -9999 -9999 -9999 -9999 -9999 -9999 -9999 -9999 -9999 -9999
-9999 -9999 -9999 -9999 -9999 -9999 -9999 8.51 11.68 11.28 10.96 -9999 -9999 -9999 -9999 -9999 -9999 -9999 -9999 -9999 -9999 -9999 7.14 9.11 9.99 10.78 8.10 9.60 7.06 6.36 4.98 4.24 6.62 5.01 3.86 14.99 9.92 9.13 13.77 11.40 14.88 11.15 11.53 9.51 8.78 7.94 7.65 6.59 5.83 7.19 8.91 7.99 9.07 10.08 9.29 9.74 9.31 9.62 10.06 8.25 11.89 10.68 -9999 -9999 -9999 -9999 -9999 -9999 -9999 -9999 -9999 -9999 -9999 -9999 -9999 -9999 -9999 -9999 -9999
-9999 -9999 -9999 -9999 -9999 -9999 7.33 11.96 13.73 17.92 10.66 -9999 -9999 -9999 -9999 -9999 -9999 -9999 -9999 -9999 -9999 -9999 8.71 13.83 10.21 5.41 7.49 6.53 7.29 5.04 4.00 5.17 6.67 3.89 11.94 8.75 12.93 9.48 15.50 8.76 10.57 8.20 10.84 8.76 8.92 8.79 7.13 6.82 5.72 5.67 9.65 10.38 9.92 8.37 8.40 7.85 7.79 8.15 10.23 10.24 9.73 10.87 -9999 -9999 -9999 -9999 -9999 -9999 -9999 -9999 -9999 -9999 -9999 -9999 -9999 -9999 -9999 -9999 -9999
-9999 -9999 -9999 -9999 -9999 9.15 7.95 16.15 12.56 12.20 -9999 -9999 -9999 -9999 -9999 -9999 -9999 -9999 -9999 -9999 -9999 -9999 -9999 8.91 6.30 5.50 8.41 5.35 8.00 5.66 4.81 4.55 5.46 3.70 11.59 11.78 13.47 12.87 14.29 14.18 14.16 12.53 11.61 11.61 10.69 7.93 7.26 6.76 5.71 5.41 6.54 12.29 10.79 7.54 6.73 6.71 6.25 6.38 6.58 6.95 6.69 7.99 10.10 11.25 -9999 -9999 -9999 -9999 -9999 -9999 -9999 -9999 -9999 -9999 -9999 -9999 -9999 -9999 -9999
-9999 -9999 -9999 -9999 -9999 11.89 13.45 8.97 9.91 10.82 -9999 -9999 -9999 -9999 -9999 -9999 -9999 -9999 -9999 -9999 -9999 -9999 -9999 -9999 7.17 7.59 6.79 5.73 7.39 6.56 6.41 5.70 6.49 3.90 11.65 10.68 9.69 12.97 11.75 10.71 16.00 15.87 11.29 13.11 11.25 10.20 7.50 6.65 6.06 5.65 6.07 7.41 7.94 7.04 6.89 6.65 6.53 6.17 6.18 6.28 6.51 10.13 10.62 10.40 -9999 -9999 -9999 -9999 -9999 -9999 -9999 -9999 -9999 -9999 -9999 -9999 -9999 -9999 -9999
-9999 -9999 -9999 -9999 -9999 12.78 10.83 11.56 10.64 -9999 -9999 -9999 -9999 -9999 -9999 -9999 -9999 -9999 -9999 -9999 -9999 -9999 -9999 -9999 8.49 8.38 7.73 -9999 7.83 -9999 7.04 5.83 5.13 3.95 4.61 11.27 10.18 11.03 15.60 7.11 8.48 15.55 13.13 12.16 11.53 9.70 7.85 7.27 7.17 6.50 6.35 6.66 7.75 8.96 7.48 8.07 6.77 5.94 7.29 8.83 8.34 7.63 7.71 9.96 12.36 13.19 -9999 -9999 -9999 -9999 -9999 -9999 -9999 -9999 -9999 -9999 -9999 -9999 -9999
-9999 -9999 -9999 -9999 12.61 11.22 10.69 -9999 -9999 -9999 -9999 -9999 -9999 -9999 -9999 -9999 -9999 -9999 -9999 -9999 -9999 -9999 -9999 -9999 9.96 8.76 7.77 -9999 -9999 -9999 6.93 7.68 4.08 5.38 7.24 5.84 5.72 8.21 13.67 13.44 7.19 12.70 14.74 11.16 12.39 10.69 9.05 6.79 6.97 6.63 6.52 6.63 7.00 7.44 7.33 7.69 6.17 7.07 8.61 9.69 10.10 9.84 8.68 8.59 10.09 11.75 -9999 -9999 -9999 -9999 -9999 -9999 -9999 -9999 -9999 -9999 -9999 -9999 -9999
-9999 -9999 -9999 -9999 -9999 -9999 -9999 -9999 -9999 -9999 -9999 -9999 -9999 -9999 -9999 -9999 -9999 -9999 -9999 -9999 -9999 -9999 -9999 -9999 -9999 -9999 -9999 -9999 -9999 7.99 5.75 5.51 7.83 9.17 10.04 10.00 8.04 8.73 12.44 12.03 9.62 7.36 11.51 13.17 11.02 9.72 8.53 7.52 7.20 7.37 6.75 6.60 6.77 6.80 6.66 6.01 7.30 10.89 9.18 10.10 9.15 9.17 7.94 8.71 9.89 -9999 -9999 -9999 -9999 -9999 -9999 -9999 -9999 -9999 -9999 -9999 -9999 -9999 -9999
-9999 -9999 -9999 -9999 -9999 -9999 -9999 -9999 -9999 -9999 -9999 -9999 -9999 -9999 -9999 -9999 -9999 -9999 -9999 -9999 -9999 -9999 -9999 -9999 -9999 -9999 -9999 -9999 -9999 7.28 5.46 7.15 10.66 14.00 12.34 8.57 9.98 6.96 7.87 7.18 9.30 10.15 11.31 11.64 11.02 9.43 8.71 8.15 7.23 7.45 6.77 6.77 6.89 6.99 6.79 6.08 6.96 12.05 11.30 9.25 8.79 8.45 8.00 8.73 10.11 -9999 -9999 -9999 -9999 -9999 -9999 -9999 -9999 -9999 -9999 -9999 -9999 -9999 -9999
-9999 -9999 -9999 -9999 -9999 -9999 -9999 -9999 -9999 -9999 -9999 -9999 -9999 -9999 -9999 -9999 -9999 -9999 -9999 -9999 -9999 -9999 -9999 -9999 -9999 -9999 -9999 -9999 -9999 6.38 4.74 5.44 9.35 10.99 10.38 9.14 8.65 7.73 8.51 7.14 7.11 8.08 6.37 11.52 9.61 10.75 9.10 8.69 7.23 6.99 7.14 7.10 7.18 7.11 7.01 6.68 6.67 9.51 10.81 9.82 9.01 8.86 8.36 8.69 9.49 -9999 -9999 -9999 -9999 -9999 -9999 -9999 -9999 -9999 -9999 -9999 -9999 -9999 -9999
-9999 -9999 -9999 -9999 -9999 -9999 -9999 -9999 -9999 -9999 -9999 -9999 -9999 -9999 -9999 -9999 -9999 -9999 -9999 -9999 -9999 -9999 -9999 -9999 -9999 -9999 -9999 9.68 7.72 5.58 4.52 7.99 10.46 14.08 9.94 11.77 5.98 7.41 7.36 8.88 9.76 9.33 11.57 7.38 7.66 7.69 7.61 7.13 8.22 7.22 7.22 7.62 7.27 7.22 7.28 6.98 7.04 7.76 10.26 9.84 9.07 8.84 8.66 8.32 8.39 9.59 -9999 -9999 -9999 -9999 -9999 -9999 -9999 -9999 -9999 -9999 -9999 -9999 -9999
-9999 -9999 -9999 -9999 -9999 -9999 -9999 -9999 -9999 -9999 -9999 -9999 -9999 -9999 -9999 -9999 -9999 -9999 -9999 -9999 -9999 -9999 -9999 -9999 -9999 -9999 -9999 8.82 6.72 5.49 4.91 5.73 9.64 7.09 6.96 5.04 7.02 10.82 8.00 10.03 9.37 10.88 6.69 11.33 8.62 10.04 9.52 9.56 8.19 7.81 7.46 7.29 7.27 7.35 7.30 7.25 7.14 7.38 8.50 10.26 9.60 8.92 8.87 7.93 7.25 8.76 -9999 -9999 -9999 -9999 -9999 -9999 -9999 -9999 -9999 -9999 -9999 -9999 -9999
-9999 -9999 -9999 -9999 -9999 -9999 -9999 -9999 -9999 -9999 -9999 -9999 -9999 -9999 -9999 -9999 -9999 -9999 -9999 -9999 -9999 -9999 -9999 -9999 -9999 -9999 -9999 8.83 6.58 5.82 5.40 5.94 6.93 7.37 6.27 5.27 7.16 7.80 7.16 9.37 12.14 9.17 8.54 6.87 9.00 6.97 7.79 8.66 9.15 8.18 7.87 7.31 7.27 7.40 7.38 7.33 7.30 7.36 8.04 9.79 10.76 9.40 8.66 7.62 6.54 7.52 9.26 -9999 -9999 -9999 -9999 -9999 -9999 -9999 -9999 -9999 -9999 -9999 -9999
-9999 -9999 -9999 -9999 -9999 -9999 -9999 -9999 -9999 -9999 -9999 -9999 -9999 -9999 -9999 -9999 -9999 -9999 -9999 -9999 -9999 -9999 -9999 -9999 -9999 -9999 -9999 8.49 6.75 6.23 6.20 6.05 6.06 5.93 6.84 8.18 5.56 5.80 7.15 12.52 12.46 13.43 11.48 8.93 8.46 9.07 7.44 6.85 8.33 8.96 7.82 7.33 7.37 7.24 7.34 7.43 7.57 7.57 7.93 10.12 11.62 10.13 9.16 8.11 6.71 6.65 8.22 9.90 -9999 -9999 -9999 -9999 -9999 -9999 -9999 -9999 -9999 -9999 -9999
-9999 -9999 -9999 -9999 -9999 -9999 -9999 -9999 -9999 -9999 -9999 -9999 -9999 -9999 -9999 -9999 -9999 -9999 -9999 -9999 -9999 -9999 -9999 -9999 -9999 -9999 -9999 8.49 6.54 6.07 5.86 5.57 5.17 6.11 5.79 7.17 7.92 10.20 11.89 13.04 9.94 11.88 9.85 9.45 7.59 9.15 8.43 7.59 7.04 7.06 7.41 7.21 7.29 7.32 7.43 7.49 7.76 8.02 8.35 9.11 10.45 10.02 9.11 8.48 7.75 7.09 7.17 8.98 -9999 -9999 -9999 -9999 -9999 -9999 -9999 -9999 -9999 -9999 -9999
-9999 -9999 -9999 -9999 -9999 -9999 -9999 -9999 -9999 -9999 -9999 -9999 -9999 -9999 -9999 -9999 -9999 -9999 -9999 -9999 -9999 -9999 -9999 -9999 -9999 -9999 -9999 -9999 6.58 6.15 5.71 5.06 5.68 8.08 8.31 9.23 7.96 7.73 10.33 10.17 11.89 10.78 8.17 6.13 6.74 6.60 8.08 7.15 7.01 7.87 7.64 6.99 7.25 7.16 7.32 7.34 7.59 8.01 8.45 8.93 8.91 9.09 9.05 8.89 -9999 8.09 8.36 9.39 11.33 -9999 -9999 -9999 -9999 -9999 -9999 -9999 -9999 -9999 -9999
-9999 -9999 -9999 -9999 -9999 -9999 -9999 -9999 -9999 -9999 -9999 -9999 -9999 -9999 -9999 -9999 -9999 -9999 -9999 -9999 -9999 -9999 -9999 -9999 -9999 -9999 -9999 8.20 6.47 6.00 5.22 4.70 5.04 9.91 10.77 8.55 11.83 11.31 9.18 8.85 13.54 11.20 11.39 8.00 5.69 7.90 6.28 5.70 6.73 7.13 6.83 7.09 6.80 6.85 6.96 7.22 7.22 7.44 9.31 8.66 8.04 9.51 8.56 8.54 8.41 -9999 9.42 10.32 11.86 13.10 -9999 -9999 -9999 -9999 -9999 -9999 -9999 -9999 -9999
-9999 -9999 -9999 -9999 -9999 -9999 -9999 -9999 -9999 -9999 -9999 -9999 -9999 -9999 -9999 -9999 -9999 -9999 -9999 -9999 -9999 -9999 -9999 -9999 -9999 -9999 -9999 7.85 6.15 5.77 5.20 6.96 5.98 7.53 11.18 7.70 8.22 8.70 6.58 6.52 10.89 10.14 9.87 6.03 7.99 8.84 6.14 7.37 6.58 7.45 7.35 7.00 6.57 6.61 6.72 6.84 6.80 6.83 7.21 7.87 6.91 7.28 8.05 7.44 8.30 8.79 -9999 -9999 -9999 -9999 -9999 -9999 -9999 -9999 -9999 -9999 -9999 -9999 -9999
-9999 -9999 -9999 -9999 -9999 -9999 -9999 -9999 -9999 -9999 -9999 -9999 -9999 -9999 -9999 -9999 -9999 -9999 -9999 -9999 -9999 -9999 -9999 -9999 -9999 -9999 9.64 7.05 5.84 6.71 6.27 6.51 6.20 7.63 8.09 7.50 7.24 6.80 6.53 6.87 9.96 12.65 12.54 7.34 9.93 9.01 6.08 6.42 5.52 6.57 7.22 6.77 6.36 6.72 6.71 6.70 6.86 6.69 6.96 7.19 7.04 6.87 8.50 7.86 7.76 8.08 9.44 10.89 -9999 -9999 -9999 -9999 -9999 -9999 -9999 -9999 -9999 -9999 -9999
-9999 -9999 -9999 -9999 -9999 -9999 -9999 -9999 -9999 -9999 -9999 -9999 -9999 -9999 -9999 -9999 -9999 -9999 -9999 -9999 -9999 -9999 -9999 -9999 -9999 -9999 -9999 7.22 5.91 5.93 6.48 8.71 6.42 6.36 6.49 7.04 7.41 6.82 6.46 6.25 6.51 10.77 12.00 12.75 9.35 9.54 8.08 6.73 7.21 5.24 5.89 7.30 6.47 6.58 6.53 6.57 6.85 6.70 6.82 7.24 6.87 6.43 6.67 9.40 8.14 7.70 8.16 9.21 10.64 12.25 -9999 -9999 -9999 -9999 -9999 -9999 -9999 -9999 -9999
-9999 -9999 -9999 -9999 -9999 -9999 -9999 -9999 -9999 -9999 -9999 -9999 -9999 -9999 -9999 -9999 -9999 -9999 -9999 -9999 -9999 -9999 -9999 -9999 -9999 -9999 -9999 7.15 6.39 5.96 6.26 6.63 6.82 6.59 6.18 6.44 6.13 5.95 6.03 6.14 6.93 6.23 11.40 13.84 13.99 10.99 8.91 7.78 6.16 6.71 6.20 7.84 6.72 6.75 6.55 6.59 6.67 6.68 7.06 7.14 6.85 6.31 6.89 9.30 8.65 8.88 7.60 7.79 9.01 10.73 -9999 -9999 -9999 -9999 -9999 -9999 -9999 -9999 -9999
-9999 -9999 -9999 -9999 -9999 -9999 -9999 11.96 10.94 11.50 12.87 -9999 -9999 -9999 -9999 -9999 -9999 -9999 -9999 -9999 -9999 -9999 -9999 -9999 -9999 -9999 7.74 6.51 6.95 6.30 7.33 6.91 6.29 6.21 6.35 6.22 6.27 6.13 6.13 6.06 5.97 9.33 12.07 11.83 8.91 12.16 10.72 6.71 6.62 4.69 8.29 8.58 7.02 6.93 6.68 6.64 6.68 6.69 6.92 7.37 7.12 6.38 6.55 7.25 9.40 9.21 9.66 7.68 7.63 9.33 11.33 -9999 -9999 -9999 -9999 -9999 -9999 -9999 -9999
-9999 -9999 -9999 -9999 -9999 -9999 -9999 11.01 9.92 9.76 10.50 -9999 -9999 -9999 -9999 -9999 -9999 -9999 -9999 -9999 -9999 -9999 -9999 -9999 -9999 7.64 7.34 6.52 6.96 8.15 6.78 6.82 5.86 5.94 6.29 6.19 6.49 6.67 5.90 5.48 5.55 7.46 13.98 13.81 8.86 10.48 9.55 8.90 5.57 4.81 7.26 8.25 7.36 6.45 6.40 6.59 7.07 6.87 6.81 7.03 7.47 6.79 6.78 7.01 9.11 9.20 9.13 7.94 7.75 8.38 10.44 -9999 -9999 -9999 -9999 -9999 -9999 -9999 -9999
-9999 -9999 -9999 -9999 -9999 14.78 10.94 8.92 9.16 8.86 10.10 9.77 11.15 12.07 -9999 -9999 11.61 9.35 -9999 -9999 -9999 7.06 8.49 7.81 -9999 5.52 7.65 6.89 6.54 7.17 6.57 6.89 6.85 7.55 7.12 7.22 6.30 6.78 6.05 6.08 9.98 6.81 9.22 12.06 6.00 7.76 13.05 6.65 8.49 6.18 7.22 7.67 7.08 6.80 6.76 6.77 7.08 6.62 6.84 6.77 7.64 6.82 6.76 7.09 7.78 8.70 9.85 9.28 7.97 7.86 9.58 11.81 -9999 -9999 -9999 -9999 -9999 -9999 -9999
-9999 -9999 -9999 -9999 -9999 -9999 11.51 9.59 8.71 8.16 8.45 9.76 11.51 8.82 -9999 7.95 8.78 9.58 7.83 8.65 4.99 4.02 8.75 8.82 7.46 -9999 5.35 7.20 7.13 6.38 6.33 7.17 6.44 6.35 6.45 6.43 6.72 6.41 6.78 6.48 10.26 10.82 10.29 10.61 9.25 11.18 11.26 9.03 6.42 5.95 8.17 8.28 6.71 7.31 6.80 7.31 7.36 6.75 6.78 6.70 7.72 7.01 6.93 7.18 7.22 8.25 9.18 10.01 8.97 8.11 8.90 11.03 -9999 -9999 -9999 -9999 -9999 -9999 -9999
