ML/MeanWindSpeed_1993-10_Actual.txt
ncols         180
nrows         290
xllcorner     -200000
yllcorner     -200000
cellsize      5000
NODATA_value  -9999
[rows 210 to 244 of 290, columns 79 to 157 of 180]
10.68 9.54 11.15 11.22 -9999 -9999 -9999 -9999 -9999 -9999 -9999 5.70 5.74 6.85 6.38 6.36 6.45 7.97 9.67 11.68 11.25 9.68 8.44 8.16 7.37 9.70 9.47 6.09 5.08 8.06 8.31 9.52 7.14 6.56 6.26 5.75 6.54 7.22 7.19 7.47 7.26 7.03 6.94 6.91 6.93 7.16 7.16 7.64 7.17 7.11 7.09 7.19 7.38 7.15 7.50 7.97 7.48 6.93 8.02 7.41 6.48 6.23 5.70 5.67 6.34 6.94 6.85 6.50 6.45 7.43 6.75 7.07 7.83 7.38 7.38 7.32 6.76 6.56 6.92
11.35 -9999 -9999 -9999 -9999 -9999 -9999 -9999 -9999 9.70 8.20 7.69 8.87 8.77 7.96 7.12 7.18 7.22 9.24 10.58 10.09 7.07 6.95 9.72 8.70 8.65 6.99 5.76 5.52 7.76 8.32 8.35 7.06 6.64 6.34 5.18 7.67 7.97 7.09 7.21 6.90 6.83 6.78 6.72 7.23 7.07 7.29 6.92 6.88 6.93 7.15 7.21 7.48 7.07 8.15 9.05 7.58 7.87 6.51 7.06 6.37 5.89 6.48 6.25 6.44 7.10 6.72 6.25 6.36 6.52 7.02 7.50 7.07 7.53 7.37 6.78 6.62 7.54 7.18
-9999 -9999 -9999 -9999 -9999 -9999 -9999 -9999 -9999 11.13 10.36 8.84 10.18 10.96 -9999 -9999 7.82 9.71 6.42 7.86 7.49 7.47 8.00 9.16 7.10 6.88 7.21 6.96 7.70 8.34 8.51 7.87 7.15 7.21 5.77 6.16 7.94 7.16 6.77 6.55 6.62 7.03 6.94 6.63 6.78 6.56 6.77 7.26 7.63 7.44 7.96 7.23 6.98 7.71 9.55 8.09 7.78 7.14 5.92 6.83 6.35 6.05 5.92 5.95 6.01 6.22 7.38 6.56 6.54 6.63 6.69 6.86 6.70 6.48 7.63 7.23 7.72 8.58 8.68
-9999 -9999 -9999 -9999 -9999 -9999 -9999 -9999 -9999 -9999 -9999 -9999 -9999 -9999 -9999 -9999 9.48 8.44 7.89 7.15 6.34 6.27 6.62 7.44 7.32 7.84 8.44 9.01 9.73 9.66 -9999 7.86 7.06 6.28 5.81 6.36 7.78 7.19 7.09 6.58 6.08 6.11 6.81 6.38 6.60 7.57 7.78 7.64 8.28 8.98 8.09 7.92 7.76 8.00 8.98 7.91 7.55 7.13 6.37 6.13 6.05 6.37 6.28 5.96 5.92 6.25 6.48 6.45 6.49 6.57 6.63 6.73 6.93 7.13 7.50 7.50 7.96 8.48 -9999
-9999 -9999 -9999 -9999 -9999 -9999 -9999 -9999 -9999 -9999 -9999 -9999 -9999 -9999 -9999 -9999 -9999 9.59 8.11 6.97 6.83 7.29 6.54 6.74 7.52 8.86 -9999 -9999 -9999 -9999 8.80 7.50 6.69 5.94 5.82 6.45 7.79 7.20 7.24 6.62 5.86 6.54 6.41 7.51 7.25 8.68 7.81 8.04 7.83 8.21 8.15 7.70 8.29 7.13 7.67 7.79 6.54 6.50 6.03 5.87 5.91 5.99 6.19 6.22 5.72 5.83 5.99 6.15 6.16 7.21 7.47 6.71 6.78 7.06 7.29 7.63 8.68 9.92 9.90
-9999 -9999 -9999 -9999 -9999 -9999 -9999 -9999 -9999 -9999 -9999 -9999 -9999 -9999 -9999 -9999 -9999 -9999 9.41 9.63 8.40 7.55 8.04 8.39 9.26 -9999 -9999 -9999 -9999 9.27 8.57 7.99 5.64 5.41 5.58 7.45 8.07 7.69 7.08 6.16 6.10 6.11 7.33 8.47 7.82 8.01 7.69 7.93 7.84 7.20 7.60 7.65 7.34 7.30 7.28 6.98 6.37 6.30 6.54 6.65 6.74 6.02 6.11 6.06 5.76 6.19 6.23 6.50 6.20 6.81 6.82 6.75 7.48 6.93 7.56 7.81 8.61 8.34 8.75
-9999 -9999 -9999 -9999 -9999 -9999 -9999 -9999 -9999 -9999 -9999 -9999 -9999 -9999 -9999 -9999 -9999 -9999 -9999 10.34 9.99 9.31 9.83 9.64 10.75 -9999 -9999 -9999 8.74 6.85 6.16 7.39 7.09 6.50 5.68 6.88 6.49 7.64 6.97 5.73 6.63 7.51 7.66 7.51 8.16 7.64 7.39 7.27 6.90 6.88 6.87 7.06 7.43 7.13 6.66 6.52 6.45 6.43 6.90 6.62 6.67 6.42 6.01 6.02 5.80 5.89 5.93 6.26 6.29 6.51 6.39 6.96 7.27 7.56 7.37 6.72 8.14 7.26 7.93
-9999 -9999 -9999 -9999 -9999 -9999 -9999 -9999 -9999 -9999 -9999 -9999 -9999 -9999 -9999 -9999 -9999 -9999 -9999 -9999 -9999 -9999 -9999 -9999 -9999 -9999 -9999 10.66 7.45 5.81 5.71 7.27 6.07 6.57 7.09 7.18 7.22 7.29 6.10 5.81 6.08 6.95 7.02 7.32 7.41 7.57 7.37 7.31 8.43 7.32 7.43 7.03 7.38 7.30 6.62 6.57 6.24 6.59 7.16 6.69 6.20 6.07 6.07 5.95 6.29 6.07 6.42 6.25 7.03 7.45 7.08 6.21 8.05 8.58 7.42 6.48 8.55 7.87 7.49
-9999 -9999 -9999 -9999 -9999 -9999 -9999 -9999 -9999 -9999 -9999 -9999 -9999 -9999 -9999 -9999 -9999 -9999 -9999 -9999 -9999 -9999 -9999 -9999 -9999 -9999 -9999 8.64 7.11 5.86 9.76 8.68 6.21 6.67 7.15 7.50 7.74 6.49 6.10 5.98 5.99 6.96 6.88 6.79 8.00 7.83 8.60 7.58 7.80 8.72 7.59 7.30 7.22 6.81 6.61 6.42 6.36 6.71 6.76 6.82 6.34 5.96 5.91 5.82 6.16 7.44 6.88 7.45 7.79 8.55 7.46 6.53 7.39 7.64 6.62 6.07 6.53 7.55 7.90
-9999 -9999 -9999 -9999 -9999 -9999 -9999 -9999 -9999 -9999 -9999 -9999 -9999 -9999 -9999 -9999 -9999 -9999 -9999 -9999 -9999 -9999 -9999 -9999 -9999 -9999 -9999 8.33 5.94 4.83 6.67 9.44 8.65 8.07 7.30 8.15 6.84 6.46 6.02 7.25 7.39 8.00 7.70 7.16 7.30 7.25 7.52 7.89 7.95 7.33 7.26 7.30 7.31 6.90 6.66 6.61 6.62 7.02 6.89 6.64 6.04 6.02 6.70 7.41 7.04 7.75 7.29 7.12 7.28 7.95 9.19 8.81 7.19 6.98 7.08 7.11 7.02 7.05 6.88
-9999 -9999 -9999 -9999 -9999 -9999 -9999 -9999 -9999 -9999 10.80 10.67 8.85 12.30 11.83 11.88 12.19 13.81 8.51 12.87 9.78 -9999 -9999 -9999 -9999 -9999 -9999 7.79 6.40 5.91 5.30 6.16 7.71 8.92 8.49 7.50 6.77 6.60 7.11 8.04 7.50 7.08 7.17 6.90 7.03 7.33 7.06 6.86 6.76 7.11 6.72 7.27 7.65 8.17 7.36 6.98 7.34 7.29 6.86 7.21 6.23 5.97 7.17 8.15 7.50 7.39 7.67 7.45 7.15 6.95 7.02 6.82 6.42 6.21 6.00 5.93 5.96 6.28 6.29
-9999 -9999 -9999 -9999 -9999 -9999 -9999 -9999 -9999 -9999 11.64 10.38 9.84 8.11 9.86 11.38 11.03 11.67 11.95 10.00 9.03 8.14 9.03 11.00 9.51 8.78 7.68 7.08 6.37 6.01 5.83 5.62 5.97 7.91 7.97 7.23 6.55 8.61 7.52 6.85 7.23 7.61 7.03 6.91 7.05 7.08 7.28 7.07 7.03 6.29 6.53 7.05 7.22 7.29 7.86 8.10 6.99 6.79 6.50 6.27 6.80 6.23 9.29 8.29 8.18 7.93 7.62 7.67 7.31 7.71 7.49 6.35 7.33 6.83 7.15 6.14 6.26 6.11 6.12
-9999 -9999 -9999 -9999 -9999 -9999 -9999 -9999 -9999 11.02 9.31 8.05 7.26 6.52 8.62 11.12 11.00 10.32 10.22 10.11 9.17 7.90 7.51 8.40 9.35 7.38 6.89 6.39 6.36 6.93 5.91 5.94 7.03 7.16 6.94 7.01 8.62 7.33 8.37 7.92 7.29 6.59 6.91 6.56 7.00 7.27 6.99 7.32 6.60 6.86 6.77 6.82 6.88 8.00 8.60 7.11 6.51 6.69 8.32 7.08 6.64 6.90 7.17 7.69 7.94 7.67 7.58 8.00 8.51 7.59 6.61 6.34 7.45 6.91 6.71 6.97 6.83 6.50 6.52
-9999 -9999 -9999 -9999 -9999 -9999 -9999 -9999 -9999 -9999 8.71 7.19 6.43 7.81 7.92 8.90 11.27 10.37 8.84 7.80 9.46 10.67 8.82 7.25 7.56 8.94 7.48 6.17 6.13 6.03 6.47 6.51 6.00 6.27 6.66 7.13 7.89 7.03 8.22 7.40 7.31 7.16 7.25 6.69 7.26 7.54 7.40 6.37 6.44 7.00 6.44 6.18 6.15 7.09 8.10 7.90 6.54 6.80 7.70 7.53 6.98 6.47 6.63 6.74 7.11 8.39 8.18 7.92 8.17 8.66 7.79 7.19 7.59 7.50 6.71 7.26 6.45 7.00 6.25
-9999 -9999 -9999 -9999 -9999 -9999 12.10 -9999 -9999 9.84 8.29 8.38 6.20 7.74 6.92 7.18 7.85 8.39 9.04 7.82 9.25 10.13 8.16 7.24 6.40 6.44 6.31 5.95 6.00 6.20 6.76 5.99 5.84 6.38 7.76 6.86 7.51 6.76 7.45 7.11 7.73 8.29 7.64 6.79 6.49 6.65 6.48 6.23 7.37 6.73 6.22 7.63 6.52 6.71 8.21 8.96 6.38 6.67 7.10 6.93 6.58 6.39 6.47 6.94 7.55 8.02 7.39 7.04 6.91 7.12 6.96 6.86 7.36 6.83 6.70 6.59 6.17 6.12 6.02
-9999 -9999 -9999 -9999 -9999 11.08 11.61 11.22 10.74 8.44 7.45 8.69 7.00 6.28 6.88 6.63 8.10 8.81 9.45 8.25 8.06 8.47 7.46 6.49 6.14 6.36 6.70 6.72 6.06 6.02 6.13 5.83 5.83 7.20 7.40 6.74 7.19 7.41 8.44 7.84 7.83 8.74 7.67 7.35 6.48 7.00 6.71 6.92 6.55 6.45 6.02 6.93 6.96 6.48 7.41 7.08 6.47 6.37 6.33 6.87 6.75 6.65 6.50 6.42 6.55 6.64 6.95 7.08 6.79 6.09 6.36 6.60 7.21 7.47 7.09 6.15 6.78 6.62 6.66
-9999 -9999 -9999 -9999 -9999 10.34 9.82 8.85 9.12 8.19 7.50 6.76 8.09 8.02 7.30 8.33 8.44 8.49 9.56 8.62 8.47 8.36 6.59 7.27 8.63 8.16 7.25 6.51 5.95 6.31 6.64 6.82 6.35 7.40 7.02 7.42 6.70 6.19 7.51 8.52 7.66 7.67 7.44 6.92 6.93 7.44 6.81 6.36 7.00 7.25 6.22 6.52 6.61 6.57 7.33 7.60 7.54 8.62 6.72 6.81 6.20 6.05 6.32 6.55 6.34 6.30 6.61 7.01 6.60 6.17 5.91 6.49 6.55 6.62 6.68 6.81 5.98 6.52 7.58
-9999 -9999 -9999 -9999 -9999 10.69 9.26 8.58 8.80 8.30 8.15 7.24 7.60 7.65 6.73 7.81 8.08 8.76 9.12 8.73 6.89 6.13 5.91 7.71 7.79 8.20 8.58 6.88 6.60 6.67 6.23 6.94 6.44 7.31 7.04 7.03 6.82 6.38 7.79 7.51 7.55 7.41 7.17 6.98 7.05 7.54 7.46 6.59 6.52 6.83 7.50 6.59 6.73 6.62 7.01 7.06 7.06 7.58 7.17 7.79 8.38 5.80 8.47 7.40 6.15 6.46 8.95 8.81 8.28 5.90 5.79 5.98 5.93 6.35 6.25 7.28 8.17 10.20 9.72
-9999 -9999 -9999 -9999 -9999 9.51 8.76 8.46 8.27 7.81 7.65 7.27 6.99 7.76 7.31 7.51 8.13 7.65 7.82 7.64 7.55 5.76 6.57 8.35 7.81 8.75 8.65 7.24 7.29 7.50 6.64 6.88 6.98 7.06 7.01 7.00 7.45 8.15 6.88 7.57 7.38 7.30 7.07 6.95 7.16 7.51 6.86 6.92 6.86 7.35 7.78 8.26 7.68 8.29 8.09 7.69 7.39 6.99 6.55 6.59 6.90 6.52 8.10 8.12 8.74 8.50 8.99 9.29 9.40 6.50 6.35 6.11 6.22 6.77 7.77 8.94 9.38 -9999 -9999
-9999 -9999 -9999 -9999 -9999 8.68 8.22 8.14 8.41 8.74 8.04 7.59 7.24 7.64 8.55 8.18 7.85 7.31 7.66 7.30 6.96 6.78 6.42 6.95 6.85 8.60 7.64 6.12 8.19 7.90 6.93 8.91 7.88 8.35 8.84 8.32 8.02 8.43 7.52 6.97 7.25 7.17 6.75 6.86 7.01 7.46 6.85 7.12 8.06 8.85 8.78 8.83 9.05 9.11 9.33 9.21 8.74 7.94 7.57 8.06 8.54 8.81 9.33 9.68 9.92 -9999 -9999 9.66 9.61 8.88 8.14 7.27 9.46 8.26 -9999 -9999 -9999 -9999 -9999
-9999 -9999 -9999 -9999 10.73 8.75 8.34 7.69 8.41 8.56 9.27 8.14 8.69 8.42 8.78 8.23 7.73 7.37 7.34 7.03 6.68 6.62 6.89 7.57 8.05 7.91 6.79 8.86 9.48 7.52 6.83 7.49 7.47 8.49 8.52 7.70 7.60 7.43 7.17 7.81 7.66 7.73 7.44 7.45 7.92 8.57 8.47 8.26 8.36 8.74 9.10 -9999 -9999 10.18 11.03 11.08 10.49 9.94 9.50 9.71 -9999 -9999 -9999 -9999 -9999 -9999 -9999 -9999 -9999 -9999 9.53 9.68 10.94 10.04 -9999 -9999 -9999 -9999 -9999
-9999 -9999 -9999 11.71 10.07 8.44 8.77 7.83 7.80 7.74 7.78 7.57 10.18 10.78 9.67 9.00 8.75 8.86 7.80 7.11 6.78 7.10 7.33 9.78 10.61 10.20 9.93 11.29 9.35 9.25 8.89 9.22 9.57 8.19 7.33 7.75 7.21 7.34 7.15 7.39 7.47 8.84 9.84 9.94 9.88 9.94 10.09 9.39 -9999 8.21 8.87 8.84 9.33 10.32 -9999 -9999 -9999 -9999 11.23 -9999 -9999 -9999 -9999 -9999 -9999 -9999 -9999 -9999 -9999 -9999 -9999 -9999 -9999 -9999 -9999 -9999 -9999 -9999 -9999
-9999 -9999 12.30 11.33 10.78 9.66 8.31 7.86 7.60 6.78 6.62 7.97 12.11 13.22 9.49 8.82 10.70 8.29 9.42 7.40 7.05 9.61 9.06 9.43 10.13 10.53 -9999 -9999 -9999 -9999 -9999 9.94 10.70 9.92 8.45 8.30 7.95 7.43 7.41 7.42 8.08 9.49 -9999 -9999 -9999 -9999 -9999 10.83 10.56 9.33 8.11 7.97 10.02 10.55 -9999 -9999 -9999 -9999 -9999 -9999 -9999 -9999 -9999 -9999 -9999 -9999 -9999 -9999 -9999 -9999 -9999 -9999 -9999 -9999 -9999 -9999 -9999 -9999 -9999
-9999 8.78 9.43 10.74 10.99 9.82 9.30 8.51 6.98 7.43 7.48 9.60 12.05 13.21 11.89 10.87 9.28 9.90 8.53 8.74 8.54 10.66 11.02 -9999 -9999 -9999 -9999 -9999 -9999 -9999 -9999 -9999 10.58 10.53 9.34 10.13 10.85 10.97 9.10 10.60 10.76 11.68 -9999 -9999 -9999 -9999 -9999 -9999 -9999 9.41 9.36 8.40 9.37 -9999 -9999 -9999 -9999 -9999 -9999 -9999 -9999 -9999 -9999 -9999 -9999 -9999 -9999 -9999 -9999 -9999 -9999 -9999 -9999 -9999 -9999 -9999 -9999 -9999 -9999
9.89 8.33 8.78 10.14 11.41 11.40 9.82 8.00 7.72 8.16 8.13 9.52 12.27 11.22 11.09 10.67 11.27 6.94 8.87 11.73 10.28 -9999 -9999 -9999 -9999 -9999 -9999 -9999 -9999 -9999 -9999 -9999 -9999 -9999 11.48 -9999 -9999 -9999 -9999 10.40 12.35 13.00 -9999 -9999 -9999 -9999 -9999 -9999 -9999 -9999 10.23 11.69 10.77 -9999 -9999 -9999 -9999 -9999 -9999 -9999 -9999 -9999 -9999 -9999 -9999 -9999 -9999 -9999 -9999 -9999 -9999 -9999 -9999 -9999 -9999 -9999 -9999 -9999 -9999
8.34 7.49 8.67 10.27 10.83 11.30 10.12 9.10 9.66 7.43 6.69 8.38 11.37 11.69 10.15 9.01 10.07 7.84 7.90 9.59 -9999 -9999 -9999 -9999 -9999 -9999 -9999 -9999 -9999 -9999 -9999 -9999 -9999 -9999 12.93 -9999 -9999 -9999 -9999 -9999 -9999 -9999 -9999 -9999 -9999 -9999 -9999 -9999 -9999 -9999 -9999 -9999 -9999 -9999 -9999 -9999 -9999 -9999 -9999 -9999 -9999 -9999 -9999 -9999 -9999 -9999 -9999 -9999 -9999 -9999 -9999 -9999 -9999 -9999 -9999 -9999 -9999 -9999 -9999
8.44 7.63 8.88 9.55 9.78 10.28 9.59 9.22 9.96 7.15 6.73 7.79 10.03 13.54 13.78 8.64 8.54 8.02 9.12 11.74 -9999 -9999 -9999 -9999 -9999 -9999 -9999 -9999 -9999 -9999 -9999 -9999 -9999 -9999 -9999 -9999 -9999 -9999 -9999 -9999 -9999 -9999 -9999 -9999 -9999 -9999 -9999 -9999 -9999 -9999 -9999 -9999 -9999 -9999 -9999 -9999 -9999 -9999 -9999 -9999 -9999 -9999 -9999 -9999 -9999 -9999 -9999 -9999 -9999 -9999 -9999 -9999 -9999 -9999 -9999 -9999 -9999 -9999 -9999
9.43 9.16 9.56 9.47 10.20 9.62 9.21 8.96 8.01 7.99 7.40 7.36 9.90 11.94 11.59 9.83 7.93 8.02 10.85 10.90 -9999 -9999 -9999 -9999 -9999 -9999 -9999 -9999 -9999 -9999 -9999 -9999 -9999 -9999 -9999 -9999 -9999 -9999 -9999 -9999 -9999 -9999 -9999 -9999 -9999 -9999 -9999 -9999 -9999 -9999 -9999 -9999 -9999 -9999 -9999 -9999 -9999 -9999 -9999 -9999 -9999 -9999 -9999 -9999 -9999 -9999 -9999 -9999 -9999 -9999 -9999 -9999 -9999 -9999 -9999 -9999 -9999 -9999 -9999
10.38 10.28 10.51 9.53 10.09 9.76 11.57 10.87 9.57 9.09 9.40 8.21 8.75 9.84 9.54 8.53 8.22 8.94 10.27 11.25 -9999 -9999 -9999 -9999 -9999 -9999 -9999 -9999 -9999 -9999 -9999 -9999 -9999 -9999 -9999 -9999 -9999 -9999 -9999 -9999 -9999 -9999 -9999 -9999 -9999 -9999 -9999 -9999 -9999 -9999 -9999 -9999 -9999 -9999 -9999 -9999 -9999 -9999 -9999 -9999 -9999 -9999 -9999 -9999 -9999 -9999 -9999 -9999 -9999 -9999 -9999 -9999 -9999 -9999 -9999 -9999 -9999 -9999 -9999
9.31 10.13 10.06 11.24 12.75 12.54 11.35 11.48 11.46 11.25 10.16 10.44 9.69 8.84 8.68 9.07 9.71 10.35 10.67 12.14 -9999 -9999 -9999 -9999 -9999 -9999 -9999 -9999 -9999 -9999 -9999 -9999 -9999 -9999 -9999 -9999 -9999 -9999 -9999 -9999 -9999 -9999 -9999 -9999 -9999 -9999 -9999 -9999 -9999 -9999 -9999 -9999 -9999 -9999 -9999 -9999 -9999 -9999 -9999 -9999 -9999 -9999 -9999 -9999 -9999 -9999 -9999 -9999 -9999 -9999 -9999 -9999 -9999 -9999 -9999 -9999 -9999 -9999 -9999
10.47 11.45 -9999 -9999 -9999 -9999 -9999 -9999 -9999 -9999 -9999 11.86 12.09 10.71 9.69 8.78 9.80 10.89 11.27 -9999 -9999 -9999 -9999 -9999 -9999 -9999 -9999 -9999 -9999 -9999 -9999 -9999 -9999 -9999 -9999 -9999 -9999 -9999 -9999 -9999 -9999 -9999 -9999 -9999 -9999 -9999 -9999 -9999 -9999 -9999 -9999 -9999 -9999 -9999 -9999 -9999 -9999 -9999 -9999 -9999 -9999 -9999 -9999 -9999 -9999 -9999 -9999 -9999 -9999 -9999 -9999 -9999 -9999 -9999 -9999 -9999 -9999 -9999 -9999
11.77 12.90 -9999 -9999 -9999 -9999 -9999 -9999 -9999 -9999 -9999 -9999 -9999 -9999 10.92 10.02 10.35 11.22 -9999 -9999 -9999 -9999 -9999 -9999 -9999 -9999 -9999 -9999 -9999 -9999 -9999 -9999 -9999 -9999 -9999 -9999 -9999 -9999 -9999 -9999 -9999 -9999 -9999 -9999 -9999 -9999 -9999 -9999 -9999 -9999 -9999 -9999 -9999 -9999 -9999 -9999 -9999 -9999 -9999 -9999 -9999 -9999 -9999 -9999 -9999 -9999 -9999 -9999 -9999 -9999 -9999 -9999 -9999 -9999 -9999 -9999 -9999 -9999 -9999
-9999 -9999 -9999 -9999 -9999 -9999 -9999 -9999 -9999 -9999 -9999 -9999 -9999 -9999 12.58 13.24 13.81 13.66 -9999 -9999 -9999 -9999 -9999 -9999 -9999 -9999 -9999 -9999 -9999 -9999 -9999 -9999 -9999 -9999 -9999 -9999 -9999 -9999 -9999 -9999 -9999 -9999 -9999 -9999 -9999 -9999 -9999 -9999 -9999 -9999 -9999 -9999 -9999 -9999 -9999 -9999 -9999 -9999 -9999 -9999 -9999 -9999 -9999 -9999 -9999 -9999 -9999 -9999 -9999 -9999 -9999 -9999 -9999 -9999 -9999 -9999 -9999 -9999 -9999
-9999 -9999 -9999 -9999 -9999 -9999 -9999 -9999 -9999 -9999 -9999 -9999 -9999 -9999 -9999 -9999 -9999 -9999 -9999 -9999 -9999 -9999 -9999 -9999 -9999 -9999 -9999 -9999 -9999 -9999 -9999 -9999 -9999 -9999 -9999 -9999 -9999 -9999 -9999 -9999 -9999 -9999 -9999 -9999 -9999 -9999 -9999 -9999 -9999 -9999 -9999 -9999 -9999 -9999 -9999 -9999 -9999 -9999 -9999 -9999 -9999 -9999 -9999 -9999 -9999 -9999 -9999 -9999 -9999 -9999 -9999 -9999 -9999 -9999 -9999 -9999 -9999 -9999 -9999
-9999 -9999 -9999 -9999 -9999 -9999 -9999 -9999 -9999 -9999 -9999 -9999 -9999 -9999 -9999 -9999 -9999 -9999 -9999 -9999 -9999 -9999 -9999 -9999 -9999 -9999 -9999 -9999 -9999 -9999 -9999 -9999 -9999 -9999 -9999 -9999 -9999 -9999 -9999 -9999 -9999 -9999 -9999 -9999 -9999 -9999 -9999 -9999 -9999 -9999 -9999 -9999 -9999 -9999 -9999 -9999 -9999 -9999 -9999 -9999 -9999 -9999 -9999 -9999 -9999 -9999 -9999 -9999 -9999 -9999 -9999 -9999 -9999 -9999 -9999 -9999 -9999 -9999 -9999
