ML/MeanWindSpeed_1997-08_Actual.txt
ncols         180
nrows         290
xllcorner     -200000
yllcorner     -200000
cellsize      5000
NODATA_value  -9999
[rows 175 to 209 of 290, columns 79 to 157 of 180]
-9999 -9999 -9999 -9999 -9999 -9999 -9999 9.60 9.05 8.34 7.79 6.94 4.89 4.01 7.16 9.64 5.14 6.14 5.82 5.57 4.58 3.09 3.46 4.93 6.00 5.25 4.53 4.74 5.08 4.70 4.91 5.69 5.66 5.73 5.62 5.59 5.44 4.98 4.33 4.26 6.86 7.50 7.18 7.51 6.18 6.13 7.11 6.72 5.54 5.26 5.88 5.73 5.44 5.70 5.64 6.25 6.08 5.97 5.85 5.90 6.63 6.22 6.12 6.17 6.14 6.51 6.93 7.01 7.12 7.29 6.89 7.91 9.13 -9999 -9999 -9999 -9999 -9999 -9999
-9999 -9999 -9999 -9999 -9999 -9999 -9999 -9999 10.08 8.53 6.99 5.04 3.11 3.96 11.01 8.39 4.44 6.60 4.43 5.67 5.63 3.64 3.03 6.41 5.62 5.69 5.14 4.63 4.65 4.44 4.24 5.16 5.67 5.73 5.62 5.44 5.40 4.95 4.36 5.09 6.39 8.09 7.36 8.00 7.18 5.16 6.50 7.11 5.47 5.35 5.76 5.51 5.39 5.55 5.71 6.37 6.11 6.03 6.15 6.24 6.86 6.76 6.44 6.34 6.27 6.44 6.97 7.61 7.19 6.93 6.91 7.79 9.01 -9999 -9999 -9999 -9999 -9999 -9999
-9999 -9999 -9999 -9999 -9999 -9999 -9999 -9999 -9999 8.16 5.83 4.43 4.26 9.07 12.12 9.34 6.23 5.93 5.97 6.39 6.68 5.90 3.92 4.37 6.98 5.75 5.19 4.97 4.61 4.44 4.55 5.10 5.55 5.48 5.33 5.38 5.21 4.95 4.99 5.40 7.06 7.85 6.68 6.85 7.28 6.00 5.29 6.98 5.32 5.17 5.57 5.29 5.26 5.38 5.88 6.41 6.19 6.16 6.19 6.14 7.01 6.82 6.56 6.49 6.49 6.75 6.99 7.21 7.08 7.09 7.19 8.15 9.25 -9999 -9999 -9999 -9999 -9999 -9999
-9999 -9999 -9999 -9999 -9999 -9999 -9999 -9999 -9999 7.15 5.38 5.30 6.61 8.87 12.22 8.47 4.91 5.57 6.59 6.62 7.38 6.53 4.37 3.70 7.08 6.89 5.80 5.37 4.49 4.30 4.62 5.50 5.71 5.59 5.45 5.10 4.80 4.99 5.96 5.93 5.78 8.15 6.79 6.87 7.42 6.97 6.34 6.09 5.19 4.49 5.23 5.54 5.15 5.32 5.63 6.16 6.11 6.31 6.20 6.15 6.59 6.94 6.72 6.72 6.70 6.85 7.03 7.13 7.12 7.41 7.97 8.87 -9999 -9999 -9999 -9999 -9999 -9999 -9999
-9999 -9999 -9999 -9999 -9999 -9999 -9999 -9999 -9999 6.18 5.56 6.24 6.86 9.85 10.07 7.76 6.43 5.32 6.20 7.40 7.13 7.92 5.67 3.81 6.59 7.39 7.07 5.51 4.68 4.23 4.87 5.79 5.96 5.63 5.32 5.00 5.09 5.71 6.12 5.50 5.53 7.33 7.17 6.84 6.81 6.32 6.31 6.58 4.80 4.90 5.17 5.03 5.23 5.26 5.94 5.89 6.10 6.23 6.13 6.24 7.27 7.08 6.80 6.73 6.80 6.90 7.02 7.14 7.33 8.02 8.91 -9999 -9999 -9999 -9999 -9999 -9999 -9999 -9999
-9999 -9999 -9999 -9999 -9999 -9999 -9999 -9999 7.25 9.43 6.89 7.87 8.72 7.43 10.95 9.17 7.50 6.92 8.67 7.76 8.12 7.03 5.17 5.00 7.60 7.81 7.45 5.75 4.79 4.39 5.38 5.92 5.86 5.61 5.19 5.09 5.80 5.74 5.80 6.21 6.43 6.17 8.15 7.50 6.41 6.68 6.10 5.51 5.14 4.63 4.77 4.93 5.39 5.27 5.30 6.19 6.06 6.14 6.18 6.41 7.30 7.06 6.79 6.79 6.79 6.93 6.98 7.14 7.85 8.78 -9999 -9999 -9999 -9999 -9999 -9999 -9999 9.34 -9999
-9999 -9999 -9999 -9999 -9999 -9999 7.98 7.55 9.00 8.20 7.87 8.74 8.94 6.52 6.47 7.14 8.02 7.71 8.80 8.65 8.42 5.57 6.08 6.02 5.91 6.99 6.53 6.11 5.29 4.92 5.69 6.20 6.06 5.54 5.40 5.88 5.81 6.07 5.79 6.51 6.80 7.01 6.76 6.21 6.66 6.52 6.05 5.60 5.30 5.05 4.64 5.08 5.01 4.86 5.25 5.73 6.03 6.20 6.13 6.53 7.35 7.05 6.73 6.78 6.77 6.90 7.01 7.46 8.32 -9999 -9999 -9999 -9999 -9999 9.26 8.80 8.40 8.09 8.15
-9999 -9999 -9999 -9999 -9999 8.20 7.98 8.12 8.74 8.95 9.28 8.76 6.98 5.81 6.20 6.90 8.25 10.99 7.77 6.67 5.67 4.12 6.90 7.95 8.49 7.78 6.79 6.22 5.80 5.60 6.01 6.46 6.14 5.68 5.59 6.01 6.36 5.78 5.67 6.68 6.92 6.77 6.60 6.46 6.34 5.92 5.92 5.21 5.03 5.19 4.92 4.70 4.55 4.89 5.51 5.74 6.06 6.26 6.35 6.73 7.60 7.29 6.86 6.77 6.76 6.90 7.08 7.52 8.23 -9999 -9999 -9999 -9999 -9999 8.36 7.68 7.31 7.07 7.04
-9999 -9999 -9999 -9999 8.50 8.69 8.46 8.84 -9999 -9999 -9999 -9999 6.29 8.15 6.99 7.45 9.32 8.12 6.56 7.22 6.37 5.64 10.02 9.62 8.80 9.10 7.38 6.06 6.11 6.19 6.14 6.33 6.24 5.79 5.98 5.98 6.63 6.00 5.82 6.26 6.59 6.61 6.49 5.97 5.91 5.82 5.68 5.23 5.03 4.83 4.63 4.51 4.72 5.26 5.47 5.79 6.44 7.00 7.25 7.44 7.84 7.59 7.29 6.87 6.82 6.89 7.02 7.31 7.88 8.80 -9999 -9999 -9999 -9999 7.71 7.09 6.92 6.85 6.75
-9999 -9999 -9999 -9999 9.38 9.92 8.89 9.36 -9999 -9999 -9999 -9999 5.87 7.44 7.91 6.10 8.60 7.89 6.74 7.82 8.91 8.05 10.62 8.21 8.52 8.40 7.23 6.25 6.24 6.38 6.33 6.49 6.67 6.08 6.26 6.28 6.38 6.50 6.01 6.21 5.92 6.11 6.35 6.51 6.47 5.65 5.33 5.11 4.97 5.07 4.67 4.67 5.06 5.48 6.09 6.24 7.54 8.11 8.57 8.44 8.54 8.11 7.57 6.97 6.89 6.91 6.96 7.11 7.32 7.94 8.49 -9999 -9999 8.09 7.41 7.06 7.15 6.93 6.75
-9999 -9999 -9999 -9999 -9999 -9999 -9999 -9999 -9999 -9999 -9999 -9999 6.69 9.28 8.13 5.66 6.96 6.41 8.60 8.68 7.59 9.68 10.07 9.20 9.11 8.08 7.00 6.09 6.47 6.42 6.61 6.52 6.34 6.18 6.06 6.05 6.17 6.29 5.91 5.89 6.01 5.98 5.76 6.12 6.05 5.01 5.49 5.86 5.33 5.32 5.06 4.68 5.34 6.19 6.97 7.30 7.78 8.60 9.32 9.24 9.22 8.52 7.79 6.98 6.87 6.88 6.94 7.01 6.97 7.18 7.56 7.97 7.91 7.34 7.00 6.66 7.09 7.07 7.03
-9999 -9999 -9999 -9999 -9999 -9999 -9999 -9999 -9999 -9999 -9999 -9999 -9999 9.46 5.85 5.07 7.17 8.97 8.52 9.74 9.85 8.32 8.77 9.10 7.43 7.10 6.36 5.98 6.10 6.36 6.49 6.52 6.38 6.04 5.86 6.00 5.97 6.13 5.74 5.51 6.52 6.30 5.84 5.74 5.52 5.25 5.08 5.51 5.57 5.51 6.08 5.47 5.69 6.44 6.72 7.42 8.18 8.71 9.59 9.67 9.30 8.26 7.57 6.83 6.75 6.77 6.80 6.90 6.98 7.04 7.01 7.11 7.00 6.79 6.58 6.65 7.17 7.16 6.99
-9999 -9999 -9999 -9999 -9999 -9999 -9999 -9999 -9999 -9999 -9999 -9999 -9999 7.10 8.67 8.69 8.19 7.87 7.97 9.27 8.45 8.22 7.39 7.01 7.48 6.17 5.91 6.51 6.35 6.35 6.33 5.96 5.80 5.91 5.83 6.30 6.31 6.15 5.61 5.21 6.20 6.68 6.14 5.65 5.39 5.33 5.27 5.29 5.34 5.81 6.99 6.54 6.01 6.23 6.75 7.70 8.77 9.31 9.53 9.85 9.12 7.54 6.78 6.50 6.57 6.64 6.77 6.85 6.92 6.96 6.92 6.84 6.71 6.72 6.60 6.52 7.02 7.10 7.30
-9999 -9999 -9999 -9999 -9999 -9999 -9999 -9999 -9999 -9999 -9999 -9999 7.64 7.44 6.68 10.18 7.82 6.84 7.91 8.26 7.77 8.78 7.28 6.97 7.36 5.56 8.08 6.63 5.87 6.09 6.66 5.79 5.48 6.70 6.70 6.34 5.88 5.97 5.71 5.41 5.95 6.28 5.99 5.59 5.38 5.27 5.35 5.57 5.57 6.27 6.52 6.25 6.00 6.11 6.74 7.69 8.72 9.20 9.13 9.04 7.68 6.60 6.32 6.25 6.38 6.56 6.71 6.79 6.80 6.83 6.80 6.62 6.55 6.78 6.70 6.57 6.82 7.05 6.84
-9999 -9999 -9999 -9999 -9999 -9999 -9999 -9999 -9999 -9999 -9999 -9999 7.35 8.18 10.74 8.09 5.89 6.19 6.11 7.40 8.77 8.46 7.30 7.12 6.70 5.50 5.76 6.24 6.84 6.74 6.01 5.85 5.80 6.27 6.68 6.05 5.80 5.95 5.72 5.78 6.15 6.11 6.06 5.72 5.45 5.40 5.35 5.39 5.62 6.31 6.73 6.35 5.70 5.98 6.95 8.11 8.38 8.93 8.80 7.92 6.68 6.60 6.19 6.30 6.35 6.53 6.60 6.69 6.71 6.67 6.62 6.52 6.47 6.85 6.74 6.52 6.68 7.01 6.92
-9999 -9999 -9999 -9999 -9999 -9999 -9999 -9999 -9999 -9999 -9999 -9999 8.53 9.29 6.43 6.51 5.33 5.71 6.27 9.04 8.55 9.03 7.64 7.11 6.04 4.81 5.18 6.60 7.53 8.14 6.05 6.55 6.10 6.61 6.72 5.83 5.62 5.69 5.82 5.88 5.69 5.83 6.38 5.92 5.36 5.39 5.92 5.34 5.67 6.08 6.18 5.88 5.68 6.18 6.97 7.68 8.12 8.11 7.52 7.02 6.70 6.56 6.06 6.09 6.33 6.47 6.56 6.56 6.51 6.52 6.50 6.46 6.46 6.64 6.56 6.58 6.59 6.83 6.80
-9999 -9999 -9999 -9999 -9999 -9999 -9999 -9999 -9999 -9999 -9999 -9999 -9999 6.17 6.39 6.50 7.12 7.85 7.73 8.48 8.01 6.76 6.19 5.61 5.79 5.57 5.32 6.02 6.75 8.13 6.81 6.17 6.08 7.03 6.87 5.72 5.89 5.42 5.55 6.50 5.81 5.76 5.76 5.74 5.25 5.30 6.05 5.74 5.56 5.93 5.80 5.67 5.90 6.63 6.95 7.29 7.29 7.46 6.96 7.16 6.89 6.30 6.16 6.41 6.44 6.38 6.41 6.39 6.39 6.41 6.40 6.39 6.37 6.40 6.40 6.45 6.42 6.47 6.60
-9999 -9999 -9999 -9999 -9999 -9999 -9999 -9999 -9999 -9999 -9999 -9999 -9999 6.25 5.96 6.28 7.70 9.52 9.54 7.87 6.53 5.71 5.93 6.53 7.33 8.21 7.06 6.69 7.39 7.82 6.85 5.75 7.29 7.13 6.80 5.93 6.25 5.63 5.41 5.75 6.30 6.13 5.85 5.44 5.08 5.51 6.02 5.77 5.54 5.64 5.79 5.87 6.17 6.71 6.70 6.77 7.32 7.38 7.26 7.07 6.97 6.40 6.50 6.77 6.37 6.31 6.31 6.29 6.33 6.32 6.29 6.30 6.28 6.28 6.20 6.11 6.04 6.05 6.24
-9999 -9999 -9999 -9999 -9999 -9999 -9999 -9999 -9999 -9999 -9999 -9999 7.26 5.52 5.65 7.30 8.37 8.53 8.30 6.73 6.54 8.22 7.01 7.21 7.42 6.94 6.69 7.16 7.78 7.14 6.04 6.23 7.35 7.41 6.85 5.91 6.37 5.44 5.26 6.08 5.87 5.92 5.87 5.32 4.84 5.35 6.09 5.94 5.46 5.61 5.64 5.63 6.13 6.24 6.86 6.71 7.13 6.92 7.13 7.23 6.71 6.47 6.84 6.83 6.34 6.27 6.39 6.28 6.32 6.29 6.30 6.26 6.19 6.13 5.95 6.06 6.20 6.23 6.00
-9999 -9999 -9999 -9999 -9999 -9999 -9999 -9999 -9999 -9999 -9999 -9999 8.13 6.51 5.92 6.15 7.73 9.55 8.85 7.60 6.63 7.14 7.95 8.67 8.78 7.32 8.29 8.49 6.93 7.85 5.67 5.96 7.39 8.27 6.53 6.44 5.87 5.20 5.02 5.57 6.89 6.17 5.98 5.59 5.34 5.58 6.01 5.84 5.50 5.62 5.64 5.59 5.68 6.49 6.82 6.89 7.36 7.07 6.99 7.00 6.74 6.83 7.08 6.95 6.55 6.57 6.48 6.56 6.33 6.31 6.38 6.32 6.14 5.98 5.76 5.73 6.10 6.19 6.23
-9999 -9999 -9999 -9999 -9999 -9999 -9999 -9999 -9999 -9999 -9999 -9999 7.19 6.27 4.69 5.37 7.21 9.45 8.56 8.23 7.17 8.46 8.23 7.64 7.89 8.13 8.20 7.33 6.66 6.98 7.75 6.32 6.87 6.79 6.55 7.02 6.28 5.41 5.20 5.69 6.11 5.95 6.22 5.94 5.73 5.91 5.78 5.44 5.56 5.67 5.74 5.51 5.92 6.79 6.92 6.64 6.94 7.41 7.01 7.12 6.74 7.15 7.34 6.98 6.76 6.71 6.37 6.37 6.24 6.25 6.25 6.13 6.00 5.87 5.71 5.82 5.67 5.88 5.96
-9999 -9999 -9999 -9999 -9999 -9999 -9999 -9999 -9999 -9999 -9999 6.94 7.18 7.55 5.83 5.02 7.31 8.66 9.67 9.39 7.36 7.68 6.81 7.41 8.27 7.46 7.50 8.21 7.36 7.10 6.78 6.31 6.32 6.41 6.58 6.55 6.18 5.79 5.42 5.55 6.10 6.20 5.88 6.00 5.90 6.14 5.75 5.53 5.52 5.31 5.27 5.51 6.18 6.50 6.74 6.49 7.03 7.20 7.00 6.75 7.16 7.26 7.39 7.38 7.06 6.76 6.53 6.31 6.23 6.21 6.09 5.94 5.74 5.58 5.59 5.80 5.86 5.92 6.01
-9999 -9999 -9999 -9999 -9999 -9999 -9999 -9999 -9999 -9999 7.76 7.35 7.64 6.32 4.97 6.28 8.30 9.28 8.81 9.68 7.76 8.03 6.75 6.67 9.80 7.89 8.30 7.46 7.26 6.51 6.15 6.04 6.60 6.32 7.15 6.58 6.43 5.55 5.37 5.43 5.84 6.10 5.95 6.07 6.22 6.17 5.41 5.46 5.33 5.33 5.45 5.79 6.28 6.25 6.70 6.51 6.82 6.62 6.60 7.15 7.42 7.34 7.47 7.30 6.73 6.71 6.55 6.42 6.28 6.06 5.83 5.55 5.48 5.41 5.69 5.92 6.13 6.22 6.05
-9999 -9999 -9999 -9999 -9999 -9999 -9999 -9999 9.33 8.20 7.26 6.50 6.22 5.80 5.45 6.84 8.17 9.49 10.51 9.63 7.99 6.14 6.86 6.91 9.28 8.29 7.87 7.84 7.03 6.57 5.72 5.95 6.87 6.79 7.02 6.18 5.98 5.56 5.46 5.60 5.65 5.96 5.81 5.99 6.07 5.61 5.29 5.27 5.46 5.30 5.73 6.26 6.32 6.25 6.14 6.06 6.56 6.96 6.96 7.19 6.94 7.41 7.47 7.04 6.50 6.34 6.57 6.40 6.27 5.80 5.49 5.19 5.24 5.70 5.95 6.02 6.50 6.48 6.57
-9999 -9999 -9999 -9999 10.17 9.32 8.22 9.13 8.88 8.77 8.58 7.35 6.56 5.80 7.76 7.47 9.18 9.88 9.93 8.33 7.04 5.48 6.00 6.58 10.24 9.50 8.06 6.96 6.98 6.54 6.90 5.84 6.84 7.11 7.04 6.56 5.87 5.42 5.69 5.36 5.24 5.95 5.71 5.70 5.47 5.48 5.43 5.54 5.19 5.53 5.48 5.85 6.38 6.34 6.24 6.19 6.61 6.81 6.86 6.96 7.42 7.10 7.00 6.72 6.34 6.53 6.59 6.48 5.99 5.48 5.25 5.18 5.70 5.93 5.94 6.46 6.30 6.55 6.88
-9999 -9999 -9999 10.21 8.90 8.74 8.06 7.71 8.55 8.49 8.31 6.96 6.01 7.18 7.90 8.61 7.80 10.26 8.36 6.99 8.54 6.75 5.60 9.38 9.27 8.46 6.36 6.10 6.32 7.61 6.30 6.12 6.31 6.31 6.96 6.74 6.37 5.60 5.57 5.22 5.19 5.67 5.49 5.34 5.32 5.34 5.39 5.34 6.20 5.42 5.47 5.84 6.23 5.99 5.99 5.90 6.16 6.50 6.63 7.17 6.99 6.78 6.83 6.72 6.28 6.34 6.28 5.89 5.56 5.25 5.12 5.16 5.54 6.14 6.30 6.51 6.52 6.61 6.86
-9999 -9999 9.63 9.41 8.01 7.73 7.74 8.25 8.25 8.25 7.41 7.34 8.86 7.69 7.80 9.30 6.76 7.65 7.15 8.16 7.89 8.36 7.85 8.22 7.60 6.14 7.97 7.70 6.29 6.58 6.24 6.03 6.40 6.01 6.11 6.92 6.77 5.44 5.10 5.17 5.32 5.01 4.66 4.93 6.12 5.20 5.04 5.44 5.92 5.62 5.47 5.83 6.12 6.17 6.43 6.20 5.99 6.01 6.09 6.67 6.52 6.31 6.69 6.50 6.10 6.01 5.82 5.47 5.32 5.21 5.15 5.32 5.60 6.18 6.02 6.08 6.35 6.29 6.60
8.30 8.95 7.83 7.95 8.37 7.90 7.78 8.77 8.17 7.84 7.70 8.80 8.48 7.94 8.87 8.32 6.77 6.60 7.87 7.97 7.59 8.12 8.78 6.75 5.19 7.43 8.20 7.15 7.31 6.41 6.37 5.81 6.16 6.88 6.20 7.36 6.39 5.40 4.99 5.12 5.50 4.20 4.42 6.39 5.49 5.12 5.11 5.56 6.19 5.59 5.51 5.79 5.75 6.03 6.03 5.77 5.66 5.78 5.64 6.00 6.20 6.14 5.97 5.75 5.48 5.27 5.33 5.73 5.37 5.73 5.42 5.12 5.85 5.98 6.12 6.02 6.04 6.23 6.35
6.68 8.05 9.64 9.53 9.30 7.68 8.24 9.03 8.34 8.07 9.00 8.52 8.47 9.35 7.78 6.23 6.03 6.47 7.85 8.16 8.16 7.86 6.73 4.83 5.77 10.39 9.21 7.65 6.26 6.45 6.26 6.76 6.25 6.55 6.19 6.43 6.27 5.72 5.11 4.90 4.52 3.85 5.63 6.36 6.09 5.30 5.07 6.49 6.09 5.57 5.57 5.56 5.96 5.93 5.73 5.29 5.67 5.42 5.14 6.02 5.99 5.47 5.46 5.32 5.03 5.15 5.54 5.68 5.59 5.84 5.49 5.38 5.87 6.01 5.82 5.93 5.92 6.12 6.31
7.05 7.92 8.43 8.30 7.78 8.48 7.95 8.86 7.32 7.85 9.07 9.05 8.24 8.12 6.07 5.11 6.51 7.48 7.52 7.18 8.02 6.58 5.37 4.14 6.68 9.71 10.58 7.04 6.77 6.85 7.02 6.49 5.95 6.70 6.36 6.46 6.07 5.71 4.63 4.17 4.56 4.43 5.99 6.45 6.07 5.17 5.50 6.43 6.21 5.83 5.54 5.75 5.78 5.55 5.29 5.11 5.30 5.45 5.21 5.18 5.12 4.95 5.50 5.71 5.01 5.19 5.67 5.90 5.71 5.87 5.73 5.66 5.82 5.78 5.89 5.84 5.85 5.84 6.12
7.61 8.31 8.38 8.51 8.13 8.07 8.54 8.13 8.26 7.63 7.65 7.51 6.84 5.93 6.02 4.97 7.00 10.20 6.54 6.45 7.04 9.25 8.72 4.88 5.49 11.34 9.51 7.73 7.56 7.94 7.13 5.95 5.45 6.74 6.94 6.33 5.80 5.25 4.34 3.89 4.60 5.95 6.65 6.56 6.17 5.68 5.63 5.68 6.07 5.62 5.51 5.51 5.36 5.12 4.98 5.26 5.23 5.18 5.00 4.55 4.64 4.96 4.99 5.41 5.19 5.32 5.53 5.72 5.90 5.90 5.76 5.73 5.86 5.68 5.63 5.84 5.83 5.67 5.94
7.52 8.14 7.85 8.04 8.07 7.95 7.54 7.47 7.60 7.06 7.68 7.00 7.36 5.33 6.12 7.08 7.67 8.55 8.50 7.04 8.07 9.20 7.06 8.10 8.21 7.07 9.15 8.51 6.60 6.74 5.94 6.14 5.98 7.78 7.51 6.23 5.54 4.64 4.08 4.51 6.19 6.04 7.01 6.44 6.20 6.37 5.83 6.18 5.49 5.51 5.30 5.15 5.06 5.08 5.03 5.02 4.89 4.76 4.33 4.25 4.80 5.26 5.19 5.07 5.41 5.32 5.84 5.55 5.50 5.53 5.52 5.62 5.73 5.77 5.53 5.76 5.73 5.70 6.04
7.36 7.10 7.63 8.25 9.35 8.85 7.92 7.29 6.71 6.58 7.83 6.56 6.73 5.48 6.81 7.40 7.49 7.27 7.91 7.28 8.42 8.51 8.99 7.76 8.74 8.97 10.86 7.82 6.93 6.39 6.45 5.92 7.23 7.62 7.83 5.86 4.99 4.17 5.59 6.09 6.49 7.06 6.31 6.40 6.40 6.08 5.10 5.07 5.18 5.10 4.99 4.97 4.88 5.11 5.12 5.15 4.71 4.22 4.07 4.30 5.16 4.68 5.04 5.25 5.18 5.21 5.37 5.30 5.31 5.43 5.24 5.49 5.61 5.59 5.65 5.73 5.53 5.57 6.27
7.51 7.24 7.41 8.42 8.86 9.25 8.54 7.89 7.13 6.63 6.99 7.89 6.07 7.98 8.12 8.49 9.19 8.38 7.21 7.39 8.24 7.86 8.52 7.81 7.21 9.64 9.64 7.03 6.87 5.57 5.85 6.73 7.45 7.77 7.21 5.61 4.66 5.08 5.10 6.37 6.67 6.45 6.47 6.17 5.80 5.32 4.67 4.50 4.56 4.64 5.36 4.95 5.29 5.05 4.88 4.31 3.88 3.86 4.36 4.92 4.86 4.82 4.98 4.98 4.91 5.13 5.46 5.58 4.94 5.31 5.65 5.40 5.40 5.63 5.29 5.52 6.01 5.89 5.96
7.92 8.23 8.98 9.89 -9999 -9999 -9999 -9999 8.29 7.89 8.19 7.02 6.42 7.08 7.47 7.18 6.44 4.83 9.13 9.68 7.65 7.20 7.64 8.31 8.82 9.93 8.28 6.89 5.80 5.21 7.27 7.26 8.36 7.10 6.32 5.35 4.94 5.92 5.75 6.96 6.97 6.44 6.27 5.86 5.40 4.84 4.48 4.33 4.35 4.55 5.24 5.08 5.30 5.23 4.74 4.14 3.77 4.50 4.66 4.92 4.91 4.95 4.36 4.46 4.60 5.28 5.59 5.34 4.76 5.16 5.49 5.42 5.30 5.66 5.49 5.52 5.87 6.06 6.03
