ML/MeanWindSpeed_1991-06_Actual.txt
ncols         180
nrows         290
xllcorner     -200000
yllcorner     -200000
cellsize      5000
NODATA_value  -9999
[rows 140 to 174 of 290, columns 78 to 155 of 180]
-9999 -9999 -9999 11.05 -9999 -9999 -9999 9.88 9.85 8.77 8.83 9.58 -9999 -9999 9.88 8.58 10.33 11.15 -9999 -9999 -9999 -9999 -9999 9.42 8.36 6.57 6.72 6.61 7.17 7.08 7.63 7.76 6.22 7.48 9.53 10.79 8.59 9.94 10.52 10.67 8.88 9.18 9.15 7.94 6.02 5.71 5.93 4.17 4.84 6.90 8.86 -9999 -9999 -9999 -9999 -9999 -9999 -9999 -9999 -9999 -9999 -9999 -9999 -9999 -9999 -9999 -9999 -9999 -9999 -9999 -9999 -9999 -9999 -9999 -9999 -9999 -9999 -9999
-9999 -9999 -9999 11.09 11.09 -9999 -9999 -9999 9.92 10.20 9.96 10.38 -9999 -9999 -9999 -9999 10.43 -9999 -9999 -9999 -9999 -9999 -9999 8.49 7.62 6.92 7.41 8.08 8.13 7.58 7.72 7.25 6.57 6.34 8.48 9.98 7.40 11.15 10.73 11.44 9.07 9.03 10.00 7.88 6.34 5.58 4.56 3.92 4.81 6.61 8.76 -9999 -9999 -9999 -9999 -9999 -9999 -9999 -9999 -9999 -9999 -9999 -9999 -9999 -9999 -9999 -9999 -9999 -9999 -9999 -9999 -9999 -9999 -9999 -9999 -9999 -9999 -9999
-9999 -9999 -9999 -9999 12.10 -9999 -9999 -9999 -9999 10.22 10.93 10.89 -9999 -9999 -9999 -9999 -9999 -9999 -9999 -9999 -9999 -9999 9.36 8.28 8.08 8.05 8.15 9.11 8.91 8.34 8.28 7.73 7.49 6.27 6.91 11.51 11.72 11.08 10.65 8.68 7.95 8.16 6.90 5.38 6.70 6.58 4.44 4.26 5.26 6.71 8.97 10.69 -9999 -9999 -9999 -9999 -9999 -9999 -9999 -9999 -9999 -9999 -9999 -9999 -9999 -9999 -9999 -9999 -9999 -9999 -9999 -9999 -9999 -9999 -9999 -9999 -9999 -9999
-9999 -9999 -9999 -9999 12.97 -9999 -9999 -9999 -9999 -9999 -9999 -9999 -9999 -9999 -9999 -9999 -9999 -9999 -9999 -9999 -9999 -9999 9.31 7.80 6.88 6.46 5.99 11.08 9.29 8.48 9.84 7.90 8.63 5.66 5.56 9.68 12.76 10.01 8.64 11.66 12.89 11.57 9.50 8.22 5.18 5.53 5.34 6.12 5.90 6.90 9.23 10.70 11.35 -9999 -9999 -9999 -9999 -9999 -9999 -9999 -9999 -9999 -9999 -9999 -9999 -9999 -9999 -9999 -9999 -9999 -9999 -9999 -9999 -9999 -9999 -9999 -9999 -9999
-9999 -9999 -9999 -9999 -9999 -9999 -9999 -9999 -9999 -9999 -9999 -9999 -9999 -9999 -9999 -9999 -9999 -9999 -9999 -9999 -9999 9.63 8.61 7.24 6.35 8.62 5.33 14.07 13.27 7.91 8.70 8.08 7.50 7.56 5.27 5.88 12.33 11.71 10.14 9.19 8.59 10.28 9.76 8.72 7.09 6.13 5.99 5.93 6.24 7.67 8.52 9.27 10.27 -9999 -9999 -9999 -9999 -9999 -9999 -9999 -9999 -9999 -9999 -9999 -9999 -9999 -9999 -9999 -9999 -9999 -9999 -9999 -9999 -9999 -9999 -9999 -9999 -9999
-9999 -9999 -9999 -9999 -9999 -9999 -9999 -9999 -9999 -9999 -9999 -9999 -9999 -9999 -9999 -9999 -9999 -9999 -9999 -9999 -9999 8.87 8.93 6.73 8.04 13.43 8.06 5.32 9.34 10.33 8.86 8.77 8.27 7.77 6.41 5.67 6.61 12.79 10.95 10.15 8.55 8.43 8.54 7.29 7.07 6.99 7.55 6.57 7.53 7.56 8.21 8.45 9.08 9.85 10.42 10.53 -9999 -9999 -9999 -9999 -9999 -9999 -9999 -9999 -9999 -9999 -9999 -9999 -9999 -9999 -9999 -9999 -9999 -9999 -9999 -9999 -9999 -9999
-9999 -9999 -9999 -9999 -9999 -9999 -9999 -9999 -9999 -9999 -9999 -9999 -9999 -9999 -9999 -9999 -9999 -9999 -9999 -9999 -9999 8.79 8.13 7.68 10.24 7.17 7.17 7.98 10.93 8.79 8.07 11.07 7.45 9.11 7.66 6.55 5.63 7.74 9.63 9.68 9.19 8.71 7.15 7.29 6.96 6.67 6.57 6.94 7.17 7.71 7.70 7.93 8.27 10.57 9.51 10.28 10.86 10.73 -9999 -9999 -9999 -9999 -9999 -9999 -9999 -9999 -9999 -9999 -9999 -9999 -9999 -9999 -9999 -9999 -9999 -9999 -9999 -9999
-9999 -9999 -9999 -9999 -9999 -9999 -9999 -9999 -9999 -9999 -9999 -9999 -9999 -9999 -9999 -9999 -9999 -9999 -9999 -9999 -9999 8.81 8.05 8.54 12.51 13.18 10.19 7.64 8.24 9.04 11.38 8.10 10.78 9.45 8.61 8.09 7.04 5.38 6.00 9.57 9.51 8.93 8.26 7.62 7.34 7.34 7.29 7.03 7.37 7.45 7.37 7.96 8.15 8.73 10.60 10.13 10.15 11.08 11.19 10.11 -9999 -9999 -9999 -9999 -9999 -9999 -9999 -9999 -9999 -9999 -9999 -9999 -9999 -9999 -9999 -9999 -9999 -9999
-9999 -9999 -9999 -9999 -9999 -9999 -9999 -9999 -9999 -9999 -9999 -9999 -9999 -9999 -9999 -9999 -9999 -9999 -9999 -9999 -9999 9.23 7.93 9.36 10.44 7.08 15.77 13.33 7.64 9.47 8.24 11.15 11.94 9.22 8.00 8.22 8.06 6.12 11.44 10.44 10.34 10.90 11.19 10.48 8.02 8.79 7.83 7.54 7.55 7.55 7.64 7.64 7.25 7.68 9.40 8.55 8.23 8.84 10.07 9.19 11.51 -9999 -9999 -9999 -9999 -9999 -9999 -9999 -9999 -9999 -9999 -9999 -9999 -9999 -9999 -9999 -9999 -9999
-9999 -9999 -9999 -9999 -9999 -9999 -9999 -9999 -9999 10.27 10.47 11.01 -9999 -9999 -9999 -9999 -9999 -9999 -9999 -9999 -9999 -9999 9.31 8.13 6.93 8.45 9.72 11.93 7.26 5.42 9.38 8.95 8.65 7.97 9.22 9.11 7.95 8.29 9.98 9.87 12.58 11.76 10.17 9.75 10.17 8.97 8.08 7.79 7.59 7.70 7.37 7.12 10.29 9.35 11.48 11.72 10.83 10.03 8.22 10.55 11.14 10.68 -9999 -9999 -9999 -9999 -9999 -9999 -9999 -9999 -9999 -9999 -9999 -9999 -9999 -9999 -9999 -9999
-9999 -9999 -9999 -9999 -9999 -9999 -9999 -9999 -9999 9.12 9.13 -9999 -9999 -9999 -9999 -9999 -9999 -9999 -9999 -9999 -9999 -9999 -9999 8.60 6.38 8.98 8.99 14.52 8.80 8.84 8.05 6.53 6.13 6.77 6.70 12.47 7.83 8.42 11.69 9.65 7.61 7.21 10.55 7.80 9.99 8.64 7.85 7.53 7.52 7.30 7.70 9.44 10.17 9.39 8.92 8.53 9.43 10.26 9.93 10.23 10.17 12.07 -9999 -9999 -9999 -9999 -9999 -9999 -9999 -9999 -9999 -9999 -9999 -9999 -9999 -9999 -9999 -9999
-9999 -9999 -9999 -9999 -9999 -9999 -9999 -9999 9.16 10.75 10.46 10.35 -9999 -9999 -9999 -9999 -9999 -9999 -9999 -9999 -9999 -9999 -9999 9.39 10.04 10.08 9.92 8.17 9.56 8.11 7.58 6.74 6.24 7.71 6.64 5.53 11.91 8.55 7.70 10.45 8.98 11.14 9.09 9.41 8.37 8.19 7.93 7.90 7.39 7.11 8.02 8.90 8.18 8.68 9.27 9.00 9.45 9.44 9.72 9.87 8.83 11.33 10.98 -9999 -9999 -9999 -9999 -9999 -9999 -9999 -9999 -9999 -9999 -9999 -9999 -9999 -9999 -9999
-9999 -9999 -9999 -9999 -9999 -9999 -9999 8.77 11.29 12.02 14.54 10.41 -9999 -9999 -9999 -9999 -9999 -9999 -9999 -9999 -9999 -9999 -9999 10.46 12.90 10.23 6.92 8.03 7.74 8.31 6.96 6.34 7.06 7.81 5.83 10.30 8.07 10.23 7.96 11.48 7.49 8.59 7.28 9.01 7.94 8.21 8.42 7.58 7.49 7.03 7.06 9.10 9.31 8.96 8.11 8.33 8.17 8.36 8.71 9.88 9.93 9.78 10.82 -9999 -9999 -9999 -9999 -9999 -9999 -9999 -9999 -9999 -9999 -9999 -9999 -9999 -9999 -9999
-9999 -9999 -9999 -9999 -9999 -9999 9.97 9.03 13.43 10.94 10.83 -9999 -9999 -9999 -9999 -9999 -9999 -9999 -9999 -9999 -9999 -9999 -9999 -9999 9.82 7.84 7.30 8.92 7.12 8.73 7.43 6.97 6.70 7.19 6.03 10.41 10.08 10.76 10.36 11.12 11.05 11.06 10.07 9.64 9.76 9.33 7.92 7.70 7.56 7.15 6.95 7.23 10.43 9.54 7.66 7.38 7.57 7.43 7.53 7.58 7.89 7.85 8.85 10.39 11.24 -9999 -9999 -9999 -9999 -9999 -9999 -9999 -9999 -9999 -9999 -9999 -9999 -9999
-9999 -9999 -9999 -9999 -9999 -9999 11.55 12.08 8.81 9.10 9.92 -9999 -9999 -9999 -9999 -9999 -9999 -9999 -9999 -9999 -9999 -9999 -9999 -9999 -9999 8.55 8.75 8.06 7.41 8.40 8.02 7.99 7.35 7.65 6.03 10.28 9.47 8.65 10.42 9.76 9.20 12.43 12.34 9.56 10.73 9.75 9.29 7.87 7.54 7.37 7.10 7.03 7.61 7.99 7.55 7.64 7.64 7.65 7.43 7.31 7.40 7.64 9.91 10.41 10.47 -9999 -9999 -9999 -9999 -9999 -9999 -9999 -9999 -9999 -9999 -9999 -9999 -9999
-9999 -9999 -9999 -9999 -9999 -9999 12.01 10.43 10.62 10.04 -9999 -9999 -9999 -9999 -9999 -9999 -9999 -9999 -9999 -9999 -9999 -9999 -9999 -9999 -9999 9.59 9.18 8.51 -9999 8.76 -9999 8.38 7.32 6.61 5.81 5.66 9.54 8.95 9.26 11.86 6.90 7.67 11.91 10.41 9.92 9.83 8.95 8.02 7.74 7.66 7.36 7.23 7.23 7.90 8.83 8.09 8.55 7.84 7.33 8.06 8.97 8.69 8.25 8.38 9.96 11.71 12.50 -9999 -9999 -9999 -9999 -9999 -9999 -9999 -9999 -9999 -9999 -9999
-9999 -9999 -9999 -9999 -9999 12.22 10.91 10.37 -9999 -9999 -9999 -9999 -9999 -9999 -9999 -9999 -9999 -9999 -9999 -9999 -9999 -9999 -9999 -9999 -9999 10.55 9.46 8.66 -9999 -9999 -9999 8.30 8.42 6.03 6.68 7.33 6.27 6.38 7.71 10.73 10.66 6.82 9.99 11.31 9.25 10.18 9.43 8.66 7.40 7.53 7.39 7.36 7.31 7.45 7.83 7.92 8.25 7.41 7.88 8.71 9.26 9.41 9.22 8.63 8.88 10.21 11.62 -9999 -9999 -9999 -9999 -9999 -9999 -9999 -9999 -9999 -9999 -9999
-9999 -9999 -9999 -9999 -9999 -9999 -9999 -9999 -9999 -9999 -9999 -9999 -9999 -9999 -9999 -9999 -9999 -9999 -9999 -9999 -9999 -9999 -9999 -9999 -9999 -9999 -9999 -9999 -9999 -9999 9.09 7.69 7.25 8.48 9.20 9.41 9.05 7.81 8.01 9.99 9.86 8.39 6.78 9.38 10.49 9.26 8.75 8.28 7.83 7.68 7.84 7.47 7.29 7.28 7.31 7.34 7.09 7.90 9.91 8.65 9.04 8.42 8.48 7.96 8.79 9.99 -9999 -9999 -9999 -9999 -9999 -9999 -9999 -9999 -9999 -9999 -9999 -9999
-9999 -9999 -9999 -9999 -9999 -9999 -9999 -9999 -9999 -9999 -9999 -9999 -9999 -9999 -9999 -9999 -9999 -9999 -9999 -9999 -9999 -9999 -9999 -9999 -9999 -9999 -9999 -9999 -9999 -9999 8.59 7.44 8.22 10.04 11.92 10.74 8.34 9.16 7.00 7.28 7.00 8.36 8.75 9.26 9.62 9.39 8.56 8.34 8.17 7.67 7.79 7.34 7.24 7.25 7.31 7.27 6.99 7.50 10.30 9.54 8.19 7.90 7.79 7.79 8.76 10.27 -9999 -9999 -9999 -9999 -9999 -9999 -9999 -9999 -9999 -9999 -9999 -9999
-9999 -9999 -9999 -9999 -9999 -9999 -9999 -9999 -9999 -9999 -9999 -9999 -9999 -9999 -9999 -9999 -9999 -9999 -9999 -9999 -9999 -9999 -9999 -9999 -9999 -9999 -9999 -9999 -9999 -9999 7.86 6.86 6.97 8.81 9.63 9.16 8.45 8.29 7.57 7.89 7.14 7.11 7.72 6.50 9.56 8.64 9.43 8.52 8.34 7.44 7.20 7.21 7.12 7.15 7.17 7.24 7.19 7.10 8.49 9.04 8.36 7.85 7.88 7.84 8.66 10.07 -9999 -9999 -9999 -9999 -9999 -9999 -9999 -9999 -9999 -9999 -9999 -9999
-9999 -9999 -9999 -9999 -9999 -9999 -9999 -9999 -9999 -9999 -9999 -9999 -9999 -9999 -9999 -9999 -9999 -9999 -9999 -9999 -9999 -9999 -9999 -9999 -9999 -9999 -9999 -9999 9.85 8.52 7.24 6.66 8.32 9.31 11.26 8.79 10.07 6.74 7.69 7.61 8.45 8.75 8.46 9.75 7.11 7.44 7.53 7.53 7.22 7.77 7.02 6.92 7.13 6.96 7.04 7.23 7.22 7.21 7.30 8.61 8.31 7.87 7.83 7.87 8.32 9.58 10.90 -9999 -9999 -9999 -9999 -9999 -9999 -9999 -9999 -9999 -9999 -9999
-9999 -9999 -9999 -9999 -9999 -9999 -9999 -9999 -9999 -9999 -9999 -9999 -9999 -9999 -9999 -9999 -9999 -9999 -9999 -9999 -9999 -9999 -9999 -9999 -9999 -9999 -9999 -9999 9.23 7.78 7.05 6.72 6.94 8.86 7.18 7.32 6.31 7.52 9.91 8.19 9.23 8.73 9.51 6.95 9.65 8.03 8.87 8.56 8.55 7.60 7.20 6.90 6.81 6.83 6.99 7.14 7.30 7.28 7.20 7.61 8.55 8.18 7.87 7.94 8.07 9.01 10.37 -9999 -9999 -9999 -9999 -9999 -9999 -9999 -9999 -9999 -9999 -9999
-9999 -9999 -9999 -9999 -9999 -9999 -9999 -9999 -9999 -9999 -9999 -9999 -9999 -9999 -9999 -9999 -9999 -9999 -9999 -9999 -9999 -9999 -9999 -9999 -9999 -9999 -9999 -9999 9.22 7.67 7.20 6.95 7.00 7.15 7.45 7.03 6.45 7.65 8.06 7.66 8.83 10.43 8.59 8.10 7.07 8.43 7.16 7.62 8.01 8.10 7.36 7.11 6.79 6.81 7.00 7.17 7.34 7.43 7.40 7.55 8.40 8.96 8.21 7.93 8.09 8.52 9.50 10.74 -9999 -9999 -9999 -9999 -9999 -9999 -9999 -9999 -9999 -9999
-9999 -9999 -9999 -9999 -9999 -9999 -9999 -9999 -9999 -9999 -9999 -9999 -9999 -9999 -9999 -9999 -9999 -9999 -9999 -9999 -9999 -9999 -9999 -9999 -9999 -9999 -9999 -9999 9.01 7.78 7.44 7.43 7.20 7.01 6.83 7.43 8.34 6.64 6.70 7.58 10.69 10.51 11.22 10.01 8.43 8.20 8.50 7.42 6.92 7.59 7.81 7.10 6.84 6.91 6.96 7.21 7.48 7.69 7.72 7.75 8.79 9.66 8.89 8.59 8.63 8.51 8.78 9.90 11.07 -9999 -9999 -9999 -9999 -9999 -9999 -9999 -9999 -9999
-9999 -9999 -9999 -9999 -9999 -9999 -9999 -9999 -9999 -9999 -9999 -9999 -9999 -9999 -9999 -9999 -9999 -9999 -9999 -9999 -9999 -9999 -9999 -9999 -9999 -9999 -9999 -9999 9.00 7.64 7.33 7.23 7.04 6.71 7.18 6.98 7.90 8.19 9.46 10.42 10.81 8.77 10.07 9.08 8.96 7.88 8.70 8.18 7.51 6.96 6.80 6.97 6.89 7.01 7.18 7.46 7.69 7.95 8.13 8.21 8.40 9.15 9.10 8.88 8.99 9.03 8.88 9.03 10.27 -9999 -9999 -9999 -9999 -9999 -9999 -9999 -9999 -9999
-9999 -9999 -9999 -9999 -9999 -9999 -9999 -9999 -9999 -9999 -9999 -9999 -9999 -9999 -9999 -9999 -9999 -9999 -9999 -9999 -9999 -9999 -9999 -9999 -9999 -9999 -9999 -9999 -9999 7.68 7.40 7.19 6.85 7.21 8.57 8.57 9.15 8.39 8.11 9.45 9.01 9.90 9.25 7.85 6.91 7.40 7.33 8.26 7.62 7.32 7.61 7.39 7.05 7.31 7.42 7.70 7.82 8.05 8.30 8.48 8.57 8.47 8.79 9.06 9.30 -9999 9.34 9.63 10.36 11.67 -9999 -9999 -9999 -9999 -9999 -9999 -9999 -9999
-9999 -9999 -9999 -9999 -9999 -9999 -9999 -9999 -9999 -9999 -9999 -9999 -9999 -9999 -9999 -9999 -9999 -9999 -9999 -9999 -9999 -9999 -9999 -9999 -9999 -9999 -9999 -9999 8.86 7.65 7.35 6.91 6.71 6.92 9.63 9.95 8.57 10.42 9.95 8.66 8.42 11.22 9.78 9.97 8.20 6.97 8.34 7.43 7.09 7.61 7.65 7.35 7.54 7.47 7.63 7.80 8.01 8.03 8.14 9.21 8.76 8.29 9.27 8.84 9.06 9.19 -9999 10.16 10.83 11.90 12.71 -9999 -9999 -9999 -9999 -9999 -9999 -9999
-9999 -9999 -9999 -9999 -9999 -9999 -9999 -9999 -9999 -9999 -9999 -9999 -9999 -9999 -9999 -9999 -9999 -9999 -9999 -9999 -9999 -9999 -9999 -9999 -9999 -9999 -9999 -9999 8.68 7.51 7.28 6.94 8.01 7.34 7.96 9.93 7.74 8.02 8.29 7.04 7.14 9.74 9.33 9.39 7.35 8.69 9.29 7.72 8.47 7.90 8.22 8.00 7.82 7.67 7.78 7.89 7.96 7.92 7.90 8.02 8.39 7.80 8.01 8.53 8.27 8.99 9.47 -9999 -9999 -9999 -9999 -9999 -9999 -9999 -9999 -9999 -9999 -9999
-9999 -9999 -9999 -9999 -9999 -9999 -9999 -9999 -9999 -9999 -9999 -9999 -9999 -9999 -9999 -9999 -9999 -9999 -9999 -9999 -9999 -9999 -9999 -9999 -9999 -9999 -9999 10.05 8.26 7.38 7.89 7.58 7.67 7.36 7.83 7.84 7.56 7.49 7.22 7.11 7.51 9.23 10.86 11.09 8.26 9.99 9.54 7.92 8.20 7.55 7.96 8.14 7.84 7.69 7.97 8.00 7.97 8.04 7.91 7.96 8.05 7.98 7.85 8.85 8.50 8.52 8.86 9.86 10.92 -9999 -9999 -9999 -9999 -9999 -9999 -9999 -9999 -9999
-9999 -9999 -9999 -9999 -9999 -9999 -9999 -9999 -9999 -9999 -9999 -9999 -9999 -9999 -9999 -9999 -9999 -9999 -9999 -9999 -9999 -9999 -9999 -9999 -9999 -9999 -9999 -9999 8.44 7.49 7.44 7.68 8.88 7.43 7.14 7.05 7.48 7.77 7.46 7.33 7.29 7.26 9.80 10.75 11.55 9.71 9.90 9.21 8.52 8.76 7.35 7.46 8.20 7.79 7.90 7.89 7.92 8.08 7.98 7.95 8.15 7.99 7.75 7.85 9.46 8.70 8.45 8.85 9.64 10.64 11.74 -9999 -9999 -9999 -9999 -9999 -9999 -9999
-9999 -9999 -9999 -9999 -9999 -9999 -9999 -9999 -9999 -9999 -9999 -9999 -9999 -9999 -9999 -9999 -9999 -9999 -9999 -9999 -9999 -9999 -9999 -9999 -9999 -9999 -9999 -9999 8.46 7.82 7.42 7.49 7.63 7.70 7.43 7.06 7.23 7.08 7.02 7.08 7.11 7.56 7.09 10.21 12.11 12.43 10.75 9.71 9.19 8.25 8.41 7.72 8.54 7.94 7.99 7.90 7.93 7.97 7.99 8.18 8.18 8.07 7.82 8.09 9.41 8.98 9.10 8.36 8.57 9.43 10.60 -9999 -9999 -9999 -9999 -9999 -9999 -9999
-9999 -9999 -9999 -9999 -9999 -9999 -9999 -9999 11.55 10.77 11.06 11.96 -9999 -9999 -9999 -9999 -9999 -9999 -9999 -9999 -9999 -9999 -9999 -9999 -9999 -9999 -9999 9.03 8.10 8.23 7.69 8.17 7.81 7.42 7.31 7.30 7.18 7.22 7.16 7.18 7.11 7.04 8.88 10.53 10.70 9.19 11.35 10.63 8.43 8.51 7.28 9.07 9.01 8.11 8.09 7.96 7.95 7.96 8.01 8.17 8.40 8.29 7.93 7.96 8.19 9.38 9.24 9.53 8.37 8.39 9.55 10.92 -9999 -9999 -9999 -9999 -9999 -9999
-9999 -9999 -9999 -9999 -9999 -9999 -9999 -9999 10.85 9.98 9.80 10.38 -9999 -9999 -9999 -9999 -9999 -9999 -9999 -9999 -9999 -9999 -9999 -9999 -9999 -9999 9.12 8.73 8.04 8.23 8.91 7.95 7.85 7.22 7.23 7.38 7.30 7.45 7.56 7.10 6.84 6.83 7.84 11.61 11.62 8.96 10.12 9.82 9.65 7.81 7.31 8.45 8.77 8.27 7.79 7.77 7.90 8.19 8.14 8.15 8.27 8.56 8.18 8.12 8.03 9.16 9.17 9.12 8.47 8.38 8.84 10.25 -9999 -9999 -9999 -9999 -9999 -9999
-9999 -9999 -9999 -9999 -9999 -9999 13.46 10.95 9.45 9.39 9.10 9.97 9.88 10.81 11.43 -9999 -9999 11.57 10.52 -9999 -9999 -9999 9.69 10.34 9.65 -9999 7.66 8.76 8.20 7.95 8.31 7.89 8.00 7.93 8.27 7.94 7.96 7.38 7.69 7.26 7.18 9.39 7.38 8.55 10.46 7.22 8.42 11.87 8.25 9.51 8.03 8.30 8.35 8.07 7.97 7.96 7.94 8.17 7.97 8.18 8.14 8.66 8.21 8.11 8.11 8.36 8.81 9.45 9.19 8.46 8.41 9.59 11.11 -9999 -9999 -9999 -9999 -9999
-9999 -9999 -9999 -9999 -9999 -9999 -9999 11.32 9.86 9.11 8.65 8.85 9.68 10.74 9.11 -9999 8.57 9.53 10.43 9.76 10.43 8.34 7.79 10.45 10.15 8.95 -9999 7.19 8.32 8.30 7.87 7.81 8.23 7.71 7.56 7.55 7.50 7.65 7.49 7.78 7.53 9.57 9.69 9.19 9.60 9.21 10.42 10.53 9.48 8.04 7.69 8.75 8.68 7.82 8.24 7.93 8.20 8.27 8.01 8.11 8.09 8.68 8.26 8.13 8.17 8.02 8.50 9.01 9.57 9.00 8.51 9.07 10.52 -9999 -9999 -9999 -9999 -9999
