ML/MeanWindSpeed_1994-03_Actual.txt
ncols         180
nrows         290
xllcorner     -200000
yllcorner     -200000
cellsize      5000
NODATA_value  -9999
[rows 102 to 135 of 290, columns 77 to 153 of 180]
-9999 15.53 18.14 18.74 5.80 24.07 17.39 17.14 12.49 27.77 16.92 30.21 18.96 18.09 29.44 15.49 8.52 20.45 28.64 29.12 17.21 18.27 19.53 17.39 13.86 12.15 11.81 11.48 16.83 14.53 15.07 15.07 15.99 16.56 16.16 16.50 -9999 -9999 -9999 -9999 -9999 -9999 -9999 -9999 -9999 -9999 -9999 -9999 -9999 -9999 -9999 -9999 -9999 -9999 -9999 -9999 -9999 -9999 -9999 -9999 -9999 -9999 -9999 -9999 -9999 -9999 -9999 -9999 -9999 -9999 -9999 -9999 -9999 -9999 -9999 -9999 -9999
14.06 12.07 7.25 7.09 14.42 26.27 9.76 14.45 27.30 18.67 20.54 29.34 30.56 24.49 10.75 20.72 20.62 25.17 21.28 17.25 23.43 25.49 19.30 15.05 11.13 10.54 13.07 18.98 15.73 14.84 16.45 15.30 14.99 15.58 -9999 -9999 -9999 -9999 -9999 -9999 -9999 -9999 -9999 -9999 -9999 -9999 -9999 -9999 -9999 -9999 -9999 -9999 -9999 -9999 -9999 -9999 -9999 -9999 -9999 -9999 -9999 -9999 -9999 -9999 -9999 -9999 -9999 -9999 -9999 -9999 -9999 -9999 -9999 -9999 -9999 -9999 -9999
12.89 14.02 14.95 12.48 17.28 8.13 6.83 13.51 20.18 16.59 14.60 14.87 17.21 20.17 25.86 17.86 21.33 18.68 22.55 24.97 20.44 19.49 16.50 13.76 11.40 11.36 15.98 16.23 13.88 14.16 14.43 15.90 15.42 -9999 -9999 -9999 -9999 -9999 -9999 -9999 -9999 -9999 -9999 -9999 -9999 -9999 -9999 -9999 -9999 -9999 -9999 -9999 -9999 -9999 -9999 -9999 -9999 -9999 -9999 -9999 -9999 -9999 -9999 -9999 -9999 -9999 -9999 -9999 -9999 -9999 -9999 -9999 -9999 -9999 -9999 -9999 -9999
16.25 14.52 18.72 14.03 8.00 10.18 18.17 20.69 18.66 14.12 16.57 24.19 17.78 21.68 13.88 18.05 24.92 18.62 14.29 13.19 15.00 13.12 13.05 14.41 14.48 12.55 14.29 13.38 12.83 16.53 15.94 16.56 16.22 -9999 -9999 -9999 -9999 -9999 -9999 -9999 -9999 -9999 -9999 -9999 -9999 -9999 -9999 -9999 -9999 -9999 -9999 -9999 -9999 -9999 -9999 -9999 -9999 -9999 -9999 -9999 -9999 -9999 -9999 -9999 -9999 -9999 -9999 -9999 -9999 -9999 -9999 -9999 -9999 -9999 -9999 -9999 -9999
15.55 16.69 14.00 16.60 19.52 17.75 23.60 15.97 20.53 9.08 22.85 13.13 27.08 13.01 17.87 27.89 19.05 15.90 19.52 17.71 13.90 13.51 12.37 12.25 13.52 11.55 11.70 14.06 14.31 14.35 15.19 13.87 15.74 16.31 -9999 -9999 -9999 -9999 -9999 -9999 -9999 -9999 -9999 -9999 -9999 -9999 -9999 -9999 -9999 -9999 -9999 -9999 -9999 -9999 -9999 -9999 -9999 -9999 -9999 -9999 -9999 -9999 -9999 -9999 -9999 -9999 -9999 -9999 -9999 -9999 -9999 -9999 -9999 -9999 -9999 -9999 -9999
17.17 17.19 10.52 20.22 13.70 8.54 15.96 23.23 22.55 10.26 23.11 19.87 20.49 14.70 20.95 16.50 18.88 24.49 19.16 18.00 16.42 14.33 13.29 14.94 15.50 17.32 17.53 15.47 13.02 11.92 15.25 13.46 16.95 16.84 17.96 -9999 -9999 -9999 -9999 -9999 -9999 -9999 -9999 -9999 -9999 -9999 -9999 -9999 -9999 -9999 -9999 -9999 -9999 -9999 -9999 -9999 -9999 -9999 -9999 -9999 -9999 -9999 -9999 -9999 -9999 -9999 -9999 -9999 -9999 -9999 -9999 -9999 -9999 -9999 -9999 -9999 -9999
17.26 12.41 18.36 18.76 13.81 8.55 19.10 22.04 28.09 13.44 22.21 18.97 18.76 17.11 18.01 10.74 13.65 15.42 13.81 10.23 12.88 16.03 21.07 20.21 18.58 15.48 14.88 17.09 11.48 13.48 15.02 16.20 17.14 17.58 18.04 17.94 -9999 -9999 -9999 -9999 -9999 -9999 -9999 -9999 -9999 -9999 -9999 -9999 -9999 -9999 -9999 -9999 -9999 -9999 -9999 -9999 -9999 -9999 -9999 -9999 -9999 -9999 -9999 -9999 -9999 -9999 -9999 -9999 -9999 -9999 -9999 -9999 -9999 -9999 -9999 -9999 -9999
10.45 18.60 23.22 12.04 9.89 16.89 24.79 18.52 10.16 14.76 32.51 16.42 16.09 17.85 17.89 15.01 14.32 10.41 8.03 12.46 21.34 21.13 18.54 17.73 14.24 12.81 13.93 16.40 14.04 15.29 14.78 14.72 16.12 16.74 17.07 -9999 -9999 -9999 -9999 -9999 -9999 -9999 -9999 -9999 -9999 -9999 -9999 -9999 -9999 -9999 -9999 -9999 -9999 -9999 -9999 -9999 -9999 -9999 -9999 -9999 -9999 -9999 -9999 -9999 -9999 -9999 -9999 -9999 -9999 -9999 -9999 -9999 -9999 -9999 -9999 -9999 -9999
13.99 15.51 14.87 13.48 22.69 13.90 20.81 21.39 22.42 16.20 13.09 27.60 17.45 14.56 13.58 13.67 13.45 11.85 9.43 14.29 11.68 10.61 9.49 12.51 15.96 14.21 14.76 14.23 14.29 16.40 16.21 -9999 -9999 -9999 -9999 -9999 -9999 -9999 -9999 -9999 -9999 -9999 -9999 -9999 -9999 -9999 -9999 -9999 -9999 -9999 -9999 -9999 -9999 -9999 -9999 -9999 -9999 -9999 -9999 -9999 -9999 -9999 -9999 -9999 -9999 -9999 -9999 -9999 -9999 -9999 -9999 -9999 -9999 -9999 -9999 -9999 -9999
16.19 13.64 9.61 19.76 21.61 25.30 24.07 9.97 22.54 22.43 12.42 18.46 19.83 14.33 14.28 16.31 18.99 20.68 13.95 11.96 11.25 11.05 11.36 12.73 14.66 13.69 14.28 15.90 15.58 -9999 -9999 -9999 -9999 -9999 -9999 -9999 -9999 -9999 -9999 -9999 -9999 -9999 -9999 -9999 -9999 -9999 -9999 -9999 -9999 -9999 -9999 -9999 -9999 -9999 -9999 -9999 -9999 -9999 -9999 -9999 -9999 -9999 -9999 -9999 -9999 -9999 -9999 -9999 -9999 -9999 -9999 -9999 -9999 -9999 -9999 -9999 -9999
14.61 11.33 19.99 14.55 23.05 27.24 20.91 16.38 23.75 23.87 13.78 13.74 11.97 10.79 11.39 13.42 19.52 22.04 17.35 14.74 12.68 11.95 13.42 12.77 13.26 14.06 17.25 18.95 16.44 -9999 -9999 -9999 -9999 -9999 -9999 -9999 -9999 -9999 -9999 -9999 -9999 -9999 -9999 -9999 -9999 -9999 -9999 -9999 -9999 -9999 -9999 -9999 -9999 -9999 -9999 -9999 -9999 -9999 -9999 -9999 -9999 -9999 -9999 -9999 -9999 -9999 -9999 -9999 -9999 -9999 -9999 -9999 -9999 -9999 -9999 -9999 -9999
-9999 14.23 19.44 15.15 22.39 22.56 23.82 16.17 15.48 16.91 14.73 13.80 12.95 8.70 21.51 22.16 20.95 21.89 17.33 13.47 13.21 12.57 12.74 12.68 12.54 14.05 13.62 -9999 -9999 -9999 -9999 -9999 16.99 16.04 16.93 17.01 -9999 -9999 -9999 -9999 -9999 -9999 -9999 -9999 -9999 -9999 -9999 -9999 -9999 -9999 -9999 -9999 -9999 -9999 -9999 -9999 -9999 -9999 -9999 -9999 -9999 -9999 -9999 -9999 -9999 -9999 -9999 -9999 -9999 -9999 -9999 -9999 -9999 -9999 -9999 -9999 -9999
-9999 14.58 21.04 14.72 12.84 27.80 15.19 16.50 16.64 13.69 13.36 15.74 19.79 14.38 14.75 13.43 14.04 13.35 14.28 15.11 15.49 14.54 13.42 14.06 14.73 14.31 14.22 15.30 15.93 -9999 -9999 14.59 14.35 14.68 14.18 15.86 17.46 18.09 -9999 -9999 -9999 -9999 -9999 -9999 -9999 -9999 -9999 -9999 -9999 -9999 -9999 -9999 -9999 -9999 -9999 -9999 -9999 -9999 -9999 -9999 -9999 -9999 -9999 -9999 -9999 -9999 -9999 -9999 -9999 -9999 -9999 -9999 -9999 -9999 -9999 -9999 -9999
14.65 18.79 15.12 16.66 20.01 21.52 13.26 17.53 22.56 20.12 16.98 13.48 13.55 14.40 13.76 13.77 12.78 12.23 13.49 15.73 15.65 14.00 16.05 16.69 13.95 13.11 13.90 14.49 15.63 13.69 14.26 15.10 14.03 12.19 13.95 18.35 19.02 21.43 16.25 -9999 -9999 -9999 -9999 -9999 -9999 -9999 -9999 -9999 -9999 -9999 -9999 -9999 -9999 -9999 -9999 -9999 -9999 -9999 -9999 -9999 -9999 -9999 -9999 -9999 -9999 -9999 -9999 -9999 -9999 -9999 -9999 -9999 -9999 -9999 -9999 -9999 -9999
20.96 15.82 20.86 19.31 16.24 13.82 -9999 19.48 24.81 18.66 16.03 14.39 13.95 13.08 13.49 14.43 13.13 12.12 15.02 16.10 16.85 15.81 14.55 14.21 12.96 13.78 14.78 16.60 14.18 12.49 15.63 14.34 13.56 12.50 15.61 18.97 19.42 20.66 17.97 19.81 21.46 17.04 -9999 -9999 -9999 -9999 -9999 -9999 -9999 -9999 -9999 -9999 -9999 -9999 -9999 -9999 -9999 -9999 -9999 -9999 -9999 -9999 -9999 -9999 -9999 -9999 -9999 -9999 -9999 -9999 -9999 -9999 -9999 -9999 -9999 -9999 -9999
25.86 17.91 -9999 17.83 19.75 13.86 -9999 20.50 27.04 18.80 17.11 14.83 15.12 14.31 14.15 13.03 12.47 11.57 12.76 16.60 17.54 17.70 14.63 13.76 14.97 16.51 20.03 17.84 13.95 12.39 14.11 13.57 13.05 19.72 22.30 19.33 19.45 18.27 17.58 17.63 15.16 16.74 -9999 -9999 -9999 -9999 -9999 -9999 -9999 -9999 -9999 -9999 -9999 -9999 -9999 -9999 -9999 -9999 -9999 -9999 -9999 -9999 -9999 -9999 -9999 -9999 -9999 -9999 -9999 -9999 -9999 -9999 -9999 -9999 -9999 -9999 -9999
21.26 20.01 -9999 -9999 19.61 15.18 14.08 20.00 22.95 14.35 14.70 17.98 16.22 15.52 15.37 19.09 14.92 11.57 12.02 13.26 16.18 17.11 17.62 14.75 18.29 19.65 17.53 16.16 16.37 15.50 15.94 16.42 16.92 16.76 21.25 19.32 18.81 18.90 14.04 13.45 15.12 17.24 18.05 -9999 -9999 -9999 -9999 -9999 -9999 -9999 -9999 -9999 -9999 -9999 -9999 -9999 -9999 -9999 -9999 -9999 -9999 -9999 -9999 -9999 -9999 -9999 -9999 -9999 -9999 -9999 -9999 -9999 -9999 -9999 -9999 -9999 -9999
-9999 -9999 -9999 -9999 -9999 16.48 14.68 21.22 17.19 12.38 13.23 15.39 17.96 16.73 15.92 18.20 18.51 15.45 11.68 14.54 18.21 16.52 15.69 16.66 19.66 18.27 15.50 15.27 15.73 21.02 20.55 17.72 16.36 15.04 18.77 18.27 17.59 18.61 14.70 13.43 13.38 13.83 14.96 -9999 -9999 -9999 -9999 -9999 -9999 -9999 -9999 -9999 -9999 -9999 -9999 -9999 -9999 -9999 -9999 -9999 -9999 -9999 -9999 -9999 -9999 -9999 -9999 -9999 -9999 -9999 -9999 -9999 -9999 -9999 -9999 -9999 -9999
13.67 22.92 25.73 -9999 -9999 -9999 16.93 19.09 15.70 13.41 12.44 13.20 15.70 17.45 18.96 20.16 19.38 18.77 16.20 12.24 18.25 17.08 16.21 16.58 15.52 15.34 17.53 14.38 19.26 24.74 23.19 19.63 19.26 15.43 17.09 16.75 17.38 17.63 14.59 13.22 12.93 13.35 14.89 15.84 -9999 -9999 -9999 -9999 -9999 -9999 -9999 -9999 -9999 -9999 -9999 -9999 -9999 -9999 -9999 -9999 -9999 -9999 -9999 -9999 -9999 -9999 -9999 -9999 -9999 -9999 -9999 -9999 -9999 -9999 -9999 -9999 -9999
17.38 23.94 28.65 19.32 -9999 -9999 -9999 17.58 16.06 13.31 12.51 12.55 13.07 16.32 17.91 17.86 17.09 17.78 17.78 17.33 16.04 16.67 16.17 18.48 17.65 21.47 15.56 17.07 16.24 17.02 23.34 22.52 18.96 17.37 15.16 14.94 15.56 15.91 14.15 13.54 12.71 13.67 14.33 14.10 14.63 -9999 -9999 -9999 -9999 -9999 -9999 -9999 -9999 -9999 -9999 -9999 -9999 -9999 -9999 -9999 -9999 -9999 -9999 -9999 -9999 -9999 -9999 -9999 -9999 -9999 -9999 -9999 -9999 -9999 -9999 -9999 -9999
13.01 22.16 25.96 18.11 -9999 -9999 -9999 -9999 -9999 14.91 13.41 11.50 11.08 12.23 13.08 15.19 20.19 21.11 18.93 16.90 16.15 18.29 17.73 18.22 16.90 20.90 16.59 18.39 19.06 17.29 13.86 16.36 15.15 16.78 13.97 15.82 14.87 12.97 12.89 13.18 13.75 12.88 15.24 14.60 14.16 14.18 -9999 -9999 -9999 -9999 -9999 -9999 -9999 -9999 -9999 -9999 -9999 -9999 -9999 -9999 -9999 -9999 -9999 -9999 -9999 -9999 -9999 -9999 -9999 -9999 -9999 -9999 -9999 -9999 -9999 -9999 -9999
13.81 16.30 28.39 20.10 -9999 -9999 -9999 -9999 -9999 15.55 14.64 14.37 11.66 14.27 17.45 16.84 20.65 23.03 21.42 17.24 19.20 17.56 16.44 19.60 19.69 14.10 27.73 18.62 22.65 17.77 21.34 20.43 14.57 17.30 14.66 13.81 12.44 13.12 15.27 16.91 16.77 17.07 12.56 13.82 16.38 13.79 15.13 15.53 -9999 -9999 -9999 -9999 -9999 -9999 -9999 -9999 -9999 -9999 -9999 -9999 -9999 -9999 -9999 -9999 -9999 -9999 -9999 -9999 -9999 -9999 -9999 -9999 -9999 -9999 -9999 -9999 -9999
-9999 20.54 26.02 24.67 -9999 -9999 -9999 -9999 -9999 15.97 14.00 14.24 13.15 14.29 16.72 14.30 16.82 18.40 21.10 19.02 18.61 16.36 19.74 24.94 20.30 19.40 29.73 25.89 18.96 19.96 17.36 14.41 16.45 17.03 14.82 15.42 14.82 12.16 12.92 14.03 18.54 23.35 16.78 13.35 14.58 15.04 13.53 14.44 -9999 -9999 -9999 -9999 -9999 -9999 -9999 -9999 -9999 -9999 -9999 -9999 -9999 -9999 -9999 -9999 -9999 -9999 -9999 -9999 -9999 -9999 -9999 -9999 -9999 -9999 -9999 -9999 -9999
-9999 17.59 20.94 22.98 -9999 -9999 -9999 -9999 -9999 15.60 14.03 14.39 14.88 14.78 14.68 15.57 21.14 23.59 19.53 20.70 17.36 16.85 16.69 20.04 13.76 23.87 22.55 19.47 20.85 21.94 14.87 18.21 15.57 16.75 16.36 12.93 14.32 14.22 13.24 12.80 23.04 24.57 20.85 12.76 13.77 14.99 13.89 14.73 -9999 -9999 -9999 -9999 -9999 -9999 -9999 -9999 -9999 -9999 -9999 -9999 -9999 -9999 -9999 -9999 -9999 -9999 -9999 -9999 -9999 -9999 -9999 -9999 -9999 -9999 -9999 -9999 -9999
-9999 -9999 -9999 -9999 -9999 -9999 -9999 -9999 19.36 15.28 14.83 14.24 15.39 16.97 15.58 17.81 19.11 21.71 17.56 17.04 21.66 19.64 21.47 19.69 18.37 24.43 24.53 17.32 18.70 20.38 18.77 17.20 17.88 14.34 15.94 16.31 12.85 14.23 13.11 17.53 19.88 24.90 20.82 13.10 13.05 12.70 14.01 14.78 -9999 -9999 -9999 -9999 -9999 -9999 -9999 -9999 -9999 -9999 -9999 -9999 -9999 -9999 -9999 -9999 -9999 -9999 -9999 -9999 -9999 -9999 -9999 -9999 -9999 -9999 -9999 -9999 -9999
-9999 -9999 -9999 -9999 -9999 -9999 -9999 -9999 21.12 13.08 13.47 16.23 18.72 18.34 16.73 17.86 19.00 14.98 14.82 19.54 20.96 20.21 19.53 14.64 10.87 22.35 16.35 16.84 16.77 18.45 18.01 16.35 13.76 17.64 16.64 16.09 14.50 14.24 16.74 18.69 18.39 21.07 19.84 13.65 11.52 12.40 15.13 13.40 -9999 -9999 -9999 -9999 -9999 -9999 -9999 -9999 -9999 -9999 -9999 -9999 -9999 -9999 -9999 -9999 -9999 -9999 -9999 -9999 -9999 -9999 -9999 -9999 -9999 -9999 -9999 -9999 -9999
-9999 -9999 -9999 -9999 -9999 -9999 -9999 18.53 17.34 11.92 14.93 17.03 14.57 17.88 21.36 21.15 24.85 21.68 16.53 12.58 13.19 19.70 20.06 16.27 9.10 13.83 21.43 16.06 19.96 16.75 16.77 13.29 13.76 15.96 14.51 14.89 16.81 19.24 21.35 19.92 17.89 16.55 15.48 13.37 16.09 17.37 15.08 13.99 -9999 -9999 -9999 -9999 -9999 -9999 -9999 -9999 -9999 -9999 -9999 -9999 -9999 -9999 -9999 -9999 -9999 -9999 -9999 -9999 -9999 -9999 -9999 -9999 -9999 -9999 -9999 -9999 -9999
-9999 -9999 -9999 -9999 -9999 -9999 -9999 16.00 12.02 17.35 16.14 18.87 14.70 18.49 18.08 22.74 22.44 23.15 19.91 15.31 10.33 24.52 25.49 16.45 8.58 15.25 19.69 14.58 15.46 18.09 13.34 17.06 18.31 14.78 17.50 17.98 23.20 16.52 15.82 17.49 18.50 18.48 14.82 12.33 14.56 14.66 13.78 13.57 14.88 -9999 -9999 -9999 -9999 -9999 -9999 -9999 -9999 -9999 -9999 -9999 -9999 -9999 -9999 -9999 -9999 -9999 -9999 -9999 -9999 -9999 -9999 -9999 -9999 -9999 -9999 -9999 -9999
-9999 -9999 -9999 -9999 -9999 -9999 14.45 17.11 17.30 16.66 19.25 20.37 17.48 15.03 19.90 19.33 22.94 22.66 22.03 14.75 8.94 15.20 19.31 17.26 10.55 11.14 14.96 14.33 14.45 14.75 19.72 15.34 13.97 14.44 13.88 21.47 18.48 21.57 18.92 14.48 15.61 16.66 17.99 18.79 13.95 13.03 12.61 13.09 14.13 -9999 -9999 -9999 -9999 -9999 -9999 -9999 -9999 -9999 -9999 -9999 -9999 -9999 -9999 -9999 -9999 -9999 -9999 -9999 -9999 -9999 -9999 -9999 -9999 -9999 -9999 -9999 -9999
-9999 -9999 -9999 -9999 -9999 -9999 17.25 15.82 13.62 19.90 19.74 18.34 18.62 22.81 14.85 16.32 21.24 19.26 19.58 13.24 9.33 13.19 15.99 18.97 10.75 11.15 12.10 13.35 11.41 17.01 11.74 18.69 15.17 12.45 23.11 15.27 17.44 18.46 16.89 17.67 13.29 14.10 18.23 17.29 14.18 14.68 13.71 13.09 14.36 -9999 -9999 -9999 -9999 -9999 -9999 -9999 -9999 -9999 -9999 -9999 -9999 -9999 -9999 -9999 -9999 -9999 -9999 -9999 -9999 -9999 -9999 -9999 -9999 -9999 -9999 -9999 -9999
-9999 -9999 -9999 -9999 -9999 19.23 15.60 13.58 16.62 13.17 14.23 25.98 22.06 21.00 14.80 16.46 17.85 16.20 18.88 17.49 13.64 16.02 15.67 12.16 10.02 10.64 13.48 13.98 18.17 13.81 11.92 18.15 12.00 13.83 22.69 17.21 15.42 13.63 16.01 17.27 15.77 17.06 17.69 15.27 14.25 13.61 12.54 12.85 14.25 -9999 -9999 -9999 -9999 -9999 -9999 -9999 -9999 -9999 -9999 -9999 -9999 -9999 -9999 -9999 -9999 -9999 -9999 -9999 -9999 -9999 -9999 -9999 -9999 -9999 -9999 -9999 -9999
-9999 -9999 -9999 -9999 15.17 17.16 17.85 13.96 14.03 13.11 12.20 17.95 18.47 27.50 15.03 13.37 14.84 16.07 17.24 18.31 15.60 12.82 11.13 14.82 10.64 9.79 12.67 13.99 14.55 14.12 11.86 14.52 9.43 11.90 19.56 18.90 19.54 18.17 16.99 14.58 13.69 17.17 16.31 15.31 14.66 13.93 13.60 12.53 13.55 15.08 -9999 -9999 -9999 -9999 -9999 -9999 -9999 -9999 -9999 -9999 -9999 -9999 -9999 -9999 -9999 -9999 -9999 -9999 -9999 -9999 -9999 -9999 -9999 -9999 -9999 -9999 -9999
-9999 -9999 -9999 -9999 16.80 22.23 17.70 16.60 14.37 11.26 9.44 23.57 21.20 19.47 17.85 13.48 13.12 14.47 14.70 21.49 15.34 12.64 10.86 11.02 14.84 10.96 14.69 14.18 15.62 14.36 13.43 12.65 13.59 10.22 14.87 16.83 16.13 18.38 16.46 14.28 13.25 14.96 14.37 16.40 15.01 12.96 11.61 12.89 13.68 14.71 -9999 -9999 -9999 -9999 -9999 -9999 -9999 -9999 -9999 -9999 -9999 -9999 -9999 -9999 -9999 -9999 -9999 -9999 -9999 -9999 -9999 -9999 -9999 -9999 -9999 -9999 -9999
-9999 -9999 16.73 15.17 17.99 16.73 16.35 18.02 14.84 12.91 10.08 17.21 17.41 19.63 17.38 16.36 12.65 15.08 16.14 14.98 15.92 16.10 11.49 11.03 13.23 12.90 13.21 14.51 15.51 14.28 13.21 14.26 12.16 10.92 16.82 15.76 15.13 15.95 19.12 16.97 15.17 11.67 13.23 14.32 14.07 13.33 12.00 12.55 13.44 14.80 -9999 -9999 -9999 -9999 -9999 -9999 -9999 -9999 -9999 -9999 -9999 -9999 -9999 -9999 -9999 -9999 -9999 -9999 -9999 -9999 -9999 -9999 -9999 -9999 -9999 -9999 -9999
