ML/MeanWindSpeed_1993-01_Actual.txt
ncols         180
nrows         290
xllcorner     -200000
yllcorner     -200000
cellsize      5000
NODATA_value  -9999
[rows 170 to 203 of 290, columns 77 to 153 of 180]
-9999 -9999 -9999 -9999 -9999 -9999 -9999 -9999 -9999 -9999 -9999 -9999 -9999 -9999 -9999 -9999 -9999 -9999 -9999 -9999 -9999 -9999 -9999 -9999 -9999 -9999 -9999 -9999 -9999 13.17 12.10 11.47 11.79 12.22 12.42 12.05 11.45 11.76 11.39 11.21 11.39 11.71 13.19 13.10 20.76 24.77 25.34 21.86 19.27 17.53 15.09 14.96 13.21 14.52 12.71 12.63 12.36 12.44 12.53 12.53 13.00 13.10 12.78 12.04 12.69 15.65 14.91 15.23 13.55 13.69 15.18 17.35 -9999 -9999 -9999 -9999 -9999
-9999 -9999 -9999 -9999 -9999 -9999 -9999 -9999 -9999 22.16 20.73 21.22 22.68 -9999 -9999 -9999 -9999 -9999 -9999 -9999 -9999 -9999 -9999 -9999 -9999 -9999 -9999 -9999 14.01 12.31 12.73 11.81 13.07 12.49 11.76 11.66 11.75 11.49 11.54 11.40 11.47 11.59 11.92 16.72 21.21 21.86 18.62 23.13 21.43 16.18 15.77 12.54 15.95 15.46 13.06 12.82 12.46 12.44 12.47 12.44 12.78 13.40 13.15 12.15 12.21 12.90 15.58 15.35 15.90 13.30 13.10 15.20 17.75 -9999 -9999 -9999 -9999
-9999 -9999 -9999 -9999 -9999 -9999 -9999 -9999 -9999 20.94 19.40 18.97 19.63 -9999 -9999 -9999 -9999 -9999 -9999 -9999 -9999 -9999 -9999 -9999 -9999 -9999 -9999 13.88 13.34 12.21 12.69 14.15 12.38 12.47 11.21 11.28 11.65 11.48 11.85 12.12 11.22 10.93 11.53 14.44 23.38 23.98 18.35 20.65 19.69 18.78 14.21 12.51 14.64 15.06 13.51 12.23 12.08 12.31 12.87 12.62 12.66 13.02 13.67 12.70 12.48 12.46 14.96 15.04 14.97 13.43 13.05 13.74 16.34 -9999 -9999 -9999 -9999
-9999 -9999 -9999 -9999 -9999 -9999 -9999 25.97 20.97 18.19 18.35 17.70 18.97 18.06 19.21 19.97 -9999 -9999 19.21 16.68 -9999 -9999 -9999 13.81 15.55 14.74 -9999 11.21 13.57 12.50 12.05 12.82 12.09 12.60 12.52 13.30 12.66 12.73 11.58 12.25 11.44 11.71 17.16 13.64 17.02 21.30 14.23 16.67 23.73 15.59 17.46 13.83 14.34 14.21 13.11 12.61 12.44 12.38 12.71 12.18 12.63 12.67 13.84 12.71 12.34 12.40 13.04 14.10 15.54 14.83 13.05 12.83 14.95 17.77 -9999 -9999 -9999
-9999 -9999 -9999 -9999 -9999 -9999 -9999 -9999 21.68 19.01 17.71 16.73 16.69 17.75 19.37 15.77 -9999 14.72 15.28 16.74 15.01 16.13 11.51 10.04 15.76 15.87 14.10 -9999 10.62 12.82 12.68 11.77 11.75 12.93 12.04 11.79 11.80 11.73 12.10 11.76 12.38 12.26 17.44 18.53 18.10 19.09 17.91 20.44 20.78 18.07 14.25 13.02 15.22 14.81 12.52 13.13 12.37 12.91 12.87 12.14 12.39 12.49 13.87 12.80 12.27 12.27 12.10 13.26 14.43 15.48 14.07 12.85 13.79 16.49 -9999 -9999 -9999
-9999 -9999 -9999 -9999 -9999 -9999 -9999 -9999 -9999 20.64 19.17 17.52 16.04 15.01 12.15 10.83 19.57 28.39 12.68 17.06 17.37 16.15 13.41 9.33 9.12 12.78 16.47 13.62 10.53 10.93 12.23 11.53 11.90 13.80 12.61 11.88 11.28 11.56 11.77 11.58 11.94 12.26 19.52 21.22 18.10 18.46 15.80 14.76 16.65 16.70 13.55 12.78 14.26 13.07 12.14 12.94 12.26 13.52 12.50 12.31 12.09 12.02 13.85 12.34 11.96 12.06 11.87 12.60 13.35 13.59 13.98 14.49 12.81 15.28 18.27 -9999 -9999
-9999 -9999 -9999 -9999 -9999 -9999 -9999 -9999 -9999 -9999 21.76 17.76 14.93 12.00 10.62 13.74 32.60 21.89 9.37 17.63 12.36 17.12 16.54 11.18 7.88 16.76 14.43 15.55 13.18 10.77 10.84 11.05 10.36 12.07 12.85 12.37 11.86 11.37 11.76 11.59 11.53 14.30 16.08 21.75 18.57 19.47 18.19 12.40 15.35 17.82 13.36 13.06 13.76 12.57 12.29 12.42 12.10 13.44 12.18 11.85 12.07 11.53 12.57 12.45 11.88 11.86 11.86 12.17 12.99 14.71 13.30 12.39 12.50 14.58 17.70 -9999 -9999
-9999 -9999 -9999 -9999 -9999 -9999 -9999 -9999 -9999 -9999 -9999 17.85 13.78 12.92 14.69 28.59 31.65 21.30 15.14 14.48 15.91 18.08 18.41 17.65 11.52 10.14 18.40 15.09 13.51 12.20 10.67 10.58 10.97 11.39 12.18 11.71 11.20 11.60 11.81 11.79 12.22 13.88 16.82 18.62 15.81 16.16 18.36 15.47 11.57 17.20 13.20 12.77 13.35 12.12 12.04 11.85 12.47 13.22 12.16 11.82 11.81 11.22 13.35 12.54 12.02 12.00 12.01 12.55 12.48 12.55 12.13 11.96 12.47 15.02 17.87 -9999 -9999
-9999 -9999 -9999 -9999 -9999 -9999 -9999 -9999 -9999 -9999 -9999 16.87 14.20 16.70 18.81 21.71 26.63 15.87 11.37 14.47 18.26 18.77 19.92 17.31 12.60 9.18 18.77 18.47 14.65 13.17 10.64 10.32 11.05 12.56 12.18 11.86 11.65 11.22 11.22 12.00 14.72 14.93 12.61 19.17 15.75 16.41 18.56 18.07 14.50 12.91 11.99 10.29 12.19 13.06 11.65 11.51 11.23 12.03 11.68 12.12 11.80 11.56 12.34 13.17 12.62 12.66 12.39 12.41 12.18 11.80 11.74 12.42 13.95 16.34 -9999 -9999 -9999
-9999 -9999 -9999 -9999 -9999 -9999 -9999 -9999 -9999 -9999 -9999 15.11 14.32 15.69 14.84 21.59 19.25 14.09 15.58 12.79 14.92 19.13 17.21 20.40 16.43 11.12 17.41 18.87 17.66 12.92 11.48 10.22 11.59 13.39 13.06 12.02 11.47 11.22 11.85 13.97 14.48 12.60 12.49 16.54 16.00 15.52 15.30 14.15 13.86 14.47 9.86 11.06 11.35 10.93 11.48 10.90 12.11 11.04 11.47 11.92 11.85 12.21 14.91 13.68 12.88 12.60 12.56 12.39 12.11 11.83 11.99 13.62 15.83 -9999 -9999 -9999 -9999
-9999 -9999 -9999 -9999 -9999 -9999 -9999 -9999 -9999 -9999 16.66 26.36 15.75 17.00 18.91 12.49 26.42 22.45 20.39 17.70 20.94 16.76 17.88 15.94 13.69 15.70 20.91 18.56 17.31 12.82 11.18 10.15 12.44 12.90 12.39 12.01 11.26 11.53 13.61 13.30 12.64 14.21 15.55 12.41 18.31 16.90 12.77 13.52 12.37 11.13 10.79 9.67 9.65 9.97 11.37 10.77 10.12 12.24 11.37 11.74 12.18 12.86 15.06 13.71 12.89 12.76 12.39 12.29 11.83 11.64 12.99 15.06 -9999 -9999 -9999 -9999 -9999
-9999 -9999 -9999 -9999 -9999 -9999 -9999 -9999 18.05 16.91 21.47 18.51 15.08 15.68 17.26 11.76 13.86 16.48 21.47 20.43 22.06 19.88 20.26 12.59 16.23 16.06 12.53 13.49 12.58 13.26 11.87 10.96 12.39 12.87 12.81 11.85 11.99 13.85 12.94 13.63 12.39 14.50 15.36 14.69 13.09 11.78 13.82 12.87 11.89 11.56 11.14 10.68 8.94 10.28 10.14 9.38 9.89 10.70 11.32 11.97 11.99 12.88 14.78 13.56 12.58 12.53 12.07 11.87 11.50 11.95 13.67 -9999 -9999 -9999 -9999 -9999 17.71
-9999 -9999 -9999 -9999 -9999 -9999 -9999 18.10 17.40 17.08 17.24 16.70 16.24 14.77 12.13 10.89 13.39 15.58 18.80 28.46 17.39 14.67 14.43 10.44 19.26 20.98 19.74 15.07 13.10 13.48 12.97 12.32 12.76 13.54 12.80 12.35 12.44 13.59 14.15 12.23 12.17 14.49 14.48 13.72 12.85 12.79 13.07 11.28 11.74 10.24 10.04 10.74 9.85 9.20 8.70 9.30 10.72 10.61 11.14 11.74 12.12 12.67 14.94 13.89 12.56 12.03 11.68 11.53 11.31 11.78 13.19 -9999 -9999 -9999 -9999 -9999 15.74
-9999 -9999 -9999 -9999 -9999 -9999 18.81 19.56 18.20 17.91 -9999 -9999 -9999 -9999 13.00 20.86 18.02 17.31 20.38 17.83 14.90 18.88 17.66 15.33 28.06 24.37 20.10 20.36 15.62 12.56 13.15 13.17 12.50 12.62 12.38 11.93 12.75 12.23 14.19 12.41 12.19 12.81 13.42 13.54 13.06 11.53 11.51 11.18 10.88 10.30 9.75 9.22 8.99 8.85 9.33 10.39 10.50 10.46 11.59 12.53 12.81 12.82 13.97 13.53 13.03 11.70 11.44 11.23 10.95 11.07 12.20 14.37 -9999 -9999 -9999 -9999 14.19
-9999 -9999 -9999 -9999 -9999 -9999 20.75 22.61 18.08 18.81 -9999 -9999 -9999 -9999 13.54 17.66 20.24 13.31 19.76 18.77 17.74 22.15 24.21 19.40 24.85 15.32 16.67 16.33 14.50 12.61 12.52 12.84 12.53 12.80 13.44 12.00 12.85 12.55 12.81 13.58 12.15 12.44 11.59 12.62 13.60 13.84 13.52 11.23 10.33 10.11 9.88 10.33 9.44 9.63 10.33 10.89 11.99 11.16 13.80 13.89 14.22 12.98 13.40 13.09 12.63 11.40 11.37 11.16 10.79 10.64 10.84 12.23 13.57 -9999 -9999 14.65 13.95
-9999 -9999 -9999 -9999 -9999 -9999 -9999 -9999 -9999 -9999 -9999 -9999 -9999 -9999 14.82 20.68 18.03 13.19 16.21 13.78 23.41 22.54 15.74 20.27 19.41 17.02 17.70 14.51 13.17 11.96 13.09 12.63 12.97 12.55 11.94 11.95 11.95 11.81 12.23 13.05 12.07 11.65 12.02 12.44 11.80 12.70 12.87 10.23 11.91 13.14 11.42 11.36 10.84 9.46 10.63 12.01 13.45 13.16 12.55 13.24 14.20 13.38 13.66 12.95 12.49 11.17 11.26 11.15 10.92 10.59 10.15 10.50 11.48 12.86 13.61 13.28 13.35
-9999 -9999 -9999 -9999 -9999 -9999 -9999 -9999 -9999 -9999 -9999 -9999 -9999 -9999 -9999 20.79 9.56 10.05 15.10 21.39 20.10 22.68 21.41 15.51 17.03 18.71 13.79 13.03 11.81 11.69 11.76 12.43 12.48 12.41 11.95 11.69 11.59 11.96 11.74 12.62 12.25 11.53 14.42 13.36 11.41 11.07 10.98 11.10 10.91 12.37 12.62 11.82 13.29 10.81 10.42 11.51 11.12 11.81 12.21 12.16 13.86 13.74 13.14 12.26 12.40 11.19 11.23 11.12 10.88 10.70 10.59 10.60 10.67 11.42 12.07 12.34 12.23
-9999 -9999 -9999 -9999 -9999 -9999 -9999 -9999 -9999 -9999 -9999 -9999 -9999 -9999 -9999 14.74 20.62 21.60 18.32 16.34 15.50 19.22 16.25 16.45 14.10 13.23 16.00 12.22 11.67 14.10 13.24 12.79 12.21 11.32 11.26 12.19 11.96 13.39 13.13 12.68 11.96 11.24 13.91 14.93 12.81 11.19 10.55 10.96 11.04 11.03 11.56 12.61 15.64 13.57 10.90 10.43 11.11 12.69 14.20 14.22 13.43 14.01 13.23 12.35 11.71 11.23 11.24 11.11 11.12 11.00 10.93 10.98 11.13 11.45 11.83 12.32 12.31
-9999 -9999 -9999 -9999 -9999 -9999 -9999 -9999 -9999 -9999 -9999 -9999 -9999 -9999 17.67 16.89 13.15 24.41 16.33 13.76 17.64 17.27 15.36 19.53 14.55 13.71 16.95 11.39 19.90 15.48 12.70 12.83 14.26 11.92 11.39 15.42 14.91 13.53 11.77 12.36 12.17 11.61 12.46 13.18 12.68 11.54 11.01 10.83 11.01 11.55 11.26 12.98 12.81 12.01 11.28 10.84 11.86 13.24 14.60 14.56 12.99 13.10 12.79 12.24 11.66 11.28 11.18 11.21 11.26 11.22 11.13 11.21 11.39 11.42 11.71 12.62 12.60
-9999 -9999 -9999 -9999 -9999 -9999 -9999 -9999 -9999 -9999 -9999 -9999 -9999 -9999 15.53 16.36 23.76 15.27 9.41 12.90 13.50 16.12 19.80 19.44 15.35 14.59 14.59 11.94 12.93 14.13 16.01 15.70 12.72 12.64 12.40 12.99 13.75 11.76 11.40 12.36 12.16 12.76 13.12 12.32 12.50 11.94 11.29 11.03 10.94 11.07 11.17 12.38 12.78 12.03 10.70 11.25 12.94 14.59 13.62 14.46 14.21 13.14 12.11 12.89 11.62 11.79 11.30 11.31 11.18 11.22 11.26 11.21 11.29 11.40 11.56 12.84 12.57
-9999 -9999 -9999 -9999 -9999 -9999 -9999 -9999 -9999 -9999 -9999 -9999 -9999 -9999 17.02 19.86 10.33 13.03 11.96 14.05 14.18 21.16 18.44 20.82 16.62 15.01 12.35 10.84 11.84 16.31 19.10 20.63 13.38 15.46 13.69 13.87 13.28 10.82 11.20 11.72 12.04 12.72 11.92 11.96 13.57 12.44 11.20 11.24 12.89 10.83 11.42 11.96 11.77 11.09 10.79 11.73 12.48 13.03 13.19 13.15 12.10 11.88 12.44 12.58 11.07 11.01 11.23 11.19 11.22 11.10 10.97 11.09 11.18 11.30 11.50 11.94 11.75
-9999 -9999 -9999 -9999 -9999 -9999 -9999 -9999 -9999 -9999 -9999 -9999 -9999 -9999 -9999 12.18 14.03 17.21 20.64 21.98 18.34 18.76 16.01 12.29 12.34 11.41 12.77 12.87 11.51 13.53 14.27 18.90 15.39 13.55 13.28 15.14 14.18 10.95 12.24 10.92 11.17 14.48 11.97 11.52 11.26 11.55 10.83 11.09 13.34 12.29 11.25 12.00 11.48 11.13 11.62 12.73 12.15 12.01 11.49 12.44 11.26 12.77 12.66 11.20 10.88 11.63 11.39 10.92 10.91 10.78 10.81 10.96 11.06 11.19 11.27 11.33 11.42
-9999 -9999 -9999 -9999 -9999 -9999 -9999 -9999 -9999 -9999 -9999 -9999 -9999 -9999 -9999 14.04 15.75 17.55 20.56 24.56 22.24 17.25 13.42 11.46 13.89 16.90 19.50 21.65 16.63 13.06 13.78 15.52 14.60 11.71 16.32 14.98 14.41 12.20 13.13 11.32 10.83 11.99 13.85 12.92 11.60 10.69 10.44 11.51 12.66 12.11 11.47 11.54 12.15 12.44 12.73 13.37 12.29 11.73 13.35 13.30 13.04 12.53 12.70 11.29 11.69 12.35 10.94 10.69 10.73 10.67 10.80 10.86 10.94 11.04 11.11 11.22 11.19
-9999 -9999 -9999 -9999 -9999 -9999 -9999 -9999 -9999 -9999 -9999 -9999 -9999 -9999 15.42 12.56 14.01 17.65 19.72 18.68 18.14 14.93 16.30 23.02 18.73 18.89 18.77 15.57 14.05 15.00 15.37 13.04 12.04 12.91 15.59 15.27 14.20 12.09 13.36 10.75 10.75 12.91 12.03 12.41 12.17 10.87 9.91 10.90 12.31 12.03 11.01 11.46 11.53 11.49 12.67 12.19 13.60 12.61 13.53 12.44 12.70 12.76 11.50 11.21 12.36 12.11 10.67 10.53 10.96 10.64 10.86 10.91 11.10 11.06 10.98 10.98 10.79
-9999 -9999 -9999 -9999 -9999 -9999 -9999 -9999 -9999 -9999 -9999 -9999 -9999 -9999 18.60 15.30 13.29 13.26 16.57 22.33 21.41 19.09 16.43 17.44 19.44 21.05 21.15 15.21 17.87 19.33 13.38 16.50 10.94 12.08 14.67 17.20 12.55 13.19 11.11 9.90 10.40 11.47 15.37 12.91 12.57 11.58 10.95 11.18 11.69 11.38 10.80 11.09 11.03 11.06 11.13 12.89 13.55 13.38 14.15 12.66 11.87 11.82 11.26 11.80 12.41 11.89 11.15 11.59 11.23 11.60 11.08 11.08 11.41 11.41 11.00 10.80 10.62
-9999 -9999 -9999 -9999 -9999 -9999 -9999 -9999 -9999 -9999 -9999 -9999 -9999 -9999 16.40 14.33 9.54 11.71 16.19 22.62 19.98 20.18 16.22 18.61 17.72 15.73 17.18 17.79 16.95 14.64 12.61 13.32 17.02 12.08 12.18 12.47 12.65 14.52 12.16 9.87 10.27 11.38 11.97 11.79 12.93 12.07 11.49 11.73 10.82 10.23 11.10 11.47 11.69 10.97 11.85 13.51 13.45 12.15 12.35 13.45 11.98 12.39 11.04 12.32 12.44 11.26 11.09 11.39 10.66 11.01 10.94 10.99 11.12 10.93 10.81 10.78 10.67
-9999 -9999 -9999 -9999 -9999 -9999 -9999 -9999 -9999 -9999 -9999 -9999 -9999 15.50 16.40 18.48 14.41 11.70 17.35 19.33 22.42 22.08 14.27 14.64 13.63 15.80 18.13 15.22 14.67 17.17 14.73 13.53 12.97 11.74 10.94 11.32 12.68 12.38 11.71 11.14 10.42 10.23 11.32 11.94 11.03 11.67 11.26 12.07 10.89 10.85 11.08 10.55 10.54 11.07 12.72 12.48 12.48 11.50 12.62 12.79 12.23 11.06 12.15 12.22 12.29 12.40 11.71 11.10 10.98 10.80 10.99 11.04 10.89 10.74 10.58 10.53 10.72
-9999 -9999 -9999 -9999 -9999 -9999 -9999 -9999 -9999 -9999 -9999 -9999 17.34 16.63 16.99 13.91 11.50 16.04 20.60 21.61 18.74 20.86 15.03 16.75 14.61 14.05 23.11 16.08 16.62 13.49 13.80 11.91 11.56 12.06 13.69 12.23 14.85 12.19 12.53 10.50 10.15 10.44 10.95 11.56 11.05 11.32 11.81 11.97 10.11 10.93 10.85 11.03 11.26 11.75 12.64 11.60 12.61 11.86 12.18 11.07 10.87 12.46 12.89 12.09 12.30 12.04 10.86 11.54 11.66 11.57 11.44 10.97 10.65 10.33 10.70 10.72 11.61
-9999 -9999 -9999 -9999 -9999 -9999 -9999 -9999 -9999 -9999 18.74 16.57 14.74 11.97 11.38 11.98 12.66 17.67 19.61 21.97 23.82 20.76 17.46 12.04 15.99 15.04 20.53 16.07 14.45 14.36 12.38 12.02 10.60 12.04 14.71 13.76 13.87 10.89 11.09 10.60 10.57 11.52 11.09 11.72 10.71 10.98 11.45 10.49 10.24 10.68 11.95 11.59 12.63 13.55 12.82 12.03 11.30 10.93 11.93 12.51 12.00 12.51 11.20 12.12 12.27 11.35 10.35 10.56 11.90 11.72 11.78 10.66 10.34 10.11 10.55 11.97 12.43
-9999 -9999 -9999 -9999 -9999 -9999 17.96 16.30 14.37 18.75 18.54 18.39 18.11 14.26 13.09 12.09 19.25 17.15 20.07 20.66 20.10 15.71 14.04 11.40 13.57 13.16 22.15 19.57 16.29 12.92 13.23 12.32 14.61 10.72 13.36 13.89 13.17 12.20 10.93 10.06 11.42 10.86 10.24 12.00 10.56 10.69 10.22 10.54 11.18 12.04 10.97 12.08 11.48 12.13 13.40 13.10 12.62 12.09 12.64 12.55 11.93 11.40 12.43 10.97 10.87 10.64 10.23 11.30 11.75 11.94 11.10 10.39 10.53 10.83 12.34 12.46 11.73
-9999 -9999 -9999 -9999 -9999 19.54 16.00 16.45 15.05 14.08 16.43 15.42 16.20 13.33 11.35 16.33 17.62 18.42 13.46 21.41 16.17 12.76 19.93 15.51 10.83 20.62 17.78 16.56 11.00 10.69 11.63 16.09 11.85 10.96 10.98 11.38 13.63 13.11 12.71 10.61 10.90 10.22 10.23 11.44 10.91 10.53 10.47 10.80 11.69 11.48 14.03 11.39 10.91 11.61 12.79 11.95 11.81 11.17 11.35 12.03 11.61 12.47 11.57 10.70 10.74 11.06 10.39 10.87 11.15 10.63 10.54 10.56 10.77 11.03 11.68 12.67 12.44
-9999 -9999 -9999 -9999 19.46 18.13 13.38 12.48 12.63 14.07 13.21 13.98 12.88 13.84 20.06 15.86 13.81 18.91 10.95 15.26 15.23 19.87 18.78 19.67 16.28 15.73 13.98 10.60 17.25 16.38 11.18 11.84 11.25 10.77 11.41 10.67 10.93 13.28 13.56 10.21 9.75 9.85 10.75 10.05 9.67 10.43 13.89 11.07 10.87 11.78 12.84 11.76 10.95 11.83 12.61 12.46 13.08 12.15 11.04 10.86 10.75 12.13 11.57 10.64 11.73 11.49 10.61 10.88 10.86 10.71 11.20 11.42 11.47 11.77 11.80 12.59 11.44
17.98 20.08 16.76 18.94 15.07 14.33 14.89 13.23 12.56 15.60 13.82 13.80 14.01 18.06 17.29 14.64 16.01 15.24 12.64 12.89 17.95 18.59 16.11 16.23 18.66 13.89 9.54 17.57 19.57 15.29 15.04 11.44 11.98 10.75 11.19 14.08 11.12 14.07 11.41 9.91 9.46 9.93 12.54 9.36 9.98 15.67 11.80 11.01 11.05 12.04 13.22 11.19 11.25 11.73 11.30 12.06 12.04 11.29 10.76 11.25 10.66 11.15 11.62 11.56 10.95 10.49 10.19 10.27 11.16 13.33 12.52 13.81 12.92 11.37 12.88 12.19 12.09
17.34 15.05 14.21 18.04 22.13 19.97 18.96 14.30 15.81 18.23 16.28 15.44 18.57 15.80 14.76 18.21 13.96 10.72 12.43 13.43 17.43 17.09 16.46 15.52 14.30 11.39 13.97 27.52 21.35 15.67 12.02 12.81 11.90 14.07 11.58 12.44 11.08 10.81 10.52 10.40 9.54 9.28 9.68 9.30 14.27 15.02 13.58 11.49 10.87 14.63 12.39 11.25 11.47 10.84 11.86 11.75 11.35 10.32 11.85 11.29 10.34 12.53 12.16 10.65 10.34 10.25 10.12 10.97 12.58 13.36 13.24 14.02 13.03 12.34 13.09 12.24 11.04
