ML/MeanWindSpeed_1998-01_Actual.txt
ncols         180
nrows         290
xllcorner     -200000
yllcorner     -200000
cellsize      5000
NODATA_value  -9999
[rows 140 to 174 of 290, columns 78 to 155 of 180]
-9999 -9999 -9999 14.49 -9999 -9999 -9999 13.12 12.21 10.55 10.73 12.34 -9999 -9999 12.41 10.72 12.42 13.62 -9999 -9999 -9999 -9999 -9999 11.98 9.93 7.44 7.56 7.75 8.24 7.94 8.02 7.19 5.13 7.10 9.76 10.69 8.99 10.05 10.61 10.78 9.01 9.18 8.86 7.48 5.70 5.52 5.22 3.22 4.13 6.83 9.53 -9999 -9999 -9999 -9999 -9999 -9999 -9999 -9999 -9999 -9999 -9999 -9999 -9999 -9999 -9999 -9999 -9999 -9999 -9999 -9999 -9999 -9999 -9999 -9999 -9999 -9999 -9999
-9999 -9999 -9999 15.03 14.87 -9999 -9999 -9999 13.17 12.54 12.18 13.17 -9999 -9999 -9999 -9999 13.97 -9999 -9999 -9999 -9999 -9999 -9999 10.43 8.42 6.99 7.60 8.92 9.16 8.43 8.39 7.60 6.05 6.22 8.93 9.87 8.09 11.57 11.22 11.96 9.81 9.64 9.95 7.62 6.10 5.51 4.07 2.92 3.97 6.40 9.10 -9999 -9999 -9999 -9999 -9999 -9999 -9999 -9999 -9999 -9999 -9999 -9999 -9999 -9999 -9999 -9999 -9999 -9999 -9999 -9999 -9999 -9999 -9999 -9999 -9999 -9999 -9999
-9999 -9999 -9999 -9999 15.92 -9999 -9999 -9999 -9999 13.64 14.06 14.22 -9999 -9999 -9999 -9999 -9999 -9999 -9999 -9999 -9999 -9999 11.83 9.56 8.26 7.53 7.69 9.32 9.45 9.08 9.09 8.54 7.35 5.52 6.72 10.67 11.45 11.95 11.91 10.42 9.61 9.60 7.99 5.96 6.75 6.36 3.97 3.27 4.29 6.24 8.85 11.06 -9999 -9999 -9999 -9999 -9999 -9999 -9999 -9999 -9999 -9999 -9999 -9999 -9999 -9999 -9999 -9999 -9999 -9999 -9999 -9999 -9999 -9999 -9999 -9999 -9999 -9999
-9999 -9999 -9999 -9999 16.97 -9999 -9999 -9999 -9999 -9999 -9999 -9999 -9999 -9999 -9999 -9999 -9999 -9999 -9999 -9999 -9999 -9999 11.48 8.94 7.22 6.01 5.48 10.83 9.95 9.54 10.67 9.12 9.19 5.20 4.91 9.04 12.26 11.21 10.34 12.68 13.71 12.54 10.66 9.03 5.77 5.44 4.83 5.09 5.10 6.47 8.71 10.56 12.04 -9999 -9999 -9999 -9999 -9999 -9999 -9999 -9999 -9999 -9999 -9999 -9999 -9999 -9999 -9999 -9999 -9999 -9999 -9999 -9999 -9999 -9999 -9999 -9999 -9999
-9999 -9999 -9999 -9999 -9999 -9999 -9999 -9999 -9999 -9999 -9999 -9999 -9999 -9999 -9999 -9999 -9999 -9999 -9999 -9999 -9999 12.78 10.56 8.00 7.06 8.74 5.95 14.36 14.39 9.74 10.23 9.73 8.83 7.99 5.34 6.38 12.52 13.14 12.26 11.16 10.21 11.35 10.56 9.24 7.31 6.12 5.58 5.33 5.89 7.43 8.06 8.93 10.38 -9999 -9999 -9999 -9999 -9999 -9999 -9999 -9999 -9999 -9999 -9999 -9999 -9999 -9999 -9999 -9999 -9999 -9999 -9999 -9999 -9999 -9999 -9999 -9999 -9999
-9999 -9999 -9999 -9999 -9999 -9999 -9999 -9999 -9999 -9999 -9999 -9999 -9999 -9999 -9999 -9999 -9999 -9999 -9999 -9999 -9999 11.39 10.20 7.14 8.86 14.04 8.83 7.41 11.73 11.95 10.52 10.43 9.70 8.85 7.29 7.29 9.06 14.67 13.41 12.86 11.29 10.84 10.24 8.31 7.42 7.02 7.30 6.44 7.33 7.44 7.84 7.81 8.55 9.95 11.24 12.07 -9999 -9999 -9999 -9999 -9999 -9999 -9999 -9999 -9999 -9999 -9999 -9999 -9999 -9999 -9999 -9999 -9999 -9999 -9999 -9999 -9999 -9999
-9999 -9999 -9999 -9999 -9999 -9999 -9999 -9999 -9999 -9999 -9999 -9999 -9999 -9999 -9999 -9999 -9999 -9999 -9999 -9999 -9999 10.96 9.00 7.71 10.35 8.54 7.74 8.93 11.86 9.62 9.56 11.98 8.71 9.82 8.70 8.49 8.76 10.99 12.58 12.52 11.89 11.33 9.72 9.11 8.14 7.39 7.06 7.20 7.27 7.58 7.16 6.86 6.91 9.29 9.06 10.66 12.39 13.46 -9999 -9999 -9999 -9999 -9999 -9999 -9999 -9999 -9999 -9999 -9999 -9999 -9999 -9999 -9999 -9999 -9999 -9999 -9999 -9999
-9999 -9999 -9999 -9999 -9999 -9999 -9999 -9999 -9999 -9999 -9999 -9999 -9999 -9999 -9999 -9999 -9999 -9999 -9999 -9999 -9999 11.03 8.54 8.14 11.77 13.11 10.25 7.67 8.61 9.13 11.44 9.02 11.16 9.87 9.38 9.96 9.60 8.74 9.53 12.09 11.62 10.90 10.20 9.31 8.69 8.42 8.15 7.69 7.75 7.48 6.95 6.94 6.74 7.57 9.72 10.00 11.12 13.12 14.18 14.17 -9999 -9999 -9999 -9999 -9999 -9999 -9999 -9999 -9999 -9999 -9999 -9999 -9999 -9999 -9999 -9999 -9999 -9999
-9999 -9999 -9999 -9999 -9999 -9999 -9999 -9999 -9999 -9999 -9999 -9999 -9999 -9999 -9999 -9999 -9999 -9999 -9999 -9999 -9999 12.10 9.17 8.98 9.58 7.58 15.95 13.58 8.89 10.07 8.67 11.81 12.21 9.68 8.87 9.25 8.83 7.68 12.77 11.97 11.61 11.95 12.04 11.38 9.15 9.78 8.75 8.31 8.12 7.83 7.51 7.16 6.56 7.40 9.61 9.59 10.05 10.96 12.50 12.63 15.48 -9999 -9999 -9999 -9999 -9999 -9999 -9999 -9999 -9999 -9999 -9999 -9999 -9999 -9999 -9999 -9999 -9999
-9999 -9999 -9999 -9999 -9999 -9999 -9999 -9999 -9999 14.27 14.58 15.20 -9999 -9999 -9999 -9999 -9999 -9999 -9999 -9999 -9999 -9999 11.35 8.99 7.44 9.20 11.38 13.68 9.61 7.68 10.84 10.70 9.64 8.48 9.54 9.30 7.89 8.56 10.53 11.20 13.68 12.84 11.32 10.88 11.28 10.24 9.20 8.70 8.27 7.86 7.07 6.66 9.25 8.97 11.64 12.69 12.59 12.05 10.58 12.92 14.32 14.75 -9999 -9999 -9999 -9999 -9999 -9999 -9999 -9999 -9999 -9999 -9999 -9999 -9999 -9999 -9999 -9999
-9999 -9999 -9999 -9999 -9999 -9999 -9999 -9999 -9999 12.71 12.62 -9999 -9999 -9999 -9999 -9999 -9999 -9999 -9999 -9999 -9999 -9999 -9999 9.38 7.03 9.64 10.75 16.01 10.45 10.59 10.41 8.80 7.70 7.46 7.01 11.98 7.96 8.96 12.71 11.28 9.66 9.33 12.27 9.84 11.71 10.35 9.39 8.75 8.28 7.29 7.11 8.64 9.46 9.30 9.63 9.87 11.17 11.98 11.92 12.53 13.11 15.43 -9999 -9999 -9999 -9999 -9999 -9999 -9999 -9999 -9999 -9999 -9999 -9999 -9999 -9999 -9999 -9999
-9999 -9999 -9999 -9999 -9999 -9999 -9999 -9999 11.47 12.69 12.77 13.65 -9999 -9999 -9999 -9999 -9999 -9999 -9999 -9999 -9999 -9999 -9999 9.68 10.10 10.09 11.37 10.21 10.61 9.44 9.16 8.25 7.81 8.69 7.38 6.78 12.55 10.06 9.96 12.36 11.30 13.28 11.37 11.74 10.81 10.29 9.66 9.29 8.40 7.23 7.53 8.73 8.65 9.76 10.83 10.89 11.59 11.47 11.88 12.50 11.83 14.40 14.67 -9999 -9999 -9999 -9999 -9999 -9999 -9999 -9999 -9999 -9999 -9999 -9999 -9999 -9999 -9999
-9999 -9999 -9999 -9999 -9999 -9999 -9999 10.58 11.94 12.94 16.28 13.82 -9999 -9999 -9999 -9999 -9999 -9999 -9999 -9999 -9999 -9999 -9999 11.40 13.45 10.66 8.57 9.73 8.93 9.42 8.30 7.44 7.80 8.21 6.72 10.85 9.36 11.86 10.29 13.58 10.16 11.18 10.07 11.47 10.44 10.48 10.17 9.13 8.70 7.31 6.83 9.42 10.33 10.62 10.25 10.64 10.77 10.79 11.13 12.57 12.75 12.79 13.99 -9999 -9999 -9999 -9999 -9999 -9999 -9999 -9999 -9999 -9999 -9999 -9999 -9999 -9999 -9999
-9999 -9999 -9999 -9999 -9999 -9999 12.77 10.66 14.26 13.36 14.38 -9999 -9999 -9999 -9999 -9999 -9999 -9999 -9999 -9999 -9999 -9999 -9999 -9999 11.83 9.31 8.41 9.83 8.21 10.06 8.77 7.94 7.36 6.94 5.80 10.11 10.52 11.56 11.30 12.17 12.18 12.20 11.76 11.55 11.67 11.29 9.69 9.10 8.47 7.17 6.73 7.83 11.44 11.06 9.76 9.63 9.97 9.97 10.31 10.74 10.80 10.47 11.41 13.14 14.53 -9999 -9999 -9999 -9999 -9999 -9999 -9999 -9999 -9999 -9999 -9999 -9999 -9999
-9999 -9999 -9999 -9999 -9999 -9999 13.97 13.94 11.91 13.64 14.93 -9999 -9999 -9999 -9999 -9999 -9999 -9999 -9999 -9999 -9999 -9999 -9999 -9999 -9999 10.27 9.54 9.01 8.59 10.07 9.63 9.30 8.41 7.84 6.02 10.41 9.93 9.36 11.29 10.55 9.85 12.69 12.92 11.02 12.21 11.35 10.69 8.98 8.18 7.54 7.14 7.59 8.77 9.30 9.05 9.21 9.40 9.61 9.64 9.84 9.71 9.50 11.16 11.87 12.43 -9999 -9999 -9999 -9999 -9999 -9999 -9999 -9999 -9999 -9999 -9999 -9999 -9999
-9999 -9999 -9999 -9999 -9999 -9999 15.13 13.90 14.72 15.08 -9999 -9999 -9999 -9999 -9999 -9999 -9999 -9999 -9999 -9999 -9999 -9999 -9999 -9999 -9999 11.50 10.57 9.95 -9999 10.97 -9999 10.00 8.94 7.91 6.85 7.53 10.67 9.61 10.43 12.85 8.02 9.09 12.99 12.02 11.85 11.43 10.35 9.10 8.63 8.54 8.01 7.86 8.29 8.98 9.60 8.99 9.44 8.83 8.54 9.29 9.95 9.51 8.92 8.92 10.70 13.14 14.70 -9999 -9999 -9999 -9999 -9999 -9999 -9999 -9999 -9999 -9999 -9999
-9999 -9999 -9999 -9999 -9999 16.60 15.65 15.20 -9999 -9999 -9999 -9999 -9999 -9999 -9999 -9999 -9999 -9999 -9999 -9999 -9999 -9999 -9999 -9999 -9999 13.11 11.86 10.85 -9999 -9999 -9999 9.70 9.50 7.18 7.86 9.18 8.12 7.31 8.86 12.03 11.62 8.48 11.76 12.96 11.29 11.92 10.89 9.80 8.47 8.52 8.24 8.12 8.28 8.55 8.72 8.61 8.68 7.79 8.41 9.20 9.66 9.82 9.61 8.91 9.42 11.37 13.52 -9999 -9999 -9999 -9999 -9999 -9999 -9999 -9999 -9999 -9999 -9999
-9999 -9999 -9999 -9999 -9999 -9999 -9999 -9999 -9999 -9999 -9999 -9999 -9999 -9999 -9999 -9999 -9999 -9999 -9999 -9999 -9999 -9999 -9999 -9999 -9999 -9999 -9999 -9999 -9999 -9999 10.65 8.19 7.25 8.21 9.07 10.06 10.16 8.86 9.45 11.62 11.24 9.85 8.99 11.37 12.31 11.34 10.48 9.59 8.84 8.65 8.66 8.29 8.24 8.39 8.37 8.04 7.33 7.93 9.99 9.22 9.65 9.06 8.99 8.32 9.50 11.24 -9999 -9999 -9999 -9999 -9999 -9999 -9999 -9999 -9999 -9999 -9999 -9999
-9999 -9999 -9999 -9999 -9999 -9999 -9999 -9999 -9999 -9999 -9999 -9999 -9999 -9999 -9999 -9999 -9999 -9999 -9999 -9999 -9999 -9999 -9999 -9999 -9999 -9999 -9999 -9999 -9999 -9999 9.79 7.35 7.51 9.61 11.65 11.18 9.50 10.13 8.95 9.42 8.85 9.78 10.13 11.25 11.43 11.05 10.22 9.64 9.14 8.64 8.70 8.27 8.24 8.28 8.32 7.98 7.11 7.52 10.42 10.25 9.09 8.67 8.37 8.06 9.25 11.26 -9999 -9999 -9999 -9999 -9999 -9999 -9999 -9999 -9999 -9999 -9999 -9999
-9999 -9999 -9999 -9999 -9999 -9999 -9999 -9999 -9999 -9999 -9999 -9999 -9999 -9999 -9999 -9999 -9999 -9999 -9999 -9999 -9999 -9999 -9999 -9999 -9999 -9999 -9999 -9999 -9999 -9999 8.81 6.81 6.98 9.67 10.77 10.67 10.10 9.75 9.46 9.84 8.90 8.92 9.20 8.55 11.28 10.09 10.70 9.85 9.53 8.69 8.45 8.39 8.30 8.32 8.29 8.13 7.55 7.39 9.07 9.81 9.20 8.60 8.36 8.03 8.85 10.49 -9999 -9999 -9999 -9999 -9999 -9999 -9999 -9999 -9999 -9999 -9999 -9999
-9999 -9999 -9999 -9999 -9999 -9999 -9999 -9999 -9999 -9999 -9999 -9999 -9999 -9999 -9999 -9999 -9999 -9999 -9999 -9999 -9999 -9999 -9999 -9999 -9999 -9999 -9999 -9999 12.59 10.32 7.86 6.46 8.46 10.55 12.64 10.63 11.26 8.17 8.73 8.78 9.71 10.31 10.00 11.28 9.26 9.27 9.22 9.06 8.71 9.17 8.51 8.37 8.51 8.33 8.33 8.32 7.93 7.72 8.15 9.41 9.07 8.49 8.21 8.05 8.23 9.40 11.34 -9999 -9999 -9999 -9999 -9999 -9999 -9999 -9999 -9999 -9999 -9999
-9999 -9999 -9999 -9999 -9999 -9999 -9999 -9999 -9999 -9999 -9999 -9999 -9999 -9999 -9999 -9999 -9999 -9999 -9999 -9999 -9999 -9999 -9999 -9999 -9999 -9999 -9999 -9999 11.58 9.17 7.77 7.07 7.66 10.22 9.23 8.65 7.24 8.37 10.11 8.67 10.23 9.97 10.79 8.82 11.19 9.73 10.36 9.92 9.80 9.05 8.79 8.53 8.37 8.35 8.42 8.37 8.21 7.84 7.74 8.29 9.17 8.74 8.23 8.13 7.79 8.24 10.21 -9999 -9999 -9999 -9999 -9999 -9999 -9999 -9999 -9999 -9999 -9999
-9999 -9999 -9999 -9999 -9999 -9999 -9999 -9999 -9999 -9999 -9999 -9999 -9999 -9999 -9999 -9999 -9999 -9999 -9999 -9999 -9999 -9999 -9999 -9999 -9999 -9999 -9999 -9999 11.43 8.95 8.01 7.62 8.10 9.10 9.36 8.27 7.62 8.54 8.47 8.06 9.58 11.34 9.98 9.81 8.89 9.82 8.68 8.93 9.25 9.49 8.97 8.75 8.41 8.37 8.46 8.44 8.30 8.01 7.56 7.79 8.77 9.24 8.45 8.05 7.69 7.37 8.82 10.94 -9999 -9999 -9999 -9999 -9999 -9999 -9999 -9999 -9999 -9999
-9999 -9999 -9999 -9999 -9999 -9999 -9999 -9999 -9999 -9999 -9999 -9999 -9999 -9999 -9999 -9999 -9999 -9999 -9999 -9999 -9999 -9999 -9999 -9999 -9999 -9999 -9999 -9999 11.23 9.11 8.43 8.30 8.21 8.26 8.36 8.72 9.14 7.66 7.48 8.16 11.04 11.33 11.95 11.08 9.84 9.61 9.89 8.95 8.47 9.17 9.49 8.78 8.46 8.45 8.40 8.45 8.47 8.40 8.01 8.04 9.40 10.23 9.44 8.98 8.49 7.71 7.82 9.56 11.68 -9999 -9999 -9999 -9999 -9999 -9999 -9999 -9999 -9999
-9999 -9999 -9999 -9999 -9999 -9999 -9999 -9999 -9999 -9999 -9999 -9999 -9999 -9999 -9999 -9999 -9999 -9999 -9999 -9999 -9999 -9999 -9999 -9999 -9999 -9999 -9999 -9999 11.36 9.13 8.49 8.18 7.77 7.43 8.00 7.72 8.06 8.47 9.72 10.82 11.79 10.62 11.62 10.42 10.05 9.06 9.98 9.59 9.02 8.68 8.63 8.65 8.43 8.43 8.49 8.63 8.66 8.77 8.80 8.86 9.56 10.27 9.97 9.43 9.16 8.76 8.26 8.39 10.40 -9999 -9999 -9999 -9999 -9999 -9999 -9999 -9999 -9999
-9999 -9999 -9999 -9999 -9999 -9999 -9999 -9999 -9999 -9999 -9999 -9999 -9999 -9999 -9999 -9999 -9999 -9999 -9999 -9999 -9999 -9999 -9999 -9999 -9999 -9999 -9999 -9999 -9999 9.23 8.63 8.06 7.23 7.23 8.48 8.74 9.02 8.16 8.31 9.98 10.53 11.96 11.62 10.23 8.86 9.02 8.94 9.51 8.81 8.65 9.10 8.87 8.39 8.46 8.50 8.69 8.68 8.79 9.03 9.29 9.63 9.64 9.59 9.68 9.72 -9999 9.29 9.63 10.76 12.88 -9999 -9999 -9999 -9999 -9999 -9999 -9999 -9999
-9999 -9999 -9999 -9999 -9999 -9999 -9999 -9999 -9999 -9999 -9999 -9999 -9999 -9999 -9999 -9999 -9999 -9999 -9999 -9999 -9999 -9999 -9999 -9999 -9999 -9999 -9999 -9999 11.08 9.11 8.47 7.73 6.79 6.54 9.40 10.18 8.90 10.61 10.60 9.30 9.39 12.31 11.65 11.90 9.89 8.69 9.83 8.78 8.20 8.51 8.68 8.51 8.51 8.34 8.38 8.45 8.65 8.56 8.62 9.63 9.32 8.90 9.65 9.10 9.56 9.56 -9999 10.85 11.93 13.68 15.11 -9999 -9999 -9999 -9999 -9999 -9999 -9999
-9999 -9999 -9999 -9999 -9999 -9999 -9999 -9999 -9999 -9999 -9999 -9999 -9999 -9999 -9999 -9999 -9999 -9999 -9999 -9999 -9999 -9999 -9999 -9999 -9999 -9999 -9999 -9999 10.57 8.60 8.09 7.65 8.16 7.51 8.77 10.96 9.22 9.43 9.55 8.05 7.89 10.64 10.88 10.84 8.75 9.85 10.34 8.85 9.25 8.64 8.97 8.88 8.55 8.26 8.27 8.34 8.39 8.24 8.16 8.39 8.55 7.90 8.06 8.46 8.43 9.50 10.17 -9999 -9999 -9999 -9999 -9999 -9999 -9999 -9999 -9999 -9999 -9999
-9999 -9999 -9999 -9999 -9999 -9999 -9999 -9999 -9999 -9999 -9999 -9999 -9999 -9999 -9999 -9999 -9999 -9999 -9999 -9999 -9999 -9999 -9999 -9999 -9999 -9999 -9999 12.64 9.74 8.07 8.39 8.20 8.25 8.08 9.23 9.79 9.31 8.95 8.46 8.02 7.75 9.60 11.71 11.91 9.45 11.07 10.74 9.10 9.04 8.31 8.66 8.91 8.52 8.13 8.32 8.32 8.30 8.36 8.17 8.37 8.45 8.14 7.98 8.85 8.64 8.77 9.47 10.97 12.62 -9999 -9999 -9999 -9999 -9999 -9999 -9999 -9999 -9999
-9999 -9999 -9999 -9999 -9999 -9999 -9999 -9999 -9999 -9999 -9999 -9999 -9999 -9999 -9999 -9999 -9999 -9999 -9999 -9999 -9999 -9999 -9999 -9999 -9999 -9999 -9999 -9999 9.81 8.23 7.94 8.39 9.65 8.49 8.65 8.85 8.96 8.95 8.36 7.79 7.17 7.61 10.34 11.50 12.22 10.80 11.15 10.32 9.45 9.40 8.12 8.34 8.86 8.20 8.20 8.17 8.22 8.43 8.27 8.35 8.61 8.22 7.75 7.91 9.49 8.98 8.83 9.55 10.78 12.34 14.19 -9999 -9999 -9999 -9999 -9999 -9999 -9999
-9999 -9999 -9999 -9999 -9999 -9999 -9999 -9999 -9999 -9999 -9999 -9999 -9999 -9999 -9999 -9999 -9999 -9999 -9999 -9999 -9999 -9999 -9999 -9999 -9999 -9999 -9999 -9999 9.67 8.56 8.03 8.30 8.64 8.78 8.75 8.61 8.65 8.28 7.98 7.71 7.54 7.82 7.73 11.19 12.67 13.18 11.98 10.86 10.08 8.96 8.85 8.50 9.16 8.33 8.27 8.19 8.27 8.33 8.26 8.49 8.59 8.31 7.67 8.00 9.46 9.31 9.60 8.93 9.32 10.59 12.48 -9999 -9999 -9999 -9999 -9999 -9999 -9999
-9999 -9999 -9999 -9999 -9999 -9999 -9999 -9999 17.33 16.19 16.61 17.75 -9999 -9999 -9999 -9999 -9999 -9999 -9999 -9999 -9999 -9999 -9999 -9999 -9999 -9999 -9999 10.44 9.02 8.80 8.32 8.92 8.89 8.58 8.53 8.61 8.48 8.37 8.08 7.76 7.51 7.11 9.31 11.61 11.78 10.76 12.74 12.11 9.78 9.23 7.76 9.54 9.58 8.53 8.37 8.22 8.29 8.31 8.22 8.36 8.69 8.52 7.85 7.86 8.40 9.70 9.82 10.12 9.06 9.11 10.92 13.17 -9999 -9999 -9999 -9999 -9999 -9999
-9999 -9999 -9999 -9999 -9999 -9999 -9999 -9999 15.81 14.37 14.46 15.66 -9999 -9999 -9999 -9999 -9999 -9999 -9999 -9999 -9999 -9999 -9999 -9999 -9999 -9999 10.20 9.49 8.60 8.93 9.77 9.00 8.90 8.27 8.28 8.41 8.28 8.37 8.28 7.58 7.02 6.89 8.48 12.80 13.09 10.78 12.07 11.52 10.90 8.68 7.84 9.08 9.54 8.83 8.18 8.09 8.29 8.56 8.38 8.28 8.47 8.69 8.21 8.08 8.33 9.59 9.87 9.98 9.32 9.14 9.95 12.18 -9999 -9999 -9999 -9999 -9999 -9999
-9999 -9999 -9999 -9999 -9999 -9999 19.94 16.61 14.22 13.51 13.30 14.57 14.88 16.37 17.36 -9999 -9999 15.70 13.88 -9999 -9999 -9999 10.60 11.22 10.69 -9999 8.19 9.03 8.66 8.74 9.15 8.78 8.81 8.67 9.01 8.79 8.75 8.20 8.17 7.45 7.50 9.59 8.45 10.64 12.26 9.07 10.33 13.02 9.55 10.01 8.51 9.15 9.33 8.78 8.43 8.36 8.49 8.67 8.34 8.34 8.33 8.78 8.27 8.19 8.47 8.98 9.62 10.40 10.12 9.33 9.40 11.23 13.70 -9999 -9999 -9999 -9999 -9999
-9999 -9999 -9999 -9999 -9999 -9999 -9999 17.22 14.98 13.65 12.86 13.06 14.11 15.44 14.31 -9999 13.67 12.76 12.38 11.19 11.34 8.67 7.32 9.51 10.01 9.40 -9999 7.58 8.71 8.77 8.35 8.39 8.87 8.52 8.38 8.46 8.34 8.35 7.82 7.45 7.40 9.82 10.63 10.95 11.35 10.50 11.78 12.09 10.71 8.87 8.34 9.60 9.59 8.61 8.76 8.51 8.94 8.95 8.53 8.38 8.31 8.88 8.51 8.52 8.68 8.76 9.44 10.07 10.50 9.89 9.42 10.41 12.76 -9999 -9999 -9999 -9999 -9999
