ML/MeanWindSpeed_1993-07_Actual.txt
ncols         180
nrows         290
xllcorner     -200000
yllcorner     -200000
cellsize      5000
NODATA_value  -9999
[rows 140 to 174 of 290, columns 79 to 157 of 180]
-9999 -9999 12.02 -9999 -9999 -9999 10.67 10.89 9.92 9.94 10.46 -9999 -9999 10.55 9.25 11.28 12.12 -9999 -9999 -9999 -9999 -9999 10.23 9.28 7.45 7.61 7.54 8.15 8.00 8.54 8.51 6.59 8.04 10.51 12.07 9.57 11.14 11.84 12.05 10.13 10.64 10.88 9.86 8.09 8.08 8.39 6.36 7.03 8.85 10.00 -9999 -9999 -9999 -9999 -9999 -9999 -9999 -9999 -9999 -9999 -9999 -9999 -9999 -9999 -9999 -9999 -9999 -9999 -9999 -9999 -9999 -9999 -9999 -9999 -9999 -9999 -9999 -9999 -9999
-9999 -9999 11.89 11.93 -9999 -9999 -9999 10.70 11.28 11.05 11.31 -9999 -9999 -9999 -9999 11.03 -9999 -9999 -9999 -9999 -9999 -9999 9.24 8.41 7.63 8.19 9.08 9.16 8.47 8.59 7.99 7.01 6.64 9.15 10.98 8.15 12.44 12.01 12.90 10.32 10.48 11.81 9.82 8.48 7.91 6.84 6.10 7.02 8.55 9.71 -9999 -9999 -9999 -9999 -9999 -9999 -9999 -9999 -9999 -9999 -9999 -9999 -9999 -9999 -9999 -9999 -9999 -9999 -9999 -9999 -9999 -9999 -9999 -9999 -9999 -9999 -9999 -9999 -9999
-9999 -9999 -9999 12.97 -9999 -9999 -9999 -9999 11.07 11.93 11.76 -9999 -9999 -9999 -9999 -9999 -9999 -9999 -9999 -9999 -9999 10.13 9.06 8.86 8.70 8.75 9.95 9.77 9.15 9.09 8.49 8.09 6.52 7.20 12.46 12.86 12.27 11.89 9.78 9.05 9.47 8.30 6.94 8.82 8.97 6.63 6.42 7.38 8.33 9.42 10.25 -9999 -9999 -9999 -9999 -9999 -9999 -9999 -9999 -9999 -9999 -9999 -9999 -9999 -9999 -9999 -9999 -9999 -9999 -9999 -9999 -9999 -9999 -9999 -9999 -9999 -9999 -9999 -9999
-9999 -9999 -9999 13.84 -9999 -9999 -9999 -9999 -9999 -9999 -9999 -9999 -9999 -9999 -9999 -9999 -9999 -9999 -9999 -9999 -9999 10.33 8.69 7.51 6.71 6.01 11.81 9.96 9.16 10.65 8.51 9.37 5.93 5.62 10.22 13.83 10.99 9.64 13.13 14.58 13.23 11.12 9.98 6.86 7.51 7.44 8.29 7.67 7.82 9.16 10.04 10.36 -9999 -9999 -9999 -9999 -9999 -9999 -9999 -9999 -9999 -9999 -9999 -9999 -9999 -9999 -9999 -9999 -9999 -9999 -9999 -9999 -9999 -9999 -9999 -9999 -9999 -9999 -9999
-9999 -9999 -9999 -9999 -9999 -9999 -9999 -9999 -9999 -9999 -9999 -9999 -9999 -9999 -9999 -9999 -9999 -9999 -9999 -9999 10.74 9.77 8.17 6.83 9.13 5.27 15.11 14.38 8.39 9.15 8.43 7.79 8.10 5.57 6.10 13.47 13.27 11.67 10.57 9.81 11.76 11.28 10.33 8.67 7.80 7.74 7.55 7.38 8.05 8.10 8.46 9.33 -9999 -9999 -9999 -9999 -9999 -9999 -9999 -9999 -9999 -9999 -9999 -9999 -9999 -9999 -9999 -9999 -9999 -9999 -9999 -9999 -9999 -9999 -9999 -9999 -9999 -9999 -9999
-9999 -9999 -9999 -9999 -9999 -9999 -9999 -9999 -9999 -9999 -9999 -9999 -9999 -9999 -9999 -9999 -9999 -9999 -9999 -9999 9.99 10.21 7.58 8.81 14.69 8.35 5.13 9.77 10.88 9.01 8.69 7.99 7.73 7.02 6.92 8.26 15.21 12.99 11.93 9.90 9.66 9.82 8.51 8.36 8.37 8.97 7.66 8.29 7.65 7.73 7.65 8.16 8.91 9.56 9.84 -9999 -9999 -9999 -9999 -9999 -9999 -9999 -9999 -9999 -9999 -9999 -9999 -9999 -9999 -9999 -9999 -9999 -9999 -9999 -9999 -9999 -9999 -9999 -9999
-9999 -9999 -9999 -9999 -9999 -9999 -9999 -9999 -9999 -9999 -9999 -9999 -9999 -9999 -9999 -9999 -9999 -9999 -9999 -9999 9.88 9.31 8.65 11.23 7.53 7.24 8.09 11.34 8.77 7.69 10.69 6.36 8.29 7.70 8.29 7.44 9.69 11.65 11.50 10.76 10.08 8.25 8.41 8.01 7.66 7.42 7.66 7.60 7.78 7.29 7.22 7.42 10.01 8.95 10.05 11.02 11.15 -9999 -9999 -9999 -9999 -9999 -9999 -9999 -9999 -9999 -9999 -9999 -9999 -9999 -9999 -9999 -9999 -9999 -9999 -9999 -9999 -9999 -9999
-9999 -9999 -9999 -9999 -9999 -9999 -9999 -9999 -9999 -9999 -9999 -9999 -9999 -9999 -9999 -9999 -9999 -9999 -9999 -9999 9.78 8.95 9.36 13.49 14.05 10.62 7.69 8.05 8.60 10.95 6.89 9.74 8.25 7.91 9.38 8.89 6.85 7.37 11.18 11.00 10.24 9.38 8.60 8.24 8.14 7.93 7.50 7.69 7.52 7.12 7.53 7.57 8.29 10.61 10.40 10.82 12.13 12.28 10.95 -9999 -9999 -9999 -9999 -9999 -9999 -9999 -9999 -9999 -9999 -9999 -9999 -9999 -9999 -9999 -9999 -9999 -9999 -9999 -9999
-9999 -9999 -9999 -9999 -9999 -9999 -9999 -9999 -9999 -9999 -9999 -9999 -9999 -9999 -9999 -9999 -9999 -9999 -9999 -9999 10.10 8.54 9.85 10.87 7.05 17.01 14.15 7.27 8.96 7.21 10.21 10.97 7.93 7.06 8.58 9.26 7.23 13.17 11.89 11.62 12.21 12.49 11.66 8.80 9.60 8.36 7.92 7.81 7.69 7.64 7.50 6.89 7.42 9.55 8.94 8.98 9.93 11.35 10.28 12.61 -9999 -9999 -9999 -9999 -9999 -9999 -9999 -9999 -9999 -9999 -9999 -9999 -9999 -9999 -9999 -9999 -9999 -9999 -9999
-9999 -9999 -9999 -9999 -9999 -9999 -9999 -9999 11.17 11.47 11.92 -9999 -9999 -9999 -9999 -9999 -9999 -9999 -9999 -9999 -9999 9.55 8.06 6.69 8.48 10.08 12.55 6.97 4.55 8.63 7.83 7.38 6.65 8.44 9.06 8.42 9.23 11.11 10.92 13.93 12.95 11.13 10.64 11.07 9.63 8.50 8.09 7.76 7.79 7.30 6.96 10.44 9.42 11.98 12.61 11.94 11.20 9.24 11.94 12.41 11.53 -9999 -9999 -9999 -9999 -9999 -9999 -9999 -9999 -9999 -9999 -9999 -9999 -9999 -9999 -9999 -9999 -9999 -9999
-9999 -9999 -9999 -9999 -9999 -9999 -9999 -9999 10.08 10.16 -9999 -9999 -9999 -9999 -9999 -9999 -9999 -9999 -9999 -9999 -9999 -9999 8.32 5.99 8.99 9.07 15.41 8.85 8.66 7.47 5.43 4.81 5.61 5.80 12.75 7.97 8.97 12.74 10.40 8.10 7.63 11.36 8.27 10.72 9.15 8.16 7.72 7.59 7.22 7.58 9.56 10.38 9.54 9.12 9.00 10.31 11.40 11.08 11.49 11.39 13.24 -9999 -9999 -9999 -9999 -9999 -9999 -9999 -9999 -9999 -9999 -9999 -9999 -9999 -9999 -9999 -9999 -9999 -9999
-9999 -9999 -9999 -9999 -9999 -9999 -9999 9.73 11.93 11.60 11.14 -9999 -9999 -9999 -9999 -9999 -9999 -9999 -9999 -9999 -9999 -9999 9.05 10.15 10.31 10.15 8.24 9.79 8.08 7.23 6.02 5.39 7.09 5.97 4.99 12.52 8.92 8.04 11.24 9.58 12.07 9.73 10.09 8.88 8.62 8.22 8.09 7.39 6.93 7.90 8.93 8.13 8.77 9.54 9.49 10.23 10.38 10.76 10.97 9.81 12.44 11.65 -9999 -9999 -9999 -9999 -9999 -9999 -9999 -9999 -9999 -9999 -9999 -9999 -9999 -9999 -9999 -9999 -9999
-9999 -9999 -9999 -9999 -9999 -9999 8.89 12.12 13.31 16.06 11.09 -9999 -9999 -9999 -9999 -9999 -9999 -9999 -9999 -9999 -9999 -9999 10.22 13.32 10.48 6.83 8.11 7.79 8.43 6.73 5.88 6.62 7.43 5.20 10.40 8.09 10.69 8.24 12.35 7.89 9.15 7.70 9.63 8.39 8.64 8.77 7.74 7.53 6.89 6.84 9.14 9.39 9.12 8.28 8.73 8.75 9.08 9.53 10.89 10.96 10.68 11.55 -9999 -9999 -9999 -9999 -9999 -9999 -9999 -9999 -9999 -9999 -9999 -9999 -9999 -9999 -9999 -9999 -9999
-9999 -9999 -9999 -9999 -9999 9.98 9.26 14.64 11.92 11.59 -9999 -9999 -9999 -9999 -9999 -9999 -9999 -9999 -9999 -9999 -9999 -9999 -9999 9.67 7.65 7.34 9.17 7.16 8.92 7.32 6.73 6.41 6.77 5.48 10.55 10.28 11.12 10.81 11.77 11.70 11.73 10.70 10.28 10.39 9.89 8.22 7.89 7.66 7.15 6.76 7.00 10.66 9.79 7.78 7.66 8.04 8.00 8.16 8.26 8.56 8.43 9.33 10.68 11.20 -9999 -9999 -9999 -9999 -9999 -9999 -9999 -9999 -9999 -9999 -9999 -9999 -9999 -9999 -9999
-9999 -9999 -9999 -9999 -9999 11.80 12.71 9.16 9.40 10.21 -9999 -9999 -9999 -9999 -9999 -9999 -9999 -9999 -9999 -9999 -9999 -9999 -9999 -9999 8.45 9.05 8.31 7.56 8.54 7.97 7.94 7.31 7.58 5.64 10.52 9.61 8.67 10.78 10.16 9.50 13.19 13.16 10.10 11.44 10.35 9.79 8.14 7.71 7.44 7.01 6.82 7.47 8.01 7.62 7.89 8.04 8.14 7.92 7.77 7.78 7.98 10.41 10.67 10.40 -9999 -9999 -9999 -9999 -9999 -9999 -9999 -9999 -9999 -9999 -9999 -9999 -9999 -9999 -9999
-9999 -9999 -9999 -9999 -9999 12.20 10.59 10.81 10.06 -9999 -9999 -9999 -9999 -9999 -9999 -9999 -9999 -9999 -9999 -9999 -9999 -9999 -9999 -9999 9.66 9.47 8.83 -9999 8.86 -9999 8.44 7.43 6.73 5.70 5.43 9.74 9.00 9.45 12.43 6.74 7.68 12.54 10.89 10.43 10.37 9.37 8.30 7.95 7.82 7.37 7.12 7.06 7.87 9.02 8.33 8.92 8.18 7.60 8.39 9.31 8.92 8.27 8.27 9.81 11.43 11.96 -9999 -9999 -9999 -9999 -9999 -9999 -9999 -9999 -9999 -9999 -9999 -9999 -9999
-9999 -9999 -9999 -9999 12.14 10.78 10.26 -9999 -9999 -9999 -9999 -9999 -9999 -9999 -9999 -9999 -9999 -9999 -9999 -9999 -9999 -9999 -9999 -9999 10.70 9.65 8.88 -9999 -9999 -9999 8.40 8.71 6.16 6.90 7.55 6.16 6.17 7.70 11.16 11.01 6.68 10.33 11.88 9.63 10.72 9.91 9.03 7.55 7.66 7.44 7.34 7.25 7.43 7.92 8.09 8.45 7.50 8.05 8.93 9.41 9.48 9.15 8.42 8.51 9.69 10.92 -9999 -9999 -9999 -9999 -9999 -9999 -9999 -9999 -9999 -9999 -9999 -9999 -9999
-9999 -9999 -9999 -9999 -9999 -9999 -9999 -9999 -9999 -9999 -9999 -9999 -9999 -9999 -9999 -9999 -9999 -9999 -9999 -9999 -9999 -9999 -9999 -9999 -9999 -9999 -9999 -9999 -9999 9.18 7.63 7.31 8.82 9.66 9.91 9.39 7.89 8.10 10.33 10.20 8.50 6.66 9.70 11.03 9.66 9.12 8.59 8.02 7.81 7.95 7.53 7.35 7.36 7.40 7.41 7.03 7.91 10.17 8.67 8.98 8.18 8.17 7.54 8.25 9.31 -9999 -9999 -9999 -9999 -9999 -9999 -9999 -9999 -9999 -9999 -9999 -9999 -9999 -9999
-9999 -9999 -9999 -9999 -9999 -9999 -9999 -9999 -9999 -9999 -9999 -9999 -9999 -9999 -9999 -9999 -9999 -9999 -9999 -9999 -9999 -9999 -9999 -9999 -9999 -9999 -9999 -9999 -9999 8.70 7.42 8.40 10.57 12.70 11.38 8.69 9.60 7.13 7.33 7.03 8.58 8.93 9.58 10.05 9.81 8.88 8.65 8.44 7.87 8.01 7.56 7.51 7.54 7.57 7.42 6.91 7.39 10.49 9.56 7.92 7.51 7.30 7.28 8.16 9.55 -9999 -9999 -9999 -9999 -9999 -9999 -9999 -9999 -9999 -9999 -9999 -9999 -9999 -9999
-9999 -9999 -9999 -9999 -9999 -9999 -9999 -9999 -9999 -9999 -9999 -9999 -9999 -9999 -9999 -9999 -9999 -9999 -9999 -9999 -9999 -9999 -9999 -9999 -9999 -9999 -9999 -9999 -9999 8.06 6.88 6.99 9.13 10.06 9.54 8.76 8.68 7.88 8.16 7.31 7.31 7.91 6.52 9.97 8.97 9.90 8.93 8.76 7.79 7.60 7.72 7.66 7.69 7.61 7.53 7.23 6.92 8.33 8.88 8.04 7.40 7.34 7.27 8.05 9.36 -9999 -9999 -9999 -9999 -9999 -9999 -9999 -9999 -9999 -9999 -9999 -9999 -9999 -9999
-9999 -9999 -9999 -9999 -9999 -9999 -9999 -9999 -9999 -9999 -9999 -9999 -9999 -9999 -9999 -9999 -9999 -9999 -9999 -9999 -9999 -9999 -9999 -9999 -9999 -9999 -9999 10.23 8.95 7.52 6.69 8.58 9.69 11.86 9.12 10.56 6.88 7.96 7.89 8.91 9.23 8.83 10.29 7.26 7.70 7.84 7.90 7.64 8.40 7.68 7.67 7.91 7.66 7.62 7.66 7.39 7.10 6.96 8.33 7.96 7.42 7.28 7.28 7.72 8.88 10.03 -9999 -9999 -9999 -9999 -9999 -9999 -9999 -9999 -9999 -9999 -9999 -9999 -9999
-9999 -9999 -9999 -9999 -9999 -9999 -9999 -9999 -9999 -9999 -9999 -9999 -9999 -9999 -9999 -9999 -9999 -9999 -9999 -9999 -9999 -9999 -9999 -9999 -9999 -9999 -9999 9.63 8.26 7.44 6.96 7.10 9.21 7.33 7.46 6.25 7.71 10.41 8.51 9.82 9.25 10.09 7.23 10.24 8.42 9.38 9.09 9.21 8.34 8.03 7.75 7.60 7.58 7.64 7.63 7.56 7.24 6.83 7.15 8.19 7.75 7.32 7.34 7.44 8.33 9.57 -9999 -9999 -9999 -9999 -9999 -9999 -9999 -9999 -9999 -9999 -9999 -9999 -9999
-9999 -9999 -9999 -9999 -9999 -9999 -9999 -9999 -9999 -9999 -9999 -9999 -9999 -9999 -9999 -9999 -9999 -9999 -9999 -9999 -9999 -9999 -9999 -9999 -9999 -9999 -9999 9.62 8.14 7.63 7.27 7.22 7.31 7.68 7.18 6.52 7.93 8.31 7.83 9.23 11.11 9.08 8.54 7.37 8.95 7.54 8.14 8.68 8.94 8.22 7.99 7.58 7.55 7.66 7.68 7.62 7.45 7.09 7.06 7.97 8.59 7.68 7.31 7.44 7.86 8.73 9.84 -9999 -9999 -9999 -9999 -9999 -9999 -9999 -9999 -9999 -9999 -9999 -9999
-9999 -9999 -9999 -9999 -9999 -9999 -9999 -9999 -9999 -9999 -9999 -9999 -9999 -9999 -9999 -9999 -9999 -9999 -9999 -9999 -9999 -9999 -9999 -9999 -9999 -9999 -9999 9.35 8.21 7.85 7.80 7.48 7.20 7.01 7.71 8.73 6.72 6.66 7.71 11.21 11.06 11.95 10.63 8.87 8.71 9.10 7.94 7.43 8.31 8.68 7.92 7.59 7.63 7.56 7.67 7.74 7.72 7.45 7.25 8.33 9.26 8.34 7.94 7.94 7.78 8.02 9.08 10.09 -9999 -9999 -9999 -9999 -9999 -9999 -9999 -9999 -9999 -9999 -9999
-9999 -9999 -9999 -9999 -9999 -9999 -9999 -9999 -9999 -9999 -9999 -9999 -9999 -9999 -9999 -9999 -9999 -9999 -9999 -9999 -9999 -9999 -9999 -9999 -9999 -9999 -9999 9.31 8.02 7.70 7.54 7.25 6.83 7.37 7.16 8.12 8.36 9.80 10.94 11.33 9.11 10.69 9.64 9.53 8.36 9.36 8.83 8.10 7.56 7.46 7.69 7.58 7.65 7.71 7.84 7.89 7.99 7.95 7.83 7.86 8.63 8.54 8.24 8.28 8.27 8.09 8.23 9.38 -9999 -9999 -9999 -9999 -9999 -9999 -9999 -9999 -9999 -9999 -9999
-9999 -9999 -9999 -9999 -9999 -9999 -9999 -9999 -9999 -9999 -9999 -9999 -9999 -9999 -9999 -9999 -9999 -9999 -9999 -9999 -9999 -9999 -9999 -9999 -9999 -9999 -9999 -9999 8.02 7.71 7.42 6.93 7.30 8.81 8.80 9.41 8.47 8.19 9.70 9.24 10.43 9.81 8.31 7.27 7.88 7.86 8.94 8.22 7.90 8.26 8.04 7.62 7.83 7.81 7.97 7.97 8.06 8.17 8.21 8.13 7.91 8.23 8.46 8.62 -9999 8.54 8.80 9.47 10.70 -9999 -9999 -9999 -9999 -9999 -9999 -9999 -9999 -9999 -9999
-9999 -9999 -9999 -9999 -9999 -9999 -9999 -9999 -9999 -9999 -9999 -9999 -9999 -9999 -9999 -9999 -9999 -9999 -9999 -9999 -9999 -9999 -9999 -9999 -9999 -9999 -9999 9.10 7.96 7.64 7.10 6.72 6.85 9.92 10.30 8.68 10.73 10.20 8.69 8.49 11.86 10.43 10.79 8.80 7.50 9.07 8.01 7.60 8.17 8.20 7.86 8.02 7.84 7.91 8.00 8.13 8.04 8.03 9.12 8.43 7.84 8.88 8.37 8.47 8.52 -9999 9.33 9.91 10.90 11.63 -9999 -9999 -9999 -9999 -9999 -9999 -9999 -9999 -9999
-9999 -9999 -9999 -9999 -9999 -9999 -9999 -9999 -9999 -9999 -9999 -9999 -9999 -9999 -9999 -9999 -9999 -9999 -9999 -9999 -9999 -9999 -9999 -9999 -9999 -9999 -9999 8.87 7.75 7.48 7.07 8.19 7.34 8.02 10.25 7.75 8.05 8.31 6.79 6.94 10.06 9.87 10.13 7.91 9.51 10.21 8.40 9.18 8.48 8.77 8.49 8.21 7.94 7.98 8.04 8.06 7.94 7.82 7.91 8.23 7.49 7.65 8.21 7.83 8.44 8.80 -9999 -9999 -9999 -9999 -9999 -9999 -9999 -9999 -9999 -9999 -9999 -9999 -9999
-9999 -9999 -9999 -9999 -9999 -9999 -9999 -9999 -9999 -9999 -9999 -9999 -9999 -9999 -9999 -9999 -9999 -9999 -9999 -9999 -9999 -9999 -9999 -9999 -9999 -9999 10.05 8.33 7.54 8.11 7.77 7.83 7.42 7.89 7.86 7.56 7.46 7.05 6.88 7.29 9.28 11.38 11.91 8.95 11.05 10.57 8.72 8.96 8.11 8.45 8.59 8.17 7.92 8.15 8.13 8.06 8.08 7.86 7.88 7.94 7.79 7.52 8.62 8.20 8.15 8.32 9.19 10.09 -9999 -9999 -9999 -9999 -9999 -9999 -9999 -9999 -9999 -9999 -9999
-9999 -9999 -9999 -9999 -9999 -9999 -9999 -9999 -9999 -9999 -9999 -9999 -9999 -9999 -9999 -9999 -9999 -9999 -9999 -9999 -9999 -9999 -9999 -9999 -9999 -9999 -9999 8.42 7.54 7.52 7.81 9.17 7.50 7.13 7.01 7.49 7.80 7.37 7.12 6.96 6.92 9.98 11.41 12.61 10.68 10.95 10.17 9.34 9.50 7.76 7.80 8.55 8.00 8.05 8.00 7.98 8.11 7.94 7.91 8.12 7.90 7.49 7.53 9.32 8.44 8.09 8.33 8.96 9.83 10.80 -9999 -9999 -9999 -9999 -9999 -9999 -9999 -9999 -9999
-9999 -9999 -9999 -9999 -9999 -9999 -9999 -9999 -9999 -9999 -9999 -9999 -9999 -9999 -9999 -9999 -9999 -9999 -9999 -9999 -9999 -9999 -9999 -9999 -9999 -9999 -9999 8.37 7.81 7.43 7.54 7.71 7.81 7.51 7.08 7.24 7.04 6.89 6.88 6.79 7.24 6.81 10.66 13.08 13.61 11.84 10.74 10.10 8.95 8.96 8.07 8.90 8.15 8.14 7.99 7.98 7.99 7.97 8.22 8.25 8.09 7.68 7.87 9.28 8.76 8.86 7.95 8.00 8.73 9.77 -9999 -9999 -9999 -9999 -9999 -9999 -9999 -9999 -9999
-9999 -9999 -9999 -9999 -9999 -9999 -9999 12.35 11.65 11.95 12.73 -9999 -9999 -9999 -9999 -9999 -9999 -9999 -9999 -9999 -9999 -9999 -9999 -9999 -9999 -9999 8.77 7.92 8.16 7.63 8.24 7.85 7.47 7.39 7.37 7.19 7.19 7.04 6.97 6.78 6.59 8.74 10.89 11.34 9.85 12.45 11.74 9.22 9.21 7.65 9.56 9.40 8.31 8.23 8.05 7.98 7.98 8.02 8.27 8.59 8.46 7.92 7.80 7.90 9.18 9.00 9.28 7.89 7.78 8.79 10.01 -9999 -9999 -9999 -9999 -9999 -9999 -9999 -9999
-9999 -9999 -9999 -9999 -9999 -9999 -9999 11.78 11.04 10.85 11.19 -9999 -9999 -9999 -9999 -9999 -9999 -9999 -9999 -9999 -9999 -9999 -9999 -9999 -9999 8.74 8.50 7.89 8.11 8.84 7.86 7.84 7.20 7.24 7.42 7.29 7.42 7.49 6.87 6.47 6.40 7.66 12.16 12.31 9.49 10.97 10.74 10.54 8.35 7.64 8.83 9.10 8.47 7.86 7.81 7.92 8.24 8.20 8.31 8.52 8.85 8.32 8.05 7.73 8.90 8.87 8.79 8.00 7.81 8.12 9.37 -9999 -9999 -9999 -9999 -9999 -9999 -9999 -9999
-9999 -9999 -9999 -9999 -9999 14.23 11.68 10.31 10.46 10.16 10.87 10.47 11.10 11.48 -9999 -9999 11.20 9.84 -9999 -9999 -9999 8.56 9.50 8.98 -9999 7.30 8.66 8.06 7.74 8.12 7.69 7.92 7.93 8.35 7.98 7.97 7.29 7.56 6.98 6.87 9.37 7.19 8.66 10.93 7.39 8.88 12.91 8.86 10.18 8.37 8.59 8.55 8.19 8.02 7.98 7.95 8.20 8.02 8.35 8.40 9.01 8.40 8.06 7.81 7.94 8.37 9.08 8.76 7.87 7.70 8.73 10.08 -9999 -9999 -9999 -9999 -9999 -9999 -9999
-9999 -9999 -9999 -9999 -9999 -9999 12.03 10.69 10.06 9.60 9.65 10.37 11.22 9.13 -9999 8.41 9.16 9.98 9.01 9.65 7.21 6.57 9.74 9.70 8.67 -9999 6.97 8.20 8.11 7.59 7.57 8.15 7.67 7.54 7.50 7.40 7.53 7.25 7.46 7.16 9.54 9.75 9.26 9.91 9.59 11.00 11.26 10.15 8.41 7.89 9.03 8.85 7.84 8.27 7.91 8.20 8.27 7.99 8.19 8.31 9.02 8.39 7.97 7.80 7.50 7.95 8.51 9.12 8.43 7.78 8.21 9.49 -9999 -9999 -9999 -9999 -9999 -9999 -9999
