ML/MeanWindSpeed_1998-05_Actual.txt
ncols         180
nrows         290
xllcorner     -200000
yllcorner     -200000
cellsize      5000
NODATA_value  -9999
[rows 175 to 209 of 290, columns 79 to 157 of 180]
-9999 -9999 -9999 -9999 -9999 -9999 -9999 10.14 9.87 9.41 8.67 7.69 5.18 3.56 8.41 14.26 6.48 9.40 9.30 8.78 7.28 5.27 5.86 7.80 8.97 7.20 5.67 6.19 6.97 6.34 6.54 7.66 6.96 6.56 6.10 6.06 5.99 5.63 5.31 5.30 9.75 10.52 9.19 9.59 7.64 7.40 8.72 8.35 6.59 6.22 7.17 6.68 6.19 6.75 6.45 7.38 6.93 6.78 6.58 6.62 7.72 6.84 6.77 6.96 7.00 7.63 8.25 8.48 8.79 9.22 8.21 9.21 10.39 -9999 -9999 -9999 -9999 -9999 -9999
-9999 -9999 -9999 -9999 -9999 -9999 -9999 -9999 11.02 9.18 7.53 5.33 3.69 5.04 17.10 11.69 4.83 9.80 6.40 9.25 9.03 5.93 4.76 10.42 7.98 7.96 6.83 5.96 6.25 6.27 5.73 6.71 7.12 6.80 6.38 5.94 6.00 5.54 5.05 6.73 8.35 11.41 9.58 10.41 9.35 5.75 7.89 9.35 6.67 6.54 7.01 6.35 6.22 6.49 6.50 7.49 6.87 6.68 6.85 6.75 7.44 7.30 6.96 6.98 7.06 7.44 8.29 9.54 8.80 8.34 8.41 9.19 10.40 -9999 -9999 -9999 -9999 -9999 -9999
-9999 -9999 -9999 -9999 -9999 -9999 -9999 -9999 -9999 8.64 6.14 5.35 6.16 14.89 18.03 12.24 8.13 8.01 8.87 10.16 10.45 9.77 6.43 6.11 10.38 7.61 6.76 6.66 6.11 6.06 6.08 6.32 6.76 6.38 5.95 6.01 5.87 5.57 5.75 6.80 9.16 10.22 8.20 8.50 9.74 7.71 5.75 9.26 6.70 6.47 6.93 6.21 6.20 6.23 6.84 7.53 6.99 6.81 6.85 6.55 7.82 7.40 7.13 7.17 7.27 7.80 8.17 8.53 8.43 8.49 8.70 9.67 10.71 -9999 -9999 -9999 -9999 -9999 -9999
-9999 -9999 -9999 -9999 -9999 -9999 -9999 -9999 -9999 7.38 6.05 7.64 9.85 12.47 16.34 9.59 5.36 7.38 9.88 10.43 11.55 10.01 6.91 4.94 10.53 9.75 7.71 7.37 6.03 5.85 6.12 7.05 6.86 6.49 6.14 5.60 5.29 5.62 7.40 7.48 6.56 10.77 8.44 8.90 10.19 9.59 7.86 7.19 6.29 5.19 6.44 6.93 6.08 6.13 6.27 6.96 6.78 7.07 6.92 6.73 7.25 7.91 7.60 7.65 7.59 7.86 8.14 8.40 8.58 9.02 9.63 10.52 -9999 -9999 -9999 -9999 -9999 -9999 -9999
-9999 -9999 -9999 -9999 -9999 -9999 -9999 -9999 -9999 6.55 6.89 8.56 8.94 13.74 12.62 8.53 7.82 6.19 8.05 10.83 10.05 12.11 8.93 5.35 9.64 10.62 10.06 7.43 6.45 5.66 6.42 7.49 7.26 6.48 5.88 5.40 5.60 6.85 7.41 6.25 6.31 9.28 9.03 8.74 8.68 7.83 7.74 8.28 5.28 5.82 6.16 5.90 6.21 5.95 6.89 6.42 6.73 7.00 6.96 7.14 8.87 8.36 7.92 7.72 7.80 7.98 8.28 8.66 9.05 9.85 10.76 -9999 -9999 -9999 -9999 -9999 -9999 -9999 -9999
-9999 -9999 -9999 -9999 -9999 -9999 -9999 -9999 7.99 14.19 8.95 10.57 12.22 8.64 16.15 13.00 10.55 9.13 12.17 10.21 10.88 9.39 6.76 7.30 11.31 10.60 10.19 7.49 6.20 5.51 6.95 7.31 6.89 6.43 5.66 5.47 6.68 6.64 6.51 7.34 8.08 6.87 10.71 9.82 7.49 8.02 7.16 6.31 5.94 5.13 5.29 5.55 6.36 5.95 5.67 7.11 6.64 6.86 7.09 7.45 8.89 8.32 7.91 7.93 7.85 8.14 8.43 8.91 9.82 10.83 -9999 -9999 -9999 -9999 -9999 -9999 -9999 10.36 -9999
-9999 -9999 -9999 -9999 -9999 -9999 8.79 8.59 11.75 10.47 9.21 10.18 11.18 7.02 7.78 9.43 11.44 10.83 12.72 11.63 11.46 6.40 7.85 7.90 6.74 7.96 7.58 7.82 6.69 6.02 7.07 7.50 7.24 6.39 6.15 6.94 6.47 7.08 6.47 7.73 8.27 8.31 7.72 6.95 8.15 7.75 7.06 6.63 6.25 5.90 4.95 5.75 5.58 5.08 5.49 6.14 6.46 6.82 6.82 7.48 8.83 8.23 7.71 7.88 7.89 8.21 8.67 9.42 10.45 -9999 -9999 -9999 -9999 -9999 10.82 10.45 10.02 9.35 9.32
-9999 -9999 -9999 -9999 -9999 9.39 9.39 9.47 9.97 9.80 9.76 9.19 7.23 5.67 7.16 8.95 10.61 16.12 9.73 7.69 6.92 4.48 9.99 11.63 11.64 9.37 8.07 7.96 7.40 6.94 7.36 7.93 7.37 6.85 6.63 7.11 7.45 6.36 6.33 7.97 8.16 7.83 7.47 7.42 7.55 6.69 6.89 5.79 5.56 5.93 5.40 4.98 4.62 4.97 5.89 5.94 6.20 6.54 6.84 7.44 9.04 8.50 7.81 7.76 7.88 8.32 8.87 9.62 10.45 -9999 -9999 -9999 -9999 -9999 10.01 9.44 9.19 8.67 8.52
-9999 -9999 -9999 -9999 9.81 10.80 10.33 10.33 -9999 -9999 -9999 -9999 6.77 10.92 9.56 10.15 12.33 9.97 7.68 9.79 8.84 7.61 15.77 14.35 12.21 12.51 9.58 7.49 7.64 7.63 7.32 7.52 7.42 6.95 7.25 6.81 7.82 6.62 6.47 7.10 7.60 7.72 7.51 6.62 6.65 6.56 6.30 5.60 5.25 4.97 4.79 4.72 4.96 5.56 5.68 5.83 6.57 7.24 7.51 7.74 8.67 8.49 8.30 7.77 7.92 8.34 8.86 9.42 10.15 11.07 -9999 -9999 -9999 -9999 9.32 8.82 8.58 8.41 8.29
-9999 -9999 -9999 -9999 11.01 12.66 10.22 10.36 -9999 -9999 -9999 -9999 6.50 9.66 11.44 7.49 11.62 10.53 9.33 11.53 13.09 10.82 14.89 9.76 10.66 10.55 9.03 7.56 7.50 7.68 7.53 7.76 8.17 7.23 7.61 7.31 7.27 7.55 6.66 6.99 6.40 7.01 7.75 8.04 7.96 6.52 5.84 5.46 5.20 5.42 4.80 5.03 5.62 6.02 6.76 6.38 8.13 8.37 8.67 8.13 8.62 8.52 8.29 7.73 7.95 8.31 8.73 9.20 9.57 10.23 10.76 -9999 -9999 9.81 9.14 8.87 8.91 8.46 8.15
-9999 -9999 -9999 -9999 -9999 -9999 -9999 -9999 -9999 -9999 -9999 -9999 7.31 11.70 10.18 6.68 8.99 7.90 13.05 12.30 9.05 12.50 12.58 11.11 11.30 9.51 8.14 6.93 7.79 7.62 7.89 7.70 7.33 7.14 6.98 6.85 6.99 7.31 6.70 6.57 6.68 6.82 6.64 7.42 7.56 5.82 6.71 7.34 6.16 5.93 5.47 4.88 5.96 7.01 7.89 7.70 7.53 8.20 8.98 8.62 8.96 8.63 8.41 7.68 7.88 8.21 8.61 8.96 9.12 9.40 9.75 10.04 9.75 8.90 8.67 8.12 8.81 8.75 8.68
-9999 -9999 -9999 -9999 -9999 -9999 -9999 -9999 -9999 -9999 -9999 -9999 -9999 11.80 5.25 5.21 8.98 12.92 11.81 13.18 12.83 9.60 10.57 11.48 8.39 8.03 6.87 6.59 6.88 7.34 7.52 7.60 7.34 6.84 6.57 6.87 6.81 7.16 6.80 6.39 8.13 7.54 6.62 6.60 6.56 6.45 6.19 6.98 7.01 6.45 7.30 6.00 6.08 6.92 6.66 7.10 7.52 7.76 8.98 8.98 8.74 8.27 8.37 7.67 7.81 8.03 8.32 8.66 8.92 9.05 8.98 8.95 8.63 8.17 7.88 8.02 8.91 8.83 8.53
-9999 -9999 -9999 -9999 -9999 -9999 -9999 -9999 -9999 -9999 -9999 -9999 -9999 8.06 11.75 12.43 11.11 10.24 9.68 11.69 9.68 9.55 8.34 7.77 9.38 7.19 6.52 7.75 7.21 7.11 7.16 6.66 6.58 6.94 6.78 7.79 7.72 7.33 6.71 6.19 7.88 8.60 7.49 6.65 6.35 6.50 6.48 6.52 6.68 7.20 9.03 7.90 6.51 6.35 6.70 7.65 8.76 8.98 8.71 9.20 8.77 8.30 7.93 7.66 7.74 7.88 8.16 8.41 8.60 8.71 8.65 8.45 8.16 8.05 7.90 7.84 8.64 8.71 9.18
-9999 -9999 -9999 -9999 -9999 -9999 -9999 -9999 -9999 -9999 -9999 -9999 9.01 9.26 7.74 14.52 9.73 8.01 10.01 10.10 8.97 11.29 8.55 8.09 9.78 6.45 11.27 8.12 6.33 6.58 7.84 6.55 6.21 8.62 8.53 7.97 6.99 7.23 6.96 6.53 7.35 7.86 7.44 6.78 6.58 6.46 6.50 6.92 6.80 7.80 7.78 7.23 6.71 6.50 7.12 8.09 9.14 9.24 8.54 8.71 8.51 8.24 7.95 7.70 7.69 7.83 8.02 8.20 8.28 8.37 8.33 8.06 7.88 8.22 8.17 7.96 8.30 8.71 8.29
-9999 -9999 -9999 -9999 -9999 -9999 -9999 -9999 -9999 -9999 -9999 -9999 7.95 9.58 14.48 8.88 4.99 6.49 6.89 9.07 11.65 11.39 8.94 8.49 8.25 6.32 6.97 7.71 8.56 8.27 6.83 6.85 6.74 7.29 8.06 7.13 6.86 7.36 7.13 7.33 7.83 7.62 7.67 7.23 6.82 6.64 6.41 6.54 6.82 7.66 8.03 7.39 6.30 6.60 7.82 9.19 8.89 9.44 9.27 8.67 8.11 8.71 7.93 7.99 7.77 7.85 7.87 7.98 8.06 8.05 8.01 7.88 7.77 8.44 8.24 7.84 8.06 8.64 8.47
-9999 -9999 -9999 -9999 -9999 -9999 -9999 -9999 -9999 -9999 -9999 -9999 8.93 11.36 5.99 6.88 5.35 6.37 7.25 12.29 11.07 12.08 9.27 8.21 6.42 5.12 6.04 9.00 10.61 11.58 7.42 8.58 7.30 7.68 7.90 6.60 6.61 6.99 7.32 7.57 7.14 7.33 8.44 7.67 6.76 6.64 7.52 6.42 6.94 7.35 7.26 6.69 6.31 6.91 7.71 8.42 8.70 8.66 7.96 7.91 8.37 8.56 7.60 7.49 7.73 7.77 7.80 7.79 7.74 7.81 7.77 7.73 7.71 7.97 7.83 7.93 7.87 8.30 8.26
-9999 -9999 -9999 -9999 -9999 -9999 -9999 -9999 -9999 -9999 -9999 -9999 -9999 6.28 7.60 8.79 10.14 10.97 9.70 10.70 9.42 6.82 6.31 5.61 6.29 6.33 5.92 7.47 8.34 11.12 8.91 7.70 7.12 8.49 8.37 6.53 7.21 6.56 6.89 8.75 7.23 7.15 7.18 7.29 6.50 6.39 7.75 7.31 6.87 7.36 6.97 6.63 6.87 7.65 7.57 7.78 7.56 8.14 7.53 8.49 8.56 7.77 7.50 7.92 7.82 7.55 7.53 7.51 7.54 7.59 7.58 7.58 7.55 7.59 7.59 7.73 7.67 7.69 7.92
-9999 -9999 -9999 -9999 -9999 -9999 -9999 -9999 -9999 -9999 -9999 -9999 -9999 7.04 8.15 9.08 10.73 13.11 12.38 9.55 7.28 5.86 7.00 8.60 10.09 11.62 9.01 7.60 8.62 9.67 8.78 6.92 9.33 8.59 8.46 7.14 7.86 6.97 6.73 7.30 8.31 7.99 7.49 7.04 6.49 6.50 7.54 7.38 7.04 7.09 7.34 7.41 7.60 8.02 7.50 7.40 8.44 8.54 8.53 8.35 8.56 7.72 7.92 8.35 7.52 7.33 7.32 7.31 7.40 7.40 7.36 7.39 7.38 7.39 7.30 7.16 6.97 6.93 7.25
-9999 -9999 -9999 -9999 -9999 -9999 -9999 -9999 -9999 -9999 -9999 -9999 7.34 5.90 7.34 9.93 10.95 10.29 9.97 7.95 8.57 12.33 9.85 10.06 10.02 8.50 7.77 8.59 9.46 8.21 7.23 7.82 9.42 9.27 8.56 7.05 8.08 6.70 6.68 8.09 7.52 7.81 7.86 7.23 6.81 6.74 7.71 7.60 6.86 7.07 7.04 6.92 7.60 7.34 8.28 7.87 8.49 7.95 8.34 8.57 7.82 7.56 8.28 8.22 7.36 7.24 7.45 7.24 7.31 7.30 7.34 7.31 7.21 7.13 6.91 7.14 7.34 7.37 6.82
-9999 -9999 -9999 -9999 -9999 -9999 -9999 -9999 -9999 -9999 -9999 -9999 9.15 7.60 7.22 7.47 9.35 12.54 11.74 10.26 8.83 9.61 11.09 12.13 11.90 8.63 10.46 11.24 7.99 9.95 6.51 7.33 9.26 10.83 7.69 7.83 6.85 6.24 6.43 7.27 9.68 8.29 8.16 7.68 7.31 7.30 7.67 7.38 6.84 6.94 6.87 6.75 6.74 7.91 8.38 8.38 8.97 8.22 7.97 8.03 7.64 7.91 8.38 8.12 7.59 7.79 7.55 7.69 7.30 7.26 7.37 7.40 7.08 6.87 6.61 6.55 7.26 7.36 7.42
-9999 -9999 -9999 -9999 -9999 -9999 -9999 -9999 -9999 -9999 -9999 -9999 7.95 7.38 4.96 6.13 8.73 12.56 10.83 10.90 8.97 11.19 10.74 9.34 9.67 10.25 10.21 8.79 7.66 8.22 10.32 7.36 7.69 7.78 7.60 8.77 7.58 6.31 6.45 7.28 7.83 7.65 8.39 8.00 7.58 7.69 7.22 6.65 6.94 7.08 7.14 6.60 7.18 8.42 8.52 7.84 8.10 8.87 8.07 8.32 7.50 8.30 8.49 7.84 7.66 7.69 7.13 7.18 7.04 7.09 7.12 7.01 6.81 6.67 6.45 6.70 6.36 6.76 7.00
-9999 -9999 -9999 -9999 -9999 -9999 -9999 -9999 -9999 -9999 -9999 7.31 8.54 10.24 7.45 5.56 9.15 10.69 12.48 12.41 8.41 9.14 8.13 9.15 10.34 8.85 8.86 10.47 9.06 8.47 8.05 7.16 6.73 6.99 7.69 7.71 7.38 7.01 6.56 6.66 7.50 7.75 7.21 7.58 7.30 7.79 7.07 6.78 6.77 6.40 6.26 6.52 7.62 7.81 8.02 7.50 8.28 8.44 8.12 7.55 8.30 8.41 8.45 8.56 8.12 7.59 7.31 7.02 7.00 7.02 6.88 6.71 6.45 6.26 6.30 6.64 6.67 6.80 7.06
-9999 -9999 -9999 -9999 -9999 -9999 -9999 -9999 -9999 -9999 7.94 8.38 9.46 7.59 5.55 8.10 11.37 12.33 10.93 12.57 9.22 10.27 8.51 7.85 13.24 9.40 10.20 8.62 8.60 7.38 7.09 7.19 8.13 7.30 8.90 7.63 7.83 6.59 6.38 6.61 7.10 7.41 7.11 7.24 7.48 7.51 6.27 6.62 6.47 6.54 6.66 6.99 7.64 7.23 7.97 7.57 7.90 7.37 7.37 8.42 8.83 8.52 8.65 8.46 7.61 7.77 7.61 7.43 7.28 6.93 6.57 6.23 6.25 6.17 6.75 7.05 7.33 7.46 6.99
-9999 -9999 -9999 -9999 -9999 -9999 -9999 -9999 8.52 7.59 7.09 6.36 6.37 6.51 6.41 9.31 11.10 12.80 14.29 12.52 10.02 6.80 8.98 8.45 12.12 10.00 9.27 9.33 7.95 7.44 6.45 7.26 8.85 8.32 8.45 6.71 6.84 6.63 6.62 7.14 7.00 7.39 6.80 6.90 7.04 6.38 6.10 6.28 6.88 6.68 7.44 8.06 7.76 7.42 7.07 6.92 7.68 8.23 8.08 8.44 7.84 8.64 8.73 8.08 7.31 7.22 7.79 7.52 7.39 6.57 6.18 5.82 5.95 6.80 7.24 7.21 8.02 7.93 7.84
-9999 -9999 -9999 -9999 8.21 7.46 6.34 9.05 9.20 9.59 9.83 7.83 7.11 6.53 10.70 9.75 12.28 12.75 12.44 9.42 7.77 5.85 7.39 7.78 13.87 12.27 9.80 7.91 8.25 7.64 8.85 6.70 8.38 8.68 8.32 7.48 6.64 6.33 7.13 6.66 6.25 7.51 6.62 6.41 5.97 6.19 6.54 6.88 6.21 7.05 6.86 7.29 8.10 7.92 7.64 7.46 8.03 8.14 7.97 7.85 8.62 7.91 7.80 7.55 7.16 7.64 7.72 7.56 6.78 6.05 5.89 5.95 6.83 7.05 6.87 7.71 7.27 7.72 8.20
-9999 -9999 -9999 9.21 7.27 7.77 7.15 6.76 8.65 8.47 8.86 6.98 5.99 9.20 10.28 11.34 9.06 13.56 9.88 7.46 11.30 8.41 5.97 12.69 11.45 9.72 5.96 6.22 7.06 9.77 7.27 6.87 7.04 7.15 8.53 8.01 7.74 6.67 6.85 6.29 6.15 7.03 6.45 5.82 5.81 6.21 6.70 6.51 8.13 6.75 6.70 7.17 7.82 7.29 7.21 6.92 7.16 7.68 7.65 8.31 7.86 7.47 7.57 7.67 7.09 7.21 7.07 6.37 5.97 5.69 5.67 5.86 6.30 7.12 7.21 7.44 7.37 7.53 7.87
-9999 -9999 8.87 8.57 6.27 6.06 6.25 7.23 7.17 7.87 7.09 7.61 11.39 9.34 8.87 12.21 7.28 9.30 8.83 11.29 10.61 11.33 9.71 9.91 8.43 5.28 9.33 9.44 6.78 7.37 6.87 6.62 7.23 6.69 6.96 8.37 8.48 6.43 6.13 6.18 6.49 5.96 5.22 5.36 7.71 6.25 6.11 6.68 7.49 7.07 6.76 7.31 7.76 7.70 8.06 7.51 6.85 6.79 6.86 7.73 7.44 7.04 7.76 7.55 6.92 6.85 6.49 6.02 5.98 5.90 5.89 6.15 6.28 6.99 6.46 6.44 6.94 6.91 7.42
8.32 9.39 7.10 7.11 7.77 6.89 6.55 8.55 7.78 7.94 7.98 10.49 10.23 9.12 10.51 9.97 7.66 7.34 10.28 10.69 9.48 9.86 11.35 8.32 5.13 9.02 10.47 8.62 9.02 7.05 7.21 6.51 7.01 8.63 7.02 9.06 7.44 6.29 5.95 6.16 7.18 4.88 5.11 8.57 6.59 6.23 6.24 6.88 7.88 6.85 6.91 7.29 7.06 7.49 7.41 6.88 6.48 6.69 6.41 6.87 7.19 7.11 6.73 6.40 6.16 6.02 6.25 7.24 6.54 7.19 6.62 5.81 6.83 6.61 6.61 6.38 6.41 6.84 7.02
7.56 9.75 12.40 11.39 10.67 7.72 8.76 10.36 9.36 9.11 11.06 9.85 9.54 11.52 8.70 6.29 6.46 6.90 9.58 9.75 9.33 8.67 7.95 6.19 7.57 15.53 12.23 9.28 7.11 7.58 7.14 8.46 7.20 7.63 6.81 7.11 7.06 6.67 6.00 5.73 5.39 4.58 7.63 8.46 7.85 6.63 6.32 8.74 7.69 6.97 7.14 6.89 7.52 7.38 7.00 6.16 6.89 6.46 5.93 7.44 7.22 6.18 6.05 5.96 5.76 6.18 6.99 7.26 7.01 7.42 6.80 6.44 6.98 6.61 5.93 6.18 6.21 6.70 7.09
8.34 9.51 9.88 9.18 7.93 9.47 8.49 10.22 7.52 8.64 10.92 10.40 8.79 9.33 5.97 5.03 7.94 9.22 8.61 7.47 9.09 6.31 5.17 4.60 9.27 13.26 14.11 7.86 8.13 8.31 8.54 7.70 6.50 7.64 7.09 7.28 6.76 6.66 5.31 4.80 5.56 5.42 7.96 8.16 7.56 6.32 7.08 8.70 8.24 7.73 7.22 7.42 7.28 6.77 6.28 6.09 6.39 6.66 6.25 6.12 5.97 5.67 6.66 7.21 5.96 6.27 7.07 7.41 6.96 7.34 7.21 7.15 7.12 6.02 5.97 5.87 6.02 6.06 6.70
8.54 9.33 9.01 9.18 8.36 8.38 9.50 8.46 8.97 7.68 7.55 7.36 6.77 6.03 7.40 6.21 9.84 15.60 8.23 8.22 8.62 12.36 11.63 4.57 5.05 15.08 11.70 9.42 9.63 10.49 8.62 6.55 5.73 7.86 8.28 7.25 6.47 5.83 4.86 4.48 5.71 8.15 8.80 7.94 7.33 6.83 6.81 7.13 8.10 7.42 7.19 6.94 6.50 6.04 5.82 6.47 6.24 6.00 5.82 5.03 5.21 5.99 6.03 6.77 6.30 6.45 6.64 6.90 7.30 7.41 7.31 7.27 7.35 5.96 5.48 5.92 5.99 5.76 6.36
8.25 9.18 8.28 8.52 8.39 8.37 7.59 7.55 8.14 7.25 8.42 7.18 8.82 5.68 8.08 10.16 10.75 12.13 12.51 9.90 11.61 13.37 8.68 10.29 9.42 6.03 10.77 10.66 7.54 7.93 6.26 7.38 7.12 10.00 9.29 7.06 6.20 5.22 4.64 5.59 8.53 7.69 9.29 7.93 7.47 7.96 7.17 8.48 7.27 7.32 6.80 6.42 6.10 6.13 5.94 5.81 5.41 5.10 4.58 4.69 5.74 6.63 6.33 5.96 6.63 6.27 7.15 6.55 6.51 6.65 6.77 6.99 7.01 6.40 5.46 5.85 5.92 5.92 6.57
8.19 7.82 8.95 9.81 11.16 9.93 8.48 7.73 7.00 7.18 9.59 7.06 8.05 5.55 7.77 8.70 8.42 7.58 9.40 8.40 10.83 11.16 12.60 10.36 11.27 10.45 14.25 9.04 7.82 7.18 7.69 6.95 9.36 9.32 9.53 6.40 5.57 4.83 7.89 8.62 8.77 9.43 7.84 8.13 8.16 7.87 7.24 7.34 7.27 6.86 6.46 6.30 6.07 6.39 6.18 6.02 5.12 4.26 4.17 4.93 6.57 5.40 6.02 6.33 6.11 6.07 6.27 6.09 6.20 6.51 6.18 6.65 6.61 6.18 5.95 5.99 5.65 5.61 6.69
8.49 8.07 8.16 9.42 9.38 9.73 8.78 8.13 7.60 7.23 7.80 9.86 6.59 10.18 9.81 10.18 11.22 9.50 7.15 7.36 9.36 8.81 10.61 10.12 8.65 12.44 12.41 7.60 8.11 5.97 6.54 8.29 9.29 8.96 8.07 6.02 5.07 6.51 6.38 8.43 8.61 8.13 8.33 7.96 7.56 7.55 6.88 6.58 6.50 6.36 7.53 6.35 6.91 6.22 5.69 4.52 3.82 3.88 4.81 6.06 5.85 5.66 5.96 6.00 5.87 6.15 6.63 6.97 5.75 6.40 7.04 6.43 6.13 6.32 5.50 5.77 6.62 6.19 6.02
8.94 9.31 9.96 10.80 -9999 -9999 -9999 -9999 8.49 8.42 9.40 7.36 6.40 7.84 8.40 8.17 7.30 4.09 11.98 12.50 8.48 7.68 8.31 9.95 10.80 12.32 9.48 7.75 6.48 5.57 9.43 8.65 10.15 7.52 6.80 5.90 5.59 7.73 6.87 8.79 8.75 7.90 7.85 7.47 7.10 6.70 6.42 6.27 6.28 6.28 7.25 6.61 6.96 6.82 5.75 4.50 3.74 5.05 5.19 5.82 5.93 5.98 4.90 5.24 5.47 6.60 7.03 6.70 5.57 6.20 6.82 6.59 6.13 6.65 6.17 6.08 6.44 6.49 6.10
