ML/MeanWindSpeed_1996-04_Actual.txt
ncols         180
nrows         290
xllcorner     -200000
yllcorner     -200000
cellsize      5000
NODATA_value  -9999
[rows 105 to 139 of 290, columns 78 to 155 of 180]
11.80 14.56 10.20 6.62 9.34 14.38 14.33 12.16 10.05 10.93 15.26 10.29 13.26 8.06 10.33 13.93 8.82 5.77 5.99 8.05 7.06 6.84 8.10 8.58 7.16 8.19 7.49 7.41 9.85 9.02 9.14 8.85 -9999 -9999 -9999 -9999 -9999 -9999 -9999 -9999 -9999 -9999 -9999 -9999 -9999 -9999 -9999 -9999 -9999 -9999 -9999 -9999 -9999 -9999 -9999 -9999 -9999 -9999 -9999 -9999 -9999 -9999 -9999 -9999 -9999 -9999 -9999 -9999 -9999 -9999 -9999 -9999 -9999 -9999 -9999 -9999 -9999 -9999
13.10 10.97 12.19 15.71 14.90 17.52 10.02 13.68 6.92 15.68 7.92 17.57 9.03 12.04 18.68 11.56 8.52 10.66 9.39 6.77 6.69 6.14 6.22 7.77 6.83 6.47 8.10 8.80 8.68 8.71 7.51 8.64 9.22 -9999 -9999 -9999 -9999 -9999 -9999 -9999 -9999 -9999 -9999 -9999 -9999 -9999 -9999 -9999 -9999 -9999 -9999 -9999 -9999 -9999 -9999 -9999 -9999 -9999 -9999 -9999 -9999 -9999 -9999 -9999 -9999 -9999 -9999 -9999 -9999 -9999 -9999 -9999 -9999 -9999 -9999 -9999 -9999 -9999
13.06 7.67 14.83 11.55 7.48 11.72 15.29 14.48 6.61 15.17 12.77 13.58 10.09 14.83 12.06 13.29 16.65 12.68 10.84 9.14 7.87 8.11 9.62 10.24 11.58 10.83 9.17 7.92 7.36 9.72 8.33 10.51 10.25 10.95 -9999 -9999 -9999 -9999 -9999 -9999 -9999 -9999 -9999 -9999 -9999 -9999 -9999 -9999 -9999 -9999 -9999 -9999 -9999 -9999 -9999 -9999 -9999 -9999 -9999 -9999 -9999 -9999 -9999 -9999 -9999 -9999 -9999 -9999 -9999 -9999 -9999 -9999 -9999 -9999 -9999 -9999 -9999 -9999
9.93 13.43 13.61 10.38 6.88 13.20 14.57 18.53 8.48 14.34 11.43 12.16 11.42 12.26 6.93 8.90 10.43 10.06 7.60 9.42 11.70 15.02 13.78 12.32 10.29 9.60 11.06 7.35 8.88 10.09 10.56 10.88 10.93 11.10 10.96 -9999 -9999 -9999 -9999 -9999 -9999 -9999 -9999 -9999 -9999 -9999 -9999 -9999 -9999 -9999 -9999 -9999 -9999 -9999 -9999 -9999 -9999 -9999 -9999 -9999 -9999 -9999 -9999 -9999 -9999 -9999 -9999 -9999 -9999 -9999 -9999 -9999 -9999 -9999 -9999 -9999 -9999 -9999
14.05 16.61 8.69 6.86 11.85 17.50 12.46 5.81 9.37 22.47 10.20 9.49 10.76 10.74 8.48 7.70 6.15 6.80 10.88 16.48 15.50 12.75 11.19 8.62 8.18 8.77 10.38 9.01 9.82 9.28 8.75 9.45 9.90 10.25 -9999 -9999 -9999 -9999 -9999 -9999 -9999 -9999 -9999 -9999 -9999 -9999 -9999 -9999 -9999 -9999 -9999 -9999 -9999 -9999 -9999 -9999 -9999 -9999 -9999 -9999 -9999 -9999 -9999 -9999 -9999 -9999 -9999 -9999 -9999 -9999 -9999 -9999 -9999 -9999 -9999 -9999 -9999 -9999
11.66 10.64 9.71 16.05 9.07 14.76 14.91 14.91 11.16 8.96 18.45 10.86 8.58 7.24 7.13 6.59 6.07 6.18 10.41 8.15 7.11 6.25 7.95 10.17 9.05 9.20 8.66 8.96 10.28 9.77 -9999 -9999 -9999 -9999 -9999 -9999 -9999 -9999 -9999 -9999 -9999 -9999 -9999 -9999 -9999 -9999 -9999 -9999 -9999 -9999 -9999 -9999 -9999 -9999 -9999 -9999 -9999 -9999 -9999 -9999 -9999 -9999 -9999 -9999 -9999 -9999 -9999 -9999 -9999 -9999 -9999 -9999 -9999 -9999 -9999 -9999 -9999 -9999
10.70 7.62 14.92 15.14 16.61 17.38 8.07 15.19 15.41 8.16 11.73 12.66 9.44 9.15 10.06 11.24 12.40 8.25 7.03 6.31 6.66 7.78 8.87 10.27 9.57 9.41 10.08 9.94 -9999 -9999 -9999 -9999 -9999 -9999 -9999 -9999 -9999 -9999 -9999 -9999 -9999 -9999 -9999 -9999 -9999 -9999 -9999 -9999 -9999 -9999 -9999 -9999 -9999 -9999 -9999 -9999 -9999 -9999 -9999 -9999 -9999 -9999 -9999 -9999 -9999 -9999 -9999 -9999 -9999 -9999 -9999 -9999 -9999 -9999 -9999 -9999 -9999 -9999
9.09 15.27 11.40 15.50 17.25 14.48 12.22 15.78 15.78 8.98 8.46 7.76 8.30 9.37 10.22 13.41 14.64 11.15 8.95 7.27 7.08 8.63 8.28 8.72 9.35 11.45 12.40 10.65 -9999 -9999 -9999 -9999 -9999 -9999 -9999 -9999 -9999 -9999 -9999 -9999 -9999 -9999 -9999 -9999 -9999 -9999 -9999 -9999 -9999 -9999 -9999 -9999 -9999 -9999 -9999 -9999 -9999 -9999 -9999 -9999 -9999 -9999 -9999 -9999 -9999 -9999 -9999 -9999 -9999 -9999 -9999 -9999 -9999 -9999 -9999 -9999 -9999 -9999
11.26 14.93 11.43 14.75 14.16 15.98 10.66 9.15 10.81 10.74 10.09 10.09 7.82 16.74 16.35 14.41 14.36 10.98 8.07 7.93 7.61 7.59 7.30 7.33 8.62 8.40 -9999 -9999 -9999 -9999 -9999 10.55 9.65 9.87 9.36 -9999 -9999 -9999 -9999 -9999 -9999 -9999 -9999 -9999 -9999 -9999 -9999 -9999 -9999 -9999 -9999 -9999 -9999 -9999 -9999 -9999 -9999 -9999 -9999 -9999 -9999 -9999 -9999 -9999 -9999 -9999 -9999 -9999 -9999 -9999 -9999 -9999 -9999 -9999 -9999 -9999 -9999 -9999
11.63 16.32 11.29 8.65 18.60 10.34 10.37 9.34 8.60 10.39 12.12 14.87 11.03 10.67 9.00 8.82 8.24 9.04 9.46 9.84 9.42 8.44 8.72 9.07 8.60 8.23 8.82 9.79 -9999 -9999 9.00 8.69 8.58 7.55 7.97 8.75 9.40 -9999 -9999 -9999 -9999 -9999 -9999 -9999 -9999 -9999 -9999 -9999 -9999 -9999 -9999 -9999 -9999 -9999 -9999 -9999 -9999 -9999 -9999 -9999 -9999 -9999 -9999 -9999 -9999 -9999 -9999 -9999 -9999 -9999 -9999 -9999 -9999 -9999 -9999 -9999 -9999 -9999
13.95 11.35 12.46 13.64 15.17 10.43 11.62 13.57 12.73 11.74 9.21 9.13 9.78 8.76 8.61 8.32 8.31 9.21 10.35 10.25 9.30 10.39 10.63 8.41 7.44 7.72 8.23 9.77 8.69 8.80 9.16 8.19 6.70 7.58 10.21 10.52 12.31 8.88 -9999 -9999 -9999 -9999 -9999 -9999 -9999 -9999 -9999 -9999 -9999 -9999 -9999 -9999 -9999 -9999 -9999 -9999 -9999 -9999 -9999 -9999 -9999 -9999 -9999 -9999 -9999 -9999 -9999 -9999 -9999 -9999 -9999 -9999 -9999 -9999 -9999 -9999 -9999 -9999
11.48 14.66 13.39 10.76 10.36 -9999 13.81 16.06 12.22 10.48 8.64 8.06 8.25 8.76 9.27 8.93 8.98 10.83 10.79 10.78 9.82 8.92 8.65 7.65 8.09 8.69 10.15 8.84 7.61 9.50 8.44 8.07 7.38 9.17 11.32 11.60 12.63 10.96 12.07 13.06 9.76 -9999 -9999 -9999 -9999 -9999 -9999 -9999 -9999 -9999 -9999 -9999 -9999 -9999 -9999 -9999 -9999 -9999 -9999 -9999 -9999 -9999 -9999 -9999 -9999 -9999 -9999 -9999 -9999 -9999 -9999 -9999 -9999 -9999 -9999 -9999 -9999 -9999
12.39 -9999 12.27 13.65 10.94 -9999 14.72 17.96 12.92 11.59 9.30 9.05 8.66 8.78 8.06 8.15 8.32 9.23 11.25 11.12 11.12 9.40 8.95 9.82 10.86 12.81 11.01 8.27 7.02 8.51 8.60 8.69 13.27 14.03 11.44 11.36 10.64 10.74 10.92 8.97 9.90 -9999 -9999 -9999 -9999 -9999 -9999 -9999 -9999 -9999 -9999 -9999 -9999 -9999 -9999 -9999 -9999 -9999 -9999 -9999 -9999 -9999 -9999 -9999 -9999 -9999 -9999 -9999 -9999 -9999 -9999 -9999 -9999 -9999 -9999 -9999 -9999 -9999
12.29 -9999 -9999 13.82 12.13 12.07 13.96 15.20 10.21 10.62 12.41 10.77 9.99 9.48 11.74 9.19 7.58 8.35 9.09 10.67 11.41 12.36 10.47 12.47 12.99 10.99 9.79 9.73 8.87 9.41 10.64 11.50 11.13 13.31 11.35 10.65 10.57 7.81 7.81 8.94 10.23 10.73 -9999 -9999 -9999 -9999 -9999 -9999 -9999 -9999 -9999 -9999 -9999 -9999 -9999 -9999 -9999 -9999 -9999 -9999 -9999 -9999 -9999 -9999 -9999 -9999 -9999 -9999 -9999 -9999 -9999 -9999 -9999 -9999 -9999 -9999 -9999 -9999
-9999 -9999 -9999 -9999 12.79 11.67 14.58 11.32 8.96 10.21 11.54 12.79 11.57 10.59 11.61 11.73 9.85 7.71 9.62 11.89 10.91 10.69 11.06 12.54 11.10 9.49 10.02 10.19 12.99 12.14 10.46 9.90 8.63 10.88 10.46 9.79 10.47 8.21 7.58 7.68 7.71 8.33 -9999 -9999 -9999 -9999 -9999 -9999 -9999 -9999 -9999 -9999 -9999 -9999 -9999 -9999 -9999 -9999 -9999 -9999 -9999 -9999 -9999 -9999 -9999 -9999 -9999 -9999 -9999 -9999 -9999 -9999 -9999 -9999 -9999 -9999 -9999 -9999
15.00 16.19 -9999 -9999 -9999 12.57 13.14 10.60 9.93 9.73 10.24 11.85 12.60 13.01 13.17 11.95 11.37 10.19 7.55 11.38 10.27 9.95 10.16 9.19 8.78 11.09 9.75 12.86 15.90 14.04 11.38 11.23 8.35 9.32 9.16 9.64 10.05 8.13 7.46 7.36 7.25 8.14 8.79 -9999 -9999 -9999 -9999 -9999 -9999 -9999 -9999 -9999 -9999 -9999 -9999 -9999 -9999 -9999 -9999 -9999 -9999 -9999 -9999 -9999 -9999 -9999 -9999 -9999 -9999 -9999 -9999 -9999 -9999 -9999 -9999 -9999 -9999 -9999
16.55 18.09 12.77 -9999 -9999 -9999 11.89 11.01 9.70 9.22 9.27 9.56 11.22 11.56 11.21 10.20 10.48 10.84 10.82 9.48 9.64 9.66 11.07 10.05 12.55 8.39 9.71 9.22 9.48 13.56 13.24 10.89 9.84 8.29 8.12 8.51 8.73 7.52 7.39 6.95 7.59 8.02 7.69 7.89 -9999 -9999 -9999 -9999 -9999 -9999 -9999 -9999 -9999 -9999 -9999 -9999 -9999 -9999 -9999 -9999 -9999 -9999 -9999 -9999 -9999 -9999 -9999 -9999 -9999 -9999 -9999 -9999 -9999 -9999 -9999 -9999 -9999 -9999
14.45 15.49 11.38 -9999 -9999 -9999 -9999 -9999 10.60 9.48 8.23 7.89 8.23 8.56 10.08 12.99 12.98 11.65 10.76 9.85 11.03 10.36 10.12 9.28 11.85 7.98 9.37 10.17 8.66 6.35 8.59 7.98 9.26 7.60 8.80 8.21 6.90 6.88 6.77 6.84 6.36 8.34 8.17 7.49 7.28 -9999 -9999 -9999 -9999 -9999 -9999 -9999 -9999 -9999 -9999 -9999 -9999 -9999 -9999 -9999 -9999 -9999 -9999 -9999 -9999 -9999 -9999 -9999 -9999 -9999 -9999 -9999 -9999 -9999 -9999 -9999 -9999 -9999
10.64 17.81 12.89 -9999 -9999 -9999 -9999 -9999 11.26 10.60 10.52 8.82 10.24 12.19 11.49 13.35 13.94 13.12 10.93 12.06 10.96 9.90 11.49 12.06 7.82 16.54 10.44 13.26 9.28 11.44 11.18 7.19 9.44 8.01 7.39 6.84 7.36 8.83 9.15 7.80 7.70 5.64 7.50 9.08 6.98 8.20 8.71 -9999 -9999 -9999 -9999 -9999 -9999 -9999 -9999 -9999 -9999 -9999 -9999 -9999 -9999 -9999 -9999 -9999 -9999 -9999 -9999 -9999 -9999 -9999 -9999 -9999 -9999 -9999 -9999 -9999 -9999 -9999
14.74 17.23 16.81 -9999 -9999 -9999 -9999 -9999 11.21 9.94 9.98 9.21 9.58 11.14 9.51 10.45 10.60 12.75 11.60 11.34 10.27 12.54 16.13 13.40 11.25 17.82 15.31 10.45 11.10 8.97 7.15 8.75 9.39 8.00 8.42 8.42 6.99 7.50 7.59 9.12 11.66 8.47 7.15 8.00 8.18 7.13 7.89 -9999 -9999 -9999 -9999 -9999 -9999 -9999 -9999 -9999 -9999 -9999 -9999 -9999 -9999 -9999 -9999 -9999 -9999 -9999 -9999 -9999 -9999 -9999 -9999 -9999 -9999 -9999 -9999 -9999 -9999 -9999
12.31 13.62 15.47 -9999 -9999 -9999 -9999 -9999 10.57 9.43 9.17 9.12 9.05 9.33 10.14 13.39 14.81 12.32 13.01 9.99 10.04 10.11 12.73 8.64 14.07 12.32 9.88 11.17 12.28 7.52 9.99 8.26 9.16 8.96 6.83 8.14 8.54 8.04 7.32 13.22 13.27 11.62 6.96 7.51 8.00 7.24 8.13 -9999 -9999 -9999 -9999 -9999 -9999 -9999 -9999 -9999 -9999 -9999 -9999 -9999 -9999 -9999 -9999 -9999 -9999 -9999 -9999 -9999 -9999 -9999 -9999 -9999 -9999 -9999 -9999 -9999 -9999 -9999
-9999 -9999 -9999 -9999 -9999 -9999 -9999 13.05 10.79 10.24 9.28 9.70 10.27 9.33 10.70 11.19 13.37 11.42 11.15 13.56 11.71 12.88 12.63 12.39 14.97 13.41 8.47 9.86 11.14 10.31 9.14 9.58 7.16 8.47 9.12 6.93 8.23 7.82 10.70 11.35 13.98 11.60 6.92 6.42 5.89 7.08 8.12 -9999 -9999 -9999 -9999 -9999 -9999 -9999 -9999 -9999 -9999 -9999 -9999 -9999 -9999 -9999 -9999 -9999 -9999 -9999 -9999 -9999 -9999 -9999 -9999 -9999 -9999 -9999 -9999 -9999 -9999 -9999
-9999 -9999 -9999 -9999 -9999 -9999 -9999 14.48 9.23 9.60 11.22 12.56 11.76 10.01 9.79 10.07 7.77 9.12 13.23 13.86 11.90 10.86 8.70 7.19 13.88 7.92 9.00 8.89 9.57 9.23 8.03 6.17 9.13 8.75 8.31 7.43 7.82 9.88 11.00 9.50 10.71 10.63 7.03 5.40 5.73 7.98 7.15 -9999 -9999 -9999 -9999 -9999 -9999 -9999 -9999 -9999 -9999 -9999 -9999 -9999 -9999 -9999 -9999 -9999 -9999 -9999 -9999 -9999 -9999 -9999 -9999 -9999 -9999 -9999 -9999 -9999 -9999 -9999
-9999 -9999 -9999 -9999 -9999 -9999 12.53 11.60 7.84 9.86 11.55 10.00 12.48 14.50 13.05 14.76 12.27 9.95 8.68 9.15 11.95 10.84 9.07 5.55 7.84 12.12 8.83 11.26 8.49 8.54 6.09 6.80 8.81 7.92 7.98 9.18 10.78 12.07 10.85 8.50 7.17 7.31 6.56 8.92 9.60 8.01 7.48 -9999 -9999 -9999 -9999 -9999 -9999 -9999 -9999 -9999 -9999 -9999 -9999 -9999 -9999 -9999 -9999 -9999 -9999 -9999 -9999 -9999 -9999 -9999 -9999 -9999 -9999 -9999 -9999 -9999 -9999 -9999
-9999 -9999 -9999 -9999 -9999 -9999 11.07 7.86 11.36 9.77 11.70 9.48 12.59 12.80 15.38 14.11 13.98 12.29 10.57 7.33 15.67 14.80 9.32 5.32 8.79 11.30 8.03 8.66 10.55 7.34 9.58 10.90 8.90 10.43 10.57 13.73 8.63 7.85 8.38 8.95 8.98 6.77 5.61 7.47 7.46 6.89 7.15 8.36 -9999 -9999 -9999 -9999 -9999 -9999 -9999 -9999 -9999 -9999 -9999 -9999 -9999 -9999 -9999 -9999 -9999 -9999 -9999 -9999 -9999 -9999 -9999 -9999 -9999 -9999 -9999 -9999 -9999 -9999
-9999 -9999 -9999 -9999 -9999 10.45 12.49 12.23 11.48 12.12 11.82 10.23 8.79 13.22 12.57 13.74 13.26 13.07 9.24 5.87 9.21 10.90 10.28 7.07 6.45 8.21 8.05 7.99 8.64 12.27 8.22 7.75 7.88 6.94 12.48 9.96 11.74 9.87 6.59 7.81 8.58 9.36 10.24 6.91 6.30 6.16 6.96 7.97 -9999 -9999 -9999 -9999 -9999 -9999 -9999 -9999 -9999 -9999 -9999 -9999 -9999 -9999 -9999 -9999 -9999 -9999 -9999 -9999 -9999 -9999 -9999 -9999 -9999 -9999 -9999 -9999 -9999 -9999
-9999 -9999 -9999 -9999 -9999 12.44 11.84 10.55 14.52 13.42 11.09 10.60 13.56 8.89 10.00 12.40 10.74 10.75 7.41 5.82 7.70 8.78 11.31 6.85 6.73 6.34 7.45 5.98 10.22 6.32 10.38 8.29 5.79 12.16 6.33 7.78 8.94 8.28 9.28 6.63 6.99 9.89 9.31 7.28 7.73 7.28 7.07 8.13 -9999 -9999 -9999 -9999 -9999 -9999 -9999 -9999 -9999 -9999 -9999 -9999 -9999 -9999 -9999 -9999 -9999 -9999 -9999 -9999 -9999 -9999 -9999 -9999 -9999 -9999 -9999 -9999 -9999 -9999
-9999 -9999 -9999 -9999 12.74 10.63 9.67 12.38 10.30 10.42 17.08 12.87 12.50 8.90 10.24 10.94 9.19 10.82 10.20 8.37 9.67 8.84 6.54 5.91 6.56 8.09 8.16 10.81 7.91 6.25 10.30 6.55 7.26 11.94 7.23 5.77 5.04 7.31 9.07 8.44 8.94 9.09 7.30 7.09 7.08 6.58 6.86 7.93 -9999 -9999 -9999 -9999 -9999 -9999 -9999 -9999 -9999 -9999 -9999 -9999 -9999 -9999 -9999 -9999 -9999 -9999 -9999 -9999 -9999 -9999 -9999 -9999 -9999 -9999 -9999 -9999 -9999 -9999
-9999 -9999 -9999 10.80 11.39 11.79 9.01 9.52 9.85 8.69 11.38 10.60 16.48 8.97 8.48 9.50 9.94 10.39 10.79 9.22 7.36 6.05 8.75 6.46 5.99 7.83 8.35 8.22 7.86 6.13 7.81 5.02 6.79 10.59 9.23 9.37 8.14 7.64 6.74 6.87 9.19 7.95 7.21 7.22 7.08 7.11 6.51 7.31 8.39 -9999 -9999 -9999 -9999 -9999 -9999 -9999 -9999 -9999 -9999 -9999 -9999 -9999 -9999 -9999 -9999 -9999 -9999 -9999 -9999 -9999 -9999 -9999 -9999 -9999 -9999 -9999 -9999 -9999
-9999 -9999 -9999 12.79 15.37 11.82 10.74 9.30 8.31 7.03 15.79 12.64 10.44 10.83 8.39 8.27 9.41 9.13 13.37 8.67 6.83 6.21 6.54 9.56 6.70 8.85 8.02 8.46 7.67 7.27 6.37 7.80 5.52 7.45 8.38 7.80 8.93 7.63 6.48 6.25 7.66 6.92 8.30 7.60 6.53 5.75 6.74 7.37 8.08 -9999 -9999 -9999 -9999 -9999 -9999 -9999 -9999 -9999 -9999 -9999 -9999 -9999 -9999 -9999 -9999 -9999 -9999 -9999 -9999 -9999 -9999 -9999 -9999 -9999 -9999 -9999 -9999 -9999
-9999 12.24 11.64 13.58 11.79 10.98 11.83 9.84 9.39 7.59 12.10 10.98 11.35 10.56 10.12 7.65 9.74 10.10 9.08 9.20 8.78 6.44 6.64 8.08 7.73 7.42 7.77 8.04 7.29 6.89 7.62 6.59 5.49 8.31 7.09 6.91 7.33 9.41 8.05 7.10 5.04 6.28 7.05 6.82 6.40 5.79 6.29 6.93 7.87 -9999 -9999 -9999 -9999 -9999 -9999 -9999 -9999 -9999 -9999 -9999 -9999 -9999 -9999 -9999 -9999 -9999 -9999 -9999 -9999 -9999 -9999 -9999 -9999 -9999 -9999 -9999 -9999 -9999
-9999 13.02 11.61 9.40 11.58 10.24 11.73 10.05 9.07 8.03 7.61 8.67 13.46 10.94 10.18 8.21 7.82 7.91 7.47 8.08 9.04 7.55 8.37 7.24 7.64 7.30 7.24 7.15 7.07 6.89 6.93 7.37 6.10 4.41 5.17 6.00 6.38 7.22 7.35 4.55 5.57 8.13 7.16 5.86 6.14 5.81 6.12 5.61 6.42 7.32 -9999 -9999 -9999 -9999 -9999 -9999 -9999 -9999 -9999 -9999 -9999 -9999 -9999 -9999 -9999 -9999 -9999 -9999 -9999 -9999 -9999 -9999 -9999 -9999 -9999 -9999 -9999 -9999
-9999 13.07 11.64 8.44 10.98 9.18 10.14 9.50 9.07 8.87 7.19 10.43 10.41 9.96 11.95 9.07 7.95 7.86 6.79 8.93 12.83 9.21 -9999 -9999 -9999 7.66 7.48 -9999 7.05 7.21 7.26 6.53 5.52 5.73 6.80 5.71 5.85 7.26 6.68 8.09 7.66 5.27 4.17 4.43 4.87 5.37 3.34 4.14 4.71 6.30 -9999 -9999 -9999 -9999 -9999 -9999 -9999 -9999 -9999 -9999 -9999 -9999 -9999 -9999 -9999 -9999 -9999 -9999 -9999 -9999 -9999 -9999 -9999 -9999 -9999 -9999 -9999 -9999
-9999 11.71 13.54 9.85 9.36 9.99 10.70 10.33 9.67 8.96 8.31 8.49 13.47 10.77 11.49 8.92 8.50 10.23 7.55 8.46 9.13 9.56 -9999 -9999 -9999 7.92 7.30 7.44 7.55 7.09 6.77 5.93 7.07 9.22 9.32 7.03 10.06 7.13 6.92 9.55 6.79 7.11 6.94 6.60 4.10 4.81 5.86 4.30 3.63 5.22 -9999 -9999 -9999 -9999 -9999 -9999 -9999 -9999 -9999 -9999 -9999 -9999 -9999 -9999 -9999 -9999 -9999 -9999 -9999 -9999 -9999 -9999 -9999 -9999 -9999 -9999 -9999 -9999
-9999 -9999 12.57 12.54 10.38 -9999 11.47 11.52 10.49 9.78 9.08 -9999 10.24 9.19 10.13 8.40 9.77 10.45 9.18 9.23 -9999 -9999 -9999 -9999 8.81 7.44 6.95 6.97 7.65 7.77 6.93 6.63 6.79 10.24 13.87 7.11 11.78 8.20 9.83 10.83 8.21 9.39 7.17 5.07 5.97 5.67 4.13 2.10 2.99 5.38 5.97 -9999 -9999 -9999 -9999 -9999 -9999 -9999 -9999 -9999 -9999 -9999 -9999 -9999 -9999 -9999 -9999 -9999 -9999 -9999 -9999 -9999 -9999 -9999 -9999 -9999 -9999 -9999
