ML/MeanWindSpeed_1999-12_Actual.txt
ncols         180
nrows         290
xllcorner     -200000
yllcorner     -200000
cellsize      5000
NODATA_value  -9999
[rows 140 to 174 of 290, columns 77 to 153 of 180]
-9999 -9999 -9999 -9999 18.02 -9999 -9999 -9999 16.04 15.56 13.43 13.33 14.86 -9999 -9999 14.77 12.48 15.39 16.98 -9999 -9999 -9999 -9999 -9999 14.63 12.39 9.04 9.01 8.59 9.31 9.16 9.73 9.20 6.27 9.36 12.97 14.03 10.81 12.79 13.91 14.63 12.21 13.56 14.42 13.58 11.74 12.26 12.68 9.61 10.64 13.54 15.54 -9999 -9999 -9999 -9999 -9999 -9999 -9999 -9999 -9999 -9999 -9999 -9999 -9999 -9999 -9999 -9999 -9999 -9999 -9999 -9999 -9999 -9999 -9999 -9999 -9999
-9999 -9999 -9999 -9999 18.34 18.15 -9999 -9999 -9999 16.13 16.11 15.50 16.19 -9999 -9999 -9999 -9999 16.25 -9999 -9999 -9999 -9999 -9999 -9999 12.74 10.70 9.01 9.67 10.68 10.74 9.99 10.25 9.42 7.64 7.94 12.08 13.22 9.06 15.20 14.76 16.26 12.84 13.52 15.95 13.83 12.68 12.51 10.70 9.11 10.62 13.17 14.81 -9999 -9999 -9999 -9999 -9999 -9999 -9999 -9999 -9999 -9999 -9999 -9999 -9999 -9999 -9999 -9999 -9999 -9999 -9999 -9999 -9999 -9999 -9999 -9999 -9999
-9999 -9999 -9999 -9999 -9999 19.89 -9999 -9999 -9999 -9999 16.80 17.71 17.43 -9999 -9999 -9999 -9999 -9999 -9999 -9999 -9999 -9999 -9999 14.29 11.96 11.02 10.19 10.30 12.28 12.13 11.49 11.55 10.85 9.65 7.26 9.10 15.89 15.90 15.56 15.33 12.82 12.04 12.95 11.65 10.18 13.34 13.87 10.37 9.63 11.14 12.71 13.98 15.26 -9999 -9999 -9999 -9999 -9999 -9999 -9999 -9999 -9999 -9999 -9999 -9999 -9999 -9999 -9999 -9999 -9999 -9999 -9999 -9999 -9999 -9999 -9999 -9999
-9999 -9999 -9999 -9999 -9999 21.43 -9999 -9999 -9999 -9999 -9999 -9999 -9999 -9999 -9999 -9999 -9999 -9999 -9999 -9999 -9999 -9999 -9999 14.01 11.03 9.04 7.26 6.70 15.80 13.12 11.98 14.29 11.42 12.12 6.27 6.25 13.36 18.10 14.31 12.12 16.87 19.47 18.26 16.00 14.84 10.85 11.68 11.39 12.28 11.58 11.77 13.17 14.53 15.68 -9999 -9999 -9999 -9999 -9999 -9999 -9999 -9999 -9999 -9999 -9999 -9999 -9999 -9999 -9999 -9999 -9999 -9999 -9999 -9999 -9999 -9999 -9999
-9999 -9999 -9999 -9999 -9999 -9999 -9999 -9999 -9999 -9999 -9999 -9999 -9999 -9999 -9999 -9999 -9999 -9999 -9999 -9999 -9999 -9999 15.16 12.77 9.74 8.26 11.39 6.53 21.13 19.97 11.55 12.82 11.80 10.81 10.06 5.97 7.77 18.23 17.60 15.24 13.54 12.65 15.80 15.76 14.90 12.94 11.92 11.68 11.29 11.18 11.98 11.62 12.07 13.56 -9999 -9999 -9999 -9999 -9999 -9999 -9999 -9999 -9999 -9999 -9999 -9999 -9999 -9999 -9999 -9999 -9999 -9999 -9999 -9999 -9999 -9999 -9999
-9999 -9999 -9999 -9999 -9999 -9999 -9999 -9999 -9999 -9999 -9999 -9999 -9999 -9999 -9999 -9999 -9999 -9999 -9999 -9999 -9999 -9999 13.43 12.76 8.34 10.76 19.71 10.91 7.72 14.63 15.39 12.90 12.60 11.94 10.90 8.13 7.23 9.53 19.47 16.79 15.62 13.39 13.57 13.96 12.18 12.00 12.13 13.13 11.45 12.24 11.22 11.03 10.53 11.21 12.56 13.74 14.44 -9999 -9999 -9999 -9999 -9999 -9999 -9999 -9999 -9999 -9999 -9999 -9999 -9999 -9999 -9999 -9999 -9999 -9999 -9999 -9999
-9999 -9999 -9999 -9999 -9999 -9999 -9999 -9999 -9999 -9999 -9999 -9999 -9999 -9999 -9999 -9999 -9999 -9999 -9999 -9999 -9999 -9999 13.09 11.22 9.73 13.97 9.88 8.94 10.89 16.34 12.44 11.48 15.91 10.30 12.94 10.59 8.69 8.23 11.90 14.52 14.56 14.04 13.76 11.75 12.02 11.51 11.08 10.90 11.24 11.03 11.06 9.96 9.35 9.30 12.87 11.46 13.30 15.00 15.49 -9999 -9999 -9999 -9999 -9999 -9999 -9999 -9999 -9999 -9999 -9999 -9999 -9999 -9999 -9999 -9999 -9999 -9999
-9999 -9999 -9999 -9999 -9999 -9999 -9999 -9999 -9999 -9999 -9999 -9999 -9999 -9999 -9999 -9999 -9999 -9999 -9999 -9999 -9999 -9999 13.15 10.82 11.16 17.45 19.06 13.65 9.42 11.50 12.67 16.33 11.52 15.50 13.38 12.07 11.26 9.80 7.66 8.76 14.08 13.84 13.29 12.75 11.93 11.54 11.67 11.56 10.88 10.97 10.43 9.44 9.35 8.86 9.77 12.87 12.55 13.23 15.45 16.14 14.84 -9999 -9999 -9999 -9999 -9999 -9999 -9999 -9999 -9999 -9999 -9999 -9999 -9999 -9999 -9999 -9999
-9999 -9999 -9999 -9999 -9999 -9999 -9999 -9999 -9999 -9999 -9999 -9999 -9999 -9999 -9999 -9999 -9999 -9999 -9999 -9999 -9999 -9999 14.33 11.25 12.57 13.84 9.27 23.43 19.44 11.34 14.02 11.71 16.89 17.85 13.27 11.11 10.91 9.80 7.06 15.84 14.64 14.57 15.67 16.41 15.67 12.03 13.40 11.89 11.28 11.02 10.56 10.01 9.13 7.86 8.77 11.88 10.90 10.65 11.70 13.82 12.89 16.99 -9999 -9999 -9999 -9999 -9999 -9999 -9999 -9999 -9999 -9999 -9999 -9999 -9999 -9999 -9999
-9999 -9999 -9999 -9999 -9999 -9999 -9999 -9999 -9999 -9999 17.28 17.81 18.99 -9999 -9999 -9999 -9999 -9999 -9999 -9999 -9999 -9999 -9999 14.06 11.50 9.01 11.65 15.09 18.96 11.84 8.76 14.78 14.48 13.15 11.20 12.87 12.05 9.17 9.69 13.01 13.83 18.43 17.30 14.97 14.57 15.42 13.66 12.12 11.47 10.89 10.47 9.25 8.18 12.66 11.63 15.44 16.27 15.10 13.67 10.77 14.52 16.02 15.81 -9999 -9999 -9999 -9999 -9999 -9999 -9999 -9999 -9999 -9999 -9999 -9999 -9999 -9999
-9999 -9999 -9999 -9999 -9999 -9999 -9999 -9999 -9999 -9999 14.65 14.99 -9999 -9999 -9999 -9999 -9999 -9999 -9999 -9999 -9999 -9999 -9999 -9999 11.89 8.06 12.70 14.23 23.25 13.72 13.92 13.40 10.94 9.48 9.33 8.51 17.00 9.39 10.48 16.51 14.01 11.20 10.89 16.34 12.12 15.60 13.39 11.94 11.13 10.68 9.54 9.55 11.91 12.96 12.20 11.93 11.50 12.94 13.98 13.48 14.12 14.49 17.80 -9999 -9999 -9999 -9999 -9999 -9999 -9999 -9999 -9999 -9999 -9999 -9999 -9999 -9999
-9999 -9999 -9999 -9999 -9999 -9999 -9999 -9999 -9999 13.61 16.37 16.57 17.18 -9999 -9999 -9999 -9999 -9999 -9999 -9999 -9999 -9999 -9999 -9999 12.38 13.71 14.23 15.40 12.94 14.44 12.21 11.74 10.44 9.55 11.19 8.85 6.74 16.68 11.87 11.13 15.43 13.51 17.12 13.98 14.59 13.11 12.75 12.06 11.77 10.59 9.29 10.28 11.92 11.01 12.34 13.68 13.14 13.63 13.14 13.54 14.17 12.79 16.83 16.39 -9999 -9999 -9999 -9999 -9999 -9999 -9999 -9999 -9999 -9999 -9999 -9999 -9999
-9999 -9999 -9999 -9999 -9999 -9999 -9999 -9999 12.27 16.16 18.27 23.13 17.26 -9999 -9999 -9999 -9999 -9999 -9999 -9999 -9999 -9999 -9999 -9999 14.53 18.99 14.97 10.52 12.41 11.63 12.47 10.44 9.23 9.93 10.80 7.83 14.47 10.99 15.07 11.84 17.44 11.37 13.12 11.11 13.88 12.25 12.69 12.75 11.32 10.91 9.37 9.08 13.03 13.83 13.60 12.44 12.62 12.15 11.93 12.30 14.46 14.61 14.45 16.03 -9999 -9999 -9999 -9999 -9999 -9999 -9999 -9999 -9999 -9999 -9999 -9999 -9999
-9999 -9999 -9999 -9999 -9999 -9999 -9999 15.29 13.14 20.55 18.03 18.52 -9999 -9999 -9999 -9999 -9999 -9999 -9999 -9999 -9999 -9999 -9999 -9999 -9999 14.95 11.69 10.65 13.26 10.53 13.36 11.09 9.95 9.18 9.12 7.15 14.19 13.94 15.31 14.56 15.76 15.93 15.92 14.55 14.30 14.72 14.10 11.82 11.33 10.84 9.55 9.01 10.25 15.88 14.61 11.75 11.08 11.10 10.69 10.86 11.11 11.34 11.12 12.76 15.44 17.26 -9999 -9999 -9999 -9999 -9999 -9999 -9999 -9999 -9999 -9999 -9999
-9999 -9999 -9999 -9999 -9999 -9999 -9999 18.17 19.22 15.21 16.73 18.02 -9999 -9999 -9999 -9999 -9999 -9999 -9999 -9999 -9999 -9999 -9999 -9999 -9999 -9999 12.87 12.76 11.92 11.04 12.96 12.10 11.70 10.49 10.21 7.16 14.34 13.20 12.06 14.84 13.27 12.37 17.59 17.58 13.67 15.92 14.55 13.74 11.36 10.61 10.07 9.50 9.84 11.32 11.95 11.17 11.07 10.91 10.81 10.39 10.33 10.36 10.58 14.13 15.24 15.75 -9999 -9999 -9999 -9999 -9999 -9999 -9999 -9999 -9999 -9999 -9999
-9999 -9999 -9999 -9999 -9999 -9999 -9999 19.62 17.74 18.69 18.25 -9999 -9999 -9999 -9999 -9999 -9999 -9999 -9999 -9999 -9999 -9999 -9999 -9999 -9999 -9999 14.50 13.88 13.09 -9999 13.72 -9999 12.43 10.69 9.05 7.29 7.82 13.72 12.49 13.42 17.42 9.25 10.90 17.71 15.51 14.98 14.78 13.27 11.54 10.98 10.81 10.15 10.07 10.51 11.59 12.69 11.37 11.91 10.48 9.51 10.81 12.35 12.06 11.55 11.92 14.70 17.93 19.59 -9999 -9999 -9999 -9999 -9999 -9999 -9999 -9999 -9999
-9999 -9999 -9999 -9999 -9999 -9999 20.45 19.03 18.45 -9999 -9999 -9999 -9999 -9999 -9999 -9999 -9999 -9999 -9999 -9999 -9999 -9999 -9999 -9999 -9999 -9999 16.40 14.88 13.63 -9999 -9999 -9999 12.06 11.92 7.73 8.62 10.50 8.93 8.40 11.01 16.27 15.81 9.81 15.22 17.28 14.00 15.53 14.11 12.59 10.47 10.65 10.32 10.29 10.48 10.84 11.19 11.03 11.23 9.55 10.22 11.77 13.05 13.73 13.70 12.81 13.31 15.66 18.18 -9999 -9999 -9999 -9999 -9999 -9999 -9999 -9999 -9999
-9999 -9999 -9999 -9999 -9999 -9999 -9999 -9999 -9999 -9999 -9999 -9999 -9999 -9999 -9999 -9999 -9999 -9999 -9999 -9999 -9999 -9999 -9999 -9999 -9999 -9999 -9999 -9999 -9999 -9999 -9999 13.35 10.19 9.03 10.50 11.71 13.07 13.05 11.01 11.90 15.46 14.95 12.44 10.36 14.50 16.11 14.32 13.12 11.97 11.05 10.87 11.06 10.48 10.36 10.53 10.52 10.19 9.31 10.45 13.81 12.36 13.48 12.86 13.06 12.12 13.53 15.57 -9999 -9999 -9999 -9999 -9999 -9999 -9999 -9999 -9999 -9999
-9999 -9999 -9999 -9999 -9999 -9999 -9999 -9999 -9999 -9999 -9999 -9999 -9999 -9999 -9999 -9999 -9999 -9999 -9999 -9999 -9999 -9999 -9999 -9999 -9999 -9999 -9999 -9999 -9999 -9999 -9999 12.31 9.41 10.05 12.94 16.36 15.30 11.98 13.30 10.58 11.23 10.37 12.24 12.87 14.28 14.65 14.27 12.86 12.21 11.65 10.85 11.06 10.39 10.33 10.40 10.51 10.17 9.18 10.08 15.07 14.56 12.77 12.48 12.25 11.97 13.42 15.84 -9999 -9999 -9999 -9999 -9999 -9999 -9999 -9999 -9999 -9999
-9999 -9999 -9999 -9999 -9999 -9999 -9999 -9999 -9999 -9999 -9999 -9999 -9999 -9999 -9999 -9999 -9999 -9999 -9999 -9999 -9999 -9999 -9999 -9999 -9999 -9999 -9999 -9999 -9999 -9999 -9999 11.15 8.68 8.89 12.69 14.25 13.89 12.92 12.16 11.15 11.87 10.29 10.16 11.07 9.61 14.42 12.75 13.94 12.49 12.07 10.66 10.38 10.44 10.34 10.41 10.40 10.32 9.82 9.85 12.80 14.14 13.18 12.45 12.35 12.02 13.09 15.13 -9999 -9999 -9999 -9999 -9999 -9999 -9999 -9999 -9999 -9999
-9999 -9999 -9999 -9999 -9999 -9999 -9999 -9999 -9999 -9999 -9999 -9999 -9999 -9999 -9999 -9999 -9999 -9999 -9999 -9999 -9999 -9999 -9999 -9999 -9999 -9999 -9999 -9999 -9999 15.69 13.05 10.06 8.28 11.50 14.15 17.50 13.74 15.21 9.49 10.57 10.56 11.66 12.36 12.08 14.54 10.84 11.15 11.16 11.07 10.51 11.39 10.31 10.23 10.58 10.28 10.32 10.50 10.24 10.32 11.21 13.63 13.06 12.26 12.12 12.04 12.41 13.98 16.22 -9999 -9999 -9999 -9999 -9999 -9999 -9999 -9999 -9999
-9999 -9999 -9999 -9999 -9999 -9999 -9999 -9999 -9999 -9999 -9999 -9999 -9999 -9999 -9999 -9999 -9999 -9999 -9999 -9999 -9999 -9999 -9999 -9999 -9999 -9999 -9999 -9999 -9999 14.51 11.71 9.99 9.07 9.77 13.61 11.33 10.61 8.40 10.25 13.45 10.54 12.46 11.86 13.32 9.76 14.28 11.87 13.19 12.72 12.66 11.26 10.71 10.32 10.17 10.16 10.32 10.43 10.53 10.45 10.70 11.86 13.38 12.65 12.09 12.12 11.88 12.72 15.06 -9999 -9999 -9999 -9999 -9999 -9999 -9999 -9999 -9999
-9999 -9999 -9999 -9999 -9999 -9999 -9999 -9999 -9999 -9999 -9999 -9999 -9999 -9999 -9999 -9999 -9999 -9999 -9999 -9999 -9999 -9999 -9999 -9999 -9999 -9999 -9999 -9999 -9999 14.41 11.50 10.40 9.80 10.26 11.28 11.48 9.82 8.58 10.12 10.12 9.28 11.61 14.58 12.03 11.66 10.22 12.24 10.29 10.95 11.69 12.10 11.07 10.69 10.16 10.12 10.32 10.47 10.60 10.65 10.55 11.23 12.95 13.80 12.55 11.99 11.73 11.74 13.43 15.77 -9999 -9999 -9999 -9999 -9999 -9999 -9999 -9999
-9999 -9999 -9999 -9999 -9999 -9999 -9999 -9999 -9999 -9999 -9999 -9999 -9999 -9999 -9999 -9999 -9999 -9999 -9999 -9999 -9999 -9999 -9999 -9999 -9999 -9999 -9999 -9999 -9999 14.06 11.69 10.90 10.73 10.41 10.13 9.71 10.18 11.02 8.31 8.06 9.16 14.31 14.58 15.83 14.38 12.24 12.00 12.53 10.87 10.14 11.38 11.83 10.63 10.16 10.22 10.18 10.45 10.76 11.04 10.93 11.23 13.53 15.02 13.64 12.97 12.58 11.86 12.14 14.18 16.45 -9999 -9999 -9999 -9999 -9999 -9999 -9999
-9999 -9999 -9999 -9999 -9999 -9999 -9999 -9999 -9999 -9999 -9999 -9999 -9999 -9999 -9999 -9999 -9999 -9999 -9999 -9999 -9999 -9999 -9999 -9999 -9999 -9999 -9999 -9999 -9999 14.13 11.55 10.83 10.41 9.75 8.98 9.33 8.52 9.51 10.19 12.18 13.89 15.26 12.47 14.44 12.88 12.70 11.10 12.62 11.99 11.07 10.36 10.18 10.33 10.09 10.23 10.39 10.71 10.97 11.39 11.69 11.97 12.96 14.31 13.90 13.27 13.15 12.90 12.44 12.65 14.95 -9999 -9999 -9999 -9999 -9999 -9999 -9999
-9999 -9999 -9999 -9999 -9999 -9999 -9999 -9999 -9999 -9999 -9999 -9999 -9999 -9999 -9999 -9999 -9999 -9999 -9999 -9999 -9999 -9999 -9999 -9999 -9999 -9999 -9999 -9999 -9999 -9999 11.58 10.88 10.10 8.88 8.98 10.77 10.77 11.49 10.13 10.06 12.65 12.83 14.55 13.71 11.60 9.90 10.50 10.39 11.76 10.77 10.45 11.11 10.76 10.09 10.41 10.48 10.81 10.94 11.27 11.78 12.25 12.80 12.95 13.13 13.33 13.57 -9999 13.35 13.82 15.15 17.57 -9999 -9999 -9999 -9999 -9999 -9999
-9999 -9999 -9999 -9999 -9999 -9999 -9999 -9999 -9999 -9999 -9999 -9999 -9999 -9999 -9999 -9999 -9999 -9999 -9999 -9999 -9999 -9999 -9999 -9999 -9999 -9999 -9999 -9999 -9999 13.73 11.39 10.56 9.45 8.23 8.05 12.56 13.35 11.05 14.04 13.69 11.42 11.14 15.80 13.91 14.27 11.39 9.51 11.77 10.36 9.68 10.45 10.69 10.30 10.47 10.31 10.42 10.60 10.91 10.88 11.12 12.93 12.34 11.85 13.39 12.57 12.97 13.14 -9999 14.87 16.12 18.10 19.63 -9999 -9999 -9999 -9999 -9999
-9999 -9999 -9999 -9999 -9999 -9999 -9999 -9999 -9999 -9999 -9999 -9999 -9999 -9999 -9999 -9999 -9999 -9999 -9999 -9999 -9999 -9999 -9999 -9999 -9999 -9999 -9999 -9999 -9999 13.17 10.83 10.11 9.29 10.39 9.22 10.81 14.17 10.78 11.11 11.36 8.95 8.71 13.03 12.64 12.54 9.22 11.47 12.71 10.40 11.49 10.65 11.32 11.09 10.61 10.25 10.31 10.43 10.54 10.39 10.37 10.80 11.30 10.40 10.88 11.66 11.27 12.60 13.52 -9999 -9999 -9999 -9999 -9999 -9999 -9999 -9999 -9999
-9999 -9999 -9999 -9999 -9999 -9999 -9999 -9999 -9999 -9999 -9999 -9999 -9999 -9999 -9999 -9999 -9999 -9999 -9999 -9999 -9999 -9999 -9999 -9999 -9999 -9999 -9999 -9999 15.64 12.14 10.26 10.82 10.26 10.21 9.71 11.09 11.50 10.66 10.12 9.38 8.79 8.71 11.67 14.71 14.81 10.28 13.35 12.99 10.61 10.98 10.00 10.77 11.14 10.44 10.03 10.41 10.41 10.38 10.48 10.23 10.54 10.72 10.47 10.34 11.91 11.32 11.43 12.23 14.14 16.18 -9999 -9999 -9999 -9999 -9999 -9999 -9999
-9999 -9999 -9999 -9999 -9999 -9999 -9999 -9999 -9999 -9999 -9999 -9999 -9999 -9999 -9999 -9999 -9999 -9999 -9999 -9999 -9999 -9999 -9999 -9999 -9999 -9999 -9999 -9999 -9999 12.28 10.33 10.00 10.43 12.39 10.07 9.83 9.76 9.97 10.03 9.15 8.43 7.73 8.09 12.51 13.98 15.31 12.91 13.56 12.65 11.60 11.95 9.75 9.93 10.87 10.06 10.19 10.14 10.16 10.45 10.23 10.33 10.71 10.25 9.71 9.96 12.56 11.48 11.20 12.05 13.65 15.56 17.66 -9999 -9999 -9999 -9999 -9999
-9999 -9999 -9999 -9999 -9999 -9999 -9999 -9999 -9999 -9999 -9999 -9999 -9999 -9999 -9999 -9999 -9999 -9999 -9999 -9999 -9999 -9999 -9999 -9999 -9999 -9999 -9999 -9999 -9999 12.14 10.83 10.06 10.24 10.47 10.42 9.91 9.25 9.20 8.61 8.15 7.90 7.73 8.26 7.80 13.30 16.36 17.46 15.06 13.38 12.68 11.08 11.13 10.21 11.37 10.24 10.29 10.12 10.14 10.20 10.15 10.50 10.57 10.18 9.42 9.97 12.33 11.79 12.13 11.04 11.58 13.23 15.46 -9999 -9999 -9999 -9999 -9999
-9999 -9999 -9999 -9999 -9999 -9999 -9999 -9999 -9999 20.78 19.40 20.01 21.59 -9999 -9999 -9999 -9999 -9999 -9999 -9999 -9999 -9999 -9999 -9999 -9999 -9999 -9999 -9999 13.06 11.28 11.31 10.48 11.32 10.74 9.81 9.33 9.13 8.75 8.56 8.12 7.77 7.35 6.83 10.56 14.10 14.65 12.93 16.32 15.20 11.66 11.33 9.11 12.11 12.06 10.51 10.36 10.13 10.10 10.11 10.07 10.27 10.71 10.39 9.50 9.56 10.26 12.32 12.29 12.80 11.04 11.19 13.41 15.99 -9999 -9999 -9999 -9999
-9999 -9999 -9999 -9999 -9999 -9999 -9999 -9999 -9999 19.25 17.64 17.65 18.90 -9999 -9999 -9999 -9999 -9999 -9999 -9999 -9999 -9999 -9999 -9999 -9999 -9999 -9999 13.09 12.25 10.96 11.33 12.49 10.99 10.59 9.29 8.98 8.93 8.53 8.59 8.46 7.33 6.40 6.05 8.62 16.02 16.60 12.65 14.89 14.15 13.59 10.28 9.18 11.14 11.82 10.85 9.87 9.80 10.01 10.45 10.23 10.11 10.34 10.67 9.96 9.80 9.99 12.01 12.24 12.24 11.17 11.06 12.01 14.66 -9999 -9999 -9999 -9999
-9999 -9999 -9999 -9999 -9999 -9999 -9999 24.14 19.72 16.99 16.65 16.39 17.98 18.05 19.94 21.06 -9999 -9999 19.62 16.95 -9999 -9999 -9999 13.75 14.91 13.69 -9999 10.20 12.02 11.16 10.87 11.42 10.65 10.48 10.08 10.41 9.68 9.41 8.30 8.35 7.19 6.97 10.30 7.92 11.56 14.91 9.78 12.13 17.09 11.18 12.78 10.29 11.02 11.25 10.58 10.15 10.09 10.16 10.47 9.99 10.09 10.06 10.82 9.97 9.83 10.10 10.77 11.68 12.82 12.34 11.14 11.12 13.34 16.22 -9999 -9999 -9999
-9999 -9999 -9999 -9999 -9999 -9999 -9999 -9999 20.44 17.87 16.50 15.70 16.05 17.59 19.39 16.57 -9999 15.10 15.94 16.08 14.09 14.76 10.78 9.53 13.99 13.93 12.06 -9999 9.35 11.22 11.20 10.36 10.27 10.76 9.78 9.36 9.14 8.71 8.64 7.87 7.57 7.14 10.78 11.75 12.23 13.27 12.48 14.95 15.20 12.98 10.44 9.75 11.66 11.65 10.14 10.57 10.09 10.66 10.75 10.13 10.00 9.95 10.88 10.14 10.07 10.25 10.25 11.25 12.16 12.91 11.97 11.19 12.28 15.00 -9999 -9999 -9999
