ML/MeanWindSpeed_1996-06_Actual.txt
ncols         180
nrows         290
xllcorner     -200000
yllcorner     -200000
cellsize      5000
NODATA_value  -9999
[rows 175 to 209 of 290, columns 79 to 157 of 180]
-9999 -9999 -9999 -9999 -9999 -9999 -9999 10.89 10.04 9.14 8.49 8.45 7.06 6.61 13.38 19.92 8.20 11.31 11.45 10.57 8.57 5.55 5.33 7.88 10.24 7.74 5.29 5.51 6.39 5.79 6.02 7.35 6.33 5.61 5.05 5.17 5.29 5.10 5.29 5.45 10.71 11.74 9.08 8.89 6.47 5.43 6.81 6.96 4.93 4.76 6.28 5.68 5.17 5.86 5.45 6.45 5.72 5.56 5.38 5.33 6.80 5.79 5.50 5.55 5.41 5.99 6.61 6.84 7.18 7.61 6.38 8.06 10.11 -9999 -9999 -9999 -9999 -9999 -9999
-9999 -9999 -9999 -9999 -9999 -9999 -9999 -9999 11.87 9.32 7.88 6.61 6.33 9.19 23.44 15.54 6.09 11.99 7.92 11.40 10.98 6.94 4.40 10.75 8.64 9.13 7.24 5.40 5.42 5.53 4.98 6.14 6.53 5.97 5.45 5.00 5.24 5.06 4.96 6.93 8.19 12.24 9.67 10.05 8.83 4.36 6.59 8.57 5.53 5.62 6.41 5.68 5.53 5.67 5.49 6.52 5.64 5.46 5.74 5.58 6.52 6.39 5.78 5.61 5.55 5.79 6.47 7.81 6.83 6.21 6.34 7.75 9.87 -9999 -9999 -9999 -9999 -9999 -9999
-9999 -9999 -9999 -9999 -9999 -9999 -9999 -9999 -9999 9.53 7.31 7.62 9.66 20.43 23.01 15.39 10.59 9.88 10.65 12.11 12.33 11.67 6.96 5.72 11.52 8.83 7.52 6.47 5.32 5.21 5.45 5.66 6.04 5.47 4.93 5.11 5.18 5.12 5.42 6.61 8.80 10.07 7.83 7.92 9.39 7.17 4.42 8.77 6.03 5.93 6.54 5.69 5.62 5.46 5.92 6.51 5.77 5.60 5.72 5.45 7.14 6.51 5.97 5.83 5.79 6.19 6.23 6.38 6.15 6.10 6.49 8.23 10.15 -9999 -9999 -9999 -9999 -9999 -9999
-9999 -9999 -9999 -9999 -9999 -9999 -9999 -9999 -9999 9.07 7.87 10.60 12.89 15.53 19.49 11.50 7.92 9.98 12.47 12.59 13.34 11.29 7.57 4.85 11.75 11.35 8.40 7.21 5.29 5.00 5.48 6.48 6.01 5.53 5.19 4.73 4.64 5.19 7.20 7.36 5.70 10.55 7.94 8.32 9.86 9.50 7.04 6.08 5.57 4.46 5.96 6.61 5.53 5.38 5.14 5.74 5.51 5.90 5.73 5.62 6.24 6.82 6.35 6.33 6.13 6.19 6.12 5.99 6.05 6.59 7.64 9.26 -9999 -9999 -9999 -9999 -9999 -9999 -9999
-9999 -9999 -9999 -9999 -9999 -9999 -9999 -9999 -9999 8.02 8.09 9.90 9.94 15.42 13.96 10.14 11.05 8.75 10.01 12.83 11.23 13.40 10.25 6.15 10.69 11.64 10.63 7.03 5.89 4.88 5.81 7.01 6.58 5.58 4.99 4.67 5.07 6.61 7.01 5.64 5.60 8.65 8.24 7.85 7.72 6.92 6.87 7.52 4.25 5.22 5.48 5.16 5.53 5.04 5.91 5.11 5.45 5.81 5.77 6.03 8.01 7.09 6.51 6.31 6.32 6.28 6.22 6.20 6.42 7.58 9.09 -9999 -9999 -9999 -9999 -9999 -9999 -9999 -9999
-9999 -9999 -9999 -9999 -9999 -9999 -9999 -9999 8.92 16.49 9.19 10.67 12.59 8.41 18.95 16.05 14.38 12.19 14.28 10.92 11.57 9.95 8.12 9.44 13.23 11.44 10.39 6.94 5.62 4.75 6.34 6.55 6.01 5.53 4.80 4.88 6.37 6.12 5.66 6.84 7.86 5.63 10.03 9.00 6.03 6.67 5.96 5.18 5.04 4.26 4.27 4.49 5.50 5.01 4.51 6.09 5.46 5.74 6.05 6.52 8.14 7.14 6.53 6.48 6.28 6.33 6.19 6.24 7.26 8.71 -9999 -9999 -9999 -9999 -9999 -9999 -9999 11.12 -9999
-9999 -9999 -9999 -9999 -9999 -9999 9.73 9.09 12.67 10.75 8.51 9.21 10.74 7.13 9.03 11.11 14.76 13.82 14.74 12.93 13.05 7.24 9.83 9.62 6.99 7.68 6.87 7.19 6.03 5.21 6.18 6.44 6.26 5.40 5.35 6.61 5.90 6.39 5.48 7.07 7.77 7.37 6.27 5.34 6.91 6.31 5.71 5.57 5.34 5.04 3.76 4.74 4.62 4.04 4.42 5.05 5.55 6.04 6.02 6.63 8.02 7.10 6.39 6.40 6.17 6.19 6.14 6.62 7.88 -9999 -9999 -9999 -9999 -9999 10.46 10.34 10.05 9.39 9.47
-9999 -9999 -9999 -9999 -9999 9.82 9.47 9.37 9.61 9.29 9.01 8.00 6.19 5.63 7.88 9.77 12.30 19.36 10.97 8.74 8.37 5.30 11.78 13.05 12.17 8.73 7.15 7.23 6.70 6.09 6.32 6.83 6.22 5.79 5.73 6.47 6.84 5.40 5.34 7.11 7.19 6.71 6.17 6.20 6.47 5.23 5.65 4.62 4.54 5.09 4.44 3.95 3.57 4.04 5.12 5.12 5.59 6.06 6.31 6.66 8.29 7.48 6.51 6.18 6.03 6.09 6.14 6.63 7.65 -9999 -9999 -9999 -9999 -9999 9.19 8.69 8.59 8.13 8.06
-9999 -9999 -9999 -9999 10.22 10.99 10.12 9.99 -9999 -9999 -9999 -9999 6.38 12.52 10.73 10.50 13.04 11.15 8.78 11.51 10.46 8.67 18.11 15.43 12.31 12.48 8.87 6.44 6.73 6.62 6.05 6.11 5.90 5.51 6.05 5.59 6.97 5.61 5.44 5.95 6.49 6.66 6.40 5.37 5.43 5.23 5.09 4.72 4.37 3.99 3.82 3.70 4.07 4.92 5.08 5.18 6.15 6.95 7.19 7.16 7.93 7.51 7.10 6.13 6.02 6.01 6.00 6.23 7.07 8.54 -9999 -9999 -9999 -9999 8.18 7.63 7.61 7.66 7.65
-9999 -9999 -9999 -9999 11.64 13.21 9.94 10.45 -9999 -9999 -9999 -9999 6.59 10.01 12.18 7.28 12.29 11.55 10.57 13.69 15.17 11.63 15.76 8.76 9.75 9.46 7.98 6.43 6.22 6.34 6.04 6.22 6.68 5.59 6.20 5.94 6.08 6.60 5.54 5.81 5.27 6.11 6.90 7.16 6.99 5.35 4.73 4.61 4.48 4.83 4.18 4.31 4.87 5.38 6.33 5.89 8.04 8.28 8.62 7.72 7.93 7.54 7.07 6.11 6.09 6.04 5.92 5.97 6.18 7.15 8.06 -9999 -9999 8.56 8.07 7.68 7.97 7.62 7.35
-9999 -9999 -9999 -9999 -9999 -9999 -9999 -9999 -9999 -9999 -9999 -9999 7.51 12.27 10.60 7.13 9.50 7.68 14.63 13.97 8.97 12.35 11.76 10.00 10.49 8.10 7.00 5.95 6.63 6.19 6.38 6.04 5.58 5.58 5.58 5.48 5.77 6.35 5.63 5.38 5.76 6.15 5.74 6.46 6.63 4.70 5.97 6.90 5.66 5.64 5.28 4.27 5.19 6.34 7.59 7.59 7.38 8.08 8.89 8.30 8.42 7.70 7.18 6.10 6.12 6.10 6.04 5.93 5.73 6.02 6.68 7.57 7.97 7.65 7.71 6.94 7.94 8.03 8.01
-9999 -9999 -9999 -9999 -9999 -9999 -9999 -9999 -9999 -9999 -9999 -9999 -9999 12.36 4.32 4.76 8.60 13.22 12.21 14.14 13.22 8.85 9.95 11.19 7.55 6.95 5.98 5.76 5.67 6.06 6.04 5.95 5.61 5.41 5.35 5.63 5.48 6.15 5.90 5.43 7.69 7.00 5.64 5.44 5.39 5.46 5.33 6.41 6.60 6.04 7.15 5.36 5.15 6.10 6.02 6.77 7.30 7.43 8.75 8.66 8.15 7.27 7.17 6.18 6.16 6.10 5.99 5.97 5.97 6.03 6.07 6.53 6.89 7.02 6.94 7.00 8.13 8.12 7.78
-9999 -9999 -9999 -9999 -9999 -9999 -9999 -9999 -9999 -9999 -9999 -9999 -9999 7.86 12.46 13.26 10.91 9.48 8.88 11.63 9.43 9.55 7.77 7.11 9.12 6.29 5.84 7.55 6.83 6.41 5.89 5.18 5.11 5.80 5.65 6.74 6.59 6.32 5.83 5.37 7.48 8.34 6.86 5.70 5.22 5.50 5.55 5.53 5.91 6.70 8.98 7.48 5.59 5.40 6.10 7.49 8.81 8.96 8.45 8.88 8.18 7.24 6.63 6.24 6.21 6.13 6.16 6.13 6.14 6.22 6.32 6.50 6.72 7.07 7.07 6.89 7.80 7.90 8.52
-9999 -9999 -9999 -9999 -9999 -9999 -9999 -9999 -9999 -9999 -9999 -9999 9.68 9.43 6.94 15.40 9.48 7.60 10.46 10.19 8.76 11.81 8.09 7.46 9.79 5.64 11.92 8.61 6.50 6.52 7.49 5.69 5.27 8.26 7.91 6.91 5.68 6.19 6.13 5.82 6.59 7.23 6.92 6.08 5.66 5.50 5.62 6.00 5.78 7.07 6.97 6.40 5.91 5.72 6.65 7.87 9.07 9.15 8.06 8.10 7.58 7.00 6.55 6.28 6.20 6.22 6.25 6.25 6.21 6.30 6.43 6.44 6.62 7.32 7.35 7.07 7.42 7.89 7.36
-9999 -9999 -9999 -9999 -9999 -9999 -9999 -9999 -9999 -9999 -9999 -9999 8.13 9.08 14.88 8.75 4.43 6.99 7.38 9.33 12.01 11.70 8.68 8.12 8.09 6.09 6.78 7.64 8.98 8.70 6.43 6.31 6.12 6.59 7.19 5.73 5.52 6.31 6.26 6.84 7.25 6.77 6.94 6.49 5.95 5.70 5.63 5.71 5.78 6.70 7.02 6.48 5.54 6.04 7.44 8.84 8.28 8.99 8.80 7.91 6.97 7.51 6.56 6.71 6.33 6.32 6.21 6.24 6.28 6.27 6.34 6.43 6.55 7.55 7.40 6.97 7.15 7.78 7.58
-9999 -9999 -9999 -9999 -9999 -9999 -9999 -9999 -9999 -9999 -9999 -9999 9.25 11.65 4.88 6.98 6.21 7.77 7.87 13.04 11.03 12.79 9.68 8.49 6.50 5.31 6.01 9.25 11.28 12.38 6.97 8.47 7.19 7.37 6.96 5.14 5.47 5.94 6.29 6.93 6.49 6.63 7.87 6.97 5.90 5.82 7.04 5.54 5.99 6.42 6.30 5.81 5.62 6.41 7.11 7.65 7.89 7.92 7.12 6.89 7.24 7.32 6.21 6.17 6.31 6.25 6.24 6.15 6.05 6.15 6.23 6.34 6.50 6.89 6.80 7.02 6.91 7.38 7.31
-9999 -9999 -9999 -9999 -9999 -9999 -9999 -9999 -9999 -9999 -9999 -9999 -9999 5.86 7.46 9.91 12.52 13.58 10.95 11.29 9.29 6.58 6.58 5.86 6.82 6.83 5.81 7.26 7.81 11.19 8.53 7.16 7.01 8.41 7.69 5.32 6.32 5.43 5.74 8.35 6.67 6.46 6.34 6.49 5.61 5.55 7.31 6.62 5.90 6.48 6.10 5.85 6.25 7.17 6.85 6.86 6.56 7.30 6.44 7.54 7.44 6.35 6.12 6.67 6.45 6.07 6.03 5.93 5.93 6.06 6.14 6.26 6.33 6.42 6.51 6.77 6.76 6.73 6.91
-9999 -9999 -9999 -9999 -9999 -9999 -9999 -9999 -9999 -9999 -9999 -9999 -9999 7.20 8.64 10.13 12.48 15.55 13.90 10.19 7.35 5.91 7.65 9.86 11.77 13.33 9.62 7.01 7.54 8.79 8.03 5.86 9.33 8.36 7.92 6.30 7.04 5.77 5.53 6.56 8.12 7.60 6.78 6.22 5.66 5.65 6.78 6.52 6.09 6.15 6.60 6.82 7.07 7.62 6.91 6.58 7.83 7.84 7.66 7.31 7.43 6.40 6.70 7.17 6.10 5.89 5.89 5.84 5.92 5.96 6.01 6.10 6.16 6.24 6.20 6.09 5.96 5.87 6.17
-9999 -9999 -9999 -9999 -9999 -9999 -9999 -9999 -9999 -9999 -9999 -9999 8.09 6.21 7.47 10.30 11.94 11.27 10.87 8.45 9.40 14.36 11.18 11.31 11.25 8.90 7.76 8.45 8.72 6.99 6.18 6.79 8.82 8.60 7.80 6.26 7.24 5.37 5.47 7.23 6.78 7.25 7.29 6.58 6.07 5.89 6.77 6.58 5.81 6.14 6.17 6.14 7.04 6.74 7.83 7.15 7.89 7.12 7.34 7.40 6.47 6.26 7.11 6.93 5.85 5.74 6.04 5.81 5.94 5.97 6.10 6.08 6.02 6.01 5.81 6.13 6.42 6.45 5.73
-9999 -9999 -9999 -9999 -9999 -9999 -9999 -9999 -9999 -9999 -9999 -9999 10.59 8.37 7.03 7.07 9.65 13.98 13.25 11.47 9.47 10.26 11.75 12.96 13.08 8.69 10.63 11.65 7.24 9.53 5.36 6.18 8.16 10.06 6.61 7.10 5.61 4.73 5.16 6.09 9.16 7.54 7.50 6.96 6.53 6.42 6.55 6.20 5.71 5.89 5.81 5.83 5.90 7.24 7.75 7.66 8.27 7.21 6.64 6.60 6.17 6.58 7.03 6.67 6.12 6.47 6.22 6.47 6.06 6.06 6.27 6.29 5.98 5.82 5.63 5.62 6.47 6.50 6.56
-9999 -9999 -9999 -9999 -9999 -9999 -9999 -9999 -9999 -9999 -9999 -9999 9.07 7.73 4.26 5.93 9.36 14.17 12.21 12.31 9.37 11.17 10.53 9.09 10.18 10.60 9.94 8.18 6.65 7.16 9.87 6.22 6.38 6.59 6.72 8.10 6.38 4.70 5.03 5.94 6.51 6.52 7.53 7.03 6.63 6.72 5.91 5.36 5.93 6.17 6.31 5.78 6.43 7.69 7.67 6.73 6.91 7.76 6.66 6.96 5.96 6.91 7.01 6.17 6.06 6.31 5.79 6.05 5.96 5.99 6.06 5.94 5.83 5.83 5.71 6.07 5.60 5.95 6.21
-9999 -9999 -9999 -9999 -9999 -9999 -9999 -9999 -9999 -9999 -9999 8.20 9.15 10.85 7.87 5.94 10.20 11.76 14.05 13.77 7.98 8.26 7.50 9.13 10.89 8.69 8.26 10.06 8.21 7.32 6.88 5.98 5.45 5.74 6.73 6.51 6.02 5.60 5.08 5.00 5.88 6.41 5.81 6.33 6.05 6.66 5.77 5.72 5.86 5.45 5.44 5.84 7.07 6.93 6.95 6.23 7.08 7.24 6.81 5.95 6.76 6.83 6.90 7.01 6.51 6.10 6.03 5.89 5.98 6.01 5.88 5.77 5.66 5.65 5.78 6.12 6.07 6.14 6.41
-9999 -9999 -9999 -9999 -9999 -9999 -9999 -9999 -9999 -9999 9.35 9.16 9.70 7.51 5.76 9.16 12.59 13.41 11.31 12.87 8.53 9.80 8.19 7.83 14.58 9.35 9.71 7.36 7.55 6.13 5.85 6.20 7.43 6.37 8.32 6.38 6.61 5.10 4.83 5.05 5.46 5.96 5.60 5.77 6.12 6.28 4.97 5.64 5.62 5.76 5.94 6.34 7.02 6.28 7.03 6.49 6.75 5.96 5.82 7.01 7.34 6.79 6.96 6.79 5.93 6.45 6.55 6.47 6.33 5.97 5.70 5.48 5.76 5.83 6.49 6.74 6.92 6.91 6.20
-9999 -9999 -9999 -9999 -9999 -9999 -9999 -9999 9.83 8.54 7.54 5.82 5.59 6.09 6.61 10.35 11.86 13.68 15.07 12.80 10.33 6.32 9.20 8.55 12.67 9.34 8.10 8.00 6.51 6.23 5.13 6.16 8.15 7.48 7.60 5.43 5.56 5.15 5.11 5.78 5.48 5.97 5.24 5.41 5.75 5.06 4.94 5.35 6.36 6.13 6.92 7.64 7.13 6.57 6.03 5.77 6.54 7.02 6.66 7.08 6.14 6.85 6.99 6.32 5.59 5.76 6.72 6.56 6.55 5.70 5.44 5.28 5.63 6.76 7.14 6.86 7.67 7.33 6.99
-9999 -9999 -9999 -9999 8.92 7.75 6.40 9.77 9.83 10.03 10.14 7.55 6.84 6.14 11.49 10.01 12.24 12.77 12.38 9.14 7.86 5.83 7.41 7.15 13.88 11.95 9.48 6.94 7.13 6.43 8.09 5.22 7.19 7.61 7.09 6.40 5.45 4.75 5.73 5.30 4.85 6.17 5.12 5.20 4.86 5.10 5.61 6.33 5.62 6.48 6.06 6.59 7.55 7.33 6.98 6.61 7.05 7.05 6.64 6.32 7.11 6.07 6.02 5.87 5.55 6.34 6.64 6.74 6.04 5.48 5.54 5.80 6.97 7.16 6.70 7.43 6.57 6.88 7.23
-9999 -9999 -9999 10.24 7.71 8.11 7.14 6.55 8.49 7.99 8.80 6.88 5.54 9.27 10.33 10.99 7.38 13.31 9.46 6.93 12.18 8.87 5.42 12.72 10.68 9.81 5.65 5.33 5.96 9.24 6.08 5.43 5.46 5.76 7.42 7.06 6.76 5.17 5.35 4.84 4.86 5.77 5.40 5.13 5.07 5.31 6.00 5.93 7.89 5.97 5.64 6.19 7.07 6.44 6.36 5.90 6.07 6.64 6.39 7.10 6.49 5.89 5.94 6.20 5.68 6.03 6.19 5.74 5.58 5.54 5.65 5.89 6.46 7.34 7.27 7.31 6.84 6.72 6.79
-9999 -9999 10.41 9.50 6.07 5.48 5.62 6.80 6.33 7.08 6.46 7.33 12.03 9.01 7.60 11.39 5.52 8.72 8.69 12.09 11.27 11.95 9.50 9.14 7.91 5.45 10.30 9.56 5.67 6.14 5.68 5.31 5.79 5.24 5.43 7.19 7.39 4.89 4.52 4.59 5.27 4.77 4.51 5.11 7.66 5.57 5.46 6.22 7.06 6.28 5.70 6.37 6.93 6.82 7.26 6.59 5.81 5.74 5.73 6.84 6.49 5.85 6.69 6.54 5.86 6.04 5.95 5.75 5.99 6.09 6.10 6.40 6.56 7.33 6.62 6.45 6.76 6.31 6.45
8.64 10.28 7.45 6.97 7.40 6.17 5.74 8.12 6.95 7.10 7.43 10.56 10.08 8.19 9.26 8.71 6.78 6.99 10.70 11.16 9.36 9.49 11.28 7.73 4.57 10.55 11.99 8.75 8.53 5.87 6.24 5.29 5.62 7.76 5.59 7.80 5.83 4.69 4.33 4.68 6.63 4.29 4.78 9.02 6.17 5.59 5.66 6.46 7.40 5.91 5.94 6.29 5.93 6.46 6.42 5.87 5.51 5.94 5.58 6.06 6.49 6.51 6.11 5.81 5.55 5.56 6.11 7.59 6.86 7.74 7.06 6.01 7.32 7.09 7.20 6.84 6.60 6.71 6.35
7.00 9.86 12.94 11.38 10.63 7.20 8.40 10.35 9.05 8.58 11.01 9.06 8.36 10.93 7.79 5.39 6.65 7.44 10.40 10.18 9.76 9.08 8.08 5.81 7.76 17.86 13.35 9.09 6.32 6.88 6.19 7.76 5.92 6.58 5.59 5.41 5.21 5.09 4.44 4.26 4.57 4.29 8.00 8.60 7.54 5.99 5.56 8.43 6.85 6.00 6.14 5.64 6.33 6.18 5.83 5.04 6.19 5.85 5.25 7.02 6.89 5.89 5.73 5.69 5.55 6.11 7.17 7.61 7.35 7.84 7.06 6.63 7.44 7.25 6.60 6.93 6.76 6.95 6.86
7.00 8.43 8.92 8.20 6.76 8.86 7.61 9.79 6.53 7.92 10.64 9.66 7.75 8.74 5.20 4.86 9.15 10.40 9.14 7.64 9.90 6.66 5.37 4.85 10.17 13.70 14.10 6.75 7.38 7.51 7.75 6.72 5.20 6.85 6.12 5.64 4.88 5.11 3.89 3.79 5.08 5.11 7.99 7.74 6.92 5.63 6.49 8.16 7.42 6.78 6.11 6.20 5.94 5.49 5.03 5.01 5.53 5.96 5.67 5.69 5.87 5.76 6.93 7.59 5.98 6.31 7.15 7.43 6.89 7.42 7.31 7.31 7.37 6.62 6.75 6.61 6.64 6.27 6.62
6.60 7.34 7.10 7.87 7.28 7.49 8.77 7.32 8.27 6.83 6.57 6.42 5.78 5.06 7.54 6.42 10.59 17.45 8.31 8.48 9.13 13.95 13.45 4.96 4.77 15.78 11.05 8.31 8.75 9.91 7.47 5.26 4.58 7.21 7.38 5.59 4.70 4.38 3.89 4.04 5.47 8.22 8.48 6.96 6.41 6.04 5.86 5.96 7.00 6.19 5.90 5.52 5.01 4.62 4.52 5.46 5.18 5.01 5.29 4.77 5.29 6.47 6.44 7.22 6.52 6.47 6.48 6.67 7.17 7.37 7.38 7.40 7.48 6.49 6.14 6.63 6.54 5.91 6.23
6.20 7.20 6.22 6.89 7.11 7.42 6.41 6.36 7.39 6.57 8.19 6.75 8.68 5.17 8.84 11.08 11.18 12.57 13.41 10.49 12.80 15.00 9.41 11.48 9.63 4.84 10.53 9.85 6.00 6.53 4.81 6.72 6.45 9.66 8.37 5.43 4.57 3.90 3.88 5.30 8.45 6.91 8.64 6.85 6.46 7.18 5.92 7.23 5.68 5.87 5.33 4.92 4.62 4.65 4.50 4.41 3.98 4.01 4.11 4.80 6.29 7.44 6.94 6.25 6.88 6.26 7.25 6.38 6.21 6.50 6.83 7.09 7.14 6.87 5.96 6.41 6.38 6.01 6.28
6.37 5.88 7.56 8.91 10.87 9.66 8.11 7.18 6.26 6.75 9.90 6.71 7.80 4.80 7.24 7.95 7.19 6.16 9.33 8.56 11.03 11.14 13.66 11.40 12.00 10.58 14.89 7.82 6.20 5.58 6.88 6.29 8.93 8.22 8.33 4.80 4.33 3.76 7.79 8.65 8.18 8.50 6.45 6.93 7.07 6.74 5.76 5.70 5.68 5.30 4.98 4.80 4.56 4.97 4.75 4.65 3.74 3.11 3.62 5.22 7.68 6.18 6.76 6.83 6.34 6.23 6.33 5.83 5.86 6.49 6.18 6.72 6.78 6.57 6.43 6.43 5.85 5.43 6.36
6.93 6.29 6.56 8.61 9.17 10.15 9.28 8.33 7.51 6.91 7.34 9.88 5.78 10.20 9.05 8.99 10.33 8.82 6.72 7.02 9.06 7.94 10.16 10.04 8.25 13.26 12.83 6.07 6.90 4.66 5.57 7.51 8.19 7.30 6.39 4.61 4.24 6.16 5.55 7.63 7.35 6.58 6.85 6.49 6.06 6.01 5.18 4.84 4.80 4.73 6.28 4.74 5.39 4.52 4.08 3.06 2.35 2.43 4.01 6.62 6.99 6.72 6.84 6.67 6.38 6.51 6.83 7.01 5.42 6.36 7.23 6.52 6.24 6.59 5.63 5.84 6.55 5.69 5.11
7.45 7.91 8.92 10.47 -9999 -9999 -9999 -9999 8.94 8.53 9.42 6.69 5.42 6.97 7.04 6.71 6.33 2.89 12.86 13.71 8.19 6.81 7.14 9.13 10.16 12.15 8.55 6.39 5.19 4.33 8.84 7.33 8.93 5.66 5.25 4.69 4.69 7.21 5.42 7.22 7.03 6.11 6.16 5.87 5.52 5.03 4.70 4.57 4.64 4.69 5.90 4.93 5.22 5.16 4.30 3.13 2.10 3.49 3.67 5.94 7.20 7.24 5.72 5.87 5.85 7.03 7.34 6.73 5.27 6.10 6.86 6.63 6.17 6.84 6.18 5.81 5.96 5.78 4.96
