ML/MeanWindSpeed_1997-11_Actual.txt
ncols         180
nrows         290
xllcorner     -200000
yllcorner     -200000
cellsize      5000
NODATA_value  -9999
[rows 140 to 174 of 290, columns 79 to 157 of 180]
-9999 -9999 12.54 -9999 -9999 -9999 11.45 11.04 9.22 9.04 10.36 -9999 -9999 11.10 9.29 11.16 12.23 -9999 -9999 -9999 -9999 -9999 9.74 7.98 5.50 5.39 4.62 5.19 5.48 6.42 7.34 6.43 8.46 10.20 10.56 8.02 9.48 10.12 10.47 8.14 8.44 8.23 6.73 4.28 3.77 4.27 2.29 2.73 4.99 7.60 -9999 -9999 -9999 -9999 -9999 -9999 -9999 -9999 -9999 -9999 -9999 -9999 -9999 -9999 -9999 -9999 -9999 -9999 -9999 -9999 -9999 -9999 -9999 -9999 -9999 -9999 -9999 -9999 -9999
-9999 -9999 12.71 12.50 -9999 -9999 -9999 11.44 11.29 10.72 11.31 -9999 -9999 -9999 -9999 11.57 -9999 -9999 -9999 -9999 -9999 -9999 8.62 7.37 6.48 6.64 6.22 6.06 6.01 6.49 6.54 6.94 7.82 10.28 10.74 6.79 11.32 10.99 11.85 8.66 8.32 9.46 6.86 4.95 4.04 2.77 1.86 2.81 4.83 7.42 -9999 -9999 -9999 -9999 -9999 -9999 -9999 -9999 -9999 -9999 -9999 -9999 -9999 -9999 -9999 -9999 -9999 -9999 -9999 -9999 -9999 -9999 -9999 -9999 -9999 -9999 -9999 -9999 -9999
-9999 -9999 -9999 13.90 -9999 -9999 -9999 -9999 11.59 12.22 12.10 -9999 -9999 -9999 -9999 -9999 -9999 -9999 -9999 -9999 -9999 9.95 8.46 8.15 8.10 8.09 8.51 7.98 7.39 7.44 7.10 7.80 7.90 9.25 13.94 12.61 11.46 11.32 9.15 8.15 7.93 5.97 3.99 5.38 5.22 2.62 2.35 3.59 5.23 7.76 9.94 -9999 -9999 -9999 -9999 -9999 -9999 -9999 -9999 -9999 -9999 -9999 -9999 -9999 -9999 -9999 -9999 -9999 -9999 -9999 -9999 -9999 -9999 -9999 -9999 -9999 -9999 -9999 -9999
-9999 -9999 -9999 15.02 -9999 -9999 -9999 -9999 -9999 -9999 -9999 -9999 -9999 -9999 -9999 -9999 -9999 -9999 -9999 -9999 -9999 9.47 7.36 6.43 6.29 6.35 12.47 9.16 7.60 9.45 7.06 8.46 6.30 7.65 12.46 14.84 10.85 9.42 13.33 14.72 12.68 9.60 7.64 3.88 4.12 3.69 4.59 4.44 5.56 8.08 9.85 10.81 -9999 -9999 -9999 -9999 -9999 -9999 -9999 -9999 -9999 -9999 -9999 -9999 -9999 -9999 -9999 -9999 -9999 -9999 -9999 -9999 -9999 -9999 -9999 -9999 -9999 -9999 -9999
-9999 -9999 -9999 -9999 -9999 -9999 -9999 -9999 -9999 -9999 -9999 -9999 -9999 -9999 -9999 -9999 -9999 -9999 -9999 -9999 10.23 8.52 6.70 5.78 8.73 5.34 16.08 13.89 6.90 7.90 6.67 6.48 7.38 6.57 8.49 16.05 14.94 12.46 10.82 9.74 11.24 10.19 8.54 6.41 5.08 4.62 4.46 4.82 6.44 7.24 8.00 9.09 -9999 -9999 -9999 -9999 -9999 -9999 -9999 -9999 -9999 -9999 -9999 -9999 -9999 -9999 -9999 -9999 -9999 -9999 -9999 -9999 -9999 -9999 -9999 -9999 -9999 -9999 -9999
-9999 -9999 -9999 -9999 -9999 -9999 -9999 -9999 -9999 -9999 -9999 -9999 -9999 -9999 -9999 -9999 -9999 -9999 -9999 -9999 9.53 9.17 6.24 7.16 13.67 8.13 5.57 9.77 10.21 7.77 6.85 6.51 6.54 6.85 8.88 11.65 18.44 14.44 12.05 9.67 9.06 8.57 6.74 6.25 5.91 6.56 5.40 6.39 6.25 6.81 6.86 7.44 8.15 8.63 8.95 -9999 -9999 -9999 -9999 -9999 -9999 -9999 -9999 -9999 -9999 -9999 -9999 -9999 -9999 -9999 -9999 -9999 -9999 -9999 -9999 -9999 -9999 -9999 -9999
-9999 -9999 -9999 -9999 -9999 -9999 -9999 -9999 -9999 -9999 -9999 -9999 -9999 -9999 -9999 -9999 -9999 -9999 -9999 -9999 9.74 8.68 7.80 10.38 6.60 7.14 8.56 12.51 9.31 6.97 9.71 5.06 7.40 7.06 8.61 9.27 11.85 12.56 11.19 9.72 8.62 6.31 6.20 5.71 5.40 5.39 5.86 5.95 6.40 6.18 6.30 6.58 9.03 7.45 8.63 9.67 9.91 -9999 -9999 -9999 -9999 -9999 -9999 -9999 -9999 -9999 -9999 -9999 -9999 -9999 -9999 -9999 -9999 -9999 -9999 -9999 -9999 -9999 -9999
-9999 -9999 -9999 -9999 -9999 -9999 -9999 -9999 -9999 -9999 -9999 -9999 -9999 -9999 -9999 -9999 -9999 -9999 -9999 -9999 10.02 9.41 9.80 14.38 15.11 10.85 7.75 9.85 10.89 12.15 7.25 9.92 8.21 7.28 8.37 9.04 7.77 7.75 11.17 9.96 8.60 7.52 6.50 5.99 6.16 6.34 6.02 6.30 6.23 5.87 6.27 6.32 6.74 8.80 8.50 8.76 10.19 10.60 9.38 -9999 -9999 -9999 -9999 -9999 -9999 -9999 -9999 -9999 -9999 -9999 -9999 -9999 -9999 -9999 -9999 -9999 -9999 -9999 -9999
-9999 -9999 -9999 -9999 -9999 -9999 -9999 -9999 -9999 -9999 -9999 -9999 -9999 -9999 -9999 -9999 -9999 -9999 -9999 -9999 10.37 9.04 10.91 11.98 7.64 17.16 14.37 9.16 11.58 9.27 11.98 12.28 8.65 6.86 7.93 8.98 7.23 13.51 11.98 11.35 11.28 11.10 9.93 6.88 7.84 6.99 6.77 6.76 6.58 6.36 5.89 5.35 5.90 8.06 7.21 6.90 7.77 9.27 8.03 11.16 -9999 -9999 -9999 -9999 -9999 -9999 -9999 -9999 -9999 -9999 -9999 -9999 -9999 -9999 -9999 -9999 -9999 -9999 -9999
-9999 -9999 -9999 -9999 -9999 -9999 -9999 -9999 10.56 10.76 12.11 -9999 -9999 -9999 -9999 -9999 -9999 -9999 -9999 -9999 -9999 9.75 8.60 7.07 8.65 10.19 12.87 8.06 6.13 10.82 10.16 9.16 7.98 9.56 9.85 8.66 8.85 11.43 11.33 14.11 12.63 10.23 9.37 9.63 8.24 7.36 7.18 7.00 7.15 6.63 5.88 9.64 8.79 11.58 11.98 10.99 10.12 7.67 9.92 10.66 10.55 -9999 -9999 -9999 -9999 -9999 -9999 -9999 -9999 -9999 -9999 -9999 -9999 -9999 -9999 -9999 -9999 -9999 -9999
-9999 -9999 -9999 -9999 -9999 -9999 -9999 -9999 8.09 8.43 -9999 -9999 -9999 -9999 -9999 -9999 -9999 -9999 -9999 -9999 -9999 -9999 8.79 5.76 9.23 9.75 16.09 9.14 9.37 8.78 7.28 6.76 7.07 6.91 13.95 8.47 9.03 13.21 11.11 8.35 7.56 11.21 7.45 9.70 8.00 7.14 6.90 7.09 7.13 7.62 9.23 9.91 9.34 9.22 8.93 10.01 10.95 10.24 10.10 9.73 12.18 -9999 -9999 -9999 -9999 -9999 -9999 -9999 -9999 -9999 -9999 -9999 -9999 -9999 -9999 -9999 -9999 -9999 -9999
-9999 -9999 -9999 -9999 -9999 -9999 -9999 9.31 10.42 10.42 11.23 -9999 -9999 -9999 -9999 -9999 -9999 -9999 -9999 -9999 -9999 -9999 9.57 9.65 10.12 10.33 8.09 9.64 7.75 7.56 7.14 6.42 8.05 7.00 5.33 12.84 9.11 8.21 11.20 9.29 11.42 8.66 8.67 7.30 7.24 7.04 7.23 6.91 7.02 8.25 9.07 8.00 8.75 9.94 9.83 10.47 10.34 10.39 10.35 8.77 11.64 11.25 -9999 -9999 -9999 -9999 -9999 -9999 -9999 -9999 -9999 -9999 -9999 -9999 -9999 -9999 -9999 -9999 -9999
-9999 -9999 -9999 -9999 -9999 -9999 9.76 12.37 12.76 15.91 11.41 -9999 -9999 -9999 -9999 -9999 -9999 -9999 -9999 -9999 -9999 -9999 10.56 13.21 10.30 6.34 7.80 7.52 7.93 6.63 6.26 7.03 8.30 6.40 11.51 8.49 11.26 8.41 12.10 7.07 8.02 6.00 7.93 6.55 6.97 7.41 6.69 6.87 6.76 7.15 9.70 9.76 9.08 8.24 8.72 8.72 9.07 9.38 10.57 10.22 9.72 10.76 -9999 -9999 -9999 -9999 -9999 -9999 -9999 -9999 -9999 -9999 -9999 -9999 -9999 -9999 -9999 -9999 -9999
-9999 -9999 -9999 -9999 -9999 11.96 10.37 15.18 12.11 12.28 -9999 -9999 -9999 -9999 -9999 -9999 -9999 -9999 -9999 -9999 -9999 -9999 -9999 9.95 7.74 6.46 8.69 6.60 8.56 7.23 6.78 6.49 7.94 6.82 11.88 11.30 12.22 11.25 11.70 11.63 11.39 9.39 8.67 8.78 8.08 6.64 6.68 6.78 6.63 6.87 7.52 11.12 9.63 7.33 6.99 7.27 7.29 7.43 7.23 7.36 7.11 8.18 10.19 11.48 -9999 -9999 -9999 -9999 -9999 -9999 -9999 -9999 -9999 -9999 -9999 -9999 -9999 -9999 -9999
-9999 -9999 -9999 -9999 -9999 14.28 14.75 10.90 11.21 11.94 -9999 -9999 -9999 -9999 -9999 -9999 -9999 -9999 -9999 -9999 -9999 -9999 -9999 -9999 8.48 8.05 7.51 6.82 8.25 8.00 7.87 7.02 7.85 6.39 11.51 10.72 10.12 11.64 10.13 9.61 13.30 12.56 8.74 10.06 8.77 8.22 6.81 6.67 6.67 6.68 7.04 7.73 7.85 7.14 7.03 6.96 7.02 6.75 6.57 6.72 6.87 9.45 10.18 10.42 -9999 -9999 -9999 -9999 -9999 -9999 -9999 -9999 -9999 -9999 -9999 -9999 -9999 -9999 -9999
-9999 -9999 -9999 -9999 -9999 15.11 13.26 13.64 12.91 -9999 -9999 -9999 -9999 -9999 -9999 -9999 -9999 -9999 -9999 -9999 -9999 -9999 -9999 -9999 9.44 8.80 8.16 -9999 8.78 -9999 8.16 6.47 5.35 4.83 5.30 10.45 10.35 10.43 13.26 7.61 8.24 12.87 10.63 9.47 9.20 8.08 7.04 6.82 6.82 6.62 6.87 7.13 7.82 8.66 7.54 8.02 7.06 6.21 7.15 8.39 7.99 7.61 7.87 9.78 12.08 13.27 -9999 -9999 -9999 -9999 -9999 -9999 -9999 -9999 -9999 -9999 -9999 -9999 -9999
-9999 -9999 -9999 -9999 15.27 14.05 13.49 -9999 -9999 -9999 -9999 -9999 -9999 -9999 -9999 -9999 -9999 -9999 -9999 -9999 -9999 -9999 -9999 -9999 10.68 9.46 8.53 -9999 -9999 -9999 8.20 7.80 4.35 4.99 6.42 6.24 6.99 8.71 12.29 12.34 7.49 10.87 12.01 8.90 9.90 8.74 7.74 6.32 6.58 6.50 6.65 6.87 7.18 7.52 7.46 7.89 6.72 6.77 7.80 8.78 9.12 9.00 8.25 8.51 10.20 12.10 -9999 -9999 -9999 -9999 -9999 -9999 -9999 -9999 -9999 -9999 -9999 -9999 -9999
-9999 -9999 -9999 -9999 -9999 -9999 -9999 -9999 -9999 -9999 -9999 -9999 -9999 -9999 -9999 -9999 -9999 -9999 -9999 -9999 -9999 -9999 -9999 -9999 -9999 -9999 -9999 -9999 -9999 9.49 8.02 7.00 7.79 8.38 9.02 9.29 8.35 8.89 11.42 11.07 9.32 7.36 9.89 10.64 8.95 7.94 7.22 6.79 6.76 7.02 6.66 6.63 6.81 6.89 7.01 6.86 7.60 9.51 7.91 8.60 8.01 8.14 7.36 8.38 9.94 -9999 -9999 -9999 -9999 -9999 -9999 -9999 -9999 -9999 -9999 -9999 -9999 -9999 -9999
-9999 -9999 -9999 -9999 -9999 -9999 -9999 -9999 -9999 -9999 -9999 -9999 -9999 -9999 -9999 -9999 -9999 -9999 -9999 -9999 -9999 -9999 -9999 -9999 -9999 -9999 -9999 -9999 -9999 8.96 7.85 8.42 9.82 12.10 11.00 8.12 9.35 6.97 7.78 7.21 8.72 9.46 9.73 9.67 9.34 8.07 7.64 7.34 6.73 6.99 6.58 6.60 6.74 6.87 6.97 6.87 7.35 10.39 9.22 7.57 7.36 7.27 7.13 8.24 10.11 -9999 -9999 -9999 -9999 -9999 -9999 -9999 -9999 -9999 -9999 -9999 -9999 -9999 -9999
-9999 -9999 -9999 -9999 -9999 -9999 -9999 -9999 -9999 -9999 -9999 -9999 -9999 -9999 -9999 -9999 -9999 -9999 -9999 -9999 -9999 -9999 -9999 -9999 -9999 -9999 -9999 -9999 -9999 7.90 7.10 7.26 9.25 10.12 9.66 8.79 7.97 6.87 7.74 6.71 6.43 7.54 6.17 9.72 8.48 9.14 7.83 7.50 6.50 6.44 6.67 6.70 6.80 6.78 6.87 6.96 6.95 8.56 8.81 7.64 7.10 7.26 7.14 7.99 9.60 -9999 -9999 -9999 -9999 -9999 -9999 -9999 -9999 -9999 -9999 -9999 -9999 -9999 -9999
-9999 -9999 -9999 -9999 -9999 -9999 -9999 -9999 -9999 -9999 -9999 -9999 -9999 -9999 -9999 -9999 -9999 -9999 -9999 -9999 -9999 -9999 -9999 -9999 -9999 -9999 -9999 10.19 8.38 7.02 6.90 8.96 10.16 12.57 9.43 10.87 6.25 7.19 7.08 7.47 7.88 7.92 9.70 6.85 7.02 6.94 6.88 6.39 7.09 6.41 6.53 6.93 6.72 6.74 6.87 6.82 6.93 7.17 8.38 7.42 6.78 7.00 7.14 7.48 8.77 10.49 -9999 -9999 -9999 -9999 -9999 -9999 -9999 -9999 -9999 -9999 -9999 -9999 -9999
-9999 -9999 -9999 -9999 -9999 -9999 -9999 -9999 -9999 -9999 -9999 -9999 -9999 -9999 -9999 -9999 -9999 -9999 -9999 -9999 -9999 -9999 -9999 -9999 -9999 -9999 -9999 9.35 7.32 6.51 6.41 7.01 9.57 7.41 7.40 6.26 7.34 9.95 7.64 8.12 7.60 8.73 5.71 9.35 7.58 8.68 8.49 8.42 7.19 6.75 6.56 6.60 6.62 6.75 6.78 6.80 6.79 6.87 7.22 7.80 7.04 6.94 7.18 7.13 7.90 9.66 -9999 -9999 -9999 -9999 -9999 -9999 -9999 -9999 -9999 -9999 -9999 -9999 -9999
-9999 -9999 -9999 -9999 -9999 -9999 -9999 -9999 -9999 -9999 -9999 -9999 -9999 -9999 -9999 -9999 -9999 -9999 -9999 -9999 -9999 -9999 -9999 -9999 -9999 -9999 -9999 9.35 7.22 6.62 6.49 6.88 7.40 7.34 6.65 5.83 6.88 7.53 7.03 8.24 10.06 7.77 7.29 6.30 7.94 6.53 7.13 7.77 8.02 7.10 6.87 6.57 6.58 6.75 6.82 6.82 6.83 6.95 7.15 7.82 8.18 7.37 7.11 7.09 7.23 8.47 10.19 -9999 -9999 -9999 -9999 -9999 -9999 -9999 -9999 -9999 -9999 -9999 -9999
-9999 -9999 -9999 -9999 -9999 -9999 -9999 -9999 -9999 -9999 -9999 -9999 -9999 -9999 -9999 -9999 -9999 -9999 -9999 -9999 -9999 -9999 -9999 -9999 -9999 -9999 -9999 9.10 7.36 6.90 6.91 6.79 6.66 6.05 6.47 7.38 5.75 6.24 6.96 10.87 10.68 11.29 10.01 8.24 7.82 8.13 6.92 6.52 7.44 7.65 6.78 6.53 6.63 6.62 6.79 6.93 7.05 7.17 7.28 8.42 9.26 8.19 7.83 7.72 7.31 7.54 9.03 10.71 -9999 -9999 -9999 -9999 -9999 -9999 -9999 -9999 -9999 -9999 -9999
-9999 -9999 -9999 -9999 -9999 -9999 -9999 -9999 -9999 -9999 -9999 -9999 -9999 -9999 -9999 -9999 -9999 -9999 -9999 -9999 -9999 -9999 -9999 -9999 -9999 -9999 -9999 9.04 7.18 6.76 6.69 6.54 6.17 6.25 5.74 7.15 8.01 9.45 10.43 11.31 8.50 9.75 8.61 8.63 7.34 8.20 7.63 7.07 6.50 6.28 6.48 6.43 6.62 6.76 6.97 7.08 7.29 7.51 7.57 7.91 8.72 8.35 8.00 8.11 8.06 7.79 7.94 9.66 -9999 -9999 -9999 -9999 -9999 -9999 -9999 -9999 -9999 -9999 -9999
-9999 -9999 -9999 -9999 -9999 -9999 -9999 -9999 -9999 -9999 -9999 -9999 -9999 -9999 -9999 -9999 -9999 -9999 -9999 -9999 -9999 -9999 -9999 -9999 -9999 -9999 -9999 -9999 7.16 6.79 6.60 6.34 6.86 8.30 8.27 9.30 8.73 8.38 10.10 9.55 9.78 8.59 6.92 5.97 6.47 6.20 7.37 6.83 6.62 7.01 6.78 6.38 6.75 6.81 7.04 7.10 7.35 7.62 7.76 8.00 7.95 8.02 8.15 8.44 -9999 8.49 8.87 9.86 11.69 -9999 -9999 -9999 -9999 -9999 -9999 -9999 -9999 -9999 -9999
-9999 -9999 -9999 -9999 -9999 -9999 -9999 -9999 -9999 -9999 -9999 -9999 -9999 -9999 -9999 -9999 -9999 -9999 -9999 -9999 -9999 -9999 -9999 -9999 -9999 -9999 -9999 8.75 7.02 6.57 6.10 6.21 6.88 10.09 10.46 9.10 11.61 11.11 9.76 9.04 11.54 9.00 8.79 6.93 5.38 7.06 6.29 6.04 6.75 6.86 6.41 6.63 6.64 6.76 6.91 7.16 7.24 7.37 8.60 8.12 7.59 8.63 7.81 8.00 8.20 -9999 9.67 10.64 12.15 13.35 -9999 -9999 -9999 -9999 -9999 -9999 -9999 -9999 -9999
-9999 -9999 -9999 -9999 -9999 -9999 -9999 -9999 -9999 -9999 -9999 -9999 -9999 -9999 -9999 -9999 -9999 -9999 -9999 -9999 -9999 -9999 -9999 -9999 -9999 -9999 -9999 8.47 6.84 6.52 6.12 7.64 7.29 8.31 10.78 8.29 8.74 9.20 8.08 7.85 10.18 8.43 7.82 5.31 6.84 7.82 6.24 7.34 6.87 7.40 7.05 6.72 6.58 6.68 6.82 6.92 6.93 6.96 7.09 7.48 6.83 7.09 7.47 6.86 7.80 8.62 -9999 -9999 -9999 -9999 -9999 -9999 -9999 -9999 -9999 -9999 -9999 -9999 -9999
-9999 -9999 -9999 -9999 -9999 -9999 -9999 -9999 -9999 -9999 -9999 -9999 -9999 -9999 -9999 -9999 -9999 -9999 -9999 -9999 -9999 -9999 -9999 -9999 -9999 -9999 10.35 7.93 6.69 7.29 6.87 7.14 7.14 8.23 8.56 8.16 8.07 8.02 8.02 8.42 10.34 11.29 10.44 6.22 8.12 7.77 6.17 6.76 6.32 7.00 7.07 6.50 6.35 6.74 6.80 6.82 6.98 6.93 7.01 7.04 7.06 7.10 8.08 7.19 7.10 7.73 9.25 10.94 -9999 -9999 -9999 -9999 -9999 -9999 -9999 -9999 -9999 -9999 -9999
-9999 -9999 -9999 -9999 -9999 -9999 -9999 -9999 -9999 -9999 -9999 -9999 -9999 -9999 -9999 -9999 -9999 -9999 -9999 -9999 -9999 -9999 -9999 -9999 -9999 -9999 -9999 8.05 6.79 6.73 6.99 8.59 7.17 7.20 7.33 7.77 8.10 7.88 7.90 8.12 8.17 10.58 10.34 10.43 8.15 8.33 7.77 7.18 7.81 6.23 6.06 6.70 6.30 6.55 6.59 6.64 6.92 6.92 6.93 7.08 6.96 6.99 7.10 8.65 7.44 7.07 7.74 9.14 10.67 12.26 -9999 -9999 -9999 -9999 -9999 -9999 -9999 -9999 -9999
-9999 -9999 -9999 -9999 -9999 -9999 -9999 -9999 -9999 -9999 -9999 -9999 -9999 -9999 -9999 -9999 -9999 -9999 -9999 -9999 -9999 -9999 -9999 -9999 -9999 -9999 -9999 7.95 7.16 6.71 6.90 7.16 7.35 7.18 6.91 7.15 7.02 7.00 7.30 7.64 8.28 7.46 10.29 12.00 12.28 9.74 8.28 8.05 7.11 7.44 6.38 7.12 6.46 6.62 6.57 6.58 6.73 6.90 7.15 7.07 6.95 6.98 7.47 8.99 8.12 7.96 7.12 7.69 9.05 10.76 -9999 -9999 -9999 -9999 -9999 -9999 -9999 -9999 -9999
-9999 -9999 -9999 -9999 -9999 -9999 -9999 12.97 11.69 11.90 13.08 -9999 -9999 -9999 -9999 -9999 -9999 -9999 -9999 -9999 -9999 -9999 -9999 -9999 -9999 -9999 8.52 7.36 7.65 7.05 7.68 7.35 6.84 6.72 6.86 6.87 6.99 6.96 7.19 7.22 7.44 9.79 11.15 10.96 8.89 10.76 9.41 7.02 7.32 6.02 7.99 7.73 6.68 6.71 6.59 6.56 6.70 6.94 7.09 7.24 7.05 6.88 7.24 7.74 9.03 8.49 8.66 7.32 7.58 9.34 11.27 -9999 -9999 -9999 -9999 -9999 -9999 -9999 -9999
-9999 -9999 -9999 -9999 -9999 -9999 -9999 12.06 10.64 10.25 11.07 -9999 -9999 -9999 -9999 -9999 -9999 -9999 -9999 -9999 -9999 -9999 -9999 -9999 -9999 8.49 8.06 7.15 7.52 8.51 7.37 7.20 6.57 6.68 6.99 6.96 7.15 7.27 6.88 6.63 6.54 7.70 12.14 12.25 8.79 9.67 8.82 8.58 6.59 6.09 7.23 7.55 6.94 6.36 6.40 6.54 7.03 7.11 7.03 6.98 7.19 6.94 7.34 7.70 9.09 8.82 8.42 7.51 7.54 8.33 10.37 -9999 -9999 -9999 -9999 -9999 -9999 -9999 -9999
-9999 -9999 -9999 -9999 -9999 15.47 12.35 10.37 10.03 9.58 10.67 10.49 11.73 12.39 -9999 -9999 11.61 9.71 -9999 -9999 -9999 8.80 9.23 7.96 -9999 6.12 7.90 7.32 7.10 7.66 7.24 7.25 7.29 7.93 7.72 7.81 7.07 7.49 7.05 6.73 9.04 6.48 8.32 10.84 6.92 8.19 11.60 6.94 8.68 6.97 7.12 7.20 6.82 6.68 6.72 6.69 7.11 6.92 7.01 6.73 7.24 6.82 7.22 7.77 8.31 8.79 9.18 8.58 7.71 7.69 9.43 11.60 -9999 -9999 -9999 -9999 -9999 -9999 -9999
-9999 -9999 -9999 -9999 -9999 -9999 12.82 10.94 9.85 9.27 9.48 10.15 11.21 8.76 -9999 6.83 9.18 9.50 7.98 8.64 6.35 6.16 9.43 8.40 6.72 -9999 5.76 7.38 7.53 7.12 7.02 7.37 6.78 6.94 7.22 7.28 7.51 7.44 7.99 7.37 9.34 9.34 9.16 9.49 8.98 10.63 10.13 8.20 6.84 6.50 7.63 7.66 6.60 7.10 6.74 7.11 7.40 7.10 7.04 6.70 7.22 6.90 7.39 7.90 8.08 8.70 8.98 9.29 8.49 7.90 8.73 10.77 -9999 -9999 -9999 -9999 -9999 -9999 -9999
