ML/MeanWindSpeed_1995-03_Actual.txt
ncols         180
nrows         290
xllcorner     -200000
yllcorner     -200000
cellsize      5000
NODATA_value  -9999
[rows 175 to 209 of 290, columns 77 to 153 of 180]
-9999 -9999 -9999 -9999 -9999 -9999 -9999 -9999 -9999 15.64 14.75 13.85 13.22 13.62 12.13 11.79 21.14 29.94 13.60 17.19 16.68 15.20 12.47 8.38 7.96 11.60 15.37 12.30 9.01 9.34 10.52 9.62 9.91 11.72 10.23 9.09 8.25 8.40 8.54 8.23 8.46 8.55 15.63 17.19 13.65 13.80 11.09 9.83 11.81 12.34 9.65 9.42 11.39 10.51 9.91 10.93 10.41 11.75 10.73 10.61 10.40 10.35 12.13 10.61 10.22 10.27 9.97 10.62 11.37 11.66 12.16 12.75 10.89 12.71 14.92 -9999 -9999
-9999 -9999 -9999 -9999 -9999 -9999 -9999 -9999 -9999 -9999 16.96 13.91 12.50 11.32 11.44 15.82 35.37 24.26 11.18 18.46 12.05 16.43 15.81 10.32 6.59 15.30 13.02 14.27 11.81 9.25 9.29 9.48 8.65 10.05 10.51 9.66 8.89 8.21 8.48 8.16 7.94 10.45 11.88 17.55 14.33 15.17 13.87 8.10 11.25 14.13 10.12 10.28 11.27 10.26 10.18 10.43 10.26 11.65 10.43 10.17 10.33 9.67 10.61 10.57 10.09 10.11 10.08 10.32 11.11 12.86 11.52 10.67 10.80 12.27 14.60 -9999 -9999
-9999 -9999 -9999 -9999 -9999 -9999 -9999 -9999 -9999 -9999 -9999 14.20 11.85 12.97 16.27 31.17 34.12 23.56 17.46 15.80 15.88 17.32 17.47 16.77 10.32 8.53 16.76 13.65 12.22 10.80 9.18 9.03 9.29 9.34 9.79 8.99 8.21 8.37 8.38 8.20 8.47 9.86 12.48 14.22 11.58 12.10 14.50 11.85 8.08 14.10 10.60 10.49 11.21 10.08 10.12 9.98 10.70 11.49 10.50 10.22 10.14 9.44 11.51 10.75 10.35 10.40 10.41 10.88 10.75 10.82 10.45 10.30 10.76 12.72 14.81 -9999 -9999
-9999 -9999 -9999 -9999 -9999 -9999 -9999 -9999 -9999 -9999 -9999 13.71 12.80 17.16 20.52 23.83 28.40 17.75 13.82 16.17 18.64 18.16 18.84 16.16 11.33 7.46 16.90 16.89 13.23 11.78 9.20 8.75 9.32 10.46 9.66 9.01 8.51 7.78 7.56 8.21 10.83 10.81 8.25 14.79 11.59 12.46 14.98 14.91 11.47 10.09 9.69 8.25 10.21 11.19 9.85 9.73 9.46 10.31 10.11 10.64 10.33 10.11 10.90 11.81 11.30 11.30 10.95 10.90 10.57 10.21 10.20 10.78 11.96 13.78 -9999 -9999 -9999
-9999 -9999 -9999 -9999 -9999 -9999 -9999 -9999 -9999 -9999 -9999 12.53 13.19 15.97 15.90 23.07 20.81 16.05 18.02 14.48 15.19 18.32 15.74 18.78 14.84 9.24 15.29 17.01 16.02 11.41 10.00 8.56 9.74 11.19 10.48 9.08 8.20 7.66 8.10 10.09 10.43 8.40 8.28 12.28 12.02 11.79 11.83 11.10 11.16 12.02 7.76 9.18 9.48 9.11 9.72 9.15 10.41 9.40 10.02 10.61 10.64 11.21 14.04 12.78 11.94 11.49 11.30 11.01 10.68 10.44 10.58 11.84 13.51 -9999 -9999 -9999 -9999
-9999 -9999 -9999 -9999 -9999 -9999 -9999 -9999 -9999 -9999 13.55 24.38 14.59 16.46 18.92 13.06 27.84 24.32 22.39 18.80 20.57 15.21 15.66 13.43 11.37 13.53 18.55 16.28 15.30 11.03 9.48 8.30 10.32 10.43 9.66 8.99 7.92 7.92 9.85 9.31 8.43 10.03 11.51 8.29 14.45 13.37 9.45 10.51 9.82 8.92 8.89 7.91 7.84 8.14 9.60 9.05 8.47 10.73 10.00 10.54 11.13 12.02 14.26 12.88 12.05 11.82 11.26 11.03 10.58 10.43 11.45 13.04 -9999 -9999 -9999 -9999 -9999
-9999 -9999 -9999 -9999 -9999 -9999 -9999 -9999 14.43 13.86 18.97 16.42 13.13 13.70 15.83 11.21 14.09 17.08 22.20 20.49 20.84 17.55 17.20 9.13 13.01 13.09 9.51 10.54 10.01 11.12 9.84 8.81 9.96 10.17 9.97 8.82 8.69 10.29 9.15 9.62 8.27 10.41 11.44 10.81 9.37 8.40 10.84 10.13 9.49 9.53 9.38 9.03 7.23 8.56 8.47 7.75 8.33 9.29 10.08 10.87 11.03 12.04 13.97 12.75 11.78 11.64 11.06 10.76 10.40 10.73 12.05 -9999 -9999 -9999 -9999 -9999 14.75
-9999 -9999 -9999 -9999 -9999 -9999 -9999 14.67 14.46 14.35 14.41 13.77 13.09 11.49 9.47 9.00 12.00 14.60 17.78 27.00 14.69 10.95 10.03 5.78 14.85 16.82 15.91 11.50 10.07 10.99 10.63 9.91 10.13 10.75 9.95 9.38 9.23 10.08 10.39 8.28 8.22 10.51 10.65 10.10 9.42 9.75 10.40 8.80 9.55 8.33 8.34 9.14 8.26 7.59 7.10 7.75 9.28 9.29 9.96 10.66 11.12 11.72 14.02 13.04 11.72 11.13 10.71 10.50 10.28 10.66 11.73 -9999 -9999 -9999 -9999 -9999 13.18
-9999 -9999 -9999 -9999 -9999 -9999 15.02 16.44 15.41 14.99 -9999 -9999 -9999 -9999 9.88 18.63 16.12 15.33 18.10 14.81 10.73 13.69 11.85 9.57 22.49 19.00 15.41 16.47 12.39 9.81 10.59 10.59 9.78 9.80 9.52 9.03 9.68 8.86 10.60 8.68 8.47 9.06 9.85 10.24 10.06 8.86 9.10 8.94 8.87 8.54 8.12 7.65 7.48 7.34 7.85 8.99 9.17 9.22 10.46 11.48 11.79 11.79 12.95 12.59 12.15 10.78 10.48 10.27 10.04 10.15 11.07 12.75 -9999 -9999 -9999 -9999 11.82
-9999 -9999 -9999 -9999 -9999 -9999 16.87 19.26 14.75 15.23 -9999 -9999 -9999 -9999 10.38 15.23 18.07 10.92 16.79 14.74 12.61 16.18 17.73 12.79 18.12 8.85 11.15 11.79 10.95 9.67 9.77 10.12 9.76 9.99 10.60 9.14 9.90 9.34 9.44 10.16 8.74 9.03 8.32 9.65 10.97 11.46 11.31 9.21 8.45 8.41 8.31 8.83 8.00 8.21 8.95 9.55 10.71 9.97 12.72 12.84 13.19 11.89 12.28 12.06 11.67 10.46 10.40 10.20 9.91 9.86 10.07 11.18 12.21 -9999 -9999 12.27 11.52
-9999 -9999 -9999 -9999 -9999 -9999 -9999 -9999 -9999 -9999 -9999 -9999 -9999 -9999 11.46 17.82 15.58 10.73 12.83 9.13 17.83 16.07 8.68 13.03 12.10 10.28 11.92 9.66 9.39 8.96 10.34 9.92 10.25 9.81 9.15 9.17 9.12 8.82 9.16 10.00 9.06 8.69 9.20 9.88 9.48 10.59 10.95 8.42 10.20 11.54 9.96 9.98 9.52 8.12 9.29 10.68 12.23 12.08 11.47 12.16 13.14 12.33 12.61 11.94 11.52 10.26 10.31 10.22 10.04 9.83 9.56 9.88 10.61 11.53 11.71 10.95 10.79
-9999 -9999 -9999 -9999 -9999 -9999 -9999 -9999 -9999 -9999 -9999 -9999 -9999 -9999 -9999 17.70 6.72 7.39 11.51 16.53 14.09 15.81 14.14 8.25 10.09 12.38 8.23 8.34 8.10 8.72 9.04 9.78 9.81 9.70 9.21 8.97 8.87 9.17 8.92 9.84 9.57 8.98 12.11 11.20 9.38 9.17 9.20 9.43 9.32 10.81 11.13 10.39 11.95 9.47 9.06 10.16 9.89 10.69 11.09 11.03 12.75 12.68 12.16 11.29 11.45 10.29 10.32 10.21 10.00 9.88 9.82 9.83 9.80 10.15 10.19 9.93 9.53
-9999 -9999 -9999 -9999 -9999 -9999 -9999 -9999 -9999 -9999 -9999 -9999 -9999 -9999 -9999 11.55 17.91 19.10 14.95 11.44 9.42 12.52 9.29 9.67 7.59 7.28 10.81 7.84 8.19 11.25 10.65 10.27 9.62 8.68 8.62 9.59 9.37 10.81 10.56 10.17 9.58 9.03 11.93 13.18 11.19 9.63 9.00 9.48 9.54 9.41 9.97 11.14 14.29 12.28 9.57 9.08 9.86 11.58 13.15 13.14 12.30 12.93 12.23 11.43 10.84 10.41 10.38 10.24 10.20 10.07 9.98 9.96 9.94 9.87 9.73 9.80 9.58
-9999 -9999 -9999 -9999 -9999 -9999 -9999 -9999 -9999 -9999 -9999 -9999 -9999 -9999 14.42 14.17 10.74 21.90 12.99 9.32 12.36 11.18 8.98 13.30 8.47 8.14 12.14 7.36 16.68 12.73 10.24 10.46 11.86 9.43 8.89 13.00 12.51 11.09 9.38 10.10 10.08 9.70 10.67 11.60 11.34 10.27 9.73 9.50 9.59 10.01 9.67 11.43 11.30 10.64 9.99 9.56 10.67 12.15 13.61 13.52 11.90 12.02 11.76 11.34 10.85 10.52 10.39 10.35 10.31 10.20 10.04 10.00 9.95 9.64 9.48 10.08 9.95
-9999 -9999 -9999 -9999 -9999 -9999 -9999 -9999 -9999 -9999 -9999 -9999 -9999 -9999 12.32 13.51 21.26 12.47 6.20 9.28 9.12 10.83 14.26 13.99 10.12 9.78 10.31 8.31 9.72 11.26 13.56 13.42 10.42 10.34 10.08 10.66 11.42 9.42 9.20 10.32 10.33 11.16 11.60 10.89 11.30 10.86 10.15 9.77 9.61 9.67 9.69 10.82 11.19 10.61 9.45 10.07 11.79 13.45 12.50 13.36 13.13 12.09 11.15 12.11 10.90 11.12 10.56 10.48 10.27 10.20 10.11 9.94 9.80 9.62 9.44 10.49 10.09
-9999 -9999 -9999 -9999 -9999 -9999 -9999 -9999 -9999 -9999 -9999 -9999 -9999 -9999 13.71 17.01 7.65 10.48 9.41 11.25 10.60 16.77 13.73 16.20 12.20 10.96 8.64 7.56 8.74 13.52 16.69 18.36 11.13 13.30 11.59 11.70 11.05 8.67 9.25 9.87 10.39 11.31 10.65 10.81 12.59 11.46 10.06 9.95 11.57 9.47 10.03 10.51 10.31 9.74 9.57 10.56 11.28 11.80 11.99 12.05 11.09 10.92 11.63 11.85 10.41 10.37 10.53 10.39 10.31 10.11 9.86 9.84 9.70 9.60 9.53 9.77 9.46
-9999 -9999 -9999 -9999 -9999 -9999 -9999 -9999 -9999 -9999 -9999 -9999 -9999 -9999 -9999 9.26 11.51 15.11 18.75 19.78 15.54 15.37 12.14 8.31 8.65 7.95 9.70 10.15 8.82 10.92 11.73 16.53 13.21 11.43 11.31 13.17 12.21 9.10 10.55 9.26 9.67 13.24 10.91 10.63 10.50 10.75 9.63 9.58 11.95 10.99 9.95 10.66 10.14 9.87 10.43 11.57 10.93 10.76 10.29 11.36 10.28 11.93 11.89 10.47 10.23 11.03 10.72 10.16 10.06 9.86 9.75 9.75 9.68 9.64 9.52 9.44 9.45
-9999 -9999 -9999 -9999 -9999 -9999 -9999 -9999 -9999 -9999 -9999 -9999 -9999 -9999 -9999 11.46 13.67 15.73 18.70 22.45 19.69 14.35 10.23 8.21 10.81 14.06 16.97 19.41 14.38 10.56 11.22 13.06 12.33 9.52 14.34 13.06 12.59 10.55 11.60 9.81 9.42 10.77 12.96 12.23 11.09 10.36 9.70 9.70 11.15 10.81 10.23 10.25 10.87 11.22 11.54 12.19 11.09 10.53 12.26 12.26 12.09 11.68 11.88 10.54 11.04 11.71 10.25 9.96 9.93 9.78 9.77 9.70 9.63 9.61 9.56 9.59 9.54
-9999 -9999 -9999 -9999 -9999 -9999 -9999 -9999 -9999 -9999 -9999 -9999 -9999 -9999 12.76 10.57 12.25 15.50 17.50 16.33 15.70 12.32 13.75 20.57 16.24 16.48 16.49 13.35 11.95 12.94 13.22 10.82 9.94 10.87 13.66 13.40 12.47 10.57 11.92 9.32 9.42 11.70 11.08 11.79 11.87 10.95 10.31 10.03 11.08 10.82 9.85 10.25 10.31 10.25 11.43 10.96 12.40 11.51 12.51 11.44 11.75 11.83 10.61 10.43 11.64 11.39 9.95 9.81 10.17 9.76 9.83 9.77 9.85 9.75 9.61 9.58 9.39
-9999 -9999 -9999 -9999 -9999 -9999 -9999 -9999 -9999 -9999 -9999 -9999 -9999 -9999 16.33 13.57 11.54 11.08 14.18 19.97 19.21 16.93 14.27 15.08 16.95 18.61 18.80 12.91 15.81 17.54 11.55 14.70 9.11 10.22 12.70 15.25 10.86 11.73 9.64 8.45 9.11 10.22 14.31 12.11 12.17 11.49 10.93 10.72 10.77 10.31 9.70 9.87 9.76 9.76 9.80 11.58 12.30 12.22 13.04 11.57 10.81 10.79 10.29 10.95 11.56 11.02 10.35 10.85 10.43 10.68 10.03 9.94 10.14 10.17 9.72 9.55 9.38
-9999 -9999 -9999 -9999 -9999 -9999 -9999 -9999 -9999 -9999 -9999 -9999 -9999 -9999 14.46 12.80 7.86 9.74 13.99 20.35 17.85 18.15 14.10 16.18 15.17 13.26 14.90 15.67 15.02 12.86 10.92 11.68 15.47 10.42 10.28 10.59 11.08 13.11 10.73 8.47 8.96 10.03 10.64 10.70 12.17 11.52 11.04 11.12 9.93 9.22 10.04 10.31 10.46 9.69 10.57 12.21 12.15 10.89 11.15 12.34 10.93 11.40 10.12 11.46 11.55 10.38 10.27 10.59 9.84 10.12 9.95 9.91 9.94 9.77 9.64 9.71 9.62
-9999 -9999 -9999 -9999 -9999 -9999 -9999 -9999 -9999 -9999 -9999 -9999 -9999 13.41 14.74 17.17 12.91 9.92 15.33 17.08 20.31 20.01 12.08 12.30 11.26 13.52 16.00 13.23 12.79 15.41 13.14 11.99 11.46 10.23 9.19 9.54 11.13 10.93 10.33 9.83 9.07 8.72 9.77 10.53 9.78 10.53 10.21 11.03 9.82 9.79 9.99 9.39 9.33 9.83 11.50 11.19 11.14 10.22 11.42 11.69 11.22 10.09 11.26 11.37 11.42 11.57 10.90 10.28 10.15 9.94 10.02 9.99 9.78 9.64 9.52 9.57 9.79
-9999 -9999 -9999 -9999 -9999 -9999 -9999 -9999 -9999 -9999 -9999 -9999 15.68 15.15 15.60 12.45 9.94 14.35 18.57 19.35 16.51 18.77 13.00 14.67 12.50 12.05 21.24 14.24 14.84 11.76 12.31 10.41 10.06 10.65 12.22 10.76 13.48 10.75 11.21 9.24 8.82 8.99 9.38 10.02 9.55 9.78 10.31 10.54 8.80 9.74 9.69 9.83 10.03 10.53 11.42 10.32 11.36 10.71 11.06 9.99 9.89 11.59 12.05 11.28 11.50 11.27 10.12 10.81 10.91 10.77 10.56 10.04 9.62 9.34 9.75 9.87 10.80
-9999 -9999 -9999 -9999 -9999 -9999 -9999 -9999 -9999 -9999 17.49 15.57 13.79 10.88 9.91 10.31 11.06 16.00 17.53 19.71 21.70 18.84 15.71 10.19 14.19 13.25 18.60 14.15 12.71 12.72 10.86 10.56 9.15 10.68 13.37 12.43 12.52 9.51 9.79 9.34 9.28 10.15 9.60 10.20 9.19 9.41 9.89 8.92 8.82 9.39 10.72 10.36 11.42 12.32 11.56 10.81 10.11 9.83 10.86 11.49 11.08 11.70 10.39 11.34 11.56 10.67 9.68 9.88 11.16 10.91 10.87 9.71 9.35 9.14 9.62 11.14 11.65
-9999 -9999 -9999 -9999 -9999 -9999 16.11 14.74 13.11 17.88 17.95 17.98 17.55 13.24 11.68 10.56 17.79 15.36 17.93 18.48 17.98 13.78 12.33 9.82 11.91 11.33 20.16 17.78 14.80 11.47 11.86 11.01 13.36 9.35 11.90 12.46 11.74 10.90 9.72 8.86 10.20 9.56 8.89 10.57 9.13 9.28 8.76 9.06 9.80 10.74 9.71 10.82 10.18 10.82 12.15 11.94 11.52 11.06 11.67 11.63 11.09 10.61 11.67 10.25 10.21 10.03 9.62 10.63 10.96 11.05 10.12 9.40 9.52 9.86 11.41 11.60 10.92
-9999 -9999 -9999 -9999 -9999 17.97 14.93 15.73 14.55 13.70 16.10 14.90 15.48 12.39 10.15 15.03 16.04 16.39 11.22 19.23 14.01 10.80 18.37 14.07 9.18 18.88 15.87 14.98 9.60 9.33 10.39 14.96 10.67 9.67 9.50 9.90 12.27 11.91 11.59 9.47 9.70 8.97 8.98 10.10 9.60 9.24 9.14 9.44 10.35 10.14 12.74 10.06 9.50 10.20 11.47 10.73 10.70 10.13 10.36 11.08 10.73 11.67 10.86 10.03 10.07 10.47 9.79 10.18 10.30 9.65 9.48 9.50 9.67 9.96 10.65 11.72 11.59
-9999 -9999 -9999 -9999 17.81 17.19 12.91 12.28 12.43 13.77 12.62 13.19 11.96 12.90 19.05 14.54 12.08 16.93 8.91 13.24 13.36 18.31 17.40 18.36 14.80 13.97 12.14 9.07 16.05 15.26 10.02 10.66 10.09 9.57 10.10 9.30 9.59 12.08 12.46 9.11 8.59 8.67 9.58 8.79 8.47 9.28 12.73 9.79 9.55 10.49 11.54 10.40 9.57 10.47 11.29 11.22 11.95 11.10 10.04 9.91 9.91 11.38 10.92 10.04 11.16 10.96 10.00 10.14 9.95 9.69 10.09 10.27 10.26 10.60 10.68 11.60 10.62
13.79 16.57 13.93 16.83 13.63 13.48 14.39 12.82 12.14 15.12 13.13 12.96 13.15 17.27 16.25 13.33 14.42 13.46 10.83 11.04 16.33 17.08 14.50 14.68 17.17 12.17 7.80 16.34 18.59 14.31 13.99 10.28 10.87 9.66 10.06 12.92 9.88 12.82 10.21 8.83 8.35 8.82 11.46 8.20 8.86 14.61 10.61 9.73 9.76 10.74 11.86 9.79 9.92 10.38 9.98 10.83 10.90 10.24 9.79 10.37 9.88 10.39 10.95 11.02 10.43 9.95 9.54 9.48 10.21 12.26 11.29 12.52 11.55 10.02 11.67 11.23 11.36
13.49 11.71 11.48 15.88 20.60 18.79 18.14 13.72 15.31 17.80 15.75 14.84 17.92 14.93 13.64 17.09 12.65 9.24 11.08 11.98 15.95 15.50 14.80 13.96 12.77 9.80 12.57 26.42 20.17 14.52 10.98 11.81 10.90 13.10 10.55 11.36 10.00 9.59 9.32 9.39 8.52 8.18 8.52 8.20 13.23 13.86 12.28 10.16 9.57 13.28 10.97 9.90 10.18 9.52 10.58 10.52 10.18 9.26 10.97 10.49 9.63 11.87 11.58 10.16 9.83 9.71 9.49 10.20 11.62 12.19 11.86 12.51 11.43 10.81 11.79 11.39 10.47
12.80 10.03 10.83 13.06 14.16 13.66 11.97 15.09 13.45 16.28 11.71 13.52 17.01 15.40 12.80 14.27 9.27 8.81 14.83 16.26 14.16 12.00 15.16 10.77 9.06 8.66 15.91 20.17 20.59 11.08 12.33 12.66 13.03 11.66 9.54 11.72 10.80 9.99 8.97 9.42 7.75 7.50 9.13 9.21 12.98 12.38 11.30 9.68 10.78 12.79 11.69 10.91 10.14 10.35 10.15 9.75 9.34 9.53 10.35 10.91 10.42 10.23 10.27 9.97 11.44 12.26 10.01 10.37 11.43 11.73 11.02 11.77 11.67 11.71 11.69 10.48 10.62
10.64 11.15 9.69 10.76 10.74 12.36 12.00 12.52 14.33 12.22 13.55 11.66 11.21 11.00 10.16 9.27 12.69 11.20 16.72 25.72 13.07 13.34 14.28 20.94 20.29 8.77 8.05 22.41 16.27 13.17 14.14 15.88 12.54 9.59 8.73 12.26 12.56 10.07 8.85 8.43 7.75 7.89 9.66 13.30 13.38 11.10 10.60 10.24 9.82 9.63 10.95 9.98 9.80 9.45 8.99 8.77 8.98 10.52 10.24 9.97 10.21 9.11 9.49 10.90 10.71 11.62 10.60 10.42 10.33 10.57 11.32 11.65 11.74 11.79 11.83 10.29 9.75
12.92 9.71 8.96 10.39 9.34 10.79 11.55 12.25 10.87 10.83 12.33 11.31 13.46 11.58 14.24 9.54 14.63 17.55 17.24 18.74 20.00 16.10 19.27 22.34 14.78 17.54 14.56 7.54 15.61 15.24 10.38 11.18 8.85 11.62 11.35 15.65 13.83 9.84 8.69 7.75 7.70 9.54 13.50 11.13 13.41 11.01 10.69 11.75 9.76 11.05 8.89 9.36 8.92 8.66 8.61 9.05 9.28 9.56 9.20 9.19 9.03 9.42 10.90 12.11 11.17 10.04 10.87 9.95 11.27 10.14 10.00 10.46 10.97 11.31 11.34 10.85 9.52
12.37 10.66 9.18 8.66 11.33 13.60 16.56 15.11 13.16 12.05 10.94 11.74 16.06 11.79 13.28 9.12 12.18 12.79 11.28 9.57 14.04 13.03 16.19 16.27 20.06 17.35 18.03 15.88 21.79 12.52 10.55 9.81 11.71 11.04 14.72 13.55 13.55 8.85 8.29 7.53 12.96 13.95 12.93 13.09 10.32 11.09 11.41 10.90 8.96 8.62 8.70 8.45 8.43 8.58 8.69 9.69 9.96 10.45 9.68 8.85 9.02 10.24 12.72 10.15 10.73 10.66 9.91 9.74 9.92 9.30 9.44 10.40 10.05 10.76 10.79 10.45 10.21
12.47 11.54 9.97 9.27 9.89 12.97 13.96 15.49 14.56 13.45 12.57 11.95 12.58 16.04 10.37 16.35 14.39 13.93 15.46 13.30 10.40 10.69 13.32 11.67 14.85 14.96 12.71 19.77 19.33 10.20 11.50 8.62 9.94 12.63 13.50 11.92 10.68 8.56 8.13 10.72 9.68 12.17 11.52 10.40 10.79 10.32 9.67 9.18 7.80 7.34 7.43 7.67 10.26 8.61 9.87 9.02 9.13 8.81 8.76 9.10 10.55 12.27 11.39 10.62 10.73 10.34 9.82 9.94 10.45 10.82 8.79 10.17 11.42 10.44 10.03 10.48 9.18
11.77 11.03 10.57 11.30 12.72 14.97 -9999 -9999 -9999 -9999 14.12 13.85 15.28 11.52 9.80 11.91 11.68 11.08 10.56 5.73 19.18 20.25 12.52 10.49 10.77 13.39 14.87 17.80 13.29 10.76 9.30 8.22 14.42 12.17 14.10 9.54 9.17 8.67 8.68 11.92 9.10 11.19 10.84 9.63 9.76 9.38 8.76 7.79 7.21 7.06 7.34 7.75 9.88 8.92 9.49 9.59 9.09 9.14 9.13 11.31 10.96 11.30 11.35 11.28 9.17 9.10 8.84 10.40 10.92 10.23 8.44 9.68 10.80 10.50 9.90 10.83 9.96
