ML/MeanWindSpeed_2000-02_Actual.txt
ncols         180
nrows         290
xllcorner     -200000
yllcorner     -200000
cellsize      5000
NODATA_value  -9999
[rows 204 to 237 of 290, columns 77 to 153 of 180]
15.53 12.87 13.41 15.14 15.90 15.25 13.70 16.04 14.66 16.92 13.03 14.37 17.11 15.66 12.95 13.26 8.00 6.33 10.19 11.15 9.59 7.86 10.47 7.10 6.12 6.13 12.82 17.61 18.59 10.58 11.45 11.84 12.36 11.41 9.80 11.44 10.60 10.23 9.36 9.49 7.87 7.39 8.57 8.52 11.81 11.67 10.81 9.29 10.21 12.03 11.18 10.50 9.84 10.05 9.85 9.32 8.80 8.71 9.25 9.66 9.23 9.10 9.05 8.74 10.05 10.76 8.93 9.24 10.15 10.36 9.60 9.97 9.68 9.57 9.92 10.52 11.13
14.15 14.17 12.99 13.93 13.70 14.52 13.83 14.05 15.56 13.90 14.74 12.97 12.49 11.94 10.72 9.22 10.84 8.68 12.83 20.02 9.45 9.51 10.36 16.05 15.66 6.41 6.72 19.71 15.12 12.56 13.29 14.78 12.29 9.77 8.89 11.79 12.18 10.32 9.17 8.47 7.48 7.25 8.81 12.00 12.45 10.91 10.35 9.86 9.58 9.54 10.66 9.78 9.58 9.27 8.78 8.35 8.23 9.26 8.96 8.69 8.78 7.89 8.28 9.49 9.46 10.30 9.49 9.41 9.37 9.48 9.88 9.86 9.64 9.55 9.76 10.22 10.40
16.41 13.31 12.53 13.73 12.62 13.35 13.62 13.92 12.80 12.74 13.74 12.65 14.17 12.28 14.10 9.43 12.56 14.56 14.23 15.33 15.93 12.50 15.11 17.84 11.79 14.30 12.61 7.44 14.26 14.30 10.35 11.07 9.08 11.10 10.88 14.65 13.41 10.16 8.95 7.74 7.26 8.64 12.26 10.67 12.73 10.84 10.46 11.24 9.72 10.86 9.07 9.34 8.87 8.54 8.32 8.49 8.36 8.27 7.76 7.55 7.30 7.80 9.39 10.62 10.03 9.21 9.92 9.15 10.15 9.09 8.82 8.88 9.00 9.20 9.49 10.25 9.95
16.05 14.18 12.70 12.15 13.99 15.59 17.97 16.62 14.77 13.61 12.49 12.86 16.19 12.48 13.41 9.47 11.67 11.97 10.61 8.93 11.88 10.72 13.74 14.12 16.91 14.48 15.53 14.15 19.34 12.10 10.59 9.93 11.16 10.46 13.71 13.26 13.48 9.30 8.37 7.32 11.60 12.47 12.09 12.56 10.35 10.91 11.10 10.62 8.96 8.73 8.80 8.51 8.36 8.41 8.32 8.90 8.71 8.57 7.45 6.48 6.76 8.31 10.93 9.20 9.83 9.86 9.23 8.97 9.03 8.49 8.46 8.89 8.38 8.99 9.29 9.61 9.98
16.14 14.90 13.35 12.65 13.02 15.47 16.25 17.39 16.31 15.11 14.00 13.17 13.61 16.23 11.29 15.80 14.19 13.73 14.67 12.28 9.27 9.46 11.94 10.93 13.61 13.46 11.65 17.31 17.22 10.23 11.19 8.56 9.57 11.95 13.09 12.39 11.26 8.88 7.92 9.75 9.12 11.49 11.30 10.48 10.78 10.32 9.70 9.20 7.97 7.55 7.63 7.79 9.86 8.51 9.47 8.56 8.00 6.65 5.80 5.88 7.45 9.95 10.17 9.85 10.00 9.63 9.09 9.13 9.55 9.82 8.00 8.88 9.77 8.97 8.83 9.52 8.76
15.86 14.82 14.12 14.72 16.00 17.86 -9999 -9999 -9999 -9999 15.87 15.12 15.89 12.63 10.92 12.39 12.23 11.40 10.25 5.77 16.62 17.36 11.37 9.98 10.57 12.80 14.08 16.43 12.75 10.62 9.17 8.10 13.36 12.02 14.08 10.39 9.71 8.79 8.38 10.94 9.08 11.18 11.00 9.93 9.95 9.47 8.82 7.94 7.38 7.20 7.41 7.75 9.55 8.90 9.46 9.33 8.11 6.64 5.60 7.25 7.39 9.30 10.41 10.48 8.73 8.60 8.38 9.62 10.03 9.45 7.83 8.69 9.50 9.24 8.80 9.71 9.17
17.80 17.72 17.92 16.11 18.58 18.59 -9999 -9999 -9999 -9999 -9999 -9999 -9999 11.86 11.61 12.61 11.00 10.59 10.44 12.47 14.94 17.91 17.05 14.58 12.59 12.09 10.91 14.68 14.64 9.71 8.22 12.97 13.22 14.68 10.74 9.74 9.36 8.68 9.95 10.79 10.51 10.78 10.31 9.77 9.36 8.86 8.29 7.99 7.60 8.28 7.79 8.10 8.53 8.92 9.24 8.76 9.03 9.01 7.36 6.15 8.04 9.51 10.01 9.77 8.70 8.27 9.07 9.67 9.15 8.26 7.91 9.16 7.89 8.30 9.51 8.84 8.87
-9999 -9999 18.22 -9999 -9999 -9999 -9999 -9999 -9999 -9999 -9999 17.58 15.46 14.64 15.94 14.89 12.87 11.11 11.14 11.05 13.98 15.88 15.17 10.46 10.28 14.71 13.22 13.17 10.68 9.05 8.77 12.18 12.53 12.30 10.36 9.81 9.51 7.79 11.55 11.85 10.32 10.39 9.86 9.60 9.29 8.79 9.10 8.27 8.26 7.54 7.64 7.97 8.60 8.82 9.27 8.53 10.11 11.09 7.79 7.81 6.09 8.86 9.24 8.77 9.67 9.18 9.25 9.94 9.00 8.01 7.96 7.90 8.54 9.20 8.43 9.10 8.77
-9999 -9999 -9999 -9999 -9999 -9999 -9999 -9999 -9999 -9999 -9999 19.14 18.12 15.51 16.94 17.33 -9999 -9999 11.50 14.59 9.14 11.24 10.78 10.93 12.03 14.05 10.92 10.41 10.90 10.55 11.52 12.15 12.17 11.25 10.43 10.83 8.80 9.19 11.75 10.37 9.77 9.39 9.47 9.99 9.67 8.90 8.74 7.93 7.97 8.62 9.29 9.10 10.03 8.84 8.41 9.51 12.34 9.65 8.65 7.49 6.07 8.65 8.77 8.75 8.93 8.86 8.53 8.49 10.09 8.53 8.25 8.09 8.04 8.19 7.86 7.44 9.07
-9999 -9999 -9999 -9999 -9999 -9999 -9999 -9999 -9999 -9999 -9999 -9999 -9999 -9999 -9999 -9999 -9999 -9999 13.43 11.83 11.13 9.81 8.63 8.80 9.73 11.29 11.15 11.62 12.34 13.08 13.87 13.55 -9999 11.15 10.28 9.46 8.72 9.37 11.40 10.33 10.24 9.41 8.53 8.43 9.41 8.52 8.64 9.92 10.05 9.68 10.68 11.78 10.32 9.95 9.63 9.92 11.32 9.40 8.77 8.23 7.43 7.61 7.85 8.57 9.13 8.58 8.06 8.29 8.47 8.27 8.16 8.03 7.96 7.94 8.10 8.20 8.56
-9999 -9999 -9999 -9999 -9999 -9999 -9999 -9999 -9999 -9999 -9999 -9999 -9999 -9999 -9999 -9999 -9999 -9999 -9999 12.99 10.90 9.16 9.16 10.38 9.83 10.29 11.26 12.96 -9999 -9999 -9999 -9999 12.40 10.67 9.87 8.88 8.62 9.48 11.45 10.41 10.51 9.43 8.08 8.97 8.62 10.30 9.82 12.00 10.43 10.61 10.16 10.63 10.45 9.65 10.54 8.54 9.25 9.47 7.64 7.73 7.27 7.19 7.24 7.05 7.09 7.49 7.19 7.37 7.56 7.75 7.68 9.15 9.35 7.91 7.84 8.02 8.22
-9999 -9999 -9999 -9999 -9999 -9999 -9999 -9999 -9999 -9999 -9999 -9999 -9999 -9999 -9999 -9999 -9999 -9999 -9999 -9999 12.13 12.54 10.63 10.14 12.48 12.68 13.61 -9999 -9999 -9999 -9999 13.15 12.41 11.80 8.24 7.82 8.06 10.95 11.81 11.17 10.21 8.64 8.40 8.18 10.05 11.84 10.81 11.00 10.31 10.49 10.17 8.99 9.57 9.57 9.04 8.89 8.85 8.51 7.74 7.76 8.25 8.45 8.45 7.00 6.96 7.03 6.89 7.74 7.90 8.37 7.79 8.59 8.32 7.99 8.91 7.86 8.80
-9999 -9999 -9999 -9999 -9999 -9999 -9999 -9999 -9999 -9999 -9999 -9999 -9999 -9999 -9999 -9999 -9999 -9999 -9999 -9999 -9999 12.77 12.12 11.79 14.89 14.07 15.50 -9999 -9999 -9999 12.41 9.77 8.87 10.82 10.36 9.40 8.10 9.91 9.24 11.12 10.04 7.96 9.29 10.49 10.67 10.42 11.42 10.48 9.96 9.61 8.88 8.66 8.50 8.68 9.25 8.84 8.21 8.15 8.23 8.29 9.05 8.53 8.40 7.75 7.00 7.07 6.90 7.22 7.54 8.15 8.10 8.22 7.77 8.44 8.65 9.00 8.74
-9999 -9999 -9999 -9999 -9999 -9999 -9999 -9999 -9999 -9999 -9999 -9999 -9999 -9999 -9999 -9999 -9999 -9999 -9999 -9999 -9999 -9999 -9999 -9999 -9999 -9999 -9999 -9999 -9999 15.27 10.70 8.42 8.09 10.26 8.41 9.30 10.22 10.27 10.36 10.53 8.61 8.05 8.47 9.74 9.75 10.17 10.25 10.44 10.10 9.90 11.59 9.60 9.59 8.77 9.29 9.23 8.32 8.42 8.08 8.69 9.56 8.67 7.73 7.29 7.09 6.90 7.63 7.57 8.47 8.24 9.42 9.83 8.88 7.18 9.96 10.75 8.88
-9999 -9999 -9999 -9999 -9999 -9999 -9999 -9999 -9999 -9999 -9999 -9999 -9999 -9999 -9999 -9999 -9999 -9999 -9999 -9999 -9999 -9999 -9999 -9999 -9999 -9999 -9999 -9999 -9999 12.21 10.43 8.59 14.59 12.54 8.53 9.29 10.18 10.80 11.26 9.27 8.69 8.46 8.46 9.95 9.67 9.26 11.08 10.83 12.20 10.58 10.81 12.07 10.04 9.33 9.09 8.44 8.31 8.20 8.25 8.84 8.89 8.93 7.98 7.10 6.74 6.46 7.18 9.68 9.26 10.22 10.70 11.63 9.45 7.63 8.83 9.16 7.57
-9999 -9999 -9999 -9999 -9999 -9999 -9999 -9999 -9999 -9999 -9999 -9999 -9999 -9999 -9999 -9999 -9999 -9999 -9999 -9999 -9999 -9999 -9999 -9999 -9999 -9999 -9999 -9999 -9999 11.63 8.40 6.71 9.46 13.75 12.45 11.41 10.26 11.76 9.73 9.17 8.61 10.65 10.88 11.76 11.10 9.68 9.56 9.72 10.45 11.05 11.02 9.83 9.50 9.32 9.19 8.48 8.25 8.38 8.56 9.24 8.99 8.54 7.41 7.04 7.78 8.58 7.88 9.22 9.18 9.34 9.47 10.21 11.89 11.06 8.27 7.92 8.24
-9999 -9999 -9999 -9999 -9999 -9999 -9999 -9999 -9999 -9999 -9999 -9999 16.93 16.89 13.86 18.92 17.54 16.89 16.79 19.07 10.39 17.21 12.12 -9999 -9999 -9999 -9999 -9999 -9999 10.79 8.96 8.18 6.99 8.30 10.89 12.82 12.16 10.60 9.52 9.38 10.34 11.93 11.16 10.44 10.59 10.10 9.17 10.12 9.86 9.46 9.13 9.41 8.53 9.15 9.63 10.42 9.23 8.82 9.60 9.55 8.76 9.26 7.55 6.78 8.25 9.32 7.79 7.18 7.67 7.97 8.03 7.86 8.02 7.68 6.94 6.65 6.47
-9999 -9999 -9999 -9999 -9999 -9999 -9999 -9999 -9999 -9999 -9999 -9999 18.81 17.25 16.39 13.08 15.15 16.74 15.43 16.02 16.40 13.10 11.42 9.86 11.48 14.93 12.70 11.65 10.28 9.66 8.75 8.18 7.67 7.10 7.76 10.98 11.18 10.06 9.10 12.57 10.86 9.82 10.59 11.26 10.43 10.36 11.06 10.62 10.58 9.98 9.62 8.04 8.12 8.64 8.71 8.75 9.69 10.25 8.70 8.42 7.86 7.42 8.18 6.86 11.21 9.04 8.36 7.55 6.97 7.23 7.28 8.45 8.39 6.70 8.37 7.68 8.28
-9999 -9999 -9999 -9999 -9999 -9999 -9999 -9999 -9999 -9999 -9999 17.28 15.20 13.71 12.45 10.68 13.16 16.11 15.09 13.62 13.52 13.50 12.03 10.03 9.60 11.34 13.11 9.96 9.24 8.54 8.58 9.52 7.87 7.77 9.45 9.56 9.31 9.64 12.43 10.45 12.13 11.43 10.59 9.64 10.34 10.10 11.05 11.16 10.34 10.55 8.98 8.95 8.42 8.05 7.84 9.50 10.44 8.18 7.47 7.87 10.47 8.41 7.59 7.65 7.53 7.81 7.90 7.25 7.03 7.81 9.10 8.12 6.89 6.68 8.61 7.88 7.65
-9999 -9999 -9999 -9999 -9999 -9999 -9999 -9999 -9999 -9999 -9999 -9999 14.12 11.93 10.65 12.33 11.69 12.15 15.07 13.18 10.76 9.35 12.26 14.47 11.80 9.33 9.92 12.27 9.95 7.90 7.92 7.83 8.63 8.70 7.84 8.08 8.72 9.71 11.09 9.75 11.68 10.46 10.47 10.40 10.76 10.07 11.08 11.32 10.85 8.89 8.61 9.01 7.64 6.69 6.27 7.56 9.12 8.94 7.03 7.61 9.10 8.80 7.79 6.72 6.59 6.32 6.65 8.55 8.16 7.85 8.62 9.85 8.83 8.07 8.75 8.67 7.53
-9999 -9999 -9999 -9999 -9999 -9999 -9999 -9999 18.16 -9999 -9999 15.50 13.54 13.83 9.96 11.99 10.17 9.61 9.68 10.06 10.98 9.15 11.60 13.24 10.33 8.76 7.36 7.60 7.62 7.25 7.46 7.87 8.86 7.68 7.50 8.30 10.53 9.17 10.32 9.19 10.32 9.86 11.06 12.08 11.22 9.99 9.50 9.55 9.11 8.45 9.82 8.22 6.88 8.62 6.46 6.51 8.85 10.21 6.30 6.89 7.60 7.39 6.87 6.50 6.37 6.84 7.60 8.17 7.12 6.63 6.71 7.48 7.60 7.58 8.40 7.59 7.46
-9999 -9999 -9999 -9999 -9999 -9999 -9999 16.61 17.87 17.59 16.97 13.47 12.14 14.02 10.96 9.50 10.21 9.17 10.56 11.02 11.83 9.95 9.71 10.37 8.81 7.21 6.52 6.90 7.73 8.09 7.19 7.26 7.59 7.17 7.31 9.50 9.83 8.83 9.66 10.13 11.84 10.96 11.13 12.68 11.05 10.62 9.14 9.74 9.12 9.19 8.08 7.23 5.95 6.88 6.59 5.64 7.16 6.86 6.16 6.09 5.99 6.93 6.91 6.76 6.35 6.03 6.11 6.10 6.53 6.83 6.69 5.94 6.63 7.18 8.22 8.71 8.15
-9999 -9999 -9999 -9999 -9999 -9999 -9999 15.62 15.43 14.12 14.59 13.17 11.97 10.57 12.60 12.27 10.95 12.22 11.70 11.10 12.51 10.91 10.60 10.22 7.23 8.20 10.42 9.73 8.44 7.50 6.77 7.47 8.16 8.54 7.93 9.58 9.03 9.81 8.77 8.07 10.31 12.05 10.82 10.93 10.63 9.81 9.72 10.31 9.07 7.96 8.31 7.89 5.55 5.47 5.29 5.23 6.71 7.65 7.95 9.79 6.72 6.90 5.99 5.76 6.09 6.33 5.94 5.79 6.27 7.06 6.64 6.22 5.96 7.02 7.20 7.42 7.59
-9999 -9999 -9999 -9999 -9999 -9999 -9999 15.91 14.21 13.38 13.75 12.92 12.65 11.01 11.53 11.50 9.87 11.28 11.24 11.84 12.16 11.41 8.20 6.56 5.96 8.72 8.86 9.59 10.40 7.84 7.58 7.85 7.29 8.49 7.78 9.12 8.77 8.95 8.78 8.21 10.61 10.31 10.56 10.48 10.20 9.90 9.90 10.43 10.02 8.05 7.08 6.58 6.74 4.63 4.61 4.49 5.76 6.78 7.32 8.26 7.58 8.52 9.43 5.29 9.56 7.83 5.76 6.19 10.22 10.18 9.55 5.98 5.89 6.21 6.13 6.89 6.64
-9999 -9999 -9999 -9999 -9999 -9999 -9999 13.74 13.09 12.84 12.55 11.76 11.49 10.78 10.19 11.36 10.53 10.55 11.22 10.12 10.23 9.92 9.55 6.06 6.92 9.54 8.52 10.12 10.24 8.22 8.55 9.10 7.89 8.26 8.51 8.66 8.66 8.82 9.77 11.06 9.14 10.41 10.37 10.39 10.12 9.97 10.18 10.44 9.09 8.50 7.32 6.78 6.29 6.25 4.99 6.02 6.58 7.74 7.76 7.20 6.50 6.40 6.74 6.06 8.47 8.43 9.34 8.92 9.73 10.44 10.99 6.71 6.75 6.49 6.60 7.21 8.49
-9999 -9999 -9999 -9999 -9999 -9999 -9999 12.24 12.00 12.06 12.52 12.99 11.84 10.98 10.09 10.59 12.10 11.33 10.57 9.52 10.01 9.58 9.04 8.21 6.72 7.07 6.76 9.69 8.39 6.24 9.85 9.62 8.27 11.41 9.79 10.60 11.48 10.77 10.47 11.31 10.10 9.47 10.23 10.20 9.56 9.76 9.92 10.36 9.03 8.65 8.67 8.28 6.95 6.15 5.94 5.76 6.68 9.85 9.44 8.28 7.60 7.94 8.46 8.78 9.46 9.91 10.27 -9999 -9999 10.07 10.42 9.74 8.95 7.88 11.34 9.11 -9999
-9999 -9999 -9999 -9999 -9999 -9999 14.94 12.38 12.11 11.16 12.38 12.59 13.67 11.57 12.02 11.40 12.12 11.20 10.24 9.61 9.64 9.24 8.77 8.47 8.17 8.45 8.98 8.77 6.98 10.38 11.51 8.54 7.80 9.04 9.04 10.65 10.76 9.53 9.47 9.40 9.40 10.68 10.66 10.87 10.39 10.31 10.85 11.67 11.01 9.84 8.72 7.71 7.03 -9999 -9999 6.92 8.23 11.34 11.39 10.59 9.82 9.90 -9999 -9999 -9999 -9999 -9999 -9999 -9999 -9999 -9999 -9999 10.24 10.81 12.88 11.22 -9999
-9999 -9999 -9999 -9999 -9999 16.16 13.94 11.80 12.50 11.10 11.11 10.93 10.93 10.33 14.15 14.92 13.17 12.08 11.72 12.00 10.36 9.23 8.77 9.20 9.15 12.20 12.92 12.03 11.48 13.55 10.47 10.49 10.28 11.15 12.03 10.00 8.62 9.32 8.49 8.89 8.94 9.56 9.87 11.96 13.37 13.36 13.01 12.85 12.72 10.93 -9999 6.96 6.89 6.05 6.32 7.30 -9999 -9999 -9999 -9999 11.61 -9999 -9999 -9999 -9999 -9999 -9999 -9999 -9999 -9999 -9999 -9999 -9999 -9999 -9999 -9999 -9999
-9999 -9999 -9999 -9999 17.04 15.71 15.03 13.34 11.40 10.91 10.61 9.20 8.85 10.76 17.06 18.72 12.72 11.56 14.76 11.09 12.90 9.56 9.03 12.75 11.36 11.17 11.57 11.91 -9999 -9999 -9999 -9999 -9999 11.58 13.18 12.33 10.15 9.84 9.32 8.68 8.98 9.24 10.43 12.37 -9999 -9999 -9999 -9999 -9999 12.40 11.31 8.73 6.39 5.62 7.96 8.09 -9999 -9999 -9999 -9999 -9999 -9999 -9999 -9999 -9999 -9999 -9999 -9999 -9999 -9999 -9999 -9999 -9999 -9999 -9999 -9999 -9999
-9999 -9999 -9999 11.61 12.59 14.66 14.93 13.15 12.64 11.71 9.44 10.25 10.27 13.30 16.68 18.30 16.35 14.82 12.34 13.47 11.27 11.34 10.76 13.49 13.41 -9999 -9999 -9999 -9999 -9999 -9999 -9999 -9999 -9999 12.12 12.36 10.66 11.99 13.06 13.39 10.78 13.53 13.83 15.05 -9999 -9999 -9999 -9999 -9999 -9999 -9999 8.74 8.35 6.28 7.24 -9999 -9999 -9999 -9999 -9999 -9999 -9999 -9999 -9999 -9999 -9999 -9999 -9999 -9999 -9999 -9999 -9999 -9999 -9999 -9999 -9999 -9999
17.10 14.84 14.10 11.07 11.44 13.37 15.34 15.51 13.32 10.82 10.70 11.56 11.46 13.18 16.86 14.81 14.90 14.54 15.51 8.53 11.55 15.60 12.77 -9999 -9999 -9999 -9999 -9999 -9999 -9999 -9999 -9999 -9999 -9999 -9999 -9999 13.21 -9999 -9999 -9999 -9999 12.20 15.53 16.44 -9999 -9999 -9999 -9999 -9999 -9999 -9999 -9999 9.06 11.04 9.08 -9999 -9999 -9999 -9999 -9999 -9999 -9999 -9999 -9999 -9999 -9999 -9999 -9999 -9999 -9999 -9999 -9999 -9999 -9999 -9999 -9999 -9999
16.80 14.00 12.36 9.75 11.11 13.38 14.17 15.14 13.66 12.54 13.89 10.43 9.15 11.46 15.62 15.74 13.34 11.69 13.48 9.89 9.63 11.65 -9999 -9999 -9999 -9999 -9999 -9999 -9999 -9999 -9999 -9999 -9999 -9999 -9999 -9999 14.83 -9999 -9999 -9999 -9999 -9999 -9999 -9999 -9999 -9999 -9999 -9999 -9999 -9999 -9999 -9999 -9999 -9999 -9999 -9999 -9999 -9999 -9999 -9999 -9999 -9999 -9999 -9999 -9999 -9999 -9999 -9999 -9999 -9999 -9999 -9999 -9999 -9999 -9999 -9999 -9999
15.19 15.29 13.00 10.00 11.45 12.23 12.42 13.36 12.79 12.82 14.49 10.13 9.40 10.78 13.91 19.29 19.56 11.13 11.04 10.26 11.36 14.64 -9999 -9999 -9999 -9999 -9999 -9999 -9999 -9999 -9999 -9999 -9999 -9999 -9999 -9999 -9999 -9999 -9999 -9999 -9999 -9999 -9999 -9999 -9999 -9999 -9999 -9999 -9999 -9999 -9999 -9999 -9999 -9999 -9999 -9999 -9999 -9999 -9999 -9999 -9999 -9999 -9999 -9999 -9999 -9999 -9999 -9999 -9999 -9999 -9999 -9999 -9999 -9999 -9999 -9999 -9999
13.23 13.45 14.83 12.89 12.69 12.16 13.17 12.36 12.21 12.46 11.32 11.49 10.51 10.18 13.91 16.88 16.24 13.26 10.06 10.03 13.95 13.09 -9999 -9999 -9999 -9999 -9999 -9999 -9999 -9999 -9999 -9999 -9999 -9999 -9999 -9999 -9999 -9999 -9999 -9999 -9999 -9999 -9999 -9999 -9999 -9999 -9999 -9999 -9999 -9999 -9999 -9999 -9999 -9999 -9999 -9999 -9999 -9999 -9999 -9999 -9999 -9999 -9999 -9999 -9999 -9999 -9999 -9999 -9999 -9999 -9999 -9999 -9999 -9999 -9999 -9999 -9999
