ML/MeanWindSpeed_1997-02_Actual.txt
ncols         180
nrows         290
xllcorner     -200000
yllcorner     -200000
cellsize      5000
NODATA_value  -9999
[rows 136 to 169 of 290, columns 77 to 153 of 180]
-9999 -9999 20.31 17.82 14.28 18.42 16.41 19.30 16.54 14.60 11.92 11.05 13.98 23.03 18.51 17.12 13.62 13.09 13.24 12.27 13.88 16.03 13.25 14.64 12.99 13.82 13.68 14.06 14.21 14.09 13.51 13.39 13.85 11.48 9.55 11.45 12.45 13.46 14.78 14.76 9.57 10.97 15.30 13.52 11.03 11.26 10.55 10.85 9.75 11.06 12.53 -9999 -9999 -9999 -9999 -9999 -9999 -9999 -9999 -9999 -9999 -9999 -9999 -9999 -9999 -9999 -9999 -9999 -9999 -9999 -9999 -9999 -9999 -9999 -9999 -9999 -9999
-9999 -9999 20.65 18.27 12.99 17.41 14.37 16.41 15.59 14.89 13.88 10.63 16.78 16.98 16.24 19.94 14.86 13.39 12.96 10.25 14.56 22.15 15.95 -9999 -9999 -9999 14.45 14.50 -9999 14.19 14.35 14.28 12.60 10.66 12.15 14.57 12.27 12.66 14.98 13.99 16.29 15.28 10.97 8.78 9.06 9.71 10.66 6.91 7.92 8.92 11.67 -9999 -9999 -9999 -9999 -9999 -9999 -9999 -9999 -9999 -9999 -9999 -9999 -9999 -9999 -9999 -9999 -9999 -9999 -9999 -9999 -9999 -9999 -9999 -9999 -9999 -9999
-9999 -9999 18.29 21.76 15.53 14.71 15.63 17.08 16.70 15.79 14.21 12.40 13.34 22.24 17.45 18.81 14.20 14.00 16.90 11.84 13.95 15.89 16.64 -9999 -9999 -9999 14.83 14.10 14.73 15.17 14.31 13.36 10.82 12.24 17.00 17.85 13.89 19.09 14.27 14.15 18.62 13.71 14.22 13.74 12.90 8.66 10.10 11.79 8.78 7.73 10.54 -9999 -9999 -9999 -9999 -9999 -9999 -9999 -9999 -9999 -9999 -9999 -9999 -9999 -9999 -9999 -9999 -9999 -9999 -9999 -9999 -9999 -9999 -9999 -9999 -9999 -9999
-9999 -9999 -9999 20.22 20.21 16.54 -9999 18.11 18.38 16.82 15.74 14.34 -9999 16.79 14.81 16.28 13.16 15.97 17.26 15.19 15.72 -9999 -9999 -9999 -9999 16.13 14.09 13.66 14.28 15.61 15.57 13.49 11.47 10.79 17.47 24.82 13.53 21.53 15.75 18.73 20.35 15.74 17.83 14.14 10.40 12.31 12.07 9.10 5.14 7.01 11.31 11.77 -9999 -9999 -9999 -9999 -9999 -9999 -9999 -9999 -9999 -9999 -9999 -9999 -9999 -9999 -9999 -9999 -9999 -9999 -9999 -9999 -9999 -9999 -9999 -9999 -9999
-9999 -9999 -9999 -9999 20.68 -9999 -9999 -9999 17.73 18.51 16.73 16.67 17.51 -9999 -9999 17.60 14.85 19.36 21.15 -9999 -9999 -9999 -9999 -9999 17.12 16.02 12.79 13.62 14.25 15.83 15.10 15.84 14.79 9.64 13.00 19.44 23.48 18.16 21.47 22.79 22.89 18.01 18.50 18.22 15.01 10.38 9.80 9.73 4.76 6.65 11.14 13.87 -9999 -9999 -9999 -9999 -9999 -9999 -9999 -9999 -9999 -9999 -9999 -9999 -9999 -9999 -9999 -9999 -9999 -9999 -9999 -9999 -9999 -9999 -9999 -9999 -9999
-9999 -9999 -9999 -9999 20.28 20.22 -9999 -9999 -9999 17.81 19.40 18.90 19.11 -9999 -9999 -9999 -9999 18.47 -9999 -9999 -9999 -9999 -9999 -9999 15.19 14.22 13.01 14.85 18.07 18.47 16.24 16.00 13.88 10.81 10.11 16.41 21.10 15.74 25.10 23.67 25.33 19.31 19.07 20.80 15.08 11.11 9.33 6.31 4.23 6.49 10.66 13.80 -9999 -9999 -9999 -9999 -9999 -9999 -9999 -9999 -9999 -9999 -9999 -9999 -9999 -9999 -9999 -9999 -9999 -9999 -9999 -9999 -9999 -9999 -9999 -9999 -9999
-9999 -9999 -9999 -9999 -9999 22.38 -9999 -9999 -9999 -9999 18.64 20.56 19.86 -9999 -9999 -9999 -9999 -9999 -9999 -9999 -9999 -9999 -9999 16.26 14.90 15.43 15.75 16.29 19.80 19.60 17.82 17.21 15.20 13.38 9.40 11.52 23.66 25.77 25.26 24.05 18.95 16.74 17.13 13.65 9.24 12.29 11.79 6.01 5.04 7.33 10.59 14.06 15.99 -9999 -9999 -9999 -9999 -9999 -9999 -9999 -9999 -9999 -9999 -9999 -9999 -9999 -9999 -9999 -9999 -9999 -9999 -9999 -9999 -9999 -9999 -9999 -9999
-9999 -9999 -9999 -9999 -9999 24.30 -9999 -9999 -9999 -9999 -9999 -9999 -9999 -9999 -9999 -9999 -9999 -9999 -9999 -9999 -9999 -9999 -9999 16.98 14.74 13.24 12.07 10.56 23.82 20.55 18.59 21.03 15.83 16.91 8.20 7.63 18.54 27.38 22.37 19.24 26.14 28.73 25.22 20.04 16.51 8.39 8.87 8.10 9.56 8.64 10.37 14.47 16.16 16.44 -9999 -9999 -9999 -9999 -9999 -9999 -9999 -9999 -9999 -9999 -9999 -9999 -9999 -9999 -9999 -9999 -9999 -9999 -9999 -9999 -9999 -9999 -9999
-9999 -9999 -9999 -9999 -9999 -9999 -9999 -9999 -9999 -9999 -9999 -9999 -9999 -9999 -9999 -9999 -9999 -9999 -9999 -9999 -9999 -9999 16.62 15.66 13.73 12.28 18.28 9.88 32.27 31.66 17.77 18.45 16.47 14.16 13.81 7.68 9.51 26.12 26.13 22.89 20.23 18.15 21.89 20.13 17.17 12.65 10.01 9.28 8.74 9.10 11.79 12.66 13.21 14.78 -9999 -9999 -9999 -9999 -9999 -9999 -9999 -9999 -9999 -9999 -9999 -9999 -9999 -9999 -9999 -9999 -9999 -9999 -9999 -9999 -9999 -9999 -9999
-9999 -9999 -9999 -9999 -9999 -9999 -9999 -9999 -9999 -9999 -9999 -9999 -9999 -9999 -9999 -9999 -9999 -9999 -9999 -9999 -9999 -9999 14.58 16.22 12.01 17.08 31.33 17.38 11.18 22.01 23.56 18.80 17.87 15.63 14.18 11.24 10.36 13.28 28.87 24.93 23.38 19.05 18.23 17.74 13.76 12.52 11.99 12.98 10.13 11.98 11.30 11.94 11.71 12.61 14.29 15.79 16.01 -9999 -9999 -9999 -9999 -9999 -9999 -9999 -9999 -9999 -9999 -9999 -9999 -9999 -9999 -9999 -9999 -9999 -9999 -9999 -9999
-9999 -9999 -9999 -9999 -9999 -9999 -9999 -9999 -9999 -9999 -9999 -9999 -9999 -9999 -9999 -9999 -9999 -9999 -9999 -9999 -9999 -9999 14.11 13.83 13.75 21.55 15.29 15.03 17.27 24.01 17.80 15.71 22.33 12.71 16.34 13.64 13.13 11.67 17.27 22.41 22.57 21.01 19.48 15.21 14.75 13.01 11.55 10.73 11.11 11.09 11.76 10.79 10.56 10.98 16.92 14.71 16.58 17.85 17.15 -9999 -9999 -9999 -9999 -9999 -9999 -9999 -9999 -9999 -9999 -9999 -9999 -9999 -9999 -9999 -9999 -9999 -9999
-9999 -9999 -9999 -9999 -9999 -9999 -9999 -9999 -9999 -9999 -9999 -9999 -9999 -9999 -9999 -9999 -9999 -9999 -9999 -9999 -9999 -9999 13.88 12.77 15.00 25.55 28.66 21.78 15.08 15.65 16.50 21.88 13.49 19.97 16.44 15.17 16.78 15.18 11.57 13.58 21.89 21.38 19.55 17.49 15.45 14.14 13.49 12.72 11.57 11.92 11.49 10.52 11.42 11.59 13.49 18.63 17.44 17.47 19.29 18.83 15.58 -9999 -9999 -9999 -9999 -9999 -9999 -9999 -9999 -9999 -9999 -9999 -9999 -9999 -9999 -9999 -9999
-9999 -9999 -9999 -9999 -9999 -9999 -9999 -9999 -9999 -9999 -9999 -9999 -9999 -9999 -9999 -9999 -9999 -9999 -9999 -9999 -9999 -9999 14.94 12.32 16.36 19.84 12.79 35.83 29.48 14.26 17.48 13.37 20.77 22.26 15.63 13.59 15.75 16.13 12.08 25.88 23.29 22.63 23.87 24.24 22.19 15.62 17.24 14.17 13.04 12.70 12.28 12.05 11.86 10.55 11.76 16.28 14.09 13.25 14.45 16.93 14.31 19.02 -9999 -9999 -9999 -9999 -9999 -9999 -9999 -9999 -9999 -9999 -9999 -9999 -9999 -9999 -9999
-9999 -9999 -9999 -9999 -9999 -9999 -9999 -9999 -9999 -9999 19.95 20.73 20.99 -9999 -9999 -9999 -9999 -9999 -9999 -9999 -9999 -9999 -9999 15.53 13.35 11.87 16.50 20.30 26.09 13.59 8.04 17.04 15.65 14.32 12.48 16.07 16.66 14.50 16.36 20.89 21.16 28.02 25.81 21.59 20.22 21.09 17.84 15.04 13.88 13.01 12.77 11.48 10.89 18.47 15.98 21.34 21.78 19.26 16.91 12.30 18.14 18.78 16.31 -9999 -9999 -9999 -9999 -9999 -9999 -9999 -9999 -9999 -9999 -9999 -9999 -9999 -9999
-9999 -9999 -9999 -9999 -9999 -9999 -9999 -9999 -9999 -9999 18.51 18.54 -9999 -9999 -9999 -9999 -9999 -9999 -9999 -9999 -9999 -9999 -9999 -9999 13.68 10.04 17.38 17.80 32.15 16.77 16.58 14.50 9.97 8.43 9.76 9.74 25.00 14.06 16.53 25.60 20.54 15.51 14.40 22.69 15.75 21.03 17.28 14.83 13.53 12.95 11.63 12.12 16.68 18.52 16.29 14.80 13.27 15.07 16.81 16.07 17.26 16.96 20.39 -9999 -9999 -9999 -9999 -9999 -9999 -9999 -9999 -9999 -9999 -9999 -9999 -9999 -9999
-9999 -9999 -9999 -9999 -9999 -9999 -9999 -9999 -9999 16.62 22.35 21.32 19.23 -9999 -9999 -9999 -9999 -9999 -9999 -9999 -9999 -9999 -9999 -9999 14.43 18.23 19.32 19.96 15.99 18.25 14.47 12.88 10.22 9.15 12.79 10.15 8.69 25.38 17.47 16.05 23.17 19.63 25.18 19.81 20.70 17.79 16.63 15.31 14.68 12.81 11.21 12.94 15.55 14.19 15.48 16.35 14.80 15.24 14.64 15.30 16.12 13.68 19.02 16.86 -9999 -9999 -9999 -9999 -9999 -9999 -9999 -9999 -9999 -9999 -9999 -9999 -9999
-9999 -9999 -9999 -9999 -9999 -9999 -9999 -9999 14.25 21.69 24.91 30.74 18.96 -9999 -9999 -9999 -9999 -9999 -9999 -9999 -9999 -9999 -9999 -9999 16.84 24.97 19.55 12.28 15.20 13.63 14.90 11.09 9.17 10.91 12.80 8.13 20.32 15.78 21.75 16.61 25.98 16.05 19.02 15.85 19.90 16.89 17.07 16.73 14.03 13.27 11.08 10.51 16.23 17.35 16.75 14.10 13.76 12.60 12.32 12.90 16.14 16.50 15.95 17.61 -9999 -9999 -9999 -9999 -9999 -9999 -9999 -9999 -9999 -9999 -9999 -9999 -9999
-9999 -9999 -9999 -9999 -9999 -9999 -9999 16.78 15.57 28.10 22.45 21.24 -9999 -9999 -9999 -9999 -9999 -9999 -9999 -9999 -9999 -9999 -9999 -9999 -9999 17.01 13.26 12.74 16.76 12.02 15.74 11.91 10.52 10.07 10.69 7.75 19.60 19.92 22.27 21.71 24.18 23.91 24.07 22.29 21.08 21.08 19.87 15.51 14.24 13.13 11.06 10.12 11.45 20.15 18.18 13.21 11.84 11.59 10.61 10.70 11.19 11.95 11.77 13.70 16.45 17.63 -9999 -9999 -9999 -9999 -9999 -9999 -9999 -9999 -9999 -9999 -9999
-9999 -9999 -9999 -9999 -9999 -9999 -9999 21.11 23.88 16.85 17.44 18.42 -9999 -9999 -9999 -9999 -9999 -9999 -9999 -9999 -9999 -9999 -9999 -9999 -9999 -9999 14.49 15.95 14.47 12.64 14.65 13.03 12.86 11.94 12.77 8.40 19.85 18.13 16.24 21.56 20.34 18.59 26.62 26.91 20.46 23.19 20.49 18.86 14.54 12.91 11.71 10.74 10.94 12.87 13.89 12.59 12.42 11.97 11.61 11.00 10.99 11.08 11.59 17.16 17.57 16.86 -9999 -9999 -9999 -9999 -9999 -9999 -9999 -9999 -9999 -9999 -9999
-9999 -9999 -9999 -9999 -9999 -9999 -9999 22.25 19.49 20.29 18.35 -9999 -9999 -9999 -9999 -9999 -9999 -9999 -9999 -9999 -9999 -9999 -9999 -9999 -9999 -9999 16.54 16.71 15.65 -9999 14.99 -9999 13.83 12.50 11.80 9.58 9.81 19.25 17.06 18.47 25.48 12.50 14.75 25.65 22.38 21.36 20.54 17.81 14.95 13.93 13.70 12.44 11.75 11.87 13.52 15.50 13.41 14.22 12.28 11.15 13.05 15.20 14.53 13.36 13.35 16.50 19.52 20.19 -9999 -9999 -9999 -9999 -9999 -9999 -9999 -9999 -9999
-9999 -9999 -9999 -9999 -9999 -9999 21.57 19.42 18.67 -9999 -9999 -9999 -9999 -9999 -9999 -9999 -9999 -9999 -9999 -9999 -9999 -9999 -9999 -9999 -9999 -9999 18.36 16.65 15.22 -9999 -9999 -9999 13.57 15.27 10.50 12.46 14.54 11.37 10.64 14.13 22.23 21.73 12.57 21.08 24.48 19.62 21.53 19.17 16.78 13.27 13.42 12.77 12.34 12.18 12.53 13.21 13.12 13.55 11.35 13.04 15.27 16.56 17.00 16.50 14.81 14.51 16.28 18.16 -9999 -9999 -9999 -9999 -9999 -9999 -9999 -9999 -9999
-9999 -9999 -9999 -9999 -9999 -9999 -9999 -9999 -9999 -9999 -9999 -9999 -9999 -9999 -9999 -9999 -9999 -9999 -9999 -9999 -9999 -9999 -9999 -9999 -9999 -9999 -9999 -9999 -9999 -9999 -9999 14.69 11.39 11.62 15.71 17.84 18.68 17.88 14.37 15.02 20.35 19.88 16.24 12.78 19.45 22.37 19.29 17.66 16.01 14.35 13.71 13.83 12.77 12.32 12.36 12.29 11.96 10.78 12.82 18.52 15.96 17.09 15.50 15.46 13.73 14.58 15.86 -9999 -9999 -9999 -9999 -9999 -9999 -9999 -9999 -9999 -9999
-9999 -9999 -9999 -9999 -9999 -9999 -9999 -9999 -9999 -9999 -9999 -9999 -9999 -9999 -9999 -9999 -9999 -9999 -9999 -9999 -9999 -9999 -9999 -9999 -9999 -9999 -9999 -9999 -9999 -9999 -9999 13.63 10.91 13.87 19.75 24.62 21.77 16.02 17.85 12.99 13.85 13.01 16.27 17.23 19.18 20.02 19.13 16.91 15.96 15.16 13.76 13.94 12.80 12.65 12.68 12.69 12.20 10.83 12.15 19.89 18.89 15.81 15.00 14.42 13.85 14.67 16.23 -9999 -9999 -9999 -9999 -9999 -9999 -9999 -9999 -9999 -9999
-9999 -9999 -9999 -9999 -9999 -9999 -9999 -9999 -9999 -9999 -9999 -9999 -9999 -9999 -9999 -9999 -9999 -9999 -9999 -9999 -9999 -9999 -9999 -9999 -9999 -9999 -9999 -9999 -9999 -9999 -9999 12.60 9.96 10.96 16.89 19.32 18.22 16.32 16.13 14.86 15.53 13.57 13.71 14.76 12.04 19.76 17.00 18.88 16.58 16.02 13.77 13.20 13.28 13.07 13.10 12.91 12.64 11.87 11.62 15.75 17.96 16.74 15.45 15.08 14.38 14.73 15.53 -9999 -9999 -9999 -9999 -9999 -9999 -9999 -9999 -9999 -9999
-9999 -9999 -9999 -9999 -9999 -9999 -9999 -9999 -9999 -9999 -9999 -9999 -9999 -9999 -9999 -9999 -9999 -9999 -9999 -9999 -9999 -9999 -9999 -9999 -9999 -9999 -9999 -9999 -9999 17.29 14.83 11.68 9.62 14.66 18.21 23.44 17.34 20.10 11.97 14.27 14.20 16.92 18.14 17.08 20.17 13.53 14.13 14.28 14.21 13.57 15.19 13.53 13.35 13.77 13.19 13.05 13.09 12.50 12.30 13.07 17.02 16.87 15.82 15.22 14.84 14.32 14.12 15.33 -9999 -9999 -9999 -9999 -9999 -9999 -9999 -9999 -9999
-9999 -9999 -9999 -9999 -9999 -9999 -9999 -9999 -9999 -9999 -9999 -9999 -9999 -9999 -9999 -9999 -9999 -9999 -9999 -9999 -9999 -9999 -9999 -9999 -9999 -9999 -9999 -9999 -9999 16.22 13.67 11.84 10.70 11.51 16.98 13.19 13.13 10.16 13.41 19.27 15.33 18.94 17.83 19.82 13.48 19.98 15.75 17.72 16.77 16.87 14.95 14.36 13.68 13.23 13.14 13.20 13.11 12.99 12.62 12.63 14.32 17.37 16.64 15.35 15.12 13.76 12.63 14.37 -9999 -9999 -9999 -9999 -9999 -9999 -9999 -9999 -9999
-9999 -9999 -9999 -9999 -9999 -9999 -9999 -9999 -9999 -9999 -9999 -9999 -9999 -9999 -9999 -9999 -9999 -9999 -9999 -9999 -9999 -9999 -9999 -9999 -9999 -9999 -9999 -9999 -9999 16.26 13.46 12.39 11.57 11.94 13.00 13.92 12.47 11.00 14.13 14.95 13.99 17.39 21.59 17.18 16.10 13.36 16.52 13.33 14.49 15.61 16.21 14.75 14.21 13.22 13.12 13.26 13.21 13.11 12.97 12.74 13.62 16.44 18.14 16.01 14.78 13.25 11.73 12.80 14.84 -9999 -9999 -9999 -9999 -9999 -9999 -9999 -9999
-9999 -9999 -9999 -9999 -9999 -9999 -9999 -9999 -9999 -9999 -9999 -9999 -9999 -9999 -9999 -9999 -9999 -9999 -9999 -9999 -9999 -9999 -9999 -9999 -9999 -9999 -9999 -9999 -9999 15.74 13.67 12.94 12.82 12.38 12.23 12.25 13.83 15.95 11.62 11.58 13.89 21.71 21.59 23.26 20.19 16.24 15.67 16.54 13.99 12.85 14.91 15.86 14.14 13.28 13.27 13.01 13.12 13.20 13.35 13.09 13.41 16.64 19.00 16.84 15.30 13.76 11.78 11.66 13.60 15.52 -9999 -9999 -9999 -9999 -9999 -9999 -9999
-9999 -9999 -9999 -9999 -9999 -9999 -9999 -9999 -9999 -9999 -9999 -9999 -9999 -9999 -9999 -9999 -9999 -9999 -9999 -9999 -9999 -9999 -9999 -9999 -9999 -9999 -9999 -9999 -9999 15.75 13.33 12.68 12.28 11.70 11.02 12.74 12.45 14.15 14.77 18.18 20.84 22.14 17.84 21.05 18.10 17.37 14.61 16.96 15.77 14.17 13.18 13.12 13.60 13.19 13.18 13.14 13.22 13.26 13.59 13.78 14.15 15.00 17.00 16.58 15.22 14.16 13.06 12.14 12.26 14.45 -9999 -9999 -9999 -9999 -9999 -9999 -9999
-9999 -9999 -9999 -9999 -9999 -9999 -9999 -9999 -9999 -9999 -9999 -9999 -9999 -9999 -9999 -9999 -9999 -9999 -9999 -9999 -9999 -9999 -9999 -9999 -9999 -9999 -9999 -9999 -9999 -9999 13.43 12.80 12.06 10.90 11.69 15.32 15.58 16.59 14.32 13.93 17.69 17.43 20.79 19.57 15.77 12.71 13.75 13.66 15.75 14.00 13.48 14.53 14.06 12.95 13.19 12.91 13.04 12.99 13.26 13.76 14.35 14.80 14.61 15.11 15.10 14.71 -9999 13.37 13.65 14.91 17.28 -9999 -9999 -9999 -9999 -9999 -9999
-9999 -9999 -9999 -9999 -9999 -9999 -9999 -9999 -9999 -9999 -9999 -9999 -9999 -9999 -9999 -9999 -9999 -9999 -9999 -9999 -9999 -9999 -9999 -9999 -9999 -9999 -9999 -9999 -9999 15.45 13.36 12.72 11.48 10.31 10.39 17.50 18.66 14.96 19.52 18.61 15.29 15.22 23.10 20.46 21.31 16.18 12.95 16.21 13.44 12.25 13.48 13.72 13.12 13.28 12.56 12.48 12.55 12.80 12.70 12.94 15.68 14.52 13.53 15.77 14.56 14.39 14.06 -9999 14.97 15.97 17.80 19.26 -9999 -9999 -9999 -9999 -9999
-9999 -9999 -9999 -9999 -9999 -9999 -9999 -9999 -9999 -9999 -9999 -9999 -9999 -9999 -9999 -9999 -9999 -9999 -9999 -9999 -9999 -9999 -9999 -9999 -9999 -9999 -9999 -9999 -9999 15.02 12.93 12.35 11.43 13.72 11.72 13.57 18.75 13.28 13.86 14.40 10.96 11.29 18.70 18.91 19.45 14.04 17.22 18.34 13.99 15.43 13.75 14.48 14.00 13.20 12.23 12.08 12.13 12.22 12.11 12.08 12.65 13.64 12.13 12.61 13.93 13.16 14.11 14.44 -9999 -9999 -9999 -9999 -9999 -9999 -9999 -9999 -9999
-9999 -9999 -9999 -9999 -9999 -9999 -9999 -9999 -9999 -9999 -9999 -9999 -9999 -9999 -9999 -9999 -9999 -9999 -9999 -9999 -9999 -9999 -9999 -9999 -9999 -9999 -9999 -9999 17.20 13.91 12.49 13.69 12.98 13.04 12.08 13.49 13.67 12.68 12.21 11.25 10.79 11.53 16.52 21.75 23.05 16.39 20.70 19.26 14.58 14.66 12.66 13.48 13.95 12.92 11.94 12.18 12.07 11.96 12.15 11.83 12.23 12.61 12.29 11.82 14.41 13.80 13.68 13.74 15.20 16.70 -9999 -9999 -9999 -9999 -9999 -9999 -9999
-9999 -9999 -9999 -9999 -9999 -9999 -9999 -9999 -9999 -9999 -9999 -9999 -9999 -9999 -9999 -9999 -9999 -9999 -9999 -9999 -9999 -9999 -9999 -9999 -9999 -9999 -9999 -9999 -9999 14.19 12.54 12.51 13.20 16.20 12.33 11.63 11.39 12.08 12.52 11.43 10.78 10.38 10.97 18.36 22.03 24.43 19.75 20.19 17.77 15.39 15.48 11.75 12.17 13.79 12.09 11.96 11.77 11.75 12.11 11.82 12.00 12.66 12.04 11.08 11.43 15.82 14.18 13.55 13.86 14.78 16.33 18.18 -9999 -9999 -9999 -9999 -9999
