ML/MeanWindSpeed_1997-05_Actual.txt
ncols         180
nrows         290
xllcorner     -200000
yllcorner     -200000
cellsize      5000
NODATA_value  -9999
[rows 175 to 209 of 290, columns 79 to 157 of 180]
-9999 -9999 -9999 -9999 -9999 -9999 -9999 10.48 10.06 9.46 8.72 7.76 5.43 4.01 8.42 13.51 6.29 8.62 8.34 7.77 6.35 4.45 5.00 6.86 8.07 6.58 5.24 5.68 6.37 5.84 6.06 7.12 6.63 6.42 6.12 6.16 6.13 5.80 5.49 5.49 9.50 10.20 9.02 9.31 7.47 7.23 8.45 8.12 6.60 6.37 7.34 6.95 6.45 6.86 6.52 7.31 6.87 6.70 6.51 6.54 7.59 6.85 6.78 6.93 6.96 7.52 8.04 8.19 8.39 8.72 7.85 8.97 10.31 -9999 -9999 -9999 -9999 -9999 -9999
-9999 -9999 -9999 -9999 -9999 -9999 -9999 -9999 11.28 9.42 7.73 5.61 4.04 5.24 16.05 11.23 4.93 9.17 5.88 8.23 7.97 5.13 4.14 9.33 7.30 7.33 6.31 5.49 5.71 5.69 5.25 6.25 6.73 6.56 6.28 5.95 6.04 5.65 5.22 6.74 8.26 11.02 9.39 10.13 9.17 5.95 7.95 9.32 7.03 7.05 7.60 7.03 6.80 6.89 6.75 7.53 6.91 6.71 6.89 6.89 7.60 7.45 7.07 7.03 7.06 7.36 8.08 9.14 8.40 7.95 7.98 8.88 10.25 -9999 -9999 -9999 -9999 -9999 -9999
-9999 -9999 -9999 -9999 -9999 -9999 -9999 -9999 -9999 9.02 6.51 5.60 6.25 14.06 17.09 11.95 8.04 7.81 8.35 9.28 9.44 8.73 5.74 5.62 9.58 7.13 6.30 6.14 5.62 5.54 5.60 5.94 6.42 6.14 5.81 5.90 5.80 5.55 5.75 6.75 8.99 10.01 8.21 8.48 9.60 7.84 6.29 9.59 7.45 7.42 7.97 7.33 7.17 6.97 7.27 7.71 7.10 6.89 6.95 6.74 7.94 7.55 7.26 7.23 7.28 7.70 7.97 8.23 8.06 8.07 8.25 9.33 10.53 -9999 -9999 -9999 -9999 -9999 -9999
-9999 -9999 -9999 -9999 -9999 -9999 -9999 -9999 -9999 7.89 6.40 7.62 9.58 12.10 15.86 9.76 5.68 7.37 9.45 9.74 10.63 9.16 6.30 4.68 9.81 9.10 7.21 6.79 5.55 5.38 5.66 6.59 6.51 6.22 5.95 5.48 5.21 5.53 7.15 7.30 6.62 10.47 8.43 8.87 10.09 9.67 8.40 8.09 7.47 6.66 7.90 8.32 7.42 7.20 7.00 7.34 6.99 7.17 7.03 6.88 7.38 7.96 7.65 7.66 7.57 7.74 7.92 8.05 8.12 8.51 9.17 10.16 -9999 -9999 -9999 -9999 -9999 -9999 -9999
-9999 -9999 -9999 -9999 -9999 -9999 -9999 -9999 -9999 7.01 7.06 8.47 8.92 13.34 12.50 8.79 7.95 6.41 8.01 10.36 9.58 11.27 8.30 5.15 9.09 9.93 9.36 6.90 5.96 5.24 5.96 6.98 6.86 6.20 5.71 5.31 5.51 6.62 7.17 6.19 6.31 9.09 8.92 8.74 8.85 8.28 8.47 9.27 6.84 7.47 7.87 7.61 7.77 7.30 7.77 6.99 7.01 7.14 7.06 7.23 8.80 8.35 7.92 7.73 7.75 7.83 7.98 8.19 8.46 9.27 10.27 -9999 -9999 -9999 -9999 -9999 -9999 -9999 -9999
-9999 -9999 -9999 -9999 -9999 -9999 -9999 -9999 8.29 13.60 8.85 10.35 11.91 8.86 15.53 12.65 10.35 9.09 11.81 10.00 10.54 9.11 6.65 7.04 10.69 10.06 9.57 7.02 5.79 5.14 6.45 6.83 6.49 6.13 5.52 5.39 6.50 6.48 6.41 7.17 7.85 6.90 10.41 9.71 7.84 8.56 8.07 7.61 7.52 6.94 7.14 7.37 8.02 7.43 6.79 7.67 6.98 7.03 7.19 7.51 8.83 8.32 7.92 7.89 7.76 7.91 8.01 8.29 9.14 10.20 -9999 -9999 -9999 -9999 -9999 -9999 -9999 10.64 -9999
-9999 -9999 -9999 -9999 -9999 -9999 8.93 8.68 11.47 10.31 9.26 10.27 11.15 7.43 8.07 9.48 11.22 10.64 12.31 11.37 11.19 6.64 7.84 7.78 6.76 7.86 7.37 7.37 6.26 5.60 6.54 6.95 6.74 6.04 5.93 6.73 6.36 6.91 6.38 7.52 8.04 8.18 7.77 7.18 8.41 8.31 7.99 7.88 7.79 7.62 6.84 7.56 7.32 6.66 6.65 6.84 6.86 7.04 6.98 7.57 8.80 8.25 7.74 7.83 7.74 7.89 8.12 8.71 9.71 -9999 -9999 -9999 -9999 -9999 10.62 10.27 9.90 9.41 9.52
-9999 -9999 -9999 -9999 -9999 9.27 9.20 9.35 9.97 9.99 10.09 9.61 7.70 6.25 7.56 9.09 10.63 15.51 9.81 7.97 7.23 4.97 9.80 11.21 11.21 9.17 7.83 7.50 6.88 6.37 6.71 7.21 6.72 6.31 6.27 6.86 7.25 6.29 6.24 7.74 7.96 7.73 7.52 7.59 7.84 7.31 7.75 7.04 7.09 7.58 7.19 6.80 6.38 6.46 6.92 6.62 6.64 6.83 7.03 7.56 8.99 8.47 7.80 7.67 7.67 7.90 8.22 8.82 9.64 -9999 -9999 -9999 -9999 -9999 9.71 9.11 8.86 8.51 8.50
-9999 -9999 -9999 -9999 9.69 10.42 9.98 10.17 -9999 -9999 -9999 -9999 7.30 10.89 9.60 10.15 12.22 10.15 8.08 9.91 9.02 7.81 15.08 13.81 11.81 11.95 9.15 7.08 7.07 6.95 6.62 6.76 6.65 6.26 6.70 6.53 7.56 6.53 6.39 6.98 7.48 7.63 7.53 6.83 7.00 7.11 7.11 6.73 6.66 6.57 6.47 6.37 6.48 6.79 6.58 6.45 6.95 7.48 7.69 7.88 8.68 8.45 8.19 7.63 7.65 7.87 8.16 8.58 9.28 10.29 -9999 -9999 -9999 -9999 8.94 8.40 8.22 8.17 8.16
-9999 -9999 -9999 -9999 10.83 12.17 10.06 10.42 -9999 -9999 -9999 -9999 7.06 9.75 11.26 7.79 11.58 10.64 9.47 11.43 12.86 10.83 14.54 9.94 10.59 10.30 8.70 7.17 6.95 6.98 6.76 6.92 7.27 6.44 6.91 6.87 7.01 7.32 6.56 6.89 6.44 7.01 7.70 8.05 8.10 6.95 6.53 6.39 6.35 6.71 6.22 6.37 6.77 6.93 7.37 6.85 8.32 8.53 8.81 8.33 8.72 8.50 8.17 7.54 7.64 7.83 8.05 8.36 8.66 9.36 9.96 -9999 -9999 9.36 8.69 8.38 8.48 8.15 7.96
-9999 -9999 -9999 -9999 -9999 -9999 -9999 -9999 -9999 -9999 -9999 -9999 7.92 11.81 10.34 7.13 9.26 8.28 12.78 12.22 9.40 12.51 12.62 11.21 11.23 9.46 8.00 6.67 7.23 6.94 7.10 6.89 6.55 6.39 6.33 6.39 6.69 7.06 6.57 6.52 6.70 6.87 6.74 7.47 7.65 6.18 7.11 7.81 6.92 6.86 6.50 5.94 6.80 7.61 8.26 7.99 7.84 8.47 9.20 8.87 9.09 8.62 8.24 7.45 7.54 7.74 7.98 8.19 8.24 8.51 8.90 9.31 9.16 8.42 8.18 7.68 8.34 8.34 8.35
-9999 -9999 -9999 -9999 -9999 -9999 -9999 -9999 -9999 -9999 -9999 -9999 -9999 11.98 6.05 5.83 9.24 12.75 11.79 13.15 12.88 9.97 10.75 11.45 8.59 8.12 6.90 6.40 6.47 6.74 6.81 6.84 6.59 6.15 6.00 6.39 6.48 6.91 6.65 6.35 7.97 7.52 6.75 6.75 6.72 6.64 6.48 7.29 7.43 7.04 7.86 6.69 6.72 7.41 7.11 7.47 7.89 8.15 9.27 9.25 8.93 8.24 8.09 7.35 7.43 7.58 7.75 7.99 8.15 8.26 8.21 8.26 8.05 7.68 7.43 7.57 8.40 8.38 8.16
-9999 -9999 -9999 -9999 -9999 -9999 -9999 -9999 -9999 -9999 -9999 -9999 -9999 8.64 11.79 12.24 11.09 10.43 10.02 11.85 10.09 9.90 8.72 8.11 9.41 7.31 6.58 7.51 6.89 6.65 6.58 6.07 5.96 6.30 6.23 7.24 7.31 7.10 6.61 6.21 7.78 8.47 7.50 6.76 6.50 6.63 6.66 6.76 6.98 7.52 9.21 8.21 6.96 6.81 7.11 7.95 8.98 9.24 9.06 9.48 8.90 8.01 7.49 7.20 7.30 7.43 7.66 7.84 7.97 8.05 8.00 7.85 7.62 7.56 7.44 7.38 8.14 8.24 8.70
-9999 -9999 -9999 -9999 -9999 -9999 -9999 -9999 -9999 -9999 -9999 -9999 9.52 9.58 8.12 14.17 9.95 8.48 10.29 10.41 9.39 11.39 8.87 8.38 9.75 6.64 10.83 7.94 6.22 6.32 7.32 6.09 5.75 7.91 7.89 7.48 6.73 7.04 6.89 6.56 7.37 7.86 7.47 6.86 6.65 6.54 6.63 7.04 7.00 7.95 8.00 7.50 7.02 6.83 7.40 8.27 9.25 9.40 8.81 8.87 8.24 7.65 7.33 7.14 7.19 7.37 7.56 7.71 7.76 7.82 7.78 7.54 7.39 7.71 7.65 7.47 7.82 8.22 7.90
-9999 -9999 -9999 -9999 -9999 -9999 -9999 -9999 -9999 -9999 -9999 -9999 8.63 9.98 14.30 9.39 5.90 7.17 7.48 9.48 11.72 11.39 9.17 8.72 8.42 6.59 7.10 7.67 8.33 7.96 6.58 6.50 6.39 6.93 7.67 6.89 6.73 7.24 7.09 7.33 7.85 7.69 7.70 7.26 6.86 6.70 6.52 6.66 6.94 7.78 8.18 7.59 6.59 6.85 7.96 9.21 8.97 9.47 9.27 8.50 7.63 8.00 7.29 7.36 7.24 7.38 7.43 7.55 7.60 7.58 7.53 7.40 7.30 7.89 7.71 7.36 7.59 8.16 8.07
-9999 -9999 -9999 -9999 -9999 -9999 -9999 -9999 -9999 -9999 -9999 -9999 9.68 11.69 6.83 7.59 6.16 7.02 7.80 12.34 11.21 12.07 9.53 8.54 6.89 5.61 6.38 8.91 10.25 11.05 7.25 8.21 7.08 7.48 7.71 6.55 6.59 6.98 7.32 7.59 7.26 7.45 8.41 7.67 6.82 6.70 7.50 6.52 7.01 7.44 7.40 6.90 6.55 7.10 7.84 8.50 8.76 8.66 7.91 7.65 7.83 7.89 7.02 6.95 7.21 7.31 7.38 7.38 7.33 7.38 7.35 7.30 7.27 7.51 7.38 7.47 7.46 7.90 7.92
-9999 -9999 -9999 -9999 -9999 -9999 -9999 -9999 -9999 -9999 -9999 -9999 -9999 7.20 8.25 9.20 10.37 11.15 10.05 10.95 9.83 7.51 6.97 6.28 6.81 6.75 6.36 7.68 8.44 10.84 8.76 7.63 7.13 8.37 8.26 6.58 7.21 6.67 7.00 8.70 7.39 7.32 7.33 7.38 6.62 6.50 7.72 7.30 6.93 7.40 7.08 6.79 7.01 7.75 7.72 7.91 7.69 8.11 7.44 8.14 8.06 7.26 7.00 7.38 7.34 7.14 7.16 7.15 7.18 7.23 7.21 7.21 7.17 7.21 7.22 7.35 7.34 7.43 7.68
-9999 -9999 -9999 -9999 -9999 -9999 -9999 -9999 -9999 -9999 -9999 -9999 -9999 7.86 8.65 9.43 10.99 13.22 12.60 10.01 7.93 6.63 7.55 8.91 10.20 11.51 9.19 7.99 8.90 9.77 8.84 7.11 9.27 8.61 8.44 7.20 7.86 7.07 6.90 7.45 8.38 8.09 7.63 7.18 6.64 6.62 7.56 7.37 7.06 7.14 7.37 7.43 7.63 8.05 7.61 7.50 8.39 8.41 8.30 8.04 8.13 7.31 7.45 7.84 7.12 6.98 6.99 7.00 7.09 7.10 7.07 7.08 7.07 7.09 7.02 6.92 6.81 6.82 7.13
-9999 -9999 -9999 -9999 -9999 -9999 -9999 -9999 -9999 -9999 -9999 -9999 8.33 6.78 7.94 10.39 11.41 10.88 10.54 8.62 9.03 12.31 10.07 10.23 10.22 8.88 8.21 8.92 9.70 8.56 7.57 8.03 9.45 9.31 8.61 7.21 8.12 6.87 6.87 8.17 7.69 7.93 7.96 7.36 6.94 6.86 7.75 7.61 6.93 7.13 7.11 7.01 7.64 7.43 8.26 7.85 8.37 7.85 8.14 8.27 7.53 7.25 7.86 7.80 7.03 6.92 7.14 6.98 7.06 7.06 7.10 7.06 6.97 6.91 6.72 6.96 7.18 7.23 6.76
-9999 -9999 -9999 -9999 -9999 -9999 -9999 -9999 -9999 -9999 -9999 -9999 9.92 8.32 7.91 8.24 10.07 12.94 12.11 10.64 9.25 9.97 11.29 12.21 12.06 9.14 10.72 11.33 8.41 10.12 6.96 7.64 9.41 10.80 7.91 7.98 7.10 6.50 6.65 7.44 9.63 8.38 8.23 7.77 7.41 7.39 7.73 7.43 6.93 7.03 6.98 6.87 6.88 7.94 8.33 8.29 8.80 8.08 7.81 7.80 7.41 7.60 8.01 7.78 7.28 7.45 7.26 7.42 7.09 7.07 7.20 7.20 6.92 6.73 6.50 6.47 7.12 7.23 7.29
-9999 -9999 -9999 -9999 -9999 -9999 -9999 -9999 -9999 -9999 -9999 -9999 8.80 8.10 5.91 7.05 9.52 12.99 11.38 11.31 9.52 11.51 11.11 9.87 10.17 10.63 10.54 9.21 8.14 8.60 10.40 7.75 8.12 8.15 7.91 8.88 7.80 6.62 6.72 7.49 8.02 7.84 8.46 8.08 7.68 7.77 7.35 6.80 7.04 7.17 7.24 6.76 7.28 8.40 8.47 7.83 8.03 8.66 7.89 8.06 7.29 7.97 8.14 7.56 7.38 7.41 6.93 7.01 6.91 6.97 7.02 6.91 6.73 6.60 6.40 6.63 6.34 6.69 6.90
-9999 -9999 -9999 -9999 -9999 -9999 -9999 -9999 -9999 -9999 -9999 8.33 9.24 10.60 8.14 6.57 9.88 11.36 12.92 12.77 9.12 9.74 8.80 9.72 10.80 9.41 9.37 10.74 9.40 8.84 8.42 7.60 7.29 7.49 8.03 7.98 7.63 7.26 6.85 6.98 7.76 7.96 7.44 7.74 7.46 7.87 7.21 6.92 6.90 6.56 6.45 6.69 7.67 7.85 8.04 7.52 8.19 8.28 7.92 7.36 7.99 8.06 8.11 8.19 7.79 7.35 7.13 6.90 6.90 6.95 6.84 6.69 6.46 6.28 6.31 6.61 6.64 6.76 6.98
-9999 -9999 -9999 -9999 -9999 -9999 -9999 -9999 -9999 -9999 9.09 9.22 10.05 8.35 6.54 8.87 11.89 12.83 11.55 12.94 9.86 10.74 9.14 8.56 13.41 9.94 10.61 9.14 9.03 7.90 7.60 7.63 8.48 7.73 9.13 7.97 8.08 6.91 6.73 6.93 7.40 7.67 7.37 7.46 7.64 7.64 6.51 6.79 6.65 6.70 6.82 7.12 7.72 7.36 8.00 7.58 7.85 7.34 7.26 8.13 8.47 8.17 8.28 8.10 7.33 7.50 7.39 7.26 7.16 6.88 6.59 6.30 6.32 6.25 6.76 7.02 7.25 7.36 6.95
-9999 -9999 -9999 -9999 -9999 -9999 -9999 -9999 9.99 8.92 8.23 7.41 7.39 7.48 7.35 9.95 11.66 13.25 14.54 12.89 10.58 7.66 9.54 9.09 12.45 10.50 9.77 9.77 8.48 7.98 7.03 7.68 9.10 8.63 8.75 7.18 7.24 6.98 6.95 7.40 7.29 7.64 7.09 7.15 7.26 6.65 6.36 6.49 7.02 6.83 7.50 8.08 7.84 7.51 7.18 6.99 7.65 8.10 7.90 8.16 7.60 8.28 8.35 7.75 7.06 7.00 7.56 7.36 7.29 6.59 6.27 5.98 6.12 6.90 7.29 7.24 7.94 7.84 7.77
-9999 -9999 -9999 -9999 9.99 9.21 8.10 10.39 10.40 10.58 10.67 8.84 8.16 7.54 11.21 10.42 12.76 13.23 12.96 10.22 8.66 6.82 8.15 8.52 14.04 12.55 10.27 8.51 8.75 8.15 9.18 7.25 8.77 9.02 8.69 7.90 7.09 6.74 7.43 7.00 6.64 7.76 6.94 6.73 6.33 6.50 6.76 7.06 6.46 7.18 7.02 7.42 8.13 7.95 7.68 7.48 7.96 8.03 7.83 7.68 8.34 7.67 7.55 7.30 6.95 7.42 7.55 7.47 6.81 6.18 6.07 6.16 7.01 7.26 7.11 7.84 7.40 7.74 8.15
-9999 -9999 -9999 10.74 8.92 9.26 8.62 8.23 9.85 9.66 9.93 8.16 7.18 9.93 10.92 11.92 9.90 13.95 10.69 8.47 11.78 9.11 6.95 12.96 11.91 10.35 6.93 7.03 7.70 10.06 7.80 7.44 7.62 7.69 8.87 8.37 8.07 7.05 7.20 6.69 6.57 7.34 6.81 6.23 6.21 6.50 6.92 6.76 8.20 6.93 6.89 7.32 7.89 7.39 7.30 7.01 7.21 7.65 7.59 8.15 7.70 7.30 7.38 7.44 6.93 7.09 7.04 6.47 6.14 5.90 5.92 6.14 6.64 7.48 7.60 7.79 7.65 7.69 7.92
-9999 -9999 10.29 10.00 7.86 7.62 7.79 8.70 8.67 9.23 8.45 8.80 12.06 10.17 9.79 12.74 8.32 10.13 9.66 11.76 11.12 11.73 10.32 10.56 9.29 6.48 9.96 9.92 7.49 7.98 7.51 7.26 7.80 7.30 7.50 8.72 8.75 6.86 6.58 6.61 6.88 6.40 5.74 5.86 7.92 6.57 6.44 6.94 7.66 7.24 6.95 7.44 7.85 7.79 8.10 7.59 7.00 6.92 6.93 7.67 7.37 6.97 7.60 7.39 6.85 6.82 6.57 6.17 6.15 6.09 6.12 6.43 6.71 7.51 7.12 7.11 7.46 7.27 7.58
9.22 10.33 8.39 8.47 9.09 8.34 8.08 9.89 9.19 9.27 9.25 11.39 11.09 10.05 11.28 10.75 8.66 8.40 10.94 11.25 10.20 10.55 11.84 9.10 6.29 9.73 10.93 9.17 9.49 7.73 7.84 7.15 7.58 9.01 7.58 9.37 7.87 6.75 6.42 6.60 7.51 5.45 5.65 8.73 6.96 6.60 6.59 7.15 8.03 7.06 7.08 7.42 7.23 7.60 7.53 7.05 6.69 6.86 6.57 6.96 7.21 7.09 6.74 6.45 6.23 6.12 6.35 7.24 6.62 7.20 6.72 6.09 7.21 7.29 7.47 7.27 7.19 7.38 7.34
8.11 10.27 12.81 12.12 11.60 9.01 9.98 11.43 10.54 10.29 12.00 10.90 10.60 12.27 9.70 7.51 7.61 8.05 10.42 10.60 10.27 9.65 8.87 7.14 8.36 15.49 12.58 9.86 7.83 8.20 7.79 8.91 7.78 8.16 7.42 7.67 7.57 7.13 6.49 6.24 5.96 5.20 7.94 8.73 8.21 7.07 6.72 8.86 7.88 7.16 7.27 7.06 7.65 7.53 7.21 6.45 7.09 6.69 6.19 7.52 7.30 6.34 6.22 6.12 5.93 6.29 7.03 7.27 7.03 7.37 6.79 6.51 7.25 7.42 7.06 7.28 7.19 7.43 7.54
8.62 9.88 10.45 10.05 9.11 10.58 9.76 11.37 8.97 9.96 12.01 11.54 10.03 10.37 7.31 6.38 8.91 10.10 9.64 8.64 10.07 7.57 6.47 5.78 9.91 13.60 14.38 8.65 8.77 8.87 9.07 8.27 7.20 8.24 7.69 7.82 7.30 7.12 5.87 5.41 6.13 5.99 8.33 8.62 8.09 6.91 7.50 8.84 8.33 7.78 7.31 7.51 7.42 7.00 6.59 6.42 6.70 6.92 6.53 6.39 6.24 5.95 6.81 7.27 6.14 6.42 7.15 7.44 7.01 7.28 7.09 6.99 7.15 7.01 7.22 7.10 7.12 6.97 7.31
8.77 9.69 9.66 10.06 9.54 9.71 10.81 9.98 10.45 9.29 9.17 8.94 8.29 7.47 8.58 7.40 10.62 15.81 9.26 9.22 9.59 12.93 12.26 5.89 6.40 15.47 12.33 10.07 10.14 10.86 9.19 7.31 6.55 8.46 8.78 7.78 7.04 6.40 5.49 5.13 6.27 8.48 9.20 8.56 8.02 7.50 7.38 7.45 8.15 7.45 7.24 7.07 6.74 6.38 6.21 6.81 6.64 6.41 6.23 5.49 5.62 6.27 6.27 6.92 6.49 6.63 6.81 7.01 7.31 7.33 7.15 7.07 7.21 6.89 6.78 7.14 7.10 6.72 7.05
8.45 9.44 8.88 9.37 9.55 9.76 9.21 9.25 9.77 8.96 10.00 8.82 10.15 7.20 9.22 11.00 11.56 12.83 13.11 10.74 12.26 13.81 9.63 11.07 10.38 7.46 11.56 11.22 8.31 8.61 7.13 8.06 7.80 10.37 9.71 7.64 6.80 5.83 5.27 6.11 8.80 8.14 9.66 8.54 8.17 8.57 7.66 8.46 7.24 7.27 6.85 6.59 6.39 6.46 6.36 6.29 5.97 5.71 5.20 5.22 6.09 6.84 6.57 6.25 6.83 6.51 7.30 6.72 6.61 6.66 6.70 6.86 7.00 7.06 6.61 6.98 6.95 6.80 7.22
8.39 8.14 9.34 10.47 12.14 11.36 10.18 9.51 8.81 8.92 11.05 8.71 9.47 7.16 9.11 9.94 9.73 9.02 10.60 9.67 11.82 12.08 13.26 11.15 11.99 11.32 14.65 9.81 8.63 8.01 8.42 7.72 9.83 9.81 10.02 7.11 6.25 5.46 8.14 8.79 9.01 9.67 8.32 8.62 8.68 8.28 7.10 7.02 7.03 6.75 6.51 6.48 6.36 6.71 6.61 6.56 5.81 5.05 4.91 5.43 6.80 5.72 6.28 6.58 6.40 6.38 6.54 6.33 6.38 6.59 6.25 6.67 6.78 6.73 6.80 6.91 6.55 6.44 7.37
8.67 8.35 8.65 10.25 10.77 11.47 10.71 10.08 9.48 9.04 9.50 11.26 8.26 11.38 11.04 11.38 12.33 10.80 8.72 8.91 10.66 10.13 11.63 11.06 9.69 13.04 12.93 8.52 8.90 6.92 7.41 8.93 9.81 9.60 8.75 6.75 5.79 6.93 6.76 8.60 8.81 8.40 8.60 8.26 7.78 7.37 6.50 6.21 6.22 6.23 7.45 6.54 7.13 6.59 6.21 5.29 4.74 4.78 5.54 6.45 6.11 5.89 6.16 6.25 6.20 6.47 6.89 7.13 5.99 6.54 7.09 6.58 6.43 6.77 6.20 6.51 7.26 6.87 6.76
9.19 9.63 10.52 11.79 -9999 -9999 -9999 -9999 10.55 10.33 11.06 9.17 8.20 9.37 9.83 9.57 8.74 5.90 12.98 13.48 9.87 9.12 9.66 11.06 11.76 13.06 10.37 8.64 7.42 6.56 9.97 9.31 10.72 8.36 7.58 6.59 6.18 7.97 7.17 8.87 8.81 8.05 8.02 7.64 7.17 6.56 6.15 5.98 6.04 6.18 7.25 6.83 7.22 7.13 6.27 5.30 4.73 5.89 5.98 6.27 6.13 6.11 5.17 5.58 5.89 6.92 7.29 6.93 5.86 6.39 6.93 6.75 6.42 6.97 6.63 6.61 7.00 7.13 6.89
