ML/MeanWindSpeed_1991-06_Actual.txt
ncols         180
nrows         290
xllcorner     -200000
yllcorner     -200000
cellsize      5000
NODATA_value  -9999
[rows 105 to 139 of 290, columns 78 to 155 of 180]
8.12 10.08 7.05 4.47 6.32 9.79 9.80 8.34 6.91 7.59 10.68 7.32 9.43 5.89 7.57 10.13 6.58 4.48 4.67 6.15 5.52 5.42 6.35 6.68 5.71 6.38 5.86 5.78 7.48 6.89 7.01 7.10 -9999 -9999 -9999 -9999 -9999 -9999 -9999 -9999 -9999 -9999 -9999 -9999 -9999 -9999 -9999 -9999 -9999 -9999 -9999 -9999 -9999 -9999 -9999 -9999 -9999 -9999 -9999 -9999 -9999 -9999 -9999 -9999 -9999 -9999 -9999 -9999 -9999 -9999 -9999 -9999 -9999 -9999 -9999 -9999 -9999 -9999
9.07 7.58 8.44 10.86 10.32 12.11 6.93 9.44 4.86 11.04 5.76 12.47 6.47 8.64 13.36 8.50 6.40 7.91 7.10 5.30 5.28 4.92 5.03 6.15 5.50 5.18 6.25 6.70 6.58 6.49 5.65 6.73 7.55 -9999 -9999 -9999 -9999 -9999 -9999 -9999 -9999 -9999 -9999 -9999 -9999 -9999 -9999 -9999 -9999 -9999 -9999 -9999 -9999 -9999 -9999 -9999 -9999 -9999 -9999 -9999 -9999 -9999 -9999 -9999 -9999 -9999 -9999 -9999 -9999 -9999 -9999 -9999 -9999 -9999 -9999 -9999 -9999 -9999
9.09 5.37 10.48 8.21 5.25 8.12 10.70 10.22 4.86 10.80 9.13 9.75 7.41 10.68 8.75 9.64 12.06 9.35 8.10 6.90 6.04 6.25 7.37 7.84 8.81 8.26 7.03 6.04 5.49 7.06 6.17 7.89 8.05 9.05 -9999 -9999 -9999 -9999 -9999 -9999 -9999 -9999 -9999 -9999 -9999 -9999 -9999 -9999 -9999 -9999 -9999 -9999 -9999 -9999 -9999 -9999 -9999 -9999 -9999 -9999 -9999 -9999 -9999 -9999 -9999 -9999 -9999 -9999 -9999 -9999 -9999 -9999 -9999 -9999 -9999 -9999 -9999 -9999
6.96 9.55 9.79 7.41 4.90 9.31 10.37 13.15 6.29 10.38 8.37 8.90 8.50 9.05 5.32 6.68 7.78 7.50 5.79 7.04 8.67 11.06 10.28 9.30 7.93 7.45 8.37 5.64 6.64 7.54 7.95 8.27 8.57 9.18 9.55 -9999 -9999 -9999 -9999 -9999 -9999 -9999 -9999 -9999 -9999 -9999 -9999 -9999 -9999 -9999 -9999 -9999 -9999 -9999 -9999 -9999 -9999 -9999 -9999 -9999 -9999 -9999 -9999 -9999 -9999 -9999 -9999 -9999 -9999 -9999 -9999 -9999 -9999 -9999 -9999 -9999 -9999 -9999
10.01 11.94 6.36 5.04 8.58 12.53 9.01 4.43 6.98 16.19 7.75 7.19 8.11 8.10 6.53 5.94 4.78 5.16 8.03 12.02 11.42 9.57 8.53 6.78 6.48 6.91 8.02 6.99 7.74 7.51 7.27 7.89 8.37 8.89 -9999 -9999 -9999 -9999 -9999 -9999 -9999 -9999 -9999 -9999 -9999 -9999 -9999 -9999 -9999 -9999 -9999 -9999 -9999 -9999 -9999 -9999 -9999 -9999 -9999 -9999 -9999 -9999 -9999 -9999 -9999 -9999 -9999 -9999 -9999 -9999 -9999 -9999 -9999 -9999 -9999 -9999 -9999 -9999
8.53 7.79 7.07 11.50 6.74 10.63 10.81 10.91 8.35 6.97 13.62 8.24 6.66 5.72 5.66 5.24 4.85 4.92 7.90 6.41 5.72 5.06 6.27 7.92 7.18 7.29 6.97 7.35 8.58 8.47 -9999 -9999 -9999 -9999 -9999 -9999 -9999 -9999 -9999 -9999 -9999 -9999 -9999 -9999 -9999 -9999 -9999 -9999 -9999 -9999 -9999 -9999 -9999 -9999 -9999 -9999 -9999 -9999 -9999 -9999 -9999 -9999 -9999 -9999 -9999 -9999 -9999 -9999 -9999 -9999 -9999 -9999 -9999 -9999 -9999 -9999 -9999 -9999
7.91 5.69 10.75 10.96 12.00 12.59 6.24 11.33 11.55 6.51 9.04 9.58 7.21 6.97 7.65 8.55 9.41 6.57 5.75 5.24 5.50 6.26 7.02 7.97 7.57 7.57 8.26 8.47 -9999 -9999 -9999 -9999 -9999 -9999 -9999 -9999 -9999 -9999 -9999 -9999 -9999 -9999 -9999 -9999 -9999 -9999 -9999 -9999 -9999 -9999 -9999 -9999 -9999 -9999 -9999 -9999 -9999 -9999 -9999 -9999 -9999 -9999 -9999 -9999 -9999 -9999 -9999 -9999 -9999 -9999 -9999 -9999 -9999 -9999 -9999 -9999 -9999 -9999
6.98 11.09 8.35 11.17 12.58 10.82 9.40 11.97 12.01 7.18 6.79 6.14 6.41 7.12 7.77 10.08 11.02 8.66 7.16 6.01 5.93 7.03 6.80 7.13 7.70 9.31 10.31 9.42 -9999 -9999 -9999 -9999 -9999 -9999 -9999 -9999 -9999 -9999 -9999 -9999 -9999 -9999 -9999 -9999 -9999 -9999 -9999 -9999 -9999 -9999 -9999 -9999 -9999 -9999 -9999 -9999 -9999 -9999 -9999 -9999 -9999 -9999 -9999 -9999 -9999 -9999 -9999 -9999 -9999 -9999 -9999 -9999 -9999 -9999 -9999 -9999 -9999 -9999
8.67 11.03 8.41 10.82 10.68 12.12 8.56 7.48 8.56 8.49 7.92 7.74 6.12 12.32 12.12 10.84 10.88 8.55 6.56 6.52 6.36 6.39 6.21 6.28 7.32 7.35 -9999 -9999 -9999 -9999 -9999 9.36 8.58 8.81 8.70 -9999 -9999 -9999 -9999 -9999 -9999 -9999 -9999 -9999 -9999 -9999 -9999 -9999 -9999 -9999 -9999 -9999 -9999 -9999 -9999 -9999 -9999 -9999 -9999 -9999 -9999 -9999 -9999 -9999 -9999 -9999 -9999 -9999 -9999 -9999 -9999 -9999 -9999 -9999 -9999 -9999 -9999 -9999
9.09 12.11 8.48 6.76 13.97 8.32 8.49 7.66 6.97 8.12 9.28 11.16 8.50 8.24 7.13 7.02 6.64 7.18 7.49 7.77 7.55 6.93 7.18 7.46 7.25 7.16 7.85 8.81 -9999 -9999 8.19 7.69 7.42 6.78 7.33 8.21 9.04 -9999 -9999 -9999 -9999 -9999 -9999 -9999 -9999 -9999 -9999 -9999 -9999 -9999 -9999 -9999 -9999 -9999 -9999 -9999 -9999 -9999 -9999 -9999 -9999 -9999 -9999 -9999 -9999 -9999 -9999 -9999 -9999 -9999 -9999 -9999 -9999 -9999 -9999 -9999 -9999 -9999
10.84 8.99 9.60 10.53 11.76 8.50 9.31 10.55 9.83 9.07 7.31 7.28 7.75 7.04 6.92 6.70 6.69 7.32 8.13 8.04 7.37 8.12 8.34 6.87 6.25 6.56 7.09 8.35 7.71 7.81 7.94 7.05 5.91 6.54 8.55 9.07 10.63 8.53 -9999 -9999 -9999 -9999 -9999 -9999 -9999 -9999 -9999 -9999 -9999 -9999 -9999 -9999 -9999 -9999 -9999 -9999 -9999 -9999 -9999 -9999 -9999 -9999 -9999 -9999 -9999 -9999 -9999 -9999 -9999 -9999 -9999 -9999 -9999 -9999 -9999 -9999 -9999 -9999
9.31 11.58 10.64 8.83 8.53 -9999 10.72 12.02 9.41 8.23 6.95 6.54 6.70 7.05 7.41 7.15 7.20 8.50 8.49 8.47 7.79 7.10 6.89 6.16 6.50 6.99 8.09 7.29 6.57 7.91 7.13 6.81 6.33 7.61 9.20 9.51 10.44 9.52 10.58 11.56 9.64 -9999 -9999 -9999 -9999 -9999 -9999 -9999 -9999 -9999 -9999 -9999 -9999 -9999 -9999 -9999 -9999 -9999 -9999 -9999 -9999 -9999 -9999 -9999 -9999 -9999 -9999 -9999 -9999 -9999 -9999 -9999 -9999 -9999 -9999 -9999 -9999 -9999
10.23 -9999 10.23 11.20 9.11 -9999 11.37 13.36 9.85 8.97 7.43 7.27 7.01 7.11 6.62 6.67 6.80 7.45 8.88 8.78 8.77 7.50 7.10 7.65 8.43 9.87 8.68 6.81 5.99 7.03 7.12 7.20 10.43 11.04 9.33 9.34 8.94 9.12 9.39 8.30 9.40 -9999 -9999 -9999 -9999 -9999 -9999 -9999 -9999 -9999 -9999 -9999 -9999 -9999 -9999 -9999 -9999 -9999 -9999 -9999 -9999 -9999 -9999 -9999 -9999 -9999 -9999 -9999 -9999 -9999 -9999 -9999 -9999 -9999 -9999 -9999 -9999 -9999
10.25 -9999 -9999 11.55 10.20 9.81 10.89 11.48 7.94 8.26 9.57 8.45 7.92 7.58 9.19 7.45 6.35 6.90 7.44 8.55 9.06 9.63 8.25 9.59 9.99 8.63 7.84 7.81 7.25 7.66 8.55 9.16 8.98 10.58 9.29 8.88 8.93 7.10 7.16 8.04 9.37 10.23 -9999 -9999 -9999 -9999 -9999 -9999 -9999 -9999 -9999 -9999 -9999 -9999 -9999 -9999 -9999 -9999 -9999 -9999 -9999 -9999 -9999 -9999 -9999 -9999 -9999 -9999 -9999 -9999 -9999 -9999 -9999 -9999 -9999 -9999 -9999 -9999
-9999 -9999 -9999 -9999 10.86 9.79 11.46 8.82 7.10 7.98 8.94 9.84 9.00 8.34 9.11 9.26 8.01 6.53 7.90 9.51 8.84 8.64 8.87 9.84 8.79 7.62 8.00 8.17 10.17 9.64 8.54 8.16 7.33 8.94 8.71 8.34 8.92 7.41 7.05 7.18 7.44 8.34 -9999 -9999 -9999 -9999 -9999 -9999 -9999 -9999 -9999 -9999 -9999 -9999 -9999 -9999 -9999 -9999 -9999 -9999 -9999 -9999 -9999 -9999 -9999 -9999 -9999 -9999 -9999 -9999 -9999 -9999 -9999 -9999 -9999 -9999 -9999 -9999
11.91 12.81 -9999 -9999 -9999 10.66 10.70 8.54 7.85 7.66 8.00 9.14 9.69 10.01 10.20 9.44 9.11 8.33 6.56 9.25 8.49 8.25 8.40 7.64 7.29 8.81 7.86 10.06 12.28 11.03 9.26 9.19 7.23 7.92 7.86 8.28 8.65 7.38 6.98 6.96 7.01 7.99 8.92 -9999 -9999 -9999 -9999 -9999 -9999 -9999 -9999 -9999 -9999 -9999 -9999 -9999 -9999 -9999 -9999 -9999 -9999 -9999 -9999 -9999 -9999 -9999 -9999 -9999 -9999 -9999 -9999 -9999 -9999 -9999 -9999 -9999 -9999 -9999
12.64 13.78 10.60 -9999 -9999 -9999 10.18 9.22 7.99 7.42 7.38 7.58 8.76 9.03 8.85 8.23 8.52 8.84 8.89 7.97 8.09 8.10 9.06 8.33 10.05 7.10 7.96 7.62 7.90 10.78 10.62 9.04 8.35 7.28 7.22 7.56 7.78 6.98 6.94 6.68 7.25 7.76 7.91 8.53 -9999 -9999 -9999 -9999 -9999 -9999 -9999 -9999 -9999 -9999 -9999 -9999 -9999 -9999 -9999 -9999 -9999 -9999 -9999 -9999 -9999 -9999 -9999 -9999 -9999 -9999 -9999 -9999 -9999 -9999 -9999 -9999 -9999 -9999
11.16 11.87 9.51 -9999 -9999 -9999 -9999 -9999 8.92 7.80 6.72 6.47 6.72 6.95 8.04 10.16 10.27 9.41 8.83 8.22 9.10 8.63 8.43 7.84 9.61 6.89 7.88 8.43 7.45 5.91 7.51 7.10 8.02 6.89 7.77 7.39 6.53 6.54 6.52 6.62 6.40 7.95 8.10 8.00 8.33 -9999 -9999 -9999 -9999 -9999 -9999 -9999 -9999 -9999 -9999 -9999 -9999 -9999 -9999 -9999 -9999 -9999 -9999 -9999 -9999 -9999 -9999 -9999 -9999 -9999 -9999 -9999 -9999 -9999 -9999 -9999 -9999 -9999
8.64 13.48 10.53 -9999 -9999 -9999 -9999 -9999 9.64 8.74 8.35 7.13 8.13 9.50 9.05 10.42 10.94 10.42 8.94 9.75 9.01 8.29 9.39 9.74 6.77 12.82 8.71 10.70 8.00 9.54 9.41 6.66 8.25 7.27 6.86 6.46 6.85 7.89 8.20 7.34 7.39 6.15 7.69 9.02 7.93 9.25 10.12 -9999 -9999 -9999 -9999 -9999 -9999 -9999 -9999 -9999 -9999 -9999 -9999 -9999 -9999 -9999 -9999 -9999 -9999 -9999 -9999 -9999 -9999 -9999 -9999 -9999 -9999 -9999 -9999 -9999 -9999 -9999
11.72 13.30 13.35 -9999 -9999 -9999 -9999 -9999 9.67 8.34 8.05 7.45 7.73 8.83 7.73 8.42 8.61 10.15 9.42 9.22 8.46 10.08 12.57 10.62 9.18 13.81 12.17 8.88 9.39 7.93 6.71 7.85 8.32 7.35 7.63 7.61 6.61 6.95 7.09 8.28 10.24 8.20 7.51 8.32 8.63 8.30 9.35 -9999 -9999 -9999 -9999 -9999 -9999 -9999 -9999 -9999 -9999 -9999 -9999 -9999 -9999 -9999 -9999 -9999 -9999 -9999 -9999 -9999 -9999 -9999 -9999 -9999 -9999 -9999 -9999 -9999 -9999 -9999
10.46 11.26 12.74 -9999 -9999 -9999 -9999 -9999 9.13 7.97 7.52 7.45 7.39 7.57 8.15 10.45 11.54 9.86 10.39 8.28 8.32 8.41 10.22 7.37 11.25 10.13 8.51 9.46 10.31 7.02 8.79 7.63 8.25 8.10 6.61 7.50 7.75 7.33 6.89 11.17 11.46 10.51 7.47 8.03 8.54 8.25 9.38 -9999 -9999 -9999 -9999 -9999 -9999 -9999 -9999 -9999 -9999 -9999 -9999 -9999 -9999 -9999 -9999 -9999 -9999 -9999 -9999 -9999 -9999 -9999 -9999 -9999 -9999 -9999 -9999 -9999 -9999 -9999
-9999 -9999 -9999 -9999 -9999 -9999 -9999 11.04 9.06 8.36 7.52 7.83 8.24 7.58 8.53 8.92 10.51 9.19 9.07 10.77 9.49 10.33 10.14 10.05 11.95 10.95 7.61 8.63 9.58 9.05 8.29 8.61 6.92 7.82 8.27 6.71 7.60 7.26 9.32 9.97 12.04 10.59 7.53 7.31 7.08 8.07 9.33 -9999 -9999 -9999 -9999 -9999 -9999 -9999 -9999 -9999 -9999 -9999 -9999 -9999 -9999 -9999 -9999 -9999 -9999 -9999 -9999 -9999 -9999 -9999 -9999 -9999 -9999 -9999 -9999 -9999 -9999 -9999
-9999 -9999 -9999 -9999 -9999 -9999 -9999 11.69 7.67 7.71 8.84 9.81 9.27 8.05 7.97 8.22 6.65 7.56 10.50 11.01 9.67 8.97 7.51 6.55 11.27 7.20 8.06 8.04 8.57 8.38 7.57 6.27 8.35 8.10 7.80 7.14 7.41 8.87 9.71 8.82 9.86 9.98 7.63 6.62 6.99 8.73 8.63 -9999 -9999 -9999 -9999 -9999 -9999 -9999 -9999 -9999 -9999 -9999 -9999 -9999 -9999 -9999 -9999 -9999 -9999 -9999 -9999 -9999 -9999 -9999 -9999 -9999 -9999 -9999 -9999 -9999 -9999 -9999
-9999 -9999 -9999 -9999 -9999 -9999 10.53 9.39 6.49 7.87 9.04 8.00 9.70 11.09 10.20 11.48 9.81 8.21 7.35 7.73 9.77 9.10 7.90 5.49 7.14 10.16 7.96 9.73 7.85 7.90 6.22 6.73 8.18 7.58 7.64 8.46 9.61 10.58 9.81 8.27 7.47 7.66 7.27 9.05 9.67 8.75 8.80 -9999 -9999 -9999 -9999 -9999 -9999 -9999 -9999 -9999 -9999 -9999 -9999 -9999 -9999 -9999 -9999 -9999 -9999 -9999 -9999 -9999 -9999 -9999 -9999 -9999 -9999 -9999 -9999 -9999 -9999 -9999
-9999 -9999 -9999 -9999 -9999 -9999 9.29 6.61 8.92 7.85 9.20 7.63 9.77 9.95 11.80 11.00 11.04 9.94 8.69 6.45 12.38 11.94 8.18 5.39 7.91 9.68 7.45 7.93 9.26 7.04 8.63 9.61 8.28 9.35 9.54 11.81 8.34 7.81 8.24 8.71 8.79 7.31 6.64 8.06 8.16 7.86 8.46 9.81 -9999 -9999 -9999 -9999 -9999 -9999 -9999 -9999 -9999 -9999 -9999 -9999 -9999 -9999 -9999 -9999 -9999 -9999 -9999 -9999 -9999 -9999 -9999 -9999 -9999 -9999 -9999 -9999 -9999 -9999
-9999 -9999 -9999 -9999 -9999 9.10 10.03 9.51 8.99 9.47 9.32 8.18 7.19 10.32 9.87 10.77 10.57 10.54 7.86 5.52 7.94 9.26 8.91 6.71 6.37 7.61 7.49 7.47 7.94 10.50 7.77 7.51 7.68 7.07 11.02 9.39 10.68 9.38 7.11 7.96 8.52 9.15 9.87 7.65 7.31 7.26 8.10 9.27 -9999 -9999 -9999 -9999 -9999 -9999 -9999 -9999 -9999 -9999 -9999 -9999 -9999 -9999 -9999 -9999 -9999 -9999 -9999 -9999 -9999 -9999 -9999 -9999 -9999 -9999 -9999 -9999 -9999 -9999
-9999 -9999 -9999 -9999 -9999 10.21 9.41 8.28 11.06 10.35 8.80 8.54 10.61 7.36 8.16 9.91 8.85 8.95 6.66 5.58 6.97 7.84 9.67 6.62 6.60 6.35 7.15 6.14 9.07 6.44 9.35 7.95 6.39 10.93 6.99 8.07 8.91 8.46 9.12 7.21 7.48 9.55 9.23 7.88 8.27 8.00 8.06 9.27 -9999 -9999 -9999 -9999 -9999 -9999 -9999 -9999 -9999 -9999 -9999 -9999 -9999 -9999 -9999 -9999 -9999 -9999 -9999 -9999 -9999 -9999 -9999 -9999 -9999 -9999 -9999 -9999 -9999 -9999
-9999 -9999 -9999 -9999 10.61 8.70 7.76 9.58 8.10 8.23 12.88 10.12 9.91 7.38 8.37 8.92 7.78 8.99 8.62 7.41 8.40 7.93 6.39 5.98 6.48 7.55 7.66 9.52 7.50 6.43 9.32 6.80 7.55 11.00 7.87 6.92 6.41 7.94 9.08 8.57 8.91 9.03 7.84 7.74 7.81 7.51 7.84 9.04 -9999 -9999 -9999 -9999 -9999 -9999 -9999 -9999 -9999 -9999 -9999 -9999 -9999 -9999 -9999 -9999 -9999 -9999 -9999 -9999 -9999 -9999 -9999 -9999 -9999 -9999 -9999 -9999 -9999 -9999
-9999 -9999 -9999 9.45 9.42 9.35 7.36 7.70 7.87 7.05 8.96 8.56 12.71 7.51 7.21 7.94 8.29 8.71 9.09 8.08 6.83 5.99 7.94 6.37 6.08 7.36 7.77 7.72 7.49 6.34 7.60 5.82 7.33 10.21 9.43 9.60 8.75 8.32 7.57 7.58 9.16 8.27 7.80 7.84 7.81 7.88 7.58 8.50 9.77 -9999 -9999 -9999 -9999 -9999 -9999 -9999 -9999 -9999 -9999 -9999 -9999 -9999 -9999 -9999 -9999 -9999 -9999 -9999 -9999 -9999 -9999 -9999 -9999 -9999 -9999 -9999 -9999 -9999
-9999 -9999 -9999 10.59 11.98 9.33 8.61 7.60 6.85 5.95 12.07 9.97 8.52 8.86 7.20 7.12 7.95 7.83 10.89 7.72 6.47 6.09 6.41 8.52 6.57 8.06 7.50 7.82 7.29 7.05 6.56 7.78 6.55 8.15 8.93 8.59 9.41 8.44 7.51 7.22 8.11 7.57 8.56 8.12 7.43 6.94 7.70 8.45 9.43 -9999 -9999 -9999 -9999 -9999 -9999 -9999 -9999 -9999 -9999 -9999 -9999 -9999 -9999 -9999 -9999 -9999 -9999 -9999 -9999 -9999 -9999 -9999 -9999 -9999 -9999 -9999 -9999 -9999
-9999 10.83 10.02 11.01 9.46 8.75 9.41 8.02 7.66 6.40 9.54 8.85 9.19 8.72 8.46 6.76 8.25 8.55 7.91 8.07 7.85 6.27 6.48 7.52 7.31 7.09 7.34 7.49 6.95 6.69 7.31 6.87 6.58 8.83 8.08 7.99 8.31 9.71 8.65 7.81 6.29 7.12 7.69 7.56 7.33 6.96 7.38 8.00 9.10 -9999 -9999 -9999 -9999 -9999 -9999 -9999 -9999 -9999 -9999 -9999 -9999 -9999 -9999 -9999 -9999 -9999 -9999 -9999 -9999 -9999 -9999 -9999 -9999 -9999 -9999 -9999 -9999 -9999
-9999 11.29 9.82 7.95 9.36 8.27 9.33 8.21 7.53 6.75 6.44 7.28 10.66 8.99 8.55 7.22 6.98 7.04 6.76 7.28 8.05 7.09 7.78 7.10 7.41 7.10 6.97 6.86 6.76 6.63 6.72 7.24 6.86 6.08 6.74 7.36 7.62 8.12 8.09 5.99 6.62 8.36 7.72 6.86 7.12 6.95 7.25 6.97 7.87 8.99 -9999 -9999 -9999 -9999 -9999 -9999 -9999 -9999 -9999 -9999 -9999 -9999 -9999 -9999 -9999 -9999 -9999 -9999 -9999 -9999 -9999 -9999 -9999 -9999 -9999 -9999 -9999 -9999
-9999 11.24 9.78 7.23 8.99 7.67 8.29 7.84 7.57 7.43 6.32 8.67 8.64 8.33 9.80 7.86 7.10 7.02 6.27 7.86 10.72 8.45 -9999 -9999 -9999 7.47 7.19 -9999 6.77 6.87 6.93 6.52 6.20 6.77 7.71 7.02 7.08 7.93 7.44 8.34 7.99 6.31 5.59 5.83 6.21 6.61 5.28 5.91 6.50 8.10 -9999 -9999 -9999 -9999 -9999 -9999 -9999 -9999 -9999 -9999 -9999 -9999 -9999 -9999 -9999 -9999 -9999 -9999 -9999 -9999 -9999 -9999 -9999 -9999 -9999 -9999 -9999 -9999
-9999 10.34 11.24 8.39 8.06 8.50 8.97 8.58 8.00 7.60 7.24 7.53 11.13 9.12 9.53 7.73 7.50 8.72 7.00 7.78 8.50 9.06 -9999 -9999 -9999 7.71 7.06 7.06 7.13 6.80 6.57 6.00 7.01 8.83 9.05 7.54 9.63 7.49 7.31 9.10 7.21 7.47 7.42 7.25 5.61 6.18 6.97 5.96 5.63 7.19 -9999 -9999 -9999 -9999 -9999 -9999 -9999 -9999 -9999 -9999 -9999 -9999 -9999 -9999 -9999 -9999 -9999 -9999 -9999 -9999 -9999 -9999 -9999 -9999 -9999 -9999 -9999 -9999
-9999 -9999 10.78 10.58 9.06 -9999 9.90 9.73 8.79 8.22 7.92 -9999 9.24 8.43 8.88 7.49 8.53 9.22 8.58 8.80 -9999 -9999 -9999 -9999 8.62 7.28 6.74 6.73 7.21 7.29 6.70 6.47 6.68 9.26 11.82 7.15 10.39 7.87 9.01 9.73 8.03 8.95 7.52 6.14 6.86 6.75 5.74 4.37 5.11 7.18 8.21 -9999 -9999 -9999 -9999 -9999 -9999 -9999 -9999 -9999 -9999 -9999 -9999 -9999 -9999 -9999 -9999 -9999 -9999 -9999 -9999 -9999 -9999 -9999 -9999 -9999 -9999 -9999
