ML/MeanWindSpeed_1994-08_Actual.txt
ncols         180
nrows         290
xllcorner     -200000
yllcorner     -200000
cellsize      5000
NODATA_value  -9999
[rows 140 to 174 of 290, columns 79 to 157 of 180]
-9999 -9999 10.73 -9999 -9999 -9999 9.55 9.21 7.95 8.21 9.40 -9999 -9999 9.85 8.37 10.21 11.24 -9999 -9999 -9999 -9999 -9999 8.74 7.21 5.06 5.33 5.64 6.27 5.94 6.29 5.98 4.18 5.84 8.75 10.57 8.56 9.87 10.38 10.35 8.33 8.40 8.11 6.61 4.57 4.20 4.04 2.03 2.90 5.40 7.74 -9999 -9999 -9999 -9999 -9999 -9999 -9999 -9999 -9999 -9999 -9999 -9999 -9999 -9999 -9999 -9999 -9999 -9999 -9999 -9999 -9999 -9999 -9999 -9999 -9999 -9999 -9999 -9999 -9999
-9999 -9999 10.97 10.99 -9999 -9999 -9999 9.67 9.62 9.43 10.21 -9999 -9999 -9999 -9999 10.93 -9999 -9999 -9999 -9999 -9999 -9999 7.46 6.00 4.94 5.68 7.17 7.46 6.58 6.60 5.90 4.84 4.79 7.52 9.58 7.69 11.37 10.75 11.36 8.95 8.74 9.18 6.62 4.82 3.98 2.69 1.83 2.80 4.98 7.49 -9999 -9999 -9999 -9999 -9999 -9999 -9999 -9999 -9999 -9999 -9999 -9999 -9999 -9999 -9999 -9999 -9999 -9999 -9999 -9999 -9999 -9999 -9999 -9999 -9999 -9999 -9999 -9999 -9999
-9999 -9999 -9999 11.99 -9999 -9999 -9999 -9999 10.12 10.82 10.94 -9999 -9999 -9999 -9999 -9999 -9999 -9999 -9999 -9999 -9999 8.66 6.92 6.14 5.88 6.07 7.60 7.70 7.19 7.21 6.63 6.03 4.52 5.52 10.45 11.57 11.55 11.02 8.91 7.94 7.99 6.45 4.41 5.37 4.99 2.62 2.18 3.17 4.90 7.43 9.41 -9999 -9999 -9999 -9999 -9999 -9999 -9999 -9999 -9999 -9999 -9999 -9999 -9999 -9999 -9999 -9999 -9999 -9999 -9999 -9999 -9999 -9999 -9999 -9999 -9999 -9999 -9999 -9999
-9999 -9999 -9999 12.96 -9999 -9999 -9999 -9999 -9999 -9999 -9999 -9999 -9999 -9999 -9999 -9999 -9999 -9999 -9999 -9999 -9999 8.57 6.49 5.06 4.36 3.62 8.91 7.91 7.50 8.83 7.15 7.69 4.17 3.96 8.40 12.12 10.39 9.13 11.71 12.60 11.12 8.99 7.39 3.95 3.95 3.55 4.08 3.90 5.10 7.48 9.17 10.21 -9999 -9999 -9999 -9999 -9999 -9999 -9999 -9999 -9999 -9999 -9999 -9999 -9999 -9999 -9999 -9999 -9999 -9999 -9999 -9999 -9999 -9999 -9999 -9999 -9999 -9999 -9999
-9999 -9999 -9999 -9999 -9999 -9999 -9999 -9999 -9999 -9999 -9999 -9999 -9999 -9999 -9999 -9999 -9999 -9999 -9999 -9999 9.23 7.77 5.86 4.78 6.86 3.47 12.38 12.44 7.34 8.14 7.83 7.00 6.67 4.05 4.81 11.46 11.52 10.33 9.32 8.46 9.84 9.01 7.68 5.74 4.57 4.20 4.03 4.44 5.98 6.75 7.61 8.92 -9999 -9999 -9999 -9999 -9999 -9999 -9999 -9999 -9999 -9999 -9999 -9999 -9999 -9999 -9999 -9999 -9999 -9999 -9999 -9999 -9999 -9999 -9999 -9999 -9999 -9999 -9999
-9999 -9999 -9999 -9999 -9999 -9999 -9999 -9999 -9999 -9999 -9999 -9999 -9999 -9999 -9999 -9999 -9999 -9999 -9999 -9999 8.12 7.82 5.32 6.92 12.24 6.60 4.27 8.81 9.81 8.68 8.96 8.17 7.34 5.65 4.86 5.90 12.16 10.92 10.54 8.92 8.57 8.25 6.49 5.86 5.57 5.94 4.90 5.87 5.93 6.51 6.70 7.49 8.73 9.82 10.28 -9999 -9999 -9999 -9999 -9999 -9999 -9999 -9999 -9999 -9999 -9999 -9999 -9999 -9999 -9999 -9999 -9999 -9999 -9999 -9999 -9999 -9999 -9999 -9999
-9999 -9999 -9999 -9999 -9999 -9999 -9999 -9999 -9999 -9999 -9999 -9999 -9999 -9999 -9999 -9999 -9999 -9999 -9999 -9999 7.80 6.72 6.09 8.86 6.13 5.82 6.73 9.57 7.67 7.84 11.07 7.48 8.73 7.08 5.96 5.33 7.67 9.96 10.24 9.73 9.15 7.45 7.13 6.32 5.66 5.33 5.53 5.68 6.15 5.99 6.05 6.37 8.98 8.44 9.63 10.74 11.12 -9999 -9999 -9999 -9999 -9999 -9999 -9999 -9999 -9999 -9999 -9999 -9999 -9999 -9999 -9999 -9999 -9999 -9999 -9999 -9999 -9999 -9999
-9999 -9999 -9999 -9999 -9999 -9999 -9999 -9999 -9999 -9999 -9999 -9999 -9999 -9999 -9999 -9999 -9999 -9999 -9999 -9999 7.80 6.35 6.58 10.65 11.67 8.83 6.09 6.49 7.38 10.33 7.61 10.31 8.91 8.15 7.89 6.91 5.62 6.64 9.99 9.87 9.15 8.33 7.48 6.91 6.60 6.29 5.87 6.10 6.05 5.82 6.33 6.52 7.41 9.64 9.49 10.02 11.37 11.83 11.21 -9999 -9999 -9999 -9999 -9999 -9999 -9999 -9999 -9999 -9999 -9999 -9999 -9999 -9999 -9999 -9999 -9999 -9999 -9999 -9999
-9999 -9999 -9999 -9999 -9999 -9999 -9999 -9999 -9999 -9999 -9999 -9999 -9999 -9999 -9999 -9999 -9999 -9999 -9999 -9999 8.55 6.58 7.50 8.68 5.87 14.85 12.26 6.45 8.09 7.01 10.35 11.09 8.49 7.58 7.85 7.54 5.94 11.50 10.55 10.33 10.83 10.97 10.14 7.54 8.16 6.94 6.50 6.42 6.33 6.37 6.47 6.14 6.81 8.88 8.36 8.44 9.18 10.54 10.07 12.63 -9999 -9999 -9999 -9999 -9999 -9999 -9999 -9999 -9999 -9999 -9999 -9999 -9999 -9999 -9999 -9999 -9999 -9999 -9999
-9999 -9999 -9999 -9999 -9999 -9999 -9999 -9999 10.91 11.38 11.77 -9999 -9999 -9999 -9999 -9999 -9999 -9999 -9999 -9999 -9999 8.61 7.00 6.00 7.78 9.14 11.36 6.59 4.64 8.52 8.26 7.79 7.07 8.33 8.23 7.08 7.74 9.54 9.75 12.51 11.65 9.98 9.40 9.75 8.47 7.33 6.85 6.54 6.47 6.06 6.03 9.19 8.44 10.92 11.50 10.92 10.23 8.52 10.99 11.86 11.64 -9999 -9999 -9999 -9999 -9999 -9999 -9999 -9999 -9999 -9999 -9999 -9999 -9999 -9999 -9999 -9999 -9999 -9999
-9999 -9999 -9999 -9999 -9999 -9999 -9999 -9999 9.57 9.63 -9999 -9999 -9999 -9999 -9999 -9999 -9999 -9999 -9999 -9999 -9999 -9999 7.59 5.59 8.24 8.35 13.96 7.96 8.05 7.47 5.82 5.26 5.77 5.65 11.50 7.04 7.98 11.62 9.62 7.66 7.21 10.48 7.74 9.81 8.30 7.30 6.75 6.51 5.98 6.24 8.21 9.14 8.49 8.30 8.12 9.24 10.15 9.98 10.52 10.70 12.75 -9999 -9999 -9999 -9999 -9999 -9999 -9999 -9999 -9999 -9999 -9999 -9999 -9999 -9999 -9999 -9999 -9999 -9999
-9999 -9999 -9999 -9999 -9999 -9999 -9999 8.54 10.11 9.79 10.00 -9999 -9999 -9999 -9999 -9999 -9999 -9999 -9999 -9999 -9999 -9999 8.22 8.96 8.87 9.28 7.68 8.51 7.14 6.63 5.66 5.32 6.77 5.70 5.18 11.69 8.52 8.01 10.81 9.44 11.62 9.49 9.86 8.68 8.12 7.55 7.25 6.49 5.83 6.56 7.75 7.44 8.19 8.87 8.68 9.29 9.27 9.65 10.06 9.11 11.72 11.65 -9999 -9999 -9999 -9999 -9999 -9999 -9999 -9999 -9999 -9999 -9999 -9999 -9999 -9999 -9999 -9999 -9999
-9999 -9999 -9999 -9999 -9999 -9999 7.69 9.80 10.59 13.53 9.94 -9999 -9999 -9999 -9999 -9999 -9999 -9999 -9999 -9999 -9999 -9999 9.60 11.98 9.09 6.22 7.36 6.63 7.18 5.84 5.09 5.82 6.53 4.74 9.63 7.90 10.24 8.25 11.98 8.07 9.26 8.02 9.57 8.36 8.37 8.15 7.02 6.71 5.82 5.64 8.03 8.65 8.64 7.89 8.14 8.12 8.27 8.64 10.01 10.16 10.14 11.38 -9999 -9999 -9999 -9999 -9999 -9999 -9999 -9999 -9999 -9999 -9999 -9999 -9999 -9999 -9999 -9999 -9999
-9999 -9999 -9999 -9999 -9999 8.85 7.51 11.82 9.91 10.29 -9999 -9999 -9999 -9999 -9999 -9999 -9999 -9999 -9999 -9999 -9999 -9999 -9999 9.32 7.00 6.31 7.84 5.92 7.66 6.30 5.71 5.40 5.54 4.36 9.10 9.38 10.35 10.17 11.20 11.06 11.14 10.54 10.02 9.99 9.49 7.70 7.12 6.67 5.90 5.56 6.15 9.70 9.08 7.39 7.18 7.48 7.39 7.64 7.96 8.25 8.12 9.18 10.87 12.03 -9999 -9999 -9999 -9999 -9999 -9999 -9999 -9999 -9999 -9999 -9999 -9999 -9999 -9999 -9999
-9999 -9999 -9999 -9999 -9999 9.94 10.23 7.46 8.59 9.85 -9999 -9999 -9999 -9999 -9999 -9999 -9999 -9999 -9999 -9999 -9999 -9999 -9999 -9999 7.80 7.60 6.89 6.26 7.47 7.06 6.96 6.29 6.33 4.61 9.21 8.58 7.85 10.06 9.63 8.89 12.03 12.21 9.75 10.80 9.69 9.00 7.20 6.53 6.18 5.83 5.90 6.75 7.25 6.93 7.14 7.30 7.45 7.45 7.59 7.62 7.70 9.83 10.43 10.71 -9999 -9999 -9999 -9999 -9999 -9999 -9999 -9999 -9999 -9999 -9999 -9999 -9999 -9999 -9999
-9999 -9999 -9999 -9999 -9999 10.55 9.03 9.56 9.53 -9999 -9999 -9999 -9999 -9999 -9999 -9999 -9999 -9999 -9999 -9999 -9999 -9999 -9999 -9999 8.93 8.24 7.52 -9999 8.10 -9999 7.55 6.66 6.08 5.23 5.45 9.15 8.16 8.82 11.65 6.48 7.39 11.70 10.50 10.13 9.69 8.54 7.29 6.78 6.59 6.21 6.09 6.27 7.01 7.91 7.29 7.87 7.37 7.15 8.00 8.82 8.48 7.94 8.00 9.73 11.85 12.98 -9999 -9999 -9999 -9999 -9999 -9999 -9999 -9999 -9999 -9999 -9999 -9999 -9999
-9999 -9999 -9999 -9999 11.30 10.06 9.54 -9999 -9999 -9999 -9999 -9999 -9999 -9999 -9999 -9999 -9999 -9999 -9999 -9999 -9999 -9999 -9999 -9999 10.17 8.94 7.99 -9999 -9999 -9999 7.40 7.67 5.54 6.41 7.30 6.04 5.64 7.04 10.29 10.07 6.52 9.94 11.29 9.42 10.08 9.05 7.99 6.52 6.53 6.31 6.24 6.30 6.53 6.91 7.01 7.36 6.69 7.58 8.52 9.01 9.15 8.93 8.25 8.61 10.26 12.02 -9999 -9999 -9999 -9999 -9999 -9999 -9999 -9999 -9999 -9999 -9999 -9999 -9999
-9999 -9999 -9999 -9999 -9999 -9999 -9999 -9999 -9999 -9999 -9999 -9999 -9999 -9999 -9999 -9999 -9999 -9999 -9999 -9999 -9999 -9999 -9999 -9999 -9999 -9999 -9999 -9999 -9999 8.23 6.38 5.96 7.47 8.38 8.76 8.52 7.11 7.40 9.54 9.34 7.92 6.65 9.29 10.44 9.23 8.51 7.74 7.00 6.71 6.78 6.40 6.28 6.36 6.42 6.40 6.07 7.04 9.50 8.61 9.06 8.39 8.37 7.74 8.72 10.17 -9999 -9999 -9999 -9999 -9999 -9999 -9999 -9999 -9999 -9999 -9999 -9999 -9999 -9999
-9999 -9999 -9999 -9999 -9999 -9999 -9999 -9999 -9999 -9999 -9999 -9999 -9999 -9999 -9999 -9999 -9999 -9999 -9999 -9999 -9999 -9999 -9999 -9999 -9999 -9999 -9999 -9999 -9999 7.57 5.86 6.67 9.06 11.03 9.94 7.73 8.44 6.63 7.02 6.67 7.91 8.32 9.16 9.48 9.06 8.16 7.70 7.32 6.74 6.80 6.31 6.24 6.27 6.38 6.31 5.92 6.62 9.88 9.63 8.44 8.08 7.85 7.67 8.70 10.41 -9999 -9999 -9999 -9999 -9999 -9999 -9999 -9999 -9999 -9999 -9999 -9999 -9999 -9999
-9999 -9999 -9999 -9999 -9999 -9999 -9999 -9999 -9999 -9999 -9999 -9999 -9999 -9999 -9999 -9999 -9999 -9999 -9999 -9999 -9999 -9999 -9999 -9999 -9999 -9999 -9999 -9999 -9999 6.71 5.25 5.53 7.97 9.00 8.61 7.86 7.82 7.41 7.66 6.90 6.98 7.33 6.30 9.37 8.18 8.89 7.92 7.64 6.68 6.36 6.25 6.12 6.16 6.22 6.31 6.22 6.34 8.19 9.19 8.75 8.20 8.05 7.81 8.54 9.98 -9999 -9999 -9999 -9999 -9999 -9999 -9999 -9999 -9999 -9999 -9999 -9999 -9999 -9999
-9999 -9999 -9999 -9999 -9999 -9999 -9999 -9999 -9999 -9999 -9999 -9999 -9999 -9999 -9999 -9999 -9999 -9999 -9999 -9999 -9999 -9999 -9999 -9999 -9999 -9999 -9999 9.55 7.77 5.95 5.01 6.92 8.49 10.63 8.25 9.31 6.16 7.08 7.05 8.23 8.77 8.30 9.46 6.86 7.02 7.05 6.93 6.58 7.08 6.25 6.02 6.15 5.97 6.08 6.33 6.37 6.56 7.11 8.78 8.78 8.33 8.07 7.93 8.11 9.16 10.72 -9999 -9999 -9999 -9999 -9999 -9999 -9999 -9999 -9999 -9999 -9999 -9999 -9999
-9999 -9999 -9999 -9999 -9999 -9999 -9999 -9999 -9999 -9999 -9999 -9999 -9999 -9999 -9999 -9999 -9999 -9999 -9999 -9999 -9999 -9999 -9999 -9999 -9999 -9999 -9999 8.72 6.81 5.80 5.30 5.71 7.99 6.59 6.55 5.36 6.67 8.99 7.49 9.06 8.62 9.41 6.87 9.38 7.64 8.36 7.85 7.74 6.82 6.43 6.05 5.86 5.87 6.04 6.24 6.51 6.66 6.89 7.69 8.95 8.67 8.13 8.04 7.77 8.25 9.88 -9999 -9999 -9999 -9999 -9999 -9999 -9999 -9999 -9999 -9999 -9999 -9999 -9999
-9999 -9999 -9999 -9999 -9999 -9999 -9999 -9999 -9999 -9999 -9999 -9999 -9999 -9999 -9999 -9999 -9999 -9999 -9999 -9999 -9999 -9999 -9999 -9999 -9999 -9999 -9999 8.64 6.64 5.97 5.66 5.91 6.46 6.90 6.31 5.77 7.03 7.38 7.03 8.41 10.06 8.31 7.87 6.72 7.86 6.55 6.89 7.18 7.24 6.53 6.25 5.87 5.86 6.05 6.28 6.55 6.80 6.93 7.40 8.56 9.23 8.40 7.96 7.69 7.56 8.74 10.42 -9999 -9999 -9999 -9999 -9999 -9999 -9999 -9999 -9999 -9999 -9999 -9999
-9999 -9999 -9999 -9999 -9999 -9999 -9999 -9999 -9999 -9999 -9999 -9999 -9999 -9999 -9999 -9999 -9999 -9999 -9999 -9999 -9999 -9999 -9999 -9999 -9999 -9999 -9999 8.42 6.76 6.29 6.24 6.11 6.12 6.27 6.94 7.78 6.12 6.12 7.06 10.12 10.09 10.68 9.39 7.78 7.46 7.76 6.68 6.12 6.78 7.05 6.29 5.94 5.98 6.03 6.34 6.74 7.12 7.27 7.58 8.96 9.95 9.17 8.71 8.33 7.73 7.87 9.30 10.93 -9999 -9999 -9999 -9999 -9999 -9999 -9999 -9999 -9999 -9999 -9999
-9999 -9999 -9999 -9999 -9999 -9999 -9999 -9999 -9999 -9999 -9999 -9999 -9999 -9999 -9999 -9999 -9999 -9999 -9999 -9999 -9999 -9999 -9999 -9999 -9999 -9999 -9999 8.47 6.68 6.24 6.07 5.85 5.61 6.44 6.41 7.05 7.32 8.71 9.79 10.36 8.74 9.92 8.58 8.17 7.00 7.91 7.37 6.67 6.21 6.11 6.21 6.02 6.08 6.28 6.66 7.00 7.43 7.79 8.12 8.69 9.55 9.47 9.03 8.81 8.53 8.14 8.25 9.87 -9999 -9999 -9999 -9999 -9999 -9999 -9999 -9999 -9999 -9999 -9999
-9999 -9999 -9999 -9999 -9999 -9999 -9999 -9999 -9999 -9999 -9999 -9999 -9999 -9999 -9999 -9999 -9999 -9999 -9999 -9999 -9999 -9999 -9999 -9999 -9999 -9999 -9999 -9999 6.75 6.36 6.03 5.55 5.85 7.41 7.63 8.00 7.10 7.00 8.54 8.54 9.94 9.44 7.78 6.39 6.69 6.62 7.36 6.64 6.43 6.84 6.62 6.20 6.40 6.58 6.95 7.16 7.50 7.92 8.35 8.71 8.69 8.95 9.16 9.22 -9999 8.89 9.17 10.06 11.76 -9999 -9999 -9999 -9999 -9999 -9999 -9999 -9999 -9999 -9999
-9999 -9999 -9999 -9999 -9999 -9999 -9999 -9999 -9999 -9999 -9999 -9999 -9999 -9999 -9999 -9999 -9999 -9999 -9999 -9999 -9999 -9999 -9999 -9999 -9999 -9999 -9999 8.24 6.69 6.31 5.77 5.30 5.32 8.27 8.85 7.42 9.26 8.96 7.65 7.67 10.78 9.77 9.99 7.75 6.35 7.57 6.40 5.94 6.45 6.64 6.51 6.70 6.63 6.84 7.06 7.34 7.41 7.60 8.84 8.58 8.15 9.10 8.66 9.01 9.01 -9999 10.02 10.84 12.22 13.27 -9999 -9999 -9999 -9999 -9999 -9999 -9999 -9999 -9999
-9999 -9999 -9999 -9999 -9999 -9999 -9999 -9999 -9999 -9999 -9999 -9999 -9999 -9999 -9999 -9999 -9999 -9999 -9999 -9999 -9999 -9999 -9999 -9999 -9999 -9999 -9999 7.87 6.34 6.06 5.73 6.67 5.93 6.82 9.00 6.92 7.20 7.43 6.05 6.14 9.06 9.15 9.20 6.86 7.95 8.27 6.50 7.10 6.53 7.01 7.07 7.03 6.90 7.05 7.19 7.27 7.22 7.25 7.52 7.93 7.35 7.54 8.10 8.02 8.91 9.38 -9999 -9999 -9999 -9999 -9999 -9999 -9999 -9999 -9999 -9999 -9999 -9999 -9999
-9999 -9999 -9999 -9999 -9999 -9999 -9999 -9999 -9999 -9999 -9999 -9999 -9999 -9999 -9999 -9999 -9999 -9999 -9999 -9999 -9999 -9999 -9999 -9999 -9999 -9999 9.50 7.21 6.00 6.52 6.30 6.42 6.14 6.88 7.11 6.77 6.61 6.26 6.06 6.26 8.19 10.20 10.55 7.73 9.23 8.55 6.59 6.63 5.98 6.60 7.18 7.17 7.02 7.30 7.32 7.29 7.37 7.26 7.48 7.67 7.54 7.38 8.42 8.23 8.30 8.72 9.88 11.11 -9999 -9999 -9999 -9999 -9999 -9999 -9999 -9999 -9999 -9999 -9999
-9999 -9999 -9999 -9999 -9999 -9999 -9999 -9999 -9999 -9999 -9999 -9999 -9999 -9999 -9999 -9999 -9999 -9999 -9999 -9999 -9999 -9999 -9999 -9999 -9999 -9999 -9999 7.32 6.12 6.03 6.41 7.71 6.29 6.19 6.24 6.60 6.82 6.42 6.14 5.91 6.13 8.90 10.16 10.81 8.74 8.82 7.74 6.78 6.91 5.82 6.54 7.67 7.20 7.25 7.22 7.26 7.46 7.38 7.53 7.88 7.67 7.28 7.40 9.13 8.47 8.21 8.66 9.50 10.69 12.10 -9999 -9999 -9999 -9999 -9999 -9999 -9999 -9999 -9999
-9999 -9999 -9999 -9999 -9999 -9999 -9999 -9999 -9999 -9999 -9999 -9999 -9999 -9999 -9999 -9999 -9999 -9999 -9999 -9999 -9999 -9999 -9999 -9999 -9999 -9999 -9999 7.25 6.44 6.01 6.20 6.45 6.57 6.46 6.21 6.38 6.18 6.07 6.03 6.02 6.49 6.21 9.62 11.11 11.13 9.53 8.29 7.35 6.30 6.67 6.72 8.00 7.36 7.35 7.24 7.31 7.38 7.45 7.85 8.03 7.92 7.43 7.67 9.04 8.74 8.92 8.07 8.19 9.13 10.59 -9999 -9999 -9999 -9999 -9999 -9999 -9999 -9999 -9999
-9999 -9999 -9999 -9999 -9999 -9999 -9999 11.93 11.07 11.51 12.60 -9999 -9999 -9999 -9999 -9999 -9999 -9999 -9999 -9999 -9999 -9999 -9999 -9999 -9999 -9999 7.85 6.76 6.76 6.27 6.85 6.67 6.38 6.38 6.45 6.35 6.36 6.27 6.19 6.16 6.04 7.97 9.82 9.69 7.96 10.11 9.39 6.83 6.63 5.51 7.92 8.38 7.52 7.46 7.30 7.35 7.42 7.54 7.94 8.41 8.34 7.74 7.63 7.86 9.09 9.01 9.25 7.96 7.84 9.21 10.96 -9999 -9999 -9999 -9999 -9999 -9999 -9999 -9999
-9999 -9999 -9999 -9999 -9999 -9999 -9999 10.81 9.75 9.76 10.69 -9999 -9999 -9999 -9999 -9999 -9999 -9999 -9999 -9999 -9999 -9999 -9999 -9999 -9999 7.63 7.23 6.59 6.89 7.67 6.79 6.79 6.14 6.20 6.39 6.34 6.53 6.65 6.15 5.92 6.07 7.21 11.03 10.84 7.93 9.00 8.56 8.09 5.99 5.57 7.31 8.12 7.67 7.18 7.13 7.34 7.73 7.81 8.06 8.41 8.77 8.22 7.91 7.74 8.82 8.87 8.86 8.10 7.82 8.31 10.05 -9999 -9999 -9999 -9999 -9999 -9999 -9999 -9999
-9999 -9999 -9999 -9999 -9999 14.07 11.12 9.22 8.96 8.75 9.92 10.15 11.48 12.47 -9999 -9999 11.60 9.97 -9999 -9999 -9999 7.42 8.22 7.97 -9999 6.09 7.13 6.75 6.70 7.11 6.73 6.93 6.81 7.15 6.87 6.94 6.42 6.70 6.24 6.41 8.93 7.14 8.37 9.84 6.16 7.17 10.49 6.78 7.71 6.40 7.27 7.69 7.44 7.33 7.34 7.46 7.79 7.76 8.19 8.36 8.95 8.34 7.94 7.77 7.95 8.40 9.11 8.77 7.87 7.78 9.19 11.11 -9999 -9999 -9999 -9999 -9999 -9999 -9999
-9999 -9999 -9999 -9999 -9999 -9999 11.59 9.78 8.79 8.24 8.55 9.76 11.32 10.37 -9999 10.16 9.35 9.36 8.19 8.48 6.02 4.96 7.45 7.90 7.43 -9999 5.78 6.95 6.96 6.56 6.55 7.11 6.67 6.46 6.48 6.47 6.65 6.41 6.55 6.55 9.05 9.49 8.98 9.11 8.18 9.16 9.44 8.34 6.61 6.35 7.86 8.00 7.15 7.57 7.37 7.80 7.93 7.77 8.06 8.29 9.01 8.40 7.89 7.70 7.48 7.97 8.55 9.05 8.34 7.74 8.43 10.27 -9999 -9999 -9999 -9999 -9999 -9999 -9999
