ML/MeanWindSpeed_1991-03_Actual.txt
ncols         180
nrows         290
xllcorner     -200000
yllcorner     -200000
cellsize      5000
NODATA_value  -9999
[rows 175 to 209 of 290, columns 79 to 157 of 180]
-9999 -9999 -9999 -9999 -9999 -9999 -9999 9.55 9.00 8.36 8.02 7.79 5.92 5.32 10.38 14.46 7.32 9.83 10.37 10.29 8.95 6.68 6.62 8.59 10.37 8.88 7.39 7.61 8.14 7.56 7.76 8.75 8.23 7.83 7.42 7.39 7.26 6.74 6.16 6.03 9.72 10.67 9.50 9.90 8.39 8.06 9.42 9.48 7.95 7.71 8.67 8.26 7.87 8.26 8.05 8.79 8.37 8.29 8.14 8.17 9.21 8.58 8.35 8.28 8.02 8.34 8.79 8.91 9.17 9.45 8.64 9.71 10.99 -9999 -9999 -9999 -9999 -9999 -9999
-9999 -9999 -9999 -9999 -9999 -9999 -9999 -9999 10.31 8.54 7.29 5.65 4.07 6.04 16.48 11.59 5.59 9.79 7.65 10.43 10.53 7.57 5.79 10.29 9.20 9.70 8.65 7.54 7.55 7.42 7.00 7.95 8.33 8.04 7.68 7.31 7.28 6.77 6.12 7.11 8.28 11.04 9.82 10.62 9.73 6.89 8.81 10.14 8.01 8.07 8.66 8.19 8.04 8.12 8.13 8.88 8.34 8.26 8.42 8.41 9.18 9.11 8.65 8.42 8.20 8.24 8.73 9.60 8.97 8.56 8.58 9.46 10.80 -9999 -9999 -9999 -9999 -9999 -9999
-9999 -9999 -9999 -9999 -9999 -9999 -9999 -9999 -9999 8.44 6.29 5.55 6.13 13.45 16.35 11.56 8.01 7.83 8.84 10.45 11.23 10.63 7.25 6.90 10.90 9.45 8.83 8.23 7.51 7.31 7.41 7.71 8.05 7.73 7.36 7.39 7.18 6.87 6.85 7.25 8.92 9.92 8.53 8.96 9.99 8.54 7.14 10.02 8.11 8.10 8.62 8.15 8.11 8.03 8.45 8.89 8.42 8.36 8.38 8.27 9.52 9.18 8.78 8.58 8.45 8.64 8.66 8.75 8.53 8.45 8.64 9.73 10.94 -9999 -9999 -9999 -9999 -9999 -9999
-9999 -9999 -9999 -9999 -9999 -9999 -9999 -9999 -9999 7.77 6.31 7.25 8.88 11.14 14.48 9.12 5.97 7.34 9.38 10.10 11.41 10.48 7.64 5.97 10.80 10.97 9.41 8.76 7.42 7.10 7.44 8.25 8.08 7.79 7.53 7.04 6.69 6.98 8.28 8.01 7.02 10.34 8.60 8.95 10.18 10.10 8.81 8.35 7.83 7.11 8.20 8.75 8.14 8.09 8.02 8.41 8.24 8.52 8.32 8.26 8.80 9.22 8.91 8.87 8.70 8.70 8.61 8.47 8.42 8.70 9.35 10.36 -9999 -9999 -9999 -9999 -9999 -9999 -9999
-9999 -9999 -9999 -9999 -9999 -9999 -9999 -9999 -9999 7.03 6.71 7.74 7.75 11.34 10.85 8.24 8.25 6.80 7.97 10.23 9.92 11.65 9.22 6.36 9.86 11.18 10.88 8.68 7.72 6.93 7.64 8.59 8.45 7.83 7.35 6.96 7.10 8.02 8.30 7.17 7.02 9.21 9.10 8.84 8.90 8.61 8.77 9.30 7.13 7.72 8.05 7.92 8.24 8.02 8.57 8.00 8.16 8.34 8.19 8.37 9.76 9.27 8.93 8.80 8.78 8.69 8.58 8.48 8.56 9.27 10.23 -9999 -9999 -9999 -9999 -9999 -9999 -9999 -9999
-9999 -9999 -9999 -9999 -9999 -9999 -9999 -9999 8.44 12.74 8.37 9.21 9.90 7.08 13.43 11.53 10.27 9.19 11.12 9.53 10.35 9.29 7.77 8.33 11.43 11.16 10.80 8.63 7.57 6.91 8.02 8.34 8.07 7.73 7.15 7.10 8.11 7.79 7.48 8.17 8.65 7.50 10.50 9.81 8.06 8.65 8.28 7.84 7.76 7.29 7.39 7.60 8.35 8.04 7.66 8.55 8.06 8.13 8.24 8.64 9.82 9.27 8.91 8.87 8.69 8.65 8.46 8.41 9.03 9.95 -9999 -9999 -9999 -9999 -9999 -9999 -9999 11.06 -9999
-9999 -9999 -9999 -9999 -9999 -9999 9.85 9.29 11.61 10.27 9.01 9.48 9.86 6.71 7.18 8.43 10.78 10.46 11.57 11.07 11.10 7.14 8.84 8.97 7.91 8.94 8.60 8.75 7.86 7.26 7.95 8.28 8.15 7.52 7.45 8.27 7.91 8.09 7.48 8.56 9.02 8.91 8.27 7.68 8.71 8.53 8.18 8.10 8.05 7.93 7.19 7.86 7.82 7.41 7.54 7.78 7.94 8.12 8.07 8.66 9.75 9.23 8.77 8.76 8.55 8.47 8.35 8.60 9.39 -9999 -9999 -9999 -9999 -9999 10.82 10.67 10.38 9.84 9.76
-9999 -9999 -9999 -9999 -9999 10.56 10.31 10.22 10.43 10.26 10.22 9.17 7.38 6.37 7.01 8.04 10.09 14.81 9.61 8.25 7.43 5.35 9.88 11.15 11.33 9.66 8.67 8.65 8.26 7.86 8.06 8.49 8.07 7.64 7.63 8.25 8.57 7.55 7.44 8.71 8.92 8.65 8.28 8.35 8.50 7.85 8.19 7.54 7.59 8.05 7.70 7.37 7.08 7.33 7.82 7.59 7.68 7.82 7.96 8.46 9.76 9.36 8.75 8.51 8.36 8.33 8.30 8.56 9.21 -9999 -9999 -9999 -9999 -9999 9.87 9.50 9.33 8.94 8.74
-9999 -9999 -9999 -9999 10.95 11.53 11.10 11.01 -9999 -9999 -9999 -9999 7.22 11.01 9.21 9.02 11.20 9.80 7.94 9.45 8.51 7.67 14.16 12.83 11.41 11.99 9.73 8.16 8.35 8.31 7.96 8.06 7.91 7.50 7.89 7.80 8.78 7.84 7.65 8.06 8.50 8.63 8.51 7.88 7.93 7.88 7.87 7.64 7.51 7.33 7.20 7.04 7.23 7.69 7.46 7.22 7.63 8.04 8.21 8.41 9.16 9.12 8.93 8.32 8.23 8.20 8.15 8.27 8.81 9.77 -9999 -9999 -9999 -9999 9.22 8.83 8.78 8.70 8.50
-9999 -9999 -9999 -9999 12.13 13.14 11.16 11.42 -9999 -9999 -9999 -9999 7.16 9.66 10.49 7.19 10.48 9.67 8.77 10.88 12.24 10.46 13.50 9.26 10.13 10.26 9.25 8.20 8.10 8.20 8.01 8.18 8.47 7.70 8.07 8.02 8.22 8.57 7.88 8.03 7.61 8.12 8.67 8.96 8.90 7.83 7.48 7.44 7.42 7.68 7.20 7.17 7.47 7.61 7.85 7.27 8.46 8.57 8.81 8.39 8.79 8.83 8.68 8.13 8.16 8.15 8.07 8.09 8.22 8.84 9.43 -9999 -9999 9.57 9.16 8.91 9.09 8.77 8.48
-9999 -9999 -9999 -9999 -9999 -9999 -9999 -9999 -9999 -9999 -9999 -9999 8.05 11.56 10.10 7.01 8.38 7.32 11.72 11.66 8.98 11.57 11.54 10.53 10.95 9.54 8.69 7.93 8.39 8.16 8.36 8.19 7.89 7.83 7.76 7.69 7.96 8.37 7.88 7.75 7.95 8.13 7.87 8.44 8.50 7.10 7.95 8.65 7.96 8.02 7.70 6.89 7.40 8.00 8.51 8.23 7.88 8.25 8.84 8.59 8.90 8.74 8.57 7.98 8.07 8.11 8.11 8.05 7.91 8.09 8.51 9.08 9.33 9.05 8.95 8.44 9.08 9.07 9.02
-9999 -9999 -9999 -9999 -9999 -9999 -9999 -9999 -9999 -9999 -9999 -9999 -9999 11.55 6.09 5.82 8.38 11.18 10.69 12.26 11.92 9.40 10.38 11.34 9.06 8.69 8.03 7.85 7.85 8.14 8.19 8.19 7.96 7.71 7.59 7.79 7.74 8.16 7.81 7.51 9.10 8.72 7.89 7.76 7.59 7.47 7.34 8.05 8.20 8.04 8.83 7.58 7.34 7.79 7.50 7.71 7.81 7.79 8.73 8.82 8.68 8.39 8.49 7.93 8.00 8.04 8.04 8.06 8.06 8.10 8.13 8.43 8.66 8.72 8.55 8.54 9.23 9.19 8.96
-9999 -9999 -9999 -9999 -9999 -9999 -9999 -9999 -9999 -9999 -9999 -9999 -9999 8.13 11.01 11.66 10.30 9.10 8.99 11.08 9.85 9.96 8.90 8.64 9.78 7.91 7.80 8.93 8.55 8.37 8.09 7.54 7.41 7.79 7.72 8.45 8.42 8.24 7.67 7.24 8.75 9.48 8.60 7.81 7.44 7.53 7.47 7.35 7.51 8.23 9.91 8.94 7.57 7.19 7.33 8.02 8.76 8.80 8.58 9.01 8.77 8.43 8.14 7.92 7.97 8.00 8.11 8.14 8.17 8.23 8.31 8.42 8.57 8.79 8.67 8.45 9.01 9.05 9.41
-9999 -9999 -9999 -9999 -9999 -9999 -9999 -9999 -9999 -9999 -9999 -9999 9.58 9.37 8.08 13.58 9.59 7.95 9.84 9.98 9.29 11.29 8.97 8.69 9.91 7.32 11.50 9.39 8.17 8.34 9.02 7.68 7.29 9.29 9.21 8.55 7.78 8.06 7.86 7.55 8.15 8.68 8.50 7.97 7.65 7.49 7.53 7.71 7.56 8.53 8.64 8.18 7.59 7.19 7.55 8.24 9.02 9.06 8.45 8.61 8.56 8.36 8.10 7.93 7.93 8.02 8.14 8.20 8.21 8.29 8.39 8.36 8.47 8.94 8.86 8.58 8.78 9.02 8.66
-9999 -9999 -9999 -9999 -9999 -9999 -9999 -9999 -9999 -9999 -9999 -9999 8.91 9.80 13.72 9.60 6.49 7.71 7.74 9.11 11.22 11.12 9.40 9.20 8.89 7.44 7.79 8.45 9.61 9.51 8.18 8.01 7.90 8.42 8.89 7.87 7.65 8.06 7.90 8.19 8.50 8.27 8.44 8.18 7.80 7.66 7.56 7.56 7.66 8.39 8.68 8.16 7.24 7.30 8.11 9.01 8.69 9.17 9.08 8.62 8.21 8.65 8.07 8.18 8.00 8.08 8.10 8.18 8.24 8.27 8.32 8.34 8.43 9.08 8.92 8.55 8.62 8.96 8.80
-9999 -9999 -9999 -9999 -9999 -9999 -9999 -9999 -9999 -9999 -9999 -9999 10.21 11.53 7.03 7.88 6.95 7.91 8.15 11.67 10.73 11.93 10.05 9.39 7.90 6.55 6.87 9.07 10.70 11.59 8.25 9.22 8.55 8.96 8.80 7.54 7.57 7.74 7.97 8.28 7.93 8.07 8.99 8.43 7.66 7.68 8.49 7.49 7.83 8.21 8.14 7.68 7.34 7.71 8.15 8.49 8.66 8.65 8.13 8.07 8.42 8.52 7.84 7.84 8.01 8.05 8.13 8.13 8.11 8.20 8.27 8.33 8.43 8.67 8.55 8.61 8.49 8.74 8.66
-9999 -9999 -9999 -9999 -9999 -9999 -9999 -9999 -9999 -9999 -9999 -9999 -9999 7.11 7.80 8.97 10.64 11.54 10.45 10.98 9.81 8.04 7.87 7.27 7.86 7.78 7.02 7.92 8.64 10.92 9.22 8.36 8.43 9.63 9.23 7.65 8.15 7.38 7.55 9.20 8.12 8.03 8.02 8.10 7.41 7.47 8.67 8.18 7.76 8.16 7.86 7.61 7.80 8.43 8.23 8.19 7.94 8.32 7.79 8.60 8.59 7.89 7.81 8.23 8.16 7.99 8.03 8.01 8.05 8.14 8.21 8.28 8.31 8.32 8.33 8.43 8.36 8.31 8.42
-9999 -9999 -9999 -9999 -9999 -9999 -9999 -9999 -9999 -9999 -9999 -9999 -9999 7.85 8.12 8.91 10.87 13.25 12.60 10.02 8.03 7.01 7.92 9.23 10.64 11.98 9.73 8.24 8.84 9.65 8.79 7.36 9.92 9.60 9.24 8.19 8.71 7.71 7.38 7.98 9.03 8.73 8.24 7.78 7.34 7.62 8.38 8.12 7.81 7.84 8.06 8.13 8.32 8.75 8.26 7.98 8.74 8.77 8.70 8.58 8.65 7.95 8.28 8.68 8.04 7.96 7.99 7.99 8.06 8.09 8.13 8.18 8.20 8.21 8.11 7.97 7.84 7.76 7.95
-9999 -9999 -9999 -9999 -9999 -9999 -9999 -9999 -9999 -9999 -9999 -9999 9.25 7.39 7.66 9.35 10.72 10.65 10.44 8.44 8.81 11.90 9.96 10.21 10.40 9.25 8.74 9.29 9.72 8.59 7.56 8.00 9.70 9.77 9.21 8.19 8.87 7.45 7.27 8.41 8.17 8.44 8.47 7.90 7.41 7.66 8.40 8.23 7.66 7.83 7.82 7.72 8.27 8.12 8.81 8.40 8.92 8.49 8.74 8.86 8.23 8.10 8.76 8.70 8.02 7.97 8.18 8.02 8.10 8.10 8.19 8.17 8.11 8.04 7.80 7.94 8.12 8.10 7.63
-9999 -9999 -9999 -9999 -9999 -9999 -9999 -9999 -9999 -9999 -9999 -9999 10.93 8.96 7.70 7.37 9.26 12.14 11.65 10.26 9.00 9.53 10.54 11.53 11.71 9.15 10.72 11.42 8.77 10.25 7.18 7.67 9.37 10.72 8.57 8.90 7.91 7.03 7.05 7.68 9.68 8.65 8.61 8.21 7.92 8.04 8.29 8.05 7.66 7.75 7.69 7.56 7.52 8.48 8.84 8.84 9.37 8.77 8.55 8.59 8.35 8.66 9.02 8.77 8.34 8.52 8.38 8.50 8.20 8.18 8.32 8.31 8.07 7.88 7.63 7.54 8.08 8.08 8.08
-9999 -9999 -9999 -9999 -9999 -9999 -9999 -9999 -9999 -9999 -9999 -9999 9.81 8.63 5.91 6.61 8.92 12.18 11.11 11.06 9.27 10.59 10.09 9.27 9.99 10.41 10.41 9.33 8.40 8.91 10.45 8.13 8.41 8.47 8.66 9.67 8.51 7.28 7.22 7.78 8.18 8.12 8.75 8.42 8.21 8.38 7.93 7.52 7.83 7.94 7.96 7.53 7.98 8.95 8.95 8.38 8.66 9.33 8.73 9.00 8.46 9.15 9.31 8.74 8.56 8.62 8.21 8.29 8.18 8.17 8.19 8.06 7.93 7.84 7.66 7.80 7.45 7.65 7.77
-9999 -9999 -9999 -9999 -9999 -9999 -9999 -9999 -9999 -9999 -9999 9.15 9.82 10.68 8.11 6.53 9.45 10.83 12.57 12.33 8.84 9.04 8.07 9.16 10.55 9.34 9.31 10.57 9.50 9.11 8.78 8.17 7.80 7.96 8.68 8.73 8.38 8.02 7.52 7.42 8.01 8.30 7.89 8.18 8.10 8.51 7.91 7.79 7.85 7.48 7.38 7.66 8.51 8.57 8.62 8.19 8.90 9.12 8.91 8.47 9.13 9.25 9.36 9.38 8.97 8.60 8.42 8.24 8.23 8.21 8.06 7.90 7.71 7.58 7.60 7.81 7.74 7.72 7.84
-9999 -9999 -9999 -9999 -9999 -9999 -9999 -9999 -9999 -9999 10.11 9.92 10.31 8.43 6.67 8.59 10.92 11.77 10.85 12.20 9.40 9.93 8.38 8.38 13.12 10.00 10.48 9.14 9.31 8.29 7.90 8.06 8.86 8.36 9.77 8.71 8.83 7.77 7.54 7.57 7.89 8.23 7.93 8.03 8.33 8.38 7.43 7.75 7.63 7.61 7.72 8.09 8.62 8.25 8.80 8.49 8.78 8.33 8.32 9.19 9.52 9.27 9.44 9.24 8.54 8.71 8.66 8.58 8.46 8.17 7.88 7.56 7.58 7.50 7.87 8.06 8.20 8.16 7.72
-9999 -9999 -9999 -9999 -9999 -9999 -9999 -9999 11.19 10.14 9.27 8.14 7.58 7.23 7.21 9.40 10.52 12.01 13.45 12.27 10.38 7.55 9.05 8.96 12.01 10.19 9.66 9.73 8.76 8.38 7.37 8.00 9.41 9.20 9.45 8.15 8.17 7.86 7.81 8.13 7.98 8.32 7.82 7.94 8.14 7.55 7.35 7.53 7.99 7.74 8.31 8.91 8.72 8.46 8.17 8.02 8.60 9.02 8.95 9.29 8.74 9.32 9.46 8.91 8.27 8.22 8.77 8.64 8.58 7.95 7.61 7.27 7.37 8.02 8.23 8.07 8.63 8.41 8.27
-9999 -9999 -9999 -9999 11.44 10.36 9.08 10.97 10.94 11.11 11.09 9.15 8.11 7.29 10.65 9.68 11.42 12.15 12.16 10.08 8.88 7.11 7.91 8.16 13.03 12.09 10.50 8.88 9.05 8.56 9.43 7.59 8.93 9.34 9.19 8.80 8.13 7.68 8.28 7.88 7.64 8.51 7.83 7.79 7.47 7.53 7.71 8.07 7.56 8.05 7.81 8.21 8.95 8.89 8.69 8.50 8.94 9.05 8.94 8.87 9.45 8.85 8.79 8.54 8.16 8.58 8.76 8.76 8.22 7.70 7.53 7.49 8.20 8.31 8.02 8.53 8.01 8.21 8.49
-9999 -9999 -9999 12.10 10.34 10.35 9.50 8.98 10.24 10.01 10.20 8.61 7.39 9.52 10.26 10.64 8.73 12.61 9.93 8.25 11.52 9.19 6.99 12.19 11.35 10.83 8.08 7.80 8.29 10.47 8.41 7.96 7.95 8.06 9.25 9.22 9.01 8.00 8.09 7.68 7.69 8.26 7.88 7.60 7.52 7.58 7.83 7.76 9.08 7.80 7.63 8.06 8.70 8.37 8.37 8.15 8.38 8.74 8.70 9.35 9.01 8.63 8.66 8.69 8.25 8.41 8.44 8.06 7.84 7.65 7.56 7.58 7.95 8.52 8.48 8.55 8.27 8.18 8.28
-9999 -9999 11.99 11.59 9.39 8.93 8.89 9.51 9.13 9.30 8.53 9.00 11.82 9.80 9.19 11.37 7.53 9.26 8.97 11.14 10.89 11.55 10.22 10.14 9.19 7.67 10.99 10.63 8.25 8.62 8.26 7.93 8.28 7.75 7.96 9.38 9.50 7.77 7.42 7.57 7.94 7.42 7.02 7.41 9.11 7.60 7.39 7.98 8.61 8.06 7.71 8.19 8.61 8.65 9.06 8.68 8.24 8.17 8.21 9.00 8.76 8.37 8.94 8.77 8.24 8.22 8.08 7.82 7.90 7.90 7.82 7.93 8.04 8.55 8.09 7.99 8.20 7.88 8.03
10.47 11.54 9.74 9.62 10.05 9.16 8.85 10.28 9.26 8.98 9.15 11.27 10.83 9.72 10.71 9.96 8.15 8.06 10.44 10.75 9.80 10.36 11.49 8.48 6.24 10.52 11.89 10.06 10.04 8.41 8.55 7.85 8.21 9.43 8.17 9.84 8.58 7.65 7.25 7.54 8.49 6.63 6.95 9.86 8.12 7.54 7.55 8.20 8.93 7.95 7.93 8.23 8.09 8.53 8.57 8.22 8.04 8.24 7.99 8.33 8.62 8.64 8.37 8.07 7.74 7.55 7.82 8.72 8.30 8.92 8.43 7.73 8.54 8.33 8.38 8.11 8.00 8.10 7.95
8.77 10.75 12.94 12.15 11.74 9.36 10.15 11.38 10.34 9.93 11.50 10.45 10.13 11.82 9.61 7.54 7.99 8.51 10.50 10.56 10.36 10.02 8.77 6.39 8.00 15.20 12.85 10.34 8.49 8.89 8.55 9.47 8.46 8.89 8.33 8.36 8.24 8.04 7.39 7.13 6.87 6.30 8.92 9.57 8.87 7.74 7.49 9.51 8.65 8.06 8.14 7.94 8.48 8.46 8.21 7.67 8.44 8.11 7.66 8.84 8.75 8.03 7.93 7.76 7.46 7.70 8.39 8.69 8.63 9.02 8.49 8.22 8.67 8.40 7.90 8.08 8.01 8.18 8.20
9.01 10.01 10.51 10.16 9.19 10.45 9.69 11.07 8.78 9.66 11.41 10.99 9.90 10.32 7.50 6.69 9.46 10.46 9.80 8.99 10.50 8.35 6.88 5.82 9.60 12.81 13.61 8.87 9.14 9.38 9.65 8.91 7.97 9.13 8.72 8.52 8.04 8.03 6.79 6.34 6.99 6.96 9.00 9.06 8.46 7.46 8.08 9.33 9.00 8.61 8.24 8.41 8.34 8.09 7.78 7.71 8.08 8.32 8.01 7.92 7.87 7.66 8.43 8.76 7.63 7.83 8.43 8.69 8.45 8.82 8.75 8.75 8.73 7.98 7.97 7.86 7.91 7.73 8.02
9.31 9.84 9.69 10.11 9.73 9.78 10.56 9.68 10.14 9.25 9.12 8.96 8.24 7.33 8.25 7.11 10.01 14.52 8.53 8.55 9.42 12.94 12.40 6.65 6.69 14.39 11.66 9.84 10.15 10.97 9.55 7.94 7.41 9.32 9.60 8.51 7.88 7.46 6.59 6.28 7.19 9.07 9.45 8.66 8.32 7.92 7.86 8.03 8.82 8.35 8.26 8.14 7.88 7.64 7.59 8.19 8.07 7.98 7.92 7.26 7.40 8.00 7.95 8.43 7.97 7.95 8.03 8.26 8.68 8.84 8.83 8.85 8.88 7.91 7.59 7.88 7.85 7.51 7.82
9.20 9.83 9.20 9.62 9.82 9.86 9.14 9.03 9.51 8.86 9.80 8.85 9.66 6.97 8.89 10.28 10.46 11.30 11.63 9.62 11.28 13.06 9.74 11.28 10.44 7.65 11.37 11.01 8.54 8.87 7.71 8.58 8.47 10.96 10.32 8.40 7.63 6.76 6.36 7.17 9.27 8.45 9.68 8.58 8.34 8.78 8.05 8.99 8.10 8.28 8.01 7.77 7.67 7.79 7.81 7.88 7.68 7.57 7.21 7.23 8.01 8.64 8.29 7.80 8.21 7.85 8.54 8.06 8.08 8.29 8.48 8.63 8.65 8.24 7.53 7.81 7.78 7.61 7.96
9.26 8.78 9.77 10.67 12.14 11.33 10.11 9.33 8.62 8.70 10.71 8.72 9.13 7.16 8.85 9.27 8.74 8.04 9.73 9.06 10.52 10.53 12.10 10.82 11.81 11.49 14.40 9.93 8.85 8.24 8.82 8.31 10.29 10.29 10.40 7.83 7.09 6.31 8.78 9.44 9.33 9.70 8.44 8.71 8.80 8.61 8.05 8.10 8.14 7.93 7.77 7.73 7.67 8.10 8.18 8.31 7.77 7.16 7.10 7.62 8.91 7.86 8.18 8.17 7.81 7.73 7.88 7.67 7.76 8.18 8.02 8.36 8.36 8.10 7.93 7.90 7.55 7.41 8.20
9.67 9.19 9.38 10.73 11.17 11.76 11.01 10.19 9.37 8.83 9.26 10.72 7.85 10.82 10.30 10.28 11.09 9.97 8.43 8.61 9.76 8.94 10.29 9.91 9.13 13.09 13.10 8.84 9.03 7.40 7.98 9.34 10.11 9.87 9.18 7.62 6.87 7.86 7.60 9.10 9.09 8.67 8.82 8.59 8.36 8.34 7.81 7.58 7.54 7.52 8.57 7.82 8.39 7.97 7.87 7.34 6.98 7.03 7.78 8.68 8.45 8.21 8.28 7.97 7.59 7.67 8.04 8.22 7.26 7.95 8.57 8.13 7.97 8.14 7.47 7.63 8.25 7.84 7.65
10.15 10.48 11.26 12.27 -9999 -9999 -9999 -9999 10.60 10.26 10.91 8.98 8.11 9.15 9.23 8.76 8.06 5.62 12.25 12.99 9.40 8.45 8.77 9.85 10.72 12.61 10.49 8.97 7.79 7.10 10.23 9.64 10.87 8.78 8.21 7.52 7.29 8.81 7.89 9.23 9.18 8.58 8.59 8.37 8.13 7.78 7.54 7.40 7.40 7.52 8.45 8.06 8.36 8.32 7.80 7.32 7.04 8.13 8.12 8.41 8.57 8.62 7.55 7.25 7.01 7.82 8.19 7.80 6.98 7.65 8.19 8.04 7.79 8.23 7.82 7.69 8.04 8.09 7.77
