ML/MeanWindSpeed_1998-07_Actual.txt
ncols         180
nrows         290
xllcorner     -200000
yllcorner     -200000
cellsize      5000
NODATA_value  -9999
[rows 175 to 209 of 290, columns 79 to 157 of 180]
-9999 -9999 -9999 -9999 -9999 -9999 -9999 11.25 10.78 10.34 10.24 10.40 9.27 8.75 13.01 17.18 10.48 11.51 10.44 9.64 8.33 6.58 6.92 8.67 10.16 9.14 8.04 8.46 9.09 8.53 8.58 9.22 8.45 7.89 7.35 7.17 6.96 6.48 6.03 5.85 9.17 9.80 8.78 9.23 7.94 7.77 8.91 8.88 7.62 7.43 8.19 7.82 7.53 7.95 7.75 8.41 8.04 7.91 7.68 7.63 8.42 7.76 7.74 7.88 7.83 8.25 8.70 8.86 9.16 9.50 8.79 9.82 11.04 -9999 -9999 -9999 -9999 -9999 -9999
-9999 -9999 -9999 -9999 -9999 -9999 -9999 -9999 12.00 10.58 9.75 8.86 8.33 10.19 19.89 15.55 9.87 12.39 8.37 9.87 9.60 7.12 6.01 10.48 9.26 9.77 9.04 8.31 8.50 8.43 7.89 8.45 8.62 8.19 7.72 7.23 7.12 6.57 5.96 6.99 8.02 10.35 9.12 9.89 9.15 6.52 8.30 9.57 7.67 7.68 8.06 7.58 7.54 7.75 7.80 8.53 8.03 7.86 7.85 7.61 8.05 7.99 7.86 7.97 8.02 8.21 8.73 9.60 9.03 8.68 8.75 9.60 10.86 -9999 -9999 -9999 -9999 -9999 -9999
-9999 -9999 -9999 -9999 -9999 -9999 -9999 -9999 -9999 10.65 9.13 9.25 10.69 17.89 20.34 15.86 12.70 11.57 10.70 10.74 10.72 10.17 7.49 7.31 10.92 9.33 9.01 8.89 8.41 8.27 8.17 8.14 8.34 7.95 7.52 7.43 7.17 6.77 6.72 7.18 8.67 9.38 8.01 8.43 9.52 8.13 6.71 9.47 7.73 7.64 7.97 7.46 7.53 7.57 8.08 8.61 8.20 8.03 7.91 7.49 8.34 8.08 8.11 8.27 8.34 8.62 8.68 8.80 8.62 8.58 8.79 9.83 10.97 -9999 -9999 -9999 -9999 -9999 -9999
-9999 -9999 -9999 -9999 -9999 -9999 -9999 -9999 -9999 10.09 9.41 11.18 13.59 15.89 18.57 13.56 10.67 11.39 11.93 11.30 11.68 10.51 8.11 6.50 10.87 10.77 9.55 9.38 8.34 8.07 8.17 8.68 8.37 8.03 7.71 7.17 6.79 6.94 8.15 7.86 6.86 9.90 8.22 8.65 9.86 9.65 8.34 7.85 7.38 6.61 7.54 7.99 7.44 7.51 7.65 8.20 8.14 8.39 8.21 8.04 8.46 9.07 8.93 8.93 8.78 8.77 8.69 8.57 8.53 8.81 9.42 10.39 -9999 -9999 -9999 -9999 -9999 -9999 -9999
-9999 -9999 -9999 -9999 -9999 -9999 -9999 -9999 -9999 9.62 10.11 11.76 12.56 16.38 15.60 12.79 12.46 10.51 10.64 11.71 10.59 12.00 9.60 6.76 10.02 11.21 11.12 9.30 8.58 7.84 8.32 8.98 8.70 8.04 7.50 7.03 7.10 7.92 8.17 7.04 6.90 8.94 8.83 8.66 8.68 8.27 8.31 8.75 6.61 7.08 7.33 7.17 7.49 7.37 8.14 7.85 8.20 8.49 8.53 8.91 10.42 10.04 9.60 9.25 9.07 8.89 8.72 8.60 8.65 9.31 10.20 -9999 -9999 -9999 -9999 -9999 -9999 -9999 -9999
-9999 -9999 -9999 -9999 -9999 -9999 -9999 -9999 10.63 15.28 11.46 12.80 14.32 11.93 18.01 15.94 14.09 12.31 13.44 11.03 10.95 9.54 7.62 8.11 11.15 10.90 10.93 9.15 8.25 7.65 8.61 8.75 8.38 7.98 7.33 7.09 7.94 7.70 7.40 7.94 8.41 7.30 10.20 9.60 7.87 8.35 7.88 7.36 7.20 6.63 6.70 6.89 7.58 7.36 7.25 8.44 8.23 8.48 8.79 9.30 10.47 10.03 9.68 9.48 9.13 8.93 8.63 8.52 9.05 9.89 -9999 -9999 -9999 -9999 -9999 -9999 -9999 11.30 -9999
-9999 -9999 -9999 -9999 -9999 -9999 11.11 10.92 13.43 12.46 11.45 12.14 12.93 10.09 10.95 12.34 13.86 12.83 13.33 11.71 10.89 6.71 7.94 8.21 7.43 8.51 8.61 9.15 8.44 7.91 8.56 8.78 8.58 7.91 7.68 8.21 7.76 8.01 7.44 8.32 8.69 8.58 8.05 7.54 8.54 8.27 7.85 7.67 7.51 7.27 6.53 7.12 7.04 6.72 7.15 7.79 8.18 8.52 8.63 9.26 10.33 9.89 9.46 9.39 9.04 8.79 8.52 8.64 9.31 -9999 -9999 -9999 -9999 -9999 10.88 10.73 10.51 10.15 10.25
-9999 -9999 -9999 -9999 -9999 11.46 11.39 11.51 11.96 11.96 11.96 11.21 9.65 8.41 9.41 10.86 12.09 15.82 10.15 7.84 6.59 4.51 8.85 10.30 10.64 9.20 8.68 9.07 8.84 8.52 8.74 9.10 8.65 8.21 8.01 8.30 8.46 7.48 7.42 8.54 8.65 8.36 8.00 8.05 8.25 7.61 7.86 7.12 7.04 7.35 6.96 6.63 6.37 6.69 7.53 7.71 8.05 8.38 8.65 9.13 10.35 9.98 9.41 9.16 8.89 8.66 8.44 8.57 9.11 -9999 -9999 -9999 -9999 -9999 10.04 9.69 9.56 9.31 9.29
-9999 -9999 -9999 -9999 11.82 12.40 12.02 12.09 -9999 -9999 -9999 -9999 9.33 12.31 10.89 11.13 12.52 10.13 7.51 8.28 7.08 6.21 12.48 11.57 10.53 11.40 9.74 8.60 8.93 8.99 8.71 8.79 8.67 8.27 8.44 8.03 8.74 7.75 7.59 7.94 8.28 8.39 8.27 7.63 7.67 7.62 7.50 7.08 6.86 6.65 6.54 6.47 6.69 7.23 7.45 7.70 8.44 9.05 9.29 9.43 10.06 9.92 9.69 9.06 8.81 8.56 8.30 8.28 8.73 9.61 -9999 -9999 -9999 -9999 9.42 9.09 8.99 8.99 8.96
-9999 -9999 -9999 -9999 12.83 13.84 11.99 12.39 -9999 -9999 -9999 -9999 9.38 11.32 12.16 8.89 11.39 9.70 8.02 9.11 10.00 8.25 11.19 7.51 8.89 9.55 9.15 8.55 8.74 8.97 8.85 8.98 9.25 8.50 8.73 8.37 8.31 8.50 7.80 7.91 7.41 7.88 8.51 8.77 8.69 7.63 7.17 6.96 6.83 7.01 6.57 6.76 7.26 7.62 8.31 8.23 9.76 10.10 10.41 9.95 10.20 10.01 9.69 9.02 8.83 8.57 8.27 8.13 8.19 8.77 9.33 -9999 -9999 9.67 9.37 9.18 9.29 9.02 8.81
-9999 -9999 -9999 -9999 -9999 -9999 -9999 -9999 -9999 -9999 -9999 -9999 10.10 12.82 11.16 8.17 9.06 7.31 10.54 9.42 6.64 9.14 9.17 8.43 9.26 8.59 8.32 8.02 8.93 8.91 9.16 8.99 8.67 8.48 8.30 8.05 8.13 8.37 7.88 7.68 7.71 7.80 7.68 8.30 8.38 7.06 7.77 8.31 7.52 7.41 7.11 6.65 7.51 8.39 9.25 9.37 9.42 10.07 10.77 10.51 10.67 10.22 9.80 9.02 8.86 8.64 8.38 8.15 7.94 8.09 8.50 9.07 9.34 9.16 9.16 8.73 9.29 9.27 9.23
-9999 -9999 -9999 -9999 -9999 -9999 -9999 -9999 -9999 -9999 -9999 -9999 -9999 12.79 7.32 6.99 9.01 10.96 9.36 9.84 9.32 6.96 7.95 9.05 7.28 7.59 7.42 7.78 8.26 8.72 8.89 8.93 8.69 8.27 8.02 8.15 8.03 8.26 7.92 7.56 8.88 8.40 7.65 7.60 7.52 7.44 7.27 7.88 7.98 7.67 8.43 7.50 7.62 8.35 8.38 8.94 9.42 9.73 10.79 10.86 10.61 9.94 9.74 9.04 8.91 8.70 8.44 8.26 8.16 8.15 8.18 8.49 8.74 8.80 8.70 8.77 9.41 9.37 9.15
-9999 -9999 -9999 -9999 -9999 -9999 -9999 -9999 -9999 -9999 -9999 -9999 -9999 9.77 12.13 12.52 10.81 8.93 7.73 8.86 7.23 7.25 6.55 6.53 8.21 7.11 7.27 8.68 8.52 8.56 8.61 8.19 8.12 8.35 8.19 8.88 8.76 8.39 7.83 7.37 8.64 9.19 8.31 7.59 7.31 7.42 7.37 7.29 7.47 8.04 9.63 8.91 7.93 7.87 8.32 9.28 10.34 10.69 10.62 11.03 10.56 9.69 9.25 9.00 8.93 8.77 8.62 8.44 8.33 8.32 8.37 8.49 8.63 8.82 8.78 8.67 9.21 9.26 9.61
-9999 -9999 -9999 -9999 -9999 -9999 -9999 -9999 -9999 -9999 -9999 -9999 11.30 10.86 9.25 13.97 9.70 7.50 8.44 8.01 7.04 8.88 6.95 6.96 8.69 6.75 10.92 8.91 7.83 8.16 9.13 8.09 7.80 9.62 9.54 9.00 8.19 8.30 8.02 7.62 8.13 8.50 8.23 7.69 7.47 7.31 7.28 7.51 7.44 8.31 8.47 8.26 8.02 7.94 8.58 9.53 10.56 10.82 10.36 10.40 9.82 9.32 9.12 8.97 8.92 8.85 8.73 8.59 8.45 8.43 8.48 8.45 8.55 8.98 8.96 8.77 8.97 9.25 8.94
-9999 -9999 -9999 -9999 -9999 -9999 -9999 -9999 -9999 -9999 -9999 -9999 10.37 10.95 14.04 9.37 6.06 6.82 6.61 7.64 9.54 9.44 7.80 7.75 7.85 6.81 7.56 8.36 9.39 9.33 8.32 8.30 8.21 8.59 9.11 8.30 8.04 8.36 8.13 8.22 8.45 8.18 8.27 7.96 7.60 7.37 7.14 7.20 7.41 8.09 8.47 8.20 7.61 7.96 9.02 10.19 10.11 10.67 10.59 9.92 9.21 9.59 9.07 9.15 8.97 8.91 8.73 8.61 8.52 8.44 8.44 8.44 8.51 9.12 8.99 8.68 8.79 9.20 9.10
-9999 -9999 -9999 -9999 -9999 -9999 -9999 -9999 -9999 -9999 -9999 -9999 11.00 12.07 7.37 7.73 6.45 7.07 7.31 10.61 9.59 10.43 8.51 7.95 6.79 5.98 6.77 9.22 10.78 11.64 8.61 9.54 8.62 8.84 8.92 7.90 7.89 8.05 8.25 8.37 7.92 7.98 8.83 8.22 7.44 7.27 7.90 7.04 7.48 7.84 7.87 7.63 7.54 8.12 8.81 9.42 9.74 9.80 9.32 9.15 9.36 9.47 8.80 8.75 8.92 8.85 8.73 8.56 8.40 8.40 8.39 8.43 8.51 8.75 8.66 8.76 8.70 9.04 9.08
-9999 -9999 -9999 -9999 -9999 -9999 -9999 -9999 -9999 -9999 -9999 -9999 -9999 7.84 8.25 9.05 10.15 10.68 9.54 10.03 8.82 6.80 6.62 6.22 7.01 7.27 6.94 8.14 8.90 11.11 9.63 8.76 8.42 9.44 9.31 7.93 8.41 7.74 7.90 9.24 8.02 7.91 7.91 7.92 7.13 6.91 7.98 7.67 7.40 7.82 7.62 7.53 7.87 8.58 8.59 8.78 8.72 9.21 8.78 9.50 9.50 8.85 8.69 9.02 8.93 8.64 8.52 8.38 8.32 8.33 8.33 8.38 8.42 8.49 8.54 8.71 8.71 8.82 9.08
-9999 -9999 -9999 -9999 -9999 -9999 -9999 -9999 -9999 -9999 -9999 -9999 -9999 8.29 8.59 9.04 10.36 12.14 11.51 9.26 7.45 6.37 7.36 8.70 10.08 11.50 9.55 8.30 9.07 9.92 9.34 7.98 9.95 9.45 9.37 8.42 8.95 8.10 7.78 8.11 8.89 8.59 8.19 7.85 7.26 6.84 7.72 7.68 7.51 7.58 7.86 8.04 8.33 8.76 8.42 8.39 9.27 9.39 9.43 9.30 9.42 8.76 8.96 9.28 8.62 8.42 8.33 8.25 8.27 8.25 8.24 8.30 8.37 8.45 8.46 8.46 8.45 8.54 8.85
-9999 -9999 -9999 -9999 -9999 -9999 -9999 -9999 -9999 -9999 -9999 -9999 9.13 7.40 7.79 9.25 10.05 9.63 9.55 8.03 8.65 11.58 9.78 10.05 10.16 9.11 8.70 9.34 9.96 8.94 8.20 8.68 10.00 9.92 9.44 8.39 9.12 7.93 7.77 8.69 8.25 8.47 8.55 8.15 7.92 7.37 7.93 7.87 7.39 7.57 7.63 7.61 8.20 8.09 8.89 8.68 9.23 8.84 9.15 9.29 8.70 8.54 9.10 9.02 8.37 8.26 8.40 8.20 8.24 8.22 8.29 8.30 8.30 8.34 8.27 8.59 8.90 9.03 8.65
-9999 -9999 -9999 -9999 -9999 -9999 -9999 -9999 -9999 -9999 -9999 -9999 10.32 8.50 7.58 7.32 8.60 11.12 10.88 9.98 9.08 9.60 10.68 11.55 11.46 9.08 10.70 11.49 9.07 10.53 7.86 8.43 9.81 10.98 8.80 9.02 8.18 7.57 7.64 8.14 9.87 8.79 8.78 8.44 8.16 7.97 8.05 7.80 7.43 7.52 7.50 7.42 7.44 8.40 8.85 8.96 9.46 8.88 8.69 8.72 8.41 8.64 8.98 8.77 8.43 8.60 8.43 8.54 8.25 8.24 8.38 8.42 8.26 8.20 8.12 8.22 8.89 9.05 9.11
-9999 -9999 -9999 -9999 -9999 -9999 -9999 -9999 -9999 -9999 -9999 -9999 9.22 8.22 5.91 6.42 8.22 11.20 10.29 10.60 9.26 10.77 10.37 9.41 9.80 10.40 10.61 9.68 8.91 9.38 10.96 8.64 8.68 8.70 8.79 9.74 8.77 7.73 7.76 8.21 8.49 8.33 8.92 8.61 8.30 8.29 7.82 7.37 7.61 7.69 7.72 7.30 7.77 8.75 8.86 8.40 8.66 9.26 8.66 8.81 8.20 8.79 8.93 8.45 8.39 8.45 8.04 8.13 8.06 8.12 8.19 8.14 8.07 8.06 8.01 8.33 8.16 8.53 8.75
-9999 -9999 -9999 -9999 -9999 -9999 -9999 -9999 -9999 -9999 -9999 9.18 9.49 10.32 7.86 6.12 8.73 9.95 11.68 11.83 8.92 9.38 8.54 9.38 10.42 9.47 9.62 10.93 10.03 9.65 9.34 8.62 8.06 8.18 8.88 8.94 8.70 8.40 7.96 7.81 8.32 8.48 8.08 8.34 8.15 8.47 7.85 7.61 7.59 7.24 7.09 7.28 8.13 8.26 8.42 8.07 8.73 8.87 8.63 8.16 8.73 8.80 8.84 8.94 8.65 8.29 8.10 7.94 8.00 8.07 7.99 7.91 7.78 7.71 7.85 8.22 8.30 8.47 8.71
-9999 -9999 -9999 -9999 -9999 -9999 -9999 -9999 -9999 -9999 10.49 10.02 10.12 8.25 6.44 8.19 10.53 11.36 10.63 12.14 9.73 10.42 8.99 8.61 12.79 10.01 10.72 9.61 9.78 8.82 8.55 8.65 9.27 8.64 9.91 8.89 9.09 8.17 7.93 7.96 8.20 8.38 8.12 8.18 8.40 8.37 7.38 7.59 7.39 7.35 7.40 7.64 8.12 7.79 8.39 8.16 8.42 7.99 8.01 8.79 9.09 8.83 8.96 8.82 8.21 8.35 8.28 8.21 8.16 7.95 7.73 7.50 7.55 7.54 8.05 8.38 8.65 8.78 8.41
-9999 -9999 -9999 -9999 -9999 -9999 -9999 -9999 12.22 11.00 9.91 8.56 7.79 7.42 7.28 9.39 10.61 11.99 13.44 12.36 10.57 8.00 9.59 9.25 11.93 10.43 10.09 10.23 9.28 8.88 8.08 8.73 9.93 9.54 9.61 8.25 8.37 8.23 8.19 8.49 8.29 8.50 8.02 8.07 8.16 7.58 7.33 7.38 7.71 7.45 7.99 8.41 8.18 7.94 7.72 7.63 8.21 8.62 8.56 8.81 8.30 8.89 9.00 8.50 7.93 7.88 8.37 8.25 8.21 7.64 7.39 7.14 7.28 7.96 8.32 8.33 8.97 8.91 8.77
-9999 -9999 -9999 -9999 12.50 11.76 10.70 12.55 12.40 12.28 11.92 9.71 8.53 7.80 10.92 10.03 11.85 12.31 12.21 10.06 8.92 7.47 8.51 8.73 13.23 12.24 10.63 9.24 9.58 9.13 10.04 8.31 9.49 9.71 9.45 8.87 8.27 8.05 8.64 8.19 7.83 8.68 7.98 7.80 7.39 7.48 7.69 7.83 7.20 7.71 7.49 7.74 8.37 8.29 8.12 8.00 8.47 8.57 8.47 8.34 8.90 8.35 8.27 8.08 7.80 8.17 8.26 8.21 7.68 7.20 7.12 7.20 7.91 8.09 7.96 8.60 8.24 8.55 8.84
-9999 -9999 -9999 13.01 11.42 11.65 11.02 10.51 11.63 11.20 11.09 9.25 8.07 10.24 10.81 11.31 9.61 13.02 10.23 8.51 11.66 9.53 7.52 12.53 11.55 10.47 7.78 8.01 8.76 10.86 8.94 8.52 8.47 8.49 9.61 9.34 9.16 8.34 8.44 7.95 7.82 8.37 7.87 7.36 7.31 7.52 7.78 7.47 8.60 7.44 7.29 7.57 8.08 7.75 7.74 7.57 7.79 8.16 8.16 8.70 8.38 8.04 8.09 8.17 7.77 7.85 7.76 7.27 7.04 6.89 6.92 7.10 7.49 8.14 8.25 8.44 8.32 8.35 8.52
-9999 -9999 12.44 12.22 10.32 10.03 10.09 10.62 10.29 10.50 9.63 9.85 12.44 10.56 9.90 12.16 8.45 9.88 9.56 11.60 11.27 11.87 10.54 10.47 9.21 7.05 10.38 10.58 8.60 9.02 8.63 8.37 8.73 8.22 8.42 9.60 9.72 8.14 7.86 7.89 8.08 7.53 6.91 7.00 8.74 7.49 7.22 7.55 8.05 7.60 7.29 7.63 7.96 7.95 8.31 7.93 7.47 7.42 7.52 8.22 8.01 7.72 8.27 8.11 7.64 7.54 7.27 6.95 7.00 6.99 7.00 7.24 7.43 8.09 7.82 7.85 8.15 7.97 8.20
11.17 12.20 10.56 10.57 11.09 10.41 10.09 11.46 10.64 10.50 10.41 12.23 11.71 10.58 11.41 10.72 8.85 8.49 10.84 11.21 10.25 10.64 11.76 9.15 6.66 9.99 11.35 10.04 10.31 8.75 8.88 8.34 8.69 9.81 8.54 10.06 8.86 8.03 7.70 7.84 8.53 6.62 6.76 9.36 7.77 7.34 7.24 7.61 8.23 7.33 7.36 7.58 7.40 7.76 7.75 7.37 7.13 7.30 7.13 7.48 7.75 7.77 7.50 7.22 7.02 6.85 7.04 7.82 7.34 7.85 7.41 6.84 7.79 7.91 8.16 8.03 7.97 8.13 8.05
9.86 11.79 13.97 13.32 12.97 10.86 11.66 12.84 11.96 11.63 12.96 11.81 11.30 12.65 10.28 8.15 8.25 8.44 10.42 10.46 10.06 9.63 9.02 7.50 8.70 14.94 12.50 10.38 8.84 9.20 8.89 9.86 8.88 9.14 8.51 8.61 8.55 8.34 7.75 7.41 6.96 6.27 8.58 9.12 8.51 7.51 7.22 8.87 7.94 7.36 7.47 7.22 7.71 7.62 7.33 6.73 7.37 7.04 6.66 7.82 7.71 6.97 6.88 6.80 6.65 6.94 7.56 7.75 7.56 7.82 7.29 7.06 7.74 8.04 7.85 8.10 8.03 8.20 8.24
9.98 11.04 11.62 11.41 10.64 12.01 11.43 12.77 10.68 11.49 13.01 12.35 11.02 11.28 8.34 7.36 9.63 10.39 9.69 8.76 10.03 7.92 6.93 6.48 10.07 12.89 13.56 9.14 9.52 9.75 9.96 9.28 8.33 9.16 8.77 8.79 8.38 8.31 7.13 6.53 6.95 6.82 8.66 8.67 8.21 7.29 7.76 8.72 8.24 7.82 7.47 7.60 7.49 7.12 6.76 6.62 6.88 7.08 6.82 6.73 6.65 6.45 7.26 7.69 6.75 6.97 7.54 7.72 7.34 7.55 7.40 7.36 7.52 7.72 8.02 7.95 7.98 7.79 8.02
9.93 10.58 10.56 11.11 10.91 11.23 12.28 11.56 12.00 11.05 10.78 10.42 9.69 8.83 9.52 8.37 10.94 15.00 9.23 9.18 9.64 12.65 12.07 6.67 6.74 13.97 11.64 10.27 10.63 11.37 9.94 8.34 7.73 9.34 9.71 8.86 8.23 7.65 6.72 6.25 7.02 8.77 9.11 8.38 8.11 7.76 7.55 7.40 7.95 7.45 7.36 7.19 6.88 6.55 6.37 6.84 6.63 6.46 6.39 5.79 5.97 6.64 6.73 7.30 6.98 7.04 7.13 7.27 7.55 7.55 7.41 7.37 7.50 7.58 7.65 7.97 7.92 7.55 7.75
9.68 10.44 9.98 10.63 11.10 11.49 11.10 11.19 11.69 11.01 11.69 10.59 11.45 8.74 10.26 11.51 11.54 12.19 12.45 10.46 11.81 13.27 9.85 11.07 10.14 7.27 11.02 11.25 9.09 9.38 8.09 8.91 8.78 11.00 10.48 8.77 8.01 7.06 6.46 7.03 8.99 8.17 9.36 8.39 8.22 8.64 7.71 8.06 7.03 7.17 6.94 6.74 6.57 6.60 6.44 6.28 5.92 5.65 5.31 5.49 6.40 7.13 6.92 6.61 7.16 6.88 7.51 7.04 6.99 7.02 7.05 7.18 7.35 7.65 7.46 7.81 7.75 7.54 7.81
9.70 9.46 10.59 11.79 13.53 13.10 12.23 11.67 11.07 11.16 12.87 10.83 11.21 8.98 10.22 10.44 9.73 8.75 10.09 9.28 10.91 11.06 12.38 10.96 11.68 11.02 13.89 10.14 9.30 8.76 9.14 8.59 10.51 10.48 10.63 8.22 7.46 6.64 8.80 9.21 9.05 9.34 8.15 8.45 8.58 8.23 6.87 6.63 6.73 6.64 6.60 6.64 6.57 6.82 6.61 6.36 5.54 4.81 4.86 5.69 7.13 6.26 6.72 6.91 6.73 6.72 6.88 6.73 6.79 6.98 6.71 7.07 7.22 7.33 7.52 7.64 7.30 7.11 7.78
10.03 9.76 10.15 11.78 12.58 13.48 13.01 12.42 11.81 11.37 11.67 12.97 10.11 12.52 11.74 11.51 11.92 10.40 8.48 8.50 9.83 9.26 10.68 10.41 9.51 12.70 12.80 9.16 9.51 7.87 8.31 9.62 10.42 10.15 9.45 7.91 7.03 7.85 7.54 8.83 8.77 8.31 8.42 8.09 7.64 7.02 6.12 5.88 6.00 6.19 7.40 6.75 7.28 6.70 6.21 5.11 4.37 4.33 5.20 6.56 6.68 6.54 6.76 6.71 6.56 6.75 7.16 7.42 6.49 6.97 7.46 7.04 6.96 7.32 6.90 7.16 7.74 7.28 7.00
10.48 10.93 11.80 13.09 -9999 -9999 -9999 -9999 12.80 12.46 12.96 11.09 10.07 10.85 10.77 10.18 9.22 6.52 12.38 12.71 9.47 8.72 9.09 10.21 10.96 12.40 10.54 9.41 8.38 7.64 10.56 9.96 11.11 9.03 8.49 7.79 7.35 8.62 7.69 8.88 8.76 8.10 8.02 7.61 7.05 6.30 5.85 5.72 5.89 6.20 7.30 7.04 7.36 7.18 6.23 5.00 4.19 5.09 5.23 6.28 6.82 6.89 6.04 6.15 6.24 7.09 7.45 7.20 6.37 6.87 7.32 7.17 6.93 7.44 7.17 7.10 7.32 7.24 6.84
