ML/MeanWindSpeed_1995-05_Actual.txt
ncols         180
nrows         290
xllcorner     -200000
yllcorner     -200000
cellsize      5000
NODATA_value  -9999
[rows 210 to 244 of 290, columns 78 to 155 of 180]
11.01 11.21 9.74 11.35 11.00 -9999 -9999 -9999 -9999 -9999 -9999 -9999 6.19 6.35 7.13 5.90 6.26 7.07 9.36 11.27 13.56 12.86 10.72 8.85 8.47 7.32 9.59 9.56 6.52 5.70 9.24 8.95 9.68 6.72 6.37 6.61 6.49 7.70 8.09 7.18 7.01 6.69 6.46 6.33 6.13 5.80 5.64 5.57 6.24 5.82 5.99 6.05 5.95 5.89 5.80 6.73 8.02 7.84 6.85 7.71 6.86 5.83 5.50 4.91 5.03 5.89 6.47 6.17 5.53 5.42 6.48 5.53 5.89 6.85 6.26 6.28 6.15 5.39
-9999 11.21 -9999 -9999 -9999 -9999 -9999 -9999 -9999 -9999 10.32 8.83 8.37 9.59 8.82 7.61 6.76 7.16 7.58 9.63 10.82 10.68 7.17 6.74 10.13 8.85 8.34 6.51 5.94 5.92 8.35 8.10 7.81 6.75 6.81 6.91 5.92 8.72 8.56 6.99 6.74 6.34 6.42 6.43 6.28 6.72 6.32 6.53 6.04 6.05 6.17 6.26 6.07 6.16 5.66 7.09 8.48 7.23 7.46 5.52 6.28 5.56 5.12 6.13 5.95 6.01 6.46 5.81 5.18 5.28 5.19 5.76 6.34 5.78 6.25 6.09 5.30 5.00
-9999 -9999 -9999 -9999 -9999 -9999 -9999 -9999 -9999 -9999 11.54 10.97 9.13 10.29 10.69 -9999 -9999 7.32 9.74 5.43 6.99 6.92 7.27 8.15 9.51 6.89 6.12 6.73 7.00 7.70 7.95 7.85 7.42 7.25 7.87 6.52 6.91 8.54 7.08 6.48 6.01 6.15 6.88 6.97 6.74 6.84 6.38 6.39 6.85 7.26 6.95 7.38 6.23 5.72 6.35 8.35 6.54 6.67 6.26 4.79 5.96 5.56 5.55 5.80 5.72 5.37 5.24 6.54 5.53 5.38 5.31 5.35 5.41 5.18 4.90 6.19 5.56 6.06
-9999 -9999 -9999 -9999 -9999 -9999 -9999 -9999 -9999 -9999 -9999 -9999 -9999 -9999 -9999 -9999 -9999 8.71 7.45 7.20 6.30 5.57 5.71 6.34 7.32 7.05 7.22 8.05 8.94 9.40 9.08 -9999 7.96 7.40 6.85 6.35 7.03 8.26 7.01 6.81 6.14 5.60 5.84 7.00 6.58 6.78 7.82 7.87 7.59 8.25 8.90 7.56 7.10 6.70 6.58 7.36 6.12 6.19 6.15 5.50 5.27 5.16 5.62 5.98 5.49 5.07 5.23 5.38 5.42 5.36 5.31 5.31 5.26 5.39 5.51 5.88 5.82 6.13
-9999 -9999 -9999 -9999 -9999 -9999 -9999 -9999 -9999 -9999 -9999 -9999 -9999 -9999 -9999 -9999 -9999 -9999 8.60 7.38 6.42 6.45 7.01 6.03 6.18 7.07 8.60 -9999 -9999 -9999 -9999 9.08 8.16 7.43 6.47 6.18 6.87 8.09 7.03 7.01 6.28 5.51 6.51 6.53 7.97 7.62 9.26 7.86 7.88 7.50 7.72 7.46 6.79 7.42 5.69 5.94 6.32 5.36 5.66 5.40 5.09 4.89 4.68 4.71 4.92 4.63 4.68 4.72 5.02 5.07 6.26 6.55 5.49 5.58 5.82 5.91 6.04 6.82
-9999 -9999 -9999 -9999 -9999 -9999 -9999 -9999 -9999 -9999 -9999 -9999 -9999 -9999 -9999 -9999 -9999 -9999 -9999 8.68 9.49 8.30 7.24 7.39 7.65 9.07 -9999 -9999 -9999 -9999 9.60 9.49 9.24 6.33 5.93 5.97 7.84 8.22 7.55 6.69 5.65 5.81 5.91 7.46 8.91 8.17 8.26 7.62 7.78 7.56 6.47 6.74 6.67 6.29 6.12 5.92 5.86 5.52 5.64 6.14 6.14 5.90 4.74 4.70 4.77 4.64 5.27 5.25 5.63 5.37 6.07 6.01 5.87 6.85 6.05 6.34 6.38 7.25
-9999 -9999 -9999 -9999 -9999 -9999 -9999 -9999 -9999 -9999 -9999 -9999 -9999 -9999 -9999 -9999 -9999 -9999 -9999 -9999 9.65 9.63 8.64 8.53 8.52 10.89 -9999 -9999 -9999 9.17 7.60 7.37 8.87 8.10 7.26 6.08 7.09 6.13 7.42 6.64 5.32 6.50 7.60 7.74 7.45 8.37 7.74 7.45 7.31 6.73 6.48 6.27 6.35 6.71 6.28 5.72 5.76 5.87 5.89 6.54 6.10 5.86 5.35 4.83 4.93 4.86 5.15 5.19 5.54 5.66 5.81 5.58 6.31 6.73 6.89 6.35 5.26 6.95
-9999 -9999 -9999 -9999 -9999 -9999 -9999 -9999 -9999 -9999 -9999 -9999 -9999 -9999 -9999 -9999 -9999 -9999 -9999 -9999 -9999 -9999 -9999 -9999 -9999 -9999 -9999 -9999 11.20 8.02 6.54 6.67 8.80 7.21 7.53 7.86 7.36 7.03 7.06 5.88 5.85 6.17 7.14 7.11 7.35 7.57 7.85 7.63 7.43 8.65 7.17 7.19 6.63 7.01 6.90 6.12 6.11 5.77 6.17 6.71 5.98 5.31 5.20 5.31 5.16 5.52 5.25 5.63 5.29 6.21 6.56 6.15 5.22 7.40 7.87 6.38 5.13 7.55
-9999 -9999 -9999 -9999 -9999 -9999 -9999 -9999 -9999 -9999 -9999 -9999 -9999 -9999 -9999 -9999 -9999 -9999 -9999 -9999 -9999 -9999 -9999 -9999 -9999 -9999 -9999 -9999 9.00 7.97 6.64 11.00 9.61 6.98 7.75 8.14 7.99 7.92 6.47 6.32 6.38 6.19 7.08 6.83 6.72 8.35 8.25 9.14 7.74 7.92 8.96 7.48 7.08 7.03 6.57 6.40 6.17 5.99 6.23 6.05 6.09 5.52 5.16 5.34 5.21 5.26 6.54 5.88 6.44 6.66 7.39 6.10 5.01 6.01 6.12 4.92 4.40 5.03
-9999 -9999 -9999 -9999 -9999 -9999 -9999 -9999 -9999 -9999 -9999 -9999 -9999 -9999 -9999 -9999 -9999 -9999 -9999 -9999 -9999 -9999 -9999 -9999 -9999 -9999 -9999 -9999 8.52 6.39 5.24 6.97 10.06 9.31 8.88 8.03 8.84 7.13 6.92 6.53 8.00 7.96 8.38 7.87 7.27 7.53 7.41 7.59 7.77 7.69 6.98 6.99 7.10 7.15 6.73 6.55 6.41 6.21 6.43 6.08 5.84 5.28 5.22 6.00 6.75 5.90 6.38 5.78 5.54 5.54 6.24 7.75 7.41 5.46 5.24 5.60 5.62 5.18
-9999 -9999 -9999 -9999 -9999 -9999 -9999 -9999 -9999 -9999 -9999 10.22 10.70 9.04 13.83 13.85 14.42 14.88 16.61 9.76 14.61 10.48 -9999 -9999 -9999 -9999 -9999 -9999 7.85 6.61 5.98 4.78 5.71 7.87 9.42 9.00 7.95 7.34 7.40 8.04 8.99 8.13 7.26 7.09 6.62 7.09 7.31 6.80 6.24 6.10 6.57 6.11 6.80 7.37 8.28 7.44 6.75 6.94 6.80 6.31 6.68 5.52 5.01 6.13 6.90 5.71 5.13 5.32 5.21 4.89 4.62 4.87 4.86 4.53 4.45 4.38 4.34 4.07
-9999 -9999 -9999 -9999 -9999 -9999 -9999 -9999 -9999 -9999 -9999 11.59 10.86 10.78 9.25 11.83 14.03 13.82 14.55 14.76 11.91 10.62 9.23 9.73 11.70 10.03 9.18 7.81 7.08 6.38 5.95 5.27 4.50 5.04 7.73 8.15 7.50 6.91 9.54 8.14 7.05 7.39 7.65 6.67 6.33 7.17 7.08 7.10 6.64 6.66 5.78 5.93 6.46 6.69 6.98 7.86 8.01 6.36 6.06 5.89 5.46 5.87 4.86 8.08 6.47 6.12 5.64 5.26 5.32 5.04 5.75 5.75 4.52 5.93 5.41 5.80 4.46 4.43
-9999 -9999 -9999 -9999 -9999 -9999 -9999 -9999 -9999 -9999 10.14 8.79 8.01 7.24 6.59 9.24 12.21 12.18 11.66 11.99 11.99 10.87 9.44 8.46 9.01 10.00 7.61 6.97 6.28 6.32 7.10 5.75 5.40 6.39 6.58 6.64 6.99 9.22 7.54 8.79 8.08 7.30 6.46 6.84 6.53 7.23 7.37 6.90 7.24 6.31 6.63 6.33 6.29 6.29 7.56 8.43 6.51 5.61 5.78 7.84 6.18 5.37 5.30 5.03 5.34 5.75 5.60 5.48 5.82 6.60 5.80 4.91 4.85 6.31 5.66 5.38 5.49 5.10
-9999 -9999 -9999 -9999 -9999 -9999 -9999 -9999 -9999 -9999 -9999 7.86 6.39 5.70 7.45 7.42 8.40 11.39 10.49 9.06 8.21 10.57 12.26 9.78 7.17 7.30 9.23 7.47 5.86 5.83 5.76 6.38 6.45 5.62 5.79 6.29 6.91 7.92 6.82 8.52 7.68 7.52 7.21 7.32 6.69 7.36 7.56 7.31 6.01 6.05 6.64 5.80 5.43 5.37 6.35 7.56 7.28 5.59 5.86 6.83 6.46 5.58 4.67 4.45 4.21 4.64 6.28 6.09 5.75 6.13 6.88 6.13 5.71 6.30 6.16 5.21 5.76 4.65
-9999 -9999 -9999 -9999 -9999 -9999 -9999 12.24 -9999 -9999 9.77 8.00 8.40 6.03 7.73 6.38 6.44 7.11 7.99 9.05 7.58 9.12 10.24 7.84 6.46 5.42 6.01 6.09 5.50 5.53 5.86 6.68 5.91 5.68 6.26 7.85 6.46 7.08 6.15 7.32 7.13 7.85 8.44 7.62 6.58 6.25 6.37 6.04 5.73 7.03 6.14 5.43 7.11 5.76 5.81 7.57 8.58 5.55 5.79 5.92 5.68 5.14 4.64 4.56 4.91 5.37 5.71 5.02 4.61 4.51 4.93 5.09 5.16 5.72 5.03 4.96 4.72 4.08
-9999 -9999 -9999 -9999 -9999 -9999 11.09 12.42 12.19 11.53 8.86 7.88 9.45 7.58 6.40 6.73 6.21 7.72 8.47 9.44 7.83 7.03 7.06 6.09 5.49 5.11 5.57 6.33 6.44 5.70 5.66 5.80 5.61 5.68 7.23 7.30 6.33 6.87 7.24 8.46 7.76 7.71 8.82 7.55 7.21 6.13 6.74 6.32 6.47 5.79 5.52 5.07 6.16 6.20 5.38 6.24 5.87 5.42 5.25 4.89 5.70 5.64 5.23 4.94 4.67 4.43 4.25 4.70 4.94 4.55 3.67 4.14 4.55 5.29 5.55 5.13 4.01 4.77
-9999 -9999 -9999 -9999 -9999 -9999 10.29 10.49 9.68 10.02 8.91 8.08 7.01 8.83 8.72 7.63 8.72 8.67 8.40 9.67 8.51 7.83 6.96 4.98 6.54 8.40 7.68 6.77 6.10 5.60 6.16 6.60 6.98 6.47 7.55 6.91 7.43 6.78 6.19 7.33 8.44 7.38 7.38 7.15 6.64 6.71 7.27 6.41 5.76 6.26 6.30 5.11 5.44 5.50 5.35 5.99 6.33 6.53 7.87 5.36 5.43 4.81 4.53 4.78 4.91 4.37 4.08 4.45 5.14 4.77 4.12 3.82 4.44 4.48 4.50 4.64 4.80 3.73
-9999 -9999 -9999 -9999 -9999 -9999 10.39 9.18 8.81 9.28 8.79 8.75 7.43 7.91 8.11 6.95 8.04 8.21 8.69 9.02 8.62 5.93 4.25 3.94 6.61 6.94 7.39 7.97 6.24 6.21 6.56 6.21 7.28 6.73 7.52 7.06 7.16 7.03 6.32 7.46 6.86 6.95 6.89 6.74 6.65 6.84 7.38 7.20 6.04 5.71 5.82 6.48 5.21 5.36 5.07 5.33 5.44 5.73 6.52 5.99 6.68 7.36 4.13 7.29 5.85 4.18 4.35 7.28 7.20 6.85 4.02 3.98 4.08 3.80 4.00 3.68 4.78 5.65
-9999 -9999 -9999 -9999 -9999 -9999 8.99 8.44 8.31 8.28 8.01 8.13 7.69 7.19 8.24 7.67 7.63 8.27 7.60 7.75 7.59 7.20 4.14 4.55 6.75 6.11 7.10 7.34 6.47 6.88 7.27 6.27 6.88 7.26 7.11 6.98 7.04 7.57 8.31 6.30 6.93 6.89 6.92 6.77 6.73 6.94 7.28 6.53 6.47 6.05 6.23 6.54 6.93 6.16 6.83 6.19 5.64 5.44 5.17 4.85 4.82 5.18 4.70 6.32 6.11 6.76 6.32 6.75 7.10 7.57 4.35 4.37 4.13 4.17 4.18 4.86 5.89 6.10
-9999 -9999 -9999 -9999 -9999 -9999 8.25 7.84 7.83 8.35 8.93 8.34 8.32 8.22 8.65 9.48 8.72 8.26 7.69 8.27 7.99 7.67 6.88 4.80 4.67 4.39 6.41 5.67 4.57 7.34 7.29 6.40 9.16 8.25 8.69 9.08 8.37 7.88 8.29 7.06 6.33 6.86 6.85 6.42 6.60 6.65 6.98 6.29 6.53 7.12 7.53 7.29 7.21 7.28 7.13 7.17 7.00 6.52 5.75 5.41 5.61 6.10 6.39 6.66 6.76 7.02 -9999 -9999 6.33 6.75 6.42 5.85 4.92 7.48 5.52 -9999 -9999 -9999
-9999 -9999 -9999 -9999 -9999 11.37 8.94 8.30 7.34 8.26 8.70 9.89 9.37 10.83 10.30 10.10 9.19 8.75 8.44 8.51 8.22 7.93 8.11 6.90 5.75 5.90 5.80 4.46 7.19 8.03 5.93 5.60 6.79 7.17 8.40 8.28 7.24 6.88 6.67 6.58 7.37 7.18 7.30 6.95 6.92 7.23 7.84 7.63 7.29 7.30 7.52 7.70 -9999 -9999 8.12 8.70 8.72 8.18 7.66 7.22 7.30 -9999 -9999 -9999 -9999 -9999 -9999 -9999 -9999 -9999 -9999 6.46 6.85 8.38 6.96 -9999 -9999 -9999
-9999 -9999 -9999 -9999 12.52 11.00 8.96 8.94 7.51 7.40 7.69 8.26 8.75 12.68 13.30 11.52 10.59 10.36 10.55 9.60 8.88 8.19 8.72 8.13 9.21 9.09 8.35 7.93 9.46 7.07 7.19 7.12 7.81 8.66 7.21 6.18 6.82 6.17 6.45 6.46 6.89 7.00 8.27 9.10 9.07 8.71 8.59 8.84 8.03 -9999 6.96 7.72 7.51 7.81 8.23 -9999 -9999 -9999 -9999 8.72 -9999 -9999 -9999 -9999 -9999 -9999 -9999 -9999 -9999 -9999 -9999 -9999 -9999 -9999 -9999 -9999 -9999 -9999
-9999 -9999 -9999 12.61 12.16 11.77 10.21 8.17 7.43 7.04 6.28 6.53 8.76 14.39 15.63 11.00 10.38 12.56 9.45 11.31 9.26 8.47 11.01 9.54 8.59 8.21 8.36 -9999 -9999 -9999 -9999 -9999 8.01 9.20 8.79 7.21 7.02 6.72 6.29 6.47 6.67 7.44 8.54 -9999 -9999 -9999 -9999 -9999 9.14 9.07 7.94 7.10 7.10 8.77 8.40 -9999 -9999 -9999 -9999 -9999 -9999 -9999 -9999 -9999 -9999 -9999 -9999 -9999 -9999 -9999 -9999 -9999 -9999 -9999 -9999 -9999 -9999 -9999
-9999 -9999 8.00 9.20 10.96 11.20 9.99 9.27 8.21 6.36 6.89 7.20 9.99 12.99 14.55 13.16 11.93 10.16 10.98 9.60 10.14 9.41 11.10 10.61 -9999 -9999 -9999 -9999 -9999 -9999 -9999 -9999 -9999 8.21 8.60 7.61 8.78 9.57 9.87 7.87 9.84 9.81 10.45 -9999 -9999 -9999 -9999 -9999 -9999 -9999 7.76 8.03 6.73 7.51 -9999 -9999 -9999 -9999 -9999 -9999 -9999 -9999 -9999 -9999 -9999 -9999 -9999 -9999 -9999 -9999 -9999 -9999 -9999 -9999 -9999 -9999 -9999 -9999
10.10 9.91 7.78 7.99 9.28 10.82 11.13 9.48 7.41 7.22 7.71 7.78 9.06 12.05 11.35 11.68 10.82 11.57 6.82 9.62 12.84 10.47 -9999 -9999 -9999 -9999 -9999 -9999 -9999 -9999 -9999 -9999 -9999 -9999 -9999 9.31 -9999 -9999 -9999 -9999 8.80 11.15 11.63 -9999 -9999 -9999 -9999 -9999 -9999 -9999 -9999 7.88 9.71 8.31 -9999 -9999 -9999 -9999 -9999 -9999 -9999 -9999 -9999 -9999 -9999 -9999 -9999 -9999 -9999 -9999 -9999 -9999 -9999 -9999 -9999 -9999 -9999 -9999
9.56 8.77 6.89 7.59 8.93 9.50 10.32 9.25 8.28 9.06 6.11 5.33 7.12 10.17 10.92 9.48 7.92 9.55 7.59 7.64 9.10 -9999 -9999 -9999 -9999 -9999 -9999 -9999 -9999 -9999 -9999 -9999 -9999 -9999 -9999 10.55 -9999 -9999 -9999 -9999 -9999 -9999 -9999 -9999 -9999 -9999 -9999 -9999 -9999 -9999 -9999 -9999 -9999 -9999 -9999 -9999 -9999 -9999 -9999 -9999 -9999 -9999 -9999 -9999 -9999 -9999 -9999 -9999 -9999 -9999 -9999 -9999 -9999 -9999 -9999 -9999 -9999 -9999
10.61 9.37 7.14 7.72 7.80 7.89 8.65 8.24 8.18 9.14 5.55 5.10 6.13 8.11 12.47 13.13 6.90 7.66 7.87 8.69 10.97 -9999 -9999 -9999 -9999 -9999 -9999 -9999 -9999 -9999 -9999 -9999 -9999 -9999 -9999 -9999 -9999 -9999 -9999 -9999 -9999 -9999 -9999 -9999 -9999 -9999 -9999 -9999 -9999 -9999 -9999 -9999 -9999 -9999 -9999 -9999 -9999 -9999 -9999 -9999 -9999 -9999 -9999 -9999 -9999 -9999 -9999 -9999 -9999 -9999 -9999 -9999 -9999 -9999 -9999 -9999 -9999 -9999
8.89 10.25 8.80 8.24 7.55 8.26 7.46 7.18 7.31 6.22 6.47 5.81 5.50 7.96 10.05 10.10 8.69 6.99 7.63 10.66 9.70 -9999 -9999 -9999 -9999 -9999 -9999 -9999 -9999 -9999 -9999 -9999 -9999 -9999 -9999 -9999 -9999 -9999 -9999 -9999 -9999 -9999 -9999 -9999 -9999 -9999 -9999 -9999 -9999 -9999 -9999 -9999 -9999 -9999 -9999 -9999 -9999 -9999 -9999 -9999 -9999 -9999 -9999 -9999 -9999 -9999 -9999 -9999 -9999 -9999 -9999 -9999 -9999 -9999 -9999 -9999 -9999 -9999
8.85 10.72 9.65 9.06 7.46 7.97 7.41 9.60 8.94 7.42 7.15 7.73 6.14 6.29 7.04 7.24 7.22 7.53 8.36 9.21 9.66 -9999 -9999 -9999 -9999 -9999 -9999 -9999 -9999 -9999 -9999 -9999 -9999 -9999 -9999 -9999 -9999 -9999 -9999 -9999 -9999 -9999 -9999 -9999 -9999 -9999 -9999 -9999 -9999 -9999 -9999 -9999 -9999 -9999 -9999 -9999 -9999 -9999 -9999 -9999 -9999 -9999 -9999 -9999 -9999 -9999 -9999 -9999 -9999 -9999 -9999 -9999 -9999 -9999 -9999 -9999 -9999 -9999
8.02 8.53 8.62 7.81 8.93 10.49 10.16 8.72 8.96 9.05 9.09 7.88 8.20 7.04 5.73 6.11 7.71 8.97 9.37 8.87 10.21 -9999 -9999 -9999 -9999 -9999 -9999 -9999 -9999 -9999 -9999 -9999 -9999 -9999 -9999 -9999 -9999 -9999 -9999 -9999 -9999 -9999 -9999 -9999 -9999 -9999 -9999 -9999 -9999 -9999 -9999 -9999 -9999 -9999 -9999 -9999 -9999 -9999 -9999 -9999 -9999 -9999 -9999 -9999 -9999 -9999 -9999 -9999 -9999 -9999 -9999 -9999 -9999 -9999 -9999 -9999 -9999 -9999
7.57 8.60 9.09 -9999 -9999 -9999 -9999 -9999 -9999 -9999 -9999 -9999 9.38 9.81 8.22 7.42 7.03 8.34 9.20 9.06 -9999 -9999 -9999 -9999 -9999 -9999 -9999 -9999 -9999 -9999 -9999 -9999 -9999 -9999 -9999 -9999 -9999 -9999 -9999 -9999 -9999 -9999 -9999 -9999 -9999 -9999 -9999 -9999 -9999 -9999 -9999 -9999 -9999 -9999 -9999 -9999 -9999 -9999 -9999 -9999 -9999 -9999 -9999 -9999 -9999 -9999 -9999 -9999 -9999 -9999 -9999 -9999 -9999 -9999 -9999 -9999 -9999 -9999
9.34 9.32 10.18 -9999 -9999 -9999 -9999 -9999 -9999 -9999 -9999 -9999 -9999 -9999 -9999 8.31 7.56 7.86 8.49 -9999 -9999 -9999 -9999 -9999 -9999 -9999 -9999 -9999 -9999 -9999 -9999 -9999 -9999 -9999 -9999 -9999 -9999 -9999 -9999 -9999 -9999 -9999 -9999 -9999 -9999 -9999 -9999 -9999 -9999 -9999 -9999 -9999 -9999 -9999 -9999 -9999 -9999 -9999 -9999 -9999 -9999 -9999 -9999 -9999 -9999 -9999 -9999 -9999 -9999 -9999 -9999 -9999 -9999 -9999 -9999 -9999 -9999 -9999
9.74 -9999 -9999 -9999 -9999 -9999 -9999 -9999 -9999 -9999 -9999 -9999 -9999 -9999 -9999 9.59 10.73 11.28 10.84 -9999 -9999 -9999 -9999 -9999 -9999 -9999 -9999 -9999 -9999 -9999 -9999 -9999 -9999 -9999 -9999 -9999 -9999 -9999 -9999 -9999 -9999 -9999 -9999 -9999 -9999 -9999 -9999 -9999 -9999 -9999 -9999 -9999 -9999 -9999 -9999 -9999 -9999 -9999 -9999 -9999 -9999 -9999 -9999 -9999 -9999 -9999 -9999 -9999 -9999 -9999 -9999 -9999 -9999 -9999 -9999 -9999 -9999 -9999
-9999 -9999 -9999 -9999 -9999 -9999 -9999 -9999 -9999 -9999 -9999 -9999 -9999 -9999 -9999 -9999 -9999 -9999 -9999 -9999 -9999 -9999 -9999 -9999 -9999 -9999 -9999 -9999 -9999 -9999 -9999 -9999 -9999 -9999 -9999 -9999 -9999 -9999 -9999 -9999 -9999 -9999 -9999 -9999 -9999 -9999 -9999 -9999 -9999 -9999 -9999 -9999 -9999 -9999 -9999 -9999 -9999 -9999 -9999 -9999 -9999 -9999 -9999 -9999 -9999 -9999 -9999 -9999 -9999 -9999 -9999 -9999 -9999 -9999 -9999 -9999 -9999 -9999
-9999 -9999 -9999 -9999 -9999 -9999 -9999 -9999 -9999 -9999 -9999 -9999 -9999 -9999 -9999 -9999 -9999 -9999 -9999 -9999 -9999 -9999 -9999 -9999 -9999 -9999 -9999 -9999 -9999 -9999 -9999 -9999 -9999 -9999 -9999 -9999 -9999 -9999 -9999 -9999 -9999 -9999 -9999 -9999 -9999 -9999 -9999 -9999 -9999 -9999 -9999 -9999 -9999 -9999 -9999 -9999 -9999 -9999 -9999 -9999 -9999 -9999 -9999 -9999 -9999 -9999 -9999 -9999 -9999 -9999 -9999 -9999 -9999 -9999 -9999 -9999 -9999 -9999
