ML/MeanWindSpeed_1996-12_Actual.txt
ncols         180
nrows         290
xllcorner     -200000
yllcorner     -200000
cellsize      5000
NODATA_value  -9999
[rows 140 to 174 of 290, columns 79 to 157 of 180]
-9999 -9999 13.74 -9999 -9999 -9999 12.55 12.02 10.24 10.44 12.24 -9999 -9999 13.03 11.06 13.37 14.74 -9999 -9999 -9999 -9999 -9999 11.17 9.09 6.20 6.23 6.00 6.52 6.22 6.70 6.43 4.38 7.06 10.36 11.58 9.11 10.68 11.48 11.77 9.29 9.60 9.35 7.65 5.27 5.01 4.96 2.38 3.35 6.33 9.11 -9999 -9999 -9999 -9999 -9999 -9999 -9999 -9999 -9999 -9999 -9999 -9999 -9999 -9999 -9999 -9999 -9999 -9999 -9999 -9999 -9999 -9999 -9999 -9999 -9999 -9999 -9999 -9999 -9999
-9999 -9999 14.13 14.01 -9999 -9999 -9999 12.70 12.51 12.17 13.20 -9999 -9999 -9999 -9999 14.44 -9999 -9999 -9999 -9999 -9999 -9999 9.49 7.74 6.43 7.15 8.26 8.28 7.36 7.44 6.74 5.57 6.08 9.56 10.83 7.84 12.75 12.32 13.36 10.25 10.04 10.84 7.85 5.87 5.08 3.34 1.98 3.26 5.97 8.73 -9999 -9999 -9999 -9999 -9999 -9999 -9999 -9999 -9999 -9999 -9999 -9999 -9999 -9999 -9999 -9999 -9999 -9999 -9999 -9999 -9999 -9999 -9999 -9999 -9999 -9999 -9999 -9999 -9999
-9999 -9999 -9999 15.41 -9999 -9999 -9999 -9999 13.26 14.08 14.16 -9999 -9999 -9999 -9999 -9999 -9999 -9999 -9999 -9999 -9999 10.67 8.72 8.09 7.83 8.16 9.88 9.71 8.91 8.76 8.02 7.20 5.55 7.12 12.60 13.01 13.10 13.04 10.86 9.78 9.76 7.68 5.20 6.60 6.29 3.19 2.47 3.80 5.92 8.60 10.81 -9999 -9999 -9999 -9999 -9999 -9999 -9999 -9999 -9999 -9999 -9999 -9999 -9999 -9999 -9999 -9999 -9999 -9999 -9999 -9999 -9999 -9999 -9999 -9999 -9999 -9999 -9999 -9999
-9999 -9999 -9999 16.68 -9999 -9999 -9999 -9999 -9999 -9999 -9999 -9999 -9999 -9999 -9999 -9999 -9999 -9999 -9999 -9999 -9999 10.02 7.81 6.69 6.01 5.69 12.89 10.87 9.71 11.16 8.70 9.24 4.74 4.88 10.43 14.41 12.12 10.91 14.56 16.02 14.18 11.37 9.26 4.99 4.92 4.28 4.87 4.69 6.02 8.56 10.42 11.73 -9999 -9999 -9999 -9999 -9999 -9999 -9999 -9999 -9999 -9999 -9999 -9999 -9999 -9999 -9999 -9999 -9999 -9999 -9999 -9999 -9999 -9999 -9999 -9999 -9999 -9999 -9999
-9999 -9999 -9999 -9999 -9999 -9999 -9999 -9999 -9999 -9999 -9999 -9999 -9999 -9999 -9999 -9999 -9999 -9999 -9999 -9999 10.35 8.50 6.59 6.30 9.52 5.79 17.57 16.87 9.74 10.26 9.22 8.24 7.80 4.99 6.56 15.08 15.44 13.81 12.21 10.93 12.52 11.42 9.65 7.18 5.69 5.09 4.77 5.25 6.98 7.62 8.42 9.89 -9999 -9999 -9999 -9999 -9999 -9999 -9999 -9999 -9999 -9999 -9999 -9999 -9999 -9999 -9999 -9999 -9999 -9999 -9999 -9999 -9999 -9999 -9999 -9999 -9999 -9999 -9999
-9999 -9999 -9999 -9999 -9999 -9999 -9999 -9999 -9999 -9999 -9999 -9999 -9999 -9999 -9999 -9999 -9999 -9999 -9999 -9999 8.53 8.08 5.27 8.35 16.19 9.51 7.23 12.77 12.98 10.52 9.99 9.13 8.37 7.07 7.91 10.63 18.32 15.66 14.27 11.88 11.19 10.44 7.98 7.03 6.58 7.09 5.80 6.87 6.76 7.21 7.12 7.87 9.23 10.42 11.07 -9999 -9999 -9999 -9999 -9999 -9999 -9999 -9999 -9999 -9999 -9999 -9999 -9999 -9999 -9999 -9999 -9999 -9999 -9999 -9999 -9999 -9999 -9999 -9999
-9999 -9999 -9999 -9999 -9999 -9999 -9999 -9999 -9999 -9999 -9999 -9999 -9999 -9999 -9999 -9999 -9999 -9999 -9999 -9999 8.09 6.61 6.03 10.52 8.21 8.07 9.72 13.72 10.30 9.22 12.46 7.72 9.62 8.48 8.98 9.49 12.52 14.31 13.71 12.51 11.49 9.08 8.42 7.30 6.45 6.10 6.35 6.39 6.80 6.32 6.10 6.24 9.30 8.38 9.99 11.55 12.19 -9999 -9999 -9999 -9999 -9999 -9999 -9999 -9999 -9999 -9999 -9999 -9999 -9999 -9999 -9999 -9999 -9999 -9999 -9999 -9999 -9999 -9999
-9999 -9999 -9999 -9999 -9999 -9999 -9999 -9999 -9999 -9999 -9999 -9999 -9999 -9999 -9999 -9999 -9999 -9999 -9999 -9999 8.19 6.38 7.05 12.92 15.12 11.38 7.99 9.46 10.18 12.73 8.68 11.74 9.92 9.18 10.23 10.22 8.95 9.71 13.29 12.34 11.05 9.88 8.57 7.70 7.39 7.10 6.51 6.67 6.44 5.90 6.13 6.02 6.96 9.62 9.51 10.26 12.19 12.93 12.14 -9999 -9999 -9999 -9999 -9999 -9999 -9999 -9999 -9999 -9999 -9999 -9999 -9999 -9999 -9999 -9999 -9999 -9999 -9999 -9999
-9999 -9999 -9999 -9999 -9999 -9999 -9999 -9999 -9999 -9999 -9999 -9999 -9999 -9999 -9999 -9999 -9999 -9999 -9999 -9999 9.33 6.96 8.39 9.99 6.91 18.56 15.53 9.17 11.11 8.97 12.93 13.46 9.86 8.54 9.39 9.51 7.82 14.86 13.47 12.81 12.98 12.83 11.61 8.23 9.00 7.58 7.02 6.87 6.62 6.39 6.06 5.39 6.32 9.02 8.42 8.45 9.38 11.11 10.48 13.92 -9999 -9999 -9999 -9999 -9999 -9999 -9999 -9999 -9999 -9999 -9999 -9999 -9999 -9999 -9999 -9999 -9999 -9999 -9999
-9999 -9999 -9999 -9999 -9999 -9999 -9999 -9999 13.59 14.31 15.24 -9999 -9999 -9999 -9999 -9999 -9999 -9999 -9999 -9999 -9999 9.65 7.77 6.29 8.68 11.34 14.64 9.13 6.67 11.41 11.07 9.86 8.44 10.07 10.06 8.44 9.18 11.90 12.38 15.62 14.15 11.67 10.73 10.99 9.30 7.84 7.22 6.78 6.60 5.88 5.44 9.33 8.68 12.03 12.87 12.11 11.12 8.78 11.70 12.94 12.91 -9999 -9999 -9999 -9999 -9999 -9999 -9999 -9999 -9999 -9999 -9999 -9999 -9999 -9999 -9999 -9999 -9999 -9999
-9999 -9999 -9999 -9999 -9999 -9999 -9999 -9999 10.94 11.43 -9999 -9999 -9999 -9999 -9999 -9999 -9999 -9999 -9999 -9999 -9999 -9999 8.19 5.38 9.21 10.41 17.79 10.15 10.46 10.13 8.15 7.09 7.10 6.71 14.04 8.34 9.50 14.48 12.24 9.60 8.83 12.72 8.87 11.22 9.10 7.72 6.93 6.59 5.87 6.17 8.42 9.53 9.08 9.15 8.98 10.32 11.29 10.91 11.42 11.65 14.35 -9999 -9999 -9999 -9999 -9999 -9999 -9999 -9999 -9999 -9999 -9999 -9999 -9999 -9999 -9999 -9999 -9999 -9999
-9999 -9999 -9999 -9999 -9999 -9999 -9999 9.68 11.52 11.57 12.51 -9999 -9999 -9999 -9999 -9999 -9999 -9999 -9999 -9999 -9999 -9999 8.59 9.49 9.89 11.15 9.36 10.40 8.71 8.47 7.54 6.98 8.51 7.00 5.95 14.14 10.41 9.94 13.22 11.41 13.87 10.90 11.04 9.43 8.68 7.82 7.43 6.48 5.68 6.80 8.41 7.99 9.23 10.45 10.21 10.84 10.54 10.87 11.40 10.17 13.38 13.17 -9999 -9999 -9999 -9999 -9999 -9999 -9999 -9999 -9999 -9999 -9999 -9999 -9999 -9999 -9999 -9999 -9999
-9999 -9999 -9999 -9999 -9999 -9999 8.81 11.39 12.63 16.64 12.35 -9999 -9999 -9999 -9999 -9999 -9999 -9999 -9999 -9999 -9999 -9999 10.33 13.66 10.36 7.06 8.75 7.99 8.70 7.23 6.40 7.15 8.09 6.05 11.90 9.47 12.75 10.20 14.58 9.43 10.61 8.69 10.50 8.82 8.79 8.45 7.06 6.71 5.85 5.99 9.36 10.19 10.13 9.31 9.61 9.49 9.48 9.82 11.56 11.60 11.41 12.72 -9999 -9999 -9999 -9999 -9999 -9999 -9999 -9999 -9999 -9999 -9999 -9999 -9999 -9999 -9999 -9999 -9999
-9999 -9999 -9999 -9999 -9999 11.26 9.20 14.67 12.57 13.25 -9999 -9999 -9999 -9999 -9999 -9999 -9999 -9999 -9999 -9999 -9999 -9999 -9999 10.67 7.94 6.93 9.15 6.95 9.36 7.70 6.90 6.45 6.71 5.29 11.23 11.45 12.75 12.15 13.09 12.95 12.77 11.52 10.86 10.83 10.07 7.88 7.25 6.95 6.35 6.08 7.19 11.74 10.76 8.57 8.16 8.38 8.21 8.48 8.78 8.94 8.62 9.84 12.00 13.56 -9999 -9999 -9999 -9999 -9999 -9999 -9999 -9999 -9999 -9999 -9999 -9999 -9999 -9999 -9999
-9999 -9999 -9999 -9999 -9999 13.28 13.82 10.63 12.08 13.30 -9999 -9999 -9999 -9999 -9999 -9999 -9999 -9999 -9999 -9999 -9999 -9999 -9999 -9999 8.92 8.50 7.91 7.29 9.07 8.58 8.34 7.45 7.47 5.31 11.29 10.57 9.79 12.18 10.95 10.01 13.89 13.75 10.43 11.87 10.49 9.65 7.60 7.05 6.75 6.39 6.78 8.00 8.46 7.89 7.91 7.93 8.03 7.90 8.03 8.01 8.01 10.63 11.44 11.87 -9999 -9999 -9999 -9999 -9999 -9999 -9999 -9999 -9999 -9999 -9999 -9999 -9999 -9999 -9999
-9999 -9999 -9999 -9999 -9999 14.47 12.87 13.76 13.62 -9999 -9999 -9999 -9999 -9999 -9999 -9999 -9999 -9999 -9999 -9999 -9999 -9999 -9999 -9999 10.22 9.53 8.90 -9999 9.82 -9999 8.93 7.65 6.59 5.49 6.29 11.12 10.05 10.81 14.11 7.46 8.57 13.81 12.02 11.36 10.81 9.39 7.89 7.39 7.22 6.76 6.80 7.27 8.14 9.01 7.99 8.54 7.62 7.06 8.15 9.29 8.88 8.30 8.44 10.63 13.36 14.85 -9999 -9999 -9999 -9999 -9999 -9999 -9999 -9999 -9999 -9999 -9999 -9999 -9999
-9999 -9999 -9999 -9999 15.36 14.24 13.76 -9999 -9999 -9999 -9999 -9999 -9999 -9999 -9999 -9999 -9999 -9999 -9999 -9999 -9999 -9999 -9999 -9999 11.90 10.60 9.54 -9999 -9999 -9999 8.62 8.67 5.53 6.48 8.20 7.12 6.63 8.64 12.84 12.41 7.68 11.90 13.39 10.67 11.57 10.18 8.81 7.01 7.10 6.85 6.86 7.12 7.49 7.79 7.68 7.94 6.76 7.49 8.72 9.61 10.00 9.84 8.96 9.32 11.34 13.55 -9999 -9999 -9999 -9999 -9999 -9999 -9999 -9999 -9999 -9999 -9999 -9999 -9999
-9999 -9999 -9999 -9999 -9999 -9999 -9999 -9999 -9999 -9999 -9999 -9999 -9999 -9999 -9999 -9999 -9999 -9999 -9999 -9999 -9999 -9999 -9999 -9999 -9999 -9999 -9999 -9999 -9999 9.66 7.16 6.32 7.75 8.82 9.90 10.05 8.47 9.15 12.04 11.53 9.56 7.99 11.09 12.24 10.68 9.52 8.43 7.54 7.32 7.44 7.00 6.98 7.20 7.24 7.04 6.42 7.39 10.20 9.10 9.90 9.24 9.26 8.34 9.50 11.24 -9999 -9999 -9999 -9999 -9999 -9999 -9999 -9999 -9999 -9999 -9999 -9999 -9999 -9999
-9999 -9999 -9999 -9999 -9999 -9999 -9999 -9999 -9999 -9999 -9999 -9999 -9999 -9999 -9999 -9999 -9999 -9999 -9999 -9999 -9999 -9999 -9999 -9999 -9999 -9999 -9999 -9999 -9999 8.74 6.43 7.13 9.78 12.49 11.58 8.94 9.95 7.95 8.65 7.89 9.29 9.86 10.95 11.09 10.57 9.32 8.61 8.04 7.34 7.50 6.97 6.98 7.09 7.20 7.01 6.31 7.05 11.10 10.77 9.27 8.91 8.62 8.23 9.37 11.37 -9999 -9999 -9999 -9999 -9999 -9999 -9999 -9999 -9999 -9999 -9999 -9999 -9999 -9999
-9999 -9999 -9999 -9999 -9999 -9999 -9999 -9999 -9999 -9999 -9999 -9999 -9999 -9999 -9999 -9999 -9999 -9999 -9999 -9999 -9999 -9999 -9999 -9999 -9999 -9999 -9999 -9999 -9999 7.60 5.69 6.09 9.39 10.78 10.50 9.63 9.05 8.41 9.02 7.77 7.68 8.30 7.15 10.98 9.39 10.19 8.90 8.49 7.34 7.10 7.12 7.06 7.13 7.13 7.10 6.77 6.86 9.29 10.39 9.61 8.95 8.77 8.35 9.06 10.59 -9999 -9999 -9999 -9999 -9999 -9999 -9999 -9999 -9999 -9999 -9999 -9999 -9999 -9999
-9999 -9999 -9999 -9999 -9999 -9999 -9999 -9999 -9999 -9999 -9999 -9999 -9999 -9999 -9999 -9999 -9999 -9999 -9999 -9999 -9999 -9999 -9999 -9999 -9999 -9999 -9999 11.38 9.02 6.57 5.33 8.07 10.45 13.31 10.30 11.46 6.94 7.84 7.80 8.87 9.58 9.25 11.03 8.03 8.09 8.00 7.82 7.33 8.02 7.16 7.05 7.31 7.07 7.11 7.25 7.05 7.19 8.00 9.95 9.53 8.85 8.63 8.46 8.46 9.39 11.28 -9999 -9999 -9999 -9999 -9999 -9999 -9999 -9999 -9999 -9999 -9999 -9999 -9999
-9999 -9999 -9999 -9999 -9999 -9999 -9999 -9999 -9999 -9999 -9999 -9999 -9999 -9999 -9999 -9999 -9999 -9999 -9999 -9999 -9999 -9999 -9999 -9999 -9999 -9999 -9999 10.29 7.76 6.37 5.75 6.55 9.87 8.17 7.72 6.04 7.51 10.13 7.94 9.62 9.17 10.33 7.33 10.82 8.76 9.74 9.22 9.08 7.93 7.51 7.18 7.03 7.01 7.14 7.21 7.27 7.24 7.54 8.51 9.77 9.18 8.62 8.56 7.98 8.12 10.12 -9999 -9999 -9999 -9999 -9999 -9999 -9999 -9999 -9999 -9999 -9999 -9999 -9999
-9999 -9999 -9999 -9999 -9999 -9999 -9999 -9999 -9999 -9999 -9999 -9999 -9999 -9999 -9999 -9999 -9999 -9999 -9999 -9999 -9999 -9999 -9999 -9999 -9999 -9999 -9999 10.18 7.54 6.63 6.25 6.86 7.98 8.27 7.07 6.23 7.52 7.74 7.19 9.05 11.31 9.19 8.81 7.56 9.01 7.40 7.85 8.36 8.62 7.78 7.48 7.03 7.00 7.16 7.25 7.32 7.36 7.36 7.96 9.34 10.00 8.95 8.40 7.78 7.20 8.63 10.80 -9999 -9999 -9999 -9999 -9999 -9999 -9999 -9999 -9999 -9999 -9999 -9999
-9999 -9999 -9999 -9999 -9999 -9999 -9999 -9999 -9999 -9999 -9999 -9999 -9999 -9999 -9999 -9999 -9999 -9999 -9999 -9999 -9999 -9999 -9999 -9999 -9999 -9999 -9999 9.89 7.71 7.05 6.98 6.90 6.95 6.90 7.44 8.24 6.27 6.31 7.25 11.36 11.52 12.31 10.97 9.14 8.75 9.12 7.77 7.15 8.11 8.45 7.46 7.05 7.08 7.05 7.25 7.48 7.70 7.67 8.01 9.87 11.03 9.89 9.22 8.51 7.47 7.53 9.35 11.50 -9999 -9999 -9999 -9999 -9999 -9999 -9999 -9999 -9999 -9999 -9999
-9999 -9999 -9999 -9999 -9999 -9999 -9999 -9999 -9999 -9999 -9999 -9999 -9999 -9999 -9999 -9999 -9999 -9999 -9999 -9999 -9999 -9999 -9999 -9999 -9999 -9999 -9999 9.96 7.62 7.01 6.75 6.39 6.01 6.66 6.28 7.14 7.82 9.55 10.94 12.12 10.02 11.44 9.88 9.52 8.11 9.28 8.67 7.89 7.32 7.17 7.25 7.01 7.08 7.22 7.48 7.68 8.02 8.30 8.61 9.49 10.55 10.15 9.44 9.06 8.55 7.96 8.06 10.16 -9999 -9999 -9999 -9999 -9999 -9999 -9999 -9999 -9999 -9999 -9999
-9999 -9999 -9999 -9999 -9999 -9999 -9999 -9999 -9999 -9999 -9999 -9999 -9999 -9999 -9999 -9999 -9999 -9999 -9999 -9999 -9999 -9999 -9999 -9999 -9999 -9999 -9999 -9999 7.67 7.11 6.58 5.81 6.07 7.83 8.07 8.70 7.70 7.73 9.91 10.21 11.71 10.99 9.08 7.43 7.78 7.62 8.55 7.67 7.40 7.93 7.60 7.01 7.22 7.29 7.58 7.68 7.95 8.38 8.82 9.34 9.41 9.44 9.50 9.51 -9999 8.97 9.31 10.48 12.71 -9999 -9999 -9999 -9999 -9999 -9999 -9999 -9999 -9999 -9999
-9999 -9999 -9999 -9999 -9999 -9999 -9999 -9999 -9999 -9999 -9999 -9999 -9999 -9999 -9999 -9999 -9999 -9999 -9999 -9999 -9999 -9999 -9999 -9999 -9999 -9999 -9999 9.59 7.50 6.89 6.10 5.35 5.41 9.25 10.10 8.41 10.94 10.75 9.09 8.96 12.67 11.19 11.41 8.84 7.15 8.83 7.52 6.86 7.39 7.55 7.23 7.31 7.15 7.24 7.39 7.66 7.65 7.83 9.30 8.91 8.43 9.54 8.77 9.10 9.10 -9999 10.46 11.56 13.38 14.82 -9999 -9999 -9999 -9999 -9999 -9999 -9999 -9999 -9999
-9999 -9999 -9999 -9999 -9999 -9999 -9999 -9999 -9999 -9999 -9999 -9999 -9999 -9999 -9999 -9999 -9999 -9999 -9999 -9999 -9999 -9999 -9999 -9999 -9999 -9999 -9999 9.06 7.00 6.52 6.01 7.11 6.37 7.87 10.79 8.26 8.65 8.97 7.22 7.08 10.57 10.27 10.10 7.28 8.87 9.65 7.64 8.39 7.60 8.07 7.85 7.45 7.11 7.16 7.26 7.35 7.24 7.21 7.53 7.91 7.14 7.42 7.98 7.68 8.80 9.52 -9999 -9999 -9999 -9999 -9999 -9999 -9999 -9999 -9999 -9999 -9999 -9999 -9999
-9999 -9999 -9999 -9999 -9999 -9999 -9999 -9999 -9999 -9999 -9999 -9999 -9999 -9999 -9999 -9999 -9999 -9999 -9999 -9999 -9999 -9999 -9999 -9999 -9999 -9999 11.19 8.15 6.49 7.08 6.77 6.94 6.77 8.18 8.78 8.22 7.89 7.46 7.11 7.12 9.63 12.04 12.06 8.31 10.53 10.06 7.89 8.02 7.14 7.67 7.93 7.37 6.96 7.25 7.26 7.23 7.32 7.13 7.36 7.48 7.24 7.11 8.32 7.83 7.88 8.54 10.18 11.96 -9999 -9999 -9999 -9999 -9999 -9999 -9999 -9999 -9999 -9999 -9999
-9999 -9999 -9999 -9999 -9999 -9999 -9999 -9999 -9999 -9999 -9999 -9999 -9999 -9999 -9999 -9999 -9999 -9999 -9999 -9999 -9999 -9999 -9999 -9999 -9999 -9999 -9999 8.22 6.59 6.43 6.94 8.71 7.07 7.21 7.41 7.69 7.84 7.26 6.81 6.42 6.92 10.47 11.64 12.44 10.26 10.65 9.62 8.54 8.69 6.89 7.04 7.79 7.01 7.08 7.05 7.08 7.34 7.15 7.23 7.53 7.12 6.68 6.87 8.93 8.02 7.72 8.45 9.80 11.49 13.41 -9999 -9999 -9999 -9999 -9999 -9999 -9999 -9999 -9999
-9999 -9999 -9999 -9999 -9999 -9999 -9999 -9999 -9999 -9999 -9999 -9999 -9999 -9999 -9999 -9999 -9999 -9999 -9999 -9999 -9999 -9999 -9999 -9999 -9999 -9999 -9999 8.05 6.99 6.47 6.80 7.19 7.37 7.27 7.01 7.15 6.78 6.54 6.46 6.50 7.12 6.90 11.30 13.39 13.93 11.89 10.31 9.44 8.03 8.04 7.31 8.22 7.18 7.17 7.05 7.10 7.16 7.10 7.38 7.43 7.12 6.51 6.96 8.84 8.39 8.59 7.63 8.03 9.45 11.46 -9999 -9999 -9999 -9999 -9999 -9999 -9999 -9999 -9999
-9999 -9999 -9999 -9999 -9999 -9999 -9999 13.22 12.02 12.62 14.12 -9999 -9999 -9999 -9999 -9999 -9999 -9999 -9999 -9999 -9999 -9999 -9999 -9999 -9999 -9999 8.75 7.30 7.35 6.79 7.61 7.44 6.96 6.87 6.98 6.86 6.82 6.59 6.44 6.31 6.15 9.17 11.91 12.10 10.36 12.91 11.85 8.76 8.36 6.50 8.87 8.80 7.43 7.28 7.07 7.09 7.10 7.04 7.20 7.57 7.33 6.60 6.67 7.28 8.92 8.81 9.14 7.63 7.69 9.66 12.06 -9999 -9999 -9999 -9999 -9999 -9999 -9999 -9999
-9999 -9999 -9999 -9999 -9999 -9999 -9999 11.69 10.23 10.31 11.62 -9999 -9999 -9999 -9999 -9999 -9999 -9999 -9999 -9999 -9999 -9999 -9999 -9999 -9999 8.51 7.91 6.97 7.41 8.51 7.44 7.37 6.56 6.60 6.81 6.69 6.86 6.89 6.15 5.66 5.65 7.65 13.37 13.74 10.33 11.83 11.04 10.37 7.56 6.60 8.16 8.68 7.77 6.94 6.86 7.03 7.38 7.18 7.09 7.29 7.58 6.98 6.88 7.10 8.71 8.82 8.76 7.80 7.63 8.46 10.89 -9999 -9999 -9999 -9999 -9999 -9999 -9999 -9999
-9999 -9999 -9999 -9999 -9999 15.96 12.15 9.70 9.29 9.11 10.64 10.96 12.80 14.04 -9999 -9999 13.17 11.19 -9999 -9999 -9999 8.54 9.45 8.70 -9999 6.14 7.63 7.12 7.07 7.65 7.19 7.30 7.19 7.72 7.40 7.41 6.65 6.85 6.10 6.13 9.09 7.19 9.92 12.40 8.01 9.62 13.43 8.50 9.56 7.54 8.20 8.36 7.66 7.25 7.15 7.18 7.40 6.99 7.11 7.09 7.71 7.00 6.89 7.15 7.71 8.41 9.28 8.78 7.73 7.74 9.75 12.40 -9999 -9999 -9999 -9999 -9999 -9999 -9999
-9999 -9999 -9999 -9999 -9999 -9999 12.77 10.48 9.21 8.54 8.95 10.38 12.16 10.42 -9999 9.68 9.91 10.15 8.77 9.33 6.17 5.01 8.38 8.58 7.51 -9999 5.64 7.23 7.32 6.78 6.80 7.43 6.89 6.81 6.92 6.83 6.95 6.51 6.46 6.29 9.39 10.26 10.52 11.07 10.11 11.88 12.02 10.10 7.88 7.30 8.90 8.85 7.46 7.70 7.24 7.64 7.64 7.11 7.05 7.01 7.78 7.17 7.08 7.21 7.25 8.04 8.74 9.28 8.43 7.77 8.81 11.34 -9999 -9999 -9999 -9999 -9999 -9999 -9999
