ML/MeanWindSpeed_1996-12_Actual.txt
ncols         180
nrows         290
xllcorner     -200000
yllcorner     -200000
cellsize      5000
NODATA_value  -9999
[rows 175 to 209 of 290, columns 79 to 157 of 180]
-9999 -9999 -9999 -9999 -9999 -9999 -9999 12.07 10.67 9.30 8.71 8.48 6.77 6.28 12.13 17.30 7.74 9.57 9.11 8.30 6.48 3.82 4.03 6.50 8.70 7.16 5.53 5.89 6.79 6.37 6.62 7.75 7.21 6.99 6.69 6.79 6.75 6.38 6.11 6.22 10.83 11.93 10.53 10.90 8.99 8.58 10.01 9.82 7.93 7.57 8.64 8.08 7.46 7.83 7.40 8.19 7.63 7.43 7.23 7.17 8.40 7.54 7.32 7.37 7.25 7.73 8.25 8.35 8.54 8.83 8.05 10.36 13.15 -9999 -9999 -9999 -9999 -9999 -9999
-9999 -9999 -9999 -9999 -9999 -9999 -9999 -9999 13.00 10.16 8.17 6.37 5.31 7.53 19.81 13.96 6.24 10.40 6.20 8.57 8.25 4.87 3.27 9.08 7.65 8.21 6.97 5.75 5.82 5.78 5.36 6.65 7.31 7.21 6.96 6.65 6.78 6.43 6.03 7.65 9.25 12.61 10.89 11.72 10.73 7.18 9.34 10.86 8.21 8.17 8.81 8.16 7.85 7.82 7.56 8.36 7.57 7.34 7.52 7.40 8.25 8.11 7.61 7.48 7.38 7.56 8.14 9.18 8.32 7.76 7.82 9.84 12.70 -9999 -9999 -9999 -9999 -9999 -9999
-9999 -9999 -9999 -9999 -9999 -9999 -9999 -9999 -9999 10.62 7.53 6.74 7.98 17.01 20.42 14.58 9.98 9.13 9.03 9.72 9.85 9.01 5.31 5.13 10.14 8.04 7.14 6.54 5.74 5.60 5.81 6.35 6.99 6.80 6.53 6.76 6.75 6.58 6.81 7.77 10.06 11.30 9.45 9.76 11.00 9.15 7.33 10.92 8.50 8.45 9.06 8.36 8.13 7.83 8.05 8.43 7.69 7.45 7.48 7.22 8.66 8.18 7.76 7.64 7.59 7.93 7.95 8.07 7.78 7.70 8.08 10.36 12.99 -9999 -9999 -9999 -9999 -9999 -9999
-9999 -9999 -9999 -9999 -9999 -9999 -9999 -9999 -9999 10.03 7.79 9.04 11.28 14.32 18.61 11.93 7.70 9.06 10.66 10.38 11.07 9.37 6.04 4.28 10.34 10.13 7.97 7.18 5.63 5.40 5.88 7.08 7.10 6.96 6.83 6.48 6.31 6.76 8.50 8.58 7.59 11.78 9.56 9.96 11.32 11.00 9.46 9.00 8.36 7.47 8.83 9.34 8.35 8.04 7.68 7.92 7.48 7.66 7.43 7.27 7.85 8.37 8.00 8.01 7.87 7.92 7.88 7.68 7.60 8.18 9.53 11.67 -9999 -9999 -9999 -9999 -9999 -9999 -9999
-9999 -9999 -9999 -9999 -9999 -9999 -9999 -9999 -9999 8.81 8.03 9.22 9.88 14.94 14.29 10.73 10.29 8.16 9.10 11.10 9.84 11.47 8.30 5.00 9.41 10.61 9.99 7.16 6.07 5.29 6.25 7.60 7.63 7.07 6.72 6.46 6.80 8.06 8.55 7.41 7.40 10.24 9.97 9.68 9.75 9.20 9.40 10.21 7.55 8.32 8.71 8.43 8.64 8.09 8.48 7.48 7.41 7.48 7.32 7.47 9.17 8.55 8.06 7.95 7.98 7.94 7.82 7.67 7.86 9.35 11.34 -9999 -9999 -9999 -9999 -9999 -9999 -9999 -9999
-9999 -9999 -9999 -9999 -9999 -9999 -9999 -9999 10.05 15.14 9.22 10.66 12.51 9.53 17.53 14.79 12.68 10.94 12.93 10.22 10.51 8.82 6.58 7.31 11.24 10.62 10.02 7.21 5.96 5.32 6.90 7.48 7.29 7.07 6.57 6.66 7.97 7.84 7.63 8.52 9.20 7.85 11.56 10.71 8.56 9.30 8.81 8.31 8.26 7.68 7.85 8.07 8.84 8.22 7.39 8.19 7.33 7.30 7.42 7.80 9.24 8.54 8.04 7.98 7.85 7.86 7.59 7.51 8.82 10.74 -9999 -9999 -9999 -9999 -9999 -9999 -9999 14.11 -9999
-9999 -9999 -9999 -9999 -9999 -9999 10.76 9.92 12.74 11.15 9.73 10.91 11.79 8.19 9.16 10.70 13.06 12.08 12.98 11.48 11.03 5.92 7.66 7.70 6.48 7.84 7.38 7.51 6.50 5.95 7.06 7.64 7.57 6.93 7.00 8.12 7.74 8.21 7.55 8.85 9.38 9.31 8.61 7.86 9.17 8.97 8.62 8.56 8.52 8.38 7.50 8.32 8.11 7.37 7.24 7.22 7.18 7.31 7.22 7.85 9.16 8.48 7.85 7.84 7.60 7.56 7.38 7.93 9.57 -9999 -9999 -9999 -9999 -9999 13.05 12.37 11.80 11.38 11.64
-9999 -9999 -9999 -9999 -9999 10.50 9.87 10.04 10.94 11.35 11.77 10.95 8.49 6.99 8.23 9.61 11.61 16.82 9.73 7.31 6.11 3.33 8.73 10.39 10.62 8.69 7.55 7.55 7.20 6.90 7.39 8.04 7.58 7.18 7.26 8.09 8.59 7.48 7.38 8.98 9.14 8.79 8.42 8.44 8.65 7.92 8.41 7.67 7.79 8.39 7.97 7.55 7.10 7.16 7.51 6.95 6.87 6.99 7.16 7.69 9.24 8.65 7.83 7.52 7.34 7.32 7.30 7.86 9.22 -9999 -9999 -9999 -9999 -9999 11.17 9.95 9.40 9.14 9.27
-9999 -9999 -9999 -9999 11.08 11.10 10.32 10.89 -9999 -9999 -9999 -9999 8.60 12.42 10.24 10.27 12.46 10.11 7.16 8.50 7.06 5.54 13.61 12.26 10.51 11.31 8.74 6.98 7.44 7.62 7.38 7.58 7.44 7.02 7.57 7.49 8.77 7.68 7.49 8.05 8.53 8.66 8.48 7.62 7.73 7.74 7.78 7.52 7.46 7.32 7.20 7.02 7.14 7.46 7.01 6.54 6.90 7.33 7.49 7.68 8.57 8.38 8.08 7.32 7.21 7.15 7.05 7.31 8.38 10.36 -9999 -9999 -9999 -9999 9.72 8.49 8.26 8.41 8.54
-9999 -9999 -9999 -9999 12.55 13.31 10.94 12.21 -9999 -9999 -9999 -9999 8.79 10.72 11.66 7.62 11.38 9.78 7.75 9.56 10.82 8.30 12.30 7.29 8.56 8.97 8.02 7.04 7.28 7.63 7.53 7.75 8.13 7.21 7.73 7.75 8.02 8.45 7.59 7.87 7.40 7.99 8.62 8.91 8.86 7.57 7.17 7.14 7.16 7.56 7.01 7.02 7.29 7.31 7.54 6.67 8.02 8.02 8.24 7.67 8.15 8.09 7.84 7.14 7.19 7.13 6.95 6.92 7.16 8.44 9.66 -9999 -9999 10.18 9.13 8.26 8.48 8.27 8.20
-9999 -9999 -9999 -9999 -9999 -9999 -9999 -9999 -9999 -9999 -9999 -9999 10.05 13.37 10.97 7.15 8.68 6.50 10.82 9.98 6.40 9.61 9.64 8.38 9.09 7.83 7.21 6.62 7.64 7.59 7.89 7.69 7.33 7.25 7.21 7.26 7.61 8.09 7.50 7.37 7.66 7.87 7.55 8.22 8.30 6.67 7.75 8.61 7.69 7.75 7.37 6.47 7.12 7.78 8.29 7.75 7.27 7.66 8.29 7.89 8.24 8.00 7.82 7.04 7.16 7.15 7.05 6.86 6.54 6.88 7.75 8.89 9.31 8.73 8.33 7.46 8.30 8.40 8.54
-9999 -9999 -9999 -9999 -9999 -9999 -9999 -9999 -9999 -9999 -9999 -9999 -9999 13.63 6.22 5.45 8.24 11.05 9.36 10.70 10.13 6.82 7.78 8.90 6.33 6.50 6.17 6.40 6.85 7.45 7.62 7.64 7.38 7.06 6.94 7.27 7.27 7.81 7.49 7.12 8.97 8.49 7.48 7.33 7.18 7.10 6.96 7.89 8.09 7.75 8.66 7.16 6.91 7.43 6.92 7.06 7.18 7.12 8.21 8.20 7.91 7.61 7.85 7.12 7.17 7.13 6.99 6.91 6.87 6.90 6.91 7.42 7.70 7.67 7.45 7.43 8.36 8.37 8.22
-9999 -9999 -9999 -9999 -9999 -9999 -9999 -9999 -9999 -9999 -9999 -9999 -9999 9.65 12.36 12.29 10.11 8.37 7.32 9.13 7.24 7.15 5.78 5.46 7.36 5.65 5.85 7.69 7.56 7.56 7.41 6.85 6.74 7.20 7.11 8.08 8.09 7.89 7.33 6.86 8.63 9.40 8.25 7.32 6.92 7.06 7.07 7.10 7.37 8.07 9.98 8.74 7.10 6.69 6.83 7.55 8.37 8.42 8.11 8.53 8.18 7.88 7.58 7.24 7.26 7.17 7.21 7.15 7.12 7.15 7.17 7.28 7.36 7.58 7.48 7.23 8.02 8.13 8.71
-9999 -9999 -9999 -9999 -9999 -9999 -9999 -9999 -9999 -9999 -9999 -9999 11.69 10.52 7.86 14.25 9.08 6.82 8.39 8.00 6.68 8.96 6.15 5.92 7.93 5.11 10.65 8.33 7.00 7.37 8.42 6.98 6.60 9.04 8.91 8.22 7.32 7.70 7.53 7.19 7.96 8.51 8.14 7.43 7.09 6.95 7.07 7.44 7.32 8.43 8.45 7.83 7.14 6.72 7.14 7.88 8.69 8.76 7.98 8.16 8.28 8.06 7.67 7.36 7.28 7.30 7.35 7.31 7.24 7.25 7.29 7.16 7.24 7.74 7.65 7.34 7.66 8.07 7.75
-9999 -9999 -9999 -9999 -9999 -9999 -9999 -9999 -9999 -9999 -9999 -9999 10.58 10.79 14.70 9.31 5.19 6.30 6.00 7.50 9.60 9.21 6.93 6.79 6.93 5.54 6.54 7.68 9.02 8.97 7.41 7.35 7.26 7.86 8.51 7.42 7.20 7.77 7.61 7.96 8.42 8.13 8.19 7.73 7.27 7.12 7.02 7.10 7.29 8.18 8.54 7.87 6.71 6.82 7.82 8.90 8.42 9.01 8.93 8.43 8.02 8.42 7.65 7.69 7.42 7.43 7.32 7.34 7.32 7.22 7.17 7.12 7.13 7.86 7.66 7.23 7.41 7.99 7.94
-9999 -9999 -9999 -9999 -9999 -9999 -9999 -9999 -9999 -9999 -9999 -9999 12.08 13.02 6.76 7.57 6.06 6.81 6.90 11.19 9.55 10.71 8.19 7.44 6.00 4.96 5.95 8.94 10.83 11.95 7.79 9.01 8.04 8.50 8.44 6.98 7.06 7.41 7.71 8.07 7.69 7.85 8.87 8.10 7.19 7.17 8.16 6.96 7.41 7.85 7.77 7.18 6.75 7.22 7.81 8.25 8.43 8.34 7.72 7.72 8.12 8.23 7.30 7.22 7.39 7.37 7.35 7.23 7.07 7.07 7.08 7.06 7.13 7.40 7.26 7.34 7.29 7.76 7.82
-9999 -9999 -9999 -9999 -9999 -9999 -9999 -9999 -9999 -9999 -9999 -9999 -9999 8.13 8.44 9.46 10.97 11.77 9.99 10.43 8.84 6.43 6.11 5.53 6.42 6.59 6.16 7.65 8.57 11.42 9.21 8.11 7.96 9.38 8.99 7.03 7.72 6.98 7.24 9.24 7.85 7.69 7.61 7.70 6.97 7.01 8.40 7.81 7.29 7.79 7.43 7.10 7.29 8.02 7.80 7.81 7.49 7.96 7.28 8.24 8.25 7.41 7.20 7.61 7.48 7.19 7.14 6.98 6.95 7.00 7.01 7.03 7.03 7.07 7.11 7.26 7.27 7.35 7.62
-9999 -9999 -9999 -9999 -9999 -9999 -9999 -9999 -9999 -9999 -9999 -9999 -9999 9.00 8.93 9.56 11.58 14.22 13.12 9.87 7.33 5.92 7.05 8.76 10.47 12.12 9.57 8.10 8.98 10.03 9.07 7.25 10.08 9.48 9.11 7.73 8.38 7.33 7.06 7.79 8.95 8.53 7.88 7.29 6.83 7.23 8.11 7.78 7.39 7.45 7.72 7.79 7.98 8.43 7.84 7.54 8.46 8.47 8.35 8.13 8.27 7.41 7.64 8.05 7.19 7.00 6.96 6.89 6.97 6.96 6.95 6.97 6.96 7.01 6.95 6.86 6.79 6.79 7.11
-9999 -9999 -9999 -9999 -9999 -9999 -9999 -9999 -9999 -9999 -9999 -9999 10.61 7.71 7.89 10.40 11.86 11.47 10.96 8.54 8.83 12.53 10.06 10.35 10.57 9.16 8.54 9.36 10.01 8.73 7.65 8.15 9.95 9.89 9.15 7.73 8.61 7.04 6.98 8.43 7.99 8.23 8.17 7.37 6.74 7.13 8.12 7.92 7.19 7.43 7.42 7.31 8.00 7.75 8.59 8.00 8.57 7.98 8.26 8.40 7.61 7.37 8.08 7.95 7.04 6.91 7.13 6.93 7.07 7.05 7.11 7.02 6.93 6.88 6.68 6.96 7.25 7.28 6.73
-9999 -9999 -9999 -9999 -9999 -9999 -9999 -9999 -9999 -9999 -9999 -9999 12.18 9.23 7.73 7.95 10.28 13.68 12.76 10.94 9.18 9.90 11.26 12.44 12.65 9.48 11.29 12.09 8.77 10.65 7.05 7.71 9.70 11.31 8.34 8.56 7.43 6.58 6.71 7.55 10.00 8.61 8.40 7.79 7.38 7.52 7.92 7.64 7.15 7.33 7.27 7.16 7.15 8.28 8.67 8.57 9.12 8.30 7.94 7.95 7.57 7.84 8.25 7.98 7.41 7.55 7.35 7.58 7.23 7.22 7.41 7.28 6.97 6.75 6.51 6.52 7.23 7.28 7.32
-9999 -9999 -9999 -9999 -9999 -9999 -9999 -9999 -9999 -9999 -9999 -9999 10.41 8.52 5.45 6.82 9.81 13.83 12.13 11.93 9.63 11.45 10.97 9.86 10.65 11.18 11.00 9.58 8.37 8.89 10.88 7.98 8.41 8.49 8.41 9.51 8.16 6.74 6.81 7.61 8.15 8.00 8.65 8.15 7.77 7.93 7.45 6.94 7.35 7.52 7.61 7.11 7.65 8.80 8.79 8.01 8.24 8.95 8.10 8.31 7.53 8.29 8.49 7.79 7.58 7.65 7.09 7.26 7.16 7.19 7.24 7.03 6.85 6.69 6.51 6.77 6.42 6.74 6.91
-9999 -9999 -9999 -9999 -9999 -9999 -9999 -9999 -9999 -9999 -9999 10.00 10.07 10.83 8.12 6.56 10.33 12.04 13.89 13.57 9.13 9.50 8.55 9.84 11.38 9.81 9.70 11.22 9.72 9.09 8.66 7.87 7.57 7.81 8.48 8.39 7.94 7.51 7.03 7.08 7.89 8.18 7.60 7.92 7.67 8.14 7.41 7.22 7.30 6.93 6.87 7.18 8.19 8.25 8.35 7.72 8.47 8.61 8.23 7.59 8.27 8.35 8.49 8.53 8.05 7.60 7.36 7.13 7.19 7.21 7.04 6.85 6.61 6.41 6.45 6.74 6.75 6.81 6.99
-9999 -9999 -9999 -9999 -9999 -9999 -9999 -9999 -9999 -9999 11.00 10.18 10.27 8.18 6.38 9.09 12.30 13.39 11.96 13.40 9.81 10.67 8.99 8.73 14.41 10.47 11.04 9.31 9.31 8.08 7.72 7.85 8.87 8.13 9.73 8.35 8.45 7.14 6.92 7.11 7.58 7.95 7.60 7.71 7.98 8.02 6.80 7.18 7.06 7.16 7.31 7.68 8.27 7.78 8.41 7.93 8.20 7.59 7.47 8.43 8.76 8.38 8.56 8.36 7.52 7.75 7.66 7.54 7.40 7.06 6.80 6.45 6.49 6.40 6.89 7.11 7.31 7.31 6.74
-9999 -9999 -9999 -9999 -9999 -9999 -9999 -9999 12.49 10.58 9.01 7.31 6.94 7.04 7.12 10.09 11.82 13.70 15.14 13.36 10.96 7.61 9.66 9.34 13.12 10.78 9.93 9.92 8.61 8.17 7.07 7.81 9.47 9.05 9.26 7.58 7.60 7.21 7.18 7.68 7.54 7.96 7.34 7.46 7.67 7.01 6.73 6.94 7.60 7.37 8.06 8.73 8.42 8.00 7.56 7.30 7.97 8.42 8.18 8.49 7.79 8.45 8.53 7.88 7.14 7.11 7.79 7.60 7.56 6.80 6.46 6.15 6.31 7.13 7.43 7.22 7.89 7.58 7.31
-9999 -9999 -9999 -9999 12.96 11.62 9.91 12.03 11.51 11.12 10.82 8.62 7.77 7.02 11.23 10.33 12.71 13.47 13.31 10.52 9.01 6.95 8.19 8.45 14.47 13.00 10.77 8.75 8.92 8.29 9.45 7.24 8.95 9.34 9.03 8.36 7.48 6.94 7.70 7.28 6.95 8.10 7.23 7.14 6.78 6.93 7.21 7.67 7.08 7.78 7.50 7.96 8.76 8.52 8.20 7.89 8.33 8.39 8.12 7.93 8.62 7.81 7.68 7.40 7.00 7.56 7.79 7.80 7.16 6.55 6.44 6.49 7.40 7.55 7.21 7.81 7.12 7.28 7.50
-9999 -9999 -9999 13.20 10.64 10.55 9.41 8.69 10.00 9.58 9.83 7.92 6.64 9.56 10.67 11.63 9.25 14.07 10.76 8.52 12.38 9.46 6.87 13.29 12.12 11.08 7.51 7.29 7.85 10.49 7.96 7.51 7.67 7.83 9.17 8.85 8.53 7.29 7.43 6.95 6.92 7.71 7.26 6.85 6.79 6.98 7.44 7.39 9.04 7.52 7.35 7.83 8.48 7.90 7.77 7.38 7.58 8.02 7.89 8.55 8.04 7.53 7.56 7.59 7.05 7.29 7.39 6.94 6.71 6.52 6.53 6.64 7.11 7.86 7.80 7.82 7.42 7.21 7.20
-9999 -9999 12.40 11.47 8.35 7.70 7.82 8.77 8.46 8.82 7.87 8.30 11.90 9.66 9.10 12.30 7.58 9.94 9.60 12.13 11.52 12.21 10.55 10.62 9.52 7.18 11.05 10.61 7.66 8.15 7.70 7.39 7.90 7.37 7.58 9.07 9.16 7.04 6.69 6.79 7.23 6.73 6.28 6.66 8.80 7.13 7.03 7.73 8.52 7.91 7.47 7.98 8.39 8.28 8.62 8.02 7.39 7.28 7.25 8.14 7.77 7.24 7.91 7.67 7.07 7.14 7.03 6.77 6.90 6.93 6.92 7.14 7.30 7.93 7.31 7.12 7.31 6.82 6.88
10.11 11.34 8.88 8.49 8.91 8.05 7.75 9.64 8.55 8.36 8.38 10.82 10.47 9.28 10.64 10.17 8.22 8.28 11.15 11.51 10.31 10.72 12.13 8.96 6.21 10.82 12.15 9.83 9.88 7.89 8.08 7.26 7.68 9.31 7.72 9.70 8.07 6.90 6.51 6.80 8.07 5.96 6.36 9.92 7.84 7.36 7.43 8.15 9.03 7.80 7.72 8.00 7.70 8.08 7.98 7.43 7.09 7.31 6.95 7.35 7.63 7.54 7.17 6.83 6.55 6.47 6.90 8.06 7.54 8.32 7.79 6.96 7.97 7.71 7.69 7.31 7.09 7.09 6.77
7.46 9.91 12.47 11.56 11.04 8.19 9.16 10.64 9.40 8.93 10.84 9.60 9.35 11.53 9.02 6.92 7.58 8.35 10.90 11.02 10.78 10.23 9.07 6.75 8.40 16.78 13.59 10.36 8.03 8.49 8.01 9.22 7.91 8.44 7.69 7.80 7.66 7.32 6.65 6.46 6.40 5.85 9.08 10.00 9.39 8.11 7.71 10.08 8.87 7.98 7.97 7.59 8.11 7.94 7.55 6.75 7.54 7.09 6.51 7.94 7.75 6.79 6.65 6.52 6.30 6.74 7.68 8.12 8.06 8.57 7.99 7.63 8.17 7.77 7.10 7.27 7.11 7.21 7.11
7.46 8.80 9.34 8.83 7.62 9.12 7.97 9.59 6.75 7.86 10.21 9.87 8.56 9.34 6.36 5.81 9.16 10.57 9.98 8.96 10.73 8.07 6.69 5.73 10.28 14.16 14.95 8.76 8.97 9.11 9.36 8.48 7.30 8.66 8.07 7.95 7.36 7.33 6.07 5.78 6.79 6.84 9.58 9.94 9.41 8.17 8.77 10.12 9.43 8.70 8.03 8.08 7.85 7.37 6.89 6.71 7.04 7.28 6.86 6.72 6.65 6.38 7.33 7.81 6.53 6.88 7.77 8.22 7.96 8.47 8.39 8.32 8.28 7.22 7.17 6.99 6.99 6.69 6.91
7.62 8.46 8.25 8.57 7.72 7.54 8.29 7.08 7.60 6.50 6.55 6.68 6.28 5.72 7.46 6.49 10.27 16.18 8.95 9.05 9.77 13.81 13.23 6.21 6.56 16.30 12.65 10.11 10.27 11.15 9.31 7.35 6.65 8.89 9.15 7.87 7.11 6.66 5.90 5.77 7.12 9.66 10.47 9.80 9.36 8.85 8.64 8.56 9.21 8.33 7.96 7.59 7.11 6.66 6.48 7.14 6.91 6.69 6.59 5.83 5.99 6.72 6.68 7.35 6.88 7.02 7.29 7.68 8.24 8.48 8.46 8.42 8.45 7.11 6.63 6.98 6.90 6.37 6.60
7.45 8.40 7.46 7.61 7.29 6.97 5.83 5.62 6.24 5.56 7.03 6.16 7.90 5.15 8.03 10.23 10.91 12.40 12.94 10.50 12.46 14.42 10.04 11.86 10.95 7.63 12.12 11.46 8.19 8.58 7.10 8.27 8.02 10.94 10.16 7.85 6.97 6.06 5.77 6.91 9.85 9.11 10.88 9.73 9.45 9.94 8.82 9.56 8.15 8.12 7.53 7.05 6.70 6.68 6.56 6.52 6.19 6.02 5.60 5.65 6.57 7.32 6.96 6.51 7.14 6.83 7.83 7.34 7.42 7.71 7.95 8.12 8.10 7.48 6.53 6.82 6.74 6.42 6.71
7.62 7.15 8.18 8.98 10.35 8.91 7.08 5.90 4.89 5.15 7.84 5.63 6.81 4.84 7.44 8.59 8.50 7.99 10.22 9.49 11.70 11.93 13.65 11.68 12.65 12.03 15.63 9.96 8.55 7.88 8.59 7.92 10.20 10.18 10.57 7.44 6.65 5.76 8.93 9.80 9.95 10.65 9.24 9.71 9.86 9.44 8.05 7.92 7.94 7.56 7.14 6.84 6.53 6.85 6.79 6.84 6.13 5.42 5.33 5.89 7.38 6.05 6.58 6.80 6.58 6.63 6.91 6.77 6.98 7.50 7.28 7.69 7.64 7.20 6.91 6.82 6.30 6.04 7.09
8.15 7.57 7.68 9.33 9.59 10.04 8.74 7.48 6.21 5.38 5.86 8.11 5.17 9.27 9.20 9.80 11.23 10.07 8.27 8.67 10.46 9.75 11.47 11.05 9.73 13.99 13.83 8.59 8.97 6.90 7.54 9.16 10.07 10.06 9.28 7.27 6.46 7.70 7.43 9.47 9.63 9.20 9.49 9.21 8.76 8.32 7.36 7.06 7.05 6.95 8.05 6.73 7.16 6.49 6.25 5.54 5.10 5.15 6.03 7.02 6.56 6.20 6.41 6.42 6.34 6.64 7.14 7.47 6.34 7.18 7.91 7.31 7.03 7.16 6.25 6.37 6.96 6.40 6.16
8.98 9.50 10.61 11.95 -9999 -9999 -9999 -9999 8.43 7.46 7.83 5.82 5.14 6.91 7.71 7.77 7.35 4.62 12.89 13.78 9.63 8.72 9.27 10.89 11.85 13.68 10.76 8.79 7.46 6.59 10.33 9.62 11.46 8.94 8.23 7.26 6.91 8.81 7.83 9.66 9.67 8.93 8.93 8.57 8.09 7.42 6.98 6.79 6.81 6.80 7.66 6.79 6.94 6.81 6.15 5.52 5.09 6.37 6.37 6.64 6.50 6.44 5.30 5.61 5.84 6.98 7.42 7.05 5.99 6.75 7.37 7.16 6.75 7.19 6.62 6.29 6.52 6.55 6.12
