ML/MeanWindSpeed_1992-04_Actual.txt
ncols         180
nrows         290
xllcorner     -200000
yllcorner     -200000
cellsize      5000
NODATA_value  -9999
[rows 204 to 237 of 290, columns 78 to 155 of 180]
9.67 9.92 11.01 11.52 11.18 10.33 11.55 10.81 12.20 10.05 10.91 12.69 12.36 11.14 11.43 8.74 7.91 10.26 11.38 11.01 10.22 11.51 9.35 8.16 7.27 10.91 14.30 15.11 10.19 10.28 10.43 10.64 9.95 9.04 10.03 9.58 9.63 9.19 9.06 7.94 7.56 8.27 8.29 10.56 11.06 10.73 9.70 10.09 11.06 10.44 9.81 9.32 9.45 9.37 9.03 8.70 8.57 8.86 9.07 8.73 8.60 8.47 8.18 8.89 9.22 8.19 8.44 9.17 9.57 9.39 9.79 9.72 9.66 9.63 8.82 8.78 8.65 8.68
10.70 10.18 10.95 10.90 11.22 10.74 10.82 11.68 10.95 11.34 10.38 10.30 10.13 9.49 8.68 9.54 8.47 11.35 15.91 10.24 10.21 10.73 13.81 13.21 7.63 8.05 15.98 13.28 11.28 11.39 12.07 10.69 9.07 8.43 10.18 10.46 9.56 8.92 8.41 7.60 7.33 8.43 10.53 11.41 11.15 10.87 10.41 10.14 9.84 10.19 9.45 9.22 9.06 8.78 8.50 8.41 8.99 8.91 8.78 8.65 8.00 8.10 8.61 8.53 8.99 8.54 8.62 8.85 9.18 9.64 9.83 9.78 9.74 9.78 8.73 8.36 8.64 8.62
10.41 9.99 10.80 10.26 10.62 10.74 10.82 10.26 10.24 10.67 9.97 10.89 9.90 10.90 8.29 10.02 11.54 12.04 13.14 13.37 11.32 12.75 14.24 10.76 12.12 11.58 9.14 12.68 12.30 9.78 10.09 8.88 9.64 9.44 11.80 11.26 9.46 8.68 7.80 7.35 8.17 10.61 10.23 11.81 11.11 10.99 11.36 10.29 10.40 9.16 9.16 8.81 8.59 8.45 8.57 8.59 8.66 8.50 8.36 7.94 7.95 8.73 9.33 8.99 8.52 8.86 8.51 9.24 8.87 8.98 9.21 9.35 9.50 9.50 9.01 8.29 8.54 8.50
10.89 9.97 9.65 10.60 11.55 13.07 12.36 11.21 10.46 9.74 9.78 11.67 9.69 10.25 8.30 10.05 10.75 10.55 9.98 11.37 10.59 12.33 12.49 13.59 11.90 12.80 12.44 15.34 11.09 10.05 9.50 9.90 9.31 11.19 11.31 11.55 8.98 8.16 7.36 9.72 10.42 10.72 11.46 10.51 10.97 11.18 10.70 8.82 8.53 8.65 8.53 8.40 8.40 8.34 8.74 8.83 9.00 8.52 7.93 7.83 8.31 9.60 8.66 8.97 8.91 8.48 8.31 8.46 8.39 8.60 8.98 8.81 9.16 9.13 8.78 8.58 8.55 8.19
11.27 10.28 9.90 10.16 11.65 12.24 12.90 12.12 11.34 10.52 9.94 10.32 11.80 9.14 11.93 11.67 11.94 12.81 11.56 9.83 10.01 11.40 10.84 12.10 11.56 10.53 13.80 13.78 9.91 10.17 8.50 8.99 10.34 11.18 11.18 10.47 8.68 7.78 8.68 8.54 10.21 10.47 10.24 10.54 10.33 9.83 8.95 7.85 7.61 7.76 7.93 9.09 8.38 8.93 8.56 8.46 7.97 7.72 7.82 8.50 9.37 9.28 9.12 9.12 8.70 8.20 8.19 8.53 8.83 8.01 8.69 9.28 8.84 8.65 8.77 8.10 8.25 8.84
11.37 10.84 11.24 12.16 13.40 -9999 -9999 -9999 -9999 11.88 11.38 11.82 10.08 9.22 10.24 10.60 10.29 9.53 7.08 13.33 13.87 10.65 9.92 10.38 11.55 12.26 13.67 11.43 9.90 8.79 8.09 11.13 10.72 12.12 10.12 9.41 8.48 8.07 9.54 8.87 10.38 10.40 9.83 9.86 9.53 8.96 8.10 7.56 7.41 7.55 7.83 8.87 8.55 8.87 8.82 8.30 7.93 7.79 8.89 8.93 9.25 9.46 9.51 8.40 7.97 7.60 8.25 8.57 8.35 7.62 8.28 8.85 8.72 8.42 8.81 8.42 8.29 8.59
13.14 13.19 12.23 13.74 13.90 -9999 -9999 -9999 -9999 -9999 -9999 -9999 9.80 9.73 10.67 10.16 9.76 9.41 10.54 12.15 13.98 13.67 12.31 11.32 10.95 10.46 12.97 12.72 9.29 8.20 10.91 11.44 12.54 10.34 9.56 8.91 8.23 8.93 9.58 9.81 10.15 9.89 9.54 9.28 8.93 8.47 8.08 7.67 7.98 7.75 8.02 8.33 8.54 8.66 8.19 8.36 9.06 8.90 8.51 9.64 9.58 9.31 9.09 8.20 7.46 7.68 8.08 7.94 7.55 7.47 8.34 7.79 8.05 8.72 8.34 8.38 8.39 7.99
-9999 13.61 -9999 -9999 -9999 -9999 -9999 -9999 -9999 -9999 12.85 11.71 11.35 12.29 12.13 11.14 10.10 10.11 10.08 12.10 13.42 12.81 10.00 9.97 12.36 11.65 11.96 10.40 8.93 8.67 10.73 11.36 11.33 9.99 9.36 8.86 7.73 9.98 10.34 9.65 9.78 9.44 9.20 8.97 8.66 8.74 8.16 8.05 7.62 7.70 7.96 8.38 8.42 8.50 7.96 8.87 9.98 9.11 9.48 8.40 9.06 8.69 8.06 7.95 7.40 7.46 8.05 7.70 7.22 7.31 7.52 7.99 8.40 8.07 8.54 8.42 7.94 7.92
-9999 -9999 -9999 -9999 -9999 -9999 -9999 -9999 -9999 -9999 13.90 13.33 12.05 13.17 13.73 -9999 -9999 10.67 12.60 9.93 11.23 10.70 10.40 10.74 11.85 10.26 10.33 10.46 9.91 10.52 11.11 11.26 10.53 9.74 9.69 8.37 8.64 10.36 9.76 9.35 9.10 9.05 9.23 8.99 8.52 8.35 7.83 7.85 8.18 8.58 8.53 9.09 8.35 7.93 8.57 10.33 9.32 9.36 8.82 7.71 8.42 7.77 7.21 7.10 7.02 6.91 7.08 8.13 7.36 7.39 7.51 7.61 7.82 7.75 7.60 8.62 8.23 8.69
-9999 -9999 -9999 -9999 -9999 -9999 -9999 -9999 -9999 -9999 -9999 -9999 -9999 -9999 -9999 -9999 -9999 12.08 11.51 11.17 10.61 9.71 9.34 9.45 10.25 10.32 10.87 11.19 11.42 12.02 11.97 -9999 10.19 9.52 8.88 8.37 8.78 10.16 9.73 9.59 9.01 8.44 8.29 8.74 8.18 8.20 8.88 8.95 8.71 9.27 9.93 9.20 8.95 8.67 8.98 10.07 9.27 9.06 8.62 7.74 7.21 6.69 6.66 7.09 6.80 6.50 6.81 7.13 7.12 7.24 7.34 7.45 7.58 7.82 8.01 8.31 8.30 8.76
-9999 -9999 -9999 -9999 -9999 -9999 -9999 -9999 -9999 -9999 -9999 -9999 -9999 -9999 -9999 -9999 -9999 -9999 12.25 11.13 10.22 10.17 10.24 9.26 9.49 10.34 11.47 -9999 -9999 -9999 -9999 10.84 9.69 9.15 8.54 8.36 8.89 10.17 9.71 9.67 8.93 8.08 8.47 8.23 9.11 8.85 10.05 9.29 9.44 9.19 9.49 9.40 8.91 9.34 8.37 9.03 9.15 7.99 7.80 7.11 6.55 6.00 5.37 5.19 5.59 5.75 6.18 6.59 6.78 6.83 7.79 8.03 7.39 7.49 7.69 7.90 8.21 9.13
-9999 -9999 -9999 -9999 -9999 -9999 -9999 -9999 -9999 -9999 -9999 -9999 -9999 -9999 -9999 -9999 -9999 -9999 -9999 11.90 12.27 11.42 10.30 9.90 10.39 11.66 -9999 -9999 -9999 -9999 11.22 10.66 10.22 8.25 7.93 8.04 9.80 10.46 10.12 9.51 8.48 8.18 8.03 9.07 10.07 9.52 9.68 9.42 9.55 9.38 8.77 9.09 9.06 8.71 8.63 8.70 8.33 7.67 7.46 7.41 7.11 6.61 5.36 5.17 5.28 5.51 6.33 6.72 7.03 6.75 7.28 7.28 7.23 7.85 7.38 8.04 8.23 8.79
-9999 -9999 -9999 -9999 -9999 -9999 -9999 -9999 -9999 -9999 -9999 -9999 -9999 -9999 -9999 -9999 -9999 -9999 -9999 -9999 12.71 12.66 11.73 10.90 11.01 12.90 -9999 -9999 -9999 10.82 9.09 8.52 9.63 9.46 8.86 8.15 9.33 9.14 10.11 9.36 8.01 8.63 9.32 9.51 9.48 10.06 9.55 9.25 9.03 8.61 8.51 8.44 8.53 8.81 8.51 8.08 7.86 7.72 7.64 7.92 7.36 6.86 6.08 5.48 5.56 5.73 6.17 6.50 6.85 6.81 6.96 6.84 7.29 7.57 7.89 7.80 7.25 8.44
-9999 -9999 -9999 -9999 -9999 -9999 -9999 -9999 -9999 -9999 -9999 -9999 -9999 -9999 -9999 -9999 -9999 -9999 -9999 -9999 -9999 -9999 -9999 -9999 -9999 -9999 -9999 -9999 12.63 9.76 8.31 8.14 9.32 8.28 8.77 9.33 9.60 9.79 9.79 8.52 7.99 8.18 8.94 9.07 9.38 9.40 9.41 9.14 9.04 10.00 8.92 8.93 8.47 8.73 8.59 7.95 7.86 7.54 7.87 8.40 7.81 6.94 6.24 5.90 5.79 6.38 6.49 6.99 6.86 7.50 7.81 7.37 6.57 8.39 8.92 7.78 6.88 8.68
-9999 -9999 -9999 -9999 -9999 -9999 -9999 -9999 -9999 -9999 -9999 -9999 -9999 -9999 -9999 -9999 -9999 -9999 -9999 -9999 -9999 -9999 -9999 -9999 -9999 -9999 -9999 -9999 10.78 9.39 8.26 11.80 10.77 8.43 8.73 9.28 9.81 10.14 8.94 8.44 8.15 8.19 9.16 9.11 8.94 9.88 9.57 10.22 9.29 9.43 10.13 9.06 8.71 8.57 8.11 7.88 7.69 7.66 8.03 8.16 8.09 7.33 6.48 6.02 5.78 6.31 7.74 7.41 7.93 8.29 8.91 7.83 7.04 7.99 8.30 7.27 6.58 6.89
-9999 -9999 -9999 -9999 -9999 -9999 -9999 -9999 -9999 -9999 -9999 -9999 -9999 -9999 -9999 -9999 -9999 -9999 -9999 -9999 -9999 -9999 -9999 -9999 -9999 -9999 -9999 -9999 10.50 8.33 7.15 8.89 11.42 10.68 10.07 9.43 10.29 9.12 8.60 8.15 9.21 9.41 10.08 9.83 9.20 9.21 9.12 9.40 9.72 9.72 9.00 8.79 8.69 8.62 8.14 7.85 7.78 7.86 8.28 8.22 7.84 6.95 6.56 6.89 7.32 7.07 7.88 7.75 7.76 7.91 8.40 9.47 9.17 7.85 7.67 7.60 7.52 7.44
-9999 -9999 -9999 -9999 -9999 -9999 -9999 -9999 -9999 -9999 -9999 12.96 12.76 10.96 13.74 13.13 13.04 13.37 14.93 10.35 14.19 11.28 -9999 -9999 -9999 -9999 -9999 -9999 10.05 8.89 8.37 7.83 8.53 9.84 10.94 10.60 9.64 8.84 8.53 9.01 9.92 9.54 9.30 9.47 9.21 9.04 9.35 9.11 8.95 8.77 8.89 8.38 8.71 8.93 9.21 8.40 8.09 8.49 8.43 7.99 8.17 6.99 6.47 7.42 8.19 7.52 7.37 7.67 7.66 7.60 7.49 7.58 7.42 7.14 6.91 6.62 6.46 6.51
-9999 -9999 -9999 -9999 -9999 -9999 -9999 -9999 -9999 -9999 -9999 13.66 12.56 11.89 10.07 11.49 12.75 12.46 13.14 13.51 11.89 10.83 9.68 10.45 12.38 11.10 10.49 9.70 9.34 8.81 8.50 8.39 8.22 8.45 10.10 10.08 9.29 8.61 10.40 9.48 8.99 9.40 9.80 9.38 9.30 9.04 9.06 9.28 9.06 8.89 8.05 8.18 8.52 8.55 8.48 8.88 9.10 8.18 7.94 7.54 7.24 7.56 6.80 9.40 8.35 8.05 7.67 7.31 7.37 7.27 7.78 7.67 6.73 7.68 7.26 7.56 6.65 6.77
-9999 -9999 -9999 -9999 -9999 -9999 -9999 -9999 -9999 -9999 13.19 11.85 10.80 10.05 9.18 10.97 13.22 13.12 12.45 12.20 12.10 11.16 9.62 9.17 10.18 11.20 9.43 9.00 8.62 8.62 9.13 8.25 8.35 9.40 9.45 9.12 9.07 10.43 9.36 10.33 9.98 9.45 8.82 9.09 8.62 8.89 9.17 8.91 9.13 8.42 8.52 8.39 8.30 8.28 9.27 9.74 8.35 7.74 7.84 9.19 8.03 7.53 7.59 7.69 7.87 7.79 7.26 7.09 7.52 8.14 7.45 6.69 6.51 7.60 7.16 7.00 7.28 7.22
-9999 -9999 -9999 -9999 -9999 -9999 -9999 -9999 -9999 -9999 -9999 11.55 10.26 9.55 10.73 10.80 11.66 13.74 12.86 11.28 10.17 11.54 12.39 10.51 9.15 9.51 10.68 9.35 8.21 8.22 8.17 8.60 8.62 8.22 8.49 8.82 9.24 9.88 9.15 10.15 9.37 9.31 9.24 9.28 8.65 9.14 9.39 9.21 8.20 8.24 8.67 8.15 7.79 7.65 8.50 9.44 9.16 7.82 7.97 8.79 8.55 7.93 7.27 7.19 7.01 7.07 7.96 7.67 7.44 7.80 8.42 7.80 7.33 7.76 7.70 7.00 7.52 6.83
-9999 -9999 -9999 -9999 -9999 -9999 -9999 14.01 -9999 -9999 12.13 11.08 11.25 9.35 10.81 10.10 10.24 10.80 11.20 11.62 10.42 11.69 12.21 10.10 9.05 8.21 8.08 7.92 7.75 7.93 8.18 8.74 8.00 7.90 8.45 9.75 9.07 9.66 9.00 9.51 9.13 9.70 10.22 9.64 8.81 8.50 8.61 8.42 8.09 9.09 8.44 7.95 9.13 8.04 8.27 9.70 10.27 7.85 8.05 8.49 8.18 7.66 7.26 7.06 7.17 7.55 7.88 7.24 6.91 6.89 7.22 7.22 7.20 7.74 7.28 7.12 7.01 6.65
-9999 -9999 -9999 -9999 -9999 -9999 13.03 13.55 13.32 12.96 10.93 10.25 11.53 10.04 9.43 9.97 9.62 10.88 11.51 11.93 10.77 10.58 10.64 9.17 7.79 7.39 7.60 7.94 8.11 7.69 7.81 8.06 7.73 7.76 9.12 9.42 8.88 9.23 9.34 10.30 9.78 9.81 10.61 9.64 9.27 8.49 8.91 8.62 8.75 8.44 8.27 7.78 8.52 8.50 8.18 9.22 8.94 8.27 8.11 8.03 8.23 7.85 7.53 7.12 6.79 6.79 6.80 7.01 7.13 7.02 6.54 6.87 7.11 7.69 7.92 7.54 6.64 7.17
-9999 -9999 -9999 -9999 -9999 -9999 12.48 12.24 11.40 11.68 10.93 10.37 9.87 10.99 10.81 10.16 10.95 10.94 11.03 11.89 10.79 10.42 9.87 7.63 7.67 8.86 8.75 8.13 7.66 7.35 7.81 8.27 8.45 8.11 9.20 9.04 9.38 8.59 8.09 9.49 10.44 9.74 9.77 9.51 8.91 8.90 9.33 8.72 8.25 8.82 9.00 8.00 8.24 8.28 8.32 9.21 9.54 9.44 10.30 8.58 8.47 7.57 7.14 7.12 7.08 6.75 6.61 6.85 7.19 6.89 6.65 6.50 7.05 7.10 7.14 7.14 7.20 6.43
-9999 -9999 -9999 -9999 -9999 -9999 12.87 11.98 11.38 11.55 11.14 10.97 10.23 10.58 10.48 9.59 10.46 10.61 11.24 11.52 10.87 8.79 7.42 6.57 7.77 7.85 8.48 9.08 7.78 7.76 7.96 7.75 8.43 8.06 9.00 8.89 8.84 8.63 8.30 9.84 9.71 9.76 9.61 9.31 8.98 8.99 9.41 9.29 8.40 8.28 8.49 9.02 8.24 8.41 8.37 8.95 9.16 9.14 9.45 9.02 9.40 9.59 6.98 9.13 7.96 6.59 6.69 8.93 8.90 8.46 6.42 6.34 6.55 6.55 6.92 6.72 7.45 8.17
-9999 -9999 -9999 -9999 -9999 -9999 11.85 11.54 11.35 11.16 10.71 10.48 10.10 9.91 10.52 10.04 10.21 10.69 10.22 10.36 10.04 9.48 7.03 7.10 8.54 8.07 9.16 9.24 8.00 8.28 8.66 8.15 8.39 8.50 8.73 8.74 8.73 9.25 9.95 9.06 9.78 9.59 9.49 9.18 8.95 9.13 9.40 8.74 8.67 8.54 8.86 9.11 9.47 8.99 9.61 9.74 9.85 9.66 9.24 8.72 8.53 8.40 7.63 8.81 8.58 8.82 8.40 8.82 9.21 9.37 6.86 6.84 6.69 6.76 7.16 7.92 8.76 9.02
-9999 -9999 -9999 -9999 -9999 -9999 11.04 10.92 10.92 11.15 11.43 10.76 10.13 9.67 10.03 10.92 10.67 10.39 9.90 10.24 9.91 9.37 8.44 7.22 7.51 7.54 9.28 8.53 7.19 9.23 9.11 8.37 10.13 9.22 9.78 10.31 9.92 9.82 10.27 9.59 9.17 9.42 9.30 8.83 8.82 8.99 9.38 8.74 8.80 9.45 9.96 9.79 9.70 9.81 9.82 10.19 11.02 10.70 10.01 9.59 9.79 9.84 9.67 9.90 9.98 9.89 -9999 -9999 9.45 9.36 8.67 8.10 7.49 9.40 8.20 -9999 -9999 -9999
-9999 -9999 -9999 -9999 -9999 12.28 10.93 10.85 10.31 10.95 11.01 11.54 10.23 10.43 10.27 10.86 10.49 10.08 9.88 10.01 9.80 9.45 8.96 8.55 8.76 9.06 8.84 7.93 9.87 10.61 8.93 8.44 9.17 9.15 10.10 10.23 9.54 9.58 9.47 9.22 9.78 9.65 9.68 9.34 9.21 9.61 10.18 9.96 9.64 9.58 9.69 9.89 -9999 -9999 10.51 11.22 12.07 11.82 11.33 10.85 10.82 -9999 -9999 -9999 -9999 -9999 -9999 -9999 -9999 -9999 -9999 9.11 9.34 10.42 9.47 -9999 -9999 -9999
-9999 -9999 -9999 -9999 12.91 11.64 10.53 11.02 10.27 10.25 9.97 9.67 9.20 11.40 12.04 11.30 10.83 10.76 11.09 10.27 9.62 9.38 9.48 9.40 11.20 11.59 10.98 10.72 11.99 10.42 10.39 10.22 10.77 11.28 10.17 9.43 9.73 9.26 9.34 9.09 9.20 9.22 10.37 11.18 11.14 11.05 11.08 11.12 10.42 -9999 9.20 9.64 9.51 9.88 10.60 -9999 -9999 -9999 -9999 11.93 -9999 -9999 -9999 -9999 -9999 -9999 -9999 -9999 -9999 -9999 -9999 -9999 -9999 -9999 -9999 -9999 -9999 -9999
-9999 -9999 -9999 13.32 12.60 12.35 11.54 10.54 10.20 9.96 8.90 8.32 9.29 13.02 14.20 11.01 10.51 12.46 10.67 11.70 9.71 9.49 11.69 10.99 11.01 11.30 11.33 -9999 -9999 -9999 -9999 -9999 11.22 12.18 11.59 10.34 10.12 9.76 9.28 9.25 9.18 9.69 10.80 -9999 -9999 -9999 -9999 -9999 11.33 11.12 10.12 9.13 8.96 10.58 10.86 -9999 -9999 -9999 -9999 -9999 -9999 -9999 -9999 -9999 -9999 -9999 -9999 -9999 -9999 -9999 -9999 -9999 -9999 -9999 -9999 -9999 -9999 -9999
-9999 -9999 10.38 10.82 12.20 12.59 11.57 11.23 10.53 9.11 9.30 8.96 10.73 13.07 14.20 13.17 12.52 11.25 11.99 10.95 10.86 10.66 12.44 12.53 -9999 -9999 -9999 -9999 -9999 -9999 -9999 -9999 -9999 11.90 11.88 10.74 11.35 11.92 11.96 10.33 11.69 11.82 12.51 -9999 -9999 -9999 -9999 -9999 -9999 -9999 10.05 10.19 9.38 10.11 -9999 -9999 -9999 -9999 -9999 -9999 -9999 -9999 -9999 -9999 -9999 -9999 -9999 -9999 -9999 -9999 -9999 -9999 -9999 -9999 -9999 -9999 -9999 -9999
12.63 11.97 10.07 10.42 11.81 13.06 13.07 11.69 10.01 9.66 9.85 9.49 10.85 13.51 12.44 12.48 12.60 13.27 9.36 11.10 13.40 11.94 -9999 -9999 -9999 -9999 -9999 -9999 -9999 -9999 -9999 -9999 -9999 -9999 -9999 12.44 -9999 -9999 -9999 -9999 11.21 12.97 13.44 -9999 -9999 -9999 -9999 -9999 -9999 -9999 -9999 10.79 12.09 11.17 -9999 -9999 -9999 -9999 -9999 -9999 -9999 -9999 -9999 -9999 -9999 -9999 -9999 -9999 -9999 -9999 -9999 -9999 -9999 -9999 -9999 -9999 -9999 -9999
12.02 10.94 9.46 10.42 11.96 12.57 13.07 11.98 11.08 11.49 9.33 8.34 9.83 12.82 13.15 11.86 11.23 12.21 10.08 10.16 11.46 -9999 -9999 -9999 -9999 -9999 -9999 -9999 -9999 -9999 -9999 -9999 -9999 -9999 -9999 13.41 -9999 -9999 -9999 -9999 -9999 -9999 -9999 -9999 -9999 -9999 -9999 -9999 -9999 -9999 -9999 -9999 -9999 -9999 -9999 -9999 -9999 -9999 -9999 -9999 -9999 -9999 -9999 -9999 -9999 -9999 -9999 -9999 -9999 -9999 -9999 -9999 -9999 -9999 -9999 -9999 -9999 -9999
12.62 11.33 9.74 10.74 11.51 11.79 12.29 11.62 11.20 11.72 9.05 8.34 9.17 11.57 14.99 15.31 10.88 10.61 10.00 10.98 13.13 -9999 -9999 -9999 -9999 -9999 -9999 -9999 -9999 -9999 -9999 -9999 -9999 -9999 -9999 -9999 -9999 -9999 -9999 -9999 -9999 -9999 -9999 -9999 -9999 -9999 -9999 -9999 -9999 -9999 -9999 -9999 -9999 -9999 -9999 -9999 -9999 -9999 -9999 -9999 -9999 -9999 -9999 -9999 -9999 -9999 -9999 -9999 -9999 -9999 -9999 -9999 -9999 -9999 -9999 -9999 -9999 -9999
11.69 12.51 11.53 11.59 11.57 12.29 11.89 11.47 11.07 9.99 9.66 8.90 8.80 11.38 13.57 13.31 11.58 9.80 9.78 12.24 12.13 -9999 -9999 -9999 -9999 -9999 -9999 -9999 -9999 -9999 -9999 -9999 -9999 -9999 -9999 -9999 -9999 -9999 -9999 -9999 -9999 -9999 -9999 -9999 -9999 -9999 -9999 -9999 -9999 -9999 -9999 -9999 -9999 -9999 -9999 -9999 -9999 -9999 -9999 -9999 -9999 -9999 -9999 -9999 -9999 -9999 -9999 -9999 -9999 -9999 -9999 -9999 -9999 -9999 -9999 -9999 -9999 -9999
