ML/MeanWindSpeed_1992-01_Actual.txt
ncols         180
nrows         290
xllcorner     -200000
yllcorner     -200000
cellsize      5000
NODATA_value  -9999
[rows 175 to 209 of 290, columns 79 to 157 of 180]
-9999 -9999 -9999 -9999 -9999 -9999 -9999 9.57 8.76 7.90 7.56 7.68 6.03 5.99 12.24 16.45 7.40 10.26 11.27 11.24 9.65 6.72 6.16 8.53 11.00 9.07 7.07 7.07 7.57 6.94 7.16 8.27 7.58 6.93 6.36 6.28 6.13 5.57 5.10 5.10 9.42 10.86 9.41 9.87 8.29 7.69 9.23 9.49 7.61 7.28 8.39 7.79 7.27 7.60 7.31 8.07 7.47 7.35 7.17 7.14 8.31 7.55 7.21 7.11 6.81 7.19 7.77 7.97 8.31 8.64 7.76 9.15 10.84 -9999 -9999 -9999 -9999 -9999 -9999
-9999 -9999 -9999 -9999 -9999 -9999 -9999 -9999 10.38 8.23 6.95 5.49 4.09 6.87 18.59 12.49 5.22 10.14 8.13 11.49 11.62 8.06 5.44 10.24 9.47 10.22 8.74 7.07 6.87 6.69 6.27 7.37 7.73 7.24 6.75 6.31 6.29 5.82 5.26 6.35 7.55 11.02 9.75 10.60 9.73 6.55 8.61 10.11 7.65 7.69 8.42 7.86 7.62 7.54 7.42 8.15 7.40 7.23 7.28 7.00 7.81 7.79 7.37 7.22 7.04 7.10 7.64 8.64 7.98 7.56 7.64 8.83 10.57 -9999 -9999 -9999 -9999 -9999 -9999
-9999 -9999 -9999 -9999 -9999 -9999 -9999 -9999 -9999 8.35 6.10 5.57 6.40 14.71 17.71 12.11 8.03 7.75 9.09 11.15 12.15 11.47 7.24 6.50 11.33 10.05 9.15 7.94 6.85 6.56 6.79 7.13 7.41 6.94 6.47 6.53 6.37 6.13 6.14 6.51 8.22 9.50 8.16 8.65 9.85 8.37 6.69 9.89 7.76 7.76 8.36 7.83 7.70 7.49 7.81 8.13 7.49 7.34 7.20 6.88 8.26 7.89 7.56 7.48 7.40 7.62 7.59 7.70 7.51 7.43 7.72 9.17 10.76 -9999 -9999 -9999 -9999 -9999 -9999
-9999 -9999 -9999 -9999 -9999 -9999 -9999 -9999 -9999 7.93 6.26 7.42 8.93 11.34 15.07 9.11 6.06 7.49 9.79 10.60 12.02 10.94 7.62 5.62 11.19 11.70 9.69 8.47 6.75 6.32 6.80 7.70 7.40 7.02 6.74 6.26 5.98 6.37 7.75 7.44 6.16 9.87 8.08 8.45 9.88 9.99 8.44 7.84 7.38 6.61 7.83 8.47 7.75 7.60 7.32 7.60 7.34 7.62 7.33 7.27 7.93 8.43 8.07 8.02 7.81 7.78 7.63 7.42 7.39 7.79 8.65 10.00 -9999 -9999 -9999 -9999 -9999 -9999 -9999
-9999 -9999 -9999 -9999 -9999 -9999 -9999 -9999 -9999 6.92 6.24 7.20 6.93 10.80 10.40 8.03 8.77 7.08 8.14 10.61 10.14 11.95 9.45 6.36 10.09 11.51 10.98 8.26 7.09 6.15 7.00 8.06 7.86 7.11 6.62 6.28 6.52 7.54 7.73 6.46 6.23 8.52 8.42 8.13 8.24 8.07 8.31 8.87 6.54 7.29 7.59 7.43 7.79 7.46 7.94 7.18 7.33 7.55 7.46 7.88 9.63 8.97 8.41 8.14 8.02 7.86 7.67 7.52 7.63 8.58 9.83 -9999 -9999 -9999 -9999 -9999 -9999 -9999 -9999
-9999 -9999 -9999 -9999 -9999 -9999 -9999 -9999 8.19 12.87 7.60 8.27 8.83 5.76 13.45 11.78 11.02 9.78 11.39 9.35 10.34 9.26 8.18 9.03 12.10 11.48 10.75 8.14 6.97 6.19 7.38 7.68 7.37 7.01 6.43 6.53 7.69 7.20 6.71 7.56 8.13 6.58 9.86 9.12 7.19 7.89 7.63 7.20 7.21 6.76 6.78 6.95 7.81 7.47 6.96 7.87 7.32 7.45 7.71 8.39 9.82 9.06 8.50 8.29 7.97 7.85 7.57 7.48 8.27 9.48 -9999 -9999 -9999 -9999 -9999 -9999 -9999 11.16 -9999
-9999 -9999 -9999 -9999 -9999 -9999 9.84 9.01 11.45 9.76 8.09 8.42 8.88 5.92 6.74 8.12 11.39 11.08 11.81 11.28 11.57 7.30 9.61 9.62 7.94 8.82 8.18 8.20 7.22 6.50 7.15 7.43 7.34 6.68 6.72 7.81 7.36 7.41 6.63 7.89 8.45 8.16 7.32 6.67 7.90 7.70 7.41 7.45 7.48 7.38 6.50 7.26 7.26 6.81 6.89 7.06 7.33 7.63 7.67 8.42 9.66 8.99 8.37 8.17 7.80 7.64 7.43 7.73 8.75 -9999 -9999 -9999 -9999 -9999 10.68 10.49 10.14 9.55 9.48
-9999 -9999 -9999 -9999 -9999 10.40 9.99 9.81 9.89 9.66 9.55 8.21 6.37 5.89 6.68 7.57 10.27 15.82 9.78 8.49 7.77 5.36 10.34 11.46 11.36 9.27 8.05 7.99 7.56 7.05 7.16 7.57 7.12 6.68 6.79 7.60 7.98 6.75 6.58 7.94 8.15 7.84 7.42 7.55 7.78 6.98 7.45 6.85 7.00 7.56 7.14 6.77 6.47 6.78 7.29 6.99 7.19 7.40 7.58 8.11 9.54 9.05 8.27 7.83 7.56 7.45 7.36 7.68 8.52 -9999 -9999 -9999 -9999 -9999 9.42 8.90 8.70 8.29 8.11
-9999 -9999 -9999 -9999 10.69 11.23 10.68 10.56 -9999 -9999 -9999 -9999 6.44 11.36 9.19 8.46 11.04 10.01 8.10 9.85 8.78 7.71 14.81 12.92 11.14 11.74 9.10 7.29 7.53 7.41 6.92 6.95 6.73 6.30 6.85 6.85 8.06 7.04 6.80 7.16 7.66 7.84 7.72 7.07 7.15 7.06 7.15 7.13 7.03 6.79 6.63 6.39 6.64 7.24 6.94 6.60 7.07 7.53 7.73 7.91 8.69 8.62 8.35 7.55 7.39 7.29 7.18 7.32 8.00 9.27 -9999 -9999 -9999 -9999 8.47 7.88 7.89 7.91 7.74
-9999 -9999 -9999 -9999 12.00 13.04 10.74 11.18 -9999 -9999 -9999 -9999 6.49 9.33 10.24 6.52 10.29 9.65 8.79 11.43 12.85 10.56 13.70 8.61 9.48 9.52 8.45 7.30 7.09 7.12 6.84 6.99 7.27 6.41 6.89 6.95 7.32 7.79 7.03 7.15 6.78 7.40 7.94 8.24 8.17 7.01 6.76 6.89 6.98 7.31 6.79 6.62 6.85 7.02 7.26 6.58 7.89 7.97 8.25 7.73 8.11 8.16 7.98 7.32 7.33 7.25 7.10 7.07 7.24 8.06 8.84 -9999 -9999 8.89 8.20 7.75 8.03 7.82 7.61
-9999 -9999 -9999 -9999 -9999 -9999 -9999 -9999 -9999 -9999 -9999 -9999 7.48 11.49 10.00 6.76 8.08 6.66 11.86 12.09 8.73 11.32 11.04 9.90 10.44 8.72 7.92 7.17 7.45 7.04 7.19 6.94 6.60 6.63 6.64 6.63 7.02 7.56 7.02 6.85 7.24 7.54 7.14 7.67 7.72 6.20 7.26 8.17 7.52 7.74 7.47 6.36 6.71 7.31 7.93 7.68 7.25 7.57 8.14 7.83 8.13 7.98 7.83 7.18 7.27 7.25 7.17 7.04 6.84 7.07 7.63 8.34 8.54 8.06 7.75 7.05 7.88 8.05 8.14
-9999 -9999 -9999 -9999 -9999 -9999 -9999 -9999 -9999 -9999 -9999 -9999 -9999 11.43 5.35 5.15 7.69 10.70 10.40 12.47 11.92 8.92 9.98 11.11 8.57 8.02 7.45 7.21 6.93 7.15 7.07 6.95 6.68 6.59 6.58 6.78 6.70 7.31 6.97 6.66 8.58 8.19 7.16 6.90 6.67 6.58 6.51 7.38 7.64 7.58 8.54 6.99 6.56 7.03 6.79 7.09 7.16 6.99 7.92 7.99 7.83 7.64 7.86 7.25 7.28 7.24 7.14 7.08 7.04 7.07 7.08 7.38 7.51 7.48 7.19 7.10 7.95 8.07 7.95
-9999 -9999 -9999 -9999 -9999 -9999 -9999 -9999 -9999 -9999 -9999 -9999 -9999 7.44 10.81 11.51 9.66 8.18 8.23 10.85 9.67 9.91 8.52 8.22 9.42 7.17 7.23 8.58 8.12 7.76 7.12 6.39 6.21 6.75 6.71 7.46 7.43 7.36 6.82 6.40 8.19 9.04 8.00 7.03 6.52 6.63 6.58 6.41 6.66 7.61 9.57 8.41 6.77 6.33 6.61 7.46 8.22 8.13 7.77 8.18 8.03 7.95 7.71 7.42 7.39 7.29 7.29 7.23 7.20 7.22 7.24 7.27 7.30 7.47 7.29 6.98 7.65 7.80 8.38
-9999 -9999 -9999 -9999 -9999 -9999 -9999 -9999 -9999 -9999 -9999 -9999 9.16 8.81 7.22 13.57 9.07 7.33 9.71 9.80 9.04 11.37 8.54 8.18 9.54 6.55 11.45 9.39 8.08 8.12 8.55 6.85 6.36 8.64 8.46 7.55 6.69 7.14 7.04 6.79 7.41 8.03 7.92 7.28 6.79 6.59 6.68 6.80 6.61 7.79 7.92 7.42 6.79 6.37 6.83 7.63 8.44 8.43 7.64 7.84 8.13 8.12 7.80 7.55 7.44 7.40 7.39 7.34 7.27 7.28 7.31 7.14 7.15 7.59 7.46 7.15 7.39 7.75 7.49
-9999 -9999 -9999 -9999 -9999 -9999 -9999 -9999 -9999 -9999 -9999 -9999 8.31 9.01 13.54 9.39 6.07 7.72 7.65 8.89 11.05 10.93 8.99 8.79 8.49 6.98 7.28 8.02 9.51 9.44 7.66 7.34 7.18 7.73 8.10 6.75 6.55 7.10 7.03 7.53 7.83 7.47 7.71 7.41 6.93 6.76 6.76 6.70 6.71 7.53 7.85 7.35 6.44 6.56 7.46 8.37 7.94 8.53 8.50 8.16 7.95 8.45 7.80 7.91 7.57 7.50 7.38 7.36 7.33 7.26 7.21 7.13 7.11 7.77 7.55 7.16 7.26 7.73 7.72
-9999 -9999 -9999 -9999 -9999 -9999 -9999 -9999 -9999 -9999 -9999 -9999 9.83 11.15 6.14 7.60 7.06 8.29 8.09 11.63 10.36 12.00 10.06 9.39 7.77 6.29 6.40 8.64 10.53 11.52 7.59 8.69 8.15 8.57 8.04 6.44 6.60 6.78 7.01 7.53 7.21 7.32 8.29 7.64 6.75 6.81 7.83 6.62 6.92 7.36 7.31 6.88 6.62 7.08 7.50 7.76 7.97 8.05 7.59 7.65 8.18 8.28 7.55 7.56 7.57 7.47 7.44 7.32 7.18 7.19 7.17 7.15 7.18 7.37 7.20 7.30 7.23 7.64 7.71
-9999 -9999 -9999 -9999 -9999 -9999 -9999 -9999 -9999 -9999 -9999 -9999 -9999 6.17 7.01 8.81 11.22 12.38 10.77 10.99 9.53 7.82 7.87 7.20 7.90 7.73 6.59 7.34 7.96 10.52 8.55 7.63 8.07 9.36 8.58 6.70 7.31 6.37 6.52 8.56 7.47 7.31 7.21 7.27 6.48 6.59 8.00 7.36 6.81 7.27 7.01 6.81 7.10 7.87 7.62 7.52 7.25 7.75 7.20 8.23 8.27 7.50 7.48 7.93 7.72 7.41 7.35 7.20 7.14 7.16 7.15 7.17 7.14 7.10 7.11 7.30 7.36 7.45 7.68
-9999 -9999 -9999 -9999 -9999 -9999 -9999 -9999 -9999 -9999 -9999 -9999 -9999 7.11 7.42 8.58 11.15 14.11 13.11 10.04 7.73 6.73 7.85 9.40 11.04 12.44 9.70 7.67 8.02 8.89 7.94 6.34 9.59 9.26 8.64 7.41 7.92 6.66 6.29 7.17 8.54 8.14 7.48 6.91 6.41 6.74 7.55 7.19 6.82 6.87 7.19 7.36 7.64 8.23 7.72 7.35 8.25 8.29 8.23 8.16 8.25 7.51 7.93 8.35 7.54 7.38 7.34 7.21 7.18 7.13 7.12 7.13 7.11 7.12 7.05 7.02 7.06 7.13 7.40
-9999 -9999 -9999 -9999 -9999 -9999 -9999 -9999 -9999 -9999 -9999 -9999 9.01 6.83 6.90 8.77 10.70 10.87 10.61 8.25 8.64 12.27 10.04 10.30 10.58 9.12 8.47 8.96 9.09 7.71 6.57 6.98 9.03 9.12 8.49 7.46 8.08 6.31 6.13 7.48 7.37 7.72 7.73 7.06 6.45 6.74 7.47 7.22 6.61 6.85 6.90 6.85 7.56 7.47 8.29 7.79 8.45 8.01 8.25 8.38 7.71 7.64 8.39 8.28 7.43 7.33 7.51 7.24 7.25 7.18 7.23 7.18 7.10 7.07 6.88 7.17 7.55 7.65 7.17
-9999 -9999 -9999 -9999 -9999 -9999 -9999 -9999 -9999 -9999 -9999 -9999 11.10 8.74 6.89 6.45 8.91 12.46 11.97 10.31 8.72 9.26 10.26 11.43 11.91 8.91 10.54 11.34 8.16 9.74 6.19 6.61 8.45 9.98 7.74 8.23 6.95 5.81 5.86 6.56 8.90 7.79 7.77 7.31 6.98 7.10 7.25 6.97 6.59 6.73 6.69 6.64 6.68 7.78 8.22 8.24 8.90 8.26 7.97 8.05 7.85 8.28 8.64 8.30 7.79 7.97 7.73 7.80 7.39 7.31 7.43 7.38 7.14 7.01 6.84 6.90 7.63 7.69 7.74
-9999 -9999 -9999 -9999 -9999 -9999 -9999 -9999 -9999 -9999 -9999 -9999 9.78 8.17 4.83 5.80 8.69 12.53 11.43 11.31 8.99 10.07 9.47 8.74 9.95 10.28 10.01 8.74 7.61 8.11 9.82 7.22 7.52 7.60 7.96 9.05 7.57 6.07 6.01 6.61 7.05 7.08 7.82 7.40 7.23 7.41 6.80 6.38 6.83 6.99 7.07 6.67 7.20 8.25 8.24 7.61 7.98 8.81 8.18 8.57 8.05 8.86 9.00 8.29 8.04 8.11 7.61 7.66 7.46 7.34 7.31 7.14 7.07 7.11 7.05 7.36 7.05 7.31 7.47
-9999 -9999 -9999 -9999 -9999 -9999 -9999 -9999 -9999 -9999 -9999 8.87 9.47 10.27 7.55 6.04 9.41 10.97 13.04 12.63 8.26 8.18 7.24 8.70 10.52 8.98 8.73 10.05 8.75 8.24 7.88 7.29 6.93 7.10 7.92 7.86 7.37 6.93 6.36 6.16 6.78 7.20 6.75 7.08 7.03 7.48 6.80 6.79 6.93 6.54 6.52 6.92 7.86 7.84 7.84 7.38 8.26 8.62 8.46 8.01 8.78 8.95 9.10 9.06 8.53 8.10 7.88 7.62 7.52 7.39 7.17 7.01 6.90 6.93 7.07 7.40 7.40 7.44 7.59
-9999 -9999 -9999 -9999 -9999 -9999 -9999 -9999 -9999 -9999 10.11 9.61 9.77 7.69 6.04 8.39 10.82 11.76 10.63 11.96 8.64 9.19 7.61 7.94 13.49 9.75 9.98 8.26 8.51 7.37 6.91 7.16 8.13 7.59 9.18 7.83 7.90 6.66 6.38 6.37 6.67 7.12 6.76 6.87 7.23 7.33 6.33 6.78 6.73 6.74 6.91 7.38 7.98 7.52 8.11 7.82 8.20 7.76 7.79 8.85 9.22 8.91 9.12 8.88 8.07 8.28 8.19 8.00 7.72 7.30 6.97 6.67 6.82 6.88 7.35 7.63 7.84 7.81 7.29
-9999 -9999 -9999 -9999 -9999 -9999 -9999 -9999 11.22 10.04 8.88 7.29 6.55 6.27 6.53 9.12 10.16 11.88 13.37 12.04 10.12 6.86 8.55 8.56 11.96 9.59 8.82 8.80 7.79 7.49 6.31 6.99 8.63 8.43 8.75 7.29 7.26 6.75 6.68 7.02 6.82 7.22 6.64 6.80 7.10 6.46 6.30 6.59 7.23 6.96 7.55 8.28 8.07 7.76 7.43 7.29 7.97 8.50 8.48 8.99 8.36 8.93 9.10 8.51 7.76 7.67 8.22 7.96 7.78 7.03 6.65 6.35 6.58 7.42 7.65 7.49 8.14 7.86 7.63
-9999 -9999 -9999 -9999 11.07 9.74 8.28 10.48 10.45 10.63 10.58 8.40 7.27 6.30 10.22 9.06 10.73 11.71 11.81 9.72 8.64 6.65 7.32 7.34 12.62 11.63 10.10 8.14 8.17 7.61 8.61 6.43 7.93 8.46 8.29 8.03 7.26 6.54 7.19 6.80 6.58 7.45 6.70 6.81 6.54 6.56 6.75 7.31 6.81 7.26 6.92 7.43 8.29 8.26 8.08 7.86 8.34 8.52 8.45 8.47 9.15 8.44 8.42 8.13 7.64 8.03 8.13 8.07 7.39 6.82 6.64 6.63 7.50 7.66 7.32 7.87 7.25 7.45 7.70
-9999 -9999 -9999 11.81 9.79 9.72 8.66 8.10 9.44 9.16 9.54 7.94 6.45 8.71 9.52 9.73 7.30 11.99 9.32 7.65 11.52 8.93 6.23 11.72 10.67 10.77 7.88 7.13 7.43 9.85 7.48 6.89 6.82 7.02 8.33 8.46 8.21 6.90 6.97 6.58 6.71 7.25 6.98 6.92 6.78 6.68 6.95 6.99 8.50 6.94 6.63 7.16 7.94 7.60 7.64 7.39 7.68 8.15 8.15 9.00 8.69 8.26 8.26 8.26 7.70 7.81 7.80 7.36 7.08 6.85 6.70 6.69 7.16 7.82 7.78 7.87 7.50 7.38 7.42
-9999 -9999 11.97 11.33 8.60 7.98 7.92 8.69 8.13 8.26 7.52 8.18 11.36 8.88 7.94 10.26 6.06 8.40 8.30 10.91 10.67 11.36 9.70 9.36 8.65 7.73 11.37 10.43 7.42 7.72 7.38 6.96 7.23 6.66 6.82 8.47 8.62 6.62 6.19 6.39 6.96 6.42 6.28 6.95 8.68 6.77 6.56 7.32 7.98 7.21 6.72 7.28 7.77 7.83 8.32 7.92 7.51 7.50 7.59 8.63 8.44 7.97 8.58 8.36 7.67 7.60 7.42 7.10 7.13 7.09 6.92 7.03 7.19 7.80 7.33 7.25 7.48 7.09 7.19
9.80 11.14 9.07 8.75 9.09 8.04 7.74 9.36 8.09 7.72 8.08 10.55 9.99 8.57 9.51 8.73 7.10 7.36 10.06 10.39 9.23 9.79 11.01 7.56 5.45 11.00 12.41 9.84 9.45 7.53 7.76 6.87 7.16 8.58 7.11 8.89 7.45 6.46 5.99 6.38 7.77 5.87 6.35 9.68 7.52 6.74 6.80 7.60 8.33 7.09 7.01 7.31 7.12 7.63 7.69 7.35 7.25 7.59 7.34 7.76 8.16 8.26 7.98 7.63 7.12 6.82 7.09 8.03 7.45 8.11 7.48 6.69 7.68 7.55 7.70 7.44 7.31 7.43 7.18
7.58 9.86 12.19 11.16 10.74 8.12 8.98 10.40 9.19 8.66 10.49 9.19 8.78 10.83 8.54 6.50 7.55 8.38 10.48 10.42 10.31 10.02 8.31 5.29 7.31 15.79 13.06 9.92 7.71 8.17 7.73 8.70 7.46 8.04 7.43 7.22 6.99 6.87 6.17 5.96 5.98 5.63 8.62 9.22 8.28 6.93 6.62 8.94 7.90 7.20 7.23 6.91 7.47 7.43 7.18 6.69 7.67 7.37 6.90 8.21 8.20 7.54 7.42 7.20 6.79 6.95 7.62 7.85 7.68 8.01 7.35 7.07 7.73 7.63 7.21 7.49 7.39 7.57 7.55
7.64 8.74 9.23 8.80 7.66 9.11 8.17 9.78 7.18 8.23 10.25 9.75 8.65 9.29 6.40 5.87 9.42 10.54 9.66 8.79 10.65 8.31 6.50 5.13 9.25 12.47 13.20 7.94 8.32 8.58 8.90 8.06 6.99 8.47 7.98 7.38 6.77 6.87 5.60 5.33 6.26 6.31 8.56 8.45 7.70 6.60 7.29 8.65 8.24 7.78 7.30 7.40 7.26 7.03 6.71 6.70 7.16 7.46 7.16 7.11 7.22 7.08 7.91 8.24 6.88 7.01 7.53 7.63 7.24 7.60 7.48 7.52 7.62 7.20 7.33 7.24 7.29 7.06 7.40
7.95 8.43 8.21 8.77 8.34 8.33 9.04 7.97 8.63 7.78 7.66 7.62 6.84 5.88 7.25 6.10 9.35 14.48 7.72 7.85 9.04 13.21 12.74 6.29 6.04 14.31 10.94 8.79 9.20 10.20 8.59 6.94 6.49 8.70 8.84 7.32 6.62 6.35 5.64 5.55 6.58 8.61 8.85 7.77 7.43 7.03 6.94 7.11 7.98 7.44 7.30 7.07 6.76 6.52 6.51 7.21 7.06 6.99 7.07 6.43 6.65 7.38 7.27 7.78 7.20 7.05 6.98 7.07 7.41 7.53 7.53 7.61 7.69 7.09 6.88 7.25 7.20 6.81 7.18
7.91 8.54 7.75 8.18 8.31 8.27 7.30 7.14 7.82 7.26 8.50 7.56 8.41 5.54 8.07 9.53 9.55 10.45 10.99 8.84 10.87 12.97 9.38 11.24 10.08 6.82 10.90 10.11 7.27 7.71 6.62 7.80 7.70 10.44 9.51 7.20 6.39 5.60 5.48 6.52 8.74 7.63 8.92 7.61 7.36 7.87 7.01 8.13 7.15 7.35 7.01 6.68 6.54 6.63 6.67 6.80 6.59 6.61 6.41 6.51 7.33 8.00 7.55 6.95 7.37 6.92 7.62 6.93 6.77 6.97 7.22 7.40 7.49 7.38 6.76 7.12 7.12 6.95 7.31
8.06 7.49 8.56 9.44 10.90 9.88 8.45 7.54 6.75 7.01 9.45 7.28 7.70 5.62 7.54 7.91 7.21 6.53 8.86 8.32 9.68 9.51 11.61 10.43 11.45 11.12 14.26 8.84 7.54 6.94 7.94 7.51 9.63 9.40 9.42 6.60 5.95 5.18 8.11 8.91 8.58 8.82 7.37 7.70 7.81 7.64 7.21 7.28 7.30 7.02 6.78 6.61 6.48 6.93 7.07 7.32 6.82 6.30 6.34 6.91 8.31 7.03 7.34 7.30 6.90 6.86 6.97 6.53 6.47 6.98 6.81 7.18 7.30 7.25 7.21 7.25 6.90 6.79 7.71
8.59 8.00 8.14 9.58 9.95 10.60 9.74 8.75 7.75 7.12 7.60 9.32 6.10 9.60 8.83 8.66 9.69 8.79 7.47 7.72 8.74 7.58 9.05 8.76 7.97 12.85 12.72 7.50 7.77 6.16 6.99 8.45 9.11 8.67 7.96 6.47 5.93 7.11 6.67 8.23 8.07 7.55 7.75 7.54 7.38 7.54 7.07 6.81 6.71 6.58 7.63 6.60 7.13 6.63 6.69 6.39 6.13 6.19 7.06 8.07 7.68 7.31 7.36 7.08 6.74 6.86 7.18 7.21 6.03 6.83 7.53 7.06 7.00 7.34 6.69 6.95 7.66 7.30 7.15
9.07 9.46 10.33 11.40 -9999 -9999 -9999 -9999 9.29 8.87 9.56 7.37 6.43 7.57 7.43 6.87 6.38 3.90 11.59 12.62 8.27 6.99 7.17 8.37 9.40 11.76 9.33 7.54 6.37 5.76 9.29 8.48 9.80 7.46 6.98 6.38 6.34 8.04 6.74 8.06 7.98 7.37 7.47 7.35 7.24 6.99 6.79 6.63 6.56 6.56 7.41 6.72 6.89 6.88 6.60 6.41 6.20 7.39 7.29 7.58 7.72 7.72 6.51 6.30 6.09 7.04 7.39 6.81 5.81 6.58 7.18 7.05 6.89 7.49 7.10 7.00 7.49 7.70 7.38
