ML/MeanWindSpeed_1994-05_Actual.txt
ncols         180
nrows         290
xllcorner     -200000
yllcorner     -200000
cellsize      5000
NODATA_value  -9999
[rows 175 to 209 of 290, columns 78 to 155 of 180]
-9999 -9999 -9999 -9999 -9999 -9999 -9999 -9999 11.22 10.41 9.55 8.81 8.08 6.54 5.38 9.10 14.22 7.04 8.76 8.01 7.02 5.64 4.06 4.74 6.52 7.88 6.93 5.91 6.46 7.32 7.04 7.15 7.95 7.35 7.20 7.02 7.21 7.36 7.36 7.54 7.71 11.36 11.78 10.40 10.41 8.67 8.33 9.16 8.72 7.30 7.01 7.80 7.44 7.05 7.64 7.45 8.39 8.25 8.33 8.35 8.41 9.29 8.45 8.37 8.53 8.58 9.01 9.33 9.35 9.38 9.58 8.79 10.32 12.17 -9999 -9999 -9999 -9999
-9999 -9999 -9999 -9999 -9999 -9999 -9999 -9999 -9999 11.96 9.89 8.24 6.63 6.07 6.96 16.48 11.90 5.92 9.61 5.82 7.53 6.99 4.62 4.07 9.19 7.43 7.73 6.91 6.26 6.55 6.70 6.26 7.05 7.42 7.30 7.11 6.89 7.13 7.07 7.05 8.77 10.08 12.56 10.68 11.07 10.22 7.09 8.63 9.79 7.52 7.36 7.70 7.15 7.10 7.43 7.46 8.46 8.12 8.09 8.39 8.29 8.80 8.64 8.35 8.37 8.44 8.71 9.22 10.11 9.27 8.72 8.72 10.02 11.91 -9999 -9999 -9999 -9999
-9999 -9999 -9999 -9999 -9999 -9999 -9999 -9999 -9999 -9999 10.04 7.70 7.18 8.24 15.44 17.57 12.63 9.21 8.82 8.85 9.12 8.75 8.22 5.86 5.86 9.86 7.56 6.82 6.83 6.41 6.45 6.48 6.67 7.08 6.83 6.55 6.74 6.84 6.80 7.17 8.48 10.54 11.39 9.55 9.55 10.54 8.75 6.88 9.82 7.61 7.35 7.68 7.01 7.02 7.10 7.66 8.41 8.10 8.04 8.24 8.05 9.11 8.66 8.34 8.32 8.37 8.76 8.89 9.02 8.78 8.73 8.94 10.45 12.16 -9999 -9999 -9999 -9999
-9999 -9999 -9999 -9999 -9999 -9999 -9999 -9999 -9999 -9999 9.38 7.96 9.36 11.11 13.18 16.26 10.53 7.06 8.73 10.44 10.24 10.52 8.88 6.62 5.33 10.32 9.52 7.66 7.40 6.35 6.31 6.51 7.26 7.11 6.84 6.63 6.34 6.28 6.65 8.27 8.74 8.10 11.72 9.72 10.06 10.97 10.28 8.67 8.03 7.27 6.28 7.29 7.60 6.81 6.87 7.07 7.82 7.78 8.08 8.06 7.89 8.22 8.67 8.38 8.46 8.41 8.57 8.69 8.70 8.70 9.14 10.05 11.44 -9999 -9999 -9999 -9999 -9999
-9999 -9999 -9999 -9999 -9999 -9999 -9999 -9999 -9999 -9999 8.64 8.57 9.70 10.18 14.43 13.22 9.60 8.99 7.56 9.01 11.05 9.85 11.36 8.82 6.13 9.83 10.37 9.74 7.43 6.73 6.17 6.73 7.58 7.37 6.77 6.38 6.14 6.43 7.59 8.17 7.44 7.69 10.27 9.96 9.75 9.63 8.70 8.48 8.91 6.30 6.74 6.95 6.65 6.85 6.60 7.51 7.24 7.59 7.87 7.85 7.82 9.08 8.59 8.28 8.27 8.42 8.53 8.63 8.72 8.97 10.04 11.40 -9999 -9999 -9999 -9999 -9999 -9999
-9999 -9999 -9999 -9999 -9999 -9999 -9999 -9999 -9999 9.59 14.75 9.67 11.13 13.06 10.09 16.62 13.71 11.46 10.12 12.61 10.63 10.90 9.58 7.34 8.01 11.34 10.34 9.84 7.46 6.44 5.90 7.10 7.36 6.99 6.70 6.22 6.18 7.23 7.41 7.42 8.20 8.98 7.95 11.22 10.49 8.43 8.79 7.93 7.13 6.75 6.00 6.11 6.32 6.93 6.57 6.39 7.77 7.45 7.68 7.86 7.96 9.04 8.51 8.18 8.28 8.31 8.50 8.53 8.71 9.75 11.13 -9999 -9999 -9999 -9999 -9999 -9999 -9999
-9999 -9999 -9999 -9999 -9999 -9999 -9999 9.68 9.32 11.92 10.84 9.73 10.85 11.94 8.56 9.47 10.84 12.35 11.64 13.16 11.88 11.73 7.51 8.59 8.45 7.24 8.07 7.61 7.74 6.79 6.22 7.10 7.42 7.23 6.66 6.63 7.41 7.04 7.75 7.30 8.37 8.85 8.93 8.48 7.84 8.86 8.43 7.79 7.35 6.93 6.56 5.73 6.41 6.19 5.78 6.22 6.90 7.27 7.63 7.61 7.99 9.00 8.44 7.99 8.18 8.17 8.35 8.49 9.11 10.37 -9999 -9999 -9999 -9999 -9999 12.13 11.42 10.82
-9999 -9999 -9999 -9999 -9999 -9999 9.40 9.08 9.27 10.10 10.40 10.69 10.58 8.83 7.34 8.89 10.42 11.48 16.04 10.55 8.79 8.50 6.45 10.91 12.07 11.65 9.40 8.14 7.91 7.34 6.87 7.18 7.62 7.19 6.97 6.97 7.51 7.87 7.08 7.11 8.51 8.61 8.35 8.13 8.07 8.20 7.43 7.55 6.55 6.26 6.51 6.04 5.68 5.39 5.69 6.60 6.77 7.10 7.48 7.73 8.08 9.30 8.73 8.10 8.03 8.06 8.27 8.53 9.15 10.19 -9999 -9999 -9999 -9999 -9999 10.93 9.86 9.32
-9999 -9999 -9999 -9999 -9999 9.92 10.16 9.48 9.91 -9999 -9999 -9999 -9999 9.01 11.90 10.76 11.35 12.85 10.89 9.19 11.23 10.64 9.29 16.08 14.69 12.37 12.18 9.45 7.48 7.44 7.31 6.99 7.11 7.05 6.85 7.31 7.09 8.07 7.16 7.11 7.68 8.09 8.22 8.06 7.26 7.32 7.25 6.96 6.30 5.94 5.67 5.52 5.52 5.74 6.27 6.56 6.85 7.60 8.22 8.43 8.51 9.16 8.81 8.54 8.00 8.02 8.18 8.37 8.77 9.62 11.00 -9999 -9999 -9999 -9999 9.88 8.89 8.51
-9999 -9999 -9999 -9999 -9999 10.94 11.89 9.78 10.61 -9999 -9999 -9999 -9999 9.13 10.82 12.29 8.97 12.48 11.78 10.92 12.79 13.98 11.74 15.13 10.57 11.02 10.53 8.96 7.49 7.27 7.29 7.08 7.22 7.59 6.88 7.41 7.39 7.49 7.82 7.12 7.50 7.11 7.68 8.33 8.55 8.47 7.25 6.63 6.25 5.95 6.13 5.62 5.90 6.44 6.85 7.71 7.54 9.13 9.35 9.58 9.03 9.29 8.93 8.56 7.93 8.02 8.14 8.25 8.46 8.75 9.67 10.49 -9999 -9999 10.28 9.42 8.77 8.77
-9999 -9999 -9999 -9999 -9999 -9999 -9999 -9999 -9999 -9999 -9999 -9999 -9999 9.91 12.67 10.97 8.28 10.47 9.55 13.98 13.19 10.23 13.06 13.00 11.51 11.40 9.60 8.19 6.90 7.47 7.17 7.28 7.08 6.78 6.67 6.71 6.86 7.16 7.55 7.13 7.10 7.30 7.52 7.42 8.07 8.21 6.83 7.57 8.02 6.89 6.62 6.25 5.86 6.87 7.86 8.74 8.69 8.68 9.32 9.97 9.56 9.66 9.07 8.64 7.84 7.92 8.05 8.19 8.28 8.21 8.50 9.06 9.71 9.71 8.99 8.70 8.05 8.63
-9999 -9999 -9999 -9999 -9999 -9999 -9999 -9999 -9999 -9999 -9999 -9999 -9999 -9999 12.98 6.94 6.89 10.17 13.76 12.73 13.82 13.47 10.52 11.08 11.60 8.75 8.30 7.04 6.56 6.63 6.88 6.94 6.98 6.76 6.41 6.35 6.82 6.97 7.44 7.36 7.11 8.57 8.13 7.39 7.43 7.48 7.47 7.26 7.93 7.91 7.25 7.89 6.85 7.00 7.81 7.67 8.16 8.70 9.00 10.04 9.93 9.48 8.67 8.48 7.73 7.79 7.89 7.97 8.11 8.22 8.29 8.24 8.40 8.30 7.98 7.79 7.89 8.67
-9999 -9999 -9999 -9999 -9999 -9999 -9999 -9999 -9999 -9999 -9999 -9999 -9999 -9999 10.12 12.70 12.83 11.66 11.32 10.75 12.27 10.44 10.22 9.07 8.36 9.72 7.74 6.81 7.63 6.94 6.69 6.67 6.29 6.28 6.66 6.62 7.68 7.79 7.64 7.38 7.13 8.56 9.13 8.18 7.53 7.35 7.52 7.57 7.70 7.87 8.11 9.49 8.50 7.40 7.42 7.83 8.72 9.74 10.05 9.84 10.15 9.44 8.37 7.82 7.54 7.65 7.73 7.92 8.04 8.13 8.17 8.11 8.00 7.82 7.77 7.72 7.68 8.39
-9999 -9999 -9999 -9999 -9999 -9999 -9999 -9999 -9999 -9999 -9999 -9999 -9999 11.25 10.72 8.62 14.25 10.33 9.24 10.94 10.92 9.79 11.70 9.29 8.73 10.25 7.18 11.05 8.13 6.33 6.34 7.36 6.37 6.17 8.24 8.20 7.94 7.29 7.66 7.66 7.47 8.24 8.66 8.27 7.71 7.59 7.52 7.60 8.04 7.93 8.65 8.50 8.01 7.67 7.62 8.25 9.08 9.96 10.14 9.53 9.49 8.70 7.96 7.62 7.43 7.50 7.68 7.86 7.96 7.98 7.99 7.94 7.73 7.62 7.91 7.88 7.71 8.03
-9999 -9999 -9999 -9999 -9999 -9999 -9999 -9999 -9999 -9999 -9999 -9999 -9999 10.11 10.71 14.18 9.36 6.16 7.63 8.18 10.18 12.16 11.80 9.50 8.94 8.84 7.15 7.73 8.21 8.55 8.12 6.76 6.82 6.73 7.16 7.91 7.36 7.32 7.94 7.92 8.23 8.77 8.64 8.62 8.19 7.84 7.67 7.50 7.66 7.88 8.53 8.78 8.23 7.37 7.71 8.78 9.93 9.63 10.10 9.88 9.04 8.04 8.26 7.56 7.62 7.52 7.68 7.71 7.82 7.86 7.78 7.70 7.59 7.48 8.02 7.86 7.53 7.74
-9999 -9999 -9999 -9999 -9999 -9999 -9999 -9999 -9999 -9999 -9999 -9999 -9999 10.80 12.33 7.24 8.04 6.77 7.59 8.41 12.83 11.55 12.28 9.70 8.65 7.20 6.39 7.31 9.75 10.78 11.43 7.71 8.65 7.40 7.64 7.94 7.01 7.20 7.75 8.15 8.49 8.26 8.48 9.37 8.66 7.89 7.70 8.43 7.52 7.95 8.24 8.12 7.63 7.32 7.85 8.52 9.13 9.31 9.17 8.44 8.11 8.11 8.13 7.25 7.17 7.46 7.58 7.65 7.63 7.54 7.56 7.52 7.44 7.42 7.62 7.51 7.60 7.58
-9999 -9999 -9999 -9999 -9999 -9999 -9999 -9999 -9999 -9999 -9999 -9999 -9999 -9999 8.60 9.35 10.22 11.10 11.68 10.30 11.10 10.00 7.70 7.24 6.68 7.22 7.27 7.07 8.48 9.02 11.28 9.28 8.17 7.48 8.52 8.52 7.02 7.77 7.48 7.89 9.56 8.33 8.30 8.32 8.41 7.71 7.47 8.60 8.27 7.89 8.29 7.94 7.62 7.78 8.35 8.25 8.42 8.19 8.61 7.90 8.47 8.31 7.53 7.20 7.54 7.52 7.35 7.37 7.33 7.35 7.39 7.37 7.33 7.30 7.34 7.37 7.51 7.52
-9999 -9999 -9999 -9999 -9999 -9999 -9999 -9999 -9999 -9999 -9999 -9999 -9999 -9999 9.29 10.02 10.58 11.64 13.44 12.62 10.32 8.47 7.24 8.27 9.66 10.78 11.86 9.61 8.46 9.27 10.14 9.52 7.89 9.64 8.82 8.80 7.67 8.34 7.82 7.83 8.41 9.28 9.06 8.68 8.38 7.84 7.45 8.41 8.36 8.09 8.13 8.34 8.36 8.43 8.68 8.19 8.08 8.90 8.88 8.70 8.32 8.40 7.60 7.62 7.94 7.26 7.12 7.14 7.15 7.26 7.26 7.23 7.22 7.21 7.25 7.22 7.15 7.06
-9999 -9999 -9999 -9999 -9999 -9999 -9999 -9999 -9999 -9999 -9999 -9999 -9999 9.41 7.80 8.92 11.36 12.00 11.17 10.80 9.30 9.88 13.09 10.88 10.95 10.78 9.31 8.55 9.24 9.93 8.91 8.33 8.79 9.85 9.59 8.98 7.64 8.57 7.62 7.85 9.14 8.65 8.96 9.06 8.64 8.42 7.89 8.62 8.56 7.94 8.11 8.05 7.94 8.48 8.17 8.91 8.44 8.83 8.23 8.42 8.49 7.78 7.46 7.97 7.87 7.13 7.03 7.24 7.12 7.26 7.26 7.30 7.22 7.13 7.09 6.98 7.25 7.46
-9999 -9999 -9999 -9999 -9999 -9999 -9999 -9999 -9999 -9999 -9999 -9999 -9999 10.58 8.90 8.59 9.23 10.75 13.35 12.54 11.32 10.01 10.72 12.03 12.79 12.51 9.58 10.94 11.53 8.65 10.36 7.64 8.37 9.82 11.09 8.23 8.27 7.53 7.27 7.63 8.44 10.55 9.40 9.31 8.95 8.64 8.43 8.63 8.35 7.87 7.97 7.89 7.81 7.79 8.69 8.99 8.86 9.18 8.40 8.03 7.97 7.55 7.67 8.02 7.83 7.39 7.53 7.36 7.58 7.32 7.32 7.46 7.39 7.11 6.93 6.78 6.80 7.42
-9999 -9999 -9999 -9999 -9999 -9999 -9999 -9999 -9999 -9999 -9999 -9999 -9999 9.31 8.48 6.64 8.01 10.26 13.47 11.74 11.77 10.04 11.99 11.70 10.39 10.59 11.01 10.72 9.45 8.41 8.78 10.68 8.13 8.38 8.49 8.15 9.05 8.12 7.17 7.48 8.31 8.85 8.75 9.39 9.09 8.66 8.65 8.20 7.69 7.93 8.06 8.12 7.67 8.09 9.03 9.05 8.37 8.40 8.88 8.05 8.13 7.30 7.89 8.02 7.47 7.36 7.44 6.98 7.14 7.10 7.20 7.27 7.14 6.95 6.78 6.62 6.88 6.63
-9999 -9999 -9999 -9999 -9999 -9999 -9999 -9999 -9999 -9999 -9999 -9999 9.07 9.52 10.74 8.80 7.48 10.56 11.75 13.03 12.98 9.40 10.08 9.49 10.31 11.13 9.73 9.61 10.93 9.59 8.95 8.59 7.82 7.54 7.79 8.26 8.14 7.88 7.63 7.38 7.60 8.38 8.62 8.16 8.50 8.16 8.56 7.95 7.69 7.69 7.42 7.34 7.51 8.37 8.43 8.57 8.02 8.50 8.45 8.03 7.39 7.89 7.89 7.91 8.03 7.70 7.31 7.14 6.98 7.08 7.17 7.09 6.97 6.74 6.53 6.55 6.80 6.85
-9999 -9999 -9999 -9999 -9999 -9999 -9999 -9999 -9999 -9999 -9999 9.37 9.35 9.93 8.58 7.23 9.66 12.59 13.31 11.80 12.96 10.02 11.10 9.89 9.10 13.46 10.04 10.63 9.18 9.04 8.05 7.93 8.00 8.82 7.99 9.24 8.05 8.22 7.19 7.09 7.40 7.84 8.10 7.88 7.98 8.10 8.16 7.15 7.49 7.41 7.56 7.65 7.83 8.30 7.86 8.42 7.96 8.10 7.51 7.35 8.09 8.32 7.95 8.03 7.92 7.27 7.51 7.44 7.35 7.31 7.08 6.90 6.67 6.71 6.61 7.07 7.22 7.38
-9999 -9999 -9999 -9999 -9999 -9999 -9999 -9999 -9999 9.64 8.46 7.78 6.96 7.28 7.90 8.00 10.67 12.33 13.68 14.60 12.80 10.72 8.11 10.19 9.51 12.52 10.54 9.71 9.67 8.44 8.08 7.41 8.10 9.37 8.76 8.77 7.21 7.34 7.19 7.20 7.74 7.62 7.96 7.48 7.53 7.63 7.16 6.97 7.17 7.80 7.70 8.33 8.77 8.42 8.01 7.63 7.41 7.95 8.26 7.91 8.05 7.46 8.04 8.05 7.54 7.00 7.03 7.63 7.48 7.49 6.87 6.67 6.50 6.64 7.32 7.64 7.47 8.00
-9999 -9999 -9999 -9999 -9999 9.48 8.80 7.80 9.94 9.72 9.62 9.71 8.23 8.08 7.87 11.49 10.85 13.02 13.19 12.74 10.02 8.71 7.29 8.81 8.97 14.00 12.35 10.10 8.46 8.71 8.20 9.34 7.53 8.97 9.12 8.68 7.84 7.12 6.88 7.59 7.25 6.87 7.98 7.21 7.03 6.71 6.97 7.36 7.71 7.18 7.98 7.83 8.16 8.75 8.49 8.18 7.93 8.25 8.20 7.83 7.52 8.08 7.37 7.24 7.11 6.90 7.44 7.61 7.61 7.09 6.59 6.63 6.80 7.56 7.70 7.45 7.99 7.37
-9999 -9999 -9999 -9999 9.99 8.01 8.33 7.73 7.31 8.70 8.45 8.94 7.53 6.97 9.96 10.98 12.15 10.05 13.88 10.79 8.62 11.84 9.41 7.39 12.96 11.66 9.95 6.65 6.98 7.64 9.91 7.78 7.51 7.75 7.88 8.96 8.29 8.04 7.12 7.30 6.86 6.72 7.53 7.08 6.54 6.58 7.00 7.56 7.44 8.82 7.69 7.69 8.05 8.53 7.97 7.82 7.47 7.54 7.91 7.70 8.03 7.49 7.08 7.15 7.28 6.89 7.11 7.16 6.72 6.53 6.45 6.61 6.87 7.26 7.94 7.92 7.90 7.57
-9999 -9999 -9999 9.38 8.67 6.32 6.01 6.27 7.22 7.29 8.08 7.58 8.01 11.41 9.83 9.44 12.64 8.46 10.39 10.07 12.08 11.25 11.71 10.23 10.44 9.25 6.28 9.55 9.61 7.30 7.78 7.38 7.24 7.79 7.45 7.63 8.60 8.65 6.95 6.78 6.74 7.01 6.70 6.16 6.22 8.22 7.13 7.13 7.55 8.24 7.95 7.71 8.16 8.53 8.39 8.59 8.03 7.37 7.26 7.16 7.73 7.36 6.92 7.49 7.32 6.89 7.00 6.88 6.66 6.78 6.82 6.95 7.26 7.41 8.00 7.48 7.29 7.44
10.45 8.61 9.47 7.34 7.06 7.46 6.84 6.59 8.40 7.93 8.29 8.27 10.30 10.25 9.37 10.53 10.42 8.78 8.66 11.13 11.44 10.32 10.33 11.62 9.54 6.88 9.69 10.59 8.89 9.24 7.53 7.70 7.16 7.53 9.03 7.58 9.20 7.77 6.83 6.65 6.77 7.80 6.04 6.21 9.06 7.36 7.23 7.26 7.72 8.54 7.70 7.79 8.10 7.89 8.20 8.10 7.61 7.19 7.32 6.98 7.26 7.40 7.20 6.82 6.57 6.53 6.62 6.98 7.99 7.49 8.09 7.72 7.07 8.01 7.87 7.86 7.56 7.33
8.02 7.55 9.45 11.59 10.73 10.13 7.71 8.61 9.97 9.22 9.08 10.75 9.68 9.44 11.16 8.93 7.27 7.57 7.98 10.29 10.38 9.99 9.31 9.10 8.22 9.10 15.38 12.23 9.55 7.70 8.06 7.62 8.81 7.64 8.00 7.24 7.48 7.43 7.09 6.65 6.52 6.51 6.00 8.49 9.11 8.70 7.74 7.42 9.39 8.38 7.77 7.93 7.71 8.25 8.15 7.88 7.16 7.71 7.33 6.81 7.98 7.65 6.65 6.47 6.45 6.43 6.93 7.76 8.13 7.99 8.41 7.95 7.62 8.14 7.96 7.43 7.57 7.39
7.34 7.78 8.88 9.21 8.65 7.68 9.06 8.15 9.63 7.40 8.37 10.41 9.97 8.54 9.19 6.75 6.35 8.78 9.88 9.42 8.36 9.66 7.29 6.77 6.71 10.49 13.55 13.97 8.45 8.66 8.67 8.78 8.10 7.05 7.95 7.41 7.60 7.14 7.09 6.22 6.02 6.80 6.71 8.86 9.04 8.62 7.60 8.16 9.40 8.87 8.37 7.92 8.11 8.03 7.65 7.34 7.25 7.49 7.68 7.27 7.06 6.84 6.51 7.25 7.72 6.71 7.05 7.87 8.30 8.01 8.40 8.31 8.20 8.19 7.50 7.52 7.36 7.32
8.17 7.57 8.39 8.24 8.46 7.74 7.78 8.74 7.82 8.30 7.15 7.11 7.09 6.90 6.67 8.35 7.69 10.80 15.85 9.67 9.70 9.69 12.59 12.09 6.16 6.67 15.14 11.98 9.89 9.94 10.57 8.88 7.17 6.47 8.16 8.41 7.54 6.89 6.43 5.92 5.84 6.96 9.06 9.66 8.95 8.39 7.99 7.89 7.99 8.66 7.99 7.77 7.60 7.32 7.06 7.01 7.70 7.54 7.25 7.06 6.34 6.36 6.90 6.82 7.39 6.98 7.18 7.48 7.82 8.27 8.44 8.36 8.25 8.30 7.39 7.05 7.35 7.27
7.67 7.21 8.15 7.44 7.64 7.47 7.51 6.86 6.85 7.42 6.73 7.88 6.92 8.80 6.51 8.93 10.95 11.64 13.05 13.50 11.33 12.68 13.93 9.67 10.92 10.09 7.13 11.10 10.86 8.07 8.38 6.93 8.05 7.75 9.98 9.34 7.47 6.82 6.18 5.88 6.77 9.39 8.69 10.08 8.94 8.54 8.94 8.10 8.94 7.75 7.76 7.34 7.15 6.99 7.17 7.18 7.21 6.98 6.75 6.27 6.20 6.84 7.41 7.04 6.68 7.22 6.93 7.80 7.42 7.51 7.71 7.84 7.98 7.99 7.62 6.92 7.18 7.11
8.17 7.26 7.06 8.10 8.94 10.19 9.18 7.94 7.21 6.48 6.73 8.87 6.74 7.97 6.03 8.11 9.22 9.26 8.73 10.46 9.71 12.04 12.45 13.56 11.36 11.78 10.72 13.90 9.32 8.25 7.80 8.30 7.69 9.56 9.38 9.73 7.16 6.63 6.11 8.79 9.37 9.53 10.10 8.73 9.00 9.03 8.65 7.64 7.58 7.54 7.25 7.02 7.03 6.97 7.39 7.41 7.56 7.07 6.46 6.20 6.41 7.42 6.20 6.66 6.88 6.67 6.66 6.89 6.88 7.15 7.51 7.24 7.63 7.59 7.26 7.10 7.08 6.64
8.55 7.56 7.21 7.38 8.83 9.12 9.61 8.75 8.04 7.39 6.91 7.22 9.20 6.74 9.91 9.79 10.40 11.52 10.20 8.31 8.58 10.54 10.24 11.81 11.48 9.87 12.48 12.24 8.08 8.70 6.87 7.31 8.74 9.47 9.31 8.62 6.92 6.32 7.57 7.39 9.16 9.30 8.84 9.00 8.63 8.14 7.83 7.04 6.77 6.79 6.78 7.96 7.01 7.60 7.16 7.00 6.53 6.43 6.61 7.08 7.36 6.60 6.25 6.44 6.49 6.43 6.68 7.11 7.57 6.68 7.31 7.89 7.36 7.08 7.21 6.51 6.65 7.18
8.68 8.14 8.54 9.36 10.54 -9999 -9999 -9999 -9999 8.68 8.12 8.52 6.93 6.25 7.67 8.48 8.69 8.32 5.81 12.53 12.90 9.61 9.06 9.60 11.16 11.71 12.48 9.79 8.26 7.36 6.61 9.74 8.99 10.46 8.24 7.71 6.95 6.66 8.48 7.74 9.39 9.33 8.56 8.45 8.00 7.51 6.97 6.61 6.50 6.60 6.69 7.67 7.20 7.58 7.58 7.01 6.69 6.65 7.83 7.73 7.14 6.45 6.36 5.43 5.80 6.02 6.95 7.33 7.27 6.42 7.00 7.57 7.41 6.97 7.36 6.92 6.69 6.82
