ML/MeanWindSpeed_1994-08_Actual.txt
ncols         180
nrows         290
xllcorner     -200000
yllcorner     -200000
cellsize      5000
NODATA_value  -9999
[rows 175 to 209 of 290, columns 79 to 157 of 180]
-9999 -9999 -9999 -9999 -9999 -9999 -9999 11.02 9.88 8.79 8.36 8.50 7.67 7.79 12.63 16.35 7.99 9.17 8.81 8.05 6.59 4.32 4.09 6.18 8.50 7.34 5.89 6.03 6.66 6.37 6.54 7.41 6.85 6.52 6.24 6.39 6.46 6.28 6.29 6.41 9.86 10.73 9.13 9.12 7.63 6.97 7.98 8.14 6.74 6.61 7.64 7.31 7.04 7.53 7.37 8.12 7.78 7.80 7.79 7.77 8.63 7.85 7.58 7.55 7.36 7.65 8.01 8.10 8.27 8.48 7.80 9.51 11.57 -9999 -9999 -9999 -9999 -9999 -9999
-9999 -9999 -9999 -9999 -9999 -9999 -9999 -9999 11.68 9.46 8.16 7.22 6.95 9.15 18.48 13.32 6.85 9.95 6.65 8.47 8.15 5.43 3.68 8.05 7.54 8.40 7.29 6.02 5.94 5.95 5.65 6.57 6.96 6.72 6.47 6.23 6.39 6.27 6.14 7.31 8.19 10.94 9.45 9.82 9.06 6.26 7.73 8.98 6.97 7.00 7.58 7.19 7.15 7.29 7.29 8.07 7.56 7.47 7.55 7.16 7.66 7.64 7.40 7.39 7.35 7.45 7.81 8.61 7.96 7.53 7.58 9.08 11.21 -9999 -9999 -9999 -9999 -9999 -9999
-9999 -9999 -9999 -9999 -9999 -9999 -9999 -9999 -9999 10.01 8.00 7.85 9.13 16.16 18.17 13.37 9.97 9.01 8.73 9.17 9.23 8.69 5.58 5.15 9.47 8.33 7.60 6.76 5.93 5.81 6.04 6.35 6.70 6.41 6.11 6.25 6.29 6.26 6.45 7.13 8.57 9.53 8.22 8.36 9.29 7.93 6.25 8.95 7.12 7.04 7.47 7.00 7.01 7.01 7.45 7.93 7.51 7.39 7.33 6.99 8.07 7.69 7.44 7.43 7.44 7.70 7.64 7.69 7.49 7.41 7.73 9.46 11.43 -9999 -9999 -9999 -9999 -9999 -9999
-9999 -9999 -9999 -9999 -9999 -9999 -9999 -9999 -9999 9.89 8.40 9.67 11.14 13.13 15.99 10.96 8.50 9.36 10.29 9.79 10.06 8.72 6.24 4.79 9.64 9.89 8.11 7.21 5.90 5.68 6.10 6.90 6.71 6.47 6.28 5.97 5.89 6.27 7.55 7.63 6.63 9.77 8.20 8.45 9.46 9.32 7.78 7.15 6.72 5.98 6.93 7.40 6.80 6.84 6.84 7.35 7.26 7.49 7.26 7.12 7.54 7.89 7.63 7.70 7.63 7.67 7.58 7.37 7.33 7.78 8.83 10.45 -9999 -9999 -9999 -9999 -9999 -9999 -9999
-9999 -9999 -9999 -9999 -9999 -9999 -9999 -9999 -9999 8.95 8.25 9.05 9.20 12.84 12.24 10.04 10.59 8.79 9.01 10.27 9.01 10.20 8.15 5.75 8.93 9.89 9.37 7.08 6.28 5.66 6.40 7.34 7.19 6.59 6.19 5.96 6.20 7.18 7.42 6.58 6.56 8.54 8.35 8.11 8.07 7.64 7.63 7.98 5.86 6.43 6.59 6.41 6.71 6.55 7.25 6.90 7.17 7.36 7.23 7.35 8.61 8.02 7.65 7.63 7.72 7.71 7.60 7.44 7.57 8.71 10.23 -9999 -9999 -9999 -9999 -9999 -9999 -9999 -9999
-9999 -9999 -9999 -9999 -9999 -9999 -9999 -9999 9.63 13.63 8.63 9.41 10.64 8.29 15.11 13.46 12.47 10.88 11.65 9.09 9.25 8.07 7.03 7.97 10.58 9.78 9.18 7.03 6.22 5.74 6.89 7.20 6.95 6.63 6.10 6.13 7.10 6.87 6.56 7.37 8.02 6.67 9.48 8.85 7.03 7.46 7.01 6.47 6.33 5.83 5.82 5.96 6.67 6.50 6.35 7.48 7.17 7.31 7.41 7.70 8.73 8.07 7.67 7.67 7.63 7.68 7.46 7.37 8.33 9.77 -9999 -9999 -9999 -9999 -9999 -9999 -9999 11.95 -9999
-9999 -9999 -9999 -9999 -9999 -9999 10.52 9.63 11.58 10.05 8.49 9.02 9.79 7.63 8.80 10.04 12.44 11.60 11.65 10.26 10.05 6.25 8.03 8.03 6.60 7.35 6.96 7.21 6.61 6.25 7.01 7.33 7.26 6.64 6.50 7.27 6.83 7.06 6.47 7.55 8.06 7.85 7.17 6.60 7.59 7.24 6.84 6.71 6.54 6.34 5.54 6.18 6.17 5.93 6.34 6.87 7.31 7.60 7.51 7.84 8.69 8.09 7.63 7.64 7.50 7.49 7.31 7.68 8.90 -9999 -9999 -9999 -9999 -9999 11.49 10.98 10.47 9.96 9.96
-9999 -9999 -9999 -9999 -9999 10.43 9.79 9.61 9.79 9.72 9.70 8.82 7.27 6.79 7.94 8.89 10.65 14.85 9.05 7.28 6.59 4.43 8.58 9.59 9.44 7.71 6.97 7.24 7.17 7.04 7.37 7.83 7.45 7.04 6.84 7.22 7.42 6.47 6.41 7.59 7.72 7.48 7.17 7.23 7.39 6.60 6.85 6.18 6.12 6.47 6.06 5.76 5.58 6.02 6.87 7.03 7.48 7.80 7.88 8.02 8.97 8.43 7.80 7.53 7.40 7.35 7.26 7.62 8.62 -9999 -9999 -9999 -9999 -9999 10.11 9.19 8.73 8.36 8.26
-9999 -9999 -9999 -9999 10.90 10.88 10.10 10.15 -9999 -9999 -9999 -9999 7.62 11.25 9.58 9.14 10.73 9.30 7.17 8.26 7.19 5.95 12.01 10.57 9.08 9.76 7.91 6.79 7.37 7.62 7.46 7.59 7.44 7.08 7.24 6.80 7.60 6.72 6.58 6.93 7.33 7.50 7.39 6.75 6.80 6.66 6.60 6.41 6.18 5.90 5.76 5.66 5.99 6.71 6.96 7.19 7.97 8.58 8.76 8.69 9.04 8.68 8.31 7.59 7.42 7.27 7.08 7.20 7.98 9.50 -9999 -9999 -9999 -9999 9.03 8.05 7.87 7.87 7.80
-9999 -9999 -9999 -9999 12.01 12.54 10.46 11.17 -9999 -9999 -9999 -9999 7.96 9.53 10.34 7.12 9.96 8.92 7.55 9.14 9.92 7.66 10.36 6.18 7.23 7.64 7.28 6.84 7.17 7.58 7.57 7.76 8.04 7.30 7.54 7.22 7.19 7.46 6.76 6.92 6.65 7.21 7.68 7.87 7.76 6.73 6.40 6.39 6.33 6.56 6.13 6.17 6.56 7.03 7.80 7.75 9.33 9.69 10.04 9.47 9.45 8.99 8.47 7.67 7.54 7.33 7.05 6.93 7.07 8.03 8.97 -9999 -9999 9.42 8.62 7.89 8.04 7.82 7.62
-9999 -9999 -9999 -9999 -9999 -9999 -9999 -9999 -9999 -9999 -9999 -9999 8.85 11.37 9.75 7.16 8.06 6.11 9.77 9.18 5.92 8.03 7.74 6.87 7.64 6.72 6.71 6.69 7.54 7.57 7.86 7.71 7.43 7.45 7.35 7.12 7.14 7.42 6.89 6.72 7.04 7.32 7.01 7.45 7.49 6.27 7.12 7.78 7.07 7.16 6.97 6.27 6.86 7.74 8.75 9.04 9.18 9.83 10.46 10.11 10.04 9.29 8.64 7.74 7.62 7.43 7.19 6.94 6.63 6.87 7.54 8.41 8.76 8.36 8.07 7.32 7.97 8.04 8.03
-9999 -9999 -9999 -9999 -9999 -9999 -9999 -9999 -9999 -9999 -9999 -9999 -9999 11.51 5.88 5.60 7.37 9.41 8.21 9.31 8.62 5.90 6.67 7.68 5.84 6.02 6.16 6.63 6.99 7.57 7.69 7.68 7.47 7.39 7.28 7.28 7.01 7.35 7.08 6.76 8.24 7.88 6.98 6.81 6.69 6.71 6.66 7.39 7.57 7.36 8.16 7.05 6.97 7.73 7.94 8.70 9.29 9.53 10.47 10.46 9.98 9.02 8.61 7.78 7.65 7.47 7.22 7.04 6.94 6.93 6.93 7.32 7.57 7.61 7.44 7.35 8.07 8.07 7.86
-9999 -9999 -9999 -9999 -9999 -9999 -9999 -9999 -9999 -9999 -9999 -9999 -9999 8.46 10.77 10.82 8.76 7.13 6.29 7.83 6.46 6.57 5.43 5.27 6.85 5.58 6.07 7.78 7.84 7.88 7.62 7.20 7.13 7.57 7.40 7.92 7.70 7.47 7.05 6.71 8.08 8.67 7.73 6.95 6.60 6.76 6.79 6.76 7.04 7.70 9.29 8.43 7.31 7.34 8.01 9.16 10.23 10.54 10.37 10.66 9.97 8.70 8.05 7.72 7.68 7.52 7.44 7.29 7.20 7.17 7.18 7.26 7.35 7.55 7.49 7.25 7.81 7.87 8.27
-9999 -9999 -9999 -9999 -9999 -9999 -9999 -9999 -9999 -9999 -9999 -9999 10.24 9.29 7.11 12.16 8.04 6.31 7.71 7.22 6.18 8.09 5.78 5.64 7.40 5.30 9.90 8.49 7.66 7.96 8.64 7.48 7.19 9.07 8.77 7.95 7.08 7.34 7.24 7.01 7.47 7.90 7.72 7.18 6.86 6.76 6.88 7.10 6.98 7.92 7.99 7.72 7.49 7.51 8.28 9.29 10.25 10.55 9.96 9.88 8.99 8.15 7.80 7.65 7.63 7.61 7.58 7.47 7.34 7.30 7.30 7.20 7.27 7.67 7.61 7.35 7.55 7.83 7.51
-9999 -9999 -9999 -9999 -9999 -9999 -9999 -9999 -9999 -9999 -9999 -9999 9.25 9.11 12.20 8.30 5.28 6.49 6.22 7.03 8.50 8.25 6.51 6.45 6.73 5.91 6.72 7.69 9.01 9.13 7.79 7.74 7.65 7.99 8.26 7.16 6.94 7.36 7.28 7.64 7.86 7.53 7.65 7.37 7.03 6.91 6.93 6.97 7.01 7.69 7.99 7.74 7.24 7.67 8.71 9.75 9.56 10.19 10.11 9.27 8.23 8.34 7.75 7.89 7.69 7.69 7.56 7.52 7.44 7.31 7.24 7.19 7.20 7.77 7.61 7.29 7.37 7.75 7.65
-9999 -9999 -9999 -9999 -9999 -9999 -9999 -9999 -9999 -9999 -9999 -9999 10.21 10.85 6.01 7.13 6.50 7.28 6.93 9.82 8.36 9.55 7.78 7.30 6.30 5.73 6.35 8.60 10.21 11.14 7.85 8.88 8.26 8.46 8.05 6.75 6.89 7.10 7.24 7.64 7.34 7.41 8.17 7.63 6.98 7.03 7.87 6.88 7.16 7.51 7.52 7.30 7.29 7.91 8.48 8.92 9.20 9.26 8.73 8.37 8.30 8.22 7.53 7.56 7.66 7.63 7.59 7.44 7.26 7.22 7.19 7.15 7.20 7.37 7.25 7.35 7.26 7.56 7.54
-9999 -9999 -9999 -9999 -9999 -9999 -9999 -9999 -9999 -9999 -9999 -9999 -9999 7.03 7.41 8.75 10.45 11.14 9.34 9.33 7.93 6.29 6.39 6.05 6.86 7.04 6.49 7.49 8.03 10.30 8.69 7.93 8.07 9.04 8.45 6.86 7.43 6.75 6.86 8.53 7.49 7.31 7.19 7.30 6.83 6.95 8.08 7.56 7.08 7.50 7.34 7.28 7.65 8.39 8.31 8.39 8.26 8.71 8.08 8.66 8.44 7.65 7.52 7.89 7.75 7.51 7.45 7.27 7.18 7.18 7.15 7.14 7.11 7.10 7.12 7.25 7.26 7.25 7.37
-9999 -9999 -9999 -9999 -9999 -9999 -9999 -9999 -9999 -9999 -9999 -9999 -9999 7.79 7.93 8.68 10.44 12.62 11.51 8.96 7.02 6.12 7.22 8.72 10.14 11.35 9.15 7.60 7.98 8.82 8.28 6.96 9.42 8.94 8.53 7.46 7.88 6.94 6.71 7.39 8.41 8.01 7.41 6.94 6.70 7.15 7.74 7.45 7.16 7.24 7.58 7.81 8.11 8.63 8.30 8.11 8.93 8.94 8.77 8.48 8.46 7.74 7.94 8.23 7.54 7.39 7.34 7.22 7.20 7.14 7.11 7.08 7.05 7.06 7.00 6.92 6.87 6.82 7.00
-9999 -9999 -9999 -9999 -9999 -9999 -9999 -9999 -9999 -9999 -9999 -9999 9.15 7.02 7.07 8.81 10.14 9.98 9.71 7.96 8.41 11.54 9.61 9.83 10.02 8.74 8.17 8.69 8.85 7.77 7.14 7.52 8.99 8.94 8.41 7.47 8.01 6.68 6.65 7.76 7.51 7.73 7.66 7.05 6.55 6.96 7.61 7.45 6.97 7.22 7.32 7.38 8.05 8.00 8.77 8.36 8.89 8.42 8.53 8.53 7.89 7.73 8.26 8.11 7.38 7.27 7.42 7.22 7.27 7.21 7.23 7.12 7.02 6.97 6.80 6.99 7.20 7.19 6.73
-9999 -9999 -9999 -9999 -9999 -9999 -9999 -9999 -9999 -9999 -9999 -9999 10.55 8.29 6.80 6.78 8.70 11.62 11.19 9.95 8.60 9.13 10.08 11.02 11.37 8.76 10.08 10.79 8.03 9.47 6.70 7.17 8.54 9.79 7.70 8.04 7.01 6.29 6.47 7.04 8.96 7.91 7.79 7.34 7.04 7.16 7.36 7.19 6.92 7.10 7.12 7.19 7.31 8.25 8.65 8.64 9.10 8.45 8.07 8.03 7.76 8.01 8.27 8.01 7.61 7.75 7.57 7.71 7.40 7.34 7.45 7.32 7.06 6.90 6.73 6.72 7.23 7.20 7.22
-9999 -9999 -9999 -9999 -9999 -9999 -9999 -9999 -9999 -9999 -9999 -9999 9.27 7.66 5.05 6.16 8.56 11.82 10.74 10.76 8.82 9.88 9.50 8.78 9.74 10.06 9.70 8.63 7.66 8.02 9.64 7.39 7.58 7.70 7.85 8.71 7.53 6.37 6.49 7.04 7.38 7.36 7.92 7.52 7.30 7.43 6.97 6.68 7.12 7.31 7.46 7.19 7.67 8.54 8.56 8.00 8.19 8.76 8.08 8.27 7.67 8.27 8.36 7.78 7.65 7.77 7.36 7.50 7.39 7.33 7.32 7.12 7.01 6.94 6.83 7.03 6.69 6.85 6.97
-9999 -9999 -9999 -9999 -9999 -9999 -9999 -9999 -9999 -9999 -9999 9.00 8.89 9.39 7.41 6.31 9.19 10.44 12.09 11.89 8.14 8.21 7.70 8.91 10.27 8.93 8.68 9.83 8.65 8.12 7.84 7.32 7.05 7.23 7.85 7.71 7.33 7.02 6.65 6.57 7.11 7.45 7.03 7.32 7.18 7.56 7.00 7.01 7.16 6.92 6.97 7.31 8.11 8.07 8.11 7.69 8.30 8.45 8.19 7.66 8.17 8.22 8.33 8.34 7.96 7.67 7.54 7.39 7.41 7.35 7.18 7.03 6.91 6.84 6.88 7.05 6.99 6.97 7.08
-9999 -9999 -9999 -9999 -9999 -9999 -9999 -9999 -9999 -9999 10.22 9.27 8.99 7.33 6.21 8.42 10.68 11.47 10.32 11.37 8.56 9.25 8.19 8.23 12.73 9.47 9.67 8.17 8.31 7.41 7.16 7.40 8.22 7.64 8.90 7.67 7.77 6.76 6.59 6.70 6.97 7.31 7.05 7.16 7.42 7.51 6.65 7.06 7.04 7.15 7.31 7.65 8.12 7.70 8.20 7.90 8.12 7.65 7.55 8.31 8.52 8.17 8.31 8.17 7.56 7.83 7.82 7.71 7.55 7.24 7.04 6.81 6.93 6.91 7.27 7.38 7.46 7.38 6.89
-9999 -9999 -9999 -9999 -9999 -9999 -9999 -9999 11.43 10.01 8.66 6.93 6.38 6.49 6.83 9.25 10.32 11.75 12.78 11.44 9.88 7.26 8.96 8.73 11.49 9.39 8.62 8.58 7.67 7.50 6.70 7.33 8.65 8.33 8.48 7.15 7.18 6.83 6.81 7.22 7.04 7.38 6.90 7.04 7.29 6.82 6.70 6.94 7.56 7.40 7.90 8.44 8.19 7.88 7.56 7.41 7.93 8.27 8.08 8.37 7.76 8.18 8.26 7.80 7.28 7.31 7.87 7.71 7.65 7.06 6.83 6.66 6.84 7.48 7.65 7.40 7.86 7.57 7.34
-9999 -9999 -9999 -9999 11.44 10.35 9.12 10.90 10.56 10.26 9.95 8.06 7.33 6.69 10.07 9.23 10.73 11.36 11.28 9.35 8.53 7.10 7.92 7.80 12.14 11.07 9.63 8.00 8.06 7.61 8.60 6.78 8.06 8.41 8.14 7.79 7.16 6.62 7.23 6.98 6.75 7.54 6.88 6.99 6.80 6.90 7.14 7.61 7.18 7.65 7.37 7.76 8.43 8.33 8.14 7.91 8.22 8.27 8.05 7.88 8.39 7.71 7.66 7.49 7.19 7.63 7.80 7.83 7.37 6.97 6.94 7.00 7.70 7.75 7.38 7.75 7.14 7.25 7.45
-9999 -9999 -9999 11.84 9.89 9.80 8.89 8.33 9.27 8.84 9.17 7.79 6.66 8.80 9.49 9.92 7.73 11.69 9.40 7.88 11.18 9.05 6.80 11.38 10.23 10.02 7.49 7.07 7.37 9.44 7.44 7.01 7.03 7.24 8.29 8.19 7.97 6.91 7.02 6.73 6.80 7.33 7.13 7.05 6.99 7.02 7.38 7.37 8.62 7.34 7.10 7.50 8.11 7.75 7.74 7.46 7.62 7.98 7.85 8.39 8.01 7.59 7.59 7.65 7.26 7.44 7.55 7.28 7.18 7.11 7.11 7.14 7.45 7.90 7.76 7.70 7.33 7.17 7.16
-9999 -9999 11.67 10.80 8.21 7.61 7.65 8.37 7.96 8.23 7.65 8.09 10.87 8.82 7.94 10.24 6.65 8.79 8.78 10.97 10.55 11.01 9.49 9.24 8.62 7.46 10.49 9.81 7.26 7.54 7.28 7.01 7.29 6.92 7.03 8.24 8.35 6.72 6.46 6.56 7.04 6.70 6.61 7.09 8.62 7.16 7.05 7.58 8.11 7.54 7.14 7.60 8.00 7.97 8.30 7.90 7.47 7.42 7.41 8.17 7.93 7.48 7.97 7.81 7.32 7.40 7.38 7.26 7.43 7.50 7.45 7.54 7.55 7.89 7.33 7.12 7.25 6.87 6.90
9.62 10.74 8.87 8.40 8.59 7.82 7.57 9.04 8.14 8.03 8.20 10.12 9.68 8.42 9.10 8.70 7.53 7.82 10.14 10.43 9.34 9.53 10.63 8.19 6.36 10.55 11.51 9.32 9.06 7.40 7.64 6.98 7.19 8.53 7.20 8.62 7.36 6.60 6.32 6.60 7.88 6.41 6.76 9.49 7.64 7.15 7.19 7.75 8.33 7.32 7.31 7.56 7.37 7.76 7.77 7.44 7.27 7.53 7.27 7.55 7.81 7.81 7.54 7.29 7.03 6.98 7.38 8.35 7.97 8.59 8.14 7.40 8.07 7.69 7.61 7.28 7.09 7.10 6.83
7.49 9.49 11.46 10.60 10.27 8.15 8.93 10.16 9.24 8.85 10.35 9.09 8.62 10.25 8.30 6.79 7.72 8.37 10.21 10.11 9.94 9.59 8.64 6.79 8.22 14.93 12.25 9.50 7.67 8.05 7.62 8.56 7.42 7.89 7.31 7.15 6.98 6.89 6.43 6.32 6.53 6.37 8.77 9.17 8.43 7.37 7.06 8.92 7.92 7.35 7.42 7.14 7.62 7.58 7.39 6.93 7.68 7.42 6.97 8.02 7.91 7.27 7.13 7.05 6.89 7.22 7.96 8.32 8.30 8.69 8.22 7.90 8.21 7.70 7.08 7.21 7.08 7.17 7.08
7.12 8.18 8.69 8.43 7.61 9.00 8.22 9.64 7.53 8.41 10.13 9.55 8.39 8.96 6.69 6.47 9.34 10.23 9.47 8.62 10.13 8.13 7.09 6.46 9.83 12.22 12.56 7.95 8.31 8.42 8.61 7.94 7.01 8.17 7.71 7.29 6.78 6.91 6.07 6.01 6.86 6.88 8.73 8.59 8.02 7.14 7.65 8.67 8.20 7.78 7.37 7.49 7.39 7.20 6.97 6.97 7.31 7.51 7.21 7.09 7.12 6.97 7.66 8.02 7.00 7.26 7.89 8.18 8.01 8.46 8.44 8.44 8.31 7.21 7.07 6.92 6.93 6.67 6.90
6.93 7.50 7.51 8.19 7.96 8.15 8.92 8.05 8.68 7.86 7.71 7.65 7.12 6.51 7.97 7.19 9.87 14.27 8.54 8.68 9.32 12.59 12.30 6.91 6.77 13.74 10.70 8.85 9.12 9.89 8.40 7.03 6.64 8.40 8.48 7.25 6.68 6.50 6.15 6.24 7.13 8.84 9.00 8.05 7.74 7.46 7.29 7.24 7.85 7.34 7.23 7.08 6.87 6.73 6.76 7.39 7.22 7.05 7.06 6.49 6.59 7.17 7.07 7.55 7.17 7.21 7.36 7.65 8.14 8.39 8.48 8.49 8.44 7.11 6.62 6.87 6.80 6.39 6.62
6.74 7.45 6.93 7.49 7.79 8.05 7.42 7.41 8.07 7.61 8.68 7.81 8.83 6.52 8.81 10.15 10.19 11.07 11.61 9.81 11.41 12.97 9.63 11.08 9.98 7.06 10.55 9.91 7.42 7.77 6.77 7.94 7.79 9.93 9.13 7.24 6.64 6.14 6.15 7.06 8.99 7.98 9.06 7.93 7.73 8.17 7.26 7.88 6.88 7.07 6.86 6.71 6.67 6.82 6.88 6.97 6.76 6.72 6.51 6.49 7.03 7.49 7.10 6.68 7.18 6.94 7.76 7.40 7.48 7.80 8.09 8.23 8.13 7.46 6.56 6.74 6.70 6.46 6.67
6.94 6.61 7.73 8.80 10.42 9.85 8.82 8.07 7.34 7.63 9.69 7.71 8.25 6.39 7.95 8.34 7.84 7.28 9.36 8.95 10.38 10.40 12.11 10.84 11.37 10.70 13.37 8.73 7.63 7.20 8.07 7.71 9.38 9.05 9.23 6.94 6.58 6.04 8.58 9.15 8.82 8.97 7.65 7.92 8.02 7.74 6.78 6.67 6.75 6.64 6.62 6.65 6.65 7.08 7.19 7.40 7.01 6.57 6.48 6.69 7.59 6.33 6.65 6.77 6.62 6.75 7.03 6.89 7.08 7.64 7.54 7.82 7.72 7.30 6.96 6.82 6.43 6.22 7.02
7.41 6.97 7.29 9.08 9.98 10.97 10.37 9.49 8.55 7.89 8.09 9.64 6.97 9.80 9.06 8.98 9.87 9.07 7.91 8.16 9.31 8.53 9.89 9.79 8.82 12.36 12.10 7.67 8.08 6.68 7.29 8.49 8.96 8.64 8.11 6.92 6.65 7.71 7.26 8.57 8.35 7.80 7.88 7.58 7.23 6.96 6.28 6.06 6.11 6.22 7.40 6.65 7.21 6.83 6.87 6.68 6.59 6.66 7.20 7.53 6.73 6.26 6.38 6.42 6.45 6.73 7.14 7.40 6.57 7.34 7.96 7.48 7.23 7.27 6.50 6.54 6.97 6.55 6.37
7.98 8.40 9.44 10.98 -9999 -9999 -9999 -9999 10.21 9.46 9.65 7.80 6.92 7.85 7.80 7.50 7.25 5.17 11.63 12.35 8.79 7.87 8.09 9.32 10.08 11.62 9.37 7.89 7.04 6.50 9.35 8.53 9.77 7.77 7.47 7.02 6.96 8.42 7.29 8.41 8.29 7.66 7.58 7.25 6.86 6.34 6.02 5.91 6.01 6.22 7.23 6.81 7.08 7.13 6.90 6.82 6.73 7.72 7.50 7.04 6.49 6.36 5.47 5.76 5.97 6.89 7.27 7.00 6.25 6.93 7.45 7.29 6.98 7.30 6.82 6.51 6.71 6.78 6.44
