ML/MeanWindSpeed_2000-10_Actual.txt
ncols         180
nrows         290
xllcorner     -200000
yllcorner     -200000
cellsize      5000
NODATA_value  -9999
[rows 210 to 244 of 290, columns 78 to 155 of 180]
18.77 18.96 17.23 19.66 19.79 -9999 -9999 -9999 -9999 -9999 -9999 -9999 13.57 13.05 13.84 12.22 11.56 10.98 12.38 14.59 17.28 16.33 14.08 12.28 11.80 10.70 14.51 14.57 9.63 8.05 12.57 12.90 14.33 10.46 9.25 8.71 7.88 8.86 9.69 9.74 10.14 9.64 8.96 8.40 7.74 7.03 6.56 5.94 6.49 6.13 6.69 7.62 8.57 9.28 8.72 8.51 7.99 6.21 5.13 7.09 8.27 8.49 8.26 7.26 6.82 7.58 8.11 7.60 6.85 6.52 7.71 6.50 6.86 7.99 7.38 7.46 7.53 6.68
-9999 19.25 -9999 -9999 -9999 -9999 -9999 -9999 -9999 -9999 19.29 17.18 16.24 17.18 15.95 13.80 11.91 11.80 11.44 14.22 16.07 15.08 10.46 10.37 14.59 13.14 13.27 10.91 9.12 8.72 11.96 12.39 12.14 10.01 9.24 8.85 6.99 10.48 10.91 9.64 9.87 9.34 8.89 8.40 7.67 7.76 6.68 6.44 5.70 5.92 6.53 7.68 8.46 9.28 8.56 9.86 10.55 7.00 6.97 5.38 7.85 8.00 7.46 8.24 7.71 7.84 8.55 7.64 6.68 6.62 6.58 7.20 7.81 7.08 7.77 7.53 6.74 6.51
-9999 -9999 -9999 -9999 -9999 -9999 -9999 -9999 -9999 -9999 20.62 19.51 16.80 17.95 18.09 -9999 -9999 12.03 15.01 9.82 11.79 11.14 11.09 12.06 14.03 11.10 10.75 11.12 10.52 11.41 12.00 11.98 10.95 9.93 10.17 8.14 8.33 10.77 9.64 9.19 8.99 9.05 9.30 8.71 7.62 7.25 6.28 6.28 6.96 7.78 7.84 9.16 8.44 8.36 9.56 12.27 9.50 8.13 6.77 5.35 7.73 7.76 7.53 7.38 7.33 7.26 7.31 8.80 7.17 6.83 6.62 6.57 6.79 6.54 6.20 7.90 7.17 7.72
-9999 -9999 -9999 -9999 -9999 -9999 -9999 -9999 -9999 -9999 -9999 -9999 -9999 -9999 -9999 -9999 -9999 13.81 12.36 11.65 10.27 9.00 9.05 9.82 11.34 11.31 11.84 12.40 12.94 13.68 13.32 -9999 10.61 9.77 8.99 8.17 8.51 10.50 9.69 9.75 9.05 8.16 7.82 8.44 7.31 7.28 8.41 8.53 8.20 9.33 10.63 9.54 9.51 9.49 9.95 11.37 9.28 8.28 7.46 6.53 6.68 7.03 7.74 7.80 7.28 6.98 7.16 7.20 6.77 6.59 6.37 6.31 6.39 6.61 6.75 7.16 7.16 7.79
-9999 -9999 -9999 -9999 -9999 -9999 -9999 -9999 -9999 -9999 -9999 -9999 -9999 -9999 -9999 -9999 -9999 -9999 13.34 11.33 9.59 9.58 10.66 10.03 10.49 11.44 13.01 -9999 -9999 -9999 -9999 11.82 9.85 9.23 8.42 8.17 8.82 10.75 9.86 10.11 9.10 7.66 8.29 7.70 9.08 8.48 10.49 9.04 9.30 8.96 9.63 9.69 9.11 10.15 8.31 9.06 9.03 6.91 6.71 6.13 6.22 6.62 6.85 7.10 7.17 6.41 6.30 6.26 6.15 5.92 7.24 7.41 6.07 5.99 6.13 6.47 7.01 8.34
-9999 -9999 -9999 -9999 -9999 -9999 -9999 -9999 -9999 -9999 -9999 -9999 -9999 -9999 -9999 -9999 -9999 -9999 -9999 12.43 12.83 11.03 10.49 12.64 12.82 13.67 -9999 -9999 -9999 -9999 12.82 11.76 10.99 7.63 7.26 7.51 10.35 11.21 10.70 9.94 8.44 8.05 7.61 9.21 10.69 9.48 9.56 8.90 9.01 8.74 7.85 8.68 8.84 8.42 8.28 8.24 7.67 6.63 6.44 6.84 7.29 7.77 6.74 6.83 6.65 6.08 6.40 6.21 6.39 5.62 6.34 6.10 5.86 6.66 5.66 6.90 7.23 7.84
-9999 -9999 -9999 -9999 -9999 -9999 -9999 -9999 -9999 -9999 -9999 -9999 -9999 -9999 -9999 -9999 -9999 -9999 -9999 -9999 13.01 12.40 12.06 14.96 14.11 15.41 -9999 -9999 -9999 12.18 9.42 8.12 9.84 9.58 8.66 7.43 9.25 8.76 10.68 9.69 7.63 8.86 9.78 9.76 9.38 10.10 9.00 8.38 7.92 7.28 7.22 7.25 7.55 8.20 7.85 7.18 6.86 6.69 6.59 7.29 7.04 7.44 7.14 6.49 6.33 5.69 5.38 5.36 5.81 5.62 5.75 5.50 6.25 6.39 6.80 6.78 5.82 7.63
-9999 -9999 -9999 -9999 -9999 -9999 -9999 -9999 -9999 -9999 -9999 -9999 -9999 -9999 -9999 -9999 -9999 -9999 -9999 -9999 -9999 -9999 -9999 -9999 -9999 -9999 -9999 -9999 15.10 10.64 8.31 7.55 9.12 7.35 8.35 9.36 9.56 9.77 9.98 7.96 7.18 7.56 8.67 8.57 9.00 8.97 9.01 8.58 8.33 10.01 8.13 8.19 7.40 7.93 7.85 6.86 6.73 6.18 6.59 7.44 6.79 6.32 6.13 5.88 5.57 6.04 5.58 6.30 6.01 7.11 7.54 6.72 5.13 7.88 8.72 6.99 5.50 8.47
-9999 -9999 -9999 -9999 -9999 -9999 -9999 -9999 -9999 -9999 -9999 -9999 -9999 -9999 -9999 -9999 -9999 -9999 -9999 -9999 -9999 -9999 -9999 -9999 -9999 -9999 -9999 -9999 12.22 10.51 8.70 14.40 12.06 7.76 8.20 9.10 9.91 10.51 8.44 7.63 7.18 7.20 8.69 8.51 8.24 9.99 9.55 10.78 9.19 9.37 10.61 8.66 7.88 7.52 6.74 6.46 6.14 6.08 6.60 6.69 6.79 6.17 5.53 5.05 4.67 5.48 7.88 7.36 8.21 8.70 9.63 7.56 5.89 7.11 7.46 5.96 5.06 5.68
-9999 -9999 -9999 -9999 -9999 -9999 -9999 -9999 -9999 -9999 -9999 -9999 -9999 -9999 -9999 -9999 -9999 -9999 -9999 -9999 -9999 -9999 -9999 -9999 -9999 -9999 -9999 -9999 11.71 8.62 7.02 9.74 13.77 12.14 10.65 9.31 10.80 8.83 8.06 7.37 9.27 9.48 10.34 9.83 8.76 8.78 8.61 9.14 9.72 9.73 8.55 8.19 7.87 7.61 6.69 6.23 6.23 6.39 7.09 6.87 6.43 5.47 5.32 6.06 6.72 6.12 7.51 7.45 7.52 7.63 8.33 10.00 9.21 6.50 6.13 6.43 6.59 6.47
-9999 -9999 -9999 -9999 -9999 -9999 -9999 -9999 -9999 -9999 -9999 16.96 16.71 13.52 17.94 15.97 14.55 13.90 15.99 7.74 14.67 10.14 -9999 -9999 -9999 -9999 -9999 -9999 10.96 9.19 8.51 7.48 8.69 10.92 12.46 11.52 9.74 8.41 8.05 8.85 10.34 9.61 8.90 9.08 8.63 8.36 8.81 8.44 8.15 7.84 8.10 7.28 7.85 8.19 8.64 7.22 6.78 7.55 7.39 6.45 7.05 5.67 5.17 6.68 7.72 6.22 5.63 6.10 6.22 6.23 6.06 6.27 5.89 5.06 4.72 4.58 4.54 4.55
-9999 -9999 -9999 -9999 -9999 -9999 -9999 -9999 -9999 -9999 -9999 19.04 17.41 16.44 12.77 14.16 14.94 12.84 12.93 13.24 10.27 8.86 7.89 10.29 14.24 12.16 11.29 10.34 10.00 9.14 8.53 8.12 7.65 8.17 10.92 10.73 9.35 8.14 11.32 9.47 8.40 9.11 9.69 8.88 8.80 9.06 8.72 8.93 8.54 8.17 6.61 6.86 7.42 7.44 7.19 7.76 8.21 6.83 6.41 5.63 5.37 6.50 5.45 9.77 7.64 6.89 5.96 5.32 5.49 5.46 6.50 6.39 4.76 6.32 5.62 6.24 4.74 4.99
-9999 -9999 -9999 -9999 -9999 -9999 -9999 -9999 -9999 -9999 17.49 15.47 14.00 12.88 10.93 12.87 15.04 13.23 11.21 10.88 10.93 9.68 8.19 8.70 11.16 13.24 10.25 9.67 9.12 9.10 9.90 8.27 8.17 9.80 9.61 9.03 9.15 11.62 9.56 10.88 10.06 9.14 8.08 8.66 8.30 9.05 9.19 8.62 8.99 7.51 7.46 7.14 6.79 6.58 8.07 8.67 6.44 5.90 6.18 8.54 6.63 6.11 6.35 6.37 6.60 6.52 5.68 5.37 6.16 7.36 6.26 4.97 4.68 6.53 5.83 5.69 6.18 6.06
-9999 -9999 -9999 -9999 -9999 -9999 -9999 -9999 -9999 -9999 -9999 14.39 12.28 11.08 12.66 11.80 11.60 13.57 11.19 8.66 7.35 10.29 12.93 11.33 9.82 10.74 13.00 10.74 8.76 8.71 8.51 9.13 9.06 8.14 8.07 8.46 9.33 10.54 9.03 10.46 8.98 8.89 8.78 9.09 8.34 9.27 9.50 9.24 7.51 7.31 7.76 6.57 5.59 5.16 6.34 7.65 7.44 5.71 6.21 7.60 7.34 6.44 5.49 5.46 5.21 5.47 7.16 6.67 6.31 7.07 8.23 7.16 6.22 6.73 6.62 5.54 6.57 5.42
-9999 -9999 -9999 -9999 -9999 -9999 -9999 17.43 -9999 -9999 15.26 13.61 13.94 10.06 12.11 10.32 9.25 8.55 8.30 8.95 7.44 10.34 12.67 10.77 9.81 8.58 8.58 8.57 8.37 8.47 8.67 9.39 8.02 7.73 8.22 10.18 8.85 9.96 8.69 9.31 8.54 9.68 10.60 9.75 8.53 7.95 7.93 7.70 7.22 8.63 7.17 6.01 7.70 5.58 5.53 7.61 8.80 4.98 5.49 6.22 5.96 5.55 5.32 5.16 5.59 6.39 6.90 5.73 5.15 5.27 6.06 6.07 5.88 6.58 5.72 5.52 5.44 4.85
-9999 -9999 -9999 -9999 -9999 -9999 16.31 17.25 17.01 16.52 13.24 12.07 14.04 10.96 9.60 10.40 9.11 9.87 9.76 10.31 8.92 9.60 11.36 10.48 8.94 8.19 8.35 8.97 9.29 8.22 8.09 8.26 7.61 7.58 9.45 9.60 8.56 9.28 9.54 10.99 9.93 10.06 11.44 9.78 9.33 7.80 8.22 7.76 8.03 7.12 6.43 5.26 6.19 5.91 4.95 6.37 5.96 5.09 4.88 4.76 5.44 5.44 5.42 4.91 4.51 4.76 4.74 4.94 5.09 5.09 4.55 5.24 5.69 6.64 7.04 6.41 4.89 5.84
-9999 -9999 -9999 -9999 -9999 -9999 15.57 15.19 13.84 14.30 13.05 12.00 10.80 12.67 12.29 11.07 12.21 11.40 10.58 11.89 10.74 11.40 12.28 9.84 10.51 12.51 11.72 10.17 8.97 7.93 8.27 8.70 8.76 8.01 9.39 8.72 9.33 8.10 7.28 9.57 11.17 9.90 9.92 9.58 8.72 8.48 8.94 7.86 6.91 7.42 7.16 4.99 4.99 4.85 4.77 6.22 7.05 7.16 8.80 5.78 5.82 4.83 4.56 4.72 4.83 4.57 4.43 4.76 5.32 4.89 4.65 4.43 5.47 5.66 5.86 5.95 6.12 4.79
-9999 -9999 -9999 -9999 -9999 -9999 15.93 14.25 13.37 13.64 12.81 12.62 11.21 11.70 11.58 9.98 11.38 11.34 12.01 12.53 12.20 9.91 9.40 9.26 11.70 11.60 12.13 12.67 9.70 8.93 8.74 7.80 8.55 7.63 8.77 8.33 8.38 8.02 7.43 9.95 9.66 9.83 9.61 9.27 8.92 8.75 9.15 8.86 7.03 6.25 5.92 6.25 4.32 4.37 4.22 5.44 6.33 6.72 7.52 6.78 7.58 8.40 4.33 8.35 6.61 4.61 5.00 8.84 8.64 7.87 4.40 4.22 4.44 4.42 5.32 5.07 6.45 7.64
-9999 -9999 -9999 -9999 -9999 -9999 13.55 13.06 12.89 12.52 11.60 11.26 10.65 10.12 11.20 10.45 10.62 11.44 10.62 11.06 11.14 11.37 8.96 10.40 12.78 11.62 13.15 12.95 10.26 10.09 10.27 8.79 8.58 8.42 8.50 8.43 8.47 9.28 10.42 8.61 9.77 9.57 9.45 9.13 8.95 9.07 9.23 7.96 7.50 6.57 6.23 5.86 5.88 4.75 5.73 6.24 7.24 7.18 6.56 5.81 5.64 5.87 5.09 7.37 7.27 8.09 7.62 8.39 9.03 9.49 5.25 5.22 4.82 4.82 5.55 6.82 8.26 8.65
-9999 -9999 -9999 -9999 -9999 -9999 11.79 11.86 12.10 12.52 12.90 11.68 10.54 9.26 9.74 11.60 11.18 10.71 9.98 10.72 10.60 10.30 10.03 9.76 10.42 10.02 12.90 11.29 8.59 11.75 11.10 9.36 11.82 9.78 10.48 11.38 10.66 10.27 10.94 9.66 8.91 9.46 9.27 8.57 8.75 8.90 9.31 8.05 7.75 7.93 7.69 6.48 5.73 5.57 5.42 6.30 9.20 8.77 7.60 6.91 7.19 7.59 7.76 8.39 8.77 9.02 -9999 -9999 8.76 9.00 8.21 7.38 6.27 9.53 7.34 -9999 -9999 -9999
-9999 -9999 -9999 -9999 -9999 13.49 11.53 11.73 11.15 12.48 12.61 13.49 10.78 10.39 9.89 11.34 10.91 10.14 9.85 10.18 10.02 9.65 9.24 9.97 11.42 12.12 11.86 9.89 12.75 13.48 10.19 9.07 9.82 9.34 10.71 10.85 9.60 9.54 9.31 9.10 10.12 9.93 9.98 9.46 9.32 9.85 10.63 9.99 8.91 7.92 6.92 6.38 -9999 -9999 6.48 7.76 10.58 10.56 9.74 8.96 8.96 -9999 -9999 -9999 -9999 -9999 -9999 -9999 -9999 -9999 -9999 8.66 9.11 11.03 9.34 -9999 -9999 -9999
-9999 -9999 -9999 -9999 14.38 12.21 10.60 11.79 10.87 11.11 10.84 10.70 9.57 12.43 13.22 12.06 11.44 11.50 12.19 10.67 9.66 9.59 9.95 10.39 14.26 15.46 14.63 13.88 15.58 12.28 11.95 11.48 12.09 12.68 10.56 9.12 9.66 8.71 8.89 8.67 8.93 8.98 10.94 12.35 12.29 11.95 11.79 11.68 10.03 -9999 6.28 6.22 5.43 5.80 6.88 -9999 -9999 -9999 -9999 10.64 -9999 -9999 -9999 -9999 -9999 -9999 -9999 -9999 -9999 -9999 -9999 -9999 -9999 -9999 -9999 -9999 -9999 -9999
-9999 -9999 -9999 15.69 13.96 13.18 11.82 10.48 10.51 10.50 9.21 8.88 10.27 15.61 17.31 11.86 10.88 14.60 11.68 13.32 9.97 9.82 13.54 12.47 12.80 13.61 14.00 -9999 -9999 -9999 -9999 -9999 12.43 13.92 12.95 10.78 10.40 9.74 8.92 8.96 8.80 9.63 11.43 -9999 -9999 -9999 -9999 -9999 11.55 10.64 8.24 5.91 5.04 7.40 7.64 -9999 -9999 -9999 -9999 -9999 -9999 -9999 -9999 -9999 -9999 -9999 -9999 -9999 -9999 -9999 -9999 -9999 -9999 -9999 -9999 -9999 -9999 -9999
-9999 -9999 10.84 11.39 13.14 13.28 11.56 11.48 11.13 9.21 10.36 10.50 13.10 15.87 17.30 15.69 14.64 12.62 14.19 12.05 11.96 11.64 14.42 14.53 -9999 -9999 -9999 -9999 -9999 -9999 -9999 -9999 -9999 12.88 13.02 11.25 12.44 13.43 13.62 10.92 13.29 13.29 14.29 -9999 -9999 -9999 -9999 -9999 -9999 -9999 8.30 7.99 5.97 6.93 -9999 -9999 -9999 -9999 -9999 -9999 -9999 -9999 -9999 -9999 -9999 -9999 -9999 -9999 -9999 -9999 -9999 -9999 -9999 -9999 -9999 -9999 -9999 -9999
14.56 13.35 10.12 10.37 12.24 14.07 14.26 12.33 10.31 10.43 11.63 11.67 13.23 16.40 13.98 14.25 14.74 16.18 9.50 12.29 16.24 13.70 -9999 -9999 -9999 -9999 -9999 -9999 -9999 -9999 -9999 -9999 -9999 -9999 -9999 13.72 -9999 -9999 -9999 -9999 12.13 15.09 15.76 -9999 -9999 -9999 -9999 -9999 -9999 -9999 -9999 8.75 10.61 8.70 -9999 -9999 -9999 -9999 -9999 -9999 -9999 -9999 -9999 -9999 -9999 -9999 -9999 -9999 -9999 -9999 -9999 -9999 -9999 -9999 -9999 -9999 -9999 -9999
14.02 11.76 8.66 10.04 12.51 13.24 14.25 13.01 12.19 13.77 10.81 9.61 11.79 15.64 15.33 13.07 12.16 14.25 10.78 10.56 12.70 -9999 -9999 -9999 -9999 -9999 -9999 -9999 -9999 -9999 -9999 -9999 -9999 -9999 -9999 15.27 -9999 -9999 -9999 -9999 -9999 -9999 -9999 -9999 -9999 -9999 -9999 -9999 -9999 -9999 -9999 -9999 -9999 -9999 -9999 -9999 -9999 -9999 -9999 -9999 -9999 -9999 -9999 -9999 -9999 -9999 -9999 -9999 -9999 -9999 -9999 -9999 -9999 -9999 -9999 -9999 -9999 -9999
15.49 12.51 8.84 10.40 11.48 11.69 12.71 12.38 12.62 14.49 10.58 10.00 11.44 14.53 19.45 19.61 11.75 11.70 10.94 12.18 15.60 -9999 -9999 -9999 -9999 -9999 -9999 -9999 -9999 -9999 -9999 -9999 -9999 -9999 -9999 -9999 -9999 -9999 -9999 -9999 -9999 -9999 -9999 -9999 -9999 -9999 -9999 -9999 -9999 -9999 -9999 -9999 -9999 -9999 -9999 -9999 -9999 -9999 -9999 -9999 -9999 -9999 -9999 -9999 -9999 -9999 -9999 -9999 -9999 -9999 -9999 -9999 -9999 -9999 -9999 -9999 -9999 -9999
14.02 14.83 12.26 12.00 11.60 12.60 12.08 12.19 12.59 11.65 11.89 11.01 10.85 14.59 17.48 16.69 13.66 10.52 10.49 14.50 13.99 -9999 -9999 -9999 -9999 -9999 -9999 -9999 -9999 -9999 -9999 -9999 -9999 -9999 -9999 -9999 -9999 -9999 -9999 -9999 -9999 -9999 -9999 -9999 -9999 -9999 -9999 -9999 -9999 -9999 -9999 -9999 -9999 -9999 -9999 -9999 -9999 -9999 -9999 -9999 -9999 -9999 -9999 -9999 -9999 -9999 -9999 -9999 -9999 -9999 -9999 -9999 -9999 -9999 -9999 -9999 -9999 -9999
14.52 16.52 14.78 14.03 12.02 12.85 12.55 15.87 15.39 13.78 13.20 13.87 11.98 12.89 14.32 13.63 11.87 11.09 12.03 13.70 14.49 -9999 -9999 -9999 -9999 -9999 -9999 -9999 -9999 -9999 -9999 -9999 -9999 -9999 -9999 -9999 -9999 -9999 -9999 -9999 -9999 -9999 -9999 -9999 -9999 -9999 -9999 -9999 -9999 -9999 -9999 -9999 -9999 -9999 -9999 -9999 -9999 -9999 -9999 -9999 -9999 -9999 -9999 -9999 -9999 -9999 -9999 -9999 -9999 -9999 -9999 -9999 -9999 -9999 -9999 -9999 -9999 -9999
13.60 14.29 14.36 13.18 14.36 16.57 16.38 14.94 15.61 15.88 15.77 14.35 14.98 13.98 12.70 12.29 12.76 13.54 14.19 14.05 15.47 -9999 -9999 -9999 -9999 -9999 -9999 -9999 -9999 -9999 -9999 -9999 -9999 -9999 -9999 -9999 -9999 -9999 -9999 -9999 -9999 -9999 -9999 -9999 -9999 -9999 -9999 -9999 -9999 -9999 -9999 -9999 -9999 -9999 -9999 -9999 -9999 -9999 -9999 -9999 -9999 -9999 -9999 -9999 -9999 -9999 -9999 -9999 -9999 -9999 -9999 -9999 -9999 -9999 -9999 -9999 -9999 -9999
13.41 15.29 15.77 -9999 -9999 -9999 -9999 -9999 -9999 -9999 -9999 -9999 16.33 16.93 15.00 13.50 12.17 13.46 14.58 14.54 -9999 -9999 -9999 -9999 -9999 -9999 -9999 -9999 -9999 -9999 -9999 -9999 -9999 -9999 -9999 -9999 -9999 -9999 -9999 -9999 -9999 -9999 -9999 -9999 -9999 -9999 -9999 -9999 -9999 -9999 -9999 -9999 -9999 -9999 -9999 -9999 -9999 -9999 -9999 -9999 -9999 -9999 -9999 -9999 -9999 -9999 -9999 -9999 -9999 -9999 -9999 -9999 -9999 -9999 -9999 -9999 -9999 -9999
15.65 16.01 16.96 -9999 -9999 -9999 -9999 -9999 -9999 -9999 -9999 -9999 -9999 -9999 -9999 14.67 13.52 13.78 14.50 -9999 -9999 -9999 -9999 -9999 -9999 -9999 -9999 -9999 -9999 -9999 -9999 -9999 -9999 -9999 -9999 -9999 -9999 -9999 -9999 -9999 -9999 -9999 -9999 -9999 -9999 -9999 -9999 -9999 -9999 -9999 -9999 -9999 -9999 -9999 -9999 -9999 -9999 -9999 -9999 -9999 -9999 -9999 -9999 -9999 -9999 -9999 -9999 -9999 -9999 -9999 -9999 -9999 -9999 -9999 -9999 -9999 -9999 -9999
15.99 -9999 -9999 -9999 -9999 -9999 -9999 -9999 -9999 -9999 -9999 -9999 -9999 -9999 -9999 16.39 17.61 18.31 17.53 -9999 -9999 -9999 -9999 -9999 -9999 -9999 -9999 -9999 -9999 -9999 -9999 -9999 -9999 -9999 -9999 -9999 -9999 -9999 -9999 -9999 -9999 -9999 -9999 -9999 -9999 -9999 -9999 -9999 -9999 -9999 -9999 -9999 -9999 -9999 -9999 -9999 -9999 -9999 -9999 -9999 -9999 -9999 -9999 -9999 -9999 -9999 -9999 -9999 -9999 -9999 -9999 -9999 -9999 -9999 -9999 -9999 -9999 -9999
-9999 -9999 -9999 -9999 -9999 -9999 -9999 -9999 -9999 -9999 -9999 -9999 -9999 -9999 -9999 -9999 -9999 -9999 -9999 -9999 -9999 -9999 -9999 -9999 -9999 -9999 -9999 -9999 -9999 -9999 -9999 -9999 -9999 -9999 -9999 -9999 -9999 -9999 -9999 -9999 -9999 -9999 -9999 -9999 -9999 -9999 -9999 -9999 -9999 -9999 -9999 -9999 -9999 -9999 -9999 -9999 -9999 -9999 -9999 -9999 -9999 -9999 -9999 -9999 -9999 -9999 -9999 -9999 -9999 -9999 -9999 -9999 -9999 -9999 -9999 -9999 -9999 -9999
-9999 -9999 -9999 -9999 -9999 -9999 -9999 -9999 -9999 -9999 -9999 -9999 -9999 -9999 -9999 -9999 -9999 -9999 -9999 -9999 -9999 -9999 -9999 -9999 -9999 -9999 -9999 -9999 -9999 -9999 -9999 -9999 -9999 -9999 -9999 -9999 -9999 -9999 -9999 -9999 -9999 -9999 -9999 -9999 -9999 -9999 -9999 -9999 -9999 -9999 -9999 -9999 -9999 -9999 -9999 -9999 -9999 -9999 -9999 -9999 -9999 -9999 -9999 -9999 -9999 -9999 -9999 -9999 -9999 -9999 -9999 -9999 -9999 -9999 -9999 -9999 -9999 -9999
