ML/MeanWindSpeed_1995-11_Actual.txt
ncols         180
nrows         290
xllcorner     -200000
yllcorner     -200000
cellsize      5000
NODATA_value  -9999
[rows 175 to 209 of 290, columns 78 to 155 of 180]
-9999 -9999 -9999 -9999 -9999 -9999 -9999 -9999 11.63 10.40 9.24 8.23 7.73 6.00 4.44 11.17 20.48 7.33 11.32 10.96 9.43 7.10 4.22 4.56 7.23 9.63 7.26 4.77 5.53 7.08 6.54 6.72 8.11 6.76 6.13 5.71 6.10 6.45 6.52 7.19 7.17 13.01 13.43 9.82 9.56 7.06 6.06 7.36 7.59 5.57 5.47 6.96 6.14 5.63 6.64 6.09 7.32 6.64 6.62 6.43 6.31 7.95 6.78 6.68 6.90 6.81 7.38 7.87 8.04 8.40 8.96 7.38 9.57 12.20 -9999 -9999 -9999 -9999
-9999 -9999 -9999 -9999 -9999 -9999 -9999 -9999 -9999 12.78 9.62 7.60 5.74 5.85 8.02 24.45 15.06 4.50 11.83 6.17 10.13 9.34 5.17 2.95 11.00 7.85 8.69 6.89 5.24 5.72 6.20 5.36 6.38 6.95 6.55 6.15 5.71 6.13 6.05 6.13 8.74 9.73 14.10 10.49 10.86 9.69 4.43 7.05 9.75 6.38 6.52 7.08 6.05 6.06 6.43 6.20 7.55 6.68 6.62 7.17 7.12 8.02 7.81 7.18 7.03 7.02 7.24 7.77 9.29 7.95 7.10 7.24 9.06 11.81 -9999 -9999 -9999 -9999
-9999 -9999 -9999 -9999 -9999 -9999 -9999 -9999 -9999 -9999 10.23 7.32 7.46 9.96 22.44 23.68 14.09 9.80 9.14 9.97 11.45 11.16 10.94 6.20 4.61 11.43 7.75 6.81 6.49 5.50 5.64 5.69 5.51 6.21 5.83 5.41 5.70 5.87 5.77 6.15 7.86 10.08 11.04 8.22 8.41 10.66 8.13 4.39 10.08 7.15 7.03 7.45 6.24 6.33 6.18 6.78 7.65 6.96 6.88 7.29 7.01 8.78 7.97 7.47 7.34 7.24 7.61 7.35 7.30 6.92 6.78 7.30 9.59 12.08 -9999 -9999 -9999 -9999
-9999 -9999 -9999 -9999 -9999 -9999 -9999 -9999 -9999 -9999 9.84 8.41 11.63 13.91 15.65 18.35 8.66 5.76 8.95 12.19 12.45 13.01 10.60 7.13 3.65 11.76 10.87 7.80 7.41 5.58 5.44 5.74 6.63 6.09 5.84 5.63 5.19 5.16 5.68 8.18 8.40 5.96 11.70 8.51 9.35 11.52 11.13 7.79 6.57 6.47 5.21 6.91 7.62 6.26 6.04 5.80 6.69 6.64 7.27 7.31 7.15 7.63 8.43 8.02 8.02 7.62 7.48 7.11 6.70 6.68 7.33 8.72 10.84 -9999 -9999 -9999 -9999 -9999
-9999 -9999 -9999 -9999 -9999 -9999 -9999 -9999 -9999 -9999 9.25 9.53 10.98 10.18 16.04 12.55 7.35 9.05 6.60 8.49 12.28 10.11 13.44 10.20 5.14 10.53 11.66 10.93 7.16 6.37 5.30 6.19 7.39 6.83 5.88 5.31 4.99 5.45 7.36 7.76 5.98 5.94 9.50 9.04 8.89 8.74 7.73 7.60 8.51 4.67 6.03 6.28 5.88 6.32 5.63 6.77 5.86 6.52 7.19 7.39 7.67 9.92 8.85 8.30 8.01 7.87 7.57 7.21 6.93 7.08 8.56 10.52 -9999 -9999 -9999 -9999 -9999 -9999
-9999 -9999 -9999 -9999 -9999 -9999 -9999 -9999 -9999 10.92 20.93 10.93 12.13 14.34 7.55 20.25 16.18 13.83 10.87 13.85 9.62 10.12 8.40 6.09 8.32 13.08 10.65 10.27 6.82 5.70 4.86 6.75 6.81 6.18 5.86 5.12 5.09 6.81 6.67 5.99 7.30 8.71 5.62 11.27 10.27 6.40 7.27 6.47 5.70 5.72 4.78 4.78 5.09 6.31 5.63 4.97 7.11 6.45 7.03 7.64 8.15 9.96 8.82 8.26 8.19 7.76 7.53 7.05 6.88 8.08 9.93 -9999 -9999 -9999 -9999 -9999 -9999 -9999
-9999 -9999 -9999 -9999 -9999 -9999 -9999 11.94 11.18 15.65 13.16 9.79 10.21 11.90 6.26 8.34 10.96 14.78 13.33 14.83 11.60 11.26 4.00 7.14 7.44 4.34 5.18 5.27 7.00 6.12 5.40 6.62 6.81 6.71 5.89 5.92 7.27 6.18 7.00 5.87 7.59 8.33 7.65 6.35 5.45 7.68 6.91 6.28 6.33 6.19 5.84 4.20 5.39 5.14 4.27 4.75 5.71 6.30 7.03 7.24 8.02 9.67 8.64 7.89 7.96 7.48 7.19 6.81 7.22 8.76 -9999 -9999 -9999 -9999 -9999 12.33 11.85 11.25
-9999 -9999 -9999 -9999 -9999 -9999 12.19 11.57 11.19 11.25 10.72 10.20 9.30 7.26 5.23 7.60 10.03 11.50 19.73 8.92 5.43 5.22 1.76 10.22 12.18 11.05 6.73 5.84 7.23 7.11 6.60 6.93 7.53 6.84 6.62 6.54 7.19 7.42 5.68 5.77 7.72 7.55 6.86 6.12 6.28 6.93 5.52 6.21 5.04 5.01 5.71 4.93 4.32 3.76 4.10 5.49 5.46 5.91 6.60 7.15 7.67 9.76 8.88 7.79 7.42 7.08 6.88 6.67 7.12 8.39 -9999 -9999 -9999 -9999 -9999 10.82 9.87 9.46
-9999 -9999 -9999 -9999 -9999 13.18 13.88 12.39 11.89 -9999 -9999 -9999 -9999 8.90 14.94 12.47 11.92 13.01 9.15 5.78 9.12 8.01 5.95 17.88 14.84 11.24 11.93 8.48 6.40 7.21 7.32 6.70 6.75 6.62 6.41 6.99 6.06 7.56 5.81 5.75 6.24 6.71 6.92 6.58 5.27 5.48 5.45 5.26 4.72 4.35 4.05 4.05 4.11 4.43 5.12 5.36 5.46 6.53 7.39 7.61 7.57 8.70 8.39 8.12 7.03 6.80 6.61 6.39 6.55 7.59 9.53 -9999 -9999 -9999 -9999 9.54 8.58 8.20
-9999 -9999 -9999 -9999 -9999 14.79 16.57 12.14 12.71 -9999 -9999 -9999 -9999 10.01 12.80 15.14 8.03 12.58 10.45 8.93 11.94 13.21 8.54 13.36 4.94 7.17 7.79 7.23 6.25 6.58 7.06 6.82 7.01 7.65 6.41 7.13 6.46 6.37 6.99 5.66 5.93 5.04 6.17 7.48 7.82 7.64 5.69 4.80 4.55 4.36 4.85 4.19 4.78 5.56 5.95 7.09 6.38 8.79 8.68 8.76 7.45 7.89 7.76 7.56 6.62 6.65 6.51 6.25 6.21 6.44 7.70 8.90 -9999 -9999 9.98 9.41 8.71 8.76
-9999 -9999 -9999 -9999 -9999 -9999 -9999 -9999 -9999 -9999 -9999 -9999 -9999 10.89 14.75 11.70 7.30 9.31 6.09 14.14 11.55 4.61 8.73 7.81 6.03 7.44 5.59 5.42 5.15 6.96 6.81 7.17 6.79 6.17 6.06 5.98 5.70 5.95 6.67 5.84 5.42 5.54 5.97 5.79 6.91 7.36 5.13 6.64 7.69 5.97 5.70 5.24 4.46 5.91 7.17 8.44 8.04 7.28 7.81 8.61 7.75 8.06 7.53 7.33 6.31 6.48 6.48 6.37 6.18 5.86 6.22 7.10 8.33 8.97 8.72 8.92 7.87 8.89
-9999 -9999 -9999 -9999 -9999 -9999 -9999 -9999 -9999 -9999 -9999 -9999 -9999 -9999 14.80 3.77 4.45 8.40 13.42 10.54 11.12 9.51 4.07 5.65 7.59 3.69 4.12 3.75 4.63 5.47 6.32 6.54 6.58 6.13 5.68 5.48 5.89 5.76 6.46 6.36 5.71 8.12 7.02 5.38 5.37 5.66 6.05 5.91 7.23 7.43 6.35 7.62 5.64 5.53 6.51 5.94 6.41 6.66 6.65 8.28 8.13 7.61 6.83 7.14 6.22 6.38 6.39 6.28 6.23 6.21 6.28 6.34 7.02 7.59 7.80 7.82 7.93 9.18
-9999 -9999 -9999 -9999 -9999 -9999 -9999 -9999 -9999 -9999 -9999 -9999 -9999 -9999 9.92 14.73 15.47 11.72 8.68 6.03 8.02 4.45 4.64 3.12 2.75 6.50 4.17 4.02 6.78 6.17 6.04 6.03 5.46 5.59 6.35 6.09 7.60 7.35 6.73 6.29 5.75 8.00 8.79 6.86 5.54 5.24 5.85 6.00 6.09 6.67 7.34 9.96 8.21 5.92 5.48 5.99 7.27 8.58 8.66 7.88 8.43 7.69 6.86 6.43 6.18 6.32 6.34 6.46 6.45 6.47 6.56 6.70 7.01 7.37 7.80 7.93 7.82 8.81
-9999 -9999 -9999 -9999 -9999 -9999 -9999 -9999 -9999 -9999 -9999 -9999 -9999 13.40 12.18 7.90 17.53 9.22 5.85 8.09 6.69 4.39 8.32 4.24 3.97 8.20 3.93 12.12 7.81 5.22 5.54 7.45 5.80 5.54 9.24 8.85 7.89 6.27 6.72 6.60 6.09 6.82 7.36 6.91 5.98 5.79 5.72 5.75 6.38 6.18 7.55 7.26 6.78 6.40 6.05 6.94 8.06 9.20 9.08 7.58 7.63 7.26 6.78 6.42 6.21 6.24 6.40 6.55 6.60 6.60 6.71 6.88 7.00 7.31 8.18 8.31 8.02 8.35
-9999 -9999 -9999 -9999 -9999 -9999 -9999 -9999 -9999 -9999 -9999 -9999 -9999 11.22 11.36 16.97 7.66 1.71 4.52 4.82 6.68 9.94 9.73 5.91 5.40 6.20 4.41 6.02 7.34 8.85 8.57 6.21 6.50 6.32 6.66 7.57 6.22 6.02 6.98 6.86 7.26 7.52 6.79 7.01 6.63 6.18 5.86 5.54 5.78 5.95 6.85 7.14 6.74 5.82 6.47 7.99 9.45 8.40 9.03 8.74 7.67 6.69 7.58 6.48 6.68 6.37 6.52 6.49 6.60 6.69 6.70 6.80 7.00 7.19 8.43 8.29 7.78 7.94
-9999 -9999 -9999 -9999 -9999 -9999 -9999 -9999 -9999 -9999 -9999 -9999 -9999 11.92 14.39 4.70 6.57 4.98 6.37 6.32 12.48 9.61 11.32 7.16 5.78 3.79 3.49 5.24 10.08 12.64 14.02 7.49 9.53 7.32 7.08 7.03 5.31 5.84 6.51 6.92 7.41 6.53 6.54 8.14 7.20 6.22 6.06 7.32 5.51 6.13 6.43 6.23 5.79 5.71 6.62 7.26 7.79 7.77 7.66 6.73 6.52 7.05 7.33 5.94 5.89 6.33 6.45 6.53 6.50 6.41 6.57 6.68 6.84 7.07 7.55 7.47 7.78 7.58
-9999 -9999 -9999 -9999 -9999 -9999 -9999 -9999 -9999 -9999 -9999 -9999 -9999 -9999 8.33 9.75 12.30 14.48 14.72 10.58 10.59 7.59 3.38 3.54 3.08 4.81 5.59 4.99 7.50 8.17 12.59 9.71 7.94 6.92 8.36 8.06 5.49 6.88 5.93 6.29 9.07 6.45 6.07 5.95 6.32 5.87 5.92 7.79 7.00 6.10 6.70 6.20 5.98 6.48 7.32 6.64 6.53 6.08 7.09 6.08 7.45 7.40 6.14 5.75 6.51 6.49 6.17 6.22 6.20 6.28 6.45 6.55 6.70 6.82 6.98 7.12 7.47 7.37
-9999 -9999 -9999 -9999 -9999 -9999 -9999 -9999 -9999 -9999 -9999 -9999 -9999 -9999 10.53 12.49 13.54 14.84 17.04 14.25 9.73 6.16 4.03 6.61 9.67 12.11 14.29 9.82 6.57 7.49 9.33 9.18 6.64 9.99 8.37 8.51 6.76 7.79 6.48 6.12 6.82 8.24 7.41 6.29 5.67 5.63 6.20 7.23 6.99 6.50 6.51 7.10 7.44 7.64 7.93 6.80 6.43 8.03 8.03 7.91 7.36 7.62 6.38 6.64 7.30 6.11 5.94 6.02 6.06 6.26 6.34 6.39 6.52 6.62 6.78 6.78 6.65 6.36
-9999 -9999 -9999 -9999 -9999 -9999 -9999 -9999 -9999 -9999 -9999 -9999 -9999 10.91 8.81 10.53 13.32 13.84 11.62 10.92 8.48 10.22 16.38 12.29 12.35 11.95 8.88 7.52 8.59 9.20 7.16 7.00 8.04 9.87 9.32 8.59 6.66 8.10 6.16 6.33 8.05 6.87 7.25 7.09 6.07 5.53 5.91 7.04 6.95 6.12 6.49 6.57 6.56 7.59 6.96 8.30 7.58 8.37 7.30 7.63 7.74 6.67 6.45 7.48 7.28 6.09 5.99 6.38 6.14 6.37 6.43 6.58 6.55 6.47 6.48 6.32 6.72 6.97
-9999 -9999 -9999 -9999 -9999 -9999 -9999 -9999 -9999 -9999 -9999 -9999 -9999 13.33 10.71 9.38 9.25 10.91 15.40 14.66 13.07 10.92 11.58 13.44 14.61 14.05 8.48 11.20 12.91 7.52 10.60 6.11 7.44 9.24 11.40 7.00 7.60 5.93 5.44 6.21 7.02 10.34 7.93 7.70 6.88 6.34 6.25 6.63 6.40 5.91 6.13 6.08 6.13 6.16 7.74 8.42 8.39 8.98 7.57 6.94 7.04 6.58 7.14 7.74 7.31 6.75 7.15 6.72 7.07 6.57 6.57 6.85 6.86 6.43 6.23 6.03 5.98 6.97
-9999 -9999 -9999 -9999 -9999 -9999 -9999 -9999 -9999 -9999 -9999 -9999 -9999 11.39 9.95 6.04 7.67 10.67 15.90 13.15 13.71 10.36 12.68 11.82 9.50 10.23 11.17 10.72 8.87 7.26 7.92 11.77 6.96 6.45 6.78 6.93 8.82 6.97 5.23 5.93 6.83 7.17 6.92 8.06 7.37 6.70 6.75 5.92 5.39 6.18 6.50 6.68 5.97 6.77 8.30 8.38 7.30 7.44 8.49 7.29 7.76 6.55 7.82 7.89 6.86 6.81 6.97 6.11 6.39 6.34 6.46 6.59 6.43 6.23 6.09 5.88 6.28 5.60
-9999 -9999 -9999 -9999 -9999 -9999 -9999 -9999 -9999 -9999 -9999 -9999 11.08 11.81 14.10 10.42 7.28 11.74 12.65 15.12 15.16 8.32 8.97 8.22 9.78 11.27 8.95 8.74 11.36 9.43 8.32 7.88 6.55 5.30 5.66 7.12 6.96 6.65 6.36 5.81 5.53 6.42 6.90 6.12 6.80 6.29 7.03 5.97 5.86 6.03 5.61 5.52 5.88 7.44 7.24 7.39 6.67 7.70 7.90 7.60 6.68 7.82 7.89 7.85 8.09 7.51 6.73 6.42 6.15 6.36 6.49 6.36 6.25 6.02 5.83 5.90 6.23 6.07
-9999 -9999 -9999 -9999 -9999 -9999 -9999 -9999 -9999 -9999 -9999 12.31 11.96 12.29 9.65 7.35 11.28 15.19 15.36 12.35 14.45 9.43 11.36 9.58 8.20 15.82 9.56 10.53 7.95 8.42 6.79 6.77 7.29 8.53 6.88 9.23 6.73 7.38 5.78 5.46 5.76 6.06 6.42 6.08 6.32 6.69 6.84 5.14 5.94 5.86 6.09 6.25 6.51 7.25 6.28 7.39 6.90 7.23 6.36 6.50 8.16 8.66 7.93 8.08 7.98 6.93 7.39 7.25 7.03 6.92 6.51 6.21 5.96 6.23 6.15 7.00 7.19 7.32
-9999 -9999 -9999 -9999 -9999 -9999 -9999 -9999 -9999 13.22 11.25 9.81 7.38 6.92 7.88 8.48 13.00 14.39 15.79 17.26 14.36 11.46 6.70 10.87 9.34 13.76 9.95 8.79 8.91 7.11 6.85 6.01 7.60 9.82 8.56 8.31 5.33 5.84 5.86 5.86 6.80 6.23 6.65 5.77 5.92 6.23 5.42 5.31 5.70 6.88 6.66 7.71 8.30 7.48 6.80 6.25 6.14 7.20 7.87 7.59 8.15 7.07 8.04 8.17 7.39 6.55 6.61 7.63 7.31 7.30 6.24 6.01 5.88 6.20 7.45 7.94 7.52 8.49
-9999 -9999 -9999 -9999 -9999 12.29 11.35 9.99 14.27 13.97 13.56 13.12 9.35 8.46 8.05 14.62 12.33 14.69 14.28 13.32 8.97 7.67 6.00 8.65 8.04 15.86 13.26 10.17 7.39 8.10 7.42 9.85 6.28 8.50 8.68 7.79 6.61 5.66 5.36 6.69 6.07 5.24 6.94 5.57 5.51 4.93 5.39 6.28 6.92 5.84 7.15 6.68 7.10 8.19 7.95 7.60 7.33 7.99 8.01 7.55 7.02 8.07 6.82 6.73 6.69 6.44 7.28 7.38 7.34 6.49 5.86 6.12 6.56 7.86 7.91 7.24 8.14 7.05
-9999 -9999 -9999 -9999 13.78 10.63 11.50 10.62 9.66 11.69 10.44 11.05 8.27 6.87 12.10 12.88 13.49 8.63 15.31 9.97 6.68 13.71 9.97 5.75 14.82 11.55 9.39 4.18 5.02 6.54 10.84 6.99 6.19 6.08 6.38 8.54 7.68 7.50 5.88 6.17 5.41 5.16 6.36 5.73 4.99 5.01 5.76 6.84 6.39 8.69 6.52 6.17 6.65 7.68 6.95 6.92 6.47 6.68 7.45 7.18 7.88 7.11 6.43 6.52 7.00 6.40 6.61 6.51 5.74 5.62 5.78 6.17 6.64 7.11 7.97 7.79 7.75 7.22
-9999 -9999 -9999 13.22 12.06 7.91 7.30 7.61 8.76 7.94 8.96 8.04 8.89 14.93 11.22 8.92 13.94 6.31 9.92 9.94 14.39 13.24 14.01 10.60 9.98 7.63 3.19 9.85 10.22 5.91 6.67 6.12 5.83 6.47 5.85 6.18 8.09 8.50 5.65 5.35 5.22 5.80 5.15 4.50 4.76 8.28 6.15 6.03 6.59 7.54 6.87 6.28 7.00 7.70 7.56 8.14 7.35 6.25 6.18 6.26 7.47 7.05 6.36 7.41 7.23 6.42 6.48 6.14 5.91 6.39 6.64 6.85 7.25 7.16 7.87 6.86 6.57 7.00
14.97 11.90 13.67 9.93 9.16 9.71 8.38 7.62 10.43 9.06 9.45 9.38 13.04 12.37 9.86 10.83 10.24 7.67 7.37 12.37 13.16 10.64 10.38 12.84 9.09 4.36 10.48 12.48 9.34 9.65 6.24 6.80 6.04 6.44 9.14 6.23 8.85 6.50 5.43 5.21 5.42 7.57 4.52 4.91 9.95 6.50 6.21 6.19 6.80 7.85 6.23 6.55 6.95 6.54 7.26 7.27 6.62 6.04 6.53 6.14 6.61 7.04 7.03 6.40 5.98 5.90 6.03 6.71 8.70 7.85 8.98 8.26 6.84 8.20 7.61 7.57 7.12 6.84
11.22 10.72 14.01 17.61 15.34 14.28 10.15 11.53 13.71 12.06 11.42 14.15 11.34 10.08 13.09 8.80 5.68 6.85 7.09 10.95 10.47 9.41 8.38 8.71 7.84 9.61 20.91 14.55 9.78 6.93 7.69 6.87 9.18 6.79 7.30 5.88 5.75 5.72 5.85 5.26 4.91 5.09 4.74 9.08 9.62 8.47 6.87 6.39 9.50 7.27 6.44 6.86 6.25 7.21 7.12 6.81 5.84 7.20 6.76 5.99 8.04 7.58 6.05 5.67 5.73 5.85 6.76 8.20 8.82 8.56 9.24 8.40 7.76 8.43 7.78 6.75 7.16 7.00
9.77 10.46 11.95 12.25 11.07 9.12 11.77 10.14 12.50 8.39 9.96 13.10 11.38 8.70 10.23 5.68 5.29 10.17 11.17 9.15 6.79 9.36 5.19 4.74 5.76 12.35 15.71 15.75 7.02 8.41 8.65 8.87 7.71 5.68 7.17 6.36 6.18 5.42 5.91 4.65 4.36 5.67 5.72 9.09 8.56 7.85 6.57 7.58 9.32 8.22 7.58 6.92 7.10 6.87 6.38 6.00 6.17 6.79 7.26 6.78 6.49 6.28 5.88 7.24 8.19 6.35 6.85 8.03 8.52 7.97 8.76 8.78 8.76 8.56 6.87 6.85 6.66 6.79
10.74 9.22 9.84 9.16 9.82 8.75 8.90 10.61 8.45 9.51 7.47 6.98 6.72 6.45 6.28 9.76 8.75 13.67 21.71 10.00 10.16 10.10 15.44 14.80 4.37 3.90 16.99 11.69 9.46 10.43 11.90 8.62 5.81 4.84 7.70 8.19 6.41 5.36 4.86 4.38 4.49 6.13 9.58 9.70 7.63 7.16 6.97 6.61 6.50 7.72 6.82 6.60 6.19 5.69 5.45 5.60 7.06 6.74 6.30 6.36 5.23 5.43 6.72 6.62 7.56 6.76 6.84 6.97 7.42 8.30 8.74 8.86 8.81 8.78 6.75 6.06 6.68 6.65
9.53 8.62 9.73 8.11 8.55 8.36 8.60 7.18 7.09 8.41 7.33 9.16 7.38 10.75 6.81 11.58 14.64 14.45 15.85 17.04 13.38 15.81 18.09 10.43 12.46 9.44 2.53 10.41 11.12 6.92 7.60 5.07 7.74 7.42 11.05 9.62 6.33 5.41 4.64 4.45 6.03 9.86 7.77 9.94 7.78 7.42 8.42 6.72 8.03 5.98 6.28 5.73 5.48 5.32 5.77 5.91 6.06 5.63 5.36 5.04 5.31 6.62 7.70 6.87 5.96 6.92 6.17 7.54 6.79 6.98 7.51 7.97 8.31 8.23 7.35 5.91 6.45 6.46
10.57 9.09 8.54 10.50 11.81 13.63 11.63 9.61 8.47 7.38 8.13 11.90 7.95 10.03 6.10 8.84 9.64 8.34 6.46 10.27 9.14 12.74 13.22 16.30 13.27 13.27 10.38 16.03 8.36 6.92 6.36 7.83 7.13 10.51 9.40 9.71 5.64 5.30 4.74 9.65 10.35 9.50 9.75 7.23 8.00 8.29 7.85 6.26 5.94 5.89 5.49 5.32 5.46 5.51 6.38 6.45 6.72 5.92 5.02 4.99 6.00 8.07 5.63 6.28 6.40 5.85 5.74 6.06 5.90 6.41 7.29 6.96 7.66 7.50 6.88 6.49 6.45 5.77
11.39 9.86 9.08 9.21 11.38 11.42 12.18 11.05 9.92 9.17 8.52 8.85 12.28 7.44 12.77 11.07 10.88 12.06 9.48 6.15 6.28 9.41 8.44 11.67 11.99 9.35 14.32 13.98 6.36 8.00 5.18 6.15 8.71 9.63 8.31 7.25 5.34 4.94 7.36 6.48 8.78 8.27 7.30 7.74 7.32 6.71 6.37 5.13 4.71 4.79 4.91 7.23 5.53 6.65 5.77 5.60 5.06 5.08 5.50 6.60 7.75 6.65 5.92 6.15 6.02 5.70 5.90 6.55 7.36 5.77 7.02 8.17 7.20 6.60 6.82 5.57 5.82 6.80
11.24 10.64 11.13 11.99 13.41 -9999 -9999 -9999 -9999 10.72 9.97 10.82 7.59 6.18 8.41 8.70 8.60 8.11 3.27 14.99 15.28 8.64 7.18 7.57 10.22 11.29 12.94 8.88 7.13 6.11 5.00 10.56 8.46 10.44 6.19 6.02 5.64 5.40 8.33 5.91 7.94 7.67 6.56 6.69 6.30 5.71 4.93 4.45 4.38 4.72 4.95 6.79 5.84 6.43 6.44 5.63 5.49 5.57 7.62 7.23 6.95 6.49 6.42 4.66 4.95 4.96 6.41 6.97 6.86 5.38 6.47 7.52 7.23 6.47 7.21 6.43 6.04 6.28
