ML/MeanWindSpeed_1996-06_Actual.txt
ncols         180
nrows         290
xllcorner     -200000
yllcorner     -200000
cellsize      5000
NODATA_value  -9999
[rows 210 to 244 of 290, columns 79 to 157 of 180]
10.58 8.92 11.04 10.92 -9999 -9999 -9999 -9999 -9999 -9999 -9999 5.93 5.87 6.88 5.66 5.76 6.27 8.64 10.92 13.66 12.92 10.57 8.66 8.30 7.10 10.21 10.00 5.61 4.29 8.47 8.48 9.54 5.99 5.29 5.19 4.79 6.17 6.98 6.61 6.80 6.41 6.02 5.73 5.42 5.10 5.05 4.91 5.61 5.02 5.02 4.93 4.87 4.95 4.69 5.21 5.19 3.49 2.34 4.03 5.96 6.78 6.57 5.77 5.73 6.58 7.15 6.63 5.72 5.31 6.43 5.28 5.64 6.69 6.02 5.96 5.76 4.73 4.20 4.35
10.63 -9999 -9999 -9999 -9999 -9999 -9999 -9999 -9999 10.50 8.85 8.27 9.50 8.70 7.21 6.05 6.50 6.98 9.74 11.41 10.84 6.56 6.30 10.33 8.91 8.69 6.41 5.03 4.74 7.66 7.73 7.45 5.82 5.51 5.43 4.18 7.65 7.89 6.48 6.53 6.07 5.97 5.80 5.47 5.89 5.36 5.53 4.93 4.87 4.90 5.01 4.87 5.15 4.58 6.13 6.96 3.84 3.83 2.39 5.43 6.16 5.98 7.12 6.87 6.95 7.50 6.55 5.54 5.38 5.27 5.83 6.41 5.70 6.26 5.92 4.90 4.36 5.42 4.60
-9999 -9999 -9999 -9999 -9999 -9999 -9999 -9999 -9999 11.77 11.04 8.85 10.20 10.68 -9999 -9999 6.62 9.84 5.24 7.17 6.75 6.86 7.73 9.46 6.58 6.11 6.56 6.28 7.03 7.48 7.41 6.66 6.04 6.56 4.95 5.49 7.83 6.55 6.03 5.70 5.84 6.49 6.33 5.78 5.71 5.10 5.16 5.71 6.16 5.74 6.25 4.96 4.49 5.43 7.95 5.57 4.69 3.77 2.77 5.59 6.14 6.45 6.67 6.67 6.43 6.30 7.56 6.01 5.61 5.44 5.38 5.47 5.17 4.81 6.20 5.29 5.54 6.32 6.03
-9999 -9999 -9999 -9999 -9999 -9999 -9999 -9999 -9999 -9999 -9999 -9999 -9999 -9999 -9999 -9999 8.19 7.16 6.99 6.05 4.96 4.91 5.50 6.79 6.69 7.15 7.84 8.49 9.06 8.74 -9999 6.81 6.06 5.47 4.91 5.68 7.54 6.53 6.46 5.79 5.13 5.24 6.31 5.58 5.65 6.79 6.86 6.51 7.27 8.07 6.52 6.03 5.64 5.79 7.00 5.41 4.99 4.78 4.48 5.17 5.84 6.72 7.00 6.57 6.19 6.28 6.18 5.82 5.56 5.41 5.33 5.31 5.46 5.56 5.85 5.64 5.80 5.99 -9999
-9999 -9999 -9999 -9999 -9999 -9999 -9999 -9999 -9999 -9999 -9999 -9999 -9999 -9999 -9999 -9999 -9999 8.17 6.76 5.62 5.72 6.27 5.09 5.45 6.68 8.47 -9999 -9999 -9999 -9999 8.05 6.69 5.96 5.07 4.83 5.68 7.47 6.54 6.66 5.86 4.87 5.91 5.74 7.23 6.64 8.49 6.97 7.09 6.63 6.95 6.65 5.82 6.54 4.70 5.32 5.66 4.25 4.65 4.66 5.07 5.61 5.87 6.10 6.29 5.67 5.51 5.28 5.24 5.07 6.39 6.63 5.40 5.43 5.67 5.82 6.00 6.81 7.87 7.39
-9999 -9999 -9999 -9999 -9999 -9999 -9999 -9999 -9999 -9999 -9999 -9999 -9999 -9999 -9999 -9999 -9999 -9999 7.90 8.79 7.49 6.24 6.44 6.93 8.90 -9999 -9999 -9999 -9999 8.86 8.39 7.95 4.67 4.28 4.44 6.96 7.71 7.14 6.31 5.10 5.16 5.19 6.89 8.40 7.32 7.42 6.76 6.96 6.70 5.56 5.95 5.86 5.35 5.24 5.21 5.05 4.56 4.84 5.63 6.22 6.67 5.82 5.96 5.96 5.49 5.80 5.44 5.64 5.15 5.97 5.84 5.69 6.71 5.84 6.49 6.64 7.38 6.65 6.72
-9999 -9999 -9999 -9999 -9999 -9999 -9999 -9999 -9999 -9999 -9999 -9999 -9999 -9999 -9999 -9999 -9999 -9999 -9999 8.86 8.84 7.77 7.72 7.74 10.93 -9999 -9999 -9999 8.48 6.33 5.70 7.38 6.68 5.75 4.50 6.03 5.29 6.95 6.08 4.44 5.81 7.05 7.13 6.73 7.59 6.79 6.38 6.17 5.53 5.34 5.17 5.32 5.79 5.38 4.83 4.89 5.06 5.22 6.11 5.98 6.28 6.16 5.72 5.74 5.24 5.05 4.85 5.27 5.35 5.64 5.42 6.23 6.61 6.97 6.61 5.56 7.46 6.00 6.71
-9999 -9999 -9999 -9999 -9999 -9999 -9999 -9999 -9999 -9999 -9999 -9999 -9999 -9999 -9999 -9999 -9999 -9999 -9999 -9999 -9999 -9999 -9999 -9999 -9999 -9999 -9999 11.08 7.14 5.20 5.03 7.13 5.25 5.80 6.44 6.31 6.23 6.34 4.77 4.51 4.90 6.05 6.00 6.29 6.42 6.69 6.44 6.29 7.81 6.11 6.18 5.53 6.02 5.96 5.13 5.25 4.95 5.53 6.33 5.74 5.29 5.42 5.55 5.31 5.53 4.99 5.43 5.18 6.33 6.89 6.36 5.16 7.77 8.53 6.91 5.56 8.42 7.35 6.75
-9999 -9999 -9999 -9999 -9999 -9999 -9999 -9999 -9999 -9999 -9999 -9999 -9999 -9999 -9999 -9999 -9999 -9999 -9999 -9999 -9999 -9999 -9999 -9999 -9999 -9999 -9999 8.41 7.01 5.34 10.55 8.76 5.23 5.91 6.51 6.78 6.99 5.24 4.82 4.73 4.64 5.85 5.60 5.40 7.18 7.03 8.19 6.71 6.99 8.25 6.54 6.06 5.97 5.47 5.34 5.21 5.17 5.66 5.65 5.81 5.27 4.95 5.01 4.76 4.94 6.66 5.99 6.85 7.29 8.30 6.71 5.40 6.64 6.99 5.63 5.00 5.75 7.32 7.77
-9999 -9999 -9999 -9999 -9999 -9999 -9999 -9999 -9999 -9999 -9999 -9999 -9999 -9999 -9999 -9999 -9999 -9999 -9999 -9999 -9999 -9999 -9999 -9999 -9999 -9999 -9999 7.76 5.10 3.64 5.89 9.56 8.40 7.59 6.51 7.64 5.72 5.30 4.73 6.49 6.59 7.29 6.73 5.84 6.02 6.04 6.51 7.00 7.05 6.17 6.07 6.13 6.16 5.67 5.47 5.50 5.51 6.03 5.79 5.52 4.81 4.82 5.69 6.48 5.61 6.52 6.13 6.12 6.31 7.21 8.97 8.52 6.26 6.08 6.40 6.56 6.38 6.48 6.29
-9999 -9999 -9999 -9999 -9999 -9999 -9999 -9999 -9999 -9999 9.03 9.38 7.19 12.52 12.22 12.54 12.96 15.13 7.25 13.15 8.38 -9999 -9999 -9999 -9999 -9999 -9999 6.86 5.35 4.68 3.53 4.62 6.89 8.58 7.96 6.60 5.67 5.56 6.32 7.58 6.71 5.95 5.95 5.48 5.55 6.15 5.80 5.44 5.28 5.80 5.23 6.03 6.63 7.54 6.50 5.98 6.47 6.42 5.84 6.38 5.04 4.55 5.93 6.89 5.53 5.07 5.48 5.60 5.51 5.39 5.65 5.58 5.15 5.05 4.92 4.96 4.93 5.34 5.32
-9999 -9999 -9999 -9999 -9999 -9999 -9999 -9999 -9999 -9999 10.68 9.66 9.41 7.32 10.17 12.58 12.13 12.89 13.16 9.99 8.34 6.74 7.74 10.50 8.58 7.69 6.38 5.74 4.95 4.47 3.96 3.41 3.93 6.81 7.03 6.08 5.20 8.24 6.66 5.60 6.12 6.59 5.67 5.43 6.34 6.17 6.26 5.83 5.76 4.69 4.97 5.70 5.96 6.18 7.11 7.49 5.86 5.61 5.30 4.95 5.63 4.59 8.54 6.65 6.13 5.61 5.19 5.44 5.34 6.35 6.39 5.01 6.62 6.08 6.63 5.25 5.42 5.18 5.12
-9999 -9999 -9999 -9999 -9999 -9999 -9999 -9999 -9999 9.05 7.49 6.57 5.75 4.97 8.17 11.77 11.62 10.71 10.73 10.59 9.07 7.11 6.27 7.38 8.79 6.00 5.32 4.64 4.67 5.55 4.02 3.88 5.31 5.50 5.35 5.59 8.05 6.18 7.69 7.01 6.13 5.17 5.70 5.46 6.35 6.56 5.97 6.35 5.23 5.57 5.35 5.39 5.46 7.06 8.00 5.89 5.06 5.36 7.74 5.93 5.17 5.28 5.20 5.56 5.76 5.39 5.29 5.97 7.04 6.21 5.21 5.17 6.94 6.32 6.11 6.51 6.29 5.83 5.86
-9999 -9999 -9999 -9999 -9999 -9999 -9999 -9999 -9999 -9999 6.59 4.98 4.24 6.50 6.74 8.05 11.47 10.20 8.17 6.83 9.26 10.94 8.12 5.53 5.85 7.92 5.81 3.97 3.97 3.88 4.58 4.65 3.85 4.18 4.78 5.54 6.72 5.52 7.35 6.28 6.17 5.97 6.20 5.56 6.45 6.77 6.47 4.93 4.96 5.69 4.80 4.41 4.36 5.67 7.12 6.89 5.01 5.42 6.67 6.39 5.49 4.56 4.45 4.28 4.65 6.49 6.24 6.02 6.67 7.77 6.92 6.42 7.16 7.15 6.12 6.98 5.84 6.71 5.62
-9999 -9999 -9999 -9999 -9999 -9999 10.99 -9999 -9999 8.21 6.44 7.04 4.37 6.72 5.43 5.60 6.42 7.23 8.25 6.48 8.34 9.42 6.41 4.87 3.61 3.89 3.83 3.34 3.48 3.86 4.76 3.76 3.56 4.32 6.31 4.97 5.92 4.92 6.08 5.74 6.68 7.51 6.64 5.51 5.13 5.32 5.01 4.64 6.19 5.21 4.42 6.43 4.85 5.07 7.19 8.35 4.74 5.18 5.65 5.44 4.87 4.46 4.38 4.86 5.52 6.08 5.24 4.91 4.98 5.67 5.85 5.98 6.79 6.14 6.06 5.99 5.41 5.44 5.28
-9999 -9999 -9999 -9999 -9999 9.89 11.20 10.90 10.19 7.08 6.09 8.24 6.10 4.96 5.59 4.99 6.84 7.70 8.65 6.80 6.13 6.26 4.70 3.41 2.88 3.30 4.00 4.16 3.33 3.37 3.60 3.29 3.36 5.29 5.55 4.63 5.40 5.87 7.41 6.63 6.67 8.04 6.56 6.19 4.94 5.69 5.25 5.50 4.84 4.63 4.02 5.34 5.40 4.64 5.86 5.44 4.72 4.62 4.46 5.35 5.22 4.96 4.61 4.38 4.36 4.39 4.90 5.28 5.08 4.37 5.03 5.62 6.61 7.08 6.62 5.41 6.39 6.29 6.14
-9999 -9999 -9999 -9999 -9999 9.21 9.33 8.19 8.56 7.37 6.58 5.62 7.67 7.53 6.36 7.62 7.52 7.27 8.67 7.16 6.54 5.85 3.20 4.37 6.39 5.67 4.52 3.65 3.02 3.67 4.21 4.58 3.97 5.42 4.86 5.54 4.75 4.16 5.98 7.49 6.33 6.42 6.17 5.52 5.56 6.26 5.31 4.61 5.34 5.54 4.10 4.60 4.74 4.68 5.68 6.14 6.19 7.82 5.04 5.20 4.39 4.15 4.46 4.72 4.30 4.19 4.69 5.50 5.15 4.74 4.56 5.54 5.71 5.92 6.12 6.44 5.26 5.88 6.91
-9999 -9999 -9999 -9999 -9999 9.60 8.35 7.72 8.13 7.49 7.46 6.17 6.74 6.84 5.44 6.75 6.86 7.46 7.73 7.00 3.99 2.43 1.98 4.70 4.89 5.46 6.13 3.91 3.71 3.98 3.47 4.59 3.91 5.06 4.69 4.84 4.73 4.21 6.17 5.83 6.03 5.96 5.74 5.59 5.72 6.38 6.22 4.87 4.54 4.79 5.64 4.35 4.67 4.48 4.97 5.13 5.33 6.27 5.74 6.66 7.52 3.83 7.61 6.05 4.17 4.56 8.15 8.18 7.73 4.56 4.57 4.95 4.89 5.50 5.23 6.61 7.73 10.34 9.18
-9999 -9999 -9999 -9999 -9999 7.94 7.55 7.36 7.19 6.66 6.64 6.17 5.73 6.85 6.11 6.12 6.74 5.75 5.75 5.34 4.98 1.95 2.78 5.29 4.48 5.80 5.87 4.25 4.53 4.94 3.74 4.19 4.43 4.46 4.44 4.57 5.36 6.54 4.74 5.86 5.83 5.88 5.67 5.60 5.87 6.33 5.39 5.34 4.93 5.26 5.63 6.23 5.51 6.50 5.97 5.42 5.20 4.95 4.60 4.69 5.07 4.50 6.58 6.49 7.27 6.88 7.58 8.24 8.81 5.08 5.21 5.13 5.31 5.70 6.71 8.08 8.44 -9999 -9999
-9999 -9999 -9999 -9999 -9999 6.91 6.75 6.79 7.27 7.82 6.97 6.54 6.14 6.64 7.77 6.93 6.19 5.18 5.53 4.96 4.47 3.93 2.65 3.03 2.79 5.30 4.16 2.33 5.47 5.21 3.92 6.83 5.44 6.07 6.75 6.08 5.76 6.57 5.51 4.97 5.66 5.71 5.19 5.42 5.59 6.15 5.27 5.47 6.18 6.75 6.47 6.47 6.69 6.73 6.93 6.87 6.42 5.69 5.41 5.88 6.42 6.74 7.27 7.60 7.87 -9999 -9999 7.69 8.11 7.67 7.07 6.20 9.33 7.26 -9999 -9999 -9999 -9999 -9999
-9999 -9999 -9999 -9999 9.76 7.39 7.07 6.11 7.19 7.51 8.67 7.34 8.36 7.81 8.01 6.95 6.05 5.32 5.16 4.67 4.21 4.21 3.95 4.05 4.52 4.33 2.66 5.65 6.52 3.84 3.15 4.31 4.39 5.81 5.81 4.71 4.65 4.71 4.80 6.01 5.98 6.21 5.81 5.79 6.29 7.15 6.83 6.39 6.33 6.51 6.77 -9999 -9999 7.78 8.59 8.70 8.17 7.71 7.30 7.56 -9999 -9999 -9999 -9999 -9999 -9999 -9999 -9999 -9999 -9999 8.01 8.61 10.48 8.97 -9999 -9999 -9999 -9999 -9999
-9999 -9999 -9999 11.04 9.24 7.22 7.62 6.18 6.14 6.21 6.51 6.44 10.37 11.07 9.20 8.01 7.48 7.43 5.90 4.86 4.26 4.78 4.68 7.19 7.73 6.95 6.37 8.13 5.25 5.20 4.96 5.71 6.55 4.78 3.55 4.28 3.66 4.18 4.37 5.10 5.44 7.17 8.30 8.32 8.02 8.02 8.24 7.30 -9999 5.91 6.74 6.60 7.12 7.89 -9999 -9999 -9999 -9999 8.98 -9999 -9999 -9999 -9999 -9999 -9999 -9999 -9999 -9999 -9999 -9999 -9999 -9999 -9999 -9999 -9999 -9999 -9999 -9999 -9999
-9999 -9999 11.60 10.85 10.44 8.79 6.73 6.07 5.72 4.69 4.70 6.79 12.81 14.23 8.73 7.64 10.12 6.41 8.06 5.18 4.46 7.66 6.33 6.02 6.24 6.52 -9999 -9999 -9999 -9999 -9999 5.69 7.15 6.52 4.63 4.40 4.05 3.70 4.19 4.70 5.87 7.46 -9999 -9999 -9999 -9999 -9999 8.58 8.51 7.22 6.16 6.15 8.28 8.12 -9999 -9999 -9999 -9999 -9999 -9999 -9999 -9999 -9999 -9999 -9999 -9999 -9999 -9999 -9999 -9999 -9999 -9999 -9999 -9999 -9999 -9999 -9999 -9999 -9999
-9999 6.55 7.83 10.00 10.33 8.70 7.99 6.90 4.78 5.50 5.74 8.79 12.16 13.73 11.79 10.14 7.76 8.52 6.49 6.57 5.78 8.05 7.84 -9999 -9999 -9999 -9999 -9999 -9999 -9999 -9999 -9999 5.87 6.22 4.86 6.16 7.14 7.64 5.56 8.28 8.61 9.69 -9999 -9999 -9999 -9999 -9999 -9999 -9999 7.07 7.49 6.11 7.10 -9999 -9999 -9999 -9999 -9999 -9999 -9999 -9999 -9999 -9999 -9999 -9999 -9999 -9999 -9999 -9999 -9999 -9999 -9999 -9999 -9999 -9999 -9999 -9999 -9999 -9999
8.78 6.33 6.90 8.73 10.49 10.58 8.48 6.03 5.80 6.51 6.57 8.31 11.98 10.54 10.40 9.50 10.22 4.03 6.74 10.16 7.34 -9999 -9999 -9999 -9999 -9999 -9999 -9999 -9999 -9999 -9999 -9999 -9999 -9999 6.84 -9999 -9999 -9999 -9999 6.83 9.97 10.86 -9999 -9999 -9999 -9999 -9999 -9999 -9999 -9999 7.57 9.75 8.15 -9999 -9999 -9999 -9999 -9999 -9999 -9999 -9999 -9999 -9999 -9999 -9999 -9999 -9999 -9999 -9999 -9999 -9999 -9999 -9999 -9999 -9999 -9999 -9999 -9999 -9999
7.49 5.38 6.63 8.62 9.32 10.08 8.61 7.36 8.33 5.11 4.16 6.45 10.38 10.80 8.62 6.75 8.26 5.18 4.88 6.43 -9999 -9999 -9999 -9999 -9999 -9999 -9999 -9999 -9999 -9999 -9999 -9999 -9999 -9999 8.14 -9999 -9999 -9999 -9999 -9999 -9999 -9999 -9999 -9999 -9999 -9999 -9999 -9999 -9999 -9999 -9999 -9999 -9999 -9999 -9999 -9999 -9999 -9999 -9999 -9999 -9999 -9999 -9999 -9999 -9999 -9999 -9999 -9999 -9999 -9999 -9999 -9999 -9999 -9999 -9999 -9999 -9999 -9999 -9999
8.19 5.65 6.82 7.41 7.61 8.39 7.69 7.44 8.63 4.59 4.08 5.53 8.37 13.25 13.58 6.04 6.10 5.49 6.30 8.96 -9999 -9999 -9999 -9999 -9999 -9999 -9999 -9999 -9999 -9999 -9999 -9999 -9999 -9999 -9999 -9999 -9999 -9999 -9999 -9999 -9999 -9999 -9999 -9999 -9999 -9999 -9999 -9999 -9999 -9999 -9999 -9999 -9999 -9999 -9999 -9999 -9999 -9999 -9999 -9999 -9999 -9999 -9999 -9999 -9999 -9999 -9999 -9999 -9999 -9999 -9999 -9999 -9999 -9999 -9999 -9999 -9999 -9999 -9999
9.64 7.94 7.68 7.17 8.11 7.26 6.83 6.76 5.49 5.63 4.84 4.75 8.15 10.75 10.30 7.90 5.23 5.28 8.65 7.56 -9999 -9999 -9999 -9999 -9999 -9999 -9999 -9999 -9999 -9999 -9999 -9999 -9999 -9999 -9999 -9999 -9999 -9999 -9999 -9999 -9999 -9999 -9999 -9999 -9999 -9999 -9999 -9999 -9999 -9999 -9999 -9999 -9999 -9999 -9999 -9999 -9999 -9999 -9999 -9999 -9999 -9999 -9999 -9999 -9999 -9999 -9999 -9999 -9999 -9999 -9999 -9999 -9999 -9999 -9999 -9999 -9999 -9999 -9999
10.65 9.36 8.81 7.01 7.71 7.08 9.67 8.78 7.00 6.50 7.19 5.53 6.27 7.52 7.22 6.10 5.75 6.47 7.46 7.79 -9999 -9999 -9999 -9999 -9999 -9999 -9999 -9999 -9999 -9999 -9999 -9999 -9999 -9999 -9999 -9999 -9999 -9999 -9999 -9999 -9999 -9999 -9999 -9999 -9999 -9999 -9999 -9999 -9999 -9999 -9999 -9999 -9999 -9999 -9999 -9999 -9999 -9999 -9999 -9999 -9999 -9999 -9999 -9999 -9999 -9999 -9999 -9999 -9999 -9999 -9999 -9999 -9999 -9999 -9999 -9999 -9999 -9999 -9999
8.34 8.44 7.44 8.64 10.58 10.15 8.44 8.69 8.75 8.65 7.35 7.95 6.96 5.75 5.80 6.77 7.69 8.02 7.37 8.57 -9999 -9999 -9999 -9999 -9999 -9999 -9999 -9999 -9999 -9999 -9999 -9999 -9999 -9999 -9999 -9999 -9999 -9999 -9999 -9999 -9999 -9999 -9999 -9999 -9999 -9999 -9999 -9999 -9999 -9999 -9999 -9999 -9999 -9999 -9999 -9999 -9999 -9999 -9999 -9999 -9999 -9999 -9999 -9999 -9999 -9999 -9999 -9999 -9999 -9999 -9999 -9999 -9999 -9999 -9999 -9999 -9999 -9999 -9999
8.80 9.25 -9999 -9999 -9999 -9999 -9999 -9999 -9999 -9999 -9999 9.05 9.68 7.95 6.86 6.00 7.26 8.07 7.72 -9999 -9999 -9999 -9999 -9999 -9999 -9999 -9999 -9999 -9999 -9999 -9999 -9999 -9999 -9999 -9999 -9999 -9999 -9999 -9999 -9999 -9999 -9999 -9999 -9999 -9999 -9999 -9999 -9999 -9999 -9999 -9999 -9999 -9999 -9999 -9999 -9999 -9999 -9999 -9999 -9999 -9999 -9999 -9999 -9999 -9999 -9999 -9999 -9999 -9999 -9999 -9999 -9999 -9999 -9999 -9999 -9999 -9999 -9999 -9999
9.42 10.25 -9999 -9999 -9999 -9999 -9999 -9999 -9999 -9999 -9999 -9999 -9999 -9999 7.69 6.78 7.03 7.57 -9999 -9999 -9999 -9999 -9999 -9999 -9999 -9999 -9999 -9999 -9999 -9999 -9999 -9999 -9999 -9999 -9999 -9999 -9999 -9999 -9999 -9999 -9999 -9999 -9999 -9999 -9999 -9999 -9999 -9999 -9999 -9999 -9999 -9999 -9999 -9999 -9999 -9999 -9999 -9999 -9999 -9999 -9999 -9999 -9999 -9999 -9999 -9999 -9999 -9999 -9999 -9999 -9999 -9999 -9999 -9999 -9999 -9999 -9999 -9999 -9999
-9999 -9999 -9999 -9999 -9999 -9999 -9999 -9999 -9999 -9999 -9999 -9999 -9999 -9999 9.11 10.38 11.01 10.26 -9999 -9999 -9999 -9999 -9999 -9999 -9999 -9999 -9999 -9999 -9999 -9999 -9999 -9999 -9999 -9999 -9999 -9999 -9999 -9999 -9999 -9999 -9999 -9999 -9999 -9999 -9999 -9999 -9999 -9999 -9999 -9999 -9999 -9999 -9999 -9999 -9999 -9999 -9999 -9999 -9999 -9999 -9999 -9999 -9999 -9999 -9999 -9999 -9999 -9999 -9999 -9999 -9999 -9999 -9999 -9999 -9999 -9999 -9999 -9999 -9999
-9999 -9999 -9999 -9999 -9999 -9999 -9999 -9999 -9999 -9999 -9999 -9999 -9999 -9999 -9999 -9999 -9999 -9999 -9999 -9999 -9999 -9999 -9999 -9999 -9999 -9999 -9999 -9999 -9999 -9999 -9999 -9999 -9999 -9999 -9999 -9999 -9999 -9999 -9999 -9999 -9999 -9999 -9999 -9999 -9999 -9999 -9999 -9999 -9999 -9999 -9999 -9999 -9999 -9999 -9999 -9999 -9999 -9999 -9999 -9999 -9999 -9999 -9999 -9999 -9999 -9999 -9999 -9999 -9999 -9999 -9999 -9999 -9999 -9999 -9999 -9999 -9999 -9999 -9999
-9999 -9999 -9999 -9999 -9999 -9999 -9999 -9999 -9999 -9999 -9999 -9999 -9999 -9999 -9999 -9999 -9999 -9999 -9999 -9999 -9999 -9999 -9999 -9999 -9999 -9999 -9999 -9999 -9999 -9999 -9999 -9999 -9999 -9999 -9999 -9999 -9999 -9999 -9999 -9999 -9999 -9999 -9999 -9999 -9999 -9999 -9999 -9999 -9999 -9999 -9999 -9999 -9999 -9999 -9999 -9999 -9999 -9999 -9999 -9999 -9999 -9999 -9999 -9999 -9999 -9999 -9999 -9999 -9999 -9999 -9999 -9999 -9999 -9999 -9999 -9999 -9999 -9999 -9999
