ML/MeanWindSpeed_1997-09_Actual.txt
ncols         180
nrows         290
xllcorner     -200000
yllcorner     -200000
cellsize      5000
NODATA_value  -9999
[rows 175 to 209 of 290, columns 78 to 155 of 180]
-9999 -9999 -9999 -9999 -9999 -9999 -9999 -9999 11.80 11.12 10.35 9.65 9.44 7.41 6.39 13.94 21.76 8.77 12.04 11.48 10.25 7.96 4.69 4.76 7.85 10.79 8.43 5.89 6.36 7.44 6.63 6.93 8.55 7.50 6.79 6.22 6.36 6.43 6.06 6.00 5.92 11.90 13.01 10.25 10.51 8.13 7.29 9.01 9.15 6.76 6.37 7.78 6.88 6.19 6.89 6.34 7.43 6.58 6.38 6.10 6.03 7.67 6.53 6.26 6.30 6.07 6.66 7.31 7.53 7.96 8.48 6.93 8.46 10.34 -9999 -9999 -9999 -9999
-9999 -9999 -9999 -9999 -9999 -9999 -9999 -9999 -9999 12.95 10.32 8.72 6.99 6.29 9.38 26.19 17.26 6.61 12.96 7.43 11.12 10.62 6.06 3.43 11.21 8.99 9.90 8.03 6.17 6.36 6.49 5.78 7.08 7.67 7.17 6.64 6.10 6.29 5.85 5.43 7.55 8.97 13.53 10.79 11.62 10.41 5.44 8.24 10.60 7.07 7.07 7.76 6.76 6.56 6.68 6.45 7.59 6.56 6.34 6.65 6.52 7.54 7.37 6.68 6.44 6.29 6.47 7.20 8.70 7.54 6.79 6.89 8.12 10.08 -9999 -9999 -9999 -9999
-9999 -9999 -9999 -9999 -9999 -9999 -9999 -9999 -9999 -9999 10.26 7.72 7.95 10.22 22.78 25.71 16.91 11.70 10.60 10.86 12.13 12.27 11.62 6.48 5.40 12.25 9.28 8.19 7.37 6.21 6.11 6.28 6.45 7.05 6.56 6.00 6.13 6.04 5.75 5.93 7.12 9.56 10.93 8.48 8.94 10.95 8.52 5.41 10.53 7.43 7.27 7.84 6.79 6.73 6.50 7.02 7.65 6.77 6.55 6.67 6.35 8.22 7.51 6.93 6.72 6.60 6.97 6.92 6.99 6.65 6.52 6.88 8.50 10.26 -9999 -9999 -9999 -9999
-9999 -9999 -9999 -9999 -9999 -9999 -9999 -9999 -9999 -9999 9.40 8.25 11.45 14.35 17.28 21.38 12.16 8.22 10.51 13.00 12.91 13.76 11.58 7.52 4.40 12.44 12.12 9.16 8.26 6.20 5.87 6.35 7.47 7.03 6.61 6.23 5.55 5.24 5.71 7.99 7.91 5.88 11.49 8.58 9.31 11.42 11.17 8.35 7.26 6.76 5.47 7.17 7.93 6.70 6.48 6.18 6.80 6.50 6.91 6.69 6.50 7.15 7.86 7.38 7.32 7.01 6.97 6.75 6.48 6.45 6.91 7.88 9.38 -9999 -9999 -9999 -9999 -9999
-9999 -9999 -9999 -9999 -9999 -9999 -9999 -9999 -9999 -9999 8.36 8.92 11.20 11.19 17.35 15.34 10.74 11.72 8.95 10.20 13.31 11.49 14.31 10.71 5.81 11.20 12.67 11.90 8.09 6.89 5.72 6.79 8.17 7.73 6.65 5.90 5.35 5.66 7.33 7.71 5.92 5.81 9.39 9.12 8.86 8.86 8.11 8.14 8.94 5.21 6.34 6.67 6.32 6.78 6.18 7.13 6.09 6.45 6.80 6.70 6.94 9.17 8.17 7.58 7.30 7.22 7.02 6.79 6.62 6.72 7.75 9.14 -9999 -9999 -9999 -9999 -9999 -9999
-9999 -9999 -9999 -9999 -9999 -9999 -9999 -9999 -9999 9.58 18.79 10.69 12.40 14.48 9.21 21.18 17.74 15.57 12.88 15.38 11.49 12.15 10.27 7.93 9.44 14.05 12.31 11.61 7.98 6.56 5.61 7.47 7.74 7.15 6.60 5.64 5.50 7.13 6.74 6.10 7.34 8.51 5.98 11.29 10.27 6.91 7.80 7.10 6.30 6.22 5.32 5.34 5.61 6.80 6.18 5.52 7.25 6.43 6.66 6.95 7.44 9.26 8.17 7.57 7.51 7.15 7.02 6.68 6.57 7.41 8.72 -9999 -9999 -9999 -9999 -9999 -9999 -9999
-9999 -9999 -9999 -9999 -9999 -9999 -9999 10.05 9.80 14.40 12.45 9.96 10.66 12.28 7.55 9.51 12.03 15.98 14.85 16.16 13.94 13.81 6.89 9.82 9.83 7.01 7.95 7.48 8.33 7.14 6.28 7.45 7.77 7.57 6.52 6.31 7.54 6.61 7.10 6.00 7.75 8.55 8.11 6.96 6.05 8.04 7.47 6.86 6.80 6.65 6.33 4.85 5.95 5.78 5.01 5.36 6.02 6.43 6.86 6.78 7.48 9.08 8.08 7.33 7.37 7.01 6.81 6.54 6.81 7.88 -9999 -9999 -9999 -9999 -9999 10.26 10.27 10.02
-9999 -9999 -9999 -9999 -9999 -9999 10.19 10.18 10.35 10.82 10.56 10.23 9.05 7.00 5.85 8.14 10.53 13.16 21.27 11.59 8.86 8.27 4.84 12.61 14.30 13.45 9.52 8.02 8.54 8.11 7.50 7.82 8.44 7.71 7.12 6.87 7.49 7.76 5.99 5.92 7.92 8.02 7.48 6.86 7.02 7.50 6.21 6.82 5.69 5.69 6.36 5.63 5.02 4.51 4.91 6.07 5.93 6.30 6.72 6.98 7.42 9.35 8.49 7.43 7.06 6.79 6.64 6.46 6.74 7.60 -9999 -9999 -9999 -9999 -9999 9.03 8.72 8.71
-9999 -9999 -9999 -9999 -9999 10.48 11.77 11.04 10.99 -9999 -9999 -9999 -9999 7.22 14.03 11.84 11.68 14.35 11.69 8.84 12.05 10.90 9.18 20.29 17.31 13.90 14.30 10.38 7.83 8.30 8.29 7.68 7.77 7.54 7.01 7.44 6.64 8.04 6.32 6.11 6.66 7.27 7.50 7.26 6.13 6.28 6.18 6.08 5.63 5.31 4.95 4.82 4.68 5.02 5.82 5.88 5.87 6.88 7.72 7.95 7.92 8.86 8.47 8.08 6.96 6.71 6.50 6.27 6.31 7.03 8.39 -9999 -9999 -9999 -9999 8.07 7.71 7.68
-9999 -9999 -9999 -9999 -9999 12.08 14.20 10.52 11.13 -9999 -9999 -9999 -9999 7.51 11.57 13.92 7.98 13.43 12.28 11.28 14.88 16.73 12.87 17.61 9.59 11.02 10.95 9.48 7.88 7.80 8.07 7.79 8.01 8.54 7.23 7.77 7.16 7.10 7.59 6.32 6.55 5.77 6.77 7.86 8.26 8.12 6.26 5.53 5.38 5.27 5.71 4.98 5.22 5.87 6.30 7.25 6.63 9.04 9.24 9.58 8.50 8.81 8.47 7.99 6.88 6.75 6.50 6.18 6.07 6.20 7.09 7.93 -9999 -9999 8.45 8.09 7.84 8.10
-9999 -9999 -9999 -9999 -9999 -9999 -9999 -9999 -9999 -9999 -9999 -9999 -9999 8.47 13.87 11.75 7.49 10.07 8.13 16.37 15.38 9.70 13.79 13.16 11.26 11.97 9.38 8.22 7.19 8.27 7.91 8.23 7.88 7.30 7.18 7.01 6.63 6.80 7.37 6.49 6.12 6.35 6.72 6.38 7.36 7.65 5.39 6.85 7.94 6.53 6.46 6.00 4.94 6.10 7.34 8.63 8.49 8.11 8.87 9.84 9.17 9.38 8.64 8.09 6.85 6.77 6.58 6.34 6.08 5.80 6.04 6.65 7.51 7.94 7.65 7.81 6.99 8.06
-9999 -9999 -9999 -9999 -9999 -9999 -9999 -9999 -9999 -9999 -9999 -9999 -9999 -9999 13.81 4.35 4.96 9.46 14.88 13.64 15.57 14.52 9.67 11.19 12.80 8.63 8.06 6.94 6.90 7.09 7.67 7.78 7.75 7.32 6.90 6.64 6.85 6.58 7.16 6.77 6.14 8.64 7.73 6.19 6.02 6.03 6.14 5.97 7.22 7.46 6.79 8.12 6.10 5.92 6.92 6.66 7.38 7.87 8.03 9.64 9.59 9.10 8.13 8.05 6.92 6.84 6.64 6.38 6.20 6.10 6.10 6.13 6.60 6.99 7.09 6.97 7.04 8.26
-9999 -9999 -9999 -9999 -9999 -9999 -9999 -9999 -9999 -9999 -9999 -9999 -9999 -9999 8.58 13.92 15.21 12.58 10.63 9.77 12.86 10.21 10.44 8.70 8.09 10.56 7.40 6.86 8.89 8.10 7.77 7.45 6.67 6.61 7.28 7.01 8.21 7.92 7.37 6.65 5.98 8.31 9.26 7.53 6.18 5.68 6.05 6.08 6.02 6.47 7.42 10.14 8.49 6.31 5.95 6.61 8.10 9.62 9.80 9.24 9.82 9.08 8.04 7.40 6.97 6.89 6.70 6.59 6.42 6.32 6.33 6.43 6.60 6.83 7.15 7.11 6.89 7.87
-9999 -9999 -9999 -9999 -9999 -9999 -9999 -9999 -9999 -9999 -9999 -9999 -9999 10.92 10.77 8.07 17.76 10.67 8.16 11.36 11.10 9.55 13.21 9.12 8.52 11.34 6.67 13.88 9.81 7.37 7.55 8.96 6.98 6.50 9.94 9.56 8.39 6.83 7.22 6.95 6.41 7.20 7.86 7.48 6.52 6.13 5.93 5.99 6.42 6.20 7.71 7.67 7.11 6.58 6.25 7.23 8.60 10.02 10.08 8.84 8.90 8.34 7.75 7.33 7.02 6.89 6.81 6.72 6.58 6.45 6.47 6.58 6.55 6.71 7.46 7.45 7.10 7.44
-9999 -9999 -9999 -9999 -9999 -9999 -9999 -9999 -9999 -9999 -9999 -9999 -9999 9.17 10.49 17.11 9.43 4.25 7.12 7.68 10.00 13.49 13.35 9.93 9.30 9.20 6.84 7.66 8.65 10.25 9.97 7.59 7.55 7.32 7.83 8.56 6.91 6.55 7.31 7.08 7.50 7.83 7.20 7.43 6.98 6.42 6.10 5.88 5.97 6.12 7.16 7.58 7.04 5.98 6.52 8.12 9.76 9.12 9.89 9.67 8.62 7.60 8.38 7.33 7.47 7.01 6.91 6.69 6.59 6.53 6.46 6.49 6.55 6.65 7.75 7.52 6.97 7.13
-9999 -9999 -9999 -9999 -9999 -9999 -9999 -9999 -9999 -9999 -9999 -9999 -9999 10.34 13.27 5.25 7.31 6.14 7.93 8.27 14.42 12.36 14.34 10.69 9.31 6.91 5.48 6.38 10.40 12.91 14.26 8.17 9.96 8.31 8.43 8.13 6.11 6.38 6.78 7.12 7.61 6.87 6.93 8.44 7.45 6.30 6.21 7.50 5.75 6.32 6.78 6.66 6.14 5.95 6.84 7.65 8.30 8.56 8.58 7.68 7.45 7.97 8.15 6.87 6.77 6.95 6.80 6.69 6.49 6.31 6.37 6.40 6.49 6.62 7.01 6.86 7.07 6.92
-9999 -9999 -9999 -9999 -9999 -9999 -9999 -9999 -9999 -9999 -9999 -9999 -9999 -9999 6.44 8.25 10.89 13.65 14.69 11.80 12.35 10.03 6.64 6.65 5.84 7.07 7.24 6.13 7.97 8.76 12.78 9.91 8.30 7.89 9.53 8.91 6.25 7.32 6.16 6.43 9.17 6.97 6.65 6.53 6.73 5.91 5.95 7.86 7.04 6.22 6.84 6.39 6.13 6.62 7.65 7.24 7.24 6.89 7.78 6.87 8.21 8.18 6.96 6.67 7.28 7.02 6.50 6.37 6.21 6.17 6.24 6.29 6.40 6.45 6.52 6.60 6.91 6.90
-9999 -9999 -9999 -9999 -9999 -9999 -9999 -9999 -9999 -9999 -9999 -9999 -9999 -9999 8.11 9.85 11.35 13.71 16.87 14.97 10.72 7.43 5.67 7.78 10.38 12.69 14.76 10.55 7.54 8.36 9.91 9.16 6.69 10.51 9.39 9.09 7.29 8.18 6.63 6.17 7.03 8.60 7.89 6.88 6.17 5.75 6.18 7.30 6.94 6.43 6.46 6.97 7.24 7.54 8.10 7.20 6.83 8.32 8.34 8.23 7.87 8.05 6.86 7.21 7.75 6.48 6.17 6.12 6.03 6.10 6.11 6.14 6.24 6.31 6.41 6.39 6.32 6.22
-9999 -9999 -9999 -9999 -9999 -9999 -9999 -9999 -9999 -9999 -9999 -9999 -9999 9.03 7.08 8.59 11.45 12.90 11.75 11.24 8.43 9.70 15.45 11.86 12.11 12.07 9.51 8.36 9.28 9.83 7.84 6.95 7.79 10.10 9.85 9.00 7.20 8.41 6.21 6.15 7.93 7.15 7.54 7.47 6.48 5.80 6.09 7.20 6.97 6.09 6.42 6.46 6.39 7.40 6.98 8.24 7.53 8.36 7.42 7.72 7.78 6.69 6.43 7.43 7.22 6.00 5.87 6.21 5.91 6.04 6.07 6.22 6.23 6.18 6.20 6.04 6.49 6.92
-9999 -9999 -9999 -9999 -9999 -9999 -9999 -9999 -9999 -9999 -9999 -9999 -9999 11.86 9.50 8.06 7.74 10.15 14.76 13.90 11.89 9.75 10.57 12.40 13.90 13.92 9.04 11.66 13.10 8.17 10.89 6.13 7.16 9.39 11.56 7.61 8.18 6.48 5.47 5.88 6.76 10.07 8.00 7.85 7.09 6.57 6.56 6.87 6.52 5.97 6.13 6.04 5.98 5.99 7.53 8.15 8.07 8.73 7.39 6.72 6.59 6.00 6.42 6.97 6.57 6.04 6.51 6.25 6.55 6.09 6.10 6.36 6.46 6.13 5.99 5.84 5.90 6.99
-9999 -9999 -9999 -9999 -9999 -9999 -9999 -9999 -9999 -9999 -9999 -9999 -9999 10.17 8.93 4.89 6.35 9.73 14.86 12.36 12.42 9.16 11.40 10.74 9.15 10.39 11.30 11.06 9.25 7.67 8.37 11.56 7.23 7.18 7.39 7.64 9.36 7.43 5.51 5.81 6.69 7.16 6.99 8.08 7.43 6.92 7.03 6.19 5.57 6.22 6.45 6.56 5.85 6.60 8.08 8.05 6.93 7.07 7.94 6.57 6.74 5.44 6.48 6.59 5.69 5.70 6.06 5.53 5.86 5.83 5.94 6.07 5.99 5.89 5.92 5.83 6.31 5.82
-9999 -9999 -9999 -9999 -9999 -9999 -9999 -9999 -9999 -9999 -9999 -9999 9.18 10.54 12.73 8.92 6.11 10.57 11.76 14.00 13.53 7.08 7.68 6.89 8.96 11.21 9.22 9.14 11.49 9.61 8.68 8.19 7.03 6.10 6.39 7.70 7.60 7.11 6.64 5.95 5.69 6.59 7.06 6.33 6.89 6.54 7.22 6.18 6.03 6.15 5.62 5.50 5.88 7.33 7.16 7.16 6.29 7.18 7.20 6.55 5.39 6.25 6.26 6.28 6.48 6.05 5.64 5.64 5.57 5.78 5.90 5.81 5.72 5.59 5.57 5.78 6.26 6.25
-9999 -9999 -9999 -9999 -9999 -9999 -9999 -9999 -9999 -9999 -9999 10.52 10.48 11.23 8.55 6.07 9.55 12.98 13.11 10.22 12.04 7.25 8.97 7.35 7.24 15.44 9.99 10.94 8.53 8.91 7.24 6.91 7.30 8.58 7.31 9.62 7.43 7.82 6.13 5.75 5.90 6.28 6.72 6.29 6.46 6.87 6.97 5.35 6.01 5.88 5.96 6.11 6.50 7.26 6.36 7.23 6.55 6.71 5.60 5.31 6.54 6.85 6.18 6.36 6.17 5.25 5.93 6.14 6.18 6.17 5.83 5.52 5.26 5.56 5.61 6.47 6.85 7.14
-9999 -9999 -9999 -9999 -9999 -9999 -9999 -9999 -9999 11.68 10.14 8.88 6.83 6.18 6.40 6.63 10.37 11.23 12.34 13.66 11.09 8.34 4.08 8.06 7.92 13.22 10.14 9.28 9.42 7.75 7.33 6.09 7.37 9.63 8.79 8.85 6.26 6.51 6.21 6.15 6.86 6.42 6.89 6.01 6.16 6.48 5.58 5.36 5.71 6.70 6.37 7.31 8.05 7.40 6.73 6.09 5.73 6.49 6.85 6.31 6.58 5.40 6.26 6.42 5.63 4.84 5.11 6.35 6.30 6.38 5.43 5.13 4.90 5.28 6.57 7.10 6.87 7.90
-9999 -9999 -9999 -9999 -9999 10.76 9.63 8.17 12.16 12.24 12.38 12.17 8.60 7.19 6.10 11.80 9.16 10.82 10.51 9.72 5.88 4.57 2.80 5.48 6.14 14.72 13.16 10.64 7.99 8.47 7.71 9.65 6.32 8.51 8.92 8.31 7.41 6.37 5.78 6.91 6.28 5.65 7.17 5.91 5.86 5.31 5.56 6.15 6.78 5.81 6.82 6.34 6.82 7.90 7.64 7.18 6.70 7.15 6.94 6.31 5.71 6.52 5.30 5.21 5.05 4.79 5.79 6.22 6.38 5.62 4.96 5.03 5.31 6.65 6.88 6.42 7.38 6.49
-9999 -9999 -9999 -9999 12.29 9.58 10.27 9.30 8.59 10.78 9.94 10.35 7.54 5.56 9.51 9.89 9.64 4.71 10.80 5.86 2.92 9.35 6.04 2.82 12.42 10.88 10.12 5.64 5.88 7.03 10.97 7.35 6.55 6.46 6.71 8.73 8.27 7.98 6.28 6.48 5.76 5.65 6.67 6.08 5.52 5.44 5.80 6.54 6.25 8.46 6.26 5.87 6.41 7.38 6.66 6.52 5.95 6.03 6.48 6.05 6.67 5.84 5.08 5.14 5.50 4.99 5.43 5.59 5.01 4.83 4.78 4.93 5.25 5.90 6.93 6.93 7.09 6.67
-9999 -9999 -9999 12.17 11.50 7.88 7.37 7.54 8.69 7.94 8.55 7.38 8.01 13.01 8.94 6.50 9.95 2.29 5.26 5.03 9.09 8.42 9.71 7.58 8.05 7.05 4.38 10.78 10.72 6.61 7.30 6.76 6.34 6.90 6.15 6.44 8.53 8.82 5.95 5.50 5.53 6.15 5.40 4.82 5.29 8.39 6.02 5.78 6.52 7.47 6.62 5.96 6.65 7.28 7.14 7.65 6.81 5.75 5.48 5.36 6.42 5.89 5.12 6.10 5.94 5.22 5.37 5.19 4.90 5.17 5.25 5.27 5.63 5.82 6.80 6.08 5.97 6.44
13.25 10.56 12.38 9.14 8.79 9.48 8.10 7.49 10.09 8.54 8.46 8.47 11.83 10.76 8.00 8.52 6.87 3.58 3.10 7.46 8.12 6.19 6.86 9.71 6.27 2.99 10.30 12.75 9.74 9.90 6.88 7.33 6.36 6.80 9.16 6.63 9.24 7.01 5.72 5.28 5.61 7.54 4.54 5.00 9.88 6.65 5.98 5.98 6.79 7.86 6.18 6.27 6.63 6.23 6.85 6.78 6.06 5.51 5.81 5.29 5.66 6.03 5.99 5.46 5.06 4.80 4.76 5.34 6.99 6.09 7.04 6.20 4.98 6.57 6.46 6.73 6.38 6.19
9.79 9.19 12.39 15.94 14.07 13.15 9.15 10.46 12.57 10.86 10.14 12.69 10.17 8.92 11.34 6.78 2.91 3.39 3.63 7.00 6.79 6.31 5.96 5.74 4.11 7.05 19.20 14.39 10.07 7.23 8.00 7.32 9.23 7.16 7.77 6.58 6.45 6.29 6.20 5.39 5.01 4.98 4.40 8.69 9.41 8.20 6.43 5.96 9.15 7.29 6.35 6.57 6.00 6.83 6.65 6.19 5.18 6.42 5.86 5.04 6.96 6.63 5.28 5.00 4.91 4.74 5.36 6.55 6.95 6.54 6.98 6.00 5.47 6.53 6.64 6.06 6.48 6.32
9.07 9.50 10.97 11.37 10.36 8.48 10.80 9.29 11.60 7.64 9.13 12.06 10.67 8.15 8.89 3.83 2.49 6.74 7.67 5.89 4.08 6.87 3.47 2.64 2.94 9.88 14.49 15.42 7.38 8.46 8.83 9.19 8.02 6.21 7.92 7.15 6.77 5.96 6.20 4.61 4.16 5.39 5.38 8.69 8.37 7.48 6.00 7.01 8.89 8.04 7.36 6.66 6.79 6.51 5.95 5.39 5.32 5.85 6.22 5.71 5.49 5.41 5.07 6.38 7.13 5.26 5.58 6.50 6.70 5.93 6.38 6.15 6.09 6.25 5.94 6.28 6.11 6.17
10.46 9.17 9.81 9.20 9.75 8.75 8.76 10.14 8.29 9.23 7.50 7.09 6.76 5.85 4.73 6.90 5.02 9.36 16.76 5.84 6.00 6.92 12.86 12.63 3.23 3.39 16.50 11.78 9.33 10.20 11.69 8.91 6.24 5.35 8.33 8.73 6.83 5.78 5.21 4.36 4.22 5.78 8.99 9.27 7.47 6.93 6.50 6.27 6.37 7.63 6.75 6.50 6.08 5.51 5.06 4.95 6.03 5.65 5.30 5.34 4.31 4.62 5.82 5.76 6.64 5.84 5.75 5.68 5.79 6.23 6.29 6.17 6.12 6.25 5.73 5.56 6.12 6.04
9.52 8.81 9.82 8.36 8.74 8.57 8.57 7.16 7.00 8.10 7.10 8.81 7.12 9.34 4.99 8.73 11.01 10.66 11.80 12.61 9.20 11.98 14.86 8.67 11.32 9.37 3.85 11.01 11.11 7.07 7.75 5.63 7.77 7.51 11.29 9.92 6.62 5.55 4.54 4.22 5.69 9.28 7.47 9.51 7.45 7.03 7.87 6.43 7.94 6.19 6.44 5.86 5.43 5.15 5.29 5.17 5.09 4.55 4.30 3.96 4.28 5.68 6.82 6.18 5.37 6.20 5.45 6.51 5.43 5.16 5.29 5.51 5.75 5.91 6.03 5.27 5.85 5.84
10.39 9.05 8.39 10.07 11.16 12.80 10.89 8.85 7.77 6.77 7.33 10.92 7.29 8.60 4.89 7.42 7.90 6.57 4.94 8.32 7.31 10.40 10.81 13.96 11.66 12.62 11.04 16.35 8.83 7.27 6.58 7.92 7.20 10.47 9.74 9.84 5.71 5.01 4.22 8.76 9.63 9.04 9.39 7.07 7.64 7.83 7.47 6.40 6.29 6.23 5.78 5.48 5.38 5.24 5.82 5.66 5.59 4.50 3.50 3.60 4.80 7.08 5.07 5.75 5.92 5.44 5.32 5.43 4.84 4.81 5.32 4.84 5.44 5.59 5.59 5.67 5.80 5.26
11.10 9.69 8.95 8.99 10.69 10.47 10.99 9.80 8.77 8.01 7.48 8.09 11.06 6.26 11.31 9.84 9.56 10.76 8.59 5.77 6.06 8.63 7.57 10.44 10.47 8.61 14.48 14.31 6.93 7.99 5.34 6.36 8.73 9.71 8.60 7.48 5.35 4.66 6.79 6.11 8.44 8.12 7.26 7.61 7.21 6.75 6.70 5.73 5.30 5.23 5.17 7.10 5.50 6.42 5.45 4.97 3.82 3.13 3.24 4.60 6.42 5.93 5.39 5.67 5.61 5.37 5.58 6.05 6.31 4.40 5.32 6.24 5.38 5.11 5.66 4.77 5.20 6.35
10.71 10.24 10.71 11.45 12.46 -9999 -9999 -9999 -9999 9.30 9.06 10.32 7.22 5.82 7.75 7.85 7.38 6.66 2.35 13.76 14.64 8.40 6.94 7.43 9.72 10.99 13.39 9.59 7.46 6.05 4.97 10.32 8.63 10.41 6.53 6.03 5.37 5.20 7.99 5.92 7.95 7.74 6.69 6.81 6.50 6.11 5.53 5.13 4.96 5.07 5.18 6.75 5.86 6.35 6.24 5.14 3.96 3.13 4.87 4.79 5.66 5.90 5.87 4.25 4.61 4.76 6.23 6.67 6.01 4.29 5.14 5.97 5.66 5.16 6.07 5.52 5.42 6.00
