ML/MeanWindSpeed_1991-08_Actual.txt
ncols         180
nrows         290
xllcorner     -200000
yllcorner     -200000
cellsize      5000
NODATA_value  -9999
[rows 175 to 209 of 290, columns 79 to 157 of 180]
-9999 -9999 -9999 -9999 -9999 -9999 -9999 8.80 8.20 7.56 7.25 7.18 5.95 5.86 9.75 12.19 6.65 8.36 9.00 9.03 8.03 6.16 5.78 7.27 8.86 7.68 6.45 6.44 6.75 6.36 6.51 7.22 6.86 6.52 6.22 6.21 6.13 5.73 5.33 5.25 7.81 8.64 7.70 7.95 6.96 6.59 7.58 7.81 6.71 6.57 7.32 7.02 6.78 7.05 6.94 7.46 7.16 7.14 7.07 7.08 7.79 7.33 7.10 7.00 6.75 6.93 7.26 7.37 7.59 7.79 7.26 8.17 9.26 -9999 -9999 -9999 -9999 -9999 -9999
-9999 -9999 -9999 -9999 -9999 -9999 -9999 -9999 9.24 7.78 6.81 5.66 4.52 6.20 13.42 9.68 5.26 8.20 7.01 9.08 9.21 6.99 5.30 8.22 7.85 8.37 7.48 6.45 6.31 6.18 5.93 6.64 6.91 6.66 6.40 6.15 6.13 5.79 5.35 5.91 6.58 8.66 7.90 8.43 7.85 5.93 7.22 8.18 6.72 6.80 7.29 7.01 6.92 6.93 6.95 7.47 7.07 7.03 7.08 6.92 7.42 7.43 7.16 7.04 6.87 6.86 7.16 7.75 7.36 7.11 7.16 7.94 9.07 -9999 -9999 -9999 -9999 -9999 -9999
-9999 -9999 -9999 -9999 -9999 -9999 -9999 -9999 -9999 7.80 6.17 5.55 5.87 10.87 12.75 9.35 6.87 6.66 7.46 8.77 9.46 9.04 6.38 5.94 8.90 8.23 7.74 6.98 6.30 6.10 6.25 6.48 6.68 6.43 6.16 6.18 6.04 5.85 5.81 5.94 6.92 7.69 6.89 7.22 7.94 7.06 6.08 8.03 6.77 6.80 7.18 6.91 6.88 6.83 7.12 7.40 7.08 7.04 6.97 6.81 7.68 7.47 7.24 7.15 7.07 7.18 7.13 7.18 7.05 7.00 7.19 8.13 9.17 -9999 -9999 -9999 -9999 -9999 -9999
-9999 -9999 -9999 -9999 -9999 -9999 -9999 -9999 -9999 7.43 6.16 6.57 7.40 8.83 11.07 7.47 5.64 6.45 7.81 8.34 9.27 8.69 6.63 5.38 8.76 9.18 8.03 7.29 6.24 5.94 6.25 6.82 6.65 6.44 6.26 5.93 5.70 5.91 6.73 6.47 5.66 7.89 6.83 7.05 7.95 8.06 7.13 6.78 6.50 6.04 6.79 7.22 6.85 6.83 6.76 7.02 6.94 7.15 6.97 6.94 7.35 7.64 7.43 7.41 7.29 7.26 7.14 6.98 6.95 7.20 7.77 8.65 -9999 -9999 -9999 -9999 -9999 -9999 -9999
-9999 -9999 -9999 -9999 -9999 -9999 -9999 -9999 -9999 6.69 6.05 6.45 6.17 8.41 8.20 6.82 7.31 6.25 6.82 8.30 8.09 9.22 7.70 5.78 8.05 9.02 8.77 7.15 6.43 5.84 6.37 7.04 6.93 6.47 6.15 5.89 6.00 6.59 6.68 5.87 5.71 7.09 7.06 6.88 6.96 6.90 7.06 7.38 5.98 6.43 6.62 6.56 6.82 6.70 7.08 6.72 6.88 7.03 6.94 7.17 8.19 7.80 7.51 7.40 7.36 7.27 7.14 7.02 7.07 7.69 8.51 -9999 -9999 -9999 -9999 -9999 -9999 -9999 -9999
-9999 -9999 -9999 -9999 -9999 -9999 -9999 -9999 7.52 10.13 6.85 7.10 7.27 5.36 9.97 9.03 8.63 7.87 8.78 7.56 8.18 7.53 6.91 7.41 9.27 9.00 8.61 7.08 6.36 5.88 6.61 6.80 6.62 6.39 6.00 6.02 6.72 6.36 6.04 6.55 6.89 5.96 7.96 7.52 6.36 6.79 6.65 6.39 6.39 6.12 6.13 6.25 6.81 6.68 6.46 7.09 6.82 6.92 7.04 7.44 8.29 7.84 7.54 7.45 7.29 7.23 7.04 6.96 7.47 8.25 -9999 -9999 -9999 -9999 -9999 -9999 -9999 9.35 -9999
-9999 -9999 -9999 -9999 -9999 -9999 8.61 8.03 9.45 8.31 7.21 7.30 7.44 5.56 5.97 6.78 8.82 8.64 9.05 8.77 8.91 6.31 7.76 7.81 6.82 7.38 7.04 7.10 6.51 6.08 6.46 6.64 6.58 6.17 6.16 6.79 6.51 6.49 6.00 6.78 7.13 6.97 6.46 6.08 6.83 6.71 6.53 6.55 6.57 6.52 5.99 6.45 6.49 6.28 6.41 6.58 6.79 6.98 6.99 7.45 8.19 7.80 7.45 7.36 7.16 7.07 6.92 7.10 7.75 -9999 -9999 -9999 -9999 -9999 9.08 8.93 8.67 8.28 8.19
-9999 -9999 -9999 -9999 -9999 8.95 8.65 8.51 8.51 8.32 8.22 7.24 6.03 5.64 5.95 6.43 8.15 11.51 7.86 7.07 6.55 5.07 8.13 8.84 8.85 7.63 6.94 6.95 6.72 6.42 6.48 6.72 6.45 6.15 6.19 6.67 6.88 6.10 5.99 6.82 6.98 6.82 6.56 6.67 6.81 6.33 6.60 6.23 6.32 6.65 6.41 6.19 6.04 6.27 6.65 6.52 6.67 6.81 6.91 7.24 8.11 7.84 7.40 7.15 7.00 6.93 6.85 7.04 7.58 -9999 -9999 -9999 -9999 -9999 8.26 7.91 7.74 7.45 7.27
-9999 -9999 -9999 -9999 9.17 9.42 9.07 8.96 -9999 -9999 -9999 -9999 6.08 9.01 7.52 6.99 8.60 7.98 6.77 7.77 7.07 6.48 10.79 9.65 8.67 9.12 7.58 6.53 6.70 6.64 6.34 6.36 6.21 5.93 6.24 6.23 6.94 6.31 6.16 6.38 6.71 6.85 6.81 6.43 6.48 6.42 6.47 6.46 6.38 6.23 6.12 5.98 6.16 6.57 6.42 6.24 6.55 6.84 6.96 7.09 7.58 7.58 7.45 6.98 6.89 6.82 6.72 6.79 7.22 8.05 -9999 -9999 -9999 -9999 7.68 7.29 7.27 7.23 7.04
-9999 -9999 -9999 -9999 10.01 10.54 9.14 9.41 -9999 -9999 -9999 -9999 6.15 7.78 8.16 5.85 8.09 7.65 7.12 8.74 9.63 8.28 10.15 7.09 7.68 7.78 7.20 6.54 6.43 6.46 6.29 6.38 6.55 6.02 6.29 6.30 6.52 6.80 6.34 6.41 6.20 6.59 6.95 7.16 7.12 6.42 6.26 6.34 6.39 6.57 6.25 6.14 6.30 6.43 6.58 6.19 6.99 7.05 7.24 6.94 7.20 7.29 7.22 6.85 6.86 6.79 6.67 6.63 6.72 7.25 7.76 -9999 -9999 7.95 7.56 7.26 7.42 7.25 7.02
-9999 -9999 -9999 -9999 -9999 -9999 -9999 -9999 -9999 -9999 -9999 -9999 6.81 9.12 8.09 6.02 6.72 5.84 9.00 9.19 7.17 8.74 8.57 7.92 8.32 7.31 6.88 6.47 6.65 6.41 6.51 6.37 6.16 6.17 6.17 6.13 6.36 6.69 6.36 6.27 6.51 6.72 6.49 6.83 6.86 5.93 6.57 7.12 6.73 6.88 6.70 6.01 6.22 6.60 6.99 6.85 6.58 6.77 7.12 6.96 7.19 7.17 7.14 6.78 6.83 6.80 6.72 6.61 6.46 6.60 6.98 7.47 7.70 7.50 7.35 6.92 7.41 7.45 7.42
-9999 -9999 -9999 -9999 -9999 -9999 -9999 -9999 -9999 -9999 -9999 -9999 -9999 9.07 5.28 5.09 6.55 8.29 8.14 9.41 9.07 7.30 8.01 8.75 7.26 6.93 6.63 6.52 6.36 6.49 6.45 6.38 6.21 6.16 6.14 6.24 6.18 6.55 6.33 6.15 7.35 7.15 6.54 6.39 6.23 6.17 6.12 6.63 6.78 6.78 7.37 6.43 6.16 6.44 6.31 6.50 6.51 6.39 6.96 7.04 6.99 6.99 7.20 6.86 6.87 6.82 6.72 6.65 6.62 6.63 6.66 6.92 7.12 7.22 7.08 7.01 7.51 7.53 7.38
-9999 -9999 -9999 -9999 -9999 -9999 -9999 -9999 -9999 -9999 -9999 -9999 -9999 6.59 8.54 8.99 7.83 6.80 6.85 8.48 7.81 7.98 7.17 7.04 7.75 6.40 6.51 7.35 7.09 6.88 6.48 6.02 5.91 6.23 6.21 6.65 6.63 6.59 6.24 5.99 7.11 7.68 7.07 6.49 6.17 6.23 6.18 6.03 6.16 6.77 8.00 7.31 6.30 6.01 6.17 6.69 7.14 7.08 6.88 7.15 7.15 7.26 7.19 7.02 6.97 6.87 6.84 6.77 6.74 6.77 6.82 6.92 7.05 7.25 7.17 6.96 7.33 7.38 7.65
-9999 -9999 -9999 -9999 -9999 -9999 -9999 -9999 -9999 -9999 -9999 -9999 7.86 7.51 6.49 10.29 7.51 6.35 7.79 7.85 7.44 8.87 7.17 6.98 7.79 6.03 9.03 7.82 7.07 7.11 7.36 6.29 5.98 7.37 7.27 6.70 6.18 6.46 6.39 6.25 6.64 7.06 7.04 6.67 6.36 6.22 6.26 6.29 6.16 6.89 6.99 6.70 6.30 6.02 6.29 6.78 7.29 7.30 6.83 7.00 7.36 7.47 7.29 7.13 7.03 6.96 6.92 6.86 6.82 6.84 6.90 6.87 6.98 7.33 7.26 7.05 7.18 7.34 7.10
-9999 -9999 -9999 -9999 -9999 -9999 -9999 -9999 -9999 -9999 -9999 -9999 7.40 7.70 10.34 7.79 5.75 6.70 6.60 7.28 8.64 8.60 7.48 7.39 7.18 6.27 6.43 6.89 7.87 7.85 6.79 6.58 6.48 6.83 7.05 6.21 6.09 6.42 6.39 6.71 6.90 6.71 6.90 6.74 6.45 6.33 6.32 6.26 6.25 6.75 6.94 6.64 6.08 6.13 6.66 7.22 6.98 7.37 7.41 7.29 7.31 7.67 7.29 7.35 7.11 7.02 6.91 6.88 6.86 6.83 6.85 6.86 6.93 7.40 7.29 7.05 7.08 7.30 7.19
-9999 -9999 -9999 -9999 -9999 -9999 -9999 -9999 -9999 -9999 -9999 -9999 8.41 9.01 5.87 6.66 6.31 7.06 6.90 8.96 8.24 9.26 8.15 7.77 6.77 5.80 5.81 7.17 8.39 9.01 6.67 7.35 7.06 7.33 7.00 6.03 6.12 6.22 6.39 6.72 6.55 6.64 7.26 6.88 6.31 6.33 6.95 6.21 6.40 6.66 6.62 6.36 6.19 6.46 6.71 6.86 7.01 7.10 6.89 7.03 7.44 7.55 7.12 7.12 7.09 6.98 6.93 6.84 6.75 6.78 6.81 6.85 6.94 7.09 7.02 7.08 7.00 7.16 7.10
-9999 -9999 -9999 -9999 -9999 -9999 -9999 -9999 -9999 -9999 -9999 -9999 -9999 5.92 6.28 7.31 8.80 9.51 8.57 8.68 7.78 6.76 6.81 6.40 6.83 6.71 5.97 6.38 6.79 8.35 7.20 6.67 6.99 7.80 7.32 6.20 6.57 5.98 6.07 7.35 6.73 6.67 6.65 6.68 6.11 6.13 7.02 6.65 6.33 6.60 6.43 6.31 6.48 6.95 6.79 6.72 6.58 6.91 6.64 7.35 7.44 7.01 7.03 7.29 7.12 6.90 6.84 6.73 6.69 6.73 6.76 6.82 6.84 6.84 6.86 6.96 6.93 6.90 6.97
-9999 -9999 -9999 -9999 -9999 -9999 -9999 -9999 -9999 -9999 -9999 -9999 -9999 6.50 6.49 7.11 8.73 10.56 9.96 8.06 6.64 6.03 6.70 7.63 8.66 9.55 7.88 6.61 6.82 7.34 6.75 5.80 7.85 7.71 7.33 6.62 6.95 6.16 5.93 6.49 7.39 7.19 6.84 6.53 6.13 6.16 6.71 6.53 6.32 6.35 6.53 6.62 6.79 7.15 6.83 6.60 7.15 7.21 7.22 7.23 7.33 6.91 7.20 7.44 6.93 6.81 6.77 6.69 6.68 6.68 6.70 6.73 6.76 6.77 6.72 6.65 6.61 6.58 6.70
-9999 -9999 -9999 -9999 -9999 -9999 -9999 -9999 -9999 -9999 -9999 -9999 7.89 6.37 6.19 7.18 8.38 8.53 8.39 6.90 7.13 9.32 7.99 8.16 8.36 7.51 7.14 7.42 7.50 6.65 5.91 6.17 7.48 7.58 7.22 6.65 7.03 5.94 5.81 6.65 6.65 6.92 7.00 6.67 6.34 6.32 6.70 6.56 6.20 6.33 6.35 6.30 6.71 6.65 7.14 6.84 7.25 6.99 7.15 7.24 6.84 6.82 7.29 7.22 6.72 6.67 6.79 6.64 6.68 6.66 6.72 6.71 6.68 6.65 6.51 6.63 6.81 6.82 6.51
-9999 -9999 -9999 -9999 -9999 -9999 -9999 -9999 -9999 -9999 -9999 -9999 9.14 7.52 6.20 5.78 7.26 9.42 9.16 8.14 7.20 7.50 8.07 8.80 9.11 7.32 8.35 8.86 6.96 7.90 5.71 5.96 7.10 8.05 6.77 7.12 6.34 5.61 5.63 6.07 7.52 6.92 6.99 6.77 6.59 6.61 6.63 6.43 6.20 6.26 6.22 6.15 6.15 6.81 7.06 7.07 7.47 7.06 6.86 6.88 6.73 6.98 7.21 7.03 6.77 6.93 6.84 6.93 6.72 6.70 6.81 6.79 6.65 6.56 6.42 6.42 6.81 6.81 6.82
-9999 -9999 -9999 -9999 -9999 -9999 -9999 -9999 -9999 -9999 -9999 -9999 8.29 7.15 4.96 5.43 7.14 9.46 8.86 8.78 7.38 7.97 7.58 7.16 7.92 8.13 8.03 7.28 6.62 6.94 7.96 6.39 6.56 6.61 6.90 7.60 6.70 5.79 5.73 6.08 6.36 6.43 6.94 6.73 6.66 6.76 6.35 6.07 6.34 6.41 6.43 6.16 6.46 7.08 7.04 6.64 6.85 7.31 6.87 7.04 6.68 7.14 7.24 6.85 6.78 6.90 6.68 6.78 6.71 6.68 6.69 6.59 6.56 6.57 6.51 6.66 6.44 6.56 6.64
-9999 -9999 -9999 -9999 -9999 -9999 -9999 -9999 -9999 -9999 -9999 7.75 8.03 8.38 6.61 5.60 7.60 8.55 9.85 9.59 6.97 6.87 6.24 7.13 8.28 7.37 7.25 8.05 7.31 7.03 6.82 6.47 6.22 6.31 6.87 6.87 6.59 6.33 5.95 5.80 6.17 6.45 6.22 6.44 6.44 6.72 6.30 6.30 6.38 6.12 6.08 6.31 6.86 6.83 6.79 6.47 6.97 7.13 6.95 6.60 7.02 7.10 7.21 7.22 6.96 6.81 6.76 6.69 6.70 6.67 6.56 6.47 6.41 6.42 6.49 6.67 6.64 6.63 6.70
-9999 -9999 -9999 -9999 -9999 -9999 -9999 -9999 -9999 -9999 8.56 8.16 8.16 6.78 5.68 7.01 8.42 8.99 8.36 9.21 7.21 7.47 6.46 6.71 10.11 7.88 8.02 7.00 7.20 6.50 6.19 6.36 6.93 6.64 7.63 6.84 6.91 6.16 5.97 5.93 6.10 6.39 6.17 6.23 6.47 6.55 5.96 6.25 6.22 6.21 6.30 6.59 6.93 6.63 6.95 6.73 6.90 6.56 6.48 7.05 7.23 7.03 7.17 7.05 6.62 6.83 6.88 6.87 6.77 6.57 6.39 6.21 6.30 6.33 6.60 6.77 6.89 6.85 6.54
-9999 -9999 -9999 -9999 -9999 -9999 -9999 -9999 9.36 8.56 7.78 6.73 6.15 5.84 5.95 7.45 8.01 9.05 10.02 9.28 8.12 6.09 7.06 7.12 9.17 7.77 7.35 7.36 6.77 6.57 5.82 6.24 7.25 7.17 7.38 6.53 6.51 6.21 6.15 6.33 6.20 6.44 6.09 6.18 6.37 5.98 5.90 6.10 6.48 6.31 6.66 7.11 6.97 6.77 6.53 6.40 6.74 6.98 6.89 7.13 6.69 7.03 7.15 6.80 6.40 6.43 6.87 6.82 6.78 6.37 6.15 5.97 6.10 6.60 6.74 6.64 7.04 6.89 6.78
-9999 -9999 -9999 -9999 9.52 8.60 7.60 8.83 8.75 8.81 8.73 7.33 6.53 5.86 8.21 7.45 8.41 9.03 9.13 7.90 7.24 5.99 6.34 6.36 9.56 9.03 8.16 6.97 7.00 6.66 7.25 5.91 6.81 7.15 7.08 6.97 6.52 6.08 6.46 6.20 6.07 6.59 6.14 6.21 6.03 6.03 6.15 6.51 6.22 6.48 6.27 6.56 7.08 7.05 6.91 6.73 6.96 7.00 6.89 6.83 7.19 6.75 6.74 6.58 6.33 6.66 6.82 6.87 6.53 6.22 6.11 6.09 6.62 6.71 6.50 6.84 6.48 6.63 6.83
-9999 -9999 -9999 9.95 8.64 8.49 7.75 7.33 8.08 7.88 8.06 7.05 6.07 7.36 7.81 7.84 6.38 9.19 7.57 6.59 8.95 7.39 5.72 9.04 8.44 8.59 6.87 6.39 6.58 8.05 6.61 6.23 6.15 6.26 7.08 7.24 7.10 6.30 6.33 6.08 6.16 6.47 6.31 6.28 6.18 6.10 6.26 6.30 7.23 6.28 6.08 6.39 6.86 6.64 6.65 6.46 6.59 6.80 6.73 7.20 6.98 6.69 6.68 6.71 6.43 6.58 6.66 6.47 6.35 6.23 6.14 6.12 6.39 6.78 6.75 6.82 6.62 6.58 6.66
-9999 -9999 10.08 9.61 7.87 7.40 7.30 7.69 7.29 7.29 6.79 7.19 9.07 7.51 6.91 8.20 5.66 7.01 6.93 8.53 8.45 8.89 7.90 7.65 7.20 6.74 8.99 8.42 6.60 6.78 6.56 6.28 6.42 6.05 6.16 7.23 7.34 6.13 5.84 5.97 6.31 5.96 5.87 6.30 7.34 6.15 6.01 6.51 6.93 6.45 6.14 6.47 6.74 6.76 7.05 6.78 6.50 6.44 6.44 7.03 6.87 6.57 6.95 6.84 6.47 6.48 6.44 6.30 6.36 6.36 6.26 6.30 6.39 6.73 6.45 6.41 6.57 6.36 6.48
8.78 9.52 8.20 7.93 8.08 7.38 7.16 8.07 7.23 6.92 7.14 8.65 8.27 7.37 7.93 7.36 6.30 6.41 8.05 8.25 7.55 7.95 8.69 6.47 5.19 8.69 9.62 8.08 7.82 6.65 6.78 6.23 6.41 7.24 6.37 7.47 6.63 6.03 5.72 5.97 6.78 5.59 5.90 7.94 6.64 6.14 6.19 6.71 7.16 6.40 6.34 6.50 6.37 6.66 6.67 6.44 6.35 6.52 6.33 6.55 6.77 6.83 6.67 6.47 6.18 6.02 6.23 6.84 6.55 6.97 6.59 6.09 6.67 6.55 6.64 6.47 6.41 6.52 6.42
7.27 8.60 9.97 9.28 9.01 7.38 7.87 8.69 7.90 7.54 8.62 7.83 7.56 8.79 7.38 6.05 6.66 7.13 8.38 8.32 8.25 8.10 6.99 5.01 6.31 11.55 9.96 8.09 6.76 7.04 6.78 7.34 6.61 6.95 6.60 6.47 6.35 6.30 5.85 5.70 5.65 5.42 7.27 7.65 7.06 6.24 6.09 7.52 6.92 6.51 6.51 6.28 6.59 6.54 6.34 6.02 6.61 6.39 6.08 6.85 6.84 6.45 6.38 6.24 6.00 6.11 6.55 6.73 6.67 6.89 6.49 6.32 6.69 6.58 6.30 6.46 6.42 6.55 6.58
7.28 7.89 8.16 7.88 7.14 7.97 7.40 8.33 6.72 7.33 8.50 8.18 7.54 7.90 6.06 5.66 7.83 8.47 7.89 7.37 8.51 7.09 5.91 4.99 7.51 9.49 9.98 6.86 7.10 7.28 7.49 6.96 6.31 7.22 6.94 6.57 6.22 6.30 5.49 5.28 5.82 5.86 7.23 7.14 6.66 6.01 6.47 7.35 7.17 6.90 6.60 6.61 6.48 6.30 6.06 6.02 6.29 6.45 6.25 6.20 6.26 6.17 6.68 6.88 6.07 6.16 6.49 6.58 6.39 6.62 6.56 6.59 6.63 6.30 6.35 6.29 6.33 6.20 6.44
7.53 7.74 7.56 7.86 7.60 7.56 7.95 7.27 7.65 7.12 7.02 6.96 6.42 5.76 6.49 5.73 7.68 10.72 6.60 6.66 7.46 10.06 9.76 5.84 5.63 10.58 8.61 7.35 7.63 8.25 7.28 6.26 5.99 7.35 7.46 6.55 6.14 5.99 5.51 5.43 6.03 7.26 7.38 6.69 6.48 6.24 6.24 6.47 7.08 6.78 6.65 6.45 6.19 5.99 5.94 6.32 6.21 6.17 6.20 5.79 5.91 6.35 6.29 6.60 6.26 6.17 6.15 6.24 6.48 6.57 6.58 6.64 6.67 6.22 6.07 6.28 6.26 6.03 6.27
7.55 7.86 7.33 7.55 7.64 7.57 6.95 6.81 7.19 6.82 7.52 6.93 7.34 5.53 7.00 7.82 7.77 8.23 8.54 7.24 8.50 9.83 7.74 8.88 8.16 6.16 8.63 8.19 6.50 6.75 6.08 6.75 6.71 8.41 7.87 6.50 6.00 5.50 5.41 6.04 7.35 6.66 7.42 6.59 6.42 6.73 6.33 7.24 6.73 6.82 6.54 6.23 6.06 6.05 6.03 6.09 5.95 5.94 5.79 5.83 6.33 6.73 6.46 6.09 6.35 6.09 6.54 6.15 6.09 6.23 6.39 6.50 6.54 6.41 6.00 6.21 6.21 6.10 6.34
7.68 7.24 7.85 8.35 9.26 8.62 7.71 7.09 6.56 6.66 8.11 6.78 6.95 5.67 6.79 6.93 6.43 5.97 7.36 7.02 7.77 7.64 8.96 8.34 9.01 8.86 10.75 7.48 6.69 6.28 6.86 6.59 7.90 7.80 7.83 6.13 5.72 5.21 6.99 7.50 7.29 7.42 6.54 6.72 6.76 6.74 6.89 7.04 7.00 6.72 6.43 6.18 6.00 6.21 6.27 6.40 6.07 5.73 5.74 6.08 6.93 6.15 6.33 6.30 6.06 6.05 6.13 5.89 5.88 6.21 6.12 6.34 6.40 6.34 6.28 6.29 6.07 6.01 6.58
8.04 7.60 7.67 8.54 8.80 9.19 8.63 7.93 7.22 6.76 7.02 7.99 5.98 8.08 7.57 7.39 7.97 7.41 6.61 6.75 7.31 6.56 7.44 7.26 6.86 9.94 9.90 6.72 6.82 5.82 6.31 7.19 7.62 7.38 6.97 6.07 5.73 6.43 6.18 7.13 7.03 6.73 6.86 6.76 6.78 7.15 7.04 6.88 6.73 6.50 6.93 6.15 6.36 6.01 6.02 5.82 5.63 5.66 6.19 6.79 6.56 6.33 6.36 6.17 5.94 6.02 6.23 6.27 5.57 6.08 6.52 6.24 6.19 6.38 5.97 6.11 6.54 6.32 6.22
8.37 8.57 9.10 9.74 -9999 -9999 -9999 -9999 8.27 7.90 8.26 6.85 6.25 6.91 6.77 6.36 6.01 4.48 9.15 9.80 7.14 6.32 6.42 7.09 7.74 9.28 7.87 6.78 6.01 5.61 7.74 7.28 8.10 6.68 6.40 6.05 6.03 7.04 6.28 7.08 7.06 6.72 6.80 6.79 6.85 6.88 6.86 6.76 6.62 6.46 6.74 6.15 6.15 6.10 5.91 5.79 5.66 6.39 6.32 6.48 6.58 6.59 5.85 5.68 5.52 6.10 6.33 5.97 5.39 5.89 6.25 6.17 6.08 6.43 6.19 6.12 6.42 6.54 6.35
