ML/MeanWindSpeed_1994-01_Actual.txt
ncols         180
nrows         290
xllcorner     -200000
yllcorner     -200000
cellsize      5000
NODATA_value  -9999
[rows 170 to 203 of 290, columns 77 to 153 of 180]
-9999 -9999 -9999 -9999 -9999 -9999 -9999 -9999 -9999 -9999 -9999 -9999 -9999 -9999 -9999 -9999 -9999 -9999 -9999 -9999 -9999 -9999 -9999 -9999 -9999 -9999 -9999 -9999 -9999 11.08 9.90 9.18 9.42 9.74 9.77 9.28 8.59 8.79 8.32 8.07 8.14 8.36 9.70 9.55 17.02 20.70 21.17 17.77 15.20 13.43 11.10 11.27 10.21 11.97 10.37 10.30 10.02 10.08 10.16 10.16 10.71 10.90 10.57 9.72 10.33 13.26 12.57 12.89 11.22 11.32 12.80 15.01 -9999 -9999 -9999 -9999 -9999
-9999 -9999 -9999 -9999 -9999 -9999 -9999 -9999 -9999 17.87 16.54 17.26 18.98 -9999 -9999 -9999 -9999 -9999 -9999 -9999 -9999 -9999 -9999 -9999 -9999 -9999 -9999 -9999 12.12 10.33 10.61 9.64 10.76 10.08 9.15 8.87 8.82 8.49 8.46 8.26 8.22 8.27 8.43 13.12 17.51 17.93 14.69 19.07 17.42 12.20 11.77 8.86 12.82 12.87 10.72 10.51 10.14 10.12 10.16 10.18 10.63 11.32 11.07 9.98 9.99 10.67 13.31 13.11 13.63 11.04 10.80 12.91 15.53 -9999 -9999 -9999 -9999
-9999 -9999 -9999 -9999 -9999 -9999 -9999 -9999 -9999 16.45 14.96 14.79 15.80 -9999 -9999 -9999 -9999 -9999 -9999 -9999 -9999 -9999 -9999 -9999 -9999 -9999 -9999 12.12 11.48 10.32 10.76 12.12 10.25 10.12 8.62 8.46 8.66 8.40 8.72 8.95 7.98 7.59 8.10 11.00 19.78 20.18 14.51 16.77 15.77 14.81 10.33 8.92 11.57 12.45 11.14 9.92 9.78 10.05 10.66 10.49 10.61 11.02 11.64 10.64 10.35 10.34 12.80 12.90 12.84 11.27 10.82 11.51 14.15 -9999 -9999 -9999 -9999
-9999 -9999 -9999 -9999 -9999 -9999 -9999 21.55 16.50 13.69 13.84 13.41 14.99 14.57 16.21 17.40 -9999 -9999 17.32 15.07 -9999 -9999 -9999 12.35 14.09 13.27 -9999 9.53 11.76 10.74 10.31 10.98 10.09 10.33 9.93 10.43 9.63 9.61 8.45 9.03 8.15 8.43 13.75 10.38 13.78 17.74 10.59 12.94 19.76 11.81 13.66 10.40 11.40 11.66 10.74 10.30 10.20 10.24 10.66 10.20 10.68 10.74 11.87 10.72 10.32 10.38 11.02 12.06 13.49 12.73 10.93 10.67 12.81 15.69 -9999 -9999 -9999
-9999 -9999 -9999 -9999 -9999 -9999 -9999 -9999 17.25 14.57 13.29 12.44 12.68 14.24 16.33 13.21 -9999 12.72 13.21 14.87 13.46 14.68 10.03 8.44 14.00 14.26 12.52 -9999 8.98 11.16 11.01 10.02 9.86 10.77 9.59 9.03 8.84 8.65 8.96 8.52 8.95 8.86 14.04 15.22 14.86 15.72 14.33 16.76 17.17 14.53 10.85 9.90 12.44 12.31 10.21 10.87 10.24 10.89 10.95 10.28 10.51 10.60 11.95 10.89 10.38 10.37 10.18 11.31 12.44 13.43 11.97 10.73 11.67 14.42 -9999 -9999 -9999
-9999 -9999 -9999 -9999 -9999 -9999 -9999 -9999 -9999 16.34 14.88 13.32 12.18 11.63 9.06 8.14 17.20 25.77 10.35 14.87 15.51 14.57 11.88 7.70 7.45 11.15 14.84 12.02 9.01 9.38 10.60 9.82 10.07 11.71 10.25 9.22 8.40 8.52 8.63 8.32 8.47 8.76 16.02 17.83 14.91 15.29 12.54 11.51 13.53 13.62 10.61 10.03 11.76 10.78 9.96 10.81 10.26 11.63 10.72 10.57 10.37 10.31 12.17 10.70 10.29 10.33 10.07 10.75 11.47 11.64 11.94 12.36 10.70 13.21 16.30 -9999 -9999
-9999 -9999 -9999 -9999 -9999 -9999 -9999 -9999 -9999 -9999 17.63 13.78 11.23 8.68 7.38 10.82 29.76 19.37 7.03 15.34 10.52 15.44 15.02 9.61 6.28 15.04 12.85 13.98 11.67 9.28 9.28 9.36 8.57 10.09 10.52 9.69 8.91 8.26 8.53 8.25 8.05 10.70 12.66 18.36 15.41 16.42 15.11 9.43 12.52 15.02 10.75 10.62 11.53 10.49 10.24 10.41 10.21 11.64 10.49 10.23 10.49 10.02 11.14 11.00 10.37 10.26 10.17 10.40 11.17 12.77 11.31 10.34 10.38 12.51 15.73 -9999 -9999
-9999 -9999 -9999 -9999 -9999 -9999 -9999 -9999 -9999 -9999 -9999 14.10 10.24 9.60 11.48 25.43 29.06 19.04 12.66 12.15 13.82 16.25 16.82 15.96 9.76 8.55 16.76 13.65 12.08 10.70 9.16 8.97 9.24 9.49 9.87 8.98 8.13 8.27 8.29 8.16 8.58 10.21 13.37 15.37 12.72 13.20 15.39 12.62 9.08 14.72 10.87 10.60 11.34 10.21 10.12 9.96 10.66 11.51 10.55 10.30 10.32 9.77 11.94 11.15 10.59 10.52 10.45 10.89 10.74 10.73 10.20 9.95 10.40 13.00 15.96 -9999 -9999
-9999 -9999 -9999 -9999 -9999 -9999 -9999 -9999 -9999 -9999 -9999 13.36 10.79 13.36 15.75 19.09 24.52 13.92 9.03 12.06 15.96 16.68 18.09 15.60 10.73 7.48 17.08 16.95 13.23 11.66 9.08 8.66 9.26 10.54 9.80 8.99 8.36 7.58 7.34 8.05 10.77 11.06 9.09 15.81 12.62 13.40 15.67 15.35 12.16 10.85 9.97 8.39 10.35 11.23 9.85 9.73 9.53 10.41 10.15 10.67 10.40 10.21 11.07 11.90 11.30 11.27 10.92 10.82 10.48 9.98 9.77 10.37 11.89 14.34 -9999 -9999 -9999
-9999 -9999 -9999 -9999 -9999 -9999 -9999 -9999 -9999 -9999 -9999 11.79 11.03 12.64 12.14 19.06 17.17 12.14 13.32 10.59 12.81 17.07 15.40 18.51 14.42 9.24 15.65 17.26 16.10 11.39 9.81 8.44 9.66 11.20 10.53 9.01 7.99 7.37 7.80 9.83 10.41 8.68 8.79 13.12 12.87 12.59 12.64 11.74 11.73 12.54 8.11 9.31 9.66 9.25 9.77 9.22 10.45 9.49 10.00 10.53 10.53 11.01 13.79 12.60 11.72 11.33 11.16 10.83 10.38 9.92 9.95 11.54 13.79 -9999 -9999 -9999 -9999
-9999 -9999 -9999 -9999 -9999 -9999 -9999 -9999 -9999 -9999 13.48 22.83 12.73 14.20 16.18 10.23 23.84 19.99 17.92 15.45 18.77 14.85 16.08 14.15 11.85 13.71 19.03 17.01 15.74 11.21 9.42 8.24 10.33 10.60 9.77 8.93 7.68 7.60 9.53 9.17 8.59 10.25 11.72 9.07 15.17 14.03 10.32 11.32 10.41 9.35 9.10 8.04 8.06 8.36 9.74 9.14 8.54 10.68 9.93 10.39 10.91 11.72 13.99 12.67 11.78 11.53 11.02 10.71 10.01 9.60 10.86 12.94 -9999 -9999 -9999 -9999 -9999
-9999 -9999 -9999 -9999 -9999 -9999 -9999 -9999 15.11 13.94 18.44 15.65 12.56 13.40 14.93 9.57 11.53 14.08 19.02 18.11 19.77 17.91 18.32 10.79 14.35 14.19 10.94 12.09 11.09 11.50 9.94 8.86 10.14 10.50 10.17 8.81 8.45 9.92 8.94 9.55 8.37 10.58 11.67 11.39 10.17 9.16 11.39 10.76 10.01 9.79 9.48 9.07 7.40 8.72 8.57 7.84 8.36 9.20 9.91 10.64 10.76 11.78 13.76 12.55 11.50 11.31 10.68 10.25 9.60 9.86 11.52 -9999 -9999 -9999 -9999 -9999 16.01
-9999 -9999 -9999 -9999 -9999 -9999 -9999 15.29 14.57 14.36 14.72 14.42 14.21 12.77 9.98 8.77 11.14 13.23 16.67 26.19 15.41 12.80 12.38 8.38 17.04 18.83 17.86 13.49 11.41 11.51 10.83 10.06 10.41 11.13 10.27 9.49 9.11 9.85 10.24 8.29 8.22 10.69 10.99 10.57 10.05 10.28 10.76 9.26 9.88 8.53 8.44 9.18 8.33 7.68 7.19 7.80 9.20 9.14 9.74 10.39 10.82 11.51 13.83 12.81 11.43 10.76 10.24 9.85 9.36 9.65 11.01 -9999 -9999 -9999 -9999 -9999 14.03
-9999 -9999 -9999 -9999 -9999 -9999 15.99 16.73 15.47 15.39 -9999 -9999 -9999 -9999 10.69 18.46 15.55 14.91 18.30 15.90 12.92 16.68 15.35 13.06 25.62 22.15 18.11 18.44 13.67 10.49 10.93 10.86 10.16 10.28 9.99 9.35 9.83 8.95 10.60 8.73 8.50 9.28 10.16 10.56 10.39 9.16 9.37 9.22 9.11 8.66 8.22 7.74 7.49 7.30 7.79 8.89 8.98 8.98 10.14 11.13 11.47 11.58 12.78 12.36 11.81 10.39 9.98 9.55 9.01 8.95 10.04 12.27 -9999 -9999 -9999 -9999 12.58
-9999 -9999 -9999 -9999 -9999 -9999 18.02 19.85 15.55 16.46 -9999 -9999 -9999 -9999 11.11 15.28 17.71 11.05 17.57 16.60 15.41 19.76 21.89 17.32 22.85 13.62 14.90 14.54 12.55 10.52 10.32 10.55 10.21 10.49 11.10 9.62 10.26 9.71 9.68 10.26 8.85 9.26 8.66 9.90 11.05 11.53 11.40 9.29 8.56 8.46 8.32 8.80 7.93 8.05 8.73 9.31 10.40 9.63 12.28 12.46 12.85 11.72 12.18 11.88 11.38 10.09 9.93 9.52 8.92 8.57 8.69 10.10 11.51 -9999 -9999 13.05 12.48
-9999 -9999 -9999 -9999 -9999 -9999 -9999 -9999 -9999 -9999 -9999 -9999 -9999 -9999 12.54 18.58 15.94 11.00 14.01 11.66 20.94 20.34 13.91 18.47 17.76 15.42 16.02 12.84 11.33 9.95 10.90 10.39 10.70 10.30 9.70 9.69 9.59 9.29 9.49 10.13 9.13 8.85 9.43 10.03 9.56 10.59 10.85 8.32 10.06 11.36 9.77 9.80 9.30 7.89 9.03 10.45 11.91 11.69 11.19 11.93 12.91 12.15 12.46 11.78 11.30 9.93 9.91 9.64 9.19 8.67 8.12 8.45 9.49 11.02 11.99 11.91 12.09
-9999 -9999 -9999 -9999 -9999 -9999 -9999 -9999 -9999 -9999 -9999 -9999 -9999 -9999 -9999 18.74 7.74 7.99 13.00 19.09 17.93 20.72 19.59 13.89 15.37 16.99 12.15 11.32 10.03 9.74 9.66 10.25 10.28 10.19 9.74 9.47 9.32 9.57 9.22 10.01 9.59 8.98 12.04 11.22 9.48 9.24 9.17 9.25 9.10 10.58 10.87 10.20 11.70 9.27 8.92 10.05 9.76 10.52 10.98 10.96 12.64 12.55 11.98 11.16 11.29 10.05 9.99 9.73 9.31 8.96 8.75 8.74 8.85 9.77 10.67 11.18 11.18
-9999 -9999 -9999 -9999 -9999 -9999 -9999 -9999 -9999 -9999 -9999 -9999 -9999 -9999 -9999 12.65 18.39 19.27 16.14 14.27 13.65 17.46 14.68 14.85 12.46 11.59 14.15 10.35 9.81 12.11 11.23 10.74 10.08 9.15 9.03 9.92 9.68 11.01 10.74 10.32 9.58 8.95 11.78 12.99 11.06 9.54 8.91 9.28 9.35 9.33 9.84 10.96 14.03 12.02 9.44 9.05 9.78 11.41 12.96 13.01 12.30 12.88 12.17 11.38 10.76 10.22 10.14 9.88 9.74 9.48 9.32 9.36 9.57 10.05 10.65 11.34 11.39
-9999 -9999 -9999 -9999 -9999 -9999 -9999 -9999 -9999 -9999 -9999 -9999 -9999 -9999 15.43 14.67 11.11 22.22 14.37 11.86 15.73 15.52 13.70 17.75 12.82 11.98 14.95 9.45 17.79 13.50 10.79 10.88 12.17 9.76 9.17 13.12 12.63 11.23 9.55 10.17 10.03 9.59 10.62 11.50 11.09 10.00 9.45 9.25 9.44 9.95 9.67 11.43 11.34 10.53 9.79 9.41 10.47 11.92 13.35 13.38 11.91 12.06 11.87 11.39 10.79 10.36 10.19 10.11 10.02 9.86 9.71 9.78 10.02 10.18 10.64 11.69 11.73
-9999 -9999 -9999 -9999 -9999 -9999 -9999 -9999 -9999 -9999 -9999 -9999 -9999 -9999 13.47 14.39 21.77 13.66 7.87 11.17 11.65 14.29 17.90 17.51 13.55 12.84 12.73 10.04 10.95 12.13 14.00 13.68 10.70 10.53 10.27 10.94 11.69 9.69 9.35 10.33 10.21 10.94 11.47 10.84 11.07 10.50 9.80 9.53 9.46 9.56 9.67 10.94 11.39 10.62 9.25 9.80 11.54 13.27 12.45 13.37 13.17 12.21 11.30 12.05 10.80 10.94 10.39 10.30 10.06 10.01 9.98 9.94 10.07 10.28 10.57 11.96 11.76
-9999 -9999 -9999 -9999 -9999 -9999 -9999 -9999 -9999 -9999 -9999 -9999 -9999 -9999 15.22 17.91 8.64 11.24 10.11 12.16 12.32 19.21 16.61 18.98 14.91 13.37 10.70 8.99 9.88 14.17 16.92 18.44 11.32 13.30 11.67 11.99 11.40 8.92 9.28 9.83 10.25 11.05 10.43 10.59 12.23 11.07 9.73 9.72 11.37 9.35 9.94 10.54 10.39 9.71 9.39 10.35 11.21 11.84 12.11 12.13 11.15 11.01 11.62 11.77 10.30 10.21 10.35 10.22 10.15 9.96 9.77 9.90 10.04 10.24 10.54 11.09 10.97
-9999 -9999 -9999 -9999 -9999 -9999 -9999 -9999 -9999 -9999 -9999 -9999 -9999 -9999 -9999 10.17 11.90 14.92 18.35 19.85 16.50 17.01 14.41 10.85 10.81 9.83 11.09 11.07 9.69 11.60 12.40 16.91 13.37 11.56 11.43 13.35 12.37 9.16 10.42 9.15 9.50 12.91 10.65 10.33 10.13 10.36 9.37 9.48 11.77 10.78 9.80 10.57 10.07 9.73 10.23 11.43 10.98 10.93 10.48 11.43 10.32 11.87 11.82 10.42 10.13 10.83 10.52 9.98 9.89 9.70 9.69 9.84 9.99 10.19 10.33 10.48 10.63
-9999 -9999 -9999 -9999 -9999 -9999 -9999 -9999 -9999 -9999 -9999 -9999 -9999 -9999 -9999 11.88 13.29 15.10 18.36 22.59 20.50 15.55 11.75 9.83 12.08 14.96 17.53 19.67 14.81 11.43 12.18 13.83 12.71 9.83 14.51 13.30 12.64 10.44 11.39 9.63 9.22 10.53 12.55 11.77 10.60 9.74 9.19 9.78 11.11 10.62 10.01 10.10 10.69 10.97 11.32 12.07 11.10 10.60 12.22 12.23 12.01 11.60 11.79 10.43 10.85 11.48 10.04 9.74 9.71 9.61 9.72 9.78 9.88 10.03 10.16 10.33 10.33
-9999 -9999 -9999 -9999 -9999 -9999 -9999 -9999 -9999 -9999 -9999 -9999 -9999 -9999 13.57 10.45 11.69 15.42 17.74 17.02 16.49 13.16 14.32 20.85 16.68 16.89 16.89 13.88 12.43 13.38 13.78 11.50 10.28 11.07 13.85 13.61 12.50 10.43 11.69 9.11 9.14 11.43 10.76 11.27 11.17 10.02 9.15 9.61 10.94 10.65 9.62 10.06 10.13 10.08 11.29 10.91 12.33 11.40 12.36 11.36 11.67 11.78 10.55 10.27 11.41 11.16 9.71 9.55 9.94 9.61 9.81 9.86 10.07 10.07 10.04 10.09 9.92
-9999 -9999 -9999 -9999 -9999 -9999 -9999 -9999 -9999 -9999 -9999 -9999 -9999 -9999 16.73 13.25 11.14 11.17 14.74 20.53 19.57 17.12 14.44 15.50 17.48 19.15 19.39 13.67 16.28 17.64 11.85 14.87 9.25 10.30 13.03 15.56 10.99 11.59 9.58 8.30 8.76 9.96 13.95 11.70 11.49 10.62 10.01 10.11 10.50 10.10 9.47 9.75 9.68 9.70 9.79 11.60 12.27 12.14 12.97 11.57 10.83 10.79 10.23 10.76 11.37 10.88 10.12 10.53 10.20 10.55 10.02 10.04 10.38 10.40 10.04 9.90 9.74
-9999 -9999 -9999 -9999 -9999 -9999 -9999 -9999 -9999 -9999 -9999 -9999 -9999 -9999 14.53 12.30 7.48 9.68 14.34 20.81 18.29 18.36 14.46 16.86 16.00 14.15 15.64 16.22 15.42 13.10 11.07 11.79 15.29 10.49 10.76 11.01 11.17 12.98 10.65 8.36 8.70 9.87 10.59 10.51 11.71 10.95 10.41 10.62 9.66 8.98 9.79 10.13 10.34 9.65 10.54 12.25 12.22 10.96 11.23 12.36 10.92 11.31 9.99 11.24 11.41 10.27 10.09 10.39 9.68 10.02 9.92 9.98 10.11 9.95 9.86 9.90 9.85
-9999 -9999 -9999 -9999 -9999 -9999 -9999 -9999 -9999 -9999 -9999 -9999 -9999 13.78 14.47 16.33 12.25 9.72 15.47 17.70 20.82 20.42 12.76 13.10 11.99 14.19 16.61 13.74 13.20 15.60 13.15 12.00 11.41 10.23 9.55 9.92 11.20 10.92 10.21 9.61 8.89 8.77 9.93 10.57 9.72 10.35 9.99 10.78 9.61 9.54 9.76 9.22 9.22 9.79 11.43 11.29 11.33 10.36 11.52 11.72 11.14 10.00 11.06 11.15 11.27 11.38 10.70 10.14 10.01 9.82 9.96 10.01 9.84 9.71 9.59 9.61 9.87
-9999 -9999 -9999 -9999 -9999 -9999 -9999 -9999 -9999 -9999 -9999 -9999 16.18 15.03 15.18 11.99 9.54 14.02 18.65 19.88 17.20 19.31 13.52 15.11 12.88 12.49 21.54 14.67 15.18 12.09 12.33 10.44 10.01 10.45 12.09 10.74 13.33 10.78 11.04 9.00 8.65 8.93 9.49 10.14 9.63 9.86 10.35 10.52 8.72 9.53 9.47 9.66 9.92 10.49 11.43 10.49 11.49 10.77 11.12 10.06 9.82 11.37 11.80 11.07 11.31 11.05 9.88 10.54 10.65 10.55 10.38 9.90 9.56 9.25 9.63 9.74 10.68
-9999 -9999 -9999 -9999 -9999 -9999 -9999 -9999 -9999 -9999 18.60 16.10 13.82 10.73 9.88 10.21 10.76 15.66 17.73 20.26 22.20 19.24 15.89 10.52 14.23 13.46 19.03 14.68 13.07 12.96 10.99 10.57 9.04 10.38 13.05 12.21 12.41 9.56 9.68 9.10 9.06 9.95 9.57 10.23 9.24 9.49 9.95 8.99 8.74 9.22 10.48 10.15 11.21 12.23 11.61 10.91 10.20 9.84 10.85 11.46 10.96 11.47 10.20 11.13 11.30 10.39 9.38 9.58 10.86 10.65 10.65 9.52 9.16 8.92 9.39 10.88 11.41
-9999 -9999 -9999 -9999 -9999 -9999 18.20 16.45 14.41 18.55 18.21 17.85 17.25 13.20 11.71 10.45 17.36 15.38 18.38 19.19 18.75 14.47 12.69 9.88 11.88 11.62 20.64 18.16 14.91 11.54 11.77 10.83 12.97 9.18 11.81 12.41 11.76 10.85 9.55 8.60 9.90 9.33 8.77 10.51 9.11 9.22 8.77 9.04 9.63 10.52 9.55 10.65 10.11 10.85 12.18 11.92 11.47 10.98 11.56 11.51 10.94 10.47 11.50 10.09 10.00 9.75 9.29 10.34 10.76 10.90 9.99 9.22 9.27 9.55 11.10 11.35 10.74
-9999 -9999 -9999 -9999 -9999 19.57 16.10 16.44 14.95 13.98 16.19 15.11 15.56 12.43 10.14 14.70 15.97 16.76 12.03 19.91 14.81 11.46 18.34 13.90 9.35 19.07 16.49 15.41 9.91 9.41 10.22 14.55 10.37 9.51 9.57 9.95 12.15 11.71 11.27 9.16 9.42 8.75 8.79 9.98 9.46 9.10 9.02 9.28 10.09 9.98 12.55 9.99 9.58 10.38 11.60 10.80 10.71 10.12 10.34 11.03 10.66 11.57 10.71 9.86 9.91 10.18 9.48 9.96 10.19 9.61 9.40 9.32 9.43 9.69 10.43 11.55 11.44
-9999 -9999 -9999 -9999 19.26 18.12 13.48 12.61 12.74 14.15 13.25 13.75 12.35 13.02 18.79 14.50 12.54 17.38 9.57 13.76 13.66 18.13 17.11 18.04 14.85 14.41 12.80 9.64 16.04 15.00 9.86 10.49 9.88 9.37 10.02 9.25 9.51 11.88 12.12 8.76 8.26 8.40 9.30 8.59 8.21 9.01 12.36 9.52 9.31 10.31 11.43 10.39 9.66 10.61 11.43 11.36 12.01 11.14 10.13 9.97 9.87 11.28 10.72 9.81 10.88 10.64 9.73 9.95 9.86 9.59 9.91 10.04 10.02 10.37 10.54 11.50 10.50
16.69 18.78 15.69 18.10 14.55 14.07 14.76 13.19 12.58 15.53 13.63 13.36 13.40 17.19 16.23 13.50 14.82 13.91 11.21 11.49 16.36 16.95 14.62 14.89 17.23 12.35 8.18 16.22 18.19 13.90 13.61 10.13 10.61 9.32 9.78 12.57 9.74 12.70 10.06 8.48 7.97 8.46 10.99 7.83 8.45 14.06 10.27 9.41 9.47 10.56 11.84 9.90 9.98 10.55 10.19 11.00 11.02 10.33 9.88 10.38 9.82 10.35 10.83 10.76 10.18 9.71 9.30 9.26 10.00 11.96 11.03 12.23 11.31 9.89 11.54 11.12 11.18
15.67 13.40 12.65 16.69 21.00 19.22 18.42 13.90 15.41 17.78 15.75 14.82 17.78 15.02 13.93 17.16 12.86 9.52 11.09 12.16 16.07 15.83 15.31 14.43 12.90 9.60 12.26 25.79 19.96 14.35 10.65 11.41 10.52 12.58 10.19 11.07 9.78 9.55 9.24 9.03 8.10 7.84 8.16 7.68 12.57 13.33 11.86 9.73 9.16 13.04 11.04 9.98 10.25 9.74 10.80 10.74 10.39 9.41 10.96 10.44 9.55 11.76 11.46 10.01 9.71 9.55 9.26 9.94 11.36 11.96 11.69 12.38 11.35 10.75 11.71 11.25 10.28
