ML/MeanWindSpeed_1992-10_Actual.txt
ncols         180
nrows         290
xllcorner     -200000
yllcorner     -200000
cellsize      5000
NODATA_value  -9999
[rows 175 to 209 of 290, columns 79 to 157 of 180]
-9999 -9999 -9999 -9999 -9999 -9999 -9999 9.27 8.14 7.04 6.54 6.43 4.70 4.25 10.36 15.67 6.21 9.17 9.78 9.44 7.72 4.95 4.84 7.21 9.39 7.47 5.55 5.82 6.63 6.16 6.43 7.64 7.00 6.64 6.27 6.40 6.41 6.07 5.83 5.89 10.47 11.61 9.89 10.20 8.34 7.80 9.24 9.28 7.34 6.98 8.09 7.53 7.04 7.58 7.28 8.20 7.68 7.60 7.47 7.48 8.64 7.71 7.50 7.60 7.49 8.04 8.67 8.92 9.28 9.70 8.85 10.83 13.18 -9999 -9999 -9999 -9999 -9999 -9999
-9999 -9999 -9999 -9999 -9999 -9999 -9999 -9999 10.21 7.65 5.98 4.28 3.11 5.48 17.93 11.64 4.00 9.27 6.40 9.68 9.60 6.10 3.98 9.52 8.02 8.58 7.15 5.73 5.75 5.75 5.33 6.57 7.14 6.90 6.58 6.26 6.39 6.07 5.67 7.18 8.54 12.04 10.26 11.01 10.00 6.40 8.50 10.07 7.33 7.28 7.90 7.30 7.15 7.31 7.25 8.20 7.48 7.29 7.35 6.95 7.64 7.64 7.41 7.52 7.56 7.84 8.51 9.71 8.97 8.53 8.67 10.38 12.80 -9999 -9999 -9999 -9999 -9999 -9999
-9999 -9999 -9999 -9999 -9999 -9999 -9999 -9999 -9999 8.05 5.33 4.67 5.74 14.74 17.69 11.57 7.34 7.10 8.26 10.05 10.68 10.04 5.99 5.35 10.35 8.34 7.41 6.62 5.70 5.57 5.82 6.26 6.79 6.51 6.16 6.35 6.31 6.15 6.32 7.15 9.19 10.42 8.64 8.97 10.23 8.39 6.30 9.82 7.31 7.17 7.70 7.07 7.05 7.02 7.54 8.12 7.49 7.30 7.18 6.74 8.11 7.72 7.55 7.68 7.79 8.24 8.34 8.57 8.41 8.42 8.84 10.82 13.03 -9999 -9999 -9999 -9999 -9999 -9999
-9999 -9999 -9999 -9999 -9999 -9999 -9999 -9999 -9999 7.65 5.70 7.00 8.79 11.31 15.15 8.47 4.96 6.80 9.33 10.02 11.25 9.85 6.53 4.45 10.43 10.39 8.17 7.27 5.64 5.38 5.90 7.00 6.85 6.62 6.41 6.00 5.80 6.26 7.96 7.94 6.69 10.85 8.68 9.06 10.43 10.16 8.24 7.46 6.75 5.75 7.03 7.67 6.89 6.91 6.87 7.45 7.25 7.55 7.28 7.13 7.74 8.39 8.12 8.23 8.15 8.30 8.31 8.23 8.28 8.88 10.08 11.93 -9999 -9999 -9999 -9999 -9999 -9999 -9999
-9999 -9999 -9999 -9999 -9999 -9999 -9999 -9999 -9999 6.73 6.03 7.02 6.96 11.47 10.57 7.36 7.73 5.98 7.47 10.26 9.51 11.55 8.72 5.31 9.47 10.70 10.08 7.20 6.14 5.31 6.27 7.54 7.42 6.74 6.27 5.96 6.26 7.53 7.91 6.70 6.62 9.32 9.06 8.72 8.66 8.07 8.03 8.51 5.65 6.36 6.66 6.47 6.88 6.65 7.47 6.90 7.18 7.46 7.39 7.76 9.62 9.00 8.47 8.32 8.36 8.38 8.36 8.34 8.59 9.93 11.64 -9999 -9999 -9999 -9999 -9999 -9999 -9999 -9999
-9999 -9999 -9999 -9999 -9999 -9999 -9999 -9999 8.26 13.63 7.46 8.43 9.62 6.05 14.33 11.92 10.46 9.05 11.34 9.12 10.01 8.74 7.04 7.99 11.58 10.70 10.03 7.24 6.05 5.39 6.90 7.35 7.06 6.74 6.11 6.16 7.46 7.21 6.87 7.83 8.57 6.96 10.66 9.77 7.38 7.94 7.27 6.53 6.31 5.65 5.72 5.98 6.91 6.62 6.29 7.62 7.13 7.36 7.64 8.23 9.75 9.03 8.53 8.46 8.31 8.39 8.25 8.30 9.47 11.14 -9999 -9999 -9999 -9999 -9999 -9999 -9999 14.04 -9999
-9999 -9999 -9999 -9999 -9999 -9999 9.87 8.90 11.59 9.76 7.95 8.62 9.32 5.65 6.58 8.17 11.19 10.70 11.96 11.06 11.21 6.39 8.56 8.58 6.87 7.87 7.32 7.57 6.60 6.02 7.01 7.46 7.37 6.65 6.58 7.65 7.16 7.53 6.80 8.17 8.77 8.55 7.69 6.89 8.12 7.68 7.08 6.83 6.60 6.36 5.39 6.26 6.22 5.81 6.18 6.70 7.09 7.49 7.53 8.27 9.62 8.95 8.36 8.36 8.16 8.20 8.12 8.68 10.12 -9999 -9999 -9999 -9999 -9999 13.05 12.63 12.22 11.78 12.00
-9999 -9999 -9999 -9999 -9999 10.33 9.68 9.47 9.74 9.65 9.67 8.60 6.43 5.26 6.37 7.66 10.03 16.00 9.36 7.72 7.12 4.56 10.11 11.48 11.26 8.85 7.59 7.68 7.33 6.98 7.36 7.95 7.46 7.00 6.92 7.61 7.99 6.78 6.71 8.29 8.46 8.10 7.63 7.64 7.77 6.78 7.06 6.11 6.03 6.51 6.01 5.64 5.35 5.79 6.66 6.61 6.93 7.29 7.55 8.11 9.67 9.14 8.37 8.10 7.98 8.05 8.09 8.65 9.83 -9999 -9999 -9999 -9999 -9999 11.43 10.55 10.22 9.95 10.05
-9999 -9999 -9999 -9999 10.99 11.27 10.41 10.39 -9999 -9999 -9999 -9999 6.78 11.31 9.10 8.81 11.23 9.65 7.60 9.77 8.80 7.51 15.54 13.63 11.44 11.93 9.06 7.17 7.57 7.68 7.35 7.52 7.36 6.93 7.33 7.03 8.21 7.08 6.89 7.40 7.90 8.06 7.85 6.98 6.98 6.82 6.66 6.29 5.98 5.68 5.50 5.38 5.71 6.44 6.44 6.40 7.09 7.72 7.96 8.17 9.05 8.94 8.71 7.99 7.93 7.93 7.89 8.17 9.12 10.83 -9999 -9999 -9999 -9999 10.13 9.20 9.08 9.24 9.36
-9999 -9999 -9999 -9999 12.45 13.41 10.77 11.43 -9999 -9999 -9999 -9999 7.04 9.46 10.57 6.44 10.57 9.83 8.92 11.65 13.18 10.59 14.26 8.70 9.65 9.65 8.46 7.29 7.32 7.61 7.48 7.72 8.10 7.17 7.60 7.41 7.54 7.96 7.08 7.31 6.84 7.50 8.13 8.40 8.25 6.85 6.32 6.19 6.06 6.34 5.75 5.81 6.25 6.63 7.23 6.72 8.34 8.50 8.79 8.22 8.69 8.74 8.58 7.94 8.01 7.97 7.82 7.84 8.08 9.21 10.26 -9999 -9999 10.53 9.62 8.93 9.18 9.01 8.95
-9999 -9999 -9999 -9999 -9999 -9999 -9999 -9999 -9999 -9999 -9999 -9999 8.18 11.86 9.82 6.33 8.18 6.80 12.50 12.30 8.59 11.67 11.44 10.05 10.51 8.68 7.77 6.99 7.74 7.57 7.87 7.68 7.32 7.30 7.22 7.08 7.30 7.76 7.12 6.94 7.24 7.51 7.15 7.79 7.85 6.15 7.18 7.98 6.98 7.00 6.62 5.71 6.44 7.35 8.20 8.01 7.65 8.12 8.78 8.42 8.82 8.74 8.69 8.01 8.10 8.07 7.94 7.79 7.54 7.87 8.62 9.57 9.84 9.23 8.87 8.05 8.92 9.10 9.27
-9999 -9999 -9999 -9999 -9999 -9999 -9999 -9999 -9999 -9999 -9999 -9999 -9999 12.00 4.83 4.65 7.84 11.56 10.90 12.81 12.25 8.88 9.93 11.03 8.09 7.67 6.95 6.88 7.02 7.52 7.64 7.65 7.39 7.16 7.03 7.22 7.05 7.56 7.19 6.80 8.72 8.22 7.11 6.94 6.78 6.73 6.57 7.46 7.61 7.26 8.21 6.69 6.47 7.18 6.95 7.35 7.56 7.51 8.61 8.66 8.50 8.49 8.95 8.32 8.31 8.18 7.96 7.85 7.80 7.84 7.85 8.24 8.38 8.28 8.00 7.97 8.93 9.01 8.91
-9999 -9999 -9999 -9999 -9999 -9999 -9999 -9999 -9999 -9999 -9999 -9999 -9999 8.00 11.29 11.83 9.99 8.74 8.50 11.02 9.39 9.51 8.08 7.64 9.20 6.91 6.74 8.31 7.93 7.80 7.50 6.92 6.83 7.35 7.21 8.07 7.93 7.67 7.08 6.60 8.41 9.23 8.04 7.07 6.63 6.81 6.79 6.72 6.96 7.74 9.73 8.50 6.86 6.56 6.93 7.89 8.81 8.84 8.46 8.93 8.84 9.11 9.03 8.71 8.59 8.36 8.23 8.08 8.00 8.00 7.99 8.02 8.00 8.14 8.00 7.76 8.54 8.70 9.35
-9999 -9999 -9999 -9999 -9999 -9999 -9999 -9999 -9999 -9999 -9999 -9999 10.09 9.30 7.01 13.90 8.97 7.24 9.67 9.72 8.72 11.26 8.26 7.83 9.57 6.28 11.59 9.03 7.52 7.76 8.68 7.16 6.77 9.27 9.03 8.17 7.12 7.48 7.30 6.97 7.66 8.26 8.00 7.32 6.94 6.80 6.89 7.18 6.99 8.14 8.16 7.63 7.06 6.75 7.34 8.25 9.17 9.23 8.40 8.72 9.41 9.66 9.35 9.01 8.78 8.59 8.43 8.26 8.10 8.06 8.03 7.84 7.82 8.28 8.17 7.88 8.18 8.63 8.34
-9999 -9999 -9999 -9999 -9999 -9999 -9999 -9999 -9999 -9999 -9999 -9999 9.02 9.46 13.88 8.73 4.98 6.83 7.06 8.81 11.27 11.09 8.76 8.43 8.26 6.57 7.16 8.04 9.41 9.34 7.64 7.54 7.42 7.96 8.48 7.21 6.94 7.51 7.37 7.78 8.15 7.82 7.99 7.63 7.17 7.00 6.93 6.98 7.08 7.94 8.27 7.71 6.73 6.99 8.09 9.24 8.81 9.50 9.55 9.38 9.45 10.12 9.38 9.43 8.97 8.76 8.45 8.31 8.17 8.01 7.89 7.78 7.71 8.42 8.19 7.78 7.94 8.54 8.54
-9999 -9999 -9999 -9999 -9999 -9999 -9999 -9999 -9999 -9999 -9999 -9999 10.40 11.68 5.62 6.92 5.98 7.26 7.51 11.96 10.55 12.07 9.61 8.74 7.01 5.72 6.29 9.08 11.01 12.11 7.81 9.10 8.18 8.55 8.27 6.69 6.82 7.12 7.39 7.85 7.47 7.63 8.72 8.00 7.07 7.06 8.10 6.87 7.29 7.73 7.64 7.15 6.86 7.45 8.05 8.53 8.81 8.93 8.54 8.86 9.62 9.89 9.01 8.93 8.91 8.69 8.48 8.22 7.95 7.88 7.80 7.74 7.74 7.96 7.78 7.91 7.85 8.36 8.46
-9999 -9999 -9999 -9999 -9999 -9999 -9999 -9999 -9999 -9999 -9999 -9999 -9999 6.54 7.21 8.79 10.88 11.96 10.24 10.79 9.28 7.08 6.99 6.35 7.15 7.14 6.30 7.53 8.27 11.16 9.01 7.94 7.96 9.33 8.78 6.79 7.51 6.66 6.89 9.03 7.67 7.55 7.51 7.63 6.81 6.82 8.33 7.76 7.22 7.73 7.40 7.15 7.44 8.26 8.05 8.11 7.91 8.60 8.12 9.40 9.64 8.92 8.79 9.20 8.91 8.45 8.25 7.97 7.83 7.80 7.73 7.71 7.66 7.64 7.67 7.87 7.92 8.04 8.34
-9999 -9999 -9999 -9999 -9999 -9999 -9999 -9999 -9999 -9999 -9999 -9999 -9999 7.49 7.81 8.74 11.00 13.88 12.84 9.74 7.36 6.15 7.47 9.25 10.95 12.48 9.58 7.65 8.28 9.35 8.50 6.73 9.82 9.25 8.83 7.50 8.13 6.98 6.69 7.53 8.86 8.48 7.85 7.35 6.81 6.94 7.93 7.69 7.33 7.41 7.74 7.89 8.14 8.69 8.14 7.90 8.98 9.14 9.19 9.16 9.45 8.70 9.04 9.44 8.47 8.19 8.04 7.86 7.81 7.73 7.66 7.65 7.62 7.64 7.58 7.54 7.53 7.58 7.91
-9999 -9999 -9999 -9999 -9999 -9999 -9999 -9999 -9999 -9999 -9999 -9999 9.09 6.56 6.85 9.14 10.75 10.52 10.27 8.05 8.69 12.73 10.23 10.49 10.63 8.98 8.21 8.89 9.31 7.92 6.93 7.49 9.44 9.42 8.75 7.47 8.31 6.65 6.60 8.09 7.78 8.17 8.23 7.60 7.09 7.13 7.97 7.81 7.14 7.40 7.43 7.37 8.12 7.95 8.89 8.40 9.11 8.63 8.99 9.22 8.53 8.42 9.20 9.06 8.11 7.95 8.11 7.81 7.85 7.77 7.79 7.69 7.58 7.54 7.36 7.67 8.02 8.09 7.54
-9999 -9999 -9999 -9999 -9999 -9999 -9999 -9999 -9999 -9999 -9999 -9999 10.96 8.28 6.65 6.57 8.91 12.59 12.02 10.44 8.84 9.57 10.88 12.06 12.27 8.89 10.68 11.56 8.08 9.98 6.33 7.01 8.95 10.62 7.83 8.24 7.02 6.12 6.32 7.15 9.72 8.43 8.40 7.94 7.59 7.62 7.83 7.55 7.10 7.27 7.22 7.17 7.20 8.41 8.89 8.90 9.56 8.82 8.50 8.58 8.28 8.66 9.08 8.80 8.28 8.48 8.23 8.38 7.95 7.89 8.02 7.93 7.62 7.44 7.24 7.27 8.03 8.09 8.14
-9999 -9999 -9999 -9999 -9999 -9999 -9999 -9999 -9999 -9999 -9999 -9999 9.40 7.67 4.40 5.63 8.61 12.77 11.33 11.37 9.05 10.69 10.17 9.10 10.04 10.50 10.23 8.83 7.61 8.17 10.26 7.33 7.63 7.78 7.94 9.15 7.72 6.27 6.38 7.15 7.68 7.67 8.50 8.10 7.81 7.96 7.35 6.87 7.32 7.51 7.60 7.14 7.71 8.90 8.93 8.23 8.54 9.36 8.56 8.88 8.13 8.97 9.14 8.45 8.30 8.43 7.88 8.02 7.86 7.83 7.84 7.64 7.50 7.42 7.29 7.59 7.22 7.53 7.73
-9999 -9999 -9999 -9999 -9999 -9999 -9999 -9999 -9999 -9999 -9999 8.88 9.21 10.13 7.30 5.61 9.32 10.97 13.08 12.86 8.27 8.54 7.66 9.07 10.71 9.05 8.86 10.42 8.96 8.36 7.98 7.26 6.85 7.11 7.96 7.91 7.48 7.10 6.59 6.53 7.30 7.72 7.23 7.64 7.47 8.00 7.26 7.18 7.30 6.92 6.88 7.25 8.31 8.34 8.42 7.89 8.74 8.99 8.70 8.09 8.83 8.95 9.09 9.16 8.70 8.28 8.07 7.85 7.86 7.83 7.63 7.46 7.28 7.18 7.27 7.59 7.57 7.62 7.82
-9999 -9999 -9999 -9999 -9999 -9999 -9999 -9999 -9999 -9999 10.13 9.46 9.57 7.40 5.60 8.31 11.32 12.34 10.94 12.47 8.89 9.78 8.16 8.06 13.88 9.78 10.23 8.42 8.59 7.38 7.04 7.29 8.33 7.61 9.31 7.86 8.03 6.74 6.50 6.64 7.04 7.48 7.15 7.30 7.63 7.75 6.62 7.11 7.05 7.14 7.31 7.73 8.37 7.87 8.55 8.17 8.50 7.94 7.89 8.95 9.30 8.93 9.13 8.95 8.14 8.43 8.37 8.24 8.05 7.67 7.38 7.06 7.18 7.17 7.70 7.95 8.15 8.15 7.60
-9999 -9999 -9999 -9999 -9999 -9999 -9999 -9999 11.41 9.83 8.46 6.72 6.15 6.16 6.38 9.39 10.85 12.68 14.19 12.52 10.29 6.86 9.02 8.73 12.42 9.92 9.06 9.07 7.85 7.51 6.42 7.25 8.98 8.59 8.82 7.12 7.19 6.82 6.79 7.28 7.09 7.53 6.92 7.08 7.35 6.71 6.54 6.85 7.59 7.37 8.08 8.79 8.48 8.11 7.72 7.55 8.27 8.78 8.61 9.02 8.30 8.97 9.11 8.49 7.77 7.76 8.45 8.24 8.15 7.37 7.03 6.75 6.97 7.86 8.17 7.98 8.70 8.46 8.27
-9999 -9999 -9999 -9999 11.51 10.21 8.64 11.03 10.76 10.64 10.46 8.11 7.13 6.31 10.67 9.55 11.67 12.44 12.32 9.68 8.38 6.42 7.59 7.68 13.59 12.21 10.18 8.12 8.30 7.71 8.96 6.64 8.32 8.78 8.48 7.95 7.14 6.56 7.35 6.94 6.62 7.74 6.88 6.90 6.57 6.73 7.06 7.61 7.03 7.72 7.42 7.92 8.80 8.68 8.43 8.18 8.66 8.77 8.56 8.41 9.13 8.33 8.26 8.02 7.62 8.17 8.34 8.34 7.66 7.07 6.97 7.05 7.99 8.16 7.81 8.46 7.81 8.10 8.47
-9999 -9999 -9999 12.16 9.75 9.76 8.67 8.00 9.43 9.02 9.40 7.55 6.18 9.07 10.02 10.66 8.02 13.00 9.75 7.65 11.86 9.02 6.22 12.55 11.22 10.55 7.10 6.79 7.35 10.09 7.50 6.97 7.01 7.23 8.66 8.50 8.24 6.95 7.09 6.64 6.67 7.42 7.04 6.77 6.70 6.85 7.31 7.27 8.95 7.37 7.15 7.68 8.45 7.99 7.96 7.64 7.88 8.37 8.27 9.02 8.56 8.07 8.11 8.20 7.66 7.86 7.89 7.42 7.18 7.01 6.99 7.10 7.59 8.33 8.30 8.38 8.04 7.97 8.11
-9999 -9999 11.88 11.03 7.95 7.30 7.36 8.27 7.84 8.22 7.41 8.02 11.70 9.20 8.29 11.32 6.53 9.01 8.82 11.60 11.10 11.81 9.98 9.82 8.75 6.80 10.88 10.33 7.23 7.68 7.28 6.94 7.38 6.84 7.05 8.68 8.84 6.72 6.35 6.49 7.01 6.50 6.16 6.66 8.79 6.99 6.84 7.56 8.33 7.68 7.24 7.84 8.35 8.33 8.78 8.26 7.68 7.61 7.63 8.62 8.32 7.80 8.50 8.28 7.63 7.65 7.49 7.20 7.31 7.33 7.28 7.48 7.63 8.29 7.71 7.59 7.88 7.52 7.72
9.75 11.11 8.70 8.30 8.69 7.69 7.35 9.26 8.12 7.97 8.17 10.77 10.29 8.84 9.96 9.33 7.45 7.55 10.59 10.99 9.67 10.09 11.54 8.20 5.52 10.69 12.14 9.65 9.55 7.46 7.72 6.89 7.26 8.94 7.27 9.25 7.63 6.57 6.18 6.52 7.94 5.83 6.24 9.85 7.58 7.00 7.06 7.83 8.71 7.49 7.50 7.85 7.62 8.13 8.13 7.67 7.40 7.70 7.37 7.78 8.12 8.12 7.77 7.42 7.07 6.92 7.31 8.45 7.86 8.61 8.01 7.14 8.21 8.00 8.08 7.76 7.61 7.74 7.55
7.44 9.96 12.59 11.52 11.01 8.15 9.16 10.74 9.54 9.08 11.06 9.61 9.15 11.31 8.67 6.45 7.31 8.04 10.55 10.53 10.26 9.77 8.55 6.11 7.93 16.67 13.35 10.01 7.69 8.20 7.71 8.96 7.57 8.14 7.39 7.35 7.19 7.00 6.33 6.12 6.12 5.66 8.86 9.54 8.68 7.33 7.01 9.51 8.35 7.63 7.74 7.42 8.05 7.98 7.68 7.00 7.93 7.53 6.96 8.39 8.23 7.32 7.16 7.02 6.77 7.14 8.01 8.37 8.22 8.65 7.99 7.63 8.27 8.04 7.47 7.71 7.58 7.79 7.81
7.39 8.71 9.31 8.86 7.70 9.40 8.38 10.17 7.36 8.51 10.78 10.17 8.73 9.45 6.27 5.69 9.25 10.48 9.61 8.51 10.41 7.72 6.26 5.35 9.94 13.49 14.18 8.13 8.56 8.79 9.08 8.21 7.00 8.43 7.87 7.55 6.94 7.02 5.75 5.46 6.44 6.44 8.95 8.91 8.18 7.01 7.78 9.32 8.84 8.34 7.83 7.97 7.83 7.49 7.12 7.05 7.47 7.73 7.32 7.16 7.11 6.86 7.80 8.28 6.92 7.21 7.97 8.26 7.89 8.33 8.22 8.20 8.22 7.48 7.54 7.38 7.42 7.16 7.53
7.43 8.17 8.05 8.68 8.18 8.30 9.29 8.14 8.83 7.72 7.58 7.50 6.84 6.03 7.70 6.58 10.20 15.98 8.46 8.57 9.40 13.63 13.08 5.94 5.94 15.42 11.72 9.41 9.80 10.82 8.94 7.04 6.42 8.73 8.97 7.55 6.77 6.38 5.66 5.55 6.75 9.10 9.48 8.36 7.88 7.46 7.39 7.64 8.63 8.00 7.80 7.55 7.18 6.89 6.84 7.61 7.40 7.19 7.12 6.29 6.41 7.15 7.07 7.72 7.20 7.23 7.36 7.61 8.09 8.27 8.24 8.24 8.29 7.31 6.97 7.33 7.27 6.80 7.18
7.25 8.14 7.36 7.90 8.08 8.21 7.31 7.23 7.98 7.28 8.61 7.50 8.89 5.82 8.62 10.50 10.73 11.92 12.50 10.05 12.07 14.11 9.70 11.55 10.30 6.62 11.32 10.79 7.63 8.11 6.70 8.06 7.88 10.81 9.90 7.49 6.62 5.76 5.52 6.64 9.33 8.21 9.72 8.27 7.91 8.47 7.58 8.89 7.74 7.90 7.45 7.11 6.91 7.04 7.04 7.12 6.83 6.69 6.26 6.21 7.00 7.69 7.23 6.71 7.34 6.97 7.91 7.31 7.28 7.52 7.76 7.94 7.97 7.62 6.81 7.15 7.12 6.89 7.31
7.46 6.99 8.31 9.50 11.34 10.34 8.85 7.86 6.94 7.23 9.86 7.37 8.16 5.77 7.94 8.60 8.03 7.24 9.64 8.92 10.89 10.96 12.97 11.21 12.09 11.35 15.00 9.25 7.92 7.34 8.28 7.74 10.08 9.87 10.09 6.99 6.28 5.45 8.67 9.47 9.27 9.69 8.08 8.44 8.53 8.31 7.84 7.93 7.90 7.52 7.20 7.04 6.89 7.37 7.45 7.65 7.04 6.35 6.18 6.53 7.82 6.30 6.77 6.95 6.70 6.76 7.02 6.76 6.88 7.40 7.16 7.56 7.59 7.34 7.19 7.17 6.74 6.58 7.70
8.04 7.48 7.77 9.72 10.45 11.36 10.43 9.35 8.25 7.51 7.91 9.96 6.54 10.33 9.62 9.68 10.81 9.53 7.71 7.97 9.55 8.59 10.34 10.04 8.79 13.39 13.24 7.80 8.31 6.40 7.19 8.88 9.71 9.38 8.60 6.81 6.13 7.44 6.98 8.83 8.77 8.23 8.50 8.26 8.02 8.19 7.63 7.33 7.22 7.06 8.25 7.06 7.66 7.09 7.02 6.56 6.30 6.40 7.14 7.70 6.84 6.35 6.55 6.55 6.47 6.77 7.25 7.52 6.32 7.16 7.91 7.31 7.11 7.36 6.56 6.79 7.54 7.12 6.99
8.77 9.28 10.43 12.01 -9999 -9999 -9999 -9999 10.16 9.43 9.94 7.62 6.60 7.98 8.15 7.78 7.21 4.28 12.60 13.44 8.89 7.72 8.07 9.59 10.57 12.60 9.78 7.95 6.77 6.04 9.93 9.07 10.72 8.10 7.55 6.78 6.54 8.43 7.10 8.71 8.65 7.95 8.07 7.91 7.74 7.48 7.26 7.10 7.05 7.02 7.98 7.25 7.51 7.49 6.99 6.66 6.47 7.83 7.64 7.21 6.66 6.57 5.42 5.71 5.90 7.06 7.51 7.09 6.02 6.81 7.46 7.26 6.93 7.49 7.02 6.84 7.29 7.50 7.19
