ML/MeanWindSpeed_1995-07_Actual.txt
ncols         180
nrows         290
xllcorner     -200000
yllcorner     -200000
cellsize      5000
NODATA_value  -9999
[rows 140 to 174 of 290, columns 79 to 157 of 180]
-9999 -9999 10.39 -9999 -9999 -9999 9.03 9.11 8.38 8.49 8.99 -9999 -9999 8.80 7.76 9.49 10.24 -9999 -9999 -9999 -9999 -9999 8.90 8.17 6.75 7.06 7.41 8.01 7.74 7.85 6.97 4.60 5.76 8.06 9.33 7.39 8.55 9.08 9.13 7.45 7.55 7.23 5.79 3.94 3.68 3.48 1.63 2.54 4.70 6.42 -9999 -9999 -9999 -9999 -9999 -9999 -9999 -9999 -9999 -9999 -9999 -9999 -9999 -9999 -9999 -9999 -9999 -9999 -9999 -9999 -9999 -9999 -9999 -9999 -9999 -9999 -9999 -9999 -9999
-9999 -9999 10.37 10.36 -9999 -9999 -9999 9.05 9.47 9.36 9.65 -9999 -9999 -9999 -9999 9.59 -9999 -9999 -9999 -9999 -9999 -9999 7.84 7.02 6.24 6.94 8.34 8.62 7.88 7.81 6.88 5.04 4.32 6.53 8.00 6.20 9.58 9.18 9.84 7.74 7.60 7.97 5.72 4.13 3.40 2.18 1.38 2.35 4.38 6.42 -9999 -9999 -9999 -9999 -9999 -9999 -9999 -9999 -9999 -9999 -9999 -9999 -9999 -9999 -9999 -9999 -9999 -9999 -9999 -9999 -9999 -9999 -9999 -9999 -9999 -9999 -9999 -9999 -9999
-9999 -9999 -9999 11.13 -9999 -9999 -9999 -9999 9.48 10.17 10.07 -9999 -9999 -9999 -9999 -9999 -9999 -9999 -9999 -9999 -9999 8.32 7.34 7.02 6.65 6.78 8.33 8.46 8.09 8.05 7.41 6.12 3.79 4.30 8.52 9.50 9.57 9.25 7.63 6.91 7.03 5.61 3.77 4.63 4.27 2.06 1.65 2.60 4.37 6.66 8.11 -9999 -9999 -9999 -9999 -9999 -9999 -9999 -9999 -9999 -9999 -9999 -9999 -9999 -9999 -9999 -9999 -9999 -9999 -9999 -9999 -9999 -9999 -9999 -9999 -9999 -9999 -9999 -9999
-9999 -9999 -9999 11.84 -9999 -9999 -9999 -9999 -9999 -9999 -9999 -9999 -9999 -9999 -9999 -9999 -9999 -9999 -9999 -9999 -9999 8.41 7.14 6.07 4.92 4.19 9.15 8.39 8.15 9.26 7.67 7.76 3.74 2.75 6.60 10.01 8.47 7.32 9.74 10.86 9.82 8.01 6.58 3.46 3.35 2.97 3.44 3.35 4.67 6.99 8.17 8.61 -9999 -9999 -9999 -9999 -9999 -9999 -9999 -9999 -9999 -9999 -9999 -9999 -9999 -9999 -9999 -9999 -9999 -9999 -9999 -9999 -9999 -9999 -9999 -9999 -9999 -9999 -9999
-9999 -9999 -9999 -9999 -9999 -9999 -9999 -9999 -9999 -9999 -9999 -9999 -9999 -9999 -9999 -9999 -9999 -9999 -9999 -9999 8.55 7.74 6.43 5.60 7.24 4.16 12.04 12.15 7.81 8.39 8.04 7.19 6.49 3.22 3.37 9.30 9.53 8.64 7.84 7.20 8.67 8.10 6.98 5.15 4.07 3.79 3.66 4.11 5.65 6.47 7.02 7.83 -9999 -9999 -9999 -9999 -9999 -9999 -9999 -9999 -9999 -9999 -9999 -9999 -9999 -9999 -9999 -9999 -9999 -9999 -9999 -9999 -9999 -9999 -9999 -9999 -9999 -9999 -9999
-9999 -9999 -9999 -9999 -9999 -9999 -9999 -9999 -9999 -9999 -9999 -9999 -9999 -9999 -9999 -9999 -9999 -9999 -9999 -9999 7.44 7.53 5.51 7.36 12.31 6.87 4.58 8.75 9.61 8.48 8.63 8.01 7.26 5.22 3.69 4.31 10.07 9.33 9.18 7.77 7.59 7.53 6.07 5.50 5.26 5.59 4.71 5.64 5.79 6.29 6.32 6.79 7.59 8.33 8.67 -9999 -9999 -9999 -9999 -9999 -9999 -9999 -9999 -9999 -9999 -9999 -9999 -9999 -9999 -9999 -9999 -9999 -9999 -9999 -9999 -9999 -9999 -9999 -9999
-9999 -9999 -9999 -9999 -9999 -9999 -9999 -9999 -9999 -9999 -9999 -9999 -9999 -9999 -9999 -9999 -9999 -9999 -9999 -9999 7.05 6.38 5.98 8.76 6.56 5.76 6.52 9.18 7.32 7.41 10.15 7.05 8.33 6.87 5.45 4.37 6.28 8.41 8.91 8.70 8.35 6.96 6.81 6.18 5.65 5.35 5.57 5.74 6.13 5.83 5.70 5.78 7.96 7.43 8.48 9.51 9.85 -9999 -9999 -9999 -9999 -9999 -9999 -9999 -9999 -9999 -9999 -9999 -9999 -9999 -9999 -9999 -9999 -9999 -9999 -9999 -9999 -9999 -9999
-9999 -9999 -9999 -9999 -9999 -9999 -9999 -9999 -9999 -9999 -9999 -9999 -9999 -9999 -9999 -9999 -9999 -9999 -9999 -9999 6.90 5.65 6.18 9.89 10.86 8.31 5.97 6.12 6.55 9.24 6.87 9.30 8.18 7.73 7.57 6.19 4.52 5.37 8.52 8.72 8.39 7.84 7.23 6.92 6.77 6.54 6.21 6.37 6.18 5.79 5.94 5.82 6.56 8.57 8.55 9.19 10.53 10.86 10.07 -9999 -9999 -9999 -9999 -9999 -9999 -9999 -9999 -9999 -9999 -9999 -9999 -9999 -9999 -9999 -9999 -9999 -9999 -9999 -9999
-9999 -9999 -9999 -9999 -9999 -9999 -9999 -9999 -9999 -9999 -9999 -9999 -9999 -9999 -9999 -9999 -9999 -9999 -9999 -9999 7.64 6.05 6.97 7.95 5.58 13.94 11.59 5.92 7.09 6.08 9.18 9.99 7.69 6.97 7.20 6.52 4.77 9.58 8.85 8.81 9.57 10.04 9.64 7.62 8.39 7.43 7.08 6.92 6.68 6.44 6.18 5.49 6.04 7.90 7.63 7.89 8.71 9.96 9.50 11.39 -9999 -9999 -9999 -9999 -9999 -9999 -9999 -9999 -9999 -9999 -9999 -9999 -9999 -9999 -9999 -9999 -9999 -9999 -9999
-9999 -9999 -9999 -9999 -9999 -9999 -9999 -9999 10.14 10.43 10.57 -9999 -9999 -9999 -9999 -9999 -9999 -9999 -9999 -9999 -9999 8.34 7.00 5.80 7.37 9.12 11.13 6.53 4.49 7.67 7.38 6.99 6.20 7.32 7.11 5.88 6.50 7.93 8.17 10.78 10.25 9.12 9.05 9.73 8.86 8.03 7.67 7.28 6.89 6.10 5.63 8.07 7.35 9.51 10.28 9.98 9.40 8.05 10.45 11.09 10.46 -9999 -9999 -9999 -9999 -9999 -9999 -9999 -9999 -9999 -9999 -9999 -9999 -9999 -9999 -9999 -9999 -9999 -9999
-9999 -9999 -9999 -9999 -9999 -9999 -9999 -9999 9.54 9.50 -9999 -9999 -9999 -9999 -9999 -9999 -9999 -9999 -9999 -9999 -9999 -9999 7.51 5.72 8.03 8.39 13.46 8.11 7.96 7.25 5.54 4.75 5.05 4.84 9.78 5.78 6.62 9.75 8.02 6.51 6.40 9.57 7.55 9.84 8.86 8.20 7.79 7.41 6.42 6.14 7.54 8.12 7.48 7.23 7.26 8.43 9.28 9.25 9.90 10.20 11.71 -9999 -9999 -9999 -9999 -9999 -9999 -9999 -9999 -9999 -9999 -9999 -9999 -9999 -9999 -9999 -9999 -9999 -9999
-9999 -9999 -9999 -9999 -9999 -9999 -9999 8.29 10.43 10.26 9.79 -9999 -9999 -9999 -9999 -9999 -9999 -9999 -9999 -9999 -9999 -9999 7.88 9.14 9.18 9.41 8.02 8.83 7.58 6.89 5.71 5.26 6.32 5.02 4.24 10.00 7.20 6.69 9.23 8.16 10.39 8.82 9.47 8.86 8.79 8.55 8.38 7.54 6.34 6.40 7.20 6.72 7.36 7.97 7.89 8.48 8.53 9.00 9.47 8.85 10.98 10.41 -9999 -9999 -9999 -9999 -9999 -9999 -9999 -9999 -9999 -9999 -9999 -9999 -9999 -9999 -9999 -9999 -9999
-9999 -9999 -9999 -9999 -9999 -9999 6.87 9.50 11.02 13.50 9.76 -9999 -9999 -9999 -9999 -9999 -9999 -9999 -9999 -9999 -9999 -9999 9.16 11.89 9.52 6.95 7.83 7.27 7.81 6.38 5.44 5.88 6.18 4.28 8.24 6.59 8.76 7.04 10.44 7.18 8.37 7.56 9.26 8.55 8.93 9.07 8.25 7.84 6.27 5.44 7.41 7.90 7.96 7.36 7.65 7.62 7.70 8.09 9.42 9.70 9.64 10.34 -9999 -9999 -9999 -9999 -9999 -9999 -9999 -9999 -9999 -9999 -9999 -9999 -9999 -9999 -9999 -9999 -9999
-9999 -9999 -9999 -9999 -9999 7.73 7.07 11.69 10.33 10.28 -9999 -9999 -9999 -9999 -9999 -9999 -9999 -9999 -9999 -9999 -9999 -9999 -9999 9.23 7.41 7.25 8.44 6.79 8.23 6.76 6.05 5.63 5.11 3.88 7.95 7.95 8.67 8.56 9.51 9.55 9.71 9.47 9.50 9.83 9.73 8.43 8.07 7.38 5.95 5.29 5.70 8.92 8.53 7.10 7.00 7.29 7.19 7.41 7.73 7.95 7.81 8.51 9.49 9.89 -9999 -9999 -9999 -9999 -9999 -9999 -9999 -9999 -9999 -9999 -9999 -9999 -9999 -9999 -9999
-9999 -9999 -9999 -9999 -9999 8.97 9.76 7.54 8.43 9.28 -9999 -9999 -9999 -9999 -9999 -9999 -9999 -9999 -9999 -9999 -9999 -9999 -9999 -9999 8.04 8.47 7.78 7.14 7.92 7.26 7.09 6.53 6.15 4.20 8.17 7.42 6.55 8.47 8.07 7.47 10.47 10.86 9.00 10.31 9.64 9.16 7.50 6.65 6.28 5.75 5.53 6.31 6.93 6.75 7.03 7.21 7.33 7.21 7.22 7.13 7.19 9.00 9.17 8.97 -9999 -9999 -9999 -9999 -9999 -9999 -9999 -9999 -9999 -9999 -9999 -9999 -9999 -9999 -9999
-9999 -9999 -9999 -9999 -9999 9.46 8.41 8.82 8.58 -9999 -9999 -9999 -9999 -9999 -9999 -9999 -9999 -9999 -9999 -9999 -9999 -9999 -9999 -9999 9.02 8.83 8.28 -9999 8.21 -9999 7.60 6.96 6.31 5.09 4.93 7.92 6.86 7.52 9.92 5.21 6.28 10.32 9.37 9.40 9.34 8.41 7.18 6.49 6.13 5.81 5.71 5.87 6.64 7.56 7.13 7.62 7.03 6.70 7.36 8.01 7.71 7.11 6.99 8.18 9.46 9.88 -9999 -9999 -9999 -9999 -9999 -9999 -9999 -9999 -9999 -9999 -9999 -9999 -9999
-9999 -9999 -9999 -9999 9.82 8.83 8.46 -9999 -9999 -9999 -9999 -9999 -9999 -9999 -9999 -9999 -9999 -9999 -9999 -9999 -9999 -9999 -9999 -9999 9.86 9.01 8.32 -9999 -9999 -9999 7.33 7.68 5.80 6.38 6.97 5.42 4.76 6.10 9.01 8.67 5.47 8.69 10.08 8.61 9.44 8.67 7.67 6.20 6.11 5.93 5.96 6.05 6.28 6.67 6.80 6.98 6.21 6.91 7.67 8.02 8.12 7.83 7.15 7.15 8.01 8.91 -9999 -9999 -9999 -9999 -9999 -9999 -9999 -9999 -9999 -9999 -9999 -9999 -9999
-9999 -9999 -9999 -9999 -9999 -9999 -9999 -9999 -9999 -9999 -9999 -9999 -9999 -9999 -9999 -9999 -9999 -9999 -9999 -9999 -9999 -9999 -9999 -9999 -9999 -9999 -9999 -9999 -9999 7.80 6.04 5.80 7.11 7.93 8.38 7.90 6.42 6.68 8.53 8.37 6.95 5.76 8.38 9.57 8.61 8.08 7.39 6.66 6.39 6.48 6.23 6.19 6.27 6.33 6.17 5.63 6.40 8.50 7.62 7.96 7.36 7.29 6.67 7.08 7.71 -9999 -9999 -9999 -9999 -9999 -9999 -9999 -9999 -9999 -9999 -9999 -9999 -9999 -9999
-9999 -9999 -9999 -9999 -9999 -9999 -9999 -9999 -9999 -9999 -9999 -9999 -9999 -9999 -9999 -9999 -9999 -9999 -9999 -9999 -9999 -9999 -9999 -9999 -9999 -9999 -9999 -9999 -9999 7.22 5.59 6.26 8.38 10.21 9.38 7.51 8.07 6.40 6.43 6.09 7.20 7.34 8.26 8.71 8.46 7.75 7.40 7.07 6.58 6.68 6.34 6.34 6.39 6.44 6.17 5.46 5.97 8.80 8.53 7.43 7.10 6.85 6.62 7.02 7.75 -9999 -9999 -9999 -9999 -9999 -9999 -9999 -9999 -9999 -9999 -9999 -9999 -9999 -9999
-9999 -9999 -9999 -9999 -9999 -9999 -9999 -9999 -9999 -9999 -9999 -9999 -9999 -9999 -9999 -9999 -9999 -9999 -9999 -9999 -9999 -9999 -9999 -9999 -9999 -9999 -9999 -9999 -9999 6.76 5.24 5.37 7.58 8.50 8.21 7.66 7.67 7.23 7.31 6.52 6.58 6.80 5.86 8.55 7.66 8.42 7.70 7.51 6.72 6.51 6.53 6.46 6.48 6.47 6.36 5.91 5.74 7.24 8.11 7.73 7.25 7.08 6.81 6.97 7.36 -9999 -9999 -9999 -9999 -9999 -9999 -9999 -9999 -9999 -9999 -9999 -9999 -9999 -9999
-9999 -9999 -9999 -9999 -9999 -9999 -9999 -9999 -9999 -9999 -9999 -9999 -9999 -9999 -9999 -9999 -9999 -9999 -9999 -9999 -9999 -9999 -9999 -9999 -9999 -9999 -9999 9.16 7.96 6.30 5.02 6.75 8.15 9.96 7.99 8.90 6.13 6.87 6.85 7.85 8.17 7.71 8.87 6.54 6.83 6.93 6.90 6.70 7.24 6.62 6.52 6.65 6.46 6.47 6.53 6.28 6.08 6.30 7.75 7.77 7.42 7.17 7.01 6.75 6.66 7.27 -9999 -9999 -9999 -9999 -9999 -9999 -9999 -9999 -9999 -9999 -9999 -9999 -9999
-9999 -9999 -9999 -9999 -9999 -9999 -9999 -9999 -9999 -9999 -9999 -9999 -9999 -9999 -9999 -9999 -9999 -9999 -9999 -9999 -9999 -9999 -9999 -9999 -9999 -9999 -9999 8.63 7.41 6.47 5.80 5.96 7.88 6.70 6.49 5.26 6.52 8.47 7.04 8.54 8.13 8.75 6.68 8.89 7.41 8.06 7.70 7.76 7.13 6.91 6.63 6.45 6.43 6.50 6.54 6.55 6.32 6.15 6.76 7.93 7.74 7.26 7.13 6.49 5.93 6.74 -9999 -9999 -9999 -9999 -9999 -9999 -9999 -9999 -9999 -9999 -9999 -9999 -9999
-9999 -9999 -9999 -9999 -9999 -9999 -9999 -9999 -9999 -9999 -9999 -9999 -9999 -9999 -9999 -9999 -9999 -9999 -9999 -9999 -9999 -9999 -9999 -9999 -9999 -9999 -9999 8.59 7.29 6.74 6.31 6.34 6.65 7.06 6.35 5.78 6.89 6.84 6.38 7.75 9.41 7.99 7.66 6.67 7.77 6.61 6.96 7.31 7.53 7.04 6.82 6.47 6.44 6.53 6.60 6.64 6.55 6.22 6.45 7.56 8.23 7.49 7.02 6.28 5.48 6.02 7.03 -9999 -9999 -9999 -9999 -9999 -9999 -9999 -9999 -9999 -9999 -9999 -9999
-9999 -9999 -9999 -9999 -9999 -9999 -9999 -9999 -9999 -9999 -9999 -9999 -9999 -9999 -9999 -9999 -9999 -9999 -9999 -9999 -9999 -9999 -9999 -9999 -9999 -9999 -9999 8.41 7.38 7.01 6.90 6.64 6.45 6.49 7.01 7.66 5.91 5.53 6.36 9.07 9.14 9.94 8.97 7.65 7.56 7.88 6.93 6.43 7.11 7.46 6.84 6.53 6.53 6.50 6.63 6.76 6.83 6.55 6.52 7.75 8.65 7.92 7.33 6.59 5.64 5.53 6.44 7.43 -9999 -9999 -9999 -9999 -9999 -9999 -9999 -9999 -9999 -9999 -9999
-9999 -9999 -9999 -9999 -9999 -9999 -9999 -9999 -9999 -9999 -9999 -9999 -9999 -9999 -9999 -9999 -9999 -9999 -9999 -9999 -9999 -9999 -9999 -9999 -9999 -9999 -9999 8.47 7.31 6.97 6.72 6.34 5.95 6.52 6.33 6.76 6.81 7.96 8.99 9.43 8.04 9.30 8.36 8.11 7.18 8.08 7.69 7.04 6.64 6.60 6.72 6.57 6.58 6.65 6.80 6.91 7.07 7.08 7.11 7.42 8.12 7.97 7.42 6.89 6.32 5.85 5.89 6.94 -9999 -9999 -9999 -9999 -9999 -9999 -9999 -9999 -9999 -9999 -9999
-9999 -9999 -9999 -9999 -9999 -9999 -9999 -9999 -9999 -9999 -9999 -9999 -9999 -9999 -9999 -9999 -9999 -9999 -9999 -9999 -9999 -9999 -9999 -9999 -9999 -9999 -9999 -9999 7.37 7.03 6.59 5.89 5.98 7.17 7.26 7.53 6.59 6.54 7.86 7.89 9.30 9.02 7.78 6.69 7.05 7.07 7.80 7.11 6.87 7.22 7.03 6.64 6.75 6.75 6.91 6.96 7.07 7.26 7.44 7.50 7.38 7.53 7.51 7.28 -9999 6.56 6.67 7.27 8.41 -9999 -9999 -9999 -9999 -9999 -9999 -9999 -9999 -9999 -9999
-9999 -9999 -9999 -9999 -9999 -9999 -9999 -9999 -9999 -9999 -9999 -9999 -9999 -9999 -9999 -9999 -9999 -9999 -9999 -9999 -9999 -9999 -9999 -9999 -9999 -9999 -9999 8.34 7.34 6.98 6.38 5.57 5.31 7.91 8.44 7.06 8.57 8.32 6.92 6.97 10.01 9.36 9.76 7.92 6.87 8.06 7.04 6.58 6.97 7.06 6.89 6.96 6.76 6.80 6.88 7.02 6.95 7.03 7.99 7.51 7.09 7.86 7.38 7.35 7.14 -9999 7.49 7.98 8.88 9.62 -9999 -9999 -9999 -9999 -9999 -9999 -9999 -9999 -9999
-9999 -9999 -9999 -9999 -9999 -9999 -9999 -9999 -9999 -9999 -9999 -9999 -9999 -9999 -9999 -9999 -9999 -9999 -9999 -9999 -9999 -9999 -9999 -9999 -9999 -9999 -9999 8.08 7.07 6.75 6.36 6.91 6.08 6.87 8.77 6.88 7.06 7.12 5.53 5.56 8.34 8.76 9.04 7.14 8.36 8.81 7.30 7.77 7.17 7.44 7.34 7.11 6.81 6.81 6.85 6.90 6.82 6.80 7.06 7.34 6.73 6.85 7.27 7.01 7.41 7.53 -9999 -9999 -9999 -9999 -9999 -9999 -9999 -9999 -9999 -9999 -9999 -9999 -9999
-9999 -9999 -9999 -9999 -9999 -9999 -9999 -9999 -9999 -9999 -9999 -9999 -9999 -9999 -9999 -9999 -9999 -9999 -9999 -9999 -9999 -9999 -9999 -9999 -9999 -9999 9.07 7.53 6.77 7.16 6.97 6.94 6.56 7.08 7.22 6.91 6.71 6.14 5.71 5.66 7.24 9.36 9.97 7.85 9.55 9.15 7.57 7.60 6.85 7.15 7.41 7.10 6.78 6.90 6.87 6.84 6.92 6.83 7.08 7.28 7.09 6.80 7.68 7.48 7.40 7.47 8.10 8.78 -9999 -9999 -9999 -9999 -9999 -9999 -9999 -9999 -9999 -9999 -9999
-9999 -9999 -9999 -9999 -9999 -9999 -9999 -9999 -9999 -9999 -9999 -9999 -9999 -9999 -9999 -9999 -9999 -9999 -9999 -9999 -9999 -9999 -9999 -9999 -9999 -9999 -9999 7.63 6.83 6.75 7.11 8.22 6.90 6.67 6.64 6.92 7.04 6.48 5.94 5.32 5.27 7.88 9.36 10.46 9.04 9.35 8.64 7.89 7.88 6.59 6.85 7.46 6.88 6.83 6.76 6.77 6.96 6.95 7.20 7.61 7.38 6.85 6.89 8.42 7.83 7.55 7.69 8.09 8.79 9.65 -9999 -9999 -9999 -9999 -9999 -9999 -9999 -9999 -9999
-9999 -9999 -9999 -9999 -9999 -9999 -9999 -9999 -9999 -9999 -9999 -9999 -9999 -9999 -9999 -9999 -9999 -9999 -9999 -9999 -9999 -9999 -9999 -9999 -9999 -9999 -9999 7.63 7.12 6.81 6.97 7.19 7.27 7.09 6.78 6.85 6.57 6.29 5.99 5.61 5.67 5.30 8.62 10.46 10.98 9.90 9.09 8.43 7.43 7.40 7.01 7.73 6.99 6.91 6.77 6.81 6.91 7.08 7.58 7.85 7.71 7.09 7.21 8.41 8.17 8.38 7.60 7.53 8.06 8.94 -9999 -9999 -9999 -9999 -9999 -9999 -9999 -9999 -9999
-9999 -9999 -9999 -9999 -9999 -9999 -9999 11.02 10.54 10.90 11.58 -9999 -9999 -9999 -9999 -9999 -9999 -9999 -9999 -9999 -9999 -9999 -9999 -9999 -9999 -9999 8.01 7.31 7.43 7.07 7.63 7.39 7.12 7.07 7.05 6.85 6.75 6.49 6.17 5.79 5.15 6.81 8.79 9.07 8.12 10.39 10.06 7.93 7.65 6.35 8.11 8.13 7.17 7.02 6.85 6.89 7.04 7.28 7.76 8.26 8.18 7.51 7.28 7.39 8.49 8.55 8.80 7.66 7.46 8.28 9.33 -9999 -9999 -9999 -9999 -9999 -9999 -9999 -9999
-9999 -9999 -9999 -9999 -9999 -9999 -9999 10.37 9.80 9.86 10.28 -9999 -9999 -9999 -9999 -9999 -9999 -9999 -9999 -9999 -9999 -9999 -9999 -9999 -9999 7.88 7.77 7.37 7.60 8.19 7.47 7.46 6.89 6.89 6.98 6.82 6.89 6.83 6.10 5.51 5.23 6.35 10.11 10.07 7.88 9.34 9.23 8.95 7.02 6.39 7.63 8.00 7.41 6.84 6.78 7.01 7.47 7.65 7.93 8.27 8.57 8.03 7.62 7.33 8.31 8.47 8.55 7.91 7.65 7.88 8.92 -9999 -9999 -9999 -9999 -9999 -9999 -9999 -9999
-9999 -9999 -9999 -9999 -9999 12.67 10.44 9.20 9.27 9.16 9.83 9.67 10.33 10.75 -9999 -9999 10.24 9.07 -9999 -9999 -9999 7.09 8.09 8.01 -9999 6.89 8.02 7.67 7.52 7.76 7.36 7.50 7.42 7.68 7.36 7.28 6.73 6.75 6.07 6.03 7.96 6.43 7.78 9.22 6.22 7.52 10.72 7.65 8.43 7.05 7.59 7.69 7.33 7.12 7.12 7.33 7.71 7.73 8.07 8.22 8.72 8.17 7.77 7.52 7.63 8.05 8.79 8.59 7.82 7.68 8.52 9.67 -9999 -9999 -9999 -9999 -9999 -9999 -9999
-9999 -9999 -9999 -9999 -9999 -9999 10.79 9.60 9.06 8.64 8.72 9.52 10.35 8.87 -9999 8.67 8.33 8.80 8.02 8.38 6.06 5.13 7.66 8.33 8.08 -9999 6.96 7.94 7.83 7.30 7.28 7.75 7.38 7.14 7.02 6.84 6.84 6.36 6.09 5.96 8.13 8.50 8.18 8.62 8.05 9.16 9.66 8.87 7.27 6.88 8.06 8.01 7.20 7.50 7.34 7.80 7.98 7.84 8.01 8.16 8.78 8.28 7.88 7.66 7.34 7.75 8.34 8.87 8.33 7.80 8.16 9.27 -9999 -9999 -9999 -9999 -9999 -9999 -9999
