ML/MeanWindSpeed_1998-11_Actual.txt
ncols         180
nrows         290
xllcorner     -200000
yllcorner     -200000
cellsize      5000
NODATA_value  -9999
[rows 140 to 174 of 290, columns 78 to 155 of 180]
-9999 -9999 -9999 15.50 -9999 -9999 -9999 13.70 13.40 11.38 11.34 12.91 -9999 -9999 13.51 11.26 14.01 15.44 -9999 -9999 -9999 -9999 -9999 11.88 9.72 6.47 6.38 5.78 6.46 6.39 7.18 7.33 5.04 7.88 11.20 12.40 9.07 11.03 11.94 12.40 9.58 10.42 10.72 9.27 6.68 6.58 6.96 3.99 4.85 7.78 10.28 -9999 -9999 -9999 -9999 -9999 -9999 -9999 -9999 -9999 -9999 -9999 -9999 -9999 -9999 -9999 -9999 -9999 -9999 -9999 -9999 -9999 -9999 -9999 -9999 -9999 -9999 -9999
-9999 -9999 -9999 15.63 15.42 -9999 -9999 -9999 13.71 13.85 13.32 14.09 -9999 -9999 -9999 -9999 14.50 -9999 -9999 -9999 -9999 -9999 -9999 10.25 8.46 7.02 7.54 8.11 8.02 7.30 7.57 6.98 6.06 6.61 10.50 11.90 7.47 13.47 12.82 14.02 10.19 10.34 12.26 9.41 7.49 6.73 4.91 3.49 4.85 7.45 9.81 -9999 -9999 -9999 -9999 -9999 -9999 -9999 -9999 -9999 -9999 -9999 -9999 -9999 -9999 -9999 -9999 -9999 -9999 -9999 -9999 -9999 -9999 -9999 -9999 -9999 -9999 -9999
-9999 -9999 -9999 -9999 17.09 -9999 -9999 -9999 -9999 14.14 15.15 15.02 -9999 -9999 -9999 -9999 -9999 -9999 -9999 -9999 -9999 -9999 11.89 9.80 9.14 8.72 8.77 10.24 9.82 8.94 8.83 8.07 7.67 6.27 8.12 15.05 14.67 13.77 13.23 10.29 9.15 9.56 7.70 5.62 8.12 8.21 4.65 4.05 5.56 7.41 9.59 11.46 -9999 -9999 -9999 -9999 -9999 -9999 -9999 -9999 -9999 -9999 -9999 -9999 -9999 -9999 -9999 -9999 -9999 -9999 -9999 -9999 -9999 -9999 -9999 -9999 -9999 -9999
-9999 -9999 -9999 -9999 18.49 -9999 -9999 -9999 -9999 -9999 -9999 -9999 -9999 -9999 -9999 -9999 -9999 -9999 -9999 -9999 -9999 -9999 11.63 8.83 7.15 6.09 5.63 14.23 10.98 9.39 11.50 8.34 9.44 4.82 5.58 12.59 16.95 12.51 10.15 14.87 17.01 15.12 12.10 10.30 5.75 6.32 5.86 6.86 6.30 7.10 9.39 11.06 12.07 -9999 -9999 -9999 -9999 -9999 -9999 -9999 -9999 -9999 -9999 -9999 -9999 -9999 -9999 -9999 -9999 -9999 -9999 -9999 -9999 -9999 -9999 -9999 -9999 -9999
-9999 -9999 -9999 -9999 -9999 -9999 -9999 -9999 -9999 -9999 -9999 -9999 -9999 -9999 -9999 -9999 -9999 -9999 -9999 -9999 -9999 12.64 10.50 7.84 6.37 9.85 4.95 19.39 17.70 8.76 9.74 8.32 7.42 7.51 4.65 6.76 17.07 15.86 13.05 11.19 10.10 12.83 12.22 10.80 8.41 7.01 6.57 6.24 6.35 7.78 8.05 8.68 10.05 -9999 -9999 -9999 -9999 -9999 -9999 -9999 -9999 -9999 -9999 -9999 -9999 -9999 -9999 -9999 -9999 -9999 -9999 -9999 -9999 -9999 -9999 -9999 -9999 -9999
-9999 -9999 -9999 -9999 -9999 -9999 -9999 -9999 -9999 -9999 -9999 -9999 -9999 -9999 -9999 -9999 -9999 -9999 -9999 -9999 -9999 11.31 10.93 6.86 8.77 17.54 9.18 5.70 12.10 12.77 9.69 8.83 7.98 7.30 5.73 5.82 8.17 17.88 14.50 12.85 10.35 10.22 10.28 8.25 7.87 7.74 8.61 6.93 7.94 7.29 7.49 7.23 7.90 9.05 9.96 10.41 -9999 -9999 -9999 -9999 -9999 -9999 -9999 -9999 -9999 -9999 -9999 -9999 -9999 -9999 -9999 -9999 -9999 -9999 -9999 -9999 -9999 -9999
-9999 -9999 -9999 -9999 -9999 -9999 -9999 -9999 -9999 -9999 -9999 -9999 -9999 -9999 -9999 -9999 -9999 -9999 -9999 -9999 -9999 11.21 9.74 8.50 12.37 7.78 7.54 9.32 14.42 10.25 8.20 12.16 6.12 8.84 7.13 6.50 6.20 9.79 12.13 11.76 10.84 10.22 7.86 8.04 7.45 6.99 6.80 7.22 7.12 7.38 6.60 6.31 6.43 9.92 8.20 9.76 11.08 11.23 -9999 -9999 -9999 -9999 -9999 -9999 -9999 -9999 -9999 -9999 -9999 -9999 -9999 -9999 -9999 -9999 -9999 -9999 -9999 -9999
-9999 -9999 -9999 -9999 -9999 -9999 -9999 -9999 -9999 -9999 -9999 -9999 -9999 -9999 -9999 -9999 -9999 -9999 -9999 -9999 -9999 11.32 9.78 10.24 16.39 17.69 12.29 8.01 9.90 10.88 13.56 7.86 11.66 9.43 8.15 8.15 7.37 5.35 6.20 11.46 10.93 10.03 9.21 8.27 7.79 7.92 7.87 7.28 7.45 7.07 6.24 6.45 6.21 7.00 9.94 9.41 9.69 11.49 11.86 10.25 -9999 -9999 -9999 -9999 -9999 -9999 -9999 -9999 -9999 -9999 -9999 -9999 -9999 -9999 -9999 -9999 -9999 -9999
-9999 -9999 -9999 -9999 -9999 -9999 -9999 -9999 -9999 -9999 -9999 -9999 -9999 -9999 -9999 -9999 -9999 -9999 -9999 -9999 -9999 12.11 9.66 11.51 12.91 7.80 21.45 17.45 9.29 11.89 9.03 13.42 14.11 9.47 7.33 7.85 7.73 5.12 13.85 12.40 12.18 13.01 13.49 12.51 8.71 10.06 8.63 8.12 7.91 7.51 7.04 6.32 5.24 5.96 8.82 7.56 7.04 7.96 9.86 8.49 12.39 -9999 -9999 -9999 -9999 -9999 -9999 -9999 -9999 -9999 -9999 -9999 -9999 -9999 -9999 -9999 -9999 -9999
-9999 -9999 -9999 -9999 -9999 -9999 -9999 -9999 -9999 13.56 13.89 15.09 -9999 -9999 -9999 -9999 -9999 -9999 -9999 -9999 -9999 -9999 11.51 9.45 7.36 9.82 12.44 16.06 8.87 5.72 11.60 10.83 9.52 7.83 9.73 9.50 7.29 7.82 11.14 11.60 16.00 14.71 12.18 11.58 12.31 10.54 9.12 8.61 8.12 7.93 6.88 5.88 10.51 9.20 12.73 13.17 11.68 10.23 7.10 10.55 11.63 11.19 -9999 -9999 -9999 -9999 -9999 -9999 -9999 -9999 -9999 -9999 -9999 -9999 -9999 -9999 -9999 -9999
-9999 -9999 -9999 -9999 -9999 -9999 -9999 -9999 -9999 11.21 11.39 -9999 -9999 -9999 -9999 -9999 -9999 -9999 -9999 -9999 -9999 -9999 -9999 9.74 6.07 10.67 11.55 20.31 10.67 10.69 9.72 7.21 6.04 6.26 5.77 14.82 7.38 8.44 14.29 11.64 8.56 8.08 13.47 9.07 12.48 10.30 8.97 8.35 8.14 7.45 7.67 9.98 10.86 9.80 9.22 8.50 9.70 10.74 10.01 10.33 10.24 13.33 -9999 -9999 -9999 -9999 -9999 -9999 -9999 -9999 -9999 -9999 -9999 -9999 -9999 -9999 -9999 -9999
-9999 -9999 -9999 -9999 -9999 -9999 -9999 -9999 11.24 13.74 13.67 13.98 -9999 -9999 -9999 -9999 -9999 -9999 -9999 -9999 -9999 -9999 -9999 10.45 11.48 12.01 12.62 9.86 11.44 8.93 8.27 7.04 6.06 7.99 6.08 4.13 14.24 9.32 8.42 12.77 10.67 14.15 10.90 11.43 9.85 9.60 9.06 8.96 8.01 7.26 8.45 9.81 8.57 9.51 10.56 9.85 10.24 9.79 10.00 10.31 8.58 12.43 11.79 -9999 -9999 -9999 -9999 -9999 -9999 -9999 -9999 -9999 -9999 -9999 -9999 -9999 -9999 -9999
-9999 -9999 -9999 -9999 -9999 -9999 -9999 10.32 14.46 16.02 20.44 14.15 -9999 -9999 -9999 -9999 -9999 -9999 -9999 -9999 -9999 -9999 -9999 12.18 16.37 12.43 7.56 9.39 8.61 9.23 7.10 6.04 6.85 8.04 5.16 12.10 8.52 12.43 9.02 14.56 8.30 10.05 7.90 10.69 9.01 9.49 9.72 8.40 8.18 7.17 7.14 10.73 11.10 10.42 8.94 8.99 8.44 8.36 8.66 10.55 10.44 10.05 11.47 -9999 -9999 -9999 -9999 -9999 -9999 -9999 -9999 -9999 -9999 -9999 -9999 -9999 -9999 -9999
-9999 -9999 -9999 -9999 -9999 -9999 12.38 10.70 18.25 15.18 15.38 -9999 -9999 -9999 -9999 -9999 -9999 -9999 -9999 -9999 -9999 -9999 -9999 -9999 11.99 8.94 7.71 10.39 7.48 10.06 7.84 6.87 6.24 6.96 5.13 12.16 11.80 13.18 12.36 13.51 13.60 13.62 11.91 11.39 11.68 10.97 8.74 8.39 8.08 7.29 7.01 7.88 13.02 11.33 8.12 7.29 7.21 6.77 6.82 6.84 7.05 6.79 8.26 10.79 12.38 -9999 -9999 -9999 -9999 -9999 -9999 -9999 -9999 -9999 -9999 -9999 -9999 -9999
-9999 -9999 -9999 -9999 -9999 -9999 14.89 15.90 11.60 13.01 14.34 -9999 -9999 -9999 -9999 -9999 -9999 -9999 -9999 -9999 -9999 -9999 -9999 -9999 -9999 9.96 9.81 8.92 7.91 9.64 8.87 8.54 7.40 7.73 5.09 12.16 11.06 10.04 12.74 11.24 10.44 15.64 15.38 11.06 13.06 11.52 10.68 8.37 7.77 7.60 7.20 7.34 8.40 8.73 7.70 7.42 7.07 6.88 6.37 6.18 6.21 6.41 9.88 10.79 11.06 -9999 -9999 -9999 -9999 -9999 -9999 -9999 -9999 -9999 -9999 -9999 -9999 -9999
-9999 -9999 -9999 -9999 -9999 -9999 15.89 13.74 14.49 14.01 -9999 -9999 -9999 -9999 -9999 -9999 -9999 -9999 -9999 -9999 -9999 -9999 -9999 -9999 -9999 11.40 10.76 9.89 -9999 10.33 -9999 9.20 7.36 5.94 4.61 5.08 11.36 10.52 11.18 15.26 7.34 8.72 15.39 12.97 12.07 11.75 10.14 8.43 7.77 7.48 7.05 7.21 7.51 8.45 9.46 7.93 8.34 6.87 5.76 6.94 8.40 7.93 7.31 7.60 10.18 13.20 14.67 -9999 -9999 -9999 -9999 -9999 -9999 -9999 -9999 -9999 -9999 -9999
-9999 -9999 -9999 -9999 -9999 16.33 14.73 14.07 -9999 -9999 -9999 -9999 -9999 -9999 -9999 -9999 -9999 -9999 -9999 -9999 -9999 -9999 -9999 -9999 -9999 13.10 11.53 10.30 -9999 -9999 -9999 9.09 8.96 4.79 5.71 7.46 6.27 6.34 8.78 13.89 13.69 7.59 12.71 14.64 11.08 12.47 10.92 9.37 7.14 7.26 7.01 7.13 7.31 7.62 7.92 7.69 7.89 6.17 6.56 7.90 8.97 9.40 9.21 8.26 8.65 10.87 13.27 -9999 -9999 -9999 -9999 -9999 -9999 -9999 -9999 -9999 -9999 -9999
-9999 -9999 -9999 -9999 -9999 -9999 -9999 -9999 -9999 -9999 -9999 -9999 -9999 -9999 -9999 -9999 -9999 -9999 -9999 -9999 -9999 -9999 -9999 -9999 -9999 -9999 -9999 -9999 -9999 -9999 10.54 7.95 6.91 8.41 9.46 10.44 10.43 8.65 9.39 12.88 12.46 10.08 7.79 11.70 13.15 11.13 9.85 8.72 7.80 7.56 7.76 7.23 7.09 7.21 7.14 6.91 6.16 7.13 10.07 8.17 8.97 8.11 8.21 7.26 8.63 10.67 -9999 -9999 -9999 -9999 -9999 -9999 -9999 -9999 -9999 -9999 -9999 -9999
-9999 -9999 -9999 -9999 -9999 -9999 -9999 -9999 -9999 -9999 -9999 -9999 -9999 -9999 -9999 -9999 -9999 -9999 -9999 -9999 -9999 -9999 -9999 -9999 -9999 -9999 -9999 -9999 -9999 -9999 9.72 7.52 8.39 11.03 14.20 12.80 9.19 10.60 7.63 8.44 7.70 9.69 10.46 11.46 11.70 11.23 9.68 9.02 8.46 7.59 7.80 7.14 7.06 7.11 7.14 6.88 6.08 6.70 11.12 9.99 7.81 7.35 7.09 6.92 8.45 10.99 -9999 -9999 -9999 -9999 -9999 -9999 -9999 -9999 -9999 -9999 -9999 -9999
-9999 -9999 -9999 -9999 -9999 -9999 -9999 -9999 -9999 -9999 -9999 -9999 -9999 -9999 -9999 -9999 -9999 -9999 -9999 -9999 -9999 -9999 -9999 -9999 -9999 -9999 -9999 -9999 -9999 -9999 8.56 6.72 6.95 10.29 11.65 11.10 9.97 9.23 8.08 8.92 7.48 7.32 8.39 6.74 11.54 9.84 10.89 9.29 8.82 7.39 7.12 7.23 7.12 7.16 7.04 6.93 6.50 6.27 8.60 9.34 7.98 7.09 7.02 6.81 8.10 10.45 -9999 -9999 -9999 -9999 -9999 -9999 -9999 -9999 -9999 -9999 -9999 -9999
-9999 -9999 -9999 -9999 -9999 -9999 -9999 -9999 -9999 -9999 -9999 -9999 -9999 -9999 -9999 -9999 -9999 -9999 -9999 -9999 -9999 -9999 -9999 -9999 -9999 -9999 -9999 -9999 12.36 9.95 7.53 6.41 9.41 11.54 14.81 10.82 12.50 6.73 7.93 7.86 8.88 9.54 9.29 11.62 7.74 8.03 7.98 7.87 7.25 8.15 7.08 7.05 7.40 7.06 7.00 7.06 6.68 6.51 6.82 8.69 7.73 6.80 6.69 6.71 7.41 9.54 11.81 -9999 -9999 -9999 -9999 -9999 -9999 -9999 -9999 -9999 -9999 -9999
-9999 -9999 -9999 -9999 -9999 -9999 -9999 -9999 -9999 -9999 -9999 -9999 -9999 -9999 -9999 -9999 -9999 -9999 -9999 -9999 -9999 -9999 -9999 -9999 -9999 -9999 -9999 -9999 11.27 8.67 7.25 6.63 7.29 10.87 8.29 7.95 6.03 7.78 11.18 8.26 9.78 9.12 10.55 6.70 11.25 8.78 10.11 9.66 9.57 8.08 7.51 7.13 6.98 6.94 7.02 6.99 6.86 6.54 6.38 6.98 8.08 7.17 6.64 6.74 6.94 8.52 10.82 -9999 -9999 -9999 -9999 -9999 -9999 -9999 -9999 -9999 -9999 -9999
-9999 -9999 -9999 -9999 -9999 -9999 -9999 -9999 -9999 -9999 -9999 -9999 -9999 -9999 -9999 -9999 -9999 -9999 -9999 -9999 -9999 -9999 -9999 -9999 -9999 -9999 -9999 -9999 11.21 8.48 7.54 7.09 7.49 8.29 8.43 7.17 6.01 7.60 8.01 7.27 9.28 11.97 9.15 8.60 7.11 9.18 7.21 7.91 8.65 8.99 7.87 7.50 6.95 6.90 7.03 7.04 6.92 6.70 6.40 6.63 7.83 8.45 7.16 6.69 6.95 7.65 9.30 11.43 -9999 -9999 -9999 -9999 -9999 -9999 -9999 -9999 -9999 -9999
-9999 -9999 -9999 -9999 -9999 -9999 -9999 -9999 -9999 -9999 -9999 -9999 -9999 -9999 -9999 -9999 -9999 -9999 -9999 -9999 -9999 -9999 -9999 -9999 -9999 -9999 -9999 -9999 10.85 8.64 7.95 7.85 7.56 7.33 6.82 7.42 8.47 5.93 6.04 7.16 12.28 12.26 13.27 11.61 9.27 8.88 9.34 7.68 6.99 8.21 8.59 7.40 6.93 6.97 6.86 6.99 7.05 7.07 6.80 6.78 8.53 9.76 8.31 7.80 7.86 7.65 8.04 9.93 11.95 -9999 -9999 -9999 -9999 -9999 -9999 -9999 -9999 -9999
-9999 -9999 -9999 -9999 -9999 -9999 -9999 -9999 -9999 -9999 -9999 -9999 -9999 -9999 -9999 -9999 -9999 -9999 -9999 -9999 -9999 -9999 -9999 -9999 -9999 -9999 -9999 -9999 10.84 8.44 7.80 7.52 7.07 6.44 6.83 6.17 7.48 8.26 10.24 11.78 12.93 9.77 11.63 9.98 9.79 8.09 9.45 8.71 7.80 7.07 6.84 7.04 6.82 6.94 7.01 7.19 7.24 7.41 7.49 7.49 8.01 9.15 8.73 8.26 8.45 8.52 8.22 8.43 10.53 -9999 -9999 -9999 -9999 -9999 -9999 -9999 -9999 -9999
-9999 -9999 -9999 -9999 -9999 -9999 -9999 -9999 -9999 -9999 -9999 -9999 -9999 -9999 -9999 -9999 -9999 -9999 -9999 -9999 -9999 -9999 -9999 -9999 -9999 -9999 -9999 -9999 -9999 8.44 7.85 7.31 6.49 6.87 8.79 8.78 9.70 8.52 8.22 10.64 10.38 11.65 10.52 8.28 6.64 7.27 7.05 8.46 7.51 7.18 7.76 7.41 6.74 7.05 7.01 7.23 7.21 7.40 7.68 7.89 8.16 8.09 8.26 8.52 8.90 -9999 8.98 9.46 10.67 12.91 -9999 -9999 -9999 -9999 -9999 -9999 -9999 -9999
-9999 -9999 -9999 -9999 -9999 -9999 -9999 -9999 -9999 -9999 -9999 -9999 -9999 -9999 -9999 -9999 -9999 -9999 -9999 -9999 -9999 -9999 -9999 -9999 -9999 -9999 -9999 -9999 10.47 8.28 7.60 6.72 6.08 6.31 10.71 11.35 9.18 12.26 11.70 9.61 9.10 13.34 10.91 11.06 8.21 6.19 8.38 7.01 6.41 7.22 7.37 6.88 7.03 6.85 6.89 7.00 7.23 7.17 7.25 8.89 8.14 7.47 8.91 8.05 8.40 8.64 -9999 10.37 11.51 13.35 14.75 -9999 -9999 -9999 -9999 -9999 -9999 -9999
-9999 -9999 -9999 -9999 -9999 -9999 -9999 -9999 -9999 -9999 -9999 -9999 -9999 -9999 -9999 -9999 -9999 -9999 -9999 -9999 -9999 -9999 -9999 -9999 -9999 -9999 -9999 -9999 10.05 7.91 7.34 6.66 8.15 7.18 8.55 11.85 8.40 8.81 9.18 7.13 6.93 10.89 9.86 9.58 6.19 8.31 9.42 7.06 8.22 7.39 7.99 7.62 7.11 6.73 6.74 6.84 6.89 6.76 6.67 6.91 7.35 6.40 6.75 7.46 6.92 8.16 9.05 -9999 -9999 -9999 -9999 -9999 -9999 -9999 -9999 -9999 -9999 -9999
-9999 -9999 -9999 -9999 -9999 -9999 -9999 -9999 -9999 -9999 -9999 -9999 -9999 -9999 -9999 -9999 -9999 -9999 -9999 -9999 -9999 -9999 -9999 -9999 -9999 -9999 -9999 12.49 9.26 7.58 8.24 7.67 7.74 7.35 8.60 8.92 8.18 7.82 7.31 6.99 7.22 10.07 12.51 12.30 7.39 10.18 9.63 7.18 7.61 6.68 7.41 7.63 6.88 6.48 6.83 6.82 6.75 6.85 6.60 6.75 6.82 6.63 6.49 7.97 7.19 7.20 7.89 9.69 11.61 -9999 -9999 -9999 -9999 -9999 -9999 -9999 -9999 -9999
-9999 -9999 -9999 -9999 -9999 -9999 -9999 -9999 -9999 -9999 -9999 -9999 -9999 -9999 -9999 -9999 -9999 -9999 -9999 -9999 -9999 -9999 -9999 -9999 -9999 -9999 -9999 -9999 9.49 7.73 7.49 7.84 9.80 7.54 7.29 7.24 7.59 7.80 7.14 6.75 6.48 6.73 10.75 11.74 12.65 9.87 10.26 9.25 8.16 8.60 6.35 6.37 7.27 6.48 6.61 6.56 6.54 6.81 6.61 6.62 6.88 6.50 6.12 6.29 8.71 7.43 7.03 7.79 9.29 11.09 13.01 -9999 -9999 -9999 -9999 -9999 -9999 -9999
-9999 -9999 -9999 -9999 -9999 -9999 -9999 -9999 -9999 -9999 -9999 -9999 -9999 -9999 -9999 -9999 -9999 -9999 -9999 -9999 -9999 -9999 -9999 -9999 -9999 -9999 -9999 -9999 9.45 8.27 7.54 7.67 7.85 7.84 7.37 6.76 6.82 6.40 6.11 6.12 6.19 6.91 6.26 11.22 13.98 14.66 11.84 10.00 9.26 7.72 7.86 6.72 7.78 6.68 6.72 6.54 6.51 6.58 6.56 6.86 6.81 6.49 6.00 6.53 8.72 7.95 8.06 6.92 7.40 8.96 11.02 -9999 -9999 -9999 -9999 -9999 -9999 -9999
-9999 -9999 -9999 -9999 -9999 -9999 -9999 -9999 17.13 15.72 16.17 17.63 -9999 -9999 -9999 -9999 -9999 -9999 -9999 -9999 -9999 -9999 -9999 -9999 -9999 -9999 -9999 10.42 8.72 8.85 7.96 8.73 8.10 7.23 6.82 6.72 6.44 6.37 6.10 6.02 5.81 5.68 9.12 12.01 12.23 9.97 13.05 11.65 8.11 8.01 5.91 8.73 8.52 6.95 6.82 6.57 6.48 6.51 6.53 6.70 7.01 6.70 6.02 6.17 6.78 8.71 8.40 8.80 6.96 7.09 9.17 11.56 -9999 -9999 -9999 -9999 -9999 -9999
-9999 -9999 -9999 -9999 -9999 -9999 -9999 -9999 15.87 14.29 14.04 15.05 -9999 -9999 -9999 -9999 -9999 -9999 -9999 -9999 -9999 -9999 -9999 -9999 -9999 -9999 10.59 9.79 8.51 8.82 9.92 8.35 7.98 6.78 6.57 6.66 6.37 6.50 6.50 5.64 5.01 4.86 6.96 13.68 14.02 9.75 11.50 10.62 10.09 6.96 5.97 7.75 8.25 7.29 6.34 6.27 6.41 6.88 6.71 6.57 6.66 6.97 6.33 6.38 6.57 8.50 8.48 8.29 7.14 7.04 7.89 10.38 -9999 -9999 -9999 -9999 -9999 -9999
-9999 -9999 -9999 -9999 -9999 -9999 20.33 16.18 13.65 13.39 12.97 14.36 14.14 15.73 16.67 -9999 -9999 15.94 13.71 -9999 -9999 -9999 11.72 12.67 11.27 -9999 7.82 9.64 8.71 8.33 8.87 8.12 8.00 7.68 8.09 7.47 7.33 6.28 6.57 5.68 5.43 8.81 5.96 8.91 12.19 6.95 8.94 13.85 7.76 9.58 7.10 7.60 7.70 7.05 6.68 6.60 6.56 6.90 6.44 6.55 6.36 7.08 6.29 6.33 6.66 7.29 8.07 9.00 8.40 7.19 7.12 9.20 11.86 -9999 -9999 -9999 -9999 -9999
-9999 -9999 -9999 -9999 -9999 -9999 -9999 16.81 14.41 13.13 12.35 12.58 13.74 15.28 12.33 -9999 10.79 12.51 13.25 11.64 12.53 8.99 8.09 12.45 11.82 9.65 -9999 6.95 8.79 8.77 7.99 7.83 8.26 7.26 6.94 6.85 6.61 6.70 6.23 6.41 5.86 9.18 9.74 9.76 10.52 9.72 11.95 11.89 9.58 7.23 6.57 8.30 8.22 6.68 7.16 6.62 7.06 7.19 6.59 6.49 6.27 7.11 6.43 6.51 6.80 6.83 7.72 8.45 9.11 8.12 7.30 8.29 10.80 -9999 -9999 -9999 -9999 -9999
