ML/MeanWindSpeed_1991-05_Actual.txt
ncols         180
nrows         290
xllcorner     -200000
yllcorner     -200000
cellsize      5000
NODATA_value  -9999
[rows 210 to 244 of 290, columns 79 to 157 of 180]
8.93 8.05 9.47 9.69 -9999 -9999 -9999 -9999 -9999 -9999 -9999 6.47 6.44 7.11 6.29 5.86 5.71 7.16 8.80 10.66 10.49 9.09 8.00 7.56 7.12 9.37 9.08 6.15 5.28 7.87 8.28 9.23 7.26 6.79 6.38 6.04 7.09 7.79 7.82 8.10 7.98 7.82 7.70 7.62 7.62 7.86 8.00 8.43 7.90 7.56 7.04 6.54 6.23 5.86 6.42 7.43 7.36 6.92 7.83 7.89 7.74 7.54 6.80 6.37 6.76 7.27 7.10 6.53 6.32 7.03 6.41 6.67 7.38 7.12 7.28 7.35 7.04 7.00 7.27
9.28 -9999 -9999 -9999 -9999 -9999 -9999 -9999 -9999 9.23 8.18 7.85 8.76 8.45 7.34 6.26 6.25 6.37 8.24 9.42 9.21 6.71 6.57 8.80 8.22 8.38 6.88 5.78 5.71 7.66 8.09 8.04 7.09 6.84 6.53 5.81 8.18 8.57 7.93 8.06 7.87 7.85 7.74 7.60 7.94 7.87 8.16 7.83 7.63 7.37 7.03 6.48 6.15 5.65 6.71 7.90 7.30 7.65 6.59 7.41 7.22 6.75 6.86 6.52 6.64 7.25 6.89 6.34 6.32 6.36 6.71 7.11 6.85 7.36 7.33 6.89 6.91 7.80 7.51
-9999 -9999 -9999 -9999 -9999 -9999 -9999 -9999 -9999 10.16 9.70 8.53 9.50 9.92 -9999 -9999 6.89 8.63 6.01 7.27 7.03 6.97 7.42 8.45 6.93 6.81 7.01 6.79 7.37 7.89 8.01 7.51 7.09 7.32 6.26 6.80 8.58 8.07 7.84 7.66 7.75 8.18 8.13 7.83 7.71 7.38 7.48 7.74 7.87 7.50 7.56 6.45 5.73 6.22 7.88 7.02 7.34 7.06 6.13 7.04 6.69 6.34 6.24 6.21 6.16 6.38 7.35 6.63 6.57 6.62 6.65 6.74 6.65 6.57 7.51 7.17 7.69 8.43 8.47
-9999 -9999 -9999 -9999 -9999 -9999 -9999 -9999 -9999 -9999 -9999 -9999 -9999 -9999 -9999 -9999 8.27 7.65 7.39 6.98 6.32 6.12 6.40 7.14 7.07 7.40 7.78 8.17 8.68 8.67 -9999 7.54 7.04 6.54 6.23 7.02 8.46 8.13 8.17 7.75 7.37 7.46 8.11 7.58 7.42 7.97 7.98 7.71 8.07 8.45 7.48 6.99 6.49 6.65 7.57 6.96 7.10 7.03 6.54 6.39 6.20 6.32 6.43 6.18 6.04 6.36 6.60 6.62 6.64 6.71 6.73 6.75 6.92 7.14 7.46 7.46 7.83 8.23 -9999
-9999 -9999 -9999 -9999 -9999 -9999 -9999 -9999 -9999 -9999 -9999 -9999 -9999 -9999 -9999 -9999 -9999 8.44 7.48 6.74 6.76 6.99 6.28 6.44 7.06 8.04 -9999 -9999 -9999 -9999 8.13 7.44 6.92 6.26 6.15 6.98 8.33 8.09 8.22 7.72 7.14 7.70 7.63 8.35 7.86 8.81 7.93 7.96 7.65 7.75 7.51 6.97 7.27 6.29 6.78 7.05 6.31 6.49 6.26 6.08 5.92 5.73 5.78 5.96 5.78 5.96 6.15 6.33 6.38 7.30 7.52 6.88 7.01 7.25 7.36 7.55 8.31 9.22 9.16
-9999 -9999 -9999 -9999 -9999 -9999 -9999 -9999 -9999 -9999 -9999 -9999 -9999 -9999 -9999 -9999 -9999 -9999 8.24 8.66 7.86 7.02 6.96 7.30 8.26 -9999 -9999 -9999 -9999 8.22 8.18 8.05 6.19 5.88 6.02 7.73 8.48 8.34 7.90 7.16 7.13 7.19 8.16 8.92 8.20 8.21 7.87 8.04 7.87 7.14 7.25 7.16 6.82 6.73 6.70 6.50 6.09 6.14 6.48 6.60 6.52 5.76 5.76 5.80 5.74 6.26 6.42 6.70 6.56 7.11 7.09 6.99 7.66 7.23 7.54 7.69 8.42 8.21 8.43
-9999 -9999 -9999 -9999 -9999 -9999 -9999 -9999 -9999 -9999 -9999 -9999 -9999 -9999 -9999 -9999 -9999 -9999 -9999 9.04 8.99 8.26 7.86 7.89 9.36 -9999 -9999 -9999 7.78 6.49 6.52 7.76 7.44 6.90 6.26 7.35 7.16 8.14 7.59 6.57 7.27 8.04 8.09 7.78 8.28 7.87 7.67 7.62 7.23 7.07 6.91 6.92 7.11 6.75 6.27 6.10 6.00 6.03 6.55 6.43 6.40 6.14 5.80 5.88 5.89 6.19 6.35 6.66 6.74 6.91 6.67 7.03 7.37 7.63 7.33 6.74 8.05 7.46 8.09
-9999 -9999 -9999 -9999 -9999 -9999 -9999 -9999 -9999 -9999 -9999 -9999 -9999 -9999 -9999 -9999 -9999 -9999 -9999 -9999 -9999 -9999 -9999 -9999 -9999 -9999 -9999 9.32 6.83 5.73 6.05 7.67 6.72 7.08 7.48 7.61 7.74 7.80 6.85 6.61 6.75 7.37 7.29 7.35 7.40 7.51 7.34 7.36 8.29 7.35 7.37 6.96 7.18 6.99 6.29 6.12 5.74 6.07 6.63 6.32 5.98 5.94 6.03 5.91 6.23 6.21 6.53 6.42 7.07 7.38 6.95 6.23 7.93 8.36 7.18 6.38 8.19 7.80 7.70
-9999 -9999 -9999 -9999 -9999 -9999 -9999 -9999 -9999 -9999 -9999 -9999 -9999 -9999 -9999 -9999 -9999 -9999 -9999 -9999 -9999 -9999 -9999 -9999 -9999 -9999 -9999 7.63 6.45 5.53 8.93 8.31 6.58 7.15 7.64 7.93 8.07 7.09 6.86 6.69 6.54 7.20 6.93 6.69 7.61 7.47 8.10 7.27 7.50 8.24 7.32 7.16 7.11 6.70 6.40 6.11 5.89 6.15 6.24 6.34 6.00 5.80 5.90 5.72 5.86 6.92 6.56 7.09 7.43 8.04 7.08 6.36 7.26 7.51 6.50 5.94 6.30 7.28 7.73
-9999 -9999 -9999 -9999 -9999 -9999 -9999 -9999 -9999 -9999 -9999 -9999 -9999 -9999 -9999 -9999 -9999 -9999 -9999 -9999 -9999 -9999 -9999 -9999 -9999 -9999 -9999 7.51 5.58 4.43 5.99 8.45 8.13 8.03 7.64 8.36 7.20 6.86 6.51 7.42 7.42 7.91 7.55 6.95 7.01 7.05 7.30 7.55 7.56 7.01 6.95 7.06 7.09 6.74 6.46 6.21 6.05 6.30 6.24 6.04 5.53 5.62 6.30 6.85 6.44 6.98 6.80 6.86 7.01 7.53 8.56 8.36 7.18 7.06 7.04 6.91 6.70 6.68 6.58
-9999 -9999 -9999 -9999 -9999 -9999 -9999 -9999 -9999 -9999 9.59 9.61 8.11 10.95 10.75 11.12 11.72 13.13 8.77 12.22 9.48 -9999 -9999 -9999 -9999 -9999 -9999 7.28 6.32 5.74 5.02 5.63 7.10 8.41 8.35 7.63 7.04 6.86 7.31 8.06 7.57 7.22 7.26 6.98 6.92 7.31 7.04 6.81 6.70 6.90 6.46 6.83 7.13 7.61 6.94 6.46 6.60 6.54 6.32 6.54 5.54 5.31 6.47 7.30 6.65 6.45 6.72 6.86 6.83 6.77 6.88 6.86 6.74 6.60 6.33 6.21 6.17 6.31 6.21
-9999 -9999 -9999 -9999 -9999 -9999 -9999 -9999 -9999 -9999 10.07 9.21 8.65 7.19 8.76 10.17 10.26 11.13 11.53 10.01 9.25 8.14 8.51 10.04 8.97 8.36 7.37 6.85 6.40 6.15 5.84 5.40 5.62 7.45 7.71 7.14 6.67 8.39 7.58 7.02 7.31 7.63 7.13 6.99 6.91 7.09 7.25 7.00 6.96 6.30 6.32 6.59 6.65 6.81 7.39 7.54 6.41 6.23 6.11 5.84 6.06 5.49 8.03 7.21 7.04 6.81 6.56 6.68 6.66 7.25 7.22 6.41 7.40 7.08 7.33 6.49 6.55 6.31 6.24
-9999 -9999 -9999 -9999 -9999 -9999 -9999 -9999 -9999 9.75 8.59 7.69 6.82 6.00 7.65 9.78 9.88 9.56 9.53 9.55 9.00 7.84 7.23 8.01 8.94 7.40 6.91 6.43 6.44 6.94 6.04 5.94 6.70 6.83 6.70 6.71 8.07 7.08 8.12 7.80 7.31 6.76 6.99 6.50 6.80 7.17 6.93 7.14 6.58 6.80 6.58 6.48 6.45 7.44 8.11 6.78 5.95 6.11 7.57 6.58 6.09 6.22 6.31 6.60 6.73 6.46 6.38 6.75 7.41 6.95 6.34 6.30 7.37 6.98 6.78 7.01 6.90 6.61 6.58
-9999 -9999 -9999 -9999 -9999 -9999 -9999 -9999 -9999 -9999 8.45 7.23 6.48 7.40 7.28 8.02 10.06 9.46 8.15 7.20 8.89 10.21 8.52 7.12 7.53 8.83 7.56 6.36 6.26 6.14 6.52 6.46 5.91 6.19 6.52 6.84 7.38 6.75 7.97 7.43 7.37 7.26 7.24 6.61 7.07 7.38 7.17 6.21 6.34 6.79 6.26 5.98 5.85 6.67 7.72 7.43 5.99 6.22 7.14 7.00 6.50 5.97 5.92 5.78 5.93 6.93 6.77 6.62 6.94 7.57 7.10 6.90 7.45 7.46 6.82 7.28 6.63 7.10 6.46
-9999 -9999 -9999 -9999 -9999 -9999 11.45 -9999 -9999 9.44 8.33 8.44 6.71 7.83 6.95 7.01 7.51 8.06 8.58 7.38 8.75 9.82 8.35 7.65 7.10 7.26 6.97 6.35 6.28 6.38 6.85 6.10 5.83 6.38 7.54 6.72 7.05 6.44 7.24 7.09 7.56 8.06 7.48 6.67 6.47 6.70 6.41 6.07 7.05 6.46 5.95 7.08 6.07 6.33 7.82 8.43 6.22 6.47 6.88 6.76 6.34 5.98 5.93 6.12 6.43 6.80 6.37 6.14 6.09 6.38 6.51 6.68 7.28 6.95 6.91 6.83 6.48 6.43 6.30
-9999 -9999 -9999 -9999 -9999 10.09 10.98 10.85 10.45 8.48 7.78 8.80 7.48 6.78 7.04 6.65 7.78 8.45 8.97 7.84 7.81 8.38 7.87 7.37 7.22 7.43 7.55 7.27 6.57 6.41 6.38 5.94 5.80 7.04 7.25 6.60 6.77 6.87 7.79 7.42 7.42 8.23 7.38 7.06 6.45 7.03 6.70 6.74 6.40 6.20 5.77 6.47 6.42 6.13 7.07 6.88 6.43 6.42 6.40 6.90 6.69 6.41 6.26 6.12 5.99 6.01 6.43 6.70 6.47 5.84 6.10 6.42 7.04 7.35 7.10 6.39 6.97 6.89 6.79
-9999 -9999 -9999 -9999 -9999 9.36 9.51 8.92 9.24 8.44 7.77 7.14 8.26 8.10 7.38 8.03 8.00 8.11 9.06 8.29 8.29 8.21 6.96 7.79 9.05 8.77 7.95 7.16 6.55 6.70 6.86 6.87 6.38 7.31 7.06 7.31 6.57 6.04 7.06 7.89 7.24 7.31 7.08 6.59 6.76 7.33 6.74 6.30 6.78 6.90 5.98 6.19 6.17 6.16 6.81 7.06 7.09 8.02 6.56 6.72 6.14 5.92 6.19 6.37 5.99 5.86 6.25 6.81 6.57 6.17 6.00 6.48 6.51 6.59 6.68 6.85 6.21 6.62 7.28
-9999 -9999 -9999 -9999 -9999 9.62 8.99 8.63 8.94 8.63 8.39 7.51 7.85 7.83 6.98 7.67 7.72 8.28 8.68 8.47 6.97 6.24 6.15 7.79 8.04 8.49 8.68 7.24 7.00 6.94 6.57 7.12 6.64 7.35 7.11 7.00 6.79 6.32 7.37 7.07 7.08 7.01 6.75 6.49 6.71 7.31 7.23 6.48 6.36 6.54 7.00 6.24 6.37 6.26 6.53 6.52 6.54 6.95 6.73 7.34 7.70 5.50 7.75 6.84 5.60 5.74 7.93 8.13 7.93 6.08 6.11 6.36 6.29 6.45 6.24 6.98 7.70 9.29 8.70
-9999 -9999 -9999 -9999 -9999 8.90 8.63 8.52 8.50 8.31 8.20 7.75 7.51 8.12 7.63 7.63 7.95 7.45 7.58 7.47 7.30 5.79 6.65 8.36 8.04 8.71 8.48 7.34 7.32 7.29 6.50 6.77 6.91 6.92 6.75 6.70 7.15 7.71 6.62 7.15 6.99 6.94 6.66 6.48 6.77 7.19 6.70 6.72 6.58 6.86 7.14 7.51 7.08 7.66 7.40 7.05 6.85 6.62 6.35 6.39 6.46 6.01 7.28 7.22 7.57 7.25 7.68 8.18 8.46 6.32 6.42 6.44 6.58 6.75 7.35 8.12 8.38 -9999 -9999
-9999 -9999 -9999 -9999 -9999 8.44 8.17 8.12 8.45 8.87 8.39 8.13 8.09 8.43 8.91 8.43 8.02 7.43 7.60 7.14 6.73 6.64 6.61 7.27 7.32 8.49 7.54 6.23 7.67 7.24 6.38 8.08 7.38 7.76 8.02 7.58 7.47 7.85 7.10 6.62 6.86 6.82 6.41 6.41 6.59 7.01 6.55 6.76 7.39 7.90 7.86 7.89 8.03 8.06 8.19 8.11 7.81 7.32 7.10 7.40 7.66 7.78 8.11 8.32 8.42 -9999 -9999 8.19 8.27 7.83 7.44 7.04 8.88 7.72 -9999 -9999 -9999 -9999 -9999
-9999 -9999 -9999 -9999 10.28 8.70 8.30 7.55 8.10 8.32 9.03 8.51 9.52 9.30 9.20 8.51 8.09 7.67 7.47 6.91 6.43 6.37 6.66 7.49 8.01 7.66 6.58 8.19 8.55 6.67 6.03 6.76 6.94 7.84 7.85 7.18 7.11 7.00 6.75 7.21 7.05 7.12 6.82 6.73 7.09 7.67 7.59 7.47 7.58 7.91 8.18 -9999 -9999 8.77 9.27 9.30 8.94 8.61 8.33 8.46 -9999 -9999 -9999 -9999 -9999 -9999 -9999 -9999 -9999 -9999 8.21 8.59 9.69 8.84 -9999 -9999 -9999 -9999 -9999
-9999 -9999 -9999 10.98 9.98 8.67 8.72 7.71 7.58 7.46 7.31 7.47 10.41 11.06 9.95 9.22 8.84 8.80 7.90 7.04 6.38 6.56 6.66 8.82 9.52 9.10 8.87 9.85 8.13 7.78 7.35 7.78 8.37 7.45 6.82 7.21 6.84 6.99 6.80 6.93 6.93 7.87 8.48 8.47 8.37 8.44 8.61 8.11 -9999 7.44 8.04 8.03 8.34 8.81 -9999 -9999 -9999 -9999 9.41 -9999 -9999 -9999 -9999 -9999 -9999 -9999 -9999 -9999 -9999 -9999 -9999 -9999 -9999 -9999 -9999 -9999 -9999 -9999 -9999
-9999 -9999 10.74 10.65 10.66 9.76 8.45 7.79 7.41 6.34 5.73 7.16 11.51 12.64 9.46 8.98 10.30 8.08 9.07 7.21 6.60 8.54 7.97 8.27 8.80 9.08 -9999 -9999 -9999 -9999 -9999 8.06 8.94 8.56 7.51 7.37 7.18 6.85 6.88 6.92 7.40 8.25 -9999 -9999 -9999 -9999 -9999 8.79 8.73 8.05 7.45 7.57 8.94 8.94 -9999 -9999 -9999 -9999 -9999 -9999 -9999 -9999 -9999 -9999 -9999 -9999 -9999 -9999 -9999 -9999 -9999 -9999 -9999 -9999 -9999 -9999 -9999 -9999 -9999
-9999 7.66 8.44 10.03 10.57 9.77 9.22 8.20 6.77 6.63 6.14 8.14 10.86 12.17 11.14 10.31 8.86 9.12 8.20 8.18 7.71 9.23 9.35 -9999 -9999 -9999 -9999 -9999 -9999 -9999 -9999 -9999 8.63 8.73 7.84 8.52 9.07 9.19 7.73 9.06 9.15 9.70 -9999 -9999 -9999 -9999 -9999 -9999 -9999 7.90 8.19 7.58 8.23 -9999 -9999 -9999 -9999 -9999 -9999 -9999 -9999 -9999 -9999 -9999 -9999 -9999 -9999 -9999 -9999 -9999 -9999 -9999 -9999 -9999 -9999 -9999 -9999 -9999 -9999
9.28 7.66 7.96 9.22 10.53 10.70 9.43 7.71 7.36 7.26 6.75 8.10 10.92 10.43 10.57 10.11 10.30 6.65 8.47 10.49 8.91 -9999 -9999 -9999 -9999 -9999 -9999 -9999 -9999 -9999 -9999 -9999 -9999 -9999 9.35 -9999 -9999 -9999 -9999 8.56 10.21 10.60 -9999 -9999 -9999 -9999 -9999 -9999 -9999 -9999 8.50 9.87 9.02 -9999 -9999 -9999 -9999 -9999 -9999 -9999 -9999 -9999 -9999 -9999 -9999 -9999 -9999 -9999 -9999 -9999 -9999 -9999 -9999 -9999 -9999 -9999 -9999 -9999 -9999
8.44 7.37 8.04 9.13 9.78 10.33 9.37 8.60 8.98 6.69 5.69 7.07 9.98 10.82 9.73 8.70 9.37 7.48 7.58 8.53 -9999 -9999 -9999 -9999 -9999 -9999 -9999 -9999 -9999 -9999 -9999 -9999 -9999 -9999 10.27 -9999 -9999 -9999 -9999 -9999 -9999 -9999 -9999 -9999 -9999 -9999 -9999 -9999 -9999 -9999 -9999 -9999 -9999 -9999 -9999 -9999 -9999 -9999 -9999 -9999 -9999 -9999 -9999 -9999 -9999 -9999 -9999 -9999 -9999 -9999 -9999 -9999 -9999 -9999 -9999 -9999 -9999 -9999 -9999
8.79 7.80 8.43 8.76 9.00 9.49 8.93 8.72 9.23 6.56 5.71 6.26 8.41 12.02 12.55 8.25 8.10 7.70 8.45 10.10 -9999 -9999 -9999 -9999 -9999 -9999 -9999 -9999 -9999 -9999 -9999 -9999 -9999 -9999 -9999 -9999 -9999 -9999 -9999 -9999 -9999 -9999 -9999 -9999 -9999 -9999 -9999 -9999 -9999 -9999 -9999 -9999 -9999 -9999 -9999 -9999 -9999 -9999 -9999 -9999 -9999 -9999 -9999 -9999 -9999 -9999 -9999 -9999 -9999 -9999 -9999 -9999 -9999 -9999 -9999 -9999 -9999 -9999 -9999
9.43 9.01 8.97 8.79 9.44 8.95 8.61 8.52 7.60 7.33 6.50 6.15 8.37 10.48 10.52 9.17 7.66 7.78 9.85 9.36 -9999 -9999 -9999 -9999 -9999 -9999 -9999 -9999 -9999 -9999 -9999 -9999 -9999 -9999 -9999 -9999 -9999 -9999 -9999 -9999 -9999 -9999 -9999 -9999 -9999 -9999 -9999 -9999 -9999 -9999 -9999 -9999 -9999 -9999 -9999 -9999 -9999 -9999 -9999 -9999 -9999 -9999 -9999 -9999 -9999 -9999 -9999 -9999 -9999 -9999 -9999 -9999 -9999 -9999 -9999 -9999 -9999 -9999 -9999
10.07 9.75 9.58 8.66 9.17 8.82 10.32 9.80 8.70 8.22 8.40 7.32 7.78 8.76 8.66 7.96 7.84 8.40 9.14 9.46 -9999 -9999 -9999 -9999 -9999 -9999 -9999 -9999 -9999 -9999 -9999 -9999 -9999 -9999 -9999 -9999 -9999 -9999 -9999 -9999 -9999 -9999 -9999 -9999 -9999 -9999 -9999 -9999 -9999 -9999 -9999 -9999 -9999 -9999 -9999 -9999 -9999 -9999 -9999 -9999 -9999 -9999 -9999 -9999 -9999 -9999 -9999 -9999 -9999 -9999 -9999 -9999 -9999 -9999 -9999 -9999 -9999 -9999 -9999
9.23 9.52 9.06 9.87 11.13 10.88 9.90 9.98 9.94 9.70 8.81 9.08 8.46 7.72 7.71 8.18 8.79 9.21 9.12 9.97 -9999 -9999 -9999 -9999 -9999 -9999 -9999 -9999 -9999 -9999 -9999 -9999 -9999 -9999 -9999 -9999 -9999 -9999 -9999 -9999 -9999 -9999 -9999 -9999 -9999 -9999 -9999 -9999 -9999 -9999 -9999 -9999 -9999 -9999 -9999 -9999 -9999 -9999 -9999 -9999 -9999 -9999 -9999 -9999 -9999 -9999 -9999 -9999 -9999 -9999 -9999 -9999 -9999 -9999 -9999 -9999 -9999 -9999 -9999
9.98 10.39 -9999 -9999 -9999 -9999 -9999 -9999 -9999 -9999 -9999 9.95 10.16 9.07 8.34 7.85 8.79 9.45 9.42 -9999 -9999 -9999 -9999 -9999 -9999 -9999 -9999 -9999 -9999 -9999 -9999 -9999 -9999 -9999 -9999 -9999 -9999 -9999 -9999 -9999 -9999 -9999 -9999 -9999 -9999 -9999 -9999 -9999 -9999 -9999 -9999 -9999 -9999 -9999 -9999 -9999 -9999 -9999 -9999 -9999 -9999 -9999 -9999 -9999 -9999 -9999 -9999 -9999 -9999 -9999 -9999 -9999 -9999 -9999 -9999 -9999 -9999 -9999 -9999
10.75 11.29 -9999 -9999 -9999 -9999 -9999 -9999 -9999 -9999 -9999 -9999 -9999 -9999 9.09 8.61 8.96 9.38 -9999 -9999 -9999 -9999 -9999 -9999 -9999 -9999 -9999 -9999 -9999 -9999 -9999 -9999 -9999 -9999 -9999 -9999 -9999 -9999 -9999 -9999 -9999 -9999 -9999 -9999 -9999 -9999 -9999 -9999 -9999 -9999 -9999 -9999 -9999 -9999 -9999 -9999 -9999 -9999 -9999 -9999 -9999 -9999 -9999 -9999 -9999 -9999 -9999 -9999 -9999 -9999 -9999 -9999 -9999 -9999 -9999 -9999 -9999 -9999 -9999
-9999 -9999 -9999 -9999 -9999 -9999 -9999 -9999 -9999 -9999 -9999 -9999 -9999 -9999 10.19 10.91 11.40 11.06 -9999 -9999 -9999 -9999 -9999 -9999 -9999 -9999 -9999 -9999 -9999 -9999 -9999 -9999 -9999 -9999 -9999 -9999 -9999 -9999 -9999 -9999 -9999 -9999 -9999 -9999 -9999 -9999 -9999 -9999 -9999 -9999 -9999 -9999 -9999 -9999 -9999 -9999 -9999 -9999 -9999 -9999 -9999 -9999 -9999 -9999 -9999 -9999 -9999 -9999 -9999 -9999 -9999 -9999 -9999 -9999 -9999 -9999 -9999 -9999 -9999
-9999 -9999 -9999 -9999 -9999 -9999 -9999 -9999 -9999 -9999 -9999 -9999 -9999 -9999 -9999 -9999 -9999 -9999 -9999 -9999 -9999 -9999 -9999 -9999 -9999 -9999 -9999 -9999 -9999 -9999 -9999 -9999 -9999 -9999 -9999 -9999 -9999 -9999 -9999 -9999 -9999 -9999 -9999 -9999 -9999 -9999 -9999 -9999 -9999 -9999 -9999 -9999 -9999 -9999 -9999 -9999 -9999 -9999 -9999 -9999 -9999 -9999 -9999 -9999 -9999 -9999 -9999 -9999 -9999 -9999 -9999 -9999 -9999 -9999 -9999 -9999 -9999 -9999 -9999
-9999 -9999 -9999 -9999 -9999 -9999 -9999 -9999 -9999 -9999 -9999 -9999 -9999 -9999 -9999 -9999 -9999 -9999 -9999 -9999 -9999 -9999 -9999 -9999 -9999 -9999 -9999 -9999 -9999 -9999 -9999 -9999 -9999 -9999 -9999 -9999 -9999 -9999 -9999 -9999 -9999 -9999 -9999 -9999 -9999 -9999 -9999 -9999 -9999 -9999 -9999 -9999 -9999 -9999 -9999 -9999 -9999 -9999 -9999 -9999 -9999 -9999 -9999 -9999 -9999 -9999 -9999 -9999 -9999 -9999 -9999 -9999 -9999 -9999 -9999 -9999 -9999 -9999 -9999
