ML/MeanWindSpeed_1997-06_Actual.txt
ncols         180
nrows         290
xllcorner     -200000
yllcorner     -200000
cellsize      5000
NODATA_value  -9999
[rows 210 to 244 of 290, columns 78 to 155 of 180]
13.47 13.75 11.96 13.79 13.11 -9999 -9999 -9999 -9999 -9999 -9999 -9999 7.77 7.88 9.14 8.29 8.65 9.26 11.47 13.69 16.34 15.50 13.27 11.46 11.14 9.85 12.95 12.76 8.21 6.83 11.03 11.12 12.09 8.49 7.71 7.58 7.15 8.43 9.31 9.19 9.50 9.06 8.58 8.24 7.89 7.59 7.53 7.26 7.89 7.34 7.46 7.70 8.06 8.48 8.19 8.41 8.25 6.74 5.73 7.37 7.49 6.61 6.23 5.91 6.72 7.92 8.49 7.97 7.13 6.74 7.86 6.76 7.10 8.16 7.55 7.62 7.69 7.02
-9999 13.47 -9999 -9999 -9999 -9999 -9999 -9999 -9999 -9999 11.73 10.43 10.13 11.38 10.74 9.50 8.63 9.41 10.09 12.97 14.72 13.91 9.55 9.34 13.31 11.68 11.43 9.10 7.53 7.15 10.05 10.14 9.89 8.16 7.75 7.78 6.56 9.94 10.29 9.02 9.19 8.70 8.48 8.23 7.83 8.23 7.60 7.64 7.02 7.04 7.23 7.72 8.01 8.64 8.10 9.48 10.24 7.15 7.20 5.51 7.26 6.87 6.73 8.84 8.89 8.82 9.14 8.05 6.96 6.79 6.71 7.34 7.93 7.26 7.91 7.74 7.04 6.91
-9999 -9999 -9999 -9999 -9999 -9999 -9999 -9999 -9999 -9999 12.95 12.45 10.45 11.86 12.41 -9999 -9999 9.21 12.92 8.66 10.62 10.07 10.06 10.81 12.41 9.33 8.75 8.90 8.30 8.99 9.47 9.46 8.78 8.17 8.75 7.34 7.82 10.16 9.01 8.55 8.34 8.44 8.92 8.61 7.92 7.85 7.23 7.33 7.95 8.51 8.23 9.01 8.05 7.89 8.95 11.44 8.97 7.89 6.76 5.39 7.54 7.79 8.57 9.32 9.23 8.62 8.11 9.11 7.34 6.86 6.65 6.67 6.86 6.71 6.46 8.03 7.36 7.87
-9999 -9999 -9999 -9999 -9999 -9999 -9999 -9999 -9999 -9999 -9999 -9999 -9999 -9999 -9999 -9999 -9999 10.52 9.97 10.15 9.31 8.17 8.13 8.62 9.72 9.24 9.28 9.53 9.91 10.48 10.29 -9999 8.59 8.07 7.85 7.38 7.98 9.88 9.02 9.00 8.39 7.69 7.65 8.52 7.73 7.87 9.07 9.21 8.91 9.78 10.72 9.36 9.11 8.96 9.22 10.49 8.70 7.95 7.36 6.63 6.92 7.45 8.45 9.34 8.88 8.11 7.86 7.52 6.90 6.56 6.36 6.35 6.44 6.74 6.87 7.26 7.27 7.78
-9999 -9999 -9999 -9999 -9999 -9999 -9999 -9999 -9999 -9999 -9999 -9999 -9999 -9999 -9999 -9999 -9999 -9999 10.63 9.56 8.62 8.92 9.59 8.47 8.54 8.89 9.85 -9999 -9999 -9999 -9999 9.43 8.22 7.93 7.48 7.36 8.13 9.96 9.08 9.26 8.46 7.38 8.30 7.99 9.45 8.92 10.83 9.42 9.64 9.24 9.70 9.53 8.79 9.62 7.83 8.51 8.63 6.84 6.86 6.47 6.59 6.89 6.80 6.76 7.23 6.98 6.78 6.41 6.12 5.82 7.07 7.35 6.22 6.33 6.54 6.83 7.17 8.17
-9999 -9999 -9999 -9999 -9999 -9999 -9999 -9999 -9999 -9999 -9999 -9999 -9999 -9999 -9999 -9999 -9999 -9999 -9999 10.33 11.41 10.29 9.37 10.14 10.07 10.35 -9999 -9999 -9999 -9999 10.07 9.79 9.59 6.66 6.54 6.84 9.48 10.28 9.76 9.02 7.80 7.75 7.65 9.29 10.78 9.69 9.82 9.20 9.37 9.12 8.13 8.68 8.66 8.16 8.04 8.02 7.64 6.89 6.89 7.35 7.66 7.86 6.66 6.62 6.70 6.43 6.69 6.14 6.10 5.44 6.24 6.23 6.23 7.30 6.43 7.30 7.42 8.00
-9999 -9999 -9999 -9999 -9999 -9999 -9999 -9999 -9999 -9999 -9999 -9999 -9999 -9999 -9999 -9999 -9999 -9999 -9999 -9999 11.09 11.15 10.43 11.35 10.62 11.38 -9999 -9999 -9999 9.35 7.62 7.07 8.90 8.56 7.84 6.77 8.48 7.89 9.66 8.83 7.14 8.49 9.62 9.68 9.33 10.10 9.20 8.72 8.40 7.78 7.67 7.58 7.79 8.29 7.89 7.32 7.22 7.26 7.27 7.95 7.59 7.62 7.17 6.56 6.54 6.01 5.52 5.09 5.33 5.30 5.66 5.74 6.81 7.23 7.60 7.37 6.28 8.01
-9999 -9999 -9999 -9999 -9999 -9999 -9999 -9999 -9999 -9999 -9999 -9999 -9999 -9999 -9999 -9999 -9999 -9999 -9999 -9999 -9999 -9999 -9999 -9999 -9999 -9999 -9999 -9999 11.63 8.27 6.77 6.57 8.52 6.84 7.70 8.62 8.72 8.80 9.00 7.34 6.95 7.39 8.56 8.55 8.93 8.99 9.20 8.89 8.69 10.20 8.45 8.50 7.81 8.27 8.19 7.34 7.39 7.05 7.54 8.28 7.55 6.88 6.62 6.44 6.12 6.30 5.44 5.64 5.24 6.35 7.00 6.74 5.78 8.56 9.35 7.78 6.30 8.95
-9999 -9999 -9999 -9999 -9999 -9999 -9999 -9999 -9999 -9999 -9999 -9999 -9999 -9999 -9999 -9999 -9999 -9999 -9999 -9999 -9999 -9999 -9999 -9999 -9999 -9999 -9999 -9999 9.30 8.53 7.23 12.62 10.78 7.09 7.73 8.51 9.08 9.51 7.74 7.19 7.05 7.08 8.44 8.30 8.12 9.86 9.64 10.81 9.32 9.54 10.74 8.93 8.29 8.06 7.46 7.29 7.13 7.15 7.65 7.64 7.70 6.99 6.33 6.02 5.66 5.92 7.46 6.44 7.13 7.55 8.65 7.29 6.24 7.63 7.99 6.63 5.85 6.49
-9999 -9999 -9999 -9999 -9999 -9999 -9999 -9999 -9999 -9999 -9999 -9999 -9999 -9999 -9999 -9999 -9999 -9999 -9999 -9999 -9999 -9999 -9999 -9999 -9999 -9999 -9999 -9999 8.93 6.81 5.77 8.29 12.07 10.77 9.75 8.64 9.94 8.17 7.70 7.11 8.94 9.16 9.94 9.45 8.53 8.63 8.62 9.12 9.69 9.74 8.75 8.51 8.35 8.23 7.58 7.29 7.36 7.48 8.07 7.82 7.45 6.58 6.35 7.00 7.67 6.86 7.71 6.91 6.52 6.69 7.67 9.63 9.32 7.13 6.92 7.17 7.27 7.17
-9999 -9999 -9999 -9999 -9999 -9999 -9999 -9999 -9999 -9999 -9999 12.63 12.93 10.43 15.08 13.78 12.99 12.55 14.39 6.49 12.70 8.32 -9999 -9999 -9999 -9999 -9999 -9999 8.34 7.15 6.85 6.05 7.35 9.58 11.16 10.42 9.01 8.03 7.89 8.65 10.00 9.24 8.57 8.68 8.28 8.13 8.70 8.41 8.13 7.92 8.34 7.70 8.37 8.83 9.50 8.32 7.87 8.49 8.40 7.65 8.18 6.85 6.27 7.54 8.48 7.23 6.86 7.18 6.75 6.30 6.05 6.36 6.28 5.81 5.64 5.48 5.42 5.40
-9999 -9999 -9999 -9999 -9999 -9999 -9999 -9999 -9999 -9999 -9999 14.99 14.12 13.70 10.85 12.59 13.79 12.15 12.18 12.25 9.18 7.75 6.70 8.39 11.59 9.62 8.78 7.81 7.53 6.94 6.60 6.40 6.21 6.85 9.60 9.66 8.65 7.70 10.74 9.12 8.14 8.73 9.27 8.47 8.34 9.01 8.73 8.85 8.46 8.26 7.04 7.33 8.00 8.17 8.16 8.87 9.26 7.80 7.50 6.97 6.63 7.46 6.44 10.42 8.52 8.06 7.50 7.00 7.03 6.51 7.15 7.05 5.59 7.14 6.50 7.03 5.56 5.72
-9999 -9999 -9999 -9999 -9999 -9999 -9999 -9999 -9999 -9999 13.04 11.90 11.30 10.50 9.06 11.20 13.52 12.18 10.56 10.34 10.21 8.79 7.26 7.20 8.88 10.55 7.75 7.17 6.67 6.79 7.75 6.38 6.49 8.18 8.37 8.13 8.40 10.82 8.95 10.34 9.66 8.78 7.81 8.38 8.17 9.00 9.14 8.55 8.91 7.65 7.81 7.56 7.49 7.50 8.99 9.72 7.65 7.04 7.29 9.52 7.65 6.98 7.13 7.18 7.59 7.75 7.26 7.07 7.64 8.42 7.18 5.96 5.73 7.42 6.72 6.52 6.85 6.62
-9999 -9999 -9999 -9999 -9999 -9999 -9999 -9999 -9999 -9999 -9999 11.00 9.68 8.77 10.37 9.83 10.04 12.27 10.35 8.16 6.84 9.34 11.40 9.35 7.42 7.93 9.96 7.85 6.13 6.23 6.23 7.01 7.20 6.59 6.94 7.56 8.41 9.66 8.41 10.00 8.78 8.68 8.51 8.81 8.21 9.10 9.35 9.08 7.51 7.38 7.94 6.93 6.35 6.22 7.47 8.80 8.64 6.97 7.35 8.50 8.18 7.27 6.35 6.33 6.27 6.67 8.41 8.04 7.65 8.14 8.99 7.91 7.12 7.67 7.52 6.43 7.21 6.02
-9999 -9999 -9999 -9999 -9999 -9999 -9999 13.35 -9999 -9999 11.83 10.53 11.20 7.79 9.69 8.15 7.60 7.37 7.43 8.23 6.68 8.92 10.44 7.97 6.80 5.60 5.72 5.73 5.52 5.79 6.25 7.20 6.29 6.26 7.01 9.05 7.86 8.99 7.97 8.85 8.33 9.32 10.14 9.32 8.22 7.76 7.85 7.60 7.19 8.57 7.39 6.43 8.24 6.55 6.72 8.80 10.01 6.49 6.94 7.44 7.12 6.57 6.22 6.12 6.62 7.39 7.90 6.90 6.39 6.36 6.90 6.86 6.73 7.39 6.56 6.33 6.13 5.49
-9999 -9999 -9999 -9999 -9999 -9999 12.45 13.84 13.79 13.30 10.40 9.48 11.25 8.47 7.31 8.09 7.19 8.26 8.38 9.05 7.48 7.39 8.16 6.84 5.43 4.85 5.19 5.90 6.24 5.50 5.68 6.09 5.91 6.13 8.09 8.41 7.59 8.46 8.90 10.37 9.46 9.51 10.82 9.29 8.91 7.55 8.11 7.66 7.88 7.08 6.63 5.74 6.82 6.81 6.10 7.52 7.28 6.61 6.48 6.31 6.96 6.74 6.50 6.04 5.72 5.86 5.87 6.17 6.32 6.11 5.42 6.04 6.46 7.31 7.60 6.99 5.56 6.40
-9999 -9999 -9999 -9999 -9999 -9999 12.01 12.34 11.24 11.59 10.44 9.47 8.18 9.97 9.83 8.75 9.93 9.35 8.60 9.76 8.38 8.28 8.32 5.81 6.70 8.60 7.84 6.62 5.78 5.20 5.95 6.64 7.13 6.67 8.20 7.70 8.41 7.58 6.99 8.96 10.46 9.25 9.28 9.02 8.31 8.17 8.70 7.69 6.82 7.31 7.18 5.37 5.63 5.73 5.85 7.38 8.35 8.61 10.22 7.29 7.18 6.14 5.74 5.85 5.97 5.65 5.52 5.85 6.39 5.92 5.55 5.32 6.24 6.36 6.44 6.50 6.60 5.26
-9999 -9999 -9999 -9999 -9999 -9999 12.40 11.46 10.84 11.10 10.25 10.04 8.65 9.09 9.13 7.73 9.04 8.93 9.27 9.40 8.71 6.11 5.21 4.96 7.48 7.48 7.96 8.63 6.28 6.02 6.35 5.90 7.09 6.55 7.84 7.56 7.72 7.55 7.06 9.20 8.91 9.07 8.91 8.66 8.48 8.42 8.86 8.57 6.92 6.21 5.96 6.34 4.73 4.98 5.01 6.45 7.65 8.24 9.13 8.33 8.90 9.53 5.60 9.19 7.50 5.58 5.88 9.36 9.17 8.50 5.20 5.07 5.30 5.23 5.86 5.44 6.55 7.44
-9999 -9999 -9999 -9999 -9999 -9999 10.48 10.48 10.35 10.01 9.19 8.93 8.38 7.89 8.95 8.22 8.24 8.73 7.57 7.51 7.13 7.09 4.69 5.86 8.24 7.30 8.69 8.71 6.78 7.06 7.68 6.68 7.12 7.39 7.62 7.72 7.85 8.54 9.63 7.87 8.96 8.81 8.78 8.55 8.46 8.63 8.90 7.76 7.34 6.43 6.08 5.73 5.80 4.85 5.93 6.68 8.24 8.44 8.02 7.36 7.05 7.06 6.15 8.01 7.73 8.36 7.83 8.48 9.03 9.54 5.66 5.73 5.48 5.50 5.76 6.58 7.63 7.75
-9999 -9999 -9999 -9999 -9999 -9999 9.25 9.52 9.68 10.02 10.37 9.29 8.51 7.71 8.15 9.48 8.69 7.82 6.66 6.91 6.39 6.01 5.85 5.37 5.96 5.65 8.33 7.11 5.10 8.44 8.40 7.28 10.23 8.82 9.61 10.48 9.80 9.35 9.97 8.75 8.08 8.62 8.56 8.02 8.25 8.39 8.86 7.76 7.48 7.43 7.09 6.01 5.33 5.10 4.90 5.87 9.67 9.49 8.62 8.00 8.00 8.10 8.03 8.34 8.47 8.51 -9999 -9999 8.13 8.49 7.94 7.31 6.33 9.30 6.94 -9999 -9999 -9999
-9999 -9999 -9999 -9999 -9999 11.33 9.56 9.69 8.94 10.04 10.16 11.08 9.10 9.37 8.79 9.39 8.42 7.27 6.39 6.19 5.77 5.37 5.32 5.86 6.79 7.40 7.27 5.57 8.51 9.55 7.18 6.86 8.21 8.28 9.78 9.90 8.75 8.63 8.42 8.21 9.13 8.90 9.00 8.55 8.48 8.93 9.70 9.10 8.16 7.37 6.51 5.95 -9999 -9999 5.60 6.63 10.21 10.63 10.02 9.33 9.17 -9999 -9999 -9999 -9999 -9999 -9999 -9999 -9999 -9999 -9999 7.91 8.37 10.09 8.27 -9999 -9999 -9999
-9999 -9999 -9999 -9999 12.52 10.87 9.29 10.04 8.83 8.87 8.78 8.94 8.32 11.42 11.97 10.29 9.12 8.53 8.41 6.67 5.62 5.31 5.83 6.12 9.25 10.14 9.45 8.82 10.67 8.04 8.44 8.75 9.94 11.00 9.35 8.11 8.71 7.89 8.09 7.84 8.09 8.10 9.67 10.72 10.65 10.29 10.19 10.19 8.87 -9999 6.05 6.06 5.29 5.43 5.97 -9999 -9999 -9999 -9999 10.31 -9999 -9999 -9999 -9999 -9999 -9999 -9999 -9999 -9999 -9999 -9999 -9999 -9999 -9999 -9999 -9999 -9999 -9999
-9999 -9999 -9999 13.59 12.73 12.34 10.80 9.02 8.61 8.36 7.38 7.43 9.05 14.24 15.51 10.00 8.68 11.28 7.66 8.98 5.90 5.40 8.62 7.44 7.47 7.98 8.38 -9999 -9999 -9999 -9999 -9999 9.84 11.70 11.24 9.39 9.06 8.48 7.85 7.91 7.84 8.56 9.84 -9999 -9999 -9999 -9999 -9999 9.94 9.43 7.60 6.02 5.43 7.09 6.74 -9999 -9999 -9999 -9999 -9999 -9999 -9999 -9999 -9999 -9999 -9999 -9999 -9999 -9999 -9999 -9999 -9999 -9999 -9999 -9999 -9999 -9999 -9999
-9999 -9999 8.84 10.21 12.39 12.58 10.79 10.22 9.40 7.34 8.31 8.68 11.39 14.20 15.44 13.40 11.70 9.25 10.07 7.70 7.42 6.63 8.85 8.69 -9999 -9999 -9999 -9999 -9999 -9999 -9999 -9999 -9999 10.20 10.73 9.36 10.62 11.45 11.77 9.37 11.61 11.38 12.05 -9999 -9999 -9999 -9999 -9999 -9999 -9999 7.57 7.66 5.82 6.49 -9999 -9999 -9999 -9999 -9999 -9999 -9999 -9999 -9999 -9999 -9999 -9999 -9999 -9999 -9999 -9999 -9999 -9999 -9999 -9999 -9999 -9999 -9999 -9999
10.80 10.73 8.76 9.65 11.59 13.19 13.10 10.93 8.57 8.33 9.26 9.47 11.08 14.36 12.41 12.05 11.38 12.20 5.76 8.03 11.11 8.14 -9999 -9999 -9999 -9999 -9999 -9999 -9999 -9999 -9999 -9999 -9999 -9999 -9999 11.02 -9999 -9999 -9999 -9999 10.06 12.73 13.17 -9999 -9999 -9999 -9999 -9999 -9999 -9999 -9999 7.75 9.55 7.68 -9999 -9999 -9999 -9999 -9999 -9999 -9999 -9999 -9999 -9999 -9999 -9999 -9999 -9999 -9999 -9999 -9999 -9999 -9999 -9999 -9999 -9999 -9999 -9999
10.41 9.58 7.84 9.45 11.70 12.29 12.92 11.36 9.99 10.95 7.95 7.07 9.36 13.09 12.98 10.58 8.89 10.40 7.01 6.35 7.65 -9999 -9999 -9999 -9999 -9999 -9999 -9999 -9999 -9999 -9999 -9999 -9999 -9999 -9999 12.01 -9999 -9999 -9999 -9999 -9999 -9999 -9999 -9999 -9999 -9999 -9999 -9999 -9999 -9999 -9999 -9999 -9999 -9999 -9999 -9999 -9999 -9999 -9999 -9999 -9999 -9999 -9999 -9999 -9999 -9999 -9999 -9999 -9999 -9999 -9999 -9999 -9999 -9999 -9999 -9999 -9999 -9999
11.89 10.18 7.94 9.56 10.44 10.62 11.31 10.51 10.07 11.20 7.32 6.99 8.66 11.53 15.96 16.01 8.44 8.26 7.32 7.84 10.28 -9999 -9999 -9999 -9999 -9999 -9999 -9999 -9999 -9999 -9999 -9999 -9999 -9999 -9999 -9999 -9999 -9999 -9999 -9999 -9999 -9999 -9999 -9999 -9999 -9999 -9999 -9999 -9999 -9999 -9999 -9999 -9999 -9999 -9999 -9999 -9999 -9999 -9999 -9999 -9999 -9999 -9999 -9999 -9999 -9999 -9999 -9999 -9999 -9999 -9999 -9999 -9999 -9999 -9999 -9999 -9999 -9999
10.51 11.88 10.41 10.52 10.18 11.09 10.27 9.73 9.39 8.02 8.17 7.51 7.70 11.26 13.73 12.97 10.25 7.31 7.02 10.20 8.92 -9999 -9999 -9999 -9999 -9999 -9999 -9999 -9999 -9999 -9999 -9999 -9999 -9999 -9999 -9999 -9999 -9999 -9999 -9999 -9999 -9999 -9999 -9999 -9999 -9999 -9999 -9999 -9999 -9999 -9999 -9999 -9999 -9999 -9999 -9999 -9999 -9999 -9999 -9999 -9999 -9999 -9999 -9999 -9999 -9999 -9999 -9999 -9999 -9999 -9999 -9999 -9999 -9999 -9999 -9999 -9999 -9999
11.02 13.14 11.95 11.61 9.88 10.59 9.90 12.34 11.19 9.29 8.76 9.61 8.15 9.24 10.58 10.05 8.53 7.84 8.45 9.30 9.34 -9999 -9999 -9999 -9999 -9999 -9999 -9999 -9999 -9999 -9999 -9999 -9999 -9999 -9999 -9999 -9999 -9999 -9999 -9999 -9999 -9999 -9999 -9999 -9999 -9999 -9999 -9999 -9999 -9999 -9999 -9999 -9999 -9999 -9999 -9999 -9999 -9999 -9999 -9999 -9999 -9999 -9999 -9999 -9999 -9999 -9999 -9999 -9999 -9999 -9999 -9999 -9999 -9999 -9999 -9999 -9999 -9999
10.16 10.80 10.93 9.93 11.07 13.01 12.48 10.60 10.67 10.63 10.56 9.47 10.32 9.63 8.68 8.64 9.33 10.02 10.20 9.31 10.12 -9999 -9999 -9999 -9999 -9999 -9999 -9999 -9999 -9999 -9999 -9999 -9999 -9999 -9999 -9999 -9999 -9999 -9999 -9999 -9999 -9999 -9999 -9999 -9999 -9999 -9999 -9999 -9999 -9999 -9999 -9999 -9999 -9999 -9999 -9999 -9999 -9999 -9999 -9999 -9999 -9999 -9999 -9999 -9999 -9999 -9999 -9999 -9999 -9999 -9999 -9999 -9999 -9999 -9999 -9999 -9999 -9999
9.92 11.33 11.62 -9999 -9999 -9999 -9999 -9999 -9999 -9999 -9999 -9999 10.98 11.84 10.37 9.38 8.51 9.61 10.19 9.60 -9999 -9999 -9999 -9999 -9999 -9999 -9999 -9999 -9999 -9999 -9999 -9999 -9999 -9999 -9999 -9999 -9999 -9999 -9999 -9999 -9999 -9999 -9999 -9999 -9999 -9999 -9999 -9999 -9999 -9999 -9999 -9999 -9999 -9999 -9999 -9999 -9999 -9999 -9999 -9999 -9999 -9999 -9999 -9999 -9999 -9999 -9999 -9999 -9999 -9999 -9999 -9999 -9999 -9999 -9999 -9999 -9999 -9999
11.80 11.71 12.27 -9999 -9999 -9999 -9999 -9999 -9999 -9999 -9999 -9999 -9999 -9999 -9999 9.86 9.13 9.31 9.65 -9999 -9999 -9999 -9999 -9999 -9999 -9999 -9999 -9999 -9999 -9999 -9999 -9999 -9999 -9999 -9999 -9999 -9999 -9999 -9999 -9999 -9999 -9999 -9999 -9999 -9999 -9999 -9999 -9999 -9999 -9999 -9999 -9999 -9999 -9999 -9999 -9999 -9999 -9999 -9999 -9999 -9999 -9999 -9999 -9999 -9999 -9999 -9999 -9999 -9999 -9999 -9999 -9999 -9999 -9999 -9999 -9999 -9999 -9999
11.81 -9999 -9999 -9999 -9999 -9999 -9999 -9999 -9999 -9999 -9999 -9999 -9999 -9999 -9999 10.96 12.40 13.03 12.10 -9999 -9999 -9999 -9999 -9999 -9999 -9999 -9999 -9999 -9999 -9999 -9999 -9999 -9999 -9999 -9999 -9999 -9999 -9999 -9999 -9999 -9999 -9999 -9999 -9999 -9999 -9999 -9999 -9999 -9999 -9999 -9999 -9999 -9999 -9999 -9999 -9999 -9999 -9999 -9999 -9999 -9999 -9999 -9999 -9999 -9999 -9999 -9999 -9999 -9999 -9999 -9999 -9999 -9999 -9999 -9999 -9999 -9999 -9999
-9999 -9999 -9999 -9999 -9999 -9999 -9999 -9999 -9999 -9999 -9999 -9999 -9999 -9999 -9999 -9999 -9999 -9999 -9999 -9999 -9999 -9999 -9999 -9999 -9999 -9999 -9999 -9999 -9999 -9999 -9999 -9999 -9999 -9999 -9999 -9999 -9999 -9999 -9999 -9999 -9999 -9999 -9999 -9999 -9999 -9999 -9999 -9999 -9999 -9999 -9999 -9999 -9999 -9999 -9999 -9999 -9999 -9999 -9999 -9999 -9999 -9999 -9999 -9999 -9999 -9999 -9999 -9999 -9999 -9999 -9999 -9999 -9999 -9999 -9999 -9999 -9999 -9999
-9999 -9999 -9999 -9999 -9999 -9999 -9999 -9999 -9999 -9999 -9999 -9999 -9999 -9999 -9999 -9999 -9999 -9999 -9999 -9999 -9999 -9999 -9999 -9999 -9999 -9999 -9999 -9999 -9999 -9999 -9999 -9999 -9999 -9999 -9999 -9999 -9999 -9999 -9999 -9999 -9999 -9999 -9999 -9999 -9999 -9999 -9999 -9999 -9999 -9999 -9999 -9999 -9999 -9999 -9999 -9999 -9999 -9999 -9999 -9999 -9999 -9999 -9999 -9999 -9999 -9999 -9999 -9999 -9999 -9999 -9999 -9999 -9999 -9999 -9999 -9999 -9999 -9999
