ML/MeanWindSpeed_1993-08_Actual.txt
ncols         180
nrows         290
xllcorner     -200000
yllcorner     -200000
cellsize      5000
NODATA_value  -9999
[rows 175 to 209 of 290, columns 79 to 157 of 180]
-9999 -9999 -9999 -9999 -9999 -9999 -9999 9.74 9.13 8.49 7.76 7.33 6.14 5.34 9.41 14.35 6.47 8.71 8.61 7.80 6.46 4.66 4.61 6.29 8.00 6.54 4.96 5.26 6.04 5.73 5.90 6.80 6.04 5.54 5.14 5.24 5.36 5.35 5.77 5.90 9.43 10.06 8.16 8.21 6.98 6.39 7.23 7.51 6.28 6.20 7.09 6.63 6.38 7.00 6.75 7.50 7.13 7.22 7.22 7.22 8.01 7.15 7.02 7.12 7.02 7.35 7.68 7.85 8.12 8.48 7.59 8.72 10.06 -9999 -9999 -9999 -9999 -9999 -9999
-9999 -9999 -9999 -9999 -9999 -9999 -9999 -9999 10.32 8.51 7.29 6.06 5.85 7.30 16.65 11.05 4.82 9.00 5.98 8.32 7.92 5.42 3.82 8.30 6.86 7.46 6.29 5.14 5.32 5.58 5.20 5.89 6.25 5.97 5.68 5.37 5.57 5.52 5.61 7.07 7.66 10.41 8.58 8.91 8.36 5.47 6.96 8.49 6.54 6.61 6.98 6.44 6.48 6.71 6.64 7.41 6.88 6.81 6.91 6.47 6.76 6.76 6.68 6.84 6.94 7.13 7.50 8.43 7.77 7.37 7.51 8.45 9.85 -9999 -9999 -9999 -9999 -9999 -9999
-9999 -9999 -9999 -9999 -9999 -9999 -9999 -9999 -9999 8.64 6.93 6.87 8.08 15.11 15.77 10.29 7.81 7.39 7.92 8.87 8.83 8.72 5.80 4.81 8.84 7.00 6.37 5.91 5.22 5.29 5.45 5.49 5.94 5.77 5.57 5.80 5.94 5.94 6.12 6.96 8.09 8.74 7.30 7.49 8.79 7.47 5.34 8.48 6.80 6.72 6.97 6.34 6.44 6.42 6.80 7.28 6.83 6.69 6.68 6.27 7.20 6.82 6.72 6.85 6.94 7.27 7.21 7.28 7.16 7.15 7.49 8.69 9.96 -9999 -9999 -9999 -9999 -9999 -9999
-9999 -9999 -9999 -9999 -9999 -9999 -9999 -9999 -9999 8.26 7.35 9.03 10.04 10.94 12.48 7.09 5.70 7.43 9.25 9.41 9.77 8.48 6.44 4.43 9.05 8.75 6.90 6.43 5.29 5.22 5.54 6.19 5.98 5.96 5.96 5.84 5.93 6.30 7.63 7.63 6.07 9.22 7.47 7.92 9.16 9.06 7.10 6.32 6.25 5.52 6.47 6.94 6.25 6.21 6.10 6.60 6.54 6.81 6.67 6.50 6.78 7.26 7.09 7.21 7.11 7.17 7.06 6.94 7.03 7.45 8.19 9.31 -9999 -9999 -9999 -9999 -9999 -9999 -9999
-9999 -9999 -9999 -9999 -9999 -9999 -9999 -9999 -9999 7.66 7.65 8.35 7.62 10.74 8.92 6.34 7.70 6.32 7.28 9.42 8.25 10.11 8.41 5.57 8.45 9.08 8.55 6.31 5.82 5.25 5.90 6.75 6.56 6.15 5.98 5.96 6.31 7.40 7.54 6.45 6.28 8.10 7.79 7.64 7.52 7.01 6.91 7.31 5.13 5.91 6.02 5.84 6.16 5.86 6.55 6.06 6.41 6.73 6.74 6.92 8.22 7.59 7.29 7.20 7.23 7.20 7.14 7.12 7.29 8.10 9.12 -9999 -9999 -9999 -9999 -9999 -9999 -9999 -9999
-9999 -9999 -9999 -9999 -9999 -9999 -9999 -9999 8.35 13.94 8.25 8.73 9.68 5.88 13.27 11.29 10.39 8.82 10.31 7.98 8.45 7.59 6.62 7.90 10.27 8.73 8.29 6.26 5.66 5.23 6.39 6.54 6.31 6.25 5.97 6.13 7.16 7.00 6.53 7.28 7.99 6.04 9.07 8.43 6.20 6.64 6.19 5.71 5.70 5.19 5.15 5.32 6.07 5.80 5.51 6.74 6.36 6.64 6.93 7.25 8.28 7.60 7.29 7.31 7.18 7.21 7.11 7.17 7.85 8.84 -9999 -9999 -9999 -9999 -9999 -9999 -9999 10.62 -9999
-9999 -9999 -9999 -9999 -9999 -9999 8.75 8.39 10.93 9.47 7.44 7.49 8.41 5.53 6.81 8.31 10.91 10.31 11.11 9.63 9.77 5.85 7.83 7.84 5.71 5.90 5.71 6.57 6.10 5.75 6.46 6.63 6.67 6.29 6.43 7.36 6.78 7.15 6.46 7.45 7.82 7.27 6.36 5.77 6.95 6.44 6.04 6.05 5.95 5.76 4.81 5.51 5.45 5.07 5.40 5.97 6.34 6.74 6.80 7.21 8.11 7.53 7.13 7.22 7.07 7.08 7.04 7.38 8.22 -9999 -9999 -9999 -9999 -9999 10.03 9.95 9.80 9.44 9.65
-9999 -9999 -9999 -9999 -9999 8.73 8.51 8.36 8.30 7.90 7.48 6.81 5.83 5.14 6.51 7.83 9.10 14.14 8.34 6.89 7.07 5.20 9.88 10.67 9.69 6.94 6.21 6.89 6.82 6.57 6.77 7.14 6.80 6.69 6.73 7.22 7.39 6.39 6.41 7.46 7.32 6.85 6.32 6.36 6.65 5.74 6.07 5.40 5.36 5.75 5.30 4.98 4.73 5.03 5.87 5.90 6.20 6.57 6.83 7.06 8.20 7.72 7.14 6.98 6.91 6.97 7.01 7.36 8.05 -9999 -9999 -9999 -9999 -9999 9.18 8.83 8.79 8.57 8.69
-9999 -9999 -9999 -9999 9.08 9.64 8.93 8.63 -9999 -9999 -9999 -9999 6.70 10.67 9.31 8.87 9.90 8.43 7.12 9.46 9.08 8.03 14.57 12.45 10.07 10.15 7.89 6.57 6.99 7.06 6.71 6.75 6.66 6.54 6.91 6.47 7.39 6.45 6.39 6.59 6.82 6.88 6.62 5.85 5.90 5.78 5.65 5.40 5.14 4.92 4.89 4.91 5.15 5.67 5.84 5.89 6.50 6.99 7.11 7.06 7.66 7.52 7.40 6.84 6.81 6.85 6.88 7.07 7.65 8.66 -9999 -9999 -9999 -9999 8.39 7.97 7.90 8.03 8.21
-9999 -9999 -9999 -9999 9.97 11.08 8.62 8.91 -9999 -9999 -9999 -9999 7.28 9.21 10.63 6.81 9.79 9.29 9.15 11.49 12.43 9.80 12.29 7.20 8.07 8.00 7.36 6.62 6.66 6.90 6.77 6.89 7.25 6.55 6.96 6.62 6.65 7.05 6.31 6.40 5.88 6.48 7.12 7.26 7.09 5.97 5.47 5.36 5.26 5.52 5.14 5.39 5.82 6.10 6.74 6.35 7.70 7.65 7.72 7.00 7.23 7.21 7.15 6.68 6.78 6.81 6.79 6.88 7.05 7.73 8.35 -9999 -9999 8.59 8.18 7.83 7.95 7.78 7.71
-9999 -9999 -9999 -9999 -9999 -9999 -9999 -9999 -9999 -9999 -9999 -9999 7.76 10.28 8.88 6.69 8.12 6.91 12.28 11.48 7.62 9.83 9.17 8.03 8.54 6.99 6.56 6.20 6.96 6.79 6.99 6.78 6.45 6.45 6.42 6.24 6.40 6.84 6.36 6.08 6.17 6.42 6.21 6.75 6.95 5.67 6.52 7.14 6.21 6.13 5.89 5.33 6.03 6.73 7.49 7.32 6.87 7.13 7.57 7.11 7.31 7.10 7.06 6.57 6.72 6.80 6.82 6.81 6.72 6.94 7.38 7.95 8.11 7.78 7.75 7.14 7.78 7.90 7.98
-9999 -9999 -9999 -9999 -9999 -9999 -9999 -9999 -9999 -9999 -9999 -9999 -9999 10.26 4.35 5.06 7.58 11.00 10.24 11.17 10.34 7.27 8.17 9.18 6.69 6.40 5.86 6.04 6.22 6.62 6.69 6.69 6.44 6.29 6.21 6.38 6.25 6.67 6.58 6.20 7.60 6.98 5.97 5.88 5.98 6.19 6.13 6.87 7.00 6.47 7.21 6.01 5.85 6.38 6.12 6.42 6.51 6.44 7.31 7.25 7.03 6.77 7.06 6.61 6.72 6.76 6.75 6.78 6.82 6.88 6.89 7.13 7.23 7.16 7.04 7.05 7.80 7.83 7.67
-9999 -9999 -9999 -9999 -9999 -9999 -9999 -9999 -9999 -9999 -9999 -9999 -9999 7.43 10.51 11.29 9.49 8.27 7.54 9.28 7.58 7.82 6.84 6.49 8.20 6.39 6.04 7.36 6.86 6.67 6.50 6.13 6.19 6.68 6.52 7.29 7.09 6.77 6.49 6.17 7.47 7.93 6.82 6.03 5.79 6.12 6.18 6.17 6.50 6.97 8.49 7.46 6.09 5.81 6.14 6.90 7.60 7.56 7.07 7.39 7.12 6.97 6.84 6.71 6.75 6.75 6.81 6.83 6.86 6.90 6.93 6.96 6.96 7.05 7.04 6.94 7.51 7.60 8.13
-9999 -9999 -9999 -9999 -9999 -9999 -9999 -9999 -9999 -9999 -9999 -9999 9.29 8.86 6.76 12.53 8.20 6.81 8.76 8.39 7.37 9.70 7.24 6.90 8.92 6.14 10.52 8.05 6.52 6.59 7.49 6.44 6.26 8.36 8.07 7.39 6.43 6.70 6.63 6.36 6.71 7.04 6.85 6.31 6.13 6.07 6.10 6.39 6.24 7.06 6.91 6.62 6.38 6.16 6.67 7.31 7.93 7.83 6.93 7.04 7.15 7.12 6.93 6.80 6.76 6.80 6.84 6.87 6.85 6.89 6.91 6.84 6.84 7.21 7.22 7.06 7.25 7.61 7.30
-9999 -9999 -9999 -9999 -9999 -9999 -9999 -9999 -9999 -9999 -9999 -9999 8.09 8.34 11.90 7.13 4.15 6.23 6.75 8.01 10.02 10.02 7.87 7.45 7.61 6.36 6.92 7.49 8.38 8.22 6.75 6.85 6.72 6.90 7.30 6.38 6.24 6.77 6.71 7.00 7.09 6.64 6.81 6.62 6.34 6.16 6.04 6.14 6.17 6.68 6.82 6.60 6.11 6.46 7.28 8.05 7.44 7.82 7.72 7.29 6.99 7.58 6.98 7.10 6.85 6.86 6.80 6.84 6.85 6.82 6.80 6.79 6.77 7.37 7.23 6.94 7.04 7.52 7.46
-9999 -9999 -9999 -9999 -9999 -9999 -9999 -9999 -9999 -9999 -9999 -9999 8.51 10.06 4.89 6.35 5.93 7.11 7.19 10.73 9.31 10.56 8.33 7.49 6.17 5.72 6.33 8.80 10.23 11.00 7.26 8.42 7.32 7.19 6.94 5.85 6.16 6.47 6.67 7.02 6.54 6.54 7.44 6.91 6.33 6.27 7.05 6.00 6.31 6.50 6.38 6.14 6.11 6.62 6.92 7.15 7.15 7.17 6.74 6.76 7.22 7.43 6.68 6.67 6.82 6.81 6.81 6.76 6.68 6.73 6.71 6.72 6.74 6.93 6.82 7.00 6.92 7.31 7.36
-9999 -9999 -9999 -9999 -9999 -9999 -9999 -9999 -9999 -9999 -9999 -9999 -9999 6.41 7.43 9.26 10.98 11.45 9.27 9.39 7.84 5.76 5.99 5.66 6.50 6.74 6.07 7.22 7.47 9.94 8.31 7.36 7.02 7.84 7.48 5.97 6.74 6.12 6.27 7.94 6.55 6.34 6.25 6.45 6.12 6.15 7.28 6.83 6.30 6.65 6.38 6.27 6.56 7.05 6.64 6.53 6.29 6.90 6.40 7.30 7.35 6.69 6.54 6.97 6.88 6.65 6.64 6.59 6.59 6.65 6.65 6.67 6.66 6.68 6.72 6.95 6.97 7.02 7.23
-9999 -9999 -9999 -9999 -9999 -9999 -9999 -9999 -9999 -9999 -9999 -9999 -9999 7.61 8.84 9.70 10.81 12.41 10.99 8.57 6.69 5.70 7.21 8.92 10.27 11.39 8.67 6.58 6.90 7.90 7.79 6.39 8.54 7.71 7.67 6.67 7.21 6.37 6.14 6.65 7.58 7.12 6.48 6.14 6.05 6.27 6.90 6.76 6.50 6.52 6.87 7.08 7.20 7.41 6.77 6.53 7.44 7.46 7.42 7.20 7.38 6.74 6.96 7.33 6.62 6.51 6.53 6.52 6.58 6.59 6.58 6.61 6.62 6.68 6.67 6.65 6.58 6.57 6.83
-9999 -9999 -9999 -9999 -9999 -9999 -9999 -9999 -9999 -9999 -9999 -9999 7.95 6.88 7.81 9.34 9.96 9.03 8.83 7.55 8.66 12.31 10.05 10.09 9.87 8.03 7.19 7.67 7.81 6.60 6.47 7.04 8.23 7.99 7.59 6.61 7.33 6.13 6.21 7.23 6.69 6.98 6.94 6.42 6.14 6.22 6.78 6.72 6.28 6.51 6.57 6.57 7.16 6.84 7.59 7.16 7.64 7.07 7.25 7.32 6.75 6.69 7.31 7.19 6.51 6.46 6.68 6.52 6.61 6.62 6.69 6.65 6.59 6.59 6.51 6.78 6.99 7.04 6.52
-9999 -9999 -9999 -9999 -9999 -9999 -9999 -9999 -9999 -9999 -9999 -9999 9.52 8.12 7.20 7.00 8.18 10.99 10.78 9.98 8.83 9.27 10.27 10.98 10.80 7.59 9.04 9.99 6.87 8.57 5.96 6.66 7.71 8.97 6.66 7.11 6.08 5.68 6.11 6.57 8.52 7.25 7.21 6.80 6.52 6.45 6.56 6.42 6.17 6.30 6.27 6.31 6.34 7.22 7.60 7.58 7.95 7.16 6.79 6.83 6.61 6.97 7.30 7.06 6.77 7.05 6.83 7.01 6.72 6.71 6.84 6.85 6.61 6.52 6.43 6.45 7.04 7.07 7.12
-9999 -9999 -9999 -9999 -9999 -9999 -9999 -9999 -9999 -9999 -9999 -9999 8.52 7.70 5.33 6.27 8.13 11.26 9.94 10.36 8.43 9.60 9.11 7.95 8.56 8.99 8.62 7.56 6.61 6.99 9.14 6.48 6.22 6.44 6.67 7.75 6.63 5.58 5.95 6.45 6.65 6.61 7.32 6.96 6.65 6.69 6.15 5.87 6.35 6.54 6.64 6.26 6.71 7.53 7.53 6.91 7.00 7.61 6.91 7.19 6.53 7.25 7.29 6.72 6.72 6.88 6.47 6.66 6.63 6.67 6.71 6.63 6.54 6.53 6.45 6.70 6.33 6.59 6.84
-9999 -9999 -9999 -9999 -9999 -9999 -9999 -9999 -9999 -9999 -9999 8.21 8.72 10.01 7.94 6.26 8.84 9.47 11.07 11.11 7.15 7.41 7.05 8.07 9.08 7.68 7.45 8.88 7.78 7.17 6.95 6.28 5.62 5.83 6.72 6.63 6.42 6.24 5.91 5.70 6.18 6.54 6.14 6.55 6.33 6.76 6.17 6.19 6.32 6.07 6.05 6.29 7.15 6.97 6.97 6.55 7.14 7.27 7.09 6.54 7.17 7.22 7.22 7.36 7.05 6.71 6.62 6.54 6.65 6.70 6.62 6.58 6.49 6.46 6.52 6.72 6.62 6.68 6.92
-9999 -9999 -9999 -9999 -9999 -9999 -9999 -9999 -9999 -9999 9.10 8.89 9.03 7.52 6.32 8.58 10.70 10.89 9.29 10.49 7.66 8.72 7.78 7.26 11.69 8.07 8.46 6.92 7.26 6.35 6.31 6.67 7.42 6.56 7.93 6.49 6.85 5.93 5.73 5.86 6.00 6.27 6.08 6.22 6.47 6.60 5.72 6.23 6.23 6.36 6.47 6.65 7.06 6.47 7.04 6.76 6.92 6.39 6.43 7.35 7.60 7.19 7.29 7.24 6.69 7.05 7.08 7.02 6.96 6.74 6.58 6.47 6.67 6.67 7.14 7.25 7.31 7.31 6.81
-9999 -9999 -9999 -9999 -9999 -9999 -9999 -9999 9.61 8.63 7.84 6.39 6.01 6.49 6.95 9.54 10.24 11.13 12.03 10.49 8.99 6.29 8.60 7.88 10.38 8.10 7.39 7.44 6.49 6.40 5.89 6.79 8.09 7.47 7.39 5.77 6.04 5.98 5.96 6.47 6.14 6.41 5.91 6.02 6.25 5.81 5.81 6.11 6.84 6.71 7.28 7.65 7.17 6.77 6.43 6.34 6.88 7.22 7.04 7.36 6.71 7.22 7.33 6.92 6.48 6.60 7.26 7.15 7.18 6.62 6.51 6.46 6.68 7.41 7.65 7.39 7.93 7.74 7.52
-9999 -9999 -9999 -9999 8.81 8.25 7.53 10.03 9.99 9.89 9.68 7.53 6.95 6.65 10.43 9.12 10.35 10.30 9.87 7.61 7.01 6.05 7.40 6.99 11.32 9.96 8.39 6.77 7.10 6.73 8.09 6.03 7.28 7.46 7.01 6.50 5.98 5.71 6.43 6.11 5.69 6.60 5.85 5.90 5.63 5.86 6.37 6.84 6.30 6.98 6.68 6.93 7.56 7.44 7.23 7.02 7.34 7.31 7.03 6.74 7.30 6.58 6.57 6.56 6.44 6.98 7.12 7.19 6.78 6.49 6.66 6.91 7.65 7.68 7.26 7.72 7.08 7.38 7.71
-9999 -9999 -9999 9.78 8.11 8.61 8.10 7.62 8.79 8.10 8.50 7.02 6.14 8.97 9.41 9.63 6.84 10.79 7.97 6.28 10.34 8.28 5.80 10.76 8.94 8.15 5.35 5.58 6.32 8.74 6.55 6.06 5.95 6.17 7.41 7.09 7.01 6.02 6.16 5.77 5.70 6.33 6.07 5.79 5.78 6.11 6.73 6.58 7.91 6.63 6.37 6.65 7.25 6.85 6.82 6.53 6.62 7.02 6.83 7.25 6.83 6.43 6.48 6.77 6.47 6.67 6.72 6.41 6.42 6.57 6.78 7.01 7.27 7.73 7.58 7.55 7.21 7.18 7.29
-9999 -9999 9.71 9.13 6.82 6.48 6.61 7.27 6.71 7.20 6.72 7.30 10.69 8.51 7.13 9.84 5.65 7.86 7.98 10.59 10.04 10.49 8.53 8.08 6.94 4.94 8.68 8.62 6.04 6.41 6.14 5.94 6.24 5.89 6.07 7.25 7.51 5.89 5.68 5.65 6.06 5.71 5.52 5.82 7.71 6.40 6.36 6.78 7.32 6.86 6.46 6.86 7.24 7.15 7.47 7.01 6.40 6.34 6.36 7.08 6.86 6.46 7.05 6.98 6.55 6.66 6.58 6.55 6.90 7.11 7.20 7.40 7.32 7.67 7.07 6.90 7.12 6.88 7.02
8.70 9.84 7.83 7.44 7.75 6.95 6.54 8.09 7.21 7.34 7.42 9.57 9.17 7.72 8.23 7.89 6.62 6.62 9.46 9.91 8.47 8.38 9.76 7.53 5.10 9.05 10.19 8.19 8.16 6.21 6.55 6.08 6.26 7.80 6.16 7.63 6.33 5.77 5.62 5.80 7.15 5.52 5.85 8.77 6.77 6.54 6.58 7.01 7.56 6.56 6.68 6.86 6.58 6.97 6.95 6.59 6.28 6.57 6.34 6.58 6.86 6.91 6.60 6.39 6.33 6.43 6.91 8.13 7.73 8.44 8.03 7.21 7.92 7.51 7.46 7.20 7.04 7.17 6.96
8.00 9.92 11.97 10.67 10.12 7.81 8.57 9.81 8.82 8.41 10.00 8.41 7.73 9.55 7.27 5.63 6.55 6.83 8.93 8.62 8.10 7.62 7.58 6.79 7.99 14.66 11.13 8.32 6.66 7.09 6.62 7.87 6.50 6.85 6.09 5.92 5.88 6.04 5.71 5.55 5.79 5.74 8.30 8.62 7.93 7.01 6.75 8.54 7.25 6.75 6.90 6.47 6.94 6.84 6.63 6.11 6.92 6.68 6.23 7.36 7.15 6.38 6.20 6.25 6.32 6.86 7.73 8.17 8.12 8.56 8.10 7.75 8.08 7.57 6.94 7.19 7.12 7.33 7.31
7.81 8.64 8.82 8.19 7.07 8.57 7.62 8.96 6.63 7.55 9.34 8.42 7.06 8.04 5.61 5.55 8.56 9.14 7.94 6.67 8.23 5.95 5.54 5.96 9.65 11.42 11.43 6.61 7.43 7.58 7.72 7.06 5.92 6.89 6.45 6.17 5.73 6.09 5.43 5.36 6.21 6.35 8.31 8.01 7.60 6.92 7.51 8.47 7.84 7.43 6.97 6.96 6.74 6.44 6.19 6.27 6.63 6.88 6.62 6.46 6.41 6.24 7.03 7.57 6.56 6.89 7.60 7.92 7.71 8.24 8.30 8.34 8.19 7.03 6.96 6.87 6.97 6.78 7.11
7.15 7.44 7.05 7.49 6.93 6.98 7.84 6.58 7.23 6.19 5.95 5.91 5.78 5.71 7.81 7.31 10.11 14.65 8.06 8.21 8.39 11.60 11.32 5.48 5.05 12.22 9.15 7.86 8.46 9.33 7.50 5.98 5.52 7.21 7.43 6.30 5.74 5.58 5.43 5.62 6.58 8.56 8.61 7.42 7.23 7.16 6.97 6.93 7.62 7.07 6.85 6.49 6.10 5.91 5.97 6.76 6.55 6.32 6.39 5.76 5.89 6.63 6.58 7.14 6.74 6.82 6.94 7.27 7.86 8.20 8.34 8.37 8.33 6.96 6.49 6.85 6.86 6.51 6.84
6.87 7.44 6.52 6.79 6.68 6.76 5.85 5.76 6.55 6.04 7.16 6.28 8.11 6.00 8.88 10.57 10.39 11.15 11.90 9.93 11.43 12.85 8.71 9.97 8.19 4.27 8.65 8.86 6.49 6.88 5.56 7.13 6.98 9.05 8.15 6.25 5.77 5.44 5.50 6.51 8.62 7.43 8.69 7.49 7.33 7.92 7.00 7.86 6.73 6.85 6.41 6.10 5.89 6.04 6.09 6.18 5.94 5.84 5.70 5.83 6.50 7.08 6.61 6.12 6.73 6.40 7.28 6.94 7.12 7.51 7.86 8.07 8.00 7.36 6.43 6.74 6.79 6.64 6.98
7.16 6.82 7.93 8.61 9.51 8.31 7.14 6.50 5.93 6.42 8.65 6.52 7.68 5.62 7.24 7.66 6.88 5.91 8.27 7.76 9.61 9.79 11.75 10.26 10.31 8.78 11.89 7.38 6.51 6.20 7.16 6.83 8.71 8.00 8.09 5.84 5.74 5.52 8.40 8.87 8.34 8.48 7.13 7.63 7.83 7.66 7.06 6.95 6.86 6.50 6.22 6.05 5.92 6.33 6.38 6.59 6.19 5.73 5.71 6.19 7.25 5.81 6.17 6.27 6.06 6.14 6.44 6.40 6.74 7.38 7.27 7.67 7.55 7.15 6.86 6.82 6.49 6.32 7.15
7.63 7.18 7.22 8.32 8.19 8.53 7.89 7.28 6.89 6.59 6.85 8.82 6.14 9.31 8.35 8.21 8.97 7.75 6.13 6.26 7.86 7.18 8.98 9.23 7.88 11.02 10.78 6.27 7.14 5.65 6.26 7.67 8.09 7.22 6.65 5.74 5.66 7.11 6.60 7.88 7.56 7.07 7.41 7.29 7.09 7.15 6.62 6.39 6.34 6.21 7.22 5.98 6.42 5.86 5.85 5.73 5.82 6.05 6.64 7.14 6.33 5.85 5.99 6.00 5.95 6.19 6.65 7.15 6.33 7.16 7.87 7.36 7.04 7.14 6.41 6.56 7.16 6.75 6.54
8.00 8.27 8.69 9.34 -9999 -9999 -9999 -9999 7.69 7.42 8.05 6.26 5.56 6.88 6.99 6.95 6.85 4.31 11.08 11.43 7.55 6.62 6.76 8.22 8.88 10.03 7.76 6.71 6.14 5.57 8.70 7.43 8.43 6.05 6.02 5.94 5.95 7.64 6.19 7.27 7.14 6.61 6.82 6.78 6.66 6.42 6.26 6.22 6.29 6.19 6.86 5.97 6.08 6.07 5.79 5.96 6.12 7.27 6.99 6.59 6.14 6.07 5.11 5.36 5.47 6.42 6.85 6.81 6.06 6.79 7.44 7.31 6.93 7.36 6.93 6.75 6.99 7.10 6.73
