ML/MeanWindSpeed_2000-03_Actual.txt
ncols         180
nrows         290
xllcorner     -200000
yllcorner     -200000
cellsize      5000
NODATA_value  -9999
[rows 105 to 139 of 290, columns 78 to 155 of 180]
9.96 12.11 9.23 6.30 7.51 10.63 11.16 9.81 8.15 9.18 12.68 9.56 11.27 7.73 10.00 13.38 10.54 9.18 9.48 10.76 10.02 9.81 10.29 10.21 9.42 10.22 9.72 9.59 11.32 10.99 11.16 11.18 -9999 -9999 -9999 -9999 -9999 -9999 -9999 -9999 -9999 -9999 -9999 -9999 -9999 -9999 -9999 -9999 -9999 -9999 -9999 -9999 -9999 -9999 -9999 -9999 -9999 -9999 -9999 -9999 -9999 -9999 -9999 -9999 -9999 -9999 -9999 -9999 -9999 -9999 -9999 -9999 -9999 -9999 -9999 -9999 -9999 -9999
10.76 9.18 10.13 12.00 11.01 13.08 8.82 10.96 6.18 12.44 8.02 14.33 7.71 10.15 15.36 11.40 9.98 12.21 11.77 9.84 9.46 8.76 8.73 9.65 8.93 8.79 9.76 10.12 10.09 10.27 9.63 10.70 11.47 -9999 -9999 -9999 -9999 -9999 -9999 -9999 -9999 -9999 -9999 -9999 -9999 -9999 -9999 -9999 -9999 -9999 -9999 -9999 -9999 -9999 -9999 -9999 -9999 -9999 -9999 -9999 -9999 -9999 -9999 -9999 -9999 -9999 -9999 -9999 -9999 -9999 -9999 -9999 -9999 -9999 -9999 -9999 -9999 -9999
10.63 7.33 12.41 9.54 6.18 9.19 12.79 12.40 6.92 12.54 11.03 11.63 9.37 12.40 10.48 11.84 14.76 12.49 11.53 10.07 9.02 9.09 10.31 10.81 11.79 11.58 10.35 9.36 8.80 10.39 9.71 11.52 11.82 12.79 -9999 -9999 -9999 -9999 -9999 -9999 -9999 -9999 -9999 -9999 -9999 -9999 -9999 -9999 -9999 -9999 -9999 -9999 -9999 -9999 -9999 -9999 -9999 -9999 -9999 -9999 -9999 -9999 -9999 -9999 -9999 -9999 -9999 -9999 -9999 -9999 -9999 -9999 -9999 -9999 -9999 -9999 -9999 -9999
8.42 11.63 11.87 9.03 5.85 10.81 12.70 15.05 8.40 12.55 10.88 11.29 11.12 11.66 8.24 9.74 10.82 10.13 8.19 9.08 10.60 13.33 13.02 12.06 10.68 10.55 11.49 8.79 9.79 10.66 11.34 11.87 12.29 12.85 13.12 -9999 -9999 -9999 -9999 -9999 -9999 -9999 -9999 -9999 -9999 -9999 -9999 -9999 -9999 -9999 -9999 -9999 -9999 -9999 -9999 -9999 -9999 -9999 -9999 -9999 -9999 -9999 -9999 -9999 -9999 -9999 -9999 -9999 -9999 -9999 -9999 -9999 -9999 -9999 -9999 -9999 -9999 -9999
11.80 13.93 8.15 6.50 9.81 13.83 11.13 6.61 8.78 17.98 10.40 10.20 11.38 11.50 9.93 9.35 7.69 7.05 9.48 13.90 13.84 12.54 11.91 9.95 9.33 10.02 11.22 10.26 11.12 11.01 11.07 11.81 12.21 12.54 -9999 -9999 -9999 -9999 -9999 -9999 -9999 -9999 -9999 -9999 -9999 -9999 -9999 -9999 -9999 -9999 -9999 -9999 -9999 -9999 -9999 -9999 -9999 -9999 -9999 -9999 -9999 -9999 -9999 -9999 -9999 -9999 -9999 -9999 -9999 -9999 -9999 -9999 -9999 -9999 -9999 -9999 -9999 -9999
10.55 9.66 8.56 12.49 8.45 12.01 12.72 12.82 9.78 9.11 16.08 11.20 9.70 8.87 8.77 8.49 7.96 7.51 10.38 9.51 9.05 8.35 9.67 11.22 10.35 10.59 10.49 10.84 12.11 12.14 -9999 -9999 -9999 -9999 -9999 -9999 -9999 -9999 -9999 -9999 -9999 -9999 -9999 -9999 -9999 -9999 -9999 -9999 -9999 -9999 -9999 -9999 -9999 -9999 -9999 -9999 -9999 -9999 -9999 -9999 -9999 -9999 -9999 -9999 -9999 -9999 -9999 -9999 -9999 -9999 -9999 -9999 -9999 -9999 -9999 -9999 -9999 -9999
9.55 6.93 11.58 12.12 13.87 13.81 7.52 13.48 13.27 8.55 11.31 11.74 8.96 8.42 9.39 10.99 12.30 9.81 9.36 9.22 9.20 9.25 9.88 10.79 10.37 10.77 11.76 11.85 -9999 -9999 -9999 -9999 -9999 -9999 -9999 -9999 -9999 -9999 -9999 -9999 -9999 -9999 -9999 -9999 -9999 -9999 -9999 -9999 -9999 -9999 -9999 -9999 -9999 -9999 -9999 -9999 -9999 -9999 -9999 -9999 -9999 -9999 -9999 -9999 -9999 -9999 -9999 -9999 -9999 -9999 -9999 -9999 -9999 -9999 -9999 -9999 -9999 -9999
8.37 11.79 9.12 12.70 14.88 12.49 10.64 14.11 14.15 9.26 8.76 7.35 7.03 7.40 8.42 11.62 13.29 11.46 10.40 9.52 9.35 10.07 9.74 10.11 10.69 12.37 13.43 12.51 -9999 -9999 -9999 -9999 -9999 -9999 -9999 -9999 -9999 -9999 -9999 -9999 -9999 -9999 -9999 -9999 -9999 -9999 -9999 -9999 -9999 -9999 -9999 -9999 -9999 -9999 -9999 -9999 -9999 -9999 -9999 -9999 -9999 -9999 -9999 -9999 -9999 -9999 -9999 -9999 -9999 -9999 -9999 -9999 -9999 -9999 -9999 -9999 -9999 -9999
9.90 11.78 9.56 13.03 13.16 14.07 10.28 9.55 10.38 9.50 8.92 8.15 6.23 12.35 12.87 12.64 13.30 11.20 9.44 9.42 9.35 9.49 9.45 9.67 10.63 10.59 -9999 -9999 -9999 -9999 -9999 12.16 11.52 11.77 11.64 -9999 -9999 -9999 -9999 -9999 -9999 -9999 -9999 -9999 -9999 -9999 -9999 -9999 -9999 -9999 -9999 -9999 -9999 -9999 -9999 -9999 -9999 -9999 -9999 -9999 -9999 -9999 -9999 -9999 -9999 -9999 -9999 -9999 -9999 -9999 -9999 -9999 -9999 -9999 -9999 -9999 -9999 -9999
10.18 12.92 9.69 8.97 16.17 10.23 10.11 9.50 8.35 8.44 9.85 11.83 9.27 9.41 8.87 9.31 9.14 9.56 9.93 10.24 10.05 9.66 10.05 10.44 10.31 10.28 10.93 11.69 -9999 -9999 10.82 10.39 10.16 9.52 10.11 11.04 11.77 -9999 -9999 -9999 -9999 -9999 -9999 -9999 -9999 -9999 -9999 -9999 -9999 -9999 -9999 -9999 -9999 -9999 -9999 -9999 -9999 -9999 -9999 -9999 -9999 -9999 -9999 -9999 -9999 -9999 -9999 -9999 -9999 -9999 -9999 -9999 -9999 -9999 -9999 -9999 -9999 -9999
12.12 10.58 11.00 12.52 13.31 9.30 10.32 11.85 11.12 10.13 8.61 8.76 9.31 9.04 9.03 8.70 8.62 9.22 10.20 10.17 9.48 10.52 10.89 9.48 8.86 9.25 9.88 10.93 10.18 10.23 10.35 9.34 7.94 8.37 10.53 11.36 12.91 10.92 -9999 -9999 -9999 -9999 -9999 -9999 -9999 -9999 -9999 -9999 -9999 -9999 -9999 -9999 -9999 -9999 -9999 -9999 -9999 -9999 -9999 -9999 -9999 -9999 -9999 -9999 -9999 -9999 -9999 -9999 -9999 -9999 -9999 -9999 -9999 -9999 -9999 -9999 -9999 -9999
11.02 13.49 12.65 11.01 9.66 -9999 11.16 12.99 10.74 9.72 8.72 8.50 8.34 8.58 9.01 8.66 8.63 10.17 10.64 10.85 10.22 9.56 9.26 8.30 8.51 9.28 10.55 9.59 8.84 10.11 9.22 8.49 7.61 8.76 10.49 11.18 12.13 11.33 12.77 13.94 12.12 -9999 -9999 -9999 -9999 -9999 -9999 -9999 -9999 -9999 -9999 -9999 -9999 -9999 -9999 -9999 -9999 -9999 -9999 -9999 -9999 -9999 -9999 -9999 -9999 -9999 -9999 -9999 -9999 -9999 -9999 -9999 -9999 -9999 -9999 -9999 -9999 -9999
12.07 -9999 12.18 12.99 9.81 -9999 11.73 14.53 11.02 10.13 8.85 8.82 8.43 8.51 8.10 8.08 8.26 9.30 11.16 11.32 11.28 9.72 8.92 9.11 9.98 11.86 10.92 8.90 7.95 8.71 8.45 8.12 11.19 12.19 10.94 11.24 10.90 11.05 11.53 10.71 11.85 -9999 -9999 -9999 -9999 -9999 -9999 -9999 -9999 -9999 -9999 -9999 -9999 -9999 -9999 -9999 -9999 -9999 -9999 -9999 -9999 -9999 -9999 -9999 -9999 -9999 -9999 -9999 -9999 -9999 -9999 -9999 -9999 -9999 -9999 -9999 -9999 -9999
12.21 -9999 -9999 13.12 10.67 9.66 11.90 13.01 8.97 8.99 10.37 9.30 8.75 8.69 10.70 9.23 8.32 9.11 9.88 11.10 11.44 11.47 9.72 11.09 11.79 10.68 9.93 9.59 8.81 9.11 9.63 9.87 9.88 12.04 11.23 11.12 11.41 9.56 9.50 10.48 11.86 12.61 -9999 -9999 -9999 -9999 -9999 -9999 -9999 -9999 -9999 -9999 -9999 -9999 -9999 -9999 -9999 -9999 -9999 -9999 -9999 -9999 -9999 -9999 -9999 -9999 -9999 -9999 -9999 -9999 -9999 -9999 -9999 -9999 -9999 -9999 -9999 -9999
-9999 -9999 -9999 -9999 11.46 10.29 12.94 10.65 8.24 8.46 9.30 10.28 9.46 9.03 10.45 11.20 10.30 8.98 10.64 12.44 11.56 10.93 11.10 12.10 11.12 9.70 9.61 9.58 11.65 11.31 10.28 9.70 9.13 11.02 10.87 10.72 11.49 9.99 9.59 9.65 10.01 10.85 -9999 -9999 -9999 -9999 -9999 -9999 -9999 -9999 -9999 -9999 -9999 -9999 -9999 -9999 -9999 -9999 -9999 -9999 -9999 -9999 -9999 -9999 -9999 -9999 -9999 -9999 -9999 -9999 -9999 -9999 -9999 -9999 -9999 -9999 -9999 -9999
13.41 14.57 -9999 -9999 -9999 11.62 12.29 10.32 8.96 8.28 8.48 9.49 10.08 10.75 11.66 11.65 11.72 11.08 9.67 12.55 11.77 11.30 11.43 10.54 9.99 10.67 9.03 11.21 13.87 12.94 11.40 11.36 9.59 10.38 10.32 10.84 11.25 9.96 9.40 9.29 9.59 10.59 11.36 -9999 -9999 -9999 -9999 -9999 -9999 -9999 -9999 -9999 -9999 -9999 -9999 -9999 -9999 -9999 -9999 -9999 -9999 -9999 -9999 -9999 -9999 -9999 -9999 -9999 -9999 -9999 -9999 -9999 -9999 -9999 -9999 -9999 -9999 -9999
13.78 15.70 12.36 -9999 -9999 -9999 11.92 10.87 9.24 8.46 8.25 8.38 9.72 10.34 10.62 10.63 11.31 11.76 12.00 11.37 11.48 11.23 12.03 11.35 12.86 9.48 9.68 9.28 10.02 12.98 12.78 11.32 10.61 9.67 9.69 10.16 10.44 9.48 9.18 8.81 9.53 10.21 10.39 10.93 -9999 -9999 -9999 -9999 -9999 -9999 -9999 -9999 -9999 -9999 -9999 -9999 -9999 -9999 -9999 -9999 -9999 -9999 -9999 -9999 -9999 -9999 -9999 -9999 -9999 -9999 -9999 -9999 -9999 -9999 -9999 -9999 -9999 -9999
13.10 14.38 11.52 -9999 -9999 -9999 -9999 -9999 10.37 9.22 7.97 7.68 8.17 8.48 9.66 12.36 13.00 12.26 11.58 11.27 12.32 11.77 11.42 10.71 12.17 9.39 10.30 10.73 10.12 8.74 10.03 9.55 10.34 9.23 10.22 9.85 8.96 8.77 8.66 8.72 8.47 10.15 10.47 10.37 10.69 -9999 -9999 -9999 -9999 -9999 -9999 -9999 -9999 -9999 -9999 -9999 -9999 -9999 -9999 -9999 -9999 -9999 -9999 -9999 -9999 -9999 -9999 -9999 -9999 -9999 -9999 -9999 -9999 -9999 -9999 -9999 -9999 -9999
10.77 16.10 12.67 -9999 -9999 -9999 -9999 -9999 10.91 10.04 9.48 8.10 9.33 10.85 10.59 12.40 13.60 13.17 11.55 12.49 11.70 10.97 12.00 11.82 8.56 14.34 10.56 12.56 10.43 12.21 11.92 9.24 10.71 9.67 9.22 8.53 8.74 9.59 10.05 9.51 9.61 8.33 9.83 11.24 10.22 11.46 12.26 -9999 -9999 -9999 -9999 -9999 -9999 -9999 -9999 -9999 -9999 -9999 -9999 -9999 -9999 -9999 -9999 -9999 -9999 -9999 -9999 -9999 -9999 -9999 -9999 -9999 -9999 -9999 -9999 -9999 -9999 -9999
13.08 15.59 15.25 -9999 -9999 -9999 -9999 -9999 10.97 9.70 9.37 8.66 9.19 10.48 9.44 10.59 11.42 12.91 12.17 11.76 10.64 12.29 14.35 11.71 10.54 15.20 13.76 10.79 11.43 10.28 9.07 10.26 10.70 9.70 9.84 9.47 8.02 8.02 8.27 10.03 12.41 10.17 9.41 10.46 10.84 10.51 11.47 -9999 -9999 -9999 -9999 -9999 -9999 -9999 -9999 -9999 -9999 -9999 -9999 -9999 -9999 -9999 -9999 -9999 -9999 -9999 -9999 -9999 -9999 -9999 -9999 -9999 -9999 -9999 -9999 -9999 -9999 -9999
12.00 13.55 14.66 -9999 -9999 -9999 -9999 -9999 10.58 9.49 9.13 9.09 9.08 9.24 9.71 12.40 14.05 12.44 12.87 10.77 10.53 10.62 11.89 8.51 12.68 11.94 10.62 11.54 12.30 9.19 11.04 10.01 10.49 10.21 8.53 9.06 8.77 7.79 7.27 12.29 13.36 12.28 9.18 10.04 10.72 10.44 11.47 -9999 -9999 -9999 -9999 -9999 -9999 -9999 -9999 -9999 -9999 -9999 -9999 -9999 -9999 -9999 -9999 -9999 -9999 -9999 -9999 -9999 -9999 -9999 -9999 -9999 -9999 -9999 -9999 -9999 -9999 -9999
-9999 -9999 -9999 -9999 -9999 -9999 -9999 12.37 10.25 9.53 8.82 9.28 9.80 9.14 10.08 10.78 12.71 11.26 11.16 12.99 11.55 12.28 11.48 11.01 13.26 12.86 9.62 10.48 11.45 11.10 10.53 10.85 9.05 9.73 9.86 7.95 8.40 7.54 9.62 11.28 14.09 12.70 9.46 9.42 9.39 10.31 11.41 -9999 -9999 -9999 -9999 -9999 -9999 -9999 -9999 -9999 -9999 -9999 -9999 -9999 -9999 -9999 -9999 -9999 -9999 -9999 -9999 -9999 -9999 -9999 -9999 -9999 -9999 -9999 -9999 -9999 -9999 -9999
-9999 -9999 -9999 -9999 -9999 -9999 -9999 12.79 8.52 8.35 9.57 10.83 10.44 9.36 9.89 10.65 9.15 9.34 12.14 12.93 11.67 10.90 8.93 7.63 12.45 9.08 9.75 9.80 10.56 10.53 9.70 8.38 10.22 9.77 9.32 8.21 8.11 9.56 10.67 10.80 12.56 12.45 9.65 8.67 9.35 11.02 10.77 -9999 -9999 -9999 -9999 -9999 -9999 -9999 -9999 -9999 -9999 -9999 -9999 -9999 -9999 -9999 -9999 -9999 -9999 -9999 -9999 -9999 -9999 -9999 -9999 -9999 -9999 -9999 -9999 -9999 -9999 -9999
-9999 -9999 -9999 -9999 -9999 -9999 11.78 10.58 7.42 8.63 9.60 8.66 10.23 11.62 11.63 13.65 12.31 10.30 8.88 9.40 11.85 11.56 9.76 6.75 8.70 11.83 9.56 11.48 9.75 9.80 8.03 8.37 9.69 8.81 8.82 9.38 10.58 12.03 11.68 10.92 10.46 10.03 9.20 10.86 11.83 11.07 11.01 -9999 -9999 -9999 -9999 -9999 -9999 -9999 -9999 -9999 -9999 -9999 -9999 -9999 -9999 -9999 -9999 -9999 -9999 -9999 -9999 -9999 -9999 -9999 -9999 -9999 -9999 -9999 -9999 -9999 -9999 -9999
-9999 -9999 -9999 -9999 -9999 -9999 10.15 7.67 9.78 8.88 10.12 8.32 10.26 10.47 12.81 12.63 13.22 12.17 10.05 7.87 14.29 14.48 10.21 6.66 9.72 11.43 9.02 9.43 10.54 8.24 9.78 10.68 9.25 10.06 10.37 12.93 9.86 9.70 10.64 11.43 11.45 9.62 8.76 10.23 10.59 10.42 10.87 12.06 -9999 -9999 -9999 -9999 -9999 -9999 -9999 -9999 -9999 -9999 -9999 -9999 -9999 -9999 -9999 -9999 -9999 -9999 -9999 -9999 -9999 -9999 -9999 -9999 -9999 -9999 -9999 -9999 -9999 -9999
-9999 -9999 -9999 -9999 -9999 9.76 10.48 9.99 9.51 10.43 10.63 9.32 8.41 11.60 11.44 12.97 13.11 13.13 9.75 7.15 10.04 11.95 11.02 7.97 8.06 9.50 8.96 8.88 9.11 11.58 9.33 8.94 9.04 8.20 12.03 11.03 12.64 11.57 9.44 10.04 10.53 11.28 12.08 10.18 10.05 10.11 10.83 11.87 -9999 -9999 -9999 -9999 -9999 -9999 -9999 -9999 -9999 -9999 -9999 -9999 -9999 -9999 -9999 -9999 -9999 -9999 -9999 -9999 -9999 -9999 -9999 -9999 -9999 -9999 -9999 -9999 -9999 -9999
-9999 -9999 -9999 -9999 -9999 10.59 9.75 8.46 11.29 11.04 9.95 10.16 12.39 9.27 10.26 12.46 11.60 11.82 8.93 7.36 9.40 10.82 12.01 8.12 8.26 8.32 8.72 7.67 10.33 8.16 11.40 9.66 8.22 12.68 8.96 10.29 11.11 10.72 11.22 9.09 9.39 11.54 11.46 10.35 10.93 10.76 10.83 11.93 -9999 -9999 -9999 -9999 -9999 -9999 -9999 -9999 -9999 -9999 -9999 -9999 -9999 -9999 -9999 -9999 -9999 -9999 -9999 -9999 -9999 -9999 -9999 -9999 -9999 -9999 -9999 -9999 -9999 -9999
-9999 -9999 -9999 -9999 11.37 9.35 8.49 9.98 8.36 8.75 13.64 11.98 11.86 9.23 10.40 11.14 10.28 11.54 10.84 9.38 10.84 10.89 8.98 7.77 8.07 9.16 9.31 11.28 9.20 8.56 11.38 8.25 9.13 12.90 10.11 9.52 8.86 10.15 11.01 10.44 11.11 11.51 10.52 10.35 10.48 10.27 10.62 11.71 -9999 -9999 -9999 -9999 -9999 -9999 -9999 -9999 -9999 -9999 -9999 -9999 -9999 -9999 -9999 -9999 -9999 -9999 -9999 -9999 -9999 -9999 -9999 -9999 -9999 -9999 -9999 -9999 -9999 -9999
-9999 -9999 -9999 9.98 10.35 10.49 8.69 8.91 8.57 8.03 10.30 10.61 14.88 9.34 9.00 9.83 10.32 10.95 11.51 10.44 9.25 8.66 10.40 8.19 7.73 9.00 9.59 9.86 9.70 8.70 9.80 7.20 8.34 11.70 11.31 11.76 11.13 10.57 9.61 9.58 11.41 10.96 10.61 10.58 10.55 10.68 10.39 11.20 12.37 -9999 -9999 -9999 -9999 -9999 -9999 -9999 -9999 -9999 -9999 -9999 -9999 -9999 -9999 -9999 -9999 -9999 -9999 -9999 -9999 -9999 -9999 -9999 -9999 -9999 -9999 -9999 -9999 -9999
-9999 -9999 -9999 10.74 12.76 10.64 10.18 9.25 7.83 7.11 13.70 12.14 11.08 10.85 9.01 9.05 9.76 9.97 13.28 10.32 8.91 8.40 8.70 10.39 8.47 10.13 9.83 10.52 9.93 9.45 9.01 9.34 7.75 9.84 10.65 10.35 11.45 10.60 9.75 9.45 10.41 10.17 11.29 10.87 10.14 9.68 10.47 11.17 12.07 -9999 -9999 -9999 -9999 -9999 -9999 -9999 -9999 -9999 -9999 -9999 -9999 -9999 -9999 -9999 -9999 -9999 -9999 -9999 -9999 -9999 -9999 -9999 -9999 -9999 -9999 -9999 -9999 -9999
-9999 11.26 10.21 11.45 10.46 10.19 11.08 9.67 8.79 7.58 10.98 10.77 11.52 10.83 10.28 8.77 10.20 10.74 10.27 10.53 10.26 8.47 8.73 9.73 9.51 9.55 10.08 10.46 9.81 9.23 9.73 8.77 8.22 10.77 10.08 9.84 10.22 11.86 10.96 10.09 8.77 9.75 10.44 10.40 10.16 9.76 10.19 10.85 11.90 -9999 -9999 -9999 -9999 -9999 -9999 -9999 -9999 -9999 -9999 -9999 -9999 -9999 -9999 -9999 -9999 -9999 -9999 -9999 -9999 -9999 -9999 -9999 -9999 -9999 -9999 -9999 -9999 -9999
-9999 11.99 10.37 9.04 10.81 9.96 11.13 10.12 9.39 8.02 7.71 9.22 12.61 11.04 10.52 9.26 9.20 9.15 8.83 9.62 10.45 9.39 10.14 9.58 9.83 9.74 9.85 9.83 9.64 9.26 9.24 9.49 8.80 8.25 9.04 9.50 9.90 10.53 10.55 8.46 9.23 11.16 10.78 10.00 10.25 10.14 10.50 10.26 11.10 12.10 -9999 -9999 -9999 -9999 -9999 -9999 -9999 -9999 -9999 -9999 -9999 -9999 -9999 -9999 -9999 -9999 -9999 -9999 -9999 -9999 -9999 -9999 -9999 -9999 -9999 -9999 -9999 -9999
-9999 12.27 10.77 8.62 10.57 9.39 10.22 9.86 9.61 9.06 7.80 10.51 10.46 10.24 11.77 9.82 9.27 8.92 7.77 9.74 13.07 10.77 -9999 -9999 -9999 10.08 9.93 -9999 9.54 9.52 9.44 8.70 8.05 8.78 9.73 9.07 9.25 10.13 9.96 10.92 10.71 9.28 8.76 9.23 9.76 10.31 9.20 9.83 10.37 11.73 -9999 -9999 -9999 -9999 -9999 -9999 -9999 -9999 -9999 -9999 -9999 -9999 -9999 -9999 -9999 -9999 -9999 -9999 -9999 -9999 -9999 -9999 -9999 -9999 -9999 -9999 -9999 -9999
-9999 11.43 12.52 9.94 9.76 10.13 10.79 10.53 10.07 9.38 8.48 9.37 13.09 10.99 11.39 9.46 9.49 10.64 8.78 9.91 11.06 11.39 -9999 -9999 -9999 10.13 9.56 9.64 9.74 9.35 8.79 7.43 7.96 10.07 10.19 8.93 11.11 9.15 9.30 11.16 9.59 10.16 10.39 10.49 9.37 10.36 11.33 10.41 10.11 11.35 -9999 -9999 -9999 -9999 -9999 -9999 -9999 -9999 -9999 -9999 -9999 -9999 -9999 -9999 -9999 -9999 -9999 -9999 -9999 -9999 -9999 -9999 -9999 -9999 -9999 -9999 -9999 -9999
-9999 -9999 12.24 12.10 10.74 -9999 11.45 11.48 10.71 10.13 9.56 -9999 11.32 10.37 10.64 9.19 10.50 11.26 10.73 11.18 -9999 -9999 -9999 -9999 10.84 9.56 9.04 9.10 9.60 9.60 8.60 7.29 6.92 9.97 12.56 8.10 11.43 9.11 10.46 11.44 10.05 11.34 10.37 9.41 10.84 11.39 10.56 9.13 9.96 11.73 12.10 -9999 -9999 -9999 -9999 -9999 -9999 -9999 -9999 -9999 -9999 -9999 -9999 -9999 -9999 -9999 -9999 -9999 -9999 -9999 -9999 -9999 -9999 -9999 -9999 -9999 -9999 -9999
