ML/MeanWindSpeed_1996-01_Actual.txt
ncols         180
nrows         290
xllcorner     -200000
yllcorner     -200000
cellsize      5000
NODATA_value  -9999
[rows 105 to 139 of 290, columns 77 to 153 of 180]
17.12 13.82 17.55 11.71 8.37 12.87 19.25 18.33 15.73 14.27 15.74 21.33 14.20 17.81 10.99 13.75 18.48 11.85 8.03 8.78 11.46 9.97 9.13 10.29 10.82 9.09 10.98 10.75 11.29 14.60 13.37 13.38 13.17 -9999 -9999 -9999 -9999 -9999 -9999 -9999 -9999 -9999 -9999 -9999 -9999 -9999 -9999 -9999 -9999 -9999 -9999 -9999 -9999 -9999 -9999 -9999 -9999 -9999 -9999 -9999 -9999 -9999 -9999 -9999 -9999 -9999 -9999 -9999 -9999 -9999 -9999 -9999 -9999 -9999 -9999 -9999 -9999
15.55 16.42 13.62 14.99 21.20 20.15 22.84 12.64 18.74 10.49 21.66 11.45 24.20 13.51 17.33 26.02 16.10 11.57 14.44 12.84 8.91 8.42 7.35 7.26 9.57 8.86 8.80 11.34 12.69 12.73 12.66 10.94 12.58 13.86 -9999 -9999 -9999 -9999 -9999 -9999 -9999 -9999 -9999 -9999 -9999 -9999 -9999 -9999 -9999 -9999 -9999 -9999 -9999 -9999 -9999 -9999 -9999 -9999 -9999 -9999 -9999 -9999 -9999 -9999 -9999 -9999 -9999 -9999 -9999 -9999 -9999 -9999 -9999 -9999 -9999 -9999 -9999
16.69 17.07 9.57 18.89 15.21 9.87 15.97 20.58 19.75 9.57 21.04 18.31 19.63 15.08 21.31 17.88 19.33 22.98 17.17 14.09 11.19 9.57 10.41 12.63 13.56 15.61 14.47 12.32 11.33 11.15 14.58 12.70 15.49 15.34 16.70 -9999 -9999 -9999 -9999 -9999 -9999 -9999 -9999 -9999 -9999 -9999 -9999 -9999 -9999 -9999 -9999 -9999 -9999 -9999 -9999 -9999 -9999 -9999 -9999 -9999 -9999 -9999 -9999 -9999 -9999 -9999 -9999 -9999 -9999 -9999 -9999 -9999 -9999 -9999 -9999 -9999 -9999
18.26 13.32 17.44 17.94 13.98 9.47 18.01 19.87 24.89 11.71 20.11 16.08 17.27 16.29 17.65 11.18 13.43 15.10 14.54 10.99 13.01 15.98 20.35 18.50 16.59 14.11 13.22 15.41 10.93 13.45 15.45 16.07 16.31 16.34 16.83 16.89 -9999 -9999 -9999 -9999 -9999 -9999 -9999 -9999 -9999 -9999 -9999 -9999 -9999 -9999 -9999 -9999 -9999 -9999 -9999 -9999 -9999 -9999 -9999 -9999 -9999 -9999 -9999 -9999 -9999 -9999 -9999 -9999 -9999 -9999 -9999 -9999 -9999 -9999 -9999 -9999 -9999
12.89 18.82 21.72 11.88 9.06 15.39 23.62 17.32 8.46 12.81 30.85 14.13 13.11 15.05 14.97 11.67 10.45 9.23 11.17 16.60 23.45 21.66 17.77 15.39 12.07 11.74 12.41 14.61 12.90 14.49 14.22 13.76 14.80 15.36 15.84 -9999 -9999 -9999 -9999 -9999 -9999 -9999 -9999 -9999 -9999 -9999 -9999 -9999 -9999 -9999 -9999 -9999 -9999 -9999 -9999 -9999 -9999 -9999 -9999 -9999 -9999 -9999 -9999 -9999 -9999 -9999 -9999 -9999 -9999 -9999 -9999 -9999 -9999 -9999 -9999 -9999 -9999
14.72 15.79 14.44 13.53 21.06 11.46 20.25 21.24 20.63 15.42 12.89 25.13 14.78 11.52 9.28 8.67 7.81 7.82 8.91 14.97 12.11 10.91 9.91 12.02 14.64 12.95 13.15 12.46 12.98 15.23 15.02 -9999 -9999 -9999 -9999 -9999 -9999 -9999 -9999 -9999 -9999 -9999 -9999 -9999 -9999 -9999 -9999 -9999 -9999 -9999 -9999 -9999 -9999 -9999 -9999 -9999 -9999 -9999 -9999 -9999 -9999 -9999 -9999 -9999 -9999 -9999 -9999 -9999 -9999 -9999 -9999 -9999 -9999 -9999 -9999 -9999 -9999
17.47 15.19 11.07 20.51 19.76 21.90 24.35 12.34 20.98 21.32 11.87 16.18 16.95 12.53 11.85 12.66 13.80 15.50 10.59 9.89 9.79 10.76 12.23 13.37 15.02 13.98 13.83 14.86 14.75 -9999 -9999 -9999 -9999 -9999 -9999 -9999 -9999 -9999 -9999 -9999 -9999 -9999 -9999 -9999 -9999 -9999 -9999 -9999 -9999 -9999 -9999 -9999 -9999 -9999 -9999 -9999 -9999 -9999 -9999 -9999 -9999 -9999 -9999 -9999 -9999 -9999 -9999 -9999 -9999 -9999 -9999 -9999 -9999 -9999 -9999 -9999 -9999
16.28 13.34 21.06 15.73 20.40 22.78 20.23 17.50 21.85 21.70 12.58 11.81 10.50 11.41 13.06 13.93 17.61 18.98 14.42 11.83 10.04 10.18 12.41 12.15 13.10 13.99 16.66 18.06 15.97 -9999 -9999 -9999 -9999 -9999 -9999 -9999 -9999 -9999 -9999 -9999 -9999 -9999 -9999 -9999 -9999 -9999 -9999 -9999 -9999 -9999 -9999 -9999 -9999 -9999 -9999 -9999 -9999 -9999 -9999 -9999 -9999 -9999 -9999 -9999 -9999 -9999 -9999 -9999 -9999 -9999 -9999 -9999 -9999 -9999 -9999 -9999 -9999
-9999 16.14 20.89 16.09 20.10 19.11 21.84 14.66 12.68 15.27 15.03 14.33 14.58 11.63 23.42 22.82 19.97 19.31 14.14 9.97 9.96 10.00 10.33 10.34 10.93 12.82 12.58 -9999 -9999 -9999 -9999 -9999 14.82 13.12 13.04 12.04 -9999 -9999 -9999 -9999 -9999 -9999 -9999 -9999 -9999 -9999 -9999 -9999 -9999 -9999 -9999 -9999 -9999 -9999 -9999 -9999 -9999 -9999 -9999 -9999 -9999 -9999 -9999 -9999 -9999 -9999 -9999 -9999 -9999 -9999 -9999 -9999 -9999 -9999 -9999 -9999 -9999
-9999 16.98 23.40 16.41 12.52 25.74 14.50 13.69 12.03 11.85 14.63 16.81 20.54 15.68 15.35 13.03 12.70 11.65 12.04 12.01 12.54 12.43 11.43 12.09 12.79 12.28 11.79 12.61 14.24 -9999 -9999 12.65 11.60 10.79 8.78 8.82 9.73 10.95 -9999 -9999 -9999 -9999 -9999 -9999 -9999 -9999 -9999 -9999 -9999 -9999 -9999 -9999 -9999 -9999 -9999 -9999 -9999 -9999 -9999 -9999 -9999 -9999 -9999 -9999 -9999 -9999 -9999 -9999 -9999 -9999 -9999 -9999 -9999 -9999 -9999 -9999 -9999
14.76 19.95 16.89 18.08 19.38 21.75 15.26 15.40 17.01 16.44 15.81 12.57 12.62 13.73 12.64 12.53 12.24 12.03 12.61 13.42 13.19 12.19 13.77 14.31 11.38 9.99 10.28 11.10 13.71 12.43 12.23 12.19 10.23 7.72 8.31 11.26 11.56 14.15 9.89 -9999 -9999 -9999 -9999 -9999 -9999 -9999 -9999 -9999 -9999 -9999 -9999 -9999 -9999 -9999 -9999 -9999 -9999 -9999 -9999 -9999 -9999 -9999 -9999 -9999 -9999 -9999 -9999 -9999 -9999 -9999 -9999 -9999 -9999 -9999 -9999 -9999 -9999
20.44 16.93 21.34 19.31 15.79 15.81 -9999 18.72 20.53 15.77 13.63 11.28 10.87 11.30 12.03 12.75 12.50 12.69 14.77 14.19 13.94 12.64 11.71 11.69 10.31 10.82 11.56 13.62 12.08 10.36 12.46 10.65 9.95 8.66 10.36 12.78 12.94 14.37 12.33 14.00 15.65 11.72 -9999 -9999 -9999 -9999 -9999 -9999 -9999 -9999 -9999 -9999 -9999 -9999 -9999 -9999 -9999 -9999 -9999 -9999 -9999 -9999 -9999 -9999 -9999 -9999 -9999 -9999 -9999 -9999 -9999 -9999 -9999 -9999 -9999 -9999 -9999
25.72 18.22 -9999 18.05 19.72 16.78 -9999 20.55 24.02 17.38 15.33 11.97 11.59 11.12 11.36 10.39 10.62 11.25 12.57 14.94 14.36 14.34 12.65 12.56 13.73 15.11 17.46 14.98 11.15 9.07 11.07 11.26 11.26 16.83 16.98 13.26 13.01 11.77 11.88 12.27 9.86 11.51 -9999 -9999 -9999 -9999 -9999 -9999 -9999 -9999 -9999 -9999 -9999 -9999 -9999 -9999 -9999 -9999 -9999 -9999 -9999 -9999 -9999 -9999 -9999 -9999 -9999 -9999 -9999 -9999 -9999 -9999 -9999 -9999 -9999 -9999 -9999
20.64 17.41 -9999 -9999 20.08 18.28 18.12 19.76 21.12 14.45 14.64 16.46 13.94 12.81 11.97 14.82 11.49 9.61 10.90 11.93 13.73 14.74 16.59 14.55 17.29 18.06 15.37 13.72 13.09 11.42 12.11 13.98 14.99 14.08 16.44 13.58 12.31 11.85 8.16 8.37 9.86 11.68 12.94 -9999 -9999 -9999 -9999 -9999 -9999 -9999 -9999 -9999 -9999 -9999 -9999 -9999 -9999 -9999 -9999 -9999 -9999 -9999 -9999 -9999 -9999 -9999 -9999 -9999 -9999 -9999 -9999 -9999 -9999 -9999 -9999 -9999 -9999
-9999 -9999 -9999 -9999 -9999 19.20 17.33 20.72 16.44 13.11 14.51 16.10 17.37 15.37 13.77 14.73 14.53 11.88 9.31 12.03 14.95 13.80 13.88 14.53 16.83 15.32 13.64 14.59 14.18 17.09 15.59 13.31 12.64 10.66 13.40 12.54 11.07 11.70 8.75 7.95 8.07 8.13 9.42 -9999 -9999 -9999 -9999 -9999 -9999 -9999 -9999 -9999 -9999 -9999 -9999 -9999 -9999 -9999 -9999 -9999 -9999 -9999 -9999 -9999 -9999 -9999 -9999 -9999 -9999 -9999 -9999 -9999 -9999 -9999 -9999 -9999 -9999
17.47 21.57 22.34 -9999 -9999 -9999 18.39 19.00 15.52 14.20 13.92 14.85 16.91 17.34 17.33 17.02 14.51 13.08 11.75 8.59 13.74 12.33 12.20 12.84 12.13 12.00 15.54 14.01 17.83 21.37 18.40 14.66 14.28 10.19 11.25 10.68 10.80 11.24 8.54 7.52 7.42 7.41 9.02 10.58 -9999 -9999 -9999 -9999 -9999 -9999 -9999 -9999 -9999 -9999 -9999 -9999 -9999 -9999 -9999 -9999 -9999 -9999 -9999 -9999 -9999 -9999 -9999 -9999 -9999 -9999 -9999 -9999 -9999 -9999 -9999 -9999 -9999
23.70 24.06 24.89 18.55 -9999 -9999 -9999 17.46 15.95 13.71 12.97 13.27 13.79 15.58 15.25 14.34 12.30 11.89 12.22 12.57 10.99 11.20 11.47 13.63 12.59 16.03 10.54 12.56 12.22 12.65 17.67 17.02 13.58 11.83 9.65 9.07 9.23 9.37 7.37 7.11 6.65 7.80 8.94 9.13 10.29 -9999 -9999 -9999 -9999 -9999 -9999 -9999 -9999 -9999 -9999 -9999 -9999 -9999 -9999 -9999 -9999 -9999 -9999 -9999 -9999 -9999 -9999 -9999 -9999 -9999 -9999 -9999 -9999 -9999 -9999 -9999 -9999
18.55 21.96 22.06 16.73 -9999 -9999 -9999 -9999 -9999 14.99 13.15 11.52 11.27 11.60 11.75 13.44 16.47 15.54 13.46 12.62 11.49 13.03 12.00 11.62 10.94 14.36 8.99 11.18 12.97 11.23 7.98 10.62 9.52 10.86 8.47 9.72 8.76 6.86 6.49 6.06 6.08 5.92 9.43 10.03 9.73 10.25 -9999 -9999 -9999 -9999 -9999 -9999 -9999 -9999 -9999 -9999 -9999 -9999 -9999 -9999 -9999 -9999 -9999 -9999 -9999 -9999 -9999 -9999 -9999 -9999 -9999 -9999 -9999 -9999 -9999 -9999 -9999
19.28 17.85 26.23 19.25 -9999 -9999 -9999 -9999 -9999 16.13 14.75 14.46 12.45 14.32 16.76 15.39 16.97 16.87 15.69 13.07 14.47 13.15 11.70 13.67 15.04 9.48 20.56 12.60 16.69 11.61 14.41 13.87 8.24 11.13 9.01 7.87 7.14 7.61 9.26 9.22 6.93 7.21 5.93 9.67 12.20 9.87 12.39 13.89 -9999 -9999 -9999 -9999 -9999 -9999 -9999 -9999 -9999 -9999 -9999 -9999 -9999 -9999 -9999 -9999 -9999 -9999 -9999 -9999 -9999 -9999 -9999 -9999 -9999 -9999 -9999 -9999 -9999
-9999 23.61 26.00 24.96 -9999 -9999 -9999 -9999 -9999 15.92 13.71 13.32 12.23 12.77 14.85 12.58 13.32 13.01 15.59 13.93 13.58 12.72 15.70 20.39 17.20 13.68 22.02 18.78 12.44 13.33 10.62 8.27 10.25 11.09 9.07 9.35 9.32 7.37 7.98 7.86 9.33 12.82 10.19 9.90 11.48 11.80 10.93 12.63 -9999 -9999 -9999 -9999 -9999 -9999 -9999 -9999 -9999 -9999 -9999 -9999 -9999 -9999 -9999 -9999 -9999 -9999 -9999 -9999 -9999 -9999 -9999 -9999 -9999 -9999 -9999 -9999 -9999
-9999 20.37 21.71 23.64 -9999 -9999 -9999 -9999 -9999 14.85 12.92 11.92 11.54 11.61 12.46 13.57 17.48 19.23 15.83 16.26 11.85 12.40 12.58 16.38 11.11 17.28 14.73 11.51 13.31 14.73 8.66 12.00 9.68 10.88 10.43 7.56 9.29 10.00 9.68 8.76 16.29 16.18 15.01 10.10 11.29 11.92 11.01 12.87 -9999 -9999 -9999 -9999 -9999 -9999 -9999 -9999 -9999 -9999 -9999 -9999 -9999 -9999 -9999 -9999 -9999 -9999 -9999 -9999 -9999 -9999 -9999 -9999 -9999 -9999 -9999 -9999 -9999
-9999 -9999 -9999 -9999 -9999 -9999 -9999 -9999 18.52 15.22 14.01 12.29 12.48 13.00 11.88 13.58 13.98 17.27 15.12 14.55 17.21 14.47 16.24 16.91 16.66 19.04 16.36 9.50 11.29 12.93 12.03 10.60 11.33 8.27 9.96 10.96 8.09 10.07 10.02 14.30 15.26 18.67 15.85 10.15 9.78 9.22 10.78 12.84 -9999 -9999 -9999 -9999 -9999 -9999 -9999 -9999 -9999 -9999 -9999 -9999 -9999 -9999 -9999 -9999 -9999 -9999 -9999 -9999 -9999 -9999 -9999 -9999 -9999 -9999 -9999 -9999 -9999
-9999 -9999 -9999 -9999 -9999 -9999 -9999 -9999 20.20 12.88 13.19 15.21 16.79 15.36 12.65 11.95 12.31 9.78 12.19 17.81 18.43 14.90 13.27 11.31 9.57 17.74 8.95 10.21 9.78 10.37 10.07 8.76 6.63 10.85 10.53 10.10 9.10 10.15 13.39 15.39 13.63 15.39 15.34 10.52 8.55 9.15 12.23 11.62 -9999 -9999 -9999 -9999 -9999 -9999 -9999 -9999 -9999 -9999 -9999 -9999 -9999 -9999 -9999 -9999 -9999 -9999 -9999 -9999 -9999 -9999 -9999 -9999 -9999 -9999 -9999 -9999 -9999
-9999 -9999 -9999 -9999 -9999 -9999 -9999 18.06 16.31 10.83 13.34 15.89 14.05 17.50 19.74 17.09 19.12 15.82 13.34 12.35 13.13 15.65 13.06 11.15 7.09 9.85 14.74 10.14 12.93 8.89 9.23 6.32 7.85 11.16 10.39 10.73 12.37 14.71 16.77 15.55 12.66 10.98 11.07 9.95 13.27 14.25 12.26 12.00 -9999 -9999 -9999 -9999 -9999 -9999 -9999 -9999 -9999 -9999 -9999 -9999 -9999 -9999 -9999 -9999 -9999 -9999 -9999 -9999 -9999 -9999 -9999 -9999 -9999 -9999 -9999 -9999 -9999
-9999 -9999 -9999 -9999 -9999 -9999 -9999 16.24 11.45 15.60 13.04 16.01 13.73 18.11 18.44 21.44 19.19 18.34 16.22 14.96 11.28 21.18 18.59 11.46 6.70 10.80 13.62 9.26 9.79 12.25 8.22 11.36 14.01 12.38 14.78 15.25 19.41 12.64 11.87 12.61 13.35 13.46 10.23 8.54 11.07 11.16 10.48 11.21 13.31 -9999 -9999 -9999 -9999 -9999 -9999 -9999 -9999 -9999 -9999 -9999 -9999 -9999 -9999 -9999 -9999 -9999 -9999 -9999 -9999 -9999 -9999 -9999 -9999 -9999 -9999 -9999 -9999
-9999 -9999 -9999 -9999 -9999 -9999 15.89 18.43 17.58 16.22 16.58 15.95 14.22 12.77 19.34 18.46 19.21 17.76 17.12 12.59 8.78 12.90 14.10 12.91 8.61 7.41 9.50 9.27 8.94 10.15 15.20 9.93 10.54 11.56 10.63 18.51 15.40 17.70 15.34 10.75 12.17 12.97 13.57 14.73 10.50 9.71 9.38 10.53 12.27 -9999 -9999 -9999 -9999 -9999 -9999 -9999 -9999 -9999 -9999 -9999 -9999 -9999 -9999 -9999 -9999 -9999 -9999 -9999 -9999 -9999 -9999 -9999 -9999 -9999 -9999 -9999 -9999
-9999 -9999 -9999 -9999 -9999 -9999 18.23 17.53 16.01 21.26 19.34 15.61 14.55 18.85 13.64 15.36 17.74 14.99 14.41 9.90 8.20 10.99 11.92 14.44 8.08 7.84 7.15 8.28 6.34 12.64 7.89 13.85 12.37 9.59 18.02 10.64 12.98 14.66 13.52 14.70 11.04 10.92 14.36 13.65 11.06 11.53 10.69 10.44 12.29 -9999 -9999 -9999 -9999 -9999 -9999 -9999 -9999 -9999 -9999 -9999 -9999 -9999 -9999 -9999 -9999 -9999 -9999 -9999 -9999 -9999 -9999 -9999 -9999 -9999 -9999 -9999 -9999
-9999 -9999 -9999 -9999 -9999 18.15 15.29 14.38 18.53 16.43 16.42 24.32 17.74 17.52 13.51 15.62 16.21 13.43 14.87 13.57 11.17 13.20 11.98 8.37 6.97 7.87 9.95 9.69 13.25 10.31 8.61 14.89 11.03 12.29 18.45 12.21 10.58 9.75 12.43 14.64 13.61 13.73 13.56 10.97 10.57 10.50 9.72 10.04 11.84 -9999 -9999 -9999 -9999 -9999 -9999 -9999 -9999 -9999 -9999 -9999 -9999 -9999 -9999 -9999 -9999 -9999 -9999 -9999 -9999 -9999 -9999 -9999 -9999 -9999 -9999 -9999 -9999
-9999 -9999 -9999 -9999 16.28 16.23 16.65 13.16 14.43 15.80 14.41 17.24 15.40 22.88 13.28 13.10 14.69 14.90 14.76 14.68 12.30 10.03 8.35 11.57 8.15 7.50 10.17 10.76 10.63 10.75 9.07 12.18 9.44 12.51 17.79 15.72 15.74 13.84 12.91 11.65 11.60 14.31 12.22 10.87 10.70 10.46 10.44 9.53 10.85 12.79 -9999 -9999 -9999 -9999 -9999 -9999 -9999 -9999 -9999 -9999 -9999 -9999 -9999 -9999 -9999 -9999 -9999 -9999 -9999 -9999 -9999 -9999 -9999 -9999 -9999 -9999 -9999
-9999 -9999 -9999 -9999 19.14 21.68 16.74 15.29 13.82 13.52 12.30 23.83 18.77 15.14 15.71 12.89 13.21 14.75 13.81 18.84 11.87 9.25 8.67 8.89 12.66 8.89 11.87 10.89 11.64 10.87 10.72 10.17 13.01 11.21 14.30 15.20 14.10 15.15 12.98 11.34 10.79 12.45 11.01 12.32 11.16 9.71 8.61 9.78 10.83 12.22 -9999 -9999 -9999 -9999 -9999 -9999 -9999 -9999 -9999 -9999 -9999 -9999 -9999 -9999 -9999 -9999 -9999 -9999 -9999 -9999 -9999 -9999 -9999 -9999 -9999 -9999 -9999
-9999 -9999 18.62 17.72 20.06 17.37 15.87 16.74 14.31 14.47 12.58 19.13 17.11 16.80 15.67 15.11 12.29 15.39 15.59 13.85 13.05 11.65 8.75 9.35 11.05 10.49 10.26 10.79 11.25 10.35 9.93 11.26 10.88 10.78 15.18 13.59 13.22 13.25 15.34 13.02 11.50 8.80 10.15 10.76 10.05 9.31 8.52 9.14 9.99 11.60 -9999 -9999 -9999 -9999 -9999 -9999 -9999 -9999 -9999 -9999 -9999 -9999 -9999 -9999 -9999 -9999 -9999 -9999 -9999 -9999 -9999 -9999 -9999 -9999 -9999 -9999 -9999
-9999 -9999 19.25 17.11 14.23 17.41 15.23 16.77 14.32 13.26 12.73 13.22 14.26 19.93 16.57 15.50 13.08 12.71 12.86 12.40 12.32 12.72 10.52 11.85 10.30 10.68 10.14 9.97 9.77 9.61 9.40 9.70 11.04 10.54 8.90 10.08 11.30 11.22 11.94 11.56 7.44 8.71 11.86 10.38 8.44 8.56 7.99 8.48 7.88 9.14 10.81 -9999 -9999 -9999 -9999 -9999 -9999 -9999 -9999 -9999 -9999 -9999 -9999 -9999 -9999 -9999 -9999 -9999 -9999 -9999 -9999 -9999 -9999 -9999 -9999 -9999 -9999
-9999 -9999 19.06 16.84 12.61 16.37 13.82 14.81 13.53 12.87 13.37 12.22 16.63 16.71 15.97 18.25 14.49 12.90 12.94 12.06 14.20 18.53 13.43 -9999 -9999 -9999 10.68 10.19 -9999 9.21 9.42 9.71 9.38 8.94 9.58 11.18 10.04 9.99 11.61 10.25 11.48 10.63 7.45 5.99 6.15 6.50 6.87 4.26 5.58 6.37 8.78 -9999 -9999 -9999 -9999 -9999 -9999 -9999 -9999 -9999 -9999 -9999 -9999 -9999 -9999 -9999 -9999 -9999 -9999 -9999 -9999 -9999 -9999 -9999 -9999 -9999 -9999
-9999 -9999 17.33 19.28 14.21 13.99 14.88 15.74 14.85 13.67 13.09 13.14 14.03 21.33 17.42 18.16 14.72 13.82 16.19 12.92 13.86 14.32 14.49 -9999 -9999 -9999 11.12 9.92 9.71 9.59 9.01 8.93 8.77 11.18 14.07 14.21 11.29 15.28 10.91 10.03 13.14 9.24 9.57 9.27 8.72 5.13 5.82 7.22 5.32 4.35 6.73 -9999 -9999 -9999 -9999 -9999 -9999 -9999 -9999 -9999 -9999 -9999 -9999 -9999 -9999 -9999 -9999 -9999 -9999 -9999 -9999 -9999 -9999 -9999 -9999 -9999 -9999
-9999 -9999 -9999 18.12 17.72 15.10 -9999 17.00 16.78 15.04 13.95 13.55 -9999 16.90 15.53 16.99 14.46 15.79 16.83 15.16 15.17 -9999 -9999 -9999 -9999 12.78 10.40 9.26 8.77 9.53 9.87 9.23 9.98 11.23 15.94 20.29 10.95 17.23 11.98 13.85 15.16 11.36 12.58 9.33 6.50 7.34 6.59 4.67 2.22 3.13 6.49 8.16 -9999 -9999 -9999 -9999 -9999 -9999 -9999 -9999 -9999 -9999 -9999 -9999 -9999 -9999 -9999 -9999 -9999 -9999 -9999 -9999 -9999 -9999 -9999 -9999 -9999
