ML/MeanWindSpeed_1999-05_Actual.txt
ncols         180
nrows         290
xllcorner     -200000
yllcorner     -200000
cellsize      5000
NODATA_value  -9999
[rows 105 to 139 of 290, columns 78 to 155 of 180]
9.21 12.07 8.58 5.84 7.86 11.78 12.09 10.59 9.11 10.69 15.12 10.75 12.61 7.99 10.64 14.90 11.10 8.91 8.97 10.20 8.95 8.28 8.45 8.27 7.36 8.78 8.51 8.52 10.61 10.07 10.12 9.80 -9999 -9999 -9999 -9999 -9999 -9999 -9999 -9999 -9999 -9999 -9999 -9999 -9999 -9999 -9999 -9999 -9999 -9999 -9999 -9999 -9999 -9999 -9999 -9999 -9999 -9999 -9999 -9999 -9999 -9999 -9999 -9999 -9999 -9999 -9999 -9999 -9999 -9999 -9999 -9999 -9999 -9999 -9999 -9999 -9999 -9999
10.67 8.82 9.98 13.24 11.90 14.33 9.01 12.55 6.55 14.29 8.71 16.80 8.66 11.61 18.00 12.47 10.00 12.37 11.42 8.48 7.64 6.45 6.20 7.41 6.82 7.05 8.49 8.97 8.94 9.24 8.31 9.34 9.97 -9999 -9999 -9999 -9999 -9999 -9999 -9999 -9999 -9999 -9999 -9999 -9999 -9999 -9999 -9999 -9999 -9999 -9999 -9999 -9999 -9999 -9999 -9999 -9999 -9999 -9999 -9999 -9999 -9999 -9999 -9999 -9999 -9999 -9999 -9999 -9999 -9999 -9999 -9999 -9999 -9999 -9999 -9999 -9999 -9999
10.89 6.59 12.75 9.35 5.40 9.84 14.46 14.08 6.97 14.35 12.78 13.62 10.55 14.33 11.89 13.31 16.08 12.33 10.54 8.25 6.86 7.07 8.62 9.31 10.71 10.53 9.02 8.08 7.73 9.91 8.84 10.79 10.80 11.58 -9999 -9999 -9999 -9999 -9999 -9999 -9999 -9999 -9999 -9999 -9999 -9999 -9999 -9999 -9999 -9999 -9999 -9999 -9999 -9999 -9999 -9999 -9999 -9999 -9999 -9999 -9999 -9999 -9999 -9999 -9999 -9999 -9999 -9999 -9999 -9999 -9999 -9999 -9999 -9999 -9999 -9999 -9999 -9999
8.12 11.83 12.19 9.00 5.14 11.75 14.15 17.03 8.42 14.19 12.05 12.57 12.11 12.93 8.92 10.40 11.13 9.79 6.89 7.67 9.44 12.82 12.30 11.17 9.54 9.42 10.86 7.69 9.16 10.24 10.92 11.34 11.49 11.69 11.55 -9999 -9999 -9999 -9999 -9999 -9999 -9999 -9999 -9999 -9999 -9999 -9999 -9999 -9999 -9999 -9999 -9999 -9999 -9999 -9999 -9999 -9999 -9999 -9999 -9999 -9999 -9999 -9999 -9999 -9999 -9999 -9999 -9999 -9999 -9999 -9999 -9999 -9999 -9999 -9999 -9999 -9999 -9999
12.18 14.54 7.75 5.56 9.52 15.11 12.04 6.32 8.67 20.62 10.68 10.57 12.15 12.22 9.95 9.05 7.18 6.57 9.29 14.39 13.95 12.21 11.34 8.94 8.31 9.12 10.66 9.41 10.38 10.15 10.12 10.92 11.13 11.17 -9999 -9999 -9999 -9999 -9999 -9999 -9999 -9999 -9999 -9999 -9999 -9999 -9999 -9999 -9999 -9999 -9999 -9999 -9999 -9999 -9999 -9999 -9999 -9999 -9999 -9999 -9999 -9999 -9999 -9999 -9999 -9999 -9999 -9999 -9999 -9999 -9999 -9999 -9999 -9999 -9999 -9999 -9999 -9999
10.42 9.46 8.41 12.89 7.52 12.88 14.22 13.93 9.71 8.87 17.59 11.41 9.34 8.05 7.55 7.11 6.68 6.30 9.91 8.76 8.25 7.60 9.28 11.02 9.78 10.13 9.90 9.99 11.31 11.15 -9999 -9999 -9999 -9999 -9999 -9999 -9999 -9999 -9999 -9999 -9999 -9999 -9999 -9999 -9999 -9999 -9999 -9999 -9999 -9999 -9999 -9999 -9999 -9999 -9999 -9999 -9999 -9999 -9999 -9999 -9999 -9999 -9999 -9999 -9999 -9999 -9999 -9999 -9999 -9999 -9999 -9999 -9999 -9999 -9999 -9999 -9999 -9999
9.41 6.30 12.06 12.23 14.76 15.30 7.21 14.35 13.94 8.04 11.32 11.72 8.13 7.34 8.27 9.96 11.55 8.50 8.38 8.75 8.96 8.97 9.65 10.80 10.14 10.62 11.64 11.21 -9999 -9999 -9999 -9999 -9999 -9999 -9999 -9999 -9999 -9999 -9999 -9999 -9999 -9999 -9999 -9999 -9999 -9999 -9999 -9999 -9999 -9999 -9999 -9999 -9999 -9999 -9999 -9999 -9999 -9999 -9999 -9999 -9999 -9999 -9999 -9999 -9999 -9999 -9999 -9999 -9999 -9999 -9999 -9999 -9999 -9999 -9999 -9999 -9999 -9999
7.73 12.15 8.77 13.21 15.96 13.15 10.57 14.87 14.77 8.54 7.96 6.06 5.70 6.25 7.34 11.06 12.91 10.50 9.32 8.49 8.44 9.44 9.23 9.98 10.59 12.44 13.37 11.76 -9999 -9999 -9999 -9999 -9999 -9999 -9999 -9999 -9999 -9999 -9999 -9999 -9999 -9999 -9999 -9999 -9999 -9999 -9999 -9999 -9999 -9999 -9999 -9999 -9999 -9999 -9999 -9999 -9999 -9999 -9999 -9999 -9999 -9999 -9999 -9999 -9999 -9999 -9999 -9999 -9999 -9999 -9999 -9999 -9999 -9999 -9999 -9999 -9999 -9999
9.30 12.06 9.54 13.89 13.67 14.64 9.50 8.79 10.10 8.67 8.18 7.52 5.04 12.82 13.42 12.98 13.39 10.21 7.73 7.76 7.91 8.39 8.70 9.32 10.43 10.12 -9999 -9999 -9999 -9999 -9999 10.44 9.53 9.56 8.93 -9999 -9999 -9999 -9999 -9999 -9999 -9999 -9999 -9999 -9999 -9999 -9999 -9999 -9999 -9999 -9999 -9999 -9999 -9999 -9999 -9999 -9999 -9999 -9999 -9999 -9999 -9999 -9999 -9999 -9999 -9999 -9999 -9999 -9999 -9999 -9999 -9999 -9999 -9999 -9999 -9999 -9999 -9999
9.55 13.66 9.72 8.67 17.57 9.61 8.81 8.20 7.28 7.49 9.23 11.86 8.71 9.07 8.33 8.87 8.41 8.47 8.56 8.96 8.94 8.70 9.42 10.10 9.86 9.60 10.04 10.66 -9999 -9999 9.01 8.45 8.05 6.85 7.03 7.73 8.33 -9999 -9999 -9999 -9999 -9999 -9999 -9999 -9999 -9999 -9999 -9999 -9999 -9999 -9999 -9999 -9999 -9999 -9999 -9999 -9999 -9999 -9999 -9999 -9999 -9999 -9999 -9999 -9999 -9999 -9999 -9999 -9999 -9999 -9999 -9999 -9999 -9999 -9999 -9999 -9999 -9999
11.81 10.31 11.02 12.90 13.89 8.47 9.17 10.92 10.39 9.47 7.59 7.85 8.64 8.55 8.60 8.17 7.83 8.14 8.97 8.94 8.31 9.92 10.59 8.80 7.92 8.22 8.81 10.08 8.92 8.71 8.67 7.28 5.37 5.62 7.89 8.51 10.16 7.36 -9999 -9999 -9999 -9999 -9999 -9999 -9999 -9999 -9999 -9999 -9999 -9999 -9999 -9999 -9999 -9999 -9999 -9999 -9999 -9999 -9999 -9999 -9999 -9999 -9999 -9999 -9999 -9999 -9999 -9999 -9999 -9999 -9999 -9999 -9999 -9999 -9999 -9999 -9999 -9999
10.28 13.66 12.59 10.67 9.25 -9999 10.58 12.81 9.97 8.70 7.56 7.55 7.25 7.55 8.11 7.69 7.52 9.18 9.50 9.75 9.08 8.64 8.65 7.54 7.75 8.60 10.10 8.75 7.45 8.78 7.43 6.46 5.12 6.24 8.15 8.80 9.71 8.40 9.92 11.14 8.47 -9999 -9999 -9999 -9999 -9999 -9999 -9999 -9999 -9999 -9999 -9999 -9999 -9999 -9999 -9999 -9999 -9999 -9999 -9999 -9999 -9999 -9999 -9999 -9999 -9999 -9999 -9999 -9999 -9999 -9999 -9999 -9999 -9999 -9999 -9999 -9999 -9999
11.27 -9999 11.57 12.64 9.21 -9999 11.71 15.40 10.82 9.44 7.59 7.54 6.99 7.06 6.46 6.37 6.61 7.88 10.06 10.14 10.20 8.78 8.36 8.80 9.89 12.10 10.74 7.96 6.37 7.27 6.87 6.34 9.97 10.84 9.07 9.33 8.55 8.45 8.87 7.51 8.46 -9999 -9999 -9999 -9999 -9999 -9999 -9999 -9999 -9999 -9999 -9999 -9999 -9999 -9999 -9999 -9999 -9999 -9999 -9999 -9999 -9999 -9999 -9999 -9999 -9999 -9999 -9999 -9999 -9999 -9999 -9999 -9999 -9999 -9999 -9999 -9999 -9999
11.00 -9999 -9999 12.43 9.78 8.98 12.08 13.90 8.65 8.36 9.70 8.12 7.35 7.16 9.56 7.51 6.21 7.17 8.08 9.49 9.97 10.57 8.91 11.02 12.09 10.72 9.69 8.90 7.51 7.81 8.48 8.67 8.43 10.98 9.82 9.45 9.45 6.81 6.67 7.71 8.80 9.25 -9999 -9999 -9999 -9999 -9999 -9999 -9999 -9999 -9999 -9999 -9999 -9999 -9999 -9999 -9999 -9999 -9999 -9999 -9999 -9999 -9999 -9999 -9999 -9999 -9999 -9999 -9999 -9999 -9999 -9999 -9999 -9999 -9999 -9999 -9999 -9999
-9999 -9999 -9999 -9999 10.52 9.35 13.33 11.13 7.90 7.89 8.79 9.81 8.51 7.73 9.19 9.68 8.14 6.38 8.47 10.66 9.59 9.15 9.72 11.60 10.91 9.53 9.49 9.02 11.19 10.56 9.11 8.44 7.59 9.93 9.53 8.88 9.52 7.45 6.75 6.66 6.69 7.23 -9999 -9999 -9999 -9999 -9999 -9999 -9999 -9999 -9999 -9999 -9999 -9999 -9999 -9999 -9999 -9999 -9999 -9999 -9999 -9999 -9999 -9999 -9999 -9999 -9999 -9999 -9999 -9999 -9999 -9999 -9999 -9999 -9999 -9999 -9999 -9999
12.99 14.08 -9999 -9999 -9999 10.67 12.22 10.33 8.52 7.66 8.07 9.29 9.64 10.12 10.80 10.02 9.38 8.43 6.62 10.32 9.39 9.01 9.53 9.14 9.04 10.40 8.45 11.09 14.19 12.77 10.65 10.51 8.12 9.10 8.74 8.95 9.23 7.34 6.36 6.09 6.32 7.18 7.67 -9999 -9999 -9999 -9999 -9999 -9999 -9999 -9999 -9999 -9999 -9999 -9999 -9999 -9999 -9999 -9999 -9999 -9999 -9999 -9999 -9999 -9999 -9999 -9999 -9999 -9999 -9999 -9999 -9999 -9999 -9999 -9999 -9999 -9999 -9999
14.10 16.06 11.43 -9999 -9999 -9999 11.30 10.33 8.32 7.61 7.60 7.83 9.27 9.53 9.41 8.74 8.81 9.01 9.34 8.67 8.81 8.62 9.97 9.61 11.88 7.89 8.51 8.30 9.27 12.84 12.36 10.26 9.13 7.92 7.67 7.97 8.12 6.56 5.94 5.41 6.21 6.94 6.76 7.08 -9999 -9999 -9999 -9999 -9999 -9999 -9999 -9999 -9999 -9999 -9999 -9999 -9999 -9999 -9999 -9999 -9999 -9999 -9999 -9999 -9999 -9999 -9999 -9999 -9999 -9999 -9999 -9999 -9999 -9999 -9999 -9999 -9999 -9999
13.79 14.98 10.58 -9999 -9999 -9999 -9999 -9999 9.36 8.22 6.92 6.69 7.21 7.37 8.47 11.17 11.15 9.76 8.90 8.54 9.82 9.06 8.79 8.36 10.53 7.26 8.78 9.89 9.31 7.34 8.66 7.83 8.59 7.05 8.08 7.45 6.14 5.60 5.19 5.11 4.76 6.94 7.14 6.63 6.65 -9999 -9999 -9999 -9999 -9999 -9999 -9999 -9999 -9999 -9999 -9999 -9999 -9999 -9999 -9999 -9999 -9999 -9999 -9999 -9999 -9999 -9999 -9999 -9999 -9999 -9999 -9999 -9999 -9999 -9999 -9999 -9999 -9999
11.22 17.80 12.43 -9999 -9999 -9999 -9999 -9999 9.78 9.02 8.67 7.07 8.60 10.40 9.64 11.26 12.07 11.22 9.09 10.19 9.20 8.28 9.71 10.10 6.35 13.87 9.09 11.97 9.42 11.64 10.99 7.28 9.01 7.47 6.71 5.82 5.89 6.72 6.95 5.90 5.98 4.59 6.51 8.01 6.28 7.56 8.21 -9999 -9999 -9999 -9999 -9999 -9999 -9999 -9999 -9999 -9999 -9999 -9999 -9999 -9999 -9999 -9999 -9999 -9999 -9999 -9999 -9999 -9999 -9999 -9999 -9999 -9999 -9999 -9999 -9999 -9999 -9999
13.88 17.03 15.77 -9999 -9999 -9999 -9999 -9999 9.64 8.39 8.18 7.31 7.97 9.56 8.02 9.12 9.74 11.27 10.01 9.46 8.34 10.43 13.17 10.37 8.97 15.03 13.29 9.54 10.28 8.86 7.14 8.43 8.87 7.44 7.46 6.95 4.99 4.95 5.03 6.83 9.59 7.02 6.21 7.28 7.38 6.58 7.38 -9999 -9999 -9999 -9999 -9999 -9999 -9999 -9999 -9999 -9999 -9999 -9999 -9999 -9999 -9999 -9999 -9999 -9999 -9999 -9999 -9999 -9999 -9999 -9999 -9999 -9999 -9999 -9999 -9999 -9999 -9999
11.97 14.07 14.87 -9999 -9999 -9999 -9999 -9999 9.15 8.11 7.72 7.58 7.65 8.09 8.59 11.72 13.54 11.21 11.33 8.48 8.44 8.62 10.65 6.80 12.01 11.25 9.69 10.84 11.53 7.52 9.67 8.10 8.59 8.05 5.82 6.46 6.15 5.14 4.39 10.38 11.21 9.82 5.98 6.93 7.44 6.69 7.56 -9999 -9999 -9999 -9999 -9999 -9999 -9999 -9999 -9999 -9999 -9999 -9999 -9999 -9999 -9999 -9999 -9999 -9999 -9999 -9999 -9999 -9999 -9999 -9999 -9999 -9999 -9999 -9999 -9999 -9999 -9999
-9999 -9999 -9999 -9999 -9999 -9999 -9999 11.31 9.01 8.34 7.50 7.93 8.49 7.71 8.81 9.47 11.96 10.14 9.73 11.82 9.92 11.18 11.02 10.73 13.48 13.00 8.63 9.53 10.51 9.88 8.92 9.18 6.79 7.47 7.60 5.14 5.81 5.00 7.80 9.71 12.84 10.70 6.27 6.14 5.88 6.67 7.57 -9999 -9999 -9999 -9999 -9999 -9999 -9999 -9999 -9999 -9999 -9999 -9999 -9999 -9999 -9999 -9999 -9999 -9999 -9999 -9999 -9999 -9999 -9999 -9999 -9999 -9999 -9999 -9999 -9999 -9999 -9999
-9999 -9999 -9999 -9999 -9999 -9999 -9999 12.21 7.10 7.12 8.66 10.17 9.49 7.95 8.38 9.31 7.60 8.05 11.50 12.38 10.49 9.67 7.92 6.60 12.82 8.32 8.85 8.62 9.24 9.03 7.82 6.07 8.28 7.57 6.96 5.61 5.68 7.70 9.30 9.49 11.49 10.84 6.72 5.29 5.96 7.75 6.90 -9999 -9999 -9999 -9999 -9999 -9999 -9999 -9999 -9999 -9999 -9999 -9999 -9999 -9999 -9999 -9999 -9999 -9999 -9999 -9999 -9999 -9999 -9999 -9999 -9999 -9999 -9999 -9999 -9999 -9999 -9999
-9999 -9999 -9999 -9999 -9999 -9999 10.86 9.83 5.96 7.49 8.94 7.83 9.92 11.52 11.06 13.49 11.74 9.38 7.81 8.63 11.31 10.61 8.83 5.56 8.26 11.98 8.75 10.82 8.27 8.26 5.87 6.24 7.85 6.74 6.74 7.44 9.00 10.93 10.58 9.68 8.92 7.92 6.33 8.21 9.18 7.92 7.37 -9999 -9999 -9999 -9999 -9999 -9999 -9999 -9999 -9999 -9999 -9999 -9999 -9999 -9999 -9999 -9999 -9999 -9999 -9999 -9999 -9999 -9999 -9999 -9999 -9999 -9999 -9999 -9999 -9999 -9999 -9999
-9999 -9999 -9999 -9999 -9999 -9999 9.20 6.49 9.14 7.83 9.67 7.75 10.33 10.53 13.28 12.75 12.99 11.58 9.49 7.22 14.92 14.59 9.44 5.43 9.31 11.34 8.14 8.38 9.64 6.58 8.29 9.46 7.78 8.84 9.14 12.26 8.21 8.14 9.32 10.19 10.09 7.34 5.78 7.42 7.73 7.37 7.48 8.55 -9999 -9999 -9999 -9999 -9999 -9999 -9999 -9999 -9999 -9999 -9999 -9999 -9999 -9999 -9999 -9999 -9999 -9999 -9999 -9999 -9999 -9999 -9999 -9999 -9999 -9999 -9999 -9999 -9999 -9999
-9999 -9999 -9999 -9999 -9999 8.58 10.13 9.80 9.03 10.07 10.25 8.80 7.89 12.19 12.04 13.60 13.12 12.78 8.78 5.96 9.70 11.77 10.47 6.63 6.80 8.72 8.01 7.69 7.99 10.95 7.75 7.45 7.66 6.55 11.46 10.11 12.05 10.74 7.85 8.40 8.80 9.34 10.11 7.67 7.42 7.40 7.99 8.90 -9999 -9999 -9999 -9999 -9999 -9999 -9999 -9999 -9999 -9999 -9999 -9999 -9999 -9999 -9999 -9999 -9999 -9999 -9999 -9999 -9999 -9999 -9999 -9999 -9999 -9999 -9999 -9999 -9999 -9999
-9999 -9999 -9999 -9999 -9999 9.92 9.45 8.26 11.93 11.43 9.68 9.68 12.74 9.27 10.66 13.04 11.54 11.42 7.57 5.80 8.84 10.60 11.72 6.52 6.86 7.14 7.38 5.99 9.62 6.70 10.75 8.83 6.82 12.30 7.52 9.33 10.31 9.55 10.07 7.29 7.28 9.69 9.50 8.11 8.71 8.37 8.23 9.20 -9999 -9999 -9999 -9999 -9999 -9999 -9999 -9999 -9999 -9999 -9999 -9999 -9999 -9999 -9999 -9999 -9999 -9999 -9999 -9999 -9999 -9999 -9999 -9999 -9999 -9999 -9999 -9999 -9999 -9999
-9999 -9999 -9999 -9999 10.56 8.57 8.03 10.33 8.66 9.09 14.91 12.12 11.98 9.06 10.64 11.37 10.01 11.15 9.92 8.00 10.22 10.42 7.79 5.97 6.51 8.15 8.10 10.55 8.23 7.33 11.08 7.24 7.99 12.54 8.82 8.16 7.31 8.73 9.73 8.95 9.51 9.83 8.42 8.07 8.13 7.80 8.07 9.01 -9999 -9999 -9999 -9999 -9999 -9999 -9999 -9999 -9999 -9999 -9999 -9999 -9999 -9999 -9999 -9999 -9999 -9999 -9999 -9999 -9999 -9999 -9999 -9999 -9999 -9999 -9999 -9999 -9999 -9999
-9999 -9999 -9999 8.92 9.61 10.27 8.20 8.83 8.89 8.36 10.90 10.72 15.89 8.82 8.50 9.70 10.14 10.45 10.78 9.22 7.92 7.37 9.46 6.49 5.98 7.86 8.52 8.79 8.71 7.51 9.13 5.84 7.13 11.34 10.49 10.87 9.93 9.12 7.91 7.75 9.92 9.23 8.54 8.35 8.25 8.38 7.82 8.47 9.47 -9999 -9999 -9999 -9999 -9999 -9999 -9999 -9999 -9999 -9999 -9999 -9999 -9999 -9999 -9999 -9999 -9999 -9999 -9999 -9999 -9999 -9999 -9999 -9999 -9999 -9999 -9999 -9999 -9999
-9999 -9999 -9999 10.35 13.10 10.59 9.98 9.05 7.76 7.08 15.54 13.04 11.19 10.55 8.29 8.62 9.48 9.41 13.27 9.10 7.30 6.85 7.12 9.21 6.87 9.17 8.83 9.74 8.96 8.37 7.95 8.38 6.44 9.17 9.83 9.15 10.26 8.98 7.95 7.53 8.70 8.20 9.28 8.57 7.59 6.98 7.85 8.44 9.13 -9999 -9999 -9999 -9999 -9999 -9999 -9999 -9999 -9999 -9999 -9999 -9999 -9999 -9999 -9999 -9999 -9999 -9999 -9999 -9999 -9999 -9999 -9999 -9999 -9999 -9999 -9999 -9999 -9999
-9999 10.49 9.51 11.48 10.55 10.23 11.11 9.38 8.62 7.32 12.00 11.42 11.84 10.59 9.74 8.03 9.95 10.51 9.69 9.52 8.78 6.61 7.14 8.37 8.07 8.32 9.05 9.63 8.77 7.98 8.62 7.47 6.84 10.20 9.24 8.73 8.85 10.59 9.23 8.14 6.52 7.58 8.12 7.80 7.33 6.81 7.28 7.91 8.80 -9999 -9999 -9999 -9999 -9999 -9999 -9999 -9999 -9999 -9999 -9999 -9999 -9999 -9999 -9999 -9999 -9999 -9999 -9999 -9999 -9999 -9999 -9999 -9999 -9999 -9999 -9999 -9999 -9999
-9999 11.42 9.79 8.61 11.22 10.17 11.29 9.77 8.84 7.53 7.75 9.39 13.26 11.00 10.07 8.44 8.43 8.43 8.10 8.60 9.18 7.70 8.78 8.04 8.30 8.32 8.57 8.55 8.30 7.77 7.77 8.20 7.25 6.50 7.52 8.03 8.22 8.85 8.60 5.79 6.71 8.99 8.27 6.99 6.98 6.66 7.05 6.68 7.39 8.25 -9999 -9999 -9999 -9999 -9999 -9999 -9999 -9999 -9999 -9999 -9999 -9999 -9999 -9999 -9999 -9999 -9999 -9999 -9999 -9999 -9999 -9999 -9999 -9999 -9999 -9999 -9999 -9999
-9999 11.87 10.36 8.07 10.75 9.24 10.16 9.43 8.89 8.51 7.38 10.77 10.73 10.26 11.80 9.18 8.41 8.09 6.88 9.02 12.80 9.48 -9999 -9999 -9999 8.53 8.47 -9999 7.95 7.90 7.88 7.13 6.23 6.95 8.07 7.22 7.37 8.46 7.92 8.75 8.23 6.30 5.39 5.61 5.85 6.17 4.54 5.34 5.86 7.23 -9999 -9999 -9999 -9999 -9999 -9999 -9999 -9999 -9999 -9999 -9999 -9999 -9999 -9999 -9999 -9999 -9999 -9999 -9999 -9999 -9999 -9999 -9999 -9999 -9999 -9999 -9999 -9999
-9999 10.84 12.40 9.37 9.32 9.75 10.54 10.15 9.44 8.52 7.62 8.97 13.91 11.08 11.49 8.93 8.70 10.16 7.74 9.01 10.13 10.07 -9999 -9999 -9999 8.47 7.92 8.02 8.07 7.56 7.02 5.68 6.46 8.86 8.89 7.21 9.95 7.28 7.10 9.20 6.83 7.29 7.18 6.85 4.79 5.55 6.49 5.22 4.76 6.19 -9999 -9999 -9999 -9999 -9999 -9999 -9999 -9999 -9999 -9999 -9999 -9999 -9999 -9999 -9999 -9999 -9999 -9999 -9999 -9999 -9999 -9999 -9999 -9999 -9999 -9999 -9999 -9999
-9999 -9999 11.92 11.69 10.08 -9999 10.94 11.05 10.09 9.32 8.51 -9999 11.07 9.84 10.51 8.68 9.92 10.69 9.69 10.18 -9999 -9999 -9999 -9999 9.07 7.74 7.20 7.19 7.80 7.89 6.80 5.63 5.47 9.27 12.39 6.46 10.72 7.48 8.95 10.03 7.71 8.80 6.94 5.18 6.30 6.31 4.95 3.09 4.02 6.27 6.94 -9999 -9999 -9999 -9999 -9999 -9999 -9999 -9999 -9999 -9999 -9999 -9999 -9999 -9999 -9999 -9999 -9999 -9999 -9999 -9999 -9999 -9999 -9999 -9999 -9999 -9999 -9999
