ML/MeanWindSpeed_1992-07_Actual.txt
ncols         180
nrows         290
xllcorner     -200000
yllcorner     -200000
cellsize      5000
NODATA_value  -9999
[rows 210 to 244 of 290, columns 79 to 157 of 180]
10.65 9.27 10.74 10.21 -9999 -9999 -9999 -9999 -9999 -9999 -9999 6.60 6.75 7.56 6.50 6.74 7.19 8.96 10.75 12.88 12.14 10.27 8.65 8.23 7.24 9.76 9.85 6.66 5.70 9.14 9.08 9.72 6.79 6.19 6.19 5.98 7.05 7.56 7.15 7.25 6.92 6.60 6.39 6.16 5.92 5.87 5.71 6.26 5.83 5.90 5.99 6.08 6.19 5.92 6.37 7.43 7.26 6.47 7.62 7.55 7.17 7.01 6.31 6.09 6.72 7.14 6.72 6.10 5.91 6.86 5.97 6.33 7.27 6.86 7.00 7.16 6.64 6.57 6.97
10.29 -9999 -9999 -9999 -9999 -9999 -9999 -9999 -9999 9.83 8.79 8.60 9.61 8.84 7.60 6.78 7.35 7.76 9.89 11.17 10.73 7.29 6.99 10.14 8.94 8.72 6.96 6.10 5.99 8.32 8.10 7.78 6.55 6.40 6.47 5.50 8.14 8.25 7.06 7.07 6.70 6.59 6.44 6.16 6.54 6.07 6.16 5.65 5.66 5.75 5.97 5.97 6.24 5.74 6.95 8.37 7.13 7.43 5.89 7.10 6.80 6.41 7.10 6.81 6.88 7.34 6.62 5.95 5.97 5.91 6.46 7.05 6.56 7.17 7.11 6.62 6.56 7.79 7.33
-9999 -9999 -9999 -9999 -9999 -9999 -9999 -9999 -9999 10.73 10.44 8.83 9.84 10.11 -9999 -9999 7.26 10.06 6.28 7.79 7.52 7.63 8.35 9.69 7.26 6.64 6.93 6.78 7.33 7.54 7.41 6.95 6.71 7.35 6.21 6.46 8.12 7.04 6.66 6.43 6.55 6.99 6.80 6.31 6.27 5.77 5.83 6.34 6.79 6.53 7.05 6.06 5.71 6.49 8.53 6.93 6.99 6.56 5.34 6.75 6.51 6.44 6.61 6.60 6.36 6.29 7.42 6.28 6.04 5.93 6.00 6.21 6.13 6.03 7.33 6.85 7.34 8.29 8.20
-9999 -9999 -9999 -9999 -9999 -9999 -9999 -9999 -9999 -9999 -9999 -9999 -9999 -9999 -9999 -9999 8.34 7.73 7.81 7.00 6.18 6.19 6.64 7.57 7.25 7.20 7.55 8.03 8.38 8.12 -9999 7.03 6.76 6.60 6.14 6.57 7.90 7.04 7.07 6.57 5.99 5.97 6.73 6.09 6.19 7.16 7.28 7.04 7.77 8.51 7.34 7.00 6.74 6.87 7.85 6.70 6.68 6.56 5.93 5.83 5.82 6.33 6.78 6.45 6.05 6.16 6.20 6.03 5.90 5.82 5.86 5.97 6.22 6.41 6.79 6.90 7.32 7.79 -9999
-9999 -9999 -9999 -9999 -9999 -9999 -9999 -9999 -9999 -9999 -9999 -9999 -9999 -9999 -9999 -9999 -9999 8.38 7.58 6.85 7.07 7.57 6.56 6.60 6.98 7.85 -9999 -9999 -9999 -9999 7.74 6.91 6.74 6.25 6.04 6.62 7.94 7.16 7.34 6.68 5.76 6.47 6.21 7.40 6.99 8.56 7.36 7.49 7.19 7.53 7.39 6.81 7.48 5.97 6.43 6.78 5.71 5.90 5.58 5.44 5.37 5.25 5.30 5.64 5.46 5.49 5.43 5.49 5.43 6.55 6.83 5.95 6.08 6.31 6.55 6.90 7.65 8.77 8.69
-9999 -9999 -9999 -9999 -9999 -9999 -9999 -9999 -9999 -9999 -9999 -9999 -9999 -9999 -9999 -9999 -9999 -9999 8.30 9.32 8.46 7.57 7.75 7.73 8.26 -9999 -9999 -9999 -9999 8.27 8.23 8.19 5.75 5.49 5.65 7.65 8.18 7.74 7.14 6.14 6.08 5.93 7.24 8.44 7.56 7.62 7.06 7.21 7.03 6.21 6.68 6.73 6.40 6.30 6.25 6.12 5.65 5.70 6.12 6.31 6.30 5.28 5.26 5.37 5.25 5.70 5.53 5.74 5.34 6.07 6.06 6.11 7.00 6.36 7.05 7.24 7.76 7.46 7.88
-9999 -9999 -9999 -9999 -9999 -9999 -9999 -9999 -9999 -9999 -9999 -9999 -9999 -9999 -9999 -9999 -9999 -9999 -9999 9.01 9.19 8.40 8.41 8.05 9.26 -9999 -9999 -9999 7.74 6.43 6.15 7.65 7.27 6.59 5.62 6.82 6.22 7.66 6.97 5.62 6.67 7.51 7.48 7.12 7.77 7.04 6.68 6.49 6.03 5.96 5.91 6.12 6.58 6.31 5.83 5.78 5.78 5.79 6.40 6.18 6.19 5.81 5.32 5.40 5.16 5.09 5.00 5.34 5.38 5.67 5.68 6.59 6.98 7.36 7.21 6.41 7.88 6.76 7.60
-9999 -9999 -9999 -9999 -9999 -9999 -9999 -9999 -9999 -9999 -9999 -9999 -9999 -9999 -9999 -9999 -9999 -9999 -9999 -9999 -9999 -9999 -9999 -9999 -9999 -9999 -9999 9.59 6.96 5.83 5.68 7.26 5.91 6.55 7.18 7.04 7.01 7.18 5.86 5.56 5.85 6.69 6.55 6.80 6.88 7.06 6.84 6.72 8.03 6.68 6.78 6.27 6.69 6.67 5.93 5.89 5.50 5.86 6.48 5.98 5.58 5.49 5.42 5.26 5.59 5.17 5.53 5.28 6.22 6.72 6.45 5.72 8.06 8.78 7.50 6.43 8.70 7.86 7.53
-9999 -9999 -9999 -9999 -9999 -9999 -9999 -9999 -9999 -9999 -9999 -9999 -9999 -9999 -9999 -9999 -9999 -9999 -9999 -9999 -9999 -9999 -9999 -9999 -9999 -9999 -9999 7.73 7.22 6.19 10.43 8.84 5.96 6.55 7.16 7.46 7.71 6.25 5.86 5.70 5.59 6.55 6.32 6.18 7.64 7.46 8.41 7.23 7.46 8.54 7.16 6.73 6.60 6.10 5.90 5.66 5.52 5.86 5.86 6.03 5.63 5.30 5.17 4.96 5.27 6.73 6.12 6.75 7.11 7.99 6.81 5.99 7.18 7.54 6.50 6.02 6.64 8.01 8.52
-9999 -9999 -9999 -9999 -9999 -9999 -9999 -9999 -9999 -9999 -9999 -9999 -9999 -9999 -9999 -9999 -9999 -9999 -9999 -9999 -9999 -9999 -9999 -9999 -9999 -9999 -9999 7.49 5.85 4.91 6.78 9.78 8.82 8.05 7.18 8.20 6.66 6.27 5.83 7.25 7.28 7.78 7.34 6.67 6.82 6.71 7.03 7.42 7.48 6.83 6.80 6.82 6.78 6.22 5.93 5.84 5.79 6.20 6.00 5.82 5.29 5.30 5.96 6.54 5.89 6.64 6.25 6.15 6.25 7.03 8.62 8.47 6.71 6.66 7.09 7.30 7.12 7.27 7.28
-9999 -9999 -9999 -9999 -9999 -9999 -9999 -9999 -9999 -9999 10.00 10.38 8.51 12.58 11.98 11.89 12.00 13.75 7.32 12.07 8.03 -9999 -9999 -9999 -9999 -9999 -9999 7.11 6.21 5.80 4.84 5.78 7.72 9.07 8.52 7.35 6.57 6.47 7.08 8.09 7.39 6.70 6.72 6.41 6.48 6.71 6.34 6.07 5.99 6.46 6.07 6.73 7.20 7.82 6.82 6.30 6.66 6.55 5.97 6.49 5.55 5.22 6.33 7.08 5.92 5.45 5.75 5.73 5.57 5.52 5.93 6.04 5.75 5.78 5.85 5.97 5.91 6.28 6.35
-9999 -9999 -9999 -9999 -9999 -9999 -9999 -9999 -9999 -9999 11.85 11.29 11.08 9.02 10.97 12.60 11.93 12.43 12.70 10.03 8.48 6.95 7.78 10.10 8.40 7.64 6.84 6.60 6.13 5.79 5.30 4.75 5.28 7.66 7.81 7.01 6.29 8.78 7.36 6.40 6.82 7.17 6.43 6.36 6.50 6.43 6.65 6.44 6.44 5.58 5.92 6.53 6.74 6.81 7.39 7.60 6.26 5.95 5.57 5.39 6.16 5.35 8.51 6.92 6.46 5.93 5.55 5.72 5.59 6.42 6.54 5.55 7.00 6.69 7.25 6.19 6.36 6.22 6.22
-9999 -9999 -9999 -9999 -9999 -9999 -9999 -9999 -9999 10.22 9.33 8.90 8.26 7.26 9.40 11.96 11.58 10.75 10.86 10.90 9.59 7.84 7.16 8.17 9.36 7.00 6.45 5.98 6.07 6.82 5.61 5.42 6.55 6.58 6.43 6.73 8.78 7.20 8.23 7.54 6.79 5.99 6.37 6.02 6.53 6.74 6.48 6.97 6.11 6.43 6.36 6.36 6.38 7.62 8.23 6.45 5.80 5.98 7.86 6.42 5.92 6.01 5.82 6.03 6.22 5.90 5.78 6.34 7.24 6.56 5.77 5.83 7.38 6.99 6.94 7.33 7.20 6.88 6.96
-9999 -9999 -9999 -9999 -9999 -9999 -9999 -9999 -9999 -9999 8.59 7.41 6.75 8.25 8.02 8.71 11.30 10.16 8.57 7.73 9.78 11.15 8.91 6.76 7.01 8.74 7.00 5.54 5.59 5.57 6.21 6.29 5.59 5.64 6.05 6.80 7.79 6.69 7.99 6.99 6.85 6.65 6.80 6.18 6.83 7.08 7.02 5.94 6.08 6.75 6.11 5.73 5.66 6.67 7.75 7.57 6.12 6.44 7.39 7.14 6.36 5.55 5.36 5.11 5.42 6.93 6.70 6.50 7.06 8.03 7.40 7.01 7.59 7.63 6.89 7.72 6.86 7.63 6.80
-9999 -9999 -9999 -9999 -9999 -9999 11.01 -9999 -9999 9.59 8.52 9.09 6.51 8.13 6.86 6.70 7.18 7.79 8.62 7.32 8.85 9.70 7.30 5.89 4.75 5.06 5.20 5.02 5.20 5.57 6.36 5.58 5.44 5.96 7.52 6.43 7.20 6.31 7.06 6.67 7.46 8.08 7.34 6.38 5.99 6.09 6.00 5.89 7.24 6.50 5.96 7.63 6.33 6.45 8.11 9.12 6.23 6.52 6.78 6.53 6.05 5.69 5.48 5.76 6.27 6.67 5.93 5.60 5.71 6.41 6.65 6.76 7.38 6.85 6.84 6.85 6.43 6.55 6.49
-9999 -9999 -9999 -9999 -9999 10.30 11.57 11.60 11.17 8.80 8.15 9.76 7.65 6.52 7.01 6.40 7.72 8.31 9.06 7.64 7.05 7.05 5.70 4.54 3.98 4.33 5.14 5.57 5.00 5.13 5.43 5.23 5.38 6.92 7.08 6.31 6.91 7.26 8.42 7.72 7.80 8.87 7.63 7.32 6.21 6.68 6.43 6.81 6.33 6.17 5.77 6.91 7.00 6.38 7.40 7.16 6.66 6.47 6.13 6.68 6.56 6.26 5.77 5.40 5.36 5.29 5.58 5.85 5.80 5.39 6.01 6.54 7.36 7.77 7.43 6.45 7.28 7.25 7.13
-9999 -9999 -9999 -9999 -9999 9.95 10.37 9.63 9.98 9.07 8.32 7.35 8.92 8.69 7.70 8.72 8.53 8.20 9.27 8.02 7.41 6.71 4.42 5.24 6.92 6.42 5.61 5.11 4.70 5.32 5.89 6.25 5.87 7.02 6.54 7.15 6.45 5.97 7.51 8.76 7.87 7.98 7.81 7.29 7.21 7.64 6.87 6.31 6.87 7.01 5.90 6.36 6.52 6.57 7.52 8.14 8.35 9.63 7.19 7.12 6.28 5.89 5.88 5.86 5.46 5.28 5.58 6.22 5.98 5.76 5.64 6.49 6.69 6.93 7.14 7.43 6.48 6.89 7.54
-9999 -9999 -9999 -9999 -9999 10.21 9.47 9.13 9.46 8.93 8.85 7.69 8.10 8.14 6.97 8.03 8.09 8.52 8.68 8.05 5.44 3.98 3.50 5.63 5.78 6.34 7.05 5.35 5.30 5.65 5.32 6.28 5.81 6.73 6.44 6.67 6.60 6.19 7.86 7.64 7.93 7.99 7.91 7.82 7.82 8.18 7.98 6.77 6.37 6.48 7.16 6.10 6.43 6.34 7.02 7.57 7.98 8.76 8.19 8.74 9.19 5.92 8.77 7.31 5.62 5.80 8.66 8.68 8.31 5.79 5.78 6.03 5.98 6.57 6.30 7.37 8.20 10.17 9.02
-9999 -9999 -9999 -9999 -9999 8.65 8.65 8.67 8.52 8.03 7.97 7.53 7.08 8.00 7.43 7.42 7.94 7.11 7.08 6.81 6.46 3.72 4.20 6.08 5.32 6.52 6.80 5.63 6.04 6.59 5.78 6.14 6.38 6.47 6.50 6.70 7.43 8.40 6.92 7.90 8.03 8.19 8.12 8.13 8.26 8.43 7.57 7.37 6.82 6.87 6.99 7.37 6.78 7.65 7.53 7.83 7.88 7.71 7.37 7.22 7.23 6.48 7.86 7.52 7.95 7.47 7.94 8.50 9.09 6.19 6.38 6.31 6.37 6.56 7.21 8.14 8.30 -9999 -9999
-9999 -9999 -9999 -9999 -9999 7.76 7.95 8.15 8.56 8.97 8.22 7.74 7.10 7.47 8.61 8.01 7.42 6.62 6.93 6.66 6.33 5.64 4.19 4.22 3.92 6.14 5.40 4.12 6.96 6.99 6.14 8.53 7.42 8.03 8.69 8.22 7.99 8.64 7.80 7.44 8.14 8.24 7.86 8.09 8.19 8.47 7.65 7.61 7.77 7.84 7.40 7.22 7.24 7.18 7.56 8.89 8.68 8.16 7.84 7.85 7.97 7.94 8.02 7.99 8.01 -9999 -9999 7.57 8.06 7.91 7.59 7.03 9.51 7.63 -9999 -9999 -9999 -9999 -9999
-9999 -9999 -9999 -9999 9.66 8.20 8.23 7.57 8.51 8.75 9.62 8.24 8.61 8.12 8.63 7.96 7.23 6.74 6.74 6.50 6.24 6.14 5.62 5.37 5.67 5.60 4.30 6.84 7.74 5.78 5.56 6.69 6.80 8.00 8.09 7.24 7.17 7.19 7.37 8.39 8.42 8.64 8.32 8.26 8.55 9.14 8.70 8.11 7.78 7.51 7.47 -9999 -9999 7.79 8.40 9.72 9.72 9.39 8.99 8.93 -9999 -9999 -9999 -9999 -9999 -9999 -9999 -9999 -9999 -9999 7.87 8.50 10.03 8.66 -9999 -9999 -9999 -9999 -9999
-9999 -9999 -9999 10.55 9.36 8.09 8.58 7.54 7.56 7.53 7.70 7.39 10.19 10.71 9.40 8.64 8.40 8.61 7.43 6.64 6.34 6.73 6.50 8.18 8.35 7.65 7.17 8.62 6.42 6.65 6.83 7.77 8.71 7.43 6.44 7.04 6.45 6.85 7.03 7.56 7.81 9.15 9.98 9.91 9.52 9.41 9.50 8.62 -9999 7.19 7.65 7.37 7.67 8.04 -9999 -9999 -9999 -9999 9.89 -9999 -9999 -9999 -9999 -9999 -9999 -9999 -9999 -9999 -9999 -9999 -9999 -9999 -9999 -9999 -9999 -9999 -9999 -9999 -9999
-9999 -9999 11.16 10.65 10.39 9.17 7.70 7.36 7.12 6.18 6.10 7.58 12.13 13.32 8.99 8.20 10.59 7.93 9.30 6.93 6.50 8.95 7.62 7.00 6.85 7.00 -9999 -9999 -9999 -9999 -9999 7.56 9.07 8.85 7.43 7.22 6.89 6.59 6.96 7.25 8.09 9.14 -9999 -9999 -9999 -9999 -9999 9.33 9.29 8.35 7.60 7.51 8.87 8.41 -9999 -9999 -9999 -9999 -9999 -9999 -9999 -9999 -9999 -9999 -9999 -9999 -9999 -9999 -9999 -9999 -9999 -9999 -9999 -9999 -9999 -9999 -9999 -9999 -9999
-9999 7.27 8.38 10.11 10.26 8.99 8.63 7.97 6.27 6.90 7.03 9.19 11.46 12.67 11.42 10.42 8.73 9.67 8.09 8.04 7.37 8.88 8.37 -9999 -9999 -9999 -9999 -9999 -9999 -9999 -9999 -9999 7.74 8.27 7.29 8.41 9.14 9.54 7.87 10.06 10.13 10.74 -9999 -9999 -9999 -9999 -9999 -9999 -9999 8.19 8.68 7.47 8.08 -9999 -9999 -9999 -9999 -9999 -9999 -9999 -9999 -9999 -9999 -9999 -9999 -9999 -9999 -9999 -9999 -9999 -9999 -9999 -9999 -9999 -9999 -9999 -9999 -9999 -9999
9.06 7.30 7.71 9.07 10.45 10.66 9.10 7.29 7.13 7.73 7.68 8.69 11.07 9.71 10.07 9.96 10.84 5.93 8.18 10.78 8.30 -9999 -9999 -9999 -9999 -9999 -9999 -9999 -9999 -9999 -9999 -9999 -9999 -9999 8.52 -9999 -9999 -9999 -9999 8.52 10.99 11.48 -9999 -9999 -9999 -9999 -9999 -9999 -9999 -9999 8.28 10.06 8.61 -9999 -9999 -9999 -9999 -9999 -9999 -9999 -9999 -9999 -9999 -9999 -9999 -9999 -9999 -9999 -9999 -9999 -9999 -9999 -9999 -9999 -9999 -9999 -9999 -9999 -9999
8.33 6.62 7.56 9.09 9.58 10.34 9.31 8.42 9.24 6.55 5.59 7.15 9.88 10.03 8.56 7.58 9.19 6.88 6.55 7.58 -9999 -9999 -9999 -9999 -9999 -9999 -9999 -9999 -9999 -9999 -9999 -9999 -9999 -9999 9.33 -9999 -9999 -9999 -9999 -9999 -9999 -9999 -9999 -9999 -9999 -9999 -9999 -9999 -9999 -9999 -9999 -9999 -9999 -9999 -9999 -9999 -9999 -9999 -9999 -9999 -9999 -9999 -9999 -9999 -9999 -9999 -9999 -9999 -9999 -9999 -9999 -9999 -9999 -9999 -9999 -9999 -9999 -9999 -9999
8.91 6.82 7.81 8.22 8.26 8.97 8.58 8.48 9.42 6.06 5.53 6.51 8.56 12.48 12.89 6.96 7.36 7.17 7.63 9.44 -9999 -9999 -9999 -9999 -9999 -9999 -9999 -9999 -9999 -9999 -9999 -9999 -9999 -9999 -9999 -9999 -9999 -9999 -9999 -9999 -9999 -9999 -9999 -9999 -9999 -9999 -9999 -9999 -9999 -9999 -9999 -9999 -9999 -9999 -9999 -9999 -9999 -9999 -9999 -9999 -9999 -9999 -9999 -9999 -9999 -9999 -9999 -9999 -9999 -9999 -9999 -9999 -9999 -9999 -9999 -9999 -9999 -9999 -9999
10.26 8.95 8.72 8.20 8.85 8.19 7.96 7.93 6.77 6.88 6.18 5.97 8.55 10.64 10.41 8.63 6.63 6.86 9.49 8.26 -9999 -9999 -9999 -9999 -9999 -9999 -9999 -9999 -9999 -9999 -9999 -9999 -9999 -9999 -9999 -9999 -9999 -9999 -9999 -9999 -9999 -9999 -9999 -9999 -9999 -9999 -9999 -9999 -9999 -9999 -9999 -9999 -9999 -9999 -9999 -9999 -9999 -9999 -9999 -9999 -9999 -9999 -9999 -9999 -9999 -9999 -9999 -9999 -9999 -9999 -9999 -9999 -9999 -9999 -9999 -9999 -9999 -9999 -9999
11.21 10.19 9.68 8.13 8.67 8.10 10.13 9.31 7.74 7.35 8.00 6.58 7.12 7.99 7.89 7.33 7.20 7.88 8.51 8.46 -9999 -9999 -9999 -9999 -9999 -9999 -9999 -9999 -9999 -9999 -9999 -9999 -9999 -9999 -9999 -9999 -9999 -9999 -9999 -9999 -9999 -9999 -9999 -9999 -9999 -9999 -9999 -9999 -9999 -9999 -9999 -9999 -9999 -9999 -9999 -9999 -9999 -9999 -9999 -9999 -9999 -9999 -9999 -9999 -9999 -9999 -9999 -9999 -9999 -9999 -9999 -9999 -9999 -9999 -9999 -9999 -9999 -9999 -9999
9.38 9.35 8.37 9.23 10.74 10.31 8.79 8.84 8.81 8.81 7.86 8.42 7.65 6.66 6.83 7.96 8.88 9.12 8.32 8.97 -9999 -9999 -9999 -9999 -9999 -9999 -9999 -9999 -9999 -9999 -9999 -9999 -9999 -9999 -9999 -9999 -9999 -9999 -9999 -9999 -9999 -9999 -9999 -9999 -9999 -9999 -9999 -9999 -9999 -9999 -9999 -9999 -9999 -9999 -9999 -9999 -9999 -9999 -9999 -9999 -9999 -9999 -9999 -9999 -9999 -9999 -9999 -9999 -9999 -9999 -9999 -9999 -9999 -9999 -9999 -9999 -9999 -9999 -9999
9.84 9.89 -9999 -9999 -9999 -9999 -9999 -9999 -9999 -9999 -9999 9.01 9.67 8.42 7.72 7.33 8.41 8.92 8.42 -9999 -9999 -9999 -9999 -9999 -9999 -9999 -9999 -9999 -9999 -9999 -9999 -9999 -9999 -9999 -9999 -9999 -9999 -9999 -9999 -9999 -9999 -9999 -9999 -9999 -9999 -9999 -9999 -9999 -9999 -9999 -9999 -9999 -9999 -9999 -9999 -9999 -9999 -9999 -9999 -9999 -9999 -9999 -9999 -9999 -9999 -9999 -9999 -9999 -9999 -9999 -9999 -9999 -9999 -9999 -9999 -9999 -9999 -9999 -9999
10.51 10.74 -9999 -9999 -9999 -9999 -9999 -9999 -9999 -9999 -9999 -9999 -9999 -9999 8.20 7.75 7.98 8.22 -9999 -9999 -9999 -9999 -9999 -9999 -9999 -9999 -9999 -9999 -9999 -9999 -9999 -9999 -9999 -9999 -9999 -9999 -9999 -9999 -9999 -9999 -9999 -9999 -9999 -9999 -9999 -9999 -9999 -9999 -9999 -9999 -9999 -9999 -9999 -9999 -9999 -9999 -9999 -9999 -9999 -9999 -9999 -9999 -9999 -9999 -9999 -9999 -9999 -9999 -9999 -9999 -9999 -9999 -9999 -9999 -9999 -9999 -9999 -9999 -9999
-9999 -9999 -9999 -9999 -9999 -9999 -9999 -9999 -9999 -9999 -9999 -9999 -9999 -9999 9.05 10.34 10.88 10.13 -9999 -9999 -9999 -9999 -9999 -9999 -9999 -9999 -9999 -9999 -9999 -9999 -9999 -9999 -9999 -9999 -9999 -9999 -9999 -9999 -9999 -9999 -9999 -9999 -9999 -9999 -9999 -9999 -9999 -9999 -9999 -9999 -9999 -9999 -9999 -9999 -9999 -9999 -9999 -9999 -9999 -9999 -9999 -9999 -9999 -9999 -9999 -9999 -9999 -9999 -9999 -9999 -9999 -9999 -9999 -9999 -9999 -9999 -9999 -9999 -9999
-9999 -9999 -9999 -9999 -9999 -9999 -9999 -9999 -9999 -9999 -9999 -9999 -9999 -9999 -9999 -9999 -9999 -9999 -9999 -9999 -9999 -9999 -9999 -9999 -9999 -9999 -9999 -9999 -9999 -9999 -9999 -9999 -9999 -9999 -9999 -9999 -9999 -9999 -9999 -9999 -9999 -9999 -9999 -9999 -9999 -9999 -9999 -9999 -9999 -9999 -9999 -9999 -9999 -9999 -9999 -9999 -9999 -9999 -9999 -9999 -9999 -9999 -9999 -9999 -9999 -9999 -9999 -9999 -9999 -9999 -9999 -9999 -9999 -9999 -9999 -9999 -9999 -9999 -9999
-9999 -9999 -9999 -9999 -9999 -9999 -9999 -9999 -9999 -9999 -9999 -9999 -9999 -9999 -9999 -9999 -9999 -9999 -9999 -9999 -9999 -9999 -9999 -9999 -9999 -9999 -9999 -9999 -9999 -9999 -9999 -9999 -9999 -9999 -9999 -9999 -9999 -9999 -9999 -9999 -9999 -9999 -9999 -9999 -9999 -9999 -9999 -9999 -9999 -9999 -9999 -9999 -9999 -9999 -9999 -9999 -9999 -9999 -9999 -9999 -9999 -9999 -9999 -9999 -9999 -9999 -9999 -9999 -9999 -9999 -9999 -9999 -9999 -9999 -9999 -9999 -9999 -9999 -9999
