ML/MeanWindSpeed_1991-07_Actual.txt
ncols         180
nrows         290
xllcorner     -200000
yllcorner     -200000
cellsize      5000
NODATA_value  -9999
[rows 210 to 244 of 290, columns 79 to 157 of 180]
12.12 11.02 12.28 12.00 -9999 -9999 -9999 -9999 -9999 -9999 -9999 8.35 8.44 9.07 8.08 7.98 8.12 9.61 11.21 13.05 12.60 11.01 9.67 9.18 8.47 10.61 10.52 7.77 6.92 9.67 9.74 10.39 8.07 7.54 7.36 7.08 8.03 8.45 8.09 8.15 7.93 7.71 7.60 7.48 7.39 7.47 7.47 7.92 7.47 7.37 7.28 7.18 7.13 6.84 7.27 7.98 7.65 6.97 7.85 7.79 7.56 7.38 6.64 6.22 6.66 7.11 6.87 6.35 6.24 7.04 6.35 6.65 7.41 7.07 7.19 7.26 6.84 6.78 7.09
12.10 -9999 -9999 -9999 -9999 -9999 -9999 -9999 -9999 11.29 10.26 10.00 10.92 10.35 9.20 8.26 8.48 8.65 10.44 11.52 11.30 8.54 8.27 10.72 9.87 9.73 8.19 7.35 7.27 9.19 9.16 8.90 7.89 7.71 7.56 6.70 8.95 9.04 8.05 8.00 7.71 7.66 7.57 7.42 7.81 7.58 7.79 7.39 7.31 7.27 7.33 7.17 7.18 6.69 7.72 8.70 7.54 7.71 6.42 7.32 7.07 6.60 6.83 6.48 6.58 7.09 6.64 6.15 6.21 6.21 6.64 7.12 6.76 7.26 7.21 6.75 6.70 7.69 7.34
-9999 -9999 -9999 -9999 -9999 -9999 -9999 -9999 -9999 12.19 11.83 10.50 11.41 11.68 -9999 -9999 8.80 10.78 7.65 8.91 8.75 8.83 9.41 10.48 8.57 8.08 8.30 8.19 8.68 8.89 8.81 8.32 8.03 8.40 7.30 7.55 9.01 8.13 7.77 7.48 7.55 7.95 7.87 7.55 7.54 7.18 7.27 7.62 7.93 7.70 8.09 7.20 6.74 7.30 8.96 7.57 7.49 7.03 5.94 6.92 6.55 6.24 6.22 6.16 6.03 6.13 7.20 6.44 6.36 6.34 6.40 6.53 6.42 6.32 7.36 6.96 7.44 8.22 8.18
-9999 -9999 -9999 -9999 -9999 -9999 -9999 -9999 -9999 -9999 -9999 -9999 -9999 -9999 -9999 -9999 9.98 9.27 9.12 8.48 7.85 7.82 8.22 8.96 8.69 8.68 9.03 9.46 9.79 9.56 -9999 8.46 8.05 7.64 7.19 7.67 8.82 8.12 8.08 7.58 7.10 7.12 7.80 7.26 7.27 8.01 8.09 7.87 8.43 9.01 8.11 7.81 7.51 7.61 8.36 7.34 7.22 7.01 6.40 6.15 5.94 6.15 6.39 6.07 5.83 6.08 6.30 6.35 6.36 6.36 6.39 6.43 6.59 6.76 7.09 7.13 7.49 7.87 -9999
-9999 -9999 -9999 -9999 -9999 -9999 -9999 -9999 -9999 -9999 -9999 -9999 -9999 -9999 -9999 -9999 -9999 10.02 9.15 8.41 8.49 8.93 8.25 8.27 8.59 9.35 -9999 -9999 -9999 -9999 9.17 8.42 7.99 7.30 7.05 7.62 8.74 8.15 8.24 7.63 6.90 7.45 7.30 8.19 7.80 9.00 8.02 8.09 7.84 8.09 8.00 7.57 8.09 6.88 7.17 7.33 6.38 6.44 6.12 5.83 5.60 5.37 5.40 5.61 5.47 5.63 5.80 6.03 6.09 7.05 7.27 6.52 6.62 6.82 6.95 7.19 7.88 8.79 8.72
-9999 -9999 -9999 -9999 -9999 -9999 -9999 -9999 -9999 -9999 -9999 -9999 -9999 -9999 -9999 -9999 -9999 -9999 9.90 10.50 9.64 8.96 9.34 9.35 9.75 -9999 -9999 -9999 -9999 9.50 9.44 9.29 7.16 6.76 6.80 8.40 8.89 8.53 7.97 7.10 7.03 6.95 8.00 8.91 8.19 8.20 7.77 7.92 7.79 7.08 7.41 7.45 7.18 7.06 6.91 6.67 6.18 6.14 6.45 6.49 6.34 5.42 5.38 5.44 5.42 6.00 6.14 6.46 6.24 6.82 6.76 6.68 7.38 6.85 7.26 7.41 8.01 7.76 8.03
-9999 -9999 -9999 -9999 -9999 -9999 -9999 -9999 -9999 -9999 -9999 -9999 -9999 -9999 -9999 -9999 -9999 -9999 -9999 10.55 10.51 9.90 10.20 9.86 10.68 -9999 -9999 -9999 9.09 7.83 7.69 8.90 8.45 7.76 6.90 7.82 7.33 8.38 7.75 6.61 7.39 8.08 8.07 7.72 8.28 7.73 7.48 7.37 7.00 6.90 6.83 6.95 7.28 6.94 6.42 6.23 6.11 6.06 6.57 6.36 6.28 5.90 5.49 5.57 5.58 5.87 6.05 6.40 6.45 6.59 6.39 6.91 7.21 7.47 7.22 6.55 7.86 7.07 7.77
-9999 -9999 -9999 -9999 -9999 -9999 -9999 -9999 -9999 -9999 -9999 -9999 -9999 -9999 -9999 -9999 -9999 -9999 -9999 -9999 -9999 -9999 -9999 -9999 -9999 -9999 -9999 10.69 8.26 7.15 7.20 8.64 7.49 7.84 8.19 8.03 7.97 8.00 6.92 6.65 6.80 7.41 7.26 7.39 7.47 7.58 7.39 7.31 8.37 7.32 7.39 6.97 7.28 7.15 6.42 6.23 5.80 6.07 6.58 6.17 5.80 5.72 5.74 5.64 6.05 6.00 6.43 6.27 6.98 7.27 6.84 6.08 7.91 8.40 7.22 6.33 8.26 7.71 7.53
-9999 -9999 -9999 -9999 -9999 -9999 -9999 -9999 -9999 -9999 -9999 -9999 -9999 -9999 -9999 -9999 -9999 -9999 -9999 -9999 -9999 -9999 -9999 -9999 -9999 -9999 -9999 9.01 8.17 7.17 10.65 9.52 7.36 7.85 8.27 8.40 8.48 7.27 6.97 6.76 6.55 7.22 6.95 6.81 7.98 7.78 8.47 7.49 7.69 8.54 7.48 7.22 7.15 6.69 6.41 6.09 5.85 6.07 6.07 6.18 5.83 5.60 5.63 5.48 5.75 7.03 6.68 7.21 7.50 8.11 7.00 6.18 7.09 7.33 6.36 5.88 6.35 7.46 7.93
-9999 -9999 -9999 -9999 -9999 -9999 -9999 -9999 -9999 -9999 -9999 -9999 -9999 -9999 -9999 -9999 -9999 -9999 -9999 -9999 -9999 -9999 -9999 -9999 -9999 -9999 -9999 8.82 7.08 6.00 7.47 9.93 9.30 8.85 8.21 8.93 7.59 7.19 6.79 7.80 7.71 8.06 7.65 7.23 7.45 7.27 7.44 7.65 7.64 7.08 7.07 7.14 7.15 6.70 6.41 6.19 6.02 6.27 6.10 5.91 5.45 5.50 6.16 6.71 6.22 6.84 6.68 6.72 6.79 7.30 8.44 8.21 6.78 6.67 6.89 6.92 6.67 6.72 6.71
-9999 -9999 -9999 -9999 -9999 -9999 -9999 -9999 -9999 -9999 11.78 11.95 10.36 13.57 13.17 13.26 13.55 14.95 9.87 13.67 10.49 -9999 -9999 -9999 -9999 -9999 -9999 8.50 7.55 6.96 6.01 6.63 8.20 9.40 9.08 8.14 7.46 7.29 7.73 8.46 7.80 7.15 7.00 6.57 7.20 7.34 6.96 6.63 6.51 6.81 6.42 6.89 7.27 7.79 7.02 6.48 6.66 6.54 6.15 6.47 5.56 5.29 6.36 7.09 6.20 5.79 6.04 6.19 6.17 6.10 6.33 6.35 6.13 6.07 6.00 6.00 5.90 6.08 6.03
-9999 -9999 -9999 -9999 -9999 -9999 -9999 -9999 -9999 -9999 12.82 12.14 11.75 10.08 11.67 12.99 12.66 13.28 13.58 11.58 10.51 9.23 9.71 11.41 10.08 9.36 8.43 7.97 7.48 7.11 6.58 5.93 6.24 8.20 8.39 7.70 7.11 9.03 7.92 7.09 7.34 7.51 6.73 6.37 7.19 7.14 7.22 6.92 6.88 6.13 6.26 6.64 6.75 6.87 7.43 7.56 6.35 6.08 5.86 5.62 6.06 5.37 8.01 6.86 6.54 6.11 5.79 5.93 5.94 6.67 6.73 5.88 7.03 6.75 7.12 6.21 6.29 6.06 5.97
-9999 -9999 -9999 -9999 -9999 -9999 -9999 -9999 -9999 11.94 10.92 10.24 9.48 8.58 10.24 12.25 12.01 11.45 11.55 11.60 10.76 9.37 8.64 9.35 10.27 8.39 7.86 7.35 7.36 7.90 6.85 6.57 7.34 7.33 7.18 7.30 8.88 7.60 8.51 7.93 7.30 6.61 6.87 6.64 7.24 7.38 7.02 7.28 6.57 6.78 6.60 6.50 6.45 7.46 8.07 6.58 5.85 5.99 7.56 6.40 5.92 5.99 5.88 6.07 6.24 5.96 5.85 6.26 7.04 6.57 5.95 5.97 7.22 6.84 6.72 6.98 6.84 6.52 6.52
-9999 -9999 -9999 -9999 -9999 -9999 -9999 -9999 -9999 -9999 10.47 9.25 8.58 9.69 9.38 9.80 11.80 10.93 9.62 8.83 10.62 11.83 9.82 7.93 8.16 9.59 8.19 6.93 6.90 6.82 7.29 7.25 6.58 6.63 6.91 7.36 8.02 7.13 8.29 7.53 7.41 7.22 7.29 6.77 7.35 7.56 7.35 6.33 6.41 6.89 6.30 5.94 5.79 6.59 7.57 7.32 5.94 6.19 7.08 6.88 6.27 5.63 5.48 5.24 5.46 6.62 6.44 6.26 6.69 7.47 7.00 6.75 7.28 7.30 6.66 7.26 6.54 7.11 6.41
-9999 -9999 -9999 -9999 -9999 -9999 13.28 -9999 -9999 11.57 10.47 10.74 8.80 10.06 8.90 8.55 8.74 9.20 9.84 8.63 9.89 10.63 8.61 7.39 6.53 6.83 6.84 6.49 6.58 6.82 7.44 6.71 6.48 6.91 8.11 7.12 7.53 6.74 7.46 7.18 7.74 8.24 7.63 6.82 6.57 6.68 6.45 6.18 7.24 6.57 6.05 7.31 6.19 6.29 7.72 8.44 6.05 6.28 6.56 6.41 6.01 5.67 5.56 5.76 6.10 6.43 5.89 5.61 5.64 6.12 6.34 6.50 7.05 6.64 6.64 6.60 6.22 6.25 6.16
-9999 -9999 -9999 -9999 -9999 12.22 13.29 13.25 12.86 10.81 10.19 11.48 9.97 9.03 9.22 8.48 9.28 9.68 10.22 8.90 8.36 8.27 7.17 6.30 5.92 6.23 6.82 7.00 6.51 6.54 6.70 6.40 6.41 7.66 7.76 6.99 7.26 7.40 8.30 7.74 7.75 8.60 7.63 7.34 6.54 7.01 6.71 6.87 6.45 6.24 5.85 6.68 6.65 6.13 6.94 6.67 6.23 6.11 5.90 6.46 6.38 6.12 5.86 5.62 5.50 5.43 5.77 6.02 5.89 5.38 5.80 6.20 6.87 7.21 6.95 6.16 6.82 6.78 6.67
-9999 -9999 -9999 -9999 -9999 11.63 11.93 11.37 11.73 10.95 10.33 9.64 10.96 10.72 9.82 10.38 9.95 9.55 10.33 9.19 8.56 7.71 5.79 6.52 7.93 7.62 7.02 6.57 6.24 6.69 7.11 7.31 6.92 7.83 7.43 7.76 7.02 6.45 7.50 8.38 7.59 7.61 7.39 6.91 6.98 7.45 6.83 6.37 6.85 6.94 6.03 6.30 6.30 6.22 6.81 7.09 7.18 8.18 6.36 6.46 5.89 5.66 5.83 5.92 5.54 5.36 5.69 6.28 6.08 5.75 5.61 6.21 6.31 6.45 6.60 6.82 6.09 6.47 7.07
-9999 -9999 -9999 -9999 -9999 11.79 11.13 10.87 11.25 10.93 10.87 9.93 10.32 10.31 9.29 9.88 9.63 9.76 9.79 9.16 6.85 5.31 4.76 6.50 6.73 7.28 7.85 6.57 6.63 6.90 6.69 7.45 7.03 7.72 7.41 7.42 7.22 6.67 7.75 7.35 7.39 7.31 7.10 6.90 7.04 7.52 7.45 6.59 6.40 6.57 7.13 6.25 6.41 6.21 6.44 6.47 6.61 7.15 6.82 7.42 7.87 5.36 7.82 6.74 5.39 5.53 7.90 8.02 7.80 5.77 5.78 5.98 5.88 6.19 5.96 6.81 7.54 9.20 8.39
-9999 -9999 -9999 -9999 -9999 10.69 10.53 10.53 10.53 10.31 10.33 9.95 9.62 10.32 9.74 9.50 9.59 8.67 8.48 8.12 7.58 5.03 5.27 6.87 6.35 7.26 7.47 6.66 7.05 7.43 6.80 7.17 7.40 7.40 7.28 7.29 7.77 8.35 6.94 7.45 7.34 7.29 7.07 6.95 7.14 7.44 6.91 6.92 6.69 6.91 7.17 7.53 7.04 7.63 7.17 6.73 6.58 6.39 6.15 6.15 6.29 5.81 7.11 6.96 7.37 7.01 7.43 7.92 8.36 6.04 6.18 6.14 6.21 6.34 6.89 7.68 7.88 -9999 -9999
-9999 -9999 -9999 -9999 -9999 10.05 9.96 10.04 10.46 10.91 10.42 10.17 9.89 10.16 10.80 10.06 9.33 8.43 8.50 8.08 7.63 6.87 5.46 5.48 5.34 6.96 6.35 5.38 7.56 7.53 6.88 8.89 8.12 8.55 8.92 8.42 8.17 8.51 7.58 6.99 7.31 7.23 6.79 6.86 6.96 7.27 6.76 6.97 7.48 7.85 7.72 7.70 7.79 7.75 7.80 7.70 7.38 6.89 6.67 6.84 7.12 7.25 7.49 7.60 7.73 -9999 -9999 7.41 7.72 7.50 7.18 6.73 8.74 7.30 -9999 -9999 -9999 -9999 -9999
-9999 -9999 -9999 -9999 11.93 10.41 10.15 9.47 10.18 10.46 11.27 10.49 11.22 10.80 10.82 9.98 9.24 8.64 8.45 8.04 7.68 7.53 6.84 6.45 6.68 6.51 5.51 7.62 8.36 6.71 6.45 7.40 7.62 8.59 8.59 7.81 7.62 7.42 7.25 7.73 7.51 7.54 7.20 7.08 7.34 7.87 7.71 7.50 7.55 7.72 7.93 -9999 -9999 8.39 8.82 8.82 8.47 8.14 7.85 7.92 -9999 -9999 -9999 -9999 -9999 -9999 -9999 -9999 -9999 -9999 7.62 8.10 9.34 8.29 -9999 -9999 -9999 -9999 -9999
-9999 -9999 -9999 12.68 11.64 10.35 10.52 9.50 9.43 9.38 9.43 9.44 12.22 12.69 11.41 10.55 10.10 10.06 9.06 8.26 7.75 7.98 7.64 8.92 9.02 8.42 8.16 9.38 7.66 7.71 7.69 8.37 9.14 8.10 7.33 7.75 7.22 7.35 7.19 7.29 7.23 8.15 8.76 8.67 8.40 8.36 8.55 8.00 -9999 7.31 7.91 7.82 8.12 8.46 -9999 -9999 -9999 -9999 8.85 -9999 -9999 -9999 -9999 -9999 -9999 -9999 -9999 -9999 -9999 -9999 -9999 -9999 -9999 -9999 -9999 -9999 -9999 -9999 -9999
-9999 -9999 12.78 12.51 12.37 11.32 9.96 9.43 9.09 8.11 7.76 9.16 13.41 14.43 10.83 10.14 11.74 9.34 10.46 8.48 7.96 9.92 8.86 8.37 8.27 8.38 -9999 -9999 -9999 -9999 -9999 8.49 9.60 9.32 8.16 7.96 7.67 7.27 7.29 7.22 7.64 8.36 -9999 -9999 -9999 -9999 -9999 8.65 8.73 8.07 7.54 7.60 8.88 8.59 -9999 -9999 -9999 -9999 -9999 -9999 -9999 -9999 -9999 -9999 -9999 -9999 -9999 -9999 -9999 -9999 -9999 -9999 -9999 -9999 -9999 -9999 -9999 -9999 -9999
-9999 9.46 10.34 11.85 12.14 11.19 10.73 9.88 8.37 8.51 8.28 10.19 12.49 13.64 12.57 11.65 10.09 10.56 9.40 9.40 8.83 10.14 9.81 -9999 -9999 -9999 -9999 -9999 -9999 -9999 -9999 -9999 8.86 9.15 8.29 9.10 9.66 9.80 8.19 9.62 9.49 9.84 -9999 -9999 -9999 -9999 -9999 -9999 -9999 7.87 8.28 7.45 8.04 -9999 -9999 -9999 -9999 -9999 -9999 -9999 -9999 -9999 -9999 -9999 -9999 -9999 -9999 -9999 -9999 -9999 -9999 -9999 -9999 -9999 -9999 -9999 -9999 -9999 -9999
11.07 9.47 9.71 10.84 12.10 12.31 11.00 9.31 9.05 9.19 8.84 9.82 12.14 11.28 11.59 11.25 11.64 7.61 9.54 11.70 9.77 -9999 -9999 -9999 -9999 -9999 -9999 -9999 -9999 -9999 -9999 -9999 -9999 -9999 9.58 -9999 -9999 -9999 -9999 8.76 10.49 10.72 -9999 -9999 -9999 -9999 -9999 -9999 -9999 -9999 8.13 9.64 8.56 -9999 -9999 -9999 -9999 -9999 -9999 -9999 -9999 -9999 -9999 -9999 -9999 -9999 -9999 -9999 -9999 -9999 -9999 -9999 -9999 -9999 -9999 -9999 -9999 -9999 -9999
10.30 8.99 9.64 10.74 11.25 11.89 10.98 10.21 10.74 8.30 7.31 8.55 11.06 11.53 10.38 9.38 10.41 8.45 8.31 9.18 -9999 -9999 -9999 -9999 -9999 -9999 -9999 -9999 -9999 -9999 -9999 -9999 -9999 -9999 10.40 -9999 -9999 -9999 -9999 -9999 -9999 -9999 -9999 -9999 -9999 -9999 -9999 -9999 -9999 -9999 -9999 -9999 -9999 -9999 -9999 -9999 -9999 -9999 -9999 -9999 -9999 -9999 -9999 -9999 -9999 -9999 -9999 -9999 -9999 -9999 -9999 -9999 -9999 -9999 -9999 -9999 -9999 -9999 -9999
10.70 9.27 9.95 10.16 10.24 10.79 10.38 10.25 10.91 8.00 7.29 7.85 9.67 13.22 13.69 8.84 8.99 8.77 9.25 10.76 -9999 -9999 -9999 -9999 -9999 -9999 -9999 -9999 -9999 -9999 -9999 -9999 -9999 -9999 -9999 -9999 -9999 -9999 -9999 -9999 -9999 -9999 -9999 -9999 -9999 -9999 -9999 -9999 -9999 -9999 -9999 -9999 -9999 -9999 -9999 -9999 -9999 -9999 -9999 -9999 -9999 -9999 -9999 -9999 -9999 -9999 -9999 -9999 -9999 -9999 -9999 -9999 -9999 -9999 -9999 -9999 -9999 -9999 -9999
11.52 10.75 10.57 10.16 10.71 10.12 9.86 9.84 8.86 8.78 8.01 7.61 9.70 11.61 11.58 10.15 8.52 8.70 10.82 9.90 -9999 -9999 -9999 -9999 -9999 -9999 -9999 -9999 -9999 -9999 -9999 -9999 -9999 -9999 -9999 -9999 -9999 -9999 -9999 -9999 -9999 -9999 -9999 -9999 -9999 -9999 -9999 -9999 -9999 -9999 -9999 -9999 -9999 -9999 -9999 -9999 -9999 -9999 -9999 -9999 -9999 -9999 -9999 -9999 -9999 -9999 -9999 -9999 -9999 -9999 -9999 -9999 -9999 -9999 -9999 -9999 -9999 -9999 -9999
12.14 11.55 11.23 10.05 10.50 10.03 11.68 11.08 9.84 9.43 9.78 8.50 8.79 9.53 9.48 9.03 8.94 9.45 9.99 10.04 -9999 -9999 -9999 -9999 -9999 -9999 -9999 -9999 -9999 -9999 -9999 -9999 -9999 -9999 -9999 -9999 -9999 -9999 -9999 -9999 -9999 -9999 -9999 -9999 -9999 -9999 -9999 -9999 -9999 -9999 -9999 -9999 -9999 -9999 -9999 -9999 -9999 -9999 -9999 -9999 -9999 -9999 -9999 -9999 -9999 -9999 -9999 -9999 -9999 -9999 -9999 -9999 -9999 -9999 -9999 -9999 -9999 -9999 -9999
10.79 10.91 10.27 11.08 12.36 12.03 10.87 10.95 10.94 10.83 9.91 10.20 9.43 8.47 8.55 9.39 10.14 10.36 9.87 10.53 -9999 -9999 -9999 -9999 -9999 -9999 -9999 -9999 -9999 -9999 -9999 -9999 -9999 -9999 -9999 -9999 -9999 -9999 -9999 -9999 -9999 -9999 -9999 -9999 -9999 -9999 -9999 -9999 -9999 -9999 -9999 -9999 -9999 -9999 -9999 -9999 -9999 -9999 -9999 -9999 -9999 -9999 -9999 -9999 -9999 -9999 -9999 -9999 -9999 -9999 -9999 -9999 -9999 -9999 -9999 -9999 -9999 -9999 -9999
11.16 11.42 -9999 -9999 -9999 -9999 -9999 -9999 -9999 -9999 -9999 10.93 11.27 10.08 9.37 8.95 9.87 10.36 10.05 -9999 -9999 -9999 -9999 -9999 -9999 -9999 -9999 -9999 -9999 -9999 -9999 -9999 -9999 -9999 -9999 -9999 -9999 -9999 -9999 -9999 -9999 -9999 -9999 -9999 -9999 -9999 -9999 -9999 -9999 -9999 -9999 -9999 -9999 -9999 -9999 -9999 -9999 -9999 -9999 -9999 -9999 -9999 -9999 -9999 -9999 -9999 -9999 -9999 -9999 -9999 -9999 -9999 -9999 -9999 -9999 -9999 -9999 -9999 -9999
11.68 12.14 -9999 -9999 -9999 -9999 -9999 -9999 -9999 -9999 -9999 -9999 -9999 -9999 9.98 9.47 9.68 9.93 -9999 -9999 -9999 -9999 -9999 -9999 -9999 -9999 -9999 -9999 -9999 -9999 -9999 -9999 -9999 -9999 -9999 -9999 -9999 -9999 -9999 -9999 -9999 -9999 -9999 -9999 -9999 -9999 -9999 -9999 -9999 -9999 -9999 -9999 -9999 -9999 -9999 -9999 -9999 -9999 -9999 -9999 -9999 -9999 -9999 -9999 -9999 -9999 -9999 -9999 -9999 -9999 -9999 -9999 -9999 -9999 -9999 -9999 -9999 -9999 -9999
-9999 -9999 -9999 -9999 -9999 -9999 -9999 -9999 -9999 -9999 -9999 -9999 -9999 -9999 10.88 11.76 12.17 11.61 -9999 -9999 -9999 -9999 -9999 -9999 -9999 -9999 -9999 -9999 -9999 -9999 -9999 -9999 -9999 -9999 -9999 -9999 -9999 -9999 -9999 -9999 -9999 -9999 -9999 -9999 -9999 -9999 -9999 -9999 -9999 -9999 -9999 -9999 -9999 -9999 -9999 -9999 -9999 -9999 -9999 -9999 -9999 -9999 -9999 -9999 -9999 -9999 -9999 -9999 -9999 -9999 -9999 -9999 -9999 -9999 -9999 -9999 -9999 -9999 -9999
-9999 -9999 -9999 -9999 -9999 -9999 -9999 -9999 -9999 -9999 -9999 -9999 -9999 -9999 -9999 -9999 -9999 -9999 -9999 -9999 -9999 -9999 -9999 -9999 -9999 -9999 -9999 -9999 -9999 -9999 -9999 -9999 -9999 -9999 -9999 -9999 -9999 -9999 -9999 -9999 -9999 -9999 -9999 -9999 -9999 -9999 -9999 -9999 -9999 -9999 -9999 -9999 -9999 -9999 -9999 -9999 -9999 -9999 -9999 -9999 -9999 -9999 -9999 -9999 -9999 -9999 -9999 -9999 -9999 -9999 -9999 -9999 -9999 -9999 -9999 -9999 -9999 -9999 -9999
-9999 -9999 -9999 -9999 -9999 -9999 -9999 -9999 -9999 -9999 -9999 -9999 -9999 -9999 -9999 -9999 -9999 -9999 -9999 -9999 -9999 -9999 -9999 -9999 -9999 -9999 -9999 -9999 -9999 -9999 -9999 -9999 -9999 -9999 -9999 -9999 -9999 -9999 -9999 -9999 -9999 -9999 -9999 -9999 -9999 -9999 -9999 -9999 -9999 -9999 -9999 -9999 -9999 -9999 -9999 -9999 -9999 -9999 -9999 -9999 -9999 -9999 -9999 -9999 -9999 -9999 -9999 -9999 -9999 -9999 -9999 -9999 -9999 -9999 -9999 -9999 -9999 -9999 -9999
