ML/MeanWindSpeed_1999-01_Actual.txt
ncols         180
nrows         290
xllcorner     -200000
yllcorner     -200000
cellsize      5000
NODATA_value  -9999
[rows 136 to 169 of 290, columns 78 to 155 of 180]
-9999 14.72 12.43 10.39 13.25 11.89 13.55 11.88 10.71 8.94 8.81 10.99 16.22 13.54 12.60 10.57 10.44 10.43 9.85 10.70 11.71 9.86 10.92 9.96 10.22 9.96 10.00 9.83 9.46 8.85 8.87 9.66 9.25 9.00 10.45 11.04 11.46 12.15 11.83 8.36 9.27 12.01 11.11 9.65 9.80 9.48 9.90 9.40 10.57 12.04 -9999 -9999 -9999 -9999 -9999 -9999 -9999 -9999 -9999 -9999 -9999 -9999 -9999 -9999 -9999 -9999 -9999 -9999 -9999 -9999 -9999 -9999 -9999 -9999 -9999 -9999 -9999 -9999
-9999 15.10 12.96 9.71 12.76 10.87 12.08 11.43 10.93 10.32 8.70 12.85 12.89 12.37 14.52 11.42 10.56 10.13 8.37 11.08 15.83 12.04 -9999 -9999 -9999 10.46 10.05 -9999 9.20 9.14 9.10 8.32 7.90 9.68 11.47 10.31 10.50 11.72 11.04 12.16 11.49 9.03 7.87 8.18 8.63 9.20 7.16 7.98 8.78 10.94 -9999 -9999 -9999 -9999 -9999 -9999 -9999 -9999 -9999 -9999 -9999 -9999 -9999 -9999 -9999 -9999 -9999 -9999 -9999 -9999 -9999 -9999 -9999 -9999 -9999 -9999 -9999 -9999
-9999 13.86 15.52 11.55 11.34 11.90 12.85 12.40 11.58 10.61 9.50 10.93 16.86 13.47 14.02 10.98 10.89 12.64 9.67 11.26 12.79 13.09 -9999 -9999 -9999 10.62 9.58 9.54 9.55 8.92 8.23 6.61 7.97 11.65 12.29 10.23 13.49 10.36 10.23 12.84 9.96 10.48 10.36 10.00 7.61 8.67 9.82 8.16 7.67 9.81 -9999 -9999 -9999 -9999 -9999 -9999 -9999 -9999 -9999 -9999 -9999 -9999 -9999 -9999 -9999 -9999 -9999 -9999 -9999 -9999 -9999 -9999 -9999 -9999 -9999 -9999 -9999 -9999
-9999 -9999 15.06 14.77 12.70 -9999 13.85 13.81 12.51 11.64 10.87 -9999 13.87 12.37 12.95 10.63 12.37 13.46 12.47 13.13 -9999 -9999 -9999 -9999 12.00 9.95 9.03 8.99 9.61 9.55 8.17 6.74 6.67 11.60 16.04 9.15 14.23 10.53 12.38 13.59 10.89 12.33 10.25 8.17 9.65 9.79 8.10 5.74 6.98 10.02 11.00 -9999 -9999 -9999 -9999 -9999 -9999 -9999 -9999 -9999 -9999 -9999 -9999 -9999 -9999 -9999 -9999 -9999 -9999 -9999 -9999 -9999 -9999 -9999 -9999 -9999 -9999 -9999
-9999 -9999 -9999 15.52 -9999 -9999 -9999 13.81 13.89 12.44 12.54 13.83 -9999 -9999 14.30 12.36 15.21 16.57 -9999 -9999 -9999 -9999 -9999 13.20 11.62 8.86 8.99 8.93 9.69 9.34 9.81 9.15 6.20 9.17 13.19 14.85 11.74 13.68 14.65 15.02 12.23 12.88 12.93 11.21 8.63 8.55 8.55 5.42 6.66 9.77 11.99 -9999 -9999 -9999 -9999 -9999 -9999 -9999 -9999 -9999 -9999 -9999 -9999 -9999 -9999 -9999 -9999 -9999 -9999 -9999 -9999 -9999 -9999 -9999 -9999 -9999 -9999 -9999
-9999 -9999 -9999 15.57 15.40 -9999 -9999 -9999 13.86 14.44 14.16 14.80 -9999 -9999 -9999 -9999 15.44 -9999 -9999 -9999 -9999 -9999 -9999 11.64 10.16 8.78 9.64 11.21 11.37 10.28 10.35 9.30 7.40 7.57 11.81 13.63 10.08 16.00 15.38 16.63 13.04 13.12 14.50 11.34 9.28 8.52 6.51 4.94 6.51 9.45 11.74 -9999 -9999 -9999 -9999 -9999 -9999 -9999 -9999 -9999 -9999 -9999 -9999 -9999 -9999 -9999 -9999 -9999 -9999 -9999 -9999 -9999 -9999 -9999 -9999 -9999 -9999 -9999
-9999 -9999 -9999 -9999 16.87 -9999 -9999 -9999 -9999 14.41 15.58 15.41 -9999 -9999 -9999 -9999 -9999 -9999 -9999 -9999 -9999 -9999 12.87 11.10 10.59 10.06 10.26 12.48 12.43 11.61 11.50 10.59 9.27 6.81 8.63 15.63 16.39 16.33 15.95 13.22 12.08 12.46 10.43 7.93 10.08 9.94 6.27 5.47 7.04 9.35 11.72 13.30 -9999 -9999 -9999 -9999 -9999 -9999 -9999 -9999 -9999 -9999 -9999 -9999 -9999 -9999 -9999 -9999 -9999 -9999 -9999 -9999 -9999 -9999 -9999 -9999 -9999 -9999
-9999 -9999 -9999 -9999 18.17 -9999 -9999 -9999 -9999 -9999 -9999 -9999 -9999 -9999 -9999 -9999 -9999 -9999 -9999 -9999 -9999 -9999 13.03 10.68 9.00 7.43 6.69 15.44 13.31 12.21 14.08 11.13 11.71 5.93 5.85 12.87 17.98 14.91 12.93 17.25 19.29 17.53 14.67 12.66 7.88 8.09 7.51 8.29 7.92 9.21 11.78 13.14 13.85 -9999 -9999 -9999 -9999 -9999 -9999 -9999 -9999 -9999 -9999 -9999 -9999 -9999 -9999 -9999 -9999 -9999 -9999 -9999 -9999 -9999 -9999 -9999 -9999 -9999
-9999 -9999 -9999 -9999 -9999 -9999 -9999 -9999 -9999 -9999 -9999 -9999 -9999 -9999 -9999 -9999 -9999 -9999 -9999 -9999 -9999 13.74 12.14 9.78 8.39 11.54 6.65 20.84 20.27 11.92 12.68 11.54 10.29 9.66 5.79 7.50 17.81 17.72 15.68 13.95 12.76 15.28 14.54 12.94 10.32 8.79 8.29 7.94 8.35 10.13 10.66 11.12 12.32 -9999 -9999 -9999 -9999 -9999 -9999 -9999 -9999 -9999 -9999 -9999 -9999 -9999 -9999 -9999 -9999 -9999 -9999 -9999 -9999 -9999 -9999 -9999 -9999 -9999
-9999 -9999 -9999 -9999 -9999 -9999 -9999 -9999 -9999 -9999 -9999 -9999 -9999 -9999 -9999 -9999 -9999 -9999 -9999 -9999 -9999 12.24 12.31 8.57 11.17 19.83 11.16 8.05 14.95 15.57 12.79 12.24 11.18 10.20 7.97 7.51 9.80 19.47 17.09 16.09 13.66 13.37 13.16 10.75 9.99 9.73 10.47 8.88 10.09 9.76 10.14 9.86 10.45 11.65 12.72 13.13 -9999 -9999 -9999 -9999 -9999 -9999 -9999 -9999 -9999 -9999 -9999 -9999 -9999 -9999 -9999 -9999 -9999 -9999 -9999 -9999 -9999 -9999
-9999 -9999 -9999 -9999 -9999 -9999 -9999 -9999 -9999 -9999 -9999 -9999 -9999 -9999 -9999 -9999 -9999 -9999 -9999 -9999 -9999 11.91 10.82 9.81 14.09 10.22 9.42 11.22 16.08 12.12 11.01 15.01 9.32 11.68 9.87 9.08 8.78 12.41 15.24 15.29 14.53 13.87 11.50 11.22 10.22 9.42 9.05 9.37 9.40 9.81 9.10 8.73 8.81 12.39 11.08 12.56 13.84 13.90 -9999 -9999 -9999 -9999 -9999 -9999 -9999 -9999 -9999 -9999 -9999 -9999 -9999 -9999 -9999 -9999 -9999 -9999 -9999 -9999
-9999 -9999 -9999 -9999 -9999 -9999 -9999 -9999 -9999 -9999 -9999 -9999 -9999 -9999 -9999 -9999 -9999 -9999 -9999 -9999 -9999 11.86 10.19 10.88 17.00 18.76 13.83 9.60 10.97 11.68 15.00 10.11 13.97 11.85 10.95 11.41 10.44 8.51 9.75 14.74 14.36 13.47 12.54 11.39 10.68 10.48 10.18 9.50 9.70 9.36 8.62 8.82 8.59 9.69 12.82 12.31 12.72 14.42 14.68 13.12 -9999 -9999 -9999 -9999 -9999 -9999 -9999 -9999 -9999 -9999 -9999 -9999 -9999 -9999 -9999 -9999 -9999 -9999
-9999 -9999 -9999 -9999 -9999 -9999 -9999 -9999 -9999 -9999 -9999 -9999 -9999 -9999 -9999 -9999 -9999 -9999 -9999 -9999 -9999 12.83 10.30 11.90 13.46 9.24 23.25 19.23 10.72 12.80 10.19 15.06 15.88 11.59 10.01 10.68 10.24 7.86 16.51 15.19 14.91 15.76 16.17 15.15 11.35 12.49 10.81 10.15 9.94 9.60 9.27 8.77 7.75 8.68 11.70 10.59 10.25 11.10 12.90 11.74 15.22 -9999 -9999 -9999 -9999 -9999 -9999 -9999 -9999 -9999 -9999 -9999 -9999 -9999 -9999 -9999 -9999 -9999
-9999 -9999 -9999 -9999 -9999 -9999 -9999 -9999 -9999 14.16 14.43 15.02 -9999 -9999 -9999 -9999 -9999 -9999 -9999 -9999 -9999 -9999 12.60 10.57 8.93 11.72 14.79 18.43 11.06 7.68 13.17 12.62 11.32 9.64 11.58 11.36 9.22 10.15 13.35 14.08 18.46 17.19 14.71 14.05 14.72 12.85 11.19 10.46 9.89 9.56 8.54 7.86 12.36 11.27 14.92 15.55 14.25 12.79 9.98 13.62 14.63 13.81 -9999 -9999 -9999 -9999 -9999 -9999 -9999 -9999 -9999 -9999 -9999 -9999 -9999 -9999 -9999 -9999
-9999 -9999 -9999 -9999 -9999 -9999 -9999 -9999 -9999 13.02 12.87 -9999 -9999 -9999 -9999 -9999 -9999 -9999 -9999 -9999 -9999 -9999 -9999 10.71 7.85 12.53 13.70 22.47 12.82 12.78 11.98 9.28 7.89 7.97 7.48 16.26 9.26 10.69 16.69 14.07 11.22 10.73 15.90 11.68 14.94 12.62 11.08 10.17 9.70 8.62 8.77 11.40 12.56 11.67 11.24 10.59 11.85 12.83 12.41 13.17 13.38 16.02 -9999 -9999 -9999 -9999 -9999 -9999 -9999 -9999 -9999 -9999 -9999 -9999 -9999 -9999 -9999 -9999
-9999 -9999 -9999 -9999 -9999 -9999 -9999 -9999 11.98 15.30 15.15 14.55 -9999 -9999 -9999 -9999 -9999 -9999 -9999 -9999 -9999 -9999 -9999 10.93 12.98 13.74 14.87 12.47 13.52 11.18 10.47 8.95 8.18 9.96 7.93 6.54 16.55 11.95 11.37 15.64 13.69 17.14 13.92 14.47 12.83 12.16 11.28 10.83 9.60 8.36 9.46 11.27 10.58 11.80 12.83 12.05 12.38 11.85 12.26 12.96 11.64 15.19 14.28 -9999 -9999 -9999 -9999 -9999 -9999 -9999 -9999 -9999 -9999 -9999 -9999 -9999 -9999 -9999
-9999 -9999 -9999 -9999 -9999 -9999 -9999 10.40 14.65 16.97 21.27 14.74 -9999 -9999 -9999 -9999 -9999 -9999 -9999 -9999 -9999 -9999 -9999 12.78 17.73 14.25 10.09 11.87 10.77 11.45 9.23 7.94 8.72 9.67 6.89 13.89 10.94 14.94 11.93 17.55 11.58 13.33 11.37 13.89 12.12 12.30 12.06 10.43 9.94 8.53 8.35 12.28 13.19 13.00 11.67 11.60 10.98 10.66 11.00 13.16 13.40 13.16 14.37 -9999 -9999 -9999 -9999 -9999 -9999 -9999 -9999 -9999 -9999 -9999 -9999 -9999 -9999 -9999
-9999 -9999 -9999 -9999 -9999 -9999 12.94 11.44 19.05 16.44 16.38 -9999 -9999 -9999 -9999 -9999 -9999 -9999 -9999 -9999 -9999 -9999 -9999 -9999 13.48 10.80 10.11 12.55 9.71 12.19 9.78 8.67 8.10 8.05 6.18 13.35 13.51 15.02 14.51 15.88 15.91 15.93 14.79 14.31 14.51 13.82 11.27 10.56 10.04 8.93 8.38 9.57 15.11 13.92 11.05 10.24 10.13 9.59 9.74 10.10 10.42 10.23 11.59 13.74 15.06 -9999 -9999 -9999 -9999 -9999 -9999 -9999 -9999 -9999 -9999 -9999 -9999 -9999
-9999 -9999 -9999 -9999 -9999 -9999 15.83 17.33 13.54 14.64 15.45 -9999 -9999 -9999 -9999 -9999 -9999 -9999 -9999 -9999 -9999 -9999 -9999 -9999 -9999 11.66 11.99 11.14 10.12 11.67 10.62 10.26 9.40 9.38 6.46 13.63 12.63 11.55 14.62 13.39 12.37 17.35 17.48 13.71 15.68 14.20 13.28 10.76 9.96 9.47 8.89 9.16 10.60 11.21 10.42 10.27 10.04 9.88 9.52 9.57 9.61 9.84 13.26 13.96 14.09 -9999 -9999 -9999 -9999 -9999 -9999 -9999 -9999 -9999 -9999 -9999 -9999 -9999
-9999 -9999 -9999 -9999 -9999 -9999 17.08 15.54 16.41 15.63 -9999 -9999 -9999 -9999 -9999 -9999 -9999 -9999 -9999 -9999 -9999 -9999 -9999 -9999 -9999 12.97 12.78 12.13 -9999 12.14 -9999 10.96 9.79 8.75 7.13 7.71 13.42 12.02 13.05 17.15 9.08 10.67 17.33 15.31 14.80 14.38 12.77 10.98 10.34 10.11 9.47 9.36 9.78 10.82 11.88 10.57 11.06 9.73 8.94 10.21 11.66 11.35 10.81 11.04 13.44 16.05 17.18 -9999 -9999 -9999 -9999 -9999 -9999 -9999 -9999 -9999 -9999 -9999
-9999 -9999 -9999 -9999 -9999 17.30 16.19 15.78 -9999 -9999 -9999 -9999 -9999 -9999 -9999 -9999 -9999 -9999 -9999 -9999 -9999 -9999 -9999 -9999 -9999 14.40 13.25 12.22 -9999 -9999 -9999 10.64 11.14 7.66 8.71 10.50 8.78 8.07 10.53 15.70 15.22 9.53 14.87 16.90 13.84 15.13 13.63 12.05 9.87 9.97 9.63 9.58 9.75 10.10 10.43 10.26 10.43 8.89 9.79 11.29 12.38 12.95 12.88 12.00 12.25 14.03 15.93 -9999 -9999 -9999 -9999 -9999 -9999 -9999 -9999 -9999 -9999 -9999
-9999 -9999 -9999 -9999 -9999 -9999 -9999 -9999 -9999 -9999 -9999 -9999 -9999 -9999 -9999 -9999 -9999 -9999 -9999 -9999 -9999 -9999 -9999 -9999 -9999 -9999 -9999 -9999 -9999 -9999 11.55 8.83 8.36 10.32 11.61 12.77 12.66 10.57 11.34 14.81 14.33 11.94 10.02 14.07 15.72 13.93 12.73 11.53 10.49 10.20 10.34 9.78 9.67 9.84 9.82 9.47 8.58 9.75 13.23 11.88 12.87 12.14 12.28 11.35 12.43 13.96 -9999 -9999 -9999 -9999 -9999 -9999 -9999 -9999 -9999 -9999 -9999 -9999
-9999 -9999 -9999 -9999 -9999 -9999 -9999 -9999 -9999 -9999 -9999 -9999 -9999 -9999 -9999 -9999 -9999 -9999 -9999 -9999 -9999 -9999 -9999 -9999 -9999 -9999 -9999 -9999 -9999 -9999 10.67 8.23 9.43 12.75 16.04 14.82 11.58 12.77 10.17 10.82 10.03 11.84 12.45 13.89 14.28 13.76 12.37 11.65 11.05 10.22 10.40 9.74 9.70 9.78 9.87 9.51 8.50 9.38 14.34 13.95 12.18 11.78 11.50 11.22 12.34 14.21 -9999 -9999 -9999 -9999 -9999 -9999 -9999 -9999 -9999 -9999 -9999 -9999
-9999 -9999 -9999 -9999 -9999 -9999 -9999 -9999 -9999 -9999 -9999 -9999 -9999 -9999 -9999 -9999 -9999 -9999 -9999 -9999 -9999 -9999 -9999 -9999 -9999 -9999 -9999 -9999 -9999 -9999 9.84 7.66 8.17 12.15 13.75 13.33 12.31 11.79 10.99 11.59 10.12 10.09 10.80 9.37 14.07 12.29 13.42 11.99 11.57 10.18 9.87 9.90 9.80 9.86 9.83 9.71 9.17 9.16 12.05 13.46 12.61 11.81 11.60 11.25 12.11 13.67 -9999 -9999 -9999 -9999 -9999 -9999 -9999 -9999 -9999 -9999 -9999 -9999
-9999 -9999 -9999 -9999 -9999 -9999 -9999 -9999 -9999 -9999 -9999 -9999 -9999 -9999 -9999 -9999 -9999 -9999 -9999 -9999 -9999 -9999 -9999 -9999 -9999 -9999 -9999 -9999 13.71 11.63 9.04 7.36 10.70 13.41 16.76 13.10 14.52 9.17 10.32 10.32 11.70 12.49 12.04 14.23 10.49 10.73 10.73 10.60 10.09 10.98 9.93 9.80 10.10 9.79 9.81 9.94 9.63 9.64 10.48 12.90 12.51 11.72 11.40 11.26 11.57 12.77 14.44 -9999 -9999 -9999 -9999 -9999 -9999 -9999 -9999 -9999 -9999 -9999
-9999 -9999 -9999 -9999 -9999 -9999 -9999 -9999 -9999 -9999 -9999 -9999 -9999 -9999 -9999 -9999 -9999 -9999 -9999 -9999 -9999 -9999 -9999 -9999 -9999 -9999 -9999 -9999 12.80 10.64 9.15 8.27 9.01 12.80 10.68 10.09 7.97 9.87 13.09 10.47 12.65 12.06 13.44 9.84 14.05 11.56 12.77 12.18 12.12 10.81 10.35 9.94 9.73 9.70 9.84 9.90 9.95 9.81 10.00 11.13 12.77 12.11 11.39 11.33 11.13 11.78 13.59 -9999 -9999 -9999 -9999 -9999 -9999 -9999 -9999 -9999 -9999 -9999
-9999 -9999 -9999 -9999 -9999 -9999 -9999 -9999 -9999 -9999 -9999 -9999 -9999 -9999 -9999 -9999 -9999 -9999 -9999 -9999 -9999 -9999 -9999 -9999 -9999 -9999 -9999 -9999 12.76 10.47 9.57 8.99 9.48 10.56 10.94 9.46 8.37 10.02 10.16 9.42 11.73 14.56 12.05 11.60 10.07 11.92 9.98 10.57 11.23 11.60 10.64 10.28 9.72 9.68 9.84 9.94 10.03 10.01 9.85 10.49 12.23 13.10 11.81 11.20 10.98 11.01 12.30 14.09 -9999 -9999 -9999 -9999 -9999 -9999 -9999 -9999 -9999 -9999
-9999 -9999 -9999 -9999 -9999 -9999 -9999 -9999 -9999 -9999 -9999 -9999 -9999 -9999 -9999 -9999 -9999 -9999 -9999 -9999 -9999 -9999 -9999 -9999 -9999 -9999 -9999 -9999 12.43 10.63 10.01 9.87 9.65 9.54 9.41 10.06 11.00 8.39 8.22 9.42 14.37 14.58 15.70 14.12 11.91 11.59 12.09 10.46 9.71 10.91 11.39 10.23 9.73 9.76 9.70 9.91 10.15 10.34 10.14 10.39 12.61 14.03 12.68 11.97 11.62 11.02 11.26 12.89 14.60 -9999 -9999 -9999 -9999 -9999 -9999 -9999 -9999 -9999
-9999 -9999 -9999 -9999 -9999 -9999 -9999 -9999 -9999 -9999 -9999 -9999 -9999 -9999 -9999 -9999 -9999 -9999 -9999 -9999 -9999 -9999 -9999 -9999 -9999 -9999 -9999 -9999 12.49 10.49 9.92 9.55 9.02 8.44 9.17 8.65 9.55 10.17 12.23 13.94 15.20 12.67 14.56 12.82 12.45 10.79 12.29 11.60 10.63 9.95 9.81 9.96 9.69 9.76 9.88 10.11 10.30 10.64 10.83 11.07 11.95 13.24 12.88 12.23 12.06 11.83 11.46 11.65 13.47 -9999 -9999 -9999 -9999 -9999 -9999 -9999 -9999 -9999
-9999 -9999 -9999 -9999 -9999 -9999 -9999 -9999 -9999 -9999 -9999 -9999 -9999 -9999 -9999 -9999 -9999 -9999 -9999 -9999 -9999 -9999 -9999 -9999 -9999 -9999 -9999 -9999 -9999 10.53 9.97 9.28 8.22 8.46 10.46 10.63 11.28 9.92 9.90 12.46 12.73 14.73 13.99 11.77 9.87 10.39 10.28 11.49 10.41 10.08 10.73 10.38 9.67 9.92 9.92 10.17 10.26 10.51 10.92 11.35 11.84 11.92 12.14 12.29 12.44 -9999 12.18 12.55 13.62 15.54 -9999 -9999 -9999 -9999 -9999 -9999 -9999 -9999
-9999 -9999 -9999 -9999 -9999 -9999 -9999 -9999 -9999 -9999 -9999 -9999 -9999 -9999 -9999 -9999 -9999 -9999 -9999 -9999 -9999 -9999 -9999 -9999 -9999 -9999 -9999 -9999 12.17 10.38 9.75 8.76 7.64 7.49 12.03 12.95 10.76 13.68 13.37 11.22 11.12 15.87 14.27 14.71 11.63 9.70 11.79 10.19 9.41 10.08 10.29 9.93 10.05 9.78 9.85 9.98 10.24 10.18 10.37 12.09 11.48 11.01 12.48 11.78 12.04 12.12 -9999 13.39 14.36 15.90 17.10 -9999 -9999 -9999 -9999 -9999 -9999 -9999
-9999 -9999 -9999 -9999 -9999 -9999 -9999 -9999 -9999 -9999 -9999 -9999 -9999 -9999 -9999 -9999 -9999 -9999 -9999 -9999 -9999 -9999 -9999 -9999 -9999 -9999 -9999 -9999 11.70 9.89 9.33 8.63 9.78 8.65 10.26 13.67 10.47 10.84 11.14 8.82 8.70 13.14 13.11 13.15 9.80 11.86 12.83 10.37 11.28 10.33 10.89 10.67 10.19 9.72 9.74 9.83 9.92 9.79 9.77 10.19 10.73 9.85 10.30 11.14 10.80 11.82 12.44 -9999 -9999 -9999 -9999 -9999 -9999 -9999 -9999 -9999 -9999 -9999
-9999 -9999 -9999 -9999 -9999 -9999 -9999 -9999 -9999 -9999 -9999 -9999 -9999 -9999 -9999 -9999 -9999 -9999 -9999 -9999 -9999 -9999 -9999 -9999 -9999 -9999 -9999 13.48 10.74 9.36 10.00 9.56 9.61 9.17 10.58 11.08 10.38 9.93 9.26 8.73 8.73 11.74 14.92 15.28 11.02 13.87 13.31 10.70 10.85 9.74 10.37 10.74 10.09 9.57 9.84 9.81 9.78 9.88 9.65 9.98 10.22 9.98 9.81 11.40 11.00 11.07 11.54 12.97 14.46 -9999 -9999 -9999 -9999 -9999 -9999 -9999 -9999 -9999
-9999 -9999 -9999 -9999 -9999 -9999 -9999 -9999 -9999 -9999 -9999 -9999 -9999 -9999 -9999 -9999 -9999 -9999 -9999 -9999 -9999 -9999 -9999 -9999 -9999 -9999 -9999 -9999 10.80 9.33 9.17 9.71 11.71 9.54 9.44 9.52 9.83 9.97 9.16 8.49 7.85 8.27 12.73 14.55 15.90 13.37 13.90 12.70 11.43 11.59 9.38 9.64 10.59 9.64 9.67 9.59 9.61 9.86 9.65 9.81 10.26 9.80 9.22 9.49 12.17 11.21 10.94 11.49 12.58 14.02 15.64 -9999 -9999 -9999 -9999 -9999 -9999 -9999
