ML/MeanWindSpeed_1992-02_Actual.txt
ncols         180
nrows         290
xllcorner     -200000
yllcorner     -200000
cellsize      5000
NODATA_value  -9999
[rows 170 to 203 of 290, columns 78 to 155 of 180]
-9999 -9999 -9999 -9999 -9999 -9999 -9999 -9999 -9999 -9999 -9999 -9999 -9999 -9999 -9999 -9999 -9999 -9999 -9999 -9999 -9999 -9999 -9999 -9999 -9999 -9999 -9999 -9999 10.50 9.68 9.17 9.34 9.60 9.71 9.43 9.00 9.15 8.83 8.56 8.43 8.28 8.90 8.75 13.85 16.74 17.46 15.61 14.20 13.12 11.48 11.06 9.68 10.19 8.90 8.77 8.57 8.62 8.75 8.88 9.38 9.59 9.39 8.75 9.07 10.92 10.55 10.85 9.80 9.86 10.78 12.18 -9999 -9999 -9999 -9999 -9999 -9999 -9999
-9999 -9999 -9999 -9999 -9999 -9999 -9999 -9999 16.04 15.20 15.62 16.60 -9999 -9999 -9999 -9999 -9999 -9999 -9999 -9999 -9999 -9999 -9999 -9999 -9999 -9999 -9999 11.23 10.00 10.10 9.45 10.21 9.81 9.36 9.27 9.28 9.04 8.99 8.74 8.54 8.32 8.06 10.94 14.07 14.77 13.19 16.35 15.55 12.29 11.87 9.56 11.40 10.81 9.14 8.88 8.63 8.65 8.78 8.94 9.37 9.90 9.75 8.99 8.87 9.19 10.88 10.88 11.27 9.66 9.50 10.83 12.50 -9999 -9999 -9999 -9999 -9999 -9999
-9999 -9999 -9999 -9999 -9999 -9999 -9999 -9999 15.14 14.20 14.08 14.62 -9999 -9999 -9999 -9999 -9999 -9999 -9999 -9999 -9999 -9999 -9999 -9999 -9999 -9999 11.33 10.79 9.95 10.17 11.00 9.86 9.84 9.00 9.00 9.19 9.02 9.18 9.21 8.40 7.89 7.94 9.80 15.61 16.06 12.86 14.71 14.34 13.82 10.83 9.52 10.64 10.64 9.50 8.58 8.46 8.69 9.20 9.22 9.40 9.73 10.15 9.47 9.14 8.95 10.47 10.63 10.68 9.77 9.50 9.94 11.61 -9999 -9999 -9999 -9999 -9999 -9999
-9999 -9999 -9999 -9999 -9999 -9999 18.44 15.19 13.36 13.43 13.12 14.03 13.62 14.50 15.10 -9999 -9999 15.06 13.78 -9999 -9999 -9999 12.02 13.15 12.53 -9999 9.65 10.90 10.13 9.80 10.19 9.63 9.88 9.77 10.20 9.76 9.73 8.96 9.18 8.43 8.47 11.65 9.49 11.72 14.41 10.18 11.99 16.62 11.71 12.75 10.29 10.46 10.16 9.36 8.94 8.83 8.92 9.28 9.09 9.44 9.53 10.26 9.52 9.15 9.01 9.30 9.94 10.94 10.60 9.51 9.39 10.75 12.58 -9999 -9999 -9999 -9999 -9999
-9999 -9999 -9999 -9999 -9999 -9999 -9999 15.66 13.90 13.05 12.41 12.44 13.34 14.45 12.24 -9999 11.95 12.23 13.52 12.83 13.67 10.58 9.42 12.97 13.14 11.82 -9999 9.00 10.30 10.14 9.45 9.42 10.11 9.53 9.27 9.20 9.05 9.18 8.73 8.76 8.60 11.82 12.48 12.24 13.07 12.49 14.19 14.66 13.16 10.64 9.73 11.01 10.59 9.11 9.42 8.98 9.41 9.49 9.14 9.31 9.41 10.29 9.61 9.20 9.05 8.74 9.38 10.18 10.94 10.12 9.40 10.02 11.78 -9999 -9999 -9999 -9999 -9999
-9999 -9999 -9999 -9999 -9999 -9999 -9999 -9999 15.03 14.04 12.92 12.04 11.44 9.30 8.56 14.60 19.89 10.07 13.20 13.93 13.55 11.80 8.93 8.57 10.88 13.17 11.06 8.92 9.06 9.81 9.23 9.45 10.63 9.86 9.29 8.83 8.90 8.90 8.51 8.33 8.32 12.91 14.13 12.32 12.76 11.18 10.59 12.01 12.14 10.05 9.50 10.42 9.59 8.98 9.41 9.03 9.87 9.30 9.27 9.18 9.18 10.39 9.47 9.12 8.99 8.65 8.98 9.48 9.66 10.01 10.39 9.39 11.02 12.98 -9999 -9999 -9999 -9999
-9999 -9999 -9999 -9999 -9999 -9999 -9999 -9999 -9999 15.75 13.13 11.21 9.07 7.59 9.86 22.27 15.49 7.64 13.10 10.38 13.84 13.74 10.12 7.62 13.00 11.55 12.20 10.62 8.97 8.93 8.91 8.42 9.50 9.96 9.56 9.15 8.74 8.85 8.48 8.11 9.53 10.64 14.29 12.56 13.36 12.54 8.96 11.02 12.62 9.79 9.62 10.11 9.34 9.12 9.13 8.98 9.83 9.08 8.97 9.18 8.97 9.76 9.69 9.15 8.89 8.67 8.72 9.23 10.35 9.58 9.09 9.22 10.61 12.64 -9999 -9999 -9999 -9999
-9999 -9999 -9999 -9999 -9999 -9999 -9999 -9999 -9999 -9999 13.08 10.20 9.25 10.06 18.94 21.30 14.84 10.88 10.58 11.89 13.83 14.51 13.96 9.69 8.66 13.73 11.80 10.87 9.88 8.83 8.64 8.84 9.08 9.50 9.11 8.69 8.80 8.73 8.52 8.62 9.31 11.09 12.28 10.67 11.11 12.56 10.83 8.57 12.10 9.62 9.40 9.81 9.07 9.00 8.83 9.22 9.66 9.00 8.85 8.89 8.69 10.22 9.69 9.09 8.84 8.72 8.99 8.96 9.08 8.91 8.86 9.25 10.95 12.81 -9999 -9999 -9999 -9999
-9999 -9999 -9999 -9999 -9999 -9999 -9999 -9999 -9999 -9999 12.30 10.25 11.40 12.72 14.71 17.98 11.28 8.42 10.29 12.87 13.62 14.81 13.43 10.16 7.77 13.70 13.76 11.49 10.48 8.77 8.42 8.86 9.76 9.44 9.13 8.89 8.41 8.19 8.58 10.19 10.02 8.49 12.59 10.55 11.03 12.57 12.48 10.36 9.41 8.86 7.83 9.04 9.65 8.82 8.69 8.46 8.86 8.60 8.85 8.55 8.38 8.88 9.26 8.87 8.92 8.81 8.89 8.82 8.67 8.73 9.24 10.28 11.86 -9999 -9999 -9999 -9999 -9999
-9999 -9999 -9999 -9999 -9999 -9999 -9999 -9999 -9999 -9999 10.99 10.21 10.91 10.26 14.35 13.14 10.15 11.17 9.39 10.71 13.52 12.69 14.84 12.23 8.68 12.61 13.83 13.20 10.26 9.21 8.27 9.13 10.21 9.95 9.18 8.68 8.33 8.59 9.78 10.00 8.63 8.46 10.99 10.80 10.53 10.51 10.02 10.00 10.41 7.60 8.36 8.58 8.35 8.73 8.36 9.02 8.21 8.36 8.47 8.14 8.08 9.52 8.73 8.43 8.53 8.74 8.82 8.81 8.77 8.99 10.13 11.59 -9999 -9999 -9999 -9999 -9999 -9999
-9999 -9999 -9999 -9999 -9999 -9999 -9999 -9999 -9999 12.14 17.80 11.26 11.83 12.63 8.62 17.29 15.08 14.01 12.42 14.39 11.95 12.85 11.67 10.33 11.47 14.75 13.60 12.91 10.13 9.00 8.23 9.58 9.81 9.44 9.08 8.47 8.50 9.75 9.33 8.78 9.71 10.48 8.56 12.32 11.49 9.05 9.64 9.09 8.40 8.26 7.60 7.57 7.75 8.68 8.30 7.80 8.94 8.22 8.19 8.13 8.32 9.56 8.71 8.32 8.49 8.55 8.75 8.70 8.76 9.75 11.15 -9999 -9999 -9999 -9999 -9999 -9999 -9999
-9999 -9999 -9999 -9999 -9999 -9999 -9999 13.26 12.47 15.30 13.32 11.13 11.35 12.02 8.45 9.54 11.17 14.55 14.03 15.02 13.93 14.15 9.29 11.74 11.76 9.65 10.37 9.86 10.26 9.33 8.63 9.39 9.63 9.54 8.84 8.85 9.94 9.32 9.53 8.67 9.99 10.56 10.16 9.19 8.44 9.80 9.32 8.80 8.68 8.52 8.28 7.19 8.02 7.96 7.45 7.65 7.96 8.16 8.29 8.03 8.39 9.47 8.69 8.21 8.39 8.38 8.55 8.57 9.06 10.28 -9999 -9999 -9999 -9999 -9999 12.75 12.51 12.13
-9999 -9999 -9999 -9999 -9999 -9999 13.42 12.98 12.79 12.85 12.48 12.18 10.91 9.03 8.16 9.31 10.56 12.95 19.11 12.21 10.57 10.11 7.54 13.20 14.39 13.90 11.16 9.98 10.23 9.86 9.35 9.50 9.92 9.42 9.02 9.04 9.74 10.05 8.70 8.59 10.02 10.12 9.69 9.17 9.24 9.48 8.43 8.80 7.93 7.89 8.38 7.84 7.40 7.06 7.39 8.13 7.86 8.01 8.16 8.18 8.40 9.73 9.11 8.40 8.23 8.25 8.43 8.54 9.02 10.01 -9999 -9999 -9999 -9999 -9999 11.42 10.81 10.57
-9999 -9999 -9999 -9999 -9999 13.79 14.31 13.54 13.36 -9999 -9999 -9999 -9999 9.46 14.48 12.29 11.65 13.89 12.37 10.38 12.66 11.72 10.45 18.48 16.22 13.89 14.33 11.45 9.54 9.87 9.79 9.26 9.27 9.06 8.67 9.18 8.90 10.11 8.91 8.71 9.06 9.51 9.66 9.46 8.59 8.62 8.44 8.35 8.07 7.78 7.45 7.28 7.10 7.37 7.99 7.85 7.61 8.16 8.62 8.72 8.68 9.37 9.16 8.94 8.23 8.25 8.32 8.35 8.58 9.38 10.81 -9999 -9999 -9999 -9999 10.38 9.72 9.64
-9999 -9999 -9999 -9999 -9999 15.12 16.25 13.50 14.00 -9999 -9999 -9999 -9999 9.79 12.44 13.66 9.26 13.26 12.52 11.82 14.66 16.08 13.25 16.63 10.74 11.77 11.77 10.71 9.53 9.39 9.49 9.22 9.35 9.69 8.74 9.24 9.06 9.27 9.73 8.83 8.95 8.43 9.12 9.80 10.04 9.87 8.47 7.97 7.90 7.82 8.09 7.50 7.49 7.85 8.08 8.55 7.87 9.40 9.41 9.62 8.88 9.18 9.11 8.91 8.24 8.34 8.34 8.26 8.28 8.48 9.41 10.30 -9999 -9999 10.77 10.18 9.68 9.91
-9999 -9999 -9999 -9999 -9999 -9999 -9999 -9999 -9999 -9999 -9999 -9999 -9999 10.70 14.45 12.59 9.25 10.87 9.33 15.40 15.09 10.96 13.83 13.34 11.98 12.57 10.66 9.88 9.15 9.72 9.34 9.52 9.23 8.81 8.78 8.75 8.62 8.92 9.45 8.83 8.56 8.84 9.12 8.74 9.35 9.44 7.73 8.81 9.63 8.66 8.68 8.32 7.29 7.88 8.62 9.39 9.10 8.60 8.95 9.56 9.10 9.38 9.13 8.99 8.27 8.39 8.39 8.33 8.22 8.00 8.26 8.90 9.77 10.17 9.87 9.76 9.01 9.85
-9999 -9999 -9999 -9999 -9999 -9999 -9999 -9999 -9999 -9999 -9999 -9999 -9999 -9999 14.42 7.26 7.37 10.36 14.07 13.43 15.22 14.46 10.92 12.05 13.26 10.32 9.82 9.13 9.04 8.96 9.28 9.26 9.16 8.84 8.65 8.56 8.76 8.62 9.19 8.89 8.46 10.40 9.81 8.61 8.37 8.24 8.23 8.10 8.99 9.16 8.78 9.75 8.09 7.72 8.28 7.96 8.28 8.38 8.24 9.30 9.30 9.07 8.83 9.14 8.48 8.50 8.43 8.31 8.25 8.23 8.27 8.31 8.77 9.12 9.26 9.11 9.08 10.00
-9999 -9999 -9999 -9999 -9999 -9999 -9999 -9999 -9999 -9999 -9999 -9999 -9999 -9999 10.31 13.91 14.67 12.57 10.99 10.64 13.20 11.53 11.75 10.33 9.92 11.57 9.17 9.01 10.53 9.97 9.63 9.13 8.45 8.34 8.89 8.76 9.63 9.49 9.24 8.71 8.23 10.04 10.81 9.54 8.48 8.00 8.19 8.16 8.00 8.28 9.07 11.09 9.77 7.98 7.53 7.84 8.76 9.62 9.54 9.06 9.48 9.26 9.22 9.03 8.72 8.66 8.51 8.49 8.42 8.40 8.45 8.54 8.72 8.93 9.26 9.20 8.95 9.66
-9999 -9999 -9999 -9999 -9999 -9999 -9999 -9999 -9999 -9999 -9999 -9999 -9999 12.46 11.82 9.57 16.59 11.42 9.55 12.09 11.98 10.95 13.62 10.52 10.08 11.98 8.59 14.00 11.33 9.67 9.73 10.50 8.84 8.40 10.94 10.67 9.72 8.65 9.04 8.90 8.55 9.14 9.69 9.47 8.74 8.32 8.11 8.16 8.36 8.13 9.27 9.24 8.72 8.14 7.71 8.25 9.08 9.93 9.88 8.91 9.11 9.48 9.52 9.19 8.90 8.74 8.65 8.61 8.55 8.49 8.55 8.66 8.64 8.82 9.43 9.39 9.09 9.33
-9999 -9999 -9999 -9999 -9999 -9999 -9999 -9999 -9999 -9999 -9999 -9999 -9999 11.18 11.61 16.21 10.94 7.21 9.31 9.56 11.08 13.56 13.45 11.07 10.70 10.56 8.89 9.38 10.14 11.54 11.38 9.48 9.30 9.12 9.55 10.01 8.65 8.42 9.01 8.90 9.32 9.57 9.09 9.30 8.96 8.48 8.23 8.13 8.12 8.13 8.90 9.15 8.65 7.75 7.96 8.96 9.95 9.37 9.95 9.90 9.51 9.32 9.95 9.20 9.28 8.87 8.75 8.58 8.56 8.55 8.52 8.55 8.61 8.73 9.56 9.40 8.99 9.09
-9999 -9999 -9999 -9999 -9999 -9999 -9999 -9999 -9999 -9999 -9999 -9999 -9999 12.25 13.67 7.58 9.14 8.49 9.91 9.95 14.20 12.70 14.36 11.92 11.03 9.27 8.03 8.44 11.18 13.13 14.15 9.67 10.95 10.00 10.19 9.75 8.13 8.35 8.61 8.85 9.32 8.85 8.91 9.99 9.25 8.32 8.28 9.31 7.97 8.32 8.67 8.54 8.08 7.84 8.37 8.80 9.09 9.24 9.29 8.80 8.91 9.54 9.72 8.84 8.78 8.82 8.68 8.61 8.48 8.35 8.42 8.47 8.56 8.70 9.00 8.88 9.04 8.93
-9999 -9999 -9999 -9999 -9999 -9999 -9999 -9999 -9999 -9999 -9999 -9999 -9999 -9999 8.29 9.16 11.13 13.54 14.60 12.60 12.94 11.28 9.08 9.18 8.56 9.44 9.43 8.38 9.48 10.04 12.95 10.81 9.69 9.73 10.99 10.32 8.29 9.06 8.11 8.28 10.43 8.99 8.76 8.65 8.76 7.99 8.01 9.50 8.84 8.20 8.65 8.31 8.07 8.37 9.09 8.71 8.59 8.29 8.93 8.34 9.50 9.60 8.76 8.64 9.11 8.88 8.50 8.42 8.27 8.24 8.32 8.38 8.48 8.54 8.59 8.66 8.89 8.91
-9999 -9999 -9999 -9999 -9999 -9999 -9999 -9999 -9999 -9999 -9999 -9999 -9999 -9999 9.26 9.89 10.98 13.26 16.11 14.89 11.76 9.37 8.21 9.72 11.59 13.36 14.86 11.71 9.36 9.79 10.85 10.13 8.32 11.50 10.84 10.40 9.06 9.67 8.40 8.04 8.84 10.18 9.69 8.95 8.38 7.92 8.11 8.99 8.68 8.29 8.30 8.65 8.81 9.03 9.48 8.81 8.43 9.47 9.51 9.47 9.32 9.50 8.68 9.05 9.46 8.54 8.33 8.29 8.19 8.22 8.24 8.28 8.36 8.43 8.51 8.49 8.46 8.44
-9999 -9999 -9999 -9999 -9999 -9999 -9999 -9999 -9999 -9999 -9999 -9999 -9999 10.70 8.45 8.83 10.85 12.45 12.17 12.03 9.94 10.83 15.09 12.53 12.74 12.83 10.97 10.12 10.69 10.89 9.36 8.50 9.03 10.96 10.88 10.23 9.01 9.79 8.01 7.92 9.31 8.95 9.31 9.31 8.61 8.07 8.15 8.89 8.68 8.02 8.25 8.28 8.20 8.93 8.66 9.56 8.99 9.65 9.05 9.31 9.42 8.68 8.57 9.36 9.20 8.28 8.17 8.40 8.15 8.25 8.25 8.36 8.35 8.32 8.35 8.22 8.56 8.94
-9999 -9999 -9999 -9999 -9999 -9999 -9999 -9999 -9999 -9999 -9999 -9999 -9999 12.70 10.20 8.45 8.08 10.31 14.13 13.83 12.44 10.93 11.59 12.83 13.98 14.19 10.61 12.43 13.40 9.74 11.63 7.94 8.56 10.32 11.94 9.24 9.74 8.39 7.42 7.65 8.34 10.87 9.48 9.45 8.93 8.55 8.53 8.65 8.35 7.94 8.06 7.97 7.91 7.91 9.05 9.50 9.47 10.06 9.20 8.80 8.83 8.53 8.95 9.34 9.00 8.53 8.79 8.55 8.73 8.36 8.34 8.54 8.55 8.31 8.21 8.09 8.18 8.99
-9999 -9999 -9999 -9999 -9999 -9999 -9999 -9999 -9999 -9999 -9999 -9999 -9999 11.20 9.54 6.10 7.19 10.06 14.28 13.02 13.27 10.90 12.33 11.75 10.67 11.74 12.19 11.85 10.45 9.22 9.72 11.91 8.82 8.89 9.02 9.33 10.57 9.03 7.50 7.63 8.26 8.66 8.63 9.47 9.01 8.71 8.81 8.11 7.64 8.14 8.29 8.36 7.86 8.40 9.48 9.45 8.68 8.93 9.72 8.89 9.21 8.47 9.31 9.42 8.67 8.54 8.70 8.21 8.39 8.29 8.29 8.34 8.22 8.17 8.20 8.16 8.54 8.19
-9999 -9999 -9999 -9999 -9999 -9999 -9999 -9999 -9999 -9999 -9999 -9999 10.67 11.05 12.06 9.16 7.29 10.89 12.40 14.71 14.60 9.85 10.00 9.20 10.67 12.36 10.65 10.40 11.98 10.55 9.88 9.50 8.73 8.15 8.34 9.30 9.20 8.76 8.36 7.80 7.56 8.21 8.63 8.12 8.52 8.34 8.84 8.06 8.01 8.14 7.72 7.65 7.99 9.02 8.89 8.88 8.31 9.13 9.35 9.08 8.42 9.18 9.28 9.37 9.42 8.95 8.54 8.40 8.24 8.30 8.30 8.15 8.05 7.96 7.97 8.14 8.50 8.50
-9999 -9999 -9999 -9999 -9999 -9999 -9999 -9999 -9999 -9999 -9999 12.20 11.46 11.43 9.15 7.36 10.06 12.89 13.80 12.41 13.99 10.41 11.32 9.78 9.69 15.60 11.32 11.70 9.79 10.09 8.84 8.49 8.79 9.79 8.96 10.69 9.07 9.28 7.97 7.67 7.70 7.98 8.38 8.02 8.13 8.47 8.57 7.44 7.96 7.90 7.94 8.07 8.44 9.01 8.38 9.04 8.63 8.91 8.28 8.24 9.31 9.64 9.20 9.37 9.19 8.39 8.75 8.77 8.68 8.54 8.20 7.94 7.70 7.90 7.96 8.54 8.82 9.03
-9999 -9999 -9999 -9999 -9999 -9999 -9999 -9999 -9999 13.61 12.12 10.72 8.72 7.89 7.83 8.16 11.22 12.47 14.22 15.77 14.12 12.05 8.51 10.77 10.40 13.94 11.26 10.40 10.40 9.21 8.92 7.85 8.72 10.44 9.96 10.12 8.31 8.40 8.02 7.95 8.40 8.09 8.46 7.81 7.93 8.21 7.54 7.41 7.72 8.48 8.21 8.87 9.50 9.10 8.66 8.23 8.03 8.71 9.16 8.97 9.38 8.59 9.21 9.35 8.74 8.04 8.09 8.86 8.71 8.67 7.93 7.65 7.43 7.69 8.62 8.92 8.71 9.43
-9999 -9999 -9999 -9999 -9999 13.37 12.14 10.72 13.32 13.16 13.06 12.77 10.09 8.93 8.06 12.56 11.24 13.16 13.87 13.75 11.16 10.06 8.19 9.32 9.15 14.87 13.51 11.65 9.53 9.71 9.12 10.44 7.95 9.56 9.97 9.61 9.11 8.32 7.70 8.48 8.02 7.63 8.66 7.77 7.81 7.45 7.57 7.94 8.51 7.88 8.52 8.12 8.55 9.40 9.27 9.01 8.71 9.15 9.18 8.93 8.71 9.40 8.54 8.48 8.28 7.93 8.52 8.73 8.80 8.20 7.70 7.68 7.79 8.74 8.85 8.42 9.04 8.32
-9999 -9999 -9999 -9999 14.23 11.96 12.09 11.07 10.39 11.79 11.18 11.52 9.57 8.07 10.96 11.77 12.15 9.28 14.37 11.14 9.11 13.64 10.83 7.79 13.95 12.36 11.91 8.55 8.19 8.77 11.57 8.88 8.23 8.13 8.33 9.80 9.67 9.44 8.07 8.17 7.67 7.69 8.35 8.00 7.75 7.64 7.74 8.22 8.14 9.80 8.11 7.76 8.21 8.99 8.52 8.49 8.14 8.34 8.79 8.64 9.34 8.87 8.34 8.35 8.50 8.01 8.24 8.33 7.94 7.82 7.76 7.78 7.88 8.30 8.94 8.83 8.87 8.47
-9999 -9999 -9999 14.14 13.37 10.32 9.69 9.70 10.50 9.85 10.12 9.30 9.92 13.67 10.93 9.70 12.68 7.84 10.45 10.39 13.37 12.90 13.54 11.46 11.01 9.90 8.15 12.44 11.83 8.57 8.96 8.56 8.16 8.49 7.90 8.09 9.74 9.94 7.77 7.37 7.46 8.00 7.44 7.19 7.73 9.84 7.93 7.76 8.45 9.14 8.37 7.81 8.35 8.84 8.79 9.26 8.72 8.11 8.02 8.04 9.02 8.72 8.18 8.88 8.70 8.06 8.11 8.02 7.85 8.10 8.20 8.16 8.31 8.34 8.86 8.20 8.04 8.31
14.13 12.07 13.51 11.10 10.67 11.04 9.94 9.52 11.35 10.05 9.82 10.02 12.67 12.07 10.40 11.33 10.68 8.92 9.06 12.25 12.67 11.17 11.46 12.92 9.47 6.77 12.31 13.82 11.16 10.94 8.68 8.98 8.13 8.42 10.09 8.29 10.19 8.57 7.58 7.19 7.50 9.04 6.92 7.40 11.09 8.70 8.08 8.12 8.79 9.49 8.12 8.08 8.33 8.05 8.55 8.57 8.13 7.87 8.20 7.88 8.24 8.60 8.64 8.29 7.96 7.63 7.52 7.99 9.28 8.77 9.60 9.00 8.04 8.98 8.58 8.57 8.23 8.07
10.60 10.01 12.51 15.12 13.82 13.28 10.36 11.32 12.85 11.53 10.95 12.91 11.23 10.60 12.82 10.14 7.94 9.03 9.70 12.17 11.97 11.60 11.09 9.93 7.50 9.39 18.30 14.74 11.27 8.97 9.48 8.94 10.20 8.69 9.21 8.40 8.19 8.00 7.95 7.30 7.06 7.15 6.87 10.21 10.90 10.04 8.69 8.26 10.53 9.06 8.23 8.27 7.81 8.42 8.34 8.06 7.44 8.47 8.11 7.55 8.97 8.82 7.95 7.77 7.64 7.43 7.84 8.77 9.22 9.15 9.66 9.02 8.65 9.13 8.61 7.90 8.17 8.08
