ML/MeanWindSpeed_2000-12_Actual.txt
ncols         180
nrows         290
xllcorner     -200000
yllcorner     -200000
cellsize      5000
NODATA_value  -9999
[rows 210 to 244 of 290, columns 78 to 155 of 180]
19.11 19.14 17.39 19.31 18.98 -9999 -9999 -9999 -9999 -9999 -9999 -9999 11.89 11.75 12.95 12.27 12.59 12.79 14.09 15.73 17.83 16.67 14.67 13.04 12.93 11.57 14.42 14.58 10.49 9.23 13.16 13.10 14.31 10.88 9.99 9.97 9.41 10.10 10.86 10.92 11.31 10.88 10.30 9.84 9.34 8.79 8.41 7.80 8.24 7.80 7.91 8.06 8.27 8.65 8.27 8.44 9.80 9.98 9.24 10.80 10.60 9.90 9.70 8.98 8.67 9.26 9.51 8.97 8.44 8.19 9.29 8.24 8.55 9.54 8.94 8.95 9.03 8.29
-9999 19.44 -9999 -9999 -9999 -9999 -9999 -9999 -9999 -9999 17.22 15.33 14.55 15.63 14.94 13.83 12.92 13.19 13.05 15.24 16.70 15.54 11.34 11.22 15.10 13.42 13.18 11.26 9.94 9.51 12.28 12.61 12.52 10.65 10.08 10.11 8.51 11.47 11.85 10.77 11.07 10.63 10.24 9.84 9.22 9.35 8.34 8.01 7.25 7.26 7.33 7.65 7.81 8.53 7.98 9.15 11.11 10.00 10.53 8.84 10.11 9.59 9.09 9.90 9.44 9.48 9.89 8.99 8.18 8.15 8.14 8.78 9.34 8.63 9.18 9.00 8.38 8.21
-9999 -9999 -9999 -9999 -9999 -9999 -9999 -9999 -9999 -9999 18.71 17.68 15.30 16.60 17.10 -9999 -9999 12.93 15.61 10.90 12.49 11.79 11.76 12.54 14.15 11.24 10.81 11.28 10.85 11.71 12.27 12.34 11.61 10.73 11.00 9.37 9.56 11.58 10.59 10.31 10.32 10.45 10.68 10.10 9.05 8.84 8.04 7.99 8.53 9.01 8.51 8.96 7.84 7.78 8.79 11.18 9.58 9.84 9.35 8.03 9.67 9.36 9.12 9.01 9.02 8.94 8.77 9.98 8.45 8.10 7.90 7.90 8.18 8.00 7.68 9.33 8.83 9.37
-9999 -9999 -9999 -9999 -9999 -9999 -9999 -9999 -9999 -9999 -9999 -9999 -9999 -9999 -9999 -9999 -9999 14.26 12.81 12.13 10.70 9.48 9.58 10.15 11.36 11.26 11.82 12.47 13.09 13.86 13.59 -9999 11.29 10.58 10.03 9.50 9.68 11.37 10.64 10.80 10.40 9.69 9.42 9.93 8.99 9.11 10.18 10.25 9.86 10.61 11.31 9.69 9.19 9.01 9.20 10.58 9.40 9.35 9.14 8.35 8.30 8.50 9.17 9.29 8.82 8.51 8.51 8.37 7.85 7.63 7.41 7.44 7.63 7.92 8.05 8.50 8.64 9.37
-9999 -9999 -9999 -9999 -9999 -9999 -9999 -9999 -9999 -9999 -9999 -9999 -9999 -9999 -9999 -9999 -9999 -9999 13.73 11.82 10.17 10.04 10.89 10.07 10.43 11.39 12.99 -9999 -9999 -9999 -9999 12.34 10.48 10.01 9.59 9.59 10.05 11.70 10.83 11.19 10.52 9.38 10.07 9.51 10.79 10.24 12.02 10.61 10.76 10.25 10.57 10.17 9.18 9.86 8.07 8.94 9.42 7.97 8.06 7.56 7.63 8.00 8.22 8.42 8.50 7.81 7.61 7.38 7.15 6.86 8.00 8.23 7.15 7.14 7.33 7.79 8.40 9.77
-9999 -9999 -9999 -9999 -9999 -9999 -9999 -9999 -9999 -9999 -9999 -9999 -9999 -9999 -9999 -9999 -9999 -9999 -9999 13.07 13.37 11.70 10.97 12.51 12.68 13.57 -9999 -9999 -9999 -9999 13.38 12.13 11.33 8.44 8.50 8.92 11.43 12.10 11.64 11.13 10.03 9.91 9.56 10.95 12.21 11.01 11.03 10.30 10.26 9.86 8.89 9.39 9.21 8.61 8.47 8.64 8.47 7.84 7.82 8.13 8.51 8.98 8.07 8.16 8.02 7.44 7.54 7.06 7.07 6.27 6.93 6.89 6.90 7.75 6.89 8.17 8.51 9.04
-9999 -9999 -9999 -9999 -9999 -9999 -9999 -9999 -9999 -9999 -9999 -9999 -9999 -9999 -9999 -9999 -9999 -9999 -9999 -9999 13.56 13.01 12.50 14.70 14.03 15.31 -9999 -9999 -9999 12.72 10.28 8.72 10.17 10.12 9.55 8.58 10.25 9.77 11.64 10.99 9.39 10.71 11.53 11.39 10.93 11.41 10.32 9.70 9.16 8.48 8.32 8.17 8.29 8.74 8.48 8.07 8.03 8.07 7.99 8.53 8.24 8.65 8.41 7.82 7.65 6.88 6.25 5.92 6.20 6.02 6.26 6.40 7.47 7.72 8.10 8.19 7.30 8.79
-9999 -9999 -9999 -9999 -9999 -9999 -9999 -9999 -9999 -9999 -9999 -9999 -9999 -9999 -9999 -9999 -9999 -9999 -9999 -9999 -9999 -9999 -9999 -9999 -9999 -9999 -9999 -9999 15.20 11.33 9.23 8.31 9.59 8.08 9.13 10.21 10.38 10.54 10.87 9.23 8.73 9.20 10.23 10.08 10.47 10.41 10.53 10.20 9.86 11.22 9.36 9.25 8.40 8.75 8.71 7.96 8.01 7.65 7.96 8.58 7.96 7.58 7.44 7.17 6.91 7.17 6.40 6.88 6.53 7.54 8.05 7.74 6.66 9.11 9.93 8.69 7.32 9.81
-9999 -9999 -9999 -9999 -9999 -9999 -9999 -9999 -9999 -9999 -9999 -9999 -9999 -9999 -9999 -9999 -9999 -9999 -9999 -9999 -9999 -9999 -9999 -9999 -9999 -9999 -9999 -9999 12.76 11.48 9.94 14.90 12.67 8.68 9.04 9.82 10.57 11.22 9.44 8.76 8.54 8.68 10.03 9.93 9.74 11.39 11.16 12.38 10.97 11.03 12.03 10.05 9.05 8.52 7.79 7.60 7.39 7.45 7.90 7.86 7.96 7.46 6.90 6.43 6.20 6.89 8.83 8.16 8.82 9.16 10.07 8.57 7.35 8.46 8.78 7.68 7.02 7.61
-9999 -9999 -9999 -9999 -9999 -9999 -9999 -9999 -9999 -9999 -9999 -9999 -9999 -9999 -9999 -9999 -9999 -9999 -9999 -9999 -9999 -9999 -9999 -9999 -9999 -9999 -9999 -9999 12.15 9.68 8.79 11.21 14.68 12.99 11.43 10.07 11.43 9.86 9.37 8.78 10.62 10.89 11.54 11.08 10.07 10.05 10.06 10.70 11.37 11.39 10.31 9.82 9.28 8.83 7.90 7.45 7.55 7.75 8.40 8.12 7.80 7.12 6.96 7.50 8.08 7.48 8.64 8.28 8.06 8.14 8.91 10.61 10.10 7.76 7.49 7.92 8.23 8.27
-9999 -9999 -9999 -9999 -9999 -9999 -9999 -9999 -9999 -9999 -9999 17.27 17.05 14.35 18.49 16.68 15.18 14.21 15.92 8.31 14.44 10.30 -9999 -9999 -9999 -9999 -9999 -9999 11.28 9.70 9.49 8.94 10.27 12.20 13.31 12.23 10.68 9.65 9.50 10.22 11.54 10.88 10.19 10.31 9.92 9.49 10.13 10.03 9.85 9.57 9.85 9.12 9.56 9.71 9.96 8.53 8.14 8.85 8.69 7.71 8.39 7.50 7.12 8.16 8.88 7.53 7.06 7.41 7.17 6.96 6.78 7.10 6.89 6.18 5.99 6.02 6.07 6.12
-9999 -9999 -9999 -9999 -9999 -9999 -9999 -9999 -9999 -9999 -9999 19.59 18.12 17.57 14.51 15.79 16.49 14.30 13.93 13.88 10.86 9.31 8.61 10.85 14.23 12.14 11.35 10.60 10.36 9.54 9.04 8.97 9.00 9.67 11.99 11.72 10.61 9.53 12.44 10.72 9.77 10.42 10.94 10.22 10.19 11.46 10.73 10.67 10.27 9.86 8.46 8.72 9.27 9.24 8.78 9.03 9.32 8.14 7.75 6.98 6.85 8.12 7.30 11.03 8.93 8.22 7.41 6.85 6.93 6.66 7.44 7.42 6.04 7.43 6.80 7.41 6.06 6.30
-9999 -9999 -9999 -9999 -9999 -9999 -9999 -9999 -9999 -9999 17.79 15.92 14.66 14.01 12.63 14.63 16.63 14.95 12.95 12.63 12.41 10.80 9.41 9.89 11.73 13.25 10.43 9.98 9.56 9.55 10.30 8.97 9.11 10.82 10.77 10.37 10.66 12.94 11.04 12.09 11.36 10.52 9.60 10.28 10.53 11.61 11.38 10.61 10.84 9.33 9.17 8.87 8.62 8.42 9.53 9.76 7.76 7.55 7.73 9.69 7.92 7.56 7.80 7.83 8.08 8.02 7.35 7.10 7.76 8.65 7.52 6.43 6.19 7.81 7.20 7.14 7.52 7.36
-9999 -9999 -9999 -9999 -9999 -9999 -9999 -9999 -9999 -9999 -9999 14.50 12.74 11.89 13.59 13.19 13.27 15.16 12.96 10.81 9.69 11.79 13.55 12.11 10.67 11.13 12.90 10.88 9.21 9.24 9.14 9.71 9.85 9.26 9.27 9.73 10.65 11.94 10.57 11.70 10.31 10.25 10.19 10.73 10.47 11.44 11.48 11.20 9.63 9.20 9.47 8.31 7.44 7.12 8.03 8.86 8.75 7.51 7.85 8.79 8.50 7.71 6.91 6.95 6.90 7.24 8.81 8.36 8.03 8.69 9.68 8.69 7.75 8.10 7.94 6.96 7.82 6.71
-9999 -9999 -9999 -9999 -9999 -9999 -9999 17.04 -9999 -9999 15.31 13.66 13.99 10.48 12.45 11.12 10.52 10.18 9.95 10.62 9.41 11.59 13.06 11.03 10.07 8.76 8.60 8.72 8.79 8.96 9.22 9.88 8.89 8.87 9.25 11.07 9.98 11.30 10.25 10.68 9.95 11.07 11.90 11.28 10.44 9.93 9.80 9.65 9.27 10.32 8.95 7.87 9.33 7.51 7.30 8.82 9.88 6.54 6.95 7.40 7.10 6.78 6.72 6.61 7.14 7.98 8.38 7.25 6.77 6.98 7.76 7.74 7.46 7.94 7.07 6.80 6.67 6.10
-9999 -9999 -9999 -9999 -9999 -9999 16.76 17.24 16.81 16.32 13.47 12.31 14.01 11.16 10.03 10.99 10.15 11.12 11.00 11.57 10.40 10.65 11.78 10.64 9.03 8.21 8.28 8.94 9.42 8.56 8.55 8.83 8.56 8.74 10.31 10.43 9.68 10.69 11.13 12.41 11.37 11.49 12.73 11.26 11.00 9.54 9.76 9.38 9.66 8.74 8.13 7.06 7.88 7.71 6.70 7.71 7.26 6.46 6.20 6.01 6.55 6.59 6.67 6.16 5.81 6.18 6.19 6.22 6.28 6.41 6.19 6.99 7.40 8.16 8.39 7.72 6.27 7.02
-9999 -9999 -9999 -9999 -9999 -9999 16.32 15.54 14.09 14.33 13.20 12.36 11.19 12.81 12.60 11.62 12.91 12.44 11.63 12.75 11.67 12.03 12.78 10.50 10.98 12.58 11.56 10.14 9.16 8.33 8.78 9.23 9.49 8.96 10.14 9.46 10.16 9.39 8.89 10.97 12.43 11.23 11.21 11.01 10.37 9.99 10.25 9.31 8.46 8.81 8.54 6.57 6.58 6.56 6.48 7.76 8.54 8.61 10.07 7.16 7.02 6.18 5.97 5.97 6.01 5.95 5.92 6.10 6.46 6.12 6.13 6.05 7.06 7.27 7.39 7.42 7.47 6.16
-9999 -9999 -9999 -9999 -9999 -9999 16.64 14.68 13.69 13.79 12.84 12.80 11.60 11.94 11.89 10.56 12.01 12.20 12.73 13.01 12.57 10.56 10.38 10.36 12.50 12.17 12.34 12.83 10.11 9.35 9.27 8.39 9.14 8.40 9.43 9.06 9.26 9.08 8.72 11.05 10.89 11.09 10.86 10.68 10.57 10.26 10.39 10.09 8.43 7.66 7.28 7.53 5.75 5.79 5.71 6.94 7.93 8.37 9.19 8.34 8.87 9.73 6.11 9.55 7.97 6.38 6.86 10.14 9.68 8.88 5.80 5.63 5.79 5.80 6.77 6.63 7.93 8.92
-9999 -9999 -9999 -9999 -9999 -9999 14.22 13.53 13.19 12.70 11.63 11.33 10.91 10.40 11.35 10.77 11.04 11.95 11.24 11.55 11.49 11.93 10.11 11.39 13.30 12.10 13.44 13.32 10.87 10.69 11.00 9.67 9.45 9.27 9.36 9.49 9.62 10.24 11.32 9.74 10.86 10.73 10.65 10.52 10.50 10.48 10.49 9.28 8.82 7.89 7.51 7.09 7.06 5.97 6.81 7.44 8.58 8.56 7.97 7.24 7.05 7.42 6.84 8.80 8.72 9.61 9.33 10.01 10.37 10.73 6.78 6.63 6.10 6.06 6.89 8.17 9.57 9.94
-9999 -9999 -9999 -9999 -9999 -9999 12.45 12.45 12.61 12.85 12.99 11.81 10.73 9.38 9.73 11.55 11.22 10.84 10.24 10.92 10.87 10.79 10.77 10.57 10.97 10.39 13.17 11.84 9.46 12.51 12.10 10.56 12.72 10.76 11.35 12.31 11.66 11.14 11.72 10.63 10.04 10.59 10.45 9.96 10.27 10.33 10.64 9.44 9.10 9.15 8.84 7.58 6.83 6.68 6.55 7.45 10.36 9.96 8.82 8.13 8.43 8.88 9.10 9.68 10.03 10.32 -9999 -9999 10.24 10.50 9.81 8.95 7.63 10.52 8.63 -9999 -9999 -9999
-9999 -9999 -9999 -9999 -9999 14.00 12.13 12.36 11.98 13.21 13.18 13.87 11.13 10.31 9.76 11.25 10.94 10.15 9.83 10.17 10.24 10.10 9.90 10.74 11.85 12.34 12.35 10.65 13.21 13.92 11.26 10.38 10.87 10.26 11.40 11.51 10.40 10.33 10.16 10.10 11.20 11.11 11.17 10.80 10.84 11.32 11.96 11.32 10.21 9.14 8.04 7.40 -9999 -9999 7.60 8.91 11.75 11.75 10.94 10.18 10.21 -9999 -9999 -9999 -9999 -9999 -9999 -9999 -9999 -9999 -9999 10.28 10.43 12.09 10.63 -9999 -9999 -9999
-9999 -9999 -9999 -9999 15.10 12.81 11.20 12.36 11.66 11.93 11.83 12.07 10.80 12.56 12.95 11.94 11.39 11.49 11.99 10.55 9.91 10.17 10.64 11.20 14.51 15.60 14.96 14.18 15.75 12.85 12.88 12.67 13.06 13.29 11.17 9.79 10.26 9.37 9.58 9.53 9.98 10.18 12.09 13.53 13.59 13.32 13.14 12.99 11.38 -9999 7.53 7.29 6.47 6.81 8.02 -9999 -9999 -9999 -9999 11.87 -9999 -9999 -9999 -9999 -9999 -9999 -9999 -9999 -9999 -9999 -9999 -9999 -9999 -9999 -9999 -9999 -9999 -9999
-9999 -9999 -9999 17.24 14.97 13.75 12.27 11.05 11.21 11.31 10.70 11.18 12.13 15.84 16.96 12.07 10.99 14.36 11.71 13.04 10.26 10.33 13.73 12.86 13.13 13.88 14.30 -9999 -9999 -9999 -9999 -9999 13.45 14.54 13.48 11.37 11.05 10.39 9.65 9.76 9.75 10.65 12.55 -9999 -9999 -9999 -9999 -9999 13.18 12.14 9.57 7.08 6.02 8.28 8.79 -9999 -9999 -9999 -9999 -9999 -9999 -9999 -9999 -9999 -9999 -9999 -9999 -9999 -9999 -9999 -9999 -9999 -9999 -9999 -9999 -9999 -9999 -9999
-9999 -9999 13.08 13.57 14.56 14.19 12.24 12.08 11.97 10.30 11.88 12.77 14.85 16.52 17.32 15.68 14.50 12.76 14.29 11.97 12.05 11.91 14.46 14.66 -9999 -9999 -9999 -9999 -9999 -9999 -9999 -9999 -9999 13.56 13.63 12.03 13.12 14.05 14.31 11.94 14.09 14.16 15.28 -9999 -9999 -9999 -9999 -9999 -9999 -9999 9.85 9.20 7.09 8.00 -9999 -9999 -9999 -9999 -9999 -9999 -9999 -9999 -9999 -9999 -9999 -9999 -9999 -9999 -9999 -9999 -9999 -9999 -9999 -9999 -9999 -9999 -9999 -9999
14.73 14.31 12.23 12.73 14.15 15.31 15.04 13.05 11.24 11.30 12.80 13.47 14.56 16.78 14.27 14.09 14.33 15.91 10.02 12.17 15.89 13.84 -9999 -9999 -9999 -9999 -9999 -9999 -9999 -9999 -9999 -9999 -9999 -9999 -9999 14.25 -9999 -9999 -9999 -9999 13.16 15.85 16.65 -9999 -9999 -9999 -9999 -9999 -9999 -9999 -9999 10.12 11.54 9.85 -9999 -9999 -9999 -9999 -9999 -9999 -9999 -9999 -9999 -9999 -9999 -9999 -9999 -9999 -9999 -9999 -9999 -9999 -9999 -9999 -9999 -9999 -9999 -9999
13.80 12.43 10.60 12.28 14.58 14.86 15.30 13.94 12.76 14.00 11.68 11.11 13.07 15.95 15.01 12.75 11.80 13.92 10.94 10.57 12.76 -9999 -9999 -9999 -9999 -9999 -9999 -9999 -9999 -9999 -9999 -9999 -9999 -9999 -9999 15.77 -9999 -9999 -9999 -9999 -9999 -9999 -9999 -9999 -9999 -9999 -9999 -9999 -9999 -9999 -9999 -9999 -9999 -9999 -9999 -9999 -9999 -9999 -9999 -9999 -9999 -9999 -9999 -9999 -9999 -9999 -9999 -9999 -9999 -9999 -9999 -9999 -9999 -9999 -9999 -9999 -9999 -9999
14.97 12.68 10.34 12.25 13.26 13.26 13.83 13.26 12.95 14.42 11.11 11.22 12.94 15.23 18.64 18.41 11.41 11.58 10.92 12.04 15.46 -9999 -9999 -9999 -9999 -9999 -9999 -9999 -9999 -9999 -9999 -9999 -9999 -9999 -9999 -9999 -9999 -9999 -9999 -9999 -9999 -9999 -9999 -9999 -9999 -9999 -9999 -9999 -9999 -9999 -9999 -9999 -9999 -9999 -9999 -9999 -9999 -9999 -9999 -9999 -9999 -9999 -9999 -9999 -9999 -9999 -9999 -9999 -9999 -9999 -9999 -9999 -9999 -9999 -9999 -9999 -9999 -9999
13.85 14.75 13.13 13.49 13.11 13.81 13.07 12.82 12.61 11.62 12.00 11.63 11.88 15.02 16.89 15.82 13.10 10.36 10.29 14.10 14.00 -9999 -9999 -9999 -9999 -9999 -9999 -9999 -9999 -9999 -9999 -9999 -9999 -9999 -9999 -9999 -9999 -9999 -9999 -9999 -9999 -9999 -9999 -9999 -9999 -9999 -9999 -9999 -9999 -9999 -9999 -9999 -9999 -9999 -9999 -9999 -9999 -9999 -9999 -9999 -9999 -9999 -9999 -9999 -9999 -9999 -9999 -9999 -9999 -9999 -9999 -9999 -9999 -9999 -9999 -9999 -9999 -9999
14.60 16.32 15.23 15.15 13.41 13.98 13.48 16.07 15.12 13.44 12.90 13.61 12.04 12.82 13.89 13.18 11.58 10.86 11.71 13.45 14.53 -9999 -9999 -9999 -9999 -9999 -9999 -9999 -9999 -9999 -9999 -9999 -9999 -9999 -9999 -9999 -9999 -9999 -9999 -9999 -9999 -9999 -9999 -9999 -9999 -9999 -9999 -9999 -9999 -9999 -9999 -9999 -9999 -9999 -9999 -9999 -9999 -9999 -9999 -9999 -9999 -9999 -9999 -9999 -9999 -9999 -9999 -9999 -9999 -9999 -9999 -9999 -9999 -9999 -9999 -9999 -9999 -9999
13.62 14.21 14.71 14.18 15.34 17.16 16.80 15.17 15.42 15.46 15.34 14.06 14.56 13.67 12.57 12.20 12.61 13.27 13.87 13.94 15.50 -9999 -9999 -9999 -9999 -9999 -9999 -9999 -9999 -9999 -9999 -9999 -9999 -9999 -9999 -9999 -9999 -9999 -9999 -9999 -9999 -9999 -9999 -9999 -9999 -9999 -9999 -9999 -9999 -9999 -9999 -9999 -9999 -9999 -9999 -9999 -9999 -9999 -9999 -9999 -9999 -9999 -9999 -9999 -9999 -9999 -9999 -9999 -9999 -9999 -9999 -9999 -9999 -9999 -9999 -9999 -9999 -9999
13.51 15.25 15.99 -9999 -9999 -9999 -9999 -9999 -9999 -9999 -9999 -9999 15.91 16.47 14.72 13.40 12.04 13.07 14.22 14.45 -9999 -9999 -9999 -9999 -9999 -9999 -9999 -9999 -9999 -9999 -9999 -9999 -9999 -9999 -9999 -9999 -9999 -9999 -9999 -9999 -9999 -9999 -9999 -9999 -9999 -9999 -9999 -9999 -9999 -9999 -9999 -9999 -9999 -9999 -9999 -9999 -9999 -9999 -9999 -9999 -9999 -9999 -9999 -9999 -9999 -9999 -9999 -9999 -9999 -9999 -9999 -9999 -9999 -9999 -9999 -9999 -9999 -9999
15.95 16.26 17.31 -9999 -9999 -9999 -9999 -9999 -9999 -9999 -9999 -9999 -9999 -9999 -9999 14.52 13.28 13.42 14.30 -9999 -9999 -9999 -9999 -9999 -9999 -9999 -9999 -9999 -9999 -9999 -9999 -9999 -9999 -9999 -9999 -9999 -9999 -9999 -9999 -9999 -9999 -9999 -9999 -9999 -9999 -9999 -9999 -9999 -9999 -9999 -9999 -9999 -9999 -9999 -9999 -9999 -9999 -9999 -9999 -9999 -9999 -9999 -9999 -9999 -9999 -9999 -9999 -9999 -9999 -9999 -9999 -9999 -9999 -9999 -9999 -9999 -9999 -9999
16.56 -9999 -9999 -9999 -9999 -9999 -9999 -9999 -9999 -9999 -9999 -9999 -9999 -9999 -9999 16.20 17.16 17.76 17.24 -9999 -9999 -9999 -9999 -9999 -9999 -9999 -9999 -9999 -9999 -9999 -9999 -9999 -9999 -9999 -9999 -9999 -9999 -9999 -9999 -9999 -9999 -9999 -9999 -9999 -9999 -9999 -9999 -9999 -9999 -9999 -9999 -9999 -9999 -9999 -9999 -9999 -9999 -9999 -9999 -9999 -9999 -9999 -9999 -9999 -9999 -9999 -9999 -9999 -9999 -9999 -9999 -9999 -9999 -9999 -9999 -9999 -9999 -9999
-9999 -9999 -9999 -9999 -9999 -9999 -9999 -9999 -9999 -9999 -9999 -9999 -9999 -9999 -9999 -9999 -9999 -9999 -9999 -9999 -9999 -9999 -9999 -9999 -9999 -9999 -9999 -9999 -9999 -9999 -9999 -9999 -9999 -9999 -9999 -9999 -9999 -9999 -9999 -9999 -9999 -9999 -9999 -9999 -9999 -9999 -9999 -9999 -9999 -9999 -9999 -9999 -9999 -9999 -9999 -9999 -9999 -9999 -9999 -9999 -9999 -9999 -9999 -9999 -9999 -9999 -9999 -9999 -9999 -9999 -9999 -9999 -9999 -9999 -9999 -9999 -9999 -9999
-9999 -9999 -9999 -9999 -9999 -9999 -9999 -9999 -9999 -9999 -9999 -9999 -9999 -9999 -9999 -9999 -9999 -9999 -9999 -9999 -9999 -9999 -9999 -9999 -9999 -9999 -9999 -9999 -9999 -9999 -9999 -9999 -9999 -9999 -9999 -9999 -9999 -9999 -9999 -9999 -9999 -9999 -9999 -9999 -9999 -9999 -9999 -9999 -9999 -9999 -9999 -9999 -9999 -9999 -9999 -9999 -9999 -9999 -9999 -9999 -9999 -9999 -9999 -9999 -9999 -9999 -9999 -9999 -9999 -9999 -9999 -9999 -9999 -9999 -9999 -9999 -9999 -9999
