ML/MeanWindSpeed_1998-03_Actual.txt
ncols         180
nrows         290
xllcorner     -200000
yllcorner     -200000
cellsize      5000
NODATA_value  -9999
[rows 210 to 244 of 290, columns 78 to 155 of 180]
13.89 14.08 12.72 14.68 14.70 -9999 -9999 -9999 -9999 -9999 -9999 -9999 9.78 9.56 10.41 9.23 8.76 8.52 10.16 12.21 14.65 14.12 12.23 10.78 10.40 9.58 12.73 12.55 8.36 7.08 10.82 11.23 12.46 9.40 8.55 8.07 7.47 8.56 9.37 9.37 9.70 9.36 8.95 8.64 8.25 7.78 7.48 7.11 7.61 7.20 7.37 7.56 7.70 7.86 7.40 7.61 7.64 6.40 5.56 7.10 7.92 7.92 7.66 6.95 6.92 7.68 8.24 7.88 7.17 6.87 7.88 6.93 7.23 8.15 7.61 7.62 7.52 6.69
-9999 14.32 -9999 -9999 -9999 -9999 -9999 -9999 -9999 -9999 13.92 12.40 11.84 12.85 12.14 10.53 9.08 9.13 9.18 11.70 13.33 12.72 9.01 8.96 12.43 11.34 11.47 9.42 7.85 7.58 10.31 10.77 10.64 9.04 8.50 8.16 6.86 9.93 10.31 9.24 9.36 8.93 8.71 8.46 8.08 8.31 7.65 7.62 7.04 7.07 7.24 7.60 7.61 7.84 7.21 8.48 9.31 6.84 6.94 5.61 7.50 7.57 7.25 8.29 8.03 8.03 8.56 7.81 6.97 6.91 6.93 7.45 7.94 7.37 7.91 7.63 6.79 6.41
-9999 -9999 -9999 -9999 -9999 -9999 -9999 -9999 -9999 -9999 15.10 14.37 12.44 13.61 13.98 -9999 -9999 9.49 12.11 8.15 9.88 9.43 9.45 10.25 11.86 9.50 9.27 9.52 9.02 9.77 10.37 10.46 9.69 8.94 9.20 7.64 8.05 10.26 9.32 8.85 8.55 8.58 8.97 8.70 8.10 7.93 7.28 7.31 7.78 8.25 8.02 8.65 7.60 7.14 8.01 10.30 8.35 7.63 6.69 5.52 7.40 7.47 7.71 8.15 8.05 7.61 7.47 8.64 7.37 7.16 7.10 7.09 7.22 6.99 6.69 7.93 7.15 7.40
-9999 -9999 -9999 -9999 -9999 -9999 -9999 -9999 -9999 -9999 -9999 -9999 -9999 -9999 -9999 -9999 -9999 11.04 10.05 9.64 8.78 7.80 7.85 8.53 9.76 9.67 10.07 10.49 10.91 11.56 11.41 -9999 9.48 8.78 8.17 7.61 8.23 10.01 9.31 9.22 8.54 7.85 7.76 8.51 7.77 7.81 8.76 8.84 8.50 9.23 10.03 8.84 8.47 8.13 8.42 9.65 8.24 7.73 7.23 6.52 6.57 6.70 7.28 8.13 7.72 7.12 7.24 7.35 7.16 7.10 7.05 7.03 7.05 7.22 7.32 7.57 7.37 7.59
-9999 -9999 -9999 -9999 -9999 -9999 -9999 -9999 -9999 -9999 -9999 -9999 -9999 -9999 -9999 -9999 -9999 -9999 10.84 9.29 8.03 8.11 9.02 8.60 8.98 9.70 10.93 -9999 -9999 -9999 -9999 10.36 9.05 8.47 7.74 7.56 8.33 10.02 9.32 9.39 8.53 7.47 8.16 7.88 9.13 8.70 10.34 9.14 9.29 8.90 9.23 9.03 8.33 8.95 7.45 8.11 8.26 6.76 6.75 6.30 6.14 6.02 5.58 5.43 5.99 6.09 6.38 6.60 6.73 6.68 7.88 8.08 7.01 7.01 7.18 7.33 7.55 8.37
-9999 -9999 -9999 -9999 -9999 -9999 -9999 -9999 -9999 -9999 -9999 -9999 -9999 -9999 -9999 -9999 -9999 -9999 -9999 10.09 10.45 9.05 8.70 10.52 10.72 11.40 -9999 -9999 -9999 -9999 10.88 10.38 9.97 7.27 6.94 7.15 9.51 10.33 9.89 9.14 7.89 7.68 7.54 8.99 10.33 9.48 9.62 9.14 9.29 9.03 8.09 8.48 8.41 7.94 7.80 7.80 7.45 6.75 6.71 7.01 7.06 6.88 5.53 5.39 5.57 5.72 6.57 6.80 7.15 6.73 7.40 7.25 7.05 7.81 7.05 7.78 7.94 8.52
-9999 -9999 -9999 -9999 -9999 -9999 -9999 -9999 -9999 -9999 -9999 -9999 -9999 -9999 -9999 -9999 -9999 -9999 -9999 -9999 10.60 10.14 9.94 12.34 11.68 12.73 -9999 -9999 -9999 10.30 8.28 7.70 9.27 8.95 8.20 7.23 8.76 8.36 9.81 8.94 7.28 8.29 9.27 9.42 9.22 9.98 9.26 8.86 8.58 8.00 7.82 7.67 7.78 8.16 7.77 7.22 7.08 7.06 7.08 7.65 7.19 6.93 6.27 5.64 5.77 5.83 6.21 6.47 6.94 6.92 7.09 6.81 7.36 7.59 7.91 7.71 6.87 8.47
-9999 -9999 -9999 -9999 -9999 -9999 -9999 -9999 -9999 -9999 -9999 -9999 -9999 -9999 -9999 -9999 -9999 -9999 -9999 -9999 -9999 -9999 -9999 -9999 -9999 -9999 -9999 -9999 12.57 9.02 7.29 7.14 8.89 7.44 8.13 8.88 9.07 9.23 9.33 7.78 7.28 7.58 8.60 8.64 8.96 9.01 9.13 8.84 8.70 10.02 8.48 8.48 7.83 8.19 8.06 7.26 7.25 6.92 7.39 8.11 7.42 6.61 6.15 5.97 5.87 6.55 6.52 7.13 6.94 7.87 8.29 7.64 6.39 8.66 9.31 7.81 6.61 9.09
-9999 -9999 -9999 -9999 -9999 -9999 -9999 -9999 -9999 -9999 -9999 -9999 -9999 -9999 -9999 -9999 -9999 -9999 -9999 -9999 -9999 -9999 -9999 -9999 -9999 -9999 -9999 -9999 10.20 8.77 7.37 12.16 10.68 7.56 8.12 8.85 9.42 9.81 8.25 7.74 7.50 7.51 8.71 8.53 8.24 9.63 9.38 10.39 9.11 9.31 10.30 8.76 8.24 8.05 7.48 7.28 7.10 7.08 7.54 7.63 7.65 6.90 6.18 5.93 5.77 6.39 8.22 7.70 8.42 8.86 9.71 8.14 6.84 7.89 8.19 6.89 6.15 6.68
-9999 -9999 -9999 -9999 -9999 -9999 -9999 -9999 -9999 -9999 -9999 -9999 -9999 -9999 -9999 -9999 -9999 -9999 -9999 -9999 -9999 -9999 -9999 -9999 -9999 -9999 -9999 -9999 9.82 7.27 5.88 8.14 11.55 10.57 9.81 8.95 10.12 8.53 8.02 7.52 9.06 9.26 10.03 9.57 8.58 8.55 8.60 9.10 9.57 9.57 8.63 8.37 8.25 8.16 7.57 7.27 7.26 7.34 7.87 7.72 7.34 6.43 6.22 6.95 7.75 7.35 8.37 8.04 7.97 8.14 8.83 10.25 9.66 7.57 7.30 7.41 7.43 7.30
-9999 -9999 -9999 -9999 -9999 -9999 -9999 -9999 -9999 -9999 -9999 13.62 13.61 11.23 15.13 14.08 13.67 13.72 15.59 8.92 14.23 10.26 -9999 -9999 -9999 -9999 -9999 -9999 9.22 7.83 7.23 6.38 7.39 9.35 10.89 10.43 9.20 8.28 8.08 8.80 10.04 9.45 8.97 9.09 8.70 8.27 8.92 8.68 8.40 8.16 8.38 7.71 8.20 8.56 9.10 8.08 7.66 8.19 8.12 7.54 7.91 6.56 6.10 7.54 8.71 7.81 7.58 7.96 7.86 7.64 7.41 7.47 7.15 6.59 6.31 6.05 5.97 5.98
-9999 -9999 -9999 -9999 -9999 -9999 -9999 -9999 -9999 -9999 -9999 15.03 13.85 13.13 10.54 12.19 13.52 12.65 13.24 13.59 11.13 9.80 8.49 9.69 12.38 10.67 9.87 8.81 8.34 7.68 7.28 6.99 6.64 7.09 9.54 9.65 8.72 7.92 10.56 9.27 8.52 9.10 9.63 8.99 8.86 9.29 9.08 9.14 8.72 8.47 7.31 7.44 7.90 7.96 7.96 8.62 8.96 7.65 7.38 6.94 6.61 7.22 6.38 10.11 8.78 8.52 8.09 7.66 7.74 7.46 8.06 7.82 6.39 7.61 7.01 7.43 6.19 6.35
-9999 -9999 -9999 -9999 -9999 -9999 -9999 -9999 -9999 -9999 13.94 12.43 11.36 10.36 8.98 10.97 13.44 12.78 11.70 11.52 11.47 10.30 8.58 8.15 9.54 10.96 8.54 7.97 7.44 7.48 8.24 6.99 7.01 8.38 8.50 8.23 8.36 10.44 8.92 10.29 9.80 9.13 8.35 8.84 8.55 9.23 9.41 8.83 9.03 7.92 8.01 7.73 7.56 7.49 8.82 9.52 7.64 6.91 7.14 9.13 7.57 7.00 7.24 7.47 7.96 8.17 7.71 7.55 8.10 8.86 7.80 6.61 6.27 7.69 7.06 6.83 7.19 7.05
-9999 -9999 -9999 -9999 -9999 -9999 -9999 -9999 -9999 -9999 -9999 11.81 10.23 9.23 10.54 10.14 10.69 13.08 11.69 9.70 8.44 10.61 12.20 9.94 8.04 8.53 10.30 8.48 6.90 6.93 6.88 7.52 7.57 6.96 7.26 7.76 8.44 9.44 8.43 9.94 8.98 8.98 8.93 9.16 8.54 9.32 9.57 9.22 7.73 7.64 8.13 7.27 6.71 6.49 7.58 8.82 8.52 6.82 7.15 8.31 8.09 7.36 6.64 6.74 6.74 7.11 8.61 8.30 7.98 8.38 9.07 8.05 7.32 7.81 7.72 6.77 7.52 6.55
-9999 -9999 -9999 -9999 -9999 -9999 -9999 14.64 -9999 -9999 12.68 11.30 11.61 8.64 10.30 8.99 8.75 8.96 9.32 10.00 8.49 10.37 11.49 8.98 7.71 6.62 6.70 6.62 6.34 6.54 6.90 7.70 6.76 6.62 7.32 9.08 8.04 8.90 8.00 8.87 8.48 9.37 10.17 9.49 8.49 8.13 8.24 7.90 7.42 8.68 7.67 6.88 8.47 6.92 7.08 8.92 9.79 6.55 6.90 7.47 7.25 6.79 6.51 6.52 6.98 7.68 8.23 7.41 6.95 6.83 7.16 7.03 6.92 7.56 6.92 6.77 6.68 6.17
-9999 -9999 -9999 -9999 -9999 -9999 13.31 14.36 14.22 13.77 11.08 10.12 11.62 9.27 8.27 8.91 8.22 9.49 9.99 10.60 9.08 8.88 9.25 7.74 6.29 5.78 6.12 6.70 6.95 6.30 6.43 6.72 6.37 6.44 8.21 8.53 7.74 8.31 8.58 9.89 9.18 9.26 10.45 9.18 8.82 7.75 8.33 7.91 8.07 7.49 7.17 6.49 7.49 7.42 6.76 7.91 7.46 6.66 6.50 6.42 7.05 6.90 6.75 6.48 6.30 6.44 6.51 6.85 7.01 6.72 5.91 6.27 6.59 7.37 7.73 7.27 6.11 6.91
-9999 -9999 -9999 -9999 -9999 -9999 12.59 12.57 11.58 11.97 10.91 9.98 8.96 10.52 10.32 9.36 10.41 10.12 9.83 10.95 9.61 9.25 8.76 6.14 6.70 8.42 8.03 7.11 6.43 5.94 6.55 7.13 7.42 6.94 8.30 7.93 8.45 7.52 6.86 8.59 9.85 8.81 8.82 8.51 7.83 7.87 8.51 7.73 7.11 7.80 7.97 6.59 6.91 6.94 6.84 7.75 8.07 7.97 9.27 6.91 7.02 6.20 5.97 6.25 6.48 6.18 6.09 6.45 6.97 6.48 6.00 5.70 6.44 6.54 6.66 6.76 6.94 5.90
-9999 -9999 -9999 -9999 -9999 -9999 12.95 11.85 11.21 11.49 10.85 10.58 9.37 9.79 9.77 8.55 9.70 9.73 10.32 10.60 9.90 7.23 5.69 4.94 6.96 7.09 7.79 8.52 6.64 6.54 6.81 6.45 7.41 6.86 8.00 7.75 7.75 7.49 6.95 8.78 8.41 8.41 8.16 7.78 7.46 7.56 8.24 8.22 7.11 6.93 7.19 7.92 6.78 7.01 6.79 7.22 7.22 7.21 7.84 7.38 8.16 8.83 5.57 8.88 7.52 5.85 6.13 9.25 9.19 8.58 5.67 5.53 5.77 5.73 6.27 6.00 7.10 8.08
-9999 -9999 -9999 -9999 -9999 -9999 11.43 11.09 10.92 10.68 10.07 9.80 9.24 8.86 9.77 9.13 9.24 9.79 8.99 9.10 8.77 8.27 5.25 5.67 7.74 7.04 8.39 8.50 6.94 7.27 7.76 6.91 7.25 7.45 7.62 7.59 7.60 8.23 9.11 7.53 8.33 8.01 7.81 7.42 7.21 7.48 7.94 7.24 7.33 7.18 7.58 7.93 8.45 7.82 8.64 8.23 7.65 7.34 6.98 6.55 6.57 6.78 6.15 8.03 7.95 8.55 8.13 8.72 9.25 9.57 6.14 6.13 5.95 6.03 6.46 7.41 8.55 8.87
-9999 -9999 -9999 -9999 -9999 -9999 10.38 10.28 10.33 10.65 11.03 10.11 9.41 8.81 9.26 10.42 9.89 9.35 8.57 8.98 8.59 8.04 7.13 5.68 6.01 5.90 8.24 7.25 5.54 8.37 8.22 7.20 9.69 8.45 9.11 9.77 9.16 8.86 9.36 8.22 7.45 7.72 7.51 6.88 6.96 7.16 7.71 7.03 7.34 8.24 8.90 8.71 8.68 8.88 8.91 9.10 8.95 8.48 7.73 7.41 7.82 8.21 8.37 8.88 9.19 9.33 -9999 -9999 8.98 9.09 8.39 7.72 6.90 9.57 7.79 -9999 -9999 -9999
-9999 -9999 -9999 -9999 -9999 12.36 10.50 10.36 9.59 10.49 10.63 11.44 9.82 10.26 9.88 10.45 9.76 9.07 8.64 8.71 8.40 7.99 7.63 7.20 7.36 7.77 7.55 6.20 8.87 9.80 7.51 6.94 7.99 8.02 9.30 9.39 8.38 8.29 8.05 7.69 8.31 7.98 7.95 7.48 7.35 7.83 8.63 8.46 8.21 8.31 8.54 8.86 -9999 -9999 9.80 10.56 10.56 10.00 9.49 9.06 9.22 -9999 -9999 -9999 -9999 -9999 -9999 -9999 -9999 -9999 -9999 8.72 9.13 10.68 9.33 -9999 -9999 -9999
-9999 -9999 -9999 -9999 13.32 11.71 10.15 10.71 9.59 9.55 9.34 9.19 8.74 11.84 12.56 11.25 10.44 10.16 10.43 9.20 8.33 7.95 8.24 8.13 10.44 10.92 10.15 9.72 11.38 9.06 9.09 8.95 9.74 10.51 8.99 7.93 8.42 7.72 7.83 7.48 7.54 7.42 8.80 9.77 9.72 9.51 9.56 9.80 9.07 -9999 7.91 8.64 8.53 9.04 9.84 -9999 -9999 -9999 -9999 10.51 -9999 -9999 -9999 -9999 -9999 -9999 -9999 -9999 -9999 -9999 -9999 -9999 -9999 -9999 -9999 -9999 -9999 -9999
-9999 -9999 -9999 13.87 13.09 12.76 11.52 9.98 9.51 9.19 7.97 7.51 9.02 14.11 15.52 10.90 10.05 12.54 9.73 11.16 8.52 8.10 11.01 9.91 9.75 10.01 10.15 -9999 -9999 -9999 -9999 -9999 10.04 11.42 10.78 9.11 8.82 8.35 7.72 7.67 7.48 8.02 9.25 -9999 -9999 -9999 -9999 -9999 10.21 10.20 9.10 8.04 7.94 9.96 10.01 -9999 -9999 -9999 -9999 -9999 -9999 -9999 -9999 -9999 -9999 -9999 -9999 -9999 -9999 -9999 -9999 -9999 -9999 -9999 -9999 -9999 -9999 -9999
-9999 -9999 9.64 10.54 12.47 12.87 11.49 11.00 10.11 8.22 8.69 8.53 11.00 13.95 15.36 13.79 12.64 10.70 11.58 9.96 9.92 9.44 11.63 11.56 -9999 -9999 -9999 -9999 -9999 -9999 -9999 -9999 -9999 10.62 10.80 9.44 10.42 11.20 11.34 9.10 10.93 10.82 11.51 -9999 -9999 -9999 -9999 -9999 -9999 -9999 8.92 9.28 8.13 9.04 -9999 -9999 -9999 -9999 -9999 -9999 -9999 -9999 -9999 -9999 -9999 -9999 -9999 -9999 -9999 -9999 -9999 -9999 -9999 -9999 -9999 -9999 -9999 -9999
12.25 11.67 9.36 9.86 11.65 13.29 13.40 11.56 9.41 9.11 9.61 9.38 11.00 14.28 12.80 12.78 12.52 13.27 7.80 10.17 13.23 10.97 -9999 -9999 -9999 -9999 -9999 -9999 -9999 -9999 -9999 -9999 -9999 -9999 -9999 11.41 -9999 -9999 -9999 -9999 10.04 12.34 12.79 -9999 -9999 -9999 -9999 -9999 -9999 -9999 -9999 9.60 11.47 10.10 -9999 -9999 -9999 -9999 -9999 -9999 -9999 -9999 -9999 -9999 -9999 -9999 -9999 -9999 -9999 -9999 -9999 -9999 -9999 -9999 -9999 -9999 -9999 -9999
11.67 10.44 8.50 9.73 11.70 12.44 13.18 11.84 10.76 11.57 8.73 7.63 9.61 13.27 13.58 11.69 10.43 11.74 8.86 8.71 10.23 -9999 -9999 -9999 -9999 -9999 -9999 -9999 -9999 -9999 -9999 -9999 -9999 -9999 -9999 12.59 -9999 -9999 -9999 -9999 -9999 -9999 -9999 -9999 -9999 -9999 -9999 -9999 -9999 -9999 -9999 -9999 -9999 -9999 -9999 -9999 -9999 -9999 -9999 -9999 -9999 -9999 -9999 -9999 -9999 -9999 -9999 -9999 -9999 -9999 -9999 -9999 -9999 -9999 -9999 -9999 -9999 -9999
12.72 11.01 8.79 10.04 10.87 11.15 11.89 11.20 10.92 11.92 8.40 7.71 8.89 11.72 16.16 16.45 9.99 9.76 9.02 9.95 12.50 -9999 -9999 -9999 -9999 -9999 -9999 -9999 -9999 -9999 -9999 -9999 -9999 -9999 -9999 -9999 -9999 -9999 -9999 -9999 -9999 -9999 -9999 -9999 -9999 -9999 -9999 -9999 -9999 -9999 -9999 -9999 -9999 -9999 -9999 -9999 -9999 -9999 -9999 -9999 -9999 -9999 -9999 -9999 -9999 -9999 -9999 -9999 -9999 -9999 -9999 -9999 -9999 -9999 -9999 -9999 -9999 -9999
11.34 12.47 11.05 11.01 10.81 11.71 11.11 10.73 10.57 9.39 9.33 8.48 8.36 11.59 14.20 13.76 11.41 8.89 8.81 11.88 11.22 -9999 -9999 -9999 -9999 -9999 -9999 -9999 -9999 -9999 -9999 -9999 -9999 -9999 -9999 -9999 -9999 -9999 -9999 -9999 -9999 -9999 -9999 -9999 -9999 -9999 -9999 -9999 -9999 -9999 -9999 -9999 -9999 -9999 -9999 -9999 -9999 -9999 -9999 -9999 -9999 -9999 -9999 -9999 -9999 -9999 -9999 -9999 -9999 -9999 -9999 -9999 -9999 -9999 -9999 -9999 -9999 -9999
11.64 13.61 12.59 12.20 10.75 11.45 11.00 13.28 12.48 10.90 10.33 10.84 9.40 10.26 11.60 11.16 9.78 9.23 9.93 11.05 11.49 -9999 -9999 -9999 -9999 -9999 -9999 -9999 -9999 -9999 -9999 -9999 -9999 -9999 -9999 -9999 -9999 -9999 -9999 -9999 -9999 -9999 -9999 -9999 -9999 -9999 -9999 -9999 -9999 -9999 -9999 -9999 -9999 -9999 -9999 -9999 -9999 -9999 -9999 -9999 -9999 -9999 -9999 -9999 -9999 -9999 -9999 -9999 -9999 -9999 -9999 -9999 -9999 -9999 -9999 -9999 -9999 -9999
11.03 11.84 12.06 11.24 12.32 14.12 13.78 12.30 12.49 12.49 12.31 11.17 11.74 11.00 10.05 9.87 10.32 10.97 11.42 11.15 12.21 -9999 -9999 -9999 -9999 -9999 -9999 -9999 -9999 -9999 -9999 -9999 -9999 -9999 -9999 -9999 -9999 -9999 -9999 -9999 -9999 -9999 -9999 -9999 -9999 -9999 -9999 -9999 -9999 -9999 -9999 -9999 -9999 -9999 -9999 -9999 -9999 -9999 -9999 -9999 -9999 -9999 -9999 -9999 -9999 -9999 -9999 -9999 -9999 -9999 -9999 -9999 -9999 -9999 -9999 -9999 -9999 -9999
10.89 12.53 13.03 -9999 -9999 -9999 -9999 -9999 -9999 -9999 -9999 -9999 12.76 13.27 11.78 10.69 9.75 10.86 11.69 11.53 -9999 -9999 -9999 -9999 -9999 -9999 -9999 -9999 -9999 -9999 -9999 -9999 -9999 -9999 -9999 -9999 -9999 -9999 -9999 -9999 -9999 -9999 -9999 -9999 -9999 -9999 -9999 -9999 -9999 -9999 -9999 -9999 -9999 -9999 -9999 -9999 -9999 -9999 -9999 -9999 -9999 -9999 -9999 -9999 -9999 -9999 -9999 -9999 -9999 -9999 -9999 -9999 -9999 -9999 -9999 -9999 -9999 -9999
12.59 12.99 13.83 -9999 -9999 -9999 -9999 -9999 -9999 -9999 -9999 -9999 -9999 -9999 -9999 11.53 10.72 11.01 11.53 -9999 -9999 -9999 -9999 -9999 -9999 -9999 -9999 -9999 -9999 -9999 -9999 -9999 -9999 -9999 -9999 -9999 -9999 -9999 -9999 -9999 -9999 -9999 -9999 -9999 -9999 -9999 -9999 -9999 -9999 -9999 -9999 -9999 -9999 -9999 -9999 -9999 -9999 -9999 -9999 -9999 -9999 -9999 -9999 -9999 -9999 -9999 -9999 -9999 -9999 -9999 -9999 -9999 -9999 -9999 -9999 -9999 -9999 -9999
12.83 -9999 -9999 -9999 -9999 -9999 -9999 -9999 -9999 -9999 -9999 -9999 -9999 -9999 -9999 12.90 13.96 14.56 13.92 -9999 -9999 -9999 -9999 -9999 -9999 -9999 -9999 -9999 -9999 -9999 -9999 -9999 -9999 -9999 -9999 -9999 -9999 -9999 -9999 -9999 -9999 -9999 -9999 -9999 -9999 -9999 -9999 -9999 -9999 -9999 -9999 -9999 -9999 -9999 -9999 -9999 -9999 -9999 -9999 -9999 -9999 -9999 -9999 -9999 -9999 -9999 -9999 -9999 -9999 -9999 -9999 -9999 -9999 -9999 -9999 -9999 -9999 -9999
-9999 -9999 -9999 -9999 -9999 -9999 -9999 -9999 -9999 -9999 -9999 -9999 -9999 -9999 -9999 -9999 -9999 -9999 -9999 -9999 -9999 -9999 -9999 -9999 -9999 -9999 -9999 -9999 -9999 -9999 -9999 -9999 -9999 -9999 -9999 -9999 -9999 -9999 -9999 -9999 -9999 -9999 -9999 -9999 -9999 -9999 -9999 -9999 -9999 -9999 -9999 -9999 -9999 -9999 -9999 -9999 -9999 -9999 -9999 -9999 -9999 -9999 -9999 -9999 -9999 -9999 -9999 -9999 -9999 -9999 -9999 -9999 -9999 -9999 -9999 -9999 -9999 -9999
-9999 -9999 -9999 -9999 -9999 -9999 -9999 -9999 -9999 -9999 -9999 -9999 -9999 -9999 -9999 -9999 -9999 -9999 -9999 -9999 -9999 -9999 -9999 -9999 -9999 -9999 -9999 -9999 -9999 -9999 -9999 -9999 -9999 -9999 -9999 -9999 -9999 -9999 -9999 -9999 -9999 -9999 -9999 -9999 -9999 -9999 -9999 -9999 -9999 -9999 -9999 -9999 -9999 -9999 -9999 -9999 -9999 -9999 -9999 -9999 -9999 -9999 -9999 -9999 -9999 -9999 -9999 -9999 -9999 -9999 -9999 -9999 -9999 -9999 -9999 -9999 -9999 -9999
