ML/MeanWindSpeed_1995-10_Actual.txt
ncols         180
nrows         290
xllcorner     -200000
yllcorner     -200000
cellsize      5000
NODATA_value  -9999
[rows 136 to 169 of 290, columns 78 to 155 of 180]
-9999 16.87 14.61 11.36 15.03 13.01 15.37 12.73 11.15 9.34 8.84 10.81 18.38 14.36 13.11 10.04 9.56 9.74 9.13 10.26 11.90 9.59 11.04 9.41 9.98 9.48 9.35 9.10 8.81 8.36 8.40 9.28 7.72 5.69 7.12 8.28 8.79 9.90 9.78 5.05 6.44 10.34 8.73 6.56 6.81 6.19 6.56 5.67 6.84 8.23 -9999 -9999 -9999 -9999 -9999 -9999 -9999 -9999 -9999 -9999 -9999 -9999 -9999 -9999 -9999 -9999 -9999 -9999 -9999 -9999 -9999 -9999 -9999 -9999 -9999 -9999 -9999 -9999
-9999 17.09 14.84 9.97 14.09 11.29 12.89 11.87 11.17 10.73 8.17 13.46 13.47 12.74 15.86 11.29 9.68 9.50 7.75 11.37 17.83 12.24 -9999 -9999 -9999 9.97 9.58 -9999 8.67 8.83 8.87 7.76 6.48 7.45 9.38 7.62 7.75 9.77 8.65 10.61 9.75 5.98 4.23 4.68 5.38 6.22 3.03 4.23 5.02 7.38 -9999 -9999 -9999 -9999 -9999 -9999 -9999 -9999 -9999 -9999 -9999 -9999 -9999 -9999 -9999 -9999 -9999 -9999 -9999 -9999 -9999 -9999 -9999 -9999 -9999 -9999 -9999 -9999
-9999 14.99 17.93 12.18 11.53 12.47 13.65 13.09 12.06 10.83 9.69 10.34 18.36 13.98 15.07 10.94 10.40 13.14 8.95 10.70 12.15 12.89 -9999 -9999 -9999 10.31 9.22 9.32 9.41 8.62 8.00 6.49 8.39 12.26 12.63 9.09 13.77 9.04 8.59 12.58 8.20 8.80 8.64 8.25 4.58 5.96 7.69 5.21 4.05 6.33 -9999 -9999 -9999 -9999 -9999 -9999 -9999 -9999 -9999 -9999 -9999 -9999 -9999 -9999 -9999 -9999 -9999 -9999 -9999 -9999 -9999 -9999 -9999 -9999 -9999 -9999 -9999 -9999
-9999 -9999 16.49 16.37 13.08 -9999 14.72 14.81 13.22 12.10 10.97 -9999 13.27 11.52 12.95 10.14 12.36 13.52 11.65 12.08 -9999 -9999 -9999 -9999 11.85 9.58 8.68 8.62 9.60 9.70 8.22 7.44 7.61 13.41 19.28 8.67 15.95 10.27 12.76 14.33 10.23 12.24 9.03 6.07 7.92 7.80 5.45 2.19 3.50 7.03 7.52 -9999 -9999 -9999 -9999 -9999 -9999 -9999 -9999 -9999 -9999 -9999 -9999 -9999 -9999 -9999 -9999 -9999 -9999 -9999 -9999 -9999 -9999 -9999 -9999 -9999 -9999 -9999
-9999 -9999 -9999 16.74 -9999 -9999 -9999 14.27 14.89 13.04 12.87 13.76 -9999 -9999 14.11 11.55 15.42 16.98 -9999 -9999 -9999 -9999 -9999 13.14 11.71 8.44 8.74 8.51 9.66 9.30 10.33 10.40 6.73 9.77 14.64 17.50 12.52 15.43 16.55 16.77 12.46 13.08 13.03 10.45 6.36 5.84 6.18 1.99 3.26 6.89 9.31 -9999 -9999 -9999 -9999 -9999 -9999 -9999 -9999 -9999 -9999 -9999 -9999 -9999 -9999 -9999 -9999 -9999 -9999 -9999 -9999 -9999 -9999 -9999 -9999 -9999 -9999 -9999
-9999 -9999 -9999 16.39 16.31 -9999 -9999 -9999 14.29 15.59 15.03 15.25 -9999 -9999 -9999 -9999 14.57 -9999 -9999 -9999 -9999 -9999 -9999 11.58 10.48 9.28 10.38 12.02 12.04 10.54 10.63 9.37 7.70 7.44 12.51 15.91 10.16 18.52 17.31 18.78 13.25 13.13 15.22 10.53 7.19 5.66 3.17 1.46 3.27 6.56 9.19 -9999 -9999 -9999 -9999 -9999 -9999 -9999 -9999 -9999 -9999 -9999 -9999 -9999 -9999 -9999 -9999 -9999 -9999 -9999 -9999 -9999 -9999 -9999 -9999 -9999 -9999 -9999
-9999 -9999 -9999 -9999 18.37 -9999 -9999 -9999 -9999 14.85 16.52 15.94 -9999 -9999 -9999 -9999 -9999 -9999 -9999 -9999 -9999 -9999 13.05 11.58 11.82 11.96 12.14 14.42 13.92 12.42 12.04 10.57 9.83 7.18 8.91 19.34 19.88 18.54 17.38 12.78 10.92 11.33 8.44 5.01 8.07 7.87 2.87 2.22 4.19 6.66 9.42 11.16 -9999 -9999 -9999 -9999 -9999 -9999 -9999 -9999 -9999 -9999 -9999 -9999 -9999 -9999 -9999 -9999 -9999 -9999 -9999 -9999 -9999 -9999 -9999 -9999 -9999 -9999
-9999 -9999 -9999 -9999 20.09 -9999 -9999 -9999 -9999 -9999 -9999 -9999 -9999 -9999 -9999 -9999 -9999 -9999 -9999 -9999 -9999 -9999 13.63 11.12 9.49 8.51 7.39 18.98 15.00 12.97 15.66 11.05 12.48 5.64 5.67 15.19 22.11 16.18 12.95 19.50 22.05 18.97 14.29 11.41 4.52 5.28 4.70 6.21 5.25 6.37 9.71 11.25 11.51 -9999 -9999 -9999 -9999 -9999 -9999 -9999 -9999 -9999 -9999 -9999 -9999 -9999 -9999 -9999 -9999 -9999 -9999 -9999 -9999 -9999 -9999 -9999 -9999 -9999
-9999 -9999 -9999 -9999 -9999 -9999 -9999 -9999 -9999 -9999 -9999 -9999 -9999 -9999 -9999 -9999 -9999 -9999 -9999 -9999 -9999 13.97 12.66 10.41 8.42 13.56 6.09 26.06 24.39 11.87 13.18 11.49 9.90 9.91 4.92 6.71 21.24 19.93 16.27 13.87 12.28 15.93 14.64 12.27 8.52 6.32 5.75 5.30 5.36 7.43 7.99 8.47 9.78 -9999 -9999 -9999 -9999 -9999 -9999 -9999 -9999 -9999 -9999 -9999 -9999 -9999 -9999 -9999 -9999 -9999 -9999 -9999 -9999 -9999 -9999 -9999 -9999 -9999
-9999 -9999 -9999 -9999 -9999 -9999 -9999 -9999 -9999 -9999 -9999 -9999 -9999 -9999 -9999 -9999 -9999 -9999 -9999 -9999 -9999 12.67 13.77 9.37 12.35 24.47 12.32 6.54 15.65 17.40 13.57 12.98 11.53 10.30 7.29 6.08 8.43 22.26 17.96 16.10 12.39 11.98 11.95 8.92 8.22 7.89 8.91 6.34 7.81 6.92 7.31 7.06 7.78 8.98 9.98 10.21 -9999 -9999 -9999 -9999 -9999 -9999 -9999 -9999 -9999 -9999 -9999 -9999 -9999 -9999 -9999 -9999 -9999 -9999 -9999 -9999 -9999 -9999
-9999 -9999 -9999 -9999 -9999 -9999 -9999 -9999 -9999 -9999 -9999 -9999 -9999 -9999 -9999 -9999 -9999 -9999 -9999 -9999 -9999 12.61 12.18 11.58 17.30 10.43 10.39 12.38 18.83 13.60 11.56 17.98 9.55 13.15 9.87 7.73 6.07 10.98 15.10 15.02 13.71 12.56 8.94 9.06 8.00 7.11 6.59 7.05 6.93 7.38 6.43 6.26 6.61 11.65 9.24 11.01 12.32 11.93 -9999 -9999 -9999 -9999 -9999 -9999 -9999 -9999 -9999 -9999 -9999 -9999 -9999 -9999 -9999 -9999 -9999 -9999 -9999 -9999
-9999 -9999 -9999 -9999 -9999 -9999 -9999 -9999 -9999 -9999 -9999 -9999 -9999 -9999 -9999 -9999 -9999 -9999 -9999 -9999 -9999 12.55 11.89 13.54 22.34 24.05 17.10 11.11 12.46 13.95 18.76 11.15 17.05 13.89 11.90 11.01 8.92 5.53 6.98 14.74 14.31 12.85 11.27 9.74 8.88 8.71 8.34 7.44 7.71 7.27 6.30 7.03 7.09 8.47 12.86 12.00 12.16 14.05 13.79 10.75 -9999 -9999 -9999 -9999 -9999 -9999 -9999 -9999 -9999 -9999 -9999 -9999 -9999 -9999 -9999 -9999 -9999 -9999
-9999 -9999 -9999 -9999 -9999 -9999 -9999 -9999 -9999 -9999 -9999 -9999 -9999 -9999 -9999 -9999 -9999 -9999 -9999 -9999 -9999 13.19 11.16 14.98 17.68 10.27 29.86 24.14 11.25 14.99 11.68 18.22 19.65 13.45 10.64 11.17 10.83 6.70 18.88 16.58 16.18 17.34 17.84 16.16 10.46 12.16 9.79 8.96 8.65 8.18 7.75 7.27 6.01 6.94 10.94 9.14 8.55 9.93 12.25 9.63 13.96 -9999 -9999 -9999 -9999 -9999 -9999 -9999 -9999 -9999 -9999 -9999 -9999 -9999 -9999 -9999 -9999 -9999
-9999 -9999 -9999 -9999 -9999 -9999 -9999 -9999 -9999 14.78 15.30 16.06 -9999 -9999 -9999 -9999 -9999 -9999 -9999 -9999 -9999 -9999 13.38 11.66 9.89 13.46 16.24 21.11 10.26 5.82 14.48 13.44 12.44 10.70 13.43 13.15 10.42 11.25 15.24 15.23 21.32 19.41 15.69 14.65 15.55 12.86 10.72 9.95 9.23 9.07 7.77 6.80 13.58 11.32 16.16 16.72 14.66 12.80 8.51 13.44 13.90 11.81 -9999 -9999 -9999 -9999 -9999 -9999 -9999 -9999 -9999 -9999 -9999 -9999 -9999 -9999 -9999 -9999
-9999 -9999 -9999 -9999 -9999 -9999 -9999 -9999 -9999 12.89 13.03 -9999 -9999 -9999 -9999 -9999 -9999 -9999 -9999 -9999 -9999 -9999 -9999 12.05 8.15 14.53 14.55 26.94 13.27 13.23 11.49 7.93 6.87 8.03 7.68 20.82 10.27 11.73 19.40 14.89 10.24 9.31 16.84 10.61 15.48 12.41 10.56 9.76 9.48 8.54 8.84 12.38 13.71 11.78 10.63 9.61 11.49 13.25 12.35 12.96 12.34 15.53 -9999 -9999 -9999 -9999 -9999 -9999 -9999 -9999 -9999 -9999 -9999 -9999 -9999 -9999 -9999 -9999
-9999 -9999 -9999 -9999 -9999 -9999 -9999 -9999 12.59 17.08 16.30 14.95 -9999 -9999 -9999 -9999 -9999 -9999 -9999 -9999 -9999 -9999 -9999 13.06 15.68 16.54 16.44 12.38 14.76 11.24 9.99 8.05 6.94 10.15 7.66 5.38 19.82 12.33 10.58 16.81 13.50 18.40 13.66 14.45 12.05 11.59 10.91 10.78 9.40 8.26 9.58 11.29 9.54 10.60 11.73 10.86 11.67 11.42 11.86 12.22 9.68 14.44 12.40 -9999 -9999 -9999 -9999 -9999 -9999 -9999 -9999 -9999 -9999 -9999 -9999 -9999 -9999 -9999
-9999 -9999 -9999 -9999 -9999 -9999 -9999 11.40 17.88 20.18 25.30 14.85 -9999 -9999 -9999 -9999 -9999 -9999 -9999 -9999 -9999 -9999 -9999 14.94 21.69 16.67 9.44 11.86 10.68 11.65 8.36 6.90 8.43 10.23 5.85 16.17 11.26 16.27 11.19 19.21 10.13 12.67 9.68 13.55 11.06 11.66 11.99 10.07 9.66 7.72 6.99 11.67 12.19 11.35 9.20 9.43 8.84 9.05 9.64 12.25 12.20 11.39 12.68 -9999 -9999 -9999 -9999 -9999 -9999 -9999 -9999 -9999 -9999 -9999 -9999 -9999 -9999 -9999
-9999 -9999 -9999 -9999 -9999 -9999 14.04 12.79 23.52 17.81 16.73 -9999 -9999 -9999 -9999 -9999 -9999 -9999 -9999 -9999 -9999 -9999 -9999 -9999 14.35 10.89 9.93 13.52 9.18 12.38 9.09 7.98 7.51 8.68 6.01 16.10 15.61 17.35 16.40 18.20 17.98 18.03 15.83 14.79 14.96 13.95 10.56 9.90 8.93 6.86 6.23 7.20 14.59 12.53 8.09 7.21 7.35 6.86 6.98 7.08 7.59 7.26 8.79 11.22 12.16 -9999 -9999 -9999 -9999 -9999 -9999 -9999 -9999 -9999 -9999 -9999 -9999 -9999
-9999 -9999 -9999 -9999 -9999 -9999 18.28 20.54 13.62 13.55 14.32 -9999 -9999 -9999 -9999 -9999 -9999 -9999 -9999 -9999 -9999 -9999 -9999 -9999 -9999 11.87 12.82 11.38 9.61 11.33 10.01 9.84 8.80 9.83 6.11 15.94 14.17 12.43 16.54 15.02 13.65 20.89 20.69 14.43 16.92 14.54 13.20 9.55 8.11 7.17 6.47 6.61 8.06 8.84 7.67 7.64 7.40 7.27 6.68 6.44 6.47 6.81 11.63 11.95 11.24 -9999 -9999 -9999 -9999 -9999 -9999 -9999 -9999 -9999 -9999 -9999 -9999 -9999
-9999 -9999 -9999 -9999 -9999 -9999 19.28 16.50 17.01 15.00 -9999 -9999 -9999 -9999 -9999 -9999 -9999 -9999 -9999 -9999 -9999 -9999 -9999 -9999 -9999 13.49 13.34 12.19 -9999 11.52 -9999 10.44 8.67 7.64 5.84 5.82 14.58 13.11 13.88 19.88 8.52 10.27 19.80 16.43 15.12 14.54 12.12 9.61 8.64 8.39 7.44 7.08 7.15 8.60 10.45 8.58 9.39 7.65 6.37 7.95 9.82 9.02 7.87 7.87 10.72 13.60 14.37 -9999 -9999 -9999 -9999 -9999 -9999 -9999 -9999 -9999 -9999 -9999
-9999 -9999 -9999 -9999 -9999 18.49 16.41 15.64 -9999 -9999 -9999 -9999 -9999 -9999 -9999 -9999 -9999 -9999 -9999 -9999 -9999 -9999 -9999 -9999 -9999 14.88 13.10 11.66 -9999 -9999 -9999 10.23 11.17 6.26 7.75 9.50 7.16 7.22 10.23 17.22 16.96 8.36 15.56 18.39 13.55 15.34 13.18 11.05 7.90 8.07 7.57 7.37 7.28 7.63 8.31 8.29 8.79 6.69 7.62 9.38 10.44 10.66 10.10 8.63 8.54 10.47 12.51 -9999 -9999 -9999 -9999 -9999 -9999 -9999 -9999 -9999 -9999 -9999
-9999 -9999 -9999 -9999 -9999 -9999 -9999 -9999 -9999 -9999 -9999 -9999 -9999 -9999 -9999 -9999 -9999 -9999 -9999 -9999 -9999 -9999 -9999 -9999 -9999 -9999 -9999 -9999 -9999 -9999 11.45 8.81 8.55 11.63 13.21 13.81 13.17 10.33 10.83 15.47 15.03 11.73 8.23 13.92 16.22 13.23 11.67 10.24 8.90 8.40 8.58 7.70 7.32 7.37 7.33 7.19 6.31 7.89 12.26 9.33 10.03 8.44 8.41 7.04 8.21 9.95 -9999 -9999 -9999 -9999 -9999 -9999 -9999 -9999 -9999 -9999 -9999 -9999
-9999 -9999 -9999 -9999 -9999 -9999 -9999 -9999 -9999 -9999 -9999 -9999 -9999 -9999 -9999 -9999 -9999 -9999 -9999 -9999 -9999 -9999 -9999 -9999 -9999 -9999 -9999 -9999 -9999 -9999 10.46 8.46 10.80 15.21 19.43 16.80 11.38 13.19 8.47 9.30 8.51 11.48 12.40 13.62 14.15 13.40 11.23 10.43 9.76 8.49 8.69 7.72 7.58 7.62 7.60 7.28 6.25 7.09 13.22 11.40 8.09 7.22 6.76 6.60 8.04 10.39 -9999 -9999 -9999 -9999 -9999 -9999 -9999 -9999 -9999 -9999 -9999 -9999
-9999 -9999 -9999 -9999 -9999 -9999 -9999 -9999 -9999 -9999 -9999 -9999 -9999 -9999 -9999 -9999 -9999 -9999 -9999 -9999 -9999 -9999 -9999 -9999 -9999 -9999 -9999 -9999 -9999 -9999 9.25 7.36 8.03 12.63 14.51 13.46 11.72 11.25 9.69 10.47 8.68 8.58 9.84 7.17 13.99 11.62 13.17 10.95 10.40 8.37 7.93 8.11 7.93 7.95 7.71 7.48 6.87 6.32 9.21 10.21 8.36 7.00 6.80 6.55 7.85 10.05 -9999 -9999 -9999 -9999 -9999 -9999 -9999 -9999 -9999 -9999 -9999 -9999
-9999 -9999 -9999 -9999 -9999 -9999 -9999 -9999 -9999 -9999 -9999 -9999 -9999 -9999 -9999 -9999 -9999 -9999 -9999 -9999 -9999 -9999 -9999 -9999 -9999 -9999 -9999 -9999 12.92 10.70 8.25 7.01 11.20 13.77 18.30 12.63 15.30 7.64 9.68 9.51 11.40 12.26 11.51 14.38 8.38 8.92 8.97 8.89 8.20 9.62 8.14 8.08 8.52 7.97 7.79 7.76 7.13 6.63 6.54 9.16 8.14 6.91 6.56 6.52 7.27 9.26 11.15 -9999 -9999 -9999 -9999 -9999 -9999 -9999 -9999 -9999 -9999 -9999
-9999 -9999 -9999 -9999 -9999 -9999 -9999 -9999 -9999 -9999 -9999 -9999 -9999 -9999 -9999 -9999 -9999 -9999 -9999 -9999 -9999 -9999 -9999 -9999 -9999 -9999 -9999 -9999 11.88 9.52 8.07 7.34 8.00 12.63 8.89 9.01 6.57 9.26 14.50 10.70 13.12 12.01 13.78 7.95 14.01 10.29 12.11 11.40 11.44 9.53 8.86 8.29 7.97 7.89 7.90 7.74 7.43 6.78 6.16 6.80 8.63 7.55 6.60 6.63 6.83 8.37 10.47 -9999 -9999 -9999 -9999 -9999 -9999 -9999 -9999 -9999 -9999 -9999
-9999 -9999 -9999 -9999 -9999 -9999 -9999 -9999 -9999 -9999 -9999 -9999 -9999 -9999 -9999 -9999 -9999 -9999 -9999 -9999 -9999 -9999 -9999 -9999 -9999 -9999 -9999 -9999 11.93 9.34 8.44 7.85 8.11 8.77 9.37 8.25 6.85 9.50 10.40 9.48 12.15 15.74 11.55 10.48 8.10 11.06 8.18 9.27 10.31 10.78 9.29 8.80 7.95 7.85 7.95 7.84 7.54 7.09 6.48 6.52 8.20 9.26 7.34 6.58 6.82 7.62 9.04 10.89 -9999 -9999 -9999 -9999 -9999 -9999 -9999 -9999 -9999 -9999
-9999 -9999 -9999 -9999 -9999 -9999 -9999 -9999 -9999 -9999 -9999 -9999 -9999 -9999 -9999 -9999 -9999 -9999 -9999 -9999 -9999 -9999 -9999 -9999 -9999 -9999 -9999 -9999 11.45 9.52 8.87 8.81 8.38 8.12 7.74 9.06 10.99 7.22 7.41 9.31 16.34 16.00 17.39 14.63 11.02 10.43 11.10 8.77 7.79 9.58 10.26 8.69 7.97 7.98 7.72 7.77 7.67 7.51 6.97 6.68 8.83 10.53 8.52 7.67 7.68 7.41 7.82 9.64 11.30 -9999 -9999 -9999 -9999 -9999 -9999 -9999 -9999 -9999
-9999 -9999 -9999 -9999 -9999 -9999 -9999 -9999 -9999 -9999 -9999 -9999 -9999 -9999 -9999 -9999 -9999 -9999 -9999 -9999 -9999 -9999 -9999 -9999 -9999 -9999 -9999 -9999 11.39 9.15 8.58 8.31 7.87 7.23 8.36 7.93 9.84 10.60 13.49 15.65 16.67 12.18 14.93 12.48 12.03 9.52 11.42 10.30 8.91 7.91 7.72 8.16 7.85 7.91 7.86 7.90 7.80 7.87 7.74 7.59 7.77 9.26 8.85 8.18 8.24 8.26 7.95 8.18 10.15 -9999 -9999 -9999 -9999 -9999 -9999 -9999 -9999 -9999
-9999 -9999 -9999 -9999 -9999 -9999 -9999 -9999 -9999 -9999 -9999 -9999 -9999 -9999 -9999 -9999 -9999 -9999 -9999 -9999 -9999 -9999 -9999 -9999 -9999 -9999 -9999 -9999 -9999 9.18 8.64 8.13 7.32 8.19 11.29 11.37 12.59 10.82 10.23 13.38 12.58 14.71 13.18 9.82 7.41 8.38 8.14 10.17 8.74 8.24 9.04 8.60 7.67 7.97 7.72 7.82 7.70 7.84 8.04 8.18 8.21 7.86 8.30 8.60 8.86 -9999 8.74 9.19 10.36 12.49 -9999 -9999 -9999 -9999 -9999 -9999 -9999 -9999
-9999 -9999 -9999 -9999 -9999 -9999 -9999 -9999 -9999 -9999 -9999 -9999 -9999 -9999 -9999 -9999 -9999 -9999 -9999 -9999 -9999 -9999 -9999 -9999 -9999 -9999 -9999 -9999 11.08 9.09 8.51 7.53 6.96 7.44 13.64 14.48 11.34 15.56 14.54 11.63 11.06 17.38 14.11 14.48 10.18 7.26 10.22 8.03 7.15 8.35 8.49 7.81 8.01 7.49 7.42 7.49 7.69 7.60 7.70 9.97 8.74 7.69 9.68 8.61 8.64 8.74 -9999 10.13 11.12 12.82 14.09 -9999 -9999 -9999 -9999 -9999 -9999 -9999
-9999 -9999 -9999 -9999 -9999 -9999 -9999 -9999 -9999 -9999 -9999 -9999 -9999 -9999 -9999 -9999 -9999 -9999 -9999 -9999 -9999 -9999 -9999 -9999 -9999 -9999 -9999 -9999 10.74 8.81 8.31 7.53 9.90 8.41 9.96 14.54 9.61 10.22 10.78 7.94 8.01 13.89 12.90 12.91 8.03 10.88 12.06 8.37 9.90 8.57 9.26 8.71 7.98 7.23 7.12 7.18 7.24 7.21 7.21 7.61 8.45 7.10 7.49 8.57 7.70 8.71 9.28 -9999 -9999 -9999 -9999 -9999 -9999 -9999 -9999 -9999 -9999 -9999
-9999 -9999 -9999 -9999 -9999 -9999 -9999 -9999 -9999 -9999 -9999 -9999 -9999 -9999 -9999 -9999 -9999 -9999 -9999 -9999 -9999 -9999 -9999 -9999 -9999 -9999 -9999 12.81 9.81 8.52 9.63 8.93 9.12 8.48 9.76 9.94 9.19 8.93 8.25 7.95 8.67 12.68 16.31 16.66 10.03 13.76 12.54 8.66 9.05 7.52 8.36 8.65 7.64 6.92 7.20 7.11 7.02 7.28 7.17 7.58 7.93 7.82 7.47 9.62 8.66 8.44 8.59 10.08 11.61 -9999 -9999 -9999 -9999 -9999 -9999 -9999 -9999 -9999
-9999 -9999 -9999 -9999 -9999 -9999 -9999 -9999 -9999 -9999 -9999 -9999 -9999 -9999 -9999 -9999 -9999 -9999 -9999 -9999 -9999 -9999 -9999 -9999 -9999 -9999 -9999 -9999 10.01 8.52 8.54 9.09 11.86 8.62 8.09 8.00 8.81 9.37 8.55 8.16 7.97 8.04 13.81 15.90 17.45 13.09 13.35 11.50 9.67 10.09 6.79 6.94 8.29 6.98 6.95 6.81 6.78 7.23 7.29 7.72 8.45 8.16 7.53 7.66 11.13 9.24 8.47 8.77 9.78 11.28 12.92 -9999 -9999 -9999 -9999 -9999 -9999 -9999
