ML/MeanWindSpeed_1996-07_Actual.txt
ncols         180
nrows         290
xllcorner     -200000
yllcorner     -200000
cellsize      5000
NODATA_value  -9999
[rows 175 to 209 of 290, columns 79 to 157 of 180]
-9999 -9999 -9999 -9999 -9999 -9999 -9999 8.93 8.37 7.78 7.25 6.82 5.35 4.44 8.23 12.68 6.37 8.63 8.74 8.31 7.14 5.52 5.64 7.08 8.34 7.08 5.80 6.19 6.91 6.50 6.60 7.30 6.58 6.10 5.68 5.65 5.59 5.34 5.27 5.20 8.38 9.00 7.75 8.19 7.23 7.02 7.98 8.10 6.85 6.59 7.16 6.62 6.31 6.75 6.50 7.13 6.77 6.71 6.53 6.47 7.31 6.76 6.72 6.81 6.71 7.01 7.35 7.49 7.78 8.12 7.36 8.36 9.57 -9999 -9999 -9999 -9999 -9999 -9999
-9999 -9999 -9999 -9999 -9999 -9999 -9999 -9999 9.50 7.88 6.66 5.22 4.42 5.69 14.56 9.97 4.78 8.57 6.08 8.40 8.26 5.98 4.65 8.71 7.25 7.71 6.86 6.05 6.27 6.39 5.93 6.48 6.75 6.45 6.12 5.76 5.78 5.46 5.15 6.28 6.99 9.37 8.04 8.69 8.20 5.72 7.29 8.60 6.73 6.69 6.91 6.36 6.35 6.56 6.56 7.27 6.83 6.78 6.96 6.90 7.39 7.32 7.04 6.99 6.95 7.05 7.39 8.20 7.62 7.26 7.35 8.18 9.43 -9999 -9999 -9999 -9999 -9999 -9999
-9999 -9999 -9999 -9999 -9999 -9999 -9999 -9999 -9999 7.87 6.02 5.55 6.39 12.81 14.05 9.38 7.08 6.83 7.48 8.63 8.91 8.74 6.10 5.40 8.79 7.15 6.84 6.68 6.17 6.17 6.15 6.11 6.46 6.26 6.00 6.07 5.99 5.76 5.78 6.32 7.46 8.06 6.83 7.25 8.49 7.28 5.58 8.32 6.70 6.56 6.75 6.20 6.31 6.36 6.83 7.35 7.03 6.99 7.08 6.86 7.75 7.42 7.29 7.29 7.25 7.43 7.34 7.36 7.20 7.15 7.40 8.45 9.59 -9999 -9999 -9999 -9999 -9999 -9999
-9999 -9999 -9999 -9999 -9999 -9999 -9999 -9999 -9999 7.28 6.22 7.38 8.62 9.78 11.43 6.61 4.91 6.42 8.15 8.64 9.39 8.48 6.48 4.65 8.74 8.58 7.28 7.15 6.18 6.02 6.20 6.70 6.48 6.38 6.28 5.98 5.82 6.04 7.21 6.97 5.68 8.54 6.99 7.48 8.73 8.65 7.05 6.38 6.12 5.39 6.23 6.68 6.15 6.22 6.32 6.89 6.95 7.30 7.25 7.16 7.49 7.99 7.83 7.82 7.61 7.53 7.34 7.15 7.14 7.45 8.08 9.06 -9999 -9999 -9999 -9999 -9999 -9999 -9999
-9999 -9999 -9999 -9999 -9999 -9999 -9999 -9999 -9999 6.73 6.73 7.43 7.04 9.92 8.46 5.97 6.66 5.40 6.36 8.40 7.72 9.58 7.79 5.09 7.94 8.92 8.78 7.03 6.52 5.91 6.43 7.12 6.92 6.49 6.19 5.97 6.15 7.03 7.17 6.06 5.86 7.63 7.46 7.36 7.33 6.94 6.88 7.21 5.17 5.74 5.89 5.76 6.10 5.98 6.77 6.52 6.98 7.35 7.45 7.73 9.03 8.56 8.24 8.00 7.85 7.66 7.45 7.31 7.37 8.05 8.94 -9999 -9999 -9999 -9999 -9999 -9999 -9999 -9999
-9999 -9999 -9999 -9999 -9999 -9999 -9999 -9999 7.68 12.40 7.76 8.29 9.07 5.72 11.86 10.00 8.86 7.51 9.09 7.24 7.70 6.86 5.62 6.57 9.17 8.45 8.47 6.86 6.23 5.78 6.77 6.90 6.66 6.51 6.11 6.07 6.95 6.73 6.32 6.89 7.42 5.94 8.73 8.18 6.30 6.74 6.30 5.82 5.72 5.20 5.20 5.39 6.10 5.95 5.87 7.15 7.00 7.33 7.66 8.06 9.07 8.56 8.28 8.17 7.88 7.70 7.42 7.32 7.85 8.70 -9999 -9999 -9999 -9999 -9999 -9999 -9999 9.94 -9999
-9999 -9999 -9999 -9999 -9999 -9999 8.01 7.82 10.24 9.08 7.54 7.71 8.26 5.20 5.93 7.26 9.25 8.68 9.58 8.32 8.10 4.40 6.05 6.38 5.14 5.82 6.02 6.93 6.48 6.13 6.77 6.96 6.92 6.49 6.49 7.17 6.68 6.95 6.34 7.19 7.51 7.15 6.46 5.97 7.01 6.64 6.23 6.15 6.03 5.82 5.01 5.62 5.59 5.31 5.80 6.53 6.99 7.40 7.52 8.02 8.93 8.47 8.10 8.09 7.79 7.58 7.34 7.48 8.17 -9999 -9999 -9999 -9999 -9999 9.62 9.44 9.21 8.85 8.97
-9999 -9999 -9999 -9999 -9999 8.08 7.99 8.05 8.29 8.16 7.99 7.28 6.04 4.83 5.60 6.79 7.85 12.05 6.81 5.15 4.70 2.97 7.37 8.57 8.41 6.57 6.23 7.00 7.00 6.81 7.02 7.38 7.04 6.82 6.77 7.15 7.29 6.35 6.34 7.31 7.27 6.88 6.43 6.49 6.73 6.02 6.28 5.61 5.55 5.88 5.48 5.18 4.97 5.32 6.25 6.50 6.91 7.30 7.58 7.91 9.00 8.62 8.09 7.88 7.64 7.46 7.28 7.44 8.00 -9999 -9999 -9999 -9999 -9999 8.82 8.43 8.29 8.03 8.06
-9999 -9999 -9999 -9999 8.41 8.94 8.45 8.40 -9999 -9999 -9999 -9999 6.60 9.66 8.10 7.81 8.73 6.82 5.01 6.53 5.84 5.09 11.16 9.84 8.44 9.12 7.54 6.62 7.12 7.27 7.01 7.09 7.01 6.79 7.05 6.65 7.40 6.49 6.40 6.63 6.86 6.93 6.74 6.09 6.11 6.05 5.92 5.60 5.37 5.18 5.14 5.14 5.40 5.97 6.28 6.59 7.35 7.95 8.15 8.18 8.72 8.57 8.39 7.79 7.58 7.37 7.17 7.18 7.64 8.53 -9999 -9999 -9999 -9999 8.18 7.75 7.61 7.63 7.68
-9999 -9999 -9999 -9999 9.30 10.27 8.26 8.70 -9999 -9999 -9999 -9999 7.05 8.68 9.52 5.98 8.27 7.12 6.34 7.96 8.83 6.82 9.32 5.29 6.59 7.15 6.98 6.60 6.86 7.19 7.13 7.28 7.58 6.92 7.20 6.84 6.82 7.11 6.43 6.49 5.95 6.45 7.07 7.27 7.16 6.15 5.68 5.54 5.43 5.64 5.29 5.57 6.07 6.47 7.23 7.19 8.69 8.93 9.15 8.58 8.74 8.58 8.34 7.73 7.60 7.38 7.13 7.03 7.12 7.70 8.25 -9999 -9999 8.45 8.06 7.73 7.78 7.54 7.38
-9999 -9999 -9999 -9999 -9999 -9999 -9999 -9999 -9999 -9999 -9999 -9999 7.61 9.79 8.14 5.57 6.45 5.00 9.09 8.09 4.94 7.16 6.86 6.11 6.94 6.15 6.11 6.09 7.08 7.12 7.39 7.25 6.94 6.85 6.73 6.48 6.59 6.93 6.47 6.21 6.19 6.31 6.17 6.75 6.93 5.72 6.46 7.02 6.23 6.15 5.92 5.53 6.37 7.22 8.12 8.28 8.23 8.77 9.37 9.05 9.17 8.74 8.42 7.73 7.63 7.45 7.24 7.05 6.87 7.02 7.41 7.93 8.12 7.84 7.79 7.24 7.74 7.73 7.73
-9999 -9999 -9999 -9999 -9999 -9999 -9999 -9999 -9999 -9999 -9999 -9999 -9999 9.72 4.19 4.33 6.31 8.74 7.55 8.06 7.40 4.92 5.92 7.05 5.21 5.43 5.33 5.86 6.39 6.92 7.11 7.17 6.96 6.67 6.48 6.60 6.47 6.75 6.53 6.15 7.37 6.81 5.97 5.93 5.97 6.09 6.00 6.66 6.80 6.44 7.19 6.28 6.38 7.08 7.11 7.67 8.08 8.32 9.31 9.34 9.09 8.48 8.38 7.77 7.69 7.51 7.28 7.13 7.05 7.04 7.04 7.28 7.42 7.38 7.25 7.25 7.84 7.78 7.57
-9999 -9999 -9999 -9999 -9999 -9999 -9999 -9999 -9999 -9999 -9999 -9999 -9999 6.97 9.38 9.97 8.23 6.54 5.49 6.76 5.18 5.36 4.71 4.68 6.44 5.28 5.39 6.87 6.71 6.78 6.84 6.52 6.55 6.87 6.71 7.38 7.19 6.81 6.37 5.97 7.11 7.57 6.62 5.92 5.71 5.98 6.01 5.98 6.26 6.81 8.35 7.65 6.65 6.59 7.09 8.06 9.04 9.32 9.13 9.51 9.07 8.33 7.97 7.78 7.73 7.57 7.44 7.28 7.19 7.16 7.17 7.21 7.26 7.37 7.33 7.19 7.66 7.66 8.03
-9999 -9999 -9999 -9999 -9999 -9999 -9999 -9999 -9999 -9999 -9999 -9999 8.85 8.29 6.44 11.25 7.08 5.20 6.44 6.00 5.08 7.11 5.15 5.13 7.06 5.05 9.21 7.20 6.11 6.44 7.44 6.54 6.35 8.20 8.04 7.45 6.57 6.69 6.46 6.08 6.42 6.72 6.52 6.06 5.93 5.87 5.87 6.13 6.07 6.92 7.01 6.92 6.82 6.79 7.45 8.35 9.29 9.47 8.90 8.93 8.46 8.07 7.91 7.79 7.73 7.65 7.54 7.39 7.26 7.22 7.22 7.14 7.18 7.55 7.53 7.33 7.46 7.70 7.33
-9999 -9999 -9999 -9999 -9999 -9999 -9999 -9999 -9999 -9999 -9999 -9999 7.89 8.16 11.08 6.44 3.39 4.66 4.75 5.73 7.64 7.69 5.98 5.85 6.06 5.13 5.86 6.62 7.67 7.67 6.64 6.76 6.68 6.94 7.38 6.57 6.35 6.69 6.50 6.60 6.66 6.29 6.45 6.30 6.08 5.94 5.77 5.86 6.01 6.58 6.89 6.81 6.45 6.91 7.90 8.94 8.73 9.27 9.21 8.59 7.97 8.41 7.92 8.02 7.80 7.73 7.53 7.41 7.30 7.20 7.14 7.12 7.13 7.70 7.56 7.26 7.30 7.63 7.47
-9999 -9999 -9999 -9999 -9999 -9999 -9999 -9999 -9999 -9999 -9999 -9999 8.48 9.60 4.79 5.50 4.59 5.35 5.42 8.54 7.41 8.40 6.49 5.92 4.82 4.35 5.10 7.59 9.14 10.00 6.94 8.00 7.04 7.05 7.01 6.06 6.18 6.35 6.50 6.62 6.09 6.07 6.93 6.51 6.01 6.01 6.65 5.74 6.10 6.37 6.39 6.27 6.35 6.97 7.54 8.04 8.28 8.38 7.98 7.87 8.14 8.30 7.65 7.62 7.75 7.65 7.51 7.33 7.15 7.12 7.07 7.07 7.11 7.29 7.19 7.30 7.16 7.39 7.32
-9999 -9999 -9999 -9999 -9999 -9999 -9999 -9999 -9999 -9999 -9999 -9999 -9999 6.11 6.66 7.80 8.99 9.26 7.57 7.75 6.36 4.36 4.45 4.18 5.08 5.46 5.08 6.29 6.85 9.15 7.83 7.03 6.69 7.57 7.40 6.10 6.67 6.01 6.10 7.41 6.08 5.87 5.83 6.02 5.80 5.95 6.91 6.48 6.07 6.43 6.27 6.26 6.67 7.31 7.19 7.31 7.25 7.85 7.46 8.23 8.26 7.65 7.51 7.85 7.73 7.42 7.28 7.13 7.05 7.03 7.00 7.01 7.00 7.01 7.03 7.16 7.07 6.99 7.11
-9999 -9999 -9999 -9999 -9999 -9999 -9999 -9999 -9999 -9999 -9999 -9999 -9999 7.15 7.79 8.25 9.17 10.46 9.29 6.97 5.15 4.13 5.38 6.90 8.29 9.65 7.53 5.99 6.58 7.54 7.34 6.12 8.04 7.44 7.47 6.63 7.13 6.31 5.97 6.23 6.93 6.50 5.92 5.54 5.56 6.18 6.64 6.45 6.22 6.26 6.60 6.86 7.13 7.49 7.08 7.03 7.94 8.06 8.11 7.97 8.13 7.53 7.73 8.02 7.34 7.13 7.06 6.97 6.98 6.94 6.90 6.90 6.91 6.92 6.86 6.74 6.56 6.46 6.65
-9999 -9999 -9999 -9999 -9999 -9999 -9999 -9999 -9999 -9999 -9999 -9999 7.83 6.53 7.04 8.20 8.62 7.69 7.34 5.85 6.63 9.69 7.83 8.07 8.11 6.89 6.44 7.06 7.50 6.49 6.17 6.75 7.94 7.81 7.47 6.56 7.26 6.13 6.02 6.82 6.24 6.38 6.26 5.65 5.25 5.85 6.52 6.45 6.04 6.24 6.34 6.39 6.99 6.83 7.62 7.40 7.92 7.47 7.70 7.79 7.23 7.13 7.68 7.58 6.96 6.90 7.06 6.88 6.94 6.91 6.95 6.90 6.82 6.77 6.60 6.74 6.85 6.82 6.34
-9999 -9999 -9999 -9999 -9999 -9999 -9999 -9999 -9999 -9999 -9999 -9999 9.13 7.60 6.65 6.26 7.12 9.29 8.84 7.85 6.81 7.16 8.19 9.05 9.01 6.57 8.23 9.22 6.72 8.25 5.84 6.48 7.59 8.74 6.71 7.08 6.21 5.76 5.96 6.33 7.93 6.72 6.58 6.12 5.85 5.98 6.29 6.20 5.97 6.11 6.12 6.14 6.19 7.10 7.54 7.63 8.02 7.33 7.02 6.99 6.66 6.90 7.21 7.04 6.85 7.13 7.00 7.19 6.93 6.92 7.04 7.02 6.78 6.62 6.43 6.35 6.82 6.82 6.83
-9999 -9999 -9999 -9999 -9999 -9999 -9999 -9999 -9999 -9999 -9999 -9999 8.11 7.29 5.02 5.52 6.92 9.38 7.93 7.98 6.32 7.55 7.24 6.44 7.10 7.88 8.07 7.31 6.61 7.06 8.87 6.52 6.33 6.46 6.70 7.73 6.77 5.82 6.00 6.37 6.50 6.33 6.88 6.51 6.23 6.34 5.99 5.74 6.15 6.31 6.39 6.04 6.50 7.38 7.45 6.94 7.07 7.56 6.86 6.92 6.21 6.77 6.85 6.44 6.55 6.79 6.52 6.73 6.74 6.82 6.87 6.78 6.64 6.53 6.36 6.50 6.13 6.36 6.55
-9999 -9999 -9999 -9999 -9999 -9999 -9999 -9999 -9999 -9999 -9999 7.73 8.25 9.32 7.11 5.28 7.35 7.60 8.59 8.31 5.02 5.46 5.13 6.32 7.61 6.89 7.11 8.55 7.75 7.34 7.12 6.46 5.79 5.95 6.79 6.85 6.69 6.51 6.12 5.90 6.31 6.52 6.13 6.44 6.26 6.65 6.12 6.06 6.15 5.90 5.82 6.03 6.86 6.84 6.91 6.54 7.06 7.08 6.76 6.13 6.59 6.60 6.61 6.81 6.67 6.48 6.50 6.51 6.69 6.79 6.72 6.63 6.47 6.32 6.32 6.48 6.36 6.39 6.60
-9999 -9999 -9999 -9999 -9999 -9999 -9999 -9999 -9999 -9999 8.31 8.21 8.45 6.90 5.39 7.00 8.51 8.14 6.38 7.38 4.97 6.04 5.33 5.39 9.88 7.33 8.14 7.07 7.41 6.57 6.44 6.70 7.30 6.61 7.89 6.77 7.10 6.30 6.09 6.15 6.29 6.49 6.28 6.41 6.66 6.70 5.81 6.16 6.05 6.10 6.19 6.39 6.80 6.36 6.90 6.64 6.75 6.18 6.08 6.74 6.92 6.58 6.70 6.66 6.23 6.62 6.76 6.85 6.92 6.77 6.59 6.40 6.46 6.37 6.75 6.87 6.95 6.95 6.53
-9999 -9999 -9999 -9999 -9999 -9999 -9999 -9999 9.04 8.05 7.27 6.06 5.51 5.51 5.50 7.20 7.19 7.25 7.82 6.51 5.15 3.08 5.57 5.75 8.74 7.52 7.39 7.65 6.82 6.62 6.04 6.83 8.01 7.55 7.53 6.14 6.37 6.38 6.37 6.75 6.48 6.69 6.25 6.35 6.50 6.02 5.91 6.06 6.52 6.34 6.87 7.22 6.87 6.57 6.29 6.18 6.62 6.85 6.62 6.75 6.12 6.63 6.75 6.36 6.00 6.18 6.90 6.95 7.06 6.59 6.42 6.25 6.36 6.94 7.16 6.97 7.48 7.34 7.19
-9999 -9999 -9999 -9999 8.86 8.25 7.39 9.41 9.29 9.19 8.92 6.80 5.85 5.22 8.05 6.18 6.57 5.91 5.30 3.24 2.69 2.13 4.02 4.79 9.65 9.17 8.04 6.83 7.27 6.95 8.05 6.30 7.41 7.61 7.29 6.79 6.33 6.19 6.83 6.47 6.08 6.91 6.25 6.19 5.85 6.02 6.38 6.64 6.05 6.63 6.37 6.57 7.14 7.05 6.85 6.67 6.98 6.91 6.62 6.29 6.73 6.12 6.08 6.05 5.98 6.56 6.83 6.98 6.65 6.34 6.40 6.53 7.15 7.17 6.84 7.31 6.81 7.09 7.41
-9999 -9999 -9999 9.53 7.96 8.30 7.76 7.25 8.28 7.73 7.80 6.12 4.97 6.99 6.75 6.12 3.11 5.94 3.08 1.53 5.21 3.77 2.42 8.05 7.56 7.26 5.07 5.61 6.50 8.71 6.84 6.41 6.30 6.42 7.58 7.34 7.28 6.50 6.62 6.21 6.10 6.66 6.29 5.89 5.88 6.18 6.60 6.35 7.49 6.36 6.13 6.36 6.85 6.51 6.47 6.23 6.33 6.60 6.43 6.78 6.37 5.99 6.04 6.30 6.11 6.37 6.48 6.21 6.22 6.27 6.41 6.58 6.81 7.23 7.15 7.18 6.94 6.93 7.09
-9999 -9999 9.18 8.78 6.78 6.46 6.54 7.03 6.56 6.88 6.17 6.43 8.97 6.56 4.82 6.24 1.76 2.98 2.80 5.08 4.87 5.82 4.99 5.63 5.26 3.89 7.74 8.21 6.26 6.73 6.47 6.29 6.60 6.19 6.42 7.58 7.81 6.37 6.15 6.16 6.42 5.98 5.56 5.73 7.49 6.33 6.17 6.51 6.98 6.56 6.20 6.49 6.79 6.72 7.03 6.62 6.07 5.97 6.00 6.60 6.35 6.02 6.59 6.55 6.24 6.35 6.29 6.23 6.52 6.67 6.73 6.90 6.85 7.21 6.74 6.62 6.85 6.65 6.85
8.26 9.22 7.45 7.21 7.57 6.87 6.49 7.84 7.02 6.99 6.90 8.63 7.85 6.11 5.98 4.63 2.40 1.77 4.17 4.63 3.65 4.25 6.17 4.74 3.15 7.20 8.90 7.74 8.06 6.48 6.76 6.37 6.65 7.89 6.53 7.97 6.85 6.27 6.07 6.23 7.13 5.43 5.67 8.30 6.65 6.38 6.35 6.69 7.20 6.31 6.36 6.49 6.21 6.53 6.49 6.13 5.85 6.05 5.87 6.13 6.38 6.44 6.20 6.03 6.00 6.06 6.46 7.51 7.18 7.81 7.43 6.72 7.37 7.07 7.06 6.84 6.74 6.89 6.76
7.34 9.11 11.05 10.07 9.64 7.58 8.32 9.45 8.56 8.19 9.46 7.98 7.06 8.05 5.14 2.55 2.33 2.07 3.85 3.73 3.45 3.50 4.00 3.82 5.69 12.29 9.86 7.91 6.65 7.13 6.84 7.95 6.88 7.15 6.50 6.50 6.51 6.57 6.16 5.91 5.74 5.41 7.75 8.22 7.66 6.82 6.57 8.10 6.98 6.45 6.54 6.15 6.52 6.38 6.10 5.55 6.23 5.97 5.64 6.76 6.65 5.99 5.89 5.94 5.98 6.45 7.22 7.59 7.56 7.94 7.52 7.22 7.53 7.15 6.64 6.85 6.80 7.01 7.04
7.28 8.13 8.47 8.07 7.18 8.56 7.91 9.16 7.09 7.87 9.28 8.32 6.76 6.93 3.73 2.55 4.44 4.60 3.44 2.41 3.99 2.39 2.41 3.20 7.27 9.84 10.50 6.54 7.34 7.65 7.89 7.30 6.32 7.14 6.80 6.74 6.40 6.60 5.73 5.38 5.95 6.03 7.87 7.80 7.50 6.83 7.29 8.07 7.45 7.03 6.59 6.56 6.31 5.90 5.54 5.48 5.77 6.03 5.88 5.87 5.89 5.80 6.63 7.16 6.29 6.58 7.23 7.51 7.31 7.72 7.74 7.75 7.64 6.72 6.70 6.62 6.71 6.55 6.83
6.93 7.30 7.08 7.57 7.27 7.51 8.51 7.60 8.11 7.15 6.80 6.43 5.78 5.00 5.78 4.47 6.48 10.06 4.06 4.14 4.68 8.03 8.12 3.40 3.63 10.67 8.57 7.75 8.42 9.29 7.78 6.33 5.84 7.39 7.75 6.91 6.38 6.05 5.52 5.37 6.20 8.03 8.27 7.47 7.39 7.26 7.00 6.76 7.23 6.69 6.48 6.12 5.67 5.30 5.14 5.67 5.45 5.33 5.49 5.09 5.42 6.25 6.37 6.94 6.62 6.68 6.79 7.05 7.53 7.75 7.82 7.82 7.81 6.70 6.34 6.66 6.66 6.34 6.59
6.70 7.29 6.63 7.11 7.38 7.70 7.17 7.21 7.83 7.24 7.96 6.91 7.98 5.41 7.07 8.04 7.52 7.82 8.19 6.41 7.94 9.66 6.52 8.06 7.03 4.01 8.16 8.77 6.85 7.23 5.98 7.13 7.04 9.08 8.48 6.88 6.32 5.72 5.44 6.18 8.09 7.20 8.45 7.57 7.53 8.06 7.09 7.43 6.33 6.42 6.03 5.66 5.34 5.28 5.09 4.93 4.58 4.45 4.45 4.97 6.06 6.90 6.66 6.29 6.82 6.50 7.17 6.82 6.94 7.20 7.42 7.59 7.56 7.05 6.32 6.60 6.59 6.42 6.69
6.89 6.60 7.68 8.65 10.01 9.35 8.46 7.92 7.38 7.65 9.41 7.38 7.95 5.66 6.66 6.61 5.56 4.39 6.05 5.50 7.30 7.74 9.62 8.64 9.23 8.34 11.32 7.73 7.04 6.66 7.25 6.86 8.70 8.41 8.55 6.44 6.05 5.57 7.93 8.36 8.01 8.24 7.15 7.64 7.90 7.64 6.42 6.16 6.19 5.98 5.74 5.54 5.27 5.42 5.14 4.89 4.14 3.59 3.97 5.28 7.03 6.17 6.60 6.70 6.44 6.40 6.57 6.48 6.70 7.10 6.95 7.30 7.22 6.88 6.67 6.64 6.29 6.08 6.74
7.29 6.96 7.20 8.58 9.04 9.74 9.29 8.73 8.25 7.89 8.11 9.56 6.80 9.25 8.17 7.75 8.08 6.66 4.94 5.08 6.63 6.26 8.04 8.31 7.46 10.58 10.68 7.00 7.59 6.09 6.54 7.83 8.44 7.92 7.36 6.27 5.81 6.87 6.50 7.69 7.51 7.12 7.38 7.23 6.91 6.47 5.69 5.49 5.58 5.62 6.55 5.48 5.75 5.05 4.56 3.61 2.98 3.02 4.13 6.17 6.72 6.64 6.79 6.66 6.44 6.54 6.89 7.22 6.38 6.98 7.54 7.07 6.79 6.88 6.23 6.33 6.82 6.33 5.99
7.72 8.07 8.71 9.70 -9999 -9999 -9999 -9999 9.11 8.78 9.26 7.46 6.56 7.47 7.35 6.96 6.38 3.86 9.80 10.18 6.99 6.37 6.77 8.11 8.93 10.29 8.55 7.67 6.87 6.18 8.96 8.04 9.02 6.91 6.69 6.39 6.16 7.51 6.37 7.42 7.33 6.82 6.91 6.71 6.32 5.75 5.42 5.37 5.53 5.60 6.27 5.51 5.55 5.33 4.51 3.53 2.76 3.62 3.81 5.78 7.01 7.12 6.22 6.22 6.17 6.92 7.21 7.02 6.23 6.76 7.24 7.05 6.68 7.04 6.62 6.40 6.51 6.39 5.92
