ML/MeanWindSpeed_1994-03_Actual.txt
ncols         180
nrows         290
xllcorner     -200000
yllcorner     -200000
cellsize      5000
NODATA_value  -9999
[rows 136 to 169 of 290, columns 77 to 153 of 180]
-9999 -9999 18.24 15.92 13.03 16.71 15.17 17.68 15.45 13.61 10.75 10.06 13.41 21.56 17.57 16.31 13.30 12.97 13.08 11.99 13.54 15.49 12.82 13.83 12.64 13.35 13.49 14.09 14.36 14.25 13.53 13.40 13.92 12.58 12.47 14.82 15.26 16.39 17.30 17.02 12.49 13.46 17.18 15.87 13.84 14.06 13.53 13.72 12.66 13.78 15.04 -9999 -9999 -9999 -9999 -9999 -9999 -9999 -9999 -9999 -9999 -9999 -9999 -9999 -9999 -9999 -9999 -9999 -9999 -9999 -9999 -9999 -9999 -9999 -9999 -9999 -9999
-9999 -9999 18.61 16.51 12.21 15.84 13.24 15.16 14.65 14.06 12.73 9.91 15.50 15.90 15.22 18.40 14.11 13.30 12.72 9.64 13.46 20.16 14.92 -9999 -9999 -9999 14.13 14.31 -9999 14.27 14.32 14.24 12.81 11.72 14.62 17.50 15.25 15.75 17.57 16.73 18.52 17.61 14.15 12.40 12.73 13.46 14.54 11.37 11.88 12.73 15.06 -9999 -9999 -9999 -9999 -9999 -9999 -9999 -9999 -9999 -9999 -9999 -9999 -9999 -9999 -9999 -9999 -9999 -9999 -9999 -9999 -9999 -9999 -9999 -9999 -9999 -9999
-9999 -9999 16.66 19.50 14.37 13.69 14.26 15.56 15.35 14.67 13.13 11.16 12.58 20.31 16.09 17.23 13.24 13.49 15.76 11.16 13.22 15.28 15.70 -9999 -9999 -9999 14.35 13.86 14.61 15.14 14.40 13.43 10.73 11.98 17.35 19.08 15.90 20.22 16.53 16.66 20.39 16.36 17.01 16.79 16.21 13.10 14.75 16.23 13.47 12.61 14.89 -9999 -9999 -9999 -9999 -9999 -9999 -9999 -9999 -9999 -9999 -9999 -9999 -9999 -9999 -9999 -9999 -9999 -9999 -9999 -9999 -9999 -9999 -9999 -9999 -9999 -9999
-9999 -9999 -9999 18.40 18.29 15.28 -9999 16.34 16.57 15.27 14.45 13.20 -9999 15.91 14.05 15.10 12.30 14.90 16.08 14.45 15.18 -9999 -9999 -9999 -9999 15.34 13.72 13.61 14.60 15.81 15.57 13.47 10.89 9.96 16.45 23.88 15.04 21.66 17.35 20.10 21.46 17.72 19.75 17.21 14.49 16.81 17.12 14.61 10.98 12.69 16.16 15.68 -9999 -9999 -9999 -9999 -9999 -9999 -9999 -9999 -9999 -9999 -9999 -9999 -9999 -9999 -9999 -9999 -9999 -9999 -9999 -9999 -9999 -9999 -9999 -9999 -9999
-9999 -9999 -9999 -9999 18.88 -9999 -9999 -9999 16.07 16.61 15.21 15.34 16.26 -9999 -9999 16.35 14.01 17.97 19.65 -9999 -9999 -9999 -9999 -9999 16.10 15.24 12.56 13.60 14.89 16.43 15.43 15.69 13.91 8.93 12.30 19.05 23.25 19.11 21.91 23.16 23.29 19.39 20.17 20.53 18.52 15.54 15.75 15.46 10.96 12.81 16.39 17.52 -9999 -9999 -9999 -9999 -9999 -9999 -9999 -9999 -9999 -9999 -9999 -9999 -9999 -9999 -9999 -9999 -9999 -9999 -9999 -9999 -9999 -9999 -9999 -9999 -9999
-9999 -9999 -9999 -9999 18.58 18.41 -9999 -9999 -9999 16.08 17.35 17.04 17.40 -9999 -9999 -9999 -9999 17.57 -9999 -9999 -9999 -9999 -9999 -9999 14.18 13.17 11.97 14.03 18.17 18.92 16.47 16.00 13.66 10.15 9.63 15.84 20.56 17.21 25.11 23.83 25.42 20.86 21.21 22.96 18.72 16.17 15.33 12.68 10.61 12.65 15.90 16.97 -9999 -9999 -9999 -9999 -9999 -9999 -9999 -9999 -9999 -9999 -9999 -9999 -9999 -9999 -9999 -9999 -9999 -9999 -9999 -9999 -9999 -9999 -9999 -9999 -9999
-9999 -9999 -9999 -9999 -9999 20.04 -9999 -9999 -9999 -9999 16.85 18.51 17.99 -9999 -9999 -9999 -9999 -9999 -9999 -9999 -9999 -9999 -9999 14.99 13.59 13.80 13.95 14.66 18.66 18.98 17.48 16.94 15.00 12.56 8.40 10.73 21.46 24.80 25.49 24.52 20.33 18.65 19.55 17.31 14.06 17.27 17.25 12.40 11.23 13.02 15.09 16.02 16.22 -9999 -9999 -9999 -9999 -9999 -9999 -9999 -9999 -9999 -9999 -9999 -9999 -9999 -9999 -9999 -9999 -9999 -9999 -9999 -9999 -9999 -9999 -9999 -9999
-9999 -9999 -9999 -9999 -9999 21.64 -9999 -9999 -9999 -9999 -9999 -9999 -9999 -9999 -9999 -9999 -9999 -9999 -9999 -9999 -9999 -9999 -9999 15.77 13.84 12.34 10.98 9.39 21.02 19.60 18.42 20.13 15.87 16.22 7.69 6.94 16.73 25.32 22.82 20.45 25.76 27.97 25.57 22.21 19.93 13.61 14.28 13.75 14.65 13.49 13.73 15.25 15.75 16.02 -9999 -9999 -9999 -9999 -9999 -9999 -9999 -9999 -9999 -9999 -9999 -9999 -9999 -9999 -9999 -9999 -9999 -9999 -9999 -9999 -9999 -9999 -9999
-9999 -9999 -9999 -9999 -9999 -9999 -9999 -9999 -9999 -9999 -9999 -9999 -9999 -9999 -9999 -9999 -9999 -9999 -9999 -9999 -9999 -9999 15.40 14.67 12.97 11.91 16.86 9.73 28.93 29.86 18.37 18.50 16.97 14.42 13.36 7.55 9.39 23.76 24.89 22.93 20.80 19.09 22.42 21.41 19.48 16.15 14.33 13.80 13.11 12.94 13.95 13.34 13.24 14.70 -9999 -9999 -9999 -9999 -9999 -9999 -9999 -9999 -9999 -9999 -9999 -9999 -9999 -9999 -9999 -9999 -9999 -9999 -9999 -9999 -9999 -9999 -9999
-9999 -9999 -9999 -9999 -9999 -9999 -9999 -9999 -9999 -9999 -9999 -9999 -9999 -9999 -9999 -9999 -9999 -9999 -9999 -9999 -9999 -9999 13.20 14.67 11.28 16.57 28.80 16.66 12.17 22.16 23.12 19.10 18.43 15.96 14.23 11.18 10.23 12.81 26.17 24.11 23.80 20.54 20.08 19.74 16.32 15.32 15.09 15.91 13.31 14.35 12.96 12.68 12.01 12.79 14.69 16.59 17.06 -9999 -9999 -9999 -9999 -9999 -9999 -9999 -9999 -9999 -9999 -9999 -9999 -9999 -9999 -9999 -9999 -9999 -9999 -9999 -9999
-9999 -9999 -9999 -9999 -9999 -9999 -9999 -9999 -9999 -9999 -9999 -9999 -9999 -9999 -9999 -9999 -9999 -9999 -9999 -9999 -9999 -9999 12.42 12.16 12.29 19.65 15.36 14.69 16.79 22.22 16.95 16.04 21.52 13.41 15.90 13.43 12.97 12.20 17.34 22.51 23.32 22.39 21.46 18.23 17.62 15.87 14.34 13.43 13.38 12.98 13.01 11.60 10.89 11.11 16.49 15.34 17.13 18.43 17.94 -9999 -9999 -9999 -9999 -9999 -9999 -9999 -9999 -9999 -9999 -9999 -9999 -9999 -9999 -9999 -9999 -9999 -9999
-9999 -9999 -9999 -9999 -9999 -9999 -9999 -9999 -9999 -9999 -9999 -9999 -9999 -9999 -9999 -9999 -9999 -9999 -9999 -9999 -9999 -9999 12.10 10.63 12.67 21.97 25.47 20.07 14.16 14.19 14.56 19.56 13.12 18.60 15.56 14.80 16.74 15.48 13.07 15.58 22.45 22.29 20.97 19.45 17.74 16.45 15.53 14.52 13.23 13.26 12.56 11.40 11.87 11.94 13.98 18.71 17.76 17.96 19.48 19.15 16.75 -9999 -9999 -9999 -9999 -9999 -9999 -9999 -9999 -9999 -9999 -9999 -9999 -9999 -9999 -9999 -9999
-9999 -9999 -9999 -9999 -9999 -9999 -9999 -9999 -9999 -9999 -9999 -9999 -9999 -9999 -9999 -9999 -9999 -9999 -9999 -9999 -9999 -9999 13.42 10.77 13.90 17.25 12.42 32.51 26.89 13.67 15.65 12.00 18.78 19.92 14.57 13.48 15.51 15.57 12.77 24.94 23.09 22.65 23.94 24.34 22.67 17.08 18.22 15.21 13.97 13.54 13.07 12.79 12.74 11.65 12.92 17.01 15.19 14.54 15.34 17.34 15.54 19.52 -9999 -9999 -9999 -9999 -9999 -9999 -9999 -9999 -9999 -9999 -9999 -9999 -9999 -9999 -9999
-9999 -9999 -9999 -9999 -9999 -9999 -9999 -9999 -9999 -9999 18.38 19.08 18.74 -9999 -9999 -9999 -9999 -9999 -9999 -9999 -9999 -9999 -9999 14.51 12.58 11.99 16.40 19.92 24.81 13.88 8.70 15.81 14.74 13.28 11.63 14.77 15.35 13.61 15.80 19.96 20.95 27.07 25.40 21.95 20.70 21.41 18.51 15.74 14.41 13.52 13.05 11.85 11.67 17.97 16.01 20.77 21.16 19.02 16.87 13.11 18.26 19.00 16.91 -9999 -9999 -9999 -9999 -9999 -9999 -9999 -9999 -9999 -9999 -9999 -9999 -9999 -9999
-9999 -9999 -9999 -9999 -9999 -9999 -9999 -9999 -9999 -9999 18.04 17.69 -9999 -9999 -9999 -9999 -9999 -9999 -9999 -9999 -9999 -9999 -9999 -9999 12.84 10.61 17.05 17.68 29.86 16.22 15.92 14.33 10.12 8.45 9.27 9.22 22.24 13.42 16.20 24.63 20.62 16.74 15.93 22.97 17.22 21.54 18.09 15.69 14.20 13.36 11.69 11.89 16.11 17.95 16.13 14.97 13.46 14.84 16.14 15.78 17.28 17.40 20.15 -9999 -9999 -9999 -9999 -9999 -9999 -9999 -9999 -9999 -9999 -9999 -9999 -9999 -9999
-9999 -9999 -9999 -9999 -9999 -9999 -9999 -9999 -9999 15.03 20.42 19.41 17.16 -9999 -9999 -9999 -9999 -9999 -9999 -9999 -9999 -9999 -9999 -9999 12.89 16.94 18.01 19.46 16.34 17.12 13.90 12.46 9.85 9.16 12.13 9.87 9.65 24.01 17.80 17.33 23.52 20.87 25.72 21.19 22.07 19.46 17.85 16.26 15.32 13.37 11.31 12.48 15.22 14.73 16.10 16.66 14.95 15.05 14.23 14.93 16.11 14.38 18.80 17.08 -9999 -9999 -9999 -9999 -9999 -9999 -9999 -9999 -9999 -9999 -9999 -9999 -9999
-9999 -9999 -9999 -9999 -9999 -9999 -9999 -9999 12.25 18.31 21.56 26.76 16.93 -9999 -9999 -9999 -9999 -9999 -9999 -9999 -9999 -9999 -9999 -9999 15.20 22.66 18.25 12.92 15.32 13.17 14.08 10.71 8.76 10.20 11.68 8.06 19.00 16.09 21.54 17.81 26.16 18.06 20.80 18.31 21.48 18.76 18.53 17.59 14.90 13.92 11.33 10.52 15.94 17.57 17.51 15.18 14.47 13.22 12.56 12.99 16.09 16.73 16.46 17.93 -9999 -9999 -9999 -9999 -9999 -9999 -9999 -9999 -9999 -9999 -9999 -9999 -9999
-9999 -9999 -9999 -9999 -9999 -9999 -9999 14.67 13.41 24.09 20.11 19.31 -9999 -9999 -9999 -9999 -9999 -9999 -9999 -9999 -9999 -9999 -9999 -9999 -9999 16.32 13.13 12.77 15.92 11.68 14.79 11.26 9.82 9.45 9.29 6.79 17.41 18.73 21.24 21.24 23.82 23.59 23.88 23.11 22.01 21.84 20.78 16.56 14.97 13.58 11.24 10.24 11.89 19.80 18.50 14.42 13.01 12.55 11.48 11.66 12.52 13.23 13.05 14.70 17.00 18.26 -9999 -9999 -9999 -9999 -9999 -9999 -9999 -9999 -9999 -9999 -9999
-9999 -9999 -9999 -9999 -9999 -9999 -9999 18.20 20.69 15.54 16.65 17.42 -9999 -9999 -9999 -9999 -9999 -9999 -9999 -9999 -9999 -9999 -9999 -9999 -9999 -9999 13.99 15.06 13.78 12.16 13.90 12.26 11.96 11.36 11.71 7.84 18.09 16.98 15.56 20.83 20.19 18.48 25.14 25.90 21.05 23.23 20.82 19.15 14.91 13.03 11.90 10.98 11.31 13.39 14.39 13.34 13.11 12.67 12.34 12.02 12.39 12.43 12.73 17.35 17.72 17.37 -9999 -9999 -9999 -9999 -9999 -9999 -9999 -9999 -9999 -9999 -9999
-9999 -9999 -9999 -9999 -9999 -9999 -9999 19.48 17.61 18.69 17.31 -9999 -9999 -9999 -9999 -9999 -9999 -9999 -9999 -9999 -9999 -9999 -9999 -9999 -9999 -9999 15.50 15.71 14.89 -9999 14.23 -9999 12.98 12.46 12.30 10.29 11.14 18.76 16.26 18.11 24.38 13.10 15.31 24.66 22.40 21.81 20.61 17.91 14.95 13.66 13.22 12.21 11.77 12.24 13.72 15.22 13.44 14.10 12.54 11.95 13.68 15.40 14.86 13.90 13.90 16.78 19.64 20.55 -9999 -9999 -9999 -9999 -9999 -9999 -9999 -9999 -9999
-9999 -9999 -9999 -9999 -9999 -9999 19.21 17.82 17.38 -9999 -9999 -9999 -9999 -9999 -9999 -9999 -9999 -9999 -9999 -9999 -9999 -9999 -9999 -9999 -9999 -9999 17.02 15.73 14.51 -9999 -9999 -9999 12.58 14.63 11.27 13.27 15.45 12.44 10.93 14.06 21.29 20.63 13.39 21.02 23.96 20.23 21.42 19.02 16.51 13.17 13.09 12.51 12.22 12.30 12.70 13.16 12.96 13.16 11.39 13.39 15.38 16.39 16.82 16.53 15.23 15.25 17.07 18.98 -9999 -9999 -9999 -9999 -9999 -9999 -9999 -9999 -9999
-9999 -9999 -9999 -9999 -9999 -9999 -9999 -9999 -9999 -9999 -9999 -9999 -9999 -9999 -9999 -9999 -9999 -9999 -9999 -9999 -9999 -9999 -9999 -9999 -9999 -9999 -9999 -9999 -9999 -9999 -9999 13.20 9.92 10.59 14.62 16.79 17.86 17.39 14.19 14.93 19.71 19.20 16.18 13.85 19.55 22.12 19.57 17.87 15.99 14.12 13.37 13.40 12.53 12.26 12.36 12.28 11.76 10.49 12.33 17.75 16.10 17.10 15.71 15.70 14.37 15.50 16.99 -9999 -9999 -9999 -9999 -9999 -9999 -9999 -9999 -9999 -9999
-9999 -9999 -9999 -9999 -9999 -9999 -9999 -9999 -9999 -9999 -9999 -9999 -9999 -9999 -9999 -9999 -9999 -9999 -9999 -9999 -9999 -9999 -9999 -9999 -9999 -9999 -9999 -9999 -9999 -9999 -9999 12.10 9.22 12.05 18.05 22.37 20.18 15.74 17.10 13.67 14.56 13.73 16.25 17.04 19.27 19.95 18.87 16.92 15.70 14.71 13.42 13.46 12.38 12.22 12.22 12.29 11.75 10.31 11.62 18.77 18.61 16.14 15.27 14.70 14.27 15.44 17.35 -9999 -9999 -9999 -9999 -9999 -9999 -9999 -9999 -9999 -9999
-9999 -9999 -9999 -9999 -9999 -9999 -9999 -9999 -9999 -9999 -9999 -9999 -9999 -9999 -9999 -9999 -9999 -9999 -9999 -9999 -9999 -9999 -9999 -9999 -9999 -9999 -9999 -9999 -9999 -9999 -9999 11.29 8.49 9.79 15.91 18.39 17.65 16.03 16.07 15.56 16.04 14.33 14.60 15.05 13.06 19.55 16.76 18.22 16.18 15.53 13.46 12.71 12.42 12.10 12.14 12.13 11.98 11.22 11.24 15.31 17.66 16.84 15.55 14.96 14.37 15.26 16.78 -9999 -9999 -9999 -9999 -9999 -9999 -9999 -9999 -9999 -9999
-9999 -9999 -9999 -9999 -9999 -9999 -9999 -9999 -9999 -9999 -9999 -9999 -9999 -9999 -9999 -9999 -9999 -9999 -9999 -9999 -9999 -9999 -9999 -9999 -9999 -9999 -9999 -9999 -9999 15.95 13.71 10.49 8.14 13.04 17.08 21.86 16.95 18.93 12.39 14.25 14.29 17.18 18.56 17.38 19.78 14.24 14.41 14.38 14.04 13.33 14.41 12.69 12.15 12.33 11.90 11.98 12.24 11.88 11.92 13.10 16.74 16.85 15.78 14.88 14.47 14.71 15.76 17.36 -9999 -9999 -9999 -9999 -9999 -9999 -9999 -9999 -9999
-9999 -9999 -9999 -9999 -9999 -9999 -9999 -9999 -9999 -9999 -9999 -9999 -9999 -9999 -9999 -9999 -9999 -9999 -9999 -9999 -9999 -9999 -9999 -9999 -9999 -9999 -9999 -9999 -9999 14.93 12.66 10.85 9.63 10.69 15.97 13.34 12.97 10.17 13.10 17.91 14.90 18.86 18.07 19.77 14.49 19.60 15.77 17.14 15.88 15.62 13.79 13.10 12.30 11.77 11.73 11.95 12.13 12.32 12.19 12.48 14.20 17.04 16.41 14.93 14.58 14.18 14.60 16.51 -9999 -9999 -9999 -9999 -9999 -9999 -9999 -9999 -9999
-9999 -9999 -9999 -9999 -9999 -9999 -9999 -9999 -9999 -9999 -9999 -9999 -9999 -9999 -9999 -9999 -9999 -9999 -9999 -9999 -9999 -9999 -9999 -9999 -9999 -9999 -9999 -9999 -9999 14.89 12.41 11.39 10.61 11.32 12.94 14.01 12.46 11.33 14.09 14.61 13.87 17.16 20.82 17.32 16.47 13.95 16.17 13.29 13.88 14.41 14.60 13.26 12.66 11.76 11.69 11.94 12.16 12.41 12.49 12.29 13.24 15.91 17.36 15.40 14.36 13.89 13.73 15.05 16.96 -9999 -9999 -9999 -9999 -9999 -9999 -9999 -9999
-9999 -9999 -9999 -9999 -9999 -9999 -9999 -9999 -9999 -9999 -9999 -9999 -9999 -9999 -9999 -9999 -9999 -9999 -9999 -9999 -9999 -9999 -9999 -9999 -9999 -9999 -9999 -9999 -9999 14.43 12.58 11.91 11.81 11.65 11.90 12.53 13.98 15.68 12.08 11.94 13.98 20.53 20.71 22.00 19.33 15.95 15.28 15.90 13.54 12.22 13.66 14.31 12.67 11.82 11.82 11.77 12.14 12.56 12.91 12.63 13.04 16.11 18.14 16.34 15.18 14.55 13.63 13.87 15.70 17.49 -9999 -9999 -9999 -9999 -9999 -9999 -9999
-9999 -9999 -9999 -9999 -9999 -9999 -9999 -9999 -9999 -9999 -9999 -9999 -9999 -9999 -9999 -9999 -9999 -9999 -9999 -9999 -9999 -9999 -9999 -9999 -9999 -9999 -9999 -9999 -9999 14.52 12.37 11.77 11.35 10.87 10.49 12.58 12.60 13.59 14.12 17.24 19.73 21.18 18.31 20.92 17.90 16.83 14.32 16.38 15.18 13.52 12.50 12.30 12.44 11.92 11.89 12.07 12.45 12.80 13.30 13.54 14.00 15.11 16.88 16.60 15.56 15.06 14.58 14.07 14.29 16.29 -9999 -9999 -9999 -9999 -9999 -9999 -9999
-9999 -9999 -9999 -9999 -9999 -9999 -9999 -9999 -9999 -9999 -9999 -9999 -9999 -9999 -9999 -9999 -9999 -9999 -9999 -9999 -9999 -9999 -9999 -9999 -9999 -9999 -9999 -9999 -9999 -9999 12.49 11.93 11.14 9.96 10.56 13.97 14.55 15.10 13.02 13.07 16.62 17.24 21.01 20.35 16.88 13.59 14.18 14.08 15.38 13.51 12.90 13.74 13.16 12.08 12.26 12.28 12.66 12.84 13.17 13.70 14.37 15.02 14.99 15.46 15.65 15.58 -9999 14.91 15.28 16.47 18.57 -9999 -9999 -9999 -9999 -9999 -9999
-9999 -9999 -9999 -9999 -9999 -9999 -9999 -9999 -9999 -9999 -9999 -9999 -9999 -9999 -9999 -9999 -9999 -9999 -9999 -9999 -9999 -9999 -9999 -9999 -9999 -9999 -9999 -9999 -9999 14.23 12.42 11.88 10.73 9.28 9.01 15.46 16.91 13.78 17.65 17.24 14.41 14.88 22.20 20.86 21.83 16.92 14.02 16.57 13.74 12.31 13.02 13.20 12.78 12.90 12.31 12.46 12.68 12.99 12.86 13.08 15.46 14.63 13.92 15.89 15.15 15.40 15.27 -9999 16.28 17.24 18.87 20.15 -9999 -9999 -9999 -9999 -9999
-9999 -9999 -9999 -9999 -9999 -9999 -9999 -9999 -9999 -9999 -9999 -9999 -9999 -9999 -9999 -9999 -9999 -9999 -9999 -9999 -9999 -9999 -9999 -9999 -9999 -9999 -9999 -9999 -9999 13.74 11.87 11.37 10.61 12.32 10.53 12.60 17.34 12.99 13.50 13.93 10.80 11.14 18.08 19.34 20.04 15.28 17.78 18.43 14.46 15.26 13.54 14.07 13.85 13.30 12.54 12.56 12.67 12.76 12.56 12.48 13.07 13.92 12.65 13.15 14.50 14.31 15.34 15.64 -9999 -9999 -9999 -9999 -9999 -9999 -9999 -9999 -9999
-9999 -9999 -9999 -9999 -9999 -9999 -9999 -9999 -9999 -9999 -9999 -9999 -9999 -9999 -9999 -9999 -9999 -9999 -9999 -9999 -9999 -9999 -9999 -9999 -9999 -9999 -9999 -9999 15.61 12.64 11.31 12.34 11.89 11.99 11.22 12.91 13.46 12.57 12.04 11.11 10.56 10.91 15.59 20.95 22.58 17.44 21.05 19.72 15.30 14.90 12.89 13.46 14.09 13.50 12.65 12.89 12.81 12.71 12.78 12.40 12.87 13.33 12.92 12.51 14.86 14.82 14.89 14.98 16.23 17.45 -9999 -9999 -9999 -9999 -9999 -9999 -9999
-9999 -9999 -9999 -9999 -9999 -9999 -9999 -9999 -9999 -9999 -9999 -9999 -9999 -9999 -9999 -9999 -9999 -9999 -9999 -9999 -9999 -9999 -9999 -9999 -9999 -9999 -9999 -9999 -9999 12.87 11.38 11.33 12.15 14.83 11.63 11.36 11.39 11.88 12.14 11.08 10.27 9.64 10.67 17.63 21.68 24.01 20.14 20.63 18.08 15.63 15.25 12.10 12.85 14.51 12.95 12.78 12.60 12.62 12.85 12.50 12.77 13.54 12.89 11.84 12.23 16.26 15.19 14.77 15.01 15.62 16.91 18.57 -9999 -9999 -9999 -9999 -9999
