ML/MeanWindSpeed_1992-10_Actual.txt
ncols         180
nrows         290
xllcorner     -200000
yllcorner     -200000
cellsize      5000
NODATA_value  -9999
[rows 210 to 244 of 290, columns 79 to 157 of 180]
11.99 10.74 12.71 12.94 -9999 -9999 -9999 -9999 -9999 -9999 -9999 7.21 7.25 8.40 7.52 7.24 7.13 8.87 10.95 13.36 12.88 10.97 9.44 8.96 8.18 11.13 10.95 7.11 5.96 9.53 9.89 11.26 8.44 7.70 7.24 6.63 7.64 8.35 8.19 8.44 8.17 7.86 7.68 7.50 7.33 7.40 7.33 7.86 7.34 7.30 7.25 7.21 7.21 6.79 7.27 8.13 7.76 7.05 8.25 7.49 6.41 6.04 5.48 5.67 6.52 7.12 6.83 6.17 5.96 6.96 6.06 6.39 7.31 6.83 6.95 6.99 6.49 6.39 6.88
12.70 -9999 -9999 -9999 -9999 -9999 -9999 -9999 -9999 11.77 10.05 9.51 10.90 10.60 9.33 8.07 8.02 7.93 10.29 11.82 11.36 7.81 7.61 10.80 9.80 9.89 7.98 6.65 6.50 9.19 9.77 9.71 8.26 7.81 7.37 6.00 8.94 9.23 8.12 8.17 7.80 7.69 7.56 7.37 7.81 7.49 7.69 7.20 7.14 7.16 7.33 7.18 7.22 6.59 7.88 9.15 7.75 8.07 6.42 7.08 6.34 5.92 7.14 6.98 6.91 7.36 6.66 5.89 5.89 5.92 6.41 6.94 6.47 7.06 6.95 6.34 6.32 7.55 7.19
-9999 -9999 -9999 -9999 -9999 -9999 -9999 -9999 -9999 13.36 12.55 10.80 12.29 13.04 -9999 -9999 8.87 11.00 7.00 8.66 8.27 8.21 8.84 10.27 8.02 7.80 8.26 8.09 8.98 9.67 9.83 9.07 8.34 8.48 6.76 7.17 9.24 8.26 7.78 7.43 7.49 7.96 7.84 7.42 7.41 6.98 7.12 7.59 7.99 7.74 8.27 7.18 6.61 7.36 9.54 7.92 7.83 7.17 5.70 6.77 6.40 6.66 7.32 7.17 6.52 6.27 7.38 6.26 6.13 6.12 6.12 6.26 6.07 5.84 7.23 6.80 7.53 8.64 8.78
-9999 -9999 -9999 -9999 -9999 -9999 -9999 -9999 -9999 -9999 -9999 -9999 -9999 -9999 -9999 -9999 10.88 9.61 8.94 8.06 7.10 6.89 7.24 8.26 8.27 8.91 9.68 10.40 11.19 11.06 -9999 9.10 8.25 7.33 6.72 7.40 9.03 8.29 8.16 7.48 6.84 6.84 7.67 7.06 7.16 8.15 8.28 8.01 8.71 9.46 8.34 7.96 7.57 7.79 8.92 7.71 7.48 7.08 6.16 5.79 5.60 6.08 7.21 6.74 5.97 6.04 6.17 6.07 6.06 6.06 6.08 6.13 6.33 6.57 7.04 7.08 7.70 8.36 -9999
-9999 -9999 -9999 -9999 -9999 -9999 -9999 -9999 -9999 -9999 -9999 -9999 -9999 -9999 -9999 -9999 -9999 10.98 9.32 8.03 7.87 8.19 7.07 7.33 8.46 10.17 -9999 -9999 -9999 -9999 10.15 8.77 7.87 6.88 6.65 7.44 9.00 8.31 8.34 7.50 6.54 7.24 7.07 8.29 7.93 9.52 8.39 8.54 8.21 8.52 8.38 7.76 8.36 6.93 7.48 7.66 6.32 6.27 5.70 5.25 4.81 4.07 3.76 4.46 4.80 5.16 5.40 5.59 5.61 6.81 7.09 6.13 6.22 6.50 6.73 7.10 8.34 9.81 9.85
-9999 -9999 -9999 -9999 -9999 -9999 -9999 -9999 -9999 -9999 -9999 -9999 -9999 -9999 -9999 -9999 -9999 -9999 10.80 11.22 9.90 8.57 8.36 8.94 10.55 -9999 -9999 -9999 -9999 10.60 9.99 9.42 6.66 6.24 6.38 8.56 9.30 8.86 8.09 6.91 6.74 6.67 8.08 9.39 8.63 8.77 8.33 8.53 8.33 7.44 7.80 7.78 7.37 7.23 7.13 6.76 6.04 5.91 6.14 6.03 5.61 4.10 3.87 4.10 4.43 5.36 5.62 5.97 5.64 6.33 6.29 6.14 6.98 6.29 6.93 7.18 8.15 7.86 8.38
-9999 -9999 -9999 -9999 -9999 -9999 -9999 -9999 -9999 -9999 -9999 -9999 -9999 -9999 -9999 -9999 -9999 -9999 -9999 12.02 11.82 10.66 10.01 10.16 12.49 -9999 -9999 -9999 10.04 7.83 7.24 8.75 8.34 7.56 6.57 7.94 7.47 8.79 7.93 6.38 7.32 8.29 8.46 8.26 9.04 8.41 8.07 7.90 7.37 7.21 7.09 7.19 7.54 7.10 6.46 6.21 6.05 5.96 6.49 6.02 5.71 4.97 4.30 4.47 4.65 5.13 5.35 5.72 5.74 5.91 5.67 6.25 6.61 6.91 6.61 5.78 7.47 6.48 7.36
-9999 -9999 -9999 -9999 -9999 -9999 -9999 -9999 -9999 -9999 -9999 -9999 -9999 -9999 -9999 -9999 -9999 -9999 -9999 -9999 -9999 -9999 -9999 -9999 -9999 -9999 -9999 12.36 8.56 6.65 6.62 8.51 7.13 7.68 8.26 8.31 8.38 8.44 7.00 6.59 6.84 7.78 7.80 8.06 8.14 8.26 7.99 7.88 9.16 7.76 7.80 7.21 7.54 7.34 6.42 6.22 5.73 6.09 6.75 6.11 5.37 4.97 4.87 4.77 5.39 5.34 5.80 5.54 6.40 6.80 6.26 5.19 7.43 7.99 6.45 5.27 7.73 6.99 6.66
-9999 -9999 -9999 -9999 -9999 -9999 -9999 -9999 -9999 -9999 -9999 -9999 -9999 -9999 -9999 -9999 -9999 -9999 -9999 -9999 -9999 -9999 -9999 -9999 -9999 -9999 -9999 9.92 8.06 6.56 11.15 9.90 7.14 7.76 8.37 8.77 9.02 7.55 7.13 6.92 6.85 7.91 7.69 7.40 8.72 8.47 9.36 8.13 8.35 9.33 7.94 7.53 7.38 6.77 6.43 6.07 5.86 6.19 6.23 6.26 5.61 5.04 4.95 4.78 5.23 6.79 6.15 6.75 7.13 7.95 6.58 5.45 6.53 6.77 5.44 4.68 5.16 6.39 6.89
-9999 -9999 -9999 -9999 -9999 -9999 -9999 -9999 -9999 -9999 -9999 -9999 -9999 -9999 -9999 -9999 -9999 -9999 -9999 -9999 -9999 -9999 -9999 -9999 -9999 -9999 -9999 9.55 6.68 5.16 7.26 10.56 9.78 9.24 8.47 9.50 7.92 7.45 6.97 8.38 8.50 9.20 8.75 7.84 7.83 7.80 8.15 8.49 8.48 7.65 7.50 7.48 7.42 6.82 6.44 6.21 6.09 6.46 6.28 5.93 5.15 5.07 5.89 6.69 6.24 7.02 6.52 6.32 6.44 7.13 8.55 8.10 6.21 5.91 5.99 5.89 5.61 5.58 5.40
-9999 -9999 -9999 -9999 -9999 -9999 -9999 -9999 -9999 -9999 13.46 13.33 11.09 14.97 14.30 14.30 14.70 16.60 10.36 15.37 11.56 -9999 -9999 -9999 -9999 -9999 -9999 8.94 7.34 6.58 5.64 6.55 8.51 10.08 9.75 8.63 7.78 7.58 8.24 9.35 8.74 8.25 8.39 8.08 7.62 8.04 7.66 7.33 7.14 7.40 6.81 7.31 7.68 8.22 7.20 6.59 6.90 6.76 6.25 6.57 5.29 4.92 6.42 7.58 6.75 6.46 6.76 6.54 6.19 5.93 6.02 5.80 5.36 5.07 4.77 4.61 4.52 4.74 4.65
-9999 -9999 -9999 -9999 -9999 -9999 -9999 -9999 -9999 -9999 14.38 12.96 12.18 9.95 11.84 13.44 13.04 13.93 14.38 12.12 10.93 9.57 10.38 12.65 10.96 10.10 8.79 8.08 7.29 6.84 6.44 5.94 6.35 8.79 9.00 8.17 7.45 9.92 8.68 7.88 8.37 8.84 8.23 8.19 7.65 7.72 7.95 7.61 7.50 6.48 6.60 7.01 7.08 7.12 7.76 7.94 6.50 6.17 5.82 5.46 5.98 5.20 8.79 7.61 7.44 7.03 6.61 6.61 6.24 6.74 6.49 5.13 6.34 5.75 6.10 4.83 4.90 4.58 4.50
-9999 -9999 -9999 -9999 -9999 -9999 -9999 -9999 -9999 13.76 11.83 10.35 9.26 8.14 10.30 12.96 12.68 11.95 11.91 11.92 10.92 9.25 8.54 9.57 10.74 8.43 7.82 7.22 7.20 7.89 6.65 6.55 7.73 7.85 7.64 7.76 9.75 8.28 9.58 9.05 8.36 7.58 7.93 7.24 7.52 7.89 7.59 7.92 7.01 7.21 6.94 6.78 6.70 7.95 8.66 6.77 5.87 6.02 7.95 6.46 5.88 6.09 6.29 6.78 7.07 6.68 6.51 6.92 7.58 6.54 5.39 5.07 6.42 5.76 5.48 5.71 5.50 5.03 4.98
-9999 -9999 -9999 -9999 -9999 -9999 -9999 -9999 -9999 -9999 11.24 9.38 8.40 9.85 9.62 10.34 12.89 11.80 10.01 8.85 10.99 12.47 10.04 7.96 8.35 10.09 8.38 6.82 6.79 6.70 7.27 7.29 6.61 6.88 7.33 7.93 8.83 7.85 9.36 8.45 8.37 8.20 8.23 7.37 7.94 8.24 8.02 6.72 6.79 7.34 6.55 6.05 5.83 6.84 8.06 7.69 5.91 6.17 7.29 7.04 6.33 5.62 5.68 5.62 5.99 7.42 7.12 6.75 7.03 7.60 6.63 5.98 6.47 6.32 5.39 5.99 5.02 5.60 4.67
-9999 -9999 -9999 -9999 -9999 -9999 15.15 -9999 -9999 12.64 10.90 11.00 8.49 10.22 8.96 8.75 9.09 9.65 10.39 8.88 10.58 11.58 9.11 7.80 6.78 6.97 6.87 6.43 6.54 6.83 7.56 6.65 6.44 7.11 8.75 7.67 8.34 7.47 8.38 8.04 8.78 9.43 8.63 7.50 7.11 7.25 6.95 6.55 7.85 6.94 6.21 7.73 6.26 6.40 8.21 9.02 5.92 6.19 6.66 6.42 5.93 5.57 5.57 5.96 6.55 7.02 6.27 5.77 5.56 5.78 5.67 5.57 6.16 5.51 5.36 5.17 4.63 4.51 4.36
-9999 -9999 -9999 -9999 -9999 13.55 14.47 14.22 13.76 11.09 10.05 11.63 9.76 8.80 9.24 8.48 9.67 10.28 10.93 9.38 8.99 9.20 7.84 6.67 6.24 6.58 7.11 7.24 6.55 6.57 6.76 6.37 6.38 8.08 8.34 7.52 7.96 8.19 9.43 8.78 8.81 9.88 8.62 8.17 7.13 7.71 7.30 7.43 6.89 6.57 5.94 6.88 6.78 6.14 7.23 6.82 6.10 5.93 5.79 6.39 6.22 5.96 5.72 5.51 5.51 5.49 5.85 5.97 5.58 4.64 4.90 5.15 5.87 6.15 5.70 4.55 5.27 5.05 5.01
-9999 -9999 -9999 -9999 -9999 12.53 12.26 11.37 11.86 10.87 10.12 9.39 11.04 10.85 9.85 10.69 10.31 10.02 11.10 9.77 9.29 8.65 6.30 7.08 8.79 8.42 7.53 6.82 6.29 6.80 7.29 7.53 7.03 8.31 7.94 8.40 7.49 6.85 8.40 9.58 8.63 8.67 8.36 7.68 7.72 8.28 7.45 6.80 7.43 7.53 6.20 6.40 6.36 6.23 7.04 7.31 7.27 8.47 6.22 6.31 5.53 5.25 5.54 5.71 5.31 5.11 5.46 5.96 5.47 4.84 4.47 5.06 5.07 5.10 5.16 5.27 4.28 4.82 5.92
-9999 -9999 -9999 -9999 -9999 12.79 11.41 10.85 11.32 10.96 10.89 9.87 10.40 10.43 9.21 10.12 9.95 10.37 10.56 9.89 7.28 5.74 5.15 7.24 7.48 8.16 8.77 7.00 6.91 7.14 6.80 7.71 7.18 8.21 7.92 7.92 7.70 7.15 8.78 8.43 8.50 8.38 8.07 7.76 7.86 8.43 8.25 7.09 6.86 7.05 7.69 6.47 6.55 6.31 6.65 6.62 6.61 7.14 6.67 7.38 7.96 4.81 7.93 6.58 4.95 5.15 8.09 7.99 7.42 4.59 4.44 4.58 4.42 4.75 4.54 5.62 6.62 8.89 8.18
-9999 -9999 -9999 -9999 -9999 11.36 10.68 10.54 10.54 10.27 10.27 9.89 9.60 10.51 9.83 9.72 10.00 9.03 8.98 8.63 8.12 5.32 5.87 7.96 7.36 8.54 8.61 7.25 7.55 7.93 7.08 7.48 7.71 7.82 7.73 7.75 8.40 9.25 7.74 8.56 8.40 8.33 8.02 7.81 8.05 8.40 7.58 7.50 7.25 7.60 7.96 8.40 7.66 8.30 7.94 7.37 7.00 6.49 5.97 5.94 6.18 5.59 7.38 7.29 7.88 7.45 7.96 8.34 8.52 5.15 5.02 4.72 4.78 5.21 6.22 7.42 7.83 -9999 -9999
-9999 -9999 -9999 -9999 -9999 10.34 9.89 9.92 10.45 11.07 10.46 10.11 9.80 10.26 11.15 10.41 9.67 8.71 8.93 8.43 7.89 7.18 5.99 6.38 6.30 8.36 7.39 5.85 8.44 8.23 7.26 9.71 8.65 9.25 9.79 9.21 8.99 9.52 8.52 7.90 8.32 8.23 7.68 7.72 7.87 8.30 7.51 7.68 8.57 9.25 9.06 9.00 9.16 9.14 9.30 9.09 8.50 7.55 7.09 7.51 7.97 8.18 8.67 8.94 9.14 -9999 -9999 8.52 8.49 7.65 6.83 5.88 8.41 6.82 -9999 -9999 -9999 -9999 -9999
-9999 -9999 -9999 -9999 12.67 10.38 9.90 9.11 10.05 10.41 11.43 10.38 11.25 10.90 11.13 10.24 9.46 8.86 8.74 8.29 7.83 7.61 7.26 7.47 7.93 7.71 6.48 9.09 9.98 7.73 7.07 8.03 8.17 9.41 9.46 8.52 8.42 8.27 8.07 8.87 8.74 8.84 8.44 8.34 8.81 9.49 9.28 8.91 8.86 9.12 9.42 -9999 -9999 10.30 11.15 11.13 10.43 9.75 9.21 9.35 -9999 -9999 -9999 -9999 -9999 -9999 -9999 -9999 -9999 -9999 8.21 8.45 9.91 8.71 -9999 -9999 -9999 -9999 -9999
-9999 -9999 -9999 13.65 11.86 9.97 10.27 9.09 9.04 8.98 8.99 8.95 12.41 13.19 11.80 10.89 10.49 10.59 9.38 8.47 7.94 8.23 8.16 10.54 11.17 10.57 10.34 11.99 9.81 9.72 9.38 9.92 10.53 9.02 8.04 8.55 7.94 8.14 8.01 8.34 8.48 10.02 11.10 11.10 10.94 10.90 11.01 10.05 -9999 8.45 9.14 9.01 9.49 10.42 -9999 -9999 -9999 -9999 11.06 -9999 -9999 -9999 -9999 -9999 -9999 -9999 -9999 -9999 -9999 -9999 -9999 -9999 -9999 -9999 -9999 -9999 -9999 -9999 -9999
-9999 -9999 13.95 13.04 12.55 11.26 9.61 8.95 8.52 7.28 6.80 8.56 13.92 15.42 11.06 10.37 12.59 9.78 11.22 8.79 8.28 11.16 10.28 10.33 10.81 11.14 -9999 -9999 -9999 -9999 -9999 10.72 11.75 10.96 9.31 9.09 8.73 8.16 8.22 8.31 9.13 10.65 -9999 -9999 -9999 -9999 -9999 11.45 11.07 9.63 8.26 8.10 10.30 10.65 -9999 -9999 -9999 -9999 -9999 -9999 -9999 -9999 -9999 -9999 -9999 -9999 -9999 -9999 -9999 -9999 -9999 -9999 -9999 -9999 -9999 -9999 -9999 -9999 -9999
-9999 9.79 10.45 12.10 12.51 11.27 10.62 9.45 7.43 7.56 7.23 9.76 12.93 14.59 13.33 12.39 10.63 11.42 10.03 10.27 9.95 12.25 12.43 -9999 -9999 -9999 -9999 -9999 -9999 -9999 -9999 -9999 11.55 11.53 10.17 11.08 11.90 12.01 9.89 11.75 12.01 13.00 -9999 -9999 -9999 -9999 -9999 -9999 -9999 9.58 9.57 8.42 9.43 -9999 -9999 -9999 -9999 -9999 -9999 -9999 -9999 -9999 -9999 -9999 -9999 -9999 -9999 -9999 -9999 -9999 -9999 -9999 -9999 -9999 -9999 -9999 -9999 -9999 -9999
11.79 9.32 9.52 11.08 12.74 12.90 11.05 8.66 8.02 8.05 7.55 9.12 12.50 11.57 11.98 11.87 12.68 7.76 10.31 13.62 11.79 -9999 -9999 -9999 -9999 -9999 -9999 -9999 -9999 -9999 -9999 -9999 -9999 -9999 12.58 -9999 -9999 -9999 -9999 11.29 13.67 14.38 -9999 -9999 -9999 -9999 -9999 -9999 -9999 -9999 10.34 12.06 10.86 -9999 -9999 -9999 -9999 -9999 -9999 -9999 -9999 -9999 -9999 -9999 -9999 -9999 -9999 -9999 -9999 -9999 -9999 -9999 -9999 -9999 -9999 -9999 -9999 -9999 -9999
10.31 8.42 9.40 11.11 11.88 12.61 11.17 9.77 10.00 6.77 5.43 7.22 10.88 11.71 10.40 9.50 11.04 8.69 8.96 10.85 -9999 -9999 -9999 -9999 -9999 -9999 -9999 -9999 -9999 -9999 -9999 -9999 -9999 -9999 14.18 -9999 -9999 -9999 -9999 -9999 -9999 -9999 -9999 -9999 -9999 -9999 -9999 -9999 -9999 -9999 -9999 -9999 -9999 -9999 -9999 -9999 -9999 -9999 -9999 -9999 -9999 -9999 -9999 -9999 -9999 -9999 -9999 -9999 -9999 -9999 -9999 -9999 -9999 -9999 -9999 -9999 -9999 -9999 -9999
10.77 8.81 9.81 10.43 10.70 11.36 10.44 9.65 9.96 6.08 5.09 6.01 8.76 13.49 14.32 8.63 8.94 8.76 10.18 13.12 -9999 -9999 -9999 -9999 -9999 -9999 -9999 -9999 -9999 -9999 -9999 -9999 -9999 -9999 -9999 -9999 -9999 -9999 -9999 -9999 -9999 -9999 -9999 -9999 -9999 -9999 -9999 -9999 -9999 -9999 -9999 -9999 -9999 -9999 -9999 -9999 -9999 -9999 -9999 -9999 -9999 -9999 -9999 -9999 -9999 -9999 -9999 -9999 -9999 -9999 -9999 -9999 -9999 -9999 -9999 -9999 -9999 -9999 -9999
12.02 10.88 10.76 10.49 11.32 10.57 9.82 9.05 7.29 6.84 5.83 5.48 8.49 11.28 11.40 9.80 8.01 8.56 12.02 11.98 -9999 -9999 -9999 -9999 -9999 -9999 -9999 -9999 -9999 -9999 -9999 -9999 -9999 -9999 -9999 -9999 -9999 -9999 -9999 -9999 -9999 -9999 -9999 -9999 -9999 -9999 -9999 -9999 -9999 -9999 -9999 -9999 -9999 -9999 -9999 -9999 -9999 -9999 -9999 -9999 -9999 -9999 -9999 -9999 -9999 -9999 -9999 -9999 -9999 -9999 -9999 -9999 -9999 -9999 -9999 -9999 -9999 -9999 -9999
13.08 12.36 12.04 10.66 11.23 10.62 12.31 10.89 8.83 8.02 8.27 6.73 7.29 8.66 8.70 8.07 8.19 9.38 11.05 12.18 -9999 -9999 -9999 -9999 -9999 -9999 -9999 -9999 -9999 -9999 -9999 -9999 -9999 -9999 -9999 -9999 -9999 -9999 -9999 -9999 -9999 -9999 -9999 -9999 -9999 -9999 -9999 -9999 -9999 -9999 -9999 -9999 -9999 -9999 -9999 -9999 -9999 -9999 -9999 -9999 -9999 -9999 -9999 -9999 -9999 -9999 -9999 -9999 -9999 -9999 -9999 -9999 -9999 -9999 -9999 -9999 -9999 -9999 -9999
11.78 12.23 11.63 12.73 14.30 13.71 11.78 11.31 10.85 10.42 9.08 9.38 8.44 7.45 7.53 8.48 9.68 10.73 11.23 13.00 -9999 -9999 -9999 -9999 -9999 -9999 -9999 -9999 -9999 -9999 -9999 -9999 -9999 -9999 -9999 -9999 -9999 -9999 -9999 -9999 -9999 -9999 -9999 -9999 -9999 -9999 -9999 -9999 -9999 -9999 -9999 -9999 -9999 -9999 -9999 -9999 -9999 -9999 -9999 -9999 -9999 -9999 -9999 -9999 -9999 -9999 -9999 -9999 -9999 -9999 -9999 -9999 -9999 -9999 -9999 -9999 -9999 -9999 -9999
12.96 13.70 -9999 -9999 -9999 -9999 -9999 -9999 -9999 -9999 -9999 10.98 11.27 9.73 8.75 8.10 9.68 11.18 11.74 -9999 -9999 -9999 -9999 -9999 -9999 -9999 -9999 -9999 -9999 -9999 -9999 -9999 -9999 -9999 -9999 -9999 -9999 -9999 -9999 -9999 -9999 -9999 -9999 -9999 -9999 -9999 -9999 -9999 -9999 -9999 -9999 -9999 -9999 -9999 -9999 -9999 -9999 -9999 -9999 -9999 -9999 -9999 -9999 -9999 -9999 -9999 -9999 -9999 -9999 -9999 -9999 -9999 -9999 -9999 -9999 -9999 -9999 -9999 -9999
14.34 15.32 -9999 -9999 -9999 -9999 -9999 -9999 -9999 -9999 -9999 -9999 -9999 -9999 10.20 9.49 10.19 11.34 -9999 -9999 -9999 -9999 -9999 -9999 -9999 -9999 -9999 -9999 -9999 -9999 -9999 -9999 -9999 -9999 -9999 -9999 -9999 -9999 -9999 -9999 -9999 -9999 -9999 -9999 -9999 -9999 -9999 -9999 -9999 -9999 -9999 -9999 -9999 -9999 -9999 -9999 -9999 -9999 -9999 -9999 -9999 -9999 -9999 -9999 -9999 -9999 -9999 -9999 -9999 -9999 -9999 -9999 -9999 -9999 -9999 -9999 -9999 -9999 -9999
-9999 -9999 -9999 -9999 -9999 -9999 -9999 -9999 -9999 -9999 -9999 -9999 -9999 -9999 12.16 13.21 14.11 14.07 -9999 -9999 -9999 -9999 -9999 -9999 -9999 -9999 -9999 -9999 -9999 -9999 -9999 -9999 -9999 -9999 -9999 -9999 -9999 -9999 -9999 -9999 -9999 -9999 -9999 -9999 -9999 -9999 -9999 -9999 -9999 -9999 -9999 -9999 -9999 -9999 -9999 -9999 -9999 -9999 -9999 -9999 -9999 -9999 -9999 -9999 -9999 -9999 -9999 -9999 -9999 -9999 -9999 -9999 -9999 -9999 -9999 -9999 -9999 -9999 -9999
-9999 -9999 -9999 -9999 -9999 -9999 -9999 -9999 -9999 -9999 -9999 -9999 -9999 -9999 -9999 -9999 -9999 -9999 -9999 -9999 -9999 -9999 -9999 -9999 -9999 -9999 -9999 -9999 -9999 -9999 -9999 -9999 -9999 -9999 -9999 -9999 -9999 -9999 -9999 -9999 -9999 -9999 -9999 -9999 -9999 -9999 -9999 -9999 -9999 -9999 -9999 -9999 -9999 -9999 -9999 -9999 -9999 -9999 -9999 -9999 -9999 -9999 -9999 -9999 -9999 -9999 -9999 -9999 -9999 -9999 -9999 -9999 -9999 -9999 -9999 -9999 -9999 -9999 -9999
-9999 -9999 -9999 -9999 -9999 -9999 -9999 -9999 -9999 -9999 -9999 -9999 -9999 -9999 -9999 -9999 -9999 -9999 -9999 -9999 -9999 -9999 -9999 -9999 -9999 -9999 -9999 -9999 -9999 -9999 -9999 -9999 -9999 -9999 -9999 -9999 -9999 -9999 -9999 -9999 -9999 -9999 -9999 -9999 -9999 -9999 -9999 -9999 -9999 -9999 -9999 -9999 -9999 -9999 -9999 -9999 -9999 -9999 -9999 -9999 -9999 -9999 -9999 -9999 -9999 -9999 -9999 -9999 -9999 -9999 -9999 -9999 -9999 -9999 -9999 -9999 -9999 -9999 -9999
