ML/MeanWindSpeed_1998-04_Actual.txt
ncols         180
nrows         290
xllcorner     -200000
yllcorner     -200000
cellsize      5000
NODATA_value  -9999
[rows 175 to 209 of 290, columns 78 to 155 of 180]
-9999 -9999 -9999 -9999 -9999 -9999 -9999 -9999 12.51 11.89 11.23 10.44 9.71 7.72 6.09 11.09 18.14 8.95 11.50 10.53 9.35 7.63 5.65 6.34 8.42 9.95 8.37 6.78 7.55 8.71 8.17 8.31 9.37 8.38 7.92 7.49 7.63 7.71 7.53 7.58 7.45 11.99 12.40 10.31 10.55 8.71 8.35 9.57 9.50 7.88 7.68 8.65 8.04 7.61 8.34 7.96 8.94 8.48 8.42 8.22 8.18 9.34 8.40 8.39 8.61 8.58 9.09 9.55 9.69 10.00 10.45 9.24 10.55 12.13 -9999 -9999 -9999 -9999
-9999 -9999 -9999 -9999 -9999 -9999 -9999 -9999 -9999 13.42 11.25 9.56 7.67 7.04 8.57 21.60 15.14 7.39 12.25 7.18 9.80 9.27 6.15 4.93 11.34 8.75 9.23 8.14 7.26 7.76 8.04 7.34 8.13 8.55 8.23 7.84 7.40 7.56 7.21 6.88 8.80 9.95 13.15 10.76 11.46 10.53 6.62 8.89 10.84 8.18 8.19 8.55 7.75 7.75 8.10 8.04 9.12 8.49 8.38 8.68 8.60 9.22 9.05 8.69 8.68 8.72 8.96 9.56 10.78 9.82 9.20 9.27 10.32 11.95 -9999 -9999 -9999 -9999
-9999 -9999 -9999 -9999 -9999 -9999 -9999 -9999 -9999 -9999 11.15 8.67 8.45 10.17 19.94 21.92 15.04 11.41 10.62 10.50 11.13 10.89 10.54 7.15 6.46 11.39 8.45 7.93 8.10 7.57 7.67 7.59 7.50 8.03 7.72 7.31 7.41 7.32 7.02 7.21 8.42 10.45 11.26 9.10 9.48 11.20 9.18 6.64 10.88 8.48 8.32 8.65 7.76 7.87 7.85 8.45 9.21 8.68 8.56 8.75 8.43 9.70 9.16 8.92 8.92 8.92 9.30 9.32 9.41 9.17 9.10 9.39 10.74 12.19 -9999 -9999 -9999 -9999
-9999 -9999 -9999 -9999 -9999 -9999 -9999 -9999 -9999 -9999 10.13 9.02 11.40 13.90 16.00 18.70 11.33 8.15 10.23 12.15 12.01 12.51 10.74 7.92 5.43 11.55 10.78 8.78 8.85 7.57 7.47 7.64 8.37 8.03 7.76 7.46 6.93 6.65 6.95 8.89 8.93 7.37 11.86 9.40 10.13 11.84 11.43 9.15 8.33 7.94 6.87 8.19 8.75 7.78 7.74 7.76 8.52 8.45 8.87 8.82 8.61 9.01 9.73 9.48 9.49 9.27 9.28 9.19 9.07 9.12 9.56 10.39 11.63 -9999 -9999 -9999 -9999 -9999
-9999 -9999 -9999 -9999 -9999 -9999 -9999 -9999 -9999 -9999 9.42 10.03 11.73 11.92 16.94 14.71 10.34 10.57 8.43 9.65 12.17 10.59 13.09 10.12 6.09 10.54 11.70 11.38 8.77 8.10 7.28 7.97 8.94 8.55 7.76 7.13 6.64 6.85 8.24 8.67 7.27 7.28 10.28 10.05 9.97 9.92 9.12 9.03 9.72 6.64 7.50 7.79 7.52 7.89 7.49 8.49 7.89 8.37 8.81 8.90 9.11 10.91 10.25 9.84 9.57 9.49 9.36 9.28 9.28 9.48 10.43 11.63 -9999 -9999 -9999 -9999 -9999 -9999
-9999 -9999 -9999 -9999 -9999 -9999 -9999 -9999 -9999 10.70 18.20 11.49 12.98 15.09 10.53 19.66 16.30 13.76 11.42 13.88 10.75 10.93 9.32 6.80 8.04 12.22 11.05 11.08 8.59 7.61 6.97 8.48 8.66 8.15 7.74 6.93 6.65 7.90 7.82 7.45 8.37 9.35 7.49 11.90 11.14 8.36 9.04 8.30 7.60 7.46 6.66 6.75 7.05 7.98 7.50 7.10 8.76 8.27 8.64 9.05 9.44 10.89 10.18 9.80 9.76 9.46 9.41 9.27 9.36 10.24 11.43 -9999 -9999 -9999 -9999 -9999 -9999 -9999
-9999 -9999 -9999 -9999 -9999 -9999 -9999 11.07 10.84 14.44 12.78 10.68 11.34 12.69 8.25 9.72 11.87 14.15 12.93 14.31 11.88 11.18 5.37 7.31 7.70 6.08 7.23 7.51 8.79 8.03 7.50 8.59 8.89 8.69 7.85 7.56 8.31 7.54 8.21 7.44 8.75 9.33 9.11 8.35 7.70 9.32 8.82 8.23 8.08 7.87 7.55 6.39 7.28 7.08 6.45 6.87 7.66 8.03 8.50 8.63 9.31 10.69 10.01 9.48 9.59 9.33 9.26 9.24 9.70 10.78 -9999 -9999 -9999 -9999 -9999 12.13 11.64 11.08
-9999 -9999 -9999 -9999 -9999 -9999 11.36 11.21 11.16 11.41 11.00 10.60 9.88 8.06 6.20 8.13 10.48 11.67 17.61 9.55 6.56 5.78 3.11 9.62 11.55 11.35 8.62 8.02 9.00 8.89 8.60 9.03 9.61 9.02 8.59 8.22 8.48 8.61 7.32 7.38 9.01 9.04 8.61 8.14 8.26 8.69 7.73 8.15 7.11 6.99 7.48 6.90 6.44 6.00 6.26 7.33 7.34 7.60 8.05 8.48 9.04 10.77 10.18 9.41 9.25 9.10 9.14 9.24 9.73 10.61 -9999 -9999 -9999 -9999 -9999 11.14 10.38 9.99
-9999 -9999 -9999 -9999 -9999 12.01 12.86 12.03 11.78 -9999 -9999 -9999 -9999 8.30 12.57 10.98 11.45 12.81 9.49 6.52 8.66 7.58 6.24 15.50 13.81 11.60 12.44 9.99 8.48 9.14 9.38 9.07 9.25 9.17 8.81 8.98 8.06 8.98 7.56 7.49 8.01 8.46 8.66 8.47 7.51 7.64 7.65 7.42 6.78 6.46 6.23 6.19 6.23 6.45 6.96 7.11 7.23 8.02 8.70 8.91 9.02 10.02 9.86 9.70 9.00 8.93 8.98 9.09 9.38 10.13 11.33 -9999 -9999 -9999 -9999 10.27 9.56 9.15
-9999 -9999 -9999 -9999 -9999 13.27 14.88 11.80 12.07 -9999 -9999 -9999 -9999 8.70 11.24 13.10 8.16 11.92 10.10 8.56 10.52 11.71 8.69 12.79 6.96 8.86 9.61 9.15 8.44 8.88 9.40 9.34 9.58 10.08 9.08 9.41 8.67 8.35 8.65 7.62 7.88 7.15 7.97 9.04 9.39 9.29 7.77 6.99 6.64 6.40 6.71 6.14 6.62 7.28 7.58 8.41 7.90 9.75 9.78 9.91 9.07 9.54 9.49 9.36 8.70 8.80 8.88 8.94 9.12 9.38 10.19 10.90 -9999 -9999 10.73 10.11 9.63 9.56
-9999 -9999 -9999 -9999 -9999 -9999 -9999 -9999 -9999 -9999 -9999 -9999 -9999 9.44 12.88 10.66 7.09 9.00 6.94 12.60 10.60 5.98 9.54 9.27 8.02 9.12 8.00 7.75 7.51 9.16 9.27 9.70 9.50 9.05 8.84 8.59 8.17 8.15 8.51 7.82 7.54 7.53 7.76 7.73 8.71 9.02 7.22 8.26 8.97 7.60 7.28 6.82 6.32 7.57 8.60 9.50 9.16 8.68 9.22 9.96 9.41 9.75 9.39 9.22 8.44 8.61 8.76 8.90 8.97 8.92 9.18 9.67 10.27 10.33 9.73 9.65 8.88 9.56
-9999 -9999 -9999 -9999 -9999 -9999 -9999 -9999 -9999 -9999 -9999 -9999 -9999 -9999 12.95 4.87 5.27 8.79 12.66 10.40 10.78 9.85 6.06 7.38 8.90 6.05 6.57 6.26 7.02 7.99 8.83 9.18 9.34 9.02 8.46 8.10 8.31 8.11 8.42 8.15 7.64 9.43 8.64 7.55 7.63 7.79 7.94 7.73 8.63 8.69 7.87 8.79 7.38 7.43 8.20 7.73 8.05 8.30 8.44 9.81 9.77 9.46 8.84 9.00 8.29 8.45 8.58 8.68 8.83 8.93 9.00 8.97 9.18 9.19 8.93 8.74 8.82 9.71
-9999 -9999 -9999 -9999 -9999 -9999 -9999 -9999 -9999 -9999 -9999 -9999 -9999 -9999 9.21 12.96 13.78 11.50 9.37 7.45 8.89 6.17 6.22 5.26 5.08 7.90 6.34 6.27 8.41 8.15 8.31 8.63 8.26 8.33 8.75 8.47 9.56 9.30 8.67 8.10 7.58 9.30 9.97 8.63 7.71 7.50 7.87 7.90 7.93 8.23 8.70 10.69 9.42 7.77 7.43 7.70 8.63 9.72 9.91 9.49 10.01 9.45 8.70 8.32 8.13 8.29 8.41 8.63 8.75 8.85 8.91 8.91 8.87 8.81 8.83 8.78 8.68 9.43
-9999 -9999 -9999 -9999 -9999 -9999 -9999 -9999 -9999 -9999 -9999 -9999 -9999 11.60 11.08 8.43 15.71 9.59 6.93 8.46 7.66 6.03 8.90 6.05 5.98 9.02 6.00 12.11 8.81 7.01 7.53 9.27 8.11 7.90 10.64 10.42 9.74 8.47 8.64 8.36 7.87 8.56 9.03 8.65 7.97 7.87 7.79 7.75 8.22 8.07 9.07 8.92 8.48 8.07 7.74 8.34 9.23 10.24 10.23 9.28 9.35 8.92 8.49 8.25 8.08 8.16 8.36 8.56 8.68 8.71 8.77 8.79 8.65 8.63 9.09 9.08 8.82 9.07
-9999 -9999 -9999 -9999 -9999 -9999 -9999 -9999 -9999 -9999 -9999 -9999 -9999 10.30 11.07 15.55 8.35 3.71 5.45 5.68 7.41 10.16 10.05 7.31 7.04 7.50 6.06 7.36 8.49 9.68 9.56 8.11 8.40 8.29 8.68 9.48 8.52 8.23 8.82 8.59 8.75 9.07 8.69 8.85 8.53 8.18 7.92 7.56 7.74 7.97 8.69 8.97 8.49 7.56 7.93 9.12 10.40 9.78 10.28 10.04 9.16 8.35 9.05 8.24 8.37 8.21 8.38 8.42 8.54 8.61 8.59 8.58 8.54 8.51 9.31 9.10 8.64 8.77
-9999 -9999 -9999 -9999 -9999 -9999 -9999 -9999 -9999 -9999 -9999 -9999 -9999 11.08 13.20 6.12 7.03 5.34 6.31 6.77 11.87 10.09 11.20 8.04 7.04 5.46 4.95 6.46 10.33 12.37 13.57 8.92 10.46 8.75 8.76 9.00 7.75 7.94 8.39 8.74 8.98 8.32 8.44 9.75 9.01 8.15 7.97 8.84 7.55 8.10 8.37 8.19 7.71 7.45 8.07 8.69 9.26 9.33 9.21 8.43 8.24 8.64 8.88 7.82 7.75 8.16 8.31 8.39 8.39 8.33 8.40 8.40 8.40 8.44 8.72 8.57 8.71 8.55
-9999 -9999 -9999 -9999 -9999 -9999 -9999 -9999 -9999 -9999 -9999 -9999 -9999 -9999 8.20 9.25 10.71 12.03 12.33 9.95 10.48 8.51 5.23 5.08 4.68 5.96 6.57 6.35 8.42 9.29 12.66 10.54 9.22 8.30 9.59 9.60 7.71 8.63 7.92 8.25 10.25 8.30 8.15 8.20 8.43 7.82 7.70 9.14 8.65 8.09 8.53 8.07 7.77 8.05 8.69 8.29 8.30 7.97 8.68 7.93 8.95 8.94 8.00 7.68 8.24 8.27 8.05 8.09 8.10 8.16 8.23 8.24 8.27 8.27 8.32 8.35 8.54 8.44
-9999 -9999 -9999 -9999 -9999 -9999 -9999 -9999 -9999 -9999 -9999 -9999 -9999 -9999 9.54 10.85 11.52 12.57 14.36 12.83 9.60 6.98 5.31 7.07 9.26 11.14 13.03 9.97 7.98 9.06 10.48 10.15 8.22 10.64 9.56 9.77 8.47 9.33 8.39 8.10 8.55 9.59 9.14 8.50 8.11 7.79 7.78 8.81 8.72 8.38 8.37 8.68 8.82 8.92 9.12 8.28 8.07 9.25 9.28 9.24 8.88 9.08 8.13 8.32 8.84 7.98 7.83 7.88 7.91 8.07 8.09 8.07 8.11 8.14 8.19 8.14 8.00 7.77
-9999 -9999 -9999 -9999 -9999 -9999 -9999 -9999 -9999 -9999 -9999 -9999 -9999 9.78 8.13 9.52 11.73 12.13 10.63 10.25 8.39 9.62 14.10 11.20 11.40 11.20 9.25 8.42 9.38 10.25 8.81 8.40 9.26 10.75 10.44 9.87 8.32 9.55 8.15 8.20 9.55 8.70 9.05 9.10 8.46 8.16 7.99 8.89 8.85 8.14 8.34 8.31 8.18 8.86 8.36 9.35 8.87 9.45 8.69 9.04 9.18 8.35 8.11 8.91 8.81 7.93 7.84 8.12 7.92 8.06 8.07 8.15 8.11 8.01 7.97 7.80 8.08 8.29
-9999 -9999 -9999 -9999 -9999 -9999 -9999 -9999 -9999 -9999 -9999 -9999 -9999 11.51 9.57 8.87 8.79 10.03 13.35 12.82 11.67 10.27 10.91 12.49 13.50 12.97 9.08 11.33 12.59 8.82 11.16 7.70 8.78 10.43 12.11 8.72 9.08 7.97 7.59 8.05 8.78 11.31 9.62 9.55 9.04 8.66 8.51 8.79 8.54 8.04 8.12 8.01 7.88 7.80 8.99 9.49 9.48 9.96 8.94 8.57 8.65 8.24 8.60 9.11 8.81 8.35 8.62 8.31 8.54 8.13 8.11 8.28 8.30 7.94 7.73 7.52 7.46 8.23
-9999 -9999 -9999 -9999 -9999 -9999 -9999 -9999 -9999 -9999 -9999 -9999 -9999 10.09 9.21 6.38 7.39 9.61 13.62 11.70 12.20 10.06 12.28 11.70 9.93 10.21 11.09 11.13 9.78 8.66 9.28 12.06 8.51 8.31 8.51 8.56 10.04 8.77 7.51 7.92 8.67 9.05 8.85 9.78 9.36 8.86 8.89 8.29 7.75 8.17 8.32 8.34 7.68 8.25 9.49 9.55 8.74 8.90 9.69 8.79 9.08 8.16 9.10 9.22 8.48 8.40 8.45 7.79 7.91 7.84 7.95 8.03 7.91 7.70 7.52 7.29 7.56 7.11
-9999 -9999 -9999 -9999 -9999 -9999 -9999 -9999 -9999 -9999 -9999 -9999 10.07 10.75 12.53 9.40 6.81 10.31 11.36 13.37 13.58 9.00 9.79 8.93 9.98 11.07 9.55 9.65 11.70 10.35 9.66 9.30 8.24 7.32 7.61 8.70 8.77 8.57 8.34 7.88 7.76 8.53 8.83 8.28 8.79 8.43 9.00 8.19 7.94 7.96 7.56 7.35 7.53 8.70 8.69 8.85 8.29 9.08 9.20 8.92 8.25 9.13 9.21 9.17 9.36 8.93 8.28 7.96 7.70 7.81 7.91 7.80 7.66 7.39 7.14 7.17 7.46 7.39
-9999 -9999 -9999 -9999 -9999 -9999 -9999 -9999 -9999 -9999 -9999 11.48 11.18 11.56 9.31 7.07 9.84 13.10 13.59 11.75 13.68 10.09 11.49 9.80 8.70 14.45 10.08 11.12 9.42 9.71 8.43 8.34 8.63 9.53 8.39 10.22 8.59 9.09 7.89 7.62 7.84 8.17 8.43 8.16 8.33 8.61 8.68 7.34 7.84 7.68 7.77 7.83 8.01 8.59 7.93 8.77 8.37 8.64 7.98 8.08 9.31 9.75 9.29 9.41 9.29 8.42 8.64 8.45 8.27 8.20 7.87 7.56 7.26 7.33 7.20 7.84 8.06 8.23
-9999 -9999 -9999 -9999 -9999 -9999 -9999 -9999 -9999 13.33 11.66 10.34 8.52 7.90 8.12 8.16 11.41 12.86 14.20 15.71 13.72 11.25 7.67 10.60 9.60 13.17 10.72 10.08 10.28 8.85 8.47 7.72 8.88 10.57 9.73 9.63 7.48 7.86 7.93 7.92 8.56 8.21 8.54 7.89 7.97 8.12 7.45 7.28 7.51 8.24 8.02 8.84 9.29 8.72 8.24 7.83 7.71 8.53 9.07 8.91 9.29 8.55 9.40 9.51 8.85 8.11 8.05 8.73 8.46 8.41 7.55 7.26 7.00 7.16 8.06 8.50 8.29 9.08
-9999 -9999 -9999 -9999 -9999 13.20 12.55 11.44 14.55 14.31 13.96 13.39 10.21 9.03 8.44 13.17 11.59 13.85 13.74 13.14 9.73 8.36 6.84 8.89 8.88 15.18 13.33 10.80 8.83 9.46 8.93 10.61 8.06 9.78 9.94 9.38 8.40 7.66 7.56 8.54 7.98 7.35 8.73 7.70 7.48 6.94 7.28 7.90 8.25 7.39 8.40 8.10 8.38 9.17 8.96 8.65 8.46 9.04 9.09 8.82 8.49 9.32 8.47 8.36 8.23 7.96 8.52 8.55 8.40 7.65 6.99 7.05 7.28 8.26 8.37 8.01 8.81 8.10
-9999 -9999 -9999 -9999 14.21 12.00 12.73 12.11 11.40 13.00 12.04 11.99 9.37 8.03 11.76 12.38 13.06 9.91 14.75 10.45 7.82 12.82 9.89 6.94 14.26 12.20 10.10 6.01 6.86 8.18 11.44 8.60 8.06 8.04 8.18 9.86 9.19 9.05 7.96 8.17 7.50 7.25 8.22 7.57 6.79 6.81 7.45 8.19 7.79 9.54 7.98 7.79 8.13 8.80 8.21 8.13 7.81 8.00 8.56 8.45 9.04 8.49 8.02 8.11 8.39 7.86 7.95 7.74 6.97 6.69 6.62 6.82 7.18 7.63 8.44 8.45 8.55 8.25
-9999 -9999 -9999 13.31 12.94 10.25 9.97 10.19 10.98 10.41 10.96 9.81 10.10 14.29 11.55 10.15 13.87 8.08 10.37 10.08 13.24 12.48 13.21 10.96 10.80 8.78 4.93 10.00 10.67 7.76 8.44 7.94 7.73 8.33 7.77 8.11 9.63 9.91 7.76 7.50 7.43 7.72 7.12 6.32 6.36 9.14 7.64 7.49 7.93 8.71 8.26 7.85 8.33 8.77 8.64 9.04 8.41 7.56 7.47 7.58 8.48 8.17 7.73 8.55 8.36 7.71 7.62 7.18 6.77 6.94 6.98 7.09 7.46 7.57 8.36 7.79 7.68 8.05
13.96 11.95 13.44 10.98 10.91 11.67 10.76 10.19 12.24 11.15 11.22 10.88 13.44 12.78 10.98 11.92 11.23 8.73 8.17 11.85 12.47 10.79 10.90 12.76 9.68 5.81 10.03 11.79 9.92 10.48 8.05 8.37 7.82 8.28 10.19 8.15 10.31 8.57 7.61 7.37 7.51 8.74 6.18 6.42 10.26 7.91 7.70 7.66 8.13 9.03 7.84 8.01 8.28 7.93 8.39 8.31 7.72 7.22 7.49 7.22 7.64 7.98 7.96 7.49 7.12 7.01 6.95 7.28 8.55 7.78 8.50 7.90 6.95 8.22 8.15 8.35 8.08 7.90
11.18 10.97 13.66 16.80 15.55 14.91 11.79 12.89 14.51 13.20 12.68 14.57 12.58 11.66 13.68 10.14 7.32 7.58 7.64 10.67 10.54 9.75 8.97 9.09 8.21 9.55 18.06 13.68 10.47 8.36 8.94 8.42 10.13 8.52 8.86 7.82 8.01 8.06 7.99 7.41 7.05 6.76 6.12 9.50 10.22 9.53 8.34 7.98 10.33 8.76 8.02 8.25 7.78 8.44 8.26 7.86 6.95 7.83 7.39 6.83 8.48 8.16 6.95 6.72 6.71 6.71 7.30 8.27 8.57 8.21 8.58 7.85 7.39 8.21 8.34 7.88 8.18 8.05
10.32 10.96 12.34 12.92 12.33 11.07 13.09 12.00 13.77 10.63 11.75 14.03 12.81 10.67 11.42 7.46 6.52 9.79 10.68 9.42 7.75 9.57 6.39 5.82 6.29 11.49 14.84 15.30 8.67 9.52 9.78 10.00 9.11 7.62 8.68 8.12 8.31 7.82 8.00 6.76 6.23 7.04 7.04 9.78 9.76 9.31 8.23 8.97 10.33 9.50 8.92 8.33 8.41 8.15 7.55 7.06 6.96 7.32 7.63 7.24 7.05 6.85 6.52 7.64 8.37 7.01 7.35 8.20 8.47 7.87 8.22 8.05 7.95 8.03 7.78 8.08 7.92 7.96
11.09 10.25 11.02 10.77 11.38 10.76 11.02 12.48 11.05 11.69 10.09 9.70 9.31 8.80 8.25 10.13 8.96 12.70 18.74 10.00 10.00 10.04 14.07 13.37 5.46 5.47 15.95 12.33 10.62 11.26 12.33 9.98 7.69 6.82 9.02 9.58 8.49 7.68 7.06 6.26 5.99 7.29 10.08 10.55 9.39 9.03 8.76 8.50 8.38 9.23 8.43 8.15 7.73 7.16 6.70 6.52 7.38 7.07 6.73 6.66 5.79 6.00 7.00 7.06 7.87 7.33 7.43 7.52 7.73 8.17 8.23 8.08 7.96 8.06 7.64 7.51 7.96 7.89
10.23 9.73 10.76 9.81 10.42 10.61 10.95 10.11 10.12 10.95 9.97 11.14 9.64 11.84 8.42 11.33 13.55 13.59 14.66 15.28 12.39 14.15 15.95 10.29 11.84 10.01 5.22 11.14 11.91 8.78 9.25 7.20 8.87 8.63 11.60 10.76 8.39 7.55 6.64 6.12 7.19 10.30 9.09 10.95 9.54 9.28 10.00 8.74 9.59 7.99 8.08 7.51 7.09 6.71 6.80 6.62 6.47 5.98 5.61 5.21 5.50 6.74 7.76 7.31 6.77 7.56 7.03 7.97 7.28 7.25 7.35 7.44 7.63 7.76 7.85 7.28 7.74 7.70
10.95 9.90 9.57 11.17 12.52 14.34 13.15 11.72 10.93 10.12 10.48 13.13 10.10 11.41 8.22 10.19 10.77 9.81 8.30 10.61 9.50 12.33 12.78 14.77 12.37 12.78 10.99 15.38 9.97 8.91 8.35 9.07 8.38 11.11 10.69 10.97 7.73 7.11 6.44 9.96 10.56 10.29 10.80 9.09 9.70 9.95 9.57 8.10 7.84 7.81 7.42 7.08 6.95 6.72 7.09 6.83 6.63 5.64 4.71 4.76 5.89 7.83 6.31 6.94 7.18 6.83 6.72 6.93 6.75 6.96 7.29 6.85 7.38 7.45 7.38 7.47 7.58 7.11
11.50 10.38 9.93 10.23 12.12 12.51 13.27 12.48 11.74 11.21 10.76 11.12 13.48 9.64 13.41 12.26 12.13 12.83 10.51 7.59 7.62 10.06 9.48 11.87 11.85 10.02 13.82 13.82 8.51 9.52 7.18 7.81 9.82 10.81 10.10 9.18 7.34 6.55 8.21 7.78 9.74 9.64 9.08 9.47 9.17 8.67 8.21 7.14 6.82 6.88 6.90 8.41 6.96 7.57 6.68 6.09 4.91 4.31 4.47 5.56 7.17 6.99 6.68 6.96 6.90 6.65 6.84 7.38 7.93 6.60 7.30 8.02 7.29 6.99 7.40 6.69 7.04 7.94
11.40 11.00 11.46 12.28 13.60 -9999 -9999 -9999 -9999 12.24 11.85 12.64 10.15 8.92 10.43 10.66 10.32 9.38 5.39 14.00 14.17 9.43 8.50 9.03 10.99 11.89 13.29 10.39 9.05 7.99 7.00 11.28 10.02 11.60 8.44 8.00 7.40 6.98 9.15 7.69 9.47 9.35 8.52 8.63 8.30 7.77 7.06 6.62 6.53 6.74 6.84 8.01 7.13 7.44 7.23 6.06 4.95 4.32 5.78 5.81 6.72 7.08 7.13 5.87 6.11 6.19 7.34 7.81 7.67 6.46 7.14 7.84 7.59 7.09 7.78 7.36 7.26 7.59
