ML/MeanWindSpeed_1993-11_Actual.txt
ncols         180
nrows         290
xllcorner     -200000
yllcorner     -200000
cellsize      5000
NODATA_value  -9999
[rows 175 to 209 of 290, columns 79 to 157 of 180]
-9999 -9999 -9999 -9999 -9999 -9999 -9999 10.48 9.42 8.40 7.50 6.58 4.61 2.63 7.26 14.98 6.14 9.38 8.89 7.75 5.98 4.12 5.09 6.98 8.15 6.67 5.26 6.18 7.52 7.07 7.05 7.82 6.62 6.14 5.73 5.88 6.01 5.98 6.27 6.24 10.86 10.98 8.75 8.74 6.61 6.23 7.25 6.93 5.34 5.15 6.13 5.59 5.15 5.97 5.60 6.72 6.45 6.54 6.50 6.51 7.57 6.42 6.44 6.72 6.74 7.22 7.53 7.51 7.60 7.93 6.75 8.64 10.93 -9999 -9999 -9999 -9999 -9999 -9999
-9999 -9999 -9999 -9999 -9999 -9999 -9999 -9999 11.46 8.84 6.78 4.65 4.12 4.98 17.81 11.51 4.03 9.73 5.14 8.02 7.40 4.42 3.66 10.33 7.23 7.52 6.53 5.84 6.44 6.74 5.92 6.54 6.82 6.49 6.10 5.67 5.90 5.67 5.54 7.77 9.05 12.08 9.28 9.75 8.69 4.53 6.70 8.61 5.86 5.83 6.15 5.32 5.32 5.75 5.66 6.86 6.31 6.22 6.54 6.30 6.76 6.57 6.37 6.50 6.63 6.92 7.43 8.55 7.37 6.59 6.59 8.18 10.55 -9999 -9999 -9999 -9999 -9999 -9999
-9999 -9999 -9999 -9999 -9999 -9999 -9999 -9999 -9999 9.19 6.23 5.64 7.21 16.82 18.63 11.59 8.00 7.86 8.60 9.63 9.31 8.96 5.88 5.30 10.22 6.80 6.21 6.63 6.22 6.34 6.12 5.87 6.32 5.96 5.58 5.77 5.82 5.61 5.93 7.48 9.70 10.36 7.80 7.88 9.49 7.22 4.50 8.87 6.32 6.12 6.43 5.46 5.52 5.49 6.07 6.91 6.39 6.20 6.41 6.00 7.22 6.65 6.45 6.54 6.60 7.03 6.97 6.94 6.54 6.38 6.69 8.60 10.77 -9999 -9999 -9999 -9999 -9999 -9999
-9999 -9999 -9999 -9999 -9999 -9999 -9999 -9999 -9999 8.43 6.84 8.89 11.13 13.03 15.79 8.03 4.48 7.22 10.11 10.57 11.25 9.33 6.65 4.30 10.60 9.36 7.20 7.41 6.20 6.13 6.12 6.73 6.31 6.03 5.82 5.45 5.35 5.71 7.79 8.04 6.54 11.09 8.27 8.86 10.34 9.58 7.22 6.41 5.92 4.78 6.14 6.60 5.49 5.37 5.38 6.16 6.02 6.36 6.30 5.99 6.29 7.02 6.79 6.92 6.75 6.78 6.64 6.38 6.26 6.75 7.88 9.69 -9999 -9999 -9999 -9999 -9999 -9999 -9999
-9999 -9999 -9999 -9999 -9999 -9999 -9999 -9999 -9999 7.93 8.19 9.47 9.55 14.66 12.03 7.01 6.88 5.18 7.45 10.81 9.46 12.15 9.08 5.06 9.75 10.58 10.11 7.35 6.69 5.85 6.36 7.18 6.71 5.98 5.54 5.25 5.62 7.15 7.71 6.36 6.39 9.47 8.95 8.70 8.48 7.35 7.13 7.89 4.62 5.47 5.78 5.43 5.70 5.19 6.16 5.48 5.85 6.19 6.21 6.21 7.92 7.28 6.94 6.83 6.86 6.75 6.54 6.34 6.44 7.69 9.38 -9999 -9999 -9999 -9999 -9999 -9999 -9999 -9999
-9999 -9999 -9999 -9999 -9999 -9999 -9999 -9999 9.60 17.17 9.84 11.35 13.65 8.56 17.52 13.53 10.59 8.65 12.26 9.73 10.25 8.75 5.86 7.06 11.46 9.98 9.87 7.13 5.99 5.23 6.65 6.70 6.14 5.90 5.37 5.29 6.68 6.83 6.60 7.47 8.41 6.45 10.84 9.86 6.81 7.39 6.44 5.63 5.43 4.55 4.70 5.00 5.87 5.25 4.71 6.34 5.70 5.97 6.26 6.43 7.84 7.17 6.84 6.93 6.73 6.65 6.28 6.15 7.20 8.83 -9999 -9999 -9999 -9999 -9999 -9999 -9999 10.75 -9999
-9999 -9999 -9999 -9999 -9999 -9999 9.95 9.53 13.21 11.58 9.57 10.55 11.85 6.64 7.80 9.83 11.88 10.94 13.31 11.29 10.98 5.18 6.86 7.02 5.25 6.23 6.25 7.27 6.23 5.45 6.45 6.66 6.46 5.85 5.95 7.01 6.36 7.28 6.55 7.80 8.24 7.93 7.06 6.18 7.69 7.07 6.36 6.10 5.81 5.44 4.27 5.20 4.88 4.11 4.45 5.16 5.38 5.77 5.79 6.35 7.72 7.03 6.51 6.75 6.50 6.34 6.05 6.43 7.78 -9999 -9999 -9999 -9999 -9999 10.81 10.10 9.43 8.69 8.72
-9999 -9999 -9999 -9999 -9999 9.93 9.50 9.54 10.29 10.35 10.40 10.07 7.88 5.26 7.09 9.39 10.31 16.69 9.13 6.60 6.41 3.85 10.38 12.09 11.39 8.09 6.96 7.43 6.87 6.22 6.48 6.95 6.37 6.26 6.38 7.09 7.47 6.30 6.38 8.02 7.86 7.23 6.64 6.52 6.82 5.79 6.15 4.98 4.81 5.28 4.69 4.21 3.70 3.86 4.85 4.78 4.92 5.33 5.73 6.24 7.97 7.31 6.53 6.42 6.23 6.10 5.94 6.33 7.44 -9999 -9999 -9999 -9999 -9999 9.45 8.35 7.77 7.22 7.12
-9999 -9999 -9999 -9999 10.90 11.26 10.18 10.31 -9999 -9999 -9999 -9999 8.71 12.18 10.42 11.07 12.38 9.27 7.06 10.12 9.56 8.04 17.48 15.46 12.38 12.34 9.07 6.80 6.89 6.71 6.16 6.23 6.19 6.04 6.71 6.31 7.63 6.32 6.27 6.80 7.10 7.12 6.73 5.52 5.58 5.57 5.24 4.45 4.11 3.91 3.88 3.95 4.12 4.50 4.63 4.72 5.48 6.14 6.33 6.42 7.42 7.16 6.96 6.24 6.08 5.91 5.70 5.84 6.74 8.45 -9999 -9999 -9999 -9999 8.34 7.34 6.84 6.72 6.73
-9999 -9999 -9999 -9999 12.23 13.51 10.34 11.16 -9999 -9999 -9999 -9999 9.34 11.12 12.91 7.84 12.04 10.87 10.16 12.72 14.23 11.06 15.31 8.94 10.07 9.82 8.29 6.66 6.51 6.59 6.29 6.43 6.95 6.01 6.72 6.51 6.60 7.08 6.07 6.38 5.53 6.23 7.20 7.42 7.26 5.63 4.74 4.26 3.96 4.29 3.71 4.28 4.96 5.22 6.09 5.52 7.41 7.40 7.49 6.62 7.12 6.98 6.78 6.05 6.04 5.89 5.62 5.54 5.73 6.85 7.91 -9999 -9999 8.74 8.11 7.47 7.42 6.90 6.52
-9999 -9999 -9999 -9999 -9999 -9999 -9999 -9999 -9999 -9999 -9999 -9999 10.21 13.02 10.27 6.65 9.36 8.15 14.75 13.07 8.59 12.36 12.04 10.21 10.44 8.30 6.86 5.54 6.66 6.36 6.56 6.28 5.81 5.59 5.55 5.60 5.99 6.56 5.97 5.72 5.64 5.77 5.69 6.65 6.93 5.06 6.08 6.73 5.19 4.77 4.27 3.88 5.29 6.37 7.25 6.80 6.32 6.89 7.65 7.05 7.40 7.00 6.81 5.94 6.01 5.94 5.75 5.54 5.25 5.57 6.33 7.38 7.87 7.52 7.58 6.81 7.54 7.39 7.22
-9999 -9999 -9999 -9999 -9999 -9999 -9999 -9999 -9999 -9999 -9999 -9999 -9999 13.29 4.53 4.88 9.24 14.31 12.67 13.47 12.74 8.72 9.76 10.75 7.00 6.64 5.12 4.92 5.35 5.81 5.99 6.10 5.76 5.16 4.94 5.54 5.71 6.24 6.14 5.66 7.37 6.50 5.37 5.46 5.66 5.81 5.55 6.47 6.49 5.48 6.36 4.98 5.13 5.96 5.38 5.65 5.96 6.16 7.58 7.49 7.11 6.51 6.73 5.95 6.01 5.94 5.75 5.64 5.58 5.62 5.65 6.19 6.56 6.59 6.58 6.78 7.76 7.57 7.12
-9999 -9999 -9999 -9999 -9999 -9999 -9999 -9999 -9999 -9999 -9999 -9999 -9999 9.66 13.02 13.61 11.85 10.84 9.55 11.32 8.54 8.40 7.22 6.47 8.76 6.29 5.01 6.29 5.36 5.16 5.44 5.03 5.12 5.56 5.41 6.85 6.86 6.38 5.97 5.51 7.20 7.79 6.36 5.43 5.29 5.66 5.75 5.90 6.22 6.52 8.43 7.10 5.49 5.22 5.47 6.35 7.46 7.73 7.31 7.82 7.21 6.51 6.17 5.94 6.02 5.98 5.98 5.90 5.85 5.88 5.94 6.13 6.30 6.53 6.63 6.64 7.51 7.51 8.02
-9999 -9999 -9999 -9999 -9999 -9999 -9999 -9999 -9999 -9999 -9999 -9999 12.18 11.11 7.86 15.38 9.60 7.70 9.85 9.55 8.00 10.85 7.76 7.16 9.68 5.64 10.95 6.61 4.10 4.27 6.03 4.91 4.74 7.57 7.48 7.09 6.01 6.32 6.16 5.70 6.49 6.89 6.35 5.62 5.59 5.53 5.52 6.15 6.04 6.98 6.74 6.23 5.84 5.57 6.19 7.05 8.04 8.09 7.13 7.24 6.89 6.48 6.21 6.00 6.01 6.09 6.13 6.09 6.00 6.02 6.09 6.10 6.24 6.85 6.94 6.76 7.11 7.59 7.05
-9999 -9999 -9999 -9999 -9999 -9999 -9999 -9999 -9999 -9999 -9999 -9999 10.57 10.93 15.05 7.53 3.00 5.20 6.16 8.72 11.75 11.54 8.36 7.53 7.48 5.20 5.99 6.56 7.05 6.55 4.97 5.27 5.18 5.59 6.61 5.92 5.80 6.55 6.40 6.57 7.01 6.66 6.70 6.27 5.91 5.65 5.26 5.53 5.85 6.61 6.90 6.34 5.33 5.75 7.01 8.38 7.73 8.26 8.03 7.20 6.42 7.10 6.24 6.32 6.13 6.24 6.12 6.13 6.12 6.04 6.04 6.11 6.18 7.08 6.94 6.54 6.77 7.49 7.33
-9999 -9999 -9999 -9999 -9999 -9999 -9999 -9999 -9999 -9999 -9999 -9999 11.12 12.96 5.28 6.06 4.25 5.42 6.60 12.61 10.92 11.85 8.17 6.62 4.52 3.57 4.84 8.44 9.98 10.93 6.00 7.51 5.57 5.62 6.18 5.13 5.42 6.10 6.58 6.83 6.21 6.36 7.67 6.83 5.96 5.69 6.55 5.29 5.92 6.20 6.02 5.48 5.17 5.83 6.54 7.22 7.30 7.14 6.35 6.23 6.63 6.92 5.77 5.65 6.08 6.18 6.16 6.06 5.90 5.96 5.98 6.03 6.14 6.52 6.44 6.64 6.58 7.16 7.24
-9999 -9999 -9999 -9999 -9999 -9999 -9999 -9999 -9999 -9999 -9999 -9999 -9999 8.00 8.76 9.89 10.90 11.29 9.13 10.11 8.36 4.79 4.28 3.52 4.30 4.44 4.01 5.97 6.60 9.90 7.59 6.19 5.04 6.42 6.74 4.94 6.06 5.61 6.11 8.16 6.14 6.01 6.06 6.29 5.67 5.45 6.87 6.44 5.90 6.39 5.91 5.55 5.81 6.44 6.08 6.18 5.87 6.60 5.85 6.89 6.92 6.01 5.60 6.12 6.14 5.88 5.85 5.79 5.82 5.90 5.92 5.99 6.05 6.21 6.32 6.60 6.60 6.73 7.14
-9999 -9999 -9999 -9999 -9999 -9999 -9999 -9999 -9999 -9999 -9999 -9999 -9999 9.18 10.28 10.66 11.44 13.19 11.81 8.76 6.24 4.36 5.94 7.82 9.14 10.45 6.93 4.78 5.83 7.22 6.99 5.09 7.43 6.35 6.87 5.66 6.72 6.08 5.99 6.46 7.44 7.02 6.41 6.04 5.69 5.52 6.62 6.59 6.26 6.28 6.60 6.70 6.77 6.93 6.08 5.94 7.15 7.20 7.17 6.76 7.05 6.08 6.16 6.66 5.75 5.56 5.57 5.61 5.80 5.85 5.84 5.94 6.02 6.18 6.23 6.21 6.09 6.14 6.59
-9999 -9999 -9999 -9999 -9999 -9999 -9999 -9999 -9999 -9999 -9999 -9999 9.19 7.09 8.52 11.09 11.24 9.48 9.09 7.39 8.65 13.07 9.78 9.53 8.70 6.06 4.61 5.27 6.11 4.72 4.59 5.76 7.40 7.29 6.93 5.41 6.94 5.83 6.12 7.61 6.66 7.02 7.07 6.42 6.17 5.82 6.80 6.79 6.04 6.26 6.22 6.09 6.79 6.24 7.27 6.76 7.30 6.48 6.85 7.04 6.19 5.89 6.66 6.56 5.64 5.54 5.83 5.69 5.90 5.97 6.07 6.06 6.02 6.07 6.02 6.48 6.78 6.87 6.21
-9999 -9999 -9999 -9999 -9999 -9999 -9999 -9999 -9999 -9999 -9999 -9999 10.56 8.25 7.72 8.05 9.22 12.45 11.73 10.54 8.99 9.57 11.03 11.50 10.20 5.44 7.04 7.77 3.66 6.18 3.06 4.73 6.92 9.07 5.63 6.10 5.30 5.28 5.96 6.84 9.50 7.73 7.60 7.04 6.64 6.40 6.75 6.48 5.93 6.05 5.95 5.85 5.78 7.00 7.48 7.43 7.84 6.75 6.34 6.39 5.90 6.19 6.72 6.50 6.04 6.32 6.05 6.40 6.06 6.12 6.37 6.39 6.06 5.93 5.81 5.89 6.77 6.94 7.02
-9999 -9999 -9999 -9999 -9999 -9999 -9999 -9999 -9999 -9999 -9999 -9999 8.87 7.76 5.12 6.41 8.68 12.74 10.45 10.87 8.61 10.96 10.10 7.55 6.90 7.01 6.26 4.29 2.88 3.51 6.83 3.81 4.40 5.19 5.36 7.10 6.14 5.10 5.73 6.69 7.19 6.95 7.86 7.43 6.82 6.79 6.23 5.64 6.05 6.23 6.29 5.63 6.21 7.51 7.61 6.75 6.81 7.53 6.51 6.71 5.63 6.54 6.71 6.03 6.02 6.15 5.49 5.75 5.79 6.02 6.20 6.12 5.92 5.75 5.58 5.97 5.60 6.15 6.54
-9999 -9999 -9999 -9999 -9999 -9999 -9999 -9999 -9999 -9999 -9999 9.04 9.41 11.11 8.12 5.59 9.26 10.30 12.10 12.26 7.46 8.23 7.06 7.39 7.48 4.99 4.33 5.93 4.21 3.44 3.47 3.24 3.35 4.31 5.65 5.90 5.93 5.87 5.59 5.69 6.61 6.88 6.28 6.80 6.32 6.89 6.07 5.74 5.74 5.39 5.21 5.37 6.60 6.66 6.89 6.28 6.97 6.97 6.55 5.77 6.57 6.60 6.58 6.87 6.52 5.95 5.71 5.54 5.80 6.06 6.03 5.96 5.70 5.43 5.50 5.88 5.91 6.15 6.56
-9999 -9999 -9999 -9999 -9999 -9999 -9999 -9999 -9999 -9999 9.84 9.59 10.02 7.87 5.71 8.69 12.32 12.81 10.69 12.48 8.61 9.98 7.94 5.84 10.71 5.25 5.62 3.36 3.29 1.99 2.45 4.03 6.11 5.33 7.34 5.83 6.48 5.39 5.28 5.67 6.11 6.33 6.09 6.26 6.46 6.52 5.11 5.60 5.45 5.63 5.72 5.87 6.47 5.84 6.73 6.26 6.46 5.71 5.69 6.84 7.22 6.73 6.86 6.81 6.01 6.35 6.26 6.21 6.28 6.08 5.89 5.66 5.75 5.63 6.36 6.63 6.87 7.06 6.47
-9999 -9999 -9999 -9999 -9999 -9999 -9999 -9999 10.90 9.09 7.93 6.35 6.21 6.84 6.88 10.35 12.13 13.49 14.81 12.44 9.66 5.89 8.66 6.78 9.63 6.19 4.64 4.28 2.47 2.08 2.34 5.49 8.01 7.14 6.96 4.71 5.23 5.47 5.57 6.35 6.04 6.37 5.71 5.77 5.87 5.22 5.02 5.24 6.04 5.89 6.80 7.25 6.68 6.18 5.75 5.60 6.40 6.88 6.54 6.78 5.99 6.89 6.95 6.33 5.69 5.78 6.65 6.53 6.64 5.89 5.71 5.55 5.73 6.69 7.21 7.05 7.92 7.81 7.58
-9999 -9999 -9999 -9999 11.02 10.27 9.02 12.04 11.60 11.13 10.80 8.02 7.36 7.06 11.98 10.58 13.16 12.85 12.05 8.23 6.60 4.94 6.96 6.41 12.21 9.17 5.54 3.02 3.51 3.34 6.90 5.83 7.84 7.82 7.02 5.76 5.01 5.10 6.21 5.69 5.00 6.51 5.42 5.12 4.57 4.99 5.66 5.99 5.12 6.31 6.11 6.43 7.24 6.98 6.65 6.44 6.98 6.94 6.50 6.02 6.82 5.91 5.78 5.73 5.61 6.38 6.60 6.65 6.04 5.49 5.68 6.03 7.04 7.18 6.85 7.72 7.04 7.53 8.02
-9999 -9999 -9999 11.90 9.20 9.79 9.09 8.29 9.96 9.15 9.44 7.03 6.10 10.31 11.18 12.31 9.14 14.02 9.43 6.46 11.36 8.14 4.98 12.14 9.28 5.90 0.90 1.67 3.14 7.26 5.77 5.94 6.09 6.16 7.68 6.63 6.47 5.49 5.82 5.14 4.82 5.91 5.19 4.27 4.34 5.13 5.98 5.56 7.38 5.91 5.88 6.27 6.96 6.32 6.21 5.85 5.99 6.54 6.30 6.72 6.01 5.50 5.64 6.01 5.59 5.89 5.89 5.29 5.18 5.28 5.65 6.13 6.55 7.38 7.37 7.45 7.21 7.26 7.52
-9999 -9999 11.03 10.02 6.83 6.38 6.69 7.63 7.37 8.31 7.41 7.82 12.44 9.98 8.84 13.10 7.09 9.44 9.05 12.09 11.02 11.58 9.05 8.68 6.00 0.91 5.61 6.31 3.62 5.01 5.23 5.46 6.23 5.67 5.91 7.21 7.45 5.31 5.17 5.07 5.32 4.77 3.84 3.72 6.68 5.33 5.25 5.64 6.51 6.24 5.96 6.54 7.06 6.93 7.32 6.64 5.70 5.58 5.58 6.35 5.90 5.40 6.26 6.13 5.64 5.77 5.55 5.36 5.74 5.96 6.25 6.70 6.72 7.41 6.68 6.52 6.94 6.73 7.09
11.15 11.98 8.74 8.08 8.53 7.58 7.00 9.26 8.46 8.88 8.58 11.25 10.88 9.30 10.48 10.07 7.56 6.95 10.65 11.23 9.45 9.27 11.01 7.91 3.39 6.64 8.00 6.14 7.08 5.01 5.72 5.42 5.98 8.02 5.86 8.02 6.16 5.16 5.03 5.13 6.38 3.77 3.91 7.75 5.39 5.34 5.31 5.77 6.84 5.80 6.11 6.52 6.26 6.78 6.72 6.13 5.55 5.78 5.42 5.81 6.04 5.88 5.37 5.07 5.17 5.39 5.94 7.52 6.96 7.91 7.47 6.51 7.62 7.23 7.17 6.85 6.70 6.94 6.83
10.52 12.73 15.33 13.61 12.57 9.16 10.25 11.92 10.75 10.38 12.43 10.54 9.77 11.90 8.39 5.68 5.85 5.87 9.08 8.98 8.06 7.02 7.33 6.70 7.49 15.53 10.70 7.38 5.36 6.16 5.86 7.84 6.24 6.56 5.39 5.66 5.69 5.50 4.99 4.69 4.45 3.72 7.03 7.70 7.06 5.89 5.57 8.10 6.64 6.01 6.41 6.09 6.90 6.82 6.51 5.59 6.43 5.98 5.36 7.02 6.55 5.17 4.90 4.98 5.14 5.98 7.21 7.82 7.74 8.42 7.88 7.43 7.93 7.38 6.53 6.82 6.75 7.10 7.20
10.97 12.00 12.03 10.82 9.15 10.95 9.64 11.40 8.21 9.37 11.86 10.71 8.48 9.35 5.52 4.71 7.87 8.88 7.75 5.94 7.64 4.21 3.83 4.41 9.53 12.89 13.20 6.07 6.96 7.30 7.65 6.87 5.36 6.32 5.65 5.99 5.43 5.52 4.36 3.88 4.71 4.59 7.33 7.25 6.73 5.57 6.45 8.13 7.47 7.01 6.54 6.81 6.70 6.21 5.84 5.84 6.23 6.57 6.13 5.87 5.52 5.09 6.19 6.97 5.66 6.18 7.34 7.99 7.70 8.40 8.44 8.38 8.21 6.68 6.61 6.49 6.61 6.46 6.88
10.53 11.11 10.36 10.28 8.98 8.85 10.19 8.62 9.18 7.40 7.07 6.76 6.50 6.23 8.44 7.44 11.41 17.82 8.89 8.83 8.48 12.24 11.42 3.14 3.33 14.32 10.41 8.46 9.04 10.16 7.82 5.50 4.53 6.68 7.22 6.17 5.26 4.52 3.78 3.52 4.90 7.73 8.22 6.92 6.28 5.93 5.87 6.18 7.34 6.63 6.44 6.17 5.76 5.47 5.46 6.53 6.33 5.97 5.82 4.85 4.94 5.86 5.85 6.66 6.11 6.38 6.75 7.31 8.12 8.53 8.57 8.50 8.52 6.66 6.04 6.57 6.60 6.13 6.52
10.17 11.07 9.59 9.42 8.81 8.66 7.57 7.47 8.24 7.16 8.45 6.94 9.66 6.37 9.55 12.14 12.52 13.91 14.54 11.46 13.09 14.65 8.45 9.82 8.00 3.09 9.11 9.85 6.55 7.07 4.97 6.74 6.43 9.38 8.55 6.12 5.22 4.27 3.68 4.76 8.13 6.92 8.74 7.08 6.56 7.23 6.27 7.81 6.33 6.43 5.88 5.63 5.41 5.75 5.79 5.85 5.51 5.15 4.63 4.76 5.87 6.80 6.27 5.69 6.46 5.97 7.14 6.74 7.08 7.51 7.81 8.11 8.06 7.18 5.99 6.44 6.45 6.25 6.75
10.48 9.99 11.15 11.80 12.95 11.12 9.31 8.28 7.30 7.64 10.38 7.29 9.02 5.89 8.21 9.22 8.62 7.22 9.50 8.28 11.52 12.10 13.77 10.82 11.01 8.89 13.41 7.80 6.72 6.22 6.92 6.18 8.94 8.55 9.00 5.60 4.91 4.18 7.78 8.35 8.24 8.84 6.96 7.41 7.50 7.21 6.57 6.58 6.44 5.94 5.58 5.61 5.57 6.19 6.17 6.28 5.54 4.68 4.52 5.31 7.02 5.37 5.98 6.16 5.73 5.59 5.91 6.05 6.63 7.23 6.95 7.58 7.41 6.77 6.42 6.42 5.89 5.66 6.90
11.01 10.35 10.25 11.63 11.33 11.56 10.36 9.37 8.63 7.99 8.27 10.89 7.26 11.30 10.51 10.80 11.74 9.33 6.22 6.29 9.10 8.69 11.11 10.94 8.65 11.87 11.72 6.34 7.48 4.96 5.55 7.65 8.73 8.23 7.28 5.17 4.28 5.94 5.52 7.67 7.69 7.11 7.49 7.15 6.72 6.81 6.03 5.69 5.63 5.52 7.10 5.72 6.56 5.88 5.53 4.75 4.59 4.94 5.77 6.74 6.16 5.80 6.02 5.86 5.49 5.65 6.26 7.11 6.02 6.96 7.84 7.12 6.61 6.73 5.72 5.94 6.75 6.12 5.81
11.82 12.15 12.75 13.63 -9999 -9999 -9999 -9999 10.10 9.28 9.77 7.39 6.30 8.12 8.87 8.92 8.13 4.10 12.94 12.98 8.32 7.50 8.11 10.19 10.88 11.75 8.44 6.94 5.88 4.79 9.14 7.94 9.82 6.58 6.06 5.25 4.65 6.89 5.54 7.54 7.44 6.56 6.68 6.38 6.04 5.70 5.42 5.34 5.48 5.47 6.75 6.05 6.58 6.53 5.54 5.00 4.94 6.62 6.52 6.45 6.21 6.26 4.90 5.00 4.94 6.05 6.57 6.72 5.66 6.52 7.36 7.15 6.48 7.02 6.42 6.16 6.33 6.31 5.80
