ML/MeanWindSpeed_1997-08_Actual.txt
ncols         180
nrows         290
xllcorner     -200000
yllcorner     -200000
cellsize      5000
NODATA_value  -9999
[rows 140 to 174 of 290, columns 79 to 157 of 180]
-9999 -9999 9.33 -9999 -9999 -9999 8.57 8.39 7.65 7.74 8.78 -9999 -9999 9.37 8.43 9.62 10.31 -9999 -9999 -9999 -9999 -9999 7.27 6.14 4.64 4.57 4.46 4.82 4.80 4.88 4.28 2.88 4.75 6.47 6.42 5.27 5.95 6.41 6.72 5.48 5.74 5.58 4.70 3.56 3.57 3.41 1.92 2.53 4.11 5.42 -9999 -9999 -9999 -9999 -9999 -9999 -9999 -9999 -9999 -9999 -9999 -9999 -9999 -9999 -9999 -9999 -9999 -9999 -9999 -9999 -9999 -9999 -9999 -9999 -9999 -9999 -9999 -9999 -9999
-9999 -9999 9.45 9.13 -9999 -9999 -9999 8.53 8.60 8.50 9.05 -9999 -9999 -9999 -9999 10.12 -9999 -9999 -9999 -9999 -9999 -9999 6.30 5.14 4.15 4.36 4.90 5.08 4.91 5.07 4.68 3.68 4.28 6.39 6.21 4.57 7.20 7.10 7.76 6.15 6.07 6.43 4.94 4.03 3.80 2.64 1.60 2.41 4.09 5.44 -9999 -9999 -9999 -9999 -9999 -9999 -9999 -9999 -9999 -9999 -9999 -9999 -9999 -9999 -9999 -9999 -9999 -9999 -9999 -9999 -9999 -9999 -9999 -9999 -9999 -9999 -9999 -9999 -9999
-9999 -9999 -9999 9.77 -9999 -9999 -9999 -9999 8.74 9.23 9.26 -9999 -9999 -9999 -9999 -9999 -9999 -9999 -9999 -9999 -9999 7.08 5.75 4.97 4.15 4.10 5.20 5.36 5.37 5.59 5.42 4.62 3.58 4.85 7.30 7.23 7.62 7.86 7.05 6.54 6.48 5.26 3.85 4.55 4.36 2.54 1.89 2.71 4.22 5.70 6.68 -9999 -9999 -9999 -9999 -9999 -9999 -9999 -9999 -9999 -9999 -9999 -9999 -9999 -9999 -9999 -9999 -9999 -9999 -9999 -9999 -9999 -9999 -9999 -9999 -9999 -9999 -9999 -9999
-9999 -9999 -9999 10.33 -9999 -9999 -9999 -9999 -9999 -9999 -9999 -9999 -9999 -9999 -9999 -9999 -9999 -9999 -9999 -9999 -9999 6.98 5.40 4.12 2.70 2.48 6.70 5.85 5.57 6.70 5.71 5.85 3.05 3.32 6.47 8.32 7.41 6.80 8.61 9.60 8.84 7.48 6.29 4.00 3.69 3.14 3.26 3.38 4.51 5.99 6.69 7.16 -9999 -9999 -9999 -9999 -9999 -9999 -9999 -9999 -9999 -9999 -9999 -9999 -9999 -9999 -9999 -9999 -9999 -9999 -9999 -9999 -9999 -9999 -9999 -9999 -9999 -9999 -9999
-9999 -9999 -9999 -9999 -9999 -9999 -9999 -9999 -9999 -9999 -9999 -9999 -9999 -9999 -9999 -9999 -9999 -9999 -9999 -9999 7.83 6.60 4.89 3.89 4.71 2.86 9.27 9.00 5.64 6.23 5.83 5.42 4.89 3.41 4.77 9.24 9.60 8.81 7.80 7.05 7.87 7.37 6.43 5.07 4.22 3.74 3.53 4.03 5.26 5.71 5.87 6.33 -9999 -9999 -9999 -9999 -9999 -9999 -9999 -9999 -9999 -9999 -9999 -9999 -9999 -9999 -9999 -9999 -9999 -9999 -9999 -9999 -9999 -9999 -9999 -9999 -9999 -9999 -9999
-9999 -9999 -9999 -9999 -9999 -9999 -9999 -9999 -9999 -9999 -9999 -9999 -9999 -9999 -9999 -9999 -9999 -9999 -9999 -9999 7.02 6.56 4.25 4.97 8.46 4.75 4.26 7.41 7.29 6.20 5.88 5.59 5.23 4.54 5.43 7.40 11.35 10.00 9.20 8.03 7.67 7.13 5.66 4.96 4.65 4.92 4.39 5.06 5.22 5.48 5.19 5.31 5.82 6.27 6.58 -9999 -9999 -9999 -9999 -9999 -9999 -9999 -9999 -9999 -9999 -9999 -9999 -9999 -9999 -9999 -9999 -9999 -9999 -9999 -9999 -9999 -9999 -9999 -9999
-9999 -9999 -9999 -9999 -9999 -9999 -9999 -9999 -9999 -9999 -9999 -9999 -9999 -9999 -9999 -9999 -9999 -9999 -9999 -9999 6.85 5.94 4.91 6.33 4.76 3.86 5.05 7.65 5.83 5.45 6.88 4.53 5.58 5.28 5.96 6.92 8.63 9.22 8.75 8.14 7.72 6.54 6.02 5.30 4.80 4.65 4.81 4.87 5.12 4.75 4.38 4.21 5.61 5.07 5.89 6.75 7.11 -9999 -9999 -9999 -9999 -9999 -9999 -9999 -9999 -9999 -9999 -9999 -9999 -9999 -9999 -9999 -9999 -9999 -9999 -9999 -9999 -9999 -9999
-9999 -9999 -9999 -9999 -9999 -9999 -9999 -9999 -9999 -9999 -9999 -9999 -9999 -9999 -9999 -9999 -9999 -9999 -9999 -9999 6.91 5.70 5.66 7.95 8.70 5.96 4.00 5.50 5.92 7.15 5.21 6.59 5.66 5.44 6.43 6.79 6.46 6.82 8.37 7.67 7.09 6.65 5.96 5.47 5.38 5.29 4.97 5.00 4.79 4.34 4.12 3.73 4.19 5.51 5.48 5.95 7.06 7.46 7.02 -9999 -9999 -9999 -9999 -9999 -9999 -9999 -9999 -9999 -9999 -9999 -9999 -9999 -9999 -9999 -9999 -9999 -9999 -9999 -9999
-9999 -9999 -9999 -9999 -9999 -9999 -9999 -9999 -9999 -9999 -9999 -9999 -9999 -9999 -9999 -9999 -9999 -9999 -9999 -9999 7.56 6.04 6.24 6.57 5.01 10.72 8.87 6.09 6.93 5.53 7.79 7.84 5.85 5.12 5.53 5.36 4.76 8.52 7.98 7.62 7.70 7.69 7.20 5.60 6.08 5.44 5.14 5.02 4.80 4.47 3.96 3.38 3.99 5.50 5.26 5.28 5.71 6.54 6.25 7.93 -9999 -9999 -9999 -9999 -9999 -9999 -9999 -9999 -9999 -9999 -9999 -9999 -9999 -9999 -9999 -9999 -9999 -9999 -9999
-9999 -9999 -9999 -9999 -9999 -9999 -9999 -9999 7.94 8.03 8.49 -9999 -9999 -9999 -9999 -9999 -9999 -9999 -9999 -9999 -9999 7.22 6.14 5.20 6.37 8.23 9.78 6.90 5.42 7.57 7.54 6.42 5.20 5.95 5.75 4.49 4.91 6.69 7.47 9.22 8.50 7.27 6.89 7.11 6.33 5.54 5.15 4.85 4.55 3.95 3.45 5.23 5.19 7.10 7.68 7.34 6.69 5.46 6.91 7.58 7.52 -9999 -9999 -9999 -9999 -9999 -9999 -9999 -9999 -9999 -9999 -9999 -9999 -9999 -9999 -9999 -9999 -9999 -9999
-9999 -9999 -9999 -9999 -9999 -9999 -9999 -9999 7.09 7.09 -9999 -9999 -9999 -9999 -9999 -9999 -9999 -9999 -9999 -9999 -9999 -9999 5.98 4.64 6.93 8.19 11.77 7.29 7.32 7.44 6.34 5.33 4.67 4.14 7.59 4.64 5.36 8.39 7.68 6.53 6.27 8.30 6.37 7.54 6.39 5.56 4.98 4.62 3.97 3.98 5.03 5.59 5.65 5.93 5.87 6.49 6.79 6.60 6.93 7.18 8.39 -9999 -9999 -9999 -9999 -9999 -9999 -9999 -9999 -9999 -9999 -9999 -9999 -9999 -9999 -9999 -9999 -9999 -9999
-9999 -9999 -9999 -9999 -9999 -9999 -9999 6.38 7.85 8.11 8.23 -9999 -9999 -9999 -9999 -9999 -9999 -9999 -9999 -9999 -9999 -9999 5.60 6.58 7.24 8.48 7.48 7.31 6.25 6.22 5.70 5.33 5.71 4.62 3.91 8.04 6.47 6.59 8.21 7.50 8.81 7.34 7.43 6.68 6.22 5.58 5.22 4.57 3.91 4.56 5.65 5.58 6.47 7.29 7.04 7.18 6.73 6.86 7.34 6.87 8.28 7.85 -9999 -9999 -9999 -9999 -9999 -9999 -9999 -9999 -9999 -9999 -9999 -9999 -9999 -9999 -9999 -9999 -9999
-9999 -9999 -9999 -9999 -9999 -9999 5.23 7.17 8.65 10.84 8.39 -9999 -9999 -9999 -9999 -9999 -9999 -9999 -9999 -9999 -9999 -9999 6.54 8.96 7.70 6.35 7.05 6.26 6.36 5.50 4.90 4.99 5.32 4.39 7.11 5.91 7.99 6.89 9.11 6.61 7.19 6.21 7.14 6.29 6.25 5.88 5.06 4.77 4.36 4.69 6.81 7.41 7.46 7.08 7.06 6.83 6.51 6.57 7.62 7.68 7.49 7.80 -9999 -9999 -9999 -9999 -9999 -9999 -9999 -9999 -9999 -9999 -9999 -9999 -9999 -9999 -9999 -9999 -9999
-9999 -9999 -9999 -9999 -9999 6.27 5.49 9.34 9.29 9.60 -9999 -9999 -9999 -9999 -9999 -9999 -9999 -9999 -9999 -9999 -9999 -9999 -9999 7.69 6.54 5.97 6.96 5.73 6.83 5.69 5.01 4.63 4.33 3.56 6.63 6.87 7.71 7.33 7.77 7.86 7.73 7.16 7.04 7.16 6.79 5.65 5.28 5.29 5.34 5.17 6.03 8.47 7.90 6.75 6.33 6.24 6.02 6.14 6.38 6.32 6.05 6.50 7.42 8.16 -9999 -9999 -9999 -9999 -9999 -9999 -9999 -9999 -9999 -9999 -9999 -9999 -9999 -9999 -9999
-9999 -9999 -9999 -9999 -9999 7.30 8.03 7.41 9.01 9.50 -9999 -9999 -9999 -9999 -9999 -9999 -9999 -9999 -9999 -9999 -9999 -9999 -9999 -9999 6.80 6.53 6.29 5.86 6.66 6.08 5.70 5.25 4.96 3.62 6.89 6.61 6.32 7.50 6.53 6.06 8.08 8.05 6.61 7.58 7.01 6.61 5.64 5.56 5.73 5.51 5.74 6.52 6.64 6.20 5.98 5.84 5.80 5.68 5.80 5.74 5.66 6.95 7.32 7.54 -9999 -9999 -9999 -9999 -9999 -9999 -9999 -9999 -9999 -9999 -9999 -9999 -9999 -9999 -9999
-9999 -9999 -9999 -9999 -9999 8.08 7.73 8.49 8.71 -9999 -9999 -9999 -9999 -9999 -9999 -9999 -9999 -9999 -9999 -9999 -9999 -9999 -9999 -9999 7.15 7.05 6.90 -9999 6.92 -9999 6.01 5.47 4.78 3.94 4.80 7.14 6.46 7.08 8.66 5.13 5.93 8.62 7.78 7.59 7.34 6.62 5.80 5.47 5.22 5.12 5.43 5.94 6.33 6.48 5.80 5.93 5.24 4.85 5.47 6.13 6.01 5.86 6.00 7.11 8.44 9.14 -9999 -9999 -9999 -9999 -9999 -9999 -9999 -9999 -9999 -9999 -9999 -9999 -9999
-9999 -9999 -9999 -9999 8.52 8.34 8.29 -9999 -9999 -9999 -9999 -9999 -9999 -9999 -9999 -9999 -9999 -9999 -9999 -9999 -9999 -9999 -9999 -9999 7.82 7.45 7.02 -9999 -9999 -9999 5.74 5.77 4.05 4.42 5.78 5.34 4.74 6.07 8.45 8.06 5.66 8.01 8.73 7.34 7.87 7.09 6.26 5.23 5.22 5.12 5.31 5.65 5.89 5.84 5.57 5.49 4.66 4.95 5.68 6.38 6.84 6.95 6.60 6.75 7.64 8.62 -9999 -9999 -9999 -9999 -9999 -9999 -9999 -9999 -9999 -9999 -9999 -9999 -9999
-9999 -9999 -9999 -9999 -9999 -9999 -9999 -9999 -9999 -9999 -9999 -9999 -9999 -9999 -9999 -9999 -9999 -9999 -9999 -9999 -9999 -9999 -9999 -9999 -9999 -9999 -9999 -9999 -9999 6.16 4.58 4.13 4.62 5.18 6.30 6.70 5.91 6.61 8.31 7.87 6.74 6.21 7.77 8.27 7.58 6.80 6.04 5.49 5.41 5.49 5.33 5.41 5.60 5.56 5.22 4.65 5.04 6.52 6.22 6.90 6.77 6.88 6.45 7.01 7.79 -9999 -9999 -9999 -9999 -9999 -9999 -9999 -9999 -9999 -9999 -9999 -9999 -9999 -9999
-9999 -9999 -9999 -9999 -9999 -9999 -9999 -9999 -9999 -9999 -9999 -9999 -9999 -9999 -9999 -9999 -9999 -9999 -9999 -9999 -9999 -9999 -9999 -9999 -9999 -9999 -9999 -9999 -9999 5.65 4.16 4.35 5.68 7.30 7.29 6.22 6.75 6.16 6.63 6.00 6.54 6.84 7.71 7.67 7.40 6.74 6.22 5.78 5.42 5.51 5.24 5.24 5.29 5.36 5.14 4.53 4.97 7.30 7.45 6.84 6.73 6.60 6.35 6.89 7.81 -9999 -9999 -9999 -9999 -9999 -9999 -9999 -9999 -9999 -9999 -9999 -9999 -9999 -9999
-9999 -9999 -9999 -9999 -9999 -9999 -9999 -9999 -9999 -9999 -9999 -9999 -9999 -9999 -9999 -9999 -9999 -9999 -9999 -9999 -9999 -9999 -9999 -9999 -9999 -9999 -9999 -9999 -9999 5.29 4.01 4.34 6.51 7.36 7.43 7.07 6.47 6.19 6.66 5.78 5.66 5.97 5.63 7.55 6.61 6.99 6.32 6.02 5.39 5.24 5.17 5.11 5.15 5.20 5.17 4.86 5.06 6.69 7.43 7.02 6.68 6.52 6.27 6.67 7.44 -9999 -9999 -9999 -9999 -9999 -9999 -9999 -9999 -9999 -9999 -9999 -9999 -9999 -9999
-9999 -9999 -9999 -9999 -9999 -9999 -9999 -9999 -9999 -9999 -9999 -9999 -9999 -9999 -9999 -9999 -9999 -9999 -9999 -9999 -9999 -9999 -9999 -9999 -9999 -9999 -9999 7.53 6.39 4.87 3.85 5.66 7.47 9.08 7.63 7.91 5.35 5.54 5.56 5.95 6.40 6.36 7.49 6.24 6.12 5.97 5.79 5.42 5.65 5.13 5.01 5.12 5.02 5.10 5.24 5.14 5.35 6.18 7.28 6.90 6.44 6.28 6.19 6.35 6.98 7.88 -9999 -9999 -9999 -9999 -9999 -9999 -9999 -9999 -9999 -9999 -9999 -9999 -9999
-9999 -9999 -9999 -9999 -9999 -9999 -9999 -9999 -9999 -9999 -9999 -9999 -9999 -9999 -9999 -9999 -9999 -9999 -9999 -9999 -9999 -9999 -9999 -9999 -9999 -9999 -9999 7.06 5.90 5.02 4.53 5.16 7.31 6.67 5.92 4.74 5.45 6.43 5.16 6.10 5.97 6.68 5.41 7.33 6.34 6.79 6.47 6.26 5.56 5.25 5.05 4.97 4.97 5.08 5.20 5.32 5.39 5.77 6.46 7.01 6.56 6.24 6.22 6.15 6.50 7.44 -9999 -9999 -9999 -9999 -9999 -9999 -9999 -9999 -9999 -9999 -9999 -9999 -9999
-9999 -9999 -9999 -9999 -9999 -9999 -9999 -9999 -9999 -9999 -9999 -9999 -9999 -9999 -9999 -9999 -9999 -9999 -9999 -9999 -9999 -9999 -9999 -9999 -9999 -9999 -9999 7.02 5.83 5.30 5.00 5.55 6.59 6.59 5.43 4.84 5.29 5.04 4.62 5.79 7.16 6.25 6.26 5.71 6.33 5.48 5.57 5.77 5.90 5.43 5.21 4.99 4.97 5.07 5.21 5.36 5.44 5.44 5.94 6.76 7.01 6.43 6.18 6.10 6.12 6.80 7.75 -9999 -9999 -9999 -9999 -9999 -9999 -9999 -9999 -9999 -9999 -9999 -9999
-9999 -9999 -9999 -9999 -9999 -9999 -9999 -9999 -9999 -9999 -9999 -9999 -9999 -9999 -9999 -9999 -9999 -9999 -9999 -9999 -9999 -9999 -9999 -9999 -9999 -9999 -9999 6.90 5.94 5.57 5.46 5.49 5.56 5.47 5.50 5.58 4.60 4.46 4.73 6.93 7.28 7.72 7.28 6.50 6.31 6.46 5.70 5.31 5.75 5.84 5.23 5.00 5.02 5.05 5.23 5.45 5.63 5.54 5.79 7.02 7.59 6.92 6.61 6.47 6.20 6.31 7.14 8.08 -9999 -9999 -9999 -9999 -9999 -9999 -9999 -9999 -9999 -9999 -9999
-9999 -9999 -9999 -9999 -9999 -9999 -9999 -9999 -9999 -9999 -9999 -9999 -9999 -9999 -9999 -9999 -9999 -9999 -9999 -9999 -9999 -9999 -9999 -9999 -9999 -9999 -9999 6.99 5.94 5.60 5.35 5.03 4.75 4.87 4.43 4.68 5.20 6.07 6.84 7.85 6.95 7.57 6.73 6.52 5.80 6.44 6.16 5.76 5.43 5.28 5.19 5.00 5.07 5.19 5.40 5.59 5.82 5.96 6.15 6.89 7.48 7.11 6.76 6.73 6.64 6.47 6.55 7.49 -9999 -9999 -9999 -9999 -9999 -9999 -9999 -9999 -9999 -9999 -9999
-9999 -9999 -9999 -9999 -9999 -9999 -9999 -9999 -9999 -9999 -9999 -9999 -9999 -9999 -9999 -9999 -9999 -9999 -9999 -9999 -9999 -9999 -9999 -9999 -9999 -9999 -9999 -9999 5.97 5.63 5.16 4.46 4.41 5.14 5.31 5.62 5.10 5.32 6.67 7.25 8.06 7.70 6.75 5.74 5.76 5.62 5.99 5.49 5.36 5.67 5.45 5.10 5.25 5.33 5.53 5.64 5.79 6.05 6.31 6.75 6.96 6.84 6.82 6.92 -9999 6.86 7.06 7.62 8.61 -9999 -9999 -9999 -9999 -9999 -9999 -9999 -9999 -9999 -9999
-9999 -9999 -9999 -9999 -9999 -9999 -9999 -9999 -9999 -9999 -9999 -9999 -9999 -9999 -9999 -9999 -9999 -9999 -9999 -9999 -9999 -9999 -9999 -9999 -9999 -9999 -9999 6.81 5.84 5.42 4.85 4.06 3.90 6.05 6.71 5.92 7.30 7.44 6.43 6.33 8.20 7.52 7.56 6.16 5.27 6.14 5.49 5.06 5.27 5.43 5.32 5.35 5.33 5.42 5.52 5.68 5.64 5.76 6.52 6.33 6.28 6.88 6.51 6.70 6.78 -9999 7.54 8.07 8.88 9.52 -9999 -9999 -9999 -9999 -9999 -9999 -9999 -9999 -9999
-9999 -9999 -9999 -9999 -9999 -9999 -9999 -9999 -9999 -9999 -9999 -9999 -9999 -9999 -9999 -9999 -9999 -9999 -9999 -9999 -9999 -9999 -9999 -9999 -9999 -9999 -9999 6.51 5.53 5.16 4.79 5.10 4.79 6.00 7.74 6.61 6.80 6.90 5.74 5.34 7.05 6.83 6.46 4.89 5.71 6.25 5.34 5.70 5.36 5.73 5.73 5.53 5.40 5.46 5.52 5.58 5.48 5.47 5.75 5.93 5.59 5.88 6.19 6.05 6.60 7.00 -9999 -9999 -9999 -9999 -9999 -9999 -9999 -9999 -9999 -9999 -9999 -9999 -9999
-9999 -9999 -9999 -9999 -9999 -9999 -9999 -9999 -9999 -9999 -9999 -9999 -9999 -9999 -9999 -9999 -9999 -9999 -9999 -9999 -9999 -9999 -9999 -9999 -9999 -9999 7.41 5.97 5.18 5.39 5.25 5.34 5.37 6.58 7.26 6.88 6.55 6.20 5.74 5.25 6.46 7.68 7.29 5.19 6.41 6.36 5.38 5.47 5.11 5.54 5.83 5.55 5.36 5.53 5.54 5.54 5.57 5.45 5.71 5.84 5.69 5.71 6.34 6.10 6.15 6.51 7.32 8.18 -9999 -9999 -9999 -9999 -9999 -9999 -9999 -9999 -9999 -9999 -9999
-9999 -9999 -9999 -9999 -9999 -9999 -9999 -9999 -9999 -9999 -9999 -9999 -9999 -9999 -9999 -9999 -9999 -9999 -9999 -9999 -9999 -9999 -9999 -9999 -9999 -9999 -9999 5.97 5.19 5.08 5.46 6.50 5.82 6.18 6.49 6.49 6.42 5.94 5.40 4.74 4.99 6.72 6.95 7.19 6.27 6.65 6.26 5.80 5.95 5.16 5.36 5.76 5.41 5.47 5.45 5.47 5.59 5.49 5.65 5.91 5.62 5.36 5.52 6.60 6.22 6.15 6.52 7.20 8.01 8.90 -9999 -9999 -9999 -9999 -9999 -9999 -9999 -9999 -9999
-9999 -9999 -9999 -9999 -9999 -9999 -9999 -9999 -9999 -9999 -9999 -9999 -9999 -9999 -9999 -9999 -9999 -9999 -9999 -9999 -9999 -9999 -9999 -9999 -9999 -9999 -9999 5.85 5.40 5.24 5.53 5.87 6.03 6.13 6.13 6.16 5.84 5.55 5.30 5.09 5.08 4.79 6.94 7.79 8.29 7.36 6.56 6.27 5.57 5.58 5.45 6.00 5.49 5.53 5.47 5.47 5.50 5.48 5.71 5.87 5.62 5.15 5.46 6.57 6.41 6.60 6.18 6.42 7.11 8.06 -9999 -9999 -9999 -9999 -9999 -9999 -9999 -9999 -9999
-9999 -9999 -9999 -9999 -9999 -9999 -9999 9.82 9.26 9.48 10.02 -9999 -9999 -9999 -9999 -9999 -9999 -9999 -9999 -9999 -9999 -9999 -9999 -9999 -9999 -9999 6.07 5.42 5.53 5.39 5.99 6.02 5.79 5.78 5.93 5.90 5.81 5.54 5.24 4.92 4.40 6.05 7.53 7.49 6.85 8.08 7.56 6.03 5.65 4.68 6.13 6.29 5.64 5.56 5.46 5.46 5.49 5.48 5.61 5.91 5.73 5.22 5.28 5.79 6.71 6.76 6.97 6.26 6.35 7.30 8.38 -9999 -9999 -9999 -9999 -9999 -9999 -9999 -9999
-9999 -9999 -9999 -9999 -9999 -9999 -9999 9.17 8.52 8.58 8.99 -9999 -9999 -9999 -9999 -9999 -9999 -9999 -9999 -9999 -9999 -9999 -9999 -9999 -9999 5.97 5.70 5.27 5.54 6.15 5.78 5.81 5.49 5.57 5.72 5.64 5.69 5.56 4.97 4.36 3.96 5.18 8.49 8.68 6.93 7.88 7.32 6.88 5.32 4.78 5.79 6.28 5.84 5.37 5.34 5.46 5.67 5.59 5.56 5.74 5.83 5.48 5.42 5.74 6.69 6.86 6.88 6.39 6.36 6.80 7.91 -9999 -9999 -9999 -9999 -9999 -9999 -9999 -9999
-9999 -9999 -9999 -9999 -9999 11.35 9.51 8.39 8.24 8.18 8.65 8.41 8.97 9.19 -9999 -9999 8.35 7.27 -9999 -9999 -9999 5.71 6.33 5.92 -9999 4.75 5.65 5.40 5.39 5.68 5.48 5.54 5.59 6.02 5.96 5.93 5.51 5.39 4.75 4.63 5.83 5.00 7.03 8.19 5.80 6.82 8.45 5.89 6.29 5.28 5.88 6.16 5.78 5.50 5.49 5.62 5.78 5.58 5.58 5.64 5.92 5.52 5.51 5.81 6.26 6.74 7.25 6.99 6.48 6.52 7.46 8.66 -9999 -9999 -9999 -9999 -9999 -9999 -9999
-9999 -9999 -9999 -9999 -9999 -9999 9.85 8.85 8.34 7.95 7.89 8.16 8.48 6.89 -9999 6.12 6.52 6.65 5.91 6.19 4.34 3.69 5.66 5.93 5.36 -9999 4.64 5.43 5.43 5.07 5.15 5.53 5.40 5.56 5.70 5.62 5.58 5.13 4.67 4.47 6.06 6.67 7.23 7.48 6.73 7.89 7.96 6.67 5.46 5.15 6.15 6.28 5.60 5.69 5.54 5.92 6.00 5.72 5.60 5.60 5.99 5.69 5.76 5.92 6.07 6.63 7.07 7.31 6.92 6.64 7.12 8.26 -9999 -9999 -9999 -9999 -9999 -9999 -9999
