ML/MeanWindSpeed_1998-02_Actual.txt
ncols         180
nrows         290
xllcorner     -200000
yllcorner     -200000
cellsize      5000
NODATA_value  -9999
[rows 204 to 237 of 290, columns 77 to 153 of 180]
13.02 10.53 11.05 12.55 13.05 12.17 10.34 12.76 11.17 13.27 9.17 10.54 13.30 11.62 9.06 10.03 5.04 3.94 8.41 9.12 7.03 5.03 7.81 4.33 3.68 4.40 11.19 15.05 15.70 7.98 9.39 9.83 10.20 9.08 7.23 8.86 8.16 7.74 7.01 7.49 6.07 5.68 6.93 7.06 10.31 9.85 9.07 7.83 8.85 10.57 9.64 9.01 8.28 8.29 7.90 7.31 6.76 6.76 7.32 7.75 7.35 7.19 7.18 6.95 8.32 9.16 7.33 7.65 8.51 8.65 7.87 8.36 8.20 8.22 8.35 8.07 8.46
11.21 11.54 10.14 10.66 10.06 10.80 9.91 9.91 11.24 9.13 10.06 8.29 7.80 7.48 6.74 5.89 8.39 6.74 11.02 18.21 7.12 7.30 8.04 13.87 13.62 4.19 3.91 16.40 11.80 9.88 11.04 12.64 9.76 7.17 6.35 9.25 9.72 7.86 6.89 6.47 5.82 5.83 7.36 10.60 10.70 8.77 8.42 8.21 7.94 7.96 9.20 8.36 8.06 7.49 6.79 6.30 6.19 7.30 6.87 6.52 6.68 5.72 6.08 7.43 7.43 8.35 7.60 7.53 7.43 7.56 8.08 8.22 8.19 8.19 8.32 7.85 7.73
13.25 10.42 9.65 10.58 9.09 9.57 9.43 9.43 7.86 7.63 8.80 7.84 9.54 7.91 10.37 6.24 10.25 12.54 11.90 12.80 13.77 10.43 13.12 15.90 9.53 12.02 9.54 3.46 10.94 11.55 7.79 8.54 6.39 8.77 8.59 12.25 10.87 7.68 6.73 5.90 5.73 7.26 10.72 8.76 10.82 8.81 8.52 9.49 8.02 9.52 7.75 8.00 7.34 6.78 6.36 6.44 6.27 6.15 5.55 5.31 5.12 5.58 7.05 8.25 7.58 6.77 7.67 6.96 8.08 7.12 6.96 7.21 7.50 7.80 7.97 8.16 7.43
12.86 11.31 9.96 9.30 11.08 12.20 13.77 11.73 9.66 8.54 7.55 8.22 11.82 8.23 9.70 5.94 8.28 8.55 6.89 5.01 8.58 7.62 10.63 11.00 14.41 12.29 12.95 10.98 16.35 9.14 7.80 7.24 8.73 8.15 11.45 10.54 10.64 6.74 6.29 5.65 10.30 11.12 10.29 10.52 8.25 9.00 9.30 9.04 8.12 7.98 7.89 7.36 6.93 6.67 6.39 6.88 6.62 6.48 5.37 4.41 4.64 6.07 8.45 6.38 7.03 7.17 6.69 6.63 6.86 6.43 6.57 7.22 6.82 7.48 7.64 7.71 7.84
12.96 12.04 10.66 9.89 9.95 11.68 11.42 11.89 10.74 9.66 8.93 8.39 8.91 11.94 7.14 12.17 10.34 9.77 10.72 8.43 5.54 5.72 8.28 7.17 10.23 10.60 8.77 14.59 14.52 7.25 8.57 6.06 7.15 9.57 10.49 9.19 8.16 6.41 5.96 8.19 7.42 9.58 9.12 8.30 8.77 8.52 8.19 8.29 7.42 7.03 6.96 6.81 8.55 6.67 7.41 6.31 5.78 4.64 3.99 4.16 5.60 7.65 7.27 6.75 6.99 6.85 6.54 6.77 7.35 7.86 6.13 7.20 8.23 7.41 7.16 7.78 6.95
12.33 11.62 11.19 11.63 12.30 13.27 -9999 -9999 -9999 -9999 10.14 9.77 10.93 7.77 6.39 8.32 8.19 7.66 6.98 2.48 13.71 14.39 7.98 6.47 6.87 9.24 10.59 13.02 9.54 7.85 6.71 5.74 11.11 9.25 10.98 7.04 6.83 6.52 6.42 9.16 6.87 8.72 8.53 7.62 7.89 7.75 7.50 7.06 6.76 6.67 6.79 6.75 8.05 6.82 7.11 6.95 5.85 4.75 3.97 5.72 5.60 6.73 7.26 7.30 5.64 5.80 5.77 7.24 7.80 7.42 5.94 6.96 7.90 7.69 7.25 8.25 7.79
13.87 14.07 14.46 12.42 14.42 13.52 -9999 -9999 -9999 -9999 -9999 -9999 -9999 6.87 7.04 8.07 6.36 6.68 7.28 9.69 12.13 15.09 14.00 11.38 9.09 8.61 7.20 10.70 11.02 6.87 5.69 10.64 10.44 11.45 7.33 6.60 6.81 6.64 8.13 8.80 8.09 8.18 7.79 7.44 7.27 7.12 6.94 7.05 6.95 7.75 7.02 6.85 6.64 6.55 6.68 6.38 6.84 7.15 5.72 4.35 6.01 6.75 6.77 6.60 5.69 5.51 6.51 7.19 6.71 6.02 5.91 7.36 6.12 6.69 8.08 7.53 7.79
-9999 -9999 14.06 -9999 -9999 -9999 -9999 -9999 -9999 -9999 -9999 12.08 10.30 9.84 11.30 10.06 8.20 6.92 7.47 7.78 10.54 12.25 11.78 7.04 6.68 11.32 9.65 9.26 6.91 6.03 5.98 9.35 9.05 8.66 7.03 6.96 7.17 5.78 9.53 9.64 7.88 7.88 7.41 7.34 7.22 6.97 7.67 7.15 7.37 6.64 6.50 6.38 6.42 6.35 6.80 6.16 7.82 8.98 5.75 5.73 3.65 6.09 6.12 5.74 6.92 6.60 6.69 7.34 6.44 5.71 5.91 5.91 6.76 7.67 7.00 7.89 7.87
-9999 -9999 -9999 -9999 -9999 -9999 -9999 -9999 -9999 -9999 -9999 13.51 12.89 10.40 11.79 12.10 -9999 -9999 7.33 10.82 4.98 7.08 6.89 7.36 8.69 10.75 7.32 6.37 7.02 7.13 8.02 8.33 8.19 7.63 7.38 8.33 6.65 7.02 9.31 7.72 7.24 6.94 7.18 7.88 7.68 7.07 7.16 6.55 6.68 7.38 7.91 7.35 7.90 6.44 6.03 7.14 9.92 6.99 6.06 5.02 3.38 5.77 5.73 5.89 6.34 6.31 5.85 5.75 7.55 6.19 6.03 5.98 6.14 6.48 6.36 6.22 8.19
-9999 -9999 -9999 -9999 -9999 -9999 -9999 -9999 -9999 -9999 -9999 -9999 -9999 -9999 -9999 -9999 -9999 -9999 8.82 7.35 7.06 5.66 4.67 5.10 6.21 7.77 7.43 7.47 8.26 9.21 9.76 9.35 -9999 7.83 7.41 7.06 6.44 7.09 8.92 7.66 7.75 7.10 6.31 6.34 7.49 6.66 6.88 8.35 8.54 8.18 9.14 10.05 8.21 7.69 7.35 7.45 8.61 6.54 5.99 5.56 4.68 4.64 4.71 5.52 6.43 5.91 5.26 5.52 5.81 5.88 5.90 5.88 5.99 6.18 6.54 6.84 7.47
-9999 -9999 -9999 -9999 -9999 -9999 -9999 -9999 -9999 -9999 -9999 -9999 -9999 -9999 -9999 -9999 -9999 -9999 -9999 8.38 6.76 5.34 5.54 6.91 6.31 6.62 7.32 8.80 -9999 -9999 -9999 -9999 8.91 7.64 7.24 6.44 6.21 7.08 8.93 7.79 8.12 7.25 5.99 7.05 6.72 8.49 7.93 10.22 8.44 8.58 8.08 8.46 8.15 7.27 8.22 5.94 6.36 6.66 4.93 5.06 4.55 4.24 4.00 3.66 3.64 4.27 4.27 4.59 4.86 5.31 5.41 7.09 7.51 6.25 6.41 6.78 7.16
-9999 -9999 -9999 -9999 -9999 -9999 -9999 -9999 -9999 -9999 -9999 -9999 -9999 -9999 -9999 -9999 -9999 -9999 -9999 -9999 7.87 8.81 7.10 6.70 8.98 8.89 9.49 -9999 -9999 -9999 -9999 9.63 9.40 9.19 5.60 5.28 5.58 8.42 9.14 8.56 7.75 6.41 6.40 6.22 8.09 9.84 8.60 8.67 7.81 7.98 7.65 6.38 6.96 6.97 6.46 6.24 6.03 5.83 5.15 5.18 5.68 5.70 5.39 3.70 3.61 3.87 4.01 5.14 5.35 5.97 5.51 6.55 6.51 6.51 7.77 6.84 7.82
-9999 -9999 -9999 -9999 -9999 -9999 -9999 -9999 -9999 -9999 -9999 -9999 -9999 -9999 -9999 -9999 -9999 -9999 -9999 -9999 -9999 8.46 8.11 7.79 10.80 9.87 11.15 -9999 -9999 -9999 8.82 6.75 6.18 8.28 7.72 6.80 5.44 7.13 6.23 8.37 7.49 5.66 7.23 8.43 8.36 7.81 8.74 7.70 7.19 6.91 6.21 6.02 5.85 6.07 6.67 6.26 5.58 5.58 5.70 5.75 6.55 5.92 5.55 4.72 3.93 4.18 4.24 4.72 5.04 5.70 5.77 6.08 5.98 7.20 7.71 8.22 7.98
-9999 -9999 -9999 -9999 -9999 -9999 -9999 -9999 -9999 -9999 -9999 -9999 -9999 -9999 -9999 -9999 -9999 -9999 -9999 -9999 -9999 -9999 -9999 -9999 -9999 -9999 -9999 -9999 -9999 11.45 7.45 5.61 5.33 7.63 5.74 6.68 7.58 7.32 7.26 7.60 5.86 5.57 6.03 7.21 6.95 7.26 7.38 7.69 7.43 7.24 9.06 7.06 7.09 6.28 6.83 6.81 5.84 5.92 5.54 6.14 6.97 6.04 5.05 4.63 4.46 4.41 5.28 5.16 5.98 5.69 7.00 7.61 7.09 5.90 9.09 10.06 8.26
-9999 -9999 -9999 -9999 -9999 -9999 -9999 -9999 -9999 -9999 -9999 -9999 -9999 -9999 -9999 -9999 -9999 -9999 -9999 -9999 -9999 -9999 -9999 -9999 -9999 -9999 -9999 -9999 -9999 8.61 7.65 6.05 12.04 9.73 5.71 6.63 7.51 7.90 8.28 6.30 5.88 5.78 5.63 6.97 6.56 6.25 8.33 8.20 9.67 8.01 8.30 9.76 7.67 6.95 6.70 6.02 5.85 5.68 5.65 6.19 6.13 6.28 5.45 4.71 4.49 4.38 5.10 7.50 6.83 7.74 8.19 9.33 7.49 6.13 7.65 8.08 6.63
-9999 -9999 -9999 -9999 -9999 -9999 -9999 -9999 -9999 -9999 -9999 -9999 -9999 -9999 -9999 -9999 -9999 -9999 -9999 -9999 -9999 -9999 -9999 -9999 -9999 -9999 -9999 -9999 -9999 8.05 5.51 4.16 6.73 11.00 9.67 8.61 7.39 8.89 6.77 6.38 5.88 8.03 8.09 8.75 8.04 6.81 6.88 6.95 7.58 8.17 8.19 7.19 7.08 7.01 6.89 6.13 5.84 5.90 5.95 6.58 6.25 5.97 5.09 4.90 5.79 6.78 6.01 7.20 6.75 6.63 6.71 7.73 9.86 9.48 6.80 6.67 7.39
-9999 -9999 -9999 -9999 -9999 -9999 -9999 -9999 -9999 -9999 -9999 -9999 11.68 12.11 9.36 15.09 14.01 13.58 13.44 15.73 6.45 13.41 7.94 -9999 -9999 -9999 -9999 -9999 -9999 7.31 5.85 5.20 3.75 5.12 7.98 9.92 9.16 7.59 6.63 6.68 7.67 9.20 8.25 7.25 7.29 6.83 6.36 7.03 6.64 6.19 5.99 6.58 5.91 6.77 7.39 8.35 7.04 6.43 7.07 6.99 6.15 6.86 5.44 4.83 6.36 7.52 5.95 5.28 5.70 5.70 5.45 5.31 5.82 5.89 5.35 5.38 5.56
-9999 -9999 -9999 -9999 -9999 -9999 -9999 -9999 -9999 -9999 -9999 -9999 14.16 13.18 12.80 9.73 12.21 14.14 12.78 13.26 13.57 9.79 7.94 6.29 7.88 11.40 9.10 8.09 6.86 6.42 5.65 5.09 4.28 3.41 4.22 7.72 8.02 7.00 6.09 9.81 7.87 6.55 7.29 7.88 6.89 6.86 7.59 7.21 7.28 6.79 6.66 5.28 5.58 6.33 6.56 6.68 7.60 8.01 6.21 5.85 5.35 5.05 6.07 4.84 9.34 7.16 6.62 5.87 5.35 5.59 5.38 6.55 6.65 5.15 7.17 6.70 7.50
-9999 -9999 -9999 -9999 -9999 -9999 -9999 -9999 -9999 -9999 -9999 11.84 10.26 9.37 8.35 6.76 9.46 12.58 11.57 10.18 10.42 10.57 9.02 7.15 6.69 8.37 10.19 6.92 6.19 5.50 5.60 6.64 4.84 4.46 5.99 6.02 5.89 6.46 9.54 7.34 8.90 8.02 7.13 6.16 6.90 6.70 7.68 7.79 7.14 7.63 6.16 6.42 6.11 5.95 5.85 7.54 8.44 5.98 5.19 5.56 8.29 6.20 5.45 5.57 5.31 5.75 6.21 5.89 5.73 6.50 7.76 6.73 5.54 5.57 7.75 7.16 7.08
-9999 -9999 -9999 -9999 -9999 -9999 -9999 -9999 -9999 -9999 -9999 -9999 8.87 6.94 5.87 7.78 7.10 7.56 10.77 8.90 6.73 5.73 9.00 11.60 9.06 6.32 6.86 9.50 7.08 4.95 4.96 4.88 5.72 5.79 4.68 4.65 5.21 6.34 7.84 6.30 8.30 7.05 7.03 6.93 7.37 6.73 7.76 8.01 7.73 5.99 5.93 6.66 5.51 4.79 4.57 5.88 7.34 7.15 5.20 5.76 7.16 6.83 5.76 4.69 4.53 4.32 4.94 7.22 6.94 6.63 7.39 8.69 7.73 7.12 7.88 7.91 6.87
-9999 -9999 -9999 -9999 -9999 -9999 -9999 -9999 12.84 -9999 -9999 10.52 8.68 9.28 5.33 7.38 5.35 4.74 4.90 5.50 6.70 5.00 7.54 9.54 6.93 5.38 3.96 4.56 4.79 4.41 4.53 4.94 5.95 4.75 4.48 5.11 7.24 5.60 6.70 5.44 6.63 6.22 7.52 8.58 7.74 6.57 6.09 6.16 5.88 5.56 7.27 6.01 5.06 7.29 5.30 5.28 7.50 8.93 4.86 5.34 5.72 5.51 5.01 4.69 4.57 5.18 6.02 6.64 5.61 5.13 5.24 6.19 6.49 6.60 7.41 6.64 6.65
-9999 -9999 -9999 -9999 -9999 -9999 -9999 11.78 13.37 13.23 12.53 9.04 7.86 9.89 6.69 4.96 5.57 4.53 6.01 6.51 7.58 5.77 5.41 6.28 5.26 4.17 3.45 3.88 4.96 5.41 4.37 4.33 4.58 4.19 4.31 6.36 6.43 5.24 6.06 6.58 8.19 7.19 7.35 9.00 7.36 7.11 5.59 6.26 5.86 6.34 5.49 5.14 4.50 6.01 6.03 4.91 6.08 5.59 4.88 4.64 4.22 5.26 5.40 5.23 4.76 4.43 4.49 4.42 4.87 5.25 5.13 4.48 5.35 6.10 7.24 7.82 7.36
-9999 -9999 -9999 -9999 -9999 -9999 -9999 11.09 11.28 10.09 10.49 9.04 7.80 6.20 8.42 8.07 6.62 8.05 7.60 6.91 8.49 7.10 6.89 6.77 4.28 5.91 8.34 7.36 5.94 4.95 4.07 4.69 5.28 5.65 4.96 6.39 5.51 6.30 5.26 4.49 6.44 8.07 6.64 6.69 6.43 5.81 5.84 6.63 5.70 5.04 5.87 6.07 4.49 5.06 5.18 5.05 6.02 6.61 6.83 8.70 5.30 5.46 4.64 4.41 4.66 4.85 4.42 4.24 4.70 5.65 5.31 4.94 4.73 5.93 6.23 6.57 6.90
-9999 -9999 -9999 -9999 -9999 -9999 -9999 11.33 9.72 9.05 9.44 8.56 8.37 6.54 7.08 7.17 5.50 7.02 7.10 7.69 8.09 7.67 4.61 3.37 3.36 6.69 6.88 7.44 8.15 5.38 4.95 5.16 4.42 5.60 4.75 5.82 5.24 5.48 5.23 4.42 6.40 5.73 5.83 5.65 5.40 5.31 5.50 6.32 6.43 5.09 4.81 5.16 6.24 4.69 5.05 4.74 5.19 5.46 5.88 7.06 6.39 7.44 8.46 4.15 8.52 6.67 4.49 4.91 9.04 9.03 8.52 4.91 4.89 5.20 5.09 5.94 5.65
-9999 -9999 -9999 -9999 -9999 -9999 -9999 9.07 8.53 8.33 7.99 7.17 7.03 6.32 5.56 6.89 6.12 6.11 6.95 5.89 6.06 6.02 6.06 3.01 4.38 7.16 6.00 7.49 7.64 5.74 5.99 6.44 4.96 5.26 5.45 5.36 5.25 5.41 6.23 7.33 4.71 5.61 5.40 5.30 5.06 5.08 5.37 5.90 5.18 5.47 5.17 5.63 6.09 6.78 5.93 7.03 6.19 5.52 5.35 5.16 4.85 4.94 5.42 4.81 7.10 6.92 7.84 7.37 8.11 8.86 9.70 5.52 5.73 5.54 5.62 6.01 7.07
-9999 -9999 -9999 -9999 -9999 -9999 -9999 7.79 7.62 7.66 8.08 8.51 7.34 6.66 5.70 6.17 7.83 7.01 6.28 5.29 5.87 5.64 5.41 5.09 3.94 4.18 3.63 6.61 5.33 3.30 7.04 6.78 5.32 8.54 6.81 7.50 8.29 7.45 6.86 7.44 5.74 4.66 5.22 5.05 4.39 4.75 4.92 5.51 4.81 5.43 6.40 7.07 6.78 6.76 6.97 6.96 7.12 7.03 6.52 5.75 5.45 5.80 6.43 6.85 7.29 7.53 7.90 -9999 -9999 7.56 8.33 8.15 7.63 6.69 10.28 7.73 -9999
-9999 -9999 -9999 -9999 -9999 -9999 11.13 8.54 8.18 7.02 8.18 8.39 9.54 7.56 8.09 7.31 7.99 7.09 6.15 5.54 5.57 5.24 4.90 4.99 4.92 5.10 5.66 5.56 3.55 7.00 7.98 4.91 4.29 5.63 5.66 7.25 7.25 5.91 5.56 5.25 5.07 6.00 5.56 5.60 5.07 5.05 5.50 6.49 6.33 6.13 6.32 6.56 6.91 -9999 -9999 8.02 8.85 8.97 8.42 7.93 7.49 7.70 -9999 -9999 -9999 -9999 -9999 -9999 -9999 -9999 -9999 -9999 8.19 9.03 11.25 9.42 -9999
-9999 -9999 -9999 -9999 -9999 12.66 10.64 8.42 8.83 7.11 6.91 6.77 7.02 6.57 10.51 11.16 9.23 8.16 7.89 8.23 6.56 5.45 5.00 5.64 5.58 8.48 9.12 8.27 7.57 9.48 6.06 6.12 6.06 7.06 8.16 6.14 4.67 5.50 4.51 4.82 4.69 4.93 4.80 6.49 7.66 7.62 7.13 7.12 7.65 6.90 -9999 5.89 6.94 6.80 7.42 8.17 -9999 -9999 -9999 -9999 9.19 -9999 -9999 -9999 -9999 -9999 -9999 -9999 -9999 -9999 -9999 -9999 -9999 -9999 -9999 -9999 -9999
-9999 -9999 -9999 -9999 13.74 12.69 12.00 10.01 7.66 6.95 6.40 4.97 4.89 6.96 13.35 14.92 8.69 7.58 11.01 7.17 9.17 5.89 5.28 8.87 7.18 6.63 6.75 7.24 -9999 -9999 -9999 -9999 -9999 6.91 8.76 8.28 6.17 5.89 5.36 4.71 4.84 4.71 5.41 6.73 -9999 -9999 -9999 -9999 -9999 8.20 8.56 7.48 6.52 6.53 8.82 8.39 -9999 -9999 -9999 -9999 -9999 -9999 -9999 -9999 -9999 -9999 -9999 -9999 -9999 -9999 -9999 -9999 -9999 -9999 -9999 -9999 -9999
-9999 -9999 -9999 8.04 9.52 11.68 11.68 9.76 9.05 7.93 5.30 6.09 6.28 9.24 12.24 13.85 12.07 10.60 8.21 9.57 7.27 7.44 6.59 8.89 8.39 -9999 -9999 -9999 -9999 -9999 -9999 -9999 -9999 -9999 6.97 7.63 6.23 7.85 8.92 9.36 6.60 9.19 8.81 9.42 -9999 -9999 -9999 -9999 -9999 -9999 -9999 7.15 7.90 6.28 7.36 -9999 -9999 -9999 -9999 -9999 -9999 -9999 -9999 -9999 -9999 -9999 -9999 -9999 -9999 -9999 -9999 -9999 -9999 -9999 -9999 -9999 -9999
11.96 10.29 10.28 7.85 8.30 10.01 11.88 12.10 9.74 6.97 6.58 7.33 7.24 8.41 11.49 9.50 10.05 9.80 11.03 4.10 7.39 11.42 8.11 -9999 -9999 -9999 -9999 -9999 -9999 -9999 -9999 -9999 -9999 -9999 -9999 -9999 8.19 -9999 -9999 -9999 -9999 7.48 10.54 10.97 -9999 -9999 -9999 -9999 -9999 -9999 -9999 -9999 7.38 10.05 8.12 -9999 -9999 -9999 -9999 -9999 -9999 -9999 -9999 -9999 -9999 -9999 -9999 -9999 -9999 -9999 -9999 -9999 -9999 -9999 -9999 -9999 -9999
11.99 9.75 8.81 6.57 7.86 9.90 10.50 11.51 9.91 8.43 9.43 5.46 4.09 6.13 9.70 9.80 7.68 6.20 8.56 5.39 4.99 6.74 -9999 -9999 -9999 -9999 -9999 -9999 -9999 -9999 -9999 -9999 -9999 -9999 -9999 -9999 9.52 -9999 -9999 -9999 -9999 -9999 -9999 -9999 -9999 -9999 -9999 -9999 -9999 -9999 -9999 -9999 -9999 -9999 -9999 -9999 -9999 -9999 -9999 -9999 -9999 -9999 -9999 -9999 -9999 -9999 -9999 -9999 -9999 -9999 -9999 -9999 -9999 -9999 -9999 -9999 -9999
10.70 11.32 9.38 6.66 8.11 8.51 8.46 9.35 8.69 8.35 9.57 4.68 3.97 5.27 7.84 13.29 13.83 5.26 5.98 5.88 6.64 9.49 -9999 -9999 -9999 -9999 -9999 -9999 -9999 -9999 -9999 -9999 -9999 -9999 -9999 -9999 -9999 -9999 -9999 -9999 -9999 -9999 -9999 -9999 -9999 -9999 -9999 -9999 -9999 -9999 -9999 -9999 -9999 -9999 -9999 -9999 -9999 -9999 -9999 -9999 -9999 -9999 -9999 -9999 -9999 -9999 -9999 -9999 -9999 -9999 -9999 -9999 -9999 -9999 -9999 -9999 -9999
8.83 9.32 11.02 9.39 9.17 8.32 9.11 7.97 7.49 7.31 5.59 5.81 4.85 4.43 7.83 10.59 10.26 7.79 4.98 5.44 9.33 7.83 -9999 -9999 -9999 -9999 -9999 -9999 -9999 -9999 -9999 -9999 -9999 -9999 -9999 -9999 -9999 -9999 -9999 -9999 -9999 -9999 -9999 -9999 -9999 -9999 -9999 -9999 -9999 -9999 -9999 -9999 -9999 -9999 -9999 -9999 -9999 -9999 -9999 -9999 -9999 -9999 -9999 -9999 -9999 -9999 -9999 -9999 -9999 -9999 -9999 -9999 -9999 -9999 -9999 -9999 -9999
