ML/MeanWindSpeed_1996-10_Actual.txt
ncols         180
nrows         290
xllcorner     -200000
yllcorner     -200000
cellsize      5000
NODATA_value  -9999
[rows 204 to 237 of 290, columns 78 to 155 of 180]
13.61 14.18 15.88 16.21 14.82 12.45 15.33 13.30 16.03 11.17 12.99 16.69 14.96 12.15 13.85 8.74 8.36 14.42 15.83 13.61 11.13 14.28 9.54 8.24 8.40 15.95 20.18 20.43 10.26 11.60 11.83 12.12 10.68 8.38 10.41 9.40 8.75 7.70 8.13 6.49 6.18 7.81 7.82 11.70 11.02 9.94 8.25 9.40 11.46 10.24 9.37 8.49 8.58 8.22 7.56 6.96 6.96 7.63 8.12 7.59 7.36 7.37 7.05 8.67 9.66 7.44 7.91 9.15 9.55 8.82 9.61 9.51 9.46 9.32 7.69 7.73 7.45 7.52
15.10 13.27 13.91 13.06 13.74 12.40 12.30 13.87 11.34 12.57 10.40 9.96 9.81 9.30 8.78 12.70 11.38 17.20 26.66 13.30 13.51 14.03 20.62 19.90 7.77 7.13 22.27 15.83 12.68 13.65 15.35 11.71 8.51 7.49 10.99 11.34 8.87 7.57 7.02 6.36 6.48 8.33 12.16 12.24 9.77 9.14 8.75 8.32 8.18 9.56 8.44 8.12 7.57 6.89 6.40 6.35 7.73 7.21 6.71 6.90 5.77 6.21 7.77 7.68 8.78 7.87 7.86 7.94 8.30 9.16 9.52 9.59 9.53 9.51 7.52 6.81 7.45 7.34
13.84 12.78 13.92 11.98 12.29 11.86 11.75 9.81 9.52 10.99 9.85 12.16 10.27 13.69 9.08 14.66 18.02 17.87 19.54 20.88 16.71 19.79 22.71 14.34 16.98 13.73 6.15 14.79 14.72 9.62 10.39 7.75 10.70 10.33 14.66 12.80 8.69 7.49 6.49 6.36 8.21 12.49 9.98 12.37 9.76 9.31 10.36 8.35 9.85 7.52 7.84 7.19 6.75 6.44 6.63 6.49 6.34 5.62 5.35 5.17 5.70 7.40 8.77 7.91 6.91 8.02 7.20 8.76 7.72 7.71 8.19 8.69 9.00 8.94 8.15 6.59 7.16 7.12
15.01 13.27 12.45 14.51 15.66 17.39 14.79 12.19 10.75 9.46 10.31 14.86 10.45 12.56 8.32 11.73 12.65 11.24 9.38 13.97 12.80 16.47 16.70 20.44 17.20 17.60 14.87 21.18 11.66 9.70 8.94 10.82 10.03 13.85 12.56 12.69 7.77 7.21 6.40 12.07 12.97 11.94 12.13 9.16 9.92 10.19 9.63 7.82 7.46 7.41 6.95 6.73 6.71 6.59 7.29 7.02 6.87 5.55 4.42 4.68 6.26 9.05 6.40 7.20 7.38 6.85 6.84 7.20 6.76 7.09 8.06 7.64 8.35 8.25 7.68 7.29 7.20 6.39
15.97 14.17 13.15 13.10 15.16 14.75 15.27 13.74 12.34 11.34 10.58 11.16 15.06 9.47 15.91 14.11 13.90 15.55 13.05 9.71 9.95 13.05 11.53 14.97 15.12 12.39 19.04 18.54 9.20 10.76 7.60 8.88 11.71 12.65 11.07 9.76 7.44 6.93 9.60 8.49 11.11 10.46 9.25 9.68 9.15 8.46 8.07 6.68 6.13 6.14 6.21 8.80 6.82 7.99 6.75 6.14 4.78 4.01 4.14 5.82 8.15 7.51 6.73 6.99 6.92 6.72 7.07 7.79 8.41 6.39 7.79 9.06 7.93 7.36 7.67 6.22 6.46 7.53
15.64 14.94 15.44 16.28 17.50 -9999 -9999 -9999 -9999 13.17 12.52 13.78 10.05 8.49 11.03 11.25 10.96 10.51 5.29 19.21 20.01 12.05 10.06 10.39 13.25 14.62 17.13 12.31 9.81 8.42 7.19 13.66 11.26 13.44 8.57 8.20 7.60 7.43 10.76 7.84 10.07 9.69 8.37 8.51 8.08 7.46 6.54 5.96 5.77 6.02 6.27 8.38 7.30 7.92 7.82 6.53 5.10 4.03 6.04 5.85 7.06 7.42 7.29 5.23 5.69 5.89 7.70 8.36 7.87 6.03 7.25 8.39 8.00 7.22 8.08 7.13 6.60 6.88
19.00 19.32 16.73 19.23 18.16 -9999 -9999 -9999 -9999 -9999 -9999 -9999 8.93 9.17 10.76 9.14 9.79 10.82 13.98 16.92 20.48 19.02 15.57 12.61 12.05 10.06 14.10 14.18 8.65 7.08 13.08 12.78 14.11 9.00 8.07 8.26 7.79 9.44 10.20 9.24 9.23 8.61 8.02 7.69 7.31 6.86 6.69 6.38 7.31 6.55 6.72 6.98 7.27 7.66 7.36 7.98 8.12 6.13 4.38 6.41 7.15 6.79 6.40 5.44 5.59 6.96 7.77 7.15 6.17 5.90 7.60 5.98 6.50 7.99 6.94 6.84 6.63 5.22
-9999 19.16 -9999 -9999 -9999 -9999 -9999 -9999 -9999 -9999 15.70 13.35 12.67 14.62 13.46 11.59 10.27 11.03 11.53 15.00 17.03 16.14 9.94 9.32 14.97 12.63 11.95 8.93 7.56 7.33 11.46 11.31 10.90 8.73 8.45 8.59 6.67 11.21 11.18 8.86 8.71 7.98 7.81 7.64 7.24 7.96 7.13 7.27 6.34 6.35 6.55 7.06 7.27 8.03 7.24 9.28 10.47 6.24 6.16 3.58 6.49 6.36 5.87 7.64 7.30 7.44 8.16 6.95 5.81 5.87 5.73 6.64 7.52 6.44 7.18 6.75 5.42 4.78
-9999 -9999 -9999 -9999 -9999 -9999 -9999 -9999 -9999 -9999 17.75 16.80 13.70 15.68 16.39 -9999 -9999 10.93 15.27 8.20 10.71 10.13 10.30 11.48 13.70 9.23 8.13 8.93 8.90 10.08 10.62 10.55 9.74 9.15 10.04 7.78 8.22 11.01 8.83 7.99 7.42 7.59 8.42 8.19 7.44 7.57 6.77 6.88 7.73 8.50 8.02 8.99 7.45 7.12 8.43 11.80 8.09 6.78 5.39 3.43 6.51 6.62 6.79 7.00 6.94 6.60 6.41 8.43 6.45 6.03 5.78 5.78 5.94 5.54 4.99 7.10 5.93 6.44
-9999 -9999 -9999 -9999 -9999 -9999 -9999 -9999 -9999 -9999 -9999 -9999 -9999 -9999 -9999 -9999 -9999 13.01 11.18 10.79 9.09 7.52 7.44 8.11 9.64 9.19 9.51 10.59 11.78 12.63 12.19 -9999 9.97 9.15 8.44 7.60 8.33 10.53 8.74 8.56 7.56 6.53 6.57 8.04 7.11 7.49 9.32 9.53 9.10 10.34 11.59 9.50 9.01 8.69 8.75 10.18 7.58 6.81 6.25 5.34 5.64 6.16 7.26 7.50 6.75 6.23 6.39 6.42 6.12 5.88 5.64 5.58 5.56 5.78 5.87 6.35 6.19 6.62
-9999 -9999 -9999 -9999 -9999 -9999 -9999 -9999 -9999 -9999 -9999 -9999 -9999 -9999 -9999 -9999 -9999 -9999 12.77 10.74 9.04 9.07 9.66 7.53 7.65 8.98 11.28 -9999 -9999 -9999 -9999 11.50 9.67 8.86 7.75 7.42 8.34 10.51 8.85 8.97 7.75 6.23 7.61 7.27 9.53 8.93 11.76 9.60 9.80 9.24 9.80 9.52 8.46 9.66 6.84 7.44 7.75 5.56 5.79 5.39 5.47 5.88 6.14 6.45 6.56 5.62 5.43 5.28 5.41 5.26 7.10 7.43 5.62 5.60 5.85 6.12 6.48 7.74
-9999 -9999 -9999 -9999 -9999 -9999 -9999 -9999 -9999 -9999 -9999 -9999 -9999 -9999 -9999 -9999 -9999 -9999 -9999 12.67 14.09 12.25 10.06 9.55 9.90 11.96 -9999 -9999 -9999 -9999 12.47 11.91 11.40 6.84 6.46 6.74 10.11 10.85 9.84 8.60 6.81 6.83 6.68 9.08 11.34 9.91 10.06 9.04 9.27 8.92 7.39 8.14 8.13 7.49 7.25 7.06 6.76 5.96 6.07 6.87 7.29 7.60 6.12 6.24 6.15 5.50 6.09 5.74 6.14 5.38 6.45 6.24 5.99 7.37 5.99 7.00 7.19 8.16
-9999 -9999 -9999 -9999 -9999 -9999 -9999 -9999 -9999 -9999 -9999 -9999 -9999 -9999 -9999 -9999 -9999 -9999 -9999 -9999 14.16 14.29 12.33 11.20 11.09 14.60 -9999 -9999 -9999 11.56 8.78 7.87 10.36 9.58 8.40 6.61 8.61 7.31 9.69 8.46 6.08 8.03 9.60 9.65 9.09 10.32 9.04 8.41 8.01 7.13 6.93 6.77 7.07 7.83 7.29 6.48 6.52 6.71 6.75 7.78 7.22 7.32 6.82 6.01 5.99 5.37 5.22 5.10 5.67 5.69 5.94 5.66 6.90 7.32 7.68 7.20 5.59 8.15
-9999 -9999 -9999 -9999 -9999 -9999 -9999 -9999 -9999 -9999 -9999 -9999 -9999 -9999 -9999 -9999 -9999 -9999 -9999 -9999 -9999 -9999 -9999 -9999 -9999 -9999 -9999 -9999 14.95 9.72 7.23 6.91 9.85 7.38 8.37 9.36 8.93 8.67 8.86 6.62 6.22 6.79 8.35 8.22 8.69 8.87 9.22 8.81 8.46 10.63 8.14 8.27 7.33 8.06 8.03 6.88 7.01 6.56 7.22 8.18 7.06 6.15 6.01 5.98 5.67 6.18 5.47 6.20 5.70 7.27 7.90 7.16 5.38 8.96 9.92 7.67 5.63 9.59
-9999 -9999 -9999 -9999 -9999 -9999 -9999 -9999 -9999 -9999 -9999 -9999 -9999 -9999 -9999 -9999 -9999 -9999 -9999 -9999 -9999 -9999 -9999 -9999 -9999 -9999 -9999 -9999 11.38 9.91 7.79 15.26 12.52 7.46 8.48 9.37 9.67 9.97 7.38 6.76 6.63 6.48 8.16 7.84 7.62 10.27 9.98 11.61 9.38 9.69 11.48 8.96 8.12 7.92 7.16 7.01 6.80 6.76 7.33 7.15 7.25 6.33 5.62 5.51 5.24 5.73 8.27 7.26 8.29 8.75 10.04 7.68 5.66 7.21 7.51 5.65 4.80 5.84
-9999 -9999 -9999 -9999 -9999 -9999 -9999 -9999 -9999 -9999 -9999 -9999 -9999 -9999 -9999 -9999 -9999 -9999 -9999 -9999 -9999 -9999 -9999 -9999 -9999 -9999 -9999 -9999 10.64 7.28 5.66 8.90 14.14 12.41 11.04 9.38 11.01 8.29 7.73 6.94 9.49 9.56 10.36 9.56 8.41 8.70 8.49 9.00 9.60 9.62 8.38 8.28 8.25 8.22 7.40 7.12 7.18 7.21 7.87 7.37 6.93 5.90 5.71 6.82 7.94 6.75 8.01 7.27 6.97 7.04 8.20 10.65 9.85 6.32 5.92 6.59 6.87 6.50
-9999 -9999 -9999 -9999 -9999 -9999 -9999 -9999 -9999 -9999 -9999 16.62 17.10 13.75 21.03 19.96 19.78 19.86 22.78 11.23 19.60 12.50 -9999 -9999 -9999 -9999 -9999 -9999 9.59 7.59 6.87 5.32 7.06 10.45 12.72 11.64 9.61 8.34 8.26 9.30 11.01 9.70 8.36 8.26 7.55 7.91 8.36 7.71 7.08 6.86 7.66 6.94 8.10 8.97 10.22 8.66 7.88 8.60 8.41 7.35 8.13 6.36 5.58 7.36 8.62 6.62 5.78 6.22 6.04 5.64 5.27 5.64 5.39 4.52 4.31 4.29 4.37 4.16
-9999 -9999 -9999 -9999 -9999 -9999 -9999 -9999 -9999 -9999 -9999 19.66 18.25 17.81 14.24 17.61 20.50 19.31 20.06 20.33 15.44 12.79 10.35 11.74 15.50 12.39 10.96 9.17 8.38 7.29 6.59 5.84 5.05 6.02 10.17 10.43 9.08 7.81 12.19 9.69 7.94 8.63 9.16 7.71 7.34 8.60 8.18 8.30 7.70 7.61 6.04 6.55 7.62 8.02 8.21 9.40 9.85 7.56 7.08 6.46 5.94 7.10 5.56 11.09 8.24 7.49 6.55 5.86 6.03 5.61 6.81 6.74 4.59 6.79 5.90 6.69 4.59 4.76
-9999 -9999 -9999 -9999 -9999 -9999 -9999 -9999 -9999 -9999 16.92 14.78 13.51 12.25 10.46 14.24 18.80 18.25 16.80 17.01 16.84 14.41 11.51 10.26 11.59 13.35 9.09 8.10 7.13 7.21 8.48 6.32 6.04 8.08 8.23 8.06 8.58 12.20 9.30 11.16 9.93 8.58 7.11 7.83 7.50 8.71 8.80 8.02 8.65 6.95 7.39 7.13 7.14 7.20 9.31 10.45 7.37 6.39 6.72 10.02 7.29 6.26 6.34 6.09 6.59 7.02 6.52 6.27 7.08 8.42 6.92 5.29 5.04 7.46 6.46 6.17 6.60 6.16
-9999 -9999 -9999 -9999 -9999 -9999 -9999 -9999 -9999 -9999 -9999 13.05 10.68 9.25 11.54 11.15 12.67 17.53 15.60 12.89 11.32 14.72 16.96 12.96 8.99 9.19 12.10 9.04 6.39 6.43 6.33 7.37 7.53 6.35 6.52 7.30 8.50 10.27 8.29 10.64 8.90 8.64 8.23 8.57 7.67 8.87 9.14 8.83 6.72 6.72 7.71 6.41 5.73 5.63 7.30 9.09 8.79 6.34 6.86 8.45 7.93 6.57 5.19 5.01 4.78 5.45 8.14 7.71 7.20 7.99 9.32 7.89 6.87 7.66 7.47 5.98 7.16 5.43
-9999 -9999 -9999 -9999 -9999 -9999 -9999 18.00 -9999 -9999 15.07 12.58 13.16 7.95 10.33 8.22 8.53 9.89 11.12 12.70 10.37 12.88 14.23 9.91 7.49 5.45 5.92 6.09 5.60 5.82 6.39 7.70 6.36 6.14 6.99 9.72 7.66 9.06 7.44 8.84 8.16 9.51 10.56 9.29 7.66 6.99 7.07 6.74 6.36 8.54 7.07 5.97 8.80 6.48 6.49 9.21 10.86 5.75 6.25 6.67 6.28 5.56 5.06 4.93 5.66 6.67 7.33 5.98 5.30 5.29 6.15 6.23 6.13 6.99 5.84 5.67 5.46 4.55
-9999 -9999 -9999 -9999 -9999 -9999 16.58 18.42 18.09 17.18 12.80 11.03 13.06 8.79 6.78 7.87 7.42 10.44 11.76 13.26 10.74 9.55 9.50 7.21 5.30 4.33 4.87 6.16 6.72 5.58 5.67 6.09 5.80 6.04 8.61 8.78 7.35 8.48 9.09 11.07 9.71 9.72 11.55 9.34 8.81 6.83 7.62 7.06 7.55 6.54 6.19 5.40 7.27 7.34 5.94 7.36 6.62 5.60 5.24 4.77 5.96 5.96 5.65 5.07 4.64 4.67 4.54 5.04 5.34 4.98 3.92 4.80 5.48 6.73 7.23 6.49 4.59 5.91
-9999 -9999 -9999 -9999 -9999 -9999 15.56 15.56 13.92 14.32 12.35 10.59 8.24 10.80 10.52 8.93 11.23 11.59 11.36 13.47 11.40 10.36 9.23 5.36 7.03 9.90 8.69 7.09 6.02 5.20 6.20 7.08 7.72 6.96 8.82 7.81 8.78 7.63 6.72 9.13 11.13 9.33 9.32 8.96 8.05 7.90 8.66 7.31 6.30 7.26 7.48 5.45 6.11 6.29 6.06 7.26 7.85 7.95 10.16 5.91 5.96 4.88 4.52 4.82 5.03 4.47 4.20 4.69 5.63 5.01 4.32 3.92 5.20 5.42 5.62 5.86 6.18 4.39
-9999 -9999 -9999 -9999 -9999 -9999 15.82 13.65 12.68 13.05 11.72 11.26 8.80 9.31 9.46 7.58 9.89 10.63 11.77 12.30 11.37 6.96 4.57 3.88 7.78 7.95 8.65 9.73 6.56 6.32 6.83 6.13 7.79 6.89 8.36 7.71 7.96 7.73 6.80 9.36 8.67 8.90 8.72 8.47 8.31 8.33 9.00 8.74 6.73 6.20 6.47 7.70 5.69 6.06 5.63 6.21 6.42 6.78 8.12 7.18 8.32 9.60 4.21 9.55 7.18 4.52 4.99 9.95 9.66 8.80 4.07 3.91 4.16 3.94 4.82 4.42 6.36 7.85
-9999 -9999 -9999 -9999 -9999 -9999 12.96 12.17 11.79 11.29 10.12 9.74 8.74 7.76 9.37 8.55 8.92 10.42 9.44 9.72 9.35 8.90 4.22 5.05 8.36 6.99 8.92 9.29 7.16 7.73 8.55 6.94 7.57 7.96 7.93 7.91 8.07 9.02 10.44 7.45 8.78 8.68 8.67 8.45 8.40 8.62 9.00 7.63 7.50 6.82 7.18 7.66 8.40 7.24 8.47 7.52 6.61 6.27 5.82 5.27 5.28 5.91 5.12 7.96 7.70 8.85 8.22 9.06 9.71 10.45 4.90 4.91 4.47 4.53 5.00 6.38 8.24 8.66
-9999 -9999 -9999 -9999 -9999 -9999 11.22 10.92 10.95 11.44 11.90 10.33 9.43 8.36 8.99 11.03 10.23 9.69 8.77 9.68 9.29 8.81 7.67 4.93 4.87 4.26 8.08 6.71 4.40 9.29 9.24 7.63 11.87 9.87 10.75 11.77 10.68 9.90 10.69 8.79 7.70 8.59 8.50 7.76 8.14 8.23 8.79 7.49 7.74 8.64 9.27 8.75 8.60 8.81 8.71 8.90 8.67 7.92 6.72 6.20 6.68 7.48 7.94 8.55 8.86 9.26 -9999 -9999 8.55 9.21 8.58 7.62 6.08 10.43 7.28 -9999 -9999 -9999
-9999 -9999 -9999 -9999 -9999 15.22 11.85 11.42 10.13 11.64 11.89 13.31 10.94 11.79 10.89 11.66 10.64 9.75 9.21 9.44 9.14 8.74 8.73 7.65 6.78 7.15 7.09 4.81 9.28 10.75 7.27 6.68 8.42 8.56 10.56 10.54 8.83 8.43 8.12 8.00 9.43 9.15 9.31 8.71 8.67 9.23 10.27 9.74 8.99 8.78 8.81 9.06 -9999 -9999 10.23 11.33 11.38 10.52 9.71 9.03 9.25 -9999 -9999 -9999 -9999 -9999 -9999 -9999 -9999 -9999 -9999 8.77 9.43 12.03 9.71 -9999 -9999 -9999
-9999 -9999 -9999 -9999 17.00 14.29 11.44 12.11 10.17 10.12 10.19 10.73 10.29 15.24 16.07 13.65 12.38 12.16 12.62 10.72 9.55 9.00 9.79 9.35 12.09 12.39 11.19 10.33 12.93 8.95 9.31 9.41 10.63 11.87 9.26 7.41 8.35 7.15 7.56 7.52 8.15 8.33 10.65 12.24 12.19 11.61 11.43 11.72 10.27 -9999 8.00 9.07 8.70 9.40 10.43 -9999 -9999 -9999 -9999 11.45 -9999 -9999 -9999 -9999 -9999 -9999 -9999 -9999 -9999 -9999 -9999 -9999 -9999 -9999 -9999 -9999 -9999 -9999
-9999 -9999 -9999 18.28 16.70 15.75 13.35 10.56 9.90 9.51 8.24 8.61 11.33 19.20 21.07 13.35 11.99 16.15 11.33 13.94 10.09 9.30 13.80 11.60 10.53 10.35 10.66 -9999 -9999 -9999 -9999 -9999 10.84 12.97 12.11 9.34 8.93 8.22 7.36 7.62 7.77 9.01 11.04 -9999 -9999 -9999 -9999 -9999 12.24 12.09 10.08 8.37 8.12 11.09 10.77 -9999 -9999 -9999 -9999 -9999 -9999 -9999 -9999 -9999 -9999 -9999 -9999 -9999 -9999 -9999 -9999 -9999 -9999 -9999 -9999 -9999 -9999 -9999
-9999 -9999 11.14 12.72 15.28 15.36 13.03 12.27 11.17 8.30 9.74 10.48 14.48 18.42 20.38 17.87 15.80 12.80 14.43 11.57 11.96 10.99 14.02 13.42 -9999 -9999 -9999 -9999 -9999 -9999 -9999 -9999 -9999 11.10 11.69 9.80 11.67 12.99 13.48 10.07 13.40 13.28 14.42 -9999 -9999 -9999 -9999 -9999 -9999 -9999 9.88 10.32 8.03 9.38 -9999 -9999 -9999 -9999 -9999 -9999 -9999 -9999 -9999 -9999 -9999 -9999 -9999 -9999 -9999 -9999 -9999 -9999 -9999 -9999 -9999 -9999 -9999 -9999
14.81 14.15 10.55 11.03 13.26 15.57 15.81 13.04 9.96 9.90 11.33 11.77 13.65 17.91 15.53 15.64 14.77 16.27 7.71 11.71 16.90 12.99 -9999 -9999 -9999 -9999 -9999 -9999 -9999 -9999 -9999 -9999 -9999 -9999 -9999 12.55 -9999 -9999 -9999 -9999 11.49 15.47 16.30 -9999 -9999 -9999 -9999 -9999 -9999 -9999 -9999 10.21 13.19 10.77 -9999 -9999 -9999 -9999 -9999 -9999 -9999 -9999 -9999 -9999 -9999 -9999 -9999 -9999 -9999 -9999 -9999 -9999 -9999 -9999 -9999 -9999 -9999 -9999
14.16 12.24 8.77 10.36 13.10 13.88 15.09 13.32 11.82 13.53 9.22 8.08 11.03 15.77 15.84 12.85 10.51 13.20 9.19 8.76 11.18 -9999 -9999 -9999 -9999 -9999 -9999 -9999 -9999 -9999 -9999 -9999 -9999 -9999 -9999 14.45 -9999 -9999 -9999 -9999 -9999 -9999 -9999 -9999 -9999 -9999 -9999 -9999 -9999 -9999 -9999 -9999 -9999 -9999 -9999 -9999 -9999 -9999 -9999 -9999 -9999 -9999 -9999 -9999 -9999 -9999 -9999 -9999 -9999 -9999 -9999 -9999 -9999 -9999 -9999 -9999 -9999 -9999
16.22 13.26 8.94 10.49 11.18 11.29 12.50 11.91 11.93 13.99 8.46 8.06 10.11 13.46 19.88 20.23 9.45 10.07 9.64 10.77 14.66 -9999 -9999 -9999 -9999 -9999 -9999 -9999 -9999 -9999 -9999 -9999 -9999 -9999 -9999 -9999 -9999 -9999 -9999 -9999 -9999 -9999 -9999 -9999 -9999 -9999 -9999 -9999 -9999 -9999 -9999 -9999 -9999 -9999 -9999 -9999 -9999 -9999 -9999 -9999 -9999 -9999 -9999 -9999 -9999 -9999 -9999 -9999 -9999 -9999 -9999 -9999 -9999 -9999 -9999 -9999 -9999 -9999
13.85 15.52 12.49 11.82 10.86 12.03 10.87 10.62 10.92 9.40 9.99 9.10 8.93 13.31 16.51 15.77 12.48 8.82 9.14 14.10 12.58 -9999 -9999 -9999 -9999 -9999 -9999 -9999 -9999 -9999 -9999 -9999 -9999 -9999 -9999 -9999 -9999 -9999 -9999 -9999 -9999 -9999 -9999 -9999 -9999 -9999 -9999 -9999 -9999 -9999 -9999 -9999 -9999 -9999 -9999 -9999 -9999 -9999 -9999 -9999 -9999 -9999 -9999 -9999 -9999 -9999 -9999 -9999 -9999 -9999 -9999 -9999 -9999 -9999 -9999 -9999 -9999 -9999
