ML/MeanWindSpeed_1999-12_Actual.txt
ncols         180
nrows         290
xllcorner     -200000
yllcorner     -200000
cellsize      5000
NODATA_value  -9999
[rows 105 to 139 of 290, columns 77 to 153 of 180]
13.09 11.70 15.31 10.88 7.12 9.70 14.84 15.49 13.85 12.26 14.48 20.35 15.32 18.05 12.43 15.72 20.54 14.73 10.67 9.96 11.44 9.98 9.37 9.97 9.98 8.92 10.53 10.00 9.88 12.40 11.58 11.64 11.87 -9999 -9999 -9999 -9999 -9999 -9999 -9999 -9999 -9999 -9999 -9999 -9999 -9999 -9999 -9999 -9999 -9999 -9999 -9999 -9999 -9999 -9999 -9999 -9999 -9999 -9999 -9999 -9999 -9999 -9999 -9999 -9999 -9999 -9999 -9999 -9999 -9999 -9999 -9999 -9999 -9999 -9999 -9999 -9999
12.62 13.49 11.15 12.69 16.65 15.29 18.39 11.68 16.09 9.13 19.33 12.57 22.98 12.88 16.65 24.58 17.24 13.21 14.97 13.14 9.48 8.62 7.34 7.22 8.94 8.21 8.29 9.94 10.48 10.25 10.22 8.94 10.82 12.45 -9999 -9999 -9999 -9999 -9999 -9999 -9999 -9999 -9999 -9999 -9999 -9999 -9999 -9999 -9999 -9999 -9999 -9999 -9999 -9999 -9999 -9999 -9999 -9999 -9999 -9999 -9999 -9999 -9999 -9999 -9999 -9999 -9999 -9999 -9999 -9999 -9999 -9999 -9999 -9999 -9999 -9999 -9999
14.13 13.70 8.32 16.44 12.38 7.29 12.56 18.30 18.11 9.75 19.24 17.33 18.64 15.09 19.82 16.49 17.74 20.63 15.29 12.57 9.66 7.93 8.23 10.27 11.23 13.06 12.73 10.70 9.21 8.25 10.73 9.44 12.28 12.94 15.00 -9999 -9999 -9999 -9999 -9999 -9999 -9999 -9999 -9999 -9999 -9999 -9999 -9999 -9999 -9999 -9999 -9999 -9999 -9999 -9999 -9999 -9999 -9999 -9999 -9999 -9999 -9999 -9999 -9999 -9999 -9999 -9999 -9999 -9999 -9999 -9999 -9999 -9999 -9999 -9999 -9999 -9999
14.57 10.30 15.18 15.88 11.68 6.89 14.98 18.03 21.98 11.62 18.83 16.25 17.16 16.85 17.68 12.12 13.58 14.09 11.98 8.07 9.01 11.25 15.51 14.90 13.55 11.58 11.38 12.89 8.57 10.15 11.59 12.50 13.16 13.84 15.16 16.00 -9999 -9999 -9999 -9999 -9999 -9999 -9999 -9999 -9999 -9999 -9999 -9999 -9999 -9999 -9999 -9999 -9999 -9999 -9999 -9999 -9999 -9999 -9999 -9999 -9999 -9999 -9999 -9999 -9999 -9999 -9999 -9999 -9999 -9999 -9999 -9999 -9999 -9999 -9999 -9999 -9999
9.73 15.62 18.93 10.18 7.50 12.76 19.63 15.42 8.40 11.82 26.97 14.64 14.30 16.26 16.27 13.30 11.79 8.89 7.76 11.11 17.47 16.89 14.61 13.47 10.59 9.83 10.85 12.69 10.99 12.51 12.49 12.57 13.78 14.39 15.08 -9999 -9999 -9999 -9999 -9999 -9999 -9999 -9999 -9999 -9999 -9999 -9999 -9999 -9999 -9999 -9999 -9999 -9999 -9999 -9999 -9999 -9999 -9999 -9999 -9999 -9999 -9999 -9999 -9999 -9999 -9999 -9999 -9999 -9999 -9999 -9999 -9999 -9999 -9999 -9999 -9999 -9999
12.44 13.68 12.41 10.93 16.90 10.22 16.58 18.07 18.05 13.14 12.17 23.14 15.07 12.51 10.90 10.31 9.49 8.54 7.82 12.18 10.51 9.67 8.58 10.63 13.08 11.63 12.01 11.74 12.32 14.62 14.91 -9999 -9999 -9999 -9999 -9999 -9999 -9999 -9999 -9999 -9999 -9999 -9999 -9999 -9999 -9999 -9999 -9999 -9999 -9999 -9999 -9999 -9999 -9999 -9999 -9999 -9999 -9999 -9999 -9999 -9999 -9999 -9999 -9999 -9999 -9999 -9999 -9999 -9999 -9999 -9999 -9999 -9999 -9999 -9999 -9999 -9999
14.59 12.46 8.44 15.76 16.11 18.94 19.67 9.74 18.76 18.50 10.93 15.08 15.45 10.85 9.89 11.12 13.20 15.02 10.94 10.35 10.33 10.46 10.58 11.40 12.74 12.03 12.67 14.32 14.59 -9999 -9999 -9999 -9999 -9999 -9999 -9999 -9999 -9999 -9999 -9999 -9999 -9999 -9999 -9999 -9999 -9999 -9999 -9999 -9999 -9999 -9999 -9999 -9999 -9999 -9999 -9999 -9999 -9999 -9999 -9999 -9999 -9999 -9999 -9999 -9999 -9999 -9999 -9999 -9999 -9999 -9999 -9999 -9999 -9999 -9999 -9999 -9999
13.35 10.72 16.12 11.71 16.91 20.43 17.27 14.46 19.68 19.60 11.56 10.69 8.25 7.74 8.47 9.88 14.53 16.79 13.64 11.87 10.54 10.39 11.65 11.24 12.01 12.96 15.58 17.45 16.23 -9999 -9999 -9999 -9999 -9999 -9999 -9999 -9999 -9999 -9999 -9999 -9999 -9999 -9999 -9999 -9999 -9999 -9999 -9999 -9999 -9999 -9999 -9999 -9999 -9999 -9999 -9999 -9999 -9999 -9999 -9999 -9999 -9999 -9999 -9999 -9999 -9999 -9999 -9999 -9999 -9999 -9999 -9999 -9999 -9999 -9999 -9999 -9999
-9999 13.16 16.23 12.42 17.66 17.84 19.53 13.46 12.22 13.59 12.06 11.04 9.91 6.78 16.53 17.22 16.54 17.09 13.21 10.05 10.04 10.09 10.51 10.62 11.24 12.86 12.87 -9999 -9999 -9999 -9999 -9999 14.87 13.42 13.70 13.51 -9999 -9999 -9999 -9999 -9999 -9999 -9999 -9999 -9999 -9999 -9999 -9999 -9999 -9999 -9999 -9999 -9999 -9999 -9999 -9999 -9999 -9999 -9999 -9999 -9999 -9999 -9999 -9999 -9999 -9999 -9999 -9999 -9999 -9999 -9999 -9999 -9999 -9999 -9999 -9999 -9999
-9999 13.84 18.26 12.85 11.39 23.06 13.43 12.91 11.68 10.05 10.36 12.32 15.44 11.41 11.64 10.64 11.18 10.63 10.83 10.98 11.40 11.28 10.83 11.59 12.31 12.13 12.14 13.27 14.75 -9999 -9999 12.77 11.57 10.72 9.51 10.41 12.09 13.63 -9999 -9999 -9999 -9999 -9999 -9999 -9999 -9999 -9999 -9999 -9999 -9999 -9999 -9999 -9999 -9999 -9999 -9999 -9999 -9999 -9999 -9999 -9999 -9999 -9999 -9999 -9999 -9999 -9999 -9999 -9999 -9999 -9999 -9999 -9999 -9999 -9999 -9999 -9999
12.56 16.87 14.56 15.02 17.36 18.91 12.46 13.30 15.13 14.00 12.59 10.10 10.34 11.27 10.89 10.86 10.31 9.94 10.47 11.53 11.34 10.32 12.02 12.73 10.52 9.46 10.03 11.06 13.06 11.88 11.78 11.59 9.58 7.13 7.72 11.01 12.42 15.14 12.19 -9999 -9999 -9999 -9999 -9999 -9999 -9999 -9999 -9999 -9999 -9999 -9999 -9999 -9999 -9999 -9999 -9999 -9999 -9999 -9999 -9999 -9999 -9999 -9999 -9999 -9999 -9999 -9999 -9999 -9999 -9999 -9999 -9999 -9999 -9999 -9999 -9999 -9999
17.88 15.19 19.30 17.73 15.11 13.40 -9999 14.86 16.90 13.26 11.61 10.00 9.78 9.56 9.93 10.56 10.00 9.82 11.90 12.21 12.35 11.30 10.41 10.15 8.65 8.91 10.01 11.96 10.54 9.26 11.11 9.47 8.33 6.93 8.63 11.26 12.25 13.84 12.67 14.99 17.02 14.33 -9999 -9999 -9999 -9999 -9999 -9999 -9999 -9999 -9999 -9999 -9999 -9999 -9999 -9999 -9999 -9999 -9999 -9999 -9999 -9999 -9999 -9999 -9999 -9999 -9999 -9999 -9999 -9999 -9999 -9999 -9999 -9999 -9999 -9999 -9999
22.68 17.05 -9999 17.28 18.54 13.84 -9999 16.12 19.83 14.05 12.45 10.19 10.08 9.42 9.52 8.76 8.64 8.86 10.32 12.92 12.91 12.81 10.72 9.85 10.28 11.60 14.39 12.72 9.40 7.63 8.89 8.61 8.23 13.07 14.41 12.30 12.72 11.96 12.09 12.79 11.51 13.57 -9999 -9999 -9999 -9999 -9999 -9999 -9999 -9999 -9999 -9999 -9999 -9999 -9999 -9999 -9999 -9999 -9999 -9999 -9999 -9999 -9999 -9999 -9999 -9999 -9999 -9999 -9999 -9999 -9999 -9999 -9999 -9999 -9999 -9999 -9999
19.00 17.06 -9999 -9999 18.93 15.30 13.54 16.37 17.72 11.15 10.99 12.89 10.96 10.00 9.73 12.68 10.11 8.43 9.53 10.57 12.28 12.84 13.33 10.94 13.30 14.45 12.64 11.37 10.59 9.10 9.63 10.68 11.21 11.16 14.48 13.08 12.75 12.92 9.82 9.70 11.12 13.37 14.98 -9999 -9999 -9999 -9999 -9999 -9999 -9999 -9999 -9999 -9999 -9999 -9999 -9999 -9999 -9999 -9999 -9999 -9999 -9999 -9999 -9999 -9999 -9999 -9999 -9999 -9999 -9999 -9999 -9999 -9999 -9999 -9999 -9999 -9999
-9999 -9999 -9999 -9999 -9999 16.67 14.41 18.07 14.14 10.15 10.39 11.63 12.97 11.41 10.45 12.26 12.92 11.02 8.74 11.24 13.96 12.60 11.91 12.39 14.35 13.09 11.16 11.17 10.86 13.79 13.14 11.53 10.86 9.95 13.00 12.66 12.10 13.07 10.60 9.83 9.80 10.26 11.88 -9999 -9999 -9999 -9999 -9999 -9999 -9999 -9999 -9999 -9999 -9999 -9999 -9999 -9999 -9999 -9999 -9999 -9999 -9999 -9999 -9999 -9999 -9999 -9999 -9999 -9999 -9999 -9999 -9999 -9999 -9999 -9999 -9999 -9999
13.62 19.11 20.58 -9999 -9999 -9999 16.53 17.23 13.71 11.18 10.08 10.51 12.08 12.65 13.29 14.17 13.31 12.69 11.50 9.17 13.71 12.46 11.90 12.36 11.44 10.96 12.52 10.14 13.55 17.55 15.88 13.40 13.43 10.61 11.94 11.71 12.25 12.73 10.51 9.44 9.17 9.50 11.23 12.72 -9999 -9999 -9999 -9999 -9999 -9999 -9999 -9999 -9999 -9999 -9999 -9999 -9999 -9999 -9999 -9999 -9999 -9999 -9999 -9999 -9999 -9999 -9999 -9999 -9999 -9999 -9999 -9999 -9999 -9999 -9999 -9999 -9999
17.06 19.75 22.16 17.40 -9999 -9999 -9999 16.84 14.75 11.64 10.20 9.92 10.15 11.98 12.41 12.31 11.60 11.92 12.32 12.68 11.69 11.82 11.56 13.05 12.29 14.95 9.81 10.47 10.09 11.30 15.93 15.59 13.24 12.09 10.67 10.56 11.11 11.39 9.63 9.00 8.37 9.41 10.52 10.91 12.16 -9999 -9999 -9999 -9999 -9999 -9999 -9999 -9999 -9999 -9999 -9999 -9999 -9999 -9999 -9999 -9999 -9999 -9999 -9999 -9999 -9999 -9999 -9999 -9999 -9999 -9999 -9999 -9999 -9999 -9999 -9999 -9999
13.96 18.90 20.24 15.99 -9999 -9999 -9999 -9999 -9999 13.60 11.32 9.17 8.76 9.33 9.52 10.97 14.53 14.76 13.20 12.14 11.59 13.17 12.23 11.73 10.96 13.53 9.22 10.96 12.12 11.29 9.02 11.02 10.26 11.49 9.77 11.22 10.56 9.01 8.50 8.08 8.02 7.62 10.41 10.92 10.91 11.78 -9999 -9999 -9999 -9999 -9999 -9999 -9999 -9999 -9999 -9999 -9999 -9999 -9999 -9999 -9999 -9999 -9999 -9999 -9999 -9999 -9999 -9999 -9999 -9999 -9999 -9999 -9999 -9999 -9999 -9999 -9999
15.12 15.70 23.48 18.06 -9999 -9999 -9999 -9999 -9999 14.75 12.74 11.50 9.35 11.14 13.33 12.45 14.64 15.81 14.87 12.28 13.65 12.40 11.21 12.87 13.12 8.20 17.48 11.53 14.99 11.64 14.47 13.95 9.59 11.99 10.33 9.55 8.53 8.74 9.93 10.29 9.03 9.14 7.47 10.10 12.30 10.79 13.33 15.15 -9999 -9999 -9999 -9999 -9999 -9999 -9999 -9999 -9999 -9999 -9999 -9999 -9999 -9999 -9999 -9999 -9999 -9999 -9999 -9999 -9999 -9999 -9999 -9999 -9999 -9999 -9999 -9999 -9999
-9999 19.80 23.08 22.47 -9999 -9999 -9999 -9999 -9999 14.77 12.12 11.08 9.81 10.51 12.40 10.48 11.85 12.64 14.73 13.32 12.63 11.11 13.73 17.13 13.44 11.47 18.96 16.74 12.03 13.00 11.18 9.22 11.09 11.84 10.26 10.44 9.94 7.62 7.62 7.77 10.10 13.65 10.54 9.71 11.33 11.76 11.58 13.63 -9999 -9999 -9999 -9999 -9999 -9999 -9999 -9999 -9999 -9999 -9999 -9999 -9999 -9999 -9999 -9999 -9999 -9999 -9999 -9999 -9999 -9999 -9999 -9999 -9999 -9999 -9999 -9999 -9999
-9999 18.30 20.37 21.96 -9999 -9999 -9999 -9999 -9999 13.89 11.62 10.48 10.15 10.09 10.46 11.06 14.97 17.27 14.49 14.83 11.25 11.10 11.31 13.71 8.71 15.12 13.99 11.90 13.39 14.47 9.50 12.37 10.63 11.42 10.96 8.33 9.26 8.95 7.62 6.70 14.32 15.60 14.11 9.50 10.88 11.77 11.35 13.51 -9999 -9999 -9999 -9999 -9999 -9999 -9999 -9999 -9999 -9999 -9999 -9999 -9999 -9999 -9999 -9999 -9999 -9999 -9999 -9999 -9999 -9999 -9999 -9999 -9999 -9999 -9999 -9999 -9999
-9999 -9999 -9999 -9999 -9999 -9999 -9999 -9999 17.13 13.26 11.62 10.07 10.55 11.17 10.07 11.38 12.21 15.26 13.02 12.64 15.28 12.88 14.29 13.76 13.32 16.64 15.83 10.47 11.75 13.14 12.47 11.44 11.91 9.04 10.11 10.41 7.46 8.34 7.27 10.72 13.17 17.32 15.04 9.90 9.87 9.72 11.12 13.39 -9999 -9999 -9999 -9999 -9999 -9999 -9999 -9999 -9999 -9999 -9999 -9999 -9999 -9999 -9999 -9999 -9999 -9999 -9999 -9999 -9999 -9999 -9999 -9999 -9999 -9999 -9999 -9999 -9999
-9999 -9999 -9999 -9999 -9999 -9999 -9999 -9999 17.50 10.24 9.72 11.51 13.32 12.42 10.40 10.88 11.92 9.63 10.23 14.68 15.78 13.42 12.26 9.79 8.08 15.68 9.90 10.82 10.67 11.57 11.40 9.99 7.89 10.82 10.10 9.42 7.80 7.93 10.47 12.39 12.54 15.22 14.93 10.33 8.76 9.75 12.40 12.39 -9999 -9999 -9999 -9999 -9999 -9999 -9999 -9999 -9999 -9999 -9999 -9999 -9999 -9999 -9999 -9999 -9999 -9999 -9999 -9999 -9999 -9999 -9999 -9999 -9999 -9999 -9999 -9999 -9999
-9999 -9999 -9999 -9999 -9999 -9999 -9999 16.25 13.75 8.25 10.05 11.72 10.24 12.72 14.66 14.10 17.05 14.79 11.83 9.89 10.80 14.21 13.35 10.94 6.70 9.80 14.48 10.65 13.41 10.33 10.37 7.46 8.02 10.16 8.84 8.87 9.82 11.81 14.23 13.80 12.62 11.85 11.12 9.66 12.32 13.74 12.51 12.73 -9999 -9999 -9999 -9999 -9999 -9999 -9999 -9999 -9999 -9999 -9999 -9999 -9999 -9999 -9999 -9999 -9999 -9999 -9999 -9999 -9999 -9999 -9999 -9999 -9999 -9999 -9999 -9999 -9999
-9999 -9999 -9999 -9999 -9999 -9999 -9999 13.65 9.07 12.08 10.37 12.54 9.92 13.04 13.28 16.64 15.95 16.41 14.72 11.93 8.80 18.55 18.25 11.72 6.57 11.27 13.83 9.90 10.35 12.00 8.25 10.48 12.00 9.87 11.16 11.59 15.57 10.59 10.47 12.00 13.27 13.38 10.38 8.86 11.16 11.65 11.33 12.36 14.77 -9999 -9999 -9999 -9999 -9999 -9999 -9999 -9999 -9999 -9999 -9999 -9999 -9999 -9999 -9999 -9999 -9999 -9999 -9999 -9999 -9999 -9999 -9999 -9999 -9999 -9999 -9999 -9999
-9999 -9999 -9999 -9999 -9999 -9999 13.52 14.23 12.94 11.87 13.04 13.18 11.19 9.83 15.11 14.71 16.66 16.34 16.14 11.11 7.37 11.89 14.54 13.06 8.40 8.43 10.66 9.81 9.50 9.89 13.71 9.73 9.29 9.46 8.03 14.19 12.52 15.01 13.44 10.02 11.07 11.87 12.91 14.15 11.13 10.82 10.76 12.03 14.14 -9999 -9999 -9999 -9999 -9999 -9999 -9999 -9999 -9999 -9999 -9999 -9999 -9999 -9999 -9999 -9999 -9999 -9999 -9999 -9999 -9999 -9999 -9999 -9999 -9999 -9999 -9999 -9999
-9999 -9999 -9999 -9999 -9999 -9999 14.57 12.94 10.77 15.20 14.51 12.32 12.31 15.91 11.25 12.82 15.86 14.13 14.18 9.58 7.39 10.83 12.94 14.63 8.40 8.67 8.76 9.23 7.48 11.90 8.25 13.23 10.67 8.13 14.96 8.92 11.12 12.48 11.84 12.77 9.57 9.95 13.32 13.22 11.48 12.24 11.77 11.89 14.11 -9999 -9999 -9999 -9999 -9999 -9999 -9999 -9999 -9999 -9999 -9999 -9999 -9999 -9999 -9999 -9999 -9999 -9999 -9999 -9999 -9999 -9999 -9999 -9999 -9999 -9999 -9999 -9999
-9999 -9999 -9999 -9999 -9999 15.78 12.15 10.63 13.23 10.84 11.28 18.55 15.15 14.91 10.96 12.85 13.82 12.15 13.80 12.52 10.28 12.80 12.90 9.74 7.73 8.32 10.16 10.17 13.20 10.08 8.90 13.41 8.56 9.58 15.19 10.46 9.55 8.59 10.69 12.27 11.59 12.62 13.28 11.67 11.37 11.47 10.99 11.48 13.63 -9999 -9999 -9999 -9999 -9999 -9999 -9999 -9999 -9999 -9999 -9999 -9999 -9999 -9999 -9999 -9999 -9999 -9999 -9999 -9999 -9999 -9999 -9999 -9999 -9999 -9999 -9999 -9999
-9999 -9999 -9999 -9999 14.09 13.83 13.62 10.71 11.26 11.07 10.12 13.25 13.14 19.63 10.82 10.36 11.73 12.29 12.92 13.55 11.78 10.06 9.23 11.94 8.40 7.70 9.87 10.63 10.89 10.64 9.02 10.86 6.81 8.47 13.55 12.52 13.05 11.93 11.11 9.85 10.06 13.09 12.42 11.80 11.72 11.60 11.70 11.10 12.69 15.04 -9999 -9999 -9999 -9999 -9999 -9999 -9999 -9999 -9999 -9999 -9999 -9999 -9999 -9999 -9999 -9999 -9999 -9999 -9999 -9999 -9999 -9999 -9999 -9999 -9999 -9999 -9999
-9999 -9999 -9999 -9999 15.29 17.64 13.80 12.92 11.51 9.64 8.52 18.81 15.73 13.46 12.97 10.10 10.28 11.40 11.42 16.48 11.48 9.29 8.73 9.17 11.86 8.81 11.47 10.88 11.83 10.79 10.03 9.36 10.02 7.53 10.70 11.63 10.93 12.43 11.03 9.90 9.72 11.50 11.17 12.87 12.17 10.97 10.14 11.23 12.55 14.43 -9999 -9999 -9999 -9999 -9999 -9999 -9999 -9999 -9999 -9999 -9999 -9999 -9999 -9999 -9999 -9999 -9999 -9999 -9999 -9999 -9999 -9999 -9999 -9999 -9999 -9999 -9999
-9999 -9999 16.74 14.69 16.22 14.13 13.20 14.33 12.04 10.86 8.98 14.44 13.66 14.21 12.86 11.87 9.54 11.92 12.64 11.77 11.87 11.20 8.59 9.22 10.77 10.35 10.41 11.11 11.58 10.42 9.46 10.25 8.88 8.06 12.03 10.77 10.25 10.60 13.04 11.62 10.54 8.79 10.51 11.57 11.43 10.98 10.32 10.90 11.95 13.98 -9999 -9999 -9999 -9999 -9999 -9999 -9999 -9999 -9999 -9999 -9999 -9999 -9999 -9999 -9999 -9999 -9999 -9999 -9999 -9999 -9999 -9999 -9999 -9999 -9999 -9999 -9999
-9999 -9999 17.57 14.50 12.04 14.81 12.99 14.46 12.57 11.28 9.39 9.18 11.10 15.96 13.17 12.12 10.05 9.96 9.95 9.58 10.54 11.61 10.02 11.49 10.67 10.99 10.65 10.57 10.34 9.88 9.23 9.22 9.78 8.68 7.59 8.71 9.44 9.82 10.82 10.87 7.72 9.21 12.47 11.95 10.74 11.06 10.84 11.39 10.98 12.49 14.57 -9999 -9999 -9999 -9999 -9999 -9999 -9999 -9999 -9999 -9999 -9999 -9999 -9999 -9999 -9999 -9999 -9999 -9999 -9999 -9999 -9999 -9999 -9999 -9999 -9999 -9999
-9999 -9999 17.78 14.89 11.14 14.32 12.15 13.12 12.14 11.42 10.76 9.08 13.15 12.82 12.05 14.08 10.87 9.84 9.43 7.97 10.94 16.03 12.56 -9999 -9999 -9999 11.27 10.66 -9999 9.55 9.47 9.39 8.44 7.45 8.32 9.64 8.62 8.87 10.37 10.04 11.54 11.32 9.30 8.66 9.50 10.33 11.15 9.37 10.44 11.29 13.80 -9999 -9999 -9999 -9999 -9999 -9999 -9999 -9999 -9999 -9999 -9999 -9999 -9999 -9999 -9999 -9999 -9999 -9999 -9999 -9999 -9999 -9999 -9999 -9999 -9999 -9999
-9999 -9999 16.52 17.68 13.21 13.04 13.55 14.36 13.47 12.19 11.11 9.94 11.36 17.36 13.41 13.61 10.35 10.12 12.01 9.35 11.29 13.26 14.04 -9999 -9999 -9999 11.46 10.09 9.88 9.79 9.11 8.36 6.67 7.77 10.85 10.87 8.81 12.30 9.11 9.16 12.15 9.67 10.76 11.29 11.64 9.81 11.39 12.95 11.49 10.84 13.07 -9999 -9999 -9999 -9999 -9999 -9999 -9999 -9999 -9999 -9999 -9999 -9999 -9999 -9999 -9999 -9999 -9999 -9999 -9999 -9999 -9999 -9999 -9999 -9999 -9999 -9999
-9999 -9999 -9999 17.45 16.87 14.73 -9999 15.94 15.48 13.61 12.28 11.40 -9999 14.59 12.66 12.86 10.13 11.87 13.26 12.61 13.63 -9999 -9999 -9999 -9999 13.12 10.51 9.21 8.96 9.57 9.58 8.19 6.74 6.62 11.41 15.32 8.02 13.38 9.47 11.47 13.06 10.74 12.81 11.33 10.05 12.33 13.13 11.86 9.63 10.67 13.62 14.69 -9999 -9999 -9999 -9999 -9999 -9999 -9999 -9999 -9999 -9999 -9999 -9999 -9999 -9999 -9999 -9999 -9999 -9999 -9999 -9999 -9999 -9999 -9999 -9999 -9999
