ML/MeanWindSpeed_1994-10_Actual.txt
ncols         180
nrows         290
xllcorner     -200000
yllcorner     -200000
cellsize      5000
NODATA_value  -9999
[rows 210 to 244 of 290, columns 79 to 157 of 180]
13.49 11.72 13.69 13.25 -9999 -9999 -9999 -9999 -9999 -9999 -9999 6.85 7.15 8.17 6.71 7.32 8.12 10.36 12.48 15.04 13.91 11.43 9.15 8.64 7.21 10.00 10.41 7.18 6.27 10.57 10.05 10.91 7.24 6.69 7.12 7.04 8.24 8.63 7.63 7.52 7.17 6.84 6.63 6.38 6.08 6.06 5.97 6.72 6.14 6.17 6.16 6.15 6.24 6.06 6.76 8.03 7.68 6.41 7.59 7.41 6.94 6.77 5.99 5.82 6.69 7.19 6.66 5.98 5.87 7.10 5.86 6.28 7.39 6.65 6.60 6.44 5.32 4.85 5.20
13.55 -9999 -9999 -9999 -9999 -9999 -9999 -9999 -9999 12.45 10.49 9.92 11.47 10.46 9.03 8.08 8.51 8.60 10.79 12.12 11.83 7.59 7.05 11.12 9.52 8.91 6.94 6.58 6.60 9.52 9.07 8.66 7.31 7.38 7.63 6.25 9.46 9.36 7.61 7.50 7.11 7.10 6.96 6.63 7.11 6.55 6.71 6.04 5.99 5.99 6.11 6.08 6.47 5.89 7.42 9.04 7.20 7.36 5.20 6.82 6.48 6.07 7.11 6.82 6.87 7.30 6.40 5.68 5.80 5.60 6.23 6.95 6.16 6.69 6.40 5.44 4.90 6.12 5.44
-9999 -9999 -9999 -9999 -9999 -9999 -9999 -9999 -9999 14.10 13.34 11.02 12.42 12.88 -9999 -9999 8.70 11.35 5.66 7.45 7.40 7.86 9.01 10.72 7.52 6.48 7.39 7.90 8.78 8.92 8.70 8.19 8.01 8.81 7.12 7.33 9.12 7.52 7.12 6.85 7.14 7.85 7.67 7.03 7.01 6.35 6.36 6.97 7.49 7.04 7.58 6.28 5.91 6.80 9.18 6.79 6.71 6.18 4.60 6.42 6.22 6.25 6.55 6.52 6.10 5.89 7.41 6.12 5.84 5.60 5.60 5.74 5.42 5.04 6.61 5.81 6.22 7.17 6.97
-9999 -9999 -9999 -9999 -9999 -9999 -9999 -9999 -9999 -9999 -9999 -9999 -9999 -9999 -9999 -9999 10.41 8.61 8.05 6.58 5.73 5.99 6.77 8.02 7.81 8.06 9.21 10.43 10.93 10.37 -9999 8.81 8.26 7.61 6.96 7.48 8.88 7.57 7.72 7.20 6.55 6.62 7.70 6.90 6.98 8.19 8.26 7.92 8.81 9.63 7.98 7.52 7.20 7.12 8.01 6.33 6.31 6.26 5.55 5.45 5.53 6.29 6.85 6.28 5.74 5.85 5.89 5.80 5.64 5.46 5.43 5.46 5.61 5.75 6.18 6.14 6.44 6.73 -9999
-9999 -9999 -9999 -9999 -9999 -9999 -9999 -9999 -9999 -9999 -9999 -9999 -9999 -9999 -9999 -9999 -9999 10.17 8.56 7.18 7.11 7.88 6.67 6.85 8.01 9.98 -9999 -9999 -9999 -9999 10.23 8.82 8.09 7.06 6.77 7.46 8.93 7.81 8.17 7.48 6.42 7.41 7.12 8.63 8.01 9.94 8.18 8.22 7.77 8.12 7.87 7.12 8.02 5.87 6.12 6.58 5.35 5.67 5.38 5.19 5.14 5.09 5.20 5.52 5.16 5.08 4.92 5.10 5.05 6.46 6.80 5.59 5.63 5.91 6.14 6.47 7.39 8.58 8.29
-9999 -9999 -9999 -9999 -9999 -9999 -9999 -9999 -9999 -9999 -9999 -9999 -9999 -9999 -9999 -9999 -9999 -9999 10.40 11.36 9.79 8.49 8.76 9.01 10.68 -9999 -9999 -9999 -9999 11.20 10.62 10.09 6.56 6.15 6.33 8.68 9.14 8.58 7.89 6.80 6.91 6.74 8.36 9.80 8.58 8.49 7.56 7.65 7.37 6.20 6.75 6.81 6.43 6.24 6.01 6.00 5.56 5.67 6.29 6.49 6.48 5.20 5.22 5.30 5.04 5.52 5.16 5.45 4.96 5.87 5.88 5.88 7.01 6.11 6.89 7.14 7.90 7.19 7.43
-9999 -9999 -9999 -9999 -9999 -9999 -9999 -9999 -9999 -9999 -9999 -9999 -9999 -9999 -9999 -9999 -9999 -9999 -9999 11.63 11.53 10.30 10.36 10.27 13.06 -9999 -9999 -9999 10.71 8.45 7.58 9.24 8.53 7.59 6.22 7.50 6.49 8.41 7.70 6.20 7.67 8.68 8.47 7.79 8.56 7.55 7.06 6.79 6.16 5.98 5.85 6.08 6.68 6.35 5.76 5.82 5.95 5.95 6.74 6.36 6.40 5.94 5.29 5.35 4.98 4.80 4.53 4.86 4.92 5.22 5.24 6.46 6.99 7.39 7.11 6.01 7.88 6.33 7.16
-9999 -9999 -9999 -9999 -9999 -9999 -9999 -9999 -9999 -9999 -9999 -9999 -9999 -9999 -9999 -9999 -9999 -9999 -9999 -9999 -9999 -9999 -9999 -9999 -9999 -9999 -9999 13.35 9.32 7.24 6.78 8.77 6.96 7.64 8.24 7.70 7.46 7.77 6.32 6.18 6.57 7.51 7.14 7.34 7.47 7.74 7.46 7.21 8.82 7.02 7.10 6.40 6.95 6.97 6.12 6.14 5.72 6.15 6.81 6.05 5.50 5.47 5.47 5.25 5.55 4.81 5.10 4.64 5.82 6.41 6.16 5.25 8.10 8.92 7.33 5.95 8.92 7.77 7.12
-9999 -9999 -9999 -9999 -9999 -9999 -9999 -9999 -9999 -9999 -9999 -9999 -9999 -9999 -9999 -9999 -9999 -9999 -9999 -9999 -9999 -9999 -9999 -9999 -9999 -9999 -9999 10.65 9.35 7.61 12.70 10.44 6.85 7.67 8.28 8.34 8.52 6.73 6.43 6.36 6.10 7.12 6.71 6.55 8.55 8.39 9.59 7.98 8.20 9.53 7.68 7.05 6.89 6.30 6.16 5.92 5.77 6.10 5.92 6.09 5.59 5.23 5.22 5.00 5.22 6.80 5.78 6.42 6.74 7.82 6.38 5.28 6.62 6.92 5.69 5.22 6.05 7.73 8.23
-9999 -9999 -9999 -9999 -9999 -9999 -9999 -9999 -9999 -9999 -9999 -9999 -9999 -9999 -9999 -9999 -9999 -9999 -9999 -9999 -9999 -9999 -9999 -9999 -9999 -9999 -9999 9.96 7.31 5.94 7.94 11.58 10.33 9.34 8.14 9.35 7.35 7.05 6.60 8.44 8.32 8.71 8.06 7.31 7.59 7.37 7.66 7.99 7.96 7.13 7.15 7.15 7.10 6.44 6.20 6.16 6.06 6.47 6.07 5.86 5.32 5.33 6.21 7.01 6.06 6.73 5.83 5.36 5.35 6.37 8.42 8.18 5.75 5.60 6.41 6.74 6.28 6.41 6.43
-9999 -9999 -9999 -9999 -9999 -9999 -9999 -9999 -9999 -9999 14.00 14.29 11.76 16.87 15.76 15.20 14.88 16.75 8.35 14.72 10.05 -9999 -9999 -9999 -9999 -9999 -9999 8.99 7.36 6.55 5.01 6.13 8.73 10.39 9.64 8.20 7.39 7.48 8.27 9.47 8.44 7.28 7.11 6.60 7.07 7.19 6.60 6.03 5.88 6.50 6.01 6.86 7.51 8.48 7.33 6.66 7.09 6.93 6.14 6.80 5.72 5.27 6.61 7.54 6.04 5.30 5.53 5.15 4.56 4.33 4.85 4.97 4.46 4.51 4.77 4.98 4.69 4.93 4.88
-9999 -9999 -9999 -9999 -9999 -9999 -9999 -9999 -9999 -9999 16.21 15.11 14.70 11.86 13.83 15.21 13.70 13.96 14.17 10.76 9.39 8.26 9.77 12.83 10.78 9.86 8.57 7.93 7.03 6.37 5.41 4.38 5.13 8.33 8.65 7.77 6.97 10.27 8.35 6.93 7.43 7.75 6.61 6.38 7.25 6.97 7.08 6.65 6.63 5.47 5.79 6.50 6.77 6.96 7.83 8.10 6.36 5.97 5.56 5.28 6.26 5.18 9.13 7.14 6.72 6.04 5.57 5.63 5.13 5.93 5.93 4.52 6.32 5.86 6.56 5.11 5.19 4.80 4.56
-9999 -9999 -9999 -9999 -9999 -9999 -9999 -9999 -9999 14.29 12.46 11.29 10.24 8.66 10.70 12.98 11.70 10.37 10.77 11.00 9.82 8.53 8.19 9.52 11.02 8.11 7.49 6.81 6.87 7.77 6.09 5.57 6.77 6.75 6.71 7.30 10.11 7.96 9.20 8.19 7.26 6.28 6.83 6.60 7.45 7.50 7.03 7.57 6.31 6.62 6.36 6.24 6.15 7.62 8.44 6.19 5.48 5.75 8.23 6.32 5.66 5.72 5.38 5.79 6.41 6.27 6.11 6.64 7.56 6.42 5.21 5.15 7.03 6.44 6.33 6.66 6.32 5.73 5.71
-9999 -9999 -9999 -9999 -9999 -9999 -9999 -9999 -9999 -9999 10.99 8.91 7.80 9.26 8.23 8.09 10.58 8.79 7.03 6.38 9.52 12.02 9.77 7.06 7.46 9.97 7.95 6.11 6.17 6.14 6.93 7.02 5.93 5.75 6.22 7.22 8.54 7.01 8.74 7.53 7.39 7.12 7.43 6.80 7.67 7.83 7.67 6.21 6.22 6.91 5.88 5.25 5.06 6.15 7.41 7.24 5.55 6.04 7.23 6.88 5.91 4.94 4.77 4.57 5.26 7.41 7.17 6.78 7.27 8.19 7.18 6.52 7.11 7.05 6.09 7.06 5.85 6.75 5.57
-9999 -9999 -9999 -9999 -9999 -9999 15.14 -9999 -9999 12.95 10.89 11.14 7.35 8.89 6.77 5.77 5.41 5.80 6.96 5.51 7.74 9.54 7.18 5.62 4.30 5.13 5.63 5.41 5.62 6.10 7.10 6.15 5.92 6.41 8.24 6.60 7.47 6.22 7.26 6.84 7.91 8.73 7.88 6.77 6.30 6.31 6.10 5.91 7.48 6.37 5.55 7.55 5.79 5.64 7.53 8.86 5.28 5.65 5.83 5.65 5.26 4.98 4.91 5.49 6.24 6.74 5.80 5.24 5.18 5.84 6.00 5.98 6.56 5.77 5.80 5.73 5.09 5.19 5.11
-9999 -9999 -9999 -9999 -9999 14.01 15.38 15.19 14.57 11.40 10.08 11.64 8.66 6.93 7.30 6.09 6.90 7.00 7.94 6.28 5.68 6.13 5.17 4.30 3.63 4.17 5.47 6.18 5.45 5.54 5.88 5.71 5.93 7.69 7.63 6.45 7.14 7.56 8.86 7.86 7.92 9.29 7.77 7.52 6.09 6.62 6.28 6.74 5.95 5.62 5.12 6.48 6.50 5.34 6.21 5.75 5.23 4.95 4.44 5.45 5.72 5.56 5.17 4.87 4.86 4.67 5.02 5.24 4.96 4.17 4.83 5.40 6.35 6.80 6.37 5.08 6.11 6.06 6.01
-9999 -9999 -9999 -9999 -9999 13.10 12.98 11.96 12.38 11.02 9.80 8.21 10.25 9.93 8.54 9.65 8.89 7.82 9.04 7.70 7.15 6.53 4.17 5.82 8.09 7.22 6.20 5.62 5.12 5.92 6.64 7.16 6.66 7.86 6.96 7.66 6.74 5.99 7.46 8.77 7.41 7.37 7.13 6.59 6.58 7.18 6.33 5.74 6.45 6.57 5.19 5.61 5.68 5.46 6.17 6.67 6.97 8.62 5.47 5.60 5.00 4.83 5.07 5.20 4.77 4.50 4.83 5.60 5.19 4.63 4.30 5.24 5.46 5.71 6.01 6.36 5.15 5.79 6.94
-9999 -9999 -9999 -9999 -9999 13.11 11.18 10.63 11.11 10.38 10.27 8.54 9.03 9.18 7.65 8.84 8.63 8.76 8.86 8.35 5.21 3.54 3.33 6.44 6.69 7.24 8.11 5.96 5.93 6.45 6.04 7.33 6.70 7.57 6.97 7.22 6.97 6.08 7.52 6.71 6.75 6.59 6.41 6.38 6.53 7.15 7.20 5.99 5.74 6.02 6.99 5.42 5.59 5.23 5.53 5.77 6.23 7.28 6.61 7.51 8.49 4.63 8.55 6.85 4.93 5.27 8.85 8.65 8.09 4.71 4.59 4.69 4.45 5.13 4.96 6.55 7.76 10.45 9.32
-9999 -9999 -9999 -9999 -9999 10.89 9.98 9.80 9.62 9.02 9.04 8.44 7.68 8.93 8.21 7.99 8.52 7.33 7.28 7.15 6.92 3.52 4.24 6.64 5.58 6.94 7.43 6.29 6.91 7.66 6.58 7.12 7.50 7.38 7.28 7.41 8.04 8.84 6.15 6.73 6.55 6.44 6.29 6.34 6.53 6.89 6.23 6.48 6.20 6.63 7.10 7.63 6.68 7.47 6.67 6.03 5.82 5.51 5.15 5.19 5.80 5.40 7.45 7.29 8.23 7.81 8.35 8.77 9.36 5.43 5.42 5.03 5.04 5.44 6.51 8.01 8.42 -9999 -9999
-9999 -9999 -9999 -9999 -9999 9.63 9.14 9.20 9.74 10.24 9.31 8.91 8.09 8.47 9.86 8.90 8.05 7.04 7.51 7.36 7.16 6.41 4.27 3.95 3.37 6.13 5.35 4.08 7.86 8.05 7.13 10.33 9.03 9.66 10.33 9.50 8.77 9.07 7.31 6.14 6.61 6.41 5.83 6.17 6.22 6.61 5.96 6.59 7.60 8.29 8.02 7.96 8.08 7.96 8.06 7.87 7.26 6.30 5.88 6.19 6.94 7.47 7.86 8.07 8.53 -9999 -9999 7.84 8.46 8.19 7.53 6.40 9.60 7.40 -9999 -9999 -9999 -9999 -9999
-9999 -9999 -9999 -9999 13.02 10.24 9.66 8.68 9.85 10.20 11.39 9.89 10.53 9.71 10.10 9.13 8.17 7.56 7.59 7.38 7.18 7.32 6.31 5.30 5.54 5.64 4.14 7.65 8.93 6.60 6.41 7.79 8.06 9.54 9.50 8.24 7.69 7.19 6.90 7.60 7.14 7.13 6.67 6.69 7.05 7.82 7.72 7.53 7.71 8.01 8.33 -9999 -9999 9.26 10.11 10.19 9.51 8.87 8.34 8.51 -9999 -9999 -9999 -9999 -9999 -9999 -9999 -9999 -9999 -9999 8.38 8.94 10.92 9.37 -9999 -9999 -9999 -9999 -9999
-9999 -9999 -9999 14.39 12.30 10.00 10.29 8.80 8.72 8.83 9.34 9.19 12.84 13.31 11.37 10.31 10.00 10.26 8.85 7.99 7.58 8.21 7.77 9.54 9.70 8.98 8.60 10.63 7.88 8.34 8.55 9.48 10.45 8.57 7.26 7.98 6.96 7.06 6.85 6.96 6.78 8.33 9.48 9.47 9.00 8.89 9.36 8.57 -9999 7.41 8.37 8.19 8.73 9.55 -9999 -9999 -9999 -9999 10.39 -9999 -9999 -9999 -9999 -9999 -9999 -9999 -9999 -9999 -9999 -9999 -9999 -9999 -9999 -9999 -9999 -9999 -9999 -9999 -9999
-9999 -9999 15.31 13.99 13.06 11.23 9.12 8.62 8.24 7.21 7.44 9.49 15.25 16.55 10.88 9.86 12.84 9.31 11.25 8.58 8.04 11.28 9.61 8.67 8.47 8.95 -9999 -9999 -9999 -9999 -9999 10.04 11.51 10.96 8.99 8.74 8.22 7.42 7.30 6.98 7.51 8.81 -9999 -9999 -9999 -9999 -9999 10.18 10.30 8.99 7.80 7.67 9.98 9.85 -9999 -9999 -9999 -9999 -9999 -9999 -9999 -9999 -9999 -9999 -9999 -9999 -9999 -9999 -9999 -9999 -9999 -9999 -9999 -9999 -9999 -9999 -9999 -9999 -9999
-9999 10.07 11.10 12.59 12.44 10.89 10.39 9.60 7.42 8.34 8.76 11.44 13.93 15.32 13.79 12.42 10.26 11.49 9.46 10.03 9.42 11.54 11.05 -9999 -9999 -9999 -9999 -9999 -9999 -9999 -9999 -9999 10.45 10.95 9.70 11.15 12.13 12.35 9.57 11.55 11.07 11.62 -9999 -9999 -9999 -9999 -9999 -9999 -9999 8.89 9.20 7.59 8.67 -9999 -9999 -9999 -9999 -9999 -9999 -9999 -9999 -9999 -9999 -9999 -9999 -9999 -9999 -9999 -9999 -9999 -9999 -9999 -9999 -9999 -9999 -9999 -9999 -9999 -9999
12.08 9.55 9.50 10.70 12.37 12.79 10.93 8.77 8.70 9.58 9.69 10.49 12.89 11.21 11.87 11.51 12.58 6.51 9.63 13.70 11.03 -9999 -9999 -9999 -9999 -9999 -9999 -9999 -9999 -9999 -9999 -9999 -9999 -9999 11.92 -9999 -9999 -9999 -9999 10.58 13.09 13.41 -9999 -9999 -9999 -9999 -9999 -9999 -9999 -9999 9.07 11.39 9.73 -9999 -9999 -9999 -9999 -9999 -9999 -9999 -9999 -9999 -9999 -9999 -9999 -9999 -9999 -9999 -9999 -9999 -9999 -9999 -9999 -9999 -9999 -9999 -9999 -9999 -9999
10.47 8.09 8.93 10.55 11.04 12.13 11.04 10.07 11.28 7.88 6.82 8.48 11.26 11.33 9.55 8.12 10.34 7.74 7.52 9.45 -9999 -9999 -9999 -9999 -9999 -9999 -9999 -9999 -9999 -9999 -9999 -9999 -9999 -9999 13.62 -9999 -9999 -9999 -9999 -9999 -9999 -9999 -9999 -9999 -9999 -9999 -9999 -9999 -9999 -9999 -9999 -9999 -9999 -9999 -9999 -9999 -9999 -9999 -9999 -9999 -9999 -9999 -9999 -9999 -9999 -9999 -9999 -9999 -9999 -9999 -9999 -9999 -9999 -9999 -9999 -9999 -9999 -9999 -9999
10.99 8.17 9.16 9.28 9.16 10.12 9.92 10.09 11.57 7.34 6.87 7.92 9.74 14.50 15.01 7.26 8.21 8.43 9.26 12.11 -9999 -9999 -9999 -9999 -9999 -9999 -9999 -9999 -9999 -9999 -9999 -9999 -9999 -9999 -9999 -9999 -9999 -9999 -9999 -9999 -9999 -9999 -9999 -9999 -9999 -9999 -9999 -9999 -9999 -9999 -9999 -9999 -9999 -9999 -9999 -9999 -9999 -9999 -9999 -9999 -9999 -9999 -9999 -9999 -9999 -9999 -9999 -9999 -9999 -9999 -9999 -9999 -9999 -9999 -9999 -9999 -9999 -9999 -9999
12.45 10.70 10.17 9.21 9.86 8.93 8.90 9.31 8.16 8.66 7.93 7.36 9.97 12.17 11.96 9.96 7.61 8.27 11.95 10.88 -9999 -9999 -9999 -9999 -9999 -9999 -9999 -9999 -9999 -9999 -9999 -9999 -9999 -9999 -9999 -9999 -9999 -9999 -9999 -9999 -9999 -9999 -9999 -9999 -9999 -9999 -9999 -9999 -9999 -9999 -9999 -9999 -9999 -9999 -9999 -9999 -9999 -9999 -9999 -9999 -9999 -9999 -9999 -9999 -9999 -9999 -9999 -9999 -9999 -9999 -9999 -9999 -9999 -9999 -9999 -9999 -9999 -9999 -9999
13.30 12.14 11.55 9.48 10.03 9.43 12.29 11.65 9.90 9.62 10.34 8.15 8.02 8.58 8.68 8.64 8.75 9.59 10.67 11.31 -9999 -9999 -9999 -9999 -9999 -9999 -9999 -9999 -9999 -9999 -9999 -9999 -9999 -9999 -9999 -9999 -9999 -9999 -9999 -9999 -9999 -9999 -9999 -9999 -9999 -9999 -9999 -9999 -9999 -9999 -9999 -9999 -9999 -9999 -9999 -9999 -9999 -9999 -9999 -9999 -9999 -9999 -9999 -9999 -9999 -9999 -9999 -9999 -9999 -9999 -9999 -9999 -9999 -9999 -9999 -9999 -9999 -9999 -9999
10.67 10.97 10.16 11.55 13.44 13.10 11.45 11.88 12.11 12.24 10.69 10.93 9.32 7.46 7.68 9.58 10.98 11.36 10.76 12.34 -9999 -9999 -9999 -9999 -9999 -9999 -9999 -9999 -9999 -9999 -9999 -9999 -9999 -9999 -9999 -9999 -9999 -9999 -9999 -9999 -9999 -9999 -9999 -9999 -9999 -9999 -9999 -9999 -9999 -9999 -9999 -9999 -9999 -9999 -9999 -9999 -9999 -9999 -9999 -9999 -9999 -9999 -9999 -9999 -9999 -9999 -9999 -9999 -9999 -9999 -9999 -9999 -9999 -9999 -9999 -9999 -9999 -9999 -9999
11.02 11.73 -9999 -9999 -9999 -9999 -9999 -9999 -9999 -9999 -9999 12.60 13.05 10.93 9.70 8.96 10.36 11.37 11.20 -9999 -9999 -9999 -9999 -9999 -9999 -9999 -9999 -9999 -9999 -9999 -9999 -9999 -9999 -9999 -9999 -9999 -9999 -9999 -9999 -9999 -9999 -9999 -9999 -9999 -9999 -9999 -9999 -9999 -9999 -9999 -9999 -9999 -9999 -9999 -9999 -9999 -9999 -9999 -9999 -9999 -9999 -9999 -9999 -9999 -9999 -9999 -9999 -9999 -9999 -9999 -9999 -9999 -9999 -9999 -9999 -9999 -9999 -9999 -9999
12.27 13.40 -9999 -9999 -9999 -9999 -9999 -9999 -9999 -9999 -9999 -9999 -9999 -9999 11.07 9.89 10.02 10.71 -9999 -9999 -9999 -9999 -9999 -9999 -9999 -9999 -9999 -9999 -9999 -9999 -9999 -9999 -9999 -9999 -9999 -9999 -9999 -9999 -9999 -9999 -9999 -9999 -9999 -9999 -9999 -9999 -9999 -9999 -9999 -9999 -9999 -9999 -9999 -9999 -9999 -9999 -9999 -9999 -9999 -9999 -9999 -9999 -9999 -9999 -9999 -9999 -9999 -9999 -9999 -9999 -9999 -9999 -9999 -9999 -9999 -9999 -9999 -9999 -9999
-9999 -9999 -9999 -9999 -9999 -9999 -9999 -9999 -9999 -9999 -9999 -9999 -9999 -9999 12.74 13.94 14.42 13.79 -9999 -9999 -9999 -9999 -9999 -9999 -9999 -9999 -9999 -9999 -9999 -9999 -9999 -9999 -9999 -9999 -9999 -9999 -9999 -9999 -9999 -9999 -9999 -9999 -9999 -9999 -9999 -9999 -9999 -9999 -9999 -9999 -9999 -9999 -9999 -9999 -9999 -9999 -9999 -9999 -9999 -9999 -9999 -9999 -9999 -9999 -9999 -9999 -9999 -9999 -9999 -9999 -9999 -9999 -9999 -9999 -9999 -9999 -9999 -9999 -9999
-9999 -9999 -9999 -9999 -9999 -9999 -9999 -9999 -9999 -9999 -9999 -9999 -9999 -9999 -9999 -9999 -9999 -9999 -9999 -9999 -9999 -9999 -9999 -9999 -9999 -9999 -9999 -9999 -9999 -9999 -9999 -9999 -9999 -9999 -9999 -9999 -9999 -9999 -9999 -9999 -9999 -9999 -9999 -9999 -9999 -9999 -9999 -9999 -9999 -9999 -9999 -9999 -9999 -9999 -9999 -9999 -9999 -9999 -9999 -9999 -9999 -9999 -9999 -9999 -9999 -9999 -9999 -9999 -9999 -9999 -9999 -9999 -9999 -9999 -9999 -9999 -9999 -9999 -9999
-9999 -9999 -9999 -9999 -9999 -9999 -9999 -9999 -9999 -9999 -9999 -9999 -9999 -9999 -9999 -9999 -9999 -9999 -9999 -9999 -9999 -9999 -9999 -9999 -9999 -9999 -9999 -9999 -9999 -9999 -9999 -9999 -9999 -9999 -9999 -9999 -9999 -9999 -9999 -9999 -9999 -9999 -9999 -9999 -9999 -9999 -9999 -9999 -9999 -9999 -9999 -9999 -9999 -9999 -9999 -9999 -9999 -9999 -9999 -9999 -9999 -9999 -9999 -9999 -9999 -9999 -9999 -9999 -9999 -9999 -9999 -9999 -9999 -9999 -9999 -9999 -9999 -9999 -9999
