ML/MeanWindSpeed_1994-06_Actual.txt
ncols         180
nrows         290
xllcorner     -200000
yllcorner     -200000
cellsize      5000
NODATA_value  -9999
[rows 140 to 174 of 290, columns 78 to 155 of 180]
-9999 -9999 -9999 12.71 -9999 -9999 -9999 10.97 11.23 10.01 9.98 10.67 -9999 -9999 10.80 9.07 11.66 12.80 -9999 -9999 -9999 -9999 -9999 10.51 9.63 7.60 8.21 8.82 9.95 9.58 10.07 9.56 6.78 8.93 12.89 15.36 12.36 14.25 14.99 15.01 12.10 12.33 12.15 10.30 7.62 7.25 7.16 4.24 5.34 8.06 9.86 -9999 -9999 -9999 -9999 -9999 -9999 -9999 -9999 -9999 -9999 -9999 -9999 -9999 -9999 -9999 -9999 -9999 -9999 -9999 -9999 -9999 -9999 -9999 -9999 -9999 -9999 -9999
-9999 -9999 -9999 12.54 12.44 -9999 -9999 -9999 11.00 11.70 11.34 11.58 -9999 -9999 -9999 -9999 11.40 -9999 -9999 -9999 -9999 -9999 -9999 9.21 8.31 7.43 8.53 10.64 11.13 9.97 9.95 8.82 7.30 7.21 11.06 13.93 10.99 16.38 15.49 16.42 12.94 12.78 13.74 10.35 8.03 7.00 5.20 3.94 5.26 7.76 9.78 -9999 -9999 -9999 -9999 -9999 -9999 -9999 -9999 -9999 -9999 -9999 -9999 -9999 -9999 -9999 -9999 -9999 -9999 -9999 -9999 -9999 -9999 -9999 -9999 -9999 -9999 -9999
-9999 -9999 -9999 -9999 13.70 -9999 -9999 -9999 -9999 11.45 12.50 12.13 -9999 -9999 -9999 -9999 -9999 -9999 -9999 -9999 -9999 -9999 10.17 8.92 8.80 8.78 9.02 11.14 11.26 10.49 10.41 9.41 8.61 6.68 8.21 15.36 16.74 16.55 15.80 12.74 11.41 11.62 9.61 7.01 8.74 8.42 5.05 4.43 5.76 7.72 9.89 11.22 -9999 -9999 -9999 -9999 -9999 -9999 -9999 -9999 -9999 -9999 -9999 -9999 -9999 -9999 -9999 -9999 -9999 -9999 -9999 -9999 -9999 -9999 -9999 -9999 -9999 -9999
-9999 -9999 -9999 -9999 14.83 -9999 -9999 -9999 -9999 -9999 -9999 -9999 -9999 -9999 -9999 -9999 -9999 -9999 -9999 -9999 -9999 -9999 10.65 8.80 7.41 6.55 5.54 13.21 11.55 10.71 12.45 9.70 10.52 5.77 5.88 12.40 17.60 14.88 13.06 16.92 18.29 16.19 13.23 11.17 6.46 6.71 6.22 7.02 6.53 7.63 10.10 11.25 11.63 -9999 -9999 -9999 -9999 -9999 -9999 -9999 -9999 -9999 -9999 -9999 -9999 -9999 -9999 -9999 -9999 -9999 -9999 -9999 -9999 -9999 -9999 -9999 -9999 -9999
-9999 -9999 -9999 -9999 -9999 -9999 -9999 -9999 -9999 -9999 -9999 -9999 -9999 -9999 -9999 -9999 -9999 -9999 -9999 -9999 -9999 10.98 10.08 8.39 6.94 10.08 5.13 18.22 18.10 10.25 11.00 10.11 8.85 8.79 5.70 7.17 16.84 16.82 14.93 13.34 12.10 14.18 13.13 11.40 8.81 7.29 6.82 6.50 6.79 8.46 9.06 9.48 10.54 -9999 -9999 -9999 -9999 -9999 -9999 -9999 -9999 -9999 -9999 -9999 -9999 -9999 -9999 -9999 -9999 -9999 -9999 -9999 -9999 -9999 -9999 -9999 -9999 -9999
-9999 -9999 -9999 -9999 -9999 -9999 -9999 -9999 -9999 -9999 -9999 -9999 -9999 -9999 -9999 -9999 -9999 -9999 -9999 -9999 -9999 9.94 10.65 7.76 9.95 17.65 9.57 6.24 12.67 13.77 11.39 11.06 9.71 8.86 7.39 7.28 9.13 18.13 15.88 15.05 12.62 12.14 11.75 9.35 8.60 8.29 8.87 7.25 8.39 8.10 8.60 8.54 9.16 10.29 11.29 11.43 -9999 -9999 -9999 -9999 -9999 -9999 -9999 -9999 -9999 -9999 -9999 -9999 -9999 -9999 -9999 -9999 -9999 -9999 -9999 -9999 -9999 -9999
-9999 -9999 -9999 -9999 -9999 -9999 -9999 -9999 -9999 -9999 -9999 -9999 -9999 -9999 -9999 -9999 -9999 -9999 -9999 -9999 -9999 9.72 9.40 9.02 12.89 8.74 8.50 9.87 13.84 10.56 9.73 13.70 8.08 10.06 8.54 8.49 8.00 11.41 14.46 14.56 13.63 12.76 10.30 9.94 8.85 7.95 7.49 7.71 7.75 8.24 7.82 7.79 8.12 11.65 10.44 11.53 12.29 11.94 -9999 -9999 -9999 -9999 -9999 -9999 -9999 -9999 -9999 -9999 -9999 -9999 -9999 -9999 -9999 -9999 -9999 -9999 -9999 -9999
-9999 -9999 -9999 -9999 -9999 -9999 -9999 -9999 -9999 -9999 -9999 -9999 -9999 -9999 -9999 -9999 -9999 -9999 -9999 -9999 -9999 9.64 8.90 9.90 15.65 17.10 12.80 8.74 9.27 10.07 13.34 8.57 12.31 10.19 9.41 10.46 9.83 8.11 9.44 14.17 13.80 12.67 11.47 10.25 9.40 8.96 8.49 7.82 8.06 7.92 7.49 8.17 8.42 9.61 12.63 11.92 11.95 13.03 12.85 11.12 -9999 -9999 -9999 -9999 -9999 -9999 -9999 -9999 -9999 -9999 -9999 -9999 -9999 -9999 -9999 -9999 -9999 -9999
-9999 -9999 -9999 -9999 -9999 -9999 -9999 -9999 -9999 -9999 -9999 -9999 -9999 -9999 -9999 -9999 -9999 -9999 -9999 -9999 -9999 10.24 8.59 10.79 12.74 8.49 21.45 17.55 8.95 10.89 8.53 12.85 13.60 9.76 8.62 9.93 10.32 8.24 16.42 14.97 14.57 15.21 15.33 14.04 10.14 11.00 9.17 8.49 8.34 8.18 8.18 8.28 7.73 8.55 11.27 10.01 9.57 10.26 11.70 10.25 13.12 -9999 -9999 -9999 -9999 -9999 -9999 -9999 -9999 -9999 -9999 -9999 -9999 -9999 -9999 -9999 -9999 -9999
-9999 -9999 -9999 -9999 -9999 -9999 -9999 -9999 -9999 12.28 12.77 12.94 -9999 -9999 -9999 -9999 -9999 -9999 -9999 -9999 -9999 -9999 10.38 9.13 8.47 11.08 12.87 15.97 8.70 5.50 10.74 9.97 9.08 8.03 10.13 10.56 9.40 10.56 13.38 13.70 17.69 16.36 13.82 12.86 13.25 11.28 9.57 8.85 8.38 8.32 7.73 7.62 12.21 10.91 14.20 14.51 13.10 11.80 9.09 12.40 12.82 11.52 -9999 -9999 -9999 -9999 -9999 -9999 -9999 -9999 -9999 -9999 -9999 -9999 -9999 -9999 -9999 -9999
-9999 -9999 -9999 -9999 -9999 -9999 -9999 -9999 -9999 11.38 11.36 -9999 -9999 -9999 -9999 -9999 -9999 -9999 -9999 -9999 -9999 -9999 -9999 9.36 7.38 11.65 11.69 19.73 10.48 10.33 9.20 6.60 5.74 6.49 6.50 15.49 9.23 10.79 16.26 13.42 10.49 9.78 14.52 10.37 13.27 10.94 9.42 8.61 8.29 7.62 8.05 10.86 12.10 10.96 10.31 9.51 10.64 11.70 11.27 11.95 11.74 13.77 -9999 -9999 -9999 -9999 -9999 -9999 -9999 -9999 -9999 -9999 -9999 -9999 -9999 -9999 -9999 -9999
-9999 -9999 -9999 -9999 -9999 -9999 -9999 -9999 10.26 13.44 12.79 11.72 -9999 -9999 -9999 -9999 -9999 -9999 -9999 -9999 -9999 -9999 -9999 9.74 11.83 12.44 12.90 10.41 11.28 8.94 8.04 6.55 5.99 8.16 6.77 6.20 15.94 11.46 10.82 14.96 12.93 16.07 12.86 13.29 11.45 10.57 9.68 9.26 8.19 7.37 8.50 10.16 9.57 10.46 11.11 10.34 10.73 10.42 10.80 11.30 9.81 12.89 11.73 -9999 -9999 -9999 -9999 -9999 -9999 -9999 -9999 -9999 -9999 -9999 -9999 -9999 -9999 -9999
-9999 -9999 -9999 -9999 -9999 -9999 -9999 8.70 13.04 14.77 18.24 11.57 -9999 -9999 -9999 -9999 -9999 -9999 -9999 -9999 -9999 -9999 -9999 11.12 15.71 12.50 8.31 9.87 8.62 9.15 6.93 5.84 6.89 8.11 5.60 12.92 10.46 14.00 11.11 16.57 10.78 12.50 10.57 12.78 10.90 10.87 10.50 8.86 8.43 7.30 7.13 10.59 11.36 11.08 9.63 9.56 9.08 9.02 9.38 11.28 11.44 11.06 12.04 -9999 -9999 -9999 -9999 -9999 -9999 -9999 -9999 -9999 -9999 -9999 -9999 -9999 -9999 -9999
-9999 -9999 -9999 -9999 -9999 -9999 9.43 8.80 16.36 13.42 12.94 -9999 -9999 -9999 -9999 -9999 -9999 -9999 -9999 -9999 -9999 -9999 -9999 -9999 11.22 8.93 8.33 10.56 7.61 9.68 7.44 6.61 6.38 6.91 5.28 12.30 12.75 14.29 14.00 15.49 15.28 15.37 14.31 13.42 13.28 12.47 9.80 8.97 8.36 7.34 6.93 7.80 12.86 11.70 8.89 8.19 8.19 7.77 7.93 8.29 8.70 8.51 9.58 11.23 12.08 -9999 -9999 -9999 -9999 -9999 -9999 -9999 -9999 -9999 -9999 -9999 -9999 -9999
-9999 -9999 -9999 -9999 -9999 -9999 11.32 12.79 9.13 10.28 11.24 -9999 -9999 -9999 -9999 -9999 -9999 -9999 -9999 -9999 -9999 -9999 -9999 -9999 -9999 9.53 9.99 9.07 7.91 9.11 8.19 8.03 7.49 8.09 5.71 12.49 11.64 10.69 13.89 13.21 12.16 16.71 16.84 13.04 14.47 12.77 11.72 9.12 8.18 7.67 7.21 7.37 8.50 9.03 8.28 8.24 8.10 8.05 7.86 7.99 8.05 8.23 11.35 11.62 11.34 -9999 -9999 -9999 -9999 -9999 -9999 -9999 -9999 -9999 -9999 -9999 -9999 -9999
-9999 -9999 -9999 -9999 -9999 -9999 11.83 10.17 10.81 10.19 -9999 -9999 -9999 -9999 -9999 -9999 -9999 -9999 -9999 -9999 -9999 -9999 -9999 -9999 -9999 10.53 10.43 9.73 -9999 9.41 -9999 8.64 7.86 7.55 6.44 6.87 12.43 11.15 12.05 16.19 8.67 9.90 16.14 14.24 13.51 12.79 11.06 9.27 8.55 8.31 7.74 7.55 7.75 8.68 9.76 8.55 9.13 8.17 7.68 8.86 10.09 9.62 8.92 8.93 10.88 12.91 13.60 -9999 -9999 -9999 -9999 -9999 -9999 -9999 -9999 -9999 -9999 -9999
-9999 -9999 -9999 -9999 -9999 11.64 10.36 9.90 -9999 -9999 -9999 -9999 -9999 -9999 -9999 -9999 -9999 -9999 -9999 -9999 -9999 -9999 -9999 -9999 -9999 11.57 10.48 9.54 -9999 -9999 -9999 8.53 9.53 6.82 8.07 9.46 7.81 7.39 9.42 14.17 13.88 8.63 13.53 15.39 12.50 13.40 11.83 10.28 8.13 8.16 7.83 7.68 7.67 7.89 8.24 8.19 8.54 7.40 8.52 9.85 10.59 10.81 10.55 9.61 9.63 10.98 12.43 -9999 -9999 -9999 -9999 -9999 -9999 -9999 -9999 -9999 -9999 -9999
-9999 -9999 -9999 -9999 -9999 -9999 -9999 -9999 -9999 -9999 -9999 -9999 -9999 -9999 -9999 -9999 -9999 -9999 -9999 -9999 -9999 -9999 -9999 -9999 -9999 -9999 -9999 -9999 -9999 -9999 9.27 7.32 7.45 9.87 11.13 11.65 11.37 9.41 9.84 13.00 12.66 10.60 8.69 12.39 13.96 12.08 10.95 9.83 8.76 8.34 8.40 7.77 7.47 7.46 7.42 7.29 6.75 8.04 11.47 10.07 10.71 9.74 9.73 8.81 9.64 10.82 -9999 -9999 -9999 -9999 -9999 -9999 -9999 -9999 -9999 -9999 -9999 -9999
-9999 -9999 -9999 -9999 -9999 -9999 -9999 -9999 -9999 -9999 -9999 -9999 -9999 -9999 -9999 -9999 -9999 -9999 -9999 -9999 -9999 -9999 -9999 -9999 -9999 -9999 -9999 -9999 -9999 -9999 8.63 7.03 8.79 12.31 15.11 13.45 10.13 11.20 8.53 9.19 8.65 10.46 11.08 12.18 12.52 11.84 10.43 9.72 9.14 8.24 8.24 7.41 7.16 7.10 7.17 7.06 6.52 7.46 12.10 11.60 9.77 9.22 8.89 8.66 9.58 11.09 -9999 -9999 -9999 -9999 -9999 -9999 -9999 -9999 -9999 -9999 -9999 -9999
-9999 -9999 -9999 -9999 -9999 -9999 -9999 -9999 -9999 -9999 -9999 -9999 -9999 -9999 -9999 -9999 -9999 -9999 -9999 -9999 -9999 -9999 -9999 -9999 -9999 -9999 -9999 -9999 -9999 -9999 7.92 6.41 7.12 10.71 12.17 11.54 10.36 10.21 9.56 10.00 8.85 8.90 9.45 7.89 12.31 10.49 11.42 9.91 9.41 7.90 7.28 6.96 6.64 6.66 6.73 6.89 6.81 6.99 9.61 10.92 10.14 9.29 9.04 8.73 9.46 10.74 -9999 -9999 -9999 -9999 -9999 -9999 -9999 -9999 -9999 -9999 -9999 -9999
-9999 -9999 -9999 -9999 -9999 -9999 -9999 -9999 -9999 -9999 -9999 -9999 -9999 -9999 -9999 -9999 -9999 -9999 -9999 -9999 -9999 -9999 -9999 -9999 -9999 -9999 -9999 -9999 10.78 9.19 7.31 6.22 9.26 11.48 14.61 11.03 12.56 7.83 9.13 9.06 10.68 11.46 10.79 12.45 8.56 8.69 8.60 8.32 7.66 8.21 6.80 6.32 6.42 6.16 6.34 6.77 6.90 7.22 7.98 10.28 10.10 9.36 8.95 8.78 9.06 10.06 11.33 -9999 -9999 -9999 -9999 -9999 -9999 -9999 -9999 -9999 -9999 -9999
-9999 -9999 -9999 -9999 -9999 -9999 -9999 -9999 -9999 -9999 -9999 -9999 -9999 -9999 -9999 -9999 -9999 -9999 -9999 -9999 -9999 -9999 -9999 -9999 -9999 -9999 -9999 -9999 10.06 8.39 7.31 6.72 7.35 10.69 8.55 8.51 6.78 8.63 12.00 9.73 11.84 11.18 12.33 8.52 12.18 9.55 10.50 9.63 9.27 7.65 6.86 6.20 5.87 5.88 6.15 6.52 6.99 7.27 7.62 8.66 10.33 9.79 8.98 8.86 8.71 9.29 10.73 -9999 -9999 -9999 -9999 -9999 -9999 -9999 -9999 -9999 -9999 -9999
-9999 -9999 -9999 -9999 -9999 -9999 -9999 -9999 -9999 -9999 -9999 -9999 -9999 -9999 -9999 -9999 -9999 -9999 -9999 -9999 -9999 -9999 -9999 -9999 -9999 -9999 -9999 -9999 10.06 8.24 7.60 7.18 7.56 8.39 8.94 8.08 7.27 9.08 9.65 9.11 11.04 13.34 10.69 9.98 8.26 9.85 7.80 8.14 8.37 8.22 6.96 6.45 5.84 5.82 6.11 6.52 7.02 7.43 7.63 8.23 9.79 10.65 9.37 8.76 8.59 8.70 9.68 11.07 -9999 -9999 -9999 -9999 -9999 -9999 -9999 -9999 -9999 -9999
-9999 -9999 -9999 -9999 -9999 -9999 -9999 -9999 -9999 -9999 -9999 -9999 -9999 -9999 -9999 -9999 -9999 -9999 -9999 -9999 -9999 -9999 -9999 -9999 -9999 -9999 -9999 -9999 9.75 8.37 7.92 7.89 7.74 7.81 7.93 8.87 10.11 7.75 7.86 9.15 13.64 13.53 14.26 12.32 9.88 9.28 9.57 7.82 6.81 7.56 7.72 6.47 5.91 5.96 6.07 6.62 7.23 7.76 7.90 8.21 10.06 11.35 10.09 9.41 9.13 8.64 8.84 10.14 11.44 -9999 -9999 -9999 -9999 -9999 -9999 -9999 -9999 -9999
-9999 -9999 -9999 -9999 -9999 -9999 -9999 -9999 -9999 -9999 -9999 -9999 -9999 -9999 -9999 -9999 -9999 -9999 -9999 -9999 -9999 -9999 -9999 -9999 -9999 -9999 -9999 -9999 9.76 8.18 7.79 7.58 7.34 7.06 8.21 8.14 9.15 9.62 11.64 13.15 13.97 11.48 13.14 11.13 10.49 8.68 9.87 8.92 7.71 6.80 6.42 6.43 6.10 6.21 6.54 7.10 7.62 8.17 8.49 8.79 9.36 10.50 10.28 9.68 9.50 9.29 8.98 9.13 10.56 -9999 -9999 -9999 -9999 -9999 -9999 -9999 -9999 -9999
-9999 -9999 -9999 -9999 -9999 -9999 -9999 -9999 -9999 -9999 -9999 -9999 -9999 -9999 -9999 -9999 -9999 -9999 -9999 -9999 -9999 -9999 -9999 -9999 -9999 -9999 -9999 -9999 -9999 8.24 7.88 7.48 6.91 7.46 9.72 9.99 10.60 9.34 9.14 11.38 11.30 13.19 12.36 9.93 7.86 8.27 8.05 9.03 7.81 7.30 7.70 7.26 6.59 6.93 7.19 7.72 8.02 8.38 8.75 9.12 9.45 9.35 9.65 9.82 9.87 -9999 9.58 9.86 10.70 12.22 -9999 -9999 -9999 -9999 -9999 -9999 -9999 -9999
-9999 -9999 -9999 -9999 -9999 -9999 -9999 -9999 -9999 -9999 -9999 -9999 -9999 -9999 -9999 -9999 -9999 -9999 -9999 -9999 -9999 -9999 -9999 -9999 -9999 -9999 -9999 -9999 9.54 8.18 7.82 7.15 6.61 6.76 11.02 11.80 9.77 12.50 12.02 10.15 10.08 14.51 12.85 13.16 9.94 7.85 9.60 7.84 7.04 7.64 7.74 7.43 7.71 7.63 7.99 8.31 8.59 8.53 8.61 10.13 9.48 8.87 10.17 9.55 9.69 9.68 -9999 10.55 11.26 12.46 13.39 -9999 -9999 -9999 -9999 -9999 -9999 -9999
-9999 -9999 -9999 -9999 -9999 -9999 -9999 -9999 -9999 -9999 -9999 -9999 -9999 -9999 -9999 -9999 -9999 -9999 -9999 -9999 -9999 -9999 -9999 -9999 -9999 -9999 -9999 -9999 9.24 7.90 7.60 7.13 8.59 7.56 8.81 11.96 8.90 9.31 9.67 7.76 7.87 12.04 11.98 12.05 8.68 10.30 10.80 8.19 8.99 8.03 8.60 8.59 8.52 8.40 8.66 8.83 8.84 8.63 8.44 8.61 9.09 8.17 8.43 9.22 8.90 9.64 9.97 -9999 -9999 -9999 -9999 -9999 -9999 -9999 -9999 -9999 -9999 -9999
-9999 -9999 -9999 -9999 -9999 -9999 -9999 -9999 -9999 -9999 -9999 -9999 -9999 -9999 -9999 -9999 -9999 -9999 -9999 -9999 -9999 -9999 -9999 -9999 -9999 -9999 -9999 10.65 8.56 7.62 8.38 8.02 8.18 7.77 8.84 9.15 8.62 8.38 7.93 7.69 8.06 10.94 13.76 14.21 10.07 12.31 11.33 8.48 8.50 7.45 8.22 8.96 8.95 8.83 9.22 9.22 9.08 8.99 8.57 8.61 8.71 8.47 8.19 9.66 9.33 9.29 9.42 10.42 11.44 -9999 -9999 -9999 -9999 -9999 -9999 -9999 -9999 -9999
-9999 -9999 -9999 -9999 -9999 -9999 -9999 -9999 -9999 -9999 -9999 -9999 -9999 -9999 -9999 -9999 -9999 -9999 -9999 -9999 -9999 -9999 -9999 -9999 -9999 -9999 -9999 -9999 8.72 7.68 7.70 8.19 10.05 7.94 7.75 7.80 8.26 8.56 8.00 7.66 7.48 7.85 11.94 13.75 14.73 11.75 11.87 10.29 8.83 8.98 7.21 8.11 9.75 9.17 9.25 9.17 9.12 9.14 8.72 8.63 8.92 8.50 7.93 8.10 10.59 9.59 9.19 9.43 10.05 11.07 12.29 -9999 -9999 -9999 -9999 -9999 -9999 -9999
-9999 -9999 -9999 -9999 -9999 -9999 -9999 -9999 -9999 -9999 -9999 -9999 -9999 -9999 -9999 -9999 -9999 -9999 -9999 -9999 -9999 -9999 -9999 -9999 -9999 -9999 -9999 -9999 8.69 8.07 7.69 7.91 8.19 8.29 8.05 7.64 7.83 7.52 7.34 7.36 7.44 8.27 8.01 13.08 15.37 15.42 12.98 11.11 9.73 8.14 8.55 8.43 10.26 9.40 9.41 9.18 9.17 9.03 8.73 8.90 8.94 8.65 7.98 8.37 10.40 9.94 10.19 8.98 8.89 9.70 10.98 -9999 -9999 -9999 -9999 -9999 -9999 -9999
-9999 -9999 -9999 -9999 -9999 -9999 -9999 -9999 13.06 12.38 12.94 14.09 -9999 -9999 -9999 -9999 -9999 -9999 -9999 -9999 -9999 -9999 -9999 -9999 -9999 -9999 -9999 9.21 8.18 8.50 7.93 8.81 8.41 7.90 7.84 7.90 7.69 7.70 7.56 7.52 7.52 7.54 10.57 13.38 13.35 10.81 13.83 12.68 8.91 8.63 6.84 10.19 10.79 9.57 9.52 9.26 9.15 8.96 8.65 8.78 9.22 9.03 8.21 8.15 8.59 10.43 10.30 10.67 8.83 8.57 9.77 11.29 -9999 -9999 -9999 -9999 -9999 -9999
-9999 -9999 -9999 -9999 -9999 -9999 -9999 -9999 12.29 11.57 11.52 12.11 -9999 -9999 -9999 -9999 -9999 -9999 -9999 -9999 -9999 -9999 -9999 -9999 -9999 -9999 9.11 8.87 8.24 8.55 9.48 8.31 8.42 7.53 7.55 7.79 7.65 7.91 8.08 7.41 7.15 7.48 9.27 15.07 14.99 10.76 12.21 11.49 10.76 7.66 6.90 9.24 10.33 9.69 8.96 8.85 8.91 9.09 8.71 8.71 9.02 9.48 8.72 8.42 8.33 10.02 10.10 10.09 9.00 8.66 8.99 10.50 -9999 -9999 -9999 -9999 -9999 -9999
-9999 -9999 -9999 -9999 -9999 -9999 15.32 12.11 10.50 10.88 10.69 11.77 11.62 12.87 13.83 -9999 -9999 13.38 11.31 -9999 -9999 -9999 8.57 9.99 9.74 -9999 7.64 9.24 8.53 8.20 8.67 8.14 8.53 8.43 8.92 8.45 8.50 7.73 8.15 7.56 7.79 11.55 9.00 11.00 13.38 8.09 9.54 14.34 8.77 10.09 8.02 9.10 9.60 9.17 8.96 8.88 8.79 8.87 8.39 8.72 8.84 9.67 8.80 8.38 8.31 8.71 9.44 10.50 10.00 8.74 8.53 9.75 11.40 -9999 -9999 -9999 -9999 -9999
-9999 -9999 -9999 -9999 -9999 -9999 -9999 12.56 11.03 10.39 9.99 10.34 11.78 13.70 11.95 -9999 11.81 11.31 11.75 10.09 10.61 7.32 6.21 10.21 10.67 9.78 -9999 7.45 8.85 8.68 7.99 7.96 8.79 8.18 7.93 7.88 7.81 8.06 7.77 8.09 8.06 11.72 12.42 11.85 12.16 10.90 12.37 12.68 10.90 8.32 7.81 9.85 9.93 8.58 9.11 8.65 9.02 8.89 8.33 8.53 8.71 9.72 8.88 8.30 8.18 8.03 8.85 9.72 10.48 9.47 8.61 9.10 10.69 -9999 -9999 -9999 -9999 -9999
