ML/MeanWindSpeed_1991-09_Actual.txt
ncols         180
nrows         290
xllcorner     -200000
yllcorner     -200000
cellsize      5000
NODATA_value  -9999
[rows 210 to 244 of 290, columns 79 to 157 of 180]
11.00 9.96 11.41 11.38 -9999 -9999 -9999 -9999 -9999 -9999 -9999 7.37 7.43 8.20 7.25 6.92 6.75 8.15 9.91 11.90 11.55 10.02 8.75 8.20 7.64 10.11 10.02 7.00 6.05 8.91 9.20 10.11 7.78 7.13 6.72 6.31 7.24 7.79 7.64 7.84 7.63 7.39 7.22 7.05 6.92 7.00 6.98 7.41 6.95 6.83 6.71 6.60 6.53 6.10 6.43 7.13 6.80 6.17 7.15 7.11 6.88 6.67 5.84 5.30 5.71 6.17 5.95 5.39 5.26 6.06 5.34 5.60 6.34 5.94 6.04 6.06 5.61 5.46 5.78
11.23 -9999 -9999 -9999 -9999 -9999 -9999 -9999 -9999 10.60 9.42 9.11 10.15 9.72 8.50 7.38 7.42 7.41 9.36 10.61 10.37 7.58 7.39 9.87 9.15 9.25 7.67 6.64 6.55 8.65 8.88 8.68 7.55 7.24 6.89 5.90 8.28 8.54 7.67 7.73 7.47 7.36 7.20 6.98 7.30 7.03 7.21 6.80 6.70 6.66 6.72 6.53 6.46 5.89 6.92 7.95 6.81 7.01 5.75 6.62 6.35 5.80 5.95 5.52 5.60 6.15 5.70 5.14 5.19 5.19 5.59 6.02 5.65 6.13 6.03 5.50 5.45 6.38 6.02
-9999 -9999 -9999 -9999 -9999 -9999 -9999 -9999 -9999 11.64 11.18 9.85 10.90 11.32 -9999 -9999 8.05 9.95 6.77 8.14 7.94 7.95 8.53 9.71 7.93 7.62 7.88 7.72 8.31 8.68 8.67 8.06 7.60 7.84 6.56 6.84 8.50 7.76 7.46 7.23 7.30 7.67 7.51 7.08 6.95 6.50 6.59 6.93 7.24 7.02 7.44 6.51 5.95 6.54 8.31 6.95 6.89 6.36 5.21 6.15 5.73 5.35 5.33 5.23 5.04 5.15 6.24 5.42 5.35 5.32 5.34 5.45 5.31 5.15 6.19 5.74 6.25 7.03 7.02
-9999 -9999 -9999 -9999 -9999 -9999 -9999 -9999 -9999 -9999 -9999 -9999 -9999 -9999 -9999 -9999 9.52 8.75 8.42 7.77 7.10 7.01 7.39 8.24 8.12 8.33 8.76 9.22 9.68 9.50 -9999 8.10 7.57 6.98 6.47 7.01 8.33 7.79 7.82 7.32 6.82 6.79 7.39 6.74 6.62 7.30 7.35 7.10 7.66 8.28 7.40 7.08 6.73 6.92 7.79 6.75 6.59 6.28 5.56 5.24 4.98 5.14 5.46 5.10 4.79 5.04 5.28 5.28 5.29 5.28 5.30 5.31 5.46 5.62 5.94 5.93 6.32 6.71 -9999
-9999 -9999 -9999 -9999 -9999 -9999 -9999 -9999 -9999 -9999 -9999 -9999 -9999 -9999 -9999 -9999 -9999 9.65 8.59 7.71 7.73 8.17 7.48 7.60 8.13 9.08 -9999 -9999 -9999 -9999 8.86 7.93 7.38 6.60 6.35 7.00 8.28 7.82 7.96 7.33 6.53 7.02 6.80 7.62 7.15 8.32 7.34 7.41 7.14 7.39 7.30 6.85 7.36 6.19 6.55 6.64 5.56 5.52 5.11 4.79 4.51 4.18 4.13 4.39 4.32 4.51 4.72 4.89 4.93 5.89 6.11 5.32 5.40 5.57 5.70 5.93 6.72 7.70 7.63
-9999 -9999 -9999 -9999 -9999 -9999 -9999 -9999 -9999 -9999 -9999 -9999 -9999 -9999 -9999 -9999 -9999 -9999 9.47 9.96 9.00 8.26 8.61 8.80 9.43 -9999 -9999 -9999 -9999 9.17 8.94 8.68 6.49 6.02 6.08 7.83 8.46 8.20 7.68 6.77 6.60 6.48 7.51 8.37 7.58 7.57 7.15 7.29 7.14 6.42 6.74 6.76 6.47 6.30 6.13 5.74 5.08 4.93 5.21 5.30 5.18 4.20 4.11 4.15 4.16 4.76 4.95 5.23 4.97 5.52 5.46 5.33 6.00 5.44 5.92 6.06 6.68 6.38 6.68
-9999 -9999 -9999 -9999 -9999 -9999 -9999 -9999 -9999 -9999 -9999 -9999 -9999 -9999 -9999 -9999 -9999 -9999 -9999 10.27 10.15 9.50 9.71 9.49 10.54 -9999 -9999 -9999 8.70 7.16 6.92 8.17 7.79 7.08 6.23 7.28 6.93 8.04 7.38 6.15 6.88 7.56 7.54 7.18 7.70 7.13 6.85 6.72 6.32 6.20 6.11 6.18 6.46 6.05 5.41 5.01 4.71 4.56 5.07 4.97 5.03 4.68 4.23 4.28 4.30 4.58 4.78 5.08 5.07 5.17 4.95 5.40 5.70 5.97 5.73 5.05 6.35 5.50 6.15
-9999 -9999 -9999 -9999 -9999 -9999 -9999 -9999 -9999 -9999 -9999 -9999 -9999 -9999 -9999 -9999 -9999 -9999 -9999 -9999 -9999 -9999 -9999 -9999 -9999 -9999 -9999 10.44 7.69 6.38 6.40 7.86 6.73 7.14 7.55 7.52 7.58 7.64 6.46 6.07 6.19 6.79 6.64 6.75 6.80 6.87 6.64 6.59 7.68 6.59 6.62 6.11 6.35 6.08 5.17 4.75 4.12 4.31 4.87 4.56 4.36 4.36 4.39 4.26 4.72 4.68 5.09 4.88 5.56 5.83 5.32 4.48 6.41 6.89 5.58 4.62 6.59 5.99 5.74
-9999 -9999 -9999 -9999 -9999 -9999 -9999 -9999 -9999 -9999 -9999 -9999 -9999 -9999 -9999 -9999 -9999 -9999 -9999 -9999 -9999 -9999 -9999 -9999 -9999 -9999 -9999 8.59 7.40 6.31 9.97 8.87 6.64 7.11 7.60 7.87 8.02 6.79 6.41 6.10 5.89 6.60 6.32 6.13 7.25 7.00 7.71 6.73 6.94 7.76 6.65 6.32 6.14 5.50 5.01 4.46 4.06 4.23 4.28 4.42 4.21 4.10 4.17 3.99 4.35 5.69 5.30 5.80 6.12 6.72 5.53 4.68 5.66 5.90 4.79 4.14 4.51 5.55 5.99
-9999 -9999 -9999 -9999 -9999 -9999 -9999 -9999 -9999 -9999 -9999 -9999 -9999 -9999 -9999 -9999 -9999 -9999 -9999 -9999 -9999 -9999 -9999 -9999 -9999 -9999 -9999 8.43 6.35 5.08 6.70 9.31 8.69 8.22 7.58 8.38 7.00 6.50 6.06 7.06 6.98 7.42 7.00 6.53 6.72 6.55 6.75 6.99 6.97 6.32 6.22 6.20 6.08 5.44 4.92 4.48 4.19 4.41 4.28 4.05 3.64 3.87 4.70 5.30 4.90 5.56 5.40 5.40 5.47 5.94 7.08 6.80 5.36 5.18 5.28 5.18 4.86 4.81 4.70
-9999 -9999 -9999 -9999 -9999 -9999 -9999 -9999 -9999 -9999 10.53 10.54 8.82 12.03 11.68 11.88 12.39 14.01 9.05 13.08 9.98 -9999 -9999 -9999 -9999 -9999 -9999 8.17 7.06 6.36 5.41 6.01 7.58 8.83 8.54 7.54 6.75 6.48 6.93 7.72 7.09 6.51 6.41 5.98 6.53 6.72 6.36 6.05 5.90 6.09 5.58 5.94 6.17 6.49 5.51 4.80 4.88 4.68 4.27 4.59 3.72 3.63 4.98 5.89 5.05 4.65 4.91 5.00 4.93 4.83 5.01 4.96 4.70 4.53 4.36 4.23 4.10 4.21 4.09
-9999 -9999 -9999 -9999 -9999 -9999 -9999 -9999 -9999 -9999 11.26 10.33 9.77 8.02 9.75 11.24 11.09 11.94 12.42 10.62 9.68 8.48 9.15 11.09 9.80 9.10 8.16 7.69 7.14 6.75 6.21 5.53 5.75 7.71 7.82 7.04 6.39 8.30 7.19 6.41 6.69 6.91 6.18 5.84 6.54 6.52 6.63 6.33 6.22 5.36 5.42 5.67 5.65 5.61 6.02 6.02 4.70 4.33 4.04 3.83 4.39 3.85 6.75 5.73 5.44 4.97 4.60 4.67 4.64 5.30 5.27 4.33 5.46 5.10 5.43 4.44 4.48 4.18 4.06
-9999 -9999 -9999 -9999 -9999 -9999 -9999 -9999 -9999 10.65 9.33 8.35 7.50 6.60 8.45 10.76 10.68 10.17 10.21 10.35 9.68 8.39 7.91 8.96 10.08 8.24 7.71 7.20 7.17 7.66 6.54 6.24 6.98 6.89 6.60 6.62 8.16 6.89 7.83 7.29 6.67 5.99 6.25 5.96 6.54 6.75 6.39 6.61 5.86 6.00 5.76 5.54 5.38 6.33 6.85 5.21 4.32 4.39 5.98 4.85 4.48 4.68 4.73 4.97 5.10 4.70 4.53 4.92 5.67 5.10 4.37 4.29 5.53 5.09 4.91 5.13 4.98 4.60 4.54
-9999 -9999 -9999 -9999 -9999 -9999 -9999 -9999 -9999 -9999 8.96 7.52 6.79 8.03 7.86 8.52 10.70 9.86 8.43 7.60 9.57 11.11 9.38 7.85 8.33 9.84 8.40 7.04 6.91 6.73 7.10 6.95 6.17 6.16 6.36 6.77 7.37 6.46 7.61 6.82 6.72 6.59 6.65 6.08 6.69 6.94 6.70 5.61 5.68 6.13 5.48 5.00 4.74 5.50 6.48 6.11 4.57 4.77 5.73 5.55 4.98 4.39 4.31 4.08 4.26 5.34 5.10 4.84 5.24 5.95 5.41 5.06 5.57 5.52 4.83 5.38 4.63 5.12 4.37
-9999 -9999 -9999 -9999 -9999 -9999 12.13 -9999 -9999 10.05 8.85 9.05 7.15 8.58 7.52 7.32 7.69 8.22 8.81 7.62 9.21 10.47 8.92 8.05 7.33 7.55 7.41 6.91 6.84 6.91 7.37 6.43 6.06 6.45 7.61 6.60 6.95 6.13 6.79 6.47 7.05 7.61 7.01 6.17 5.92 6.05 5.79 5.46 6.53 5.79 5.21 6.41 5.17 5.26 6.74 7.39 4.86 5.05 5.41 5.22 4.82 4.47 4.36 4.53 4.88 5.20 4.60 4.23 4.20 4.60 4.76 4.84 5.40 4.93 4.87 4.75 4.32 4.25 4.13
-9999 -9999 -9999 -9999 -9999 10.91 11.81 11.68 11.28 9.12 8.45 9.87 8.43 7.54 7.80 7.15 8.17 8.77 9.35 8.18 8.17 8.83 8.26 7.59 7.28 7.48 7.81 7.74 6.98 6.77 6.73 6.17 6.00 7.23 7.29 6.47 6.61 6.67 7.58 7.02 7.06 7.94 6.96 6.65 5.87 6.36 6.05 6.18 5.77 5.49 5.02 5.79 5.69 5.18 6.08 5.77 5.23 5.06 4.86 5.33 5.19 4.92 4.63 4.35 4.25 4.16 4.46 4.65 4.49 3.89 4.24 4.56 5.20 5.49 5.17 4.26 4.87 4.73 4.63
-9999 -9999 -9999 -9999 -9999 10.22 10.28 9.64 10.03 9.24 8.64 8.09 9.45 9.18 8.30 8.96 8.73 8.65 9.66 8.81 8.82 8.78 7.32 8.15 9.59 9.24 8.35 7.54 6.84 6.97 7.15 7.09 6.51 7.39 6.96 7.21 6.28 5.62 6.78 7.67 6.90 6.93 6.67 6.13 6.24 6.75 6.13 5.66 6.18 6.28 5.27 5.47 5.42 5.32 5.96 6.20 6.23 7.19 5.36 5.43 4.75 4.46 4.62 4.67 4.25 4.03 4.34 4.88 4.62 4.23 4.03 4.57 4.62 4.68 4.77 4.89 4.11 4.48 5.15
-9999 -9999 -9999 -9999 -9999 10.45 9.60 9.23 9.61 9.35 9.27 8.40 8.84 8.81 7.78 8.51 8.47 8.99 9.37 9.14 7.42 6.64 6.56 8.36 8.58 9.08 9.37 7.69 7.34 7.23 6.72 7.22 6.60 7.24 6.87 6.79 6.48 5.90 7.09 6.69 6.70 6.59 6.32 6.03 6.19 6.74 6.71 5.85 5.70 5.90 6.46 5.54 5.66 5.44 5.67 5.64 5.68 6.11 5.77 6.36 6.73 4.11 6.59 5.45 4.01 4.10 6.53 6.63 6.34 4.20 4.16 4.31 4.18 4.43 4.18 4.98 5.73 7.43 6.66
-9999 -9999 -9999 -9999 -9999 9.38 9.06 9.01 9.00 8.80 8.79 8.40 8.12 8.85 8.31 8.24 8.58 7.96 8.08 8.05 7.94 6.21 7.18 8.94 8.42 9.26 9.12 7.79 7.76 7.75 6.81 6.89 6.91 6.85 6.63 6.57 7.07 7.64 6.27 6.79 6.60 6.51 6.21 6.03 6.26 6.61 6.08 6.14 5.99 6.29 6.59 6.97 6.45 7.02 6.61 6.13 5.89 5.59 5.24 5.19 5.25 4.67 6.01 5.84 6.20 5.78 6.20 6.68 7.02 4.55 4.61 4.48 4.52 4.69 5.32 6.12 6.33 -9999 -9999
-9999 -9999 -9999 -9999 -9999 8.70 8.48 8.52 8.93 9.42 8.91 8.58 8.26 8.62 9.41 8.91 8.43 7.76 7.98 7.66 7.32 7.18 7.03 7.57 7.47 8.95 7.95 6.49 8.26 7.79 6.76 8.50 7.50 7.90 8.23 7.72 7.52 7.86 6.91 6.28 6.53 6.40 5.91 5.93 6.08 6.43 5.93 6.19 6.88 7.39 7.29 7.27 7.40 7.36 7.44 7.29 6.89 6.27 5.97 6.17 6.41 6.48 6.74 6.85 6.94 -9999 -9999 6.46 6.61 6.16 5.73 5.18 7.21 5.78 -9999 -9999 -9999 -9999 -9999
-9999 -9999 -9999 -9999 10.56 8.94 8.61 7.89 8.58 8.85 9.64 8.76 9.43 9.15 9.43 8.83 8.31 7.92 7.81 7.36 6.93 6.82 7.11 7.93 8.47 8.16 6.95 8.79 9.21 7.06 6.34 7.02 7.05 7.97 7.98 7.19 7.05 6.83 6.57 7.01 6.77 6.78 6.41 6.27 6.59 7.17 7.06 6.89 6.99 7.23 7.51 -9999 -9999 8.10 8.62 8.60 8.15 7.71 7.34 7.38 -9999 -9999 -9999 -9999 -9999 -9999 -9999 -9999 -9999 -9999 6.42 6.81 8.03 6.96 -9999 -9999 -9999 -9999 -9999
-9999 -9999 -9999 11.31 10.12 8.78 8.97 7.93 7.81 7.63 7.48 7.42 10.29 10.98 9.94 9.32 9.09 9.28 8.30 7.42 6.91 7.11 7.22 9.58 10.31 9.82 9.53 10.59 8.56 8.17 7.71 8.15 8.74 7.60 6.81 7.22 6.69 6.78 6.55 6.58 6.48 7.51 8.21 8.14 7.93 7.92 8.12 7.54 -9999 6.72 7.36 7.29 7.66 8.16 -9999 -9999 -9999 -9999 8.50 -9999 -9999 -9999 -9999 -9999 -9999 -9999 -9999 -9999 -9999 -9999 -9999 -9999 -9999 -9999 -9999 -9999 -9999 -9999 -9999
-9999 -9999 11.38 11.01 10.83 9.82 8.47 7.88 7.45 6.21 5.55 6.94 11.43 12.73 9.28 8.83 10.75 8.58 9.74 7.63 7.17 9.36 8.64 8.83 9.32 9.65 -9999 -9999 -9999 -9999 -9999 8.40 9.37 8.94 7.72 7.53 7.24 6.78 6.74 6.60 7.01 7.87 -9999 -9999 -9999 -9999 -9999 8.30 8.30 7.54 6.83 6.84 8.36 8.30 -9999 -9999 -9999 -9999 -9999 -9999 -9999 -9999 -9999 -9999 -9999 -9999 -9999 -9999 -9999 -9999 -9999 -9999 -9999 -9999 -9999 -9999 -9999 -9999 -9999
-9999 8.03 8.78 10.31 10.69 9.75 9.24 8.25 6.56 6.48 5.95 7.90 10.46 11.86 11.03 10.44 9.09 9.76 8.74 8.76 8.35 9.98 10.01 -9999 -9999 -9999 -9999 -9999 -9999 -9999 -9999 -9999 8.87 9.01 8.02 8.80 9.41 9.50 7.77 9.17 9.11 9.57 -9999 -9999 -9999 -9999 -9999 -9999 -9999 7.34 7.67 6.87 7.57 -9999 -9999 -9999 -9999 -9999 -9999 -9999 -9999 -9999 -9999 -9999 -9999 -9999 -9999 -9999 -9999 -9999 -9999 -9999 -9999 -9999 -9999 -9999 -9999 -9999 -9999
9.69 7.94 8.15 9.39 10.77 11.00 9.56 7.65 7.13 7.02 6.40 7.51 10.11 9.35 9.96 10.11 10.75 6.78 8.91 11.33 9.61 -9999 -9999 -9999 -9999 -9999 -9999 -9999 -9999 -9999 -9999 -9999 -9999 -9999 9.63 -9999 -9999 -9999 -9999 8.54 10.31 10.60 -9999 -9999 -9999 -9999 -9999 -9999 -9999 -9999 7.82 9.35 8.31 -9999 -9999 -9999 -9999 -9999 -9999 -9999 -9999 -9999 -9999 -9999 -9999 -9999 -9999 -9999 -9999 -9999 -9999 -9999 -9999 -9999 -9999 -9999 -9999 -9999 -9999
8.70 7.40 8.12 9.35 9.98 10.66 9.58 8.58 8.83 6.10 4.81 6.08 8.92 9.64 8.73 8.17 9.45 7.58 7.74 8.95 -9999 -9999 -9999 -9999 -9999 -9999 -9999 -9999 -9999 -9999 -9999 -9999 -9999 -9999 10.63 -9999 -9999 -9999 -9999 -9999 -9999 -9999 -9999 -9999 -9999 -9999 -9999 -9999 -9999 -9999 -9999 -9999 -9999 -9999 -9999 -9999 -9999 -9999 -9999 -9999 -9999 -9999 -9999 -9999 -9999 -9999 -9999 -9999 -9999 -9999 -9999 -9999 -9999 -9999 -9999 -9999 -9999 -9999 -9999
9.02 7.73 8.55 8.92 9.06 9.63 8.98 8.53 8.87 5.66 4.66 5.15 7.31 11.31 12.07 7.47 7.78 7.73 8.65 10.61 -9999 -9999 -9999 -9999 -9999 -9999 -9999 -9999 -9999 -9999 -9999 -9999 -9999 -9999 -9999 -9999 -9999 -9999 -9999 -9999 -9999 -9999 -9999 -9999 -9999 -9999 -9999 -9999 -9999 -9999 -9999 -9999 -9999 -9999 -9999 -9999 -9999 -9999 -9999 -9999 -9999 -9999 -9999 -9999 -9999 -9999 -9999 -9999 -9999 -9999 -9999 -9999 -9999 -9999 -9999 -9999 -9999 -9999 -9999
9.88 9.31 9.28 9.00 9.61 8.99 8.50 8.08 6.72 6.35 5.39 4.91 7.24 9.59 9.78 8.51 7.07 7.54 10.09 9.64 -9999 -9999 -9999 -9999 -9999 -9999 -9999 -9999 -9999 -9999 -9999 -9999 -9999 -9999 -9999 -9999 -9999 -9999 -9999 -9999 -9999 -9999 -9999 -9999 -9999 -9999 -9999 -9999 -9999 -9999 -9999 -9999 -9999 -9999 -9999 -9999 -9999 -9999 -9999 -9999 -9999 -9999 -9999 -9999 -9999 -9999 -9999 -9999 -9999 -9999 -9999 -9999 -9999 -9999 -9999 -9999 -9999 -9999 -9999
10.64 10.26 10.05 8.93 9.41 8.89 10.33 9.35 7.80 7.19 7.42 6.08 6.48 7.49 7.56 7.17 7.29 8.18 9.23 9.73 -9999 -9999 -9999 -9999 -9999 -9999 -9999 -9999 -9999 -9999 -9999 -9999 -9999 -9999 -9999 -9999 -9999 -9999 -9999 -9999 -9999 -9999 -9999 -9999 -9999 -9999 -9999 -9999 -9999 -9999 -9999 -9999 -9999 -9999 -9999 -9999 -9999 -9999 -9999 -9999 -9999 -9999 -9999 -9999 -9999 -9999 -9999 -9999 -9999 -9999 -9999 -9999 -9999 -9999 -9999 -9999 -9999 -9999 -9999
9.50 9.83 9.29 10.19 11.49 11.04 9.59 9.34 9.07 8.80 7.79 8.07 7.31 6.44 6.54 7.42 8.41 9.10 9.14 10.21 -9999 -9999 -9999 -9999 -9999 -9999 -9999 -9999 -9999 -9999 -9999 -9999 -9999 -9999 -9999 -9999 -9999 -9999 -9999 -9999 -9999 -9999 -9999 -9999 -9999 -9999 -9999 -9999 -9999 -9999 -9999 -9999 -9999 -9999 -9999 -9999 -9999 -9999 -9999 -9999 -9999 -9999 -9999 -9999 -9999 -9999 -9999 -9999 -9999 -9999 -9999 -9999 -9999 -9999 -9999 -9999 -9999 -9999 -9999
10.21 10.65 -9999 -9999 -9999 -9999 -9999 -9999 -9999 -9999 -9999 9.03 9.32 8.14 7.41 7.05 8.30 9.24 9.36 -9999 -9999 -9999 -9999 -9999 -9999 -9999 -9999 -9999 -9999 -9999 -9999 -9999 -9999 -9999 -9999 -9999 -9999 -9999 -9999 -9999 -9999 -9999 -9999 -9999 -9999 -9999 -9999 -9999 -9999 -9999 -9999 -9999 -9999 -9999 -9999 -9999 -9999 -9999 -9999 -9999 -9999 -9999 -9999 -9999 -9999 -9999 -9999 -9999 -9999 -9999 -9999 -9999 -9999 -9999 -9999 -9999 -9999 -9999 -9999
10.97 11.58 -9999 -9999 -9999 -9999 -9999 -9999 -9999 -9999 -9999 -9999 -9999 -9999 8.30 7.89 8.39 9.01 -9999 -9999 -9999 -9999 -9999 -9999 -9999 -9999 -9999 -9999 -9999 -9999 -9999 -9999 -9999 -9999 -9999 -9999 -9999 -9999 -9999 -9999 -9999 -9999 -9999 -9999 -9999 -9999 -9999 -9999 -9999 -9999 -9999 -9999 -9999 -9999 -9999 -9999 -9999 -9999 -9999 -9999 -9999 -9999 -9999 -9999 -9999 -9999 -9999 -9999 -9999 -9999 -9999 -9999 -9999 -9999 -9999 -9999 -9999 -9999 -9999
-9999 -9999 -9999 -9999 -9999 -9999 -9999 -9999 -9999 -9999 -9999 -9999 -9999 -9999 9.50 10.48 11.14 10.88 -9999 -9999 -9999 -9999 -9999 -9999 -9999 -9999 -9999 -9999 -9999 -9999 -9999 -9999 -9999 -9999 -9999 -9999 -9999 -9999 -9999 -9999 -9999 -9999 -9999 -9999 -9999 -9999 -9999 -9999 -9999 -9999 -9999 -9999 -9999 -9999 -9999 -9999 -9999 -9999 -9999 -9999 -9999 -9999 -9999 -9999 -9999 -9999 -9999 -9999 -9999 -9999 -9999 -9999 -9999 -9999 -9999 -9999 -9999 -9999 -9999
-9999 -9999 -9999 -9999 -9999 -9999 -9999 -9999 -9999 -9999 -9999 -9999 -9999 -9999 -9999 -9999 -9999 -9999 -9999 -9999 -9999 -9999 -9999 -9999 -9999 -9999 -9999 -9999 -9999 -9999 -9999 -9999 -9999 -9999 -9999 -9999 -9999 -9999 -9999 -9999 -9999 -9999 -9999 -9999 -9999 -9999 -9999 -9999 -9999 -9999 -9999 -9999 -9999 -9999 -9999 -9999 -9999 -9999 -9999 -9999 -9999 -9999 -9999 -9999 -9999 -9999 -9999 -9999 -9999 -9999 -9999 -9999 -9999 -9999 -9999 -9999 -9999 -9999 -9999
-9999 -9999 -9999 -9999 -9999 -9999 -9999 -9999 -9999 -9999 -9999 -9999 -9999 -9999 -9999 -9999 -9999 -9999 -9999 -9999 -9999 -9999 -9999 -9999 -9999 -9999 -9999 -9999 -9999 -9999 -9999 -9999 -9999 -9999 -9999 -9999 -9999 -9999 -9999 -9999 -9999 -9999 -9999 -9999 -9999 -9999 -9999 -9999 -9999 -9999 -9999 -9999 -9999 -9999 -9999 -9999 -9999 -9999 -9999 -9999 -9999 -9999 -9999 -9999 -9999 -9999 -9999 -9999 -9999 -9999 -9999 -9999 -9999 -9999 -9999 -9999 -9999 -9999 -9999
