ML/MeanWindSpeed_1992-10_Actual.txt
ncols         180
nrows         290
xllcorner     -200000
yllcorner     -200000
cellsize      5000
NODATA_value  -9999
[rows 140 to 174 of 290, columns 79 to 157 of 180]
-9999 -9999 11.40 -9999 -9999 -9999 9.73 9.49 7.94 7.97 9.09 -9999 -9999 9.14 7.36 9.77 11.04 -9999 -9999 -9999 -9999 -9999 8.81 7.15 4.53 4.62 4.56 5.16 4.79 5.30 4.99 2.80 5.34 8.96 10.75 8.21 9.94 10.80 11.12 8.87 9.51 9.76 8.54 6.61 6.69 6.83 4.29 5.30 7.79 9.40 -9999 -9999 -9999 -9999 -9999 -9999 -9999 -9999 -9999 -9999 -9999 -9999 -9999 -9999 -9999 -9999 -9999 -9999 -9999 -9999 -9999 -9999 -9999 -9999 -9999 -9999 -9999 -9999 -9999
-9999 -9999 11.57 11.46 -9999 -9999 -9999 9.84 9.98 9.58 10.13 -9999 -9999 -9999 -9999 10.30 -9999 -9999 -9999 -9999 -9999 -9999 7.44 5.90 4.61 5.38 6.78 6.90 5.86 5.95 5.17 3.83 4.03 7.67 9.65 6.86 11.83 11.32 12.40 9.52 9.72 11.07 8.62 7.12 6.63 5.14 3.97 5.25 7.37 8.72 -9999 -9999 -9999 -9999 -9999 -9999 -9999 -9999 -9999 -9999 -9999 -9999 -9999 -9999 -9999 -9999 -9999 -9999 -9999 -9999 -9999 -9999 -9999 -9999 -9999 -9999 -9999 -9999 -9999
-9999 -9999 -9999 12.78 -9999 -9999 -9999 -9999 10.43 11.25 11.06 -9999 -9999 -9999 -9999 -9999 -9999 -9999 -9999 -9999 -9999 8.83 6.98 6.29 5.87 6.08 7.93 7.88 7.11 7.02 6.28 5.43 3.54 5.08 11.17 12.09 12.06 11.71 9.38 8.49 8.95 7.51 5.66 7.72 7.81 4.94 4.39 5.61 6.89 7.87 8.71 -9999 -9999 -9999 -9999 -9999 -9999 -9999 -9999 -9999 -9999 -9999 -9999 -9999 -9999 -9999 -9999 -9999 -9999 -9999 -9999 -9999 -9999 -9999 -9999 -9999 -9999 -9999 -9999
-9999 -9999 -9999 13.98 -9999 -9999 -9999 -9999 -9999 -9999 -9999 -9999 -9999 -9999 -9999 -9999 -9999 -9999 -9999 -9999 -9999 8.98 6.59 4.94 3.78 3.09 10.28 8.59 7.68 9.21 6.77 7.42 2.85 2.86 8.73 13.23 10.75 9.21 12.86 14.54 13.10 10.87 9.42 5.67 6.11 5.84 6.56 5.97 6.07 7.09 8.04 8.92 -9999 -9999 -9999 -9999 -9999 -9999 -9999 -9999 -9999 -9999 -9999 -9999 -9999 -9999 -9999 -9999 -9999 -9999 -9999 -9999 -9999 -9999 -9999 -9999 -9999 -9999 -9999
-9999 -9999 -9999 -9999 -9999 -9999 -9999 -9999 -9999 -9999 -9999 -9999 -9999 -9999 -9999 -9999 -9999 -9999 -9999 -9999 9.94 8.26 5.87 4.49 7.14 2.98 14.78 14.44 7.45 8.05 7.13 6.12 5.85 2.83 4.19 12.91 12.96 11.36 10.00 9.08 11.24 10.71 9.53 7.53 6.42 6.14 5.78 5.67 6.21 5.78 6.07 7.39 -9999 -9999 -9999 -9999 -9999 -9999 -9999 -9999 -9999 -9999 -9999 -9999 -9999 -9999 -9999 -9999 -9999 -9999 -9999 -9999 -9999 -9999 -9999 -9999 -9999 -9999 -9999
-9999 -9999 -9999 -9999 -9999 -9999 -9999 -9999 -9999 -9999 -9999 -9999 -9999 -9999 -9999 -9999 -9999 -9999 -9999 -9999 8.74 8.50 5.06 6.98 14.08 6.83 4.04 9.84 10.51 8.18 7.74 6.77 6.04 4.59 4.43 6.33 14.46 12.52 11.75 9.73 9.51 9.45 7.56 7.10 6.97 7.59 6.06 6.67 5.68 5.40 5.00 5.69 7.02 8.35 9.20 -9999 -9999 -9999 -9999 -9999 -9999 -9999 -9999 -9999 -9999 -9999 -9999 -9999 -9999 -9999 -9999 -9999 -9999 -9999 -9999 -9999 -9999 -9999 -9999
-9999 -9999 -9999 -9999 -9999 -9999 -9999 -9999 -9999 -9999 -9999 -9999 -9999 -9999 -9999 -9999 -9999 -9999 -9999 -9999 8.46 7.25 6.16 9.50 6.02 5.48 6.87 10.80 7.57 6.63 9.97 5.11 7.05 5.86 5.77 5.49 8.53 11.07 11.17 10.55 9.99 8.04 7.89 7.14 6.47 6.12 6.22 5.97 5.87 4.88 4.36 4.48 7.71 7.03 8.86 10.65 11.36 -9999 -9999 -9999 -9999 -9999 -9999 -9999 -9999 -9999 -9999 -9999 -9999 -9999 -9999 -9999 -9999 -9999 -9999 -9999 -9999 -9999 -9999
-9999 -9999 -9999 -9999 -9999 -9999 -9999 -9999 -9999 -9999 -9999 -9999 -9999 -9999 -9999 -9999 -9999 -9999 -9999 -9999 8.44 6.73 6.91 11.86 13.16 9.18 5.64 6.50 7.06 9.84 5.62 8.88 7.11 6.55 7.55 6.99 5.36 6.47 10.72 10.50 9.74 8.95 8.03 7.47 7.26 6.95 6.30 6.34 5.83 4.98 5.02 4.88 5.95 8.95 9.07 10.06 12.02 12.66 11.67 -9999 -9999 -9999 -9999 -9999 -9999 -9999 -9999 -9999 -9999 -9999 -9999 -9999 -9999 -9999 -9999 -9999 -9999 -9999 -9999
-9999 -9999 -9999 -9999 -9999 -9999 -9999 -9999 -9999 -9999 -9999 -9999 -9999 -9999 -9999 -9999 -9999 -9999 -9999 -9999 9.20 6.67 7.58 8.76 5.11 16.89 13.53 6.17 7.87 5.68 9.59 10.32 6.81 5.75 6.82 6.92 5.02 12.31 11.18 10.98 11.72 12.10 11.22 8.03 8.97 7.53 6.96 6.76 6.40 6.05 5.61 4.81 5.66 8.49 8.03 8.29 9.38 11.17 10.42 13.61 -9999 -9999 -9999 -9999 -9999 -9999 -9999 -9999 -9999 -9999 -9999 -9999 -9999 -9999 -9999 -9999 -9999 -9999 -9999
-9999 -9999 -9999 -9999 -9999 -9999 -9999 -9999 11.45 12.17 12.78 -9999 -9999 -9999 -9999 -9999 -9999 -9999 -9999 -9999 -9999 8.27 6.13 4.67 7.05 9.46 12.52 6.32 3.44 8.02 7.40 6.43 5.24 7.10 7.30 5.97 6.96 9.62 10.15 13.86 12.83 10.80 10.24 10.83 9.27 7.92 7.35 6.93 6.68 5.86 5.34 9.18 8.26 11.56 12.46 11.80 10.89 8.68 11.86 12.91 12.45 -9999 -9999 -9999 -9999 -9999 -9999 -9999 -9999 -9999 -9999 -9999 -9999 -9999 -9999 -9999 -9999 -9999 -9999
-9999 -9999 -9999 -9999 -9999 -9999 -9999 -9999 9.37 9.79 -9999 -9999 -9999 -9999 -9999 -9999 -9999 -9999 -9999 -9999 -9999 -9999 6.31 3.77 7.57 8.39 15.82 7.90 7.83 6.98 4.64 3.59 3.94 3.80 11.49 5.89 7.25 12.28 10.01 7.64 7.23 11.63 8.13 10.94 9.06 7.86 7.19 6.89 6.07 6.24 8.49 9.52 8.76 8.56 8.36 9.82 10.92 10.70 11.39 11.66 14.13 -9999 -9999 -9999 -9999 -9999 -9999 -9999 -9999 -9999 -9999 -9999 -9999 -9999 -9999 -9999 -9999 -9999 -9999
-9999 -9999 -9999 -9999 -9999 -9999 -9999 7.89 10.23 10.08 10.33 -9999 -9999 -9999 -9999 -9999 -9999 -9999 -9999 -9999 -9999 -9999 6.76 8.14 8.53 9.39 7.45 8.53 6.61 5.93 4.59 3.98 5.67 4.20 3.33 11.93 8.11 7.66 11.35 9.74 12.68 10.04 10.56 9.22 8.71 8.09 7.79 6.85 5.89 6.80 8.28 7.75 8.76 9.76 9.44 10.12 9.97 10.46 11.06 9.95 13.16 12.73 -9999 -9999 -9999 -9999 -9999 -9999 -9999 -9999 -9999 -9999 -9999 -9999 -9999 -9999 -9999 -9999 -9999
-9999 -9999 -9999 -9999 -9999 -9999 6.75 9.83 11.31 15.05 10.09 -9999 -9999 -9999 -9999 -9999 -9999 -9999 -9999 -9999 -9999 -9999 8.45 12.16 8.92 5.40 6.99 6.18 6.83 5.01 3.95 4.71 5.58 3.33 9.46 7.16 10.51 8.06 12.91 7.96 9.51 7.94 10.10 8.68 8.87 8.77 7.46 7.12 5.93 5.74 8.95 9.74 9.65 8.69 8.92 8.77 8.82 9.28 11.11 11.36 11.25 12.56 -9999 -9999 -9999 -9999 -9999 -9999 -9999 -9999 -9999 -9999 -9999 -9999 -9999 -9999 -9999 -9999 -9999
-9999 -9999 -9999 -9999 -9999 8.82 7.25 13.15 10.73 10.95 -9999 -9999 -9999 -9999 -9999 -9999 -9999 -9999 -9999 -9999 -9999 -9999 -9999 8.69 6.15 5.52 7.64 5.30 7.51 5.62 4.74 4.31 4.40 2.92 9.05 9.32 10.66 10.39 11.67 11.71 11.81 10.97 10.54 10.72 10.18 8.09 7.52 7.07 6.08 5.68 6.60 11.27 10.38 8.12 7.72 7.95 7.75 8.05 8.43 8.78 8.63 9.92 11.92 13.24 -9999 -9999 -9999 -9999 -9999 -9999 -9999 -9999 -9999 -9999 -9999 -9999 -9999 -9999 -9999
-9999 -9999 -9999 -9999 -9999 10.92 11.77 8.31 9.34 10.39 -9999 -9999 -9999 -9999 -9999 -9999 -9999 -9999 -9999 -9999 -9999 -9999 -9999 -9999 7.10 7.22 6.49 5.73 7.20 6.52 6.30 5.52 5.53 3.25 9.30 8.54 7.69 10.42 9.62 8.82 13.02 13.23 10.08 11.71 10.46 9.72 7.57 6.86 6.48 6.06 6.26 7.47 8.08 7.59 7.70 7.78 7.86 7.75 7.87 7.95 8.13 11.00 11.70 11.98 -9999 -9999 -9999 -9999 -9999 -9999 -9999 -9999 -9999 -9999 -9999 -9999 -9999 -9999 -9999
-9999 -9999 -9999 -9999 -9999 11.90 10.30 10.99 10.54 -9999 -9999 -9999 -9999 -9999 -9999 -9999 -9999 -9999 -9999 -9999 -9999 -9999 -9999 -9999 8.46 8.04 7.38 -9999 7.83 -9999 7.03 5.96 5.10 3.89 4.33 9.22 8.11 9.03 12.60 5.93 7.24 12.90 11.28 10.89 10.52 9.18 7.67 7.12 6.94 6.50 6.44 6.80 7.77 8.86 7.93 8.56 7.67 7.20 8.31 9.52 9.21 8.69 8.87 11.06 13.55 14.81 -9999 -9999 -9999 -9999 -9999 -9999 -9999 -9999 -9999 -9999 -9999 -9999 -9999
-9999 -9999 -9999 -9999 12.44 11.20 10.71 -9999 -9999 -9999 -9999 -9999 -9999 -9999 -9999 -9999 -9999 -9999 -9999 -9999 -9999 -9999 -9999 -9999 9.95 8.75 7.76 -9999 -9999 -9999 6.84 7.22 4.32 5.33 6.73 5.31 4.83 6.88 11.21 10.91 6.22 10.74 12.50 10.02 11.08 9.86 8.55 6.74 6.83 6.62 6.62 6.82 7.17 7.60 7.63 7.96 6.85 7.78 9.04 9.89 10.27 10.17 9.41 9.81 11.66 13.65 -9999 -9999 -9999 -9999 -9999 -9999 -9999 -9999 -9999 -9999 -9999 -9999 -9999
-9999 -9999 -9999 -9999 -9999 -9999 -9999 -9999 -9999 -9999 -9999 -9999 -9999 -9999 -9999 -9999 -9999 -9999 -9999 -9999 -9999 -9999 -9999 -9999 -9999 -9999 -9999 -9999 -9999 7.80 5.45 4.98 6.73 7.90 8.73 8.61 6.90 7.50 10.40 10.11 8.20 6.59 10.04 11.52 10.02 9.10 8.14 7.30 7.05 7.23 6.82 6.79 6.97 7.06 6.91 6.34 7.44 10.46 9.29 10.05 9.37 9.49 8.74 9.91 11.54 -9999 -9999 -9999 -9999 -9999 -9999 -9999 -9999 -9999 -9999 -9999 -9999 -9999 -9999
-9999 -9999 -9999 -9999 -9999 -9999 -9999 -9999 -9999 -9999 -9999 -9999 -9999 -9999 -9999 -9999 -9999 -9999 -9999 -9999 -9999 -9999 -9999 -9999 -9999 -9999 -9999 -9999 -9999 7.04 4.93 5.93 8.84 11.55 10.43 7.70 8.72 6.52 7.08 6.55 8.15 8.72 9.89 10.31 9.89 8.77 8.22 7.78 7.11 7.32 6.80 6.84 6.96 7.11 6.91 6.22 7.01 11.18 10.81 9.31 8.95 8.75 8.59 9.82 11.79 -9999 -9999 -9999 -9999 -9999 -9999 -9999 -9999 -9999 -9999 -9999 -9999 -9999 -9999
-9999 -9999 -9999 -9999 -9999 -9999 -9999 -9999 -9999 -9999 -9999 -9999 -9999 -9999 -9999 -9999 -9999 -9999 -9999 -9999 -9999 -9999 -9999 -9999 -9999 -9999 -9999 -9999 -9999 6.17 4.33 4.74 7.99 9.39 9.02 8.18 7.91 7.33 7.82 6.73 6.78 7.39 6.15 10.16 8.71 9.71 8.53 8.24 7.11 6.89 6.95 6.92 7.02 7.07 7.05 6.73 6.74 9.12 10.29 9.63 8.96 8.85 8.62 9.59 11.29 -9999 -9999 -9999 -9999 -9999 -9999 -9999 -9999 -9999 -9999 -9999 -9999 -9999 -9999
-9999 -9999 -9999 -9999 -9999 -9999 -9999 -9999 -9999 -9999 -9999 -9999 -9999 -9999 -9999 -9999 -9999 -9999 -9999 -9999 -9999 -9999 -9999 -9999 -9999 -9999 -9999 9.56 7.58 5.36 4.06 6.75 8.94 11.78 8.77 10.11 5.79 6.89 6.89 8.24 8.92 8.52 10.28 7.10 7.35 7.43 7.36 7.00 7.79 6.95 6.87 7.17 6.95 7.05 7.22 7.06 7.09 7.74 9.77 9.56 8.95 8.73 8.65 9.06 10.43 12.24 -9999 -9999 -9999 -9999 -9999 -9999 -9999 -9999 -9999 -9999 -9999 -9999 -9999
-9999 -9999 -9999 -9999 -9999 -9999 -9999 -9999 -9999 -9999 -9999 -9999 -9999 -9999 -9999 -9999 -9999 -9999 -9999 -9999 -9999 -9999 -9999 -9999 -9999 -9999 -9999 8.66 6.56 5.32 4.66 5.28 8.40 6.65 6.41 4.79 6.46 9.35 7.22 9.15 8.67 9.82 6.73 10.22 8.11 9.17 8.68 8.69 7.64 7.31 6.99 6.86 6.88 7.07 7.18 7.30 7.22 7.38 8.30 9.77 9.31 8.75 8.73 8.65 9.47 11.36 -9999 -9999 -9999 -9999 -9999 -9999 -9999 -9999 -9999 -9999 -9999 -9999 -9999
-9999 -9999 -9999 -9999 -9999 -9999 -9999 -9999 -9999 -9999 -9999 -9999 -9999 -9999 -9999 -9999 -9999 -9999 -9999 -9999 -9999 -9999 -9999 -9999 -9999 -9999 -9999 8.58 6.38 5.62 5.21 5.63 6.49 6.97 5.97 5.22 6.75 7.02 6.50 8.42 10.75 8.62 8.18 6.88 8.46 6.86 7.40 7.98 8.28 7.53 7.27 6.86 6.87 7.09 7.22 7.36 7.41 7.34 7.85 9.32 10.12 9.10 8.63 8.56 8.71 10.08 11.94 -9999 -9999 -9999 -9999 -9999 -9999 -9999 -9999 -9999 -9999 -9999 -9999
-9999 -9999 -9999 -9999 -9999 -9999 -9999 -9999 -9999 -9999 -9999 -9999 -9999 -9999 -9999 -9999 -9999 -9999 -9999 -9999 -9999 -9999 -9999 -9999 -9999 -9999 -9999 8.30 6.53 6.01 5.96 5.83 5.83 5.89 6.61 7.62 5.47 5.43 6.55 10.70 10.80 11.74 10.32 8.43 8.15 8.61 7.27 6.68 7.70 8.17 7.25 6.89 6.96 6.98 7.22 7.50 7.73 7.68 7.92 9.76 11.01 9.98 9.46 9.25 8.77 9.07 10.71 12.50 -9999 -9999 -9999 -9999 -9999 -9999 -9999 -9999 -9999 -9999 -9999
-9999 -9999 -9999 -9999 -9999 -9999 -9999 -9999 -9999 -9999 -9999 -9999 -9999 -9999 -9999 -9999 -9999 -9999 -9999 -9999 -9999 -9999 -9999 -9999 -9999 -9999 -9999 8.36 6.42 5.94 5.72 5.41 5.05 5.89 5.66 6.57 7.07 8.88 10.33 11.30 9.17 10.81 9.29 8.97 7.56 8.83 8.24 7.45 6.90 6.85 7.04 6.87 6.97 7.15 7.43 7.68 8.03 8.30 8.57 9.32 10.43 10.28 9.79 9.73 9.58 9.29 9.49 11.33 -9999 -9999 -9999 -9999 -9999 -9999 -9999 -9999 -9999 -9999 -9999
-9999 -9999 -9999 -9999 -9999 -9999 -9999 -9999 -9999 -9999 -9999 -9999 -9999 -9999 -9999 -9999 -9999 -9999 -9999 -9999 -9999 -9999 -9999 -9999 -9999 -9999 -9999 -9999 6.49 6.05 5.59 4.89 5.24 7.14 7.39 8.01 6.95 6.94 9.04 9.18 10.90 10.29 8.38 6.78 7.24 7.20 8.24 7.36 7.09 7.67 7.41 6.89 7.13 7.23 7.53 7.68 7.97 8.42 8.85 9.30 9.36 9.66 9.92 10.13 -9999 10.00 10.40 11.48 13.39 -9999 -9999 -9999 -9999 -9999 -9999 -9999 -9999 -9999 -9999
-9999 -9999 -9999 -9999 -9999 -9999 -9999 -9999 -9999 -9999 -9999 -9999 -9999 -9999 -9999 -9999 -9999 -9999 -9999 -9999 -9999 -9999 -9999 -9999 -9999 -9999 -9999 8.12 6.41 5.95 5.24 4.53 4.56 8.47 9.30 7.54 10.05 9.78 8.04 8.01 12.02 10.68 11.05 8.43 6.77 8.52 7.16 6.56 7.15 7.35 7.08 7.25 7.06 7.20 7.38 7.69 7.71 7.95 9.48 9.07 8.63 9.93 9.39 9.79 9.90 -9999 11.24 12.23 13.79 15.02 -9999 -9999 -9999 -9999 -9999 -9999 -9999 -9999 -9999
-9999 -9999 -9999 -9999 -9999 -9999 -9999 -9999 -9999 -9999 -9999 -9999 -9999 -9999 -9999 -9999 -9999 -9999 -9999 -9999 -9999 -9999 -9999 -9999 -9999 -9999 -9999 7.77 6.07 5.70 5.24 6.41 5.55 6.92 9.84 7.23 7.63 7.95 6.09 6.10 9.83 9.84 9.91 7.10 8.77 9.52 7.41 8.20 7.40 7.88 7.70 7.39 7.05 7.14 7.27 7.42 7.37 7.42 7.80 8.34 7.62 8.00 8.75 8.60 9.65 10.30 -9999 -9999 -9999 -9999 -9999 -9999 -9999 -9999 -9999 -9999 -9999 -9999 -9999
-9999 -9999 -9999 -9999 -9999 -9999 -9999 -9999 -9999 -9999 -9999 -9999 -9999 -9999 -9999 -9999 -9999 -9999 -9999 -9999 -9999 -9999 -9999 -9999 -9999 -9999 9.66 7.07 5.74 6.40 6.13 6.30 6.02 7.21 7.65 7.21 6.97 6.50 6.14 6.26 8.75 11.39 11.76 8.21 10.51 9.98 7.72 7.87 6.92 7.46 7.78 7.33 6.94 7.25 7.28 7.31 7.45 7.35 7.66 7.93 7.77 7.66 9.03 8.78 8.89 9.44 10.84 12.34 -9999 -9999 -9999 -9999 -9999 -9999 -9999 -9999 -9999 -9999 -9999
-9999 -9999 -9999 -9999 -9999 -9999 -9999 -9999 -9999 -9999 -9999 -9999 -9999 -9999 -9999 -9999 -9999 -9999 -9999 -9999 -9999 -9999 -9999 -9999 -9999 -9999 -9999 7.31 5.94 5.85 6.37 8.14 6.38 6.37 6.51 6.94 7.18 6.62 6.15 5.72 6.00 9.68 11.22 12.32 10.08 10.48 9.41 8.34 8.45 6.63 6.89 7.79 7.03 7.11 7.09 7.18 7.46 7.39 7.58 8.04 7.74 7.30 7.53 9.81 9.01 8.79 9.37 10.47 11.90 13.55 -9999 -9999 -9999 -9999 -9999 -9999 -9999 -9999 -9999
-9999 -9999 -9999 -9999 -9999 -9999 -9999 -9999 -9999 -9999 -9999 -9999 -9999 -9999 -9999 -9999 -9999 -9999 -9999 -9999 -9999 -9999 -9999 -9999 -9999 -9999 -9999 7.33 6.43 5.97 6.24 6.61 6.79 6.67 6.38 6.59 6.28 6.07 5.96 5.88 6.38 6.05 10.61 12.94 13.48 11.57 10.12 9.21 7.79 7.84 7.16 8.20 7.20 7.21 7.09 7.20 7.31 7.39 7.83 8.06 7.85 7.26 7.67 9.60 9.26 9.60 8.66 8.94 10.13 11.86 -9999 -9999 -9999 -9999 -9999 -9999 -9999 -9999 -9999
-9999 -9999 -9999 -9999 -9999 -9999 -9999 10.35 9.42 10.05 11.44 -9999 -9999 -9999 -9999 -9999 -9999 -9999 -9999 -9999 -9999 -9999 -9999 -9999 -9999 -9999 8.09 6.79 6.89 6.33 7.14 6.90 6.47 6.45 6.56 6.45 6.44 6.25 6.08 5.90 5.57 8.35 11.06 11.31 9.56 12.46 11.59 8.48 8.15 6.30 8.77 8.78 7.43 7.33 7.15 7.22 7.31 7.41 7.78 8.34 8.20 7.48 7.45 7.94 9.65 9.68 10.11 8.63 8.62 10.30 12.31 -9999 -9999 -9999 -9999 -9999 -9999 -9999 -9999
-9999 -9999 -9999 -9999 -9999 -9999 -9999 9.09 7.99 8.09 9.16 -9999 -9999 -9999 -9999 -9999 -9999 -9999 -9999 -9999 -9999 -9999 -9999 -9999 -9999 8.11 7.53 6.67 7.00 7.99 6.91 6.92 6.12 6.20 6.45 6.37 6.58 6.66 5.90 5.40 5.35 7.13 12.66 12.84 9.42 11.13 10.59 10.07 7.27 6.35 8.01 8.57 7.73 6.98 6.93 7.19 7.64 7.63 7.78 8.18 8.60 7.98 7.71 7.71 9.30 9.52 9.59 8.74 8.58 9.26 11.30 -9999 -9999 -9999 -9999 -9999 -9999 -9999 -9999
-9999 -9999 -9999 -9999 -9999 12.81 9.31 7.23 7.13 7.00 8.37 8.58 10.17 11.32 -9999 -9999 11.64 10.36 -9999 -9999 -9999 8.67 9.72 9.03 -9999 6.19 7.52 6.89 6.71 7.21 6.72 6.95 6.86 7.39 7.06 7.11 6.39 6.64 5.91 5.98 9.00 6.85 9.11 11.47 7.02 8.72 12.98 8.16 9.31 7.27 7.93 8.11 7.53 7.24 7.21 7.34 7.67 7.47 7.84 8.03 8.77 8.06 7.72 7.74 8.17 8.92 9.95 9.63 8.62 8.63 10.32 12.57 -9999 -9999 -9999 -9999 -9999 -9999 -9999
-9999 -9999 -9999 -9999 -9999 -9999 9.86 7.89 6.89 6.35 6.76 8.21 9.92 8.14 -9999 8.05 8.54 9.73 9.05 9.92 6.83 5.69 9.16 9.37 8.09 -9999 5.61 7.06 7.02 6.44 6.46 7.17 6.63 6.50 6.55 6.49 6.65 6.24 6.23 6.10 9.24 9.92 9.75 10.29 9.38 11.07 11.42 9.81 7.52 6.93 8.55 8.50 7.21 7.61 7.25 7.76 7.84 7.50 7.69 7.92 8.83 8.15 7.74 7.70 7.60 8.42 9.27 10.03 9.27 8.66 9.51 11.66 -9999 -9999 -9999 -9999 -9999 -9999 -9999
