ML/MeanWindSpeed_1999-05_Actual.txt
ncols         180
nrows         290
xllcorner     -200000
yllcorner     -200000
cellsize      5000
NODATA_value  -9999
[rows 140 to 174 of 290, columns 78 to 155 of 180]
-9999 -9999 -9999 12.01 -9999 -9999 -9999 10.73 10.98 9.91 9.81 10.70 -9999 -9999 11.18 9.70 11.96 12.97 -9999 -9999 -9999 -9999 -9999 9.62 8.64 6.67 6.81 6.66 7.41 7.38 7.84 7.41 5.12 7.71 10.61 11.30 8.76 10.28 11.09 11.50 9.12 9.57 9.42 7.83 5.52 5.32 5.33 2.76 3.69 6.08 7.79 -9999 -9999 -9999 -9999 -9999 -9999 -9999 -9999 -9999 -9999 -9999 -9999 -9999 -9999 -9999 -9999 -9999 -9999 -9999 -9999 -9999 -9999 -9999 -9999 -9999 -9999 -9999
-9999 -9999 -9999 11.91 11.63 -9999 -9999 -9999 10.74 11.39 11.10 11.38 -9999 -9999 -9999 -9999 11.79 -9999 -9999 -9999 -9999 -9999 -9999 8.37 7.48 6.50 7.07 7.98 8.21 7.75 8.03 7.39 6.11 6.61 9.97 10.68 7.36 12.30 11.95 13.04 9.93 9.82 10.81 8.04 6.18 5.47 3.71 2.28 3.58 6.03 7.87 -9999 -9999 -9999 -9999 -9999 -9999 -9999 -9999 -9999 -9999 -9999 -9999 -9999 -9999 -9999 -9999 -9999 -9999 -9999 -9999 -9999 -9999 -9999 -9999 -9999 -9999 -9999
-9999 -9999 -9999 -9999 12.83 -9999 -9999 -9999 -9999 11.11 12.06 11.71 -9999 -9999 -9999 -9999 -9999 -9999 -9999 -9999 -9999 -9999 9.04 7.94 7.78 7.30 7.37 9.01 9.05 8.70 8.90 8.41 7.59 5.94 7.56 12.82 12.74 12.64 12.62 10.59 9.62 9.68 7.67 5.36 6.89 6.66 3.52 2.78 4.15 6.28 8.35 9.53 -9999 -9999 -9999 -9999 -9999 -9999 -9999 -9999 -9999 -9999 -9999 -9999 -9999 -9999 -9999 -9999 -9999 -9999 -9999 -9999 -9999 -9999 -9999 -9999 -9999 -9999
-9999 -9999 -9999 -9999 13.82 -9999 -9999 -9999 -9999 -9999 -9999 -9999 -9999 -9999 -9999 -9999 -9999 -9999 -9999 -9999 -9999 -9999 9.05 7.47 6.32 4.93 4.53 11.87 9.82 8.98 10.99 8.80 9.48 4.98 5.23 10.86 14.49 11.78 10.36 14.10 15.84 14.20 11.50 9.51 5.35 5.29 4.63 5.23 5.10 6.51 8.86 9.72 9.96 -9999 -9999 -9999 -9999 -9999 -9999 -9999 -9999 -9999 -9999 -9999 -9999 -9999 -9999 -9999 -9999 -9999 -9999 -9999 -9999 -9999 -9999 -9999 -9999 -9999
-9999 -9999 -9999 -9999 -9999 -9999 -9999 -9999 -9999 -9999 -9999 -9999 -9999 -9999 -9999 -9999 -9999 -9999 -9999 -9999 -9999 9.28 8.29 6.74 5.71 8.24 4.41 16.26 15.40 8.62 9.77 9.04 8.36 7.94 5.12 6.85 15.26 15.22 13.38 11.74 10.60 12.43 11.58 9.97 7.59 6.15 5.55 5.24 5.75 7.52 8.15 8.29 8.89 -9999 -9999 -9999 -9999 -9999 -9999 -9999 -9999 -9999 -9999 -9999 -9999 -9999 -9999 -9999 -9999 -9999 -9999 -9999 -9999 -9999 -9999 -9999 -9999 -9999
-9999 -9999 -9999 -9999 -9999 -9999 -9999 -9999 -9999 -9999 -9999 -9999 -9999 -9999 -9999 -9999 -9999 -9999 -9999 -9999 -9999 8.10 8.49 5.66 7.68 14.79 7.92 5.74 11.30 11.82 9.90 9.61 9.11 8.49 6.97 7.53 10.18 17.88 15.16 13.72 11.49 11.01 10.51 8.26 7.42 7.04 7.61 6.37 7.45 7.34 7.72 7.35 7.55 8.17 8.71 8.93 -9999 -9999 -9999 -9999 -9999 -9999 -9999 -9999 -9999 -9999 -9999 -9999 -9999 -9999 -9999 -9999 -9999 -9999 -9999 -9999 -9999 -9999
-9999 -9999 -9999 -9999 -9999 -9999 -9999 -9999 -9999 -9999 -9999 -9999 -9999 -9999 -9999 -9999 -9999 -9999 -9999 -9999 -9999 7.94 7.44 6.82 10.32 7.13 6.50 8.24 12.64 9.55 8.76 12.21 7.67 9.82 8.53 8.50 8.94 11.95 13.58 12.98 11.97 11.17 8.98 8.56 7.62 6.93 6.68 7.00 7.03 7.40 6.80 6.42 6.36 9.06 7.72 8.83 9.80 9.79 -9999 -9999 -9999 -9999 -9999 -9999 -9999 -9999 -9999 -9999 -9999 -9999 -9999 -9999 -9999 -9999 -9999 -9999 -9999 -9999
-9999 -9999 -9999 -9999 -9999 -9999 -9999 -9999 -9999 -9999 -9999 -9999 -9999 -9999 -9999 -9999 -9999 -9999 -9999 -9999 -9999 7.97 7.19 8.19 13.30 14.79 10.34 6.89 8.89 9.96 12.73 8.83 11.96 10.19 9.34 9.83 9.57 8.22 8.89 12.58 11.74 10.71 9.82 8.72 8.03 7.95 7.81 7.27 7.40 7.09 6.39 6.39 6.06 6.85 9.30 8.90 9.19 10.55 10.64 9.10 -9999 -9999 -9999 -9999 -9999 -9999 -9999 -9999 -9999 -9999 -9999 -9999 -9999 -9999 -9999 -9999 -9999 -9999
-9999 -9999 -9999 -9999 -9999 -9999 -9999 -9999 -9999 -9999 -9999 -9999 -9999 -9999 -9999 -9999 -9999 -9999 -9999 -9999 -9999 8.73 7.32 9.25 10.67 7.14 18.35 15.14 9.02 11.20 9.21 13.39 13.95 10.28 8.68 9.10 8.84 7.01 14.04 12.80 12.31 12.67 12.77 11.81 8.66 9.64 8.40 7.92 7.74 7.39 6.96 6.29 5.36 6.14 8.64 7.76 7.45 8.18 9.52 8.27 10.90 -9999 -9999 -9999 -9999 -9999 -9999 -9999 -9999 -9999 -9999 -9999 -9999 -9999 -9999 -9999 -9999 -9999
-9999 -9999 -9999 -9999 -9999 -9999 -9999 -9999 -9999 10.66 10.95 11.58 -9999 -9999 -9999 -9999 -9999 -9999 -9999 -9999 -9999 -9999 9.18 8.18 7.02 9.21 11.87 14.94 9.31 6.92 11.79 11.65 10.46 8.85 10.32 9.98 7.95 8.50 11.30 11.93 15.30 14.02 11.76 11.09 11.57 10.08 8.79 8.25 7.79 7.49 6.54 5.73 9.36 8.59 11.68 12.23 11.16 9.95 7.51 10.24 10.80 9.89 -9999 -9999 -9999 -9999 -9999 -9999 -9999 -9999 -9999 -9999 -9999 -9999 -9999 -9999 -9999 -9999
-9999 -9999 -9999 -9999 -9999 -9999 -9999 -9999 -9999 9.38 9.56 -9999 -9999 -9999 -9999 -9999 -9999 -9999 -9999 -9999 -9999 -9999 -9999 8.08 5.91 10.03 11.31 18.44 10.48 10.76 10.60 8.78 7.70 7.48 6.89 13.92 8.00 9.01 14.01 11.98 9.49 8.95 13.04 9.38 11.93 10.00 8.76 8.04 7.69 6.86 6.96 8.90 9.75 9.17 8.98 8.49 9.49 10.22 9.74 10.18 10.13 11.97 -9999 -9999 -9999 -9999 -9999 -9999 -9999 -9999 -9999 -9999 -9999 -9999 -9999 -9999 -9999 -9999
-9999 -9999 -9999 -9999 -9999 -9999 -9999 -9999 8.72 11.61 11.65 11.13 -9999 -9999 -9999 -9999 -9999 -9999 -9999 -9999 -9999 -9999 -9999 7.95 9.89 10.97 12.09 10.10 10.91 9.09 8.94 8.12 7.56 8.93 7.21 5.76 13.82 10.10 9.63 12.93 11.24 13.87 11.10 11.39 10.03 9.55 8.86 8.56 7.62 6.73 7.72 9.16 8.48 9.54 10.56 9.95 10.19 9.64 9.86 10.37 9.18 11.74 10.49 -9999 -9999 -9999 -9999 -9999 -9999 -9999 -9999 -9999 -9999 -9999 -9999 -9999 -9999 -9999
-9999 -9999 -9999 -9999 -9999 -9999 -9999 7.27 11.32 13.52 16.86 11.17 -9999 -9999 -9999 -9999 -9999 -9999 -9999 -9999 -9999 -9999 -9999 9.20 13.73 11.39 8.06 9.55 8.72 9.29 7.70 6.91 7.58 8.52 6.39 11.90 9.25 12.62 10.04 14.40 9.36 10.61 8.79 10.82 9.35 9.55 9.42 8.18 7.86 6.94 7.03 10.33 10.97 10.66 9.60 9.54 9.04 8.75 8.96 10.67 10.70 10.22 10.71 -9999 -9999 -9999 -9999 -9999 -9999 -9999 -9999 -9999 -9999 -9999 -9999 -9999 -9999 -9999
-9999 -9999 -9999 -9999 -9999 -9999 8.86 8.11 15.14 13.31 13.01 -9999 -9999 -9999 -9999 -9999 -9999 -9999 -9999 -9999 -9999 -9999 -9999 -9999 10.22 8.50 7.91 10.05 7.81 9.84 7.96 7.18 6.86 7.11 5.67 11.46 11.46 12.70 12.02 12.89 12.91 12.79 11.52 11.11 11.31 10.71 8.74 8.29 8.05 7.48 7.20 8.26 12.66 11.44 8.99 8.24 8.09 7.67 7.77 7.97 8.09 7.78 8.58 9.97 10.73 -9999 -9999 -9999 -9999 -9999 -9999 -9999 -9999 -9999 -9999 -9999 -9999 -9999
-9999 -9999 -9999 -9999 -9999 -9999 11.23 12.88 10.30 11.51 11.95 -9999 -9999 -9999 -9999 -9999 -9999 -9999 -9999 -9999 -9999 -9999 -9999 -9999 -9999 8.95 9.33 8.83 8.03 9.27 8.43 8.15 7.64 7.89 5.64 11.54 10.76 9.98 12.21 10.81 10.00 14.02 13.88 10.63 12.29 11.09 10.38 8.47 8.01 7.90 7.53 7.81 8.93 9.23 8.42 8.12 7.83 7.68 7.33 7.33 7.33 7.42 10.09 10.42 10.25 -9999 -9999 -9999 -9999 -9999 -9999 -9999 -9999 -9999 -9999 -9999 -9999 -9999
-9999 -9999 -9999 -9999 -9999 -9999 12.17 11.19 12.00 11.40 -9999 -9999 -9999 -9999 -9999 -9999 -9999 -9999 -9999 -9999 -9999 -9999 -9999 -9999 -9999 9.70 9.91 9.63 -9999 9.40 -9999 8.48 7.64 6.85 5.62 6.40 11.23 10.26 11.01 14.21 7.63 8.85 14.16 12.33 11.75 11.39 10.07 8.62 8.08 7.81 7.46 7.66 8.13 8.90 9.56 8.31 8.61 7.39 6.58 7.62 8.84 8.54 8.13 8.28 10.01 11.80 12.42 -9999 -9999 -9999 -9999 -9999 -9999 -9999 -9999 -9999 -9999 -9999
-9999 -9999 -9999 -9999 -9999 11.95 11.34 11.16 -9999 -9999 -9999 -9999 -9999 -9999 -9999 -9999 -9999 -9999 -9999 -9999 -9999 -9999 -9999 -9999 -9999 10.63 10.04 9.43 -9999 -9999 -9999 8.17 8.65 5.71 6.51 8.30 7.30 6.88 9.00 13.25 12.84 8.04 12.30 13.80 11.05 12.11 10.80 9.45 7.62 7.69 7.48 7.61 7.89 8.20 8.34 8.05 8.11 6.68 7.15 8.35 9.37 9.91 9.89 9.17 9.16 10.25 11.45 -9999 -9999 -9999 -9999 -9999 -9999 -9999 -9999 -9999 -9999 -9999
-9999 -9999 -9999 -9999 -9999 -9999 -9999 -9999 -9999 -9999 -9999 -9999 -9999 -9999 -9999 -9999 -9999 -9999 -9999 -9999 -9999 -9999 -9999 -9999 -9999 -9999 -9999 -9999 -9999 -9999 8.73 6.76 6.50 7.91 8.90 10.12 10.34 8.82 9.63 12.56 12.05 10.04 8.47 11.58 12.72 11.19 10.04 8.97 8.13 7.95 8.10 7.70 7.66 7.83 7.77 7.42 6.65 7.45 10.06 8.89 9.76 9.23 9.36 8.57 9.25 10.22 -9999 -9999 -9999 -9999 -9999 -9999 -9999 -9999 -9999 -9999 -9999 -9999
-9999 -9999 -9999 -9999 -9999 -9999 -9999 -9999 -9999 -9999 -9999 -9999 -9999 -9999 -9999 -9999 -9999 -9999 -9999 -9999 -9999 -9999 -9999 -9999 -9999 -9999 -9999 -9999 -9999 -9999 8.07 6.40 7.44 9.93 12.71 11.93 9.32 10.40 8.42 9.12 8.32 9.73 10.30 11.42 11.54 11.11 9.87 9.20 8.64 7.96 8.12 7.59 7.55 7.61 7.67 7.38 6.55 7.19 11.12 10.68 9.16 8.85 8.63 8.38 9.11 10.35 -9999 -9999 -9999 -9999 -9999 -9999 -9999 -9999 -9999 -9999 -9999 -9999
-9999 -9999 -9999 -9999 -9999 -9999 -9999 -9999 -9999 -9999 -9999 -9999 -9999 -9999 -9999 -9999 -9999 -9999 -9999 -9999 -9999 -9999 -9999 -9999 -9999 -9999 -9999 -9999 -9999 -9999 7.54 6.02 6.59 9.93 11.27 11.03 10.20 9.49 8.74 9.44 8.11 7.95 8.69 7.57 11.38 9.85 10.68 9.42 9.00 7.84 7.59 7.61 7.51 7.56 7.54 7.44 7.01 7.03 9.38 10.33 9.41 8.73 8.57 8.29 8.91 9.97 -9999 -9999 -9999 -9999 -9999 -9999 -9999 -9999 -9999 -9999 -9999 -9999
-9999 -9999 -9999 -9999 -9999 -9999 -9999 -9999 -9999 -9999 -9999 -9999 -9999 -9999 -9999 -9999 -9999 -9999 -9999 -9999 -9999 -9999 -9999 -9999 -9999 -9999 -9999 -9999 10.25 8.85 7.00 5.81 8.78 11.15 13.98 10.96 12.06 7.38 8.18 8.16 9.02 9.67 9.47 11.40 8.48 8.56 8.45 8.29 7.77 8.41 7.52 7.42 7.68 7.44 7.46 7.58 7.32 7.36 8.10 9.89 9.23 8.46 8.27 8.21 8.52 9.43 10.52 -9999 -9999 -9999 -9999 -9999 -9999 -9999 -9999 -9999 -9999 -9999
-9999 -9999 -9999 -9999 -9999 -9999 -9999 -9999 -9999 -9999 -9999 -9999 -9999 -9999 -9999 -9999 -9999 -9999 -9999 -9999 -9999 -9999 -9999 -9999 -9999 -9999 -9999 -9999 9.66 8.22 7.13 6.54 7.33 10.66 8.93 8.31 6.55 7.98 10.47 8.12 9.61 9.17 10.38 7.49 11.12 9.13 10.13 9.67 9.52 8.30 7.83 7.50 7.37 7.35 7.46 7.52 7.54 7.42 7.62 8.44 9.48 8.75 8.22 8.24 8.25 8.86 10.07 -9999 -9999 -9999 -9999 -9999 -9999 -9999 -9999 -9999 -9999 -9999
-9999 -9999 -9999 -9999 -9999 -9999 -9999 -9999 -9999 -9999 -9999 -9999 -9999 -9999 -9999 -9999 -9999 -9999 -9999 -9999 -9999 -9999 -9999 -9999 -9999 -9999 -9999 -9999 9.67 8.14 7.52 7.10 7.70 8.82 8.98 7.60 6.64 7.83 7.89 7.23 9.08 11.39 9.31 9.01 7.84 9.33 7.73 8.18 8.71 8.99 8.12 7.80 7.37 7.33 7.46 7.54 7.59 7.54 7.40 7.89 9.15 9.69 8.62 8.17 8.17 8.40 9.24 10.37 -9999 -9999 -9999 -9999 -9999 -9999 -9999 -9999 -9999 -9999
-9999 -9999 -9999 -9999 -9999 -9999 -9999 -9999 -9999 -9999 -9999 -9999 -9999 -9999 -9999 -9999 -9999 -9999 -9999 -9999 -9999 -9999 -9999 -9999 -9999 -9999 -9999 -9999 9.44 8.29 7.86 7.78 7.71 7.69 7.44 7.83 8.50 6.49 6.45 7.24 11.38 11.58 12.42 11.22 9.45 9.13 9.49 8.11 7.50 8.47 8.77 7.76 7.36 7.40 7.35 7.52 7.67 7.77 7.54 7.69 9.45 10.48 9.26 8.71 8.61 8.33 8.55 9.63 10.70 -9999 -9999 -9999 -9999 -9999 -9999 -9999 -9999 -9999
-9999 -9999 -9999 -9999 -9999 -9999 -9999 -9999 -9999 -9999 -9999 -9999 -9999 -9999 -9999 -9999 -9999 -9999 -9999 -9999 -9999 -9999 -9999 -9999 -9999 -9999 -9999 -9999 9.48 8.17 7.79 7.52 7.14 6.70 7.08 6.51 7.35 8.08 9.73 11.06 12.28 10.04 11.45 10.01 9.74 8.37 9.53 8.97 8.22 7.64 7.47 7.54 7.31 7.41 7.50 7.66 7.78 7.98 8.04 8.16 8.85 9.85 9.38 8.88 8.89 8.84 8.66 8.80 10.01 -9999 -9999 -9999 -9999 -9999 -9999 -9999 -9999 -9999
-9999 -9999 -9999 -9999 -9999 -9999 -9999 -9999 -9999 -9999 -9999 -9999 -9999 -9999 -9999 -9999 -9999 -9999 -9999 -9999 -9999 -9999 -9999 -9999 -9999 -9999 -9999 -9999 -9999 8.20 7.82 7.28 6.46 6.70 8.26 8.39 9.08 8.09 8.09 10.23 10.48 11.76 10.96 9.12 7.56 7.91 7.73 8.71 7.88 7.64 8.18 7.88 7.31 7.56 7.54 7.71 7.76 7.90 8.16 8.40 8.79 8.90 8.93 8.97 9.14 -9999 9.10 9.38 10.12 11.41 -9999 -9999 -9999 -9999 -9999 -9999 -9999 -9999
-9999 -9999 -9999 -9999 -9999 -9999 -9999 -9999 -9999 -9999 -9999 -9999 -9999 -9999 -9999 -9999 -9999 -9999 -9999 -9999 -9999 -9999 -9999 -9999 -9999 -9999 -9999 -9999 9.30 8.09 7.61 6.85 6.02 6.06 9.83 10.61 8.95 11.48 11.27 9.49 9.19 12.72 11.04 11.18 8.71 7.04 8.77 7.58 6.98 7.57 7.79 7.49 7.61 7.45 7.50 7.60 7.78 7.69 7.81 9.12 8.54 8.22 9.38 8.74 8.83 8.94 -9999 9.91 10.57 11.60 12.40 -9999 -9999 -9999 -9999 -9999 -9999 -9999
-9999 -9999 -9999 -9999 -9999 -9999 -9999 -9999 -9999 -9999 -9999 -9999 -9999 -9999 -9999 -9999 -9999 -9999 -9999 -9999 -9999 -9999 -9999 -9999 -9999 -9999 -9999 -9999 9.06 7.83 7.39 6.83 7.84 7.12 8.63 11.52 8.97 9.32 9.59 7.71 7.37 10.63 10.04 9.69 6.84 8.48 9.38 7.49 8.34 7.68 8.27 8.12 7.74 7.42 7.45 7.53 7.58 7.46 7.42 7.74 8.14 7.44 7.85 8.47 8.03 8.70 9.18 -9999 -9999 -9999 -9999 -9999 -9999 -9999 -9999 -9999 -9999 -9999
-9999 -9999 -9999 -9999 -9999 -9999 -9999 -9999 -9999 -9999 -9999 -9999 -9999 -9999 -9999 -9999 -9999 -9999 -9999 -9999 -9999 -9999 -9999 -9999 -9999 -9999 -9999 10.36 8.46 7.57 8.08 7.71 7.83 7.62 9.04 9.64 9.05 8.65 8.15 7.66 7.48 9.78 11.90 11.60 7.67 9.92 9.56 7.57 7.84 7.11 7.80 8.17 7.63 7.30 7.56 7.54 7.51 7.56 7.36 7.63 7.79 7.63 7.56 8.79 8.28 8.25 8.54 9.56 10.64 -9999 -9999 -9999 -9999 -9999 -9999 -9999 -9999 -9999
-9999 -9999 -9999 -9999 -9999 -9999 -9999 -9999 -9999 -9999 -9999 -9999 -9999 -9999 -9999 -9999 -9999 -9999 -9999 -9999 -9999 -9999 -9999 -9999 -9999 -9999 -9999 -9999 8.62 7.60 7.52 7.97 9.69 8.03 8.13 8.31 8.51 8.60 7.94 7.36 6.77 7.01 10.30 11.05 11.73 9.60 10.04 9.20 8.31 8.64 6.97 7.19 8.00 7.35 7.44 7.39 7.38 7.55 7.37 7.52 7.88 7.50 7.11 7.32 9.35 8.46 8.20 8.56 9.38 10.40 11.50 -9999 -9999 -9999 -9999 -9999 -9999 -9999
-9999 -9999 -9999 -9999 -9999 -9999 -9999 -9999 -9999 -9999 -9999 -9999 -9999 -9999 -9999 -9999 -9999 -9999 -9999 -9999 -9999 -9999 -9999 -9999 -9999 -9999 -9999 -9999 8.58 7.99 7.66 7.91 8.24 8.35 8.18 7.87 7.93 7.52 7.18 7.01 6.88 7.22 6.68 10.72 12.73 13.35 11.27 9.79 9.17 7.90 8.03 7.42 8.42 7.51 7.56 7.39 7.36 7.39 7.36 7.68 7.82 7.49 6.90 7.38 9.28 8.80 9.03 8.15 8.35 9.25 10.44 -9999 -9999 -9999 -9999 -9999 -9999 -9999
-9999 -9999 -9999 -9999 -9999 -9999 -9999 -9999 13.73 13.03 13.43 14.30 -9999 -9999 -9999 -9999 -9999 -9999 -9999 -9999 -9999 -9999 -9999 -9999 -9999 -9999 -9999 9.03 8.02 8.32 7.88 8.75 8.42 7.85 7.68 7.75 7.59 7.51 7.20 6.96 6.64 6.17 9.03 11.49 11.55 9.88 12.35 11.32 8.42 8.12 6.40 8.92 8.99 7.75 7.63 7.43 7.36 7.37 7.36 7.55 7.96 7.69 6.98 7.07 7.71 9.35 9.26 9.63 8.21 8.25 9.45 10.80 -9999 -9999 -9999 -9999 -9999 -9999
-9999 -9999 -9999 -9999 -9999 -9999 -9999 -9999 13.15 12.45 12.40 12.77 -9999 -9999 -9999 -9999 -9999 -9999 -9999 -9999 -9999 -9999 -9999 -9999 -9999 -9999 9.22 8.74 7.96 8.21 9.09 8.15 8.14 7.40 7.39 7.58 7.39 7.51 7.46 6.61 5.90 5.56 7.42 13.08 13.28 9.82 11.37 10.58 10.03 7.35 6.49 8.17 8.81 8.04 7.24 7.18 7.31 7.66 7.50 7.45 7.67 7.93 7.34 7.28 7.55 9.18 9.32 9.27 8.36 8.30 8.77 10.19 -9999 -9999 -9999 -9999 -9999 -9999
-9999 -9999 -9999 -9999 -9999 -9999 15.89 13.14 11.80 12.06 11.93 12.64 12.16 13.01 13.44 -9999 -9999 13.02 11.36 -9999 -9999 -9999 9.78 10.90 10.00 -9999 7.47 8.89 8.12 7.78 8.20 7.75 7.91 7.91 8.49 8.14 8.08 7.28 7.37 6.51 6.34 8.95 6.86 9.64 12.03 7.61 9.30 13.04 8.16 9.38 7.43 8.14 8.41 7.83 7.46 7.42 7.48 7.71 7.35 7.45 7.46 8.06 7.36 7.30 7.61 8.22 8.96 9.84 9.39 8.44 8.38 9.58 11.09 -9999 -9999 -9999 -9999 -9999
-9999 -9999 -9999 -9999 -9999 -9999 -9999 13.58 12.36 11.85 11.45 11.52 12.26 13.18 10.55 -9999 9.58 10.79 11.49 10.24 10.97 8.01 7.28 11.07 10.92 9.20 -9999 6.90 8.15 8.02 7.35 7.39 8.03 7.56 7.60 7.65 7.48 7.53 7.01 6.82 6.43 9.28 9.96 10.24 10.75 9.77 11.64 11.70 9.70 7.63 7.09 8.70 8.74 7.47 7.79 7.41 7.88 7.97 7.48 7.40 7.37 8.12 7.53 7.52 7.71 7.80 8.64 9.37 9.95 9.21 8.61 9.15 10.58 -9999 -9999 -9999 -9999 -9999
