ML/MeanWindSpeed_1997-04_Actual.txt
ncols         180
nrows         290
xllcorner     -200000
yllcorner     -200000
cellsize      5000
NODATA_value  -9999
[rows 175 to 209 of 290, columns 79 to 157 of 180]
-9999 -9999 -9999 -9999 -9999 -9999 -9999 8.40 7.84 7.30 6.83 6.64 5.44 4.67 8.98 14.12 6.63 9.21 9.35 8.78 7.46 5.64 5.74 7.43 8.99 7.59 6.13 6.54 7.33 6.93 7.05 7.90 7.12 6.66 6.29 6.41 6.50 6.39 6.53 6.52 10.07 10.60 8.79 8.89 7.52 7.04 7.98 8.12 6.78 6.61 7.44 6.93 6.60 7.15 6.88 7.61 7.18 7.15 7.01 6.98 7.96 7.32 7.25 7.40 7.34 7.76 8.18 8.40 8.73 9.15 8.30 9.47 10.85 -9999 -9999 -9999 -9999 -9999 -9999
-9999 -9999 -9999 -9999 -9999 -9999 -9999 -9999 9.11 7.42 6.34 5.20 4.87 6.44 16.35 10.98 4.88 9.30 6.50 9.11 8.86 6.29 4.78 9.43 7.86 8.44 7.40 6.40 6.62 6.80 6.32 6.97 7.27 6.97 6.65 6.34 6.49 6.32 6.18 7.57 8.29 10.97 9.16 9.58 8.89 5.90 7.53 9.03 6.95 6.97 7.32 6.74 6.74 6.96 6.90 7.70 7.18 7.13 7.37 7.30 7.87 7.81 7.50 7.48 7.50 7.70 8.16 9.16 8.53 8.17 8.31 9.28 10.71 -9999 -9999 -9999 -9999 -9999 -9999
-9999 -9999 -9999 -9999 -9999 -9999 -9999 -9999 -9999 7.58 5.91 5.91 7.19 14.57 15.83 10.42 7.73 7.48 8.27 9.52 9.70 9.51 6.54 5.73 9.79 7.93 7.42 7.12 6.50 6.52 6.57 6.54 6.90 6.64 6.36 6.50 6.52 6.41 6.54 7.34 8.68 9.35 7.81 8.04 9.30 7.84 5.79 8.95 7.12 7.01 7.29 6.66 6.74 6.74 7.18 7.73 7.33 7.28 7.42 7.21 8.28 7.89 7.69 7.70 7.71 8.02 8.02 8.15 8.06 8.08 8.42 9.63 10.90 -9999 -9999 -9999 -9999 -9999 -9999
-9999 -9999 -9999 -9999 -9999 -9999 -9999 -9999 -9999 7.21 6.37 8.14 9.58 10.91 12.88 7.34 5.42 7.21 9.25 9.71 10.40 9.20 6.99 5.03 9.85 9.63 7.96 7.65 6.51 6.37 6.59 7.17 6.88 6.71 6.58 6.30 6.22 6.53 7.93 7.89 6.49 9.79 7.95 8.39 9.65 9.45 7.57 6.82 6.58 5.80 6.79 7.28 6.60 6.60 6.59 7.17 7.17 7.55 7.52 7.44 7.82 8.35 8.15 8.18 8.02 8.06 7.99 7.93 8.05 8.49 9.25 10.36 -9999 -9999 -9999 -9999 -9999 -9999 -9999
-9999 -9999 -9999 -9999 -9999 -9999 -9999 -9999 -9999 6.75 6.94 7.95 7.57 11.02 9.38 6.55 7.44 6.05 7.20 9.52 8.58 10.58 8.63 5.73 9.01 9.95 9.63 7.48 6.91 6.25 6.83 7.61 7.33 6.78 6.44 6.24 6.50 7.58 7.80 6.68 6.56 8.60 8.32 8.15 8.04 7.49 7.39 7.81 5.51 6.22 6.39 6.22 6.55 6.31 7.09 6.69 7.13 7.53 7.64 7.92 9.35 8.79 8.44 8.26 8.22 8.16 8.13 8.17 8.39 9.25 10.28 -9999 -9999 -9999 -9999 -9999 -9999 -9999 -9999
-9999 -9999 -9999 -9999 -9999 -9999 -9999 -9999 7.72 13.36 8.00 8.77 9.86 6.18 13.42 11.27 10.03 8.50 10.26 8.06 8.56 7.62 6.35 7.57 10.47 9.43 9.25 7.27 6.56 6.06 7.18 7.31 6.99 6.79 6.33 6.34 7.37 7.21 6.80 7.55 8.24 6.51 9.66 9.00 6.78 7.23 6.71 6.17 6.09 5.54 5.54 5.75 6.52 6.27 6.05 7.39 7.11 7.47 7.84 8.26 9.40 8.78 8.45 8.42 8.21 8.23 8.16 8.29 9.05 10.09 -9999 -9999 -9999 -9999 -9999 -9999 -9999 11.32 -9999
-9999 -9999 -9999 -9999 -9999 -9999 8.25 7.96 10.65 9.34 7.60 7.89 8.75 5.56 6.64 8.15 10.52 9.86 10.78 9.28 9.18 5.05 6.97 7.24 5.66 6.36 6.42 7.33 6.80 6.40 7.14 7.34 7.28 6.78 6.77 7.59 7.02 7.41 6.75 7.78 8.18 7.77 6.95 6.34 7.51 7.04 6.58 6.51 6.37 6.16 5.23 5.95 5.88 5.51 5.93 6.62 7.07 7.53 7.66 8.20 9.22 8.67 8.25 8.31 8.12 8.13 8.15 8.58 9.50 -9999 -9999 -9999 -9999 -9999 11.00 10.80 10.54 10.11 10.25
-9999 -9999 -9999 -9999 -9999 8.43 8.26 8.21 8.37 8.17 7.95 7.31 6.08 5.06 6.27 7.62 8.84 13.69 7.63 5.79 5.50 3.51 8.43 9.69 9.33 7.12 6.63 7.39 7.35 7.13 7.38 7.79 7.40 7.18 7.11 7.53 7.71 6.69 6.70 7.85 7.79 7.36 6.86 6.89 7.14 6.27 6.58 5.84 5.77 6.16 5.71 5.39 5.13 5.47 6.40 6.54 6.92 7.36 7.67 8.04 9.28 8.83 8.23 8.06 7.96 8.04 8.16 8.60 9.36 -9999 -9999 -9999 -9999 -9999 10.12 9.65 9.50 9.22 9.26
-9999 -9999 -9999 -9999 8.80 9.43 8.79 8.64 -9999 -9999 -9999 -9999 6.73 10.53 9.01 8.69 9.73 7.71 5.76 7.60 6.87 5.83 12.73 11.11 9.31 9.94 8.02 6.89 7.45 7.61 7.32 7.42 7.33 7.12 7.41 6.93 7.81 6.80 6.72 7.01 7.28 7.36 7.11 6.33 6.36 6.26 6.11 5.78 5.52 5.31 5.27 5.28 5.55 6.13 6.37 6.56 7.30 7.90 8.10 8.14 8.79 8.65 8.49 7.91 7.87 7.94 8.04 8.31 8.95 9.99 -9999 -9999 -9999 -9999 9.31 8.80 8.65 8.72 8.82
-9999 -9999 -9999 -9999 9.77 10.95 8.57 8.95 -9999 -9999 -9999 -9999 7.19 9.22 10.50 6.54 9.33 8.18 7.29 9.16 10.06 7.59 10.46 5.75 7.09 7.59 7.32 6.84 7.13 7.50 7.43 7.60 7.96 7.22 7.57 7.18 7.14 7.48 6.71 6.82 6.27 6.85 7.50 7.68 7.53 6.37 5.84 5.70 5.58 5.85 5.44 5.73 6.23 6.60 7.35 7.11 8.65 8.77 8.95 8.29 8.53 8.45 8.29 7.75 7.82 7.89 7.93 8.10 8.33 9.04 9.66 -9999 -9999 9.60 9.05 8.66 8.74 8.53 8.42
-9999 -9999 -9999 -9999 -9999 -9999 -9999 -9999 -9999 -9999 -9999 -9999 7.75 10.48 8.88 6.20 7.35 5.64 10.30 9.16 5.41 7.87 7.46 6.52 7.39 6.40 6.35 6.29 7.38 7.39 7.68 7.51 7.18 7.12 7.02 6.79 6.89 7.27 6.74 6.47 6.52 6.70 6.49 7.09 7.27 5.92 6.78 7.41 6.49 6.39 6.14 5.64 6.49 7.34 8.22 8.20 7.96 8.42 8.99 8.59 8.77 8.42 8.23 7.62 7.74 7.83 7.92 7.98 7.94 8.20 8.63 9.16 9.20 8.70 8.57 7.94 8.58 8.66 8.73
-9999 -9999 -9999 -9999 -9999 -9999 -9999 -9999 -9999 -9999 -9999 -9999 -9999 10.44 4.32 4.62 6.94 9.81 8.42 9.07 8.26 5.28 6.28 7.48 5.32 5.56 5.46 6.03 6.58 7.17 7.36 7.41 7.17 6.92 6.75 6.90 6.74 7.08 6.88 6.46 7.87 7.23 6.24 6.17 6.23 6.38 6.29 7.05 7.20 6.72 7.53 6.41 6.39 7.08 6.95 7.42 7.71 7.82 8.83 8.83 8.56 8.06 8.14 7.58 7.67 7.74 7.78 7.88 7.96 8.05 8.04 8.22 8.19 8.00 7.81 7.84 8.60 8.62 8.46
-9999 -9999 -9999 -9999 -9999 -9999 -9999 -9999 -9999 -9999 -9999 -9999 -9999 7.39 10.35 10.94 8.91 7.19 5.98 7.41 5.56 5.74 4.85 4.72 6.75 5.41 5.51 7.22 7.03 7.07 7.07 6.73 6.76 7.19 7.01 7.77 7.55 7.16 6.73 6.32 7.63 8.11 7.00 6.19 5.95 6.25 6.31 6.33 6.65 7.20 8.84 7.92 6.67 6.51 6.95 7.88 8.79 8.94 8.59 8.98 8.56 7.99 7.69 7.54 7.61 7.66 7.77 7.85 7.91 7.97 7.96 7.93 7.84 7.87 7.81 7.72 8.32 8.41 8.94
-9999 -9999 -9999 -9999 -9999 -9999 -9999 -9999 -9999 -9999 -9999 -9999 9.18 8.75 6.66 12.31 7.64 5.70 7.17 6.59 5.44 7.73 5.38 5.28 7.54 5.17 9.98 7.74 6.46 6.78 7.86 6.84 6.64 8.76 8.52 7.84 6.84 7.03 6.83 6.46 6.84 7.17 6.92 6.37 6.20 6.15 6.19 6.52 6.43 7.34 7.31 7.10 6.89 6.77 7.41 8.25 9.09 9.14 8.37 8.44 8.14 7.84 7.64 7.53 7.55 7.65 7.75 7.81 7.82 7.86 7.85 7.72 7.66 8.02 8.00 7.83 8.04 8.42 8.10
-9999 -9999 -9999 -9999 -9999 -9999 -9999 -9999 -9999 -9999 -9999 -9999 8.02 8.44 12.00 6.92 3.56 5.14 5.27 6.40 8.39 8.34 6.29 6.09 6.44 5.42 6.31 7.18 8.30 8.27 6.98 7.12 7.02 7.29 7.76 6.82 6.59 7.04 6.87 7.05 7.15 6.71 6.85 6.64 6.37 6.22 6.08 6.21 6.33 6.96 7.23 7.04 6.54 6.98 7.97 8.98 8.55 9.03 8.92 8.30 7.71 8.24 7.64 7.79 7.61 7.68 7.66 7.72 7.75 7.71 7.67 7.63 7.57 8.18 8.02 7.72 7.84 8.33 8.26
-9999 -9999 -9999 -9999 -9999 -9999 -9999 -9999 -9999 -9999 -9999 -9999 8.60 10.14 4.86 5.98 5.13 6.04 6.05 9.61 8.15 9.28 7.05 6.36 5.17 4.78 5.67 8.44 10.09 11.03 7.39 8.59 7.49 7.48 7.36 6.23 6.42 6.67 6.83 7.06 6.51 6.49 7.42 6.89 6.32 6.32 7.10 6.06 6.44 6.72 6.68 6.49 6.49 7.11 7.62 8.04 8.17 8.21 7.71 7.60 7.93 8.09 7.34 7.34 7.57 7.61 7.64 7.61 7.52 7.57 7.54 7.53 7.54 7.73 7.62 7.79 7.71 8.10 8.15
-9999 -9999 -9999 -9999 -9999 -9999 -9999 -9999 -9999 -9999 -9999 -9999 -9999 6.28 7.19 8.73 10.22 10.60 8.52 8.66 7.06 4.83 4.94 4.65 5.63 6.03 5.59 6.96 7.48 10.06 8.45 7.51 7.14 8.09 7.81 6.27 6.95 6.26 6.38 7.96 6.47 6.23 6.15 6.35 6.10 6.25 7.37 6.88 6.39 6.80 6.58 6.52 6.90 7.55 7.30 7.34 7.17 7.79 7.26 8.11 8.10 7.39 7.23 7.68 7.64 7.44 7.44 7.40 7.40 7.44 7.43 7.45 7.43 7.46 7.49 7.71 7.70 7.75 7.97
-9999 -9999 -9999 -9999 -9999 -9999 -9999 -9999 -9999 -9999 -9999 -9999 -9999 7.43 8.47 9.23 10.36 11.98 10.62 8.02 5.99 4.86 6.29 8.03 9.52 10.89 8.38 6.56 7.13 8.19 7.96 6.54 8.72 7.96 7.92 6.89 7.44 6.54 6.23 6.63 7.46 6.96 6.28 5.86 5.86 6.49 7.05 6.84 6.56 6.61 7.00 7.26 7.50 7.85 7.32 7.19 8.17 8.25 8.23 8.01 8.16 7.47 7.70 8.10 7.41 7.30 7.31 7.29 7.35 7.35 7.32 7.35 7.36 7.41 7.39 7.34 7.25 7.24 7.51
-9999 -9999 -9999 -9999 -9999 -9999 -9999 -9999 -9999 -9999 -9999 -9999 7.90 6.66 7.54 9.15 9.78 8.85 8.57 7.04 7.97 11.53 9.30 9.45 9.37 7.77 7.08 7.71 8.08 6.91 6.61 7.22 8.51 8.32 7.88 6.80 7.57 6.31 6.27 7.25 6.62 6.80 6.66 5.99 5.56 6.13 6.88 6.81 6.33 6.59 6.69 6.74 7.42 7.21 8.06 7.75 8.31 7.80 8.05 8.17 7.57 7.48 8.12 8.03 7.33 7.27 7.46 7.28 7.35 7.34 7.39 7.35 7.28 7.28 7.16 7.42 7.63 7.68 7.17
-9999 -9999 -9999 -9999 -9999 -9999 -9999 -9999 -9999 -9999 -9999 -9999 9.45 7.93 7.04 6.86 8.08 10.85 10.50 9.54 8.35 8.80 9.89 10.71 10.56 7.51 9.14 10.12 7.11 8.85 6.12 6.85 8.07 9.38 6.97 7.36 6.34 5.87 6.17 6.63 8.53 7.16 6.99 6.47 6.16 6.27 6.59 6.49 6.23 6.40 6.42 6.49 6.57 7.59 8.07 8.15 8.62 7.92 7.64 7.74 7.51 7.88 8.25 8.00 7.65 7.87 7.61 7.76 7.41 7.38 7.50 7.51 7.26 7.15 7.03 7.03 7.63 7.68 7.74
-9999 -9999 -9999 -9999 -9999 -9999 -9999 -9999 -9999 -9999 -9999 -9999 8.37 7.54 5.13 6.00 7.91 11.08 9.70 10.03 8.16 9.51 9.03 7.87 8.43 8.99 8.83 7.79 6.88 7.33 9.43 6.75 6.59 6.77 6.95 8.06 6.94 5.85 6.11 6.61 6.80 6.64 7.27 6.84 6.51 6.63 6.20 5.93 6.41 6.63 6.76 6.41 6.94 7.93 8.03 7.49 7.71 8.42 7.80 8.14 7.52 8.29 8.37 7.78 7.70 7.77 7.26 7.36 7.26 7.28 7.32 7.23 7.12 7.08 6.98 7.24 6.87 7.17 7.42
-9999 -9999 -9999 -9999 -9999 -9999 -9999 -9999 -9999 -9999 -9999 7.99 8.60 9.91 7.63 5.85 8.54 9.33 10.95 10.99 7.15 7.50 6.96 7.97 9.04 7.75 7.68 9.18 8.10 7.55 7.30 6.59 5.94 6.15 7.02 6.99 6.77 6.55 6.17 5.99 6.49 6.77 6.31 6.68 6.45 6.90 6.30 6.27 6.39 6.15 6.13 6.41 7.37 7.35 7.48 7.13 7.85 8.09 7.98 7.53 8.25 8.35 8.37 8.49 8.11 7.65 7.42 7.21 7.24 7.26 7.14 7.07 6.95 6.89 6.97 7.22 7.16 7.24 7.49
-9999 -9999 -9999 -9999 -9999 -9999 -9999 -9999 -9999 -9999 8.76 8.67 8.98 7.37 5.93 8.15 10.44 10.78 9.31 10.65 7.80 8.80 7.65 7.12 11.70 8.21 8.77 7.33 7.63 6.67 6.58 6.89 7.64 6.82 8.23 6.88 7.21 6.26 6.05 6.18 6.37 6.62 6.40 6.55 6.81 6.90 5.91 6.35 6.30 6.41 6.54 6.79 7.30 6.83 7.50 7.30 7.59 7.18 7.33 8.36 8.72 8.37 8.49 8.40 7.75 7.95 7.82 7.64 7.49 7.20 6.97 6.80 6.96 6.97 7.49 7.70 7.84 7.90 7.46
-9999 -9999 -9999 -9999 -9999 -9999 -9999 -9999 9.30 8.31 7.56 6.28 5.93 6.27 6.58 9.15 10.04 11.08 12.17 10.69 9.00 6.21 8.43 7.79 10.50 8.40 7.80 7.91 6.90 6.73 6.12 7.00 8.35 7.77 7.74 6.13 6.37 6.32 6.31 6.81 6.52 6.79 6.28 6.41 6.61 6.11 6.01 6.24 6.87 6.72 7.34 7.78 7.40 7.09 6.82 6.81 7.49 7.99 7.95 8.38 7.81 8.42 8.53 8.07 7.50 7.46 7.96 7.70 7.61 6.94 6.74 6.61 6.82 7.61 7.94 7.81 8.46 8.38 8.29
-9999 -9999 -9999 -9999 8.70 8.09 7.24 9.70 9.66 9.65 9.52 7.40 6.74 6.39 10.18 8.96 10.44 10.52 10.16 7.81 6.99 5.84 7.20 7.00 11.65 10.34 8.66 7.06 7.44 7.04 8.34 6.31 7.63 7.84 7.43 6.86 6.30 6.06 6.80 6.44 6.03 6.99 6.23 6.22 5.89 6.11 6.56 6.93 6.33 7.02 6.76 7.05 7.74 7.67 7.51 7.40 7.88 8.01 7.88 7.74 8.40 7.75 7.72 7.64 7.39 7.78 7.76 7.64 7.05 6.59 6.65 6.86 7.66 7.79 7.51 8.14 7.65 8.09 8.57
-9999 -9999 -9999 9.55 7.83 8.31 7.77 7.29 8.55 7.99 8.35 6.80 5.90 8.78 9.33 9.71 7.13 11.10 8.13 6.34 10.31 8.13 5.70 10.99 9.36 8.38 5.46 5.77 6.58 9.05 6.85 6.39 6.31 6.50 7.77 7.44 7.34 6.38 6.54 6.11 6.02 6.69 6.33 5.96 5.96 6.30 6.84 6.63 7.98 6.69 6.48 6.80 7.42 7.05 7.07 6.87 7.08 7.59 7.56 8.15 7.81 7.47 7.52 7.74 7.31 7.35 7.19 6.64 6.44 6.41 6.53 6.77 7.14 7.76 7.78 7.92 7.75 7.88 8.18
-9999 -9999 9.28 8.81 6.54 6.23 6.37 7.06 6.61 7.12 6.57 7.16 10.57 8.48 7.33 10.12 5.86 7.93 7.91 10.48 9.97 10.51 8.67 8.36 7.11 4.89 8.71 8.80 6.31 6.75 6.44 6.24 6.60 6.20 6.41 7.66 7.89 6.22 6.00 6.00 6.37 5.95 5.60 5.84 7.82 6.50 6.40 6.82 7.38 6.92 6.55 6.97 7.37 7.32 7.70 7.30 6.75 6.77 6.91 7.74 7.59 7.25 7.87 7.73 7.18 7.10 6.80 6.51 6.63 6.67 6.71 6.96 7.05 7.64 7.22 7.19 7.56 7.47 7.83
8.18 9.34 7.35 7.09 7.50 6.73 6.35 7.96 7.11 7.24 7.32 9.55 9.19 7.87 8.58 8.18 6.65 6.55 9.39 9.86 8.51 8.59 9.97 7.54 4.94 8.84 10.12 8.29 8.41 6.51 6.81 6.32 6.59 8.09 6.50 8.09 6.77 6.10 5.91 6.10 7.29 5.50 5.80 8.78 6.85 6.58 6.59 7.02 7.62 6.62 6.73 6.94 6.69 7.11 7.11 6.75 6.49 6.81 6.65 7.02 7.36 7.43 7.12 6.85 6.67 6.59 6.85 7.82 7.21 7.77 7.27 6.52 7.49 7.44 7.61 7.45 7.38 7.64 7.62
7.30 9.33 11.54 10.40 9.89 7.53 8.37 9.68 8.71 8.37 10.01 8.57 7.99 9.83 7.46 5.63 6.33 6.61 8.82 8.63 8.13 7.64 7.47 6.48 7.72 14.58 11.22 8.52 6.83 7.29 6.86 8.12 6.82 7.17 6.42 6.37 6.34 6.40 5.99 5.78 5.81 5.56 8.19 8.65 8.01 7.05 6.76 8.59 7.33 6.76 6.91 6.53 7.03 6.95 6.71 6.15 6.96 6.71 6.31 7.57 7.42 6.65 6.49 6.49 6.44 6.84 7.53 7.73 7.44 7.70 7.12 6.80 7.45 7.54 7.21 7.51 7.44 7.71 7.82
7.23 8.20 8.52 7.99 6.93 8.48 7.61 9.04 6.69 7.66 9.50 8.69 7.33 8.21 5.56 5.26 8.20 8.91 7.85 6.63 8.18 5.85 5.28 5.49 9.36 11.61 11.85 6.91 7.63 7.83 8.01 7.33 6.21 7.18 6.75 6.61 6.17 6.43 5.58 5.35 6.12 6.22 8.29 8.15 7.76 6.99 7.54 8.52 7.85 7.41 6.95 6.99 6.80 6.45 6.14 6.16 6.51 6.79 6.55 6.46 6.43 6.28 7.14 7.68 6.60 6.82 7.38 7.49 7.00 7.29 7.18 7.17 7.27 7.10 7.34 7.26 7.33 7.15 7.52
6.74 7.19 6.90 7.39 6.90 7.04 8.01 6.88 7.50 6.45 6.24 6.16 5.92 5.70 7.53 6.87 9.80 14.48 7.84 7.96 8.22 11.52 11.14 5.15 4.91 12.54 9.57 8.21 8.76 9.65 7.86 6.25 5.71 7.47 7.77 6.72 6.12 5.83 5.43 5.43 6.42 8.48 8.70 7.69 7.51 7.36 7.12 6.96 7.57 6.99 6.79 6.49 6.10 5.84 5.79 6.51 6.28 6.07 6.14 5.55 5.76 6.58 6.60 7.22 6.79 6.80 6.78 6.87 7.17 7.23 7.18 7.17 7.25 6.97 6.89 7.27 7.24 6.85 7.17
6.45 7.14 6.33 6.72 6.77 6.94 6.15 6.13 6.86 6.29 7.36 6.42 8.15 5.83 8.50 10.24 10.21 11.04 11.70 9.64 11.17 12.69 8.56 9.88 8.31 4.56 8.98 9.25 6.83 7.23 5.84 7.26 7.12 9.36 8.56 6.65 6.07 5.54 5.40 6.34 8.56 7.50 8.86 7.76 7.64 8.23 7.18 7.76 6.54 6.68 6.30 6.03 5.81 5.92 5.85 5.81 5.48 5.33 5.17 5.42 6.29 7.04 6.68 6.27 6.88 6.49 7.19 6.60 6.49 6.60 6.75 6.93 7.03 7.14 6.70 7.09 7.09 6.90 7.22
6.67 6.37 7.54 8.42 9.61 8.57 7.42 6.79 6.19 6.61 8.81 6.65 7.72 5.59 7.27 7.77 7.06 6.10 8.27 7.66 9.60 9.83 11.66 10.11 10.38 9.06 12.27 7.81 6.92 6.53 7.34 6.94 8.94 8.45 8.58 6.18 5.87 5.47 8.28 8.78 8.39 8.64 7.31 7.83 8.06 7.79 6.62 6.41 6.42 6.19 6.02 5.95 5.82 6.17 6.06 6.02 5.38 4.80 4.89 5.68 7.06 5.81 6.29 6.51 6.32 6.34 6.48 6.21 6.28 6.62 6.33 6.73 6.82 6.83 6.90 7.00 6.65 6.44 7.22
7.11 6.72 6.87 8.19 8.32 8.82 8.19 7.57 7.12 6.79 7.10 9.03 6.23 9.43 8.59 8.54 9.31 7.97 6.19 6.33 7.99 7.37 9.16 9.27 7.97 11.25 11.12 6.69 7.45 5.83 6.42 7.89 8.49 7.80 7.17 6.00 5.66 7.01 6.57 7.96 7.74 7.26 7.56 7.37 7.03 6.69 5.90 5.67 5.74 5.80 7.00 5.93 6.43 5.81 5.53 4.89 4.55 4.69 5.51 6.61 6.25 5.92 6.17 6.28 6.27 6.50 6.86 7.15 6.05 6.63 7.21 6.69 6.50 6.85 6.30 6.56 7.19 6.69 6.37
7.54 7.89 8.47 9.36 -9999 -9999 -9999 -9999 8.00 7.73 8.38 6.54 5.78 7.11 7.31 7.21 6.90 4.23 11.11 11.49 7.67 6.81 7.07 8.51 9.23 10.50 8.23 7.11 6.36 5.71 8.94 7.84 8.97 6.58 6.39 6.11 5.99 7.66 6.34 7.55 7.44 6.85 6.96 6.76 6.40 5.87 5.55 5.50 5.67 5.79 6.72 6.05 6.26 6.19 5.54 4.98 4.60 5.69 5.63 6.12 6.18 6.18 5.28 5.71 5.96 6.94 7.26 7.00 6.00 6.53 7.05 6.88 6.55 7.10 6.75 6.62 6.83 6.80 6.31
