ML/MeanWindSpeed_1995-03_Actual.txt
ncols         180
nrows         290
xllcorner     -200000
yllcorner     -200000
cellsize      5000
NODATA_value  -9999
[rows 140 to 174 of 290, columns 77 to 153 of 180]
-9999 -9999 -9999 -9999 16.32 -9999 -9999 -9999 13.76 14.47 12.93 12.84 13.42 -9999 -9999 13.46 11.15 14.95 16.41 -9999 -9999 -9999 -9999 -9999 13.07 12.05 9.15 9.55 9.61 10.61 9.92 10.79 10.56 6.87 9.79 15.15 18.70 14.07 16.94 18.07 18.18 14.14 14.66 14.59 12.02 8.13 7.62 7.74 3.67 5.17 8.85 11.12 -9999 -9999 -9999 -9999 -9999 -9999 -9999 -9999 -9999 -9999 -9999 -9999 -9999 -9999 -9999 -9999 -9999 -9999 -9999 -9999 -9999 -9999 -9999 -9999 -9999
-9999 -9999 -9999 -9999 15.93 15.94 -9999 -9999 -9999 13.83 15.21 14.76 14.86 -9999 -9999 -9999 -9999 14.03 -9999 -9999 -9999 -9999 -9999 -9999 11.70 10.94 9.97 11.35 13.64 13.66 11.67 11.53 10.05 8.00 7.41 12.52 16.63 11.85 19.78 18.57 19.98 14.92 14.84 16.61 11.97 8.70 7.18 4.81 3.24 5.09 8.41 11.01 -9999 -9999 -9999 -9999 -9999 -9999 -9999 -9999 -9999 -9999 -9999 -9999 -9999 -9999 -9999 -9999 -9999 -9999 -9999 -9999 -9999 -9999 -9999 -9999 -9999
-9999 -9999 -9999 -9999 -9999 17.79 -9999 -9999 -9999 -9999 14.50 16.13 15.52 -9999 -9999 -9999 -9999 -9999 -9999 -9999 -9999 -9999 -9999 12.81 11.75 12.31 12.76 13.19 15.85 15.43 13.71 13.12 11.49 10.33 7.14 8.63 18.99 20.56 19.73 18.56 14.13 12.37 12.86 10.17 6.76 9.56 9.28 4.55 3.92 5.82 8.34 11.17 12.81 -9999 -9999 -9999 -9999 -9999 -9999 -9999 -9999 -9999 -9999 -9999 -9999 -9999 -9999 -9999 -9999 -9999 -9999 -9999 -9999 -9999 -9999 -9999 -9999
-9999 -9999 -9999 -9999 -9999 19.40 -9999 -9999 -9999 -9999 -9999 -9999 -9999 -9999 -9999 -9999 -9999 -9999 -9999 -9999 -9999 -9999 -9999 13.53 11.65 10.49 9.80 8.57 19.58 16.46 14.62 16.73 12.30 13.37 6.19 5.54 14.62 21.99 17.17 14.29 20.30 22.61 19.72 15.45 12.71 6.07 6.76 6.29 7.70 6.82 8.05 11.45 12.94 13.17 -9999 -9999 -9999 -9999 -9999 -9999 -9999 -9999 -9999 -9999 -9999 -9999 -9999 -9999 -9999 -9999 -9999 -9999 -9999 -9999 -9999 -9999 -9999
-9999 -9999 -9999 -9999 -9999 -9999 -9999 -9999 -9999 -9999 -9999 -9999 -9999 -9999 -9999 -9999 -9999 -9999 -9999 -9999 -9999 -9999 13.33 12.54 10.93 9.62 14.86 7.67 26.52 25.70 13.86 14.68 13.17 11.32 10.95 5.41 6.58 20.54 19.97 17.00 14.91 13.41 16.85 15.58 13.30 9.69 7.62 7.18 6.79 6.96 9.09 9.83 10.39 11.77 -9999 -9999 -9999 -9999 -9999 -9999 -9999 -9999 -9999 -9999 -9999 -9999 -9999 -9999 -9999 -9999 -9999 -9999 -9999 -9999 -9999 -9999 -9999
-9999 -9999 -9999 -9999 -9999 -9999 -9999 -9999 -9999 -9999 -9999 -9999 -9999 -9999 -9999 -9999 -9999 -9999 -9999 -9999 -9999 -9999 11.86 13.27 9.67 13.64 25.66 13.91 8.25 17.22 18.90 15.26 14.94 13.30 11.86 8.44 6.49 8.32 21.65 18.37 17.19 13.72 13.28 13.22 10.19 9.44 9.15 10.10 7.67 9.22 8.59 9.20 9.14 9.99 11.35 12.53 12.65 -9999 -9999 -9999 -9999 -9999 -9999 -9999 -9999 -9999 -9999 -9999 -9999 -9999 -9999 -9999 -9999 -9999 -9999 -9999 -9999
-9999 -9999 -9999 -9999 -9999 -9999 -9999 -9999 -9999 -9999 -9999 -9999 -9999 -9999 -9999 -9999 -9999 -9999 -9999 -9999 -9999 -9999 11.59 11.40 11.28 17.61 11.93 11.98 13.73 19.42 14.51 13.12 19.46 11.57 14.73 11.30 8.76 6.74 11.43 16.03 16.44 15.36 14.24 10.76 10.67 9.46 8.41 7.80 8.20 8.25 8.90 8.27 8.29 8.78 13.81 11.80 13.31 14.30 13.64 -9999 -9999 -9999 -9999 -9999 -9999 -9999 -9999 -9999 -9999 -9999 -9999 -9999 -9999 -9999 -9999 -9999 -9999
-9999 -9999 -9999 -9999 -9999 -9999 -9999 -9999 -9999 -9999 -9999 -9999 -9999 -9999 -9999 -9999 -9999 -9999 -9999 -9999 -9999 -9999 11.39 10.63 12.37 21.14 23.48 17.75 12.19 12.67 13.84 19.01 12.26 18.10 15.15 13.44 12.59 10.18 6.82 8.57 16.04 15.92 14.52 12.85 11.23 10.23 9.74 9.15 8.25 8.67 8.49 7.92 8.94 9.27 10.84 15.16 14.13 14.08 15.57 15.15 12.30 -9999 -9999 -9999 -9999 -9999 -9999 -9999 -9999 -9999 -9999 -9999 -9999 -9999 -9999 -9999 -9999
-9999 -9999 -9999 -9999 -9999 -9999 -9999 -9999 -9999 -9999 -9999 -9999 -9999 -9999 -9999 -9999 -9999 -9999 -9999 -9999 -9999 -9999 12.04 9.87 13.24 16.07 9.75 29.28 24.09 11.23 14.56 11.77 18.37 19.99 14.36 12.11 12.70 12.20 8.24 19.87 17.69 17.30 18.45 18.84 17.06 11.41 12.72 10.12 9.19 9.01 8.86 8.94 9.04 8.13 9.12 12.92 11.05 10.35 11.47 13.63 11.29 15.30 -9999 -9999 -9999 -9999 -9999 -9999 -9999 -9999 -9999 -9999 -9999 -9999 -9999 -9999 -9999
-9999 -9999 -9999 -9999 -9999 -9999 -9999 -9999 -9999 -9999 15.59 16.32 16.64 -9999 -9999 -9999 -9999 -9999 -9999 -9999 -9999 -9999 -9999 11.86 9.91 8.56 12.45 15.53 20.60 10.25 6.05 14.33 13.46 12.81 11.40 14.10 13.93 11.55 12.65 16.20 16.13 21.94 20.08 16.47 15.25 15.87 12.96 10.54 9.59 8.97 9.07 8.35 8.11 14.83 12.69 17.23 17.61 15.52 13.63 9.74 14.70 15.19 13.05 -9999 -9999 -9999 -9999 -9999 -9999 -9999 -9999 -9999 -9999 -9999 -9999 -9999 -9999
-9999 -9999 -9999 -9999 -9999 -9999 -9999 -9999 -9999 -9999 14.03 14.23 -9999 -9999 -9999 -9999 -9999 -9999 -9999 -9999 -9999 -9999 -9999 -9999 10.12 6.88 13.02 13.21 25.60 13.04 13.22 11.64 8.19 7.27 8.65 8.49 21.08 11.29 12.91 20.16 15.62 11.20 10.17 17.16 11.12 15.50 12.19 10.04 8.98 8.66 7.99 8.87 12.99 14.71 12.84 11.58 10.40 12.05 13.68 13.04 13.96 13.61 16.57 -9999 -9999 -9999 -9999 -9999 -9999 -9999 -9999 -9999 -9999 -9999 -9999 -9999 -9999
-9999 -9999 -9999 -9999 -9999 -9999 -9999 -9999 -9999 12.73 17.35 16.41 14.79 -9999 -9999 -9999 -9999 -9999 -9999 -9999 -9999 -9999 -9999 -9999 11.03 14.00 14.82 15.04 11.77 14.35 11.43 10.30 8.31 7.49 10.70 8.39 6.72 20.60 13.45 11.83 17.79 14.58 19.20 14.54 15.14 12.49 11.44 10.28 9.76 8.33 7.51 9.55 11.87 10.68 11.74 12.56 11.46 12.04 11.75 12.34 12.89 10.74 15.36 13.57 -9999 -9999 -9999 -9999 -9999 -9999 -9999 -9999 -9999 -9999 -9999 -9999 -9999
-9999 -9999 -9999 -9999 -9999 -9999 -9999 -9999 11.15 17.32 19.69 24.49 14.45 -9999 -9999 -9999 -9999 -9999 -9999 -9999 -9999 -9999 -9999 -9999 12.98 19.63 14.94 8.54 11.19 10.32 11.67 8.66 7.28 8.93 10.59 6.40 16.54 12.29 16.99 12.30 20.11 11.50 13.91 11.05 14.43 11.74 11.79 11.48 9.15 8.64 7.54 7.66 12.39 13.19 12.61 10.43 10.37 9.58 9.60 10.20 12.85 13.13 12.64 14.13 -9999 -9999 -9999 -9999 -9999 -9999 -9999 -9999 -9999 -9999 -9999 -9999 -9999
-9999 -9999 -9999 -9999 -9999 -9999 -9999 13.43 12.39 22.63 17.23 16.08 -9999 -9999 -9999 -9999 -9999 -9999 -9999 -9999 -9999 -9999 -9999 -9999 -9999 12.66 9.50 9.16 12.77 8.93 12.24 9.24 8.30 8.02 8.80 6.26 16.08 15.97 17.67 17.03 18.96 18.60 18.63 16.85 15.67 15.55 14.38 10.67 9.65 9.12 8.20 7.56 8.40 15.61 13.87 9.67 8.70 8.68 8.00 8.12 8.44 9.16 9.06 10.75 13.10 14.03 -9999 -9999 -9999 -9999 -9999 -9999 -9999 -9999 -9999 -9999 -9999
-9999 -9999 -9999 -9999 -9999 -9999 -9999 17.27 19.51 12.96 12.86 13.63 -9999 -9999 -9999 -9999 -9999 -9999 -9999 -9999 -9999 -9999 -9999 -9999 -9999 -9999 10.66 12.08 10.87 9.43 11.21 10.05 10.09 9.33 10.21 6.57 16.03 14.38 12.61 16.89 15.82 14.32 21.09 21.14 15.38 17.60 15.26 13.97 10.58 9.63 8.80 8.04 8.09 9.54 10.39 9.35 9.34 9.08 8.86 8.37 8.28 8.43 8.93 13.72 14.04 13.37 -9999 -9999 -9999 -9999 -9999 -9999 -9999 -9999 -9999 -9999 -9999
-9999 -9999 -9999 -9999 -9999 -9999 -9999 18.14 15.56 16.03 14.10 -9999 -9999 -9999 -9999 -9999 -9999 -9999 -9999 -9999 -9999 -9999 -9999 -9999 -9999 -9999 12.55 12.69 11.77 -9999 11.41 -9999 10.74 9.50 8.88 7.09 6.94 15.02 13.26 14.19 20.05 9.06 10.78 19.98 17.02 16.05 15.50 13.37 11.27 10.71 10.67 9.60 8.90 8.82 10.21 12.04 10.34 11.14 9.58 8.62 10.21 12.05 11.46 10.44 10.42 13.06 15.57 16.08 -9999 -9999 -9999 -9999 -9999 -9999 -9999 -9999 -9999
-9999 -9999 -9999 -9999 -9999 -9999 17.42 15.40 14.67 -9999 -9999 -9999 -9999 -9999 -9999 -9999 -9999 -9999 -9999 -9999 -9999 -9999 -9999 -9999 -9999 -9999 14.11 12.58 11.38 -9999 -9999 -9999 10.48 11.86 7.73 9.36 10.82 8.11 7.76 10.54 17.22 16.87 8.90 15.96 18.84 14.65 16.41 14.64 12.90 10.15 10.39 9.87 9.44 9.18 9.42 10.10 10.15 10.65 8.86 10.23 12.08 13.13 13.41 12.92 11.47 11.21 12.69 14.27 -9999 -9999 -9999 -9999 -9999 -9999 -9999 -9999 -9999
-9999 -9999 -9999 -9999 -9999 -9999 -9999 -9999 -9999 -9999 -9999 -9999 -9999 -9999 -9999 -9999 -9999 -9999 -9999 -9999 -9999 -9999 -9999 -9999 -9999 -9999 -9999 -9999 -9999 -9999 -9999 11.38 8.84 9.03 12.48 14.21 14.64 13.79 10.83 11.18 15.53 15.19 12.08 8.91 14.58 17.11 14.50 13.35 12.21 11.04 10.57 10.73 9.79 9.35 9.32 9.30 9.16 8.34 10.11 14.83 12.45 13.31 11.89 11.86 10.42 11.13 12.19 -9999 -9999 -9999 -9999 -9999 -9999 -9999 -9999 -9999 -9999
-9999 -9999 -9999 -9999 -9999 -9999 -9999 -9999 -9999 -9999 -9999 -9999 -9999 -9999 -9999 -9999 -9999 -9999 -9999 -9999 -9999 -9999 -9999 -9999 -9999 -9999 -9999 -9999 -9999 -9999 -9999 10.48 8.47 11.02 15.82 19.87 17.25 12.18 13.75 9.30 9.92 9.29 12.15 12.95 14.39 15.19 14.55 12.76 12.17 11.69 10.55 10.74 9.78 9.64 9.67 9.70 9.37 8.40 9.49 15.86 14.73 12.02 11.33 10.90 10.49 11.21 12.52 -9999 -9999 -9999 -9999 -9999 -9999 -9999 -9999 -9999 -9999
-9999 -9999 -9999 -9999 -9999 -9999 -9999 -9999 -9999 -9999 -9999 -9999 -9999 -9999 -9999 -9999 -9999 -9999 -9999 -9999 -9999 -9999 -9999 -9999 -9999 -9999 -9999 -9999 -9999 -9999 -9999 9.51 7.53 8.28 12.94 14.88 13.85 12.23 12.11 10.88 11.39 9.81 9.89 10.88 8.42 15.03 12.87 14.56 12.67 12.31 10.45 10.02 10.14 10.00 10.04 9.90 9.73 9.21 8.92 12.18 13.86 12.76 11.69 11.50 11.00 11.31 11.97 -9999 -9999 -9999 -9999 -9999 -9999 -9999 -9999 -9999 -9999
-9999 -9999 -9999 -9999 -9999 -9999 -9999 -9999 -9999 -9999 -9999 -9999 -9999 -9999 -9999 -9999 -9999 -9999 -9999 -9999 -9999 -9999 -9999 -9999 -9999 -9999 -9999 -9999 -9999 13.10 11.11 8.70 7.23 11.28 13.88 18.22 12.97 15.50 8.59 10.67 10.54 12.79 13.69 12.81 15.42 9.68 10.34 10.58 10.63 10.17 11.62 10.26 10.18 10.59 10.11 10.02 10.08 9.65 9.42 9.82 13.03 12.88 12.05 11.67 11.44 11.00 10.79 11.79 -9999 -9999 -9999 -9999 -9999 -9999 -9999 -9999 -9999
-9999 -9999 -9999 -9999 -9999 -9999 -9999 -9999 -9999 -9999 -9999 -9999 -9999 -9999 -9999 -9999 -9999 -9999 -9999 -9999 -9999 -9999 -9999 -9999 -9999 -9999 -9999 -9999 -9999 12.20 10.11 8.71 7.87 8.43 12.80 9.40 9.61 7.25 9.98 15.09 11.71 14.55 13.54 15.20 9.70 15.29 11.74 13.52 12.84 13.04 11.44 10.97 10.43 10.10 10.06 10.15 10.10 10.04 9.72 9.57 10.82 13.35 12.77 11.81 11.69 10.55 9.54 11.00 -9999 -9999 -9999 -9999 -9999 -9999 -9999 -9999 -9999
-9999 -9999 -9999 -9999 -9999 -9999 -9999 -9999 -9999 -9999 -9999 -9999 -9999 -9999 -9999 -9999 -9999 -9999 -9999 -9999 -9999 -9999 -9999 -9999 -9999 -9999 -9999 -9999 -9999 12.25 9.93 9.11 8.48 8.65 9.24 10.05 9.07 7.86 10.56 11.39 10.58 13.30 16.77 12.93 11.93 9.62 12.46 9.82 10.94 11.99 12.53 11.31 10.89 10.09 10.04 10.21 10.22 10.17 10.06 9.86 10.42 12.68 14.13 12.40 11.42 10.13 8.81 9.71 11.42 -9999 -9999 -9999 -9999 -9999 -9999 -9999 -9999
-9999 -9999 -9999 -9999 -9999 -9999 -9999 -9999 -9999 -9999 -9999 -9999 -9999 -9999 -9999 -9999 -9999 -9999 -9999 -9999 -9999 -9999 -9999 -9999 -9999 -9999 -9999 -9999 -9999 11.81 10.11 9.54 9.48 9.06 8.85 8.79 10.20 12.13 8.41 8.44 10.43 17.04 16.77 18.21 15.53 12.12 11.69 12.49 10.40 9.55 11.37 12.22 10.82 10.16 10.19 10.03 10.20 10.33 10.46 10.26 10.39 12.91 14.88 13.10 11.85 10.56 8.87 8.78 10.42 12.05 -9999 -9999 -9999 -9999 -9999 -9999 -9999
-9999 -9999 -9999 -9999 -9999 -9999 -9999 -9999 -9999 -9999 -9999 -9999 -9999 -9999 -9999 -9999 -9999 -9999 -9999 -9999 -9999 -9999 -9999 -9999 -9999 -9999 -9999 -9999 -9999 11.78 9.78 9.29 9.02 8.59 8.02 9.44 9.22 10.84 11.30 14.14 16.31 17.18 13.26 16.02 13.61 13.10 10.78 12.79 11.84 10.60 9.83 9.85 10.36 10.11 10.17 10.23 10.41 10.52 10.80 10.91 11.08 11.55 13.17 12.88 11.78 10.91 9.98 9.23 9.35 11.22 -9999 -9999 -9999 -9999 -9999 -9999 -9999
-9999 -9999 -9999 -9999 -9999 -9999 -9999 -9999 -9999 -9999 -9999 -9999 -9999 -9999 -9999 -9999 -9999 -9999 -9999 -9999 -9999 -9999 -9999 -9999 -9999 -9999 -9999 -9999 -9999 -9999 9.86 9.39 8.87 8.05 8.83 11.92 12.05 12.99 11.11 10.62 13.63 13.04 15.63 14.46 11.23 8.79 9.77 9.74 11.71 10.43 10.11 11.10 10.82 10.03 10.37 10.29 10.53 10.56 10.77 11.10 11.44 11.61 11.30 11.77 11.78 11.45 -9999 10.33 10.58 11.67 13.70 -9999 -9999 -9999 -9999 -9999 -9999
-9999 -9999 -9999 -9999 -9999 -9999 -9999 -9999 -9999 -9999 -9999 -9999 -9999 -9999 -9999 -9999 -9999 -9999 -9999 -9999 -9999 -9999 -9999 -9999 -9999 -9999 -9999 -9999 -9999 11.55 9.83 9.35 8.39 7.66 7.88 13.80 14.63 11.49 15.35 14.41 11.61 11.39 17.88 15.33 15.91 11.62 8.86 11.68 9.48 8.74 10.06 10.48 10.15 10.56 10.20 10.36 10.55 10.79 10.66 10.74 12.91 11.78 10.76 12.62 11.53 11.31 11.01 -9999 11.77 12.63 14.20 15.47 -9999 -9999 -9999 -9999 -9999
-9999 -9999 -9999 -9999 -9999 -9999 -9999 -9999 -9999 -9999 -9999 -9999 -9999 -9999 -9999 -9999 -9999 -9999 -9999 -9999 -9999 -9999 -9999 -9999 -9999 -9999 -9999 -9999 -9999 11.26 9.55 9.13 8.38 10.50 8.82 10.18 14.47 9.74 10.26 10.74 7.90 8.20 14.26 14.09 14.42 9.76 12.39 13.33 9.70 11.18 10.08 11.07 11.03 10.80 10.37 10.51 10.65 10.69 10.51 10.34 10.59 11.34 9.96 10.25 11.28 10.50 11.23 11.48 -9999 -9999 -9999 -9999 -9999 -9999 -9999 -9999 -9999
-9999 -9999 -9999 -9999 -9999 -9999 -9999 -9999 -9999 -9999 -9999 -9999 -9999 -9999 -9999 -9999 -9999 -9999 -9999 -9999 -9999 -9999 -9999 -9999 -9999 -9999 -9999 -9999 13.15 10.42 9.28 10.34 9.70 9.78 8.96 9.94 9.94 9.20 8.92 8.18 7.87 8.63 12.62 16.66 17.54 11.62 15.09 13.76 9.85 10.16 8.82 10.05 11.05 10.81 10.47 10.92 10.89 10.76 10.79 10.37 10.47 10.67 10.38 9.90 12.00 11.34 11.11 11.09 12.27 13.51 -9999 -9999 -9999 -9999 -9999 -9999 -9999
-9999 -9999 -9999 -9999 -9999 -9999 -9999 -9999 -9999 -9999 -9999 -9999 -9999 -9999 -9999 -9999 -9999 -9999 -9999 -9999 -9999 -9999 -9999 -9999 -9999 -9999 -9999 -9999 -9999 10.70 9.32 9.32 9.85 12.36 9.06 8.37 8.13 8.87 9.37 8.54 8.11 7.88 8.06 13.93 16.64 18.39 14.12 14.32 12.31 10.47 10.91 8.35 9.50 11.69 10.78 10.87 10.76 10.72 10.89 10.51 10.48 10.96 10.49 9.69 9.85 13.40 11.80 11.14 11.31 12.06 13.33 14.86 -9999 -9999 -9999 -9999 -9999
-9999 -9999 -9999 -9999 -9999 -9999 -9999 -9999 -9999 -9999 -9999 -9999 -9999 -9999 -9999 -9999 -9999 -9999 -9999 -9999 -9999 -9999 -9999 -9999 -9999 -9999 -9999 -9999 -9999 10.70 9.86 9.22 9.35 9.56 9.57 8.93 8.09 8.30 7.88 7.61 7.64 7.62 8.70 8.06 15.31 19.12 19.40 15.84 13.40 11.73 9.61 10.32 9.88 12.35 11.09 11.10 10.78 10.77 10.72 10.56 10.97 11.07 10.74 9.92 10.40 13.25 12.45 12.75 10.96 10.79 11.82 13.43 -9999 -9999 -9999 -9999 -9999
-9999 -9999 -9999 -9999 -9999 -9999 -9999 -9999 -9999 17.06 16.17 16.90 18.42 -9999 -9999 -9999 -9999 -9999 -9999 -9999 -9999 -9999 -9999 -9999 -9999 -9999 -9999 -9999 11.48 10.04 10.52 9.55 10.67 9.82 8.95 8.69 8.59 8.18 8.17 7.94 7.88 7.75 7.62 11.76 15.68 15.87 12.34 16.98 15.48 10.29 10.22 7.79 12.54 13.18 11.38 11.30 10.94 10.82 10.71 10.58 10.93 11.58 11.35 10.30 10.19 10.64 13.26 13.04 13.59 10.93 10.56 12.08 13.97 -9999 -9999 -9999 -9999
-9999 -9999 -9999 -9999 -9999 -9999 -9999 -9999 -9999 16.26 15.39 15.22 15.80 -9999 -9999 -9999 -9999 -9999 -9999 -9999 -9999 -9999 -9999 -9999 -9999 -9999 -9999 11.61 11.20 10.20 10.50 11.70 9.84 9.84 8.44 8.34 8.57 8.28 8.58 8.80 7.76 7.27 7.54 9.90 18.17 17.99 12.01 14.34 13.62 12.95 8.75 7.85 11.14 12.51 11.60 10.56 10.46 10.63 11.11 10.82 10.92 11.34 12.02 11.02 10.63 10.32 12.72 12.81 12.77 11.26 10.82 11.20 13.11 -9999 -9999 -9999 -9999
-9999 -9999 -9999 -9999 -9999 -9999 -9999 20.15 15.77 13.74 14.47 14.15 15.54 15.13 16.67 17.81 -9999 -9999 17.51 14.68 -9999 -9999 -9999 11.53 13.54 12.88 -9999 9.55 11.84 10.62 9.93 10.50 9.62 10.07 9.86 10.44 9.62 9.58 8.37 8.97 8.06 8.18 13.40 9.36 11.91 15.60 8.18 10.49 17.91 10.05 12.46 9.52 10.86 11.45 10.95 10.75 10.70 10.65 10.96 10.46 10.98 11.08 12.29 11.15 10.63 10.44 10.90 11.90 13.40 12.79 11.03 10.71 12.24 14.33 -9999 -9999 -9999
-9999 -9999 -9999 -9999 -9999 -9999 -9999 -9999 16.36 14.37 13.62 13.10 13.56 15.57 18.11 15.17 -9999 14.73 14.82 15.79 13.50 14.43 9.82 8.49 14.48 14.68 12.82 -9999 9.03 11.03 10.70 9.62 9.50 10.56 9.50 9.01 8.77 8.56 8.87 8.43 8.95 8.69 13.67 14.32 13.22 13.92 12.58 14.82 15.33 13.14 9.75 9.15 11.98 12.06 10.23 11.15 10.54 11.11 11.11 10.44 10.76 10.92 12.35 11.26 10.58 10.44 10.06 11.12 12.33 13.54 12.17 10.94 11.50 13.50 -9999 -9999 -9999
