ML/MeanWindSpeed_2000-07_Actual.txt
ncols         180
nrows         290
xllcorner     -200000
yllcorner     -200000
cellsize      5000
NODATA_value  -9999
[rows 210 to 244 of 290, columns 79 to 157 of 180]
10.12 9.11 10.32 10.10 -9999 -9999 -9999 -9999 -9999 -9999 -9999 7.21 7.19 7.91 7.35 7.42 7.43 8.29 9.47 10.90 10.29 9.08 8.10 7.93 7.24 9.30 9.41 6.74 5.89 8.41 8.52 9.15 6.95 6.30 6.13 5.78 6.34 6.83 6.93 7.20 6.91 6.52 6.19 5.82 5.46 5.24 4.88 5.18 4.94 5.11 5.41 5.77 6.12 5.82 5.67 5.51 4.64 4.07 5.23 6.20 6.52 6.45 5.98 5.82 6.24 6.44 6.10 5.71 5.53 6.21 5.56 5.76 6.38 6.04 6.10 6.24 5.89 5.81 6.17
9.99 -9999 -9999 -9999 -9999 -9999 -9999 -9999 -9999 9.77 8.94 8.72 9.37 8.87 8.00 7.34 7.65 7.73 9.31 10.33 9.66 7.07 7.04 9.44 8.55 8.59 7.33 6.40 6.16 7.91 8.01 7.85 6.67 6.29 6.25 5.35 7.25 7.53 6.89 7.11 6.83 6.56 6.25 5.81 5.85 5.22 5.04 4.60 4.66 4.85 5.28 5.58 6.08 5.72 6.42 6.97 5.12 5.16 4.37 6.00 6.27 6.12 6.76 6.53 6.52 6.78 6.18 5.62 5.59 5.58 5.98 6.34 5.93 6.34 6.26 5.94 5.93 6.82 6.47
-9999 -9999 -9999 -9999 -9999 -9999 -9999 -9999 -9999 10.46 10.12 8.85 9.60 9.81 -9999 -9999 7.45 9.50 6.79 7.86 7.44 7.40 7.93 9.02 7.35 7.14 7.27 6.87 7.29 7.56 7.53 7.06 6.59 6.87 5.95 6.06 7.38 6.82 6.66 6.68 6.74 6.86 6.46 5.77 5.54 4.99 4.96 5.33 5.72 5.59 6.12 5.59 5.58 6.28 7.80 6.39 5.76 5.10 4.44 5.97 6.17 6.31 6.50 6.48 6.27 6.12 6.83 5.84 5.60 5.48 5.50 5.69 5.63 5.50 6.49 6.15 6.47 7.22 7.21
-9999 -9999 -9999 -9999 -9999 -9999 -9999 -9999 -9999 -9999 -9999 -9999 -9999 -9999 -9999 -9999 8.17 7.71 7.60 6.87 6.14 6.18 6.57 7.41 7.34 7.50 7.66 7.86 8.19 8.04 -9999 6.78 6.51 6.38 6.02 6.15 7.26 6.88 7.01 6.75 6.29 6.09 6.36 5.69 5.66 6.28 6.32 6.11 6.67 7.27 6.48 6.34 6.30 6.55 7.39 6.34 5.90 5.55 5.12 5.31 5.59 6.10 6.55 6.31 5.94 5.90 5.82 5.50 5.37 5.24 5.26 5.38 5.57 5.65 5.90 5.99 6.39 6.86 -9999
-9999 -9999 -9999 -9999 -9999 -9999 -9999 -9999 -9999 -9999 -9999 -9999 -9999 -9999 -9999 -9999 -9999 8.00 7.16 6.37 6.49 7.08 6.65 6.87 7.23 7.89 -9999 -9999 -9999 -9999 7.27 6.34 6.30 6.12 6.05 6.37 7.46 7.01 7.26 6.81 6.04 6.40 6.02 6.75 6.36 7.45 6.60 6.74 6.49 6.80 6.71 6.26 6.77 5.72 6.21 6.31 5.21 5.17 4.88 4.96 5.14 5.09 5.10 5.38 5.26 5.26 5.19 5.07 4.91 5.65 5.77 5.09 5.11 5.19 5.44 5.79 6.48 7.49 7.52
-9999 -9999 -9999 -9999 -9999 -9999 -9999 -9999 -9999 -9999 -9999 -9999 -9999 -9999 -9999 -9999 -9999 -9999 7.53 7.95 7.15 6.88 7.97 7.96 8.23 -9999 -9999 -9999 -9999 7.87 7.42 7.18 5.48 5.41 5.63 7.25 7.74 7.52 7.22 6.49 6.32 6.06 6.91 7.66 6.89 6.89 6.47 6.48 6.28 5.77 6.20 6.22 5.93 5.85 5.92 5.69 5.20 5.15 5.35 5.57 5.75 5.02 4.99 5.03 4.91 5.17 5.01 5.06 4.59 5.03 4.97 4.95 5.46 4.93 5.72 5.90 6.10 5.93 6.47
-9999 -9999 -9999 -9999 -9999 -9999 -9999 -9999 -9999 -9999 -9999 -9999 -9999 -9999 -9999 -9999 -9999 -9999 -9999 7.72 7.56 7.40 8.90 8.36 8.92 -9999 -9999 -9999 7.49 6.23 5.56 6.55 6.50 6.09 5.48 6.55 6.32 7.51 7.06 6.00 6.76 7.25 7.16 6.88 7.18 6.50 6.11 5.80 5.43 5.40 5.40 5.55 5.91 5.77 5.48 5.39 5.38 5.36 5.72 5.54 5.65 5.37 4.97 4.95 4.66 4.44 4.37 4.61 4.50 4.65 4.69 5.30 5.43 5.71 5.78 5.26 6.17 5.17 5.75
-9999 -9999 -9999 -9999 -9999 -9999 -9999 -9999 -9999 -9999 -9999 -9999 -9999 -9999 -9999 -9999 -9999 -9999 -9999 -9999 -9999 -9999 -9999 -9999 -9999 -9999 -9999 9.00 6.89 5.85 5.35 6.10 5.15 5.82 6.50 6.67 6.83 7.04 5.95 5.55 5.80 6.42 6.33 6.59 6.54 6.57 6.32 6.16 7.08 6.01 6.02 5.57 5.86 5.87 5.39 5.41 5.18 5.43 5.89 5.51 5.19 4.98 4.75 4.62 4.93 4.60 4.96 4.79 5.42 5.75 5.47 4.77 6.40 6.94 6.09 5.25 6.81 6.01 5.58
-9999 -9999 -9999 -9999 -9999 -9999 -9999 -9999 -9999 -9999 -9999 -9999 -9999 -9999 -9999 -9999 -9999 -9999 -9999 -9999 -9999 -9999 -9999 -9999 -9999 -9999 -9999 7.60 7.10 6.27 9.40 7.98 5.48 5.70 6.25 6.79 7.21 6.08 5.61 5.39 5.45 6.32 6.27 6.18 7.19 6.95 7.64 6.77 6.85 7.56 6.44 5.95 5.71 5.29 5.18 5.07 5.11 5.44 5.50 5.57 5.21 4.77 4.41 4.23 4.76 6.09 5.71 6.17 6.45 7.04 6.04 5.28 6.05 6.31 5.56 5.10 5.46 6.31 6.56
-9999 -9999 -9999 -9999 -9999 -9999 -9999 -9999 -9999 -9999 -9999 -9999 -9999 -9999 -9999 -9999 -9999 -9999 -9999 -9999 -9999 -9999 -9999 -9999 -9999 -9999 -9999 7.38 6.07 5.43 6.95 9.15 8.13 7.18 6.39 7.29 6.25 5.86 5.47 6.59 6.75 7.25 7.03 6.49 6.52 6.40 6.67 7.04 7.09 6.47 6.27 6.06 5.88 5.35 5.10 5.16 5.32 5.77 5.65 5.44 4.93 4.80 5.14 5.51 5.21 6.01 5.86 5.81 5.88 6.36 7.42 7.11 5.67 5.53 5.77 5.93 5.94 6.04 5.91
-9999 -9999 -9999 -9999 -9999 -9999 -9999 -9999 -9999 -9999 9.77 9.79 8.17 10.81 9.88 9.27 9.03 10.34 5.68 9.34 6.41 -9999 -9999 -9999 -9999 -9999 -9999 7.02 6.26 6.07 5.61 6.36 7.57 8.34 7.73 6.73 6.00 5.83 6.28 7.13 6.75 6.40 6.59 6.46 6.25 6.39 6.17 6.09 5.97 6.20 5.83 6.20 6.40 6.60 5.75 5.55 6.02 5.95 5.37 5.78 5.11 4.86 5.62 6.18 5.37 5.09 5.35 5.28 5.19 5.12 5.32 5.20 4.78 4.66 4.66 4.69 4.73 5.15 5.29
-9999 -9999 -9999 -9999 -9999 -9999 -9999 -9999 -9999 -9999 11.32 10.70 10.39 8.51 9.56 10.41 9.51 9.66 9.83 7.92 6.61 5.58 6.63 8.69 7.36 6.87 6.54 6.55 6.18 5.91 5.78 5.67 6.02 7.51 7.34 6.59 5.89 7.69 6.62 6.03 6.46 6.82 6.46 6.56 6.19 6.08 6.34 6.26 6.12 5.35 5.63 6.07 6.13 5.94 6.15 6.38 5.65 5.42 4.92 4.85 5.61 5.08 7.47 6.25 5.83 5.33 4.98 5.06 4.94 5.47 5.45 4.61 5.52 5.17 5.57 4.77 4.94 4.97 5.11
-9999 -9999 -9999 -9999 -9999 -9999 -9999 -9999 -9999 10.11 9.34 8.90 8.51 7.64 9.08 10.83 10.30 9.36 9.22 9.14 7.95 6.50 6.33 7.39 8.37 6.58 6.26 6.04 6.08 6.59 5.75 5.80 6.82 6.74 6.43 6.56 7.96 6.80 7.46 6.99 6.47 5.87 6.19 5.90 6.15 6.30 6.15 6.53 5.79 5.87 5.85 5.79 5.75 6.56 6.78 5.52 5.30 5.43 6.68 5.62 5.40 5.56 5.59 5.74 5.70 5.24 5.08 5.54 6.16 5.48 4.77 4.64 5.71 5.36 5.35 5.65 5.61 5.41 5.50
-9999 -9999 -9999 -9999 -9999 -9999 -9999 -9999 -9999 -9999 8.73 7.85 7.36 8.46 8.35 8.84 10.56 9.48 8.12 7.39 8.59 9.31 7.85 6.62 6.84 7.95 6.67 5.66 5.73 5.73 6.16 6.22 5.82 5.81 6.06 6.64 7.38 6.52 7.22 6.33 6.27 6.21 6.38 5.95 6.42 6.57 6.58 5.79 5.78 6.18 5.68 5.27 5.14 5.80 6.41 6.30 5.40 5.62 6.29 6.14 5.63 5.11 5.11 5.03 5.20 6.17 5.89 5.69 6.13 6.78 6.18 5.63 5.89 5.84 5.27 5.88 5.25 5.77 5.19
-9999 -9999 -9999 -9999 -9999 -9999 9.72 -9999 -9999 8.99 8.34 8.75 6.63 7.92 7.17 7.09 7.42 7.65 8.11 7.25 8.39 8.79 6.92 5.89 4.94 4.86 4.99 5.14 5.38 5.66 6.17 5.55 5.52 5.82 6.96 6.31 7.05 6.36 6.60 6.11 6.78 7.28 6.81 6.15 5.79 5.78 5.80 5.72 6.64 6.03 5.60 6.72 5.64 5.61 6.62 7.22 5.04 5.26 5.59 5.39 5.17 5.08 4.96 5.23 5.72 6.01 5.32 5.01 5.12 5.62 5.63 5.50 5.86 5.37 5.25 5.22 4.91 4.95 4.93
-9999 -9999 -9999 -9999 -9999 9.51 10.10 10.07 9.84 8.15 7.67 8.88 7.12 6.40 7.02 6.65 7.69 8.05 8.48 7.57 7.33 7.35 5.97 4.59 4.03 4.19 4.78 5.29 4.96 5.13 5.44 5.27 5.41 6.50 6.63 6.14 6.66 6.86 7.65 7.01 7.10 7.86 6.91 6.70 5.81 6.02 5.89 6.24 5.93 5.81 5.41 6.16 6.14 5.57 6.21 5.82 5.20 4.98 4.84 5.15 5.13 5.14 4.78 4.52 4.73 4.73 4.78 4.84 4.92 4.75 5.22 5.49 6.01 6.22 5.85 4.99 5.50 5.35 5.32
-9999 -9999 -9999 -9999 -9999 9.42 9.40 8.68 8.90 8.28 7.78 7.12 8.14 7.95 7.34 8.22 8.15 7.96 8.70 7.74 7.40 7.06 5.00 5.02 6.10 5.79 5.20 4.88 4.62 5.11 5.58 5.82 5.55 6.40 6.06 6.49 5.87 5.49 6.83 7.75 7.02 7.03 6.87 6.44 6.26 6.53 6.05 5.69 6.19 6.35 5.47 5.78 5.86 5.77 6.38 6.61 6.48 7.33 5.57 5.53 4.94 4.76 4.74 4.75 4.65 4.60 4.74 5.00 4.78 4.76 4.69 5.33 5.48 5.61 5.66 5.74 4.96 5.18 5.73
-9999 -9999 -9999 -9999 -9999 9.73 9.03 8.58 8.68 8.17 8.11 7.37 7.61 7.55 6.71 7.66 7.86 8.34 8.48 7.90 6.02 5.05 4.44 5.61 5.52 5.96 6.59 5.25 5.13 5.33 5.01 5.62 5.24 5.98 5.80 5.93 5.77 5.52 7.01 6.91 7.01 6.88 6.73 6.60 6.47 6.70 6.66 5.83 5.64 5.80 6.37 5.64 5.88 5.71 6.03 6.08 6.11 6.60 6.19 6.64 7.12 4.82 6.98 5.97 4.84 5.05 7.15 6.99 6.54 4.63 4.52 4.65 4.68 5.27 5.09 5.79 6.35 7.77 6.94
-9999 -9999 -9999 -9999 -9999 8.37 8.38 8.33 8.06 7.45 7.24 6.95 6.65 7.26 6.91 7.11 7.69 7.24 7.35 7.14 6.90 4.86 5.04 6.19 5.51 6.59 6.82 5.61 5.85 6.33 5.76 5.78 5.77 5.93 6.02 6.11 6.57 7.25 6.27 6.95 6.83 6.77 6.63 6.59 6.64 6.75 6.18 6.14 5.92 6.10 6.26 6.60 6.24 6.84 6.50 6.11 5.94 5.76 5.52 5.50 5.63 5.16 6.34 6.19 6.58 6.29 6.70 7.06 7.38 5.06 5.10 4.89 4.86 5.20 5.79 6.46 6.56 -9999 -9999
-9999 -9999 -9999 -9999 -9999 7.46 7.77 7.96 8.13 8.27 7.53 6.82 5.97 6.23 7.42 7.27 7.04 6.64 7.01 6.96 6.72 6.03 4.91 4.92 4.68 6.60 6.02 4.83 7.01 7.02 6.29 7.79 6.69 7.18 7.81 7.46 7.22 7.60 6.89 6.48 6.78 6.67 6.31 6.47 6.56 6.84 6.27 6.31 6.64 6.84 6.57 6.49 6.63 6.68 6.81 6.74 6.47 6.06 5.89 6.09 6.28 6.32 6.58 6.70 6.74 -9999 -9999 6.58 6.81 6.49 6.13 5.56 7.33 5.98 -9999 -9999 -9999 -9999 -9999
-9999 -9999 -9999 -9999 8.22 7.46 7.79 7.53 8.26 8.26 8.67 6.93 6.42 6.14 7.17 7.03 6.57 6.42 6.69 6.76 6.67 6.32 6.08 6.14 6.33 6.34 5.42 7.23 7.92 6.47 6.19 6.80 6.57 7.38 7.52 6.86 6.85 6.72 6.61 7.15 7.00 7.00 6.71 6.66 6.92 7.41 7.11 6.74 6.56 6.36 6.44 -9999 -9999 7.13 7.60 7.59 7.28 7.01 6.76 6.82 -9999 -9999 -9999 -9999 -9999 -9999 -9999 -9999 -9999 -9999 6.52 6.82 7.86 6.80 -9999 -9999 -9999 -9999 -9999
-9999 -9999 -9999 8.86 7.81 7.12 7.87 7.39 7.50 7.31 7.25 6.43 7.65 8.02 7.48 7.21 7.32 7.77 6.96 6.54 6.69 6.91 6.90 8.38 8.60 8.04 7.60 8.69 7.08 7.27 7.41 8.03 8.52 7.43 6.63 6.94 6.39 6.48 6.33 6.40 6.34 7.33 8.05 7.99 7.77 7.73 7.82 7.22 -9999 6.11 6.44 6.29 6.68 7.21 -9999 -9999 -9999 -9999 7.55 -9999 -9999 -9999 -9999 -9999 -9999 -9999 -9999 -9999 -9999 -9999 -9999 -9999 -9999 -9999 -9999 -9999 -9999 -9999 -9999
-9999 -9999 9.96 9.09 8.69 7.90 7.15 7.19 7.15 6.48 6.43 7.01 9.57 10.44 7.45 6.87 9.09 7.61 8.52 6.69 6.73 8.71 7.86 7.57 7.59 7.60 -9999 -9999 -9999 -9999 -9999 7.97 9.05 8.69 7.54 7.32 6.91 6.48 6.49 6.31 6.66 7.48 -9999 -9999 -9999 -9999 -9999 7.94 7.94 7.18 6.43 6.20 7.44 7.36 -9999 -9999 -9999 -9999 -9999 -9999 -9999 -9999 -9999 -9999 -9999 -9999 -9999 -9999 -9999 -9999 -9999 -9999 -9999 -9999 -9999 -9999 -9999 -9999 -9999
-9999 7.42 8.04 9.10 9.05 7.91 7.81 7.62 6.45 7.19 7.39 8.67 9.89 10.55 9.67 9.12 8.09 9.13 7.87 7.72 7.49 8.83 8.60 -9999 -9999 -9999 -9999 -9999 -9999 -9999 -9999 -9999 8.15 8.42 7.52 8.24 8.75 8.92 7.46 8.77 8.59 8.97 -9999 -9999 -9999 -9999 -9999 -9999 -9999 7.11 7.41 6.46 6.98 -9999 -9999 -9999 -9999 -9999 -9999 -9999 -9999 -9999 -9999 -9999 -9999 -9999 -9999 -9999 -9999 -9999 -9999 -9999 -9999 -9999 -9999 -9999 -9999 -9999 -9999
8.33 7.30 7.82 8.91 9.77 9.69 8.44 7.19 7.10 7.80 7.91 8.63 10.13 8.61 8.73 9.17 10.16 6.47 7.91 9.92 8.32 -9999 -9999 -9999 -9999 -9999 -9999 -9999 -9999 -9999 -9999 -9999 -9999 -9999 8.55 -9999 -9999 -9999 -9999 7.87 9.45 9.69 -9999 -9999 -9999 -9999 -9999 -9999 -9999 -9999 7.35 8.55 7.48 -9999 -9999 -9999 -9999 -9999 -9999 -9999 -9999 -9999 -9999 -9999 -9999 -9999 -9999 -9999 -9999 -9999 -9999 -9999 -9999 -9999 -9999 -9999 -9999 -9999 -9999
7.56 6.65 7.75 9.22 9.50 9.88 8.99 8.23 8.87 7.20 6.56 7.74 9.71 9.30 8.03 7.67 9.01 7.12 6.84 7.84 -9999 -9999 -9999 -9999 -9999 -9999 -9999 -9999 -9999 -9999 -9999 -9999 -9999 -9999 9.17 -9999 -9999 -9999 -9999 -9999 -9999 -9999 -9999 -9999 -9999 -9999 -9999 -9999 -9999 -9999 -9999 -9999 -9999 -9999 -9999 -9999 -9999 -9999 -9999 -9999 -9999 -9999 -9999 -9999 -9999 -9999 -9999 -9999 -9999 -9999 -9999 -9999 -9999 -9999 -9999 -9999 -9999 -9999 -9999
7.77 6.60 7.89 8.58 8.61 9.02 8.60 8.35 9.11 6.86 6.64 7.58 9.22 11.71 11.74 7.44 7.51 7.11 7.61 9.30 -9999 -9999 -9999 -9999 -9999 -9999 -9999 -9999 -9999 -9999 -9999 -9999 -9999 -9999 -9999 -9999 -9999 -9999 -9999 -9999 -9999 -9999 -9999 -9999 -9999 -9999 -9999 -9999 -9999 -9999 -9999 -9999 -9999 -9999 -9999 -9999 -9999 -9999 -9999 -9999 -9999 -9999 -9999 -9999 -9999 -9999 -9999 -9999 -9999 -9999 -9999 -9999 -9999 -9999 -9999 -9999 -9999 -9999 -9999
9.06 8.38 8.73 8.58 9.05 8.61 8.37 8.14 7.31 7.39 6.98 7.07 9.19 10.67 10.15 8.47 6.75 6.70 8.83 8.32 -9999 -9999 -9999 -9999 -9999 -9999 -9999 -9999 -9999 -9999 -9999 -9999 -9999 -9999 -9999 -9999 -9999 -9999 -9999 -9999 -9999 -9999 -9999 -9999 -9999 -9999 -9999 -9999 -9999 -9999 -9999 -9999 -9999 -9999 -9999 -9999 -9999 -9999 -9999 -9999 -9999 -9999 -9999 -9999 -9999 -9999 -9999 -9999 -9999 -9999 -9999 -9999 -9999 -9999 -9999 -9999 -9999 -9999 -9999
10.08 9.57 9.55 8.54 8.96 8.58 10.06 9.34 8.18 7.81 8.31 7.38 8.06 8.87 8.48 7.50 7.06 7.59 8.39 8.57 -9999 -9999 -9999 -9999 -9999 -9999 -9999 -9999 -9999 -9999 -9999 -9999 -9999 -9999 -9999 -9999 -9999 -9999 -9999 -9999 -9999 -9999 -9999 -9999 -9999 -9999 -9999 -9999 -9999 -9999 -9999 -9999 -9999 -9999 -9999 -9999 -9999 -9999 -9999 -9999 -9999 -9999 -9999 -9999 -9999 -9999 -9999 -9999 -9999 -9999 -9999 -9999 -9999 -9999 -9999 -9999 -9999 -9999 -9999
8.81 9.06 8.59 9.29 10.48 10.17 9.02 9.05 9.00 8.94 8.30 8.81 8.43 7.89 7.75 8.08 8.52 8.80 8.48 9.01 -9999 -9999 -9999 -9999 -9999 -9999 -9999 -9999 -9999 -9999 -9999 -9999 -9999 -9999 -9999 -9999 -9999 -9999 -9999 -9999 -9999 -9999 -9999 -9999 -9999 -9999 -9999 -9999 -9999 -9999 -9999 -9999 -9999 -9999 -9999 -9999 -9999 -9999 -9999 -9999 -9999 -9999 -9999 -9999 -9999 -9999 -9999 -9999 -9999 -9999 -9999 -9999 -9999 -9999 -9999 -9999 -9999 -9999 -9999
9.36 9.59 -9999 -9999 -9999 -9999 -9999 -9999 -9999 -9999 -9999 9.23 9.76 8.90 8.25 7.67 8.36 8.84 8.62 -9999 -9999 -9999 -9999 -9999 -9999 -9999 -9999 -9999 -9999 -9999 -9999 -9999 -9999 -9999 -9999 -9999 -9999 -9999 -9999 -9999 -9999 -9999 -9999 -9999 -9999 -9999 -9999 -9999 -9999 -9999 -9999 -9999 -9999 -9999 -9999 -9999 -9999 -9999 -9999 -9999 -9999 -9999 -9999 -9999 -9999 -9999 -9999 -9999 -9999 -9999 -9999 -9999 -9999 -9999 -9999 -9999 -9999 -9999 -9999
9.67 10.03 -9999 -9999 -9999 -9999 -9999 -9999 -9999 -9999 -9999 -9999 -9999 -9999 8.63 8.21 8.35 8.62 -9999 -9999 -9999 -9999 -9999 -9999 -9999 -9999 -9999 -9999 -9999 -9999 -9999 -9999 -9999 -9999 -9999 -9999 -9999 -9999 -9999 -9999 -9999 -9999 -9999 -9999 -9999 -9999 -9999 -9999 -9999 -9999 -9999 -9999 -9999 -9999 -9999 -9999 -9999 -9999 -9999 -9999 -9999 -9999 -9999 -9999 -9999 -9999 -9999 -9999 -9999 -9999 -9999 -9999 -9999 -9999 -9999 -9999 -9999 -9999 -9999
-9999 -9999 -9999 -9999 -9999 -9999 -9999 -9999 -9999 -9999 -9999 -9999 -9999 -9999 9.32 10.21 10.63 10.09 -9999 -9999 -9999 -9999 -9999 -9999 -9999 -9999 -9999 -9999 -9999 -9999 -9999 -9999 -9999 -9999 -9999 -9999 -9999 -9999 -9999 -9999 -9999 -9999 -9999 -9999 -9999 -9999 -9999 -9999 -9999 -9999 -9999 -9999 -9999 -9999 -9999 -9999 -9999 -9999 -9999 -9999 -9999 -9999 -9999 -9999 -9999 -9999 -9999 -9999 -9999 -9999 -9999 -9999 -9999 -9999 -9999 -9999 -9999 -9999 -9999
-9999 -9999 -9999 -9999 -9999 -9999 -9999 -9999 -9999 -9999 -9999 -9999 -9999 -9999 -9999 -9999 -9999 -9999 -9999 -9999 -9999 -9999 -9999 -9999 -9999 -9999 -9999 -9999 -9999 -9999 -9999 -9999 -9999 -9999 -9999 -9999 -9999 -9999 -9999 -9999 -9999 -9999 -9999 -9999 -9999 -9999 -9999 -9999 -9999 -9999 -9999 -9999 -9999 -9999 -9999 -9999 -9999 -9999 -9999 -9999 -9999 -9999 -9999 -9999 -9999 -9999 -9999 -9999 -9999 -9999 -9999 -9999 -9999 -9999 -9999 -9999 -9999 -9999 -9999
-9999 -9999 -9999 -9999 -9999 -9999 -9999 -9999 -9999 -9999 -9999 -9999 -9999 -9999 -9999 -9999 -9999 -9999 -9999 -9999 -9999 -9999 -9999 -9999 -9999 -9999 -9999 -9999 -9999 -9999 -9999 -9999 -9999 -9999 -9999 -9999 -9999 -9999 -9999 -9999 -9999 -9999 -9999 -9999 -9999 -9999 -9999 -9999 -9999 -9999 -9999 -9999 -9999 -9999 -9999 -9999 -9999 -9999 -9999 -9999 -9999 -9999 -9999 -9999 -9999 -9999 -9999 -9999 -9999 -9999 -9999 -9999 -9999 -9999 -9999 -9999 -9999 -9999 -9999
