ML/MeanWindSpeed_1991-05_Actual.txt
ncols         180
nrows         290
xllcorner     -200000
yllcorner     -200000
cellsize      5000
NODATA_value  -9999
[rows 175 to 209 of 290, columns 79 to 157 of 180]
-9999 -9999 -9999 -9999 -9999 -9999 -9999 7.87 7.27 6.63 6.41 6.55 5.36 5.38 10.26 13.60 6.50 8.76 9.54 9.52 8.28 6.02 5.67 7.56 9.44 7.94 6.42 6.44 6.82 6.38 6.61 7.59 7.18 6.83 6.51 6.55 6.52 6.19 5.88 5.98 9.45 10.58 9.47 9.76 8.38 7.91 9.09 9.15 7.57 7.24 8.11 7.68 7.26 7.54 7.28 7.84 7.28 7.10 6.95 6.97 7.93 7.34 7.09 7.05 6.90 7.31 7.84 8.06 8.35 8.65 8.01 9.17 10.54 -9999 -9999 -9999 -9999 -9999 -9999
-9999 -9999 -9999 -9999 -9999 -9999 -9999 -9999 8.54 6.89 5.96 4.95 3.98 6.14 15.34 10.65 4.87 8.79 7.23 9.83 9.90 7.11 5.20 9.07 8.38 8.87 7.70 6.44 6.28 6.17 5.91 6.90 7.26 6.99 6.69 6.44 6.52 6.26 5.91 6.90 7.99 10.75 9.68 10.29 9.52 6.93 8.47 9.51 7.43 7.37 7.93 7.51 7.31 7.29 7.19 7.77 7.12 6.94 6.99 6.84 7.54 7.54 7.17 7.06 6.97 7.14 7.69 8.58 8.12 7.84 7.94 8.92 10.35 -9999 -9999 -9999 -9999 -9999 -9999
-9999 -9999 -9999 -9999 -9999 -9999 -9999 -9999 -9999 7.01 5.36 5.08 5.82 12.42 15.02 10.67 7.21 7.06 8.17 9.74 10.47 9.86 6.60 6.16 9.98 8.86 8.02 7.09 6.26 6.07 6.32 6.74 7.01 6.70 6.36 6.47 6.42 6.33 6.44 6.92 8.48 9.59 8.42 8.69 9.50 8.19 6.81 9.20 7.29 7.19 7.67 7.26 7.17 7.08 7.37 7.64 7.09 6.94 6.86 6.69 7.87 7.57 7.22 7.14 7.14 7.45 7.60 7.83 7.75 7.78 8.04 9.21 10.50 -9999 -9999 -9999 -9999 -9999 -9999
-9999 -9999 -9999 -9999 -9999 -9999 -9999 -9999 -9999 6.75 5.53 6.58 7.91 10.04 13.35 8.56 5.74 6.91 8.80 9.41 10.50 9.54 6.87 5.47 9.96 10.24 8.54 7.52 6.17 5.89 6.34 7.19 7.03 6.74 6.52 6.18 6.01 6.39 7.58 7.54 6.75 9.79 8.31 8.51 9.46 9.34 8.05 7.50 6.87 6.15 7.11 7.60 7.05 7.02 6.89 7.16 6.89 7.06 6.81 6.76 7.29 7.64 7.34 7.38 7.34 7.50 7.59 7.62 7.70 8.09 8.81 9.90 -9999 -9999 -9999 -9999 -9999 -9999 -9999
-9999 -9999 -9999 -9999 -9999 -9999 -9999 -9999 -9999 6.01 5.56 6.51 6.53 9.83 9.69 7.65 7.91 6.60 7.59 9.56 9.18 10.49 8.39 6.06 9.15 10.16 9.63 7.40 6.45 5.78 6.53 7.49 7.39 6.80 6.40 6.15 6.37 7.26 7.54 6.70 6.65 8.61 8.47 8.17 8.16 7.81 7.84 8.15 6.11 6.60 6.83 6.71 7.01 6.83 7.30 6.76 6.82 6.90 6.71 6.89 8.17 7.67 7.32 7.29 7.40 7.52 7.61 7.70 7.92 8.73 9.76 -9999 -9999 -9999 -9999 -9999 -9999 -9999 -9999
-9999 -9999 -9999 -9999 -9999 -9999 -9999 -9999 7.01 10.74 6.72 7.49 8.16 5.96 11.95 10.47 9.68 8.77 10.22 8.68 9.46 8.55 7.55 8.17 10.73 10.26 9.57 7.39 6.42 5.87 6.94 7.30 7.07 6.75 6.24 6.33 7.28 7.02 6.77 7.53 8.03 6.97 9.55 8.88 7.28 7.69 7.26 6.72 6.54 6.10 6.15 6.32 7.00 6.79 6.48 7.26 6.78 6.79 6.83 7.20 8.28 7.71 7.32 7.34 7.34 7.53 7.58 7.73 8.48 9.49 -9999 -9999 -9999 -9999 -9999 -9999 -9999 10.94 -9999
-9999 -9999 -9999 -9999 -9999 -9999 8.39 7.70 9.60 8.35 7.22 7.69 8.18 5.91 6.57 7.61 10.06 9.81 10.48 10.12 10.40 7.05 8.75 8.69 7.49 8.30 7.68 7.54 6.73 6.25 6.92 7.26 7.17 6.58 6.51 7.34 7.05 7.21 6.67 7.74 8.23 8.13 7.49 6.89 7.72 7.45 7.04 6.86 6.70 6.56 5.88 6.52 6.53 6.26 6.42 6.61 6.81 6.98 6.86 7.31 8.23 7.71 7.27 7.30 7.27 7.45 7.56 8.00 8.91 -9999 -9999 -9999 -9999 -9999 10.59 10.47 10.19 9.70 9.59
-9999 -9999 -9999 -9999 -9999 8.88 8.52 8.38 8.53 8.42 8.43 7.52 6.03 5.71 6.51 7.21 9.35 13.67 8.95 7.93 7.37 5.43 9.28 10.21 10.21 8.68 7.63 7.43 7.11 6.83 7.08 7.51 7.16 6.73 6.68 7.24 7.57 6.69 6.58 7.77 7.99 7.79 7.49 7.51 7.55 6.83 7.02 6.38 6.33 6.70 6.36 6.10 5.92 6.26 6.77 6.62 6.82 6.97 7.01 7.32 8.36 7.94 7.38 7.19 7.21 7.40 7.59 8.02 8.75 -9999 -9999 -9999 -9999 -9999 9.65 9.29 9.14 8.77 8.55
-9999 -9999 -9999 -9999 9.15 9.54 9.09 9.05 -9999 -9999 -9999 -9999 5.91 9.81 8.28 7.86 10.02 9.22 7.69 9.05 8.18 7.21 12.84 11.48 10.05 10.49 8.37 6.93 7.20 7.26 7.02 7.15 7.00 6.61 6.92 6.81 7.70 6.92 6.75 7.14 7.58 7.72 7.60 7.03 7.01 6.86 6.80 6.63 6.42 6.17 6.00 5.84 6.10 6.68 6.57 6.44 6.88 7.31 7.47 7.57 8.10 7.95 7.72 7.18 7.21 7.36 7.48 7.74 8.33 9.34 -9999 -9999 -9999 -9999 8.99 8.61 8.63 8.57 8.35
-9999 -9999 -9999 -9999 10.19 11.00 9.21 9.52 -9999 -9999 -9999 -9999 5.80 8.18 9.07 6.27 9.43 8.97 8.14 10.16 11.29 9.50 12.16 8.24 8.83 8.80 7.88 7.00 6.97 7.15 7.05 7.24 7.49 6.80 7.10 7.06 7.24 7.56 6.96 7.13 6.88 7.35 7.71 7.91 7.82 6.83 6.54 6.53 6.48 6.69 6.23 6.12 6.36 6.63 6.96 6.56 7.72 7.91 8.22 7.85 8.07 7.95 7.70 7.18 7.26 7.36 7.41 7.53 7.71 8.38 9.00 -9999 -9999 9.29 8.92 8.68 8.92 8.67 8.37
-9999 -9999 -9999 -9999 -9999 -9999 -9999 -9999 -9999 -9999 -9999 -9999 6.60 10.03 9.00 6.44 7.67 6.58 10.48 10.71 8.18 10.30 10.17 9.20 9.53 8.17 7.51 6.93 7.30 7.13 7.33 7.19 6.95 6.99 6.96 6.89 7.08 7.42 6.96 6.86 7.20 7.44 7.09 7.47 7.46 6.23 7.01 7.64 7.03 7.15 6.90 6.06 6.40 7.01 7.62 7.55 7.40 7.81 8.34 8.12 8.29 8.01 7.74 7.16 7.25 7.36 7.43 7.46 7.37 7.58 8.04 8.65 8.95 8.78 8.73 8.29 8.94 8.98 8.90
-9999 -9999 -9999 -9999 -9999 -9999 -9999 -9999 -9999 -9999 -9999 -9999 -9999 10.05 5.40 5.14 7.29 9.71 9.44 11.17 10.82 8.41 9.14 9.92 7.87 7.49 7.07 6.94 6.87 7.19 7.22 7.19 7.01 6.94 6.89 6.99 6.84 7.25 6.94 6.69 8.21 7.93 7.14 6.94 6.73 6.61 6.52 7.17 7.31 7.21 7.92 6.72 6.44 6.92 6.84 7.22 7.45 7.47 8.25 8.30 8.10 7.75 7.75 7.20 7.25 7.32 7.36 7.44 7.50 7.58 7.64 7.99 8.29 8.48 8.40 8.41 9.10 9.11 8.86
-9999 -9999 -9999 -9999 -9999 -9999 -9999 -9999 -9999 -9999 -9999 -9999 -9999 6.91 9.63 10.02 8.66 7.75 7.85 9.90 8.95 9.05 7.85 7.52 8.44 6.70 6.79 7.96 7.77 7.63 7.21 6.71 6.58 7.00 6.93 7.46 7.37 7.29 6.84 6.50 7.92 8.60 7.79 7.07 6.67 6.73 6.69 6.59 6.74 7.41 8.89 7.96 6.70 6.48 6.78 7.56 8.29 8.33 8.11 8.44 8.17 7.81 7.48 7.24 7.26 7.29 7.42 7.50 7.58 7.69 7.81 8.00 8.23 8.55 8.51 8.32 8.88 8.95 9.26
-9999 -9999 -9999 -9999 -9999 -9999 -9999 -9999 -9999 -9999 -9999 -9999 7.88 7.77 6.60 11.66 8.23 7.02 8.88 9.01 8.36 10.10 7.84 7.50 8.52 6.16 10.07 8.58 7.66 7.82 8.25 6.99 6.62 8.40 8.21 7.48 6.77 7.10 7.00 6.82 7.37 7.89 7.76 7.26 6.88 6.75 6.86 7.00 6.83 7.73 7.78 7.31 6.79 6.53 6.96 7.68 8.39 8.48 7.91 8.04 7.95 7.72 7.43 7.26 7.24 7.32 7.44 7.54 7.61 7.74 7.89 7.95 8.15 8.65 8.63 8.42 8.64 8.88 8.55
-9999 -9999 -9999 -9999 -9999 -9999 -9999 -9999 -9999 -9999 -9999 -9999 7.20 7.95 11.70 8.56 5.96 7.19 7.13 8.25 9.86 9.66 8.08 7.92 7.71 6.52 6.87 7.57 8.76 8.78 7.44 7.25 7.15 7.62 7.90 6.83 6.63 7.06 6.99 7.40 7.73 7.52 7.67 7.40 7.01 6.91 6.95 6.94 6.96 7.63 7.87 7.38 6.57 6.69 7.45 8.25 7.98 8.48 8.42 8.03 7.62 7.93 7.39 7.50 7.31 7.36 7.39 7.52 7.62 7.70 7.81 7.92 8.08 8.74 8.65 8.37 8.47 8.79 8.63
-9999 -9999 -9999 -9999 -9999 -9999 -9999 -9999 -9999 -9999 -9999 -9999 8.42 9.64 5.89 7.07 6.58 7.50 7.42 10.36 9.32 10.55 8.96 8.43 7.19 6.06 6.27 8.07 9.54 10.38 7.31 8.20 7.80 8.21 7.81 6.52 6.60 6.78 6.97 7.42 7.25 7.41 8.17 7.63 6.89 6.94 7.78 6.88 7.14 7.51 7.45 7.04 6.75 7.13 7.51 7.78 7.98 8.03 7.57 7.50 7.77 7.80 7.20 7.23 7.30 7.33 7.42 7.45 7.47 7.62 7.74 7.87 8.04 8.32 8.27 8.37 8.30 8.53 8.42
-9999 -9999 -9999 -9999 -9999 -9999 -9999 -9999 -9999 -9999 -9999 -9999 -9999 5.73 6.53 7.90 9.72 10.68 9.49 9.75 8.68 7.36 7.30 6.77 7.28 7.13 6.36 7.04 7.60 9.64 8.02 7.33 7.68 8.75 8.14 6.61 7.08 6.42 6.58 8.26 7.47 7.41 7.36 7.41 6.69 6.73 7.89 7.45 7.05 7.44 7.21 7.00 7.16 7.78 7.62 7.59 7.37 7.72 7.20 7.91 7.86 7.22 7.18 7.56 7.44 7.28 7.34 7.34 7.40 7.55 7.66 7.80 7.88 7.94 8.00 8.12 8.10 8.04 8.09
-9999 -9999 -9999 -9999 -9999 -9999 -9999 -9999 -9999 -9999 -9999 -9999 -9999 6.38 6.71 7.70 9.77 12.20 11.49 9.08 7.26 6.47 7.29 8.48 9.74 10.82 8.75 7.37 7.72 8.41 7.60 6.33 8.88 8.64 8.12 7.10 7.51 6.59 6.39 7.18 8.30 8.08 7.63 7.25 6.72 6.78 7.55 7.33 7.06 7.13 7.35 7.44 7.62 8.08 7.70 7.41 8.08 8.08 7.96 7.85 7.88 7.27 7.58 7.93 7.33 7.27 7.33 7.33 7.41 7.48 7.57 7.67 7.72 7.77 7.71 7.62 7.54 7.47 7.61
-9999 -9999 -9999 -9999 -9999 -9999 -9999 -9999 -9999 -9999 -9999 -9999 7.72 6.08 6.34 8.10 9.70 9.89 9.63 7.72 7.90 10.71 8.96 9.17 9.42 8.34 7.82 8.25 8.42 7.41 6.46 6.78 8.40 8.50 7.95 7.10 7.61 6.28 6.22 7.42 7.39 7.74 7.82 7.39 6.97 6.97 7.57 7.41 6.91 7.12 7.13 7.07 7.61 7.53 8.14 7.69 8.17 7.80 7.96 8.04 7.48 7.38 7.97 7.91 7.26 7.23 7.45 7.32 7.43 7.47 7.59 7.61 7.59 7.57 7.39 7.53 7.71 7.71 7.30
-9999 -9999 -9999 -9999 -9999 -9999 -9999 -9999 -9999 -9999 -9999 -9999 9.40 7.65 6.41 6.30 8.42 11.24 10.69 9.25 7.91 8.43 9.28 10.23 10.66 8.33 9.54 10.07 7.57 8.84 6.03 6.40 7.96 9.22 7.34 7.67 6.72 5.88 5.94 6.62 8.58 7.79 7.81 7.53 7.29 7.35 7.46 7.23 6.90 7.03 6.98 6.94 6.96 7.81 8.10 8.05 8.53 8.01 7.74 7.76 7.57 7.87 8.16 7.94 7.53 7.72 7.61 7.75 7.51 7.54 7.69 7.70 7.54 7.42 7.24 7.21 7.70 7.68 7.70
-9999 -9999 -9999 -9999 -9999 -9999 -9999 -9999 -9999 -9999 -9999 -9999 8.40 7.23 4.76 5.73 8.18 11.27 10.28 10.07 8.22 9.21 8.81 8.24 9.18 9.39 9.10 8.03 7.09 7.47 8.80 6.82 7.22 7.32 7.49 8.31 7.18 6.04 6.02 6.62 7.09 7.18 7.79 7.52 7.39 7.55 7.07 6.73 7.06 7.20 7.27 6.97 7.37 8.18 8.13 7.59 7.83 8.42 7.85 8.11 7.65 8.27 8.40 7.87 7.69 7.81 7.50 7.62 7.54 7.52 7.55 7.47 7.42 7.44 7.35 7.53 7.23 7.38 7.46
-9999 -9999 -9999 -9999 -9999 -9999 -9999 -9999 -9999 -9999 -9999 7.66 8.20 8.89 6.87 5.87 8.68 10.04 11.57 11.19 7.73 7.73 7.02 8.19 9.62 8.33 8.09 9.08 7.95 7.53 7.24 6.81 6.69 6.88 7.43 7.37 6.97 6.64 6.24 6.23 6.82 7.20 6.86 7.15 7.11 7.50 6.98 6.98 7.08 6.81 6.81 7.14 7.87 7.86 7.85 7.41 8.03 8.24 8.03 7.62 8.17 8.30 8.43 8.43 8.04 7.79 7.71 7.59 7.57 7.53 7.42 7.33 7.26 7.27 7.35 7.57 7.54 7.52 7.60
-9999 -9999 -9999 -9999 -9999 -9999 -9999 -9999 -9999 -9999 8.64 8.28 8.53 6.99 5.76 7.72 9.81 10.67 9.72 10.68 8.00 8.46 7.24 7.50 11.90 8.91 9.05 7.65 7.74 6.85 6.49 6.67 7.50 7.11 8.35 7.34 7.36 6.37 6.20 6.28 6.62 7.03 6.76 6.87 7.15 7.27 6.51 6.90 6.89 6.95 7.10 7.49 7.97 7.62 8.03 7.71 7.95 7.55 7.47 8.23 8.49 8.26 8.42 8.25 7.64 7.89 7.92 7.86 7.70 7.44 7.23 7.03 7.18 7.23 7.59 7.79 7.93 7.88 7.49
-9999 -9999 -9999 -9999 -9999 -9999 -9999 -9999 9.56 8.59 7.69 6.53 6.14 6.00 6.18 8.28 9.31 10.76 11.86 10.70 9.10 6.56 7.88 7.91 10.72 8.82 8.10 8.04 7.19 6.94 6.00 6.51 7.82 7.70 7.99 6.90 6.85 6.42 6.38 6.71 6.62 7.01 6.58 6.73 6.98 6.53 6.42 6.70 7.27 7.11 7.59 8.21 8.05 7.78 7.47 7.29 7.77 8.12 7.99 8.33 7.82 8.27 8.40 7.95 7.40 7.42 7.95 7.82 7.76 7.22 6.97 6.77 6.98 7.67 7.88 7.75 8.27 8.06 7.95
-9999 -9999 -9999 -9999 9.56 8.49 7.33 9.03 8.99 9.13 9.12 7.53 6.76 5.99 9.06 8.30 9.78 10.61 10.68 8.94 7.98 6.33 6.88 6.98 11.27 10.40 9.04 7.47 7.44 6.97 7.75 6.09 7.34 7.79 7.67 7.45 6.82 6.23 6.75 6.50 6.38 7.14 6.57 6.68 6.51 6.57 6.74 7.26 6.94 7.36 7.13 7.57 8.24 8.16 7.96 7.73 8.04 8.12 7.98 7.95 8.46 7.89 7.87 7.66 7.32 7.73 7.92 7.97 7.49 7.07 6.96 6.98 7.71 7.89 7.66 8.12 7.66 7.85 8.12
-9999 -9999 -9999 10.17 8.58 8.50 7.64 7.23 8.33 8.13 8.44 7.19 6.04 7.81 8.58 8.94 7.09 10.83 8.74 7.34 10.20 8.08 6.03 10.43 9.69 9.69 7.32 6.66 6.81 8.68 6.83 6.43 6.49 6.68 7.68 7.75 7.52 6.49 6.58 6.32 6.44 6.95 6.77 6.75 6.68 6.64 6.90 7.04 8.30 7.13 6.94 7.40 7.99 7.67 7.64 7.38 7.56 7.89 7.81 8.42 8.12 7.77 7.79 7.81 7.41 7.61 7.72 7.46 7.27 7.10 7.01 7.03 7.45 8.05 8.05 8.14 7.90 7.85 7.95
-9999 -9999 10.24 9.79 7.68 7.20 7.15 7.81 7.46 7.57 6.97 7.40 9.88 7.99 7.41 9.35 6.04 7.93 7.80 9.73 9.44 9.95 8.73 8.60 8.14 7.33 10.04 9.19 6.79 7.05 6.78 6.48 6.75 6.36 6.48 7.76 7.85 6.28 5.97 6.15 6.63 6.29 6.22 6.78 8.16 6.73 6.65 7.33 7.94 7.39 7.03 7.51 7.88 7.89 8.21 7.85 7.49 7.45 7.43 8.20 8.00 7.61 8.09 7.95 7.47 7.52 7.48 7.27 7.30 7.28 7.17 7.30 7.50 8.04 7.68 7.63 7.83 7.56 7.71
8.16 9.34 7.87 7.76 8.09 7.29 7.07 8.38 7.42 7.13 7.37 9.22 8.83 7.77 8.60 8.06 6.80 7.06 9.10 9.30 8.43 8.85 9.79 7.18 5.57 9.79 10.76 8.67 8.37 6.91 7.08 6.36 6.62 7.80 6.69 8.13 6.98 6.16 5.82 6.15 7.29 5.88 6.29 8.96 7.32 6.78 6.90 7.62 8.29 7.36 7.28 7.55 7.38 7.74 7.74 7.43 7.31 7.55 7.31 7.63 7.91 7.93 7.72 7.49 7.14 6.98 7.24 8.00 7.56 8.08 7.60 7.02 7.87 7.82 7.95 7.74 7.64 7.74 7.60
6.23 8.17 10.22 9.62 9.35 7.28 7.98 9.10 8.17 7.76 9.20 8.21 7.95 9.52 7.76 6.23 7.01 7.76 9.43 9.45 9.42 9.15 7.74 5.32 6.86 13.51 11.39 8.84 7.03 7.38 7.02 7.79 6.84 7.35 6.90 6.82 6.65 6.49 5.97 5.88 5.98 5.74 8.13 8.69 8.03 7.01 6.80 8.76 8.04 7.50 7.49 7.25 7.66 7.60 7.37 6.94 7.66 7.42 7.03 8.07 8.04 7.51 7.43 7.27 6.96 7.13 7.68 7.90 7.76 8.03 7.51 7.31 7.87 7.87 7.56 7.74 7.64 7.78 7.80
6.16 7.20 7.79 7.62 6.89 8.07 7.34 8.64 6.61 7.42 9.06 8.73 7.82 8.24 6.04 5.64 8.36 9.35 8.82 8.19 9.62 7.77 6.33 5.13 8.37 11.12 11.73 7.39 7.55 7.71 7.95 7.30 6.49 7.71 7.30 6.91 6.43 6.50 5.55 5.45 6.28 6.34 8.19 8.23 7.62 6.73 7.35 8.61 8.39 8.02 7.58 7.64 7.49 7.26 6.98 6.94 7.29 7.54 7.29 7.28 7.38 7.27 7.92 8.18 7.11 7.23 7.68 7.80 7.49 7.75 7.63 7.63 7.75 7.53 7.64 7.54 7.55 7.35 7.63
6.29 6.87 6.95 7.57 7.40 7.50 8.11 7.33 7.84 7.12 7.06 7.02 6.37 5.57 6.64 5.73 8.34 12.53 7.30 7.40 8.29 11.51 11.14 6.05 6.04 12.83 10.04 8.08 8.26 9.01 7.77 6.47 6.10 7.89 7.97 6.80 6.28 6.11 5.63 5.65 6.56 8.24 8.55 7.77 7.38 7.03 7.10 7.51 8.32 7.86 7.64 7.40 7.07 6.82 6.77 7.32 7.24 7.21 7.28 6.83 7.03 7.58 7.48 7.88 7.41 7.32 7.30 7.39 7.63 7.69 7.66 7.69 7.77 7.41 7.27 7.53 7.46 7.13 7.41
6.11 6.74 6.36 6.94 7.28 7.41 6.77 6.67 7.17 6.68 7.69 6.90 7.56 5.26 7.22 8.42 8.61 9.50 9.88 8.16 9.74 11.34 8.47 9.95 9.24 6.90 9.98 9.12 6.74 7.09 6.26 7.16 7.05 9.23 8.51 6.70 6.10 5.56 5.54 6.47 8.39 7.65 8.70 7.62 7.31 7.68 7.24 8.58 7.89 7.95 7.50 7.08 6.84 6.84 6.85 6.98 6.86 6.95 6.81 6.92 7.59 8.13 7.79 7.33 7.62 7.27 7.83 7.27 7.10 7.23 7.40 7.53 7.61 7.59 7.14 7.40 7.37 7.21 7.48
6.12 5.74 6.76 7.75 9.24 8.66 7.64 6.93 6.28 6.43 8.35 6.57 6.88 5.27 6.88 7.31 6.96 6.57 8.35 7.91 9.06 8.95 10.45 9.35 10.20 10.03 12.51 8.08 6.99 6.53 7.30 6.95 8.58 8.45 8.51 6.28 5.80 5.29 7.68 8.43 8.37 8.70 7.56 7.77 7.77 7.75 8.05 8.34 8.25 7.82 7.35 6.96 6.68 6.96 7.08 7.36 7.04 6.70 6.76 7.22 8.36 7.41 7.67 7.64 7.30 7.25 7.31 6.94 6.86 7.23 7.06 7.35 7.47 7.45 7.43 7.46 7.16 7.05 7.75
6.48 6.05 6.33 7.78 8.47 9.20 8.58 7.82 7.03 6.50 6.87 8.22 5.70 8.44 7.98 7.99 8.93 8.27 7.26 7.51 8.36 7.49 8.58 8.24 7.52 11.27 11.10 6.97 7.16 5.89 6.54 7.70 8.23 7.98 7.44 6.20 5.83 6.88 6.66 8.09 8.10 7.76 7.94 7.82 7.82 8.39 8.31 8.11 7.89 7.50 7.95 6.81 7.02 6.61 6.71 6.61 6.49 6.59 7.30 8.14 7.91 7.66 7.69 7.46 7.18 7.26 7.47 7.46 6.50 7.10 7.63 7.27 7.23 7.51 7.00 7.19 7.74 7.41 7.28
6.87 7.19 8.06 9.26 -9999 -9999 -9999 -9999 8.25 7.92 8.46 6.76 5.98 6.85 6.85 6.46 6.09 4.21 10.32 11.16 7.81 6.84 7.04 8.03 8.80 10.56 8.47 6.92 5.98 5.53 8.33 7.76 8.86 7.08 6.66 6.16 6.22 7.74 6.91 8.15 8.16 7.70 7.79 7.79 7.91 8.03 8.04 7.92 7.71 7.40 7.62 6.71 6.65 6.63 6.53 6.59 6.55 7.53 7.50 7.81 7.95 7.95 6.98 6.82 6.66 7.38 7.63 7.14 6.32 6.91 7.37 7.28 7.14 7.61 7.30 7.20 7.56 7.70 7.44
