ML/MeanWindSpeed_1997-07_Actual.txt
ncols         180
nrows         290
xllcorner     -200000
yllcorner     -200000
cellsize      5000
NODATA_value  -9999
[rows 175 to 209 of 290, columns 79 to 157 of 180]
-9999 -9999 -9999 -9999 -9999 -9999 -9999 8.32 7.97 7.53 7.21 6.99 5.44 4.77 9.24 13.49 6.66 8.58 8.38 7.95 6.67 4.77 4.96 6.73 8.15 6.76 5.42 5.72 6.28 5.74 5.92 6.82 6.26 5.85 5.42 5.34 5.21 4.80 4.41 4.35 7.90 8.67 7.54 7.87 6.37 6.08 7.23 7.13 5.66 5.37 6.18 5.76 5.37 5.77 5.53 6.22 5.78 5.64 5.46 5.46 6.36 5.67 5.55 5.62 5.54 5.98 6.46 6.63 6.91 7.23 6.44 7.35 8.44 -9999 -9999 -9999 -9999 -9999 -9999
-9999 -9999 -9999 -9999 -9999 -9999 -9999 -9999 9.03 7.54 6.49 5.21 4.21 5.98 15.91 11.33 5.50 9.04 6.09 8.27 8.15 5.48 4.13 8.58 7.17 7.47 6.50 5.60 5.71 5.66 5.24 6.06 6.40 6.11 5.73 5.35 5.34 4.90 4.39 5.52 6.68 9.22 7.88 8.55 7.69 4.85 6.59 7.78 5.66 5.60 6.03 5.52 5.41 5.56 5.56 6.28 5.73 5.55 5.61 5.46 6.03 5.96 5.69 5.68 5.66 5.86 6.46 7.39 6.80 6.43 6.49 7.23 8.35 -9999 -9999 -9999 -9999 -9999 -9999
-9999 -9999 -9999 -9999 -9999 -9999 -9999 -9999 -9999 7.31 5.57 5.33 6.35 13.59 16.24 11.59 8.19 7.68 7.92 8.79 9.12 8.54 5.57 5.26 8.94 7.18 6.56 6.21 5.63 5.51 5.57 5.80 6.14 5.85 5.50 5.54 5.39 5.12 5.16 5.72 7.38 8.23 6.73 7.02 7.98 6.43 4.89 7.62 5.64 5.50 5.88 5.36 5.36 5.36 5.83 6.30 5.83 5.66 5.60 5.32 6.36 6.05 5.86 5.87 5.91 6.23 6.39 6.58 6.44 6.43 6.61 7.53 8.54 -9999 -9999 -9999 -9999 -9999 -9999
-9999 -9999 -9999 -9999 -9999 -9999 -9999 -9999 -9999 6.53 5.61 7.13 9.15 11.45 14.57 9.32 6.17 7.36 8.84 8.96 9.78 8.64 6.03 4.40 8.95 8.75 7.20 6.73 5.55 5.33 5.61 6.37 6.22 5.97 5.74 5.32 5.05 5.32 6.62 6.46 5.52 8.70 6.90 7.18 8.24 7.91 6.49 5.90 5.25 4.41 5.40 5.86 5.26 5.30 5.37 5.85 5.69 5.91 5.70 5.56 6.02 6.53 6.30 6.31 6.22 6.32 6.38 6.39 6.42 6.72 7.28 8.12 -9999 -9999 -9999 -9999 -9999 -9999 -9999
-9999 -9999 -9999 -9999 -9999 -9999 -9999 -9999 -9999 5.80 6.07 7.58 8.06 11.91 11.28 8.45 8.20 6.60 7.47 9.27 8.55 10.09 7.63 4.80 8.14 9.17 8.81 6.71 5.87 5.18 5.84 6.74 6.60 6.03 5.60 5.26 5.43 6.36 6.68 5.62 5.50 7.63 7.39 7.08 6.99 6.44 6.39 6.75 4.45 4.90 5.16 5.00 5.30 5.15 5.86 5.46 5.69 5.88 5.79 6.00 7.42 6.98 6.60 6.42 6.41 6.41 6.43 6.49 6.65 7.28 8.09 -9999 -9999 -9999 -9999 -9999 -9999 -9999 -9999
-9999 -9999 -9999 -9999 -9999 -9999 -9999 -9999 6.70 11.48 7.48 8.77 10.06 7.54 13.82 11.72 10.09 8.75 10.51 8.63 9.07 7.85 6.07 6.55 9.58 9.13 8.81 6.71 5.72 5.15 6.28 6.59 6.32 6.00 5.45 5.38 6.35 6.16 5.93 6.56 7.04 5.88 8.76 7.98 6.11 6.50 5.89 5.25 4.99 4.40 4.48 4.68 5.38 5.14 4.94 6.05 5.69 5.82 5.96 6.33 7.48 6.98 6.63 6.59 6.43 6.47 6.43 6.53 7.12 7.93 -9999 -9999 -9999 -9999 -9999 -9999 -9999 8.92 -9999
-9999 -9999 -9999 -9999 -9999 -9999 7.07 6.95 9.56 8.58 7.57 8.28 9.07 6.21 7.02 8.40 10.32 9.74 10.74 9.80 9.59 5.58 6.97 7.04 6.02 6.97 6.69 6.91 6.08 5.56 6.34 6.69 6.54 5.91 5.80 6.52 6.16 6.46 5.91 6.90 7.28 7.15 6.50 5.82 6.71 6.34 5.80 5.51 5.26 5.01 4.25 4.89 4.83 4.50 4.86 5.38 5.67 5.92 5.88 6.39 7.43 6.93 6.51 6.55 6.41 6.43 6.45 6.78 7.49 -9999 -9999 -9999 -9999 -9999 8.59 8.51 8.34 7.95 8.04
-9999 -9999 -9999 -9999 -9999 7.28 7.33 7.55 8.07 8.08 8.09 7.38 5.85 4.93 6.07 7.46 9.16 13.55 8.31 6.68 5.89 3.87 8.24 9.49 9.57 7.85 6.92 6.95 6.61 6.29 6.59 7.04 6.62 6.19 6.08 6.56 6.84 5.90 5.83 7.05 7.16 6.82 6.41 6.35 6.39 5.62 5.77 4.94 4.80 5.11 4.71 4.38 4.14 4.49 5.26 5.34 5.62 5.88 6.04 6.43 7.61 7.18 6.60 6.44 6.35 6.41 6.49 6.81 7.39 -9999 -9999 -9999 -9999 -9999 7.82 7.55 7.50 7.24 7.22
-9999 -9999 -9999 -9999 7.44 8.19 7.93 8.10 -9999 -9999 -9999 -9999 5.41 9.00 7.72 8.00 9.99 8.36 6.45 7.92 7.03 6.12 12.49 11.27 9.76 10.22 8.05 6.54 6.78 6.83 6.57 6.71 6.60 6.20 6.47 6.20 7.06 6.12 5.96 6.35 6.71 6.76 6.55 5.82 5.77 5.62 5.43 4.98 4.70 4.45 4.29 4.20 4.44 5.03 5.16 5.32 6.01 6.60 6.81 6.92 7.51 7.29 7.04 6.45 6.37 6.38 6.42 6.59 7.08 7.89 -9999 -9999 -9999 -9999 7.25 6.98 6.96 6.96 6.94
-9999 -9999 -9999 -9999 8.44 9.64 7.80 8.20 -9999 -9999 -9999 -9999 5.25 7.75 8.93 5.87 9.16 8.34 7.37 9.20 10.43 8.63 11.68 7.59 8.44 8.55 7.58 6.61 6.62 6.81 6.70 6.89 7.18 6.42 6.72 6.50 6.55 6.81 6.10 6.26 5.77 6.20 6.70 6.89 6.77 5.62 5.12 4.89 4.72 4.90 4.41 4.51 4.97 5.34 5.98 5.81 7.33 7.68 8.03 7.57 7.78 7.50 7.12 6.46 6.41 6.39 6.36 6.44 6.60 7.15 7.64 -9999 -9999 7.54 7.17 7.02 7.18 6.94 6.78
-9999 -9999 -9999 -9999 -9999 -9999 -9999 -9999 -9999 -9999 -9999 -9999 5.96 9.40 8.16 5.39 7.01 6.04 10.19 9.80 7.14 9.73 9.72 8.69 9.05 7.74 6.92 6.22 6.88 6.77 7.01 6.86 6.57 6.45 6.32 6.17 6.30 6.59 6.08 5.91 6.00 6.09 5.85 6.38 6.42 5.02 5.75 6.29 5.46 5.38 5.05 4.46 5.22 6.09 6.93 7.01 7.06 7.74 8.46 8.20 8.31 7.74 7.23 6.43 6.39 6.39 6.40 6.40 6.33 6.51 6.86 7.29 7.37 7.00 6.92 6.50 7.11 7.15 7.18
-9999 -9999 -9999 -9999 -9999 -9999 -9999 -9999 -9999 -9999 -9999 -9999 -9999 9.42 4.22 4.19 6.94 9.84 9.12 10.37 10.02 7.52 8.39 9.27 7.01 6.76 6.11 6.03 6.24 6.64 6.78 6.81 6.60 6.27 6.07 6.22 6.11 6.40 6.05 5.69 7.10 6.63 5.82 5.71 5.58 5.47 5.28 5.91 5.98 5.67 6.41 5.34 5.35 6.07 6.07 6.64 7.14 7.45 8.50 8.56 8.24 7.42 7.09 6.35 6.33 6.33 6.32 6.36 6.40 6.45 6.46 6.64 6.70 6.60 6.43 6.50 7.20 7.20 7.03
-9999 -9999 -9999 -9999 -9999 -9999 -9999 -9999 -9999 -9999 -9999 -9999 -9999 6.29 9.21 9.89 8.71 7.73 7.40 9.18 7.77 7.80 6.83 6.52 7.77 6.07 5.85 7.00 6.69 6.63 6.55 6.10 6.01 6.33 6.19 6.88 6.76 6.46 5.90 5.44 6.79 7.39 6.48 5.74 5.42 5.52 5.46 5.41 5.55 6.11 7.68 6.82 5.70 5.61 6.05 7.03 8.09 8.41 8.31 8.72 8.13 7.02 6.44 6.19 6.23 6.27 6.35 6.39 6.42 6.47 6.50 6.51 6.51 6.61 6.51 6.39 6.99 7.07 7.49
-9999 -9999 -9999 -9999 -9999 -9999 -9999 -9999 -9999 -9999 -9999 -9999 7.39 7.43 6.24 11.64 7.80 6.30 7.99 8.05 7.25 9.17 6.96 6.68 8.01 5.51 9.53 7.34 6.12 6.36 7.23 6.09 5.77 7.67 7.55 6.94 6.11 6.29 6.04 5.68 6.24 6.67 6.41 5.87 5.61 5.48 5.51 5.74 5.62 6.50 6.57 6.21 5.82 5.69 6.30 7.24 8.25 8.49 7.99 7.99 7.15 6.44 6.18 6.07 6.12 6.24 6.34 6.39 6.39 6.44 6.48 6.38 6.39 6.76 6.71 6.51 6.75 7.06 6.77
-9999 -9999 -9999 -9999 -9999 -9999 -9999 -9999 -9999 -9999 -9999 -9999 6.66 7.76 11.63 7.44 4.41 5.63 5.79 7.25 9.29 9.16 7.36 7.12 6.91 5.51 5.99 6.65 7.62 7.52 6.34 6.28 6.19 6.63 7.12 6.19 5.93 6.28 6.08 6.27 6.57 6.34 6.44 6.13 5.78 5.62 5.48 5.52 5.68 6.37 6.68 6.25 5.49 5.76 6.78 7.91 7.78 8.32 8.16 7.35 6.39 6.69 6.12 6.26 6.15 6.26 6.28 6.34 6.37 6.37 6.37 6.34 6.35 6.94 6.79 6.47 6.60 7.03 6.94
-9999 -9999 -9999 -9999 -9999 -9999 -9999 -9999 -9999 -9999 -9999 -9999 7.70 9.35 5.06 5.88 4.87 5.75 6.16 9.80 8.84 9.84 7.84 7.12 5.71 4.60 5.14 7.41 8.88 9.74 6.50 7.46 6.63 6.94 6.91 5.75 5.74 5.93 6.14 6.37 6.00 6.13 7.00 6.42 5.67 5.62 6.35 5.43 5.81 6.16 6.12 5.73 5.50 6.02 6.65 7.19 7.47 7.47 6.84 6.51 6.58 6.60 5.90 5.91 6.14 6.22 6.27 6.26 6.22 6.28 6.29 6.31 6.35 6.58 6.47 6.56 6.50 6.83 6.83
-9999 -9999 -9999 -9999 -9999 -9999 -9999 -9999 -9999 -9999 -9999 -9999 -9999 5.24 6.14 7.24 8.62 9.36 8.26 8.86 7.75 5.87 5.62 5.06 5.65 5.65 5.12 6.17 6.87 9.10 7.44 6.57 6.39 7.50 7.23 5.71 6.21 5.55 5.73 7.25 6.12 6.03 6.04 6.11 5.43 5.39 6.52 6.12 5.75 6.14 5.87 5.66 5.91 6.59 6.53 6.65 6.49 6.90 6.31 6.93 6.79 6.05 5.90 6.30 6.27 6.10 6.12 6.11 6.13 6.19 6.22 6.27 6.27 6.30 6.32 6.45 6.43 6.47 6.66
-9999 -9999 -9999 -9999 -9999 -9999 -9999 -9999 -9999 -9999 -9999 -9999 -9999 5.96 6.59 7.36 8.94 11.01 10.35 7.96 6.07 5.02 5.94 7.22 8.51 9.76 7.61 6.29 6.96 7.79 7.07 5.66 7.88 7.43 7.20 6.17 6.69 5.83 5.56 6.07 6.98 6.72 6.28 5.90 5.44 5.46 6.27 6.11 5.84 5.88 6.11 6.20 6.41 6.83 6.43 6.30 7.10 7.13 7.04 6.82 6.85 6.13 6.35 6.73 6.11 6.01 6.03 6.03 6.10 6.12 6.13 6.17 6.19 6.22 6.16 6.07 5.98 5.97 6.22
-9999 -9999 -9999 -9999 -9999 -9999 -9999 -9999 -9999 -9999 -9999 -9999 6.74 5.33 6.05 7.85 8.90 8.57 8.33 6.55 6.99 9.99 8.06 8.25 8.32 7.13 6.57 7.15 7.68 6.63 5.78 6.25 7.71 7.70 7.16 6.09 6.81 5.56 5.46 6.56 6.23 6.50 6.56 6.07 5.71 5.67 6.37 6.25 5.69 5.86 5.86 5.78 6.35 6.20 6.93 6.60 7.10 6.65 6.88 6.97 6.32 6.13 6.72 6.67 6.01 5.96 6.17 6.02 6.10 6.11 6.17 6.17 6.12 6.08 5.91 6.11 6.32 6.36 5.92
-9999 -9999 -9999 -9999 -9999 -9999 -9999 -9999 -9999 -9999 -9999 -9999 8.29 6.77 5.99 5.90 7.52 10.17 9.63 8.37 7.18 7.71 8.76 9.64 9.62 7.05 8.53 9.20 6.61 8.10 5.27 5.85 7.42 8.71 6.45 6.69 5.81 5.14 5.23 5.87 7.79 6.76 6.73 6.38 6.10 6.10 6.32 6.08 5.68 5.76 5.70 5.61 5.60 6.55 6.92 6.93 7.41 6.78 6.53 6.53 6.22 6.46 6.81 6.60 6.22 6.43 6.28 6.42 6.14 6.14 6.27 6.30 6.08 5.94 5.74 5.72 6.29 6.35 6.39
-9999 -9999 -9999 -9999 -9999 -9999 -9999 -9999 -9999 -9999 -9999 -9999 7.27 6.50 4.21 5.00 7.12 10.19 8.97 8.97 7.31 8.77 8.33 7.37 7.85 8.27 8.24 7.16 6.26 6.73 8.34 6.04 6.29 6.37 6.43 7.39 6.36 5.26 5.29 5.88 6.28 6.21 6.84 6.54 6.29 6.39 5.96 5.53 5.80 5.90 5.94 5.52 5.97 6.93 6.97 6.42 6.63 7.23 6.57 6.74 6.12 6.76 6.90 6.40 6.28 6.38 6.01 6.11 6.03 6.08 6.12 6.05 5.93 5.87 5.73 5.93 5.64 5.92 6.09
-9999 -9999 -9999 -9999 -9999 -9999 -9999 -9999 -9999 -9999 -9999 6.66 7.50 8.62 6.28 4.74 7.54 8.75 10.28 10.12 6.81 7.17 6.30 7.23 8.37 7.18 7.15 8.40 7.33 6.91 6.60 5.97 5.60 5.79 6.45 6.49 6.19 5.88 5.45 5.42 6.03 6.28 5.89 6.19 6.04 6.44 5.86 5.70 5.72 5.40 5.29 5.53 6.38 6.47 6.57 6.14 6.76 6.90 6.61 6.12 6.70 6.80 6.87 6.95 6.62 6.29 6.16 6.01 6.04 6.08 5.98 5.87 5.71 5.61 5.67 5.93 5.92 5.98 6.16
-9999 -9999 -9999 -9999 -9999 -9999 -9999 -9999 -9999 -9999 7.38 7.46 8.07 6.43 4.78 6.72 9.08 9.80 8.75 10.03 7.35 8.03 6.60 6.33 10.75 7.70 8.23 6.94 7.04 6.07 5.79 5.93 6.68 6.11 7.44 6.42 6.57 5.58 5.37 5.46 5.80 6.09 5.83 5.93 6.17 6.22 5.28 5.59 5.48 5.49 5.59 5.90 6.41 6.05 6.60 6.28 6.52 6.05 5.99 6.79 7.08 6.83 6.97 6.83 6.19 6.41 6.39 6.34 6.27 6.03 5.78 5.54 5.59 5.57 6.00 6.24 6.44 6.49 6.12
-9999 -9999 -9999 -9999 -9999 -9999 -9999 -9999 8.19 7.31 6.65 5.78 5.47 5.37 5.34 7.53 8.69 10.01 11.26 10.00 8.13 5.49 7.10 6.85 9.74 8.00 7.45 7.51 6.50 6.14 5.27 5.91 7.23 6.91 7.09 5.77 5.85 5.62 5.58 5.94 5.80 6.11 5.64 5.74 5.89 5.35 5.16 5.33 5.80 5.60 6.17 6.69 6.47 6.21 5.92 5.78 6.33 6.71 6.57 6.84 6.31 6.90 7.02 6.52 5.95 5.95 6.51 6.41 6.37 5.78 5.51 5.25 5.39 6.09 6.40 6.34 6.95 6.85 6.79
-9999 -9999 -9999 -9999 8.08 7.30 6.27 8.30 8.35 8.57 8.61 6.82 6.00 5.36 8.63 7.72 9.46 9.95 9.82 7.65 6.46 4.89 5.90 6.16 10.89 9.80 8.08 6.55 6.77 6.31 7.23 5.47 6.78 7.09 6.88 6.38 5.74 5.40 6.00 5.62 5.33 6.25 5.57 5.48 5.15 5.27 5.51 5.82 5.30 5.86 5.66 6.02 6.69 6.59 6.39 6.21 6.63 6.69 6.53 6.41 6.97 6.39 6.33 6.15 5.86 6.32 6.49 6.48 5.95 5.45 5.36 5.42 6.16 6.35 6.17 6.79 6.38 6.71 7.09
-9999 -9999 -9999 8.77 7.20 7.45 6.82 6.43 7.76 7.54 7.75 6.20 5.18 7.46 8.19 8.71 6.80 10.45 7.71 5.97 9.14 6.90 4.86 10.03 9.10 8.20 5.39 5.36 5.94 8.09 6.10 5.71 5.75 5.86 6.99 6.80 6.60 5.68 5.79 5.37 5.32 5.94 5.54 5.17 5.12 5.31 5.63 5.50 6.77 5.58 5.46 5.85 6.41 6.05 6.02 5.80 6.00 6.36 6.31 6.86 6.50 6.15 6.21 6.31 5.91 6.09 6.10 5.67 5.44 5.27 5.26 5.40 5.82 6.50 6.57 6.74 6.60 6.65 6.87
-9999 -9999 8.49 8.26 6.33 6.06 6.12 6.80 6.56 6.88 6.17 6.59 9.43 7.59 7.02 9.35 5.51 7.15 6.85 8.92 8.56 9.18 7.88 7.91 6.86 4.92 8.15 8.02 5.81 6.22 5.85 5.59 5.99 5.53 5.73 6.99 7.11 5.47 5.18 5.27 5.58 5.12 4.65 4.90 6.65 5.33 5.16 5.65 6.25 5.79 5.49 5.93 6.30 6.30 6.66 6.26 5.79 5.74 5.78 6.51 6.27 5.93 6.51 6.37 5.91 5.91 5.73 5.43 5.46 5.44 5.42 5.64 5.84 6.50 6.16 6.16 6.47 6.30 6.59
7.32 8.36 6.66 6.67 7.18 6.43 6.15 7.63 6.80 6.70 6.78 8.79 8.43 7.41 8.38 7.77 5.97 5.80 8.15 8.48 7.54 7.97 9.13 6.49 4.16 7.82 9.07 7.44 7.57 5.98 6.12 5.51 5.88 7.12 5.86 7.47 6.23 5.34 5.02 5.24 6.13 4.32 4.56 7.34 5.69 5.26 5.25 5.79 6.50 5.60 5.61 5.89 5.73 6.12 6.12 5.75 5.52 5.74 5.52 5.89 6.17 6.17 5.91 5.67 5.44 5.31 5.54 6.35 5.84 6.38 5.91 5.31 6.26 6.30 6.48 6.31 6.26 6.45 6.42
6.15 8.05 10.23 9.49 9.05 6.78 7.58 8.80 7.88 7.56 9.08 8.06 7.75 9.35 7.14 5.17 5.46 5.88 7.89 7.98 7.72 7.32 6.48 4.67 6.01 12.67 10.19 7.80 6.06 6.43 6.09 7.07 6.07 6.45 5.86 5.97 5.89 5.67 5.09 4.86 4.60 4.02 6.49 7.11 6.52 5.48 5.21 7.11 6.23 5.65 5.75 5.54 6.05 5.99 5.72 5.16 5.85 5.56 5.18 6.40 6.32 5.60 5.52 5.43 5.23 5.50 6.12 6.33 6.13 6.41 5.88 5.64 6.28 6.40 6.11 6.34 6.29 6.51 6.61
6.48 7.48 7.92 7.54 6.61 7.87 7.11 8.47 6.28 7.16 8.90 8.47 7.31 7.76 5.05 4.29 6.81 7.77 7.17 6.32 7.72 5.60 4.48 3.79 7.48 10.54 11.23 6.49 6.76 6.95 7.17 6.48 5.55 6.57 6.16 6.12 5.68 5.64 4.51 4.09 4.70 4.64 6.62 6.70 6.19 5.23 5.79 6.96 6.56 6.16 5.77 5.93 5.83 5.51 5.17 5.08 5.41 5.69 5.46 5.45 5.47 5.31 6.12 6.52 5.47 5.65 6.19 6.35 5.95 6.20 6.05 6.02 6.16 6.05 6.25 6.17 6.22 6.08 6.39
6.62 7.21 7.06 7.40 6.93 6.98 7.81 6.96 7.40 6.49 6.38 6.25 5.69 4.99 6.01 5.00 7.82 12.27 6.42 6.45 7.05 10.27 9.74 4.18 4.34 11.98 9.32 7.58 7.83 8.57 7.13 5.54 4.97 6.74 7.05 6.10 5.49 5.02 4.22 3.92 4.83 6.70 7.12 6.40 6.04 5.68 5.58 5.65 6.33 5.83 5.70 5.55 5.24 4.94 4.81 5.36 5.23 5.16 5.19 4.72 5.00 5.72 5.76 6.30 5.86 5.85 5.86 5.95 6.19 6.21 6.10 6.09 6.21 5.94 5.87 6.21 6.18 5.85 6.14
6.42 7.12 6.49 6.84 6.92 6.96 6.29 6.24 6.73 6.10 7.04 6.12 7.20 4.69 6.61 8.11 8.39 9.31 9.65 7.67 9.17 10.75 7.31 8.70 7.89 5.14 8.82 8.63 6.20 6.52 5.29 6.19 6.04 8.38 7.78 5.96 5.24 4.43 4.00 4.76 6.90 6.14 7.38 6.35 6.11 6.54 5.75 6.49 5.51 5.65 5.35 5.10 4.93 4.97 4.87 4.81 4.54 4.45 4.26 4.59 5.61 6.42 6.18 5.79 6.21 5.82 6.38 5.78 5.62 5.67 5.75 5.90 6.03 6.12 5.73 6.08 6.05 5.90 6.23
6.40 6.06 7.02 7.85 9.10 8.23 7.08 6.44 5.83 5.99 7.94 6.01 6.63 4.71 6.41 6.97 6.57 5.89 7.49 6.79 8.46 8.61 10.00 8.52 9.33 8.81 11.70 7.47 6.46 5.91 6.40 5.88 7.80 7.75 7.87 5.40 4.72 4.04 6.43 7.00 6.96 7.36 6.13 6.42 6.53 6.27 5.38 5.33 5.38 5.21 5.04 4.99 4.86 5.15 5.04 4.94 4.25 3.67 3.87 4.88 6.53 5.72 6.16 6.26 5.94 5.81 5.83 5.50 5.45 5.66 5.39 5.76 5.88 5.88 5.95 6.04 5.72 5.57 6.27
6.71 6.34 6.50 7.68 7.88 8.32 7.60 6.98 6.41 6.04 6.50 8.06 5.39 8.30 7.88 8.02 8.83 7.64 5.99 6.18 7.54 6.92 8.32 7.98 7.01 10.44 10.40 6.40 6.68 5.04 5.55 6.90 7.64 7.35 6.66 5.13 4.39 5.42 5.19 6.67 6.69 6.28 6.44 6.17 5.83 5.58 4.90 4.68 4.72 4.76 5.82 5.02 5.49 4.97 4.61 3.73 3.11 3.13 4.15 5.85 6.23 6.17 6.32 6.16 5.87 5.94 6.18 6.26 5.16 5.65 6.15 5.71 5.61 5.93 5.42 5.67 6.29 5.84 5.59
7.07 7.42 8.06 8.90 -9999 -9999 -9999 -9999 7.30 7.16 7.89 6.18 5.41 6.52 6.79 6.51 5.89 3.47 9.85 10.45 7.11 6.34 6.73 7.89 8.63 10.14 7.97 6.56 5.47 4.76 7.78 7.15 8.30 6.23 5.68 5.01 4.75 6.29 5.42 6.77 6.69 6.07 6.05 5.77 5.40 4.92 4.61 4.50 4.57 4.73 5.64 5.21 5.46 5.36 4.60 3.62 2.91 3.88 4.10 5.60 6.47 6.58 5.62 5.62 5.56 6.32 6.54 6.08 5.09 5.56 6.01 5.85 5.60 6.10 5.77 5.70 5.97 5.93 5.54
