ML/MeanWindSpeed_1991-02_Actual.txt
ncols         180
nrows         290
xllcorner     -200000
yllcorner     -200000
cellsize      5000
NODATA_value  -9999
[rows 210 to 244 of 290, columns 78 to 155 of 180]
12.30 12.31 10.99 12.84 12.90 -9999 -9999 -9999 -9999 -9999 -9999 -9999 7.07 7.02 8.10 7.21 6.63 6.28 7.96 10.10 12.53 12.17 10.31 8.89 8.37 7.75 10.92 10.62 6.48 5.23 8.79 9.40 10.84 8.09 7.29 6.63 5.97 7.11 8.01 8.13 8.55 8.31 8.01 7.82 7.66 7.58 7.76 7.76 8.28 7.70 7.53 7.33 7.17 7.09 6.57 7.03 7.91 7.51 6.90 8.25 8.30 7.97 7.66 6.68 6.10 6.59 7.17 6.88 6.09 5.74 6.62 5.70 5.95 6.82 6.36 6.50 6.53 6.08
-9999 12.91 -9999 -9999 -9999 -9999 -9999 -9999 -9999 -9999 11.21 9.64 9.12 10.39 10.09 8.69 7.25 7.15 7.10 9.61 11.21 10.67 7.12 6.98 10.09 9.24 9.56 7.59 5.98 5.80 8.53 9.28 9.27 7.78 7.24 6.70 5.44 8.52 9.01 8.11 8.29 7.95 7.82 7.65 7.45 7.90 7.66 7.92 7.46 7.34 7.29 7.35 7.07 6.97 6.30 7.61 8.94 7.65 8.03 6.62 7.70 7.35 6.67 6.85 6.34 6.48 7.23 6.65 5.81 5.69 5.67 6.08 6.50 6.03 6.60 6.49 5.87 5.90
-9999 -9999 -9999 -9999 -9999 -9999 -9999 -9999 -9999 -9999 12.64 11.88 10.20 11.62 12.29 -9999 -9999 8.01 10.27 6.60 8.27 7.74 7.51 8.03 9.47 7.42 7.42 7.76 7.37 8.24 9.02 9.24 8.45 7.66 7.78 6.15 6.70 9.01 8.26 7.85 7.56 7.62 8.06 7.91 7.46 7.38 6.96 7.14 7.59 7.96 7.69 8.16 7.00 6.30 7.07 9.32 7.92 7.94 7.32 6.01 7.24 6.74 6.20 5.97 5.90 5.87 6.09 7.31 6.16 5.97 5.89 5.82 5.86 5.62 5.37 6.66 6.21 6.95
-9999 -9999 -9999 -9999 -9999 -9999 -9999 -9999 -9999 -9999 -9999 -9999 -9999 -9999 -9999 -9999 -9999 9.94 8.96 8.41 7.68 6.61 6.20 6.43 7.47 7.57 8.28 8.90 9.44 10.24 10.22 -9999 8.29 7.48 6.66 6.12 6.93 8.79 8.28 8.21 7.57 6.95 6.95 7.71 7.03 7.01 7.92 8.05 7.78 8.44 9.19 8.11 7.70 7.25 7.56 8.84 7.80 7.66 7.31 6.50 6.25 6.04 6.23 6.24 5.84 5.66 5.99 6.18 5.98 5.89 5.82 5.74 5.66 5.77 5.92 6.30 6.31 6.98
-9999 -9999 -9999 -9999 -9999 -9999 -9999 -9999 -9999 -9999 -9999 -9999 -9999 -9999 -9999 -9999 -9999 -9999 10.10 8.57 7.39 7.28 7.39 6.13 6.42 7.64 9.28 -9999 -9999 -9999 -9999 9.15 7.89 7.11 6.23 6.05 6.97 8.71 8.24 8.31 7.50 6.56 7.23 7.05 8.14 7.68 9.17 8.12 8.30 7.98 8.31 8.17 7.56 8.11 6.82 7.53 7.75 6.47 6.50 6.04 5.79 5.66 5.50 5.59 5.70 5.27 5.37 5.48 5.49 5.39 6.48 6.62 5.54 5.49 5.62 5.74 6.08 7.36
-9999 -9999 -9999 -9999 -9999 -9999 -9999 -9999 -9999 -9999 -9999 -9999 -9999 -9999 -9999 -9999 -9999 -9999 -9999 9.75 10.23 9.09 7.58 6.90 7.60 9.51 -9999 -9999 -9999 -9999 9.46 9.00 8.57 5.98 5.58 5.75 8.06 8.99 8.67 7.97 6.82 6.63 6.59 7.95 9.13 8.30 8.43 8.06 8.32 8.15 7.32 7.68 7.66 7.26 7.17 7.18 6.81 6.11 6.05 6.38 6.50 6.46 5.46 5.45 5.39 5.11 5.57 5.58 5.77 5.37 5.96 5.77 5.40 5.99 5.14 5.64 5.84 6.85
-9999 -9999 -9999 -9999 -9999 -9999 -9999 -9999 -9999 -9999 -9999 -9999 -9999 -9999 -9999 -9999 -9999 -9999 -9999 -9999 10.93 10.87 9.57 8.18 8.51 11.33 -9999 -9999 -9999 8.88 6.79 6.38 7.97 7.63 6.89 5.99 7.49 7.20 8.51 7.66 6.11 7.01 7.99 8.15 7.91 8.64 8.06 7.75 7.62 7.14 7.03 6.95 7.07 7.44 7.03 6.44 6.19 6.05 6.03 6.63 6.35 6.31 5.89 5.37 5.32 5.08 5.15 5.16 5.45 5.43 5.55 5.13 5.35 5.41 5.49 5.06 4.24 5.97
-9999 -9999 -9999 -9999 -9999 -9999 -9999 -9999 -9999 -9999 -9999 -9999 -9999 -9999 -9999 -9999 -9999 -9999 -9999 -9999 -9999 -9999 -9999 -9999 -9999 -9999 -9999 -9999 11.16 7.47 5.69 5.80 7.72 6.40 6.98 7.60 7.83 8.02 8.06 6.60 6.12 6.33 7.24 7.26 7.51 7.58 7.69 7.42 7.40 8.71 7.42 7.51 6.99 7.36 7.19 6.32 6.16 5.70 6.12 6.85 6.31 5.71 5.45 5.38 5.09 5.39 5.10 5.44 5.19 6.03 6.38 5.63 4.23 6.12 6.44 4.76 3.57 6.00
-9999 -9999 -9999 -9999 -9999 -9999 -9999 -9999 -9999 -9999 -9999 -9999 -9999 -9999 -9999 -9999 -9999 -9999 -9999 -9999 -9999 -9999 -9999 -9999 -9999 -9999 -9999 -9999 8.74 6.92 5.52 10.16 9.09 6.41 7.02 7.69 8.20 8.48 7.03 6.55 6.25 6.15 7.21 6.99 6.76 8.05 7.76 8.62 7.46 7.75 8.76 7.50 7.22 7.16 6.62 6.32 6.01 5.84 6.23 6.36 6.40 5.77 5.22 5.04 4.66 4.89 6.31 5.68 6.31 6.74 7.51 5.98 4.55 5.30 5.34 3.87 2.99 3.43
-9999 -9999 -9999 -9999 -9999 -9999 -9999 -9999 -9999 -9999 -9999 -9999 -9999 -9999 -9999 -9999 -9999 -9999 -9999 -9999 -9999 -9999 -9999 -9999 -9999 -9999 -9999 -9999 8.44 5.63 4.07 6.28 9.63 8.93 8.48 7.78 8.81 7.24 6.67 6.12 7.41 7.51 8.25 7.83 7.12 7.23 7.16 7.50 7.88 7.92 7.12 7.01 7.08 7.11 6.61 6.29 6.10 6.05 6.47 6.37 5.99 5.12 4.98 5.68 6.27 5.72 6.47 6.08 6.00 6.17 6.78 8.01 7.27 5.14 4.61 4.43 4.22 4.00
-9999 -9999 -9999 -9999 -9999 -9999 -9999 -9999 -9999 -9999 -9999 11.58 11.42 9.26 13.10 12.62 12.80 13.38 15.31 9.30 14.16 10.38 -9999 -9999 -9999 -9999 -9999 -9999 7.99 6.52 5.78 4.93 5.82 7.68 9.30 9.03 7.90 6.96 6.63 7.23 8.30 7.66 7.21 7.28 6.88 7.02 7.44 7.10 6.83 6.67 6.92 6.35 6.87 7.28 7.85 6.93 6.43 6.80 6.71 6.27 6.53 5.11 4.63 6.03 7.07 6.16 5.89 6.22 6.14 5.93 5.68 5.62 5.16 4.48 3.90 3.37 3.09 3.09
-9999 -9999 -9999 -9999 -9999 -9999 -9999 -9999 -9999 -9999 -9999 12.24 10.83 10.06 8.01 10.10 11.86 11.66 12.65 13.15 11.05 9.88 8.43 9.19 11.48 9.93 9.13 7.91 7.27 6.59 6.21 5.90 5.46 5.77 8.10 8.25 7.34 6.56 8.89 7.69 6.94 7.36 7.78 7.09 6.86 7.00 7.11 7.33 7.02 6.91 5.95 6.08 6.52 6.63 6.74 7.45 7.74 6.39 6.12 5.79 5.39 5.76 4.87 8.30 7.05 6.77 6.35 5.93 5.97 5.73 6.26 5.95 4.48 5.46 4.68 4.84 3.55 3.65
-9999 -9999 -9999 -9999 -9999 -9999 -9999 -9999 -9999 -9999 11.77 9.92 8.50 7.47 6.56 8.99 11.84 11.70 10.98 10.81 10.77 9.85 8.16 7.53 8.73 10.03 7.84 7.23 6.63 6.61 7.26 6.05 6.00 7.16 7.26 6.95 6.91 8.72 7.30 8.61 8.12 7.40 6.59 6.90 6.36 6.85 7.25 6.88 7.18 6.35 6.58 6.36 6.26 6.25 7.58 8.37 6.59 5.67 5.86 7.77 6.32 5.66 5.79 5.93 6.26 6.35 5.83 5.66 6.11 6.83 5.87 4.74 4.35 5.59 4.82 4.41 4.60 4.41
-9999 -9999 -9999 -9999 -9999 -9999 -9999 -9999 -9999 -9999 -9999 9.57 7.79 6.97 8.72 8.81 9.69 12.20 11.11 9.20 7.87 10.00 11.60 9.38 7.63 8.19 9.86 8.10 6.49 6.37 6.20 6.68 6.61 5.92 6.24 6.65 7.12 7.88 6.94 8.40 7.49 7.39 7.24 7.25 6.46 7.12 7.50 7.24 5.93 6.05 6.65 5.94 5.52 5.33 6.43 7.75 7.39 5.57 5.86 7.04 6.80 6.07 5.30 5.26 5.08 5.27 6.54 6.22 5.89 6.22 6.85 5.94 5.32 5.85 5.68 4.68 5.19 4.20
-9999 -9999 -9999 -9999 -9999 -9999 -9999 13.86 -9999 -9999 10.91 9.29 9.52 7.57 9.64 8.54 8.34 8.65 9.11 9.72 8.15 10.03 11.34 9.23 8.24 7.38 7.40 7.04 6.40 6.35 6.48 7.08 6.03 5.72 6.39 7.98 6.93 7.51 6.64 7.50 7.14 7.80 8.47 7.69 6.60 6.28 6.51 6.19 5.76 7.08 6.25 5.56 7.08 5.66 5.93 7.84 8.62 5.54 5.86 6.45 6.21 5.65 5.19 5.10 5.35 5.83 6.28 5.55 5.09 4.92 5.16 5.10 5.08 5.76 5.15 4.95 4.71 4.12
-9999 -9999 -9999 -9999 -9999 -9999 12.32 13.21 12.90 12.37 9.68 8.84 10.79 9.36 8.54 8.92 8.05 9.16 9.75 10.32 8.83 8.86 9.63 8.68 7.66 7.32 7.52 7.71 7.47 6.56 6.38 6.39 5.79 5.64 7.30 7.58 6.75 7.06 7.20 8.43 7.82 7.84 8.90 7.68 7.22 6.29 6.96 6.54 6.64 6.19 5.92 5.28 6.21 6.11 5.62 6.85 6.48 5.72 5.62 5.59 6.14 5.85 5.53 5.24 4.97 4.91 4.91 5.30 5.46 5.12 4.22 4.50 4.78 5.53 5.83 5.36 4.19 4.83
-9999 -9999 -9999 -9999 -9999 -9999 11.42 11.27 10.34 10.82 9.90 9.37 8.99 10.68 10.45 9.44 10.10 9.65 9.45 10.57 9.42 9.44 9.41 7.46 8.23 9.87 9.46 8.33 7.28 6.45 6.67 6.93 6.94 6.29 7.55 7.21 7.58 6.56 5.86 7.44 8.63 7.74 7.81 7.49 6.77 6.87 7.50 6.68 6.05 6.71 6.87 5.55 5.78 5.74 5.67 6.57 6.84 6.74 7.94 5.85 5.98 5.12 4.80 5.06 5.21 4.76 4.56 4.94 5.47 5.02 4.45 4.15 4.76 4.76 4.78 4.79 4.86 3.85
-9999 -9999 -9999 -9999 -9999 -9999 11.82 10.73 10.14 10.60 10.32 10.34 9.51 10.09 10.03 8.78 9.56 9.33 9.84 10.20 9.73 7.64 6.71 6.44 8.46 8.66 9.25 9.57 7.51 7.10 6.98 6.42 7.10 6.44 7.45 7.15 7.03 6.74 6.20 7.90 7.61 7.68 7.57 7.23 6.85 6.99 7.63 7.45 6.30 6.09 6.31 6.93 5.83 5.96 5.77 6.16 6.09 6.01 6.48 6.10 6.85 7.35 4.25 7.29 5.96 4.27 4.43 7.36 7.38 6.87 4.17 4.07 4.30 4.19 4.47 4.18 5.12 6.04
-9999 -9999 -9999 -9999 -9999 -9999 10.61 10.17 10.04 10.06 9.84 9.86 9.51 9.31 10.14 9.40 9.26 9.48 8.58 8.65 8.41 8.19 6.09 7.17 9.34 8.79 9.83 9.54 7.75 7.67 7.68 6.61 6.81 6.89 6.96 6.80 6.74 7.38 8.23 6.89 7.75 7.56 7.50 7.14 6.88 7.17 7.60 6.77 6.67 6.43 6.79 7.12 7.60 6.95 7.68 7.37 6.83 6.46 6.01 5.52 5.51 5.63 4.96 6.71 6.60 7.06 6.59 7.13 7.62 7.83 4.62 4.58 4.41 4.50 4.86 5.77 6.83 7.15
-9999 -9999 -9999 -9999 -9999 -9999 9.71 9.41 9.44 9.97 10.60 10.03 9.63 9.40 9.85 10.65 9.93 9.20 8.24 8.44 7.85 7.30 7.08 6.99 7.84 7.85 9.65 8.34 6.37 8.46 7.86 6.61 8.79 7.62 8.18 8.66 8.09 7.93 8.50 7.57 7.01 7.38 7.32 6.75 6.75 6.97 7.47 6.68 6.80 7.63 8.28 8.12 8.09 8.28 8.31 8.50 8.33 7.82 6.99 6.60 7.04 7.39 7.50 7.99 8.26 8.35 -9999 -9999 7.82 7.74 6.88 6.16 5.36 7.83 6.24 -9999 -9999 -9999
-9999 -9999 -9999 -9999 -9999 11.81 9.74 9.38 8.58 9.49 9.83 10.82 9.75 10.67 10.38 10.58 9.68 8.91 8.28 8.06 7.44 6.85 6.62 7.11 8.34 9.03 8.61 7.17 9.37 9.90 7.31 6.34 7.15 7.18 8.36 8.42 7.50 7.48 7.35 7.08 7.83 7.70 7.81 7.40 7.27 7.78 8.52 8.29 7.92 7.86 8.12 8.42 -9999 -9999 9.31 10.11 10.10 9.47 8.89 8.41 8.56 -9999 -9999 -9999 -9999 -9999 -9999 -9999 -9999 -9999 -9999 7.42 7.72 9.14 7.91 -9999 -9999 -9999
-9999 -9999 -9999 -9999 12.71 11.10 9.38 9.73 8.58 8.56 8.40 8.25 8.16 11.67 12.51 11.17 10.23 9.75 9.77 8.48 7.40 6.76 6.97 7.22 10.35 11.40 10.81 10.46 11.84 9.46 9.01 8.39 8.87 9.47 8.04 7.10 7.57 7.03 7.21 7.00 7.25 7.35 8.83 9.83 9.83 9.70 9.73 9.82 8.92 -9999 7.42 8.09 8.00 8.48 9.33 -9999 -9999 -9999 -9999 10.01 -9999 -9999 -9999 -9999 -9999 -9999 -9999 -9999 -9999 -9999 -9999 -9999 -9999 -9999 -9999 -9999 -9999 -9999
-9999 -9999 -9999 12.86 12.21 11.96 10.75 9.19 8.52 8.13 6.78 6.08 7.77 13.22 14.75 10.46 9.73 11.78 8.95 10.22 7.60 7.02 9.84 9.17 9.69 10.53 10.90 -9999 -9999 -9999 -9999 -9999 9.40 10.49 9.75 8.18 7.96 7.61 7.08 7.14 7.20 7.97 9.39 -9999 -9999 -9999 -9999 -9999 10.06 9.74 8.45 7.25 7.17 9.25 9.51 -9999 -9999 -9999 -9999 -9999 -9999 -9999 -9999 -9999 -9999 -9999 -9999 -9999 -9999 -9999 -9999 -9999 -9999 -9999 -9999 -9999 -9999 -9999
-9999 -9999 8.80 9.59 11.47 12.03 10.79 10.15 8.96 7.07 7.11 6.60 9.15 12.55 14.20 12.84 11.81 9.93 10.51 9.13 9.08 8.66 10.95 11.26 -9999 -9999 -9999 -9999 -9999 -9999 -9999 -9999 -9999 10.16 10.15 8.78 9.64 10.42 10.53 8.49 10.34 10.59 11.53 -9999 -9999 -9999 -9999 -9999 -9999 -9999 8.31 8.44 7.44 8.38 -9999 -9999 -9999 -9999 -9999 -9999 -9999 -9999 -9999 -9999 -9999 -9999 -9999 -9999 -9999 -9999 -9999 -9999 -9999 -9999 -9999 -9999 -9999 -9999
11.28 10.79 8.54 8.95 10.64 12.31 12.39 10.57 8.25 7.75 7.79 7.21 9.00 12.66 11.67 11.84 11.58 12.15 7.08 9.46 12.42 10.48 -9999 -9999 -9999 -9999 -9999 -9999 -9999 -9999 -9999 -9999 -9999 -9999 -9999 11.03 -9999 -9999 -9999 -9999 9.76 12.10 12.76 -9999 -9999 -9999 -9999 -9999 -9999 -9999 -9999 9.14 10.87 9.68 -9999 -9999 -9999 -9999 -9999 -9999 -9999 -9999 -9999 -9999 -9999 -9999 -9999 -9999 -9999 -9999 -9999 -9999 -9999 -9999 -9999 -9999 -9999 -9999
10.27 9.38 7.88 8.98 10.67 11.47 12.12 10.70 9.50 9.97 6.94 5.61 7.49 11.39 12.22 10.70 9.60 10.74 8.10 8.25 9.86 -9999 -9999 -9999 -9999 -9999 -9999 -9999 -9999 -9999 -9999 -9999 -9999 -9999 -9999 12.39 -9999 -9999 -9999 -9999 -9999 -9999 -9999 -9999 -9999 -9999 -9999 -9999 -9999 -9999 -9999 -9999 -9999 -9999 -9999 -9999 -9999 -9999 -9999 -9999 -9999 -9999 -9999 -9999 -9999 -9999 -9999 -9999 -9999 -9999 -9999 -9999 -9999 -9999 -9999 -9999 -9999 -9999
10.84 9.73 8.30 9.44 10.10 10.40 11.00 10.12 9.60 10.23 6.60 5.55 6.42 9.41 14.12 14.75 8.96 8.78 8.19 9.43 12.09 -9999 -9999 -9999 -9999 -9999 -9999 -9999 -9999 -9999 -9999 -9999 -9999 -9999 -9999 -9999 -9999 -9999 -9999 -9999 -9999 -9999 -9999 -9999 -9999 -9999 -9999 -9999 -9999 -9999 -9999 -9999 -9999 -9999 -9999 -9999 -9999 -9999 -9999 -9999 -9999 -9999 -9999 -9999 -9999 -9999 -9999 -9999 -9999 -9999 -9999 -9999 -9999 -9999 -9999 -9999 -9999 -9999
9.39 10.83 10.16 10.30 10.13 11.00 10.31 9.74 9.32 7.93 7.51 6.43 6.07 9.21 12.07 11.98 10.02 7.91 8.08 11.22 10.95 -9999 -9999 -9999 -9999 -9999 -9999 -9999 -9999 -9999 -9999 -9999 -9999 -9999 -9999 -9999 -9999 -9999 -9999 -9999 -9999 -9999 -9999 -9999 -9999 -9999 -9999 -9999 -9999 -9999 -9999 -9999 -9999 -9999 -9999 -9999 -9999 -9999 -9999 -9999 -9999 -9999 -9999 -9999 -9999 -9999 -9999 -9999 -9999 -9999 -9999 -9999 -9999 -9999 -9999 -9999 -9999 -9999
9.67 11.90 11.45 11.33 10.07 10.72 10.22 12.18 11.21 9.54 8.76 8.98 7.51 8.25 9.69 9.44 8.28 8.03 8.95 10.35 11.14 -9999 -9999 -9999 -9999 -9999 -9999 -9999 -9999 -9999 -9999 -9999 -9999 -9999 -9999 -9999 -9999 -9999 -9999 -9999 -9999 -9999 -9999 -9999 -9999 -9999 -9999 -9999 -9999 -9999 -9999 -9999 -9999 -9999 -9999 -9999 -9999 -9999 -9999 -9999 -9999 -9999 -9999 -9999 -9999 -9999 -9999 -9999 -9999 -9999 -9999 -9999 -9999 -9999 -9999 -9999 -9999 -9999
9.61 10.75 11.26 10.73 11.84 13.55 13.13 11.62 11.55 11.35 10.93 9.67 10.02 9.22 8.28 8.15 8.60 9.43 10.22 10.47 11.86 -9999 -9999 -9999 -9999 -9999 -9999 -9999 -9999 -9999 -9999 -9999 -9999 -9999 -9999 -9999 -9999 -9999 -9999 -9999 -9999 -9999 -9999 -9999 -9999 -9999 -9999 -9999 -9999 -9999 -9999 -9999 -9999 -9999 -9999 -9999 -9999 -9999 -9999 -9999 -9999 -9999 -9999 -9999 -9999 -9999 -9999 -9999 -9999 -9999 -9999 -9999 -9999 -9999 -9999 -9999 -9999 -9999
10.13 11.94 12.63 -9999 -9999 -9999 -9999 -9999 -9999 -9999 -9999 -9999 11.34 11.62 10.10 9.02 8.18 9.51 10.67 10.92 -9999 -9999 -9999 -9999 -9999 -9999 -9999 -9999 -9999 -9999 -9999 -9999 -9999 -9999 -9999 -9999 -9999 -9999 -9999 -9999 -9999 -9999 -9999 -9999 -9999 -9999 -9999 -9999 -9999 -9999 -9999 -9999 -9999 -9999 -9999 -9999 -9999 -9999 -9999 -9999 -9999 -9999 -9999 -9999 -9999 -9999 -9999 -9999 -9999 -9999 -9999 -9999 -9999 -9999 -9999 -9999 -9999 -9999
12.51 13.02 13.90 -9999 -9999 -9999 -9999 -9999 -9999 -9999 -9999 -9999 -9999 -9999 -9999 10.18 9.43 9.97 10.78 -9999 -9999 -9999 -9999 -9999 -9999 -9999 -9999 -9999 -9999 -9999 -9999 -9999 -9999 -9999 -9999 -9999 -9999 -9999 -9999 -9999 -9999 -9999 -9999 -9999 -9999 -9999 -9999 -9999 -9999 -9999 -9999 -9999 -9999 -9999 -9999 -9999 -9999 -9999 -9999 -9999 -9999 -9999 -9999 -9999 -9999 -9999 -9999 -9999 -9999 -9999 -9999 -9999 -9999 -9999 -9999 -9999 -9999 -9999
13.65 -9999 -9999 -9999 -9999 -9999 -9999 -9999 -9999 -9999 -9999 -9999 -9999 -9999 -9999 11.86 12.80 13.56 13.24 -9999 -9999 -9999 -9999 -9999 -9999 -9999 -9999 -9999 -9999 -9999 -9999 -9999 -9999 -9999 -9999 -9999 -9999 -9999 -9999 -9999 -9999 -9999 -9999 -9999 -9999 -9999 -9999 -9999 -9999 -9999 -9999 -9999 -9999 -9999 -9999 -9999 -9999 -9999 -9999 -9999 -9999 -9999 -9999 -9999 -9999 -9999 -9999 -9999 -9999 -9999 -9999 -9999 -9999 -9999 -9999 -9999 -9999 -9999
-9999 -9999 -9999 -9999 -9999 -9999 -9999 -9999 -9999 -9999 -9999 -9999 -9999 -9999 -9999 -9999 -9999 -9999 -9999 -9999 -9999 -9999 -9999 -9999 -9999 -9999 -9999 -9999 -9999 -9999 -9999 -9999 -9999 -9999 -9999 -9999 -9999 -9999 -9999 -9999 -9999 -9999 -9999 -9999 -9999 -9999 -9999 -9999 -9999 -9999 -9999 -9999 -9999 -9999 -9999 -9999 -9999 -9999 -9999 -9999 -9999 -9999 -9999 -9999 -9999 -9999 -9999 -9999 -9999 -9999 -9999 -9999 -9999 -9999 -9999 -9999 -9999 -9999
-9999 -9999 -9999 -9999 -9999 -9999 -9999 -9999 -9999 -9999 -9999 -9999 -9999 -9999 -9999 -9999 -9999 -9999 -9999 -9999 -9999 -9999 -9999 -9999 -9999 -9999 -9999 -9999 -9999 -9999 -9999 -9999 -9999 -9999 -9999 -9999 -9999 -9999 -9999 -9999 -9999 -9999 -9999 -9999 -9999 -9999 -9999 -9999 -9999 -9999 -9999 -9999 -9999 -9999 -9999 -9999 -9999 -9999 -9999 -9999 -9999 -9999 -9999 -9999 -9999 -9999 -9999 -9999 -9999 -9999 -9999 -9999 -9999 -9999 -9999 -9999 -9999 -9999
