ML/MeanWindSpeed_1994-04_Actual.txt
ncols         180
nrows         290
xllcorner     -200000
yllcorner     -200000
cellsize      5000
NODATA_value  -9999
[rows 204 to 237 of 290, columns 78 to 155 of 180]
10.62 11.20 13.12 14.14 13.87 12.72 14.97 13.64 15.85 12.35 13.68 16.46 15.48 13.45 14.23 10.49 10.02 14.45 15.90 14.77 13.36 15.72 12.39 10.75 9.73 15.20 19.20 19.75 12.02 12.49 12.61 12.87 11.79 10.26 12.08 11.29 10.69 9.84 9.97 8.63 8.56 9.96 9.98 13.04 12.92 12.03 10.56 11.38 13.09 12.31 11.59 10.92 11.12 11.00 10.67 10.31 10.33 10.91 11.30 10.87 10.74 10.80 10.52 11.57 12.05 10.23 10.44 11.22 11.43 10.82 11.27 11.08 11.00 11.06 10.33 10.43 10.19 10.13
11.74 10.70 11.84 12.06 13.27 12.95 13.26 14.50 13.03 13.97 12.51 12.29 12.15 11.29 10.29 12.61 11.27 15.61 22.82 13.51 13.68 14.52 19.59 19.04 10.21 10.16 21.75 16.72 13.53 13.87 15.05 12.64 10.36 9.66 12.46 12.55 10.59 9.62 9.28 8.72 8.87 10.39 13.24 13.66 12.22 11.62 11.12 10.86 10.84 11.81 10.93 10.70 10.48 10.15 9.92 10.00 11.08 10.88 10.68 10.79 10.00 10.29 11.22 10.99 11.61 10.75 10.58 10.52 10.64 11.06 11.18 11.12 11.07 11.13 10.14 9.75 10.15 9.98
10.81 10.16 11.43 10.81 11.90 12.44 12.87 11.86 11.78 12.80 11.97 13.73 12.27 14.03 10.25 13.88 16.08 16.28 17.81 18.58 15.54 17.98 20.31 14.67 16.91 15.26 10.64 16.29 15.17 11.05 11.62 9.97 11.84 11.53 14.94 13.57 10.43 9.48 8.71 8.71 10.20 13.52 12.03 13.85 12.05 11.65 12.32 10.88 11.96 10.30 10.54 10.12 9.89 9.83 10.08 10.20 10.38 10.13 10.16 9.98 10.21 11.33 12.19 11.49 10.61 11.10 10.35 11.31 10.31 10.05 10.27 10.55 10.73 10.76 10.47 9.51 9.88 9.77
11.54 10.24 9.85 11.83 13.64 16.12 15.12 13.52 12.49 11.49 11.95 15.27 12.00 12.96 9.91 12.49 13.23 12.55 11.64 14.84 14.03 16.44 16.45 18.94 16.57 17.38 16.24 20.64 13.09 11.32 10.68 12.05 11.43 14.12 13.49 13.61 9.83 9.23 8.54 12.70 13.66 13.31 13.70 11.60 12.04 12.16 11.68 10.18 10.03 10.08 9.84 9.74 9.79 9.81 10.51 10.70 11.06 10.48 9.86 9.94 10.74 12.65 10.81 11.23 11.12 10.47 10.25 10.29 9.67 9.61 10.22 9.86 10.32 10.37 10.12 9.94 9.85 9.20
12.21 10.81 10.24 10.78 13.40 14.51 15.83 14.92 13.85 12.85 12.13 12.62 15.20 10.93 15.49 14.39 14.36 15.83 14.37 12.31 12.64 14.56 13.28 15.39 15.06 13.28 18.72 18.25 11.16 11.92 9.66 10.68 12.67 13.39 12.64 11.67 9.67 9.23 11.14 10.54 12.79 12.56 11.74 11.94 11.47 10.88 10.48 9.41 9.02 9.05 9.16 11.03 9.78 10.71 10.11 10.16 9.83 9.67 9.84 10.96 12.29 11.76 11.21 11.21 10.82 10.35 10.38 10.64 10.72 9.05 10.01 10.87 10.09 9.81 10.11 9.08 9.22 9.91
12.09 11.45 12.06 13.48 15.62 -9999 -9999 -9999 -9999 14.64 14.13 14.98 12.15 10.78 12.28 12.31 11.82 11.34 7.85 18.21 19.20 13.44 11.91 12.25 14.22 15.32 17.54 13.72 11.28 9.99 9.18 13.91 12.52 14.31 11.02 10.46 9.71 9.74 12.36 10.63 12.57 12.38 11.34 11.27 10.81 10.24 9.45 8.96 8.77 8.88 9.16 10.74 10.06 10.53 10.63 10.24 10.05 9.85 11.45 11.29 11.68 11.76 11.65 9.95 9.80 9.56 10.66 10.97 10.26 8.77 9.63 10.40 10.13 9.66 10.29 9.56 9.10 9.28
14.73 14.95 13.38 15.90 16.29 -9999 -9999 -9999 -9999 -9999 -9999 -9999 11.42 11.27 12.33 11.03 10.82 11.07 13.48 15.89 18.77 18.08 15.59 13.63 13.19 12.06 15.44 15.10 10.29 8.90 13.31 13.57 14.92 11.33 10.59 10.29 9.76 11.26 12.23 11.99 12.25 11.84 11.36 10.94 10.42 9.86 9.57 9.31 10.00 9.49 9.74 10.00 10.12 10.21 9.86 10.65 11.81 11.30 10.34 11.85 11.81 11.30 10.91 9.80 9.24 9.89 10.51 10.07 9.12 8.72 9.88 8.71 9.04 10.10 9.37 9.31 9.06 8.02
-9999 15.33 -9999 -9999 -9999 -9999 -9999 -9999 -9999 -9999 16.32 14.50 13.82 15.12 14.37 12.70 11.24 11.45 11.79 14.71 16.47 15.81 11.29 11.01 15.13 13.74 13.66 11.24 9.61 9.36 12.55 12.97 12.82 11.13 10.72 10.50 9.18 12.95 13.33 11.96 12.04 11.56 11.41 11.13 10.62 10.83 10.12 10.21 9.58 9.63 9.89 10.27 10.20 10.36 9.67 11.33 12.92 11.17 11.58 9.62 11.01 10.55 9.80 10.24 9.67 9.81 10.57 9.78 8.78 8.68 8.62 9.20 9.76 9.04 9.60 9.24 8.13 7.62
-9999 -9999 -9999 -9999 -9999 -9999 -9999 -9999 -9999 -9999 17.75 16.90 14.62 16.09 16.63 -9999 -9999 11.81 14.96 10.23 12.21 11.64 11.57 12.33 14.07 11.17 10.86 11.33 10.99 11.93 12.63 12.75 11.97 11.26 11.68 9.95 10.67 13.35 12.14 11.61 11.24 11.36 12.00 11.82 11.13 10.87 10.06 10.03 10.55 11.07 10.82 11.54 10.26 9.66 10.56 13.23 11.23 11.20 10.49 8.84 10.47 9.92 9.37 9.14 9.08 9.01 9.14 10.66 9.20 8.93 8.84 8.80 8.84 8.52 8.10 9.52 8.57 8.90
-9999 -9999 -9999 -9999 -9999 -9999 -9999 -9999 -9999 -9999 -9999 -9999 -9999 -9999 -9999 -9999 -9999 13.67 12.47 12.12 11.18 9.91 9.61 10.02 11.28 11.25 11.92 12.69 13.39 14.18 14.02 -9999 12.03 11.17 10.46 9.94 10.95 13.10 12.18 12.09 11.35 10.64 10.75 11.85 11.00 10.92 11.92 11.89 11.46 12.26 13.16 11.73 11.27 10.82 10.99 12.36 10.94 10.78 10.45 9.57 9.36 9.19 9.52 9.50 8.99 8.75 9.07 9.24 9.04 8.91 8.83 8.77 8.70 8.86 8.95 9.25 8.96 9.17
-9999 -9999 -9999 -9999 -9999 -9999 -9999 -9999 -9999 -9999 -9999 -9999 -9999 -9999 -9999 -9999 -9999 -9999 13.65 12.01 10.75 10.74 10.98 9.40 9.75 11.24 13.27 -9999 -9999 -9999 -9999 13.20 11.83 10.99 10.04 9.88 10.95 12.99 12.16 12.26 11.39 10.36 11.41 11.25 12.70 12.01 13.79 12.19 12.26 11.77 12.10 11.85 11.02 11.75 9.91 10.63 10.94 9.41 9.57 9.12 8.88 8.82 8.71 8.87 8.95 8.33 8.37 8.42 8.54 8.46 9.86 10.11 8.81 8.85 9.08 9.19 9.31 10.23
-9999 -9999 -9999 -9999 -9999 -9999 -9999 -9999 -9999 -9999 -9999 -9999 -9999 -9999 -9999 -9999 -9999 -9999 -9999 13.35 14.22 12.89 11.11 10.37 11.12 13.63 -9999 -9999 -9999 -9999 13.79 13.38 12.96 9.65 9.29 9.55 12.30 13.27 12.74 11.86 10.56 10.58 10.64 12.41 13.95 12.83 12.90 12.22 12.39 12.07 10.85 11.19 11.08 10.53 10.37 10.30 9.93 9.20 9.23 9.73 9.90 9.90 8.69 8.72 8.67 8.28 8.86 8.79 9.11 8.66 9.46 9.32 9.07 10.12 9.18 9.75 9.82 10.70
-9999 -9999 -9999 -9999 -9999 -9999 -9999 -9999 -9999 -9999 -9999 -9999 -9999 -9999 -9999 -9999 -9999 -9999 -9999 -9999 14.61 14.68 13.12 11.65 12.03 15.94 -9999 -9999 -9999 13.27 10.98 10.50 12.39 11.78 10.89 9.72 11.46 10.84 12.52 11.59 9.84 11.20 12.53 12.70 12.35 13.30 12.48 12.01 11.71 10.95 10.66 10.41 10.50 10.90 10.32 9.57 9.38 9.31 9.27 10.04 9.67 9.65 9.21 8.62 8.62 8.32 8.44 8.46 8.89 8.95 9.17 8.82 9.51 9.90 10.19 9.70 8.53 10.53
-9999 -9999 -9999 -9999 -9999 -9999 -9999 -9999 -9999 -9999 -9999 -9999 -9999 -9999 -9999 -9999 -9999 -9999 -9999 -9999 -9999 -9999 -9999 -9999 -9999 -9999 -9999 -9999 16.01 11.75 9.70 9.78 12.24 10.42 11.04 11.77 11.81 11.84 11.93 10.30 10.00 10.39 11.62 11.70 12.07 12.24 12.43 12.04 11.77 13.21 11.36 11.35 10.60 10.99 10.73 9.64 9.49 8.96 9.42 10.22 9.50 8.83 8.71 8.77 8.51 8.90 8.54 9.05 8.75 9.86 10.34 9.68 8.33 10.99 11.66 9.84 8.34 11.28
-9999 -9999 -9999 -9999 -9999 -9999 -9999 -9999 -9999 -9999 -9999 -9999 -9999 -9999 -9999 -9999 -9999 -9999 -9999 -9999 -9999 -9999 -9999 -9999 -9999 -9999 -9999 -9999 13.16 11.44 9.71 15.33 13.80 10.37 11.20 11.92 12.30 12.56 10.78 10.37 10.26 10.19 11.50 11.36 11.30 13.17 12.84 13.81 12.09 12.26 13.40 11.57 11.02 10.85 10.16 9.78 9.38 9.15 9.55 9.52 9.59 8.92 8.44 8.48 8.22 8.45 10.22 9.49 10.32 10.74 11.71 10.01 8.56 9.82 10.10 8.53 7.69 8.36
-9999 -9999 -9999 -9999 -9999 -9999 -9999 -9999 -9999 -9999 -9999 -9999 -9999 -9999 -9999 -9999 -9999 -9999 -9999 -9999 -9999 -9999 -9999 -9999 -9999 -9999 -9999 -9999 12.57 9.58 7.97 10.49 14.49 13.51 12.92 11.96 13.16 11.23 10.77 10.17 11.94 12.07 12.87 12.40 11.87 12.28 11.99 12.17 12.46 12.36 11.28 11.04 11.00 10.95 10.28 9.87 9.63 9.46 9.88 9.62 9.23 8.39 8.34 9.30 10.19 9.35 10.25 9.75 9.65 9.83 10.67 12.41 11.84 9.50 9.20 9.31 9.25 9.00
-9999 -9999 -9999 -9999 -9999 -9999 -9999 -9999 -9999 -9999 -9999 16.07 16.29 13.84 19.05 18.51 18.76 19.23 21.44 13.38 19.37 14.38 -9999 -9999 -9999 -9999 -9999 -9999 11.72 10.08 9.37 8.30 9.50 11.92 13.85 13.40 12.08 11.14 10.99 11.78 13.07 12.17 11.38 11.27 10.64 11.75 12.00 11.42 10.88 10.60 10.94 10.19 10.84 11.33 12.10 10.88 10.11 10.44 10.28 9.70 10.12 8.59 8.06 9.64 10.77 9.51 9.09 9.47 9.44 9.24 8.98 9.10 8.88 8.41 8.15 7.80 7.65 7.57
-9999 -9999 -9999 -9999 -9999 -9999 -9999 -9999 -9999 -9999 -9999 17.61 16.36 15.80 13.38 16.03 18.32 17.91 18.82 19.14 15.99 14.30 12.49 13.28 15.93 13.92 12.93 11.41 10.62 9.80 9.35 8.97 8.52 9.07 12.11 12.43 11.48 10.62 13.71 12.17 11.12 11.60 12.00 10.87 10.29 11.59 11.55 11.67 11.15 10.99 9.76 9.88 10.45 10.58 10.69 11.55 11.76 9.90 9.54 9.20 8.72 9.27 8.20 12.43 10.63 10.19 9.68 9.20 9.32 9.08 9.93 9.81 8.22 9.78 9.07 9.50 7.93 8.02
-9999 -9999 -9999 -9999 -9999 -9999 -9999 -9999 -9999 -9999 16.29 14.53 13.35 12.25 11.09 14.06 17.61 17.46 16.59 16.53 16.32 14.80 12.63 11.54 12.54 13.92 11.03 10.29 9.54 9.59 10.52 9.03 9.00 10.57 10.87 10.75 10.92 13.42 11.56 13.23 12.56 11.61 10.54 10.97 10.62 11.56 11.82 11.20 11.50 10.31 10.57 10.20 10.11 10.09 11.66 12.59 10.24 9.14 9.32 11.73 9.80 8.94 9.06 9.12 9.56 9.75 9.28 9.12 9.69 10.66 9.62 8.45 8.23 9.94 9.15 8.79 9.08 8.78
-9999 -9999 -9999 -9999 -9999 -9999 -9999 -9999 -9999 -9999 -9999 13.79 12.02 10.96 12.82 12.79 14.07 17.55 16.29 14.11 12.54 15.00 16.64 13.47 10.70 10.99 13.06 10.87 8.95 8.96 8.88 9.63 9.74 9.01 9.53 10.22 10.92 12.10 10.92 12.89 11.80 11.66 11.39 11.53 10.76 11.67 12.00 11.62 9.92 9.90 10.56 9.56 9.07 8.93 10.23 11.73 11.30 9.12 9.41 10.69 10.33 9.37 8.39 8.31 8.14 8.48 10.26 9.93 9.58 10.10 11.04 10.02 9.39 10.11 9.98 8.79 9.50 8.24
-9999 -9999 -9999 -9999 -9999 -9999 -9999 18.12 -9999 -9999 15.35 13.46 13.87 10.71 12.78 11.39 11.63 12.51 13.35 14.35 12.39 14.30 15.30 11.97 10.29 8.99 9.19 9.00 8.39 8.54 8.95 9.93 8.92 8.74 9.65 11.77 10.40 11.33 10.30 11.57 11.21 12.09 12.90 11.95 10.68 10.30 10.52 10.09 9.54 11.10 9.98 9.07 11.03 9.33 9.56 11.80 12.85 8.99 9.34 9.84 9.51 8.82 8.27 8.19 8.62 9.26 9.79 8.90 8.45 8.36 8.83 8.86 8.90 9.71 8.93 8.75 8.51 7.82
-9999 -9999 -9999 -9999 -9999 -9999 16.45 17.88 17.64 16.97 13.72 12.51 14.29 11.79 10.63 11.34 10.84 12.87 13.84 14.78 12.77 12.05 12.04 10.18 8.71 8.21 8.65 9.29 9.34 8.51 8.58 8.84 8.51 8.58 10.67 11.03 10.07 10.78 11.17 12.77 11.96 11.93 13.29 11.74 11.25 10.01 10.82 10.27 10.38 9.67 9.35 8.61 9.85 9.84 9.06 10.38 9.87 9.01 8.85 8.70 9.50 9.20 8.78 8.44 8.16 8.06 8.04 8.58 8.87 8.48 7.48 8.00 8.45 9.38 9.75 9.19 7.80 8.72
-9999 -9999 -9999 -9999 -9999 -9999 15.47 15.61 14.48 14.92 13.59 12.53 11.28 13.25 13.13 11.99 13.36 13.39 13.29 14.77 13.12 12.35 11.31 8.28 9.33 11.41 10.79 9.68 8.81 8.23 8.94 9.55 9.94 9.34 10.92 10.43 11.06 10.14 9.42 11.25 12.72 11.47 11.47 11.13 10.34 10.42 11.20 10.18 9.38 10.13 10.30 8.71 9.11 9.17 9.06 10.09 10.45 10.40 11.98 9.14 9.22 8.26 7.89 8.22 8.44 7.92 7.72 8.21 8.95 8.45 7.82 7.51 8.35 8.40 8.45 8.55 8.72 7.44
-9999 -9999 -9999 -9999 -9999 -9999 15.83 14.58 13.92 14.36 13.65 13.39 11.89 12.42 12.50 11.11 12.53 12.77 13.55 13.94 13.11 9.76 7.62 6.74 9.40 9.66 10.38 11.16 9.00 8.94 9.30 8.88 10.09 9.44 10.73 10.37 10.38 10.18 9.53 11.47 10.99 11.05 10.84 10.46 10.16 10.33 11.10 10.93 9.53 9.25 9.48 10.30 8.91 9.15 8.90 9.38 9.40 9.46 10.26 9.68 10.55 11.32 7.41 11.26 9.58 7.56 7.84 11.51 11.48 10.91 7.50 7.44 7.74 7.60 8.01 7.64 8.93 10.04
-9999 -9999 -9999 -9999 -9999 -9999 14.16 13.74 13.53 13.38 12.84 12.69 12.07 11.60 12.73 11.98 12.11 12.88 12.06 12.23 11.77 11.05 7.21 7.51 10.10 9.38 10.81 10.94 9.36 9.77 10.24 9.12 9.72 10.04 10.11 10.05 10.07 10.80 11.87 9.97 10.97 10.74 10.62 10.24 10.03 10.34 10.88 9.94 9.90 9.57 9.96 10.36 10.94 10.13 11.07 10.55 9.89 9.54 9.12 8.62 8.61 8.90 8.17 10.30 10.14 10.85 10.34 11.01 11.59 12.01 8.00 8.02 7.84 7.98 8.29 9.32 10.66 11.01
-9999 -9999 -9999 -9999 -9999 -9999 13.07 12.82 12.84 13.35 13.95 13.05 12.58 12.29 12.86 13.94 13.19 12.65 11.86 12.47 11.91 11.23 10.03 7.77 8.01 7.89 10.48 9.36 7.52 10.77 10.55 9.30 12.43 11.12 11.78 12.41 11.64 11.26 11.95 10.71 9.95 10.44 10.34 9.70 9.79 9.98 10.59 9.70 9.96 10.89 11.61 11.38 11.34 11.53 11.51 11.69 11.51 10.94 10.03 9.62 10.08 10.57 10.78 11.31 11.60 11.79 -9999 -9999 11.30 11.51 10.75 9.96 8.92 12.09 9.92 -9999 -9999 -9999
-9999 -9999 -9999 -9999 -9999 15.99 13.41 12.99 11.97 13.07 13.43 14.64 13.43 14.74 14.27 14.39 13.39 12.76 12.31 12.40 11.97 11.46 11.26 10.18 9.60 9.92 9.64 8.02 11.17 12.17 9.43 8.72 9.99 10.19 11.70 11.67 10.46 10.33 10.20 10.00 10.99 10.77 10.86 10.37 10.26 10.80 11.69 11.43 11.05 11.11 11.44 11.77 -9999 -9999 12.67 13.52 13.54 12.86 12.23 11.70 11.88 -9999 -9999 -9999 -9999 -9999 -9999 -9999 -9999 -9999 -9999 11.16 11.60 13.44 11.81 -9999 -9999 -9999
-9999 -9999 -9999 -9999 17.25 15.35 13.16 13.53 12.02 11.97 12.04 12.27 12.34 16.74 17.64 15.77 14.67 14.33 14.55 13.25 12.27 11.55 11.99 11.56 13.60 13.81 12.82 12.26 14.15 11.29 11.23 10.94 11.73 12.61 10.78 9.53 10.19 9.49 9.83 9.73 10.19 10.33 12.02 13.13 13.10 12.83 12.83 13.07 12.11 -9999 10.71 11.61 11.43 11.93 12.73 -9999 -9999 -9999 -9999 13.54 -9999 -9999 -9999 -9999 -9999 -9999 -9999 -9999 -9999 -9999 -9999 -9999 -9999 -9999 -9999 -9999 -9999 -9999
-9999 -9999 -9999 17.55 16.86 16.54 14.86 12.70 11.90 11.50 10.34 10.19 12.51 19.14 20.80 15.25 14.37 17.06 13.45 15.41 12.55 11.76 15.08 13.58 12.99 12.96 12.99 -9999 -9999 -9999 -9999 -9999 12.01 13.47 12.71 10.71 10.42 9.99 9.44 9.68 9.92 10.93 12.50 -9999 -9999 -9999 -9999 -9999 13.52 13.39 11.98 10.78 10.73 13.03 12.95 -9999 -9999 -9999 -9999 -9999 -9999 -9999 -9999 -9999 -9999 -9999 -9999 -9999 -9999 -9999 -9999 -9999 -9999 -9999 -9999 -9999 -9999 -9999
-9999 -9999 12.25 13.53 15.93 16.46 14.84 14.00 12.69 10.44 10.97 11.04 14.41 18.38 20.28 18.36 16.83 14.57 15.49 13.72 13.94 13.20 15.66 15.43 -9999 -9999 -9999 -9999 -9999 -9999 -9999 -9999 -9999 12.49 12.70 11.16 12.39 13.34 13.67 11.26 13.76 13.95 14.97 -9999 -9999 -9999 -9999 -9999 -9999 -9999 11.81 12.15 10.73 11.78 -9999 -9999 -9999 -9999 -9999 -9999 -9999 -9999 -9999 -9999 -9999 -9999 -9999 -9999 -9999 -9999 -9999 -9999 -9999 -9999 -9999 -9999 -9999 -9999
15.25 14.71 11.98 12.58 14.64 16.60 16.69 14.46 11.74 11.35 11.87 11.77 13.89 18.22 17.03 16.96 16.10 16.97 10.80 13.87 17.59 14.83 -9999 -9999 -9999 -9999 -9999 -9999 -9999 -9999 -9999 -9999 -9999 -9999 -9999 13.48 -9999 -9999 -9999 -9999 12.59 15.60 16.38 -9999 -9999 -9999 -9999 -9999 -9999 -9999 -9999 12.51 14.69 13.07 -9999 -9999 -9999 -9999 -9999 -9999 -9999 -9999 -9999 -9999 -9999 -9999 -9999 -9999 -9999 -9999 -9999 -9999 -9999 -9999 -9999 -9999 -9999 -9999
14.50 13.28 11.07 12.39 14.52 15.38 16.16 14.53 13.10 13.90 10.40 9.29 11.82 16.36 17.17 15.06 13.22 14.85 11.81 11.84 13.68 -9999 -9999 -9999 -9999 -9999 -9999 -9999 -9999 -9999 -9999 -9999 -9999 -9999 -9999 14.96 -9999 -9999 -9999 -9999 -9999 -9999 -9999 -9999 -9999 -9999 -9999 -9999 -9999 -9999 -9999 -9999 -9999 -9999 -9999 -9999 -9999 -9999 -9999 -9999 -9999 -9999 -9999 -9999 -9999 -9999 -9999 -9999 -9999 -9999 -9999 -9999 -9999 -9999 -9999 -9999 -9999 -9999
15.72 14.04 11.48 12.66 13.36 13.70 14.50 13.59 13.12 14.12 9.79 9.08 10.58 13.87 19.28 19.85 12.30 12.40 11.87 13.10 16.15 -9999 -9999 -9999 -9999 -9999 -9999 -9999 -9999 -9999 -9999 -9999 -9999 -9999 -9999 -9999 -9999 -9999 -9999 -9999 -9999 -9999 -9999 -9999 -9999 -9999 -9999 -9999 -9999 -9999 -9999 -9999 -9999 -9999 -9999 -9999 -9999 -9999 -9999 -9999 -9999 -9999 -9999 -9999 -9999 -9999 -9999 -9999 -9999 -9999 -9999 -9999 -9999 -9999 -9999 -9999 -9999 -9999
13.96 15.49 13.80 13.54 13.15 14.23 13.36 12.74 12.42 10.90 10.81 9.86 9.76 13.50 16.51 16.23 13.89 11.32 11.55 15.31 14.51 -9999 -9999 -9999 -9999 -9999 -9999 -9999 -9999 -9999 -9999 -9999 -9999 -9999 -9999 -9999 -9999 -9999 -9999 -9999 -9999 -9999 -9999 -9999 -9999 -9999 -9999 -9999 -9999 -9999 -9999 -9999 -9999 -9999 -9999 -9999 -9999 -9999 -9999 -9999 -9999 -9999 -9999 -9999 -9999 -9999 -9999 -9999 -9999 -9999 -9999 -9999 -9999 -9999 -9999 -9999 -9999 -9999
