ML/MeanWindSpeed_1999-09_Actual.txt
ncols         180
nrows         290
xllcorner     -200000
yllcorner     -200000
cellsize      5000
NODATA_value  -9999
[rows 210 to 244 of 290, columns 79 to 157 of 180]
12.61 11.13 13.01 12.89 -9999 -9999 -9999 -9999 -9999 -9999 -9999 9.00 8.69 9.42 8.32 8.23 8.17 9.41 11.10 13.20 12.28 10.47 9.01 8.76 7.71 10.67 10.80 6.88 5.64 9.36 9.49 10.40 7.14 6.21 5.98 5.46 6.26 6.94 6.99 7.33 6.89 6.35 5.93 5.48 4.99 4.68 4.15 4.60 4.27 4.59 5.14 5.79 6.37 6.00 5.82 5.65 4.46 3.63 5.29 6.33 6.58 6.47 5.66 5.20 5.75 6.11 5.70 5.24 5.09 6.21 5.34 5.72 6.71 6.26 6.34 6.48 5.82 5.55 5.98
12.40 -9999 -9999 -9999 -9999 -9999 -9999 -9999 -9999 12.99 11.63 11.07 11.75 10.73 9.23 8.10 8.46 8.56 10.85 12.34 11.37 7.52 7.44 10.98 9.61 9.60 7.72 6.36 5.99 8.57 8.69 8.45 6.72 6.16 6.11 4.76 7.52 7.85 6.80 7.03 6.58 6.21 5.85 5.33 5.50 4.63 4.40 3.78 3.91 4.26 5.01 5.56 6.36 5.86 6.91 7.73 5.07 5.16 3.88 5.95 6.10 5.70 6.27 5.81 5.92 6.47 5.74 5.07 5.13 5.23 5.91 6.52 5.97 6.61 6.46 5.93 5.78 6.98 6.38
-9999 -9999 -9999 -9999 -9999 -9999 -9999 -9999 -9999 13.82 13.16 11.04 11.91 12.00 -9999 -9999 8.12 11.12 7.10 8.69 8.09 8.03 8.77 10.34 7.78 7.42 7.61 7.03 7.65 8.04 7.99 7.30 6.61 7.00 5.63 5.76 7.64 6.69 6.35 6.27 6.32 6.52 6.01 5.15 4.97 4.27 4.30 4.89 5.51 5.38 6.25 5.57 5.63 6.68 8.91 6.79 5.86 4.87 3.76 5.73 5.70 5.51 5.43 5.45 5.42 5.44 6.68 5.36 5.12 5.05 5.16 5.51 5.46 5.29 6.75 6.20 6.58 7.60 7.54
-9999 -9999 -9999 -9999 -9999 -9999 -9999 -9999 -9999 -9999 -9999 -9999 -9999 -9999 -9999 -9999 9.13 8.41 8.28 7.24 6.16 6.19 6.73 7.90 7.74 7.95 8.19 8.50 9.00 8.75 -9999 6.91 6.48 6.25 5.69 5.84 7.40 6.71 6.77 6.30 5.59 5.31 5.79 4.95 5.08 6.14 6.29 6.04 6.92 7.87 6.77 6.64 6.65 7.02 8.23 6.64 5.93 5.35 4.58 4.66 4.86 5.45 5.69 5.35 5.07 5.21 5.24 4.91 4.81 4.71 4.80 5.05 5.37 5.53 5.90 6.01 6.53 7.15 -9999
-9999 -9999 -9999 -9999 -9999 -9999 -9999 -9999 -9999 -9999 -9999 -9999 -9999 -9999 -9999 -9999 -9999 8.86 7.66 6.54 6.72 7.52 6.78 7.05 7.56 8.53 -9999 -9999 -9999 -9999 7.65 6.27 6.15 5.85 5.72 6.15 7.67 6.87 7.11 6.37 5.21 5.78 5.28 6.51 6.11 7.87 6.69 6.95 6.62 7.13 7.05 6.44 7.25 5.71 6.40 6.50 4.81 4.68 4.15 4.15 4.37 4.46 4.62 4.84 4.42 4.42 4.41 4.33 4.17 5.33 5.59 4.66 4.72 4.90 5.29 5.80 6.78 8.22 8.20
-9999 -9999 -9999 -9999 -9999 -9999 -9999 -9999 -9999 -9999 -9999 -9999 -9999 -9999 -9999 -9999 -9999 -9999 8.23 8.94 7.78 7.26 8.64 8.62 9.01 -9999 -9999 -9999 -9999 8.50 7.85 7.47 4.92 4.82 5.10 7.43 8.06 7.62 7.06 5.90 5.65 5.29 6.63 7.91 6.93 7.06 6.50 6.58 6.33 5.59 6.25 6.31 5.90 5.80 5.85 5.49 4.71 4.60 4.84 5.11 5.36 4.39 4.43 4.42 4.10 4.46 4.27 4.41 3.76 4.48 4.45 4.51 5.34 4.61 5.78 6.06 6.37 6.09 6.82
-9999 -9999 -9999 -9999 -9999 -9999 -9999 -9999 -9999 -9999 -9999 -9999 -9999 -9999 -9999 -9999 -9999 -9999 -9999 8.59 8.41 8.07 9.97 9.20 10.03 -9999 -9999 -9999 7.93 6.09 5.10 6.56 6.46 5.83 4.88 6.41 5.98 7.64 6.91 5.30 6.41 7.18 7.15 6.88 7.45 6.53 6.01 5.60 5.07 5.04 5.04 5.28 5.81 5.58 5.13 4.98 4.94 4.90 5.42 5.11 5.25 4.87 4.31 4.26 3.79 3.48 3.40 3.78 3.67 3.95 4.08 5.08 5.35 5.81 5.93 5.17 6.56 5.09 5.91
-9999 -9999 -9999 -9999 -9999 -9999 -9999 -9999 -9999 -9999 -9999 -9999 -9999 -9999 -9999 -9999 -9999 -9999 -9999 -9999 -9999 -9999 -9999 -9999 -9999 -9999 -9999 10.11 7.00 5.47 4.77 5.93 4.50 5.45 6.41 6.60 6.77 7.02 5.39 4.81 5.20 6.18 6.14 6.59 6.58 6.69 6.37 6.16 7.53 5.94 5.96 5.28 5.69 5.69 4.96 4.98 4.64 5.02 5.69 5.12 4.61 4.32 3.99 3.82 4.25 3.78 4.32 4.08 5.06 5.60 5.28 4.35 6.82 7.68 6.46 5.26 7.60 6.44 5.81
-9999 -9999 -9999 -9999 -9999 -9999 -9999 -9999 -9999 -9999 -9999 -9999 -9999 -9999 -9999 -9999 -9999 -9999 -9999 -9999 -9999 -9999 -9999 -9999 -9999 -9999 -9999 8.03 7.31 6.09 10.74 8.68 4.99 5.31 6.08 6.82 7.40 5.71 5.02 4.73 4.85 6.17 6.11 6.00 7.53 7.26 8.35 7.09 7.22 8.26 6.57 5.82 5.44 4.81 4.64 4.48 4.54 5.05 5.13 5.25 4.69 4.05 3.54 3.31 4.07 6.01 5.44 6.14 6.57 7.51 6.11 5.10 6.31 6.75 5.68 5.07 5.65 6.94 7.31
-9999 -9999 -9999 -9999 -9999 -9999 -9999 -9999 -9999 -9999 -9999 -9999 -9999 -9999 -9999 -9999 -9999 -9999 -9999 -9999 -9999 -9999 -9999 -9999 -9999 -9999 -9999 7.67 5.76 4.87 7.13 10.39 8.89 7.49 6.31 7.59 6.04 5.49 4.93 6.61 6.85 7.57 7.20 6.41 6.49 6.41 6.93 7.54 7.60 6.66 6.32 5.97 5.68 4.89 4.52 4.63 4.87 5.55 5.38 5.09 4.34 4.15 4.67 5.25 4.81 5.99 5.73 5.64 5.78 6.56 8.20 7.85 5.80 5.67 6.07 6.37 6.42 6.60 6.44
-9999 -9999 -9999 -9999 -9999 -9999 -9999 -9999 -9999 -9999 10.38 10.44 8.08 12.04 10.61 9.50 8.85 10.58 3.65 9.32 5.43 -9999 -9999 -9999 -9999 -9999 -9999 7.15 6.05 5.82 5.16 6.29 8.08 9.21 8.28 6.80 5.75 5.53 6.20 7.47 6.90 6.32 6.47 6.12 6.05 6.52 6.34 6.21 5.98 6.28 5.66 6.16 6.40 6.72 5.48 5.19 5.90 5.83 5.00 5.62 4.64 4.27 5.39 6.25 5.09 4.73 5.13 5.01 4.87 4.79 5.14 5.05 4.51 4.41 4.46 4.57 4.66 5.32 5.55
-9999 -9999 -9999 -9999 -9999 -9999 -9999 -9999 -9999 -9999 12.57 11.65 11.26 8.56 10.00 10.90 9.09 8.95 9.07 6.38 4.94 4.08 6.11 9.43 7.64 7.00 6.52 6.54 6.00 5.61 5.42 5.27 5.79 7.99 7.73 6.63 5.61 8.29 6.73 5.87 6.50 7.01 6.35 6.30 7.20 6.74 6.85 6.58 6.28 5.05 5.36 5.93 5.97 5.68 6.02 6.39 5.33 5.03 4.34 4.24 5.36 4.59 8.15 6.39 5.83 5.17 4.68 4.84 4.64 5.45 5.46 4.28 5.68 5.23 5.87 4.73 5.02 5.11 5.33
-9999 -9999 -9999 -9999 -9999 -9999 -9999 -9999 -9999 10.73 9.55 8.89 8.38 7.20 9.22 11.29 9.87 8.12 7.83 7.78 6.43 5.07 5.52 7.53 9.23 6.70 6.29 5.95 6.00 6.74 5.47 5.51 7.00 6.88 6.41 6.60 8.68 6.96 7.98 7.33 6.58 5.75 6.33 6.40 7.29 7.28 6.72 7.05 5.79 5.78 5.61 5.45 5.32 6.50 6.85 5.04 4.76 5.00 6.89 5.34 5.01 5.28 5.36 5.65 5.66 5.08 4.88 5.58 6.49 5.53 4.53 4.41 6.02 5.58 5.59 6.08 6.05 5.80 5.96
-9999 -9999 -9999 -9999 -9999 -9999 -9999 -9999 -9999 -9999 8.57 7.27 6.66 8.47 8.21 8.35 10.14 8.16 6.11 5.08 7.27 9.19 7.92 6.71 7.35 9.13 7.22 5.67 5.70 5.61 6.17 6.21 5.57 5.53 5.88 6.70 7.80 6.55 7.63 6.38 6.35 6.33 6.76 6.41 7.31 7.48 7.29 5.93 5.73 6.16 5.24 4.54 4.28 5.25 6.17 6.07 4.81 5.20 6.22 6.04 5.32 4.61 4.66 4.62 4.95 6.46 6.10 5.85 6.51 7.52 6.67 5.93 6.37 6.36 5.54 6.49 5.58 6.41 5.59
-9999 -9999 -9999 -9999 -9999 -9999 10.53 -9999 -9999 9.11 8.05 8.72 5.90 8.00 6.76 6.10 5.73 5.56 6.14 5.00 7.24 8.90 7.20 6.38 5.27 5.20 5.27 5.30 5.46 5.70 6.33 5.31 5.19 5.57 7.21 6.20 7.30 6.29 6.71 6.05 7.09 7.91 7.33 6.51 6.07 6.06 5.97 5.70 6.88 5.79 4.96 6.48 4.83 4.77 6.32 7.31 4.16 4.58 5.11 4.89 4.60 4.54 4.44 4.93 5.72 6.21 5.24 4.84 5.04 5.82 5.89 5.78 6.36 5.70 5.55 5.57 5.14 5.26 5.26
-9999 -9999 -9999 -9999 -9999 10.35 11.14 10.99 10.57 8.02 7.35 9.39 7.05 6.04 6.83 5.89 6.69 6.63 7.14 6.08 6.53 7.82 6.91 5.49 4.79 4.90 5.51 5.93 5.12 5.12 5.36 4.98 5.06 6.58 6.70 5.95 6.72 7.05 8.24 7.34 7.49 8.68 7.35 7.12 5.84 6.18 5.90 6.29 5.63 5.25 4.46 5.41 5.31 4.50 5.53 5.11 4.33 4.11 3.98 4.52 4.55 4.64 4.19 3.91 4.26 4.34 4.47 4.63 4.77 4.58 5.33 5.82 6.64 7.01 6.51 5.30 6.10 5.94 5.93
-9999 -9999 -9999 -9999 -9999 10.24 10.14 9.00 9.29 8.40 7.80 7.01 8.63 8.37 7.41 8.48 7.93 7.26 8.35 7.41 7.89 8.66 6.56 7.01 8.59 7.84 6.58 5.68 4.89 5.27 5.69 5.85 5.30 6.44 5.87 6.47 5.58 5.03 6.99 8.36 7.30 7.34 7.13 6.54 6.31 6.70 5.94 5.29 5.83 5.83 4.27 4.55 4.60 4.55 5.66 6.26 6.26 7.62 5.05 5.04 4.23 4.05 4.11 4.22 4.14 4.15 4.41 4.88 4.61 4.65 4.61 5.64 5.90 6.15 6.27 6.47 5.34 5.75 6.62
-9999 -9999 -9999 -9999 -9999 10.72 9.61 8.91 9.06 8.34 8.37 7.38 7.80 7.74 6.45 7.72 7.81 8.39 8.78 8.47 6.61 6.36 6.27 8.24 8.05 8.41 8.90 6.44 5.78 5.69 4.90 5.57 4.85 5.82 5.49 5.64 5.40 5.02 7.19 7.04 7.20 7.02 6.81 6.66 6.49 6.82 6.71 5.36 4.86 4.81 5.33 4.03 4.30 4.18 5.03 5.59 5.87 6.67 6.05 6.73 7.48 4.15 7.42 6.02 4.44 4.86 8.02 7.86 7.25 4.50 4.42 4.69 4.78 5.72 5.50 6.63 7.51 9.70 8.53
-9999 -9999 -9999 -9999 -9999 8.76 8.70 8.60 8.20 7.34 7.12 6.75 6.35 7.26 6.70 6.92 7.73 7.12 7.50 7.56 7.88 6.05 7.24 9.10 8.06 9.39 9.29 7.03 6.90 7.17 5.97 5.76 5.60 5.72 5.78 5.88 6.52 7.52 6.04 7.05 6.89 6.82 6.63 6.60 6.69 6.86 5.94 5.75 5.15 5.07 4.95 5.21 4.52 5.46 5.51 5.84 5.80 5.52 5.11 5.06 5.28 4.67 6.47 6.36 7.05 6.72 7.40 8.01 8.55 5.19 5.30 5.07 5.09 5.67 6.60 7.70 7.91 -9999 -9999
-9999 -9999 -9999 -9999 -9999 7.42 7.83 8.11 8.36 8.58 7.54 6.56 5.36 5.75 7.45 7.20 6.88 6.37 7.04 7.05 6.91 6.78 6.58 7.05 6.63 9.20 7.94 5.73 8.49 8.08 6.66 8.66 6.88 7.49 8.36 7.80 7.42 7.98 6.92 6.33 6.78 6.65 6.14 6.41 6.56 6.97 6.06 5.97 6.14 6.06 5.28 4.89 4.93 4.93 5.48 6.97 6.70 6.05 5.71 5.97 6.27 6.40 6.86 7.14 7.29 -9999 -9999 7.37 7.78 7.41 6.93 6.14 8.83 6.92 -9999 -9999 -9999 -9999 -9999
-9999 -9999 -9999 -9999 8.60 7.42 7.89 7.51 8.62 8.64 9.30 6.80 6.13 5.71 7.15 6.93 6.28 6.09 6.46 6.50 6.32 6.04 6.77 7.94 8.47 8.37 6.70 9.01 9.62 7.07 6.34 7.01 6.53 7.66 7.81 6.82 6.79 6.62 6.47 7.31 7.10 7.14 6.74 6.70 7.11 7.83 7.33 6.60 6.01 5.33 5.07 -9999 -9999 5.61 6.47 7.94 7.87 7.45 7.01 7.09 -9999 -9999 -9999 -9999 -9999 -9999 -9999 -9999 -9999 -9999 7.58 8.08 9.69 8.22 -9999 -9999 -9999 -9999 -9999
-9999 -9999 -9999 9.51 7.92 6.88 8.00 7.32 7.54 7.33 7.33 6.18 8.05 8.57 7.73 7.31 7.45 8.07 6.81 6.11 6.27 6.66 7.07 10.11 10.99 10.28 9.50 10.83 8.11 8.05 7.96 8.66 9.25 7.58 6.37 6.85 6.05 6.22 6.02 6.19 6.15 7.65 8.74 8.70 8.39 8.33 8.38 7.32 -9999 4.99 5.14 4.67 5.09 5.89 -9999 -9999 -9999 -9999 8.14 -9999 -9999 -9999 -9999 -9999 -9999 -9999 -9999 -9999 -9999 -9999 -9999 -9999 -9999 -9999 -9999 -9999 -9999 -9999 -9999
-9999 -9999 11.08 9.74 9.14 7.97 6.90 7.03 7.07 6.22 6.27 7.20 11.01 12.25 7.77 6.89 10.11 7.80 9.08 6.34 6.34 9.31 8.31 8.39 8.88 9.12 -9999 -9999 -9999 -9999 -9999 8.48 9.95 9.38 7.66 7.35 6.77 6.17 6.22 6.03 6.60 7.86 -9999 -9999 -9999 -9999 -9999 8.41 8.11 6.63 5.21 4.68 6.43 6.36 -9999 -9999 -9999 -9999 -9999 -9999 -9999 -9999 -9999 -9999 -9999 -9999 -9999 -9999 -9999 -9999 -9999 -9999 -9999 -9999 -9999 -9999 -9999 -9999 -9999
-9999 7.26 8.10 9.61 9.54 7.90 7.83 7.68 6.12 7.37 7.83 9.80 11.61 12.55 11.14 10.22 8.62 10.07 8.11 7.88 7.51 9.56 9.42 -9999 -9999 -9999 -9999 -9999 -9999 -9999 -9999 -9999 8.57 8.95 7.63 8.72 9.51 9.80 7.67 9.67 9.44 10.07 -9999 -9999 -9999 -9999 -9999 -9999 -9999 6.65 6.82 5.26 5.98 -9999 -9999 -9999 -9999 -9999 -9999 -9999 -9999 -9999 -9999 -9999 -9999 -9999 -9999 -9999 -9999 -9999 -9999 -9999 -9999 -9999 -9999 -9999 -9999 -9999 -9999
8.76 6.98 7.65 9.22 10.49 10.43 8.71 7.07 7.18 8.43 8.77 9.89 12.13 9.85 9.88 10.32 11.68 6.16 8.24 11.20 8.84 -9999 -9999 -9999 -9999 -9999 -9999 -9999 -9999 -9999 -9999 -9999 -9999 -9999 9.15 -9999 -9999 -9999 -9999 8.33 10.71 11.12 -9999 -9999 -9999 -9999 -9999 -9999 -9999 -9999 6.92 8.58 6.95 -9999 -9999 -9999 -9999 -9999 -9999 -9999 -9999 -9999 -9999 -9999 -9999 -9999 -9999 -9999 -9999 -9999 -9999 -9999 -9999 -9999 -9999 -9999 -9999 -9999 -9999
7.65 5.94 7.46 9.59 10.00 10.62 9.48 8.63 9.92 7.69 6.93 8.75 11.62 10.95 8.93 8.18 10.03 7.17 6.70 8.17 -9999 -9999 -9999 -9999 -9999 -9999 -9999 -9999 -9999 -9999 -9999 -9999 -9999 -9999 10.08 -9999 -9999 -9999 -9999 -9999 -9999 -9999 -9999 -9999 -9999 -9999 -9999 -9999 -9999 -9999 -9999 -9999 -9999 -9999 -9999 -9999 -9999 -9999 -9999 -9999 -9999 -9999 -9999 -9999 -9999 -9999 -9999 -9999 -9999 -9999 -9999 -9999 -9999 -9999 -9999 -9999 -9999 -9999 -9999
8.08 5.88 7.61 8.58 8.64 9.32 8.94 8.95 10.45 7.38 7.21 8.66 11.03 14.58 14.47 7.94 7.93 7.25 7.92 10.41 -9999 -9999 -9999 -9999 -9999 -9999 -9999 -9999 -9999 -9999 -9999 -9999 -9999 -9999 -9999 -9999 -9999 -9999 -9999 -9999 -9999 -9999 -9999 -9999 -9999 -9999 -9999 -9999 -9999 -9999 -9999 -9999 -9999 -9999 -9999 -9999 -9999 -9999 -9999 -9999 -9999 -9999 -9999 -9999 -9999 -9999 -9999 -9999 -9999 -9999 -9999 -9999 -9999 -9999 -9999 -9999 -9999 -9999 -9999
10.03 8.57 8.83 8.55 9.28 8.74 8.68 8.79 7.97 8.30 7.79 7.95 11.03 13.08 12.19 9.58 6.90 6.71 9.79 9.00 -9999 -9999 -9999 -9999 -9999 -9999 -9999 -9999 -9999 -9999 -9999 -9999 -9999 -9999 -9999 -9999 -9999 -9999 -9999 -9999 -9999 -9999 -9999 -9999 -9999 -9999 -9999 -9999 -9999 -9999 -9999 -9999 -9999 -9999 -9999 -9999 -9999 -9999 -9999 -9999 -9999 -9999 -9999 -9999 -9999 -9999 -9999 -9999 -9999 -9999 -9999 -9999 -9999 -9999 -9999 -9999 -9999 -9999 -9999
11.48 10.40 10.16 8.58 9.24 8.83 11.38 10.76 9.37 8.96 9.74 8.37 9.33 10.44 9.76 8.20 7.42 8.08 9.16 9.41 -9999 -9999 -9999 -9999 -9999 -9999 -9999 -9999 -9999 -9999 -9999 -9999 -9999 -9999 -9999 -9999 -9999 -9999 -9999 -9999 -9999 -9999 -9999 -9999 -9999 -9999 -9999 -9999 -9999 -9999 -9999 -9999 -9999 -9999 -9999 -9999 -9999 -9999 -9999 -9999 -9999 -9999 -9999 -9999 -9999 -9999 -9999 -9999 -9999 -9999 -9999 -9999 -9999 -9999 -9999 -9999 -9999 -9999 -9999
9.48 9.66 8.83 9.83 11.62 11.36 10.01 10.45 10.64 10.66 9.71 10.45 9.85 8.98 8.70 9.08 9.60 9.89 9.32 10.08 -9999 -9999 -9999 -9999 -9999 -9999 -9999 -9999 -9999 -9999 -9999 -9999 -9999 -9999 -9999 -9999 -9999 -9999 -9999 -9999 -9999 -9999 -9999 -9999 -9999 -9999 -9999 -9999 -9999 -9999 -9999 -9999 -9999 -9999 -9999 -9999 -9999 -9999 -9999 -9999 -9999 -9999 -9999 -9999 -9999 -9999 -9999 -9999 -9999 -9999 -9999 -9999 -9999 -9999 -9999 -9999 -9999 -9999 -9999
10.14 10.43 -9999 -9999 -9999 -9999 -9999 -9999 -9999 -9999 -9999 11.07 11.82 10.48 9.44 8.46 9.34 9.94 9.55 -9999 -9999 -9999 -9999 -9999 -9999 -9999 -9999 -9999 -9999 -9999 -9999 -9999 -9999 -9999 -9999 -9999 -9999 -9999 -9999 -9999 -9999 -9999 -9999 -9999 -9999 -9999 -9999 -9999 -9999 -9999 -9999 -9999 -9999 -9999 -9999 -9999 -9999 -9999 -9999 -9999 -9999 -9999 -9999 -9999 -9999 -9999 -9999 -9999 -9999 -9999 -9999 -9999 -9999 -9999 -9999 -9999 -9999 -9999 -9999
10.50 11.04 -9999 -9999 -9999 -9999 -9999 -9999 -9999 -9999 -9999 -9999 -9999 -9999 9.95 9.20 9.28 9.59 -9999 -9999 -9999 -9999 -9999 -9999 -9999 -9999 -9999 -9999 -9999 -9999 -9999 -9999 -9999 -9999 -9999 -9999 -9999 -9999 -9999 -9999 -9999 -9999 -9999 -9999 -9999 -9999 -9999 -9999 -9999 -9999 -9999 -9999 -9999 -9999 -9999 -9999 -9999 -9999 -9999 -9999 -9999 -9999 -9999 -9999 -9999 -9999 -9999 -9999 -9999 -9999 -9999 -9999 -9999 -9999 -9999 -9999 -9999 -9999 -9999
-9999 -9999 -9999 -9999 -9999 -9999 -9999 -9999 -9999 -9999 -9999 -9999 -9999 -9999 10.93 12.13 12.65 11.78 -9999 -9999 -9999 -9999 -9999 -9999 -9999 -9999 -9999 -9999 -9999 -9999 -9999 -9999 -9999 -9999 -9999 -9999 -9999 -9999 -9999 -9999 -9999 -9999 -9999 -9999 -9999 -9999 -9999 -9999 -9999 -9999 -9999 -9999 -9999 -9999 -9999 -9999 -9999 -9999 -9999 -9999 -9999 -9999 -9999 -9999 -9999 -9999 -9999 -9999 -9999 -9999 -9999 -9999 -9999 -9999 -9999 -9999 -9999 -9999 -9999
-9999 -9999 -9999 -9999 -9999 -9999 -9999 -9999 -9999 -9999 -9999 -9999 -9999 -9999 -9999 -9999 -9999 -9999 -9999 -9999 -9999 -9999 -9999 -9999 -9999 -9999 -9999 -9999 -9999 -9999 -9999 -9999 -9999 -9999 -9999 -9999 -9999 -9999 -9999 -9999 -9999 -9999 -9999 -9999 -9999 -9999 -9999 -9999 -9999 -9999 -9999 -9999 -9999 -9999 -9999 -9999 -9999 -9999 -9999 -9999 -9999 -9999 -9999 -9999 -9999 -9999 -9999 -9999 -9999 -9999 -9999 -9999 -9999 -9999 -9999 -9999 -9999 -9999 -9999
-9999 -9999 -9999 -9999 -9999 -9999 -9999 -9999 -9999 -9999 -9999 -9999 -9999 -9999 -9999 -9999 -9999 -9999 -9999 -9999 -9999 -9999 -9999 -9999 -9999 -9999 -9999 -9999 -9999 -9999 -9999 -9999 -9999 -9999 -9999 -9999 -9999 -9999 -9999 -9999 -9999 -9999 -9999 -9999 -9999 -9999 -9999 -9999 -9999 -9999 -9999 -9999 -9999 -9999 -9999 -9999 -9999 -9999 -9999 -9999 -9999 -9999 -9999 -9999 -9999 -9999 -9999 -9999 -9999 -9999 -9999 -9999 -9999 -9999 -9999 -9999 -9999 -9999 -9999
