ML/MeanWindSpeed_1997-07_Actual.txt
ncols         180
nrows         290
xllcorner     -200000
yllcorner     -200000
cellsize      5000
NODATA_value  -9999
[rows 140 to 174 of 290, columns 79 to 157 of 180]
-9999 -9999 9.05 -9999 -9999 -9999 7.68 7.89 7.04 6.83 7.20 -9999 -9999 7.02 5.91 7.71 8.47 -9999 -9999 -9999 -9999 -9999 6.68 6.01 4.52 4.60 4.50 5.07 5.00 5.34 4.95 3.06 5.01 7.37 8.13 6.09 7.32 7.94 8.24 6.44 6.87 6.88 5.74 4.03 3.95 3.98 1.97 2.71 4.52 5.69 -9999 -9999 -9999 -9999 -9999 -9999 -9999 -9999 -9999 -9999 -9999 -9999 -9999 -9999 -9999 -9999 -9999 -9999 -9999 -9999 -9999 -9999 -9999 -9999 -9999 -9999 -9999 -9999 -9999
-9999 -9999 8.90 8.68 -9999 -9999 -9999 7.65 8.19 7.86 7.83 -9999 -9999 -9999 -9999 7.43 -9999 -9999 -9999 -9999 -9999 -9999 5.78 5.11 4.32 4.76 5.54 5.70 5.28 5.46 4.92 3.80 4.04 6.73 7.56 5.01 8.87 8.51 9.34 6.94 6.96 7.88 5.86 4.51 4.00 2.67 1.62 2.62 4.46 5.76 -9999 -9999 -9999 -9999 -9999 -9999 -9999 -9999 -9999 -9999 -9999 -9999 -9999 -9999 -9999 -9999 -9999 -9999 -9999 -9999 -9999 -9999 -9999 -9999 -9999 -9999 -9999 -9999 -9999
-9999 -9999 -9999 9.59 -9999 -9999 -9999 -9999 7.97 8.64 8.20 -9999 -9999 -9999 -9999 -9999 -9999 -9999 -9999 -9999 -9999 6.36 5.51 5.34 4.87 4.87 6.18 6.21 5.91 6.04 5.64 4.95 3.55 4.81 9.17 9.27 9.09 8.92 7.23 6.51 6.69 5.30 3.67 5.03 4.93 2.51 1.98 3.02 4.60 6.09 6.89 -9999 -9999 -9999 -9999 -9999 -9999 -9999 -9999 -9999 -9999 -9999 -9999 -9999 -9999 -9999 -9999 -9999 -9999 -9999 -9999 -9999 -9999 -9999 -9999 -9999 -9999 -9999 -9999
-9999 -9999 -9999 10.34 -9999 -9999 -9999 -9999 -9999 -9999 -9999 -9999 -9999 -9999 -9999 -9999 -9999 -9999 -9999 -9999 -9999 6.60 5.29 4.18 2.89 2.43 8.15 6.63 6.03 7.55 5.80 6.36 2.85 3.00 7.53 10.55 8.30 6.98 9.87 11.28 10.14 8.20 6.84 3.72 3.80 3.37 3.88 3.70 4.69 6.45 7.05 7.14 -9999 -9999 -9999 -9999 -9999 -9999 -9999 -9999 -9999 -9999 -9999 -9999 -9999 -9999 -9999 -9999 -9999 -9999 -9999 -9999 -9999 -9999 -9999 -9999 -9999 -9999 -9999
-9999 -9999 -9999 -9999 -9999 -9999 -9999 -9999 -9999 -9999 -9999 -9999 -9999 -9999 -9999 -9999 -9999 -9999 -9999 -9999 6.98 6.22 4.82 3.66 5.42 2.25 11.46 10.88 5.62 6.42 5.80 5.24 5.05 2.82 4.09 10.71 10.51 9.04 7.84 7.07 8.71 8.24 7.18 5.44 4.40 4.04 3.82 4.14 5.43 5.86 5.95 6.39 -9999 -9999 -9999 -9999 -9999 -9999 -9999 -9999 -9999 -9999 -9999 -9999 -9999 -9999 -9999 -9999 -9999 -9999 -9999 -9999 -9999 -9999 -9999 -9999 -9999 -9999 -9999
-9999 -9999 -9999 -9999 -9999 -9999 -9999 -9999 -9999 -9999 -9999 -9999 -9999 -9999 -9999 -9999 -9999 -9999 -9999 -9999 6.18 6.50 4.08 5.33 10.64 5.01 3.04 7.45 7.96 6.33 5.96 5.47 5.07 4.01 4.12 5.80 11.99 10.16 9.27 7.64 7.45 7.33 5.81 5.32 5.13 5.62 4.63 5.45 5.30 5.55 5.25 5.41 5.87 6.26 6.39 -9999 -9999 -9999 -9999 -9999 -9999 -9999 -9999 -9999 -9999 -9999 -9999 -9999 -9999 -9999 -9999 -9999 -9999 -9999 -9999 -9999 -9999 -9999 -9999
-9999 -9999 -9999 -9999 -9999 -9999 -9999 -9999 -9999 -9999 -9999 -9999 -9999 -9999 -9999 -9999 -9999 -9999 -9999 -9999 6.06 5.69 5.07 7.48 4.59 3.88 5.10 8.48 6.00 5.20 7.71 4.02 5.73 4.95 5.02 5.01 7.31 8.85 8.67 8.11 7.68 6.15 6.05 5.48 5.04 4.86 5.13 5.16 5.41 4.89 4.58 4.53 6.65 5.60 6.41 7.07 6.95 -9999 -9999 -9999 -9999 -9999 -9999 -9999 -9999 -9999 -9999 -9999 -9999 -9999 -9999 -9999 -9999 -9999 -9999 -9999 -9999 -9999 -9999
-9999 -9999 -9999 -9999 -9999 -9999 -9999 -9999 -9999 -9999 -9999 -9999 -9999 -9999 -9999 -9999 -9999 -9999 -9999 -9999 6.02 5.36 6.05 9.81 10.63 7.03 4.27 5.48 6.05 8.07 4.75 7.18 5.82 5.37 6.14 5.81 4.54 5.16 8.31 7.97 7.43 6.91 6.24 5.87 5.88 5.79 5.40 5.51 5.25 4.68 4.66 4.37 4.97 6.88 6.50 6.64 7.61 7.57 6.28 -9999 -9999 -9999 -9999 -9999 -9999 -9999 -9999 -9999 -9999 -9999 -9999 -9999 -9999 -9999 -9999 -9999 -9999 -9999 -9999
-9999 -9999 -9999 -9999 -9999 -9999 -9999 -9999 -9999 -9999 -9999 -9999 -9999 -9999 -9999 -9999 -9999 -9999 -9999 -9999 6.56 5.43 6.88 7.87 4.86 13.58 10.86 5.51 6.93 5.13 8.19 8.63 5.80 4.75 5.44 5.38 3.87 9.42 8.57 8.40 8.96 9.32 8.77 6.44 7.31 6.36 6.00 5.86 5.58 5.23 4.70 3.88 4.40 6.26 5.47 5.15 5.66 6.69 5.69 7.65 -9999 -9999 -9999 -9999 -9999 -9999 -9999 -9999 -9999 -9999 -9999 -9999 -9999 -9999 -9999 -9999 -9999 -9999 -9999
-9999 -9999 -9999 -9999 -9999 -9999 -9999 -9999 8.14 8.44 8.85 -9999 -9999 -9999 -9999 -9999 -9999 -9999 -9999 -9999 -9999 6.99 6.16 5.13 6.73 8.62 10.76 5.91 3.67 7.17 6.77 5.86 4.67 5.99 5.98 4.64 5.24 7.40 7.92 10.77 10.00 8.49 8.21 8.76 7.68 6.72 6.33 5.96 5.72 4.97 4.30 7.07 6.29 8.54 8.85 7.90 6.88 5.00 7.23 7.64 6.81 -9999 -9999 -9999 -9999 -9999 -9999 -9999 -9999 -9999 -9999 -9999 -9999 -9999 -9999 -9999 -9999 -9999 -9999
-9999 -9999 -9999 -9999 -9999 -9999 -9999 -9999 7.13 7.34 -9999 -9999 -9999 -9999 -9999 -9999 -9999 -9999 -9999 -9999 -9999 -9999 6.20 4.47 7.53 8.24 13.65 7.19 7.04 6.48 4.75 3.80 3.75 3.43 9.13 4.65 5.58 9.51 7.95 6.18 5.98 9.43 6.79 9.01 7.63 6.70 6.17 5.88 5.22 5.31 6.85 7.43 6.78 6.37 5.82 6.51 7.05 6.69 7.09 7.08 8.49 -9999 -9999 -9999 -9999 -9999 -9999 -9999 -9999 -9999 -9999 -9999 -9999 -9999 -9999 -9999 -9999 -9999 -9999
-9999 -9999 -9999 -9999 -9999 -9999 -9999 6.38 8.78 8.78 8.26 -9999 -9999 -9999 -9999 -9999 -9999 -9999 -9999 -9999 -9999 -9999 6.18 7.78 8.49 9.04 7.26 7.78 6.09 5.60 4.64 4.08 5.17 3.84 2.78 9.28 6.41 6.07 8.86 7.68 10.00 8.05 8.49 7.57 7.31 6.81 6.57 5.80 5.11 5.95 7.06 6.41 7.05 7.60 6.93 6.99 6.54 6.73 7.12 6.23 8.28 7.27 -9999 -9999 -9999 -9999 -9999 -9999 -9999 -9999 -9999 -9999 -9999 -9999 -9999 -9999 -9999 -9999 -9999
-9999 -9999 -9999 -9999 -9999 -9999 5.07 8.40 10.22 12.78 8.20 -9999 -9999 -9999 -9999 -9999 -9999 -9999 -9999 -9999 -9999 -9999 7.17 10.75 8.80 5.97 6.93 6.14 6.42 4.89 4.05 4.49 5.12 3.34 7.72 5.73 8.42 6.50 10.13 6.35 7.53 6.33 8.11 7.10 7.34 7.29 6.29 6.01 5.38 5.52 7.99 8.36 8.00 6.96 6.73 6.15 5.84 6.00 7.34 7.42 7.10 7.52 -9999 -9999 -9999 -9999 -9999 -9999 -9999 -9999 -9999 -9999 -9999 -9999 -9999 -9999 -9999 -9999 -9999
-9999 -9999 -9999 -9999 -9999 6.06 5.64 11.30 9.82 9.48 -9999 -9999 -9999 -9999 -9999 -9999 -9999 -9999 -9999 -9999 -9999 -9999 -9999 7.79 6.36 5.96 7.44 5.52 6.93 5.26 4.51 4.16 4.19 3.02 7.60 7.59 8.59 8.22 9.08 9.24 9.31 8.54 8.41 8.69 8.31 6.81 6.46 6.36 6.13 5.82 6.43 9.77 8.74 6.65 5.92 5.65 5.20 5.20 5.34 5.47 5.29 5.94 6.98 7.43 -9999 -9999 -9999 -9999 -9999 -9999 -9999 -9999 -9999 -9999 -9999 -9999 -9999 -9999 -9999
-9999 -9999 -9999 -9999 -9999 7.83 9.18 7.07 7.98 8.38 -9999 -9999 -9999 -9999 -9999 -9999 -9999 -9999 -9999 -9999 -9999 -9999 -9999 -9999 6.69 7.09 6.53 5.75 6.52 5.71 5.43 4.97 5.06 3.19 7.80 7.17 6.53 8.42 7.53 7.02 10.36 10.44 8.04 9.47 8.64 8.16 6.72 6.46 6.52 6.16 6.14 6.88 7.08 6.35 6.02 5.67 5.43 5.06 4.99 4.97 5.09 7.24 7.42 7.15 -9999 -9999 -9999 -9999 -9999 -9999 -9999 -9999 -9999 -9999 -9999 -9999 -9999 -9999 -9999
-9999 -9999 -9999 -9999 -9999 8.44 7.62 8.18 7.69 -9999 -9999 -9999 -9999 -9999 -9999 -9999 -9999 -9999 -9999 -9999 -9999 -9999 -9999 -9999 7.27 7.42 7.08 -9999 6.63 -9999 5.82 5.14 4.50 3.43 3.84 7.61 6.86 7.53 10.15 5.05 6.15 10.52 9.21 8.93 8.82 7.89 6.82 6.39 6.12 5.88 6.01 6.26 6.82 7.32 6.29 6.43 5.38 4.69 5.44 6.37 6.15 5.77 5.80 7.03 8.21 8.45 -9999 -9999 -9999 -9999 -9999 -9999 -9999 -9999 -9999 -9999 -9999 -9999 -9999
-9999 -9999 -9999 -9999 8.22 7.62 7.44 -9999 -9999 -9999 -9999 -9999 -9999 -9999 -9999 -9999 -9999 -9999 -9999 -9999 -9999 -9999 -9999 -9999 7.89 7.37 6.84 -9999 -9999 -9999 5.65 6.05 3.78 4.39 5.61 4.65 4.32 6.02 9.41 9.17 5.48 8.97 10.32 8.32 9.30 8.42 7.45 6.01 6.04 5.88 5.99 6.13 6.29 6.37 6.11 6.08 4.91 5.28 6.19 6.94 7.32 7.23 6.56 6.36 6.95 7.60 -9999 -9999 -9999 -9999 -9999 -9999 -9999 -9999 -9999 -9999 -9999 -9999 -9999
-9999 -9999 -9999 -9999 -9999 -9999 -9999 -9999 -9999 -9999 -9999 -9999 -9999 -9999 -9999 -9999 -9999 -9999 -9999 -9999 -9999 -9999 -9999 -9999 -9999 -9999 -9999 -9999 -9999 6.15 4.57 4.39 5.57 6.37 7.23 7.25 5.99 6.61 8.91 8.64 7.12 5.90 8.55 9.62 8.52 7.78 7.05 6.41 6.26 6.39 6.07 5.98 6.03 5.93 5.60 4.93 5.55 7.63 6.69 7.36 6.92 6.97 6.22 6.45 6.82 -9999 -9999 -9999 -9999 -9999 -9999 -9999 -9999 -9999 -9999 -9999 -9999 -9999 -9999
-9999 -9999 -9999 -9999 -9999 -9999 -9999 -9999 -9999 -9999 -9999 -9999 -9999 -9999 -9999 -9999 -9999 -9999 -9999 -9999 -9999 -9999 -9999 -9999 -9999 -9999 -9999 -9999 -9999 5.68 4.35 5.18 7.19 9.34 8.66 6.60 7.45 5.81 6.28 5.78 7.01 7.46 8.41 8.68 8.44 7.58 7.16 6.79 6.27 6.40 5.96 5.89 5.89 5.89 5.60 4.88 5.37 8.48 8.16 7.03 6.82 6.61 6.27 6.43 6.84 -9999 -9999 -9999 -9999 -9999 -9999 -9999 -9999 -9999 -9999 -9999 -9999 -9999 -9999
-9999 -9999 -9999 -9999 -9999 -9999 -9999 -9999 -9999 -9999 -9999 -9999 -9999 -9999 -9999 -9999 -9999 -9999 -9999 -9999 -9999 -9999 -9999 -9999 -9999 -9999 -9999 -9999 -9999 5.34 4.10 4.48 7.01 8.05 7.83 7.22 6.79 6.23 6.73 5.76 5.73 6.33 5.45 8.51 7.45 8.21 7.31 7.04 6.14 5.94 5.94 5.84 5.86 5.82 5.70 5.31 5.27 7.11 7.97 7.40 6.95 6.84 6.48 6.42 6.44 -9999 -9999 -9999 -9999 -9999 -9999 -9999 -9999 -9999 -9999 -9999 -9999 -9999 -9999
-9999 -9999 -9999 -9999 -9999 -9999 -9999 -9999 -9999 -9999 -9999 -9999 -9999 -9999 -9999 -9999 -9999 -9999 -9999 -9999 -9999 -9999 -9999 -9999 -9999 -9999 -9999 7.43 6.42 4.98 3.96 6.20 7.94 10.10 7.76 8.71 5.15 5.86 5.88 6.66 7.16 6.99 8.54 6.21 6.41 6.42 6.36 6.02 6.56 5.86 5.77 5.97 5.77 5.77 5.83 5.60 5.58 6.13 7.69 7.40 6.93 6.80 6.66 6.26 5.80 6.14 -9999 -9999 -9999 -9999 -9999 -9999 -9999 -9999 -9999 -9999 -9999 -9999 -9999
-9999 -9999 -9999 -9999 -9999 -9999 -9999 -9999 -9999 -9999 -9999 -9999 -9999 -9999 -9999 -9999 -9999 -9999 -9999 -9999 -9999 -9999 -9999 -9999 -9999 -9999 -9999 7.00 5.98 5.14 4.62 5.12 7.59 6.21 5.81 4.45 5.66 7.71 5.92 7.19 6.84 7.79 5.54 8.39 6.86 7.69 7.37 7.33 6.44 6.10 5.84 5.73 5.71 5.78 5.81 5.80 5.69 5.84 6.60 7.64 7.22 6.82 6.78 6.05 5.17 5.75 -9999 -9999 -9999 -9999 -9999 -9999 -9999 -9999 -9999 -9999 -9999 -9999 -9999
-9999 -9999 -9999 -9999 -9999 -9999 -9999 -9999 -9999 -9999 -9999 -9999 -9999 -9999 -9999 -9999 -9999 -9999 -9999 -9999 -9999 -9999 -9999 -9999 -9999 -9999 -9999 7.02 5.92 5.45 5.09 5.43 6.15 6.34 5.34 4.63 5.65 5.69 5.18 6.67 8.54 6.95 6.72 5.81 7.07 5.83 6.24 6.70 6.95 6.31 6.08 5.73 5.70 5.79 5.83 5.85 5.81 5.71 6.18 7.34 7.92 7.11 6.63 5.79 4.83 5.17 5.95 -9999 -9999 -9999 -9999 -9999 -9999 -9999 -9999 -9999 -9999 -9999 -9999
-9999 -9999 -9999 -9999 -9999 -9999 -9999 -9999 -9999 -9999 -9999 -9999 -9999 -9999 -9999 -9999 -9999 -9999 -9999 -9999 -9999 -9999 -9999 -9999 -9999 -9999 -9999 6.82 6.02 5.70 5.63 5.52 5.44 5.26 5.63 6.23 4.56 4.45 5.16 8.41 8.57 9.34 8.41 7.04 6.88 7.21 6.16 5.70 6.50 6.79 6.04 5.74 5.76 5.71 5.81 5.89 5.96 5.80 5.96 7.43 8.34 7.40 6.73 5.93 4.92 4.79 5.53 6.30 -9999 -9999 -9999 -9999 -9999 -9999 -9999 -9999 -9999 -9999 -9999
-9999 -9999 -9999 -9999 -9999 -9999 -9999 -9999 -9999 -9999 -9999 -9999 -9999 -9999 -9999 -9999 -9999 -9999 -9999 -9999 -9999 -9999 -9999 -9999 -9999 -9999 -9999 6.84 5.90 5.63 5.42 5.10 4.73 5.08 4.66 5.33 5.79 7.09 8.17 9.03 7.29 8.52 7.48 7.33 6.30 7.25 6.85 6.26 5.83 5.74 5.85 5.69 5.76 5.79 5.87 5.93 6.08 6.13 6.25 6.77 7.58 7.21 6.57 6.06 5.50 5.07 5.09 5.96 -9999 -9999 -9999 -9999 -9999 -9999 -9999 -9999 -9999 -9999 -9999
-9999 -9999 -9999 -9999 -9999 -9999 -9999 -9999 -9999 -9999 -9999 -9999 -9999 -9999 -9999 -9999 -9999 -9999 -9999 -9999 -9999 -9999 -9999 -9999 -9999 -9999 -9999 -9999 5.92 5.65 5.23 4.58 4.77 6.00 6.08 6.60 5.78 5.77 7.40 7.53 8.64 8.09 6.72 5.58 5.93 5.84 6.68 6.04 5.85 6.29 6.08 5.65 5.82 5.76 5.85 5.86 5.95 6.16 6.35 6.61 6.64 6.64 6.48 6.27 -9999 5.64 5.73 6.25 7.21 -9999 -9999 -9999 -9999 -9999 -9999 -9999 -9999 -9999 -9999
-9999 -9999 -9999 -9999 -9999 -9999 -9999 -9999 -9999 -9999 -9999 -9999 -9999 -9999 -9999 -9999 -9999 -9999 -9999 -9999 -9999 -9999 -9999 -9999 -9999 -9999 -9999 6.72 5.86 5.52 4.93 4.26 4.24 7.17 7.75 6.40 8.33 8.13 6.70 6.52 9.44 8.23 8.44 6.55 5.31 6.70 5.76 5.32 5.81 5.97 5.73 5.82 5.64 5.65 5.70 5.81 5.73 5.82 6.86 6.35 6.05 6.90 6.28 6.11 5.96 -9999 6.34 6.77 7.51 8.13 -9999 -9999 -9999 -9999 -9999 -9999 -9999 -9999 -9999
-9999 -9999 -9999 -9999 -9999 -9999 -9999 -9999 -9999 -9999 -9999 -9999 -9999 -9999 -9999 -9999 -9999 -9999 -9999 -9999 -9999 -9999 -9999 -9999 -9999 -9999 -9999 6.57 5.70 5.37 4.94 5.72 5.07 6.16 8.38 6.32 6.58 6.77 5.23 5.05 7.73 7.46 7.34 5.18 6.54 7.26 5.77 6.43 5.89 6.32 6.17 5.85 5.55 5.54 5.58 5.63 5.53 5.49 5.74 6.04 5.44 5.69 6.10 5.63 5.96 6.16 -9999 -9999 -9999 -9999 -9999 -9999 -9999 -9999 -9999 -9999 -9999 -9999 -9999
-9999 -9999 -9999 -9999 -9999 -9999 -9999 -9999 -9999 -9999 -9999 -9999 -9999 -9999 -9999 -9999 -9999 -9999 -9999 -9999 -9999 -9999 -9999 -9999 -9999 -9999 7.52 6.15 5.53 5.96 5.68 5.74 5.49 6.44 6.80 6.36 6.07 5.62 5.23 5.14 6.94 8.77 8.76 5.85 7.71 7.43 5.87 6.09 5.46 5.94 6.17 5.72 5.42 5.59 5.57 5.55 5.59 5.42 5.61 5.73 5.56 5.42 6.35 5.91 5.80 5.88 6.53 7.23 -9999 -9999 -9999 -9999 -9999 -9999 -9999 -9999 -9999 -9999 -9999
-9999 -9999 -9999 -9999 -9999 -9999 -9999 -9999 -9999 -9999 -9999 -9999 -9999 -9999 -9999 -9999 -9999 -9999 -9999 -9999 -9999 -9999 -9999 -9999 -9999 -9999 -9999 6.33 5.61 5.56 5.90 7.22 5.83 5.78 5.83 6.02 6.10 5.56 5.09 4.60 4.73 7.41 8.25 9.00 7.40 7.77 7.14 6.46 6.67 5.29 5.41 6.00 5.45 5.50 5.45 5.45 5.58 5.43 5.52 5.79 5.48 5.10 5.21 6.81 6.07 5.81 5.99 6.50 7.20 7.97 -9999 -9999 -9999 -9999 -9999 -9999 -9999 -9999 -9999
-9999 -9999 -9999 -9999 -9999 -9999 -9999 -9999 -9999 -9999 -9999 -9999 -9999 -9999 -9999 -9999 -9999 -9999 -9999 -9999 -9999 -9999 -9999 -9999 -9999 -9999 -9999 6.39 5.98 5.72 5.89 6.09 6.13 5.91 5.59 5.62 5.28 5.01 4.85 4.68 4.92 4.52 7.84 9.63 10.20 8.68 7.61 7.13 6.12 6.16 5.59 6.32 5.58 5.60 5.47 5.45 5.46 5.42 5.65 5.74 5.48 4.97 5.29 6.74 6.37 6.54 5.80 5.88 6.49 7.33 -9999 -9999 -9999 -9999 -9999 -9999 -9999 -9999 -9999
-9999 -9999 -9999 -9999 -9999 -9999 -9999 8.84 8.40 8.79 9.54 -9999 -9999 -9999 -9999 -9999 -9999 -9999 -9999 -9999 -9999 -9999 -9999 -9999 -9999 -9999 6.77 6.07 6.33 5.97 6.61 6.27 5.78 5.59 5.56 5.38 5.30 5.04 4.83 4.54 4.12 6.32 8.36 8.55 7.35 9.46 8.77 6.51 6.30 4.90 6.80 6.77 5.77 5.67 5.51 5.46 5.46 5.42 5.55 5.87 5.67 5.08 5.09 5.50 6.78 6.74 7.03 5.89 5.87 6.71 7.66 -9999 -9999 -9999 -9999 -9999 -9999 -9999 -9999
-9999 -9999 -9999 -9999 -9999 -9999 -9999 8.39 7.95 7.99 8.34 -9999 -9999 -9999 -9999 -9999 -9999 -9999 -9999 -9999 -9999 -9999 -9999 -9999 -9999 6.93 6.69 6.17 6.37 7.01 6.21 6.14 5.47 5.38 5.45 5.25 5.32 5.28 4.58 4.01 3.73 5.19 9.66 9.83 7.22 8.57 8.11 7.75 5.66 4.96 6.21 6.63 6.00 5.37 5.32 5.42 5.67 5.52 5.48 5.67 5.89 5.41 5.28 5.37 6.62 6.75 6.75 6.05 5.98 6.29 7.29 -9999 -9999 -9999 -9999 -9999 -9999 -9999 -9999
-9999 -9999 -9999 -9999 -9999 10.38 8.28 7.30 7.60 7.56 8.21 8.02 8.85 9.35 -9999 -9999 9.37 8.14 -9999 -9999 -9999 6.95 7.92 7.36 -9999 5.74 6.98 6.44 6.15 6.43 6.00 6.06 5.95 6.27 5.90 5.79 5.14 5.21 4.52 4.39 6.46 4.83 6.92 8.83 5.45 6.86 9.99 6.26 7.25 5.68 6.16 6.29 5.83 5.55 5.50 5.54 5.69 5.39 5.48 5.52 6.01 5.46 5.33 5.45 5.85 6.43 7.16 6.87 6.13 6.07 6.92 7.99 -9999 -9999 -9999 -9999 -9999 -9999 -9999
-9999 -9999 -9999 -9999 -9999 -9999 8.59 7.69 7.36 7.12 7.32 8.19 9.17 7.31 -9999 6.84 7.72 8.36 7.41 7.99 5.66 5.08 8.11 8.15 7.04 -9999 5.56 6.59 6.47 5.90 5.86 6.27 5.77 5.64 5.54 5.33 5.33 4.90 4.73 4.46 6.73 7.25 7.39 7.88 7.23 8.70 8.86 7.46 5.81 5.37 6.58 6.55 5.56 5.81 5.50 5.83 5.85 5.45 5.42 5.45 6.07 5.57 5.46 5.53 5.52 6.16 6.78 7.29 6.74 6.27 6.64 7.65 -9999 -9999 -9999 -9999 -9999 -9999 -9999
