ML/MeanWindSpeed_1995-02_Actual.txt
ncols         180
nrows         290
xllcorner     -200000
yllcorner     -200000
cellsize      5000
NODATA_value  -9999
[rows 102 to 135 of 290, columns 77 to 153 of 180]
-9999 17.23 19.20 20.13 5.29 25.48 17.43 16.14 11.23 28.59 15.21 28.86 15.37 14.48 27.18 11.86 4.31 18.63 27.92 28.01 14.59 15.40 17.19 15.15 11.22 9.68 9.46 9.43 15.92 13.19 13.42 13.24 14.03 14.39 13.92 14.37 -9999 -9999 -9999 -9999 -9999 -9999 -9999 -9999 -9999 -9999 -9999 -9999 -9999 -9999 -9999 -9999 -9999 -9999 -9999 -9999 -9999 -9999 -9999 -9999 -9999 -9999 -9999 -9999 -9999 -9999 -9999 -9999 -9999 -9999 -9999 -9999 -9999 -9999 -9999 -9999 -9999
14.65 12.59 7.21 6.69 15.03 27.21 7.63 12.82 27.73 17.42 17.84 26.48 27.65 21.23 6.44 17.72 18.65 24.95 20.00 14.91 21.74 23.83 17.12 12.92 9.25 8.95 11.64 18.12 14.06 12.35 13.63 12.58 12.40 12.94 -9999 -9999 -9999 -9999 -9999 -9999 -9999 -9999 -9999 -9999 -9999 -9999 -9999 -9999 -9999 -9999 -9999 -9999 -9999 -9999 -9999 -9999 -9999 -9999 -9999 -9999 -9999 -9999 -9999 -9999 -9999 -9999 -9999 -9999 -9999 -9999 -9999 -9999 -9999 -9999 -9999 -9999 -9999
13.45 14.60 15.54 11.97 17.41 6.66 4.93 11.99 19.09 14.47 10.57 10.67 13.65 17.19 23.78 14.52 19.27 15.94 19.72 22.65 17.92 17.06 13.86 11.49 9.65 9.67 14.36 14.10 11.08 11.10 11.39 13.23 12.81 -9999 -9999 -9999 -9999 -9999 -9999 -9999 -9999 -9999 -9999 -9999 -9999 -9999 -9999 -9999 -9999 -9999 -9999 -9999 -9999 -9999 -9999 -9999 -9999 -9999 -9999 -9999 -9999 -9999 -9999 -9999 -9999 -9999 -9999 -9999 -9999 -9999 -9999 -9999 -9999 -9999 -9999 -9999 -9999
17.38 14.90 19.43 13.29 6.36 9.50 18.26 20.02 17.01 12.20 14.08 21.86 14.60 19.48 10.97 15.18 21.79 13.98 8.95 8.39 11.23 9.57 9.70 11.91 12.51 10.25 11.88 10.68 10.30 14.55 13.72 14.32 13.91 -9999 -9999 -9999 -9999 -9999 -9999 -9999 -9999 -9999 -9999 -9999 -9999 -9999 -9999 -9999 -9999 -9999 -9999 -9999 -9999 -9999 -9999 -9999 -9999 -9999 -9999 -9999 -9999 -9999 -9999 -9999 -9999 -9999 -9999 -9999 -9999 -9999 -9999 -9999 -9999 -9999 -9999 -9999 -9999
15.79 16.78 13.59 16.17 19.96 18.49 24.22 13.88 18.78 6.76 21.77 9.94 25.60 10.71 15.93 26.91 16.38 12.38 16.05 14.02 10.11 10.16 9.37 9.54 11.48 9.43 9.07 11.77 12.60 12.65 13.28 11.67 13.65 14.29 -9999 -9999 -9999 -9999 -9999 -9999 -9999 -9999 -9999 -9999 -9999 -9999 -9999 -9999 -9999 -9999 -9999 -9999 -9999 -9999 -9999 -9999 -9999 -9999 -9999 -9999 -9999 -9999 -9999 -9999 -9999 -9999 -9999 -9999 -9999 -9999 -9999 -9999 -9999 -9999 -9999 -9999 -9999
16.91 16.74 8.82 20.24 13.79 7.66 14.88 21.73 20.58 7.41 21.45 17.47 18.39 12.41 19.83 15.03 17.41 23.70 17.85 16.05 14.22 12.07 11.49 13.54 14.35 16.39 16.03 13.73 11.26 10.13 13.87 11.85 15.69 15.38 16.42 -9999 -9999 -9999 -9999 -9999 -9999 -9999 -9999 -9999 -9999 -9999 -9999 -9999 -9999 -9999 -9999 -9999 -9999 -9999 -9999 -9999 -9999 -9999 -9999 -9999 -9999 -9999 -9999 -9999 -9999 -9999 -9999 -9999 -9999 -9999 -9999 -9999 -9999 -9999 -9999 -9999 -9999
17.05 11.48 17.87 18.17 12.70 7.03 17.80 20.44 27.24 10.95 20.21 16.11 16.56 15.11 16.18 7.46 10.89 13.42 12.43 8.72 11.98 15.69 21.16 19.73 17.65 14.27 13.42 15.85 9.70 12.01 13.85 14.97 15.88 16.24 16.56 16.30 -9999 -9999 -9999 -9999 -9999 -9999 -9999 -9999 -9999 -9999 -9999 -9999 -9999 -9999 -9999 -9999 -9999 -9999 -9999 -9999 -9999 -9999 -9999 -9999 -9999 -9999 -9999 -9999 -9999 -9999 -9999 -9999 -9999 -9999 -9999 -9999 -9999 -9999 -9999 -9999 -9999
9.68 18.34 23.24 10.31 7.93 16.12 24.69 16.81 6.81 12.62 32.77 14.05 13.27 15.13 15.17 11.95 11.03 7.29 6.22 12.15 21.92 21.22 17.60 15.99 12.00 10.84 12.07 14.83 12.51 13.82 13.03 12.52 13.88 14.67 15.19 -9999 -9999 -9999 -9999 -9999 -9999 -9999 -9999 -9999 -9999 -9999 -9999 -9999 -9999 -9999 -9999 -9999 -9999 -9999 -9999 -9999 -9999 -9999 -9999 -9999 -9999 -9999 -9999 -9999 -9999 -9999 -9999 -9999 -9999 -9999 -9999 -9999 -9999 -9999 -9999 -9999 -9999
13.11 14.68 13.52 11.92 22.75 12.35 20.19 20.18 21.12 14.95 11.20 27.10 15.36 12.07 10.65 10.90 10.37 8.74 7.18 13.16 9.75 8.22 6.83 9.97 13.97 12.31 12.76 12.09 12.47 14.64 14.02 -9999 -9999 -9999 -9999 -9999 -9999 -9999 -9999 -9999 -9999 -9999 -9999 -9999 -9999 -9999 -9999 -9999 -9999 -9999 -9999 -9999 -9999 -9999 -9999 -9999 -9999 -9999 -9999 -9999 -9999 -9999 -9999 -9999 -9999 -9999 -9999 -9999 -9999 -9999 -9999 -9999 -9999 -9999 -9999 -9999 -9999
15.73 12.69 8.00 19.85 21.54 24.56 23.93 8.51 21.57 21.83 10.29 16.76 18.55 13.08 13.00 15.03 17.57 19.30 11.89 9.25 7.75 7.77 9.07 10.99 13.39 12.43 12.58 13.97 13.80 -9999 -9999 -9999 -9999 -9999 -9999 -9999 -9999 -9999 -9999 -9999 -9999 -9999 -9999 -9999 -9999 -9999 -9999 -9999 -9999 -9999 -9999 -9999 -9999 -9999 -9999 -9999 -9999 -9999 -9999 -9999 -9999 -9999 -9999 -9999 -9999 -9999 -9999 -9999 -9999 -9999 -9999 -9999 -9999 -9999 -9999 -9999 -9999
14.01 10.18 20.30 14.25 22.54 26.15 20.02 15.76 22.80 23.02 12.03 11.69 10.48 10.32 11.45 13.33 19.39 21.78 16.23 12.75 9.98 9.32 11.49 10.86 11.36 12.38 15.99 17.70 14.85 -9999 -9999 -9999 -9999 -9999 -9999 -9999 -9999 -9999 -9999 -9999 -9999 -9999 -9999 -9999 -9999 -9999 -9999 -9999 -9999 -9999 -9999 -9999 -9999 -9999 -9999 -9999 -9999 -9999 -9999 -9999 -9999 -9999 -9999 -9999 -9999 -9999 -9999 -9999 -9999 -9999 -9999 -9999 -9999 -9999 -9999 -9999 -9999
-9999 13.77 19.67 14.43 21.14 20.91 23.13 14.81 13.12 15.17 14.26 13.17 12.67 8.56 22.90 22.82 20.44 21.08 16.11 11.74 11.45 10.70 10.68 10.31 10.04 11.95 11.58 -9999 -9999 -9999 -9999 -9999 15.56 14.42 15.18 14.90 -9999 -9999 -9999 -9999 -9999 -9999 -9999 -9999 -9999 -9999 -9999 -9999 -9999 -9999 -9999 -9999 -9999 -9999 -9999 -9999 -9999 -9999 -9999 -9999 -9999 -9999 -9999 -9999 -9999 -9999 -9999 -9999 -9999 -9999 -9999 -9999 -9999 -9999 -9999 -9999 -9999
-9999 14.28 21.46 13.93 10.77 27.19 13.80 15.17 14.50 12.00 13.36 16.18 20.62 14.39 14.12 11.93 11.95 11.08 12.54 13.63 14.20 13.26 11.84 12.42 13.05 12.43 12.12 13.25 14.30 -9999 -9999 13.03 12.76 13.02 12.07 13.48 14.99 15.71 -9999 -9999 -9999 -9999 -9999 -9999 -9999 -9999 -9999 -9999 -9999 -9999 -9999 -9999 -9999 -9999 -9999 -9999 -9999 -9999 -9999 -9999 -9999 -9999 -9999 -9999 -9999 -9999 -9999 -9999 -9999 -9999 -9999 -9999 -9999 -9999 -9999 -9999 -9999
13.84 18.64 14.15 16.06 18.83 20.87 12.77 16.87 21.69 19.46 16.69 12.66 12.57 13.47 12.03 11.79 10.84 10.47 12.06 14.49 14.46 12.84 14.98 15.64 12.45 11.31 12.04 12.75 14.40 12.35 12.83 13.68 12.43 10.26 12.08 16.75 17.31 19.97 14.17 -9999 -9999 -9999 -9999 -9999 -9999 -9999 -9999 -9999 -9999 -9999 -9999 -9999 -9999 -9999 -9999 -9999 -9999 -9999 -9999 -9999 -9999 -9999 -9999 -9999 -9999 -9999 -9999 -9999 -9999 -9999 -9999 -9999 -9999 -9999 -9999 -9999 -9999
20.59 15.00 20.13 18.34 14.42 12.63 -9999 19.62 24.88 18.27 15.36 12.91 11.98 11.71 12.37 13.19 11.91 11.10 14.07 14.67 15.16 14.03 12.77 12.54 11.30 12.28 13.36 15.48 12.98 11.06 14.39 12.83 12.03 10.89 14.17 17.79 18.21 19.68 16.78 18.65 20.33 15.18 -9999 -9999 -9999 -9999 -9999 -9999 -9999 -9999 -9999 -9999 -9999 -9999 -9999 -9999 -9999 -9999 -9999 -9999 -9999 -9999 -9999 -9999 -9999 -9999 -9999 -9999 -9999 -9999 -9999 -9999 -9999 -9999 -9999 -9999 -9999
26.03 17.04 -9999 16.72 18.91 13.25 -9999 20.61 27.12 18.59 16.83 13.90 13.90 13.20 13.18 11.87 11.33 10.37 11.22 14.81 15.34 15.65 12.68 12.07 13.84 15.72 19.37 16.71 12.41 10.67 12.71 12.30 11.95 19.36 21.50 17.63 17.54 16.46 16.24 16.41 13.48 15.15 -9999 -9999 -9999 -9999 -9999 -9999 -9999 -9999 -9999 -9999 -9999 -9999 -9999 -9999 -9999 -9999 -9999 -9999 -9999 -9999 -9999 -9999 -9999 -9999 -9999 -9999 -9999 -9999 -9999 -9999 -9999 -9999 -9999 -9999 -9999
20.37 18.61 -9999 -9999 19.13 15.19 14.56 19.53 22.16 13.57 14.46 18.10 16.02 15.08 14.58 18.32 13.49 9.65 9.82 10.71 13.64 14.93 16.13 13.34 17.35 18.75 16.06 14.38 14.75 13.82 14.35 15.37 16.21 15.74 19.89 17.10 16.28 16.44 11.61 11.28 13.24 15.68 16.58 -9999 -9999 -9999 -9999 -9999 -9999 -9999 -9999 -9999 -9999 -9999 -9999 -9999 -9999 -9999 -9999 -9999 -9999 -9999 -9999 -9999 -9999 -9999 -9999 -9999 -9999 -9999 -9999 -9999 -9999 -9999 -9999 -9999 -9999
-9999 -9999 -9999 -9999 -9999 16.52 14.71 20.61 15.53 11.27 13.12 15.60 18.26 16.79 15.56 17.47 17.31 13.48 8.93 11.60 15.37 13.69 13.19 14.43 17.66 15.93 13.13 13.53 14.35 19.90 18.98 15.90 14.43 12.51 16.23 15.62 14.94 16.20 12.22 11.09 11.27 11.77 13.02 -9999 -9999 -9999 -9999 -9999 -9999 -9999 -9999 -9999 -9999 -9999 -9999 -9999 -9999 -9999 -9999 -9999 -9999 -9999 -9999 -9999 -9999 -9999 -9999 -9999 -9999 -9999 -9999 -9999 -9999 -9999 -9999 -9999 -9999
13.15 22.51 25.30 -9999 -9999 -9999 16.78 18.22 14.18 12.76 12.19 12.95 15.70 17.53 18.72 19.28 17.60 16.44 13.42 8.61 14.87 13.32 12.63 13.20 12.02 11.90 15.25 12.67 18.16 23.87 21.62 17.44 17.00 12.42 13.99 13.74 14.72 15.27 12.17 11.04 10.91 11.14 12.87 14.11 -9999 -9999 -9999 -9999 -9999 -9999 -9999 -9999 -9999 -9999 -9999 -9999 -9999 -9999 -9999 -9999 -9999 -9999 -9999 -9999 -9999 -9999 -9999 -9999 -9999 -9999 -9999 -9999 -9999 -9999 -9999 -9999 -9999
18.55 24.23 28.45 18.66 -9999 -9999 -9999 16.40 14.91 12.65 11.85 11.79 12.18 15.39 16.60 15.99 14.40 14.80 14.78 14.13 12.10 12.60 12.37 14.92 13.86 18.49 12.30 14.45 13.59 14.19 21.18 20.54 16.68 14.96 12.31 12.11 12.90 13.36 11.68 11.41 10.65 11.77 12.56 12.37 12.95 -9999 -9999 -9999 -9999 -9999 -9999 -9999 -9999 -9999 -9999 -9999 -9999 -9999 -9999 -9999 -9999 -9999 -9999 -9999 -9999 -9999 -9999 -9999 -9999 -9999 -9999 -9999 -9999 -9999 -9999 -9999 -9999
12.93 21.09 24.47 16.86 -9999 -9999 -9999 -9999 -9999 14.22 12.55 10.37 9.63 10.36 10.89 12.98 17.90 18.35 15.93 13.81 12.53 14.70 14.00 14.31 13.06 17.86 12.82 15.08 15.91 13.61 9.97 13.42 12.33 14.35 11.38 13.42 12.44 10.40 10.58 10.89 11.46 10.64 13.52 13.16 12.61 12.50 -9999 -9999 -9999 -9999 -9999 -9999 -9999 -9999 -9999 -9999 -9999 -9999 -9999 -9999 -9999 -9999 -9999 -9999 -9999 -9999 -9999 -9999 -9999 -9999 -9999 -9999 -9999 -9999 -9999 -9999 -9999
13.37 14.32 27.19 18.98 -9999 -9999 -9999 -9999 -9999 15.03 14.07 13.83 10.65 12.97 16.00 14.88 18.41 20.15 18.39 14.08 16.08 14.26 12.89 16.19 16.81 10.69 25.92 16.12 20.63 14.61 18.41 17.90 11.56 14.89 12.29 11.36 10.11 11.03 13.63 15.11 14.32 14.51 10.11 12.27 15.24 12.25 13.82 14.26 -9999 -9999 -9999 -9999 -9999 -9999 -9999 -9999 -9999 -9999 -9999 -9999 -9999 -9999 -9999 -9999 -9999 -9999 -9999 -9999 -9999 -9999 -9999 -9999 -9999 -9999 -9999 -9999 -9999
-9999 20.09 25.33 24.59 -9999 -9999 -9999 -9999 -9999 15.31 13.21 13.44 12.03 12.63 14.87 11.89 13.81 14.63 17.80 15.70 15.26 12.94 16.78 22.91 18.36 16.77 28.27 24.26 16.54 17.73 14.54 11.52 14.05 14.89 12.56 13.28 12.95 10.40 11.34 12.25 16.41 21.38 14.89 11.72 13.25 13.91 12.18 13.14 -9999 -9999 -9999 -9999 -9999 -9999 -9999 -9999 -9999 -9999 -9999 -9999 -9999 -9999 -9999 -9999 -9999 -9999 -9999 -9999 -9999 -9999 -9999 -9999 -9999 -9999 -9999 -9999 -9999
-9999 16.60 19.47 22.44 -9999 -9999 -9999 -9999 -9999 14.67 12.86 12.93 13.10 12.63 12.24 13.08 18.60 20.82 16.40 17.79 13.63 13.24 13.31 17.47 10.99 21.76 19.83 16.20 18.10 19.82 12.03 16.00 13.26 14.72 14.44 10.81 12.66 12.91 11.89 11.19 21.94 23.19 19.77 11.31 12.36 13.65 12.54 13.55 -9999 -9999 -9999 -9999 -9999 -9999 -9999 -9999 -9999 -9999 -9999 -9999 -9999 -9999 -9999 -9999 -9999 -9999 -9999 -9999 -9999 -9999 -9999 -9999 -9999 -9999 -9999 -9999 -9999
-9999 -9999 -9999 -9999 -9999 -9999 -9999 -9999 18.81 14.68 14.01 12.91 13.79 15.03 13.12 15.26 16.19 18.92 14.69 14.23 18.93 16.56 18.58 17.20 16.58 22.67 21.70 13.95 16.00 18.13 16.61 14.91 15.75 11.90 14.01 14.74 11.07 12.85 11.76 16.42 18.27 23.43 19.48 11.57 11.17 10.63 12.48 13.59 -9999 -9999 -9999 -9999 -9999 -9999 -9999 -9999 -9999 -9999 -9999 -9999 -9999 -9999 -9999 -9999 -9999 -9999 -9999 -9999 -9999 -9999 -9999 -9999 -9999 -9999 -9999 -9999 -9999
-9999 -9999 -9999 -9999 -9999 -9999 -9999 -9999 21.05 12.36 12.80 15.53 17.90 16.98 14.59 14.93 15.48 10.90 11.58 17.46 18.82 17.32 16.38 11.72 8.52 20.68 12.84 14.21 14.28 15.99 15.54 13.76 10.89 15.58 14.82 14.20 12.62 12.62 15.47 17.24 15.72 18.23 17.84 11.91 9.50 10.26 13.69 11.99 -9999 -9999 -9999 -9999 -9999 -9999 -9999 -9999 -9999 -9999 -9999 -9999 -9999 -9999 -9999 -9999 -9999 -9999 -9999 -9999 -9999 -9999 -9999 -9999 -9999 -9999 -9999 -9999 -9999
-9999 -9999 -9999 -9999 -9999 -9999 -9999 18.00 16.58 10.65 13.91 16.19 13.28 16.92 20.49 19.26 22.52 18.56 13.50 10.01 10.59 17.08 16.98 13.43 6.44 10.97 19.01 13.57 17.96 14.19 14.27 10.50 11.42 14.30 12.85 13.14 15.25 17.82 19.82 17.83 14.63 12.85 12.77 11.38 14.90 16.19 13.66 12.57 -9999 -9999 -9999 -9999 -9999 -9999 -9999 -9999 -9999 -9999 -9999 -9999 -9999 -9999 -9999 -9999 -9999 -9999 -9999 -9999 -9999 -9999 -9999 -9999 -9999 -9999 -9999 -9999 -9999
-9999 -9999 -9999 -9999 -9999 -9999 -9999 15.37 10.54 16.48 14.58 17.34 12.78 17.20 17.01 21.69 20.54 21.03 17.76 13.39 7.63 22.81 23.32 13.91 6.12 12.73 17.45 12.05 13.26 16.40 11.28 15.43 17.20 13.52 16.42 16.84 22.37 14.52 13.28 14.53 15.55 15.62 12.15 10.11 12.94 12.97 12.02 12.07 13.66 -9999 -9999 -9999 -9999 -9999 -9999 -9999 -9999 -9999 -9999 -9999 -9999 -9999 -9999 -9999 -9999 -9999 -9999 -9999 -9999 -9999 -9999 -9999 -9999 -9999 -9999 -9999 -9999
-9999 -9999 -9999 -9999 -9999 -9999 13.94 16.99 16.92 16.07 18.04 18.38 15.20 12.35 18.20 17.22 20.34 20.18 19.88 12.55 6.26 12.50 16.56 15.22 9.03 8.87 12.41 12.00 12.20 12.89 18.77 13.36 12.12 12.53 11.67 20.35 16.55 19.69 16.54 11.48 13.22 14.56 16.21 17.44 11.95 10.93 10.65 11.58 12.88 -9999 -9999 -9999 -9999 -9999 -9999 -9999 -9999 -9999 -9999 -9999 -9999 -9999 -9999 -9999 -9999 -9999 -9999 -9999 -9999 -9999 -9999 -9999 -9999 -9999 -9999 -9999 -9999
-9999 -9999 -9999 -9999 -9999 -9999 17.21 15.73 13.23 19.85 18.91 16.44 16.26 20.71 11.92 13.44 18.34 16.18 16.66 10.62 7.04 10.34 12.87 17.09 9.26 9.28 9.38 11.24 9.03 15.43 9.43 16.73 13.00 9.70 21.15 12.08 14.26 15.71 14.36 15.60 11.02 12.02 16.85 15.81 12.34 13.03 12.21 11.71 13.16 -9999 -9999 -9999 -9999 -9999 -9999 -9999 -9999 -9999 -9999 -9999 -9999 -9999 -9999 -9999 -9999 -9999 -9999 -9999 -9999 -9999 -9999 -9999 -9999 -9999 -9999 -9999 -9999
-9999 -9999 -9999 -9999 -9999 18.78 14.93 12.72 16.26 12.31 12.95 25.22 19.96 18.94 12.17 13.98 15.42 13.26 16.45 15.53 11.95 14.02 13.04 9.54 8.22 9.01 11.69 12.24 16.78 11.80 9.48 16.25 9.86 11.81 20.83 14.10 11.75 10.07 13.33 15.40 13.99 15.22 15.75 13.01 12.34 11.99 11.01 11.45 13.01 -9999 -9999 -9999 -9999 -9999 -9999 -9999 -9999 -9999 -9999 -9999 -9999 -9999 -9999 -9999 -9999 -9999 -9999 -9999 -9999 -9999 -9999 -9999 -9999 -9999 -9999 -9999 -9999
-9999 -9999 -9999 -9999 14.66 16.47 17.05 12.45 12.53 11.87 10.21 15.87 15.84 25.80 12.73 11.22 12.71 13.89 15.28 16.53 13.91 10.73 8.58 13.02 9.12 8.27 11.23 12.49 12.80 12.24 9.59 12.36 7.42 10.43 17.87 16.65 17.18 15.44 14.38 12.16 11.70 15.50 14.04 13.01 12.75 12.23 12.04 11.02 12.19 13.79 -9999 -9999 -9999 -9999 -9999 -9999 -9999 -9999 -9999 -9999 -9999 -9999 -9999 -9999 -9999 -9999 -9999 -9999 -9999 -9999 -9999 -9999 -9999 -9999 -9999 -9999 -9999
-9999 -9999 -9999 -9999 17.01 22.34 16.88 15.33 12.62 9.69 7.32 22.18 18.68 16.31 15.93 11.43 10.86 12.55 12.71 20.23 13.36 10.46 8.85 9.34 14.12 9.66 13.43 12.51 13.74 12.51 11.74 10.45 12.23 8.46 12.55 14.68 14.02 16.31 14.24 11.89 11.03 13.04 12.19 14.65 13.42 11.40 9.99 11.53 12.43 13.47 -9999 -9999 -9999 -9999 -9999 -9999 -9999 -9999 -9999 -9999 -9999 -9999 -9999 -9999 -9999 -9999 -9999 -9999 -9999 -9999 -9999 -9999 -9999 -9999 -9999 -9999 -9999
-9999 -9999 16.42 15.14 18.22 16.03 15.24 16.97 13.46 11.75 8.43 15.70 15.10 17.07 15.40 14.61 10.33 13.25 14.22 12.96 14.06 14.28 9.77 9.55 12.11 11.77 11.67 12.76 13.61 12.45 11.65 12.78 10.69 9.00 14.48 12.96 12.60 13.62 17.21 14.91 13.03 9.22 11.16 12.60 12.48 11.83 10.57 11.26 12.27 13.70 -9999 -9999 -9999 -9999 -9999 -9999 -9999 -9999 -9999 -9999 -9999 -9999 -9999 -9999 -9999 -9999 -9999 -9999 -9999 -9999 -9999 -9999 -9999 -9999 -9999 -9999 -9999
