ML/MeanWindSpeed_1996-03_Actual.txt
ncols         180
nrows         290
xllcorner     -200000
yllcorner     -200000
cellsize      5000
NODATA_value  -9999
[rows 140 to 174 of 290, columns 79 to 157 of 180]
-9999 -9999 14.06 -9999 -9999 -9999 12.75 13.01 11.31 11.07 12.18 -9999 -9999 13.27 11.32 13.98 15.14 -9999 -9999 -9999 -9999 -9999 10.32 9.08 6.59 6.57 5.63 6.31 6.49 7.56 8.34 6.52 9.09 11.66 12.38 8.83 10.80 11.64 12.08 9.01 9.60 9.57 7.71 4.58 4.02 4.53 1.71 2.39 5.17 7.89 -9999 -9999 -9999 -9999 -9999 -9999 -9999 -9999 -9999 -9999 -9999 -9999 -9999 -9999 -9999 -9999 -9999 -9999 -9999 -9999 -9999 -9999 -9999 -9999 -9999 -9999 -9999 -9999 -9999
-9999 -9999 13.95 13.75 -9999 -9999 -9999 12.88 13.54 12.99 13.29 -9999 -9999 -9999 -9999 13.53 -9999 -9999 -9999 -9999 -9999 -9999 9.00 8.49 7.94 8.45 8.24 7.89 7.39 7.72 7.34 7.13 7.83 11.28 12.25 7.09 13.19 12.55 13.68 9.47 9.29 11.08 7.82 5.40 4.25 2.44 1.13 2.44 5.12 8.09 -9999 -9999 -9999 -9999 -9999 -9999 -9999 -9999 -9999 -9999 -9999 -9999 -9999 -9999 -9999 -9999 -9999 -9999 -9999 -9999 -9999 -9999 -9999 -9999 -9999 -9999 -9999 -9999 -9999
-9999 -9999 -9999 15.50 -9999 -9999 -9999 -9999 13.29 14.39 13.95 -9999 -9999 -9999 -9999 -9999 -9999 -9999 -9999 -9999 -9999 9.37 8.81 9.73 10.34 10.65 11.55 10.70 9.46 9.03 8.09 8.29 7.68 9.48 16.26 14.94 13.36 12.79 9.68 8.42 8.48 6.21 3.82 5.98 5.84 2.21 1.78 3.42 5.80 9.08 11.43 -9999 -9999 -9999 -9999 -9999 -9999 -9999 -9999 -9999 -9999 -9999 -9999 -9999 -9999 -9999 -9999 -9999 -9999 -9999 -9999 -9999 -9999 -9999 -9999 -9999 -9999 -9999 -9999
-9999 -9999 -9999 16.85 -9999 -9999 -9999 -9999 -9999 -9999 -9999 -9999 -9999 -9999 -9999 -9999 -9999 -9999 -9999 -9999 -9999 8.45 7.50 7.77 8.12 8.35 16.86 12.54 10.06 11.79 7.97 9.31 5.63 7.11 14.07 17.75 12.27 9.74 14.79 16.89 14.56 10.90 8.67 3.77 4.22 3.66 4.86 4.62 6.40 10.05 11.85 12.31 -9999 -9999 -9999 -9999 -9999 -9999 -9999 -9999 -9999 -9999 -9999 -9999 -9999 -9999 -9999 -9999 -9999 -9999 -9999 -9999 -9999 -9999 -9999 -9999 -9999 -9999 -9999
-9999 -9999 -9999 -9999 -9999 -9999 -9999 -9999 -9999 -9999 -9999 -9999 -9999 -9999 -9999 -9999 -9999 -9999 -9999 -9999 7.21 6.50 6.20 6.78 11.77 7.27 21.93 19.22 9.21 9.60 7.35 6.56 7.30 5.48 7.98 18.28 16.29 12.90 10.86 9.73 12.31 11.41 9.64 7.00 5.37 4.87 4.70 5.27 7.76 9.13 9.83 10.70 -9999 -9999 -9999 -9999 -9999 -9999 -9999 -9999 -9999 -9999 -9999 -9999 -9999 -9999 -9999 -9999 -9999 -9999 -9999 -9999 -9999 -9999 -9999 -9999 -9999 -9999 -9999
-9999 -9999 -9999 -9999 -9999 -9999 -9999 -9999 -9999 -9999 -9999 -9999 -9999 -9999 -9999 -9999 -9999 -9999 -9999 -9999 5.54 6.48 4.56 8.40 18.74 11.17 7.55 13.33 13.38 9.14 7.34 6.52 6.24 5.59 6.58 9.24 18.89 14.53 12.19 9.49 9.21 9.14 7.07 6.67 6.43 7.40 5.90 7.42 7.53 8.51 8.57 9.01 9.54 9.73 9.61 -9999 -9999 -9999 -9999 -9999 -9999 -9999 -9999 -9999 -9999 -9999 -9999 -9999 -9999 -9999 -9999 -9999 -9999 -9999 -9999 -9999 -9999 -9999 -9999
-9999 -9999 -9999 -9999 -9999 -9999 -9999 -9999 -9999 -9999 -9999 -9999 -9999 -9999 -9999 -9999 -9999 -9999 -9999 -9999 5.48 5.26 5.79 11.69 8.32 9.38 11.32 16.32 11.27 7.48 10.82 4.43 7.55 6.30 6.45 6.42 10.00 11.82 10.89 9.66 8.79 6.17 6.42 5.96 5.66 5.68 6.41 6.70 7.56 7.45 7.68 7.97 11.18 8.75 9.72 10.35 9.89 -9999 -9999 -9999 -9999 -9999 -9999 -9999 -9999 -9999 -9999 -9999 -9999 -9999 -9999 -9999 -9999 -9999 -9999 -9999 -9999 -9999 -9999
-9999 -9999 -9999 -9999 -9999 -9999 -9999 -9999 -9999 -9999 -9999 -9999 -9999 -9999 -9999 -9999 -9999 -9999 -9999 -9999 5.66 5.80 8.01 15.85 18.34 13.50 9.51 11.71 12.32 13.74 6.98 10.73 8.45 7.06 7.25 7.00 5.01 5.50 10.81 9.95 8.77 7.78 6.76 6.28 6.57 6.78 6.40 6.88 6.95 6.65 7.35 7.39 7.99 10.63 9.76 9.51 10.80 10.67 8.40 -9999 -9999 -9999 -9999 -9999 -9999 -9999 -9999 -9999 -9999 -9999 -9999 -9999 -9999 -9999 -9999 -9999 -9999 -9999 -9999
-9999 -9999 -9999 -9999 -9999 -9999 -9999 -9999 -9999 -9999 -9999 -9999 -9999 -9999 -9999 -9999 -9999 -9999 -9999 -9999 6.32 5.73 9.69 12.21 7.24 21.33 17.82 10.07 12.80 9.37 13.14 13.66 8.82 6.38 7.12 7.63 4.97 13.75 12.09 11.77 12.30 12.56 11.35 7.35 8.73 7.46 7.11 7.11 6.99 6.85 6.42 5.65 6.35 9.09 7.57 6.79 7.68 9.34 7.24 10.71 -9999 -9999 -9999 -9999 -9999 -9999 -9999 -9999 -9999 -9999 -9999 -9999 -9999 -9999 -9999 -9999 -9999 -9999 -9999
-9999 -9999 -9999 -9999 -9999 -9999 -9999 -9999 12.96 13.84 15.26 -9999 -9999 -9999 -9999 -9999 -9999 -9999 -9999 -9999 -9999 7.79 7.24 5.79 8.36 11.09 15.15 8.33 5.39 11.49 10.48 9.21 7.57 9.58 9.57 7.54 7.82 11.28 11.44 15.70 14.15 11.31 10.48 11.01 9.11 7.78 7.42 7.09 7.29 6.62 5.79 10.90 9.67 13.27 13.57 11.92 10.49 7.12 10.23 10.67 9.63 -9999 -9999 -9999 -9999 -9999 -9999 -9999 -9999 -9999 -9999 -9999 -9999 -9999 -9999 -9999 -9999 -9999 -9999
-9999 -9999 -9999 -9999 -9999 -9999 -9999 -9999 9.26 10.48 -9999 -9999 -9999 -9999 -9999 -9999 -9999 -9999 -9999 -9999 -9999 -9999 7.43 4.06 9.03 9.98 19.09 9.66 9.92 8.95 6.66 5.80 6.18 5.82 15.23 7.59 8.39 14.15 11.41 8.01 7.29 12.59 7.77 11.02 8.68 7.37 6.90 6.98 6.88 7.56 9.97 10.99 10.11 9.70 9.07 10.30 11.42 10.45 10.40 9.75 12.33 -9999 -9999 -9999 -9999 -9999 -9999 -9999 -9999 -9999 -9999 -9999 -9999 -9999 -9999 -9999 -9999 -9999 -9999
-9999 -9999 -9999 -9999 -9999 -9999 -9999 9.48 11.89 11.87 12.42 -9999 -9999 -9999 -9999 -9999 -9999 -9999 -9999 -9999 -9999 -9999 8.10 9.34 10.40 10.79 8.07 10.30 7.84 7.45 6.59 5.60 7.73 6.04 3.75 14.01 8.87 7.72 12.05 9.69 12.96 9.45 9.68 7.88 7.69 7.24 7.31 6.67 6.63 8.34 9.64 8.27 9.29 10.68 10.28 10.87 10.54 10.60 10.61 8.54 11.98 10.61 -9999 -9999 -9999 -9999 -9999 -9999 -9999 -9999 -9999 -9999 -9999 -9999 -9999 -9999 -9999 -9999 -9999
-9999 -9999 -9999 -9999 -9999 -9999 9.47 13.76 15.01 18.88 11.96 -9999 -9999 -9999 -9999 -9999 -9999 -9999 -9999 -9999 -9999 -9999 9.23 13.90 10.60 5.49 7.62 7.38 8.13 6.19 5.52 6.53 8.08 5.25 12.20 8.19 12.01 8.26 13.62 6.99 8.54 6.05 8.80 6.94 7.42 7.82 6.63 6.69 6.46 6.97 10.49 10.66 9.83 8.57 9.00 8.70 8.92 9.24 10.91 10.54 9.75 10.61 -9999 -9999 -9999 -9999 -9999 -9999 -9999 -9999 -9999 -9999 -9999 -9999 -9999 -9999 -9999 -9999 -9999
-9999 -9999 -9999 -9999 -9999 12.17 10.84 18.16 13.91 13.39 -9999 -9999 -9999 -9999 -9999 -9999 -9999 -9999 -9999 -9999 -9999 -9999 -9999 8.99 6.74 5.76 8.90 6.22 8.81 6.81 6.17 5.87 7.44 5.79 12.76 12.03 13.29 12.19 13.05 13.09 12.93 10.57 9.76 9.95 9.03 6.90 6.78 6.87 6.71 6.78 7.58 12.59 10.70 7.52 6.95 7.12 6.91 6.96 6.74 6.93 6.64 7.80 9.88 10.89 -9999 -9999 -9999 -9999 -9999 -9999 -9999 -9999 -9999 -9999 -9999 -9999 -9999 -9999 -9999
-9999 -9999 -9999 -9999 -9999 15.72 17.23 12.20 11.98 12.32 -9999 -9999 -9999 -9999 -9999 -9999 -9999 -9999 -9999 -9999 -9999 -9999 -9999 -9999 7.56 7.99 7.42 6.53 8.15 7.58 7.46 6.63 7.75 5.48 12.50 11.37 10.43 12.76 10.96 10.27 15.46 14.74 9.77 11.66 9.97 9.22 7.22 7.01 6.91 6.72 7.05 7.99 8.26 7.30 7.15 6.95 6.90 6.41 6.13 6.29 6.60 10.17 10.70 10.42 -9999 -9999 -9999 -9999 -9999 -9999 -9999 -9999 -9999 -9999 -9999 -9999 -9999 -9999 -9999
-9999 -9999 -9999 -9999 -9999 16.70 14.71 15.15 13.62 -9999 -9999 -9999 -9999 -9999 -9999 -9999 -9999 -9999 -9999 -9999 -9999 -9999 -9999 -9999 8.79 8.79 8.29 -9999 8.48 -9999 7.82 6.10 4.95 3.98 4.43 11.26 10.91 11.19 15.20 7.37 8.44 14.98 12.11 10.78 10.53 9.04 7.66 7.36 7.33 6.89 7.02 7.26 8.22 9.40 7.92 8.51 7.16 6.01 7.30 8.98 8.57 8.05 8.29 10.39 12.60 13.28 -9999 -9999 -9999 -9999 -9999 -9999 -9999 -9999 -9999 -9999 -9999 -9999 -9999
-9999 -9999 -9999 -9999 16.05 14.78 14.28 -9999 -9999 -9999 -9999 -9999 -9999 -9999 -9999 -9999 -9999 -9999 -9999 -9999 -9999 -9999 -9999 -9999 10.18 9.14 8.32 -9999 -9999 -9999 7.88 7.98 3.75 4.64 6.43 5.78 6.52 8.89 13.90 13.87 7.38 12.23 13.97 9.97 11.45 9.99 8.68 6.72 7.03 6.82 6.91 7.07 7.44 7.91 7.86 8.38 6.81 7.08 8.59 9.95 10.50 10.34 9.30 9.13 10.46 11.94 -9999 -9999 -9999 -9999 -9999 -9999 -9999 -9999 -9999 -9999 -9999 -9999 -9999
-9999 -9999 -9999 -9999 -9999 -9999 -9999 -9999 -9999 -9999 -9999 -9999 -9999 -9999 -9999 -9999 -9999 -9999 -9999 -9999 -9999 -9999 -9999 -9999 -9999 -9999 -9999 -9999 -9999 9.20 7.47 6.75 8.23 9.12 9.97 10.11 8.63 9.33 12.79 12.36 9.96 7.35 11.06 12.33 10.14 8.91 7.99 7.36 7.26 7.54 7.01 6.89 7.09 7.18 7.27 6.98 8.13 11.05 9.12 10.18 9.47 9.62 8.48 9.12 10.19 -9999 -9999 -9999 -9999 -9999 -9999 -9999 -9999 -9999 -9999 -9999 -9999 -9999 -9999
-9999 -9999 -9999 -9999 -9999 -9999 -9999 -9999 -9999 -9999 -9999 -9999 -9999 -9999 -9999 -9999 -9999 -9999 -9999 -9999 -9999 -9999 -9999 -9999 -9999 -9999 -9999 -9999 -9999 8.73 7.51 8.74 11.00 14.16 12.62 8.74 10.34 7.07 8.02 7.26 9.38 10.29 10.89 10.99 10.59 8.98 8.46 8.07 7.25 7.56 6.98 6.99 7.15 7.29 7.34 7.08 7.93 12.43 11.25 9.23 9.03 8.85 8.51 9.14 10.41 -9999 -9999 -9999 -9999 -9999 -9999 -9999 -9999 -9999 -9999 -9999 -9999 -9999 -9999
-9999 -9999 -9999 -9999 -9999 -9999 -9999 -9999 -9999 -9999 -9999 -9999 -9999 -9999 -9999 -9999 -9999 -9999 -9999 -9999 -9999 -9999 -9999 -9999 -9999 -9999 -9999 -9999 -9999 7.87 6.85 7.21 10.15 11.40 10.76 9.60 8.64 7.23 8.24 6.83 6.54 7.94 6.10 11.00 9.38 10.42 8.76 8.37 7.02 6.93 7.25 7.26 7.36 7.30 7.37 7.42 7.55 10.09 10.93 9.68 9.05 9.16 8.82 9.13 9.91 -9999 -9999 -9999 -9999 -9999 -9999 -9999 -9999 -9999 -9999 -9999 -9999 -9999 -9999
-9999 -9999 -9999 -9999 -9999 -9999 -9999 -9999 -9999 -9999 -9999 -9999 -9999 -9999 -9999 -9999 -9999 -9999 -9999 -9999 -9999 -9999 -9999 -9999 -9999 -9999 -9999 10.43 8.71 7.15 6.72 9.71 11.42 14.68 10.48 12.41 6.25 7.56 7.39 8.10 8.67 8.62 11.05 7.11 7.45 7.42 7.42 6.87 7.92 7.02 7.19 7.68 7.35 7.31 7.47 7.41 7.69 8.34 10.49 9.61 8.88 9.03 9.05 8.80 8.99 10.07 -9999 -9999 -9999 -9999 -9999 -9999 -9999 -9999 -9999 -9999 -9999 -9999 -9999
-9999 -9999 -9999 -9999 -9999 -9999 -9999 -9999 -9999 -9999 -9999 -9999 -9999 -9999 -9999 -9999 -9999 -9999 -9999 -9999 -9999 -9999 -9999 -9999 -9999 -9999 -9999 9.69 7.80 6.85 6.57 7.26 10.71 7.83 7.76 6.08 7.67 11.22 8.09 9.03 8.31 9.83 5.78 10.65 8.24 9.75 9.53 9.56 8.06 7.56 7.30 7.27 7.27 7.36 7.39 7.48 7.63 8.01 8.94 10.16 9.32 9.03 9.21 8.48 8.05 9.39 -9999 -9999 -9999 -9999 -9999 -9999 -9999 -9999 -9999 -9999 -9999 -9999 -9999
-9999 -9999 -9999 -9999 -9999 -9999 -9999 -9999 -9999 -9999 -9999 -9999 -9999 -9999 -9999 -9999 -9999 -9999 -9999 -9999 -9999 -9999 -9999 -9999 -9999 -9999 -9999 9.77 7.74 7.13 6.83 7.23 7.87 7.88 6.85 5.74 7.25 7.92 7.18 8.94 11.51 8.47 7.83 6.44 8.72 6.81 7.72 8.68 9.14 8.02 7.73 7.26 7.22 7.37 7.43 7.50 7.69 8.06 8.71 10.05 10.77 9.59 9.03 8.24 7.47 8.31 9.79 -9999 -9999 -9999 -9999 -9999 -9999 -9999 -9999 -9999 -9999 -9999 -9999
-9999 -9999 -9999 -9999 -9999 -9999 -9999 -9999 -9999 -9999 -9999 -9999 -9999 -9999 -9999 -9999 -9999 -9999 -9999 -9999 -9999 -9999 -9999 -9999 -9999 -9999 -9999 9.43 7.89 7.44 7.42 7.21 6.98 6.23 6.84 8.07 5.64 6.05 7.08 12.35 12.11 13.04 11.30 8.89 8.45 8.97 7.39 6.91 8.31 8.73 7.60 7.21 7.30 7.20 7.38 7.56 7.86 8.13 8.52 10.40 11.71 10.21 9.41 8.64 7.53 7.51 8.87 10.27 -9999 -9999 -9999 -9999 -9999 -9999 -9999 -9999 -9999 -9999 -9999
-9999 -9999 -9999 -9999 -9999 -9999 -9999 -9999 -9999 -9999 -9999 -9999 -9999 -9999 -9999 -9999 -9999 -9999 -9999 -9999 -9999 -9999 -9999 -9999 -9999 -9999 -9999 9.34 7.61 7.21 7.08 6.82 6.30 6.49 5.81 7.56 8.53 10.49 11.87 12.92 9.20 10.98 9.41 9.37 7.66 8.95 8.28 7.58 6.95 6.80 7.15 7.05 7.25 7.33 7.50 7.63 7.97 8.33 8.61 9.18 10.42 9.89 9.19 8.84 8.36 7.85 7.91 9.47 -9999 -9999 -9999 -9999 -9999 -9999 -9999 -9999 -9999 -9999 -9999
-9999 -9999 -9999 -9999 -9999 -9999 -9999 -9999 -9999 -9999 -9999 -9999 -9999 -9999 -9999 -9999 -9999 -9999 -9999 -9999 -9999 -9999 -9999 -9999 -9999 -9999 -9999 -9999 7.57 7.20 6.90 6.44 7.11 9.07 9.02 10.27 9.34 8.88 11.16 10.43 11.00 9.45 7.13 5.69 6.38 6.10 7.76 7.08 6.92 7.62 7.41 6.88 7.31 7.25 7.45 7.51 7.83 8.24 8.56 8.96 8.99 9.11 9.06 9.06 -9999 8.61 8.87 9.76 11.46 -9999 -9999 -9999 -9999 -9999 -9999 -9999 -9999 -9999 -9999
-9999 -9999 -9999 -9999 -9999 -9999 -9999 -9999 -9999 -9999 -9999 -9999 -9999 -9999 -9999 -9999 -9999 -9999 -9999 -9999 -9999 -9999 -9999 -9999 -9999 -9999 -9999 9.03 7.41 6.95 6.30 6.23 6.96 11.38 11.91 9.93 13.26 12.56 10.53 9.60 13.23 9.95 9.71 6.96 4.80 7.06 5.95 5.66 6.79 7.13 6.70 7.04 6.97 7.05 7.19 7.46 7.53 7.76 9.51 8.83 8.27 9.70 8.64 8.49 8.51 -9999 9.65 10.45 11.80 12.85 -9999 -9999 -9999 -9999 -9999 -9999 -9999 -9999 -9999
-9999 -9999 -9999 -9999 -9999 -9999 -9999 -9999 -9999 -9999 -9999 -9999 -9999 -9999 -9999 -9999 -9999 -9999 -9999 -9999 -9999 -9999 -9999 -9999 -9999 -9999 -9999 8.80 7.26 6.90 6.34 8.28 7.66 9.03 12.37 8.95 9.52 10.04 8.22 7.86 11.17 9.06 8.25 4.63 6.61 7.80 5.55 7.09 6.60 7.56 7.35 7.01 6.79 6.87 7.00 7.10 7.12 7.18 7.46 8.09 7.26 7.65 8.24 7.31 8.07 8.71 -9999 -9999 -9999 -9999 -9999 -9999 -9999 -9999 -9999 -9999 -9999 -9999 -9999
-9999 -9999 -9999 -9999 -9999 -9999 -9999 -9999 -9999 -9999 -9999 -9999 -9999 -9999 -9999 -9999 -9999 -9999 -9999 -9999 -9999 -9999 -9999 -9999 -9999 -9999 10.53 8.21 7.16 7.99 7.45 7.76 7.64 8.99 9.40 8.88 8.73 8.48 8.29 8.64 11.09 12.51 11.40 5.64 8.12 7.47 5.17 5.97 5.49 6.71 7.21 6.68 6.51 6.95 6.98 6.96 7.13 7.02 7.19 7.31 7.33 7.31 8.72 7.62 7.41 7.79 9.18 10.70 -9999 -9999 -9999 -9999 -9999 -9999 -9999 -9999 -9999 -9999 -9999
-9999 -9999 -9999 -9999 -9999 -9999 -9999 -9999 -9999 -9999 -9999 -9999 -9999 -9999 -9999 -9999 -9999 -9999 -9999 -9999 -9999 -9999 -9999 -9999 -9999 -9999 -9999 8.42 7.24 7.30 7.68 9.84 7.79 7.75 7.88 8.48 8.92 8.49 8.32 8.27 8.05 11.24 10.98 11.07 7.77 7.92 7.06 6.25 7.21 5.40 5.75 6.99 6.50 6.77 6.77 6.75 7.04 6.96 7.01 7.26 7.04 6.91 7.06 9.29 7.75 7.23 7.74 8.98 10.39 11.80 -9999 -9999 -9999 -9999 -9999 -9999 -9999 -9999 -9999
-9999 -9999 -9999 -9999 -9999 -9999 -9999 -9999 -9999 -9999 -9999 -9999 -9999 -9999 -9999 -9999 -9999 -9999 -9999 -9999 -9999 -9999 -9999 -9999 -9999 -9999 -9999 8.41 7.78 7.37 7.62 7.93 8.15 7.89 7.48 7.79 7.58 7.46 7.69 7.86 8.37 6.94 10.64 12.76 12.95 9.56 7.66 7.28 6.09 6.86 6.07 7.53 6.72 6.91 6.75 6.70 6.80 6.92 7.24 7.17 6.94 6.78 7.36 9.45 8.40 8.29 7.11 7.52 8.82 10.39 -9999 -9999 -9999 -9999 -9999 -9999 -9999 -9999 -9999
-9999 -9999 -9999 -9999 -9999 -9999 -9999 10.81 9.71 10.18 11.63 -9999 -9999 -9999 -9999 -9999 -9999 -9999 -9999 -9999 -9999 -9999 -9999 -9999 -9999 -9999 8.93 7.87 8.48 7.82 8.74 8.20 7.51 7.35 7.52 7.48 7.60 7.50 7.65 7.48 7.34 10.13 11.71 11.12 8.16 10.84 9.20 5.88 6.32 4.82 8.15 8.28 7.00 7.02 6.82 6.69 6.78 6.97 7.15 7.41 7.11 6.70 7.00 7.58 9.38 8.78 9.07 7.22 7.39 9.05 10.82 -9999 -9999 -9999 -9999 -9999 -9999 -9999 -9999
-9999 -9999 -9999 -9999 -9999 -9999 -9999 10.06 8.93 8.63 9.40 -9999 -9999 -9999 -9999 -9999 -9999 -9999 -9999 -9999 -9999 -9999 -9999 -9999 -9999 8.99 8.83 7.98 8.41 9.58 8.14 8.00 7.14 7.26 7.65 7.58 7.82 7.95 7.28 6.77 6.39 7.68 13.37 12.96 8.02 9.31 8.30 8.02 5.35 4.95 7.10 7.94 7.27 6.49 6.52 6.63 7.17 7.14 7.06 7.09 7.39 6.90 7.16 7.41 9.27 9.00 8.59 7.38 7.38 8.04 9.95 -9999 -9999 -9999 -9999 -9999 -9999 -9999 -9999
-9999 -9999 -9999 -9999 -9999 13.34 9.86 8.07 8.30 7.99 9.25 9.04 10.56 11.42 -9999 -9999 11.47 9.29 -9999 -9999 -9999 8.53 9.57 8.28 -9999 6.61 9.18 8.43 7.98 8.61 7.99 8.06 8.10 8.92 8.58 8.67 7.67 8.17 7.47 7.02 10.06 6.34 8.40 11.27 5.57 7.24 12.07 5.89 8.36 6.31 6.98 7.38 7.00 6.84 6.85 6.77 7.19 6.86 7.05 6.82 7.55 6.84 7.05 7.47 8.08 8.75 9.44 8.72 7.55 7.42 9.07 11.07 -9999 -9999 -9999 -9999 -9999 -9999 -9999
-9999 -9999 -9999 -9999 -9999 -9999 10.32 8.63 7.83 7.45 7.91 9.16 10.78 7.62 -9999 5.83 8.94 9.86 8.01 9.01 5.91 5.73 10.53 9.57 7.65 -9999 6.67 8.72 8.75 8.03 7.85 8.34 7.53 7.67 7.90 7.90 8.17 7.97 8.54 7.71 10.45 10.28 9.64 9.81 8.78 10.84 10.35 7.98 6.18 5.96 7.85 8.03 6.67 7.33 6.80 7.22 7.46 6.98 6.98 6.75 7.55 6.91 7.14 7.54 7.62 8.45 8.99 9.56 8.55 7.74 8.45 10.33 -9999 -9999 -9999 -9999 -9999 -9999 -9999
