ML/MeanWindSpeed_1994-04_Actual.txt
ncols         180
nrows         290
xllcorner     -200000
yllcorner     -200000
cellsize      5000
NODATA_value  -9999
[rows 136 to 169 of 290, columns 78 to 155 of 180]
-9999 13.66 11.62 9.17 11.98 10.43 12.09 10.22 8.91 7.27 7.09 9.04 14.72 11.59 10.57 8.32 8.11 8.30 7.73 8.62 9.88 8.04 9.14 8.24 8.73 8.60 8.79 8.80 8.67 8.22 8.27 8.90 7.93 7.34 8.90 9.46 10.08 10.84 10.71 7.36 8.34 11.20 10.15 8.54 8.66 8.18 8.40 7.67 8.79 10.23 -9999 -9999 -9999 -9999 -9999 -9999 -9999 -9999 -9999 -9999 -9999 -9999 -9999 -9999 -9999 -9999 -9999 -9999 -9999 -9999 -9999 -9999 -9999 -9999 -9999 -9999 -9999 -9999
-9999 13.81 11.85 8.32 11.27 9.13 10.32 9.62 9.03 8.45 6.72 10.76 10.88 10.12 12.28 8.99 8.17 7.96 6.26 8.98 13.83 9.99 -9999 -9999 -9999 9.08 8.92 -9999 8.54 8.63 8.72 7.92 7.17 8.76 10.69 9.20 9.55 11.06 10.37 11.70 11.10 8.53 7.30 7.54 8.06 8.75 6.42 7.06 7.81 9.97 -9999 -9999 -9999 -9999 -9999 -9999 -9999 -9999 -9999 -9999 -9999 -9999 -9999 -9999 -9999 -9999 -9999 -9999 -9999 -9999 -9999 -9999 -9999 -9999 -9999 -9999 -9999 -9999
-9999 12.43 14.18 9.99 9.63 10.14 11.00 10.48 9.60 8.61 7.58 8.57 14.58 11.00 11.60 8.50 8.39 10.28 7.20 8.80 10.36 10.92 -9999 -9999 -9999 9.33 8.59 8.85 9.09 8.57 8.10 6.71 8.03 11.57 12.53 10.09 13.52 10.51 10.42 13.27 10.19 10.71 10.61 10.24 7.71 8.84 10.07 8.13 7.45 9.54 -9999 -9999 -9999 -9999 -9999 -9999 -9999 -9999 -9999 -9999 -9999 -9999 -9999 -9999 -9999 -9999 -9999 -9999 -9999 -9999 -9999 -9999 -9999 -9999 -9999 -9999 -9999 -9999
-9999 -9999 13.50 13.20 10.94 -9999 12.06 11.90 10.48 9.58 8.80 -9999 11.20 9.59 10.35 8.00 9.68 10.75 9.70 10.43 -9999 -9999 -9999 -9999 10.51 8.75 8.25 8.62 9.47 9.46 8.24 7.17 7.09 11.81 16.95 9.86 15.10 11.47 13.46 14.57 11.62 13.06 10.96 8.90 10.45 10.47 8.70 6.17 7.32 10.26 10.81 -9999 -9999 -9999 -9999 -9999 -9999 -9999 -9999 -9999 -9999 -9999 -9999 -9999 -9999 -9999 -9999 -9999 -9999 -9999 -9999 -9999 -9999 -9999 -9999 -9999 -9999 -9999
-9999 -9999 -9999 13.91 -9999 -9999 -9999 11.89 11.94 10.36 10.34 11.36 -9999 -9999 11.59 9.54 12.43 13.82 -9999 -9999 -9999 -9999 -9999 11.55 10.32 7.80 8.34 8.79 9.84 9.35 9.91 9.44 6.54 9.25 13.82 16.51 13.31 15.42 16.30 16.43 13.31 13.77 13.85 12.13 9.51 9.38 9.38 6.14 7.33 10.26 12.12 -9999 -9999 -9999 -9999 -9999 -9999 -9999 -9999 -9999 -9999 -9999 -9999 -9999 -9999 -9999 -9999 -9999 -9999 -9999 -9999 -9999 -9999 -9999 -9999 -9999 -9999 -9999
-9999 -9999 -9999 13.90 13.73 -9999 -9999 -9999 11.96 12.47 12.02 12.44 -9999 -9999 -9999 -9999 12.52 -9999 -9999 -9999 -9999 -9999 -9999 10.15 9.02 7.97 9.19 11.41 11.78 10.34 10.27 9.07 7.49 7.67 12.14 15.19 11.97 18.00 17.07 18.19 14.44 14.44 15.76 12.34 10.13 9.25 7.32 5.86 7.32 9.96 11.86 -9999 -9999 -9999 -9999 -9999 -9999 -9999 -9999 -9999 -9999 -9999 -9999 -9999 -9999 -9999 -9999 -9999 -9999 -9999 -9999 -9999 -9999 -9999 -9999 -9999 -9999 -9999
-9999 -9999 -9999 -9999 15.21 -9999 -9999 -9999 -9999 12.46 13.57 13.21 -9999 -9999 -9999 -9999 -9999 -9999 -9999 -9999 -9999 -9999 11.35 9.87 9.74 9.82 10.22 12.59 12.59 11.51 11.26 10.09 9.19 7.15 9.04 16.88 18.39 18.33 17.62 14.34 12.95 13.33 11.33 8.72 10.94 10.81 7.16 6.42 7.87 9.76 11.60 12.87 -9999 -9999 -9999 -9999 -9999 -9999 -9999 -9999 -9999 -9999 -9999 -9999 -9999 -9999 -9999 -9999 -9999 -9999 -9999 -9999 -9999 -9999 -9999 -9999 -9999 -9999
-9999 -9999 -9999 -9999 16.58 -9999 -9999 -9999 -9999 -9999 -9999 -9999 -9999 -9999 -9999 -9999 -9999 -9999 -9999 -9999 -9999 -9999 11.80 9.71 8.36 7.64 6.73 15.37 13.42 12.21 13.88 10.69 11.51 6.17 6.43 13.71 19.45 16.61 14.71 19.02 20.63 18.43 15.38 13.34 8.38 8.82 8.36 9.20 8.56 9.33 11.47 12.66 13.31 -9999 -9999 -9999 -9999 -9999 -9999 -9999 -9999 -9999 -9999 -9999 -9999 -9999 -9999 -9999 -9999 -9999 -9999 -9999 -9999 -9999 -9999 -9999 -9999 -9999
-9999 -9999 -9999 -9999 -9999 -9999 -9999 -9999 -9999 -9999 -9999 -9999 -9999 -9999 -9999 -9999 -9999 -9999 -9999 -9999 -9999 12.25 11.05 9.17 7.99 11.79 6.52 21.17 20.97 12.00 12.52 11.31 9.84 9.66 6.29 8.11 18.90 19.03 17.00 15.21 13.84 16.19 15.17 13.44 10.79 9.26 8.79 8.37 8.53 9.95 10.17 10.58 11.90 -9999 -9999 -9999 -9999 -9999 -9999 -9999 -9999 -9999 -9999 -9999 -9999 -9999 -9999 -9999 -9999 -9999 -9999 -9999 -9999 -9999 -9999 -9999 -9999 -9999
-9999 -9999 -9999 -9999 -9999 -9999 -9999 -9999 -9999 -9999 -9999 -9999 -9999 -9999 -9999 -9999 -9999 -9999 -9999 -9999 -9999 11.00 11.56 8.36 11.27 20.26 11.51 8.06 15.19 16.00 13.01 12.43 10.91 9.91 8.31 8.49 10.86 20.80 18.23 17.25 14.59 14.09 13.68 11.07 10.34 10.07 10.77 8.95 10.02 9.40 9.67 9.49 10.22 11.62 12.88 13.17 -9999 -9999 -9999 -9999 -9999 -9999 -9999 -9999 -9999 -9999 -9999 -9999 -9999 -9999 -9999 -9999 -9999 -9999 -9999 -9999 -9999 -9999
-9999 -9999 -9999 -9999 -9999 -9999 -9999 -9999 -9999 -9999 -9999 -9999 -9999 -9999 -9999 -9999 -9999 -9999 -9999 -9999 -9999 10.74 10.12 9.65 14.34 10.29 10.22 11.88 16.29 12.33 11.15 15.38 9.16 11.33 9.66 9.76 9.56 13.43 16.70 16.71 15.65 14.72 12.06 11.67 10.50 9.52 9.04 9.22 9.13 9.48 8.81 8.63 8.96 12.91 11.65 12.97 13.92 13.61 -9999 -9999 -9999 -9999 -9999 -9999 -9999 -9999 -9999 -9999 -9999 -9999 -9999 -9999 -9999 -9999 -9999 -9999 -9999 -9999
-9999 -9999 -9999 -9999 -9999 -9999 -9999 -9999 -9999 -9999 -9999 -9999 -9999 -9999 -9999 -9999 -9999 -9999 -9999 -9999 -9999 10.72 9.62 10.61 17.21 19.26 14.69 10.22 10.97 11.71 15.11 9.81 13.91 11.56 10.69 11.89 11.39 9.69 11.17 16.30 15.78 14.51 13.25 11.92 10.99 10.53 10.03 9.23 9.43 9.13 8.51 9.11 9.31 10.62 13.96 13.19 13.23 14.48 14.41 12.65 -9999 -9999 -9999 -9999 -9999 -9999 -9999 -9999 -9999 -9999 -9999 -9999 -9999 -9999 -9999 -9999 -9999 -9999
-9999 -9999 -9999 -9999 -9999 -9999 -9999 -9999 -9999 -9999 -9999 -9999 -9999 -9999 -9999 -9999 -9999 -9999 -9999 -9999 -9999 11.49 9.34 11.50 13.66 9.27 23.90 19.75 10.50 12.61 9.86 14.68 15.45 11.17 9.88 11.28 11.69 9.53 18.68 17.08 16.62 17.29 17.41 16.00 11.73 12.70 10.69 9.93 9.74 9.48 9.36 9.34 8.67 9.59 12.60 11.15 10.57 11.25 12.88 11.41 14.83 -9999 -9999 -9999 -9999 -9999 -9999 -9999 -9999 -9999 -9999 -9999 -9999 -9999 -9999 -9999 -9999 -9999
-9999 -9999 -9999 -9999 -9999 -9999 -9999 -9999 -9999 13.43 13.93 14.24 -9999 -9999 -9999 -9999 -9999 -9999 -9999 -9999 -9999 -9999 11.19 9.52 8.74 11.81 14.18 17.90 10.12 6.63 12.46 11.68 10.57 9.31 11.62 12.03 10.65 11.93 15.20 15.70 20.13 18.64 15.81 14.74 15.20 13.05 11.18 10.38 9.84 9.70 8.94 8.71 13.72 12.29 15.95 16.20 14.55 13.01 9.97 13.63 14.31 13.15 -9999 -9999 -9999 -9999 -9999 -9999 -9999 -9999 -9999 -9999 -9999 -9999 -9999 -9999 -9999 -9999
-9999 -9999 -9999 -9999 -9999 -9999 -9999 -9999 -9999 12.34 12.25 -9999 -9999 -9999 -9999 -9999 -9999 -9999 -9999 -9999 -9999 -9999 -9999 9.66 7.37 12.26 12.72 21.88 11.78 11.79 10.74 7.93 6.93 7.61 7.57 17.48 10.53 12.28 18.52 15.47 12.26 11.48 16.74 12.12 15.33 12.75 11.10 10.20 9.84 8.99 9.36 12.37 13.70 12.44 11.73 10.73 11.84 12.92 12.42 13.17 13.05 15.53 -9999 -9999 -9999 -9999 -9999 -9999 -9999 -9999 -9999 -9999 -9999 -9999 -9999 -9999 -9999 -9999
-9999 -9999 -9999 -9999 -9999 -9999 -9999 -9999 11.20 14.49 13.86 12.97 -9999 -9999 -9999 -9999 -9999 -9999 -9999 -9999 -9999 -9999 -9999 10.07 12.25 12.98 13.91 11.40 12.45 10.01 9.21 7.68 7.11 9.46 7.91 7.30 18.08 13.20 12.61 17.18 14.98 18.44 14.88 15.36 13.36 12.40 11.44 11.00 9.82 8.79 9.90 11.72 11.08 12.10 12.82 11.81 12.10 11.61 11.99 12.60 10.98 14.53 13.53 -9999 -9999 -9999 -9999 -9999 -9999 -9999 -9999 -9999 -9999 -9999 -9999 -9999 -9999 -9999
-9999 -9999 -9999 -9999 -9999 -9999 -9999 9.86 14.14 15.91 19.99 12.94 -9999 -9999 -9999 -9999 -9999 -9999 -9999 -9999 -9999 -9999 -9999 11.74 16.72 13.15 8.76 10.72 9.43 10.14 7.86 6.72 7.90 9.28 6.62 14.75 12.08 16.08 12.94 18.98 12.58 14.48 12.34 14.78 12.73 12.72 12.35 10.58 10.12 8.66 8.35 12.27 13.20 12.90 11.26 11.05 10.38 10.19 10.53 12.66 12.85 12.53 13.82 -9999 -9999 -9999 -9999 -9999 -9999 -9999 -9999 -9999 -9999 -9999 -9999 -9999 -9999 -9999
-9999 -9999 -9999 -9999 -9999 -9999 11.73 10.45 18.17 14.81 14.52 -9999 -9999 -9999 -9999 -9999 -9999 -9999 -9999 -9999 -9999 -9999 -9999 -9999 12.08 9.45 8.73 11.39 8.27 10.77 8.41 7.52 7.28 7.88 6.12 13.96 14.57 16.35 16.02 17.65 17.46 17.56 16.40 15.42 15.31 14.43 11.51 10.61 9.85 8.50 8.08 9.20 14.89 13.58 10.45 9.55 9.44 8.89 9.05 9.46 9.91 9.73 11.09 13.21 14.50 -9999 -9999 -9999 -9999 -9999 -9999 -9999 -9999 -9999 -9999 -9999 -9999 -9999
-9999 -9999 -9999 -9999 -9999 -9999 14.28 15.71 11.46 12.43 13.33 -9999 -9999 -9999 -9999 -9999 -9999 -9999 -9999 -9999 -9999 -9999 -9999 -9999 -9999 10.28 10.63 9.75 8.64 10.21 9.31 9.15 8.52 9.15 6.57 14.19 13.33 12.36 15.92 15.09 13.93 18.96 19.12 14.96 16.57 14.68 13.50 10.55 9.40 8.85 8.38 8.67 10.02 10.58 9.72 9.58 9.36 9.25 9.03 9.23 9.33 9.56 13.10 13.64 13.60 -9999 -9999 -9999 -9999 -9999 -9999 -9999 -9999 -9999 -9999 -9999 -9999 -9999
-9999 -9999 -9999 -9999 -9999 -9999 15.24 13.41 14.18 13.33 -9999 -9999 -9999 -9999 -9999 -9999 -9999 -9999 -9999 -9999 -9999 -9999 -9999 -9999 -9999 11.56 11.36 10.65 -9999 10.70 -9999 9.87 8.96 8.54 7.37 8.07 14.28 12.86 13.92 18.52 10.19 11.59 18.49 16.40 15.58 14.70 12.71 10.61 9.72 9.42 8.86 8.78 9.13 10.18 11.32 9.92 10.54 9.44 8.91 10.28 11.72 11.29 10.62 10.74 13.08 15.61 16.62 -9999 -9999 -9999 -9999 -9999 -9999 -9999 -9999 -9999 -9999 -9999
-9999 -9999 -9999 -9999 -9999 15.26 13.95 13.45 -9999 -9999 -9999 -9999 -9999 -9999 -9999 -9999 -9999 -9999 -9999 -9999 -9999 -9999 -9999 -9999 -9999 12.98 11.75 10.71 -9999 -9999 -9999 9.72 10.75 7.67 9.10 10.84 9.16 8.66 10.99 16.33 16.01 10.23 15.69 17.71 14.47 15.40 13.55 11.72 9.27 9.28 8.95 8.87 8.98 9.29 9.65 9.56 9.94 8.69 9.98 11.56 12.53 12.92 12.72 11.70 11.82 13.54 15.37 -9999 -9999 -9999 -9999 -9999 -9999 -9999 -9999 -9999 -9999 -9999
-9999 -9999 -9999 -9999 -9999 -9999 -9999 -9999 -9999 -9999 -9999 -9999 -9999 -9999 -9999 -9999 -9999 -9999 -9999 -9999 -9999 -9999 -9999 -9999 -9999 -9999 -9999 -9999 -9999 -9999 10.64 8.32 8.34 10.95 12.39 13.14 13.00 10.91 11.48 15.07 14.67 12.39 10.38 14.42 16.10 13.99 12.62 11.26 10.02 9.55 9.64 8.98 8.73 8.78 8.76 8.62 8.04 9.53 13.46 12.10 13.00 12.04 12.08 11.03 12.04 13.49 -9999 -9999 -9999 -9999 -9999 -9999 -9999 -9999 -9999 -9999 -9999 -9999
-9999 -9999 -9999 -9999 -9999 -9999 -9999 -9999 -9999 -9999 -9999 -9999 -9999 -9999 -9999 -9999 -9999 -9999 -9999 -9999 -9999 -9999 -9999 -9999 -9999 -9999 -9999 -9999 -9999 -9999 9.87 7.91 9.76 13.69 16.88 15.16 11.59 12.80 10.01 10.85 10.21 12.17 12.91 14.19 14.50 13.69 12.08 11.19 10.49 9.48 9.50 8.59 8.35 8.32 8.45 8.38 7.84 9.01 14.36 14.06 12.21 11.70 11.36 11.02 12.05 13.82 -9999 -9999 -9999 -9999 -9999 -9999 -9999 -9999 -9999 -9999 -9999 -9999
-9999 -9999 -9999 -9999 -9999 -9999 -9999 -9999 -9999 -9999 -9999 -9999 -9999 -9999 -9999 -9999 -9999 -9999 -9999 -9999 -9999 -9999 -9999 -9999 -9999 -9999 -9999 -9999 -9999 -9999 9.00 7.21 8.04 12.17 13.87 13.26 11.97 11.73 11.07 11.66 10.37 10.42 11.05 9.39 14.29 12.19 13.16 11.43 10.84 9.15 8.46 8.09 7.75 7.80 7.94 8.18 8.20 8.61 11.82 13.49 12.77 11.92 11.65 11.23 11.94 13.32 -9999 -9999 -9999 -9999 -9999 -9999 -9999 -9999 -9999 -9999 -9999 -9999
-9999 -9999 -9999 -9999 -9999 -9999 -9999 -9999 -9999 -9999 -9999 -9999 -9999 -9999 -9999 -9999 -9999 -9999 -9999 -9999 -9999 -9999 -9999 -9999 -9999 -9999 -9999 -9999 12.47 10.48 8.22 6.98 10.45 13.12 16.69 12.76 14.41 9.10 10.50 10.47 12.27 13.21 12.52 14.40 10.17 10.23 10.08 9.72 8.93 9.50 7.91 7.36 7.48 7.21 7.47 8.03 8.31 8.91 10.11 12.90 12.81 12.04 11.60 11.38 11.49 12.38 13.92 -9999 -9999 -9999 -9999 -9999 -9999 -9999 -9999 -9999 -9999 -9999
-9999 -9999 -9999 -9999 -9999 -9999 -9999 -9999 -9999 -9999 -9999 -9999 -9999 -9999 -9999 -9999 -9999 -9999 -9999 -9999 -9999 -9999 -9999 -9999 -9999 -9999 -9999 -9999 11.59 9.48 8.20 7.54 8.38 12.27 9.99 9.85 7.93 9.95 13.65 11.15 13.53 12.87 14.20 10.02 14.10 11.19 12.22 11.21 10.74 8.89 7.98 7.23 6.89 6.92 7.26 7.76 8.42 8.96 9.68 11.12 13.10 12.55 11.66 11.52 11.08 11.36 13.10 -9999 -9999 -9999 -9999 -9999 -9999 -9999 -9999 -9999 -9999 -9999
-9999 -9999 -9999 -9999 -9999 -9999 -9999 -9999 -9999 -9999 -9999 -9999 -9999 -9999 -9999 -9999 -9999 -9999 -9999 -9999 -9999 -9999 -9999 -9999 -9999 -9999 -9999 -9999 11.58 9.31 8.53 8.09 8.66 9.77 10.37 9.34 8.44 10.41 11.05 10.48 12.70 15.31 12.43 11.69 9.81 11.52 9.23 9.54 9.75 9.54 8.11 7.52 6.88 6.86 7.23 7.75 8.44 9.10 9.60 10.56 12.47 13.48 12.09 11.37 10.89 10.61 11.81 13.60 -9999 -9999 -9999 -9999 -9999 -9999 -9999 -9999 -9999 -9999
-9999 -9999 -9999 -9999 -9999 -9999 -9999 -9999 -9999 -9999 -9999 -9999 -9999 -9999 -9999 -9999 -9999 -9999 -9999 -9999 -9999 -9999 -9999 -9999 -9999 -9999 -9999 -9999 11.26 9.50 8.96 8.93 8.84 8.98 9.17 10.18 11.51 8.96 9.15 10.57 15.63 15.59 16.42 14.33 11.67 10.98 11.27 9.29 8.11 8.88 9.00 7.59 6.97 7.05 7.21 7.87 8.67 9.45 9.85 10.48 12.78 14.30 12.93 12.10 11.52 10.67 10.82 12.44 14.14 -9999 -9999 -9999 -9999 -9999 -9999 -9999 -9999 -9999
-9999 -9999 -9999 -9999 -9999 -9999 -9999 -9999 -9999 -9999 -9999 -9999 -9999 -9999 -9999 -9999 -9999 -9999 -9999 -9999 -9999 -9999 -9999 -9999 -9999 -9999 -9999 -9999 11.31 9.33 8.85 8.62 8.36 8.08 9.37 9.27 10.37 11.00 13.30 15.02 16.12 13.47 15.31 13.08 12.38 10.37 11.69 10.58 9.19 8.11 7.62 7.58 7.20 7.33 7.72 8.40 9.06 9.83 10.43 11.03 11.96 13.34 13.08 12.32 11.97 11.57 11.09 11.23 13.04 -9999 -9999 -9999 -9999 -9999 -9999 -9999 -9999 -9999
-9999 -9999 -9999 -9999 -9999 -9999 -9999 -9999 -9999 -9999 -9999 -9999 -9999 -9999 -9999 -9999 -9999 -9999 -9999 -9999 -9999 -9999 -9999 -9999 -9999 -9999 -9999 -9999 -9999 9.43 9.00 8.54 7.88 8.48 10.99 11.34 12.03 10.67 10.55 13.15 13.27 15.45 14.60 11.96 9.67 10.11 9.85 10.84 9.40 8.74 9.11 8.53 7.74 8.08 8.37 8.97 9.37 9.91 10.56 11.23 11.86 11.90 12.22 12.38 12.40 -9999 11.91 12.24 13.27 15.18 -9999 -9999 -9999 -9999 -9999 -9999 -9999 -9999
-9999 -9999 -9999 -9999 -9999 -9999 -9999 -9999 -9999 -9999 -9999 -9999 -9999 -9999 -9999 -9999 -9999 -9999 -9999 -9999 -9999 -9999 -9999 -9999 -9999 -9999 -9999 -9999 11.08 9.37 8.93 8.16 7.52 7.69 12.47 13.41 11.19 14.27 13.85 11.84 11.86 16.83 15.12 15.56 12.06 9.79 11.76 9.78 8.76 9.24 9.21 8.72 8.88 8.69 9.00 9.34 9.74 9.84 10.15 12.10 11.62 11.08 12.59 11.88 12.10 12.07 -9999 13.16 14.06 15.58 16.75 -9999 -9999 -9999 -9999 -9999 -9999 -9999
-9999 -9999 -9999 -9999 -9999 -9999 -9999 -9999 -9999 -9999 -9999 -9999 -9999 -9999 -9999 -9999 -9999 -9999 -9999 -9999 -9999 -9999 -9999 -9999 -9999 -9999 -9999 -9999 10.73 9.03 8.67 8.14 9.75 8.65 10.15 13.70 10.36 10.82 11.28 9.22 9.39 14.12 14.18 14.35 10.75 12.66 13.30 10.42 11.20 9.93 10.30 9.99 9.63 9.28 9.44 9.61 9.73 9.67 9.72 10.18 10.91 10.03 10.42 11.32 11.01 11.97 12.43 -9999 -9999 -9999 -9999 -9999 -9999 -9999 -9999 -9999 -9999 -9999
-9999 -9999 -9999 -9999 -9999 -9999 -9999 -9999 -9999 -9999 -9999 -9999 -9999 -9999 -9999 -9999 -9999 -9999 -9999 -9999 -9999 -9999 -9999 -9999 -9999 -9999 -9999 12.58 9.95 8.70 9.53 9.14 9.33 8.92 10.25 10.67 10.04 9.74 9.28 9.05 9.50 12.89 16.22 16.86 12.45 15.11 14.18 11.05 10.97 9.60 10.07 10.42 9.95 9.50 9.83 9.82 9.76 9.89 9.72 10.09 10.43 10.28 10.10 11.78 11.42 11.42 11.71 13.00 14.33 -9999 -9999 -9999 -9999 -9999 -9999 -9999 -9999 -9999
-9999 -9999 -9999 -9999 -9999 -9999 -9999 -9999 -9999 -9999 -9999 -9999 -9999 -9999 -9999 -9999 -9999 -9999 -9999 -9999 -9999 -9999 -9999 -9999 -9999 -9999 -9999 -9999 10.18 8.84 8.81 9.36 11.45 9.13 9.00 9.07 9.52 9.82 9.21 8.87 8.73 9.42 14.24 16.47 17.79 14.73 15.03 13.32 11.65 11.60 9.19 9.53 10.74 9.75 9.76 9.68 9.71 9.97 9.84 10.09 10.66 10.31 9.78 10.03 12.82 11.74 11.32 11.71 12.58 13.89 15.46 -9999 -9999 -9999 -9999 -9999 -9999 -9999
