ML/MeanWindSpeed_2000-04_Actual.txt
ncols         180
nrows         290
xllcorner     -200000
yllcorner     -200000
cellsize      5000
NODATA_value  -9999
[rows 175 to 209 of 290, columns 79 to 157 of 180]
-9999 -9999 -9999 -9999 -9999 -9999 -9999 10.90 10.34 9.73 9.27 8.78 6.85 5.78 10.10 14.70 7.86 9.25 8.25 7.48 6.11 4.34 4.85 6.77 8.31 7.27 6.15 6.69 7.46 6.97 7.20 8.19 7.77 7.64 7.43 7.52 7.45 7.01 6.46 6.17 9.58 10.05 8.83 9.22 7.74 7.61 8.85 8.81 7.50 7.35 8.17 7.82 7.54 8.04 7.85 8.61 8.29 8.24 8.07 8.10 8.97 8.28 8.23 8.33 8.22 8.63 9.11 9.29 9.64 10.04 9.29 10.41 11.74 -9999 -9999 -9999 -9999 -9999 -9999
-9999 -9999 -9999 -9999 -9999 -9999 -9999 -9999 11.61 9.87 8.45 6.70 5.41 6.94 17.30 12.78 6.94 9.96 5.88 7.63 7.40 4.83 3.80 8.76 7.36 7.86 7.14 6.48 6.78 6.80 6.36 7.25 7.81 7.77 7.56 7.27 7.28 6.74 6.05 7.13 8.21 10.58 9.14 9.94 9.06 6.22 8.17 9.58 7.55 7.61 8.01 7.53 7.52 7.79 7.87 8.70 8.22 8.12 8.24 8.14 8.68 8.61 8.38 8.37 8.34 8.53 9.13 10.12 9.56 9.22 9.31 10.24 11.60 -9999 -9999 -9999 -9999 -9999 -9999
-9999 -9999 -9999 -9999 -9999 -9999 -9999 -9999 -9999 9.65 7.39 6.73 7.68 15.15 17.77 13.01 9.76 8.86 8.29 8.57 8.64 8.13 5.40 5.36 9.16 7.34 7.04 7.08 6.66 6.63 6.64 6.88 7.45 7.37 7.12 7.17 6.93 6.53 6.51 7.07 8.72 9.45 7.90 8.35 9.50 7.98 6.46 9.47 7.61 7.55 7.92 7.41 7.51 7.58 8.13 8.72 8.30 8.19 8.18 7.92 8.97 8.67 8.49 8.51 8.54 8.89 9.05 9.28 9.19 9.21 9.47 10.59 11.80 -9999 -9999 -9999 -9999 -9999 -9999
-9999 -9999 -9999 -9999 -9999 -9999 -9999 -9999 -9999 8.63 7.35 8.62 10.83 13.10 15.91 10.52 7.40 8.47 9.46 9.17 9.79 8.67 6.19 4.53 9.18 8.95 7.67 7.64 6.61 6.44 6.71 7.52 7.50 7.39 7.19 6.68 6.27 6.46 7.84 7.60 6.60 9.93 8.10 8.59 9.88 9.64 8.24 7.75 7.24 6.45 7.49 8.01 7.44 7.53 7.67 8.22 8.11 8.36 8.15 7.97 8.37 8.92 8.76 8.85 8.80 8.95 9.05 9.10 9.20 9.61 10.31 11.34 -9999 -9999 -9999 -9999 -9999 -9999 -9999
-9999 -9999 -9999 -9999 -9999 -9999 -9999 -9999 -9999 7.83 8.01 9.36 9.90 13.82 12.85 9.73 9.34 7.52 8.13 9.71 8.80 10.55 8.00 4.92 8.42 9.65 9.54 7.67 6.96 6.31 7.00 7.96 7.88 7.39 6.90 6.43 6.50 7.44 7.77 6.62 6.54 8.86 8.77 8.62 8.64 8.18 8.21 8.72 6.42 6.96 7.29 7.17 7.53 7.41 8.19 7.79 8.05 8.23 8.07 8.16 9.49 9.11 8.88 8.83 8.93 9.02 9.12 9.26 9.53 10.35 11.35 -9999 -9999 -9999 -9999 -9999 -9999 -9999 -9999
-9999 -9999 -9999 -9999 -9999 -9999 -9999 -9999 8.98 13.78 9.47 10.69 12.08 9.23 15.55 13.25 11.26 9.67 11.47 9.39 9.63 8.30 6.17 6.62 9.87 9.56 9.59 7.72 6.79 6.29 7.50 7.86 7.61 7.33 6.69 6.45 7.39 7.20 6.95 7.57 8.13 7.07 10.26 9.64 7.77 8.31 7.78 7.24 7.07 6.50 6.62 6.89 7.66 7.43 7.22 8.39 7.99 8.06 8.12 8.37 9.47 9.05 8.83 8.93 8.91 9.08 9.15 9.38 10.18 11.21 -9999 -9999 -9999 -9999 -9999 -9999 -9999 11.51 -9999
-9999 -9999 -9999 -9999 -9999 -9999 9.31 9.15 11.84 10.70 9.51 10.17 10.85 7.48 8.20 9.74 11.42 10.69 11.87 10.67 10.13 5.80 7.08 7.31 6.36 7.39 7.42 8.02 7.27 6.82 7.66 8.04 7.91 7.27 7.07 7.65 7.21 7.56 7.00 8.01 8.46 8.43 7.94 7.43 8.51 8.25 7.77 7.57 7.42 7.21 6.46 7.14 7.08 6.71 7.09 7.65 7.85 8.02 7.90 8.37 9.40 8.97 8.66 8.87 8.87 9.03 9.20 9.72 10.67 -9999 -9999 -9999 -9999 -9999 11.63 11.19 10.75 10.22 10.21
-9999 -9999 -9999 -9999 -9999 9.51 9.48 9.67 10.18 10.14 10.09 9.26 7.47 5.90 6.89 8.58 10.06 14.52 9.10 7.23 6.29 4.28 8.97 10.39 10.50 8.68 7.90 8.23 7.96 7.68 8.01 8.49 8.06 7.64 7.44 7.79 7.99 7.01 6.99 8.27 8.46 8.21 7.87 7.96 8.18 7.54 7.79 6.99 6.91 7.29 6.91 6.59 6.32 6.62 7.42 7.48 7.67 7.87 8.01 8.41 9.65 9.27 8.79 8.78 8.81 9.02 9.27 9.78 10.56 -9999 -9999 -9999 -9999 -9999 10.67 9.99 9.64 9.25 9.15
-9999 -9999 -9999 -9999 9.89 10.50 10.12 10.26 -9999 -9999 -9999 -9999 7.13 10.16 8.65 9.19 11.04 9.01 6.99 8.57 7.74 7.02 13.74 12.55 11.04 11.55 9.41 7.98 8.23 8.31 8.06 8.22 8.14 7.76 7.96 7.56 8.33 7.30 7.18 7.64 8.06 8.25 8.16 7.51 7.57 7.57 7.41 6.92 6.69 6.51 6.43 6.39 6.61 7.13 7.24 7.39 8.06 8.64 8.83 8.94 9.59 9.45 9.30 8.81 8.82 8.97 9.17 9.51 10.16 11.16 -9999 -9999 -9999 -9999 9.87 9.22 8.94 8.85 8.76
-9999 -9999 -9999 -9999 10.99 12.06 10.10 10.58 -9999 -9999 -9999 -9999 7.19 9.21 10.13 6.87 10.09 9.10 8.27 10.15 11.51 9.80 12.93 8.76 9.79 10.00 9.06 8.08 8.12 8.35 8.25 8.45 8.79 8.04 8.30 7.95 7.89 8.14 7.42 7.62 7.11 7.69 8.44 8.79 8.73 7.62 7.09 6.83 6.66 6.86 6.40 6.64 7.16 7.48 8.10 7.91 9.47 9.80 10.12 9.64 9.90 9.71 9.40 8.81 8.85 8.95 9.06 9.28 9.53 10.21 10.80 -9999 -9999 10.31 9.58 9.12 9.13 8.79 8.57
-9999 -9999 -9999 -9999 -9999 -9999 -9999 -9999 -9999 -9999 -9999 -9999 7.99 10.83 9.04 6.07 7.77 6.99 11.48 10.86 8.19 11.03 11.07 10.06 10.48 9.19 8.29 7.55 8.36 8.30 8.59 8.47 8.17 8.00 7.81 7.59 7.70 8.01 7.52 7.39 7.44 7.59 7.56 8.32 8.47 7.06 7.79 8.36 7.45 7.31 6.93 6.46 7.38 8.26 9.06 9.07 9.05 9.76 10.54 10.30 10.47 9.95 9.48 8.73 8.76 8.87 9.01 9.12 9.11 9.35 9.75 10.18 10.09 9.40 9.06 8.45 8.98 8.93 8.94
-9999 -9999 -9999 -9999 -9999 -9999 -9999 -9999 -9999 -9999 -9999 -9999 -9999 10.86 5.03 5.04 8.03 11.21 10.40 11.44 11.11 8.68 9.74 10.75 8.39 8.17 7.35 7.32 7.65 8.08 8.29 8.41 8.19 7.75 7.48 7.69 7.62 7.90 7.58 7.27 8.72 8.29 7.58 7.63 7.61 7.57 7.36 8.00 8.04 7.66 8.41 7.39 7.48 8.18 8.06 8.56 9.02 9.40 10.60 10.71 10.43 9.57 9.26 8.56 8.62 8.71 8.82 8.97 9.08 9.15 9.10 9.19 9.03 8.69 8.37 8.36 9.01 8.94 8.76
-9999 -9999 -9999 -9999 -9999 -9999 -9999 -9999 -9999 -9999 -9999 -9999 -9999 7.77 10.42 11.28 10.19 9.07 8.61 10.33 8.79 8.86 8.11 7.90 9.30 7.60 7.19 8.28 7.85 7.85 7.96 7.57 7.53 7.81 7.68 8.50 8.41 8.06 7.49 7.07 8.50 9.19 8.35 7.68 7.46 7.65 7.59 7.50 7.63 8.16 9.79 8.95 7.81 7.63 7.97 8.90 10.00 10.42 10.41 10.91 10.29 9.03 8.45 8.27 8.41 8.54 8.73 8.86 8.95 9.00 8.95 8.82 8.63 8.55 8.37 8.20 8.75 8.78 9.20
-9999 -9999 -9999 -9999 -9999 -9999 -9999 -9999 -9999 -9999 -9999 -9999 9.63 9.21 7.68 13.10 9.03 7.32 8.98 9.08 8.33 10.41 8.31 8.12 9.59 7.05 11.04 8.45 7.05 7.35 8.45 7.40 7.13 9.14 9.12 8.63 7.81 7.98 7.71 7.36 8.01 8.52 8.32 7.86 7.74 7.64 7.60 7.85 7.73 8.58 8.64 8.32 7.93 7.71 8.25 9.18 10.25 10.54 10.09 10.09 9.11 8.32 8.13 8.08 8.22 8.44 8.64 8.76 8.79 8.82 8.79 8.55 8.41 8.68 8.56 8.31 8.49 8.76 8.44
-9999 -9999 -9999 -9999 -9999 -9999 -9999 -9999 -9999 -9999 -9999 -9999 8.96 9.72 13.14 8.25 5.01 6.25 6.58 8.22 10.62 10.66 8.84 8.57 8.32 6.80 7.26 7.87 8.77 8.61 7.56 7.61 7.53 8.00 8.64 7.87 7.64 8.05 7.85 8.02 8.37 8.23 8.44 8.24 7.97 7.82 7.56 7.62 7.81 8.45 8.74 8.31 7.51 7.75 8.75 9.93 9.78 10.35 10.19 9.27 8.21 8.57 8.03 8.20 8.20 8.41 8.50 8.61 8.66 8.62 8.55 8.41 8.31 8.82 8.60 8.21 8.29 8.69 8.58
-9999 -9999 -9999 -9999 -9999 -9999 -9999 -9999 -9999 -9999 -9999 -9999 10.01 11.26 6.24 6.66 5.35 6.27 6.98 10.97 10.17 11.13 8.98 8.21 6.68 5.53 6.17 8.70 10.25 11.14 7.88 8.92 7.90 8.18 8.39 7.41 7.43 7.70 8.01 8.21 7.81 8.00 9.06 8.57 7.88 7.83 8.50 7.56 7.97 8.25 8.16 7.74 7.46 7.94 8.56 9.14 9.38 9.35 8.70 8.34 8.38 8.46 7.75 7.78 8.15 8.33 8.44 8.46 8.41 8.44 8.40 8.33 8.29 8.43 8.26 8.29 8.18 8.46 8.44
-9999 -9999 -9999 -9999 -9999 -9999 -9999 -9999 -9999 -9999 -9999 -9999 -9999 7.04 7.49 8.28 9.41 10.06 9.09 9.91 8.80 6.63 6.37 5.83 6.51 6.62 6.15 7.38 8.18 10.54 8.96 8.03 7.60 8.78 8.76 7.38 7.95 7.34 7.62 9.14 7.90 7.90 8.03 8.19 7.62 7.61 8.71 8.33 7.95 8.29 7.93 7.68 7.89 8.50 8.37 8.47 8.29 8.72 8.13 8.77 8.63 7.89 7.72 8.17 8.25 8.15 8.20 8.22 8.26 8.29 8.26 8.23 8.17 8.13 8.09 8.17 8.05 8.02 8.20
-9999 -9999 -9999 -9999 -9999 -9999 -9999 -9999 -9999 -9999 -9999 -9999 -9999 7.77 8.06 8.46 9.78 11.64 11.05 8.74 6.88 5.72 6.76 8.12 9.48 10.92 8.75 7.41 8.27 9.20 8.57 7.14 9.21 8.73 8.75 7.84 8.51 7.73 7.48 7.90 8.80 8.59 8.22 7.89 7.55 7.72 8.50 8.36 8.08 8.07 8.23 8.29 8.44 8.75 8.23 8.10 8.93 8.97 8.92 8.68 8.72 7.97 8.20 8.63 8.05 7.98 8.03 8.06 8.17 8.17 8.13 8.12 8.08 8.04 7.92 7.74 7.52 7.42 7.65
-9999 -9999 -9999 -9999 -9999 -9999 -9999 -9999 -9999 -9999 -9999 -9999 8.70 6.88 7.31 8.85 9.57 8.99 8.85 7.20 7.89 11.03 9.08 9.32 9.34 8.19 7.70 8.40 9.13 8.07 7.27 7.84 9.25 9.23 8.78 7.73 8.65 7.53 7.44 8.54 8.12 8.44 8.54 8.05 7.71 7.82 8.59 8.51 7.92 8.04 7.98 7.84 8.34 8.08 8.81 8.50 8.97 8.47 8.73 8.83 8.15 7.95 8.58 8.55 7.94 7.92 8.16 8.03 8.14 8.13 8.16 8.10 7.98 7.86 7.60 7.70 7.79 7.73 7.22
-9999 -9999 -9999 -9999 -9999 -9999 -9999 -9999 -9999 -9999 -9999 -9999 9.98 8.05 7.12 6.83 8.07 10.60 10.21 9.17 8.18 8.72 9.88 10.79 10.56 8.00 9.77 10.64 8.10 9.71 6.86 7.51 9.01 10.31 8.01 8.34 7.58 7.09 7.26 7.92 9.85 8.78 8.80 8.45 8.19 8.24 8.54 8.32 7.89 7.93 7.83 7.64 7.54 8.48 8.85 8.88 9.31 8.61 8.36 8.35 7.99 8.24 8.64 8.45 8.13 8.37 8.25 8.44 8.16 8.15 8.27 8.23 7.93 7.67 7.35 7.19 7.66 7.66 7.65
-9999 -9999 -9999 -9999 -9999 -9999 -9999 -9999 -9999 -9999 -9999 -9999 8.78 7.78 5.33 5.83 7.63 10.65 9.44 9.64 8.16 9.84 9.40 8.33 8.64 9.34 9.65 8.72 7.95 8.51 10.21 7.67 7.66 7.70 7.85 9.04 8.16 7.22 7.35 7.96 8.34 8.25 8.96 8.70 8.43 8.56 8.17 7.73 7.98 8.05 8.01 7.48 7.91 8.91 8.94 8.36 8.54 9.10 8.40 8.50 7.82 8.48 8.65 8.18 8.15 8.26 7.86 8.00 7.96 8.05 8.09 7.95 7.73 7.51 7.21 7.27 6.85 7.08 7.24
-9999 -9999 -9999 -9999 -9999 -9999 -9999 -9999 -9999 -9999 -9999 8.56 9.06 10.05 7.37 5.39 8.07 9.14 10.73 10.73 7.61 8.16 7.24 8.13 9.24 8.32 8.58 10.09 9.21 8.86 8.49 7.60 6.84 6.97 7.82 8.10 8.03 7.90 7.52 7.49 8.11 8.35 7.99 8.34 8.20 8.64 8.06 7.85 7.84 7.48 7.27 7.44 8.30 8.40 8.50 8.06 8.65 8.71 8.37 7.82 8.42 8.49 8.55 8.71 8.45 8.10 7.95 7.83 7.94 8.02 7.91 7.74 7.45 7.17 7.09 7.23 7.09 7.08 7.26
-9999 -9999 -9999 -9999 -9999 -9999 -9999 -9999 -9999 -9999 9.56 9.30 9.61 7.68 5.67 7.44 9.79 10.36 9.31 10.85 8.27 9.06 7.56 7.17 11.71 8.87 9.78 8.73 8.96 7.98 7.63 7.49 7.93 7.25 8.75 7.92 8.39 7.61 7.47 7.60 7.93 8.19 7.96 8.08 8.35 8.39 7.40 7.70 7.54 7.52 7.58 7.83 8.31 7.92 8.51 8.18 8.35 7.79 7.71 8.49 8.79 8.53 8.69 8.57 7.95 8.17 8.15 8.16 8.16 7.95 7.68 7.35 7.27 7.09 7.45 7.59 7.70 7.70 7.30
-9999 -9999 -9999 -9999 -9999 -9999 -9999 -9999 11.19 9.88 8.81 7.57 6.87 6.53 6.29 8.37 9.41 10.54 11.93 10.73 8.79 6.14 8.00 7.77 10.78 9.37 9.15 9.42 8.44 8.02 6.99 7.25 8.36 8.01 8.26 7.09 7.53 7.68 7.76 8.17 8.00 8.28 7.81 7.90 8.02 7.45 7.25 7.39 7.80 7.58 8.20 8.67 8.40 8.12 7.83 7.67 8.19 8.52 8.34 8.52 7.94 8.60 8.73 8.22 7.66 7.69 8.31 8.27 8.28 7.68 7.38 7.04 7.08 7.68 7.93 7.79 8.37 8.25 8.20
-9999 -9999 -9999 -9999 11.68 10.87 9.69 11.62 11.41 11.26 10.90 8.59 7.37 6.62 9.85 8.65 10.33 10.54 10.30 7.96 6.74 5.33 6.68 7.18 12.22 11.28 9.59 8.23 8.67 8.15 8.68 6.47 7.70 8.04 7.99 7.67 7.38 7.48 8.25 7.83 7.46 8.46 7.75 7.56 7.13 7.30 7.60 7.83 7.21 7.87 7.69 7.98 8.64 8.55 8.32 8.14 8.56 8.55 8.32 8.07 8.60 8.02 7.94 7.77 7.55 8.06 8.26 8.28 7.76 7.24 7.14 7.17 7.87 7.97 7.74 8.32 7.86 8.18 8.59
-9999 -9999 -9999 12.19 10.43 10.66 9.98 9.39 10.56 10.07 9.89 7.87 6.64 8.96 9.42 9.74 7.71 11.16 8.03 6.18 9.62 7.46 5.53 11.23 10.36 9.18 6.31 6.72 7.57 9.67 7.22 6.60 6.56 6.68 8.13 8.18 8.35 7.79 8.04 7.57 7.43 8.11 7.58 7.02 7.00 7.33 7.69 7.44 8.74 7.59 7.50 7.84 8.39 8.03 8.00 7.77 7.93 8.22 8.10 8.56 8.12 7.74 7.81 7.96 7.62 7.81 7.79 7.31 7.09 6.94 6.97 7.14 7.52 8.15 8.20 8.33 8.14 8.13 8.36
-9999 -9999 11.49 11.23 9.20 8.87 8.93 9.44 9.05 9.23 8.20 8.40 11.16 9.11 8.30 10.55 6.34 7.70 7.29 9.51 9.22 10.01 8.78 8.96 7.66 5.30 8.99 9.37 7.25 7.56 6.88 6.48 6.89 6.48 6.98 8.58 9.01 7.58 7.41 7.52 7.73 7.18 6.49 6.59 8.56 7.32 7.10 7.54 8.18 7.81 7.56 7.97 8.34 8.35 8.73 8.29 7.71 7.57 7.58 8.21 7.89 7.54 8.16 8.03 7.60 7.58 7.33 7.02 7.10 7.09 7.11 7.35 7.51 8.17 7.83 7.79 8.06 7.81 8.06
10.44 11.38 9.50 9.45 10.00 9.25 8.86 10.28 9.33 9.09 8.91 10.84 10.25 9.02 9.84 8.94 6.67 6.14 8.67 9.12 8.16 8.73 10.12 7.49 4.85 8.42 10.00 8.74 9.07 7.33 7.34 6.75 7.21 8.57 7.41 9.27 8.17 7.46 7.24 7.47 8.18 6.13 6.32 9.18 7.57 7.21 7.17 7.66 8.43 7.59 7.70 8.00 7.84 8.26 8.25 7.83 7.51 7.64 7.38 7.67 7.87 7.84 7.53 7.24 7.08 6.96 7.18 8.04 7.53 8.08 7.62 6.97 7.95 8.00 8.22 8.03 7.92 8.05 7.94
9.17 11.07 13.27 12.45 11.99 9.62 10.40 11.57 10.51 10.09 11.47 10.27 9.74 11.17 8.49 6.04 5.92 6.02 8.18 8.28 7.88 7.52 7.09 5.69 7.09 13.86 11.31 9.16 7.54 7.96 7.70 8.90 8.03 8.36 7.68 7.89 7.93 7.83 7.29 7.00 6.49 5.76 8.31 8.99 8.42 7.43 7.21 9.11 8.23 7.71 7.91 7.72 8.29 8.24 7.95 7.30 7.95 7.56 7.12 8.32 8.12 7.25 7.11 7.00 6.83 7.15 7.82 8.03 7.82 8.10 7.54 7.25 7.92 8.13 7.87 8.08 7.99 8.15 8.17
9.47 10.42 10.84 10.39 9.37 10.65 9.87 11.14 8.78 9.60 11.24 10.60 9.22 9.53 6.28 5.11 7.41 8.21 7.46 6.48 7.89 5.71 4.80 4.51 8.54 11.79 12.62 7.93 8.39 8.74 9.10 8.53 7.60 8.50 8.10 8.22 7.82 7.83 6.62 6.02 6.50 6.42 8.46 8.54 8.08 7.15 7.78 9.01 8.65 8.33 8.03 8.24 8.17 7.81 7.45 7.33 7.63 7.85 7.54 7.40 7.23 6.95 7.77 8.19 7.12 7.31 7.89 8.06 7.64 7.85 7.69 7.61 7.74 7.77 8.03 7.92 7.93 7.73 7.98
9.59 10.11 9.82 10.04 9.46 9.47 10.38 9.43 9.77 8.73 8.51 8.22 7.57 6.75 7.49 6.25 9.03 13.38 7.17 7.13 7.66 10.97 10.41 4.71 4.94 12.91 10.58 9.25 9.72 10.62 9.20 7.56 6.93 8.71 9.18 8.37 7.72 7.13 6.16 5.69 6.61 8.59 9.01 8.26 7.94 7.60 7.53 7.69 8.50 8.08 8.04 7.91 7.61 7.30 7.17 7.73 7.57 7.40 7.29 6.59 6.73 7.40 7.44 7.97 7.52 7.50 7.52 7.62 7.89 7.86 7.69 7.62 7.73 7.63 7.62 7.93 7.88 7.49 7.75
9.44 10.09 9.30 9.53 9.53 9.50 8.78 8.70 9.15 8.41 9.20 8.16 9.29 6.51 8.19 9.65 9.75 10.49 10.76 8.65 10.13 11.79 8.16 9.56 8.68 5.71 9.87 10.34 8.13 8.53 7.19 8.14 8.06 10.53 10.05 8.30 7.51 6.53 5.90 6.60 8.82 8.05 9.36 8.30 8.06 8.54 7.81 8.71 7.77 7.96 7.70 7.51 7.36 7.49 7.39 7.31 6.98 6.69 6.28 6.42 7.38 8.15 7.85 7.40 7.85 7.41 7.97 7.38 7.29 7.28 7.28 7.40 7.55 7.74 7.44 7.78 7.72 7.55 7.95
9.53 9.12 10.02 10.80 12.06 11.06 9.79 9.04 8.36 8.45 10.34 8.30 8.94 6.70 8.20 8.58 7.89 6.86 8.26 7.40 9.27 9.56 11.00 9.53 10.43 9.81 13.02 9.18 8.40 7.89 8.30 7.77 9.93 10.04 10.26 7.72 6.92 6.11 8.51 9.06 9.01 9.44 8.19 8.50 8.62 8.41 7.71 7.70 7.74 7.55 7.43 7.49 7.46 7.81 7.68 7.52 6.72 5.95 5.95 6.80 8.33 7.39 7.81 7.87 7.49 7.28 7.32 7.07 7.09 7.23 6.90 7.26 7.37 7.41 7.55 7.66 7.33 7.24 8.14
9.92 9.49 9.62 10.80 10.96 11.36 10.55 9.81 9.12 8.65 9.04 10.58 7.69 10.50 9.87 9.79 10.30 8.65 6.54 6.61 8.16 7.68 9.30 9.09 8.19 11.65 11.89 8.17 8.61 6.89 7.40 8.93 9.91 9.74 9.03 7.40 6.46 7.44 7.25 8.79 8.84 8.45 8.63 8.37 8.07 7.93 7.29 7.06 7.10 7.17 8.38 7.70 8.32 7.78 7.32 6.25 5.58 5.61 6.49 7.84 7.98 7.86 8.01 7.74 7.31 7.32 7.63 7.85 6.77 7.22 7.72 7.22 7.09 7.44 6.98 7.28 8.03 7.72 7.62
10.46 10.81 11.45 12.26 -9999 -9999 -9999 -9999 10.23 9.84 10.42 8.54 7.63 8.71 8.87 8.40 7.40 4.49 10.81 11.19 7.82 7.13 7.65 8.94 9.82 11.44 9.56 8.47 7.41 6.66 9.90 9.39 10.72 8.56 8.01 7.33 6.89 8.38 7.56 8.99 8.95 8.34 8.34 8.04 7.69 7.25 6.96 6.86 6.97 7.19 8.29 8.06 8.48 8.34 7.34 6.17 5.49 6.55 6.68 7.63 8.20 8.33 7.32 7.10 6.89 7.63 7.93 7.61 6.65 7.13 7.58 7.38 7.09 7.63 7.38 7.42 7.84 7.99 7.79
