ML/MeanWindSpeed_1996-07_Actual.txt
ncols         180
nrows         290
xllcorner     -200000
yllcorner     -200000
cellsize      5000
NODATA_value  -9999
[rows 140 to 174 of 290, columns 79 to 157 of 180]
-9999 -9999 9.95 -9999 -9999 -9999 8.73 8.91 8.02 7.96 8.44 -9999 -9999 8.52 7.40 9.12 9.84 -9999 -9999 -9999 -9999 -9999 8.13 7.25 5.65 5.70 5.49 6.03 6.07 6.56 6.55 4.90 6.21 8.02 8.84 6.66 7.94 8.53 8.74 6.97 7.24 7.09 5.80 3.87 3.59 3.79 2.05 2.68 4.54 6.14 -9999 -9999 -9999 -9999 -9999 -9999 -9999 -9999 -9999 -9999 -9999 -9999 -9999 -9999 -9999 -9999 -9999 -9999 -9999 -9999 -9999 -9999 -9999 -9999 -9999 -9999 -9999 -9999 -9999
-9999 -9999 9.83 9.75 -9999 -9999 -9999 8.72 9.21 8.98 9.15 -9999 -9999 -9999 -9999 8.89 -9999 -9999 -9999 -9999 -9999 -9999 7.26 6.48 5.72 6.04 6.48 6.55 6.24 6.47 6.06 5.26 5.08 7.14 8.13 5.39 9.12 8.83 9.57 7.16 7.03 7.88 5.77 4.23 3.51 2.44 1.73 2.62 4.35 6.15 -9999 -9999 -9999 -9999 -9999 -9999 -9999 -9999 -9999 -9999 -9999 -9999 -9999 -9999 -9999 -9999 -9999 -9999 -9999 -9999 -9999 -9999 -9999 -9999 -9999 -9999 -9999 -9999 -9999
-9999 -9999 -9999 10.68 -9999 -9999 -9999 -9999 9.00 9.71 9.52 -9999 -9999 -9999 -9999 -9999 -9999 -9999 -9999 -9999 -9999 8.09 7.09 6.80 6.43 6.36 7.25 7.12 6.77 6.86 6.48 6.16 4.90 5.56 9.79 9.65 9.05 8.83 7.10 6.39 6.46 5.01 3.40 4.61 4.46 2.28 2.06 3.06 4.52 6.51 7.84 -9999 -9999 -9999 -9999 -9999 -9999 -9999 -9999 -9999 -9999 -9999 -9999 -9999 -9999 -9999 -9999 -9999 -9999 -9999 -9999 -9999 -9999 -9999 -9999 -9999 -9999 -9999 -9999
-9999 -9999 -9999 11.41 -9999 -9999 -9999 -9999 -9999 -9999 -9999 -9999 -9999 -9999 -9999 -9999 -9999 -9999 -9999 -9999 -9999 8.26 6.69 5.49 4.50 4.01 9.14 7.32 6.66 8.20 6.44 7.21 4.27 4.15 8.11 10.87 8.14 6.92 9.99 11.29 9.97 7.77 6.34 3.26 3.46 3.19 3.91 3.72 4.73 6.87 7.97 8.28 -9999 -9999 -9999 -9999 -9999 -9999 -9999 -9999 -9999 -9999 -9999 -9999 -9999 -9999 -9999 -9999 -9999 -9999 -9999 -9999 -9999 -9999 -9999 -9999 -9999 -9999 -9999
-9999 -9999 -9999 -9999 -9999 -9999 -9999 -9999 -9999 -9999 -9999 -9999 -9999 -9999 -9999 -9999 -9999 -9999 -9999 -9999 8.88 7.89 6.26 4.83 6.55 3.33 11.91 10.98 5.91 6.84 6.27 5.89 6.09 3.97 4.63 10.93 10.53 8.99 7.93 7.22 8.77 8.14 6.98 5.22 4.19 3.96 3.87 4.15 5.52 6.24 6.72 7.39 -9999 -9999 -9999 -9999 -9999 -9999 -9999 -9999 -9999 -9999 -9999 -9999 -9999 -9999 -9999 -9999 -9999 -9999 -9999 -9999 -9999 -9999 -9999 -9999 -9999 -9999 -9999
-9999 -9999 -9999 -9999 -9999 -9999 -9999 -9999 -9999 -9999 -9999 -9999 -9999 -9999 -9999 -9999 -9999 -9999 -9999 -9999 8.35 8.41 5.80 6.38 11.25 5.84 3.25 7.20 8.13 6.67 6.43 6.08 5.89 5.15 5.14 6.50 12.44 10.30 9.15 7.36 7.06 7.01 5.66 5.30 5.13 5.62 4.65 5.53 5.48 5.95 5.97 6.35 6.85 7.22 7.34 -9999 -9999 -9999 -9999 -9999 -9999 -9999 -9999 -9999 -9999 -9999 -9999 -9999 -9999 -9999 -9999 -9999 -9999 -9999 -9999 -9999 -9999 -9999 -9999
-9999 -9999 -9999 -9999 -9999 -9999 -9999 -9999 -9999 -9999 -9999 -9999 -9999 -9999 -9999 -9999 -9999 -9999 -9999 -9999 8.37 7.79 6.93 8.72 5.26 4.83 5.70 8.83 6.65 5.72 8.35 4.75 6.56 5.94 6.16 5.62 7.57 8.97 8.65 7.95 7.30 5.63 5.66 5.26 4.96 4.83 5.18 5.32 5.70 5.47 5.48 5.62 7.71 6.58 7.39 8.05 7.99 -9999 -9999 -9999 -9999 -9999 -9999 -9999 -9999 -9999 -9999 -9999 -9999 -9999 -9999 -9999 -9999 -9999 -9999 -9999 -9999 -9999 -9999
-9999 -9999 -9999 -9999 -9999 -9999 -9999 -9999 -9999 -9999 -9999 -9999 -9999 -9999 -9999 -9999 -9999 -9999 -9999 -9999 8.34 7.63 7.84 11.12 11.33 7.97 5.43 6.28 6.95 8.96 5.52 7.96 6.70 6.25 7.05 6.60 4.89 5.20 8.41 8.11 7.42 6.69 6.00 5.70 5.75 5.73 5.45 5.69 5.60 5.28 5.55 5.49 5.97 7.78 7.44 7.60 8.61 8.68 7.46 -9999 -9999 -9999 -9999 -9999 -9999 -9999 -9999 -9999 -9999 -9999 -9999 -9999 -9999 -9999 -9999 -9999 -9999 -9999 -9999
-9999 -9999 -9999 -9999 -9999 -9999 -9999 -9999 -9999 -9999 -9999 -9999 -9999 -9999 -9999 -9999 -9999 -9999 -9999 -9999 8.60 7.26 8.30 8.94 5.47 13.78 11.30 5.82 7.48 6.01 8.69 9.32 6.60 5.56 6.47 6.78 4.98 10.06 8.98 8.73 9.17 9.42 8.76 6.42 7.25 6.40 6.13 6.06 5.90 5.74 5.40 4.75 5.14 6.85 6.13 5.91 6.58 7.75 6.78 8.86 -9999 -9999 -9999 -9999 -9999 -9999 -9999 -9999 -9999 -9999 -9999 -9999 -9999 -9999 -9999 -9999 -9999 -9999 -9999
-9999 -9999 -9999 -9999 -9999 -9999 -9999 -9999 8.73 8.96 9.52 -9999 -9999 -9999 -9999 -9999 -9999 -9999 -9999 -9999 -9999 7.96 6.70 5.33 6.74 8.26 10.37 5.73 3.77 7.39 6.86 6.37 5.54 6.93 7.15 6.21 6.68 8.40 8.32 10.87 10.01 8.45 8.12 8.61 7.53 6.74 6.49 6.23 6.17 5.59 5.01 7.85 6.96 9.04 9.39 8.58 7.78 6.02 8.27 8.73 8.09 -9999 -9999 -9999 -9999 -9999 -9999 -9999 -9999 -9999 -9999 -9999 -9999 -9999 -9999 -9999 -9999 -9999 -9999
-9999 -9999 -9999 -9999 -9999 -9999 -9999 -9999 7.57 7.74 -9999 -9999 -9999 -9999 -9999 -9999 -9999 -9999 -9999 -9999 -9999 -9999 6.82 4.67 7.34 7.65 13.01 7.31 7.21 6.39 4.79 4.19 4.63 4.58 10.27 5.94 6.62 9.89 8.01 6.04 5.68 8.93 6.30 8.51 7.31 6.60 6.31 6.22 5.82 5.99 7.43 7.97 7.24 6.79 6.46 7.34 8.09 7.74 8.02 7.96 9.62 -9999 -9999 -9999 -9999 -9999 -9999 -9999 -9999 -9999 -9999 -9999 -9999 -9999 -9999 -9999 -9999 -9999 -9999
-9999 -9999 -9999 -9999 -9999 -9999 -9999 7.47 9.36 9.25 9.00 -9999 -9999 -9999 -9999 -9999 -9999 -9999 -9999 -9999 -9999 -9999 7.35 8.29 8.58 8.53 6.82 8.12 6.61 6.04 5.14 4.55 5.85 4.74 3.53 9.83 6.74 5.97 8.61 7.21 9.34 7.38 7.73 6.85 6.85 6.67 6.67 6.12 5.67 6.40 7.15 6.31 6.81 7.42 7.14 7.51 7.42 7.66 7.83 6.87 9.16 8.52 -9999 -9999 -9999 -9999 -9999 -9999 -9999 -9999 -9999 -9999 -9999 -9999 -9999 -9999 -9999 -9999 -9999
-9999 -9999 -9999 -9999 -9999 -9999 6.73 9.68 10.86 13.28 9.00 -9999 -9999 -9999 -9999 -9999 -9999 -9999 -9999 -9999 -9999 -9999 8.33 11.13 8.82 5.66 6.72 6.47 6.96 5.55 4.86 5.41 6.08 4.16 8.33 6.11 8.40 6.23 9.61 5.77 6.80 5.54 7.32 6.38 6.78 7.10 6.36 6.25 5.62 5.51 7.51 7.66 7.29 6.47 6.64 6.40 6.47 6.77 7.92 7.97 7.76 8.53 -9999 -9999 -9999 -9999 -9999 -9999 -9999 -9999 -9999 -9999 -9999 -9999 -9999 -9999 -9999 -9999 -9999
-9999 -9999 -9999 -9999 -9999 7.72 7.15 12.03 9.91 9.62 -9999 -9999 -9999 -9999 -9999 -9999 -9999 -9999 -9999 -9999 -9999 -9999 -9999 8.07 6.41 6.06 7.63 5.93 7.42 6.03 5.49 5.17 5.49 4.36 8.58 8.16 8.83 8.38 9.06 9.08 9.06 8.06 7.84 8.10 7.76 6.53 6.41 6.25 5.72 5.44 5.74 8.87 7.98 6.13 5.80 5.89 5.69 5.73 5.74 5.99 5.96 6.84 8.14 8.73 -9999 -9999 -9999 -9999 -9999 -9999 -9999 -9999 -9999 -9999 -9999 -9999 -9999 -9999 -9999
-9999 -9999 -9999 -9999 -9999 9.39 10.29 7.44 7.81 8.45 -9999 -9999 -9999 -9999 -9999 -9999 -9999 -9999 -9999 -9999 -9999 -9999 -9999 -9999 7.03 7.49 6.89 6.24 7.07 6.55 6.45 5.87 6.07 4.37 8.51 7.70 6.91 8.50 7.70 7.21 10.42 10.31 7.67 8.99 8.16 7.78 6.47 6.16 5.96 5.64 5.57 6.17 6.54 6.09 6.12 6.06 5.99 5.68 5.50 5.59 5.88 8.12 8.50 8.35 -9999 -9999 -9999 -9999 -9999 -9999 -9999 -9999 -9999 -9999 -9999 -9999 -9999 -9999 -9999
-9999 -9999 -9999 -9999 -9999 9.80 8.52 8.77 8.17 -9999 -9999 -9999 -9999 -9999 -9999 -9999 -9999 -9999 -9999 -9999 -9999 -9999 -9999 -9999 7.97 7.86 7.36 -9999 7.29 -9999 6.81 5.84 5.06 4.13 3.99 7.73 7.19 7.51 9.94 5.09 5.93 10.08 8.59 8.19 8.25 7.45 6.57 6.31 6.21 5.88 5.77 5.81 6.47 7.35 6.63 7.02 6.21 5.59 6.33 7.29 7.13 6.77 6.87 8.18 9.47 9.82 -9999 -9999 -9999 -9999 -9999 -9999 -9999 -9999 -9999 -9999 -9999 -9999 -9999
-9999 -9999 -9999 -9999 9.71 8.65 8.25 -9999 -9999 -9999 -9999 -9999 -9999 -9999 -9999 -9999 -9999 -9999 -9999 -9999 -9999 -9999 -9999 -9999 8.78 7.96 7.33 -9999 -9999 -9999 6.72 6.84 4.44 4.96 5.67 4.66 4.72 6.12 9.11 8.98 5.16 8.29 9.58 7.55 8.59 7.91 7.17 5.95 6.08 5.93 5.93 5.93 6.11 6.49 6.56 6.83 5.92 6.30 7.21 7.92 8.23 8.09 7.44 7.36 8.11 8.94 -9999 -9999 -9999 -9999 -9999 -9999 -9999 -9999 -9999 -9999 -9999 -9999 -9999
-9999 -9999 -9999 -9999 -9999 -9999 -9999 -9999 -9999 -9999 -9999 -9999 -9999 -9999 -9999 -9999 -9999 -9999 -9999 -9999 -9999 -9999 -9999 -9999 -9999 -9999 -9999 -9999 -9999 7.40 6.05 5.64 6.70 7.36 7.76 7.46 6.24 6.54 8.51 8.35 6.84 5.27 7.83 8.90 7.74 7.24 6.77 6.35 6.25 6.42 6.10 6.01 6.08 6.14 6.13 5.83 6.61 8.59 7.51 8.12 7.69 7.76 7.07 7.36 7.85 -9999 -9999 -9999 -9999 -9999 -9999 -9999 -9999 -9999 -9999 -9999 -9999 -9999 -9999
-9999 -9999 -9999 -9999 -9999 -9999 -9999 -9999 -9999 -9999 -9999 -9999 -9999 -9999 -9999 -9999 -9999 -9999 -9999 -9999 -9999 -9999 -9999 -9999 -9999 -9999 -9999 -9999 -9999 6.98 5.87 6.56 8.19 10.10 9.13 6.87 7.70 5.64 5.87 5.53 6.84 7.19 7.75 8.09 7.94 7.14 6.95 6.78 6.32 6.51 6.18 6.20 6.27 6.35 6.25 5.88 6.44 9.31 8.78 7.69 7.58 7.47 7.23 7.45 7.95 -9999 -9999 -9999 -9999 -9999 -9999 -9999 -9999 -9999 -9999 -9999 -9999 -9999 -9999
-9999 -9999 -9999 -9999 -9999 -9999 -9999 -9999 -9999 -9999 -9999 -9999 -9999 -9999 -9999 -9999 -9999 -9999 -9999 -9999 -9999 -9999 -9999 -9999 -9999 -9999 -9999 -9999 -9999 6.46 5.45 5.52 7.35 8.15 7.76 7.14 6.87 6.11 6.46 5.66 5.59 6.23 5.09 8.05 7.23 8.04 7.21 7.07 6.29 6.23 6.42 6.44 6.49 6.46 6.43 6.27 6.24 7.81 8.59 8.12 7.81 7.86 7.60 7.53 7.58 -9999 -9999 -9999 -9999 -9999 -9999 -9999 -9999 -9999 -9999 -9999 -9999 -9999 -9999
-9999 -9999 -9999 -9999 -9999 -9999 -9999 -9999 -9999 -9999 -9999 -9999 -9999 -9999 -9999 -9999 -9999 -9999 -9999 -9999 -9999 -9999 -9999 -9999 -9999 -9999 -9999 8.29 7.22 6.01 5.30 6.98 8.00 9.88 7.51 8.70 5.34 6.19 6.14 6.82 7.08 6.89 8.30 5.84 6.21 6.34 6.41 6.20 6.89 6.37 6.46 6.74 6.54 6.52 6.59 6.47 6.49 6.81 8.35 8.22 7.94 7.98 7.91 7.40 6.84 7.25 -9999 -9999 -9999 -9999 -9999 -9999 -9999 -9999 -9999 -9999 -9999 -9999 -9999
-9999 -9999 -9999 -9999 -9999 -9999 -9999 -9999 -9999 -9999 -9999 -9999 -9999 -9999 -9999 -9999 -9999 -9999 -9999 -9999 -9999 -9999 -9999 -9999 -9999 -9999 -9999 7.82 6.68 5.97 5.57 5.75 7.65 6.02 5.99 4.91 6.08 8.28 6.54 7.50 7.05 7.85 5.51 8.28 6.81 7.71 7.55 7.69 6.96 6.74 6.57 6.52 6.51 6.58 6.59 6.64 6.62 6.72 7.41 8.51 8.26 8.04 8.06 7.16 6.09 6.76 -9999 -9999 -9999 -9999 -9999 -9999 -9999 -9999 -9999 -9999 -9999 -9999 -9999
-9999 -9999 -9999 -9999 -9999 -9999 -9999 -9999 -9999 -9999 -9999 -9999 -9999 -9999 -9999 -9999 -9999 -9999 -9999 -9999 -9999 -9999 -9999 -9999 -9999 -9999 -9999 7.84 6.61 6.18 5.87 5.89 6.04 6.23 5.64 5.00 6.08 6.31 5.86 7.09 8.80 7.12 6.77 5.88 7.29 6.14 6.69 7.25 7.56 6.98 6.81 6.51 6.50 6.60 6.64 6.69 6.77 6.83 7.24 8.32 9.00 8.32 7.88 6.88 5.69 6.09 7.01 -9999 -9999 -9999 -9999 -9999 -9999 -9999 -9999 -9999 -9999 -9999 -9999
-9999 -9999 -9999 -9999 -9999 -9999 -9999 -9999 -9999 -9999 -9999 -9999 -9999 -9999 -9999 -9999 -9999 -9999 -9999 -9999 -9999 -9999 -9999 -9999 -9999 -9999 -9999 7.64 6.70 6.39 6.34 6.07 5.79 5.46 5.92 6.70 4.99 4.94 5.74 8.86 8.82 9.67 8.69 7.31 7.22 7.58 6.62 6.25 7.06 7.40 6.76 6.52 6.57 6.52 6.63 6.76 6.92 6.98 7.16 8.43 9.39 8.59 7.95 7.01 5.83 5.65 6.48 7.39 -9999 -9999 -9999 -9999 -9999 -9999 -9999 -9999 -9999 -9999 -9999
-9999 -9999 -9999 -9999 -9999 -9999 -9999 -9999 -9999 -9999 -9999 -9999 -9999 -9999 -9999 -9999 -9999 -9999 -9999 -9999 -9999 -9999 -9999 -9999 -9999 -9999 -9999 7.62 6.55 6.28 6.13 5.84 5.40 5.63 5.26 6.13 6.43 7.63 8.61 9.13 7.17 8.56 7.81 7.86 6.93 7.81 7.42 6.85 6.41 6.33 6.54 6.48 6.57 6.61 6.72 6.81 7.02 7.20 7.35 7.68 8.48 8.28 7.71 7.13 6.48 5.98 5.99 6.98 -9999 -9999 -9999 -9999 -9999 -9999 -9999 -9999 -9999 -9999 -9999
-9999 -9999 -9999 -9999 -9999 -9999 -9999 -9999 -9999 -9999 -9999 -9999 -9999 -9999 -9999 -9999 -9999 -9999 -9999 -9999 -9999 -9999 -9999 -9999 -9999 -9999 -9999 -9999 6.56 6.29 6.00 5.51 5.75 6.89 6.81 7.39 6.63 6.43 7.80 7.48 8.37 7.83 6.68 5.97 6.53 6.52 7.50 6.93 6.67 6.98 6.79 6.45 6.64 6.59 6.70 6.73 6.90 7.17 7.38 7.53 7.48 7.65 7.56 7.33 -9999 6.62 6.72 7.28 8.36 -9999 -9999 -9999 -9999 -9999 -9999 -9999 -9999 -9999 -9999
-9999 -9999 -9999 -9999 -9999 -9999 -9999 -9999 -9999 -9999 -9999 -9999 -9999 -9999 -9999 -9999 -9999 -9999 -9999 -9999 -9999 -9999 -9999 -9999 -9999 -9999 -9999 7.48 6.51 6.19 5.68 5.28 5.39 7.98 8.27 6.90 8.70 8.31 7.01 6.79 9.59 8.30 8.63 7.14 6.12 7.58 6.79 6.46 6.93 6.92 6.56 6.65 6.47 6.47 6.52 6.67 6.68 6.82 7.89 7.42 7.04 7.91 7.29 7.12 6.95 -9999 7.39 7.87 8.72 9.42 -9999 -9999 -9999 -9999 -9999 -9999 -9999 -9999 -9999
-9999 -9999 -9999 -9999 -9999 -9999 -9999 -9999 -9999 -9999 -9999 -9999 -9999 -9999 -9999 -9999 -9999 -9999 -9999 -9999 -9999 -9999 -9999 -9999 -9999 -9999 -9999 7.32 6.37 6.08 5.67 6.56 5.86 6.50 8.39 6.23 6.48 6.71 5.42 5.48 8.09 7.79 7.99 6.23 7.77 8.59 7.18 7.89 7.28 7.46 7.07 6.67 6.35 6.31 6.36 6.42 6.41 6.44 6.65 7.01 6.45 6.64 7.03 6.53 6.91 7.16 -9999 -9999 -9999 -9999 -9999 -9999 -9999 -9999 -9999 -9999 -9999 -9999 -9999
-9999 -9999 -9999 -9999 -9999 -9999 -9999 -9999 -9999 -9999 -9999 -9999 -9999 -9999 -9999 -9999 -9999 -9999 -9999 -9999 -9999 -9999 -9999 -9999 -9999 -9999 8.36 6.90 6.21 6.65 6.31 6.31 5.96 6.42 6.42 6.07 5.93 5.58 5.42 5.74 7.49 9.27 9.64 7.11 9.12 8.93 7.54 7.82 7.09 7.26 7.12 6.49 6.15 6.31 6.30 6.30 6.41 6.33 6.45 6.56 6.49 6.34 7.25 6.77 6.67 6.82 7.57 8.38 -9999 -9999 -9999 -9999 -9999 -9999 -9999 -9999 -9999 -9999 -9999
-9999 -9999 -9999 -9999 -9999 -9999 -9999 -9999 -9999 -9999 -9999 -9999 -9999 -9999 -9999 -9999 -9999 -9999 -9999 -9999 -9999 -9999 -9999 -9999 -9999 -9999 -9999 7.02 6.23 6.18 6.38 7.52 6.07 5.73 5.58 5.89 6.09 5.69 5.47 5.35 5.41 8.11 9.24 10.39 8.99 9.38 8.92 8.33 8.48 6.79 6.42 6.71 6.14 6.19 6.16 6.17 6.36 6.31 6.35 6.55 6.37 6.10 6.19 7.70 6.92 6.65 6.90 7.54 8.34 9.20 -9999 -9999 -9999 -9999 -9999 -9999 -9999 -9999 -9999
-9999 -9999 -9999 -9999 -9999 -9999 -9999 -9999 -9999 -9999 -9999 -9999 -9999 -9999 -9999 -9999 -9999 -9999 -9999 -9999 -9999 -9999 -9999 -9999 -9999 -9999 -9999 7.02 6.52 6.17 6.23 6.32 6.31 5.95 5.49 5.55 5.31 5.14 5.13 5.11 5.56 5.31 8.72 11.03 11.79 10.31 9.42 9.07 8.09 7.89 6.70 7.02 6.25 6.27 6.15 6.16 6.23 6.29 6.50 6.48 6.32 6.04 6.33 7.65 7.23 7.35 6.64 6.82 7.53 8.46 -9999 -9999 -9999 -9999 -9999 -9999 -9999 -9999 -9999
-9999 -9999 -9999 -9999 -9999 -9999 -9999 9.54 8.94 9.22 9.96 -9999 -9999 -9999 -9999 -9999 -9999 -9999 -9999 -9999 -9999 -9999 -9999 -9999 -9999 -9999 7.43 6.68 6.90 6.42 6.89 6.46 5.97 5.74 5.61 5.40 5.35 5.19 5.12 4.95 4.83 6.98 9.09 9.75 8.75 10.96 10.33 8.31 8.29 6.78 8.05 7.54 6.46 6.36 6.22 6.19 6.24 6.30 6.41 6.59 6.42 6.05 6.12 6.42 7.63 7.55 7.85 6.77 6.80 7.76 8.83 -9999 -9999 -9999 -9999 -9999 -9999 -9999 -9999
-9999 -9999 -9999 -9999 -9999 -9999 -9999 9.08 8.44 8.31 8.67 -9999 -9999 -9999 -9999 -9999 -9999 -9999 -9999 -9999 -9999 -9999 -9999 -9999 -9999 7.55 7.30 6.72 6.89 7.50 6.58 6.42 5.74 5.62 5.65 5.44 5.51 5.51 4.94 4.53 4.44 5.82 10.14 10.64 8.42 9.81 9.58 9.45 7.57 6.78 7.47 7.41 6.72 6.12 6.09 6.20 6.51 6.42 6.32 6.35 6.56 6.23 6.25 6.27 7.47 7.55 7.53 6.93 6.90 7.26 8.39 -9999 -9999 -9999 -9999 -9999 -9999 -9999 -9999
-9999 -9999 -9999 -9999 -9999 11.16 9.01 7.88 8.01 7.81 8.46 8.20 8.88 9.26 -9999 -9999 9.39 8.35 -9999 -9999 -9999 7.75 8.50 7.80 -9999 6.23 7.48 6.94 6.63 6.93 6.47 6.49 6.36 6.61 6.17 6.06 5.40 5.57 5.01 4.84 6.91 5.26 7.08 9.41 6.62 8.09 11.45 7.94 9.09 7.37 7.31 7.08 6.63 6.41 6.37 6.36 6.56 6.28 6.30 6.16 6.62 6.21 6.25 6.40 6.76 7.27 7.92 7.71 7.05 6.98 7.94 9.14 -9999 -9999 -9999 -9999 -9999 -9999 -9999
-9999 -9999 -9999 -9999 -9999 -9999 9.32 8.22 7.72 7.38 7.50 8.17 8.93 6.97 -9999 6.25 7.60 8.50 7.77 8.46 6.40 6.00 8.82 8.52 7.33 -9999 5.97 7.08 7.02 6.51 6.43 6.74 6.18 5.97 5.83 5.63 5.65 5.35 5.46 5.14 7.16 7.51 7.53 8.37 8.32 9.81 9.97 8.85 7.39 6.85 7.64 7.40 6.45 6.76 6.44 6.69 6.75 6.39 6.29 6.12 6.64 6.31 6.41 6.60 6.55 7.07 7.59 8.14 7.64 7.18 7.60 8.74 -9999 -9999 -9999 -9999 -9999 -9999 -9999
