ML/MeanWindSpeed_1999-09_Actual.txt
ncols         180
nrows         290
xllcorner     -200000
yllcorner     -200000
cellsize      5000
NODATA_value  -9999
[rows 175 to 209 of 290, columns 79 to 157 of 180]
-9999 -9999 -9999 -9999 -9999 -9999 -9999 12.67 12.11 11.43 10.50 9.37 6.96 4.92 9.47 16.41 7.92 10.16 8.81 7.53 5.84 4.05 5.03 6.97 8.10 6.57 5.13 5.95 7.08 6.51 6.65 7.66 6.78 6.42 6.03 6.10 6.11 5.84 5.73 5.53 9.92 10.14 8.27 8.48 6.49 6.24 7.42 7.12 5.56 5.35 6.28 5.75 5.34 6.05 5.71 6.71 6.35 6.29 6.10 6.06 7.19 6.26 6.29 6.50 6.48 6.95 7.32 7.35 7.52 7.88 6.69 7.94 9.48 -9999 -9999 -9999 -9999 -9999 -9999
-9999 -9999 -9999 -9999 -9999 -9999 -9999 -9999 13.53 11.36 9.42 7.11 6.04 7.13 19.84 13.96 6.62 11.07 5.71 7.94 7.35 4.37 3.59 9.98 7.09 7.23 6.25 5.59 6.15 6.36 5.66 6.45 6.91 6.68 6.32 5.87 5.97 5.51 5.06 6.93 8.23 11.12 8.74 9.42 8.37 4.48 6.74 8.55 5.93 5.91 6.24 5.46 5.44 5.83 5.82 6.93 6.39 6.29 6.63 6.64 7.27 7.04 6.66 6.60 6.60 6.80 7.35 8.44 7.38 6.67 6.66 7.66 9.26 -9999 -9999 -9999 -9999 -9999 -9999
-9999 -9999 -9999 -9999 -9999 -9999 -9999 -9999 -9999 11.00 8.21 7.56 8.98 18.43 20.78 14.25 10.53 9.72 9.32 9.60 9.21 8.72 5.65 5.22 9.73 6.47 5.92 6.30 5.91 5.99 5.86 5.82 6.41 6.15 5.79 5.87 5.73 5.35 5.50 6.71 8.88 9.57 7.26 7.55 9.11 6.96 4.60 8.69 6.27 6.08 6.41 5.52 5.60 5.60 6.25 7.07 6.61 6.49 6.73 6.45 7.68 7.15 6.88 6.83 6.78 7.09 7.06 7.05 6.66 6.50 6.70 7.98 9.42 -9999 -9999 -9999 -9999 -9999 -9999
-9999 -9999 -9999 -9999 -9999 -9999 -9999 -9999 -9999 9.62 8.29 10.35 12.96 15.26 18.23 10.94 7.20 9.21 11.00 10.72 11.17 9.34 6.52 4.17 9.97 8.83 6.86 7.06 5.89 5.79 5.91 6.67 6.44 6.20 5.94 5.41 5.09 5.33 7.24 7.26 5.89 10.26 7.67 8.30 9.85 9.23 7.15 6.42 5.87 4.76 6.06 6.54 5.56 5.52 5.64 6.43 6.38 6.79 6.77 6.54 6.92 7.63 7.37 7.35 7.07 7.01 6.83 6.59 6.46 6.77 7.51 8.71 -9999 -9999 -9999 -9999 -9999 -9999 -9999
-9999 -9999 -9999 -9999 -9999 -9999 -9999 -9999 -9999 8.76 9.36 11.09 11.58 16.72 14.62 9.94 9.48 7.40 8.79 11.24 9.74 12.09 8.86 4.77 9.14 10.06 9.66 7.10 6.38 5.58 6.22 7.17 6.86 6.15 5.59 5.10 5.30 6.63 7.14 5.74 5.73 8.75 8.43 8.25 8.15 7.22 7.10 7.81 4.70 5.43 5.75 5.44 5.74 5.35 6.36 5.83 6.30 6.71 6.78 6.93 8.67 8.09 7.69 7.40 7.25 7.01 6.76 6.56 6.58 7.38 8.51 -9999 -9999 -9999 -9999 -9999 -9999 -9999 -9999
-9999 -9999 -9999 -9999 -9999 -9999 -9999 -9999 10.06 17.26 10.97 12.68 14.96 10.65 19.13 15.51 12.53 10.38 13.27 10.50 10.68 8.96 5.92 6.70 10.86 9.71 9.65 7.08 5.93 5.23 6.69 6.88 6.41 6.07 5.36 5.09 6.32 6.32 6.06 6.84 7.69 6.05 10.31 9.45 6.73 7.34 6.50 5.73 5.51 4.64 4.78 5.06 5.92 5.39 5.00 6.63 6.17 6.51 6.87 7.18 8.60 7.99 7.63 7.57 7.19 6.96 6.57 6.39 7.06 8.14 -9999 -9999 -9999 -9999 -9999 -9999 -9999 9.22 -9999
-9999 -9999 -9999 -9999 -9999 -9999 10.17 10.05 13.62 12.11 10.32 11.21 12.54 7.91 9.17 11.27 13.11 12.02 13.93 11.86 11.20 5.44 6.88 7.02 5.47 6.47 6.49 7.40 6.39 5.69 6.72 7.02 6.78 6.04 5.90 6.69 6.04 6.77 6.05 7.25 7.73 7.57 6.88 6.15 7.62 7.13 6.47 6.19 5.91 5.53 4.43 5.27 5.01 4.33 4.75 5.54 5.86 6.28 6.38 7.06 8.44 7.81 7.28 7.38 7.02 6.72 6.39 6.55 7.42 -9999 -9999 -9999 -9999 -9999 9.35 9.02 8.60 7.90 7.88
-9999 -9999 -9999 -9999 -9999 10.35 10.29 10.37 10.84 10.53 10.26 9.68 7.68 5.50 7.44 9.98 11.15 17.03 9.73 7.08 6.41 3.87 10.06 11.77 11.36 8.39 7.30 7.71 7.21 6.65 6.95 7.45 6.86 6.53 6.40 6.86 7.11 5.90 5.94 7.54 7.54 7.05 6.58 6.57 6.90 5.99 6.32 5.20 5.02 5.44 4.87 4.38 3.90 4.12 5.14 5.17 5.39 5.81 6.23 6.84 8.56 7.98 7.22 7.03 6.75 6.52 6.27 6.46 7.17 -9999 -9999 -9999 -9999 -9999 8.44 7.88 7.60 7.07 6.91
-9999 -9999 -9999 -9999 10.97 11.82 11.08 11.01 -9999 -9999 -9999 -9999 7.52 11.26 9.89 10.93 12.66 9.63 7.21 9.75 8.97 7.72 16.69 14.94 12.31 12.46 9.40 7.27 7.39 7.27 6.80 6.90 6.83 6.52 6.93 6.36 7.42 6.07 5.98 6.52 6.91 7.01 6.76 5.75 5.84 5.83 5.55 4.76 4.42 4.19 4.12 4.13 4.31 4.74 4.90 5.07 5.86 6.54 6.77 6.93 7.94 7.74 7.54 6.80 6.57 6.33 6.09 6.10 6.69 7.83 -9999 -9999 -9999 -9999 7.76 7.30 6.98 6.81 6.70
-9999 -9999 -9999 -9999 12.19 13.80 10.92 11.24 -9999 -9999 -9999 -9999 7.71 10.17 12.06 7.60 11.81 10.60 9.70 12.00 13.53 10.83 14.96 9.14 10.33 10.25 8.80 7.26 7.13 7.24 6.98 7.14 7.61 6.65 7.15 6.74 6.66 6.99 6.01 6.29 5.50 6.21 7.21 7.53 7.43 5.89 5.06 4.58 4.29 4.55 3.95 4.43 5.11 5.41 6.24 5.79 7.66 7.75 7.91 7.14 7.65 7.54 7.32 6.58 6.49 6.29 6.01 5.90 6.01 6.75 7.45 -9999 -9999 8.09 7.85 7.63 7.62 7.06 6.62
-9999 -9999 -9999 -9999 -9999 -9999 -9999 -9999 -9999 -9999 -9999 -9999 8.45 11.89 9.70 6.27 8.93 7.93 14.01 12.51 8.54 12.25 12.11 10.52 10.84 8.93 7.54 6.27 7.32 7.06 7.29 7.03 6.58 6.31 6.16 6.01 6.23 6.66 6.06 5.83 5.75 5.88 5.87 6.85 7.12 5.29 6.23 6.84 5.43 5.02 4.51 4.09 5.45 6.52 7.40 7.07 6.71 7.33 8.12 7.61 7.95 7.56 7.32 6.44 6.42 6.30 6.12 5.91 5.69 5.89 6.40 7.16 7.59 7.45 7.69 7.15 7.82 7.61 7.39
-9999 -9999 -9999 -9999 -9999 -9999 -9999 -9999 -9999 -9999 -9999 -9999 -9999 12.02 4.24 4.72 9.01 13.72 12.23 13.04 12.45 8.86 10.01 11.09 7.68 7.37 5.96 5.76 6.15 6.57 6.76 6.87 6.54 5.89 5.59 6.03 6.09 6.48 6.25 5.78 7.48 6.70 5.71 5.81 5.95 6.00 5.72 6.54 6.54 5.67 6.53 5.22 5.39 6.21 5.75 6.08 6.43 6.68 8.07 8.03 7.72 7.09 7.18 6.39 6.40 6.30 6.12 6.00 5.94 5.96 6.00 6.44 6.85 6.97 7.00 7.21 8.10 7.87 7.38
-9999 -9999 -9999 -9999 -9999 -9999 -9999 -9999 -9999 -9999 -9999 -9999 -9999 8.44 12.08 13.08 11.66 10.58 9.47 11.25 8.71 8.63 7.63 7.07 9.19 6.92 5.84 7.05 6.18 5.98 6.23 5.77 5.80 6.15 5.98 7.26 7.21 6.69 6.15 5.64 7.31 7.97 6.70 5.82 5.64 5.95 5.96 5.99 6.22 6.58 8.48 7.26 5.76 5.49 5.75 6.65 7.81 8.09 7.77 8.30 7.72 6.96 6.57 6.32 6.36 6.30 6.28 6.18 6.13 6.17 6.27 6.49 6.76 7.05 7.13 7.12 7.90 7.85 8.25
-9999 -9999 -9999 -9999 -9999 -9999 -9999 -9999 -9999 -9999 -9999 -9999 10.57 10.17 7.83 15.08 9.66 7.68 9.69 9.53 8.19 10.90 8.08 7.65 9.94 6.29 11.35 7.32 5.00 5.18 6.78 5.59 5.35 8.01 7.95 7.53 6.47 6.68 6.41 5.91 6.70 7.14 6.68 6.01 5.95 5.86 5.80 6.29 6.16 7.07 6.93 6.45 6.03 5.74 6.34 7.26 8.34 8.41 7.58 7.67 7.22 6.80 6.55 6.34 6.32 6.36 6.37 6.31 6.24 6.29 6.42 6.49 6.72 7.36 7.46 7.26 7.55 7.93 7.34
-9999 -9999 -9999 -9999 -9999 -9999 -9999 -9999 -9999 -9999 -9999 -9999 9.37 10.38 14.82 7.84 3.54 5.44 6.22 8.61 11.64 11.53 8.72 8.10 7.98 5.87 6.61 7.21 7.81 7.31 5.83 6.00 5.87 6.30 7.26 6.52 6.31 6.90 6.67 6.77 7.19 6.89 6.99 6.61 6.27 6.01 5.60 5.77 6.06 6.78 7.08 6.51 5.49 5.84 7.08 8.47 8.00 8.51 8.29 7.45 6.68 7.36 6.56 6.62 6.41 6.46 6.34 6.32 6.31 6.29 6.37 6.50 6.66 7.59 7.48 7.07 7.25 7.82 7.54
-9999 -9999 -9999 -9999 -9999 -9999 -9999 -9999 -9999 -9999 -9999 -9999 10.13 12.30 5.51 6.19 4.39 5.51 6.68 12.32 10.96 11.91 8.61 7.30 5.34 4.30 5.50 8.98 10.59 11.51 6.91 8.22 6.41 6.49 6.98 5.88 6.01 6.51 6.91 7.07 6.44 6.58 7.87 7.11 6.27 6.05 6.83 5.60 6.17 6.42 6.24 5.68 5.34 5.95 6.68 7.39 7.54 7.43 6.66 6.51 6.93 7.19 6.13 5.99 6.35 6.39 6.33 6.24 6.13 6.22 6.30 6.42 6.59 7.00 6.95 7.11 6.99 7.39 7.30
-9999 -9999 -9999 -9999 -9999 -9999 -9999 -9999 -9999 -9999 -9999 -9999 -9999 7.28 8.26 9.36 10.41 10.88 9.16 10.21 8.65 5.39 4.95 4.31 5.21 5.48 5.17 7.08 7.87 10.95 8.71 7.29 6.15 7.43 7.62 5.81 6.69 6.08 6.47 8.31 6.39 6.27 6.35 6.55 5.96 5.82 7.15 6.67 6.15 6.56 6.06 5.68 5.91 6.55 6.27 6.40 6.12 6.80 6.12 7.13 7.19 6.32 5.95 6.41 6.38 6.07 6.01 5.97 6.02 6.11 6.19 6.30 6.40 6.57 6.66 6.86 6.74 6.71 6.96
-9999 -9999 -9999 -9999 -9999 -9999 -9999 -9999 -9999 -9999 -9999 -9999 -9999 8.35 9.52 10.03 10.98 12.78 11.68 8.78 6.40 4.73 6.26 8.16 9.75 11.43 8.44 6.68 7.83 9.09 8.57 6.57 8.68 7.58 7.84 6.55 7.43 6.60 6.35 6.69 7.59 7.18 6.60 6.18 5.87 5.95 6.93 6.80 6.43 6.39 6.63 6.67 6.76 6.94 6.16 6.03 7.18 7.23 7.24 6.92 7.17 6.25 6.37 6.83 5.94 5.71 5.71 5.74 5.93 5.99 6.02 6.15 6.25 6.37 6.36 6.22 5.96 5.87 6.23
-9999 -9999 -9999 -9999 -9999 -9999 -9999 -9999 -9999 -9999 -9999 -9999 8.38 6.70 8.17 10.50 10.77 9.28 8.94 7.16 8.32 12.57 9.78 9.93 9.63 7.75 6.88 7.81 8.83 7.45 6.88 7.67 9.02 8.68 8.05 6.41 7.68 6.39 6.43 7.74 6.84 7.11 7.14 6.44 6.09 6.06 7.05 6.98 6.21 6.35 6.26 6.08 6.70 6.19 7.15 6.69 7.23 6.47 6.84 7.00 6.15 5.85 6.60 6.51 5.65 5.57 5.86 5.72 5.91 5.98 6.12 6.15 6.12 6.11 5.96 6.25 6.42 6.42 5.76
-9999 -9999 -9999 -9999 -9999 -9999 -9999 -9999 -9999 -9999 -9999 -9999 9.88 8.01 7.61 7.69 8.83 11.86 11.15 9.94 8.61 9.33 10.99 11.96 11.30 7.57 9.74 10.85 7.27 9.54 6.14 7.20 8.89 10.49 6.99 7.19 6.21 5.88 6.27 7.02 9.45 7.76 7.62 7.06 6.66 6.55 6.96 6.68 6.11 6.16 6.02 5.82 5.69 6.84 7.28 7.23 7.64 6.59 6.19 6.15 5.60 5.83 6.34 6.13 5.75 6.09 5.91 6.23 5.93 6.01 6.25 6.34 6.04 5.85 5.63 5.57 6.32 6.43 6.48
-9999 -9999 -9999 -9999 -9999 -9999 -9999 -9999 -9999 -9999 -9999 -9999 8.43 7.71 5.15 6.13 8.21 11.94 9.80 10.11 8.14 10.62 10.16 8.41 8.51 9.42 9.58 8.22 7.13 7.73 10.35 6.89 6.79 6.92 6.78 8.17 7.02 5.82 6.16 6.94 7.35 7.06 7.90 7.48 6.93 6.96 6.46 5.87 6.18 6.29 6.27 5.57 6.10 7.33 7.38 6.53 6.59 7.20 6.15 6.20 5.10 5.90 6.06 5.47 5.53 5.73 5.25 5.53 5.60 5.85 6.03 5.99 5.80 5.61 5.37 5.63 5.21 5.68 6.01
-9999 -9999 -9999 -9999 -9999 -9999 -9999 -9999 -9999 -9999 -9999 8.35 9.15 10.96 7.86 5.28 8.65 9.55 11.13 11.16 6.90 7.93 7.11 8.15 9.22 7.89 8.12 10.12 8.79 8.12 7.71 6.60 5.74 6.00 6.95 7.03 6.84 6.57 6.12 6.09 6.89 7.09 6.51 6.96 6.56 7.09 6.30 5.95 5.90 5.48 5.22 5.34 6.48 6.53 6.69 6.05 6.67 6.57 6.03 5.16 5.84 5.83 5.80 6.09 5.85 5.43 5.33 5.26 5.55 5.82 5.82 5.76 5.49 5.22 5.23 5.54 5.50 5.67 6.03
-9999 -9999 -9999 -9999 -9999 -9999 -9999 -9999 -9999 -9999 9.32 9.29 9.94 7.79 5.44 7.98 11.13 11.33 9.25 10.99 7.54 9.06 7.53 6.56 12.30 8.32 9.56 8.01 8.15 6.87 6.74 6.90 7.75 6.62 8.36 6.87 7.30 6.10 5.85 6.08 6.47 6.66 6.39 6.52 6.74 6.75 5.38 5.78 5.57 5.63 5.67 5.82 6.38 5.76 6.54 6.03 6.14 5.30 5.13 6.08 6.38 5.93 6.05 5.97 5.26 5.67 5.72 5.81 5.96 5.82 5.62 5.38 5.43 5.30 5.95 6.19 6.40 6.53 5.97
-9999 -9999 -9999 -9999 -9999 -9999 -9999 -9999 10.80 9.26 8.18 6.76 6.34 6.51 6.26 9.13 10.36 11.24 12.44 10.36 7.85 4.65 7.79 7.17 11.09 9.12 8.64 8.87 7.39 6.89 6.10 7.17 8.77 7.92 7.82 5.72 6.06 6.13 6.12 6.73 6.43 6.72 6.08 6.12 6.20 5.50 5.25 5.40 6.02 5.80 6.63 7.06 6.52 6.04 5.60 5.36 6.01 6.35 5.94 6.04 5.23 6.08 6.17 5.55 4.95 5.11 6.05 6.07 6.22 5.54 5.35 5.14 5.32 6.23 6.72 6.58 7.37 7.24 7.02
-9999 -9999 -9999 -9999 10.77 10.17 9.05 12.01 11.82 11.61 11.22 8.29 7.16 6.49 10.75 8.93 10.87 10.30 9.47 5.96 4.50 3.20 5.72 6.41 13.18 11.57 9.03 7.19 7.86 7.29 8.85 6.44 8.13 8.24 7.68 6.59 5.80 5.76 6.70 6.11 5.47 6.87 5.85 5.50 4.92 5.25 5.80 6.03 5.16 6.19 5.96 6.22 6.98 6.71 6.35 6.08 6.54 6.40 5.92 5.39 6.07 5.21 5.08 5.00 4.90 5.70 6.02 6.12 5.56 5.02 5.15 5.46 6.49 6.71 6.47 7.32 6.67 7.06 7.46
-9999 -9999 -9999 11.68 9.46 10.17 9.61 8.97 10.69 9.96 9.92 7.30 5.98 9.43 9.78 10.17 6.83 11.05 6.58 3.85 8.56 5.89 3.64 11.52 10.16 8.01 4.04 5.10 6.48 9.62 6.89 6.41 6.46 6.53 8.12 7.32 7.14 6.13 6.35 5.64 5.32 6.30 5.56 4.63 4.67 5.34 6.02 5.57 7.26 5.81 5.73 6.06 6.67 6.06 5.92 5.54 5.62 6.01 5.73 6.08 5.38 4.86 4.98 5.33 4.97 5.31 5.35 4.76 4.62 4.63 4.94 5.44 6.01 6.98 7.12 7.27 7.00 6.93 7.08
-9999 -9999 10.72 10.33 7.77 7.54 7.81 8.66 8.38 9.07 7.94 8.09 11.98 9.19 7.67 10.86 4.71 6.48 5.96 8.84 8.11 9.09 7.48 8.08 6.45 2.58 7.66 8.61 6.00 6.74 6.20 6.01 6.67 6.09 6.43 7.83 8.04 5.92 5.67 5.58 5.77 5.14 4.16 4.04 6.81 5.44 5.27 5.65 6.44 6.10 5.78 6.26 6.70 6.57 6.93 6.26 5.34 5.13 5.08 5.74 5.28 4.80 5.62 5.52 5.07 5.17 4.92 4.64 4.88 5.01 5.25 5.78 6.09 7.12 6.72 6.67 7.00 6.63 6.80
10.15 11.33 8.76 8.67 9.39 8.54 8.04 10.15 9.31 9.52 9.13 11.48 10.70 8.77 9.39 8.19 5.08 4.14 7.55 8.14 6.69 7.10 9.30 6.82 3.31 7.27 9.21 7.75 8.55 6.31 6.56 6.03 6.55 8.35 6.41 8.56 6.83 5.78 5.52 5.61 6.60 3.97 4.11 7.78 5.61 5.44 5.36 5.78 6.75 5.69 5.89 6.23 5.95 6.41 6.32 5.70 5.14 5.29 4.92 5.26 5.46 5.33 4.86 4.57 4.60 4.69 5.10 6.41 5.75 6.51 6.03 5.28 6.77 7.08 7.47 7.29 7.08 7.11 6.77
9.45 11.91 14.86 13.66 12.92 9.83 10.97 12.65 11.53 11.16 12.97 11.06 10.02 11.52 7.52 4.13 3.63 3.37 6.30 6.32 5.64 5.07 5.61 5.25 6.82 15.20 11.28 8.42 6.45 7.01 6.57 8.22 6.73 7.02 5.99 6.31 6.37 6.13 5.51 5.12 4.63 3.77 7.00 7.78 7.18 6.01 5.66 7.96 6.55 5.84 6.13 5.80 6.53 6.40 6.03 5.09 5.87 5.39 4.80 6.40 6.01 4.72 4.50 4.51 4.54 5.20 6.21 6.57 6.27 6.68 6.00 5.65 6.74 7.45 7.28 7.62 7.43 7.52 7.35
9.84 11.15 11.63 10.97 9.73 11.67 10.73 12.56 9.61 10.70 12.87 11.62 9.19 9.39 4.93 3.30 5.80 6.51 5.36 3.78 5.57 2.67 2.45 3.20 8.65 12.58 13.39 6.88 7.63 7.90 8.13 7.26 5.83 6.76 6.19 6.59 6.10 6.12 4.78 4.11 4.78 4.66 7.35 7.45 7.01 5.86 6.57 7.98 7.23 6.70 6.22 6.44 6.31 5.77 5.32 5.21 5.55 5.88 5.49 5.30 5.02 4.63 5.71 6.41 5.09 5.45 6.35 6.69 6.11 6.43 6.22 6.10 6.41 7.06 7.64 7.52 7.49 7.11 7.24
9.40 10.25 9.97 10.41 9.75 10.10 11.72 10.55 11.12 9.48 9.01 8.37 7.52 6.52 7.66 5.96 9.30 14.99 6.46 6.38 6.45 10.44 9.92 2.47 3.03 13.83 10.56 8.88 9.44 10.45 8.23 5.90 4.94 7.05 7.66 6.73 5.89 5.10 4.11 3.64 4.92 7.64 8.25 7.25 6.80 6.43 6.20 6.13 6.98 6.24 6.07 5.83 5.40 5.01 4.87 5.73 5.50 5.22 5.12 4.28 4.51 5.46 5.50 6.25 5.66 5.75 5.88 6.10 6.50 6.50 6.27 6.13 6.36 6.91 7.16 7.64 7.52 6.87 7.01
8.91 9.99 9.08 9.64 9.87 10.34 9.77 9.92 10.67 9.59 10.54 8.80 10.64 6.82 8.98 10.84 10.78 11.73 12.09 9.17 10.89 12.72 7.35 9.00 7.68 3.42 9.24 10.11 7.08 7.53 5.47 6.91 6.64 9.58 8.88 6.60 5.70 4.63 3.88 4.81 7.95 6.91 8.76 7.40 7.09 7.72 6.52 7.31 5.76 5.89 5.46 5.23 5.01 5.22 5.10 4.98 4.55 4.19 3.77 4.13 5.49 6.56 6.13 5.54 6.16 5.55 6.38 5.69 5.65 5.68 5.69 5.89 6.18 6.92 6.83 7.38 7.27 6.92 7.25
8.97 8.70 10.22 11.60 13.57 12.62 11.37 10.69 9.91 10.13 12.52 9.38 10.36 6.87 8.49 8.88 7.86 6.25 8.10 6.86 9.85 10.47 12.22 9.77 10.43 8.89 13.29 8.23 7.24 6.66 7.16 6.38 9.09 8.87 9.20 5.93 5.12 4.32 7.60 8.15 8.09 8.71 7.04 7.56 7.76 7.31 5.69 5.44 5.45 5.20 5.04 5.18 5.14 5.62 5.40 5.19 4.19 3.26 3.37 4.68 6.83 5.56 6.14 6.22 5.67 5.35 5.43 5.26 5.45 5.68 5.22 5.81 6.06 6.36 6.78 7.04 6.56 6.27 7.26
9.36 8.98 9.31 11.24 11.81 12.73 12.04 11.39 10.88 10.42 10.74 12.84 8.86 12.14 10.91 10.69 11.16 8.60 5.46 5.48 8.03 7.66 10.01 9.86 8.08 11.60 11.70 6.81 7.74 5.34 5.88 7.88 8.99 8.49 7.53 5.44 4.40 5.91 5.58 7.60 7.64 7.10 7.42 7.05 6.44 5.82 4.65 4.34 4.47 4.65 6.40 5.36 6.21 5.46 4.81 3.46 2.77 2.93 4.11 6.09 6.40 6.30 6.47 6.11 5.53 5.50 5.91 6.43 5.12 5.76 6.47 5.85 5.71 6.33 5.85 6.32 7.22 6.62 6.30
9.96 10.46 11.33 12.75 -9999 -9999 -9999 -9999 11.87 11.48 12.18 9.67 8.21 9.39 9.51 8.96 7.68 3.59 11.81 11.89 7.52 6.78 7.47 9.40 10.26 11.51 8.65 7.30 6.16 5.10 9.29 8.25 9.89 6.84 6.23 5.41 4.82 6.92 5.70 7.59 7.48 6.59 6.61 6.15 5.49 4.66 4.14 4.05 4.33 4.65 6.19 5.81 6.41 6.26 4.92 3.52 2.75 4.19 4.38 5.87 6.78 6.95 5.58 5.37 5.08 5.99 6.35 6.21 5.02 5.69 6.41 6.26 5.85 6.67 6.39 6.42 6.77 6.78 6.35
