ML/MeanWindSpeed_1997-08_Actual.txt
ncols         180
nrows         290
xllcorner     -200000
yllcorner     -200000
cellsize      5000
NODATA_value  -9999
[rows 210 to 244 of 290, columns 79 to 157 of 180]
9.62 9.03 10.09 10.24 -9999 -9999 -9999 -9999 -9999 -9999 -9999 6.94 6.86 7.64 7.41 6.78 6.18 6.90 8.20 9.63 9.67 8.84 8.32 7.96 7.80 9.79 9.36 6.44 5.43 7.20 7.84 8.77 7.31 6.58 5.74 5.04 5.56 6.19 6.68 7.08 6.88 6.52 6.13 5.64 5.15 4.80 4.46 4.63 4.50 4.73 5.00 5.15 5.18 4.69 4.70 4.91 4.55 4.38 5.32 5.34 4.91 4.66 4.34 4.47 4.96 5.43 5.39 5.01 4.82 5.34 4.96 5.12 5.57 5.42 5.54 5.65 5.54 5.54 5.83
10.06 -9999 -9999 -9999 -9999 -9999 -9999 -9999 -9999 8.85 8.09 7.89 8.60 8.72 7.98 7.06 6.95 6.88 8.57 9.72 9.29 7.42 7.53 9.03 8.68 9.11 7.84 6.30 5.97 7.39 8.10 8.08 6.98 6.30 5.65 4.80 6.50 6.98 6.75 6.98 6.76 6.48 6.13 5.66 5.44 4.89 4.74 4.45 4.52 4.75 5.10 5.06 4.95 4.50 5.12 5.77 5.00 5.25 4.72 5.26 5.00 4.71 5.25 5.14 5.23 5.72 5.43 4.93 4.83 4.96 5.21 5.43 5.28 5.69 5.66 5.42 5.55 6.21 6.04
-9999 -9999 -9999 -9999 -9999 -9999 -9999 -9999 -9999 9.62 9.22 8.47 9.38 9.91 -9999 -9999 7.66 9.02 7.56 8.59 8.18 7.88 8.06 8.82 7.87 8.07 7.91 7.18 7.54 8.05 8.17 7.45 6.62 6.36 5.33 5.60 7.09 6.94 6.74 6.62 6.56 6.61 6.31 5.76 5.31 4.73 4.66 4.80 5.06 5.09 5.51 4.95 4.49 4.94 6.25 5.70 5.64 5.18 4.58 5.34 5.27 5.25 5.27 5.21 5.18 5.30 5.83 5.13 5.04 5.09 5.09 5.23 5.19 5.15 5.85 5.66 6.08 6.73 6.88
-9999 -9999 -9999 -9999 -9999 -9999 -9999 -9999 -9999 -9999 -9999 -9999 -9999 -9999 -9999 -9999 8.85 8.66 8.42 8.22 7.61 7.35 7.47 8.02 8.00 8.33 8.30 8.22 8.67 8.67 -9999 7.03 6.38 5.78 5.39 5.79 7.00 6.99 6.95 6.56 6.17 6.00 6.19 5.59 5.29 5.48 5.40 5.14 5.47 5.92 5.50 5.28 5.00 5.34 6.27 5.83 5.67 5.36 4.95 5.01 5.14 5.36 5.41 5.24 5.12 5.24 5.26 5.00 4.95 4.99 5.02 5.11 5.29 5.48 5.72 5.74 6.15 6.63 -9999
-9999 -9999 -9999 -9999 -9999 -9999 -9999 -9999 -9999 -9999 -9999 -9999 -9999 -9999 -9999 -9999 -9999 9.12 8.28 7.61 7.62 7.89 7.61 7.76 8.01 8.46 -9999 -9999 -9999 -9999 7.49 6.58 6.07 5.57 5.43 5.91 7.01 6.94 6.95 6.42 5.81 5.98 5.77 6.14 5.77 6.37 5.85 5.90 5.68 5.83 5.76 5.39 5.59 5.07 5.70 5.77 4.98 4.93 4.70 4.77 4.95 4.96 5.02 5.09 4.82 4.82 4.83 4.67 4.56 5.18 5.32 4.91 5.01 5.19 5.35 5.62 6.38 7.29 7.36
-9999 -9999 -9999 -9999 -9999 -9999 -9999 -9999 -9999 -9999 -9999 -9999 -9999 -9999 -9999 -9999 -9999 -9999 8.62 8.64 7.95 7.65 8.38 8.55 8.64 -9999 -9999 -9999 -9999 7.66 7.21 6.82 5.49 5.17 5.23 6.57 7.24 7.15 6.78 6.04 5.74 5.62 6.26 6.78 6.30 6.35 6.20 6.26 6.08 5.63 5.77 5.69 5.39 5.35 5.48 5.16 4.67 4.62 4.78 5.02 5.24 4.86 4.88 4.80 4.56 4.66 4.60 4.58 4.32 4.69 4.70 4.66 5.07 4.82 5.32 5.51 5.98 5.96 6.35
-9999 -9999 -9999 -9999 -9999 -9999 -9999 -9999 -9999 -9999 -9999 -9999 -9999 -9999 -9999 -9999 -9999 -9999 -9999 9.04 8.74 8.58 9.48 9.10 9.07 -9999 -9999 -9999 7.34 6.01 5.66 6.41 6.32 5.85 5.42 6.37 6.47 7.09 6.55 5.55 5.86 6.32 6.46 6.42 6.75 6.43 6.19 6.01 5.66 5.52 5.41 5.38 5.50 5.25 4.94 4.70 4.56 4.56 4.88 4.87 5.03 4.93 4.69 4.60 4.35 4.19 4.12 4.24 4.19 4.36 4.27 4.50 4.72 5.01 4.98 4.71 5.59 5.13 5.59
-9999 -9999 -9999 -9999 -9999 -9999 -9999 -9999 -9999 -9999 -9999 -9999 -9999 -9999 -9999 -9999 -9999 -9999 -9999 -9999 -9999 -9999 -9999 -9999 -9999 -9999 -9999 8.59 6.49 5.43 5.39 6.18 5.47 5.79 6.19 6.60 6.89 6.86 5.91 5.40 5.47 5.96 6.06 6.23 6.20 6.15 5.94 5.91 6.51 5.75 5.67 5.29 5.39 5.21 4.71 4.58 4.31 4.55 5.03 4.84 4.62 4.49 4.40 4.17 4.27 4.04 4.15 4.07 4.50 4.80 4.48 3.94 5.26 5.66 4.82 4.25 5.52 5.22 5.09
-9999 -9999 -9999 -9999 -9999 -9999 -9999 -9999 -9999 -9999 -9999 -9999 -9999 -9999 -9999 -9999 -9999 -9999 -9999 -9999 -9999 -9999 -9999 -9999 -9999 -9999 -9999 7.25 6.01 5.19 7.70 7.16 5.58 5.71 6.13 6.66 6.96 6.15 5.73 5.40 5.43 6.09 6.02 5.83 6.34 6.10 6.54 5.96 6.04 6.40 5.65 5.40 5.25 4.87 4.63 4.44 4.37 4.65 4.85 4.86 4.53 4.20 3.98 3.67 3.86 4.64 4.28 4.66 5.01 5.53 4.85 4.39 5.15 5.45 4.65 4.06 4.21 4.81 5.11
-9999 -9999 -9999 -9999 -9999 -9999 -9999 -9999 -9999 -9999 -9999 -9999 -9999 -9999 -9999 -9999 -9999 -9999 -9999 -9999 -9999 -9999 -9999 -9999 -9999 -9999 -9999 7.16 5.39 4.33 5.64 7.43 6.97 6.62 6.26 6.87 6.10 5.62 5.26 5.89 6.04 6.57 6.36 5.88 5.86 5.89 6.22 6.48 6.44 5.79 5.48 5.32 5.20 4.82 4.55 4.43 4.47 4.79 4.84 4.56 3.97 3.90 4.27 4.54 4.39 4.91 4.77 4.79 4.99 5.38 6.13 5.97 5.21 5.10 4.86 4.70 4.71 4.69 4.48
-9999 -9999 -9999 -9999 -9999 -9999 -9999 -9999 -9999 -9999 8.37 8.07 6.77 8.47 8.13 8.19 8.65 9.84 7.09 9.77 8.08 -9999 -9999 -9999 -9999 -9999 -9999 6.95 6.05 5.56 5.22 5.59 6.36 7.17 7.04 6.38 5.73 5.38 5.71 6.36 6.16 6.08 6.12 5.78 5.83 6.36 6.34 6.27 6.02 5.86 5.29 5.31 5.31 5.35 4.79 4.59 4.88 4.85 4.63 4.71 3.85 3.65 4.56 5.26 4.94 4.97 5.22 5.18 5.14 5.09 5.10 4.97 4.84 4.61 4.26 4.07 4.20 4.48 4.48
-9999 -9999 -9999 -9999 -9999 -9999 -9999 -9999 -9999 -9999 8.39 7.45 6.79 5.53 6.55 7.46 7.48 8.15 8.54 7.79 7.28 6.58 7.21 8.61 7.80 7.34 6.74 6.42 6.02 5.80 5.78 5.69 5.69 6.71 6.64 6.01 5.52 6.63 6.15 5.96 6.26 6.54 6.22 5.93 6.94 6.77 6.68 6.37 6.04 5.26 5.11 5.11 4.96 4.84 5.09 5.29 4.72 4.59 4.33 4.13 4.33 3.96 5.93 5.46 5.36 5.20 4.96 4.99 4.89 5.16 5.00 4.36 4.96 4.68 4.83 4.27 4.39 4.39 4.52
-9999 -9999 -9999 -9999 -9999 -9999 -9999 -9999 -9999 8.46 7.39 6.49 5.87 5.30 6.61 8.30 8.35 7.92 7.58 7.51 7.08 6.04 5.86 6.79 7.60 6.48 6.15 5.87 5.82 6.09 5.50 5.62 6.33 6.34 5.99 5.79 6.57 5.99 6.77 6.67 6.38 6.01 6.25 6.28 6.88 6.95 6.44 6.28 5.63 5.45 5.14 4.86 4.71 5.36 5.71 4.81 4.33 4.44 5.38 4.71 4.46 4.66 4.99 5.22 5.12 4.68 4.57 4.88 5.26 4.75 4.16 3.97 4.69 4.40 4.26 4.52 4.56 4.47 4.51
-9999 -9999 -9999 -9999 -9999 -9999 -9999 -9999 -9999 -9999 7.46 6.50 6.00 6.88 7.09 7.81 9.18 8.61 7.36 6.39 7.33 7.99 6.75 6.10 6.51 7.24 6.34 5.54 5.50 5.41 5.63 5.55 5.29 5.56 5.77 5.96 6.29 5.92 6.64 6.19 6.25 6.34 6.46 6.21 6.73 6.90 6.51 5.53 5.36 5.40 4.84 4.38 4.10 4.67 5.41 5.18 4.17 4.34 5.08 5.04 4.74 4.44 4.56 4.54 4.55 5.06 4.84 4.69 4.88 5.24 4.77 4.45 4.79 4.78 4.30 4.66 4.27 4.60 4.24
-9999 -9999 -9999 -9999 -9999 -9999 9.35 -9999 -9999 7.70 7.03 7.12 6.12 7.31 6.96 7.09 7.47 7.68 7.82 6.92 7.93 8.40 7.02 6.41 5.94 5.70 5.41 5.20 5.30 5.39 5.70 5.07 4.92 5.36 6.26 5.90 6.25 5.86 6.24 6.01 6.43 6.91 6.64 6.16 6.07 6.17 5.84 5.31 5.77 5.07 4.46 4.98 4.07 4.27 5.36 5.70 4.08 4.31 4.89 4.78 4.50 4.31 4.30 4.44 4.74 5.06 4.67 4.43 4.36 4.47 4.40 4.40 4.86 4.62 4.50 4.45 4.25 4.19 4.14
-9999 -9999 -9999 -9999 -9999 8.41 8.67 8.47 8.23 6.81 6.41 7.47 6.72 6.47 6.84 6.56 7.40 7.89 8.07 7.27 7.41 7.66 6.60 5.53 5.33 5.44 5.47 5.42 5.10 5.13 5.23 4.82 4.71 5.70 6.00 5.67 5.80 5.80 6.52 6.27 6.35 6.95 6.39 6.15 5.74 6.08 5.74 5.58 5.21 4.79 4.10 4.30 4.08 3.96 4.87 4.75 4.28 4.30 4.48 4.67 4.42 4.32 4.22 4.13 4.22 4.35 4.55 4.65 4.54 4.12 4.24 4.36 4.78 4.99 4.74 4.16 4.52 4.38 4.41
-9999 -9999 -9999 -9999 -9999 7.95 7.74 7.13 7.38 6.92 6.64 6.58 7.33 7.19 6.78 7.21 7.18 7.39 7.99 7.24 7.15 6.88 5.25 5.03 5.79 5.91 5.49 5.07 4.79 5.00 5.23 5.20 4.87 5.69 5.71 5.87 5.20 4.81 5.90 6.59 6.19 6.25 6.04 5.56 5.63 5.99 5.51 5.03 5.24 5.10 4.05 3.92 3.76 3.80 4.60 4.91 4.84 5.45 4.54 4.62 4.05 3.88 4.07 4.21 4.06 4.06 4.30 4.54 4.31 4.11 4.00 4.36 4.37 4.40 4.37 4.42 3.95 4.26 4.86
-9999 -9999 -9999 -9999 -9999 8.33 7.84 7.37 7.49 7.31 7.18 6.85 7.14 7.01 6.39 6.92 6.97 7.54 7.82 7.37 6.02 5.06 4.30 4.89 4.97 5.54 5.93 5.03 4.98 4.97 4.78 5.10 4.78 5.49 5.46 5.32 5.13 4.95 6.15 6.15 6.15 5.99 5.68 5.31 5.35 5.75 5.62 4.89 4.62 4.46 4.46 3.73 3.72 3.73 4.35 4.64 4.60 4.72 4.54 4.91 5.08 3.49 5.09 4.48 3.63 3.75 5.36 5.47 5.17 3.84 3.80 4.02 4.08 4.30 4.16 4.61 5.14 6.36 6.03
-9999 -9999 -9999 -9999 -9999 7.83 7.67 7.54 7.43 7.20 7.01 6.76 6.75 7.11 6.75 6.89 7.16 6.89 7.06 6.84 6.34 4.62 4.63 5.64 5.43 6.22 6.14 5.10 5.17 5.28 4.89 4.93 4.90 5.10 5.04 4.98 5.39 5.92 5.56 6.11 5.90 5.77 5.42 5.14 5.33 5.60 5.09 4.89 4.61 4.51 4.34 4.34 3.92 4.36 4.86 5.41 5.32 4.96 4.53 4.45 4.33 3.86 4.87 4.89 5.09 4.87 5.27 5.67 5.73 4.09 4.10 4.08 4.18 4.53 5.11 5.68 5.91 -9999 -9999
-9999 -9999 -9999 -9999 -9999 7.31 7.23 7.21 7.36 7.61 7.17 6.67 6.45 6.75 7.29 7.20 7.05 6.73 6.95 6.64 6.12 5.39 4.74 5.19 5.38 6.47 5.82 4.67 5.78 5.47 4.80 5.80 5.11 5.48 5.81 5.58 5.68 6.09 5.77 5.54 5.64 5.52 5.13 5.01 5.19 5.53 5.03 4.88 5.12 5.16 4.74 4.44 4.40 4.39 4.86 6.30 6.14 5.62 5.30 5.51 5.54 5.48 5.85 6.11 6.10 -9999 -9999 6.10 5.90 5.27 4.87 4.57 5.86 5.17 -9999 -9999 -9999 -9999 -9999
-9999 -9999 -9999 -9999 7.92 7.08 7.05 6.66 7.05 7.08 7.40 6.50 6.70 6.73 7.17 6.95 6.74 6.65 6.74 6.51 6.15 5.63 5.48 6.05 6.36 6.06 5.43 6.57 6.95 5.55 4.91 5.25 5.12 5.73 5.85 5.41 5.59 5.61 5.41 5.78 5.72 5.73 5.46 5.31 5.64 6.07 5.88 5.51 5.17 4.91 4.76 -9999 -9999 4.81 5.41 6.78 6.79 6.42 6.07 6.07 -9999 -9999 -9999 -9999 -9999 -9999 -9999 -9999 -9999 -9999 5.73 5.91 6.63 6.05 -9999 -9999 -9999 -9999 -9999
-9999 -9999 -9999 8.21 7.39 6.73 7.11 6.63 6.61 6.28 5.79 5.43 7.06 7.68 7.30 7.03 6.98 7.25 6.72 6.19 5.94 5.88 5.92 7.49 7.93 7.47 7.31 8.09 6.96 6.61 6.16 6.38 6.63 5.89 5.42 5.59 5.37 5.46 5.27 5.34 5.38 6.20 6.75 6.71 6.74 6.79 6.70 6.03 -9999 4.48 4.47 4.20 4.35 4.87 -9999 -9999 -9999 -9999 6.72 -9999 -9999 -9999 -9999 -9999 -9999 -9999 -9999 -9999 -9999 -9999 -9999 -9999 -9999 -9999 -9999 -9999 -9999 -9999 -9999
-9999 -9999 8.22 7.88 7.90 7.50 6.93 6.65 6.46 5.49 4.68 5.31 8.09 9.08 7.04 6.77 8.05 6.96 7.61 6.13 5.97 7.53 7.21 7.52 7.93 7.87 -9999 -9999 -9999 -9999 -9999 6.68 7.26 6.73 5.90 5.75 5.54 5.26 5.29 5.31 5.72 6.55 -9999 -9999 -9999 -9999 -9999 6.54 6.05 5.06 4.06 3.78 4.86 5.18 -9999 -9999 -9999 -9999 -9999 -9999 -9999 -9999 -9999 -9999 -9999 -9999 -9999 -9999 -9999 -9999 -9999 -9999 -9999 -9999 -9999 -9999 -9999 -9999 -9999
-9999 6.27 6.47 7.64 8.16 7.55 7.32 6.73 5.76 5.65 5.04 6.32 8.32 9.26 8.55 8.20 7.31 7.73 7.18 6.98 6.91 8.30 8.55 -9999 -9999 -9999 -9999 -9999 -9999 -9999 -9999 -9999 7.22 7.04 6.14 6.44 6.83 6.84 5.81 6.81 7.09 7.68 -9999 -9999 -9999 -9999 -9999 -9999 -9999 5.02 4.88 4.31 4.75 -9999 -9999 -9999 -9999 -9999 -9999 -9999 -9999 -9999 -9999 -9999 -9999 -9999 -9999 -9999 -9999 -9999 -9999 -9999 -9999 -9999 -9999 -9999 -9999 -9999 -9999
7.64 6.05 6.32 7.52 8.53 8.56 7.61 6.39 6.09 6.03 5.52 6.79 9.09 8.42 8.37 8.54 8.86 6.15 7.32 8.79 7.91 -9999 -9999 -9999 -9999 -9999 -9999 -9999 -9999 -9999 -9999 -9999 -9999 -9999 7.44 -9999 -9999 -9999 -9999 6.54 7.82 8.24 -9999 -9999 -9999 -9999 -9999 -9999 -9999 -9999 5.65 6.37 5.74 -9999 -9999 -9999 -9999 -9999 -9999 -9999 -9999 -9999 -9999 -9999 -9999 -9999 -9999 -9999 -9999 -9999 -9999 -9999 -9999 -9999 -9999 -9999 -9999 -9999 -9999
6.96 5.73 6.41 7.60 8.21 8.59 7.79 7.21 7.47 6.00 5.14 6.30 8.81 9.26 8.33 7.94 8.34 6.67 6.84 7.74 -9999 -9999 -9999 -9999 -9999 -9999 -9999 -9999 -9999 -9999 -9999 -9999 -9999 -9999 8.08 -9999 -9999 -9999 -9999 -9999 -9999 -9999 -9999 -9999 -9999 -9999 -9999 -9999 -9999 -9999 -9999 -9999 -9999 -9999 -9999 -9999 -9999 -9999 -9999 -9999 -9999 -9999 -9999 -9999 -9999 -9999 -9999 -9999 -9999 -9999 -9999 -9999 -9999 -9999 -9999 -9999 -9999 -9999 -9999
7.31 6.06 6.73 7.47 7.83 8.22 7.67 7.39 7.74 5.97 5.25 5.77 7.87 10.50 10.74 7.82 7.23 6.52 7.34 8.88 -9999 -9999 -9999 -9999 -9999 -9999 -9999 -9999 -9999 -9999 -9999 -9999 -9999 -9999 -9999 -9999 -9999 -9999 -9999 -9999 -9999 -9999 -9999 -9999 -9999 -9999 -9999 -9999 -9999 -9999 -9999 -9999 -9999 -9999 -9999 -9999 -9999 -9999 -9999 -9999 -9999 -9999 -9999 -9999 -9999 -9999 -9999 -9999 -9999 -9999 -9999 -9999 -9999 -9999 -9999 -9999 -9999 -9999 -9999
8.12 7.30 7.36 7.56 8.19 8.04 7.76 7.50 6.81 6.41 5.73 5.65 7.71 9.57 9.38 8.00 6.61 6.41 8.06 8.14 -9999 -9999 -9999 -9999 -9999 -9999 -9999 -9999 -9999 -9999 -9999 -9999 -9999 -9999 -9999 -9999 -9999 -9999 -9999 -9999 -9999 -9999 -9999 -9999 -9999 -9999 -9999 -9999 -9999 -9999 -9999 -9999 -9999 -9999 -9999 -9999 -9999 -9999 -9999 -9999 -9999 -9999 -9999 -9999 -9999 -9999 -9999 -9999 -9999 -9999 -9999 -9999 -9999 -9999 -9999 -9999 -9999 -9999 -9999
8.90 8.36 8.13 7.56 8.03 7.92 9.01 8.56 7.77 7.24 7.29 6.68 7.46 8.60 8.19 6.92 6.43 6.90 7.80 8.24 -9999 -9999 -9999 -9999 -9999 -9999 -9999 -9999 -9999 -9999 -9999 -9999 -9999 -9999 -9999 -9999 -9999 -9999 -9999 -9999 -9999 -9999 -9999 -9999 -9999 -9999 -9999 -9999 -9999 -9999 -9999 -9999 -9999 -9999 -9999 -9999 -9999 -9999 -9999 -9999 -9999 -9999 -9999 -9999 -9999 -9999 -9999 -9999 -9999 -9999 -9999 -9999 -9999 -9999 -9999 -9999 -9999 -9999 -9999
8.44 8.56 8.09 8.58 9.56 9.41 8.71 8.73 8.62 8.31 7.72 8.06 7.90 7.66 7.34 6.97 7.12 7.62 7.95 8.56 -9999 -9999 -9999 -9999 -9999 -9999 -9999 -9999 -9999 -9999 -9999 -9999 -9999 -9999 -9999 -9999 -9999 -9999 -9999 -9999 -9999 -9999 -9999 -9999 -9999 -9999 -9999 -9999 -9999 -9999 -9999 -9999 -9999 -9999 -9999 -9999 -9999 -9999 -9999 -9999 -9999 -9999 -9999 -9999 -9999 -9999 -9999 -9999 -9999 -9999 -9999 -9999 -9999 -9999 -9999 -9999 -9999 -9999 -9999
9.17 9.46 -9999 -9999 -9999 -9999 -9999 -9999 -9999 -9999 -9999 8.62 8.79 8.11 7.44 6.79 7.42 8.05 8.21 -9999 -9999 -9999 -9999 -9999 -9999 -9999 -9999 -9999 -9999 -9999 -9999 -9999 -9999 -9999 -9999 -9999 -9999 -9999 -9999 -9999 -9999 -9999 -9999 -9999 -9999 -9999 -9999 -9999 -9999 -9999 -9999 -9999 -9999 -9999 -9999 -9999 -9999 -9999 -9999 -9999 -9999 -9999 -9999 -9999 -9999 -9999 -9999 -9999 -9999 -9999 -9999 -9999 -9999 -9999 -9999 -9999 -9999 -9999 -9999
9.32 9.79 -9999 -9999 -9999 -9999 -9999 -9999 -9999 -9999 -9999 -9999 -9999 -9999 7.96 7.61 7.95 8.35 -9999 -9999 -9999 -9999 -9999 -9999 -9999 -9999 -9999 -9999 -9999 -9999 -9999 -9999 -9999 -9999 -9999 -9999 -9999 -9999 -9999 -9999 -9999 -9999 -9999 -9999 -9999 -9999 -9999 -9999 -9999 -9999 -9999 -9999 -9999 -9999 -9999 -9999 -9999 -9999 -9999 -9999 -9999 -9999 -9999 -9999 -9999 -9999 -9999 -9999 -9999 -9999 -9999 -9999 -9999 -9999 -9999 -9999 -9999 -9999 -9999
-9999 -9999 -9999 -9999 -9999 -9999 -9999 -9999 -9999 -9999 -9999 -9999 -9999 -9999 8.85 9.31 9.76 9.56 -9999 -9999 -9999 -9999 -9999 -9999 -9999 -9999 -9999 -9999 -9999 -9999 -9999 -9999 -9999 -9999 -9999 -9999 -9999 -9999 -9999 -9999 -9999 -9999 -9999 -9999 -9999 -9999 -9999 -9999 -9999 -9999 -9999 -9999 -9999 -9999 -9999 -9999 -9999 -9999 -9999 -9999 -9999 -9999 -9999 -9999 -9999 -9999 -9999 -9999 -9999 -9999 -9999 -9999 -9999 -9999 -9999 -9999 -9999 -9999 -9999
-9999 -9999 -9999 -9999 -9999 -9999 -9999 -9999 -9999 -9999 -9999 -9999 -9999 -9999 -9999 -9999 -9999 -9999 -9999 -9999 -9999 -9999 -9999 -9999 -9999 -9999 -9999 -9999 -9999 -9999 -9999 -9999 -9999 -9999 -9999 -9999 -9999 -9999 -9999 -9999 -9999 -9999 -9999 -9999 -9999 -9999 -9999 -9999 -9999 -9999 -9999 -9999 -9999 -9999 -9999 -9999 -9999 -9999 -9999 -9999 -9999 -9999 -9999 -9999 -9999 -9999 -9999 -9999 -9999 -9999 -9999 -9999 -9999 -9999 -9999 -9999 -9999 -9999 -9999
-9999 -9999 -9999 -9999 -9999 -9999 -9999 -9999 -9999 -9999 -9999 -9999 -9999 -9999 -9999 -9999 -9999 -9999 -9999 -9999 -9999 -9999 -9999 -9999 -9999 -9999 -9999 -9999 -9999 -9999 -9999 -9999 -9999 -9999 -9999 -9999 -9999 -9999 -9999 -9999 -9999 -9999 -9999 -9999 -9999 -9999 -9999 -9999 -9999 -9999 -9999 -9999 -9999 -9999 -9999 -9999 -9999 -9999 -9999 -9999 -9999 -9999 -9999 -9999 -9999 -9999 -9999 -9999 -9999 -9999 -9999 -9999 -9999 -9999 -9999 -9999 -9999 -9999 -9999
