ML/MeanWindSpeed_1995-09_Actual.txt
ncols         180
nrows         290
xllcorner     -200000
yllcorner     -200000
cellsize      5000
NODATA_value  -9999
[rows 175 to 209 of 290, columns 79 to 157 of 180]
-9999 -9999 -9999 -9999 -9999 -9999 -9999 9.78 9.00 8.23 7.70 7.39 5.47 4.44 10.20 16.36 7.05 9.74 9.45 8.72 6.99 4.56 4.84 7.08 8.88 7.00 5.16 5.68 6.64 6.06 6.27 7.41 6.56 6.06 5.60 5.67 5.64 5.24 4.96 4.81 9.38 10.19 8.35 8.75 6.96 6.57 8.06 8.20 6.56 6.45 7.63 7.10 6.67 7.28 6.95 7.92 7.47 7.47 7.34 7.35 8.45 7.43 7.29 7.38 7.19 7.63 8.11 8.26 8.58 8.99 7.91 9.41 11.21 -9999 -9999 -9999 -9999 -9999 -9999
-9999 -9999 -9999 -9999 -9999 -9999 -9999 -9999 10.73 8.49 6.92 5.15 4.11 6.25 19.36 12.97 5.24 10.17 6.04 9.00 8.76 5.36 3.58 9.56 7.45 7.91 6.64 5.48 5.75 5.85 5.25 6.24 6.70 6.36 5.93 5.49 5.56 5.08 4.54 6.13 7.38 10.76 8.82 9.71 8.79 5.12 7.54 9.52 7.02 7.21 7.83 7.16 7.06 7.23 7.13 8.08 7.38 7.22 7.33 6.98 7.56 7.49 7.26 7.31 7.29 7.47 8.05 9.21 8.34 7.78 7.86 9.11 10.99 -9999 -9999 -9999 -9999 -9999 -9999
-9999 -9999 -9999 -9999 -9999 -9999 -9999 -9999 -9999 8.57 6.04 5.64 7.08 16.66 19.31 12.79 8.86 8.20 8.55 9.74 10.02 9.52 5.67 4.95 9.80 7.31 6.65 6.36 5.64 5.59 5.63 5.75 6.24 5.89 5.45 5.51 5.34 5.00 5.09 5.97 7.97 9.03 7.17 7.74 9.40 7.63 5.56 9.71 7.54 7.61 8.16 7.43 7.41 7.24 7.65 8.18 7.50 7.28 7.21 6.75 8.05 7.60 7.43 7.50 7.53 7.88 7.88 7.98 7.73 7.65 7.97 9.51 11.21 -9999 -9999 -9999 -9999 -9999 -9999
-9999 -9999 -9999 -9999 -9999 -9999 -9999 -9999 -9999 7.79 6.36 8.27 10.61 13.03 16.29 9.27 5.93 7.78 9.86 10.09 11.04 9.55 6.36 3.90 9.84 9.46 7.43 7.07 5.61 5.38 5.68 6.53 6.22 5.91 5.60 5.02 4.65 4.98 6.77 6.63 5.20 9.58 7.38 8.11 9.92 9.87 8.05 7.54 7.30 6.48 7.90 8.54 7.61 7.41 7.16 7.58 7.29 7.55 7.28 7.05 7.54 8.23 7.99 8.05 7.88 7.91 7.79 7.62 7.60 8.05 8.98 10.41 -9999 -9999 -9999 -9999 -9999 -9999 -9999
-9999 -9999 -9999 -9999 -9999 -9999 -9999 -9999 -9999 7.03 7.13 8.61 8.74 13.50 11.98 8.23 8.56 6.52 7.72 10.32 9.21 11.56 8.56 4.62 8.83 10.10 9.70 7.01 6.10 5.21 5.99 7.03 6.71 5.91 5.29 4.80 4.98 6.26 6.62 5.22 5.17 8.09 8.03 7.99 8.17 7.82 8.10 9.02 6.35 7.32 7.72 7.52 7.87 7.39 8.00 7.10 7.27 7.48 7.37 7.60 9.42 8.78 8.35 8.15 8.10 7.99 7.84 7.74 7.89 8.91 10.25 -9999 -9999 -9999 -9999 -9999 -9999 -9999 -9999
-9999 -9999 -9999 -9999 -9999 -9999 -9999 -9999 8.53 15.02 8.76 10.00 11.56 7.47 16.21 13.42 11.44 9.53 11.85 9.20 9.76 8.30 6.10 7.03 10.83 9.84 9.55 6.93 5.78 5.04 6.44 6.67 6.21 5.82 5.05 4.88 6.13 5.88 5.46 6.38 7.25 5.61 9.84 9.21 6.87 7.81 7.49 7.13 7.24 6.68 6.81 7.10 8.03 7.50 6.82 7.98 7.24 7.35 7.56 8.01 9.48 8.78 8.37 8.32 8.07 8.00 7.75 7.72 8.60 9.90 -9999 -9999 -9999 -9999 -9999 -9999 -9999 11.78 -9999
-9999 -9999 -9999 -9999 -9999 -9999 9.63 9.09 12.32 10.59 8.65 9.25 10.20 6.07 7.22 9.17 11.90 11.10 12.49 10.96 10.66 5.27 7.31 7.47 5.68 6.63 6.44 7.17 6.19 5.48 6.35 6.63 6.45 5.69 5.55 6.46 5.82 6.25 5.47 6.82 7.46 7.33 6.66 6.15 7.84 7.68 7.42 7.58 7.66 7.55 6.53 7.42 7.27 6.58 6.68 7.02 7.14 7.38 7.34 8.00 9.35 8.69 8.15 8.21 7.94 7.82 7.66 8.02 9.13 -9999 -9999 -9999 -9999 -9999 11.20 10.91 10.58 10.09 10.30
-9999 -9999 -9999 -9999 -9999 10.19 9.87 9.75 9.95 9.64 9.39 8.36 6.34 4.78 6.19 8.11 10.06 16.18 8.97 6.79 6.07 3.49 9.57 11.12 10.78 8.00 6.88 7.28 6.85 6.31 6.51 7.00 6.45 6.05 5.95 6.51 6.76 5.46 5.45 7.06 7.25 6.96 6.61 6.90 7.42 6.72 7.39 6.71 6.89 7.56 7.10 6.67 6.23 6.40 7.09 6.78 6.85 7.10 7.33 7.85 9.47 8.92 8.16 7.92 7.72 7.66 7.61 8.00 8.90 -9999 -9999 -9999 -9999 -9999 9.95 9.32 9.11 8.79 8.86
-9999 -9999 -9999 -9999 10.80 11.51 10.74 10.54 -9999 -9999 -9999 -9999 6.50 10.98 9.01 9.16 11.28 8.98 6.64 8.99 8.06 6.93 15.59 13.62 11.27 11.70 8.74 6.74 6.95 6.85 6.34 6.42 6.30 5.94 6.38 5.95 7.07 5.79 5.66 6.20 6.75 7.06 7.01 6.30 6.56 6.70 6.77 6.54 6.47 6.38 6.36 6.29 6.48 6.91 6.73 6.55 7.16 7.75 7.93 8.04 8.92 8.75 8.53 7.75 7.60 7.52 7.44 7.62 8.37 9.71 -9999 -9999 -9999 -9999 8.94 8.28 8.12 8.19 8.30
-9999 -9999 -9999 -9999 12.19 13.57 10.72 11.09 -9999 -9999 -9999 -9999 6.80 9.44 10.84 6.33 10.43 9.37 8.51 11.17 12.74 10.08 13.89 8.04 9.26 9.33 8.10 6.74 6.58 6.68 6.42 6.61 7.04 6.11 6.61 6.31 6.38 6.81 5.90 6.17 5.61 6.47 7.49 7.99 8.02 6.73 6.26 6.23 6.26 6.70 6.20 6.45 6.93 7.10 7.61 6.97 8.68 8.81 9.06 8.32 8.70 8.59 8.32 7.56 7.55 7.47 7.35 7.37 7.58 8.46 9.28 -9999 -9999 9.35 8.66 8.17 8.31 8.02 7.88
-9999 -9999 -9999 -9999 -9999 -9999 -9999 -9999 -9999 -9999 -9999 -9999 7.74 11.41 9.27 5.71 7.73 6.41 12.57 11.76 7.75 11.15 10.89 9.51 10.06 8.19 7.10 6.11 6.88 6.56 6.79 6.57 6.15 6.05 5.96 5.83 6.11 6.66 6.08 5.91 6.11 6.45 6.39 7.35 7.66 6.00 7.16 8.08 7.08 7.06 6.70 5.97 6.91 7.78 8.56 8.26 7.86 8.44 9.23 8.80 9.08 8.62 8.27 7.40 7.45 7.45 7.41 7.33 7.15 7.42 7.99 8.73 8.90 8.34 8.13 7.36 8.14 8.20 8.31
-9999 -9999 -9999 -9999 -9999 -9999 -9999 -9999 -9999 -9999 -9999 -9999 -9999 11.44 3.82 4.05 7.64 11.78 10.75 12.14 11.50 8.02 9.31 10.60 7.45 7.05 6.01 5.85 5.97 6.35 6.44 6.49 6.19 5.81 5.64 5.99 5.98 6.53 6.28 5.93 7.91 7.35 6.34 6.38 6.44 6.56 6.45 7.44 7.66 7.22 8.25 6.79 6.68 7.37 6.98 7.36 7.64 7.79 9.13 9.19 8.87 8.13 8.08 7.30 7.36 7.37 7.32 7.32 7.33 7.37 7.36 7.66 7.74 7.57 7.30 7.30 8.21 8.19 8.00
-9999 -9999 -9999 -9999 -9999 -9999 -9999 -9999 -9999 -9999 -9999 -9999 -9999 7.47 11.11 12.09 10.27 8.73 8.03 10.34 8.31 8.48 7.33 6.97 8.86 6.50 5.93 7.32 6.58 6.32 6.18 5.61 5.58 6.09 5.99 7.12 7.08 6.77 6.25 5.83 7.71 8.59 7.40 6.49 6.20 6.53 6.55 6.54 6.87 7.64 9.76 8.57 6.91 6.54 6.85 7.85 8.97 9.20 8.91 9.45 8.87 7.90 7.40 7.16 7.26 7.30 7.40 7.42 7.42 7.45 7.46 7.47 7.43 7.50 7.36 7.16 7.90 7.97 8.60
-9999 -9999 -9999 -9999 -9999 -9999 -9999 -9999 -9999 -9999 -9999 -9999 9.83 9.27 6.99 14.21 8.77 6.67 8.97 8.89 7.79 10.60 7.65 7.30 9.39 5.89 11.22 7.87 5.89 6.04 7.22 5.76 5.42 8.11 8.02 7.37 6.34 6.73 6.57 6.23 7.01 7.64 7.41 6.77 6.55 6.43 6.46 6.84 6.72 7.90 7.94 7.53 7.03 6.68 7.28 8.26 9.35 9.47 8.64 8.71 8.09 7.51 7.23 7.09 7.16 7.31 7.43 7.47 7.43 7.46 7.47 7.30 7.27 7.72 7.63 7.33 7.59 7.99 7.60
-9999 -9999 -9999 -9999 -9999 -9999 -9999 -9999 -9999 -9999 -9999 -9999 8.73 9.47 14.03 7.83 3.70 5.64 6.06 7.98 10.87 10.86 8.34 7.92 7.73 5.84 6.41 7.12 8.24 7.96 6.28 6.28 6.15 6.68 7.43 6.40 6.23 6.91 6.79 7.15 7.55 7.25 7.50 7.21 6.82 6.60 6.37 6.48 6.69 7.53 7.90 7.44 6.51 6.83 7.99 9.26 8.79 9.40 9.22 8.32 7.39 7.95 7.21 7.39 7.23 7.38 7.37 7.44 7.45 7.39 7.34 7.26 7.21 7.95 7.71 7.25 7.37 7.94 7.85
-9999 -9999 -9999 -9999 -9999 -9999 -9999 -9999 -9999 -9999 -9999 -9999 9.90 11.63 5.07 6.12 4.83 6.09 6.60 11.52 10.14 11.54 8.73 7.70 5.78 4.53 5.27 8.44 10.37 11.43 6.90 8.26 6.95 7.19 7.23 5.91 6.13 6.56 6.97 7.37 6.87 7.05 8.33 7.63 6.72 6.63 7.58 6.32 6.84 7.24 7.15 6.71 6.46 7.08 7.71 8.24 8.42 8.37 7.63 7.37 7.66 7.81 6.86 6.87 7.21 7.32 7.38 7.34 7.24 7.27 7.24 7.22 7.23 7.46 7.27 7.39 7.27 7.72 7.77
-9999 -9999 -9999 -9999 -9999 -9999 -9999 -9999 -9999 -9999 -9999 -9999 -9999 6.42 7.26 8.78 10.54 11.28 9.38 10.03 8.34 5.61 5.47 4.84 5.77 5.93 5.19 6.70 7.47 10.56 8.42 7.20 6.77 8.16 7.94 6.08 6.95 6.17 6.51 8.62 7.00 6.92 6.97 7.16 6.40 6.35 7.84 7.32 6.80 7.30 6.93 6.69 7.02 7.78 7.47 7.48 7.19 7.81 7.07 8.03 7.95 7.01 6.80 7.37 7.36 7.15 7.17 7.13 7.14 7.18 7.17 7.18 7.15 7.15 7.16 7.35 7.31 7.35 7.64
-9999 -9999 -9999 -9999 -9999 -9999 -9999 -9999 -9999 -9999 -9999 -9999 -9999 7.64 8.41 9.17 10.85 13.16 11.88 8.66 6.13 4.69 6.21 8.14 9.93 11.68 8.62 6.55 7.40 8.63 7.99 6.13 8.95 8.20 8.14 6.90 7.71 6.66 6.36 7.02 8.27 7.90 7.30 6.86 6.41 6.44 7.47 7.32 6.99 7.03 7.37 7.54 7.75 8.16 7.44 7.20 8.30 8.33 8.25 7.95 8.07 7.14 7.44 7.96 7.13 7.00 7.04 7.03 7.13 7.12 7.09 7.11 7.10 7.13 7.06 6.95 6.82 6.79 7.13
-9999 -9999 -9999 -9999 -9999 -9999 -9999 -9999 -9999 -9999 -9999 -9999 8.71 6.66 7.41 9.47 10.41 9.46 9.03 6.81 7.71 11.97 9.30 9.57 9.58 7.84 7.10 7.93 8.61 7.17 6.39 7.12 8.92 8.82 8.23 6.88 7.96 6.42 6.38 7.82 7.28 7.70 7.80 7.19 6.80 6.70 7.57 7.46 6.78 7.02 7.03 6.94 7.66 7.34 8.30 7.83 8.47 7.79 8.10 8.22 7.39 7.19 8.00 7.92 7.06 7.00 7.27 7.07 7.18 7.16 7.23 7.17 7.06 7.01 6.80 7.09 7.36 7.39 6.75
-9999 -9999 -9999 -9999 -9999 -9999 -9999 -9999 -9999 -9999 -9999 -9999 10.59 8.31 7.05 6.75 8.40 11.71 10.96 9.39 7.82 8.44 9.90 11.12 11.04 7.52 9.73 10.92 7.36 9.50 5.87 6.74 8.57 10.27 7.27 7.72 6.56 5.89 6.20 6.99 9.55 8.10 8.12 7.66 7.31 7.25 7.48 7.21 6.74 6.86 6.77 6.66 6.62 7.85 8.35 8.37 8.94 8.01 7.65 7.69 7.31 7.70 8.17 7.88 7.43 7.72 7.48 7.69 7.30 7.27 7.43 7.41 7.07 6.86 6.62 6.58 7.34 7.40 7.44
-9999 -9999 -9999 -9999 -9999 -9999 -9999 -9999 -9999 -9999 -9999 -9999 9.10 7.87 4.68 5.60 7.99 11.77 9.77 9.74 7.37 9.28 8.80 7.58 8.39 9.30 9.44 8.19 7.10 7.76 10.18 6.91 6.91 7.07 7.28 8.71 7.37 6.01 6.24 6.98 7.42 7.34 8.27 7.90 7.53 7.63 7.02 6.50 6.93 7.09 7.12 6.54 7.13 8.37 8.41 7.65 7.89 8.69 7.82 8.10 7.26 8.16 8.32 7.62 7.54 7.66 7.09 7.24 7.16 7.21 7.26 7.11 6.91 6.78 6.56 6.82 6.39 6.75 7.01
-9999 -9999 -9999 -9999 -9999 -9999 -9999 -9999 -9999 -9999 -9999 8.56 9.30 10.75 7.59 5.22 8.54 9.38 10.94 10.53 5.87 6.48 5.76 7.32 9.07 7.83 8.02 9.96 8.68 8.10 7.74 6.83 6.08 6.33 7.39 7.48 7.21 6.91 6.39 6.26 7.01 7.39 6.90 7.37 7.15 7.72 6.94 6.77 6.83 6.42 6.26 6.54 7.68 7.71 7.82 7.27 8.10 8.27 7.96 7.29 8.12 8.23 8.29 8.44 8.02 7.52 7.29 7.09 7.18 7.24 7.09 6.92 6.67 6.46 6.49 6.79 6.71 6.79 7.06
-9999 -9999 -9999 -9999 -9999 -9999 -9999 -9999 -9999 -9999 9.66 9.35 9.75 7.49 5.29 7.73 10.30 10.26 8.03 9.51 5.95 7.30 5.97 5.94 12.29 8.48 9.51 7.91 8.24 6.99 6.73 7.02 7.97 7.07 8.89 7.40 7.77 6.55 6.28 6.42 6.77 7.13 6.83 6.99 7.33 7.43 6.19 6.68 6.54 6.60 6.72 7.05 7.67 7.11 7.89 7.51 7.80 7.14 7.15 8.28 8.67 8.27 8.46 8.31 7.49 7.78 7.71 7.62 7.54 7.22 6.89 6.55 6.60 6.48 7.04 7.27 7.44 7.47 6.88
-9999 -9999 -9999 -9999 -9999 -9999 -9999 -9999 11.25 9.65 8.31 6.56 5.81 5.72 5.62 8.21 8.73 9.35 10.39 8.51 6.31 3.18 6.31 6.45 10.74 8.82 8.45 8.72 7.45 7.08 6.11 7.14 8.88 8.31 8.40 6.49 6.74 6.64 6.62 7.17 6.88 7.26 6.63 6.76 6.97 6.28 6.11 6.37 7.05 6.82 7.60 8.21 7.80 7.42 7.04 6.90 7.65 8.14 7.97 8.34 7.58 8.36 8.52 7.88 7.16 7.17 7.93 7.78 7.75 6.94 6.61 6.28 6.42 7.28 7.61 7.39 8.14 7.92 7.67
-9999 -9999 -9999 -9999 11.25 10.28 8.92 11.69 11.46 11.26 10.79 7.79 6.39 5.38 9.47 7.24 8.38 7.92 7.26 4.26 3.15 1.88 4.21 5.20 12.14 11.20 9.31 7.46 7.97 7.45 8.90 6.46 8.16 8.50 8.11 7.40 6.64 6.35 7.25 6.74 6.26 7.50 6.57 6.45 5.98 6.22 6.67 7.09 6.33 7.18 6.89 7.30 8.18 8.07 7.82 7.61 8.16 8.22 7.96 7.69 8.43 7.62 7.54 7.36 7.06 7.67 7.86 7.85 7.17 6.56 6.51 6.62 7.54 7.63 7.24 7.93 7.23 7.56 7.94
-9999 -9999 -9999 12.06 9.82 10.22 9.37 8.67 10.17 9.42 9.37 6.85 5.12 7.95 7.99 7.59 3.80 8.13 4.12 1.82 6.71 4.32 2.20 10.07 9.30 8.61 5.23 5.72 6.83 9.92 7.23 6.69 6.65 6.81 8.42 8.09 7.92 6.77 6.96 6.38 6.26 7.11 6.56 6.01 5.98 6.36 6.91 6.64 8.35 6.78 6.59 7.05 7.83 7.37 7.37 7.09 7.32 7.81 7.68 8.34 7.81 7.31 7.38 7.60 7.12 7.32 7.30 6.72 6.50 6.40 6.47 6.67 7.09 7.80 7.75 7.82 7.47 7.38 7.53
-9999 -9999 11.38 10.93 8.13 7.71 7.83 8.60 7.99 8.28 7.06 7.28 10.82 7.59 5.63 7.96 1.84 3.72 3.36 6.43 6.06 7.30 6.02 6.78 6.03 3.85 8.98 9.37 6.53 7.20 6.78 6.52 7.03 6.44 6.74 8.42 8.67 6.54 6.21 6.28 6.68 6.06 5.42 5.69 8.17 6.47 6.25 6.82 7.60 7.06 6.66 7.23 7.76 7.77 8.29 7.76 7.07 6.98 7.04 7.96 7.62 7.14 7.91 7.75 7.14 7.12 6.87 6.56 6.75 6.81 6.84 7.09 7.14 7.80 7.18 7.04 7.34 6.98 7.18
9.60 11.05 8.64 8.50 9.14 8.17 7.69 9.61 8.34 8.10 7.87 10.27 9.25 7.05 7.32 5.67 2.62 1.93 5.24 5.82 4.51 5.33 7.73 5.22 2.69 8.21 10.42 8.60 9.01 6.84 7.18 6.53 6.99 8.75 6.91 9.03 7.38 6.38 6.04 6.31 7.56 5.11 5.42 9.17 6.85 6.39 6.36 6.98 7.89 6.71 6.85 7.23 7.01 7.59 7.64 7.18 6.85 7.14 6.85 7.25 7.57 7.57 7.17 6.81 6.59 6.48 6.86 8.12 7.51 8.30 7.71 6.76 7.83 7.57 7.64 7.33 7.16 7.31 7.07
7.94 10.56 13.47 12.31 11.75 8.74 9.77 11.32 9.94 9.32 11.12 9.20 8.15 9.74 5.87 2.42 2.26 2.21 4.84 4.82 4.48 4.36 4.42 3.40 5.83 15.22 11.87 8.96 6.95 7.63 7.22 8.74 7.29 7.74 6.86 6.95 6.90 6.81 6.14 5.81 5.51 4.86 8.17 8.86 8.01 6.70 6.38 8.83 7.51 6.85 7.09 6.78 7.53 7.50 7.23 6.53 7.53 7.14 6.59 8.15 7.91 6.84 6.64 6.54 6.38 6.85 7.79 8.15 7.97 8.44 7.77 7.37 7.97 7.69 7.07 7.35 7.25 7.47 7.46
8.00 9.31 9.87 9.33 8.04 9.86 8.79 10.50 7.42 8.51 10.65 9.58 7.54 7.83 3.49 1.94 4.82 5.46 4.16 2.83 4.96 2.48 1.96 2.33 7.94 11.98 13.03 7.05 7.93 8.35 8.72 7.87 6.54 7.80 7.28 7.23 6.68 6.81 5.43 4.89 5.69 5.65 8.23 8.14 7.50 6.37 7.16 8.65 8.06 7.61 7.17 7.40 7.30 6.96 6.63 6.66 7.15 7.52 7.16 7.00 6.86 6.55 7.57 8.14 6.73 7.01 7.80 8.10 7.68 8.15 8.07 8.05 8.01 7.12 7.19 7.06 7.13 6.87 7.21
7.77 8.45 8.16 8.69 8.05 8.15 9.31 7.97 8.58 7.24 6.91 6.56 5.70 4.61 5.77 4.01 7.23 12.74 4.37 4.46 5.24 9.90 9.73 2.67 3.09 13.48 10.28 8.66 9.42 10.65 8.63 6.54 5.81 8.12 8.59 7.36 6.55 5.98 5.06 4.74 5.92 8.45 8.79 7.60 7.21 6.87 6.71 6.79 7.78 7.18 7.08 6.87 6.53 6.28 6.32 7.28 7.15 6.98 6.96 6.10 6.27 7.15 7.12 7.79 7.18 7.17 7.22 7.46 7.98 8.17 8.15 8.13 8.17 7.03 6.66 7.09 7.06 6.56 6.89
7.48 8.38 7.41 7.87 7.94 8.03 7.04 6.97 7.73 6.90 8.09 6.74 8.31 4.74 7.17 8.81 8.51 9.28 9.75 7.11 9.24 11.57 6.98 9.10 7.88 3.89 9.54 10.03 7.13 7.73 6.05 7.56 7.42 10.48 9.65 7.26 6.36 5.36 4.85 5.88 8.68 7.45 9.09 7.63 7.35 8.02 6.94 8.00 6.68 6.92 6.55 6.31 6.18 6.46 6.57 6.73 6.50 6.33 5.94 6.09 7.17 8.04 7.54 6.90 7.50 6.94 7.79 7.13 7.15 7.38 7.60 7.81 7.84 7.41 6.54 6.95 6.91 6.65 7.05
7.67 7.22 8.58 9.69 11.33 10.06 8.50 7.59 6.75 7.08 9.72 6.98 7.89 4.91 6.72 7.01 5.89 4.51 6.75 5.86 8.34 8.80 11.12 9.42 10.41 9.43 13.68 8.37 7.35 6.84 7.70 7.13 9.79 9.56 9.79 6.59 5.84 5.00 8.31 8.98 8.67 9.06 7.36 7.83 8.01 7.73 6.70 6.60 6.64 6.38 6.19 6.21 6.18 6.80 6.95 7.21 6.59 5.86 5.83 6.66 8.38 6.89 7.36 7.41 6.93 6.76 6.89 6.63 6.80 7.26 6.97 7.45 7.43 7.11 6.94 6.94 6.45 6.18 7.18
8.20 7.69 7.90 9.60 9.87 10.51 9.57 8.67 7.87 7.32 7.78 9.96 6.21 9.94 8.84 8.58 9.30 7.37 4.92 5.11 7.17 6.51 8.76 8.75 7.48 12.04 12.19 6.98 7.79 5.72 6.50 8.45 9.46 8.95 8.09 6.25 5.41 6.85 6.40 8.26 8.13 7.55 7.82 7.52 7.13 6.92 6.08 5.78 5.82 5.87 7.38 6.24 6.97 6.38 6.32 5.85 5.68 5.92 6.87 8.05 7.68 7.34 7.49 7.21 6.76 6.82 7.25 7.61 6.31 7.10 7.86 7.20 6.89 7.12 6.26 6.48 7.23 6.59 6.21
8.84 9.32 10.19 11.38 -9999 -9999 -9999 -9999 9.26 8.80 9.56 7.14 6.00 7.43 7.52 7.03 6.13 2.58 11.11 11.71 7.10 6.10 6.61 8.38 9.47 11.47 8.83 7.39 6.27 5.44 9.64 8.67 10.30 7.41 6.90 6.23 5.85 7.84 6.44 8.11 8.00 7.21 7.29 6.99 6.58 6.02 5.66 5.55 5.70 5.87 7.09 6.40 6.72 6.65 6.05 5.89 5.91 7.44 7.35 7.67 7.80 7.86 6.53 6.39 6.18 7.20 7.59 7.24 6.07 6.81 7.47 7.22 6.76 7.32 6.78 6.55 6.81 6.73 6.16
