ML/MeanWindSpeed_1999-02_Actual.txt
ncols         180
nrows         290
xllcorner     -200000
yllcorner     -200000
cellsize      5000
NODATA_value  -9999
[rows 102 to 135 of 290, columns 77 to 153 of 180]
-9999 14.74 16.13 17.05 6.49 20.78 15.86 15.00 11.02 23.29 15.79 25.54 17.43 16.95 25.36 15.27 10.02 18.44 23.62 23.43 14.78 15.92 17.26 16.06 13.83 12.43 11.52 11.17 15.40 13.37 13.30 13.06 13.71 14.26 14.20 14.80 -9999 -9999 -9999 -9999 -9999 -9999 -9999 -9999 -9999 -9999 -9999 -9999 -9999 -9999 -9999 -9999 -9999 -9999 -9999 -9999 -9999 -9999 -9999 -9999 -9999 -9999 -9999 -9999 -9999 -9999 -9999 -9999 -9999 -9999 -9999 -9999 -9999 -9999 -9999 -9999 -9999
13.32 11.06 7.74 8.56 14.30 22.79 9.15 12.19 22.10 16.74 18.11 24.14 25.33 21.47 11.94 19.77 19.51 23.23 20.16 16.56 21.17 22.25 17.39 14.22 11.55 11.09 12.53 16.77 14.01 12.83 13.62 12.75 12.79 13.52 -9999 -9999 -9999 -9999 -9999 -9999 -9999 -9999 -9999 -9999 -9999 -9999 -9999 -9999 -9999 -9999 -9999 -9999 -9999 -9999 -9999 -9999 -9999 -9999 -9999 -9999 -9999 -9999 -9999 -9999 -9999 -9999 -9999 -9999 -9999 -9999 -9999 -9999 -9999 -9999 -9999 -9999 -9999
12.24 12.59 13.95 11.71 14.94 8.62 7.13 11.71 17.27 15.48 13.35 13.56 16.07 18.96 23.16 15.96 19.01 17.51 20.40 21.96 18.63 17.86 15.38 13.13 11.33 11.19 14.27 14.02 11.93 11.76 11.84 12.88 12.83 -9999 -9999 -9999 -9999 -9999 -9999 -9999 -9999 -9999 -9999 -9999 -9999 -9999 -9999 -9999 -9999 -9999 -9999 -9999 -9999 -9999 -9999 -9999 -9999 -9999 -9999 -9999 -9999 -9999 -9999 -9999 -9999 -9999 -9999 -9999 -9999 -9999 -9999 -9999 -9999 -9999 -9999 -9999 -9999
14.76 13.14 16.52 12.17 8.57 11.31 16.73 17.40 15.78 14.07 16.16 21.86 16.65 19.43 13.69 16.74 21.51 16.04 12.47 12.15 13.79 12.35 11.76 12.41 12.39 11.00 12.33 11.56 11.22 13.64 12.76 12.85 12.72 -9999 -9999 -9999 -9999 -9999 -9999 -9999 -9999 -9999 -9999 -9999 -9999 -9999 -9999 -9999 -9999 -9999 -9999 -9999 -9999 -9999 -9999 -9999 -9999 -9999 -9999 -9999 -9999 -9999 -9999 -9999 -9999 -9999 -9999 -9999 -9999 -9999 -9999 -9999 -9999 -9999 -9999 -9999 -9999
14.17 15.01 12.71 14.24 18.22 16.97 20.24 13.42 17.97 10.74 20.88 13.70 24.25 14.30 17.93 25.67 18.24 14.64 16.90 15.37 11.92 11.21 10.04 9.86 11.36 10.34 10.18 11.68 12.00 11.70 11.79 10.53 12.04 13.09 -9999 -9999 -9999 -9999 -9999 -9999 -9999 -9999 -9999 -9999 -9999 -9999 -9999 -9999 -9999 -9999 -9999 -9999 -9999 -9999 -9999 -9999 -9999 -9999 -9999 -9999 -9999 -9999 -9999 -9999 -9999 -9999 -9999 -9999 -9999 -9999 -9999 -9999 -9999 -9999 -9999 -9999 -9999
15.48 15.34 9.81 17.67 13.64 8.98 14.44 19.87 19.56 10.98 20.63 18.65 19.81 16.03 20.90 17.69 19.08 22.30 17.37 15.11 12.63 11.00 11.18 12.99 13.69 15.20 14.59 12.44 10.84 10.02 12.55 11.13 13.71 13.89 15.25 -9999 -9999 -9999 -9999 -9999 -9999 -9999 -9999 -9999 -9999 -9999 -9999 -9999 -9999 -9999 -9999 -9999 -9999 -9999 -9999 -9999 -9999 -9999 -9999 -9999 -9999 -9999 -9999 -9999 -9999 -9999 -9999 -9999 -9999 -9999 -9999 -9999 -9999 -9999 -9999 -9999 -9999
16.03 11.95 16.41 16.92 13.06 8.66 16.67 19.33 23.46 12.79 19.98 17.32 18.10 17.50 18.44 13.00 14.74 15.63 14.11 10.68 12.00 14.33 18.37 17.48 15.93 13.64 13.06 14.53 10.23 11.81 13.11 13.86 14.39 14.74 15.42 15.70 -9999 -9999 -9999 -9999 -9999 -9999 -9999 -9999 -9999 -9999 -9999 -9999 -9999 -9999 -9999 -9999 -9999 -9999 -9999 -9999 -9999 -9999 -9999 -9999 -9999 -9999 -9999 -9999 -9999 -9999 -9999 -9999 -9999 -9999 -9999 -9999 -9999 -9999 -9999 -9999 -9999
11.28 16.95 20.02 11.45 9.04 14.29 21.10 16.71 9.72 13.15 28.04 15.40 15.09 16.92 16.96 14.20 13.03 10.63 10.05 13.70 20.04 19.35 16.90 15.57 12.53 11.61 12.32 14.05 12.30 13.47 13.16 13.02 14.05 14.53 14.95 -9999 -9999 -9999 -9999 -9999 -9999 -9999 -9999 -9999 -9999 -9999 -9999 -9999 -9999 -9999 -9999 -9999 -9999 -9999 -9999 -9999 -9999 -9999 -9999 -9999 -9999 -9999 -9999 -9999 -9999 -9999 -9999 -9999 -9999 -9999 -9999 -9999 -9999 -9999 -9999 -9999 -9999
13.67 14.77 13.62 12.40 18.58 11.61 18.11 19.33 19.29 14.47 13.01 23.88 15.87 13.37 11.88 11.44 10.83 10.14 9.63 14.08 12.25 11.39 10.38 12.28 14.45 12.84 13.07 12.64 12.91 14.76 14.67 -9999 -9999 -9999 -9999 -9999 -9999 -9999 -9999 -9999 -9999 -9999 -9999 -9999 -9999 -9999 -9999 -9999 -9999 -9999 -9999 -9999 -9999 -9999 -9999 -9999 -9999 -9999 -9999 -9999 -9999 -9999 -9999 -9999 -9999 -9999 -9999 -9999 -9999 -9999 -9999 -9999 -9999 -9999 -9999 -9999 -9999
15.56 13.60 9.88 17.35 17.67 20.36 21.06 10.89 19.63 19.46 11.85 15.96 16.58 12.31 11.62 12.80 14.67 16.38 12.17 11.50 11.44 11.61 11.84 12.57 13.80 12.91 13.27 14.55 14.43 -9999 -9999 -9999 -9999 -9999 -9999 -9999 -9999 -9999 -9999 -9999 -9999 -9999 -9999 -9999 -9999 -9999 -9999 -9999 -9999 -9999 -9999 -9999 -9999 -9999 -9999 -9999 -9999 -9999 -9999 -9999 -9999 -9999 -9999 -9999 -9999 -9999 -9999 -9999 -9999 -9999 -9999 -9999 -9999 -9999 -9999 -9999 -9999
14.23 11.65 17.64 13.31 18.55 21.64 18.28 15.34 20.34 20.26 12.43 11.78 9.85 9.59 10.43 11.73 16.08 18.08 14.73 12.86 11.44 11.17 12.37 11.84 12.45 13.17 15.57 17.00 15.35 -9999 -9999 -9999 -9999 -9999 -9999 -9999 -9999 -9999 -9999 -9999 -9999 -9999 -9999 -9999 -9999 -9999 -9999 -9999 -9999 -9999 -9999 -9999 -9999 -9999 -9999 -9999 -9999 -9999 -9999 -9999 -9999 -9999 -9999 -9999 -9999 -9999 -9999 -9999 -9999 -9999 -9999 -9999 -9999 -9999 -9999 -9999 -9999
-9999 13.89 17.47 13.88 18.83 18.64 20.17 14.02 12.89 14.45 13.11 12.35 11.67 8.68 18.48 18.91 17.87 18.21 14.27 11.03 10.90 10.74 10.94 10.92 11.31 12.73 12.51 -9999 -9999 -9999 -9999 -9999 14.64 13.54 13.87 13.52 -9999 -9999 -9999 -9999 -9999 -9999 -9999 -9999 -9999 -9999 -9999 -9999 -9999 -9999 -9999 -9999 -9999 -9999 -9999 -9999 -9999 -9999 -9999 -9999 -9999 -9999 -9999 -9999 -9999 -9999 -9999 -9999 -9999 -9999 -9999 -9999 -9999 -9999 -9999 -9999 -9999
-9999 14.36 19.27 14.03 12.21 23.56 13.87 13.43 12.51 11.21 11.84 13.82 16.98 12.93 13.12 11.94 12.33 11.69 11.95 12.08 12.40 12.06 11.33 11.90 12.51 12.19 11.99 12.82 13.94 -9999 -9999 12.62 12.00 11.66 10.55 11.27 12.54 13.63 -9999 -9999 -9999 -9999 -9999 -9999 -9999 -9999 -9999 -9999 -9999 -9999 -9999 -9999 -9999 -9999 -9999 -9999 -9999 -9999 -9999 -9999 -9999 -9999 -9999 -9999 -9999 -9999 -9999 -9999 -9999 -9999 -9999 -9999 -9999 -9999 -9999 -9999 -9999
13.15 17.21 14.85 15.66 17.79 19.26 12.96 14.08 16.26 15.26 13.93 11.39 11.57 12.47 12.01 12.00 11.47 11.09 11.61 12.63 12.40 11.32 12.86 13.40 11.07 10.03 10.49 11.27 13.03 11.84 11.91 12.14 10.70 8.72 9.53 12.68 13.61 15.94 12.56 -9999 -9999 -9999 -9999 -9999 -9999 -9999 -9999 -9999 -9999 -9999 -9999 -9999 -9999 -9999 -9999 -9999 -9999 -9999 -9999 -9999 -9999 -9999 -9999 -9999 -9999 -9999 -9999 -9999 -9999 -9999 -9999 -9999 -9999 -9999 -9999 -9999 -9999
18.24 15.13 19.12 17.65 15.03 13.65 -9999 15.91 18.43 14.54 12.80 11.21 10.99 10.78 11.19 11.84 11.26 10.99 12.96 13.13 13.24 12.19 11.29 11.05 9.68 10.03 10.96 12.77 11.28 9.96 12.00 10.69 9.96 8.86 10.73 13.32 14.08 15.41 13.86 15.71 17.31 14.16 -9999 -9999 -9999 -9999 -9999 -9999 -9999 -9999 -9999 -9999 -9999 -9999 -9999 -9999 -9999 -9999 -9999 -9999 -9999 -9999 -9999 -9999 -9999 -9999 -9999 -9999 -9999 -9999 -9999 -9999 -9999 -9999 -9999 -9999 -9999
22.61 16.55 -9999 16.66 17.99 13.88 -9999 17.12 21.16 15.36 13.75 11.44 11.35 10.75 10.83 10.02 9.88 9.95 11.18 13.67 13.65 13.60 11.61 10.95 11.55 12.80 15.40 13.66 10.44 8.84 10.33 10.26 10.11 15.13 16.44 14.20 14.49 13.64 13.61 14.07 12.39 13.88 -9999 -9999 -9999 -9999 -9999 -9999 -9999 -9999 -9999 -9999 -9999 -9999 -9999 -9999 -9999 -9999 -9999 -9999 -9999 -9999 -9999 -9999 -9999 -9999 -9999 -9999 -9999 -9999 -9999 -9999 -9999 -9999 -9999 -9999 -9999
18.73 16.57 -9999 -9999 18.06 14.98 13.95 17.06 18.81 12.46 12.40 14.27 12.40 11.51 11.17 13.97 11.19 9.29 10.18 11.12 12.85 13.48 14.22 12.04 14.48 15.52 13.67 12.44 11.91 10.64 11.27 12.47 13.19 13.14 16.33 14.81 14.35 14.39 11.15 11.03 12.35 14.06 15.03 -9999 -9999 -9999 -9999 -9999 -9999 -9999 -9999 -9999 -9999 -9999 -9999 -9999 -9999 -9999 -9999 -9999 -9999 -9999 -9999 -9999 -9999 -9999 -9999 -9999 -9999 -9999 -9999 -9999 -9999 -9999 -9999 -9999 -9999
-9999 -9999 -9999 -9999 -9999 15.99 14.26 18.35 14.98 11.31 11.77 13.07 14.44 12.95 11.95 13.49 13.82 11.65 9.21 11.57 14.23 12.96 12.47 13.08 15.18 14.04 12.25 12.42 12.23 15.33 14.73 13.10 12.56 11.63 14.61 14.25 13.55 14.39 11.81 11.01 10.99 11.20 12.25 -9999 -9999 -9999 -9999 -9999 -9999 -9999 -9999 -9999 -9999 -9999 -9999 -9999 -9999 -9999 -9999 -9999 -9999 -9999 -9999 -9999 -9999 -9999 -9999 -9999 -9999 -9999 -9999 -9999 -9999 -9999 -9999 -9999 -9999
13.80 19.04 20.41 -9999 -9999 -9999 15.86 17.04 14.16 12.18 11.34 11.89 13.53 14.15 14.70 15.28 14.08 13.21 11.81 9.25 13.76 12.60 12.16 12.67 11.97 11.75 13.70 11.59 15.08 18.98 17.34 14.82 14.85 12.03 13.37 13.12 13.55 13.95 11.68 10.63 10.39 10.62 11.94 12.96 -9999 -9999 -9999 -9999 -9999 -9999 -9999 -9999 -9999 -9999 -9999 -9999 -9999 -9999 -9999 -9999 -9999 -9999 -9999 -9999 -9999 -9999 -9999 -9999 -9999 -9999 -9999 -9999 -9999 -9999 -9999 -9999 -9999
17.45 20.20 22.46 16.83 -9999 -9999 -9999 16.05 14.57 12.10 11.14 11.10 11.39 13.25 13.59 13.28 12.25 12.31 12.51 12.71 11.67 11.88 11.72 13.41 12.78 15.66 10.85 11.92 11.63 12.66 17.33 16.99 14.55 13.42 11.97 11.82 12.27 12.52 10.82 10.28 9.69 10.63 11.51 11.55 12.31 -9999 -9999 -9999 -9999 -9999 -9999 -9999 -9999 -9999 -9999 -9999 -9999 -9999 -9999 -9999 -9999 -9999 -9999 -9999 -9999 -9999 -9999 -9999 -9999 -9999 -9999 -9999 -9999 -9999 -9999 -9999 -9999
14.00 19.15 20.54 15.55 -9999 -9999 -9999 -9999 -9999 13.50 11.83 10.11 9.77 10.31 10.51 11.90 15.16 15.11 13.40 12.29 11.67 13.21 12.38 12.15 11.52 14.38 10.37 12.21 13.47 12.53 10.16 12.23 11.46 12.76 10.96 12.38 11.70 10.17 9.75 9.45 9.47 9.05 11.65 11.90 11.60 11.99 -9999 -9999 -9999 -9999 -9999 -9999 -9999 -9999 -9999 -9999 -9999 -9999 -9999 -9999 -9999 -9999 -9999 -9999 -9999 -9999 -9999 -9999 -9999 -9999 -9999 -9999 -9999 -9999 -9999 -9999 -9999
14.84 15.61 23.63 17.55 -9999 -9999 -9999 -9999 -9999 14.25 12.97 12.35 10.33 12.09 14.25 13.30 15.31 16.23 15.15 12.49 13.84 12.63 11.51 13.39 13.96 9.40 19.08 12.91 16.41 12.91 15.68 15.15 10.72 13.12 11.41 10.66 9.77 10.08 11.37 11.80 10.58 10.71 8.81 11.20 13.27 11.43 13.35 14.50 -9999 -9999 -9999 -9999 -9999 -9999 -9999 -9999 -9999 -9999 -9999 -9999 -9999 -9999 -9999 -9999 -9999 -9999 -9999 -9999 -9999 -9999 -9999 -9999 -9999 -9999 -9999 -9999 -9999
-9999 19.48 22.83 21.80 -9999 -9999 -9999 -9999 -9999 14.20 12.24 11.78 10.68 11.37 13.19 11.21 12.45 13.03 15.04 13.54 12.99 11.64 14.26 17.97 14.71 12.99 20.65 18.32 13.46 14.37 12.46 10.44 12.20 12.91 11.32 11.61 11.25 9.14 9.36 9.57 11.84 15.25 11.95 10.90 12.31 12.66 11.98 13.37 -9999 -9999 -9999 -9999 -9999 -9999 -9999 -9999 -9999 -9999 -9999 -9999 -9999 -9999 -9999 -9999 -9999 -9999 -9999 -9999 -9999 -9999 -9999 -9999 -9999 -9999 -9999 -9999 -9999
-9999 17.27 19.38 20.80 -9999 -9999 -9999 -9999 -9999 13.48 11.79 11.15 10.96 10.93 11.28 11.92 15.70 17.69 14.77 15.15 11.72 11.70 11.90 14.66 10.05 16.68 15.57 13.45 14.90 15.92 10.82 13.56 11.68 12.54 12.13 9.57 10.66 10.61 9.64 8.86 16.22 17.14 15.47 10.67 11.87 12.68 12.02 13.48 -9999 -9999 -9999 -9999 -9999 -9999 -9999 -9999 -9999 -9999 -9999 -9999 -9999 -9999 -9999 -9999 -9999 -9999 -9999 -9999 -9999 -9999 -9999 -9999 -9999 -9999 -9999 -9999 -9999
-9999 -9999 -9999 -9999 -9999 -9999 -9999 -9999 16.41 13.20 12.15 10.93 11.42 12.09 11.03 12.40 13.11 15.89 13.55 13.10 15.82 13.64 15.20 15.00 14.76 18.29 17.52 12.11 13.38 14.68 13.83 12.64 13.08 10.27 11.42 11.83 9.06 10.17 9.39 12.89 14.88 18.68 16.17 10.93 10.86 10.65 11.90 13.44 -9999 -9999 -9999 -9999 -9999 -9999 -9999 -9999 -9999 -9999 -9999 -9999 -9999 -9999 -9999 -9999 -9999 -9999 -9999 -9999 -9999 -9999 -9999 -9999 -9999 -9999 -9999 -9999 -9999
-9999 -9999 -9999 -9999 -9999 -9999 -9999 -9999 17.38 10.79 10.72 12.57 14.28 13.41 11.48 11.78 12.64 10.26 11.02 15.36 16.37 14.27 13.35 11.10 9.48 17.37 11.60 12.44 12.24 13.07 12.77 11.34 9.24 12.23 11.55 10.98 9.60 9.86 12.35 14.19 13.98 16.30 15.87 11.31 9.73 10.60 13.08 12.45 -9999 -9999 -9999 -9999 -9999 -9999 -9999 -9999 -9999 -9999 -9999 -9999 -9999 -9999 -9999 -9999 -9999 -9999 -9999 -9999 -9999 -9999 -9999 -9999 -9999 -9999 -9999 -9999 -9999
-9999 -9999 -9999 -9999 -9999 -9999 -9999 15.73 14.08 9.18 11.15 12.91 11.35 13.92 16.00 15.14 17.81 15.43 12.49 10.62 11.48 14.99 14.21 12.13 8.08 11.33 16.16 12.26 14.94 11.85 11.86 8.98 9.53 11.63 10.44 10.56 11.69 13.67 15.84 15.20 13.74 12.80 12.17 10.75 13.33 14.57 13.12 12.83 -9999 -9999 -9999 -9999 -9999 -9999 -9999 -9999 -9999 -9999 -9999 -9999 -9999 -9999 -9999 -9999 -9999 -9999 -9999 -9999 -9999 -9999 -9999 -9999 -9999 -9999 -9999 -9999 -9999
-9999 -9999 -9999 -9999 -9999 -9999 -9999 13.58 9.72 13.09 11.42 13.65 11.11 14.31 14.45 17.71 16.85 17.05 15.22 12.75 9.64 19.37 19.00 12.73 7.88 12.55 15.28 11.41 11.88 13.64 9.90 12.19 13.63 11.48 13.03 13.42 17.29 12.14 11.88 13.20 14.25 14.34 11.40 9.81 11.97 12.34 11.90 12.39 14.07 -9999 -9999 -9999 -9999 -9999 -9999 -9999 -9999 -9999 -9999 -9999 -9999 -9999 -9999 -9999 -9999 -9999 -9999 -9999 -9999 -9999 -9999 -9999 -9999 -9999 -9999 -9999 -9999
-9999 -9999 -9999 -9999 -9999 -9999 13.01 14.61 13.94 12.94 14.09 14.21 12.31 10.93 16.01 15.59 17.42 16.89 16.56 11.75 8.12 12.61 15.14 13.89 9.50 9.55 11.91 11.28 11.03 11.49 15.28 11.18 10.73 11.02 9.87 16.06 14.08 16.44 14.71 11.20 12.22 12.98 13.89 14.97 11.75 11.33 11.19 12.05 13.46 -9999 -9999 -9999 -9999 -9999 -9999 -9999 -9999 -9999 -9999 -9999 -9999 -9999 -9999 -9999 -9999 -9999 -9999 -9999 -9999 -9999 -9999 -9999 -9999 -9999 -9999 -9999 -9999
-9999 -9999 -9999 -9999 -9999 -9999 14.59 13.57 11.85 16.33 15.55 13.32 13.15 16.73 11.94 13.46 16.41 14.59 14.56 10.10 8.00 11.31 13.30 15.27 9.31 9.64 9.84 10.49 8.81 13.36 9.46 14.39 12.01 9.55 16.65 10.61 12.68 13.94 13.09 13.94 10.72 11.02 14.23 13.95 12.05 12.69 12.14 11.98 13.53 -9999 -9999 -9999 -9999 -9999 -9999 -9999 -9999 -9999 -9999 -9999 -9999 -9999 -9999 -9999 -9999 -9999 -9999 -9999 -9999 -9999 -9999 -9999 -9999 -9999 -9999 -9999 -9999
-9999 -9999 -9999 -9999 -9999 15.47 12.59 11.45 14.19 11.91 12.32 19.74 15.92 15.60 11.69 13.48 14.36 12.64 14.26 13.07 10.79 13.18 13.12 10.17 8.46 9.20 11.19 11.23 14.27 11.21 9.83 14.49 9.96 11.02 16.78 12.08 11.02 10.03 12.05 13.54 12.70 13.50 13.96 12.22 11.84 11.84 11.30 11.66 13.20 -9999 -9999 -9999 -9999 -9999 -9999 -9999 -9999 -9999 -9999 -9999 -9999 -9999 -9999 -9999 -9999 -9999 -9999 -9999 -9999 -9999 -9999 -9999 -9999 -9999 -9999 -9999 -9999
-9999 -9999 -9999 -9999 13.39 13.82 14.16 11.31 11.91 11.89 10.97 14.16 13.78 20.28 11.48 10.95 12.31 12.88 13.39 13.92 12.09 10.36 9.45 12.27 8.99 8.42 10.69 11.45 11.63 11.39 9.74 11.79 8.13 10.07 15.24 14.18 14.59 13.38 12.51 11.14 11.06 13.83 12.94 12.20 12.06 11.90 11.96 11.29 12.41 14.08 -9999 -9999 -9999 -9999 -9999 -9999 -9999 -9999 -9999 -9999 -9999 -9999 -9999 -9999 -9999 -9999 -9999 -9999 -9999 -9999 -9999 -9999 -9999 -9999 -9999 -9999 -9999
-9999 -9999 -9999 -9999 15.00 17.95 14.30 13.35 11.96 10.34 9.18 19.47 16.33 14.03 13.52 10.66 10.84 11.99 11.89 16.81 11.71 9.62 9.02 9.41 12.29 9.30 12.01 11.40 12.28 11.29 10.64 10.09 11.18 9.01 12.26 13.27 12.53 13.92 12.36 11.04 10.61 12.18 11.61 13.14 12.34 11.13 10.30 11.40 12.35 13.59 -9999 -9999 -9999 -9999 -9999 -9999 -9999 -9999 -9999 -9999 -9999 -9999 -9999 -9999 -9999 -9999 -9999 -9999 -9999 -9999 -9999 -9999 -9999 -9999 -9999 -9999 -9999
-9999 -9999 15.36 14.00 16.00 14.34 13.60 14.64 12.37 11.41 9.55 15.03 14.19 14.73 13.32 12.43 10.04 12.39 13.05 12.09 12.15 11.54 8.87 9.38 10.97 10.60 10.66 11.35 11.83 10.77 9.94 10.86 9.78 9.29 13.46 12.31 11.83 12.12 14.33 12.68 11.42 9.34 10.78 11.64 11.39 10.91 10.24 10.83 11.71 13.16 -9999 -9999 -9999 -9999 -9999 -9999 -9999 -9999 -9999 -9999 -9999 -9999 -9999 -9999 -9999 -9999 -9999 -9999 -9999 -9999 -9999 -9999 -9999 -9999 -9999 -9999 -9999
