ML/MeanWindSpeed_1992-06_Actual.txt
ncols         180
nrows         290
xllcorner     -200000
yllcorner     -200000
cellsize      5000
NODATA_value  -9999
[rows 140 to 174 of 290, columns 79 to 157 of 180]
-9999 -9999 9.44 -9999 -9999 -9999 8.39 8.50 7.49 7.42 8.11 -9999 -9999 8.59 7.26 9.09 9.95 -9999 -9999 -9999 -9999 -9999 7.34 6.62 5.14 5.68 6.16 7.18 7.13 7.66 7.63 6.00 7.80 10.57 12.10 9.98 11.37 11.97 12.13 10.08 10.46 10.67 9.78 8.27 8.32 8.52 6.46 7.05 8.46 8.92 -9999 -9999 -9999 -9999 -9999 -9999 -9999 -9999 -9999 -9999 -9999 -9999 -9999 -9999 -9999 -9999 -9999 -9999 -9999 -9999 -9999 -9999 -9999 -9999 -9999 -9999 -9999 -9999 -9999
-9999 -9999 9.38 9.24 -9999 -9999 -9999 8.43 8.83 8.49 8.73 -9999 -9999 -9999 -9999 8.92 -9999 -9999 -9999 -9999 -9999 -9999 6.23 5.55 4.95 5.73 7.11 7.65 7.15 7.39 6.86 6.31 6.71 9.53 11.29 8.95 12.98 12.45 13.26 10.79 10.86 11.98 9.97 8.75 8.36 7.21 6.26 7.12 8.33 8.49 -9999 -9999 -9999 -9999 -9999 -9999 -9999 -9999 -9999 -9999 -9999 -9999 -9999 -9999 -9999 -9999 -9999 -9999 -9999 -9999 -9999 -9999 -9999 -9999 -9999 -9999 -9999 -9999 -9999
-9999 -9999 -9999 10.25 -9999 -9999 -9999 -9999 8.70 9.42 9.13 -9999 -9999 -9999 -9999 -9999 -9999 -9999 -9999 -9999 -9999 6.89 5.91 5.82 5.84 6.01 7.43 7.66 7.39 7.67 7.22 7.15 6.33 7.65 12.67 13.30 13.13 12.77 10.66 9.81 10.11 8.93 7.47 9.19 9.33 7.06 6.61 7.47 8.00 7.82 7.71 -9999 -9999 -9999 -9999 -9999 -9999 -9999 -9999 -9999 -9999 -9999 -9999 -9999 -9999 -9999 -9999 -9999 -9999 -9999 -9999 -9999 -9999 -9999 -9999 -9999 -9999 -9999 -9999
-9999 -9999 -9999 11.13 -9999 -9999 -9999 -9999 -9999 -9999 -9999 -9999 -9999 -9999 -9999 -9999 -9999 -9999 -9999 -9999 -9999 6.95 5.54 4.59 4.14 3.58 9.24 7.86 7.37 9.15 7.44 8.38 5.36 5.92 10.66 14.15 12.06 10.93 13.93 15.04 13.55 11.56 10.37 7.34 7.85 7.65 8.22 7.53 7.07 7.18 7.29 7.50 -9999 -9999 -9999 -9999 -9999 -9999 -9999 -9999 -9999 -9999 -9999 -9999 -9999 -9999 -9999 -9999 -9999 -9999 -9999 -9999 -9999 -9999 -9999 -9999 -9999 -9999 -9999
-9999 -9999 -9999 -9999 -9999 -9999 -9999 -9999 -9999 -9999 -9999 -9999 -9999 -9999 -9999 -9999 -9999 -9999 -9999 -9999 7.07 6.38 5.21 4.21 6.62 3.14 12.94 12.64 6.98 8.16 7.86 7.26 7.38 5.60 7.05 14.15 14.10 12.60 11.35 10.46 11.99 11.36 10.30 8.74 7.85 7.55 7.16 6.82 6.83 6.06 5.87 6.57 -9999 -9999 -9999 -9999 -9999 -9999 -9999 -9999 -9999 -9999 -9999 -9999 -9999 -9999 -9999 -9999 -9999 -9999 -9999 -9999 -9999 -9999 -9999 -9999 -9999 -9999 -9999
-9999 -9999 -9999 -9999 -9999 -9999 -9999 -9999 -9999 -9999 -9999 -9999 -9999 -9999 -9999 -9999 -9999 -9999 -9999 -9999 6.31 6.85 4.80 6.23 11.87 6.29 4.18 8.86 9.84 8.69 8.86 8.20 7.62 6.71 7.34 9.28 15.71 13.53 12.57 10.79 10.44 10.14 8.46 8.07 7.92 8.39 7.00 7.25 6.14 5.68 5.21 5.55 6.36 7.18 7.57 -9999 -9999 -9999 -9999 -9999 -9999 -9999 -9999 -9999 -9999 -9999 -9999 -9999 -9999 -9999 -9999 -9999 -9999 -9999 -9999 -9999 -9999 -9999 -9999
-9999 -9999 -9999 -9999 -9999 -9999 -9999 -9999 -9999 -9999 -9999 -9999 -9999 -9999 -9999 -9999 -9999 -9999 -9999 -9999 6.23 6.07 5.81 8.57 5.51 5.65 6.87 10.08 8.06 7.94 11.32 7.38 8.91 7.65 7.70 7.93 10.57 12.43 12.12 11.25 10.55 8.75 8.50 7.77 7.14 6.81 6.78 6.38 6.16 5.30 4.91 5.05 7.62 6.81 7.90 8.80 8.82 -9999 -9999 -9999 -9999 -9999 -9999 -9999 -9999 -9999 -9999 -9999 -9999 -9999 -9999 -9999 -9999 -9999 -9999 -9999 -9999 -9999 -9999
-9999 -9999 -9999 -9999 -9999 -9999 -9999 -9999 -9999 -9999 -9999 -9999 -9999 -9999 -9999 -9999 -9999 -9999 -9999 -9999 6.24 5.97 6.72 10.95 12.14 8.89 5.97 7.14 8.45 11.25 8.07 10.91 9.31 8.46 8.79 8.68 7.80 8.67 11.93 11.33 10.32 9.43 8.49 7.82 7.51 7.19 6.56 6.51 6.08 5.38 5.56 5.64 6.49 8.81 8.56 8.82 9.76 9.73 8.47 -9999 -9999 -9999 -9999 -9999 -9999 -9999 -9999 -9999 -9999 -9999 -9999 -9999 -9999 -9999 -9999 -9999 -9999 -9999 -9999
-9999 -9999 -9999 -9999 -9999 -9999 -9999 -9999 -9999 -9999 -9999 -9999 -9999 -9999 -9999 -9999 -9999 -9999 -9999 -9999 6.56 5.50 7.20 8.68 5.60 15.05 12.47 7.13 9.29 8.03 11.53 12.07 9.18 8.04 8.63 8.94 7.57 13.66 12.51 12.10 12.33 12.23 11.15 8.21 8.79 7.48 6.96 6.78 6.50 6.26 6.07 5.62 6.24 8.37 7.59 7.38 7.97 9.00 7.81 9.99 -9999 -9999 -9999 -9999 -9999 -9999 -9999 -9999 -9999 -9999 -9999 -9999 -9999 -9999 -9999 -9999 -9999 -9999 -9999
-9999 -9999 -9999 -9999 -9999 -9999 -9999 -9999 9.10 9.58 9.89 -9999 -9999 -9999 -9999 -9999 -9999 -9999 -9999 -9999 -9999 6.05 5.25 5.01 7.05 8.55 11.21 6.62 4.98 9.51 9.41 8.80 7.98 9.39 9.48 8.42 9.05 11.33 11.60 14.41 13.26 11.18 10.28 10.43 8.95 7.72 7.22 6.90 6.86 6.36 6.11 9.47 8.55 11.11 11.37 10.38 9.46 7.35 9.56 9.80 8.91 -9999 -9999 -9999 -9999 -9999 -9999 -9999 -9999 -9999 -9999 -9999 -9999 -9999 -9999 -9999 -9999 -9999 -9999
-9999 -9999 -9999 -9999 -9999 -9999 -9999 -9999 7.79 8.05 -9999 -9999 -9999 -9999 -9999 -9999 -9999 -9999 -9999 -9999 -9999 -9999 5.05 3.72 7.19 7.62 13.85 7.44 7.99 7.87 6.53 6.20 6.67 6.58 13.11 8.34 9.33 13.46 11.44 9.16 8.48 11.84 8.55 10.50 8.70 7.61 7.07 6.95 6.58 6.91 8.82 9.66 8.89 8.56 7.98 8.79 9.55 9.12 9.45 9.13 10.59 -9999 -9999 -9999 -9999 -9999 -9999 -9999 -9999 -9999 -9999 -9999 -9999 -9999 -9999 -9999 -9999 -9999 -9999
-9999 -9999 -9999 -9999 -9999 -9999 -9999 7.17 9.15 8.72 8.32 -9999 -9999 -9999 -9999 -9999 -9999 -9999 -9999 -9999 -9999 -9999 5.18 6.61 7.39 8.17 6.68 7.67 6.39 6.41 5.92 5.76 7.44 6.55 6.04 13.09 9.80 9.37 12.30 10.73 12.83 10.31 10.46 9.01 8.34 7.73 7.52 6.89 6.45 7.30 8.45 7.98 8.66 9.27 8.70 9.01 8.71 8.88 9.17 7.93 10.07 9.17 -9999 -9999 -9999 -9999 -9999 -9999 -9999 -9999 -9999 -9999 -9999 -9999 -9999 -9999 -9999 -9999 -9999
-9999 -9999 -9999 -9999 -9999 -9999 6.60 9.40 10.34 12.84 8.07 -9999 -9999 -9999 -9999 -9999 -9999 -9999 -9999 -9999 -9999 -9999 6.03 9.43 7.38 4.60 6.17 5.61 6.32 5.21 4.89 5.92 7.13 5.54 10.95 9.06 11.66 9.48 13.31 8.92 10.05 8.45 9.96 8.50 8.46 8.25 7.15 6.98 6.25 6.22 8.83 9.40 9.10 8.07 8.03 7.70 7.68 7.90 9.22 9.18 8.77 9.36 -9999 -9999 -9999 -9999 -9999 -9999 -9999 -9999 -9999 -9999 -9999 -9999 -9999 -9999 -9999 -9999 -9999
-9999 -9999 -9999 -9999 -9999 7.80 7.04 12.09 9.61 9.25 -9999 -9999 -9999 -9999 -9999 -9999 -9999 -9999 -9999 -9999 -9999 -9999 -9999 6.34 4.93 4.49 6.57 4.75 6.61 5.37 5.09 5.22 6.14 5.13 10.33 10.72 11.92 11.55 12.49 12.32 12.28 11.23 10.38 10.22 9.53 7.62 7.10 6.70 5.97 5.90 6.73 10.44 9.45 7.37 6.80 6.79 6.51 6.63 6.82 7.05 6.83 7.52 8.74 9.42 -9999 -9999 -9999 -9999 -9999 -9999 -9999 -9999 -9999 -9999 -9999 -9999 -9999 -9999 -9999
-9999 -9999 -9999 -9999 -9999 9.59 10.61 7.73 8.15 8.49 -9999 -9999 -9999 -9999 -9999 -9999 -9999 -9999 -9999 -9999 -9999 -9999 -9999 -9999 5.43 5.75 5.45 4.92 6.15 5.81 5.90 5.71 6.56 5.16 10.27 9.78 9.27 11.50 10.78 10.04 13.28 13.17 10.16 11.10 9.74 8.93 7.03 6.35 6.07 5.91 6.26 7.17 7.46 6.88 6.75 6.60 6.56 6.43 6.54 6.60 6.66 8.88 9.07 8.88 -9999 -9999 -9999 -9999 -9999 -9999 -9999 -9999 -9999 -9999 -9999 -9999 -9999 -9999 -9999
-9999 -9999 -9999 -9999 -9999 10.15 8.97 9.42 8.69 -9999 -9999 -9999 -9999 -9999 -9999 -9999 -9999 -9999 -9999 -9999 -9999 -9999 -9999 -9999 6.20 6.30 6.08 -9999 6.35 -9999 6.14 5.68 5.59 5.12 5.84 10.20 9.48 10.08 13.10 7.68 8.45 12.88 11.33 10.53 9.82 8.44 7.06 6.50 6.35 6.06 6.17 6.52 7.25 8.00 7.02 7.41 6.66 6.23 7.11 8.04 7.64 7.15 7.17 8.58 10.10 10.67 -9999 -9999 -9999 -9999 -9999 -9999 -9999 -9999 -9999 -9999 -9999 -9999 -9999
-9999 -9999 -9999 -9999 9.90 9.14 8.84 -9999 -9999 -9999 -9999 -9999 -9999 -9999 -9999 -9999 -9999 -9999 -9999 -9999 -9999 -9999 -9999 -9999 7.17 6.60 6.11 -9999 -9999 -9999 6.06 6.87 4.88 5.91 7.28 6.57 6.52 8.08 11.59 11.47 7.57 11.05 12.23 9.86 10.37 9.03 7.77 6.16 6.20 6.04 6.10 6.34 6.69 6.99 6.91 7.16 6.24 6.88 7.81 8.40 8.57 8.39 7.68 7.67 8.69 9.81 -9999 -9999 -9999 -9999 -9999 -9999 -9999 -9999 -9999 -9999 -9999 -9999 -9999
-9999 -9999 -9999 -9999 -9999 -9999 -9999 -9999 -9999 -9999 -9999 -9999 -9999 -9999 -9999 -9999 -9999 -9999 -9999 -9999 -9999 -9999 -9999 -9999 -9999 -9999 -9999 -9999 -9999 6.55 5.37 5.53 7.26 8.21 8.77 8.92 7.76 8.21 10.64 10.35 8.89 7.54 10.02 10.96 9.46 8.42 7.47 6.66 6.38 6.51 6.21 6.26 6.49 6.57 6.50 6.11 6.88 9.16 8.02 8.47 7.73 7.71 7.00 7.65 8.59 -9999 -9999 -9999 -9999 -9999 -9999 -9999 -9999 -9999 -9999 -9999 -9999 -9999 -9999
-9999 -9999 -9999 -9999 -9999 -9999 -9999 -9999 -9999 -9999 -9999 -9999 -9999 -9999 -9999 -9999 -9999 -9999 -9999 -9999 -9999 -9999 -9999 -9999 -9999 -9999 -9999 -9999 -9999 6.12 5.21 6.61 9.12 11.26 10.16 7.78 8.69 6.91 7.67 7.23 8.53 9.16 9.87 9.94 9.37 8.22 7.58 7.12 6.49 6.67 6.33 6.45 6.60 6.70 6.60 6.15 6.61 9.75 9.16 7.68 7.24 6.98 6.80 7.54 8.75 -9999 -9999 -9999 -9999 -9999 -9999 -9999 -9999 -9999 -9999 -9999 -9999 -9999 -9999
-9999 -9999 -9999 -9999 -9999 -9999 -9999 -9999 -9999 -9999 -9999 -9999 -9999 -9999 -9999 -9999 -9999 -9999 -9999 -9999 -9999 -9999 -9999 -9999 -9999 -9999 -9999 -9999 -9999 5.53 4.71 5.42 8.13 9.29 8.91 8.06 7.79 7.34 7.91 7.08 7.08 7.66 6.58 9.86 8.44 9.05 7.88 7.58 6.66 6.58 6.75 6.81 6.89 6.83 6.73 6.47 6.36 8.02 8.64 7.82 7.13 6.96 6.74 7.36 8.45 -9999 -9999 -9999 -9999 -9999 -9999 -9999 -9999 -9999 -9999 -9999 -9999 -9999 -9999
-9999 -9999 -9999 -9999 -9999 -9999 -9999 -9999 -9999 -9999 -9999 -9999 -9999 -9999 -9999 -9999 -9999 -9999 -9999 -9999 -9999 -9999 -9999 -9999 -9999 -9999 -9999 7.38 6.23 5.04 4.57 6.98 8.75 11.21 8.56 9.73 6.08 7.03 7.01 8.12 8.81 8.49 9.79 7.10 7.14 7.10 7.00 6.70 7.46 6.93 6.99 7.27 7.05 6.98 6.93 6.62 6.52 6.81 8.14 7.67 7.02 6.76 6.69 7.01 7.96 9.01 -9999 -9999 -9999 -9999 -9999 -9999 -9999 -9999 -9999 -9999 -9999 -9999 -9999
-9999 -9999 -9999 -9999 -9999 -9999 -9999 -9999 -9999 -9999 -9999 -9999 -9999 -9999 -9999 -9999 -9999 -9999 -9999 -9999 -9999 -9999 -9999 -9999 -9999 -9999 -9999 6.83 5.58 4.91 4.67 5.39 8.07 6.54 6.56 5.41 6.68 9.17 7.48 8.86 8.48 9.46 6.68 9.58 7.77 8.66 8.27 8.30 7.48 7.35 7.18 7.08 7.07 7.09 6.96 6.76 6.50 6.46 6.93 7.84 7.28 6.73 6.71 6.75 7.42 8.56 -9999 -9999 -9999 -9999 -9999 -9999 -9999 -9999 -9999 -9999 -9999 -9999 -9999
-9999 -9999 -9999 -9999 -9999 -9999 -9999 -9999 -9999 -9999 -9999 -9999 -9999 -9999 -9999 -9999 -9999 -9999 -9999 -9999 -9999 -9999 -9999 -9999 -9999 -9999 -9999 6.82 5.47 5.06 4.89 5.43 6.30 6.67 6.08 5.55 6.82 7.42 7.10 8.49 10.16 8.22 7.77 6.66 7.92 6.63 7.16 7.75 8.10 7.57 7.42 7.07 7.05 7.11 7.00 6.80 6.57 6.41 6.62 7.51 7.98 7.03 6.64 6.70 6.98 7.77 8.82 -9999 -9999 -9999 -9999 -9999 -9999 -9999 -9999 -9999 -9999 -9999 -9999
-9999 -9999 -9999 -9999 -9999 -9999 -9999 -9999 -9999 -9999 -9999 -9999 -9999 -9999 -9999 -9999 -9999 -9999 -9999 -9999 -9999 -9999 -9999 -9999 -9999 -9999 -9999 6.58 5.55 5.27 5.32 5.40 5.62 5.74 6.44 7.40 5.89 6.26 7.14 10.56 10.48 10.93 9.56 7.86 7.44 7.84 6.84 6.55 7.56 8.04 7.34 7.03 7.05 6.94 6.91 6.82 6.72 6.54 6.59 7.80 8.60 7.62 7.18 7.13 6.92 7.11 8.10 9.08 -9999 -9999 -9999 -9999 -9999 -9999 -9999 -9999 -9999 -9999 -9999
-9999 -9999 -9999 -9999 -9999 -9999 -9999 -9999 -9999 -9999 -9999 -9999 -9999 -9999 -9999 -9999 -9999 -9999 -9999 -9999 -9999 -9999 -9999 -9999 -9999 -9999 -9999 6.55 5.39 5.16 5.10 5.08 5.03 5.90 5.89 6.82 7.43 8.98 10.05 10.84 8.92 10.03 8.50 8.09 6.83 7.83 7.36 6.91 6.66 6.76 7.02 6.90 6.92 6.91 6.89 6.83 6.86 6.86 6.95 7.32 8.08 7.82 7.41 7.41 7.38 7.21 7.32 8.40 -9999 -9999 -9999 -9999 -9999 -9999 -9999 -9999 -9999 -9999 -9999
-9999 -9999 -9999 -9999 -9999 -9999 -9999 -9999 -9999 -9999 -9999 -9999 -9999 -9999 -9999 -9999 -9999 -9999 -9999 -9999 -9999 -9999 -9999 -9999 -9999 -9999 -9999 -9999 5.41 5.21 5.04 4.83 5.39 7.16 7.47 8.10 7.36 7.26 8.98 8.96 10.08 9.31 7.45 5.93 6.22 6.11 7.00 6.45 6.47 7.13 7.04 6.63 6.78 6.70 6.75 6.70 6.78 6.93 7.11 7.38 7.31 7.44 7.54 7.68 -9999 7.61 7.85 8.48 9.64 -9999 -9999 -9999 -9999 -9999 -9999 -9999 -9999 -9999 -9999
-9999 -9999 -9999 -9999 -9999 -9999 -9999 -9999 -9999 -9999 -9999 -9999 -9999 -9999 -9999 -9999 -9999 -9999 -9999 -9999 -9999 -9999 -9999 -9999 -9999 -9999 -9999 6.36 5.35 5.16 4.78 4.67 5.06 8.31 8.98 7.68 9.87 9.59 8.32 8.14 11.06 9.51 9.52 7.13 5.48 6.81 5.70 5.35 6.08 6.46 6.36 6.58 6.39 6.44 6.51 6.65 6.61 6.68 7.80 7.36 6.93 7.86 7.36 7.49 7.55 -9999 8.34 8.90 9.82 10.53 -9999 -9999 -9999 -9999 -9999 -9999 -9999 -9999 -9999
-9999 -9999 -9999 -9999 -9999 -9999 -9999 -9999 -9999 -9999 -9999 -9999 -9999 -9999 -9999 -9999 -9999 -9999 -9999 -9999 -9999 -9999 -9999 -9999 -9999 -9999 -9999 6.18 5.19 5.06 4.81 6.13 5.64 6.76 9.22 7.12 7.51 7.90 6.68 6.64 9.37 8.80 8.47 5.82 6.84 7.21 5.40 6.19 5.76 6.47 6.55 6.44 6.21 6.28 6.36 6.43 6.39 6.37 6.56 6.97 6.35 6.58 7.12 6.84 7.44 7.78 -9999 -9999 -9999 -9999 -9999 -9999 -9999 -9999 -9999 -9999 -9999 -9999 -9999
-9999 -9999 -9999 -9999 -9999 -9999 -9999 -9999 -9999 -9999 -9999 -9999 -9999 -9999 -9999 -9999 -9999 -9999 -9999 -9999 -9999 -9999 -9999 -9999 -9999 -9999 7.34 5.78 5.10 5.72 5.52 5.81 5.75 6.86 7.30 6.97 6.86 6.70 6.61 6.87 8.89 10.45 10.19 6.63 8.00 7.23 5.17 5.35 4.87 5.75 6.39 6.31 6.11 6.36 6.38 6.37 6.45 6.33 6.49 6.63 6.53 6.46 7.51 7.16 7.12 7.29 8.12 8.98 -9999 -9999 -9999 -9999 -9999 -9999 -9999 -9999 -9999 -9999 -9999
-9999 -9999 -9999 -9999 -9999 -9999 -9999 -9999 -9999 -9999 -9999 -9999 -9999 -9999 -9999 -9999 -9999 -9999 -9999 -9999 -9999 -9999 -9999 -9999 -9999 -9999 -9999 5.97 5.21 5.30 5.70 7.22 5.87 6.00 6.22 6.63 6.91 6.63 6.50 6.49 6.74 9.34 9.92 10.03 7.53 7.50 6.32 5.35 5.72 4.72 5.49 6.66 6.19 6.27 6.25 6.28 6.45 6.34 6.43 6.72 6.49 6.25 6.40 8.15 7.35 7.05 7.30 7.88 8.74 9.70 -9999 -9999 -9999 -9999 -9999 -9999 -9999 -9999 -9999
-9999 -9999 -9999 -9999 -9999 -9999 -9999 -9999 -9999 -9999 -9999 -9999 -9999 -9999 -9999 -9999 -9999 -9999 -9999 -9999 -9999 -9999 -9999 -9999 -9999 -9999 -9999 5.99 5.56 5.36 5.59 5.91 6.10 6.10 5.97 6.23 6.10 6.07 6.22 6.43 7.03 6.57 9.65 10.74 10.44 8.36 6.84 5.94 4.93 5.55 5.62 6.99 6.33 6.37 6.25 6.29 6.33 6.34 6.61 6.73 6.57 6.24 6.61 8.13 7.70 7.80 6.94 6.98 7.69 8.72 -9999 -9999 -9999 -9999 -9999 -9999 -9999 -9999 -9999
-9999 -9999 -9999 -9999 -9999 -9999 -9999 8.75 8.12 8.43 9.24 -9999 -9999 -9999 -9999 -9999 -9999 -9999 -9999 -9999 -9999 -9999 -9999 -9999 -9999 -9999 6.41 5.62 5.90 5.53 6.25 6.07 5.77 5.85 6.06 6.07 6.18 6.19 6.30 6.42 6.52 8.59 10.03 9.47 7.18 9.06 8.01 5.29 5.24 4.22 6.86 7.37 6.47 6.46 6.30 6.29 6.31 6.33 6.55 6.92 6.81 6.32 6.42 6.86 8.19 7.99 8.22 6.90 6.81 7.81 9.03 -9999 -9999 -9999 -9999 -9999 -9999 -9999 -9999
-9999 -9999 -9999 -9999 -9999 -9999 -9999 8.19 7.54 7.37 7.73 -9999 -9999 -9999 -9999 -9999 -9999 -9999 -9999 -9999 -9999 -9999 -9999 -9999 -9999 6.45 6.15 5.62 5.87 6.64 5.84 6.01 5.49 5.66 5.99 6.03 6.30 6.52 6.17 6.11 6.34 7.39 11.21 10.81 7.30 8.03 7.27 6.73 4.60 4.29 6.17 7.09 6.62 6.11 6.07 6.20 6.51 6.44 6.53 6.77 7.11 6.62 6.58 6.71 7.98 7.96 7.86 7.04 6.88 7.22 8.46 -9999 -9999 -9999 -9999 -9999 -9999 -9999 -9999
-9999 -9999 -9999 -9999 -9999 10.53 8.14 6.89 7.09 6.84 7.52 7.17 7.91 8.46 -9999 -9999 8.74 7.72 -9999 -9999 -9999 6.81 7.66 7.18 -9999 5.20 6.31 5.76 5.54 5.97 5.68 6.04 6.10 6.66 6.48 6.66 6.16 6.59 6.29 6.46 9.15 7.03 8.27 9.74 5.51 6.35 9.58 5.37 6.51 5.21 6.16 6.67 6.35 6.23 6.22 6.24 6.45 6.25 6.55 6.63 7.23 6.65 6.50 6.64 7.04 7.60 8.29 7.86 6.97 6.90 7.93 9.27 -9999 -9999 -9999 -9999 -9999 -9999 -9999
-9999 -9999 -9999 -9999 -9999 -9999 8.47 7.30 6.77 6.41 6.51 7.15 8.18 6.56 -9999 6.34 6.90 7.92 7.28 7.98 5.77 5.12 8.00 7.91 6.79 -9999 4.85 5.90 5.83 5.43 5.46 6.14 5.80 5.86 6.03 6.14 6.44 6.38 6.79 6.73 9.26 9.62 9.06 8.89 7.64 8.64 8.61 7.09 5.40 5.22 6.85 7.05 6.05 6.47 6.16 6.51 6.55 6.24 6.43 6.54 7.26 6.70 6.46 6.51 6.55 7.22 7.81 8.31 7.60 7.05 7.52 8.82 -9999 -9999 -9999 -9999 -9999 -9999 -9999
