ML/MeanWindSpeed_1998-02_Actual.txt
ncols         180
nrows         290
xllcorner     -200000
yllcorner     -200000
cellsize      5000
NODATA_value  -9999
[rows 102 to 135 of 290, columns 77 to 153 of 180]
-9999 18.12 19.09 20.31 8.05 24.24 17.87 16.32 12.35 26.58 16.09 26.34 15.63 15.00 24.88 13.23 7.54 19.01 26.20 26.27 16.17 17.04 18.84 17.62 14.85 13.76 13.38 13.55 19.10 16.85 16.75 16.46 16.97 17.10 16.64 16.89 -9999 -9999 -9999 -9999 -9999 -9999 -9999 -9999 -9999 -9999 -9999 -9999 -9999 -9999 -9999 -9999 -9999 -9999 -9999 -9999 -9999 -9999 -9999 -9999 -9999 -9999 -9999 -9999 -9999 -9999 -9999 -9999 -9999 -9999 -9999 -9999 -9999 -9999 -9999 -9999 -9999
15.65 13.73 9.85 9.90 16.63 25.71 9.38 13.24 25.31 17.71 17.50 23.51 24.48 19.91 8.94 18.09 19.14 24.95 21.38 17.40 23.03 24.42 19.09 15.96 13.47 13.40 15.34 20.45 17.11 15.41 16.15 15.43 15.46 15.87 -9999 -9999 -9999 -9999 -9999 -9999 -9999 -9999 -9999 -9999 -9999 -9999 -9999 -9999 -9999 -9999 -9999 -9999 -9999 -9999 -9999 -9999 -9999 -9999 -9999 -9999 -9999 -9999 -9999 -9999 -9999 -9999 -9999 -9999 -9999 -9999 -9999 -9999 -9999 -9999 -9999 -9999 -9999
14.78 15.45 16.67 13.37 17.44 9.32 7.67 12.84 18.65 15.39 11.42 11.34 14.15 17.37 22.55 14.45 18.84 16.89 20.41 23.18 19.83 19.24 16.60 14.78 13.56 13.56 16.99 16.56 14.10 14.00 14.27 15.76 15.56 -9999 -9999 -9999 -9999 -9999 -9999 -9999 -9999 -9999 -9999 -9999 -9999 -9999 -9999 -9999 -9999 -9999 -9999 -9999 -9999 -9999 -9999 -9999 -9999 -9999 -9999 -9999 -9999 -9999 -9999 -9999 -9999 -9999 -9999 -9999 -9999 -9999 -9999 -9999 -9999 -9999 -9999 -9999 -9999
18.12 15.83 19.49 13.97 9.12 12.51 19.04 19.40 16.77 14.06 15.36 21.14 15.04 18.88 12.29 15.44 20.27 14.02 10.61 11.20 14.00 12.83 12.64 14.29 14.84 13.09 14.43 13.60 13.65 16.99 16.13 16.36 15.99 -9999 -9999 -9999 -9999 -9999 -9999 -9999 -9999 -9999 -9999 -9999 -9999 -9999 -9999 -9999 -9999 -9999 -9999 -9999 -9999 -9999 -9999 -9999 -9999 -9999 -9999 -9999 -9999 -9999 -9999 -9999 -9999 -9999 -9999 -9999 -9999 -9999 -9999 -9999 -9999 -9999 -9999 -9999 -9999
16.69 17.40 14.74 16.46 20.73 19.78 23.42 14.15 18.65 10.16 21.59 11.96 24.27 13.16 17.16 25.91 17.21 13.78 17.00 15.73 12.53 12.45 11.76 11.88 13.84 12.56 12.10 14.29 15.41 15.46 15.69 14.27 15.74 16.45 -9999 -9999 -9999 -9999 -9999 -9999 -9999 -9999 -9999 -9999 -9999 -9999 -9999 -9999 -9999 -9999 -9999 -9999 -9999 -9999 -9999 -9999 -9999 -9999 -9999 -9999 -9999 -9999 -9999 -9999 -9999 -9999 -9999 -9999 -9999 -9999 -9999 -9999 -9999 -9999 -9999 -9999 -9999
17.43 17.28 10.67 20.12 15.86 10.58 15.95 20.94 20.01 10.13 21.00 17.97 19.09 14.80 20.88 17.40 19.26 24.10 19.52 17.48 15.37 13.72 13.99 15.96 16.76 18.45 17.62 15.65 14.20 13.61 16.71 15.10 18.00 17.71 18.54 -9999 -9999 -9999 -9999 -9999 -9999 -9999 -9999 -9999 -9999 -9999 -9999 -9999 -9999 -9999 -9999 -9999 -9999 -9999 -9999 -9999 -9999 -9999 -9999 -9999 -9999 -9999 -9999 -9999 -9999 -9999 -9999 -9999 -9999 -9999 -9999 -9999 -9999 -9999 -9999 -9999 -9999
17.95 13.37 18.32 18.66 14.40 9.84 18.10 20.25 25.34 12.69 20.14 16.59 17.62 16.90 17.99 11.18 13.94 16.22 15.90 12.90 15.28 18.25 22.62 21.17 19.23 16.60 15.86 17.81 13.20 15.32 17.00 17.78 18.34 18.47 18.64 18.34 -9999 -9999 -9999 -9999 -9999 -9999 -9999 -9999 -9999 -9999 -9999 -9999 -9999 -9999 -9999 -9999 -9999 -9999 -9999 -9999 -9999 -9999 -9999 -9999 -9999 -9999 -9999 -9999 -9999 -9999 -9999 -9999 -9999 -9999 -9999 -9999 -9999 -9999 -9999 -9999 -9999
12.47 18.96 22.49 12.27 10.00 16.57 23.81 17.62 9.17 13.88 30.69 15.37 14.60 16.32 16.40 13.63 12.72 10.62 11.27 16.60 24.10 23.11 19.75 17.82 14.37 13.67 14.56 16.76 15.21 16.46 15.92 15.40 16.38 16.98 17.39 -9999 -9999 -9999 -9999 -9999 -9999 -9999 -9999 -9999 -9999 -9999 -9999 -9999 -9999 -9999 -9999 -9999 -9999 -9999 -9999 -9999 -9999 -9999 -9999 -9999 -9999 -9999 -9999 -9999 -9999 -9999 -9999 -9999 -9999 -9999 -9999 -9999 -9999 -9999 -9999 -9999 -9999
14.85 16.08 14.78 13.56 21.84 13.32 20.42 20.76 20.95 16.26 13.73 26.11 16.58 13.77 12.14 12.12 11.49 10.76 10.83 16.31 13.63 12.35 11.16 13.32 16.16 14.73 14.94 14.42 14.97 16.81 16.32 -9999 -9999 -9999 -9999 -9999 -9999 -9999 -9999 -9999 -9999 -9999 -9999 -9999 -9999 -9999 -9999 -9999 -9999 -9999 -9999 -9999 -9999 -9999 -9999 -9999 -9999 -9999 -9999 -9999 -9999 -9999 -9999 -9999 -9999 -9999 -9999 -9999 -9999 -9999 -9999 -9999 -9999 -9999 -9999 -9999 -9999
17.06 14.74 10.73 20.24 20.88 23.00 23.78 12.07 21.64 21.95 12.79 17.57 18.85 14.71 14.26 15.56 17.34 18.98 13.79 12.21 11.21 11.53 12.81 14.22 16.00 15.14 15.03 16.00 15.95 -9999 -9999 -9999 -9999 -9999 -9999 -9999 -9999 -9999 -9999 -9999 -9999 -9999 -9999 -9999 -9999 -9999 -9999 -9999 -9999 -9999 -9999 -9999 -9999 -9999 -9999 -9999 -9999 -9999 -9999 -9999 -9999 -9999 -9999 -9999 -9999 -9999 -9999 -9999 -9999 -9999 -9999 -9999 -9999 -9999 -9999 -9999 -9999
15.63 12.61 20.59 15.85 21.48 24.03 20.39 17.59 22.52 22.69 14.10 13.46 12.44 13.06 14.31 15.49 19.85 21.66 17.34 14.56 12.36 12.06 13.94 13.42 13.91 14.75 17.53 18.81 16.64 -9999 -9999 -9999 -9999 -9999 -9999 -9999 -9999 -9999 -9999 -9999 -9999 -9999 -9999 -9999 -9999 -9999 -9999 -9999 -9999 -9999 -9999 -9999 -9999 -9999 -9999 -9999 -9999 -9999 -9999 -9999 -9999 -9999 -9999 -9999 -9999 -9999 -9999 -9999 -9999 -9999 -9999 -9999 -9999 -9999 -9999 -9999 -9999
-9999 15.52 20.17 15.95 20.64 20.18 22.57 15.93 14.11 16.28 16.24 15.42 15.24 12.33 23.70 23.33 21.03 21.15 16.96 13.32 13.11 12.68 12.62 12.22 12.23 13.90 13.64 -9999 -9999 -9999 -9999 -9999 16.87 15.88 16.24 15.62 -9999 -9999 -9999 -9999 -9999 -9999 -9999 -9999 -9999 -9999 -9999 -9999 -9999 -9999 -9999 -9999 -9999 -9999 -9999 -9999 -9999 -9999 -9999 -9999 -9999 -9999 -9999 -9999 -9999 -9999 -9999 -9999 -9999 -9999 -9999 -9999 -9999 -9999 -9999 -9999 -9999
-9999 16.02 21.92 15.79 12.87 25.82 15.45 15.71 14.50 13.48 15.66 18.08 21.65 16.74 16.27 14.21 13.96 13.17 14.16 14.75 15.24 14.71 13.54 13.96 14.45 13.87 13.42 14.20 15.43 -9999 -9999 14.63 14.39 14.39 13.16 13.79 14.83 15.65 -9999 -9999 -9999 -9999 -9999 -9999 -9999 -9999 -9999 -9999 -9999 -9999 -9999 -9999 -9999 -9999 -9999 -9999 -9999 -9999 -9999 -9999 -9999 -9999 -9999 -9999 -9999 -9999 -9999 -9999 -9999 -9999 -9999 -9999 -9999 -9999 -9999 -9999 -9999
14.61 19.09 15.85 17.41 19.23 21.23 15.26 17.18 19.93 18.96 17.68 14.57 14.54 15.39 14.08 13.81 13.24 13.03 14.06 15.53 15.41 14.26 15.85 16.31 13.55 12.33 12.73 13.45 15.36 13.96 14.16 14.74 13.57 11.67 12.83 16.36 16.94 19.25 14.90 -9999 -9999 -9999 -9999 -9999 -9999 -9999 -9999 -9999 -9999 -9999 -9999 -9999 -9999 -9999 -9999 -9999 -9999 -9999 -9999 -9999 -9999 -9999 -9999 -9999 -9999 -9999 -9999 -9999 -9999 -9999 -9999 -9999 -9999 -9999 -9999 -9999 -9999
19.99 16.12 20.25 18.83 15.61 14.93 -9999 19.77 23.01 18.38 16.28 14.00 13.24 13.49 14.12 14.68 13.97 13.72 15.87 15.77 15.78 14.70 13.73 13.53 12.32 12.93 13.83 15.77 14.04 12.51 14.97 13.67 13.15 12.22 14.59 17.50 18.08 19.45 17.39 18.95 20.26 16.04 -9999 -9999 -9999 -9999 -9999 -9999 -9999 -9999 -9999 -9999 -9999 -9999 -9999 -9999 -9999 -9999 -9999 -9999 -9999 -9999 -9999 -9999 -9999 -9999 -9999 -9999 -9999 -9999 -9999 -9999 -9999 -9999 -9999 -9999 -9999
24.51 17.38 -9999 17.43 19.28 15.59 -9999 20.75 25.32 19.10 17.56 14.81 14.54 14.06 14.21 13.19 12.97 12.72 13.50 15.91 15.74 15.88 13.82 13.38 14.65 16.18 18.89 16.68 13.15 11.58 13.44 13.50 13.60 19.55 20.78 17.65 17.67 16.89 17.12 17.44 15.04 16.24 -9999 -9999 -9999 -9999 -9999 -9999 -9999 -9999 -9999 -9999 -9999 -9999 -9999 -9999 -9999 -9999 -9999 -9999 -9999 -9999 -9999 -9999 -9999 -9999 -9999 -9999 -9999 -9999 -9999 -9999 -9999 -9999 -9999 -9999 -9999
19.56 17.34 -9999 -9999 19.50 17.13 17.00 19.89 21.71 15.42 16.07 18.56 16.56 15.58 14.95 17.78 14.17 11.56 12.01 12.63 14.58 15.59 16.88 14.73 17.67 18.67 16.29 14.80 14.75 13.69 14.39 15.95 17.07 16.80 19.85 17.51 16.78 16.86 13.45 13.42 14.94 16.67 17.26 -9999 -9999 -9999 -9999 -9999 -9999 -9999 -9999 -9999 -9999 -9999 -9999 -9999 -9999 -9999 -9999 -9999 -9999 -9999 -9999 -9999 -9999 -9999 -9999 -9999 -9999 -9999 -9999 -9999 -9999 -9999 -9999 -9999 -9999
-9999 -9999 -9999 -9999 -9999 17.99 16.69 20.73 16.66 13.70 15.35 17.13 18.83 17.31 16.02 17.24 17.07 14.11 10.77 12.91 15.73 14.47 14.26 15.10 17.42 15.89 13.93 14.62 15.00 18.76 17.85 15.86 15.20 13.76 16.82 16.41 15.78 16.81 13.97 13.21 13.34 13.45 14.21 -9999 -9999 -9999 -9999 -9999 -9999 -9999 -9999 -9999 -9999 -9999 -9999 -9999 -9999 -9999 -9999 -9999 -9999 -9999 -9999 -9999 -9999 -9999 -9999 -9999 -9999 -9999 -9999 -9999 -9999 -9999 -9999 -9999 -9999
14.65 20.69 22.43 -9999 -9999 -9999 17.95 18.85 15.70 14.91 14.64 15.25 17.28 18.26 18.72 18.76 16.90 15.69 13.68 10.09 14.90 13.46 13.10 13.66 12.72 12.51 15.56 13.91 18.11 22.33 20.20 17.05 17.05 13.56 14.93 14.85 15.66 16.28 13.89 13.06 12.93 12.83 13.96 14.73 -9999 -9999 -9999 -9999 -9999 -9999 -9999 -9999 -9999 -9999 -9999 -9999 -9999 -9999 -9999 -9999 -9999 -9999 -9999 -9999 -9999 -9999 -9999 -9999 -9999 -9999 -9999 -9999 -9999 -9999 -9999 -9999 -9999
19.71 22.50 24.82 18.08 -9999 -9999 -9999 17.22 16.19 14.60 13.96 13.94 14.19 16.26 16.57 15.83 14.17 14.18 14.34 14.15 12.37 12.56 12.59 14.52 13.55 17.17 12.12 13.87 13.40 14.06 19.54 19.37 16.66 15.53 13.68 13.62 14.29 14.64 13.14 12.95 12.35 13.19 13.75 13.30 13.47 -9999 -9999 -9999 -9999 -9999 -9999 -9999 -9999 -9999 -9999 -9999 -9999 -9999 -9999 -9999 -9999 -9999 -9999 -9999 -9999 -9999 -9999 -9999 -9999 -9999 -9999 -9999 -9999 -9999 -9999 -9999 -9999
14.90 19.85 21.47 16.30 -9999 -9999 -9999 -9999 -9999 15.68 14.26 12.54 11.94 12.22 12.32 13.86 17.30 17.11 15.21 13.89 12.73 14.32 13.50 13.28 12.48 16.12 11.53 13.58 14.71 13.03 10.39 13.50 12.95 14.81 12.87 14.57 13.90 12.26 12.25 12.12 12.20 11.52 14.03 13.84 12.93 12.59 -9999 -9999 -9999 -9999 -9999 -9999 -9999 -9999 -9999 -9999 -9999 -9999 -9999 -9999 -9999 -9999 -9999 -9999 -9999 -9999 -9999 -9999 -9999 -9999 -9999 -9999 -9999 -9999 -9999 -9999 -9999
15.15 14.90 24.32 18.19 -9999 -9999 -9999 -9999 -9999 16.31 15.47 15.26 12.84 14.46 16.64 15.42 17.56 18.21 16.96 14.01 15.46 14.04 12.75 14.93 15.76 10.63 22.11 14.77 18.57 13.78 16.81 16.74 11.93 15.01 13.38 12.73 11.99 12.66 14.55 15.05 13.42 13.23 10.48 12.80 14.84 12.16 13.65 14.24 -9999 -9999 -9999 -9999 -9999 -9999 -9999 -9999 -9999 -9999 -9999 -9999 -9999 -9999 -9999 -9999 -9999 -9999 -9999 -9999 -9999 -9999 -9999 -9999 -9999 -9999 -9999 -9999 -9999
-9999 20.00 23.54 23.13 -9999 -9999 -9999 -9999 -9999 16.13 14.50 14.49 13.28 13.59 15.29 12.87 13.82 13.90 16.47 14.95 14.49 12.95 15.99 20.70 17.29 15.04 23.82 20.93 15.01 16.07 13.58 11.50 13.84 14.89 13.29 13.92 13.91 11.99 12.54 12.70 14.84 18.19 13.95 12.14 13.32 13.62 12.27 13.19 -9999 -9999 -9999 -9999 -9999 -9999 -9999 -9999 -9999 -9999 -9999 -9999 -9999 -9999 -9999 -9999 -9999 -9999 -9999 -9999 -9999 -9999 -9999 -9999 -9999 -9999 -9999 -9999 -9999
-9999 17.02 18.89 21.37 -9999 -9999 -9999 -9999 -9999 15.25 13.76 13.38 13.18 12.86 12.84 13.54 17.51 19.25 15.93 16.77 12.85 12.81 13.06 16.46 11.40 18.87 16.96 14.06 15.85 17.47 11.58 15.02 13.13 14.46 14.38 11.72 13.39 13.75 12.84 11.87 19.68 20.03 17.86 11.80 12.56 13.28 12.37 13.45 -9999 -9999 -9999 -9999 -9999 -9999 -9999 -9999 -9999 -9999 -9999 -9999 -9999 -9999 -9999 -9999 -9999 -9999 -9999 -9999 -9999 -9999 -9999 -9999 -9999 -9999 -9999 -9999 -9999
-9999 -9999 -9999 -9999 -9999 -9999 -9999 -9999 18.27 15.34 14.56 13.30 13.73 14.33 12.85 14.34 14.84 17.48 14.78 14.43 17.55 15.21 16.80 16.43 16.38 20.11 18.38 12.26 14.14 15.92 15.09 13.87 14.68 11.76 13.61 14.48 11.64 13.17 12.40 15.99 17.11 20.73 17.79 11.80 11.16 10.54 12.12 13.42 -9999 -9999 -9999 -9999 -9999 -9999 -9999 -9999 -9999 -9999 -9999 -9999 -9999 -9999 -9999 -9999 -9999 -9999 -9999 -9999 -9999 -9999 -9999 -9999 -9999 -9999 -9999 -9999 -9999
-9999 -9999 -9999 -9999 -9999 -9999 -9999 -9999 19.93 13.13 13.45 15.46 17.19 16.07 13.70 13.42 13.71 10.55 11.92 17.17 18.09 15.74 14.56 11.79 10.05 18.78 11.43 12.93 12.92 13.96 13.71 12.36 10.19 14.18 13.85 13.37 12.15 12.51 15.09 16.48 14.76 16.50 16.48 11.88 9.81 10.30 13.22 12.15 -9999 -9999 -9999 -9999 -9999 -9999 -9999 -9999 -9999 -9999 -9999 -9999 -9999 -9999 -9999 -9999 -9999 -9999 -9999 -9999 -9999 -9999 -9999 -9999 -9999 -9999 -9999 -9999 -9999
-9999 -9999 -9999 -9999 -9999 -9999 -9999 17.41 16.12 11.24 13.70 15.69 13.60 16.61 19.10 17.45 19.73 16.53 13.35 11.53 12.16 16.06 15.03 12.73 8.16 11.18 16.76 12.66 15.93 12.52 12.68 9.72 10.85 13.64 12.63 12.80 14.31 16.36 18.10 16.56 13.65 12.00 12.13 11.18 14.24 15.22 13.27 12.57 -9999 -9999 -9999 -9999 -9999 -9999 -9999 -9999 -9999 -9999 -9999 -9999 -9999 -9999 -9999 -9999 -9999 -9999 -9999 -9999 -9999 -9999 -9999 -9999 -9999 -9999 -9999 -9999 -9999
-9999 -9999 -9999 -9999 -9999 -9999 -9999 15.28 11.14 15.58 13.56 15.83 12.74 16.57 16.83 20.26 18.76 18.84 16.72 14.14 9.91 20.94 20.31 13.28 7.97 12.58 15.81 11.62 12.49 14.91 10.91 14.00 15.97 13.61 15.68 16.06 20.28 13.87 12.86 13.57 14.34 14.30 11.45 10.04 12.50 12.57 11.90 12.23 13.76 -9999 -9999 -9999 -9999 -9999 -9999 -9999 -9999 -9999 -9999 -9999 -9999 -9999 -9999 -9999 -9999 -9999 -9999 -9999 -9999 -9999 -9999 -9999 -9999 -9999 -9999 -9999 -9999
-9999 -9999 -9999 -9999 -9999 -9999 14.36 16.83 16.43 15.51 16.40 16.04 13.81 11.88 17.49 16.72 18.39 18.08 17.99 12.88 8.42 12.88 15.42 14.67 10.44 9.74 11.98 11.64 11.61 12.42 17.24 12.49 12.15 12.55 11.51 18.72 15.75 18.09 15.63 11.38 12.82 13.72 14.81 15.99 11.83 11.14 11.08 12.16 13.45 -9999 -9999 -9999 -9999 -9999 -9999 -9999 -9999 -9999 -9999 -9999 -9999 -9999 -9999 -9999 -9999 -9999 -9999 -9999 -9999 -9999 -9999 -9999 -9999 -9999 -9999 -9999 -9999
-9999 -9999 -9999 -9999 -9999 -9999 16.72 15.85 14.02 19.06 17.77 14.91 14.43 18.17 12.08 13.55 16.79 14.89 15.10 10.81 8.68 11.19 12.83 16.12 10.37 10.20 9.67 11.05 9.19 14.54 9.92 15.50 13.01 10.24 18.66 11.40 13.31 14.76 13.88 14.96 11.33 11.74 15.48 14.78 12.25 12.97 12.53 12.34 13.68 -9999 -9999 -9999 -9999 -9999 -9999 -9999 -9999 -9999 -9999 -9999 -9999 -9999 -9999 -9999 -9999 -9999 -9999 -9999 -9999 -9999 -9999 -9999 -9999 -9999 -9999 -9999 -9999
-9999 -9999 -9999 -9999 -9999 17.19 14.40 13.10 16.30 13.47 13.64 22.26 17.33 16.89 12.13 13.91 14.90 12.83 15.12 14.47 12.18 13.95 13.08 10.17 9.31 10.07 11.95 12.13 15.62 11.92 10.17 15.59 10.96 12.40 18.80 13.02 11.23 10.16 12.90 14.85 13.78 14.35 14.52 12.26 12.05 12.15 11.63 12.07 13.42 -9999 -9999 -9999 -9999 -9999 -9999 -9999 -9999 -9999 -9999 -9999 -9999 -9999 -9999 -9999 -9999 -9999 -9999 -9999 -9999 -9999 -9999 -9999 -9999 -9999 -9999 -9999 -9999
-9999 -9999 -9999 -9999 14.49 15.39 15.90 12.34 12.83 12.93 11.38 14.98 14.31 21.95 12.28 11.65 12.98 13.65 14.50 15.27 13.42 11.12 9.54 13.09 10.13 9.51 11.82 12.63 12.68 12.35 10.37 12.66 9.26 11.90 17.18 15.75 16.05 14.43 13.57 12.03 11.92 14.72 13.07 12.14 12.20 12.10 12.24 11.57 12.59 13.92 -9999 -9999 -9999 -9999 -9999 -9999 -9999 -9999 -9999 -9999 -9999 -9999 -9999 -9999 -9999 -9999 -9999 -9999 -9999 -9999 -9999 -9999 -9999 -9999 -9999 -9999 -9999
-9999 -9999 -9999 -9999 16.80 20.30 15.89 14.57 12.61 11.01 9.26 20.54 16.74 14.16 14.68 11.53 11.35 12.83 12.75 18.46 12.74 10.46 9.74 10.33 14.24 10.66 13.49 12.59 13.37 12.50 12.08 11.06 13.03 10.47 13.33 14.71 14.06 15.54 13.73 11.90 11.25 12.74 11.70 13.48 12.64 11.32 10.41 11.77 12.61 13.47 -9999 -9999 -9999 -9999 -9999 -9999 -9999 -9999 -9999 -9999 -9999 -9999 -9999 -9999 -9999 -9999 -9999 -9999 -9999 -9999 -9999 -9999 -9999 -9999 -9999 -9999 -9999
-9999 -9999 16.06 15.26 17.79 15.59 14.69 15.92 13.31 12.47 10.05 15.72 14.46 15.19 14.27 13.70 10.56 13.25 13.86 12.81 13.26 12.97 10.08 10.49 12.50 12.19 11.94 12.60 13.12 12.24 11.74 12.72 11.55 10.58 14.57 13.09 12.87 13.42 16.00 13.98 12.33 9.37 10.82 11.78 11.53 11.04 10.31 11.01 11.90 13.08 -9999 -9999 -9999 -9999 -9999 -9999 -9999 -9999 -9999 -9999 -9999 -9999 -9999 -9999 -9999 -9999 -9999 -9999 -9999 -9999 -9999 -9999 -9999 -9999 -9999 -9999 -9999
