ML/MeanWindSpeed_1994-12_Actual.txt
ncols         180
nrows         290
xllcorner     -200000
yllcorner     -200000
cellsize      5000
NODATA_value  -9999
[rows 170 to 203 of 290, columns 77 to 153 of 180]
-9999 -9999 -9999 -9999 -9999 -9999 -9999 -9999 -9999 -9999 -9999 -9999 -9999 -9999 -9999 -9999 -9999 -9999 -9999 -9999 -9999 -9999 -9999 -9999 -9999 -9999 -9999 -9999 -9999 10.73 9.63 8.88 9.07 9.40 9.61 9.13 8.43 8.83 8.57 8.44 8.64 8.78 9.98 9.20 16.27 20.20 20.42 16.64 14.16 12.52 10.34 10.80 9.63 11.56 10.08 10.02 9.74 9.80 9.96 10.16 10.80 10.94 10.77 10.20 10.72 13.55 12.67 12.89 11.13 11.22 12.68 14.80 -9999 -9999 -9999 -9999 -9999
-9999 -9999 -9999 -9999 -9999 -9999 -9999 -9999 -9999 20.15 18.70 19.18 20.67 -9999 -9999 -9999 -9999 -9999 -9999 -9999 -9999 -9999 -9999 -9999 -9999 -9999 -9999 -9999 11.54 9.80 10.22 9.15 10.31 9.62 8.99 8.98 9.09 8.84 8.95 8.84 8.95 8.92 9.02 13.00 16.65 16.87 13.16 17.79 16.13 10.95 11.02 8.37 12.51 12.53 10.45 10.29 9.93 9.90 10.05 10.31 10.90 11.54 11.37 10.51 10.50 10.91 13.51 13.16 13.70 11.02 10.78 12.82 15.32 -9999 -9999 -9999 -9999
-9999 -9999 -9999 -9999 -9999 -9999 -9999 -9999 -9999 19.04 17.49 16.96 17.61 -9999 -9999 -9999 -9999 -9999 -9999 -9999 -9999 -9999 -9999 -9999 -9999 -9999 -9999 11.40 10.84 9.63 10.03 11.44 9.55 9.65 8.50 8.72 9.23 9.12 9.51 9.79 8.90 8.55 8.88 10.96 18.94 18.80 12.76 14.96 14.24 13.64 9.47 8.41 11.15 11.97 10.82 9.70 9.61 9.90 10.69 10.75 10.99 11.34 12.04 11.13 10.89 10.57 12.96 12.92 12.80 11.28 10.86 11.49 14.02 -9999 -9999 -9999 -9999
-9999 -9999 -9999 -9999 -9999 -9999 -9999 23.98 18.97 16.19 16.39 15.67 17.02 16.17 17.31 18.06 -9999 -9999 17.14 14.39 -9999 -9999 -9999 11.50 13.17 12.27 -9999 8.70 11.05 9.85 9.27 10.02 9.28 9.89 9.99 10.90 10.36 10.53 9.36 10.11 9.33 9.36 14.57 10.14 12.29 16.19 8.87 11.13 18.70 10.68 13.22 10.03 10.85 11.04 10.40 10.18 10.14 10.15 10.75 10.48 11.10 11.08 12.28 11.21 10.83 10.69 11.12 12.05 13.43 12.76 10.99 10.69 12.75 15.50 -9999 -9999 -9999
-9999 -9999 -9999 -9999 -9999 -9999 -9999 -9999 19.67 16.95 15.62 14.66 14.72 15.95 17.72 14.11 -9999 12.83 13.48 14.79 12.79 13.85 9.32 7.99 13.76 13.59 11.65 -9999 7.91 10.12 9.95 9.04 9.01 10.24 9.41 9.24 9.39 9.44 9.92 9.65 10.47 10.07 14.76 15.06 13.65 14.36 13.26 15.49 15.82 13.60 10.25 9.49 11.97 11.83 9.90 10.84 10.23 10.85 11.05 10.55 10.93 10.96 12.32 11.29 10.77 10.71 10.32 11.29 12.36 13.51 12.09 10.81 11.68 14.30 -9999 -9999 -9999
-9999 -9999 -9999 -9999 -9999 -9999 -9999 -9999 -9999 18.62 17.09 15.49 14.06 13.31 10.93 9.67 18.20 27.41 11.30 15.55 15.58 14.07 11.32 7.34 6.95 10.41 14.07 11.08 7.80 8.21 9.65 8.98 9.32 11.17 9.84 9.08 8.61 9.07 9.44 9.37 9.93 9.96 16.73 17.92 14.02 14.02 11.50 10.22 11.96 12.51 9.88 9.59 11.34 10.32 9.71 10.77 10.24 11.64 10.80 10.83 10.70 10.59 12.35 10.86 10.51 10.58 10.26 10.80 11.39 11.60 12.03 12.58 10.78 13.18 16.09 -9999 -9999
-9999 -9999 -9999 -9999 -9999 -9999 -9999 -9999 -9999 -9999 19.73 15.81 13.23 10.68 10.00 13.18 31.81 20.54 7.94 16.08 10.33 15.00 14.30 9.08 5.52 14.20 11.73 13.01 10.56 8.06 8.21 8.58 7.81 9.27 10.01 9.49 9.01 8.53 8.99 8.87 8.89 11.50 12.58 18.08 14.57 15.23 14.10 8.38 11.35 14.28 10.32 10.40 11.18 10.08 10.06 10.36 10.18 11.66 10.58 10.46 10.80 10.22 11.11 11.02 10.49 10.45 10.40 10.55 11.11 12.75 11.30 10.37 10.51 12.52 15.57 -9999 -9999
-9999 -9999 -9999 -9999 -9999 -9999 -9999 -9999 -9999 -9999 -9999 16.27 12.58 12.16 14.35 28.21 29.90 19.08 13.82 12.84 13.89 15.86 15.96 15.55 9.41 7.40 15.56 12.23 10.89 9.63 8.08 8.06 8.37 8.44 9.18 8.66 8.09 8.36 8.49 8.40 8.76 10.34 12.74 14.29 11.67 12.15 14.72 12.16 8.09 14.17 10.79 10.60 11.14 9.92 10.02 9.91 10.64 11.54 10.71 10.54 10.65 10.02 12.03 11.18 10.75 10.74 10.66 11.03 10.66 10.55 10.11 9.88 10.45 13.01 15.80 -9999 -9999
-9999 -9999 -9999 -9999 -9999 -9999 -9999 -9999 -9999 -9999 -9999 15.70 13.40 16.27 18.09 20.06 23.49 12.86 9.88 13.00 16.44 16.69 17.47 14.90 10.57 6.60 15.85 15.57 11.87 10.62 8.18 7.86 8.47 9.64 8.99 8.58 8.23 7.59 7.45 8.07 10.73 10.87 8.16 14.69 11.58 12.58 15.18 15.15 11.43 9.92 9.72 8.27 10.14 11.06 9.71 9.58 9.35 10.33 10.29 10.94 10.76 10.54 11.20 12.05 11.57 11.58 11.16 10.96 10.43 9.83 9.73 10.40 11.93 14.32 -9999 -9999 -9999
-9999 -9999 -9999 -9999 -9999 -9999 -9999 -9999 -9999 -9999 -9999 14.36 13.73 14.78 13.26 19.37 16.15 11.31 13.98 11.07 12.66 16.65 14.32 17.77 14.29 8.74 14.49 15.91 14.85 10.30 9.13 7.82 9.03 10.52 9.89 8.64 7.84 7.35 7.79 9.81 10.10 8.14 8.12 12.07 11.86 11.79 11.83 11.07 11.03 11.86 7.61 9.10 9.30 8.91 9.52 8.93 10.28 9.37 10.16 10.87 11.01 11.49 14.17 12.84 12.07 11.68 11.46 11.04 10.51 10.03 10.09 11.69 13.86 -9999 -9999 -9999 -9999
-9999 -9999 -9999 -9999 -9999 -9999 -9999 -9999 -9999 -9999 16.02 26.23 14.82 15.48 17.09 9.82 24.37 20.67 19.08 15.90 18.40 13.57 14.40 12.58 10.81 13.29 17.97 15.15 14.18 10.04 8.70 7.67 9.74 9.84 9.13 8.59 7.58 7.55 9.42 8.93 7.99 9.62 11.27 7.87 14.17 13.24 9.21 10.28 9.59 8.71 8.72 7.73 7.60 7.88 9.35 8.82 8.30 10.73 10.13 10.78 11.45 12.24 14.35 12.92 12.13 11.92 11.35 10.98 10.27 9.89 11.11 13.11 -9999 -9999 -9999 -9999 -9999
-9999 -9999 -9999 -9999 -9999 -9999 -9999 -9999 17.90 16.58 21.04 17.72 13.53 13.48 15.03 9.48 11.86 14.64 19.91 18.57 19.61 16.59 16.68 8.88 12.91 12.93 8.86 9.40 8.93 10.37 9.29 8.38 9.54 9.69 9.58 8.52 8.42 9.95 8.67 9.21 7.84 9.94 10.98 10.28 8.87 8.04 10.62 9.87 9.26 9.36 9.22 8.85 6.98 8.30 8.19 7.46 8.15 9.28 10.18 11.06 11.28 12.20 14.01 12.77 11.82 11.69 11.03 10.55 9.91 10.16 11.77 -9999 -9999 -9999 -9999 -9999 15.84
-9999 -9999 -9999 -9999 -9999 -9999 -9999 18.32 17.44 16.69 16.17 15.11 14.18 12.50 10.26 8.97 11.38 13.57 16.27 25.89 14.05 10.87 10.75 6.78 15.92 17.56 15.96 10.88 9.45 10.62 10.35 9.67 9.85 10.43 9.65 9.22 9.03 9.74 9.92 7.82 7.82 10.02 10.08 9.53 8.88 9.29 10.10 8.51 9.32 8.12 8.12 8.90 8.00 7.33 6.83 7.47 9.15 9.27 10.02 10.82 11.34 11.84 14.06 13.04 11.72 11.10 10.56 10.15 9.67 9.97 11.28 -9999 -9999 -9999 -9999 -9999 14.02
-9999 -9999 -9999 -9999 -9999 -9999 19.29 20.02 18.36 17.44 -9999 -9999 -9999 -9999 11.98 19.88 16.79 15.47 17.52 14.41 11.16 15.02 13.79 11.54 24.37 20.35 16.09 16.61 12.32 9.69 10.44 10.40 9.55 9.51 9.25 8.88 9.48 8.46 10.12 8.17 8.03 8.56 9.29 9.74 9.60 8.39 8.70 8.62 8.55 8.24 7.80 7.34 7.24 7.18 7.69 8.80 9.15 9.32 10.64 11.67 11.95 11.84 12.94 12.54 12.11 10.68 10.27 9.83 9.33 9.29 10.36 12.51 -9999 -9999 -9999 -9999 12.52
-9999 -9999 -9999 -9999 -9999 -9999 21.20 23.04 18.07 18.43 -9999 -9999 -9999 -9999 13.15 16.77 19.19 11.52 17.03 15.41 14.28 18.41 20.03 14.80 19.74 9.93 11.91 12.09 11.06 9.64 9.63 9.93 9.53 9.71 10.34 8.92 9.68 8.97 8.95 9.66 8.23 8.50 7.79 9.22 10.66 11.15 11.01 8.95 8.17 8.13 8.03 8.56 7.80 8.16 8.95 9.57 10.89 10.24 13.02 13.06 13.29 11.85 12.17 11.92 11.56 10.31 10.18 9.77 9.21 8.93 9.07 10.44 11.78 -9999 -9999 13.02 12.36
-9999 -9999 -9999 -9999 -9999 -9999 -9999 -9999 -9999 -9999 -9999 -9999 -9999 -9999 14.26 19.20 16.22 11.49 13.62 10.31 19.99 18.25 10.54 14.75 13.49 11.42 12.75 10.03 9.50 8.90 10.20 9.70 9.98 9.50 8.82 8.83 8.79 8.43 8.72 9.57 8.65 8.22 8.70 9.41 9.11 10.27 10.72 8.29 10.10 11.44 9.78 9.74 9.33 8.08 9.37 10.80 12.43 12.30 11.63 12.24 13.15 12.22 12.46 11.75 11.36 10.09 10.11 9.85 9.44 8.98 8.48 8.80 9.78 11.18 11.96 11.71 11.84
-9999 -9999 -9999 -9999 -9999 -9999 -9999 -9999 -9999 -9999 -9999 -9999 -9999 -9999 -9999 19.18 7.36 8.18 12.37 18.05 15.98 17.67 15.90 9.83 11.61 13.73 9.19 8.91 8.25 8.67 8.86 9.49 9.48 9.36 8.85 8.61 8.52 8.83 8.57 9.48 9.32 8.70 11.72 10.73 8.86 8.71 8.90 9.29 9.24 10.76 11.10 10.24 11.80 9.39 9.07 10.20 9.92 10.72 11.08 10.99 12.71 12.57 11.98 11.08 11.31 10.16 10.15 9.90 9.50 9.19 9.00 8.98 9.04 9.81 10.50 10.81 10.74
-9999 -9999 -9999 -9999 -9999 -9999 -9999 -9999 -9999 -9999 -9999 -9999 -9999 -9999 -9999 13.34 19.08 20.15 15.97 12.76 10.87 14.05 10.74 11.17 9.13 8.61 12.09 8.78 8.58 11.33 10.42 9.89 9.27 8.39 8.41 9.39 9.15 10.64 10.34 9.87 9.39 8.87 11.64 12.75 10.67 9.12 8.61 9.22 9.35 9.29 9.96 11.04 14.18 12.20 9.56 9.11 9.93 11.65 13.19 13.20 12.30 12.87 12.11 11.25 10.71 10.30 10.26 10.00 9.86 9.60 9.44 9.44 9.57 9.90 10.32 10.84 10.89
-9999 -9999 -9999 -9999 -9999 -9999 -9999 -9999 -9999 -9999 -9999 -9999 -9999 -9999 17.24 15.98 11.57 22.59 13.69 10.34 13.72 12.61 10.44 14.91 10.02 9.49 13.56 8.39 17.36 12.89 10.02 10.07 11.52 9.21 8.76 12.88 12.35 10.97 9.20 9.88 9.88 9.47 10.30 11.09 10.82 9.77 9.34 9.18 9.26 9.76 9.46 11.18 11.00 10.49 10.05 9.70 10.86 12.31 13.70 13.61 11.90 11.96 11.70 11.23 10.75 10.42 10.27 10.19 10.09 9.91 9.72 9.73 9.87 9.93 10.24 11.20 11.24
-9999 -9999 -9999 -9999 -9999 -9999 -9999 -9999 -9999 -9999 -9999 -9999 -9999 -9999 14.87 14.94 21.71 12.43 6.28 9.88 10.26 12.18 15.80 15.64 11.54 10.92 11.40 9.20 10.42 11.67 13.64 13.31 10.24 10.23 9.95 10.36 11.12 9.22 9.02 10.16 10.17 10.91 11.18 10.34 10.73 10.36 9.77 9.41 9.23 9.34 9.36 10.42 10.77 10.39 9.48 10.24 11.98 13.59 12.52 13.38 13.16 12.08 11.11 12.03 10.81 11.01 10.46 10.35 10.09 9.99 9.92 9.80 9.83 9.95 10.13 11.46 11.23
-9999 -9999 -9999 -9999 -9999 -9999 -9999 -9999 -9999 -9999 -9999 -9999 -9999 -9999 15.85 18.32 7.98 10.72 9.81 11.86 11.47 17.89 14.85 17.33 13.14 11.66 9.23 8.33 9.47 14.23 17.18 18.68 11.27 13.46 11.49 11.32 10.69 8.43 9.10 9.74 10.19 11.00 10.18 10.21 11.96 10.92 9.75 9.69 11.25 9.10 9.66 10.07 9.89 9.48 9.50 10.58 11.27 11.76 11.87 11.93 11.02 10.86 11.51 11.74 10.26 10.20 10.40 10.26 10.16 9.91 9.66 9.70 9.73 9.84 10.04 10.48 10.32
-9999 -9999 -9999 -9999 -9999 -9999 -9999 -9999 -9999 -9999 -9999 -9999 -9999 -9999 -9999 10.81 12.45 15.96 19.50 20.43 15.99 15.89 12.66 8.69 9.16 8.50 10.24 10.72 9.35 11.47 12.01 16.79 13.51 11.63 11.22 12.86 11.97 8.93 10.45 9.17 9.49 12.90 10.31 9.88 9.67 10.02 9.37 9.53 11.75 10.70 9.60 10.28 9.82 9.66 10.33 11.43 10.73 10.54 10.10 11.26 10.18 11.82 11.77 10.32 10.03 10.81 10.54 9.97 9.86 9.62 9.54 9.60 9.63 9.72 9.78 9.83 9.93
-9999 -9999 -9999 -9999 -9999 -9999 -9999 -9999 -9999 -9999 -9999 -9999 -9999 -9999 -9999 12.97 14.87 16.54 19.08 22.53 19.65 14.61 10.73 8.75 11.62 14.98 17.77 20.06 14.80 10.68 11.22 13.09 12.67 9.85 14.35 12.80 12.50 10.49 11.51 9.74 9.29 10.42 12.37 11.43 10.09 9.29 9.12 9.86 10.97 10.53 9.93 9.95 10.66 11.12 11.47 12.05 10.92 10.40 12.20 12.21 12.06 11.56 11.80 10.43 10.86 11.49 10.02 9.71 9.66 9.50 9.54 9.50 9.49 9.53 9.58 9.66 9.60
-9999 -9999 -9999 -9999 -9999 -9999 -9999 -9999 -9999 -9999 -9999 -9999 -9999 -9999 14.28 11.55 12.84 15.81 17.41 15.92 15.50 12.66 14.59 21.67 17.26 17.40 17.18 13.72 12.17 13.11 13.28 10.83 10.33 11.30 13.79 13.34 12.46 10.54 11.87 9.34 9.44 11.49 10.56 11.07 10.90 9.73 8.96 9.51 10.64 10.41 9.50 9.93 10.07 10.11 11.35 10.84 12.35 11.50 12.49 11.37 11.66 11.71 10.51 10.34 11.50 11.18 9.74 9.56 9.91 9.49 9.62 9.56 9.67 9.55 9.41 9.36 9.11
-9999 -9999 -9999 -9999 -9999 -9999 -9999 -9999 -9999 -9999 -9999 -9999 -9999 -9999 17.38 14.04 11.72 11.21 13.90 19.64 19.23 17.44 15.05 15.87 17.78 19.30 19.25 13.08 15.96 17.80 11.67 14.89 9.52 10.71 12.84 15.28 10.80 11.67 9.54 8.53 9.27 10.18 14.04 11.54 11.38 10.47 9.87 9.84 10.09 9.78 9.28 9.53 9.48 9.58 9.69 11.48 12.27 12.24 13.00 11.46 10.68 10.70 10.21 10.86 11.45 10.88 10.23 10.67 10.19 10.47 9.83 9.73 9.96 9.88 9.38 9.13 8.88
-9999 -9999 -9999 -9999 -9999 -9999 -9999 -9999 -9999 -9999 -9999 -9999 -9999 -9999 15.25 13.06 8.03 9.87 13.83 20.18 17.78 18.47 14.56 16.65 15.69 13.60 15.11 15.92 15.18 13.08 11.16 11.86 15.89 10.67 10.21 10.54 11.01 13.05 10.68 8.48 9.09 10.03 10.43 10.32 11.63 10.83 10.25 10.35 9.27 8.71 9.67 10.01 10.23 9.51 10.42 12.06 12.07 10.84 11.07 12.25 10.87 11.37 10.06 11.41 11.45 10.23 10.14 10.41 9.55 9.82 9.67 9.62 9.66 9.39 9.19 9.11 8.91
-9999 -9999 -9999 -9999 -9999 -9999 -9999 -9999 -9999 -9999 -9999 -9999 -9999 14.88 15.35 17.41 13.22 10.06 15.31 16.85 20.19 20.19 12.27 12.57 11.78 13.95 16.20 13.43 12.96 15.68 13.45 12.21 11.72 10.41 9.15 9.48 11.14 10.87 10.33 9.88 9.17 8.71 9.64 10.31 9.48 10.20 9.79 10.59 9.38 9.41 9.67 9.13 9.12 9.62 11.31 10.96 10.96 10.12 11.32 11.58 11.20 10.08 11.27 11.33 11.33 11.48 10.79 10.07 9.83 9.56 9.69 9.66 9.40 9.21 9.01 8.90 9.00
-9999 -9999 -9999 -9999 -9999 -9999 -9999 -9999 -9999 -9999 -9999 -9999 17.45 16.21 15.94 12.65 10.24 14.70 18.92 19.57 16.64 18.97 13.29 15.17 13.23 12.49 21.45 14.33 14.98 11.87 12.50 10.65 10.43 11.08 12.57 10.91 13.58 10.68 11.24 9.35 8.94 9.12 9.40 9.93 9.48 9.72 10.23 10.42 8.62 9.56 9.51 9.69 9.91 10.32 11.16 10.01 11.13 10.56 10.92 9.87 9.88 11.63 12.09 11.23 11.42 11.21 10.06 10.68 10.67 10.43 10.19 9.62 9.22 8.89 9.24 9.20 10.04
-9999 -9999 -9999 -9999 -9999 -9999 -9999 -9999 -9999 -9999 19.55 17.17 14.94 11.41 10.19 10.75 11.61 16.70 18.18 20.21 22.09 19.13 16.15 10.68 15.01 13.76 18.81 14.25 12.82 12.84 10.99 10.78 9.58 11.22 13.83 12.67 12.57 9.39 9.77 9.48 9.44 10.38 9.73 10.24 9.22 9.43 9.90 8.95 8.85 9.36 10.71 10.36 11.42 12.20 11.34 10.56 9.89 9.68 10.77 11.43 11.06 11.69 10.36 11.27 11.44 10.56 9.59 9.72 10.93 10.58 10.52 9.30 8.96 8.75 9.14 10.51 10.90
-9999 -9999 -9999 -9999 -9999 -9999 18.55 17.09 15.37 20.01 19.70 19.22 18.45 13.84 12.29 11.31 18.64 16.12 18.58 18.80 18.13 13.80 12.57 10.40 12.74 11.89 20.44 17.89 14.92 11.63 12.14 11.33 13.88 9.78 12.25 12.66 11.79 10.83 9.72 8.99 10.39 9.76 8.98 10.65 9.16 9.31 8.78 9.12 9.94 10.80 9.68 10.84 10.18 10.72 12.00 11.79 11.40 10.97 11.60 11.58 11.04 10.48 11.55 10.07 10.00 9.87 9.49 10.43 10.63 10.65 9.71 9.01 9.19 9.53 10.96 10.94 10.05
-9999 -9999 -9999 -9999 -9999 20.31 16.81 17.46 16.19 15.09 17.20 15.74 16.30 13.12 10.94 16.05 16.88 17.20 11.77 19.69 14.35 11.07 18.95 14.76 9.76 19.33 15.90 14.75 9.36 9.42 10.65 15.31 10.98 9.95 9.71 10.11 12.48 11.94 11.68 9.61 9.87 9.12 9.05 10.18 9.66 9.23 9.15 9.57 10.58 10.22 12.76 10.08 9.48 10.08 11.32 10.56 10.55 9.98 10.20 10.98 10.62 11.51 10.68 9.82 9.83 10.25 9.57 9.84 9.87 9.16 9.05 9.15 9.39 9.66 10.17 11.00 10.66
-9999 -9999 -9999 -9999 20.32 18.92 14.05 13.14 13.30 14.54 13.32 14.02 12.87 13.77 20.06 15.44 12.62 17.67 9.53 13.92 14.15 19.24 18.20 19.05 15.21 14.20 12.16 8.72 15.92 15.41 10.17 10.82 10.27 9.79 10.30 9.54 9.82 12.17 12.59 9.30 8.85 8.83 9.70 8.93 8.59 9.28 12.83 9.99 9.75 10.53 11.49 10.41 9.56 10.39 11.19 11.06 11.77 10.90 9.79 9.67 9.71 11.16 10.71 9.81 10.91 10.67 9.70 9.78 9.55 9.33 9.85 10.07 10.10 10.36 10.20 10.85 9.65
18.99 21.32 17.95 20.16 16.12 15.15 15.61 13.92 13.11 16.09 14.19 14.19 14.29 18.33 17.24 14.09 14.91 14.04 11.55 11.67 17.13 17.92 15.12 15.00 17.57 12.87 8.30 16.53 18.74 14.52 14.26 10.43 11.08 10.00 10.32 13.25 10.05 12.88 10.26 9.03 8.65 9.04 11.74 8.50 9.10 14.77 10.68 9.94 9.93 10.75 11.77 9.71 9.91 10.31 9.85 10.66 10.71 10.03 9.53 10.11 9.64 10.11 10.64 10.70 10.06 9.55 9.23 9.24 10.04 12.21 11.29 12.52 11.58 9.88 11.30 10.51 10.42
18.74 16.59 15.90 19.69 23.65 21.08 20.04 15.47 16.95 19.37 17.35 16.41 19.42 16.11 14.55 17.87 13.27 9.88 11.77 12.43 16.44 15.79 14.87 13.93 13.34 11.12 13.65 27.09 20.35 14.69 11.28 12.11 11.17 13.50 10.81 11.53 10.06 9.57 9.34 9.54 8.78 8.42 8.86 8.67 13.59 14.04 12.44 10.40 9.81 13.36 10.87 9.85 10.19 9.43 10.46 10.36 10.02 9.06 10.74 10.24 9.35 11.53 11.16 9.66 9.28 9.22 9.17 10.00 11.52 12.18 11.92 12.60 11.56 10.81 11.51 10.62 9.43
