ML/MeanWindSpeed_1992-11_Actual.txt
ncols         180
nrows         290
xllcorner     -200000
yllcorner     -200000
cellsize      5000
NODATA_value  -9999
[rows 170 to 203 of 290, columns 77 to 153 of 180]
-9999 -9999 -9999 -9999 -9999 -9999 -9999 -9999 -9999 -9999 -9999 -9999 -9999 -9999 -9999 -9999 -9999 -9999 -9999 -9999 -9999 -9999 -9999 -9999 -9999 -9999 -9999 -9999 -9999 10.61 9.60 9.03 9.34 9.76 9.97 9.76 9.35 9.64 9.33 9.19 9.36 9.69 10.98 10.93 17.29 20.39 20.74 17.72 15.41 13.82 11.71 11.58 10.18 11.31 9.78 9.70 9.49 9.58 9.71 9.81 10.34 10.53 10.30 9.71 10.31 12.84 12.22 12.49 11.09 11.29 12.68 14.74 -9999 -9999 -9999 -9999 -9999
-9999 -9999 -9999 -9999 -9999 -9999 -9999 -9999 -9999 16.50 15.27 15.88 17.44 -9999 -9999 -9999 -9999 -9999 -9999 -9999 -9999 -9999 -9999 -9999 -9999 -9999 -9999 -9999 11.45 9.87 10.14 9.36 10.43 10.02 9.45 9.42 9.58 9.42 9.48 9.36 9.44 9.60 9.95 14.03 17.75 18.12 15.24 18.87 17.31 12.78 12.34 9.60 12.51 12.14 10.11 9.89 9.59 9.61 9.71 9.83 10.26 10.87 10.70 9.87 9.97 10.64 12.91 12.70 13.15 10.99 10.86 12.84 15.24 -9999 -9999 -9999 -9999
-9999 -9999 -9999 -9999 -9999 -9999 -9999 -9999 -9999 15.19 13.82 13.63 14.59 -9999 -9999 -9999 -9999 -9999 -9999 -9999 -9999 -9999 -9999 -9999 -9999 -9999 -9999 11.38 10.77 9.72 10.14 11.40 9.92 10.01 8.99 9.11 9.48 9.38 9.71 9.95 9.24 9.04 9.62 12.07 19.55 20.02 15.14 16.91 15.92 15.01 11.08 9.62 11.46 11.87 10.54 9.44 9.32 9.57 10.16 10.09 10.24 10.62 11.18 10.37 10.24 10.35 12.48 12.56 12.49 11.18 10.87 11.58 14.01 -9999 -9999 -9999 -9999
-9999 -9999 -9999 -9999 -9999 -9999 -9999 19.66 15.26 12.76 12.82 12.42 13.86 13.58 15.11 16.24 -9999 -9999 16.14 14.16 -9999 -9999 -9999 11.82 13.18 12.39 -9999 9.00 10.85 9.94 9.61 10.28 9.68 10.13 10.08 10.79 10.33 10.45 9.50 10.08 9.43 9.70 14.34 11.42 14.32 17.81 11.71 13.63 19.36 12.38 13.83 10.79 11.31 11.27 10.29 9.85 9.73 9.76 10.15 9.82 10.28 10.36 11.35 10.41 10.13 10.29 10.92 11.87 13.08 12.45 10.96 10.83 12.81 15.46 -9999 -9999 -9999
-9999 -9999 -9999 -9999 -9999 -9999 -9999 -9999 15.91 13.52 12.34 11.61 11.89 13.25 15.18 12.65 -9999 12.16 12.63 13.96 12.69 13.69 9.80 8.47 13.13 13.16 11.55 -9999 8.34 10.18 10.09 9.35 9.34 10.34 9.64 9.50 9.61 9.61 9.97 9.69 10.24 10.17 14.57 15.56 15.25 15.93 14.73 16.79 17.00 14.54 11.25 10.23 12.16 11.86 9.90 10.40 9.81 10.34 10.40 9.85 10.10 10.22 11.40 10.50 10.08 10.17 10.15 11.23 12.23 13.10 11.89 10.90 11.82 14.36 -9999 -9999 -9999
-9999 -9999 -9999 -9999 -9999 -9999 -9999 -9999 -9999 15.06 13.74 12.38 11.45 11.10 9.23 8.50 16.02 23.47 10.26 14.05 14.49 13.54 11.24 7.76 7.60 10.60 13.48 10.92 8.28 8.56 9.65 9.09 9.40 11.00 10.08 9.57 9.16 9.45 9.66 9.54 9.87 10.19 16.33 17.76 15.17 15.38 13.00 12.09 13.65 13.56 10.86 10.19 11.47 10.51 9.70 10.38 9.84 10.98 10.19 10.04 9.87 9.81 11.37 10.11 9.84 10.03 9.98 10.71 11.40 11.63 11.93 12.35 11.00 13.32 16.10 -9999 -9999
-9999 -9999 -9999 -9999 -9999 -9999 -9999 -9999 -9999 -9999 16.18 12.89 10.80 8.88 8.21 11.03 26.89 18.04 7.49 14.56 10.32 14.37 13.89 9.36 6.66 14.04 11.86 12.56 10.49 8.44 8.46 8.60 8.05 9.55 10.25 9.90 9.54 9.18 9.56 9.47 9.48 11.87 13.51 18.27 15.56 16.25 15.12 10.18 12.62 14.61 10.81 10.54 11.18 10.20 9.94 10.06 9.81 11.00 9.99 9.72 9.89 9.38 10.25 10.18 9.79 9.91 10.03 10.40 11.16 12.65 11.45 10.70 10.79 12.77 15.64 -9999 -9999
-9999 -9999 -9999 -9999 -9999 -9999 -9999 -9999 -9999 -9999 -9999 13.36 10.23 9.93 11.76 23.61 26.48 17.88 12.46 12.03 13.39 15.29 15.57 14.82 9.65 8.49 15.30 12.32 10.82 9.65 8.35 8.24 8.60 9.03 9.70 9.30 8.90 9.27 9.49 9.52 9.96 11.47 14.14 15.72 13.29 13.48 15.24 12.74 9.52 14.21 10.76 10.39 10.94 9.91 9.80 9.65 10.20 10.91 10.06 9.79 9.77 9.18 10.93 10.30 10.02 10.17 10.27 10.81 10.81 10.93 10.58 10.49 10.93 13.30 15.92 -9999 -9999
-9999 -9999 -9999 -9999 -9999 -9999 -9999 -9999 -9999 -9999 -9999 12.94 10.89 13.29 15.35 18.13 22.69 13.59 9.42 12.07 15.39 15.87 16.87 14.55 10.46 7.65 15.69 15.25 11.87 10.49 8.32 8.04 8.67 9.99 9.71 9.41 9.24 8.89 8.93 9.61 11.95 12.27 10.53 16.13 13.22 13.72 15.44 14.93 12.02 10.75 9.88 8.43 10.05 10.74 9.52 9.41 9.23 9.99 9.76 10.19 10.00 9.85 10.58 11.40 10.95 10.99 10.75 10.79 10.65 10.39 10.35 11.01 12.42 14.63 -9999 -9999 -9999
-9999 -9999 -9999 -9999 -9999 -9999 -9999 -9999 -9999 -9999 -9999 11.74 11.16 12.57 12.23 18.23 16.50 12.06 13.01 10.70 12.67 16.27 14.66 17.20 13.69 9.26 14.60 15.65 14.46 10.33 9.04 7.96 9.12 10.65 10.40 9.51 9.08 8.90 9.46 11.26 11.77 10.30 10.30 13.83 13.36 12.93 12.77 11.74 11.52 12.08 8.17 9.14 9.40 9.01 9.43 8.93 10.00 9.21 9.67 10.19 10.34 10.91 13.43 12.45 11.60 11.20 11.06 10.89 10.67 10.48 10.68 12.24 14.29 -9999 -9999 -9999 -9999
-9999 -9999 -9999 -9999 -9999 -9999 -9999 -9999 -9999 -9999 13.17 21.26 12.48 13.84 15.77 10.70 22.36 18.92 17.04 14.88 17.76 14.33 15.28 13.58 11.53 13.10 17.53 15.51 14.27 10.30 8.80 7.88 9.80 10.20 9.78 9.48 8.91 9.18 10.96 10.76 10.29 11.63 12.77 10.28 15.26 14.06 10.65 11.30 10.32 9.25 8.94 7.97 7.98 8.23 9.37 8.85 8.34 10.23 9.63 10.15 10.76 11.60 13.62 12.51 11.71 11.44 11.01 10.88 10.47 10.36 11.68 13.67 -9999 -9999 -9999 -9999 -9999
-9999 -9999 -9999 -9999 -9999 -9999 -9999 -9999 14.64 13.53 17.28 14.90 12.24 13.06 14.52 10.00 11.79 13.95 18.05 17.19 18.62 16.88 17.24 10.80 13.73 13.46 10.54 11.37 10.40 10.68 9.36 8.49 9.69 10.10 10.03 9.27 9.49 11.15 10.44 11.07 10.07 11.85 12.59 12.13 10.87 9.75 11.46 10.71 9.91 9.60 9.21 8.81 7.37 8.49 8.33 7.71 8.17 8.94 9.61 10.35 10.60 11.59 13.36 12.35 11.42 11.25 10.76 10.56 10.24 10.74 12.41 -9999 -9999 -9999 -9999 -9999 15.99
-9999 -9999 -9999 -9999 -9999 -9999 -9999 14.80 14.05 13.77 14.05 13.79 13.64 12.58 10.24 9.21 11.42 13.24 15.99 24.06 14.82 12.55 12.34 8.91 16.20 17.61 16.58 12.68 10.80 10.80 10.19 9.53 9.86 10.49 9.87 9.55 9.78 10.91 11.48 9.92 9.84 11.84 11.87 11.26 10.61 10.56 10.78 9.33 9.72 8.45 8.28 8.86 8.11 7.56 7.14 7.66 8.88 8.86 9.42 10.07 10.56 11.25 13.32 12.47 11.29 10.78 10.43 10.29 10.12 10.64 12.01 -9999 -9999 -9999 -9999 -9999 14.19
-9999 -9999 -9999 -9999 -9999 -9999 15.52 16.02 14.80 14.68 -9999 -9999 -9999 -9999 10.97 17.47 15.12 14.64 17.37 15.29 12.82 16.13 15.06 12.95 23.63 20.58 16.90 16.97 12.78 9.96 10.28 10.16 9.54 9.61 9.40 9.05 9.91 9.71 11.50 10.04 9.85 10.42 10.97 11.07 10.70 9.42 9.44 9.20 8.98 8.49 8.05 7.60 7.38 7.25 7.66 8.59 8.71 8.72 9.70 10.55 10.87 11.05 12.21 11.94 11.56 10.47 10.25 10.08 9.84 10.03 11.13 13.21 -9999 -9999 -9999 -9999 12.73
-9999 -9999 -9999 -9999 -9999 -9999 17.23 18.72 14.96 15.71 -9999 -9999 -9999 -9999 11.38 14.75 16.94 11.26 16.85 16.08 15.09 18.76 20.50 16.45 21.17 13.19 14.14 13.65 11.82 9.98 9.75 9.87 9.52 9.70 10.22 9.03 9.87 9.88 10.27 10.97 9.80 10.10 9.45 10.31 11.11 11.32 11.09 9.18 8.47 8.30 8.13 8.53 7.77 7.92 8.50 9.01 9.97 9.27 11.44 11.48 11.74 10.81 11.39 11.38 11.20 10.29 10.29 10.10 9.75 9.65 9.88 11.23 12.52 -9999 -9999 13.22 12.35
-9999 -9999 -9999 -9999 -9999 -9999 -9999 -9999 -9999 -9999 -9999 -9999 -9999 -9999 12.57 17.55 15.29 11.19 13.88 11.86 19.78 19.14 13.56 17.41 16.75 14.62 15.00 12.16 10.78 9.47 10.23 9.70 9.88 9.49 8.97 8.98 9.08 9.19 9.70 10.46 9.69 9.41 9.81 10.19 9.64 10.38 10.52 8.32 9.76 10.81 9.39 9.37 8.95 7.80 8.80 10.01 11.22 10.92 10.35 10.83 11.54 10.88 11.34 11.22 11.26 10.35 10.42 10.26 9.95 9.64 9.25 9.63 10.55 11.78 12.27 11.75 11.64
-9999 -9999 -9999 -9999 -9999 -9999 -9999 -9999 -9999 -9999 -9999 -9999 -9999 -9999 -9999 17.76 8.30 8.53 12.87 18.19 17.12 19.44 18.45 13.45 14.58 15.83 11.58 10.82 9.61 9.25 9.13 9.56 9.51 9.39 9.00 8.79 8.80 9.25 9.23 10.09 9.85 9.30 11.79 10.96 9.36 9.07 8.98 9.05 8.91 10.17 10.40 9.75 11.01 8.96 8.68 9.65 9.33 9.86 10.11 9.91 11.21 11.08 10.80 10.90 11.69 10.84 10.77 10.47 10.05 9.78 9.64 9.66 9.69 10.26 10.63 10.71 10.58
-9999 -9999 -9999 -9999 -9999 -9999 -9999 -9999 -9999 -9999 -9999 -9999 -9999 -9999 -9999 12.68 17.48 18.06 15.37 13.97 13.39 16.55 14.07 14.14 12.03 11.15 13.34 10.04 9.43 11.30 10.46 9.96 9.36 8.56 8.47 9.26 9.15 10.47 10.41 10.17 9.65 9.11 11.42 12.30 10.54 9.19 8.64 8.95 9.04 9.09 9.56 10.45 13.01 11.30 9.12 8.83 9.42 10.69 11.83 11.69 10.91 11.37 11.28 11.99 12.00 11.52 11.25 10.79 10.47 10.15 9.97 9.94 9.97 10.12 10.27 10.62 10.62
-9999 -9999 -9999 -9999 -9999 -9999 -9999 -9999 -9999 -9999 -9999 -9999 -9999 -9999 14.91 14.16 10.91 20.37 13.72 11.75 15.07 14.85 13.21 16.61 12.36 11.54 14.10 9.30 16.33 12.54 10.11 10.10 11.19 9.16 8.69 12.08 11.72 10.67 9.34 9.94 9.88 9.49 10.30 10.93 10.46 9.47 8.99 8.83 9.03 9.53 9.32 10.81 10.71 10.04 9.47 9.19 10.10 11.24 12.31 12.20 10.85 11.26 12.50 13.07 12.60 12.05 11.59 11.17 10.80 10.45 10.16 10.10 10.11 10.00 10.12 10.85 10.86
-9999 -9999 -9999 -9999 -9999 -9999 -9999 -9999 -9999 -9999 -9999 -9999 -9999 -9999 13.01 13.65 19.83 12.86 7.97 10.89 11.44 13.81 16.81 16.40 12.90 12.20 12.15 9.82 10.62 11.57 13.00 12.64 10.04 9.90 9.69 10.25 10.95 9.36 9.15 10.05 9.96 10.53 10.94 10.32 10.40 9.84 9.23 9.00 8.96 9.09 9.23 10.33 10.75 10.13 9.02 9.56 11.08 12.54 11.79 12.58 12.62 12.53 12.84 13.81 12.71 12.67 11.89 11.43 10.85 10.54 10.30 10.07 9.98 9.96 9.99 11.05 10.85
-9999 -9999 -9999 -9999 -9999 -9999 -9999 -9999 -9999 -9999 -9999 -9999 -9999 -9999 14.19 16.47 8.47 10.75 9.83 11.62 11.87 17.90 15.61 17.58 14.00 12.60 10.35 9.02 9.86 13.51 15.71 16.92 10.75 12.42 10.95 11.19 10.75 8.70 9.06 9.59 9.92 10.56 9.98 10.05 11.35 10.31 9.18 9.16 10.56 8.86 9.40 9.93 9.85 9.32 9.12 10.02 10.81 11.42 11.72 11.87 11.38 11.92 13.08 13.48 12.20 11.96 11.79 11.31 10.89 10.43 10.03 9.94 9.86 9.86 9.95 10.35 10.21
-9999 -9999 -9999 -9999 -9999 -9999 -9999 -9999 -9999 -9999 -9999 -9999 -9999 -9999 -9999 9.85 11.33 13.92 16.80 18.09 15.22 15.73 13.57 10.51 10.47 9.65 10.71 10.71 9.62 11.30 11.91 15.72 12.62 11.03 10.82 12.41 11.61 8.88 10.00 8.99 9.27 12.12 10.10 9.74 9.50 9.67 8.90 8.99 10.91 10.07 9.24 9.94 9.57 9.33 9.82 10.91 10.61 10.68 10.43 11.46 10.84 12.61 13.00 12.06 11.79 12.24 11.69 10.92 10.53 10.10 9.86 9.81 9.76 9.79 9.80 9.89 10.00
-9999 -9999 -9999 -9999 -9999 -9999 -9999 -9999 -9999 -9999 -9999 -9999 -9999 -9999 -9999 11.14 12.43 13.98 16.67 20.28 18.54 14.47 11.34 9.74 11.72 14.22 16.35 18.10 13.94 11.09 11.72 13.11 12.20 9.70 13.56 12.42 11.90 10.00 10.80 9.35 9.03 10.09 11.70 10.95 9.88 9.11 8.70 9.28 10.36 9.94 9.43 9.55 10.11 10.42 10.76 11.46 10.74 10.44 11.97 12.16 12.22 12.14 12.61 11.63 11.96 12.37 10.93 10.44 10.18 9.89 9.79 9.70 9.64 9.66 9.69 9.82 9.83
-9999 -9999 -9999 -9999 -9999 -9999 -9999 -9999 -9999 -9999 -9999 -9999 -9999 -9999 12.29 9.66 10.86 14.22 16.14 15.49 15.13 12.51 13.63 19.28 15.72 15.88 15.83 13.19 11.90 12.71 13.04 11.10 10.15 10.80 13.04 12.76 11.80 9.98 11.06 8.91 8.99 10.90 10.21 10.54 10.37 9.32 8.55 9.03 10.19 9.95 9.08 9.50 9.61 9.64 10.75 10.49 11.81 11.10 12.03 11.30 11.72 11.98 11.08 10.92 11.88 11.61 10.26 9.98 10.16 9.75 9.78 9.71 9.77 9.68 9.60 9.65 9.54
-9999 -9999 -9999 -9999 -9999 -9999 -9999 -9999 -9999 -9999 -9999 -9999 -9999 -9999 14.87 11.94 10.29 10.53 13.59 18.58 17.82 15.89 13.67 14.68 16.47 17.87 18.05 13.11 15.25 16.36 11.35 13.94 9.21 10.12 12.38 14.50 10.48 10.95 9.25 8.25 8.69 9.68 13.02 10.98 10.69 9.87 9.32 9.40 9.77 9.46 8.94 9.22 9.22 9.32 9.48 11.08 11.73 11.69 12.47 11.37 10.80 10.83 10.38 10.83 11.34 10.95 10.28 10.58 10.20 10.43 9.88 9.80 10.01 9.97 9.61 9.50 9.42
-9999 -9999 -9999 -9999 -9999 -9999 -9999 -9999 -9999 -9999 -9999 -9999 -9999 -9999 12.97 11.09 7.15 9.20 13.24 18.85 16.71 16.90 13.66 15.84 15.21 13.60 14.85 15.31 14.52 12.48 10.70 11.25 14.28 10.14 10.37 10.59 10.62 12.12 10.17 8.27 8.62 9.63 10.21 10.04 10.96 10.23 9.70 9.85 9.06 8.50 9.21 9.55 9.79 9.26 10.07 11.57 11.63 10.63 10.91 11.91 10.71 11.06 9.90 10.94 11.08 10.14 10.00 10.27 9.60 9.84 9.68 9.67 9.72 9.55 9.45 9.50 9.48
-9999 -9999 -9999 -9999 -9999 -9999 -9999 -9999 -9999 -9999 -9999 -9999 -9999 12.44 12.94 14.55 11.25 9.22 14.21 16.20 18.91 18.70 12.18 12.58 11.80 13.67 15.67 13.16 12.65 14.66 12.48 11.41 10.89 9.84 9.30 9.63 10.65 10.36 9.80 9.33 8.78 8.73 9.70 10.16 9.32 9.79 9.39 10.04 9.04 8.98 9.17 8.76 8.81 9.32 10.77 10.68 10.80 10.04 11.06 11.27 10.80 9.83 10.71 10.77 10.87 10.99 10.42 9.94 9.79 9.57 9.63 9.63 9.45 9.33 9.23 9.26 9.51
-9999 -9999 -9999 -9999 -9999 -9999 -9999 -9999 -9999 -9999 -9999 -9999 14.32 13.40 13.54 10.94 9.00 12.99 17.13 18.31 16.03 17.82 12.89 14.37 12.61 12.18 19.83 13.90 14.29 11.59 11.71 10.09 9.76 10.10 11.51 10.28 12.45 10.24 10.51 8.82 8.61 8.92 9.39 9.84 9.28 9.39 9.72 9.85 8.30 8.99 8.96 9.16 9.40 9.88 10.70 9.93 10.85 10.27 10.63 9.78 9.62 10.96 11.33 10.69 10.87 10.68 9.69 10.24 10.28 10.12 9.90 9.46 9.16 8.92 9.26 9.39 10.23
-9999 -9999 -9999 -9999 -9999 -9999 -9999 -9999 -9999 -9999 15.91 13.88 12.09 9.59 9.10 9.63 10.20 14.57 16.58 18.87 20.47 17.84 14.99 10.45 13.73 12.96 17.70 13.91 12.44 12.29 10.55 10.20 8.95 10.07 12.30 11.49 11.62 9.16 9.35 8.95 9.01 9.85 9.53 10.00 8.93 9.00 9.35 8.55 8.35 8.74 9.87 9.61 10.52 11.37 10.84 10.23 9.67 9.42 10.35 10.93 10.53 11.00 9.94 10.74 10.86 10.09 9.24 9.37 10.40 10.13 10.07 9.08 8.78 8.63 9.06 10.38 10.88
-9999 -9999 -9999 -9999 -9999 -9999 15.33 13.90 12.24 15.84 15.57 15.32 14.98 11.77 10.81 9.93 15.96 14.49 17.26 17.97 17.55 13.81 12.28 9.93 11.72 11.42 19.10 16.84 13.96 11.06 11.23 10.39 12.26 9.01 11.26 11.70 11.08 10.26 9.22 8.54 9.76 9.34 8.85 10.30 8.81 8.72 8.33 8.59 9.12 9.89 9.06 10.03 9.58 10.20 11.31 11.08 10.71 10.33 10.86 10.88 10.43 10.07 10.99 9.79 9.71 9.51 9.10 9.95 10.21 10.26 9.43 8.76 8.83 9.14 10.49 10.75 10.28
-9999 -9999 -9999 -9999 -9999 16.53 13.49 13.82 12.60 11.82 13.79 12.98 13.60 11.15 9.45 13.60 14.87 15.84 11.88 18.68 14.34 11.39 17.21 13.38 9.48 17.72 15.42 14.34 9.59 9.20 9.87 13.53 9.95 9.22 9.31 9.63 11.46 10.98 10.68 9.00 9.34 8.82 8.84 9.84 9.17 8.64 8.55 8.80 9.56 9.46 11.65 9.46 9.12 9.77 10.78 10.08 9.99 9.49 9.71 10.38 10.12 10.92 10.21 9.53 9.58 9.80 9.15 9.49 9.61 9.05 8.83 8.77 8.91 9.19 9.86 10.89 10.83
-9999 -9999 -9999 -9999 16.38 15.21 11.14 10.40 10.57 11.90 11.29 11.95 10.99 11.69 16.85 13.40 11.89 16.35 9.78 13.49 13.43 17.19 16.17 16.85 14.06 13.68 12.32 9.43 14.82 13.93 9.50 10.03 9.50 9.08 9.64 9.02 9.21 11.14 11.39 8.64 8.36 8.48 9.25 8.64 8.17 8.65 11.47 9.08 8.95 9.75 10.68 9.79 9.14 9.93 10.62 10.51 11.03 10.28 9.41 9.34 9.30 10.53 10.11 9.36 10.27 10.03 9.22 9.37 9.24 8.98 9.22 9.32 9.35 9.70 9.90 10.79 9.97
14.90 16.66 13.85 15.74 12.51 11.92 12.40 11.09 10.60 13.24 11.81 11.81 11.95 15.26 14.64 12.49 13.76 13.26 11.18 11.50 15.65 16.12 14.07 14.12 16.10 12.13 8.55 15.15 16.68 12.96 12.73 9.73 10.14 9.04 9.40 11.83 9.36 11.85 9.61 8.35 8.04 8.48 10.70 8.01 8.42 13.07 9.78 9.09 9.13 9.99 11.03 9.33 9.37 9.82 9.49 10.13 10.12 9.50 9.09 9.54 9.08 9.57 10.00 9.94 9.43 9.03 8.71 8.70 9.32 10.99 10.16 11.16 10.40 9.22 10.71 10.44 10.54
14.15 12.25 11.53 14.84 18.33 16.67 15.86 11.98 13.29 15.38 13.78 13.11 15.75 13.47 12.65 15.53 12.04 9.45 10.92 11.90 15.27 15.03 14.55 13.70 12.54 9.98 12.09 23.41 18.28 13.40 10.23 10.85 10.05 11.83 9.73 10.46 9.31 9.12 8.87 8.72 8.04 7.89 8.28 7.90 11.97 12.56 11.35 9.54 8.98 12.18 10.35 9.37 9.54 9.05 9.93 9.84 9.53 8.65 9.92 9.47 8.69 10.56 10.28 9.04 8.78 8.70 8.52 9.16 10.39 10.93 10.67 11.25 10.38 9.89 10.78 10.53 9.76
