ML/MeanWindSpeed_1997-01_Actual.txt
ncols         180
nrows         290
xllcorner     -200000
yllcorner     -200000
cellsize      5000
NODATA_value  -9999
[rows 210 to 244 of 290, columns 79 to 157 of 180]
12.11 10.50 12.18 11.54 -9999 -9999 -9999 -9999 -9999 -9999 -9999 4.87 5.35 6.72 5.86 6.41 7.12 9.35 11.51 14.05 13.29 11.14 9.26 8.85 7.71 10.48 10.59 7.09 6.02 9.86 9.61 10.53 7.22 6.61 6.69 6.44 7.61 8.18 7.59 7.64 7.33 6.99 6.74 6.44 6.07 5.95 5.80 6.43 5.89 5.88 5.80 5.71 5.73 5.46 6.04 6.89 6.29 5.23 6.40 6.01 5.17 4.87 4.32 4.57 5.60 6.25 5.90 5.28 5.15 6.27 5.21 5.57 6.56 5.89 5.85 5.70 4.76 4.34 4.64
12.29 -9999 -9999 -9999 -9999 -9999 -9999 -9999 -9999 9.52 7.92 7.64 9.34 8.94 7.93 7.18 7.69 7.96 10.32 11.78 11.48 7.66 7.35 11.06 9.76 9.44 7.51 6.69 6.55 9.21 9.05 8.69 7.28 7.12 7.12 5.84 8.92 9.02 7.62 7.61 7.25 7.18 6.99 6.61 6.94 6.37 6.48 5.86 5.78 5.76 5.83 5.69 5.92 5.33 6.73 8.03 6.12 6.26 4.39 5.67 5.14 4.76 6.01 5.87 6.00 6.54 5.80 5.09 5.15 5.04 5.61 6.21 5.54 6.04 5.77 4.88 4.46 5.55 4.92
-9999 -9999 -9999 -9999 -9999 -9999 -9999 -9999 -9999 11.24 10.68 8.88 10.53 11.37 -9999 -9999 8.12 10.76 6.04 7.81 7.67 7.99 8.99 10.63 7.95 7.30 7.97 8.10 8.85 9.10 8.92 8.24 7.79 8.30 6.68 7.00 8.90 7.64 7.27 7.02 7.23 7.84 7.64 6.99 6.84 6.16 6.14 6.62 7.03 6.61 7.07 5.83 5.37 6.18 8.42 6.31 6.07 5.43 4.00 5.66 5.53 5.61 5.77 5.73 5.51 5.44 6.80 5.57 5.33 5.16 5.15 5.25 4.97 4.63 6.02 5.28 5.69 6.55 6.40
-9999 -9999 -9999 -9999 -9999 -9999 -9999 -9999 -9999 -9999 -9999 -9999 -9999 -9999 -9999 -9999 9.88 8.54 8.11 6.99 6.16 6.34 7.07 8.33 8.28 8.71 9.64 10.53 11.02 10.54 -9999 8.70 7.99 7.26 6.63 7.21 8.72 7.71 7.81 7.30 6.70 6.76 7.69 6.88 6.80 7.75 7.75 7.39 8.12 8.84 7.37 6.90 6.53 6.55 7.51 6.03 5.89 5.71 5.08 5.14 5.41 6.13 6.23 5.73 5.42 5.55 5.58 5.42 5.26 5.12 5.09 5.09 5.23 5.35 5.72 5.64 5.94 6.24 -9999
-9999 -9999 -9999 -9999 -9999 -9999 -9999 -9999 -9999 -9999 -9999 -9999 -9999 -9999 -9999 -9999 -9999 9.88 8.39 7.14 7.11 7.86 6.97 7.32 8.55 10.40 -9999 -9999 -9999 -9999 10.12 8.69 7.86 6.83 6.53 7.23 8.73 7.85 8.14 7.48 6.53 7.41 7.15 8.39 7.70 9.30 7.74 7.77 7.33 7.62 7.36 6.63 7.36 5.53 5.90 6.24 5.02 5.29 5.07 5.09 5.35 5.60 5.86 5.89 5.20 5.00 4.82 4.88 4.79 6.04 6.33 5.21 5.24 5.48 5.66 5.92 6.82 7.96 7.69
-9999 -9999 -9999 -9999 -9999 -9999 -9999 -9999 -9999 -9999 -9999 -9999 -9999 -9999 -9999 -9999 -9999 -9999 9.89 10.60 9.15 8.16 8.81 9.22 11.00 -9999 -9999 -9999 -9999 11.09 10.44 9.84 6.59 6.11 6.20 8.39 8.96 8.48 7.84 6.82 6.88 6.78 8.22 9.41 8.20 8.09 7.33 7.44 7.18 6.11 6.54 6.52 6.12 5.95 5.80 5.67 5.20 5.31 5.92 6.27 6.54 5.67 5.79 5.71 5.19 5.44 5.07 5.25 4.79 5.58 5.55 5.46 6.44 5.62 6.27 6.46 7.22 6.61 6.84
-9999 -9999 -9999 -9999 -9999 -9999 -9999 -9999 -9999 -9999 -9999 -9999 -9999 -9999 -9999 -9999 -9999 -9999 -9999 10.92 10.70 9.81 10.42 10.38 13.21 -9999 -9999 -9999 10.79 8.57 7.76 9.19 8.45 7.49 6.22 7.46 6.65 8.30 7.58 6.15 7.43 8.39 8.21 7.54 8.18 7.29 6.87 6.64 6.08 5.91 5.78 5.93 6.42 6.05 5.48 5.47 5.54 5.57 6.32 6.10 6.32 6.11 5.62 5.58 5.08 4.81 4.51 4.78 4.82 5.08 5.00 5.92 6.34 6.67 6.36 5.36 7.10 5.76 6.52
-9999 -9999 -9999 -9999 -9999 -9999 -9999 -9999 -9999 -9999 -9999 -9999 -9999 -9999 -9999 -9999 -9999 -9999 -9999 -9999 -9999 -9999 -9999 -9999 -9999 -9999 -9999 13.34 9.49 7.47 7.09 8.88 7.12 7.59 8.07 7.70 7.53 7.70 6.29 6.05 6.35 7.18 6.85 6.95 7.01 7.23 7.00 6.84 8.31 6.73 6.80 6.17 6.64 6.59 5.77 5.75 5.36 5.77 6.43 5.82 5.41 5.50 5.58 5.33 5.50 4.79 4.98 4.58 5.63 6.16 5.83 4.87 7.38 8.06 6.53 5.25 7.93 6.94 6.40
-9999 -9999 -9999 -9999 -9999 -9999 -9999 -9999 -9999 -9999 -9999 -9999 -9999 -9999 -9999 -9999 -9999 -9999 -9999 -9999 -9999 -9999 -9999 -9999 -9999 -9999 -9999 10.81 9.35 7.66 12.31 10.39 7.08 7.66 8.14 8.23 8.34 6.67 6.28 6.11 5.84 6.74 6.33 6.08 7.77 7.62 8.73 7.35 7.60 8.80 7.21 6.71 6.59 6.04 5.86 5.62 5.48 5.80 5.71 5.85 5.41 5.16 5.22 5.01 5.16 6.50 5.53 6.12 6.47 7.46 6.12 5.03 6.20 6.46 5.21 4.65 5.33 6.80 7.26
-9999 -9999 -9999 -9999 -9999 -9999 -9999 -9999 -9999 -9999 -9999 -9999 -9999 -9999 -9999 -9999 -9999 -9999 -9999 -9999 -9999 -9999 -9999 -9999 -9999 -9999 -9999 10.21 7.58 6.13 8.01 11.29 10.12 9.22 8.10 9.08 7.21 6.78 6.24 7.78 7.66 8.06 7.43 6.64 6.83 6.74 7.12 7.52 7.54 6.77 6.75 6.79 6.77 6.20 5.95 5.87 5.78 6.16 5.86 5.62 5.07 5.16 6.08 6.89 6.11 6.74 5.86 5.43 5.49 6.40 8.18 7.85 5.66 5.45 5.93 6.08 5.73 5.79 5.72
-9999 -9999 -9999 -9999 -9999 -9999 -9999 -9999 -9999 -9999 12.80 13.00 10.71 15.31 14.51 14.32 14.37 16.24 8.88 14.57 10.37 -9999 -9999 -9999 -9999 -9999 -9999 9.37 7.81 7.01 5.66 6.56 8.70 10.15 9.45 8.07 7.17 7.05 7.68 8.71 7.77 6.80 6.65 6.13 6.43 6.80 6.38 5.96 5.83 6.33 5.84 6.58 7.14 7.97 6.94 6.34 6.71 6.57 5.93 6.46 5.38 5.06 6.50 7.56 6.42 5.94 6.18 5.74 5.16 4.89 5.19 5.13 4.63 4.53 4.54 4.60 4.41 4.65 4.59
-9999 -9999 -9999 -9999 -9999 -9999 -9999 -9999 -9999 -9999 14.54 13.45 12.96 10.50 12.50 14.10 13.18 13.70 13.98 11.09 9.87 8.77 10.07 12.85 11.11 10.31 9.08 8.44 7.59 6.98 6.19 5.30 5.76 8.45 8.58 7.63 6.78 9.57 7.89 6.66 7.06 7.35 6.35 6.05 7.16 6.89 6.92 6.49 6.44 5.40 5.66 6.29 6.51 6.67 7.48 7.74 6.16 5.83 5.48 5.19 6.00 5.15 8.97 7.43 7.20 6.72 6.30 6.31 5.74 6.30 6.13 4.71 6.19 5.66 6.19 4.84 4.92 4.58 4.41
-9999 -9999 -9999 -9999 -9999 -9999 -9999 -9999 -9999 13.09 11.42 10.29 9.28 7.93 10.08 12.64 11.93 10.91 11.12 11.24 10.18 8.92 8.61 9.93 11.37 8.82 8.22 7.55 7.52 8.24 6.66 6.20 7.25 7.16 6.93 7.20 9.51 7.58 8.74 7.89 7.02 6.10 6.58 6.42 7.32 7.38 6.82 7.19 6.09 6.36 6.13 6.05 6.02 7.41 8.21 6.18 5.42 5.66 7.89 6.21 5.63 5.83 5.82 6.36 6.91 6.73 6.59 7.05 7.75 6.57 5.32 5.10 6.68 6.04 5.85 6.14 5.86 5.34 5.31
-9999 -9999 -9999 -9999 -9999 -9999 -9999 -9999 -9999 -9999 10.36 8.54 7.49 8.86 8.26 8.70 11.37 9.96 8.23 7.37 10.10 12.35 10.37 8.21 8.71 10.87 8.96 7.17 7.08 6.89 7.43 7.33 6.30 6.19 6.52 7.21 8.23 6.87 8.41 7.30 7.15 6.92 7.16 6.60 7.43 7.63 7.37 5.95 5.96 6.60 5.72 5.21 5.07 6.14 7.38 7.16 5.49 5.89 7.04 6.78 5.99 5.21 5.23 5.20 5.82 7.70 7.46 7.07 7.39 8.06 6.99 6.29 6.80 6.70 5.76 6.56 5.47 6.23 5.18
-9999 -9999 -9999 -9999 -9999 -9999 14.07 -9999 -9999 11.96 10.16 10.38 7.05 8.53 6.90 6.54 6.78 7.34 8.33 6.91 9.03 10.85 8.92 7.82 6.77 7.28 7.37 6.87 6.84 7.03 7.72 6.62 6.24 6.64 8.24 6.73 7.41 6.26 7.18 6.76 7.64 8.37 7.59 6.56 6.19 6.26 5.99 5.70 7.12 6.14 5.40 7.21 5.66 5.67 7.51 8.62 5.33 5.68 5.99 5.83 5.45 5.20 5.25 5.84 6.58 7.11 6.28 5.75 5.56 5.94 5.90 5.81 6.37 5.65 5.61 5.50 4.93 4.95 4.83
-9999 -9999 -9999 -9999 -9999 12.81 14.05 13.87 13.32 10.43 9.23 10.61 7.97 6.59 7.09 6.38 7.72 8.24 9.15 7.69 7.52 8.45 7.90 7.23 6.75 7.07 7.79 7.94 6.95 6.74 6.76 6.29 6.22 7.77 7.70 6.58 7.06 7.33 8.52 7.63 7.64 8.86 7.48 7.19 5.98 6.56 6.19 6.51 5.85 5.58 5.07 6.27 6.29 5.39 6.35 5.94 5.36 5.17 4.85 5.73 5.84 5.70 5.46 5.29 5.34 5.27 5.64 5.81 5.42 4.51 4.93 5.34 6.16 6.54 6.12 4.94 5.84 5.75 5.67
-9999 -9999 -9999 -9999 -9999 11.96 11.88 10.92 11.31 10.07 8.95 7.57 9.33 9.10 7.96 9.18 8.98 8.58 9.96 8.96 8.98 9.08 7.34 8.84 10.81 9.95 8.70 7.71 6.85 7.18 7.48 7.62 6.90 7.95 7.13 7.61 6.63 5.86 7.26 8.44 7.22 7.19 6.92 6.35 6.39 7.01 6.21 5.64 6.33 6.49 5.21 5.59 5.66 5.50 6.26 6.68 6.84 8.30 5.60 5.74 5.12 4.97 5.29 5.52 5.16 4.97 5.32 5.95 5.46 4.83 4.45 5.23 5.36 5.53 5.73 6.00 4.91 5.49 6.54
-9999 -9999 -9999 -9999 -9999 12.12 10.54 9.98 10.38 9.71 9.49 7.96 8.38 8.49 7.20 8.48 8.67 9.29 9.76 9.60 7.35 6.56 6.74 9.52 9.71 10.09 10.50 8.15 7.67 7.67 6.94 7.77 6.97 7.71 7.11 7.14 6.82 6.00 7.41 6.74 6.73 6.54 6.29 6.16 6.32 6.96 6.97 5.87 5.68 5.97 6.83 5.50 5.68 5.40 5.73 5.87 6.14 7.00 6.45 7.28 8.12 4.68 8.25 6.79 5.08 5.39 8.63 8.48 7.90 4.78 4.63 4.76 4.58 5.11 4.91 6.26 7.34 9.79 8.81
-9999 -9999 -9999 -9999 -9999 10.35 9.61 9.41 9.22 8.67 8.57 7.98 7.38 8.47 7.88 7.94 8.72 8.02 8.29 8.37 8.52 6.30 7.61 9.96 9.09 10.16 10.11 8.49 8.52 8.66 7.30 7.49 7.57 7.37 7.15 7.13 7.66 8.39 6.15 6.75 6.51 6.38 6.14 6.09 6.32 6.73 6.08 6.27 6.08 6.52 6.98 7.50 6.70 7.45 6.84 6.26 6.02 5.69 5.31 5.36 5.82 5.39 7.33 7.24 8.05 7.65 8.18 8.59 9.00 5.39 5.34 5.03 5.08 5.45 6.44 7.76 8.14 -9999 -9999
-9999 -9999 -9999 -9999 -9999 9.34 8.89 8.87 9.30 9.75 8.88 8.45 7.87 8.30 9.55 8.92 8.46 7.80 8.36 8.17 7.99 7.94 7.33 7.68 7.28 9.49 8.32 6.56 9.32 8.90 7.58 10.11 8.71 9.15 9.64 8.85 8.26 8.60 7.09 6.10 6.46 6.28 5.72 5.94 6.04 6.49 5.87 6.39 7.37 8.09 7.91 7.88 8.04 7.97 8.10 7.94 7.39 6.52 6.15 6.51 7.12 7.53 7.98 8.25 8.61 -9999 -9999 8.04 8.40 7.94 7.26 6.27 9.13 7.20 -9999 -9999 -9999 -9999 -9999
-9999 -9999 -9999 -9999 12.39 9.88 9.31 8.33 9.28 9.54 10.58 9.28 10.06 9.50 9.89 9.17 8.58 8.20 8.25 7.92 7.60 7.76 7.87 8.22 8.73 8.59 6.94 9.63 10.28 7.60 6.84 7.75 7.77 9.00 8.92 7.76 7.37 6.99 6.67 7.30 6.90 6.89 6.46 6.43 6.83 7.60 7.51 7.34 7.54 7.89 8.24 -9999 -9999 9.15 9.94 9.99 9.37 8.79 8.31 8.49 -9999 -9999 -9999 -9999 -9999 -9999 -9999 -9999 -9999 -9999 8.24 8.69 10.43 9.03 -9999 -9999 -9999 -9999 -9999
-9999 -9999 -9999 13.76 11.89 9.79 9.95 8.47 8.29 8.26 8.53 8.44 11.99 12.65 11.07 10.26 10.12 10.44 9.18 8.30 7.81 8.33 8.36 10.97 11.68 11.07 10.56 12.07 9.22 9.05 8.69 9.22 9.89 8.14 6.95 7.56 6.72 6.84 6.61 6.73 6.59 8.02 9.05 9.05 8.71 8.68 9.06 8.35 -9999 7.32 8.21 8.08 8.58 9.37 -9999 -9999 -9999 -9999 10.16 -9999 -9999 -9999 -9999 -9999 -9999 -9999 -9999 -9999 -9999 -9999 -9999 -9999 -9999 -9999 -9999 -9999 -9999 -9999 -9999
-9999 -9999 14.51 13.56 12.87 11.20 9.14 8.39 7.85 6.68 6.61 8.52 14.05 15.47 10.56 9.85 12.61 9.53 11.28 8.75 8.18 11.20 10.04 9.86 10.21 10.71 -9999 -9999 -9999 -9999 -9999 9.57 10.77 10.13 8.33 8.10 7.66 6.99 6.93 6.73 7.28 8.53 -9999 -9999 -9999 -9999 -9999 9.79 9.85 8.68 7.60 7.53 9.66 9.63 -9999 -9999 -9999 -9999 -9999 -9999 -9999 -9999 -9999 -9999 -9999 -9999 -9999 -9999 -9999 -9999 -9999 -9999 -9999 -9999 -9999 -9999 -9999 -9999 -9999
-9999 9.79 10.94 12.62 12.69 11.17 10.40 9.23 6.95 7.40 7.47 10.06 12.86 14.42 13.12 12.07 10.28 11.42 9.74 10.14 9.60 11.73 11.60 -9999 -9999 -9999 -9999 -9999 -9999 -9999 -9999 -9999 9.88 10.19 8.95 10.17 11.06 11.27 8.83 10.71 10.44 11.06 -9999 -9999 -9999 -9999 -9999 -9999 -9999 8.59 8.90 7.55 8.56 -9999 -9999 -9999 -9999 -9999 -9999 -9999 -9999 -9999 -9999 -9999 -9999 -9999 -9999 -9999 -9999 -9999 -9999 -9999 -9999 -9999 -9999 -9999 -9999 -9999 -9999
11.42 9.51 9.86 11.27 12.85 13.00 10.94 8.42 7.84 8.18 7.98 9.10 11.96 10.75 11.36 11.20 12.33 6.99 9.89 13.53 11.20 -9999 -9999 -9999 -9999 -9999 -9999 -9999 -9999 -9999 -9999 -9999 -9999 -9999 11.06 -9999 -9999 -9999 -9999 9.88 12.25 12.65 -9999 -9999 -9999 -9999 -9999 -9999 -9999 -9999 9.03 11.10 9.65 -9999 -9999 -9999 -9999 -9999 -9999 -9999 -9999 -9999 -9999 -9999 -9999 -9999 -9999 -9999 -9999 -9999 -9999 -9999 -9999 -9999 -9999 -9999 -9999 -9999 -9999
9.88 8.45 9.56 11.22 11.78 12.54 11.05 9.52 9.94 6.46 5.25 6.97 10.14 10.63 9.19 8.13 10.20 7.94 8.01 9.88 -9999 -9999 -9999 -9999 -9999 -9999 -9999 -9999 -9999 -9999 -9999 -9999 -9999 -9999 12.58 -9999 -9999 -9999 -9999 -9999 -9999 -9999 -9999 -9999 -9999 -9999 -9999 -9999 -9999 -9999 -9999 -9999 -9999 -9999 -9999 -9999 -9999 -9999 -9999 -9999 -9999 -9999 -9999 -9999 -9999 -9999 -9999 -9999 -9999 -9999 -9999 -9999 -9999 -9999 -9999 -9999 -9999 -9999 -9999
10.19 8.58 9.82 10.17 10.19 10.84 10.01 9.30 9.86 5.64 4.92 5.95 8.19 12.91 13.67 7.09 7.97 8.20 9.33 12.18 -9999 -9999 -9999 -9999 -9999 -9999 -9999 -9999 -9999 -9999 -9999 -9999 -9999 -9999 -9999 -9999 -9999 -9999 -9999 -9999 -9999 -9999 -9999 -9999 -9999 -9999 -9999 -9999 -9999 -9999 -9999 -9999 -9999 -9999 -9999 -9999 -9999 -9999 -9999 -9999 -9999 -9999 -9999 -9999 -9999 -9999 -9999 -9999 -9999 -9999 -9999 -9999 -9999 -9999 -9999 -9999 -9999 -9999 -9999
11.35 10.57 10.61 10.03 10.71 9.67 8.94 8.32 6.55 6.50 5.64 5.25 8.05 10.50 10.54 8.93 7.06 7.84 11.47 10.86 -9999 -9999 -9999 -9999 -9999 -9999 -9999 -9999 -9999 -9999 -9999 -9999 -9999 -9999 -9999 -9999 -9999 -9999 -9999 -9999 -9999 -9999 -9999 -9999 -9999 -9999 -9999 -9999 -9999 -9999 -9999 -9999 -9999 -9999 -9999 -9999 -9999 -9999 -9999 -9999 -9999 -9999 -9999 -9999 -9999 -9999 -9999 -9999 -9999 -9999 -9999 -9999 -9999 -9999 -9999 -9999 -9999 -9999 -9999
12.19 11.66 11.56 9.95 10.45 9.63 11.53 10.10 7.94 7.35 7.88 6.07 6.33 7.29 7.47 7.33 7.63 8.78 10.17 11.02 -9999 -9999 -9999 -9999 -9999 -9999 -9999 -9999 -9999 -9999 -9999 -9999 -9999 -9999 -9999 -9999 -9999 -9999 -9999 -9999 -9999 -9999 -9999 -9999 -9999 -9999 -9999 -9999 -9999 -9999 -9999 -9999 -9999 -9999 -9999 -9999 -9999 -9999 -9999 -9999 -9999 -9999 -9999 -9999 -9999 -9999 -9999 -9999 -9999 -9999 -9999 -9999 -9999 -9999 -9999 -9999 -9999 -9999 -9999
10.05 10.65 10.16 11.52 13.20 12.56 10.46 10.13 9.84 9.68 8.29 8.61 7.39 6.04 6.33 7.95 9.40 10.18 10.08 11.76 -9999 -9999 -9999 -9999 -9999 -9999 -9999 -9999 -9999 -9999 -9999 -9999 -9999 -9999 -9999 -9999 -9999 -9999 -9999 -9999 -9999 -9999 -9999 -9999 -9999 -9999 -9999 -9999 -9999 -9999 -9999 -9999 -9999 -9999 -9999 -9999 -9999 -9999 -9999 -9999 -9999 -9999 -9999 -9999 -9999 -9999 -9999 -9999 -9999 -9999 -9999 -9999 -9999 -9999 -9999 -9999 -9999 -9999 -9999
10.54 11.38 -9999 -9999 -9999 -9999 -9999 -9999 -9999 -9999 -9999 10.08 10.54 8.81 7.87 7.36 8.94 10.20 10.39 -9999 -9999 -9999 -9999 -9999 -9999 -9999 -9999 -9999 -9999 -9999 -9999 -9999 -9999 -9999 -9999 -9999 -9999 -9999 -9999 -9999 -9999 -9999 -9999 -9999 -9999 -9999 -9999 -9999 -9999 -9999 -9999 -9999 -9999 -9999 -9999 -9999 -9999 -9999 -9999 -9999 -9999 -9999 -9999 -9999 -9999 -9999 -9999 -9999 -9999 -9999 -9999 -9999 -9999 -9999 -9999 -9999 -9999 -9999 -9999
11.52 12.67 -9999 -9999 -9999 -9999 -9999 -9999 -9999 -9999 -9999 -9999 -9999 -9999 9.11 8.32 8.81 9.75 -9999 -9999 -9999 -9999 -9999 -9999 -9999 -9999 -9999 -9999 -9999 -9999 -9999 -9999 -9999 -9999 -9999 -9999 -9999 -9999 -9999 -9999 -9999 -9999 -9999 -9999 -9999 -9999 -9999 -9999 -9999 -9999 -9999 -9999 -9999 -9999 -9999 -9999 -9999 -9999 -9999 -9999 -9999 -9999 -9999 -9999 -9999 -9999 -9999 -9999 -9999 -9999 -9999 -9999 -9999 -9999 -9999 -9999 -9999 -9999 -9999
-9999 -9999 -9999 -9999 -9999 -9999 -9999 -9999 -9999 -9999 -9999 -9999 -9999 -9999 10.77 12.05 12.81 12.50 -9999 -9999 -9999 -9999 -9999 -9999 -9999 -9999 -9999 -9999 -9999 -9999 -9999 -9999 -9999 -9999 -9999 -9999 -9999 -9999 -9999 -9999 -9999 -9999 -9999 -9999 -9999 -9999 -9999 -9999 -9999 -9999 -9999 -9999 -9999 -9999 -9999 -9999 -9999 -9999 -9999 -9999 -9999 -9999 -9999 -9999 -9999 -9999 -9999 -9999 -9999 -9999 -9999 -9999 -9999 -9999 -9999 -9999 -9999 -9999 -9999
-9999 -9999 -9999 -9999 -9999 -9999 -9999 -9999 -9999 -9999 -9999 -9999 -9999 -9999 -9999 -9999 -9999 -9999 -9999 -9999 -9999 -9999 -9999 -9999 -9999 -9999 -9999 -9999 -9999 -9999 -9999 -9999 -9999 -9999 -9999 -9999 -9999 -9999 -9999 -9999 -9999 -9999 -9999 -9999 -9999 -9999 -9999 -9999 -9999 -9999 -9999 -9999 -9999 -9999 -9999 -9999 -9999 -9999 -9999 -9999 -9999 -9999 -9999 -9999 -9999 -9999 -9999 -9999 -9999 -9999 -9999 -9999 -9999 -9999 -9999 -9999 -9999 -9999 -9999
-9999 -9999 -9999 -9999 -9999 -9999 -9999 -9999 -9999 -9999 -9999 -9999 -9999 -9999 -9999 -9999 -9999 -9999 -9999 -9999 -9999 -9999 -9999 -9999 -9999 -9999 -9999 -9999 -9999 -9999 -9999 -9999 -9999 -9999 -9999 -9999 -9999 -9999 -9999 -9999 -9999 -9999 -9999 -9999 -9999 -9999 -9999 -9999 -9999 -9999 -9999 -9999 -9999 -9999 -9999 -9999 -9999 -9999 -9999 -9999 -9999 -9999 -9999 -9999 -9999 -9999 -9999 -9999 -9999 -9999 -9999 -9999 -9999 -9999 -9999 -9999 -9999 -9999 -9999
