ML/MeanWindSpeed_1996-10_Actual.txt
ncols         180
nrows         290
xllcorner     -200000
yllcorner     -200000
cellsize      5000
NODATA_value  -9999
[rows 170 to 203 of 290, columns 78 to 155 of 180]
-9999 -9999 -9999 -9999 -9999 -9999 -9999 -9999 -9999 -9999 -9999 -9999 -9999 -9999 -9999 -9999 -9999 -9999 -9999 -9999 -9999 -9999 -9999 -9999 -9999 -9999 -9999 -9999 9.99 8.94 8.15 8.24 8.36 8.28 7.47 6.48 6.62 6.16 5.92 6.17 6.49 8.03 7.62 15.27 19.47 19.91 15.89 13.19 11.53 9.15 9.32 7.66 9.22 7.49 7.38 7.04 7.01 7.07 7.04 7.42 7.34 6.99 6.36 7.02 10.05 9.12 9.33 7.54 7.66 9.13 11.19 -9999 -9999 -9999 -9999 -9999 -9999 -9999
-9999 -9999 -9999 -9999 -9999 -9999 -9999 -9999 18.80 17.46 18.07 19.76 -9999 -9999 -9999 -9999 -9999 -9999 -9999 -9999 -9999 -9999 -9999 -9999 -9999 -9999 -9999 10.83 9.14 9.64 8.50 9.59 8.60 7.52 7.04 6.83 6.34 6.31 6.11 6.23 6.30 6.71 11.52 15.83 16.32 12.65 17.25 15.36 9.94 9.85 6.79 10.68 10.29 7.92 7.65 7.24 7.09 7.11 7.06 7.28 7.67 7.34 6.44 6.61 7.29 10.11 9.74 10.32 7.58 7.40 9.42 11.84 -9999 -9999 -9999 -9999 -9999 -9999
-9999 -9999 -9999 -9999 -9999 -9999 -9999 -9999 17.78 16.39 15.98 16.75 -9999 -9999 -9999 -9999 -9999 -9999 -9999 -9999 -9999 -9999 -9999 -9999 -9999 -9999 10.77 10.34 9.14 9.54 10.89 8.79 8.58 6.99 6.73 6.85 6.46 6.73 6.95 6.00 5.66 6.22 9.00 18.10 18.46 12.30 14.53 13.54 12.76 8.27 6.84 9.31 9.85 8.40 7.07 6.90 7.06 7.66 7.31 7.13 7.19 7.77 6.86 6.89 6.95 9.65 9.67 9.53 7.93 7.60 8.23 10.72 -9999 -9999 -9999 -9999 -9999 -9999
-9999 -9999 -9999 -9999 -9999 -9999 22.49 17.54 14.97 15.37 14.82 16.37 15.85 17.51 18.62 -9999 -9999 17.38 13.90 -9999 -9999 -9999 10.29 12.12 11.21 -9999 8.08 10.76 9.53 8.87 9.55 8.60 8.87 8.54 9.03 8.05 7.91 6.55 7.23 6.38 6.44 12.03 7.95 11.14 15.66 8.19 10.61 18.17 9.58 12.06 8.47 9.07 9.03 8.08 7.62 7.47 7.31 7.66 6.95 7.12 6.78 7.90 6.83 6.81 7.11 7.88 8.97 10.42 9.67 7.87 7.58 9.62 12.28 -9999 -9999 -9999 -9999 -9999
-9999 -9999 -9999 -9999 -9999 -9999 -9999 18.23 15.72 14.58 13.84 14.23 16.03 18.50 15.08 -9999 13.66 14.29 14.77 11.86 12.66 7.91 6.71 12.95 12.78 10.87 -9999 7.60 9.91 9.70 8.64 8.44 9.37 8.07 7.49 7.21 6.91 7.21 6.83 7.64 7.28 12.41 13.20 12.49 13.51 12.44 14.99 15.17 12.44 8.84 7.84 10.23 9.90 7.65 8.39 7.59 8.06 8.04 7.14 7.08 6.70 7.96 7.06 7.04 7.34 7.22 8.38 9.51 10.64 9.18 7.89 8.74 11.27 -9999 -9999 -9999 -9999 -9999
-9999 -9999 -9999 -9999 -9999 -9999 -9999 -9999 17.27 15.99 14.72 13.77 13.75 12.10 11.24 20.22 29.90 13.00 16.29 15.03 12.96 10.04 6.08 6.02 9.73 13.51 10.66 7.48 8.00 9.45 8.63 8.86 10.55 8.85 7.66 6.75 6.84 6.99 6.79 7.31 7.50 14.88 16.33 12.78 13.03 10.39 9.23 11.07 11.32 8.44 7.93 9.58 8.38 7.53 8.44 7.72 9.02 7.98 7.77 7.45 7.26 9.26 7.86 7.54 7.62 7.38 8.03 8.71 8.93 9.36 9.93 8.05 10.33 13.11 -9999 -9999 -9999 -9999
-9999 -9999 -9999 -9999 -9999 -9999 -9999 -9999 -9999 18.61 15.03 13.08 11.50 11.79 15.62 35.49 24.09 10.62 17.90 10.28 14.24 13.26 7.84 4.60 14.03 11.39 12.64 10.24 7.81 8.02 8.32 7.41 8.73 9.20 8.33 7.52 6.76 7.05 6.79 6.75 9.64 11.17 16.94 13.44 14.30 13.11 7.08 10.23 13.14 8.86 8.79 9.52 8.23 8.03 8.19 7.84 9.23 8.01 7.78 8.25 8.03 9.21 8.97 8.12 7.84 7.71 7.89 8.59 10.34 8.83 7.84 7.96 9.84 12.75 -9999 -9999 -9999 -9999
-9999 -9999 -9999 -9999 -9999 -9999 -9999 -9999 -9999 -9999 15.55 12.62 13.44 16.84 32.09 34.60 23.48 17.42 15.58 15.16 15.97 15.55 14.88 8.73 7.07 15.60 11.92 10.49 9.36 7.85 7.79 7.99 7.94 8.49 7.70 6.91 7.07 7.13 6.95 7.32 9.05 11.85 13.49 10.63 11.11 13.75 10.90 6.76 13.06 9.35 9.07 9.63 8.25 8.20 7.91 8.51 9.31 8.33 8.12 8.38 7.95 10.14 9.18 8.51 8.29 8.12 8.49 8.24 8.19 7.75 7.54 8.06 10.46 13.09 -9999 -9999 -9999 -9999
-9999 -9999 -9999 -9999 -9999 -9999 -9999 -9999 -9999 -9999 15.02 13.70 18.02 21.35 24.42 28.70 17.44 13.41 16.06 18.52 17.65 17.90 14.88 10.23 6.30 16.06 15.52 11.64 10.43 7.91 7.56 8.08 9.21 8.43 7.81 7.31 6.60 6.44 7.06 9.86 9.99 7.32 14.16 10.73 11.71 14.32 14.05 10.32 8.81 8.39 6.79 8.77 9.62 8.06 7.76 7.38 8.23 8.03 8.66 8.54 8.35 9.07 9.92 9.31 9.19 8.69 8.49 8.06 7.58 7.52 8.17 9.62 11.85 -9999 -9999 -9999 -9999 -9999
-9999 -9999 -9999 -9999 -9999 -9999 -9999 -9999 -9999 -9999 13.80 14.30 16.82 16.69 24.15 21.21 15.73 17.58 13.99 14.99 18.31 15.34 18.56 14.47 8.57 14.79 16.15 14.98 10.17 8.86 7.46 8.64 10.11 9.37 7.94 7.03 6.48 6.94 9.05 9.46 7.37 7.31 11.53 11.18 10.99 10.99 10.01 9.95 10.86 6.32 7.76 8.02 7.53 8.04 7.26 8.49 7.34 7.99 8.64 8.78 9.22 12.00 10.64 9.80 9.31 9.06 8.65 8.22 7.87 8.00 9.53 11.59 -9999 -9999 -9999 -9999 -9999 -9999
-9999 -9999 -9999 -9999 -9999 -9999 -9999 -9999 -9999 14.93 26.33 15.52 17.43 20.33 13.78 29.09 24.91 22.48 18.75 21.14 15.67 16.07 13.73 11.19 13.37 18.49 15.60 14.50 9.99 8.41 7.25 9.41 9.49 8.65 7.95 6.81 6.71 8.68 8.26 7.40 9.00 10.59 7.18 13.71 12.57 8.35 9.40 8.55 7.56 7.49 6.37 6.29 6.55 7.98 7.22 6.47 8.79 7.98 8.56 9.21 9.95 12.17 10.70 9.85 9.59 8.99 8.66 8.09 7.85 9.09 11.02 -9999 -9999 -9999 -9999 -9999 -9999 -9999
-9999 -9999 -9999 -9999 -9999 -9999 -9999 15.47 14.80 20.15 17.43 13.86 14.55 16.85 11.58 14.59 17.75 22.75 21.04 22.08 18.69 18.48 10.03 13.72 13.51 9.39 9.99 9.28 10.45 9.09 8.03 9.30 9.48 9.22 7.96 7.72 9.23 7.96 8.62 7.23 9.36 10.35 9.67 8.21 7.18 9.75 8.93 8.23 8.21 7.99 7.55 5.62 6.95 6.72 5.78 6.30 7.27 8.01 8.81 8.98 9.92 11.87 10.55 9.52 9.38 8.73 8.33 7.87 8.24 9.85 -9999 -9999 -9999 -9999 -9999 13.37 13.02 12.41
-9999 -9999 -9999 -9999 -9999 -9999 15.30 14.89 14.80 15.08 14.56 13.95 12.55 10.28 9.16 12.45 15.46 18.42 28.36 16.07 12.59 12.29 8.06 17.44 19.08 17.34 11.93 10.04 10.80 10.27 9.44 9.69 10.30 9.40 8.79 8.47 9.12 9.34 7.18 7.15 9.49 9.50 8.84 8.11 8.37 9.08 7.40 8.17 6.82 6.77 7.55 6.59 5.83 5.21 5.71 7.26 7.20 7.81 8.53 9.05 9.60 11.97 10.85 9.44 8.81 8.33 8.03 7.74 8.14 9.45 -9999 -9999 -9999 -9999 -9999 11.70 10.86 10.53
-9999 -9999 -9999 -9999 -9999 15.93 17.02 15.71 15.43 -9999 -9999 -9999 -9999 11.12 19.38 16.85 16.50 19.32 16.19 12.91 17.06 15.83 13.43 26.85 22.70 17.96 18.05 13.10 9.92 10.44 10.29 9.42 9.41 9.12 8.61 9.12 7.96 9.62 7.53 7.34 7.92 8.64 8.96 8.70 7.31 7.55 7.41 7.27 6.78 6.32 5.83 5.68 5.56 5.99 6.96 7.17 7.21 8.48 9.50 9.77 9.69 10.87 10.39 9.90 8.44 8.08 7.77 7.46 7.54 8.61 10.64 -9999 -9999 -9999 -9999 10.36 9.48 9.22
-9999 -9999 -9999 -9999 -9999 17.85 20.08 15.24 16.06 -9999 -9999 -9999 -9999 11.92 16.11 19.13 11.77 18.37 17.19 16.22 20.66 22.59 17.32 22.76 12.49 14.08 13.72 11.95 9.94 9.71 9.91 9.48 9.66 10.31 8.74 9.45 8.62 8.48 9.09 7.53 7.81 6.96 8.30 9.69 10.11 9.92 7.66 6.76 6.58 6.42 6.93 6.08 6.42 7.20 7.72 8.98 8.17 11.03 11.05 11.29 9.81 10.18 9.83 9.39 8.08 7.99 7.71 7.33 7.19 7.38 8.68 9.93 -9999 -9999 10.93 10.36 9.70 9.90
-9999 -9999 -9999 -9999 -9999 -9999 -9999 -9999 -9999 -9999 -9999 -9999 -9999 13.06 18.75 16.00 11.34 14.53 11.95 22.34 20.80 13.19 17.84 16.70 14.25 15.08 11.71 10.38 9.11 10.29 9.68 9.95 9.44 8.71 8.62 8.49 8.04 8.22 8.94 7.89 7.41 7.79 8.37 7.99 9.15 9.54 6.88 8.70 9.99 8.17 8.02 7.50 6.21 7.58 9.03 10.61 10.33 9.64 10.32 11.29 10.30 10.54 9.71 9.22 7.84 7.89 7.74 7.51 7.19 6.79 7.11 8.02 9.31 10.02 9.76 9.99 8.81 10.07
-9999 -9999 -9999 -9999 -9999 -9999 -9999 -9999 -9999 -9999 -9999 -9999 -9999 -9999 18.82 6.88 7.99 13.36 20.14 18.47 20.56 18.99 12.69 14.41 16.29 11.09 10.30 8.90 8.79 8.83 9.39 9.39 9.27 8.73 8.32 8.11 8.38 8.03 8.82 8.52 7.77 10.82 9.68 7.74 7.55 7.66 7.93 7.78 9.30 9.58 8.57 10.12 7.59 7.28 8.42 8.01 8.75 9.16 9.12 10.93 10.73 10.07 8.99 9.09 7.83 7.86 7.72 7.48 7.31 7.21 7.22 7.27 7.99 8.66 8.96 8.94 8.98 10.46
-9999 -9999 -9999 -9999 -9999 -9999 -9999 -9999 -9999 -9999 -9999 -9999 -9999 -9999 12.81 19.14 20.55 17.02 14.64 13.27 16.85 13.43 13.72 11.49 10.64 13.83 9.89 9.04 11.43 10.25 9.64 9.08 8.14 8.12 9.02 8.70 10.20 9.83 9.20 8.54 7.86 10.68 11.75 9.55 7.91 7.33 7.86 7.95 7.90 8.51 9.50 12.68 10.54 7.79 7.29 8.05 9.74 11.36 11.38 10.48 11.05 10.14 9.02 8.34 7.87 7.87 7.73 7.73 7.60 7.54 7.59 7.74 8.07 8.52 9.07 9.15 8.88 10.03
-9999 -9999 -9999 -9999 -9999 -9999 -9999 -9999 -9999 -9999 -9999 -9999 -9999 16.28 15.50 11.43 23.30 14.56 11.66 15.59 14.91 12.79 17.34 12.18 11.35 15.10 9.21 18.03 12.87 9.62 9.60 11.20 8.81 8.29 12.51 11.94 10.51 8.59 9.15 9.01 8.45 9.35 10.10 9.66 8.48 8.01 7.79 7.86 8.40 8.08 9.79 9.55 8.85 8.27 7.85 8.99 10.45 11.90 11.79 10.05 10.05 9.52 8.85 8.30 7.92 7.83 7.85 7.88 7.82 7.73 7.80 7.99 8.09 8.45 9.48 9.57 9.14 9.51
-9999 -9999 -9999 -9999 -9999 -9999 -9999 -9999 -9999 -9999 -9999 -9999 -9999 13.96 14.73 22.30 12.79 6.58 10.49 11.32 13.95 17.95 17.72 13.30 12.39 12.49 9.67 10.67 11.71 13.43 12.92 9.76 9.72 9.40 9.84 10.67 8.69 8.36 9.41 9.28 9.91 10.26 9.40 9.68 9.14 8.45 8.03 7.77 7.88 7.96 9.07 9.44 8.83 7.66 8.36 10.17 11.89 10.81 11.62 11.29 10.01 8.80 9.68 8.35 8.52 8.01 8.00 7.85 7.85 7.87 7.82 7.92 8.10 8.34 9.78 9.58 8.94 9.09
-9999 -9999 -9999 -9999 -9999 -9999 -9999 -9999 -9999 -9999 -9999 -9999 -9999 15.13 18.28 7.93 10.76 9.68 11.95 12.13 19.46 16.55 18.98 14.39 12.58 9.73 8.39 9.48 14.29 17.11 18.57 10.81 13.00 10.81 10.70 10.18 7.76 8.28 8.90 9.34 10.05 9.18 9.22 11.00 9.78 8.42 8.25 9.83 7.62 8.23 8.66 8.43 7.83 7.68 8.73 9.50 10.07 10.17 10.11 9.00 8.68 9.24 9.41 7.80 7.70 7.98 7.92 7.91 7.75 7.59 7.71 7.79 7.96 8.21 8.75 8.63 8.92 8.65
-9999 -9999 -9999 -9999 -9999 -9999 -9999 -9999 -9999 -9999 -9999 -9999 -9999 -9999 10.45 12.48 15.97 19.46 20.58 16.44 16.78 13.71 9.49 9.67 8.76 10.29 10.51 9.07 11.26 11.84 16.71 13.12 11.06 10.43 12.19 11.34 8.08 9.55 8.23 8.58 12.03 9.30 8.86 8.65 8.92 8.01 7.98 10.30 9.26 8.15 8.85 8.29 7.98 8.57 9.67 8.99 8.82 8.31 9.39 8.17 9.73 9.60 8.02 7.64 8.43 8.20 7.68 7.63 7.47 7.47 7.58 7.66 7.80 7.91 8.01 8.13 8.47 8.33
-9999 -9999 -9999 -9999 -9999 -9999 -9999 -9999 -9999 -9999 -9999 -9999 -9999 -9999 12.63 14.84 16.63 19.25 22.91 20.23 15.11 11.14 8.99 11.78 15.06 17.74 19.96 14.47 10.38 11.07 12.93 12.29 9.24 13.74 12.09 11.76 9.55 10.61 8.79 8.33 9.44 11.40 10.47 9.16 8.33 7.90 8.23 9.55 9.14 8.51 8.50 9.15 9.50 9.79 10.34 9.15 8.62 10.43 10.38 10.16 9.56 9.75 8.24 8.62 9.28 7.79 7.48 7.48 7.37 7.46 7.46 7.48 7.56 7.63 7.72 7.64 7.40 7.06
-9999 -9999 -9999 -9999 -9999 -9999 -9999 -9999 -9999 -9999 -9999 -9999 -9999 13.62 11.07 12.86 16.31 17.92 16.33 15.84 12.83 14.70 21.93 17.30 17.35 16.98 13.34 11.62 12.56 12.91 10.37 9.67 10.65 13.20 12.69 11.69 9.49 10.93 8.33 8.42 10.59 9.59 10.11 10.00 8.84 8.11 8.20 9.39 9.12 8.09 8.48 8.54 8.48 9.71 9.12 10.66 9.74 10.73 9.53 9.85 9.91 8.61 8.33 9.51 9.19 7.68 7.47 7.83 7.41 7.54 7.51 7.63 7.53 7.40 7.33 7.03 7.39 7.67
-9999 -9999 -9999 -9999 -9999 -9999 -9999 -9999 -9999 -9999 -9999 -9999 -9999 16.89 13.77 11.84 11.59 14.43 20.27 19.57 17.53 14.97 15.89 17.95 19.45 19.19 12.70 15.58 17.28 10.92 14.26 8.62 9.88 12.26 14.81 9.91 10.63 8.49 7.44 8.15 9.18 13.24 10.65 10.49 9.57 8.92 8.74 8.96 8.53 7.89 8.08 7.97 7.98 8.03 9.87 10.65 10.57 11.37 9.78 9.02 9.05 8.52 9.15 9.77 9.15 8.37 8.74 8.20 8.44 7.76 7.65 7.89 7.84 7.32 7.02 6.71 6.59 7.70
-9999 -9999 -9999 -9999 -9999 -9999 -9999 -9999 -9999 -9999 -9999 -9999 -9999 14.74 12.88 7.96 9.98 14.16 20.70 17.93 18.46 14.42 16.89 15.88 13.53 14.79 15.53 14.71 12.36 10.30 11.01 15.14 9.71 9.41 9.71 9.98 12.04 9.64 7.33 7.92 8.97 9.49 9.33 10.70 9.88 9.21 9.24 8.11 7.37 8.23 8.53 8.69 7.87 8.79 10.52 10.53 9.23 9.49 10.75 9.34 9.89 8.55 9.95 10.01 8.69 8.47 8.60 7.61 7.80 7.59 7.54 7.58 7.32 7.08 6.95 6.70 7.10 6.29
-9999 -9999 -9999 -9999 -9999 -9999 -9999 -9999 -9999 -9999 -9999 -9999 14.05 15.05 17.51 13.18 9.92 15.49 17.13 20.37 20.24 12.09 12.55 11.59 13.68 15.84 12.85 12.33 15.08 12.66 11.34 10.77 9.34 8.15 8.49 10.09 9.79 9.21 8.68 7.93 7.56 8.61 9.24 8.34 9.06 8.56 9.37 8.08 7.96 8.14 7.53 7.44 7.90 9.66 9.36 9.43 8.52 9.80 10.11 9.75 8.66 9.96 10.03 10.00 10.11 9.29 8.37 7.99 7.58 7.63 7.58 7.31 7.09 6.84 6.68 6.77 7.12 6.91
-9999 -9999 -9999 -9999 -9999 -9999 -9999 -9999 -9999 -9999 -9999 16.05 15.44 15.78 12.55 9.96 14.61 19.19 19.86 16.68 19.04 13.06 15.03 12.87 11.90 21.15 13.70 14.42 11.17 11.64 9.64 9.38 9.94 11.50 9.76 12.50 9.56 10.09 8.03 7.59 7.81 8.18 8.70 8.20 8.41 8.86 9.01 7.08 7.98 7.89 8.04 8.22 8.62 9.51 8.35 9.53 8.91 9.35 8.35 8.44 10.33 10.89 10.02 10.19 9.91 8.58 9.05 8.87 8.51 8.20 7.56 7.10 6.71 7.03 6.98 7.88 8.09 8.23
-9999 -9999 -9999 -9999 -9999 -9999 -9999 -9999 -9999 17.53 15.35 13.52 10.53 9.76 10.50 11.26 16.51 18.24 20.33 22.21 18.99 15.65 9.97 14.42 13.09 18.49 13.79 12.22 12.19 10.11 9.76 8.45 10.08 12.77 11.54 11.45 8.12 8.48 8.12 8.05 9.00 8.38 8.91 7.82 7.98 8.39 7.36 7.19 7.67 9.03 8.65 9.76 10.56 9.68 8.87 8.18 7.95 9.17 9.97 9.68 10.39 9.11 10.11 10.26 9.25 8.12 8.09 9.18 8.69 8.54 7.19 6.78 6.51 6.91 8.36 8.83 8.30 9.38
-9999 -9999 -9999 -9999 -9999 16.33 14.95 13.23 18.14 17.99 17.77 17.33 12.96 11.65 10.77 18.37 15.86 18.65 18.82 18.03 13.31 11.75 9.35 11.90 11.23 20.41 17.58 14.16 10.69 11.19 10.27 12.85 8.63 11.25 11.63 10.73 9.57 8.33 7.57 9.00 8.28 7.45 9.26 7.68 7.69 7.09 7.44 8.26 9.09 7.91 9.15 8.50 9.05 10.36 10.07 9.64 9.22 9.96 10.03 9.59 9.13 10.34 8.84 8.73 8.49 7.98 8.82 8.90 8.77 7.66 6.80 6.92 7.26 8.79 8.86 8.06 9.00 7.70
-9999 -9999 -9999 -9999 18.19 14.66 15.47 14.26 13.25 15.69 14.39 15.11 11.93 9.92 15.44 16.51 17.11 11.61 19.76 14.00 10.38 18.32 13.82 8.79 19.08 15.66 14.01 8.13 8.25 9.53 14.32 9.80 8.77 8.62 8.97 11.40 10.68 10.34 8.19 8.44 7.60 7.46 8.69 8.05 7.44 7.36 7.83 8.87 8.48 11.14 8.38 7.84 8.45 9.67 8.79 8.73 8.14 8.42 9.31 9.07 10.08 9.27 8.42 8.46 8.81 7.96 8.12 8.01 7.10 6.83 6.80 7.02 7.35 7.96 8.97 8.74 8.67 7.97
-9999 -9999 -9999 18.09 16.84 12.02 11.24 11.47 12.87 11.82 12.69 11.53 12.52 19.23 14.72 12.18 17.63 9.05 13.48 13.53 18.62 17.44 18.34 14.52 13.72 11.51 7.46 14.82 14.36 8.99 9.69 9.04 8.53 9.15 8.32 8.61 10.98 11.34 7.85 7.36 7.30 8.12 7.30 6.77 7.36 11.11 8.23 7.99 8.78 9.84 8.75 7.90 8.73 9.52 9.32 9.99 9.04 7.88 7.81 7.93 9.49 9.08 8.20 9.35 9.04 7.94 7.92 7.54 7.14 7.53 7.66 7.70 8.04 8.01 8.86 7.71 7.35 7.78
19.51 16.01 18.22 14.04 13.23 13.86 12.16 11.36 14.53 12.67 12.75 12.84 17.12 16.24 13.28 14.48 13.67 10.88 10.90 16.48 17.26 14.44 14.36 17.04 12.18 7.26 15.37 17.60 13.33 13.21 9.25 9.84 8.67 9.06 12.09 8.79 11.80 9.01 7.57 7.14 7.48 10.14 6.65 7.21 13.09 8.93 8.20 8.17 9.02 10.18 8.07 8.22 8.62 8.09 8.85 8.81 8.01 7.44 8.03 7.58 8.19 8.80 8.83 8.16 7.60 7.24 7.17 7.88 10.00 8.93 10.15 9.16 7.49 9.12 8.51 8.52 7.94 7.57
15.01 14.26 18.12 22.28 19.71 18.53 13.65 15.20 17.70 15.60 14.70 17.91 14.76 13.45 17.06 12.37 8.87 10.60 11.31 15.58 15.05 14.11 13.05 12.41 10.10 12.61 26.49 19.56 13.69 10.05 10.87 9.87 12.27 9.52 10.24 8.68 8.32 8.08 8.10 7.24 6.84 7.16 6.75 11.87 12.45 10.88 8.74 8.10 11.86 9.35 8.21 8.51 7.71 8.71 8.50 8.02 6.86 8.48 7.93 7.05 9.44 9.11 7.53 7.18 7.12 7.03 7.86 9.39 9.99 9.62 10.28 9.17 8.42 9.31 8.69 7.58 8.01 7.76
