ML/MeanWindSpeed_1991-04_Actual.txt
ncols         180
nrows         290
xllcorner     -200000
yllcorner     -200000
cellsize      5000
NODATA_value  -9999
[rows 204 to 237 of 290, columns 77 to 153 of 180]
12.67 10.65 10.82 12.01 12.56 12.07 10.83 12.46 11.45 13.15 10.26 11.37 13.54 12.85 11.49 12.21 8.88 8.19 11.90 13.02 11.97 10.87 12.83 10.16 8.48 7.43 12.08 15.55 16.31 10.49 11.03 11.34 11.67 10.78 9.56 11.04 10.53 10.12 9.52 9.67 8.31 7.93 8.86 8.90 11.38 11.25 10.50 9.37 10.16 11.67 11.22 10.76 10.28 10.42 10.27 9.97 9.61 9.60 10.08 10.40 10.06 9.95 9.96 9.74 10.68 11.10 9.64 9.80 10.41 10.54 10.07 10.43 10.28 10.27 10.34 9.87 10.01
11.78 11.83 10.89 11.41 11.17 11.78 11.33 11.38 12.31 11.07 11.73 10.64 10.44 10.30 9.53 8.60 10.14 8.90 12.47 18.07 10.44 10.54 11.58 15.99 15.43 8.27 8.04 17.29 13.74 11.64 12.17 13.27 11.41 9.51 8.94 11.31 11.59 10.11 9.37 9.02 8.21 8.05 9.18 11.49 11.75 10.55 10.18 9.80 9.72 9.95 10.97 10.40 10.26 10.02 9.65 9.37 9.36 10.17 10.00 9.89 9.93 9.16 9.37 10.18 10.08 10.65 10.02 9.87 9.80 9.90 10.26 10.35 10.30 10.31 10.38 9.71 9.48
13.39 11.27 10.70 11.40 10.55 11.09 11.31 11.36 10.37 10.20 10.92 10.20 11.45 10.32 11.50 8.33 11.08 12.80 12.81 13.76 14.35 11.90 14.00 16.19 11.95 13.86 12.48 8.67 13.45 13.05 10.03 10.50 9.12 10.47 10.36 13.34 12.39 9.96 9.12 8.27 8.03 9.14 11.66 10.44 11.90 10.44 10.16 10.78 9.87 11.17 10.07 10.30 9.91 9.56 9.39 9.53 9.57 9.70 9.45 9.39 9.10 9.21 10.16 10.93 10.43 9.77 10.25 9.71 10.45 9.68 9.51 9.67 9.87 10.04 10.12 9.99 9.31
13.08 11.91 10.81 10.21 11.49 12.55 14.18 13.05 11.56 10.65 9.85 10.11 12.71 10.21 10.84 8.39 10.44 10.86 10.04 9.10 11.55 10.83 12.57 12.53 14.75 13.28 14.28 13.64 17.27 11.59 10.29 9.66 10.63 10.13 12.55 12.27 12.30 9.25 8.58 7.84 11.10 11.91 11.55 11.85 10.22 10.61 10.74 10.58 10.16 10.25 10.24 9.91 9.63 9.48 9.35 9.87 9.99 10.22 9.63 8.98 8.99 9.68 11.26 9.83 10.21 10.18 9.72 9.60 9.69 9.22 9.17 9.63 9.37 9.76 9.85 9.75 9.70
13.14 12.45 11.32 10.70 10.89 12.42 12.75 13.39 12.52 11.60 10.76 10.20 10.73 12.66 9.09 12.88 11.99 11.81 12.81 11.52 9.74 9.95 11.33 10.21 11.99 11.76 10.74 15.74 15.68 10.17 10.61 8.75 9.58 11.27 12.05 11.45 10.65 9.04 8.43 9.87 9.45 11.20 11.03 10.47 10.70 10.47 10.28 10.48 9.97 9.68 9.58 9.45 10.65 9.50 10.10 9.53 9.51 9.09 8.80 8.92 9.86 10.97 10.55 10.16 10.25 9.95 9.55 9.63 9.97 10.06 8.71 9.49 10.21 9.62 9.47 9.81 9.07
12.80 12.21 11.76 12.12 12.93 13.99 -9999 -9999 -9999 -9999 12.00 11.74 12.67 10.29 9.24 10.56 10.50 9.94 9.31 6.33 14.68 15.58 10.88 9.58 9.85 11.27 12.36 14.72 12.10 10.35 9.12 8.38 12.32 11.34 12.70 10.03 9.56 9.00 8.93 10.92 9.53 11.05 10.96 10.27 10.36 10.21 10.06 9.80 9.60 9.46 9.42 9.43 10.38 9.63 9.85 9.81 9.37 9.10 8.90 10.26 10.15 10.46 10.59 10.60 9.29 9.09 8.87 9.87 10.23 9.63 8.48 9.23 9.85 9.65 9.36 9.98 9.52
13.92 14.00 14.25 12.89 14.52 14.22 -9999 -9999 -9999 -9999 -9999 -9999 -9999 9.86 9.93 10.74 9.44 9.07 9.00 10.86 13.00 15.43 14.99 13.05 11.44 10.80 10.09 13.12 13.02 9.38 8.28 11.87 12.20 13.18 10.30 9.61 9.22 8.86 10.19 10.90 10.68 10.92 10.67 10.39 10.17 9.93 9.71 9.76 9.75 10.33 9.81 9.76 9.68 9.56 9.46 9.00 9.53 10.52 10.16 9.39 10.59 10.59 10.32 10.07 9.10 8.57 9.15 9.76 9.45 8.71 8.47 9.41 8.50 8.82 9.77 9.34 9.51
-9999 -9999 14.24 -9999 -9999 -9999 -9999 -9999 -9999 -9999 -9999 13.39 12.15 11.87 13.03 12.34 10.75 9.39 9.58 9.76 12.18 13.67 13.39 9.92 9.66 12.76 11.88 11.99 10.05 8.88 8.83 11.41 11.56 11.30 10.02 9.77 9.50 8.49 11.50 11.83 10.76 10.84 10.52 10.45 10.25 9.96 10.31 9.96 10.20 9.72 9.65 9.66 9.76 9.52 9.41 8.74 10.08 11.44 10.11 10.39 8.84 10.01 9.71 9.08 9.34 8.88 9.04 9.75 9.18 8.47 8.47 8.42 8.91 9.44 9.00 9.62 9.53
-9999 -9999 -9999 -9999 -9999 -9999 -9999 -9999 -9999 -9999 -9999 14.48 14.07 12.46 13.62 13.97 -9999 -9999 10.12 12.70 8.88 10.54 10.29 10.31 11.02 12.48 10.29 9.90 10.20 10.02 10.70 11.12 11.10 10.48 10.10 10.60 9.23 9.69 11.77 10.87 10.52 10.26 10.38 10.90 10.74 10.25 10.05 9.48 9.56 10.00 10.40 10.16 10.69 9.52 8.81 9.55 11.75 10.15 10.17 9.62 8.26 9.54 9.09 8.66 8.56 8.48 8.36 8.56 9.89 8.85 8.70 8.64 8.66 8.77 8.61 8.46 9.70
-9999 -9999 -9999 -9999 -9999 -9999 -9999 -9999 -9999 -9999 -9999 -9999 -9999 -9999 -9999 -9999 -9999 -9999 11.72 10.98 10.81 10.11 9.26 9.11 9.55 10.60 10.43 10.61 11.05 11.58 12.07 11.90 -9999 10.57 10.12 9.66 9.14 9.91 11.58 10.93 10.99 10.41 9.83 9.86 10.68 9.90 9.74 10.55 10.59 10.29 10.99 11.76 10.66 10.26 9.81 10.03 11.11 9.93 9.86 9.62 8.86 8.60 8.37 8.61 8.81 8.42 8.15 8.48 8.75 8.72 8.69 8.65 8.64 8.63 8.81 8.99 9.34
-9999 -9999 -9999 -9999 -9999 -9999 -9999 -9999 -9999 -9999 -9999 -9999 -9999 -9999 -9999 -9999 -9999 -9999 -9999 11.88 10.84 9.96 10.10 10.52 9.53 9.66 10.29 11.38 -9999 -9999 -9999 -9999 11.35 10.50 10.06 9.26 9.00 9.89 11.50 10.97 11.17 10.44 9.51 10.19 9.98 11.03 10.43 11.86 10.62 10.71 10.38 10.70 10.58 10.03 10.66 9.22 9.70 9.93 8.76 8.87 8.49 8.20 7.97 7.75 7.82 8.03 7.77 7.91 8.07 8.26 8.27 9.45 9.70 8.71 8.80 8.99 9.10
-9999 -9999 -9999 -9999 -9999 -9999 -9999 -9999 -9999 -9999 -9999 -9999 -9999 -9999 -9999 -9999 -9999 -9999 -9999 -9999 11.70 12.55 11.59 10.55 10.55 10.79 11.76 -9999 -9999 -9999 -9999 11.66 11.71 11.65 9.08 8.59 8.72 10.92 11.73 11.44 10.81 9.74 9.61 9.52 10.84 11.93 10.96 10.95 10.43 10.63 10.45 9.56 9.95 10.00 9.66 9.52 9.38 9.06 8.42 8.38 8.82 8.96 8.86 7.78 7.74 7.76 7.64 8.25 8.37 8.68 8.37 9.07 8.97 8.80 9.63 8.92 9.41
-9999 -9999 -9999 -9999 -9999 -9999 -9999 -9999 -9999 -9999 -9999 -9999 -9999 -9999 -9999 -9999 -9999 -9999 -9999 -9999 -9999 12.66 12.76 11.82 11.41 11.28 13.02 -9999 -9999 -9999 11.09 9.53 9.52 11.18 10.72 9.92 8.93 10.26 9.82 11.23 10.46 9.00 9.96 10.86 10.85 10.41 11.08 10.42 10.10 9.98 9.50 9.37 9.28 9.41 9.81 9.38 8.71 8.43 8.24 8.20 8.88 8.71 8.70 8.29 7.78 7.83 7.76 8.00 8.13 8.50 8.53 8.69 8.41 8.96 9.31 9.61 9.26
-9999 -9999 -9999 -9999 -9999 -9999 -9999 -9999 -9999 -9999 -9999 -9999 -9999 -9999 -9999 -9999 -9999 -9999 -9999 -9999 -9999 -9999 -9999 -9999 -9999 -9999 -9999 -9999 -9999 13.15 10.07 8.74 8.93 10.85 9.50 10.05 10.59 10.58 10.66 10.77 9.38 8.99 9.17 9.95 9.76 9.89 9.96 10.10 9.86 9.83 11.20 9.89 9.97 9.42 9.79 9.60 8.64 8.37 7.78 8.14 8.86 8.40 8.01 7.94 7.96 7.76 8.20 8.03 8.44 8.19 9.06 9.44 8.84 7.82 10.17 10.75 9.12
-9999 -9999 -9999 -9999 -9999 -9999 -9999 -9999 -9999 -9999 -9999 -9999 -9999 -9999 -9999 -9999 -9999 -9999 -9999 -9999 -9999 -9999 -9999 -9999 -9999 -9999 -9999 -9999 -9999 11.01 9.89 8.72 13.28 12.01 9.37 10.07 10.72 11.06 11.25 9.78 9.39 9.09 8.84 9.73 9.35 9.09 10.47 10.23 11.15 9.97 10.27 11.34 10.03 9.72 9.63 9.01 8.62 8.17 7.85 8.14 8.21 8.36 7.96 7.69 7.71 7.43 7.72 9.23 8.66 9.29 9.69 10.48 9.06 8.00 9.19 9.46 8.10
-9999 -9999 -9999 -9999 -9999 -9999 -9999 -9999 -9999 -9999 -9999 -9999 -9999 -9999 -9999 -9999 -9999 -9999 -9999 -9999 -9999 -9999 -9999 -9999 -9999 -9999 -9999 -9999 -9999 10.88 8.65 7.23 9.25 12.52 11.84 11.40 10.70 11.72 10.05 9.52 9.02 10.31 10.23 10.79 10.26 9.57 9.73 9.63 9.94 10.27 10.28 9.54 9.50 9.60 9.58 9.00 8.58 8.25 8.04 8.37 8.21 7.94 7.31 7.43 8.33 9.02 8.43 9.16 8.83 8.79 8.89 9.54 10.97 10.63 8.81 8.60 8.73
-9999 -9999 -9999 -9999 -9999 -9999 -9999 -9999 -9999 -9999 -9999 -9999 13.27 13.47 11.47 15.55 15.20 15.51 16.12 18.06 11.81 16.65 12.65 -9999 -9999 -9999 -9999 -9999 -9999 10.66 9.54 8.80 7.64 8.46 10.49 12.14 11.85 10.70 9.81 9.56 10.16 11.16 10.40 9.73 9.67 9.22 9.54 9.87 9.45 9.10 8.95 9.27 8.71 9.26 9.68 10.29 9.29 8.61 8.83 8.68 8.22 8.59 7.38 7.09 8.62 9.67 8.64 8.17 8.48 8.53 8.37 8.22 8.43 8.36 8.04 7.84 7.62
-9999 -9999 -9999 -9999 -9999 -9999 -9999 -9999 -9999 -9999 -9999 -9999 14.39 13.51 12.97 10.93 13.13 15.01 14.83 15.84 16.38 14.05 12.78 11.14 11.81 14.14 12.59 11.78 10.69 10.22 9.69 9.30 8.67 7.86 8.21 10.73 10.98 10.10 9.37 11.81 10.48 9.53 9.91 10.24 9.41 9.13 9.55 9.60 9.79 9.45 9.39 8.41 8.53 8.93 9.01 9.13 9.84 10.01 8.49 8.14 7.84 7.54 8.08 7.27 10.74 9.45 9.14 8.63 8.20 8.29 8.18 8.93 8.86 7.66 9.04 8.58 8.98
-9999 -9999 -9999 -9999 -9999 -9999 -9999 -9999 -9999 -9999 -9999 13.43 12.14 11.26 10.29 9.25 11.55 14.38 14.26 13.66 13.74 13.91 13.02 11.36 10.64 11.86 13.26 11.01 10.36 9.76 9.78 10.47 9.13 8.80 9.75 9.74 9.49 9.60 11.56 10.03 11.26 10.62 9.88 9.07 9.40 8.94 9.52 9.85 9.49 9.83 8.97 9.22 8.95 8.76 8.65 9.93 10.73 8.83 7.82 8.01 10.02 8.60 8.03 8.18 8.18 8.49 8.72 8.31 8.13 8.60 9.49 8.72 7.76 7.65 9.14 8.58 8.35
-9999 -9999 -9999 -9999 -9999 -9999 -9999 -9999 -9999 -9999 -9999 -9999 11.77 10.23 9.42 11.00 10.80 11.56 14.23 13.20 11.47 10.45 12.90 14.81 12.63 10.65 11.22 13.11 11.30 9.64 9.51 9.34 9.86 9.74 8.83 8.90 9.23 9.78 10.58 9.52 11.03 10.12 10.00 9.82 9.86 9.11 9.80 10.15 9.90 8.61 8.76 9.36 8.59 8.07 7.80 8.82 10.11 9.75 7.91 8.25 9.47 9.25 8.52 7.76 7.64 7.37 7.64 9.06 8.79 8.48 8.91 9.72 8.99 8.55 9.17 9.10 8.24
-9999 -9999 -9999 -9999 -9999 -9999 -9999 -9999 15.49 -9999 -9999 13.11 11.80 12.22 10.01 11.81 10.45 10.15 10.52 11.17 11.93 10.44 12.38 13.94 12.02 10.95 10.07 10.40 10.20 9.55 9.47 9.61 10.24 9.15 8.74 9.30 10.81 9.59 10.07 9.12 10.04 9.72 10.44 11.11 10.34 9.26 8.95 9.14 8.84 8.48 9.83 8.95 8.24 9.77 8.27 8.42 10.30 11.18 8.12 8.42 8.88 8.71 8.21 7.79 7.68 7.93 8.38 8.81 8.11 7.66 7.56 7.98 8.12 8.21 8.89 8.31 8.25
-9999 -9999 -9999 -9999 -9999 -9999 -9999 14.11 15.44 15.39 14.89 12.28 11.60 13.45 11.74 10.64 10.91 10.04 11.20 11.88 12.60 11.12 11.05 11.85 11.19 10.47 10.11 10.38 10.79 10.67 9.73 9.51 9.49 8.87 8.71 10.30 10.43 9.47 9.73 9.88 11.08 10.46 10.52 11.63 10.42 10.02 9.05 9.68 9.29 9.46 8.92 8.58 7.99 8.95 8.83 8.21 9.33 9.00 8.39 8.26 8.07 8.75 8.62 8.31 8.01 7.72 7.58 7.49 7.91 8.15 7.87 7.03 7.40 7.78 8.58 8.94 8.56
-9999 -9999 -9999 -9999 -9999 -9999 -9999 13.41 13.83 13.13 13.61 12.68 11.97 11.31 13.02 12.70 11.59 12.35 11.97 11.77 12.99 11.93 11.91 11.83 10.09 11.24 13.04 12.58 11.47 10.48 9.63 9.83 10.07 10.07 9.40 10.54 10.06 10.46 9.43 8.71 10.17 11.37 10.48 10.59 10.31 9.67 9.78 10.39 9.56 8.91 9.47 9.52 8.24 8.50 8.43 8.31 9.10 9.43 9.51 10.76 8.55 8.72 7.96 7.66 7.93 8.06 7.55 7.29 7.69 8.37 8.00 7.43 7.14 7.78 7.83 7.92 8.05
-9999 -9999 -9999 -9999 -9999 -9999 -9999 13.74 13.03 12.70 13.19 12.88 12.80 11.72 12.27 12.25 10.97 11.81 11.66 12.20 12.61 12.31 10.17 9.21 9.16 11.48 11.77 12.37 12.72 10.66 10.27 10.18 9.59 10.28 9.57 10.42 10.02 9.99 9.73 9.11 10.64 10.26 10.40 10.40 10.14 9.85 10.03 10.64 10.48 9.27 8.92 9.02 9.61 8.45 8.63 8.36 8.64 8.63 8.74 9.35 8.99 9.79 10.31 7.14 10.29 8.93 7.16 7.26 10.26 10.41 10.05 7.37 7.30 7.48 7.31 7.58 7.20
-9999 -9999 -9999 -9999 -9999 -9999 -9999 12.51 12.40 12.43 12.44 12.23 12.25 11.79 11.43 12.34 11.64 11.49 11.80 10.93 11.01 10.93 10.80 8.69 9.92 12.15 11.54 12.54 12.36 10.80 10.79 10.81 9.66 9.86 9.96 9.91 9.69 9.70 10.42 11.26 9.68 10.49 10.45 10.48 10.21 10.04 10.31 10.67 9.89 9.75 9.30 9.43 9.62 10.02 9.41 10.17 9.61 9.02 8.80 8.55 8.25 8.24 8.33 7.66 9.34 9.14 9.57 9.03 9.54 10.15 10.63 7.62 7.76 7.66 7.70 7.75 8.36
-9999 -9999 -9999 -9999 -9999 -9999 -9999 11.80 11.74 11.86 12.40 13.02 12.42 12.08 11.76 12.20 13.08 12.35 11.65 10.71 10.92 10.45 10.03 9.92 9.76 10.43 10.32 12.11 10.90 9.16 11.36 10.82 9.60 11.83 10.69 11.20 11.63 11.06 10.91 11.49 10.50 9.94 10.45 10.45 9.91 9.97 10.15 10.54 9.78 9.86 10.30 10.59 10.30 10.21 10.32 10.27 10.34 10.20 9.80 9.20 8.94 9.14 9.43 9.54 9.85 9.97 10.07 -9999 -9999 9.48 9.76 9.31 8.86 8.29 10.76 8.84 -9999
-9999 -9999 -9999 -9999 -9999 -9999 14.08 12.28 12.00 11.12 12.00 12.37 13.39 12.42 13.39 13.00 13.17 12.29 11.56 10.95 10.71 10.09 9.55 9.49 9.85 10.82 11.49 11.09 9.54 11.80 12.30 9.70 8.93 9.91 10.03 11.22 11.24 10.33 10.23 10.14 10.05 10.82 10.69 10.84 10.42 10.25 10.61 11.28 10.97 10.54 10.39 10.40 10.55 -9999 -9999 11.02 11.53 11.52 11.08 10.67 10.31 10.37 -9999 -9999 -9999 -9999 -9999 -9999 -9999 -9999 -9999 -9999 9.37 9.94 11.43 9.99 -9999
-9999 -9999 -9999 -9999 -9999 14.99 13.78 12.27 12.51 11.23 11.13 10.99 10.88 10.90 14.56 15.36 13.92 13.01 12.58 12.65 11.37 10.22 9.52 9.81 9.89 12.68 13.50 12.87 12.44 13.70 11.18 10.76 10.32 11.02 11.93 10.63 9.69 10.25 9.69 9.98 9.92 10.21 10.29 11.56 12.35 12.24 11.92 11.86 11.99 11.14 -9999 9.87 10.50 10.34 10.70 11.09 -9999 -9999 -9999 -9999 11.47 -9999 -9999 -9999 -9999 -9999 -9999 -9999 -9999 -9999 -9999 -9999 -9999 -9999 -9999 -9999 -9999
-9999 -9999 -9999 -9999 14.94 14.81 14.80 13.59 11.92 11.23 10.78 9.35 8.63 10.43 16.06 17.58 13.18 12.49 14.65 11.76 13.13 10.49 9.81 12.39 11.39 11.48 11.94 12.31 -9999 -9999 -9999 -9999 -9999 11.01 12.40 12.06 10.64 10.42 10.14 9.75 9.96 10.07 10.77 11.78 -9999 -9999 -9999 -9999 -9999 11.80 11.72 10.80 10.06 10.10 11.65 11.24 -9999 -9999 -9999 -9999 -9999 -9999 -9999 -9999 -9999 -9999 -9999 -9999 -9999 -9999 -9999 -9999 -9999 -9999 -9999 -9999 -9999
-9999 -9999 -9999 10.77 11.95 14.06 14.59 13.47 12.90 11.76 9.83 9.85 9.31 11.78 14.97 16.63 15.44 14.49 12.62 13.26 11.90 11.79 11.08 12.88 12.73 -9999 -9999 -9999 -9999 -9999 -9999 -9999 -9999 -9999 11.47 11.81 10.71 11.74 12.48 12.73 10.85 12.88 12.95 13.53 -9999 -9999 -9999 -9999 -9999 -9999 -9999 10.51 10.99 9.96 10.64 -9999 -9999 -9999 -9999 -9999 -9999 -9999 -9999 -9999 -9999 -9999 -9999 -9999 -9999 -9999 -9999 -9999 -9999 -9999 -9999 -9999 -9999
14.20 13.00 12.89 10.91 11.30 12.88 14.59 14.91 13.27 11.08 10.70 10.75 10.11 11.53 14.73 13.76 14.31 14.16 14.70 9.63 12.15 14.83 12.41 -9999 -9999 -9999 -9999 -9999 -9999 -9999 -9999 -9999 -9999 -9999 -9999 -9999 12.36 -9999 -9999 -9999 -9999 11.68 14.06 14.49 -9999 -9999 -9999 -9999 -9999 -9999 -9999 -9999 10.85 12.71 11.29 -9999 -9999 -9999 -9999 -9999 -9999 -9999 -9999 -9999 -9999 -9999 -9999 -9999 -9999 -9999 -9999 -9999 -9999 -9999 -9999 -9999 -9999
13.95 12.52 11.96 10.46 11.34 12.79 13.56 14.44 13.27 12.32 12.97 9.81 8.39 10.03 13.48 14.31 12.97 11.93 13.24 10.77 10.72 11.83 -9999 -9999 -9999 -9999 -9999 -9999 -9999 -9999 -9999 -9999 -9999 -9999 -9999 -9999 13.36 -9999 -9999 -9999 -9999 -9999 -9999 -9999 -9999 -9999 -9999 -9999 -9999 -9999 -9999 -9999 -9999 -9999 -9999 -9999 -9999 -9999 -9999 -9999 -9999 -9999 -9999 -9999 -9999 -9999 -9999 -9999 -9999 -9999 -9999 -9999 -9999 -9999 -9999 -9999 -9999
12.80 13.42 12.44 10.91 11.86 12.23 12.40 13.15 12.59 12.44 13.25 9.53 8.43 9.09 11.67 16.49 17.24 11.26 11.41 11.15 11.89 13.84 -9999 -9999 -9999 -9999 -9999 -9999 -9999 -9999 -9999 -9999 -9999 -9999 -9999 -9999 -9999 -9999 -9999 -9999 -9999 -9999 -9999 -9999 -9999 -9999 -9999 -9999 -9999 -9999 -9999 -9999 -9999 -9999 -9999 -9999 -9999 -9999 -9999 -9999 -9999 -9999 -9999 -9999 -9999 -9999 -9999 -9999 -9999 -9999 -9999 -9999 -9999 -9999 -9999 -9999 -9999
11.48 11.90 13.46 12.79 12.71 12.31 13.08 12.40 12.07 12.06 10.78 10.57 9.47 8.92 11.76 14.49 14.57 12.80 10.78 11.08 13.82 12.74 -9999 -9999 -9999 -9999 -9999 -9999 -9999 -9999 -9999 -9999 -9999 -9999 -9999 -9999 -9999 -9999 -9999 -9999 -9999 -9999 -9999 -9999 -9999 -9999 -9999 -9999 -9999 -9999 -9999 -9999 -9999 -9999 -9999 -9999 -9999 -9999 -9999 -9999 -9999 -9999 -9999 -9999 -9999 -9999 -9999 -9999 -9999 -9999 -9999 -9999 -9999 -9999 -9999 -9999 -9999
