ML/MeanWindSpeed_1993-09_Actual.txt
ncols         180
nrows         290
xllcorner     -200000
yllcorner     -200000
cellsize      5000
NODATA_value  -9999
[rows 175 to 209 of 290, columns 79 to 157 of 180]
-9999 -9999 -9999 -9999 -9999 -9999 -9999 10.78 9.72 8.70 7.98 7.38 5.86 4.75 8.77 14.10 6.60 8.64 8.18 7.29 5.85 4.10 4.59 6.35 7.80 6.68 5.46 6.01 6.98 6.70 6.82 7.62 6.95 6.74 6.52 6.70 6.80 6.73 6.87 6.90 10.52 10.88 9.21 9.24 7.63 7.25 8.13 7.97 6.60 6.39 7.21 6.80 6.50 7.13 6.94 7.85 7.68 7.80 7.82 7.83 8.63 7.69 7.61 7.75 7.70 8.05 8.33 8.35 8.46 8.71 7.89 9.62 11.69 -9999 -9999 -9999 -9999 -9999 -9999
-9999 -9999 -9999 -9999 -9999 -9999 -9999 -9999 11.50 9.23 7.49 5.80 5.20 6.26 16.16 11.15 5.06 9.08 5.45 7.52 7.07 4.60 3.69 8.77 7.00 7.45 6.56 5.80 6.11 6.30 5.83 6.61 7.06 6.96 6.77 6.52 6.72 6.56 6.44 8.02 9.02 11.54 9.57 9.96 9.13 5.99 7.61 8.98 6.78 6.71 7.02 6.45 6.48 6.82 6.86 7.84 7.45 7.40 7.57 7.21 7.55 7.46 7.35 7.48 7.57 7.78 8.18 9.05 8.23 7.68 7.72 9.20 11.34 -9999 -9999 -9999 -9999 -9999 -9999
-9999 -9999 -9999 -9999 -9999 -9999 -9999 -9999 -9999 9.60 7.08 6.41 7.47 14.82 16.49 11.20 8.16 7.79 8.05 8.69 8.51 8.15 5.53 5.17 9.23 7.01 6.46 6.44 5.96 6.01 6.05 6.17 6.70 6.56 6.37 6.59 6.66 6.55 6.79 7.84 9.51 10.17 8.35 8.43 9.57 7.85 5.81 8.94 6.88 6.67 6.93 6.27 6.35 6.43 7.00 7.73 7.38 7.27 7.33 6.93 7.90 7.48 7.36 7.47 7.54 7.88 7.85 7.89 7.64 7.55 7.85 9.59 11.55 -9999 -9999 -9999 -9999 -9999 -9999
-9999 -9999 -9999 -9999 -9999 -9999 -9999 -9999 -9999 9.11 7.47 8.68 10.21 11.85 14.29 8.51 5.77 7.55 9.40 9.48 9.93 8.49 6.25 4.58 9.53 8.91 7.16 6.99 5.94 5.87 6.10 6.84 6.73 6.65 6.59 6.36 6.31 6.65 8.19 8.33 7.20 10.65 8.58 8.94 10.01 9.49 7.65 6.91 6.38 5.45 6.45 6.85 6.12 6.17 6.32 7.04 7.02 7.33 7.22 6.99 7.29 7.81 7.63 7.74 7.66 7.72 7.66 7.49 7.46 7.93 8.98 10.60 -9999 -9999 -9999 -9999 -9999 -9999 -9999
-9999 -9999 -9999 -9999 -9999 -9999 -9999 -9999 -9999 8.45 8.10 8.82 8.80 12.66 11.06 7.65 7.73 6.28 7.64 9.89 8.79 10.64 8.31 5.37 8.91 9.64 9.18 6.96 6.36 5.76 6.39 7.28 7.15 6.70 6.43 6.27 6.58 7.72 8.12 7.11 7.09 9.37 8.98 8.72 8.53 7.69 7.46 7.86 5.30 5.87 6.06 5.82 6.10 5.87 6.76 6.43 6.82 7.13 7.14 7.21 8.57 8.04 7.73 7.66 7.72 7.70 7.62 7.52 7.69 8.86 10.39 -9999 -9999 -9999 -9999 -9999 -9999 -9999 -9999
-9999 -9999 -9999 -9999 -9999 -9999 -9999 -9999 9.73 14.83 9.11 10.04 11.57 8.01 14.93 12.24 10.35 8.89 11.20 9.12 9.50 8.33 6.41 7.31 10.48 9.41 9.12 6.94 6.07 5.58 6.82 7.08 6.81 6.69 6.32 6.35 7.44 7.46 7.25 7.96 8.65 7.14 10.36 9.57 7.27 7.62 6.84 6.10 5.84 5.14 5.20 5.42 6.14 5.83 5.61 6.99 6.67 6.94 7.19 7.43 8.55 7.99 7.67 7.70 7.60 7.63 7.45 7.43 8.46 9.96 -9999 -9999 -9999 -9999 -9999 -9999 -9999 11.67 -9999
-9999 -9999 -9999 -9999 -9999 -9999 10.51 9.81 12.23 10.71 9.04 9.71 10.54 6.91 7.80 9.27 11.16 10.47 11.92 10.54 10.37 6.07 7.52 7.56 6.09 6.80 6.62 7.22 6.47 6.01 6.87 7.17 7.11 6.65 6.74 7.62 7.16 7.75 7.17 8.19 8.56 8.30 7.57 6.85 7.89 7.35 6.71 6.40 6.08 5.76 4.87 5.58 5.42 5.00 5.42 6.08 6.43 6.81 6.88 7.37 8.43 7.88 7.43 7.55 7.39 7.38 7.28 7.75 9.05 -9999 -9999 -9999 -9999 -9999 11.54 10.85 10.24 9.68 9.74
-9999 -9999 -9999 -9999 -9999 10.60 10.00 9.82 10.16 10.09 10.09 9.59 7.79 6.08 7.32 8.83 9.94 14.82 9.08 7.32 7.09 5.06 9.88 11.06 10.54 8.11 7.17 7.46 7.14 6.78 7.08 7.52 7.12 6.97 7.04 7.62 7.93 7.02 7.04 8.30 8.24 7.79 7.32 7.21 7.34 6.45 6.60 5.64 5.43 5.74 5.27 4.92 4.61 4.89 5.77 5.84 6.09 6.47 6.78 7.20 8.52 8.03 7.40 7.26 7.16 7.18 7.22 7.71 8.78 -9999 -9999 -9999 -9999 -9999 10.23 9.14 8.58 8.17 8.12
-9999 -9999 -9999 -9999 11.38 11.44 10.50 10.49 -9999 -9999 -9999 -9999 8.42 11.30 9.71 9.94 11.24 9.25 7.58 9.77 9.23 8.06 15.06 13.44 11.18 11.23 8.74 7.08 7.29 7.29 6.96 7.06 7.00 6.83 7.29 7.02 8.03 7.06 6.99 7.39 7.66 7.70 7.41 6.50 6.47 6.35 6.05 5.46 5.11 4.86 4.76 4.77 4.98 5.45 5.63 5.74 6.37 6.90 7.07 7.18 7.94 7.78 7.62 7.05 7.00 7.01 7.00 7.27 8.13 9.68 -9999 -9999 -9999 -9999 9.14 8.10 7.70 7.65 7.65
-9999 -9999 -9999 -9999 12.50 13.25 10.83 11.45 -9999 -9999 -9999 -9999 8.90 10.20 11.32 7.60 10.87 10.11 9.54 11.63 12.82 10.43 13.58 8.74 9.52 9.35 8.23 7.10 7.07 7.23 7.06 7.20 7.58 6.86 7.35 7.20 7.29 7.67 6.90 7.12 6.56 7.08 7.72 7.86 7.69 6.41 5.75 5.41 5.14 5.33 4.85 5.15 5.65 5.93 6.62 6.23 7.65 7.67 7.78 7.16 7.54 7.48 7.35 6.82 6.92 6.94 6.89 6.95 7.19 8.20 9.14 -9999 -9999 9.53 8.75 8.03 8.02 7.67 7.42
-9999 -9999 -9999 -9999 -9999 -9999 -9999 -9999 -9999 -9999 -9999 -9999 9.70 11.88 9.75 6.97 8.86 7.84 12.82 11.93 8.58 11.33 11.07 9.73 9.95 8.33 7.35 6.48 7.28 7.09 7.28 7.09 6.76 6.65 6.63 6.63 6.89 7.31 6.83 6.65 6.70 6.83 6.66 7.29 7.41 5.97 6.73 7.23 6.10 5.85 5.47 5.01 5.93 6.76 7.48 7.21 6.85 7.25 7.79 7.36 7.63 7.36 7.24 6.63 6.79 6.88 6.90 6.86 6.67 6.97 7.64 8.51 8.80 8.33 8.14 7.41 8.01 7.94 7.86
-9999 -9999 -9999 -9999 -9999 -9999 -9999 -9999 -9999 -9999 -9999 -9999 -9999 12.09 5.46 5.56 8.63 12.26 11.26 12.22 11.69 8.68 9.48 10.28 7.54 7.23 6.27 6.16 6.42 6.80 6.92 6.98 6.73 6.39 6.26 6.62 6.67 7.09 6.95 6.58 7.97 7.38 6.46 6.44 6.48 6.53 6.33 7.01 7.03 6.37 7.04 5.90 5.91 6.53 6.17 6.41 6.61 6.68 7.70 7.65 7.35 6.94 7.12 6.56 6.69 6.77 6.77 6.81 6.85 6.92 6.92 7.30 7.50 7.43 7.32 7.37 8.13 8.02 7.71
-9999 -9999 -9999 -9999 -9999 -9999 -9999 -9999 -9999 -9999 -9999 -9999 -9999 9.13 11.58 11.93 10.48 9.65 8.94 10.56 8.70 8.67 7.66 7.15 8.76 6.88 6.19 7.29 6.71 6.56 6.59 6.23 6.26 6.65 6.54 7.52 7.49 7.18 6.82 6.45 7.79 8.29 7.20 6.45 6.24 6.48 6.51 6.54 6.76 7.08 8.57 7.52 6.22 5.99 6.21 6.90 7.69 7.84 7.52 7.89 7.46 6.94 6.67 6.49 6.62 6.68 6.84 6.90 6.95 7.01 7.04 7.12 7.18 7.32 7.33 7.24 7.88 7.90 8.30
-9999 -9999 -9999 -9999 -9999 -9999 -9999 -9999 -9999 -9999 -9999 -9999 11.18 10.14 7.61 13.31 9.00 7.61 9.42 9.29 8.22 10.39 7.98 7.56 9.37 6.42 10.63 7.73 6.02 6.15 7.27 6.28 6.09 8.23 8.11 7.68 6.84 7.09 6.96 6.63 7.19 7.54 7.18 6.61 6.48 6.41 6.43 6.82 6.69 7.46 7.30 6.86 6.49 6.24 6.69 7.34 8.06 8.10 7.36 7.44 7.23 6.89 6.65 6.49 6.54 6.70 6.86 6.94 6.96 7.01 7.06 7.00 7.07 7.51 7.52 7.32 7.57 7.91 7.51
-9999 -9999 -9999 -9999 -9999 -9999 -9999 -9999 -9999 -9999 -9999 -9999 9.96 9.97 13.05 7.79 4.47 6.18 6.79 8.60 10.82 10.68 8.41 7.92 7.91 6.34 6.96 7.52 8.14 7.84 6.51 6.63 6.54 6.88 7.53 6.83 6.69 7.22 7.09 7.28 7.58 7.27 7.33 7.00 6.70 6.52 6.31 6.45 6.62 7.21 7.41 6.95 6.14 6.40 7.30 8.26 7.75 8.19 8.05 7.44 6.85 7.28 6.63 6.73 6.61 6.76 6.78 6.90 6.96 6.93 6.92 6.94 6.97 7.63 7.49 7.17 7.31 7.81 7.68
-9999 -9999 -9999 -9999 -9999 -9999 -9999 -9999 -9999 -9999 -9999 -9999 10.51 11.52 5.71 6.47 5.34 6.36 7.07 11.40 10.16 11.10 8.58 7.60 6.13 5.41 6.29 8.94 10.25 11.01 7.25 8.34 7.06 7.14 7.30 6.31 6.48 6.89 7.17 7.40 6.95 7.05 7.99 7.37 6.69 6.57 7.30 6.30 6.72 6.95 6.81 6.37 6.10 6.57 7.04 7.46 7.51 7.40 6.82 6.71 6.97 7.12 6.29 6.25 6.56 6.69 6.77 6.77 6.71 6.78 6.82 6.84 6.92 7.18 7.09 7.22 7.15 7.54 7.55
-9999 -9999 -9999 -9999 -9999 -9999 -9999 -9999 -9999 -9999 -9999 -9999 -9999 7.47 7.84 8.84 9.98 10.56 9.01 9.72 8.47 6.12 5.93 5.46 6.19 6.37 6.02 7.44 7.96 10.43 8.59 7.52 6.87 7.87 7.81 6.28 7.02 6.52 6.78 8.39 6.94 6.81 6.79 6.95 6.47 6.40 7.53 7.12 6.68 7.05 6.69 6.42 6.59 7.09 6.79 6.80 6.52 7.02 6.41 7.18 7.16 6.44 6.19 6.60 6.63 6.48 6.53 6.52 6.59 6.68 6.72 6.77 6.80 6.89 6.95 7.13 7.11 7.14 7.38
-9999 -9999 -9999 -9999 -9999 -9999 -9999 -9999 -9999 -9999 -9999 -9999 -9999 8.18 8.65 9.05 10.12 11.91 10.99 8.71 6.88 5.70 7.00 8.59 9.89 11.12 8.66 7.12 7.85 8.84 8.43 6.86 8.78 7.94 7.99 6.90 7.55 6.84 6.67 7.09 7.93 7.56 7.03 6.68 6.42 6.49 7.27 7.16 6.88 6.90 7.14 7.22 7.29 7.46 6.83 6.63 7.49 7.49 7.41 7.10 7.26 6.52 6.64 7.04 6.38 6.28 6.34 6.39 6.56 6.61 6.63 6.70 6.74 6.83 6.82 6.76 6.64 6.62 6.91
-9999 -9999 -9999 -9999 -9999 -9999 -9999 -9999 -9999 -9999 -9999 -9999 8.69 6.65 7.28 9.25 9.82 8.96 8.82 7.51 8.48 12.02 9.80 9.91 9.73 8.13 7.37 8.04 8.63 7.51 7.09 7.66 8.82 8.57 8.06 6.81 7.72 6.62 6.71 7.83 7.21 7.45 7.44 6.89 6.59 6.56 7.31 7.26 6.69 6.88 6.85 6.76 7.29 6.92 7.66 7.20 7.62 7.01 7.23 7.33 6.67 6.47 7.07 6.99 6.30 6.25 6.51 6.43 6.63 6.69 6.78 6.75 6.70 6.70 6.60 6.87 7.07 7.09 6.57
-9999 -9999 -9999 -9999 -9999 -9999 -9999 -9999 -9999 -9999 -9999 -9999 9.75 7.58 6.73 6.92 8.22 11.00 10.63 9.75 8.67 9.34 10.64 11.44 11.12 8.04 9.60 10.42 7.43 9.20 6.45 7.24 8.59 9.90 7.18 7.40 6.53 6.21 6.56 7.18 9.20 7.89 7.76 7.31 7.00 6.92 7.19 7.00 6.61 6.73 6.65 6.58 6.53 7.44 7.77 7.70 8.04 7.22 6.87 6.89 6.54 6.79 7.17 6.99 6.63 6.85 6.69 6.99 6.75 6.81 7.02 6.98 6.72 6.58 6.43 6.44 7.04 7.10 7.14
-9999 -9999 -9999 -9999 -9999 -9999 -9999 -9999 -9999 -9999 -9999 -9999 8.33 7.05 4.75 5.80 7.86 11.20 9.78 10.17 8.52 10.33 9.98 8.68 8.97 9.50 9.34 8.17 7.20 7.63 9.71 7.01 7.01 7.16 7.08 8.14 7.14 6.13 6.44 7.11 7.46 7.30 7.95 7.58 7.18 7.22 6.78 6.37 6.73 6.88 6.93 6.46 6.88 7.83 7.84 7.16 7.23 7.78 7.00 7.17 6.41 7.09 7.23 6.69 6.65 6.78 6.33 6.57 6.60 6.75 6.87 6.77 6.62 6.48 6.32 6.56 6.22 6.55 6.79
-9999 -9999 -9999 -9999 -9999 -9999 -9999 -9999 -9999 -9999 -9999 8.45 8.42 9.37 7.10 5.40 8.38 9.48 11.14 11.31 7.69 8.32 7.75 8.65 9.54 8.22 8.16 9.64 8.45 7.85 7.54 6.76 6.22 6.45 7.18 7.14 6.94 6.73 6.42 6.42 7.08 7.31 6.83 7.19 6.88 7.31 6.69 6.52 6.57 6.30 6.19 6.37 7.25 7.24 7.34 6.84 7.38 7.40 7.08 6.47 7.07 7.11 7.15 7.31 7.02 6.65 6.50 6.41 6.62 6.78 6.73 6.65 6.46 6.27 6.29 6.52 6.49 6.59 6.84
-9999 -9999 -9999 -9999 -9999 -9999 -9999 -9999 -9999 -9999 9.39 8.76 8.75 7.00 5.44 7.79 10.57 11.25 9.88 11.30 8.43 9.53 8.32 7.56 12.08 8.58 9.25 7.81 7.91 6.91 6.82 7.01 7.78 6.91 8.29 7.02 7.33 6.36 6.21 6.44 6.75 6.97 6.72 6.84 7.02 7.08 6.05 6.45 6.37 6.49 6.58 6.75 7.19 6.68 7.29 6.90 7.05 6.47 6.40 7.25 7.52 7.15 7.27 7.21 6.60 6.89 6.88 6.87 6.91 6.74 6.61 6.42 6.49 6.40 6.88 7.04 7.18 7.23 6.77
-9999 -9999 -9999 -9999 -9999 -9999 -9999 -9999 10.52 8.96 7.76 6.24 5.91 6.24 6.36 9.06 10.49 11.81 12.95 11.31 9.36 6.61 8.85 8.12 11.02 9.00 8.33 8.39 7.24 6.94 6.31 7.14 8.46 7.83 7.79 6.17 6.42 6.39 6.41 6.96 6.74 7.01 6.46 6.51 6.64 6.14 6.01 6.22 6.84 6.71 7.35 7.75 7.33 6.93 6.56 6.40 6.96 7.30 7.03 7.23 6.61 7.23 7.29 6.81 6.32 6.41 7.11 7.06 7.15 6.60 6.45 6.32 6.47 7.17 7.48 7.30 7.90 7.75 7.57
-9999 -9999 -9999 -9999 10.69 9.89 8.75 10.87 10.44 10.00 9.65 7.51 6.88 6.50 10.26 9.33 11.32 11.44 11.02 8.36 7.24 5.96 7.49 7.50 12.46 10.93 8.89 7.27 7.65 7.19 8.46 6.50 7.88 8.03 7.60 6.86 6.24 6.10 6.87 6.50 6.07 7.14 6.29 6.11 5.75 6.02 6.47 6.83 6.23 7.02 6.82 7.09 7.71 7.51 7.23 7.01 7.36 7.33 7.00 6.67 7.25 6.54 6.45 6.38 6.24 6.84 7.08 7.19 6.77 6.39 6.50 6.71 7.48 7.56 7.24 7.81 7.24 7.53 7.87
-9999 -9999 -9999 11.17 9.02 9.25 8.54 7.89 9.04 8.46 8.68 6.91 6.04 9.00 9.74 10.58 8.27 12.20 9.00 6.92 10.61 8.25 5.99 11.60 10.08 8.54 5.33 5.79 6.63 9.08 6.87 6.49 6.56 6.70 7.93 7.40 7.26 6.39 6.58 6.12 5.97 6.74 6.24 5.66 5.67 6.12 6.73 6.54 7.94 6.74 6.63 6.95 7.48 6.98 6.88 6.56 6.66 7.04 6.84 7.22 6.70 6.29 6.36 6.59 6.27 6.55 6.65 6.31 6.29 6.36 6.59 6.86 7.18 7.75 7.68 7.69 7.42 7.39 7.52
-9999 -9999 10.49 9.64 7.03 6.56 6.74 7.48 7.21 7.79 7.10 7.45 10.82 8.88 8.06 11.15 6.81 8.77 8.55 10.89 10.19 10.70 8.98 8.94 7.56 4.72 8.42 8.67 6.29 6.79 6.41 6.24 6.72 6.33 6.55 7.69 7.88 6.21 6.04 6.02 6.30 5.90 5.34 5.41 7.49 6.32 6.29 6.71 7.36 7.02 6.71 7.13 7.50 7.38 7.66 7.13 6.46 6.35 6.32 6.96 6.62 6.21 6.84 6.73 6.34 6.50 6.44 6.38 6.71 6.91 7.08 7.35 7.34 7.79 7.18 7.01 7.26 7.02 7.22
9.58 10.45 8.14 7.65 7.97 7.23 6.85 8.54 7.82 8.00 7.88 9.94 9.62 8.42 9.34 9.03 7.32 7.10 9.84 10.24 8.97 8.99 10.37 8.06 5.23 8.51 9.69 8.02 8.36 6.51 6.75 6.25 6.59 8.12 6.56 8.22 6.85 6.07 5.91 6.06 7.13 5.26 5.48 8.46 6.64 6.50 6.52 6.96 7.69 6.77 6.87 7.13 6.88 7.24 7.17 6.71 6.32 6.50 6.20 6.49 6.68 6.59 6.24 6.02 6.03 6.19 6.69 7.93 7.59 8.37 8.03 7.27 8.03 7.63 7.52 7.22 7.08 7.21 7.06
8.25 10.18 12.29 11.19 10.59 8.11 8.96 10.27 9.34 9.02 10.62 9.23 8.70 10.40 7.92 6.02 6.41 6.66 9.00 8.93 8.41 7.77 7.69 6.85 7.88 14.50 11.14 8.48 6.73 7.15 6.73 8.01 6.75 7.08 6.29 6.43 6.44 6.33 5.92 5.74 5.69 5.28 7.93 8.55 8.08 7.15 6.85 8.74 7.55 6.93 7.09 6.76 7.30 7.19 6.93 6.25 6.91 6.56 6.06 7.28 6.99 6.04 5.86 5.90 5.97 6.60 7.58 8.12 8.17 8.74 8.35 8.01 8.30 7.69 6.96 7.15 7.08 7.31 7.35
8.20 9.20 9.50 8.89 7.81 9.28 8.36 9.78 7.39 8.31 10.22 9.45 7.91 8.59 5.82 5.34 7.98 8.85 8.03 6.81 8.22 5.77 5.27 5.44 9.38 12.09 12.43 7.11 7.63 7.77 7.92 7.23 6.10 7.00 6.52 6.62 6.20 6.32 5.45 5.20 5.98 6.03 8.27 8.39 8.06 7.18 7.73 8.81 8.15 7.64 7.16 7.26 7.10 6.72 6.41 6.38 6.68 6.91 6.55 6.36 6.17 5.89 6.71 7.28 6.29 6.72 7.64 8.20 8.10 8.71 8.77 8.76 8.57 7.13 6.97 6.86 6.95 6.81 7.14
7.82 8.41 8.13 8.43 7.76 7.83 8.84 7.75 8.26 7.05 6.85 6.68 6.39 6.07 7.74 6.97 10.02 14.92 8.30 8.32 8.37 11.48 10.98 4.85 4.99 13.23 10.19 8.55 8.91 9.70 7.91 6.17 5.51 7.24 7.58 6.67 6.04 5.63 5.14 5.08 6.21 8.43 8.97 8.20 7.88 7.62 7.42 7.34 7.95 7.27 7.03 6.76 6.40 6.14 6.11 6.87 6.70 6.44 6.33 5.60 5.67 6.34 6.31 6.93 6.56 6.80 7.15 7.66 8.38 8.77 8.86 8.84 8.82 7.10 6.51 6.88 6.89 6.55 6.88
7.51 8.30 7.44 7.68 7.58 7.68 6.94 6.91 7.54 6.82 7.86 6.79 8.59 6.10 8.55 10.42 10.69 11.75 12.27 10.06 11.47 12.84 8.47 9.72 8.45 4.94 9.33 9.54 6.95 7.32 5.82 7.11 6.89 9.19 8.52 6.65 5.99 5.34 5.06 6.01 8.56 7.77 9.30 8.27 8.05 8.57 7.59 8.26 6.99 7.02 6.57 6.30 6.09 6.27 6.29 6.35 6.10 5.89 5.50 5.53 6.27 6.91 6.51 6.10 6.72 6.46 7.45 7.25 7.58 8.01 8.31 8.53 8.44 7.55 6.50 6.79 6.81 6.68 7.09
7.72 7.39 8.47 9.35 10.70 9.66 8.39 7.57 6.79 7.05 9.19 6.91 8.03 5.78 7.57 8.28 7.83 6.93 8.81 8.03 10.25 10.59 12.05 10.07 10.40 9.11 12.44 7.97 7.04 6.63 7.25 6.72 8.75 8.48 8.84 6.28 5.80 5.22 8.00 8.58 8.53 9.06 7.81 8.32 8.51 8.19 7.01 6.84 6.82 6.52 6.26 6.20 6.09 6.53 6.56 6.71 6.20 5.59 5.44 5.87 7.03 5.72 6.17 6.34 6.11 6.14 6.49 6.65 7.14 7.74 7.61 8.05 7.89 7.30 6.92 6.86 6.49 6.38 7.45
8.16 7.69 7.86 9.42 9.81 10.42 9.61 8.74 7.96 7.35 7.55 9.46 6.66 9.77 9.15 9.32 10.14 8.59 6.54 6.67 8.56 8.10 9.84 9.71 8.20 11.12 11.00 6.74 7.51 5.72 6.24 7.76 8.53 8.24 7.57 6.04 5.46 6.67 6.34 7.97 8.01 7.65 8.01 7.83 7.46 7.11 6.28 6.04 6.08 6.08 7.25 6.17 6.72 6.21 6.06 5.63 5.56 5.79 6.37 6.89 6.24 5.89 6.06 6.02 5.87 6.11 6.66 7.30 6.56 7.40 8.13 7.61 7.24 7.27 6.45 6.60 7.23 6.90 6.83
8.82 9.20 10.02 11.25 -9999 -9999 -9999 -9999 9.43 8.63 8.88 6.99 6.13 7.43 7.85 7.80 7.28 4.44 11.27 11.53 7.89 7.15 7.56 9.08 9.71 10.71 8.26 7.02 6.21 5.49 8.78 7.93 9.42 7.07 6.68 6.07 5.70 7.36 6.30 7.77 7.74 7.16 7.29 7.08 6.72 6.21 5.87 5.79 5.93 5.99 6.92 6.29 6.58 6.55 5.99 5.78 5.81 7.06 6.92 6.58 6.15 6.14 5.14 5.32 5.39 6.34 6.81 6.89 6.17 6.93 7.61 7.48 7.03 7.42 6.97 6.79 7.07 7.26 7.04
