ML/MeanWindSpeed_1992-08_Actual.txt
ncols         180
nrows         290
xllcorner     -200000
yllcorner     -200000
cellsize      5000
NODATA_value  -9999
[rows 210 to 244 of 290, columns 78 to 155 of 180]
12.69 13.03 11.39 13.15 12.59 -9999 -9999 -9999 -9999 -9999 -9999 -9999 7.93 8.09 9.18 8.14 8.48 9.01 11.03 13.13 15.61 14.75 12.61 10.79 10.37 9.16 12.11 12.13 8.21 7.01 11.02 11.00 11.87 8.44 7.71 7.67 7.35 8.52 9.18 8.85 9.03 8.64 8.22 7.91 7.56 7.17 7.01 6.73 7.36 6.95 7.22 7.59 7.95 8.25 7.97 8.41 9.48 9.19 8.32 9.74 9.68 9.18 8.98 8.21 8.01 8.74 9.21 8.72 8.02 7.79 8.94 7.92 8.32 9.38 8.84 8.93 9.06 8.42
-9999 12.73 -9999 -9999 -9999 -9999 -9999 -9999 -9999 -9999 11.86 10.57 10.30 11.52 10.77 9.46 8.58 9.25 9.73 12.29 13.86 13.23 9.17 8.88 12.60 11.13 10.87 8.77 7.60 7.36 10.10 9.99 9.68 8.14 7.87 7.92 6.72 9.82 10.02 8.70 8.79 8.36 8.19 7.96 7.57 7.91 7.25 7.27 6.70 6.79 7.08 7.60 7.84 8.32 7.77 9.15 10.73 9.14 9.50 7.74 9.16 8.79 8.36 9.25 8.92 8.98 9.48 8.61 7.79 7.79 7.76 8.42 9.08 8.48 9.16 9.04 8.44 8.34
-9999 -9999 -9999 -9999 -9999 -9999 -9999 -9999 -9999 -9999 13.01 12.58 10.66 11.95 12.40 -9999 -9999 9.16 12.47 8.12 9.92 9.54 9.63 10.44 12.00 9.11 8.44 8.73 8.43 9.09 9.40 9.30 8.70 8.27 8.91 7.52 7.83 9.84 8.65 8.23 8.03 8.17 8.65 8.37 7.71 7.61 6.98 7.04 7.66 8.27 8.10 8.88 7.91 7.66 8.63 11.03 9.13 9.08 8.51 7.09 8.77 8.51 8.49 8.71 8.70 8.41 8.28 9.54 8.13 7.81 7.69 7.77 8.02 7.92 7.76 9.30 8.73 9.29
-9999 -9999 -9999 -9999 -9999 -9999 -9999 -9999 -9999 -9999 -9999 -9999 -9999 -9999 -9999 -9999 -9999 10.47 9.75 9.80 8.86 7.86 7.88 8.40 9.49 9.10 9.10 9.48 10.01 10.48 10.20 -9999 8.69 8.27 8.01 7.47 7.94 9.57 8.65 8.69 8.14 7.48 7.44 8.28 7.50 7.60 8.73 8.87 8.62 9.53 10.50 9.25 8.99 8.80 9.02 10.23 8.86 8.71 8.50 7.73 7.65 7.69 8.33 8.88 8.49 8.01 8.08 8.04 7.74 7.56 7.45 7.50 7.66 7.97 8.18 8.62 8.74 9.28
-9999 -9999 -9999 -9999 -9999 -9999 -9999 -9999 -9999 -9999 -9999 -9999 -9999 -9999 -9999 -9999 -9999 -9999 10.53 9.49 8.54 8.78 9.43 8.34 8.40 8.82 9.84 -9999 -9999 -9999 -9999 9.56 8.42 8.15 7.59 7.38 8.04 9.64 8.76 8.99 8.25 7.19 8.02 7.70 9.09 8.58 10.41 9.03 9.25 8.93 9.43 9.34 8.73 9.57 7.86 8.49 8.86 7.48 7.65 7.24 7.12 7.12 7.01 7.08 7.48 7.22 7.20 7.06 7.03 6.90 8.20 8.53 7.52 7.66 7.94 8.26 8.70 9.67
-9999 -9999 -9999 -9999 -9999 -9999 -9999 -9999 -9999 -9999 -9999 -9999 -9999 -9999 -9999 -9999 -9999 -9999 -9999 10.36 11.42 10.33 9.39 9.93 9.89 10.33 -9999 -9999 -9999 -9999 10.23 9.98 9.79 6.91 6.66 6.88 9.27 9.92 9.43 8.76 7.62 7.56 7.40 8.93 10.31 9.26 9.35 8.72 8.91 8.72 7.85 8.48 8.59 8.22 8.15 8.14 7.95 7.34 7.38 7.84 8.09 8.16 7.00 6.99 7.10 6.89 7.32 7.01 7.18 6.64 7.50 7.52 7.60 8.65 7.91 8.80 9.04 9.65
-9999 -9999 -9999 -9999 -9999 -9999 -9999 -9999 -9999 -9999 -9999 -9999 -9999 -9999 -9999 -9999 -9999 -9999 -9999 -9999 11.14 11.23 10.44 10.97 10.41 11.46 -9999 -9999 -9999 9.58 7.91 7.38 9.09 8.68 7.91 6.79 8.27 7.61 9.32 8.55 6.97 8.24 9.23 9.21 8.80 9.53 8.67 8.24 7.99 7.48 7.46 7.47 7.77 8.35 8.07 7.54 7.47 7.47 7.47 8.16 7.91 7.98 7.57 7.00 7.04 6.66 6.42 6.22 6.58 6.60 6.96 7.03 8.14 8.61 9.08 8.94 8.02 9.71
-9999 -9999 -9999 -9999 -9999 -9999 -9999 -9999 -9999 -9999 -9999 -9999 -9999 -9999 -9999 -9999 -9999 -9999 -9999 -9999 -9999 -9999 -9999 -9999 -9999 -9999 -9999 -9999 11.76 8.57 7.12 6.85 8.62 7.01 7.79 8.56 8.49 8.48 8.69 7.13 6.76 7.13 8.15 8.04 8.39 8.50 8.70 8.43 8.28 9.82 8.27 8.42 7.86 8.39 8.39 7.56 7.54 7.11 7.53 8.26 7.68 7.20 7.08 6.95 6.73 7.03 6.44 6.84 6.56 7.65 8.26 7.99 7.16 9.91 10.77 9.32 8.04 10.68
-9999 -9999 -9999 -9999 -9999 -9999 -9999 -9999 -9999 -9999 -9999 -9999 -9999 -9999 -9999 -9999 -9999 -9999 -9999 -9999 -9999 -9999 -9999 -9999 -9999 -9999 -9999 -9999 9.54 8.82 7.57 12.57 10.66 7.15 7.77 8.47 8.89 9.22 7.50 6.99 6.80 6.72 7.93 7.75 7.68 9.43 9.20 10.30 8.92 9.18 10.46 8.87 8.37 8.22 7.67 7.47 7.21 7.10 7.54 7.55 7.73 7.23 6.78 6.54 6.23 6.58 8.31 7.61 8.37 8.79 9.82 8.47 7.54 8.96 9.41 8.20 7.61 8.31
-9999 -9999 -9999 -9999 -9999 -9999 -9999 -9999 -9999 -9999 -9999 -9999 -9999 -9999 -9999 -9999 -9999 -9999 -9999 -9999 -9999 -9999 -9999 -9999 -9999 -9999 -9999 -9999 9.20 7.18 6.11 8.36 11.88 10.64 9.62 8.52 9.72 7.93 7.45 6.89 8.58 8.66 9.29 8.84 8.24 8.51 8.32 8.66 9.16 9.25 8.49 8.45 8.46 8.42 7.80 7.46 7.42 7.41 7.95 7.72 7.49 6.84 6.77 7.42 8.01 7.20 8.13 7.75 7.67 7.81 8.72 10.60 10.44 8.42 8.36 8.82 9.06 8.92
-9999 -9999 -9999 -9999 -9999 -9999 -9999 -9999 -9999 -9999 -9999 12.35 12.68 10.39 15.05 14.20 13.95 14.00 16.06 8.56 14.23 9.60 -9999 -9999 -9999 -9999 -9999 -9999 8.68 7.54 7.11 6.10 7.24 9.41 10.90 10.16 8.75 7.78 7.63 8.31 9.52 8.70 7.92 7.92 7.52 8.03 8.25 7.84 7.56 7.47 8.05 7.62 8.43 8.99 9.69 8.51 7.97 8.44 8.33 7.62 8.25 7.13 6.67 7.83 8.59 7.16 6.61 6.98 7.02 6.91 6.89 7.38 7.53 7.21 7.24 7.29 7.41 7.38
-9999 -9999 -9999 -9999 -9999 -9999 -9999 -9999 -9999 -9999 -9999 14.53 13.74 13.40 10.87 13.00 14.83 13.95 14.47 14.75 11.65 9.86 8.22 9.35 12.14 10.11 9.22 8.27 7.99 7.39 6.98 6.53 6.04 6.62 9.31 9.37 8.38 7.45 10.34 8.66 7.57 8.07 8.47 7.56 7.38 8.02 7.90 8.16 7.93 7.91 6.93 7.39 8.19 8.47 8.54 9.18 9.46 7.95 7.60 7.11 6.91 7.82 6.82 10.42 8.41 7.76 7.08 6.63 6.85 6.77 7.82 8.01 6.90 8.60 8.22 8.88 7.62 7.84
-9999 -9999 -9999 -9999 -9999 -9999 -9999 -9999 -9999 -9999 12.65 11.51 10.89 10.11 8.84 11.28 14.29 13.84 12.78 12.83 12.79 11.19 9.17 8.50 9.74 11.13 8.34 7.72 7.20 7.28 8.15 6.74 6.62 8.01 8.04 7.80 8.09 10.41 8.54 9.74 8.95 8.05 7.09 7.56 7.31 8.07 8.28 7.92 8.48 7.47 7.86 7.85 7.94 8.03 9.51 10.19 8.14 7.45 7.65 9.81 8.09 7.49 7.54 7.28 7.41 7.48 7.01 6.85 7.55 8.65 7.91 7.06 7.16 9.01 8.55 8.50 8.96 8.82
-9999 -9999 -9999 -9999 -9999 -9999 -9999 -9999 -9999 -9999 -9999 10.57 9.16 8.29 9.87 9.60 10.55 13.65 12.29 10.37 9.31 11.57 13.08 10.52 8.13 8.41 10.37 8.33 6.64 6.70 6.68 7.40 7.50 6.73 6.82 7.30 8.13 9.27 7.96 9.41 8.20 8.05 7.84 8.07 7.46 8.30 8.60 8.52 7.26 7.40 8.22 7.53 7.17 7.17 8.41 9.66 9.48 7.83 8.17 9.24 8.92 7.97 6.96 6.68 6.34 6.59 8.28 7.98 7.77 8.51 9.73 9.06 8.60 9.29 9.33 8.45 9.40 8.38
-9999 -9999 -9999 -9999 -9999 -9999 -9999 13.14 -9999 -9999 11.55 10.26 10.83 7.47 9.20 7.83 7.91 8.70 9.42 10.37 8.87 10.65 11.56 8.70 7.10 5.75 6.00 6.13 5.98 6.22 6.66 7.54 6.62 6.49 7.07 8.89 7.64 8.60 7.53 8.32 7.81 8.74 9.50 8.68 7.63 7.21 7.34 7.26 7.14 8.73 7.93 7.37 9.40 7.96 8.16 10.11 11.29 7.89 8.23 8.54 8.18 7.57 7.11 6.77 7.04 7.59 8.03 7.12 6.78 6.99 7.90 8.21 8.36 9.09 8.46 8.40 8.39 7.88
-9999 -9999 -9999 -9999 -9999 -9999 12.35 13.66 13.60 13.08 10.27 9.35 10.95 8.17 6.88 7.65 7.22 9.10 9.93 10.83 9.22 8.58 8.61 6.92 5.42 4.75 5.14 6.05 6.56 5.90 6.07 6.43 6.20 6.37 8.16 8.33 7.44 8.17 8.54 9.86 8.99 9.06 10.32 8.88 8.56 7.27 7.85 7.59 8.09 7.61 7.54 7.15 8.56 8.75 8.10 9.34 9.06 8.42 8.19 7.81 8.36 8.11 7.73 7.05 6.55 6.50 6.42 6.72 7.05 7.09 6.73 7.55 8.18 9.13 9.58 9.14 7.94 8.87
-9999 -9999 -9999 -9999 -9999 -9999 11.92 12.18 11.16 11.47 10.30 9.25 7.88 9.57 9.33 8.29 9.73 9.82 9.66 10.99 9.56 8.92 8.22 5.45 6.27 8.18 7.58 6.61 6.00 5.53 6.27 6.93 7.35 6.89 8.23 7.65 8.32 7.47 6.87 8.67 10.09 8.97 9.05 8.83 8.23 8.15 8.72 7.92 7.37 8.17 8.49 7.29 7.93 8.21 8.34 9.55 10.31 10.51 12.00 9.10 8.94 7.86 7.33 7.21 7.13 6.65 6.45 6.78 7.50 7.26 7.12 7.05 8.09 8.33 8.59 8.79 9.08 7.93
-9999 -9999 -9999 -9999 -9999 -9999 12.26 11.20 10.62 10.85 10.03 9.76 8.27 8.65 8.68 7.39 8.87 9.24 9.98 10.28 9.57 6.60 5.01 4.41 6.82 6.92 7.55 8.39 6.35 6.25 6.63 6.21 7.31 6.74 7.85 7.50 7.71 7.54 7.03 8.97 8.66 8.87 8.83 8.67 8.56 8.57 9.08 8.99 7.75 7.49 7.82 8.77 7.64 8.08 8.06 8.98 9.70 10.17 11.05 10.32 10.88 11.36 7.46 10.70 8.92 6.93 7.17 10.51 10.48 10.03 7.10 7.11 7.42 7.40 8.14 7.85 9.11 10.08
-9999 -9999 -9999 -9999 -9999 -9999 10.41 10.26 10.13 9.78 8.99 8.71 8.08 7.49 8.54 7.97 8.19 9.07 8.32 8.43 8.14 7.78 4.67 5.24 7.40 6.50 7.94 8.24 6.74 7.18 7.83 6.87 7.24 7.46 7.58 7.63 7.80 8.53 9.58 7.79 8.81 8.78 8.83 8.69 8.69 8.87 9.18 8.32 8.32 7.96 8.29 8.61 9.16 8.51 9.55 9.59 10.09 10.14 9.89 9.40 9.17 9.14 8.20 9.77 9.34 9.82 9.27 9.85 10.47 11.12 7.66 7.85 7.73 7.81 8.15 9.00 10.15 10.37
-9999 -9999 -9999 -9999 -9999 -9999 9.30 9.45 9.58 9.90 10.19 9.12 8.36 7.49 7.92 9.39 8.90 8.44 7.69 8.17 7.90 7.52 6.75 5.13 5.23 4.89 7.57 6.66 5.07 8.39 8.41 7.37 10.12 8.74 9.45 10.24 9.64 9.26 9.90 8.75 8.14 8.76 8.75 8.26 8.55 8.69 9.15 8.33 8.53 9.09 9.49 9.14 9.02 9.10 9.05 9.60 11.41 11.16 10.47 10.03 10.07 10.18 10.08 10.17 10.12 10.10 -9999 -9999 9.62 10.13 9.87 9.42 8.67 11.59 9.47 -9999 -9999 -9999
-9999 -9999 -9999 -9999 -9999 11.49 9.74 9.76 8.99 10.00 10.12 10.97 9.08 9.30 8.76 9.54 8.93 8.20 7.75 7.86 7.66 7.38 7.23 6.76 6.61 6.97 6.92 5.42 8.38 9.42 7.14 6.81 8.06 8.09 9.48 9.59 8.55 8.42 8.30 8.26 9.24 9.08 9.23 8.83 8.80 9.20 9.98 9.62 9.18 9.09 9.05 9.20 -9999 -9999 9.82 10.65 12.43 12.44 12.00 11.47 11.39 -9999 -9999 -9999 -9999 -9999 -9999 -9999 -9999 -9999 -9999 9.95 10.60 12.37 10.80 -9999 -9999 -9999
-9999 -9999 -9999 -9999 12.60 11.06 9.54 10.19 9.00 8.99 8.87 8.98 8.41 11.41 12.00 10.58 9.78 9.60 9.93 8.57 7.72 7.46 7.94 7.77 9.89 10.20 9.40 8.83 10.57 8.00 8.29 8.48 9.52 10.52 8.94 7.76 8.41 7.65 7.96 7.92 8.28 8.36 9.89 10.91 10.87 10.50 10.46 10.70 9.88 -9999 8.63 9.31 9.07 9.50 10.10 -9999 -9999 -9999 -9999 12.60 -9999 -9999 -9999 -9999 -9999 -9999 -9999 -9999 -9999 -9999 -9999 -9999 -9999 -9999 -9999 -9999 -9999 -9999
-9999 -9999 -9999 13.55 12.72 12.31 10.87 9.20 8.85 8.59 7.54 7.49 9.05 14.10 15.42 10.36 9.40 12.27 9.23 10.79 8.03 7.62 10.60 9.16 8.58 8.53 8.72 -9999 -9999 -9999 -9999 -9999 9.40 11.10 10.72 9.00 8.74 8.28 7.79 7.99 8.05 8.81 10.04 -9999 -9999 -9999 -9999 -9999 10.92 11.05 10.05 9.16 9.07 10.87 10.56 -9999 -9999 -9999 -9999 -9999 -9999 -9999 -9999 -9999 -9999 -9999 -9999 -9999 -9999 -9999 -9999 -9999 -9999 -9999 -9999 -9999 -9999 -9999
-9999 -9999 9.02 10.25 12.19 12.32 10.74 10.33 9.64 7.71 8.58 8.84 11.31 13.84 15.12 13.51 12.25 10.25 11.38 9.43 9.39 8.70 10.65 10.20 -9999 -9999 -9999 -9999 -9999 -9999 -9999 -9999 -9999 9.65 10.20 8.98 10.25 11.11 11.50 9.33 11.63 11.50 12.16 -9999 -9999 -9999 -9999 -9999 -9999 -9999 9.89 10.50 9.14 9.99 -9999 -9999 -9999 -9999 -9999 -9999 -9999 -9999 -9999 -9999 -9999 -9999 -9999 -9999 -9999 -9999 -9999 -9999 -9999 -9999 -9999 -9999 -9999 -9999
10.92 10.88 8.94 9.53 11.18 12.73 12.85 10.98 8.91 8.81 9.69 9.78 11.04 13.81 12.00 12.14 11.92 12.93 7.07 9.58 12.71 9.93 -9999 -9999 -9999 -9999 -9999 -9999 -9999 -9999 -9999 -9999 -9999 -9999 -9999 10.55 -9999 -9999 -9999 -9999 10.09 12.77 13.25 -9999 -9999 -9999 -9999 -9999 -9999 -9999 -9999 10.23 12.35 10.76 -9999 -9999 -9999 -9999 -9999 -9999 -9999 -9999 -9999 -9999 -9999 -9999 -9999 -9999 -9999 -9999 -9999 -9999 -9999 -9999 -9999 -9999 -9999 -9999
10.59 9.81 8.04 9.33 11.26 11.81 12.59 11.35 10.33 11.43 8.52 7.56 9.48 12.71 12.65 10.65 9.35 11.10 8.21 7.77 9.10 -9999 -9999 -9999 -9999 -9999 -9999 -9999 -9999 -9999 -9999 -9999 -9999 -9999 -9999 11.56 -9999 -9999 -9999 -9999 -9999 -9999 -9999 -9999 -9999 -9999 -9999 -9999 -9999 -9999 -9999 -9999 -9999 -9999 -9999 -9999 -9999 -9999 -9999 -9999 -9999 -9999 -9999 -9999 -9999 -9999 -9999 -9999 -9999 -9999 -9999 -9999 -9999 -9999 -9999 -9999 -9999 -9999
11.96 10.35 8.16 9.55 10.17 10.24 11.02 10.56 10.50 11.79 8.08 7.65 8.96 11.40 15.74 15.95 8.84 9.03 8.55 9.11 11.41 -9999 -9999 -9999 -9999 -9999 -9999 -9999 -9999 -9999 -9999 -9999 -9999 -9999 -9999 -9999 -9999 -9999 -9999 -9999 -9999 -9999 -9999 -9999 -9999 -9999 -9999 -9999 -9999 -9999 -9999 -9999 -9999 -9999 -9999 -9999 -9999 -9999 -9999 -9999 -9999 -9999 -9999 -9999 -9999 -9999 -9999 -9999 -9999 -9999 -9999 -9999 -9999 -9999 -9999 -9999 -9999 -9999
10.57 11.95 10.61 10.58 10.08 10.86 10.13 9.91 9.98 8.85 9.10 8.39 8.30 11.40 13.72 13.18 10.81 8.20 8.23 11.33 10.06 -9999 -9999 -9999 -9999 -9999 -9999 -9999 -9999 -9999 -9999 -9999 -9999 -9999 -9999 -9999 -9999 -9999 -9999 -9999 -9999 -9999 -9999 -9999 -9999 -9999 -9999 -9999 -9999 -9999 -9999 -9999 -9999 -9999 -9999 -9999 -9999 -9999 -9999 -9999 -9999 -9999 -9999 -9999 -9999 -9999 -9999 -9999 -9999 -9999 -9999 -9999 -9999 -9999 -9999 -9999 -9999 -9999
11.01 13.14 12.10 11.71 9.98 10.64 10.07 12.60 11.82 10.16 9.75 10.52 8.93 9.65 10.70 10.36 9.32 8.88 9.54 10.34 10.38 -9999 -9999 -9999 -9999 -9999 -9999 -9999 -9999 -9999 -9999 -9999 -9999 -9999 -9999 -9999 -9999 -9999 -9999 -9999 -9999 -9999 -9999 -9999 -9999 -9999 -9999 -9999 -9999 -9999 -9999 -9999 -9999 -9999 -9999 -9999 -9999 -9999 -9999 -9999 -9999 -9999 -9999 -9999 -9999 -9999 -9999 -9999 -9999 -9999 -9999 -9999 -9999 -9999 -9999 -9999 -9999 -9999
10.41 11.02 11.16 10.21 11.31 13.16 12.77 11.16 11.43 11.54 11.56 10.44 11.12 10.26 9.12 9.14 10.12 10.96 11.16 10.28 11.09 -9999 -9999 -9999 -9999 -9999 -9999 -9999 -9999 -9999 -9999 -9999 -9999 -9999 -9999 -9999 -9999 -9999 -9999 -9999 -9999 -9999 -9999 -9999 -9999 -9999 -9999 -9999 -9999 -9999 -9999 -9999 -9999 -9999 -9999 -9999 -9999 -9999 -9999 -9999 -9999 -9999 -9999 -9999 -9999 -9999 -9999 -9999 -9999 -9999 -9999 -9999 -9999 -9999 -9999 -9999 -9999 -9999
10.51 11.67 11.91 -9999 -9999 -9999 -9999 -9999 -9999 -9999 -9999 -9999 11.87 12.62 11.10 10.13 9.41 10.51 11.07 10.51 -9999 -9999 -9999 -9999 -9999 -9999 -9999 -9999 -9999 -9999 -9999 -9999 -9999 -9999 -9999 -9999 -9999 -9999 -9999 -9999 -9999 -9999 -9999 -9999 -9999 -9999 -9999 -9999 -9999 -9999 -9999 -9999 -9999 -9999 -9999 -9999 -9999 -9999 -9999 -9999 -9999 -9999 -9999 -9999 -9999 -9999 -9999 -9999 -9999 -9999 -9999 -9999 -9999 -9999 -9999 -9999 -9999 -9999
12.78 12.45 12.90 -9999 -9999 -9999 -9999 -9999 -9999 -9999 -9999 -9999 -9999 -9999 -9999 10.72 10.01 10.15 10.43 -9999 -9999 -9999 -9999 -9999 -9999 -9999 -9999 -9999 -9999 -9999 -9999 -9999 -9999 -9999 -9999 -9999 -9999 -9999 -9999 -9999 -9999 -9999 -9999 -9999 -9999 -9999 -9999 -9999 -9999 -9999 -9999 -9999 -9999 -9999 -9999 -9999 -9999 -9999 -9999 -9999 -9999 -9999 -9999 -9999 -9999 -9999 -9999 -9999 -9999 -9999 -9999 -9999 -9999 -9999 -9999 -9999 -9999 -9999
13.24 -9999 -9999 -9999 -9999 -9999 -9999 -9999 -9999 -9999 -9999 -9999 -9999 -9999 -9999 11.78 13.14 13.68 12.77 -9999 -9999 -9999 -9999 -9999 -9999 -9999 -9999 -9999 -9999 -9999 -9999 -9999 -9999 -9999 -9999 -9999 -9999 -9999 -9999 -9999 -9999 -9999 -9999 -9999 -9999 -9999 -9999 -9999 -9999 -9999 -9999 -9999 -9999 -9999 -9999 -9999 -9999 -9999 -9999 -9999 -9999 -9999 -9999 -9999 -9999 -9999 -9999 -9999 -9999 -9999 -9999 -9999 -9999 -9999 -9999 -9999 -9999 -9999
-9999 -9999 -9999 -9999 -9999 -9999 -9999 -9999 -9999 -9999 -9999 -9999 -9999 -9999 -9999 -9999 -9999 -9999 -9999 -9999 -9999 -9999 -9999 -9999 -9999 -9999 -9999 -9999 -9999 -9999 -9999 -9999 -9999 -9999 -9999 -9999 -9999 -9999 -9999 -9999 -9999 -9999 -9999 -9999 -9999 -9999 -9999 -9999 -9999 -9999 -9999 -9999 -9999 -9999 -9999 -9999 -9999 -9999 -9999 -9999 -9999 -9999 -9999 -9999 -9999 -9999 -9999 -9999 -9999 -9999 -9999 -9999 -9999 -9999 -9999 -9999 -9999 -9999
-9999 -9999 -9999 -9999 -9999 -9999 -9999 -9999 -9999 -9999 -9999 -9999 -9999 -9999 -9999 -9999 -9999 -9999 -9999 -9999 -9999 -9999 -9999 -9999 -9999 -9999 -9999 -9999 -9999 -9999 -9999 -9999 -9999 -9999 -9999 -9999 -9999 -9999 -9999 -9999 -9999 -9999 -9999 -9999 -9999 -9999 -9999 -9999 -9999 -9999 -9999 -9999 -9999 -9999 -9999 -9999 -9999 -9999 -9999 -9999 -9999 -9999 -9999 -9999 -9999 -9999 -9999 -9999 -9999 -9999 -9999 -9999 -9999 -9999 -9999 -9999 -9999 -9999
