ML/MeanWindSpeed_1992-11_Actual.txt
ncols         180
nrows         290
xllcorner     -200000
yllcorner     -200000
cellsize      5000
NODATA_value  -9999
[rows 136 to 169 of 290, columns 77 to 153 of 180]
-9999 -9999 17.48 15.02 12.04 14.98 13.02 14.70 12.52 11.09 9.52 9.41 11.25 17.30 13.83 12.70 10.24 9.95 10.16 9.56 10.31 11.51 9.48 10.73 9.69 10.23 10.04 10.22 10.27 10.17 9.76 9.88 10.79 10.16 9.64 11.35 12.06 12.54 13.19 12.84 9.00 10.07 13.25 12.15 10.52 10.79 10.37 10.73 10.00 11.34 13.10 -9999 -9999 -9999 -9999 -9999 -9999 -9999 -9999 -9999 -9999 -9999 -9999 -9999 -9999 -9999 -9999 -9999 -9999 -9999 -9999 -9999 -9999 -9999 -9999 -9999 -9999
-9999 -9999 17.32 14.94 10.81 14.07 11.57 12.71 11.77 11.06 10.63 8.88 13.21 13.27 12.35 14.63 11.02 9.98 9.82 8.17 10.97 16.06 11.83 -9999 -9999 -9999 10.65 10.42 -9999 9.97 10.10 10.24 9.53 8.99 10.82 12.98 11.45 11.65 13.15 12.11 13.43 12.73 9.93 8.71 9.10 9.77 10.56 8.07 8.87 9.68 12.15 -9999 -9999 -9999 -9999 -9999 -9999 -9999 -9999 -9999 -9999 -9999 -9999 -9999 -9999 -9999 -9999 -9999 -9999 -9999 -9999 -9999 -9999 -9999 -9999 -9999 -9999
-9999 -9999 15.68 17.38 12.56 12.19 12.78 13.61 12.84 11.68 10.71 9.84 10.84 17.51 13.44 14.00 10.57 10.28 12.41 9.15 10.81 12.37 13.06 -9999 -9999 -9999 10.98 10.07 10.30 10.52 9.96 9.55 8.34 10.06 13.87 14.89 12.16 15.85 12.27 11.92 14.98 11.55 12.18 12.20 11.96 9.23 10.50 11.92 9.82 8.95 11.22 -9999 -9999 -9999 -9999 -9999 -9999 -9999 -9999 -9999 -9999 -9999 -9999 -9999 -9999 -9999 -9999 -9999 -9999 -9999 -9999 -9999 -9999 -9999 -9999 -9999 -9999
-9999 -9999 -9999 16.56 16.13 13.61 -9999 15.00 14.61 12.82 11.71 10.98 -9999 13.78 11.98 12.77 10.08 11.79 13.01 11.90 12.66 -9999 -9999 -9999 -9999 12.38 10.21 9.52 9.85 10.80 10.87 9.69 8.92 9.09 14.12 19.53 11.48 17.21 12.98 15.06 16.29 13.04 14.69 12.46 10.38 12.13 12.18 10.37 7.68 8.75 11.80 12.28 -9999 -9999 -9999 -9999 -9999 -9999 -9999 -9999 -9999 -9999 -9999 -9999 -9999 -9999 -9999 -9999 -9999 -9999 -9999 -9999 -9999 -9999 -9999 -9999 -9999
-9999 -9999 -9999 -9999 16.97 -9999 -9999 -9999 14.79 14.63 12.63 12.59 13.92 -9999 -9999 14.31 11.90 15.00 16.56 -9999 -9999 -9999 -9999 -9999 13.74 12.05 9.04 9.55 9.88 11.03 10.62 11.36 11.18 8.29 11.12 15.74 18.46 14.82 17.11 18.05 18.22 14.82 15.42 15.64 13.91 11.10 10.97 11.18 7.74 8.82 11.72 13.34 -9999 -9999 -9999 -9999 -9999 -9999 -9999 -9999 -9999 -9999 -9999 -9999 -9999 -9999 -9999 -9999 -9999 -9999 -9999 -9999 -9999 -9999 -9999 -9999 -9999
-9999 -9999 -9999 -9999 16.99 16.81 -9999 -9999 -9999 14.80 15.13 14.55 15.15 -9999 -9999 -9999 -9999 15.25 -9999 -9999 -9999 -9999 -9999 -9999 12.12 10.64 9.43 10.62 12.65 12.96 11.54 11.52 10.34 8.98 9.22 13.85 17.01 13.13 19.72 18.69 19.91 15.77 15.85 17.58 14.04 11.76 10.87 8.91 7.40 8.88 11.25 12.43 -9999 -9999 -9999 -9999 -9999 -9999 -9999 -9999 -9999 -9999 -9999 -9999 -9999 -9999 -9999 -9999 -9999 -9999 -9999 -9999 -9999 -9999 -9999 -9999 -9999
-9999 -9999 -9999 -9999 -9999 18.49 -9999 -9999 -9999 -9999 15.28 16.42 16.11 -9999 -9999 -9999 -9999 -9999 -9999 -9999 -9999 -9999 -9999 13.71 11.81 11.49 11.60 11.95 14.20 14.03 12.80 12.47 11.16 10.50 8.65 10.67 19.24 20.45 19.98 19.07 15.38 13.91 14.41 12.39 9.82 12.49 12.53 8.68 7.99 9.45 10.66 11.25 11.86 -9999 -9999 -9999 -9999 -9999 -9999 -9999 -9999 -9999 -9999 -9999 -9999 -9999 -9999 -9999 -9999 -9999 -9999 -9999 -9999 -9999 -9999 -9999 -9999
-9999 -9999 -9999 -9999 -9999 20.02 -9999 -9999 -9999 -9999 -9999 -9999 -9999 -9999 -9999 -9999 -9999 -9999 -9999 -9999 -9999 -9999 -9999 13.99 11.36 9.77 9.18 8.27 17.59 14.98 13.41 15.23 11.53 12.55 7.20 7.86 15.86 21.84 18.08 15.74 20.58 22.40 20.02 16.72 14.68 9.47 10.21 9.82 10.82 9.74 9.35 10.16 11.01 11.83 -9999 -9999 -9999 -9999 -9999 -9999 -9999 -9999 -9999 -9999 -9999 -9999 -9999 -9999 -9999 -9999 -9999 -9999 -9999 -9999 -9999 -9999 -9999
-9999 -9999 -9999 -9999 -9999 -9999 -9999 -9999 -9999 -9999 -9999 -9999 -9999 -9999 -9999 -9999 -9999 -9999 -9999 -9999 -9999 -9999 14.73 13.06 10.73 9.28 13.52 7.74 23.79 23.10 13.00 13.51 11.91 10.32 10.40 7.17 9.37 21.11 20.59 18.01 16.06 14.70 17.44 16.48 14.74 12.02 10.45 9.97 9.37 8.92 9.24 8.29 8.41 9.96 -9999 -9999 -9999 -9999 -9999 -9999 -9999 -9999 -9999 -9999 -9999 -9999 -9999 -9999 -9999 -9999 -9999 -9999 -9999 -9999 -9999 -9999 -9999
-9999 -9999 -9999 -9999 -9999 -9999 -9999 -9999 -9999 -9999 -9999 -9999 -9999 -9999 -9999 -9999 -9999 -9999 -9999 -9999 -9999 -9999 13.42 13.74 9.98 12.72 22.47 13.03 9.09 16.62 17.46 13.87 12.93 11.23 10.20 8.63 8.80 11.19 22.11 19.05 17.88 15.08 14.72 14.49 11.87 11.25 11.01 11.74 9.45 10.01 8.34 7.74 7.16 7.98 9.61 11.23 12.10 -9999 -9999 -9999 -9999 -9999 -9999 -9999 -9999 -9999 -9999 -9999 -9999 -9999 -9999 -9999 -9999 -9999 -9999 -9999 -9999
-9999 -9999 -9999 -9999 -9999 -9999 -9999 -9999 -9999 -9999 -9999 -9999 -9999 -9999 -9999 -9999 -9999 -9999 -9999 -9999 -9999 -9999 13.22 12.28 11.57 16.37 11.54 11.68 13.45 18.28 13.76 11.85 16.28 9.27 11.74 9.84 9.69 9.33 13.56 17.07 17.08 16.02 15.14 12.33 12.13 11.03 10.05 9.47 9.48 8.90 8.62 7.22 6.64 6.90 11.30 10.13 12.23 14.07 14.45 -9999 -9999 -9999 -9999 -9999 -9999 -9999 -9999 -9999 -9999 -9999 -9999 -9999 -9999 -9999 -9999 -9999 -9999
-9999 -9999 -9999 -9999 -9999 -9999 -9999 -9999 -9999 -9999 -9999 -9999 -9999 -9999 -9999 -9999 -9999 -9999 -9999 -9999 -9999 -9999 13.24 12.00 12.87 19.98 21.91 16.68 11.74 12.65 13.41 16.64 10.36 14.77 12.14 10.97 11.83 11.20 9.31 10.88 16.73 16.25 14.96 13.69 12.35 11.43 11.00 10.47 9.47 9.42 8.70 7.54 7.83 7.90 9.30 13.26 13.02 13.73 15.67 15.97 14.21 -9999 -9999 -9999 -9999 -9999 -9999 -9999 -9999 -9999 -9999 -9999 -9999 -9999 -9999 -9999 -9999
-9999 -9999 -9999 -9999 -9999 -9999 -9999 -9999 -9999 -9999 -9999 -9999 -9999 -9999 -9999 -9999 -9999 -9999 -9999 -9999 -9999 -9999 13.98 11.56 13.93 16.16 10.91 26.62 22.00 11.92 14.26 10.98 15.87 16.62 11.79 10.14 11.48 11.96 9.49 19.55 17.85 17.48 18.29 18.50 16.99 12.31 13.43 11.30 10.46 10.14 9.64 9.19 8.82 7.95 8.92 12.47 11.34 11.18 12.31 14.33 12.75 16.76 -9999 -9999 -9999 -9999 -9999 -9999 -9999 -9999 -9999 -9999 -9999 -9999 -9999 -9999 -9999
-9999 -9999 -9999 -9999 -9999 -9999 -9999 -9999 -9999 -9999 15.83 16.42 17.03 -9999 -9999 -9999 -9999 -9999 -9999 -9999 -9999 -9999 -9999 13.36 11.44 10.35 13.52 15.77 19.70 11.14 7.26 13.60 12.52 11.25 9.88 12.36 12.75 11.19 12.40 16.03 16.51 21.43 19.86 16.79 15.65 16.17 13.86 11.92 11.13 10.56 10.40 9.44 8.92 14.36 12.73 16.90 17.48 16.00 14.58 11.23 15.20 16.05 15.02 -9999 -9999 -9999 -9999 -9999 -9999 -9999 -9999 -9999 -9999 -9999 -9999 -9999 -9999
-9999 -9999 -9999 -9999 -9999 -9999 -9999 -9999 -9999 -9999 13.95 14.02 -9999 -9999 -9999 -9999 -9999 -9999 -9999 -9999 -9999 -9999 -9999 -9999 11.69 8.79 14.02 14.27 24.13 12.98 12.85 11.46 8.33 7.28 8.08 8.02 18.93 11.14 12.89 19.64 16.32 12.77 11.96 17.82 12.72 16.28 13.53 11.85 11.00 10.73 9.96 10.34 13.43 14.73 13.30 12.63 11.79 13.29 14.67 14.09 14.75 14.54 17.51 -9999 -9999 -9999 -9999 -9999 -9999 -9999 -9999 -9999 -9999 -9999 -9999 -9999 -9999
-9999 -9999 -9999 -9999 -9999 -9999 -9999 -9999 -9999 13.09 16.17 15.50 15.07 -9999 -9999 -9999 -9999 -9999 -9999 -9999 -9999 -9999 -9999 -9999 12.36 14.20 14.81 15.51 12.51 13.74 10.86 9.86 8.19 7.39 9.99 8.35 7.45 19.24 13.77 12.99 18.06 15.62 19.44 15.55 16.08 13.91 13.03 12.15 11.83 10.69 9.77 10.99 12.76 11.84 12.86 13.77 12.93 13.53 13.19 13.60 14.13 12.22 16.28 15.40 -9999 -9999 -9999 -9999 -9999 -9999 -9999 -9999 -9999 -9999 -9999 -9999 -9999
-9999 -9999 -9999 -9999 -9999 -9999 -9999 -9999 12.24 16.46 17.87 22.40 14.96 -9999 -9999 -9999 -9999 -9999 -9999 -9999 -9999 -9999 -9999 -9999 14.13 19.12 14.92 9.75 11.80 10.41 11.02 8.44 7.21 8.44 10.01 7.03 15.88 12.70 17.00 13.42 19.99 12.91 15.00 12.61 15.38 13.16 13.28 13.08 11.29 10.91 9.46 9.15 13.29 14.11 13.63 11.90 11.90 11.41 11.45 11.91 14.15 14.25 13.86 15.45 -9999 -9999 -9999 -9999 -9999 -9999 -9999 -9999 -9999 -9999 -9999 -9999 -9999
-9999 -9999 -9999 -9999 -9999 -9999 -9999 14.79 12.98 20.77 16.57 16.40 -9999 -9999 -9999 -9999 -9999 -9999 -9999 -9999 -9999 -9999 -9999 -9999 -9999 13.97 10.82 9.71 12.61 9.06 11.75 9.16 8.16 7.80 8.76 6.82 15.30 15.74 17.62 17.15 18.86 18.68 18.79 17.29 16.18 16.07 15.10 12.03 11.20 10.43 8.99 8.66 9.81 15.91 14.35 10.91 10.07 10.13 9.70 9.93 10.28 10.78 10.57 12.16 14.71 16.32 -9999 -9999 -9999 -9999 -9999 -9999 -9999 -9999 -9999 -9999 -9999
-9999 -9999 -9999 -9999 -9999 -9999 -9999 17.78 19.03 13.81 14.44 15.43 -9999 -9999 -9999 -9999 -9999 -9999 -9999 -9999 -9999 -9999 -9999 -9999 -9999 -9999 11.76 11.81 10.73 9.44 11.18 10.25 10.03 9.13 9.92 7.21 15.47 14.48 13.44 17.18 16.19 15.02 20.59 20.59 15.80 17.54 15.42 14.16 11.01 9.80 9.24 8.82 9.16 10.55 11.14 10.23 10.15 9.99 9.96 9.74 9.91 10.06 10.32 14.23 14.95 15.05 -9999 -9999 -9999 -9999 -9999 -9999 -9999 -9999 -9999 -9999 -9999
-9999 -9999 -9999 -9999 -9999 -9999 -9999 18.87 16.60 17.32 16.22 -9999 -9999 -9999 -9999 -9999 -9999 -9999 -9999 -9999 -9999 -9999 -9999 -9999 -9999 -9999 13.15 12.59 11.63 -9999 11.80 -9999 10.80 9.45 8.78 7.61 8.31 15.32 14.02 15.00 20.02 11.00 12.42 19.94 17.49 16.39 15.45 13.26 11.00 10.06 9.76 9.20 9.19 9.58 10.78 12.13 10.63 11.37 10.20 9.55 11.04 12.66 12.13 11.38 11.56 14.26 17.29 18.65 -9999 -9999 -9999 -9999 -9999 -9999 -9999 -9999 -9999
-9999 -9999 -9999 -9999 -9999 -9999 18.98 17.38 16.73 -9999 -9999 -9999 -9999 -9999 -9999 -9999 -9999 -9999 -9999 -9999 -9999 -9999 -9999 -9999 -9999 -9999 14.75 13.12 11.80 -9999 -9999 -9999 10.72 11.51 7.83 9.32 11.18 9.56 9.35 11.85 17.64 17.43 10.96 16.80 18.95 15.19 16.21 14.16 12.16 9.49 9.54 9.22 9.22 9.42 9.86 10.39 10.36 10.86 9.46 10.69 12.36 13.42 13.77 13.53 12.40 12.66 14.81 17.15 -9999 -9999 -9999 -9999 -9999 -9999 -9999 -9999 -9999
-9999 -9999 -9999 -9999 -9999 -9999 -9999 -9999 -9999 -9999 -9999 -9999 -9999 -9999 -9999 -9999 -9999 -9999 -9999 -9999 -9999 -9999 -9999 -9999 -9999 -9999 -9999 -9999 -9999 -9999 -9999 11.96 9.45 9.17 11.83 13.28 13.99 13.85 11.72 12.31 16.22 15.80 13.33 10.97 15.31 17.05 14.63 13.09 11.63 10.32 9.83 10.00 9.38 9.26 9.46 9.54 9.49 8.94 10.45 14.50 12.76 13.65 12.55 12.60 11.45 12.76 14.64 -9999 -9999 -9999 -9999 -9999 -9999 -9999 -9999 -9999 -9999
-9999 -9999 -9999 -9999 -9999 -9999 -9999 -9999 -9999 -9999 -9999 -9999 -9999 -9999 -9999 -9999 -9999 -9999 -9999 -9999 -9999 -9999 -9999 -9999 -9999 -9999 -9999 -9999 -9999 -9999 -9999 11.09 9.01 10.86 14.87 18.30 16.33 12.26 13.68 10.46 11.46 10.78 13.01 13.89 15.08 15.35 14.49 12.66 11.71 10.98 9.91 10.07 9.30 9.27 9.38 9.54 9.45 8.87 9.93 15.46 14.75 12.54 11.97 11.63 11.33 12.70 14.98 -9999 -9999 -9999 -9999 -9999 -9999 -9999 -9999 -9999 -9999
-9999 -9999 -9999 -9999 -9999 -9999 -9999 -9999 -9999 -9999 -9999 -9999 -9999 -9999 -9999 -9999 -9999 -9999 -9999 -9999 -9999 -9999 -9999 -9999 -9999 -9999 -9999 -9999 -9999 -9999 -9999 9.89 8.07 8.84 13.06 14.82 14.09 12.66 12.32 11.47 12.23 10.85 10.87 11.71 9.81 15.21 12.97 14.02 12.12 11.55 9.87 9.43 9.41 9.28 9.37 9.39 9.46 9.32 9.45 12.55 14.01 12.99 12.04 11.85 11.46 12.47 14.35 -9999 -9999 -9999 -9999 -9999 -9999 -9999 -9999 -9999 -9999
-9999 -9999 -9999 -9999 -9999 -9999 -9999 -9999 -9999 -9999 -9999 -9999 -9999 -9999 -9999 -9999 -9999 -9999 -9999 -9999 -9999 -9999 -9999 -9999 -9999 -9999 -9999 -9999 -9999 13.66 11.27 8.85 7.76 11.38 14.04 17.91 13.50 15.45 9.49 11.10 11.05 12.91 13.90 13.24 15.35 10.70 10.84 10.73 10.47 9.79 10.76 9.45 9.22 9.53 9.19 9.27 9.55 9.48 9.74 10.58 13.28 12.93 12.06 11.72 11.57 11.86 13.23 15.27 -9999 -9999 -9999 -9999 -9999 -9999 -9999 -9999 -9999
-9999 -9999 -9999 -9999 -9999 -9999 -9999 -9999 -9999 -9999 -9999 -9999 -9999 -9999 -9999 -9999 -9999 -9999 -9999 -9999 -9999 -9999 -9999 -9999 -9999 -9999 -9999 -9999 -9999 12.53 9.96 8.58 7.98 8.88 13.04 10.38 10.39 8.41 10.57 14.73 11.93 14.28 13.56 15.07 10.42 15.06 11.96 13.25 12.41 12.18 10.48 9.85 9.29 9.02 9.02 9.23 9.40 9.63 9.75 10.12 11.32 13.24 12.55 11.72 11.66 11.34 11.99 14.20 -9999 -9999 -9999 -9999 -9999 -9999 -9999 -9999 -9999
-9999 -9999 -9999 -9999 -9999 -9999 -9999 -9999 -9999 -9999 -9999 -9999 -9999 -9999 -9999 -9999 -9999 -9999 -9999 -9999 -9999 -9999 -9999 -9999 -9999 -9999 -9999 -9999 -9999 12.47 9.72 8.83 8.42 9.02 10.13 10.74 9.77 8.81 10.96 11.84 11.26 13.58 16.41 13.16 12.34 10.37 12.42 10.06 10.67 11.24 11.38 10.10 9.64 8.99 8.97 9.22 9.43 9.67 9.89 10.10 10.83 12.64 13.66 12.19 11.49 11.15 11.06 12.61 14.83 -9999 -9999 -9999 -9999 -9999 -9999 -9999 -9999
-9999 -9999 -9999 -9999 -9999 -9999 -9999 -9999 -9999 -9999 -9999 -9999 -9999 -9999 -9999 -9999 -9999 -9999 -9999 -9999 -9999 -9999 -9999 -9999 -9999 -9999 -9999 -9999 -9999 12.07 9.88 9.25 9.24 9.13 9.29 9.39 10.54 12.11 9.40 9.78 11.34 16.96 16.83 17.74 15.46 12.57 11.87 12.31 10.34 9.37 10.56 10.97 9.60 9.01 9.06 9.06 9.42 9.82 10.23 10.40 10.84 13.10 14.69 13.19 12.39 11.91 11.10 11.36 13.34 15.47 -9999 -9999 -9999 -9999 -9999 -9999 -9999
-9999 -9999 -9999 -9999 -9999 -9999 -9999 -9999 -9999 -9999 -9999 -9999 -9999 -9999 -9999 -9999 -9999 -9999 -9999 -9999 -9999 -9999 -9999 -9999 -9999 -9999 -9999 -9999 -9999 12.06 9.65 9.08 8.88 8.67 8.39 9.73 9.66 11.09 11.89 14.40 16.25 17.42 14.30 16.35 14.00 13.37 11.25 12.75 11.67 10.40 9.46 9.17 9.34 9.02 9.11 9.33 9.72 10.06 10.55 10.99 11.43 12.26 13.70 13.42 12.68 12.44 12.12 11.65 11.85 14.07 -9999 -9999 -9999 -9999 -9999 -9999 -9999
-9999 -9999 -9999 -9999 -9999 -9999 -9999 -9999 -9999 -9999 -9999 -9999 -9999 -9999 -9999 -9999 -9999 -9999 -9999 -9999 -9999 -9999 -9999 -9999 -9999 -9999 -9999 -9999 -9999 -9999 9.71 9.21 8.79 8.23 9.00 11.78 12.17 13.10 11.76 11.55 14.36 14.28 16.40 15.35 12.51 10.19 10.79 10.54 11.81 10.44 9.89 10.45 9.95 9.13 9.42 9.51 9.90 10.09 10.51 11.05 11.63 12.20 12.17 12.53 12.76 12.90 -9999 12.55 12.99 14.27 16.61 -9999 -9999 -9999 -9999 -9999 -9999
-9999 -9999 -9999 -9999 -9999 -9999 -9999 -9999 -9999 -9999 -9999 -9999 -9999 -9999 -9999 -9999 -9999 -9999 -9999 -9999 -9999 -9999 -9999 -9999 -9999 -9999 -9999 -9999 -9999 11.71 9.61 9.11 8.34 7.90 8.33 13.56 14.56 12.22 15.72 15.18 13.06 12.94 18.19 16.02 16.43 12.77 10.32 12.55 10.53 9.56 10.21 10.22 9.64 9.77 9.44 9.60 9.82 10.18 10.25 10.52 12.59 12.02 11.33 12.98 12.15 12.48 12.53 -9999 14.03 15.18 17.07 18.54 -9999 -9999 -9999 -9999 -9999
-9999 -9999 -9999 -9999 -9999 -9999 -9999 -9999 -9999 -9999 -9999 -9999 -9999 -9999 -9999 -9999 -9999 -9999 -9999 -9999 -9999 -9999 -9999 -9999 -9999 -9999 -9999 -9999 -9999 11.28 9.23 8.86 8.33 10.30 9.25 10.87 14.79 11.13 11.72 12.29 10.20 10.39 15.37 15.07 15.18 11.31 13.45 14.24 11.16 12.11 10.76 11.13 10.64 10.07 9.53 9.58 9.72 9.85 9.83 9.89 10.30 11.08 10.08 10.48 11.43 11.07 12.27 12.96 -9999 -9999 -9999 -9999 -9999 -9999 -9999 -9999 -9999
-9999 -9999 -9999 -9999 -9999 -9999 -9999 -9999 -9999 -9999 -9999 -9999 -9999 -9999 -9999 -9999 -9999 -9999 -9999 -9999 -9999 -9999 -9999 -9999 -9999 -9999 -9999 -9999 13.58 10.43 8.91 9.86 9.43 9.74 9.43 10.92 11.39 10.79 10.57 10.18 10.04 10.66 14.32 17.68 18.21 13.20 16.12 15.14 11.79 11.80 10.31 10.73 10.84 10.06 9.44 9.76 9.76 9.73 9.92 9.78 10.11 10.42 10.28 10.12 11.94 11.45 11.47 11.97 13.62 15.37 -9999 -9999 -9999 -9999 -9999 -9999 -9999
-9999 -9999 -9999 -9999 -9999 -9999 -9999 -9999 -9999 -9999 -9999 -9999 -9999 -9999 -9999 -9999 -9999 -9999 -9999 -9999 -9999 -9999 -9999 -9999 -9999 -9999 -9999 -9999 -9999 10.66 9.07 9.05 9.65 12.01 9.58 9.52 9.67 10.27 10.69 10.13 9.89 9.92 10.61 15.71 17.88 19.20 15.81 16.10 14.30 12.53 12.52 9.70 9.69 10.72 9.54 9.56 9.50 9.56 9.90 9.81 10.00 10.53 10.19 9.73 10.00 13.00 11.74 11.31 11.89 13.12 14.82 16.78 -9999 -9999 -9999 -9999 -9999
