ML/MeanWindSpeed_1996-08_Actual.txt
ncols         180
nrows         290
xllcorner     -200000
yllcorner     -200000
cellsize      5000
NODATA_value  -9999
[rows 140 to 174 of 290, columns 79 to 157 of 180]
-9999 -9999 9.84 -9999 -9999 -9999 8.45 8.65 7.52 7.40 7.98 -9999 -9999 8.26 6.84 8.86 9.72 -9999 -9999 -9999 -9999 -9999 7.39 6.39 4.46 4.51 4.19 4.78 4.73 5.43 5.80 4.25 6.05 8.48 9.79 7.20 8.76 9.40 9.59 7.34 7.68 7.61 6.18 3.90 3.52 3.80 1.67 2.31 4.35 6.00 -9999 -9999 -9999 -9999 -9999 -9999 -9999 -9999 -9999 -9999 -9999 -9999 -9999 -9999 -9999 -9999 -9999 -9999 -9999 -9999 -9999 -9999 -9999 -9999 -9999 -9999 -9999 -9999 -9999
-9999 -9999 9.70 9.59 -9999 -9999 -9999 8.47 9.02 8.67 8.85 -9999 -9999 -9999 -9999 8.54 -9999 -9999 -9999 -9999 -9999 -9999 6.52 5.75 5.00 5.43 5.93 5.92 5.38 5.62 5.26 4.83 5.02 7.72 9.27 5.99 10.46 9.94 10.74 7.76 7.63 8.75 6.22 4.38 3.50 2.23 1.37 2.35 4.19 5.96 -9999 -9999 -9999 -9999 -9999 -9999 -9999 -9999 -9999 -9999 -9999 -9999 -9999 -9999 -9999 -9999 -9999 -9999 -9999 -9999 -9999 -9999 -9999 -9999 -9999 -9999 -9999 -9999 -9999
-9999 -9999 -9999 10.74 -9999 -9999 -9999 -9999 8.76 9.60 9.31 -9999 -9999 -9999 -9999 -9999 -9999 -9999 -9999 -9999 -9999 7.52 6.51 6.43 6.37 6.38 7.36 7.06 6.41 6.39 5.88 5.93 5.04 6.11 11.48 11.35 10.50 10.03 7.68 6.71 6.81 5.16 3.29 4.83 4.70 2.08 1.81 2.93 4.38 6.23 7.51 -9999 -9999 -9999 -9999 -9999 -9999 -9999 -9999 -9999 -9999 -9999 -9999 -9999 -9999 -9999 -9999 -9999 -9999 -9999 -9999 -9999 -9999 -9999 -9999 -9999 -9999 -9999 -9999
-9999 -9999 -9999 11.68 -9999 -9999 -9999 -9999 -9999 -9999 -9999 -9999 -9999 -9999 -9999 -9999 -9999 -9999 -9999 -9999 -9999 7.74 6.10 5.03 4.44 3.94 10.04 7.66 6.57 8.26 5.98 7.10 4.08 4.50 9.47 12.81 9.42 7.84 11.47 12.84 11.09 8.42 6.77 3.08 3.45 3.14 4.01 3.62 4.44 6.53 7.61 7.91 -9999 -9999 -9999 -9999 -9999 -9999 -9999 -9999 -9999 -9999 -9999 -9999 -9999 -9999 -9999 -9999 -9999 -9999 -9999 -9999 -9999 -9999 -9999 -9999 -9999 -9999 -9999
-9999 -9999 -9999 -9999 -9999 -9999 -9999 -9999 -9999 -9999 -9999 -9999 -9999 -9999 -9999 -9999 -9999 -9999 -9999 -9999 8.25 7.27 5.73 4.39 6.97 3.08 13.64 12.43 5.84 6.76 5.90 5.39 5.91 3.96 5.14 12.83 12.12 10.07 8.70 7.78 9.58 8.79 7.42 5.38 4.17 3.87 3.69 3.84 5.15 5.68 6.09 6.87 -9999 -9999 -9999 -9999 -9999 -9999 -9999 -9999 -9999 -9999 -9999 -9999 -9999 -9999 -9999 -9999 -9999 -9999 -9999 -9999 -9999 -9999 -9999 -9999 -9999 -9999 -9999
-9999 -9999 -9999 -9999 -9999 -9999 -9999 -9999 -9999 -9999 -9999 -9999 -9999 -9999 -9999 -9999 -9999 -9999 -9999 -9999 7.71 8.03 5.32 6.34 12.54 6.24 3.19 7.86 8.81 6.76 6.31 5.70 5.46 4.90 5.34 7.07 14.24 11.43 9.98 7.81 7.44 7.33 5.69 5.31 5.11 5.70 4.42 5.30 4.98 5.34 5.30 5.74 6.36 6.86 7.05 -9999 -9999 -9999 -9999 -9999 -9999 -9999 -9999 -9999 -9999 -9999 -9999 -9999 -9999 -9999 -9999 -9999 -9999 -9999 -9999 -9999 -9999 -9999 -9999
-9999 -9999 -9999 -9999 -9999 -9999 -9999 -9999 -9999 -9999 -9999 -9999 -9999 -9999 -9999 -9999 -9999 -9999 -9999 -9999 7.80 7.37 6.69 9.21 5.22 5.24 6.33 9.91 7.11 5.68 8.82 4.24 6.34 5.55 6.04 5.62 8.13 9.86 9.38 8.42 7.61 5.56 5.61 5.11 4.72 4.54 4.88 4.91 5.25 4.88 4.89 5.12 7.74 6.40 7.42 8.26 8.23 -9999 -9999 -9999 -9999 -9999 -9999 -9999 -9999 -9999 -9999 -9999 -9999 -9999 -9999 -9999 -9999 -9999 -9999 -9999 -9999 -9999 -9999
-9999 -9999 -9999 -9999 -9999 -9999 -9999 -9999 -9999 -9999 -9999 -9999 -9999 -9999 -9999 -9999 -9999 -9999 -9999 -9999 7.85 7.41 7.91 12.20 12.80 8.92 5.80 6.80 7.65 9.82 5.41 8.37 6.71 6.00 6.92 6.64 4.88 5.34 9.24 8.74 7.79 6.87 6.01 5.59 5.59 5.52 5.12 5.35 5.21 4.79 5.22 5.29 5.95 8.26 7.91 8.13 9.30 9.34 7.80 -9999 -9999 -9999 -9999 -9999 -9999 -9999 -9999 -9999 -9999 -9999 -9999 -9999 -9999 -9999 -9999 -9999 -9999 -9999 -9999
-9999 -9999 -9999 -9999 -9999 -9999 -9999 -9999 -9999 -9999 -9999 -9999 -9999 -9999 -9999 -9999 -9999 -9999 -9999 -9999 8.06 6.77 8.43 9.53 5.38 15.56 12.62 6.12 8.20 6.27 9.40 10.02 6.67 5.34 6.48 7.12 5.12 11.48 10.13 9.79 10.23 10.41 9.48 6.48 7.42 6.30 5.94 5.85 5.66 5.50 5.22 4.62 5.14 7.32 6.48 6.28 7.14 8.50 7.14 9.61 -9999 -9999 -9999 -9999 -9999 -9999 -9999 -9999 -9999 -9999 -9999 -9999 -9999 -9999 -9999 -9999 -9999 -9999 -9999
-9999 -9999 -9999 -9999 -9999 -9999 -9999 -9999 8.76 9.05 9.68 -9999 -9999 -9999 -9999 -9999 -9999 -9999 -9999 -9999 -9999 7.23 6.02 4.85 6.70 8.29 10.97 5.47 3.22 7.78 7.09 6.47 5.55 7.25 7.63 6.64 7.21 9.45 9.36 12.47 11.35 9.32 8.74 9.20 7.80 6.76 6.44 6.15 6.17 5.58 5.05 8.72 7.64 10.30 10.73 9.77 8.89 6.64 9.21 9.57 8.66 -9999 -9999 -9999 -9999 -9999 -9999 -9999 -9999 -9999 -9999 -9999 -9999 -9999 -9999 -9999 -9999 -9999 -9999
-9999 -9999 -9999 -9999 -9999 -9999 -9999 -9999 7.43 7.62 -9999 -9999 -9999 -9999 -9999 -9999 -9999 -9999 -9999 -9999 -9999 -9999 6.04 3.73 7.16 7.40 14.04 7.05 7.10 6.19 4.35 3.81 4.46 4.48 11.69 6.39 7.26 11.36 9.06 6.55 6.02 9.96 6.59 9.15 7.54 6.62 6.27 6.24 5.94 6.26 8.12 8.86 7.98 7.54 7.18 8.31 9.32 8.83 9.06 8.75 10.62 -9999 -9999 -9999 -9999 -9999 -9999 -9999 -9999 -9999 -9999 -9999 -9999 -9999 -9999 -9999 -9999 -9999 -9999
-9999 -9999 -9999 -9999 -9999 -9999 -9999 7.62 9.81 9.50 9.08 -9999 -9999 -9999 -9999 -9999 -9999 -9999 -9999 -9999 -9999 -9999 6.69 7.79 8.29 8.32 6.29 7.85 6.06 5.51 4.61 3.99 5.76 4.62 3.41 11.19 7.39 6.51 9.80 8.05 10.58 8.08 8.43 7.18 7.03 6.74 6.75 6.15 5.80 6.74 7.66 6.71 7.34 8.16 7.90 8.49 8.46 8.70 8.84 7.48 10.10 9.17 -9999 -9999 -9999 -9999 -9999 -9999 -9999 -9999 -9999 -9999 -9999 -9999 -9999 -9999 -9999 -9999 -9999
-9999 -9999 -9999 -9999 -9999 -9999 6.91 10.54 11.69 14.47 9.08 -9999 -9999 -9999 -9999 -9999 -9999 -9999 -9999 -9999 -9999 -9999 7.70 11.08 8.42 4.62 6.07 5.75 6.36 4.77 4.13 4.97 6.04 3.87 9.31 6.69 9.45 6.79 10.97 6.17 7.47 5.84 7.92 6.64 7.01 7.29 6.35 6.26 5.59 5.49 7.97 8.20 7.73 6.75 7.06 6.93 7.19 7.56 8.91 8.85 8.42 9.21 -9999 -9999 -9999 -9999 -9999 -9999 -9999 -9999 -9999 -9999 -9999 -9999 -9999 -9999 -9999 -9999 -9999
-9999 -9999 -9999 -9999 -9999 7.68 7.16 13.19 10.41 9.99 -9999 -9999 -9999 -9999 -9999 -9999 -9999 -9999 -9999 -9999 -9999 -9999 -9999 7.35 5.52 5.01 7.12 5.03 6.88 5.31 4.82 4.62 5.48 4.21 9.53 9.21 10.18 9.64 10.53 10.50 10.52 9.19 8.67 8.82 8.28 6.62 6.39 6.12 5.36 5.18 5.70 9.56 8.42 6.15 5.81 6.05 5.92 6.05 6.05 6.34 6.20 7.10 8.54 9.17 -9999 -9999 -9999 -9999 -9999 -9999 -9999 -9999 -9999 -9999 -9999 -9999 -9999 -9999 -9999
-9999 -9999 -9999 -9999 -9999 9.50 10.59 7.15 7.70 8.49 -9999 -9999 -9999 -9999 -9999 -9999 -9999 -9999 -9999 -9999 -9999 -9999 -9999 -9999 6.24 6.72 6.12 5.36 6.45 5.94 5.92 5.35 6.02 4.22 9.42 8.56 7.75 9.82 8.92 8.33 12.21 12.00 8.60 9.99 8.79 8.21 6.50 6.00 5.55 5.28 5.45 6.21 6.60 6.02 6.07 6.05 6.07 5.82 5.68 5.79 6.03 8.66 8.94 8.66 -9999 -9999 -9999 -9999 -9999 -9999 -9999 -9999 -9999 -9999 -9999 -9999 -9999 -9999 -9999
-9999 -9999 -9999 -9999 -9999 9.88 8.27 8.59 7.91 -9999 -9999 -9999 -9999 -9999 -9999 -9999 -9999 -9999 -9999 -9999 -9999 -9999 -9999 -9999 7.33 7.25 6.73 -9999 6.75 -9999 6.33 5.25 4.60 3.78 3.84 8.65 8.12 8.49 11.63 5.78 6.69 11.72 9.86 9.15 8.98 7.87 6.77 6.50 6.53 6.03 5.80 5.83 6.58 7.60 6.65 7.18 6.32 5.66 6.58 7.71 7.36 6.85 6.90 8.43 9.97 10.42 -9999 -9999 -9999 -9999 -9999 -9999 -9999 -9999 -9999 -9999 -9999 -9999 -9999
-9999 -9999 -9999 -9999 9.60 8.36 7.89 -9999 -9999 -9999 -9999 -9999 -9999 -9999 -9999 -9999 -9999 -9999 -9999 -9999 -9999 -9999 -9999 -9999 8.37 7.44 6.74 -9999 -9999 -9999 6.37 6.68 3.91 4.68 5.69 4.71 5.00 6.68 10.37 10.34 5.75 9.51 11.01 8.40 9.49 8.51 7.58 6.14 6.35 6.12 5.98 5.92 6.09 6.49 6.54 6.94 5.92 6.41 7.47 8.24 8.49 8.26 7.44 7.33 8.28 9.34 -9999 -9999 -9999 -9999 -9999 -9999 -9999 -9999 -9999 -9999 -9999 -9999 -9999
-9999 -9999 -9999 -9999 -9999 -9999 -9999 -9999 -9999 -9999 -9999 -9999 -9999 -9999 -9999 -9999 -9999 -9999 -9999 -9999 -9999 -9999 -9999 -9999 -9999 -9999 -9999 -9999 -9999 7.26 5.89 5.57 7.02 7.82 8.20 7.98 6.64 7.01 9.49 9.32 7.61 5.74 8.74 9.95 8.44 7.72 7.13 6.62 6.48 6.63 6.13 5.92 5.94 5.97 6.01 5.74 6.69 9.07 7.65 8.26 7.59 7.64 6.81 7.26 7.99 -9999 -9999 -9999 -9999 -9999 -9999 -9999 -9999 -9999 -9999 -9999 -9999 -9999 -9999
-9999 -9999 -9999 -9999 -9999 -9999 -9999 -9999 -9999 -9999 -9999 -9999 -9999 -9999 -9999 -9999 -9999 -9999 -9999 -9999 -9999 -9999 -9999 -9999 -9999 -9999 -9999 -9999 -9999 6.89 5.86 6.93 9.01 11.25 9.93 7.06 8.12 5.64 6.15 5.78 7.42 8.00 8.59 8.91 8.63 7.57 7.27 7.04 6.43 6.58 6.06 5.97 6.01 6.07 6.04 5.75 6.38 9.79 8.99 7.49 7.25 7.09 6.86 7.31 8.16 -9999 -9999 -9999 -9999 -9999 -9999 -9999 -9999 -9999 -9999 -9999 -9999 -9999 -9999
-9999 -9999 -9999 -9999 -9999 -9999 -9999 -9999 -9999 -9999 -9999 -9999 -9999 -9999 -9999 -9999 -9999 -9999 -9999 -9999 -9999 -9999 -9999 -9999 -9999 -9999 -9999 -9999 -9999 6.30 5.36 5.60 7.84 8.79 8.24 7.37 7.04 6.15 6.69 5.78 5.72 6.57 5.19 8.85 7.73 8.61 7.49 7.26 6.22 6.02 6.13 6.06 6.11 6.07 6.10 6.05 6.04 7.86 8.62 7.88 7.40 7.44 7.18 7.36 7.80 -9999 -9999 -9999 -9999 -9999 -9999 -9999 -9999 -9999 -9999 -9999 -9999 -9999 -9999
-9999 -9999 -9999 -9999 -9999 -9999 -9999 -9999 -9999 -9999 -9999 -9999 -9999 -9999 -9999 -9999 -9999 -9999 -9999 -9999 -9999 -9999 -9999 -9999 -9999 -9999 -9999 8.33 7.07 5.81 5.26 7.36 8.57 10.91 7.89 9.36 5.21 6.29 6.22 7.11 7.55 7.32 8.96 5.90 6.26 6.35 6.37 6.02 6.77 6.00 6.00 6.29 6.05 6.05 6.17 6.11 6.19 6.54 8.24 7.93 7.48 7.49 7.45 7.17 7.07 7.78 -9999 -9999 -9999 -9999 -9999 -9999 -9999 -9999 -9999 -9999 -9999 -9999 -9999
-9999 -9999 -9999 -9999 -9999 -9999 -9999 -9999 -9999 -9999 -9999 -9999 -9999 -9999 -9999 -9999 -9999 -9999 -9999 -9999 -9999 -9999 -9999 -9999 -9999 -9999 -9999 7.82 6.45 5.69 5.35 5.68 8.04 5.97 6.04 4.80 6.17 8.95 6.85 7.95 7.41 8.43 5.41 8.78 6.92 7.99 7.72 7.77 6.72 6.35 6.08 5.99 5.99 6.08 6.13 6.22 6.25 6.39 7.10 8.30 7.88 7.57 7.63 6.93 6.32 7.27 -9999 -9999 -9999 -9999 -9999 -9999 -9999 -9999 -9999 -9999 -9999 -9999 -9999
-9999 -9999 -9999 -9999 -9999 -9999 -9999 -9999 -9999 -9999 -9999 -9999 -9999 -9999 -9999 -9999 -9999 -9999 -9999 -9999 -9999 -9999 -9999 -9999 -9999 -9999 -9999 7.87 6.39 5.92 5.62 5.73 6.00 6.20 5.59 4.83 6.17 6.68 6.19 7.57 9.48 7.29 6.77 5.64 7.31 5.87 6.52 7.14 7.41 6.61 6.38 5.99 5.98 6.11 6.18 6.25 6.36 6.52 6.95 8.10 8.82 7.95 7.48 6.71 5.88 6.48 7.60 -9999 -9999 -9999 -9999 -9999 -9999 -9999 -9999 -9999 -9999 -9999 -9999
-9999 -9999 -9999 -9999 -9999 -9999 -9999 -9999 -9999 -9999 -9999 -9999 -9999 -9999 -9999 -9999 -9999 -9999 -9999 -9999 -9999 -9999 -9999 -9999 -9999 -9999 -9999 7.65 6.53 6.18 6.14 5.89 5.67 5.30 5.90 6.91 4.96 5.12 6.08 9.86 9.68 10.45 9.08 7.25 6.99 7.40 6.23 5.79 6.78 7.15 6.34 6.03 6.08 6.03 6.17 6.33 6.54 6.68 6.90 8.32 9.39 8.39 7.74 7.00 5.99 5.94 6.96 8.04 -9999 -9999 -9999 -9999 -9999 -9999 -9999 -9999 -9999 -9999 -9999
-9999 -9999 -9999 -9999 -9999 -9999 -9999 -9999 -9999 -9999 -9999 -9999 -9999 -9999 -9999 -9999 -9999 -9999 -9999 -9999 -9999 -9999 -9999 -9999 -9999 -9999 -9999 7.62 6.35 6.04 5.90 5.66 5.24 5.64 5.29 6.41 6.85 8.34 9.44 10.02 7.52 9.01 7.82 7.72 6.46 7.48 6.96 6.34 5.86 5.79 6.06 5.98 6.08 6.15 6.28 6.40 6.65 6.90 7.10 7.46 8.40 8.18 7.61 7.18 6.68 6.25 6.31 7.51 -9999 -9999 -9999 -9999 -9999 -9999 -9999 -9999 -9999 -9999 -9999
-9999 -9999 -9999 -9999 -9999 -9999 -9999 -9999 -9999 -9999 -9999 -9999 -9999 -9999 -9999 -9999 -9999 -9999 -9999 -9999 -9999 -9999 -9999 -9999 -9999 -9999 -9999 -9999 6.37 6.08 5.82 5.41 5.84 7.34 7.29 8.00 7.12 6.77 8.40 7.90 8.80 7.93 6.24 5.12 5.69 5.60 6.78 6.18 6.00 6.49 6.32 5.92 6.17 6.14 6.28 6.34 6.57 6.88 7.15 7.37 7.31 7.54 7.54 7.44 -9999 6.92 7.10 7.79 9.08 -9999 -9999 -9999 -9999 -9999 -9999 -9999 -9999 -9999 -9999
-9999 -9999 -9999 -9999 -9999 -9999 -9999 -9999 -9999 -9999 -9999 -9999 -9999 -9999 -9999 -9999 -9999 -9999 -9999 -9999 -9999 -9999 -9999 -9999 -9999 -9999 -9999 7.48 6.32 5.99 5.47 5.23 5.52 8.69 9.02 7.37 9.62 9.05 7.54 7.14 10.30 8.38 8.51 6.40 4.88 6.53 5.54 5.24 6.01 6.19 5.90 6.11 5.97 6.03 6.13 6.32 6.37 6.54 7.85 7.34 6.87 7.95 7.26 7.16 7.08 -9999 7.78 8.39 9.41 10.24 -9999 -9999 -9999 -9999 -9999 -9999 -9999 -9999 -9999
-9999 -9999 -9999 -9999 -9999 -9999 -9999 -9999 -9999 -9999 -9999 -9999 -9999 -9999 -9999 -9999 -9999 -9999 -9999 -9999 -9999 -9999 -9999 -9999 -9999 -9999 -9999 7.33 6.21 5.93 5.48 6.75 5.98 6.71 9.04 6.37 6.69 7.00 5.58 5.59 8.53 7.73 7.62 5.09 6.63 7.37 5.55 6.54 6.02 6.57 6.39 6.14 5.89 5.93 6.02 6.10 6.11 6.15 6.37 6.86 6.21 6.46 6.98 6.44 6.97 7.34 -9999 -9999 -9999 -9999 -9999 -9999 -9999 -9999 -9999 -9999 -9999 -9999 -9999
-9999 -9999 -9999 -9999 -9999 -9999 -9999 -9999 -9999 -9999 -9999 -9999 -9999 -9999 -9999 -9999 -9999 -9999 -9999 -9999 -9999 -9999 -9999 -9999 -9999 -9999 8.62 6.89 6.10 6.67 6.24 6.30 5.93 6.53 6.55 6.10 5.95 5.64 5.53 5.97 8.03 9.73 9.70 6.03 7.99 7.42 5.53 5.93 5.34 6.02 6.34 5.97 5.76 6.03 6.03 6.02 6.14 6.05 6.18 6.31 6.28 6.17 7.31 6.74 6.64 6.85 7.78 8.79 -9999 -9999 -9999 -9999 -9999 -9999 -9999 -9999 -9999 -9999 -9999
-9999 -9999 -9999 -9999 -9999 -9999 -9999 -9999 -9999 -9999 -9999 -9999 -9999 -9999 -9999 -9999 -9999 -9999 -9999 -9999 -9999 -9999 -9999 -9999 -9999 -9999 -9999 7.08 6.17 6.13 6.34 7.73 5.95 5.59 5.45 5.83 6.11 5.72 5.58 5.60 5.61 8.52 9.31 9.98 7.66 7.80 6.98 6.20 6.64 5.14 5.39 6.31 5.82 5.94 5.92 5.93 6.13 6.06 6.09 6.32 6.15 5.94 6.07 7.92 6.94 6.61 6.93 7.70 8.68 9.75 -9999 -9999 -9999 -9999 -9999 -9999 -9999 -9999 -9999
-9999 -9999 -9999 -9999 -9999 -9999 -9999 -9999 -9999 -9999 -9999 -9999 -9999 -9999 -9999 -9999 -9999 -9999 -9999 -9999 -9999 -9999 -9999 -9999 -9999 -9999 -9999 7.09 6.53 6.11 6.15 6.22 6.20 5.78 5.27 5.37 5.15 5.03 5.15 5.26 5.86 5.27 8.79 10.84 11.08 8.87 7.54 6.97 5.93 6.30 5.65 6.70 6.00 6.06 5.93 5.93 6.00 6.05 6.28 6.27 6.12 5.91 6.30 7.90 7.34 7.44 6.56 6.77 7.64 8.79 -9999 -9999 -9999 -9999 -9999 -9999 -9999 -9999 -9999
-9999 -9999 -9999 -9999 -9999 -9999 -9999 10.08 9.35 9.69 10.64 -9999 -9999 -9999 -9999 -9999 -9999 -9999 -9999 -9999 -9999 -9999 -9999 -9999 -9999 -9999 7.64 6.72 7.00 6.39 6.95 6.40 5.79 5.52 5.42 5.21 5.22 5.12 5.19 5.13 5.15 7.46 9.28 9.31 7.34 9.67 8.67 6.05 6.21 4.90 7.23 7.26 6.22 6.20 6.03 5.97 6.01 6.08 6.23 6.46 6.30 5.93 6.07 6.46 7.92 7.70 8.03 6.69 6.73 7.90 9.20 -9999 -9999 -9999 -9999 -9999 -9999 -9999 -9999
-9999 -9999 -9999 -9999 -9999 -9999 -9999 9.57 8.83 8.62 9.07 -9999 -9999 -9999 -9999 -9999 -9999 -9999 -9999 -9999 -9999 -9999 -9999 -9999 -9999 7.82 7.49 6.77 6.96 7.68 6.54 6.37 5.54 5.41 5.49 5.30 5.44 5.54 5.02 4.74 4.76 6.01 10.54 10.51 7.15 8.33 7.82 7.57 5.43 4.96 6.47 6.98 6.43 5.84 5.83 5.94 6.30 6.22 6.16 6.23 6.54 6.14 6.22 6.30 7.73 7.73 7.63 6.86 6.81 7.26 8.64 -9999 -9999 -9999 -9999 -9999 -9999 -9999 -9999
-9999 -9999 -9999 -9999 -9999 12.00 9.44 8.12 8.34 8.08 8.92 8.67 9.61 10.21 -9999 -9999 10.41 9.04 -9999 -9999 -9999 8.27 9.11 8.28 -9999 6.29 7.73 7.02 6.63 6.99 6.47 6.53 6.36 6.67 6.18 6.11 5.37 5.72 5.22 5.09 7.73 5.33 6.89 9.17 5.17 6.49 10.41 5.97 7.56 5.89 6.33 6.51 6.20 6.09 6.08 6.05 6.31 6.03 6.17 6.05 6.65 6.14 6.19 6.40 6.82 7.41 8.14 7.80 6.96 6.91 8.07 9.55 -9999 -9999 -9999 -9999 -9999 -9999 -9999
-9999 -9999 -9999 -9999 -9999 -9999 9.80 8.53 7.95 7.61 7.84 8.75 9.93 7.84 -9999 7.05 8.53 9.46 8.42 9.18 6.80 6.37 9.74 9.24 7.74 -9999 5.91 7.19 7.10 6.54 6.42 6.82 6.10 5.86 5.75 5.60 5.74 5.54 5.94 5.58 7.99 8.17 7.71 8.13 7.55 8.98 8.95 7.50 5.89 5.56 6.91 6.92 5.90 6.42 6.07 6.39 6.49 6.12 6.14 6.01 6.68 6.23 6.28 6.50 6.49 7.14 7.72 8.35 7.68 7.12 7.65 9.05 -9999 -9999 -9999 -9999 -9999 -9999 -9999
