ML/MeanWindSpeed_1993-08_Actual.txt
ncols         180
nrows         290
xllcorner     -200000
yllcorner     -200000
cellsize      5000
NODATA_value  -9999
[rows 140 to 174 of 290, columns 79 to 157 of 180]
-9999 -9999 9.52 -9999 -9999 -9999 8.23 8.47 7.47 7.40 7.82 -9999 -9999 8.02 6.74 8.63 9.41 -9999 -9999 -9999 -9999 -9999 7.54 6.76 5.12 5.39 5.42 6.15 6.07 6.74 7.07 5.58 7.01 9.46 11.16 8.73 10.25 10.83 10.92 8.86 9.18 9.27 8.11 6.19 5.96 6.27 4.34 4.97 6.80 8.20 -9999 -9999 -9999 -9999 -9999 -9999 -9999 -9999 -9999 -9999 -9999 -9999 -9999 -9999 -9999 -9999 -9999 -9999 -9999 -9999 -9999 -9999 -9999 -9999 -9999 -9999 -9999 -9999 -9999
-9999 -9999 9.35 9.34 -9999 -9999 -9999 8.25 8.80 8.49 8.63 -9999 -9999 -9999 -9999 8.24 -9999 -9999 -9999 -9999 -9999 -9999 6.70 6.06 5.46 6.03 6.90 7.06 6.47 6.66 6.24 5.82 5.76 8.25 10.29 7.54 11.63 11.06 11.77 9.13 9.12 10.28 8.09 6.54 5.80 4.78 4.12 5.01 6.59 8.14 -9999 -9999 -9999 -9999 -9999 -9999 -9999 -9999 -9999 -9999 -9999 -9999 -9999 -9999 -9999 -9999 -9999 -9999 -9999 -9999 -9999 -9999 -9999 -9999 -9999 -9999 -9999 -9999 -9999
-9999 -9999 -9999 10.37 -9999 -9999 -9999 -9999 8.51 9.30 9.05 -9999 -9999 -9999 -9999 -9999 -9999 -9999 -9999 -9999 -9999 7.57 6.67 6.63 6.71 6.75 7.78 7.64 7.05 7.07 6.54 6.65 5.76 6.65 11.97 12.33 11.54 10.93 8.59 7.72 7.99 6.74 5.24 6.89 6.90 4.63 4.48 5.47 6.64 8.28 9.46 -9999 -9999 -9999 -9999 -9999 -9999 -9999 -9999 -9999 -9999 -9999 -9999 -9999 -9999 -9999 -9999 -9999 -9999 -9999 -9999 -9999 -9999 -9999 -9999 -9999 -9999 -9999 -9999
-9999 -9999 -9999 11.23 -9999 -9999 -9999 -9999 -9999 -9999 -9999 -9999 -9999 -9999 -9999 -9999 -9999 -9999 -9999 -9999 -9999 7.84 6.36 5.34 4.93 4.28 9.74 7.84 7.02 8.58 6.51 7.62 4.91 5.22 9.86 13.31 10.29 8.78 12.07 13.25 11.69 9.45 8.19 5.00 5.59 5.50 6.38 5.93 6.51 8.44 9.51 9.83 -9999 -9999 -9999 -9999 -9999 -9999 -9999 -9999 -9999 -9999 -9999 -9999 -9999 -9999 -9999 -9999 -9999 -9999 -9999 -9999 -9999 -9999 -9999 -9999 -9999 -9999 -9999
-9999 -9999 -9999 -9999 -9999 -9999 -9999 -9999 -9999 -9999 -9999 -9999 -9999 -9999 -9999 -9999 -9999 -9999 -9999 -9999 8.16 7.42 6.09 4.76 7.15 3.36 13.01 12.22 6.24 7.12 6.45 5.91 6.51 4.69 5.61 12.77 12.12 10.32 9.19 8.44 10.23 9.64 8.57 6.92 5.99 5.89 5.78 5.87 7.01 7.56 8.07 8.92 -9999 -9999 -9999 -9999 -9999 -9999 -9999 -9999 -9999 -9999 -9999 -9999 -9999 -9999 -9999 -9999 -9999 -9999 -9999 -9999 -9999 -9999 -9999 -9999 -9999 -9999 -9999
-9999 -9999 -9999 -9999 -9999 -9999 -9999 -9999 -9999 -9999 -9999 -9999 -9999 -9999 -9999 -9999 -9999 -9999 -9999 -9999 7.67 8.15 5.84 6.77 12.33 6.40 3.31 7.73 8.92 7.20 6.94 6.22 5.96 5.44 5.48 6.70 13.44 11.18 10.16 8.27 8.04 8.13 6.79 6.65 6.63 7.26 6.07 6.93 6.68 7.18 7.34 7.90 8.59 9.13 9.15 -9999 -9999 -9999 -9999 -9999 -9999 -9999 -9999 -9999 -9999 -9999 -9999 -9999 -9999 -9999 -9999 -9999 -9999 -9999 -9999 -9999 -9999 -9999 -9999
-9999 -9999 -9999 -9999 -9999 -9999 -9999 -9999 -9999 -9999 -9999 -9999 -9999 -9999 -9999 -9999 -9999 -9999 -9999 -9999 7.70 7.47 7.06 9.43 5.54 5.65 6.48 9.56 7.21 6.14 9.20 4.90 6.73 5.91 6.18 5.45 7.79 9.81 9.68 8.94 8.28 6.49 6.65 6.28 5.95 5.80 6.14 6.28 6.76 6.68 6.93 7.34 9.89 8.69 9.45 9.96 9.68 -9999 -9999 -9999 -9999 -9999 -9999 -9999 -9999 -9999 -9999 -9999 -9999 -9999 -9999 -9999 -9999 -9999 -9999 -9999 -9999 -9999 -9999
-9999 -9999 -9999 -9999 -9999 -9999 -9999 -9999 -9999 -9999 -9999 -9999 -9999 -9999 -9999 -9999 -9999 -9999 -9999 -9999 7.68 7.41 8.03 12.10 12.55 9.14 6.21 6.68 7.47 9.71 5.66 8.50 6.96 6.36 7.20 6.76 5.07 5.71 9.53 9.32 8.51 7.65 6.90 6.52 6.43 6.30 5.96 6.31 6.40 6.33 7.09 7.44 8.15 10.31 9.79 9.77 10.61 10.52 9.08 -9999 -9999 -9999 -9999 -9999 -9999 -9999 -9999 -9999 -9999 -9999 -9999 -9999 -9999 -9999 -9999 -9999 -9999 -9999 -9999
-9999 -9999 -9999 -9999 -9999 -9999 -9999 -9999 -9999 -9999 -9999 -9999 -9999 -9999 -9999 -9999 -9999 -9999 -9999 -9999 7.86 6.85 8.65 9.90 5.96 15.36 12.53 6.02 7.87 6.18 9.03 9.71 6.73 5.71 6.93 7.65 5.78 11.74 10.50 10.28 10.79 10.96 10.03 7.14 7.89 6.70 6.34 6.36 6.40 6.61 6.79 6.51 7.02 8.99 8.07 7.79 8.50 9.73 8.47 10.72 -9999 -9999 -9999 -9999 -9999 -9999 -9999 -9999 -9999 -9999 -9999 -9999 -9999 -9999 -9999 -9999 -9999 -9999 -9999
-9999 -9999 -9999 -9999 -9999 -9999 -9999 -9999 8.69 8.97 9.37 -9999 -9999 -9999 -9999 -9999 -9999 -9999 -9999 -9999 -9999 7.61 6.67 5.82 7.50 8.50 10.76 5.37 3.16 7.34 6.58 6.20 5.61 7.30 7.84 7.24 7.92 9.87 9.68 12.62 11.62 9.73 9.08 9.40 7.93 6.84 6.48 6.28 6.52 6.33 6.27 9.96 8.92 11.35 11.63 10.69 9.89 7.85 10.32 10.61 9.68 -9999 -9999 -9999 -9999 -9999 -9999 -9999 -9999 -9999 -9999 -9999 -9999 -9999 -9999 -9999 -9999 -9999 -9999
-9999 -9999 -9999 -9999 -9999 -9999 -9999 -9999 7.72 7.79 -9999 -9999 -9999 -9999 -9999 -9999 -9999 -9999 -9999 -9999 -9999 -9999 6.94 4.97 7.96 7.65 13.66 7.06 6.94 5.83 3.99 3.63 4.55 4.77 11.71 6.94 7.85 11.57 9.26 6.92 6.36 9.98 6.80 9.07 7.44 6.48 6.10 6.14 6.09 6.71 8.80 9.72 8.86 8.40 8.04 9.11 10.12 9.74 10.04 9.74 11.45 -9999 -9999 -9999 -9999 -9999 -9999 -9999 -9999 -9999 -9999 -9999 -9999 -9999 -9999 -9999 -9999 -9999 -9999
-9999 -9999 -9999 -9999 -9999 -9999 -9999 7.80 9.81 9.32 8.73 -9999 -9999 -9999 -9999 -9999 -9999 -9999 -9999 -9999 -9999 -9999 7.67 8.72 8.98 8.66 6.60 7.95 6.17 5.43 4.43 3.91 5.72 4.84 4.01 11.38 7.77 6.91 10.05 8.37 10.72 8.32 8.58 7.25 6.90 6.51 6.44 5.92 5.83 7.01 8.04 7.31 7.87 8.56 8.37 9.00 9.09 9.39 9.52 8.27 10.76 9.99 -9999 -9999 -9999 -9999 -9999 -9999 -9999 -9999 -9999 -9999 -9999 -9999 -9999 -9999 -9999 -9999 -9999
-9999 -9999 -9999 -9999 -9999 -9999 7.38 10.48 11.29 13.75 8.68 -9999 -9999 -9999 -9999 -9999 -9999 -9999 -9999 -9999 -9999 -9999 8.56 11.58 8.95 5.25 6.45 5.97 6.46 4.84 4.18 5.05 6.08 4.03 9.35 7.10 9.54 7.08 11.07 6.60 7.82 6.29 8.10 6.77 6.94 7.05 6.06 5.98 5.71 5.93 8.16 8.37 7.98 7.08 7.45 7.42 7.78 8.20 9.46 9.48 9.17 10.06 -9999 -9999 -9999 -9999 -9999 -9999 -9999 -9999 -9999 -9999 -9999 -9999 -9999 -9999 -9999 -9999 -9999
-9999 -9999 -9999 -9999 -9999 8.36 7.77 12.87 9.81 9.32 -9999 -9999 -9999 -9999 -9999 -9999 -9999 -9999 -9999 -9999 -9999 -9999 -9999 7.89 6.10 5.62 7.43 5.32 6.89 5.37 4.93 4.79 5.63 4.46 9.50 9.32 10.21 9.87 10.80 10.67 10.69 9.52 8.84 8.81 8.21 6.51 6.21 6.11 5.98 5.85 6.03 9.48 8.48 6.44 6.26 6.62 6.57 6.74 6.82 7.21 7.16 8.10 9.49 10.11 -9999 -9999 -9999 -9999 -9999 -9999 -9999 -9999 -9999 -9999 -9999 -9999 -9999 -9999 -9999
-9999 -9999 -9999 -9999 -9999 10.20 11.12 7.47 7.40 8.00 -9999 -9999 -9999 -9999 -9999 -9999 -9999 -9999 -9999 -9999 -9999 -9999 -9999 -9999 6.70 7.17 6.44 5.61 6.49 5.99 6.00 5.50 6.20 4.58 9.40 8.59 7.80 9.89 9.30 8.68 12.20 12.04 8.80 9.91 8.66 8.05 6.41 6.07 6.15 5.91 5.70 6.24 6.66 6.26 6.49 6.64 6.76 6.64 6.58 6.75 7.05 9.58 9.87 9.64 -9999 -9999 -9999 -9999 -9999 -9999 -9999 -9999 -9999 -9999 -9999 -9999 -9999 -9999 -9999
-9999 -9999 -9999 -9999 -9999 10.52 8.93 9.08 8.16 -9999 -9999 -9999 -9999 -9999 -9999 -9999 -9999 -9999 -9999 -9999 -9999 -9999 -9999 -9999 7.65 7.48 6.85 -9999 6.75 -9999 6.41 5.49 5.07 4.37 4.26 8.71 8.15 8.49 11.49 6.03 6.78 11.43 9.71 8.99 8.71 7.59 6.45 5.98 5.74 5.57 5.65 5.71 6.53 7.69 7.00 7.66 7.07 6.65 7.55 8.61 8.31 7.84 7.92 9.41 10.90 11.37 -9999 -9999 -9999 -9999 -9999 -9999 -9999 -9999 -9999 -9999 -9999 -9999 -9999
-9999 -9999 -9999 -9999 10.19 8.95 8.46 -9999 -9999 -9999 -9999 -9999 -9999 -9999 -9999 -9999 -9999 -9999 -9999 -9999 -9999 -9999 -9999 -9999 8.49 7.52 6.79 -9999 -9999 -9999 6.50 6.94 4.57 5.38 6.09 5.01 5.28 6.68 10.04 10.02 5.79 9.24 10.62 8.23 9.10 8.10 7.10 5.53 5.58 5.49 5.61 5.71 6.01 6.59 6.84 7.40 6.68 7.38 8.40 9.05 9.22 9.01 8.32 8.33 9.34 10.43 -9999 -9999 -9999 -9999 -9999 -9999 -9999 -9999 -9999 -9999 -9999 -9999 -9999
-9999 -9999 -9999 -9999 -9999 -9999 -9999 -9999 -9999 -9999 -9999 -9999 -9999 -9999 -9999 -9999 -9999 -9999 -9999 -9999 -9999 -9999 -9999 -9999 -9999 -9999 -9999 -9999 -9999 7.30 6.13 5.99 7.57 8.35 8.43 8.05 6.73 6.89 9.09 8.98 7.41 5.60 8.37 9.54 8.03 7.35 6.72 6.10 5.84 6.05 5.77 5.73 5.87 6.05 6.28 6.22 7.29 9.70 8.41 8.91 8.23 8.30 7.63 8.21 9.05 -9999 -9999 -9999 -9999 -9999 -9999 -9999 -9999 -9999 -9999 -9999 -9999 -9999 -9999
-9999 -9999 -9999 -9999 -9999 -9999 -9999 -9999 -9999 -9999 -9999 -9999 -9999 -9999 -9999 -9999 -9999 -9999 -9999 -9999 -9999 -9999 -9999 -9999 -9999 -9999 -9999 -9999 -9999 6.96 6.11 7.31 9.43 11.39 9.92 7.17 8.09 5.65 6.04 5.78 7.32 7.80 8.25 8.57 8.21 7.17 6.84 6.59 6.00 6.19 5.82 5.88 6.01 6.17 6.28 6.20 6.91 10.17 9.45 8.07 7.80 7.69 7.61 8.24 9.28 -9999 -9999 -9999 -9999 -9999 -9999 -9999 -9999 -9999 -9999 -9999 -9999 -9999 -9999
-9999 -9999 -9999 -9999 -9999 -9999 -9999 -9999 -9999 -9999 -9999 -9999 -9999 -9999 -9999 -9999 -9999 -9999 -9999 -9999 -9999 -9999 -9999 -9999 -9999 -9999 -9999 -9999 -9999 6.39 5.59 5.84 7.84 8.69 8.08 7.19 7.08 6.31 6.67 5.92 5.91 6.57 5.17 8.55 7.45 8.24 7.16 6.95 6.00 5.86 6.02 6.02 6.12 6.16 6.29 6.41 6.48 8.18 8.97 8.37 7.89 7.94 7.81 8.26 9.05 -9999 -9999 -9999 -9999 -9999 -9999 -9999 -9999 -9999 -9999 -9999 -9999 -9999 -9999
-9999 -9999 -9999 -9999 -9999 -9999 -9999 -9999 -9999 -9999 -9999 -9999 -9999 -9999 -9999 -9999 -9999 -9999 -9999 -9999 -9999 -9999 -9999 -9999 -9999 -9999 -9999 8.12 7.00 5.93 5.49 7.34 8.31 10.45 7.60 9.05 5.38 6.49 6.40 7.41 7.80 7.44 8.77 5.75 6.09 6.17 6.18 5.90 6.64 5.96 5.97 6.24 6.04 6.10 6.32 6.41 6.59 6.89 8.54 8.40 8.01 7.98 7.98 8.04 8.48 9.34 -9999 -9999 -9999 -9999 -9999 -9999 -9999 -9999 -9999 -9999 -9999 -9999 -9999
-9999 -9999 -9999 -9999 -9999 -9999 -9999 -9999 -9999 -9999 -9999 -9999 -9999 -9999 -9999 -9999 -9999 -9999 -9999 -9999 -9999 -9999 -9999 -9999 -9999 -9999 -9999 7.62 6.41 5.78 5.49 5.70 7.74 5.77 6.02 4.96 6.28 9.02 7.19 8.34 7.78 8.65 5.69 8.66 6.83 7.78 7.46 7.53 6.60 6.29 6.02 5.92 5.94 6.08 6.23 6.46 6.63 6.79 7.44 8.68 8.36 8.02 8.07 7.79 7.86 8.89 -9999 -9999 -9999 -9999 -9999 -9999 -9999 -9999 -9999 -9999 -9999 -9999 -9999
-9999 -9999 -9999 -9999 -9999 -9999 -9999 -9999 -9999 -9999 -9999 -9999 -9999 -9999 -9999 -9999 -9999 -9999 -9999 -9999 -9999 -9999 -9999 -9999 -9999 -9999 -9999 7.66 6.33 5.93 5.67 5.68 5.77 6.07 5.72 5.09 6.45 7.07 6.69 7.93 9.61 7.51 6.93 5.77 7.29 5.92 6.50 7.03 7.22 6.48 6.25 5.89 5.90 6.08 6.26 6.49 6.75 6.99 7.37 8.44 9.16 8.35 7.96 7.65 7.43 8.12 9.16 -9999 -9999 -9999 -9999 -9999 -9999 -9999 -9999 -9999 -9999 -9999 -9999
-9999 -9999 -9999 -9999 -9999 -9999 -9999 -9999 -9999 -9999 -9999 -9999 -9999 -9999 -9999 -9999 -9999 -9999 -9999 -9999 -9999 -9999 -9999 -9999 -9999 -9999 -9999 7.42 6.42 6.13 6.11 5.85 5.66 5.44 6.14 7.20 5.36 5.55 6.57 10.02 9.76 10.46 9.04 7.25 6.96 7.34 6.22 5.77 6.62 6.95 6.20 5.91 5.98 6.01 6.27 6.59 6.93 7.17 7.40 8.63 9.65 8.79 8.31 7.96 7.41 7.52 8.50 9.48 -9999 -9999 -9999 -9999 -9999 -9999 -9999 -9999 -9999 -9999 -9999
-9999 -9999 -9999 -9999 -9999 -9999 -9999 -9999 -9999 -9999 -9999 -9999 -9999 -9999 -9999 -9999 -9999 -9999 -9999 -9999 -9999 -9999 -9999 -9999 -9999 -9999 -9999 7.37 6.22 5.96 5.87 5.68 5.36 5.93 5.77 6.79 7.09 8.53 9.57 9.96 7.69 9.13 7.97 7.82 6.62 7.56 7.01 6.35 5.84 5.75 6.00 5.93 6.04 6.21 6.48 6.76 7.11 7.42 7.64 7.89 8.77 8.72 8.33 8.16 7.92 7.67 7.79 8.89 -9999 -9999 -9999 -9999 -9999 -9999 -9999 -9999 -9999 -9999 -9999
-9999 -9999 -9999 -9999 -9999 -9999 -9999 -9999 -9999 -9999 -9999 -9999 -9999 -9999 -9999 -9999 -9999 -9999 -9999 -9999 -9999 -9999 -9999 -9999 -9999 -9999 -9999 -9999 6.22 5.99 5.80 5.51 5.97 7.49 7.46 8.07 7.21 6.85 8.32 7.78 8.80 8.08 6.48 5.43 6.01 5.96 7.03 6.40 6.16 6.56 6.38 6.03 6.31 6.41 6.69 6.86 7.15 7.48 7.75 7.92 7.82 8.18 8.34 8.38 -9999 8.15 8.37 9.02 10.18 -9999 -9999 -9999 -9999 -9999 -9999 -9999 -9999 -9999 -9999
-9999 -9999 -9999 -9999 -9999 -9999 -9999 -9999 -9999 -9999 -9999 -9999 -9999 -9999 -9999 -9999 -9999 -9999 -9999 -9999 -9999 -9999 -9999 -9999 -9999 -9999 -9999 7.18 6.16 5.91 5.48 5.36 5.64 8.55 8.80 7.23 9.26 8.69 7.36 7.13 10.25 8.64 8.89 6.90 5.50 7.02 6.00 5.69 6.37 6.49 6.23 6.50 6.43 6.62 6.82 7.05 7.13 7.29 8.53 8.08 7.60 8.67 8.15 8.17 8.17 -9999 8.88 9.44 10.36 11.09 -9999 -9999 -9999 -9999 -9999 -9999 -9999 -9999 -9999
-9999 -9999 -9999 -9999 -9999 -9999 -9999 -9999 -9999 -9999 -9999 -9999 -9999 -9999 -9999 -9999 -9999 -9999 -9999 -9999 -9999 -9999 -9999 -9999 -9999 -9999 -9999 6.97 5.99 5.80 5.42 6.67 5.87 6.40 8.49 5.98 6.28 6.61 5.38 5.61 8.55 8.12 8.27 6.01 7.44 8.03 6.24 7.11 6.54 7.00 6.88 6.78 6.65 6.80 6.93 7.01 7.02 7.06 7.24 7.76 7.15 7.37 7.93 7.54 8.07 8.40 -9999 -9999 -9999 -9999 -9999 -9999 -9999 -9999 -9999 -9999 -9999 -9999 -9999
-9999 -9999 -9999 -9999 -9999 -9999 -9999 -9999 -9999 -9999 -9999 -9999 -9999 -9999 -9999 -9999 -9999 -9999 -9999 -9999 -9999 -9999 -9999 -9999 -9999 -9999 7.98 6.48 5.82 6.39 6.01 6.07 5.66 6.05 5.93 5.57 5.50 5.26 5.28 5.93 8.00 9.84 10.19 7.06 8.88 8.26 6.37 6.66 6.01 6.60 6.97 6.81 6.72 7.03 7.05 7.03 7.13 7.06 7.17 7.35 7.36 7.22 8.32 7.90 7.82 7.96 8.76 9.61 -9999 -9999 -9999 -9999 -9999 -9999 -9999 -9999 -9999 -9999 -9999
-9999 -9999 -9999 -9999 -9999 -9999 -9999 -9999 -9999 -9999 -9999 -9999 -9999 -9999 -9999 -9999 -9999 -9999 -9999 -9999 -9999 -9999 -9999 -9999 -9999 -9999 -9999 6.52 5.76 5.78 5.97 7.24 5.53 5.11 4.91 5.34 5.66 5.38 5.37 5.58 5.71 8.67 9.87 10.74 8.54 8.64 7.73 6.88 7.20 5.79 6.18 7.24 6.85 6.97 6.95 6.97 7.15 7.12 7.20 7.51 7.42 7.20 7.28 9.02 8.10 7.77 7.97 8.57 9.39 10.32 -9999 -9999 -9999 -9999 -9999 -9999 -9999 -9999 -9999
-9999 -9999 -9999 -9999 -9999 -9999 -9999 -9999 -9999 -9999 -9999 -9999 -9999 -9999 -9999 -9999 -9999 -9999 -9999 -9999 -9999 -9999 -9999 -9999 -9999 -9999 -9999 6.41 5.95 5.60 5.64 5.71 5.71 5.31 4.82 4.94 4.79 4.75 4.95 5.17 5.94 5.68 9.28 11.37 11.53 9.54 8.28 7.58 6.56 6.93 6.44 7.60 7.01 7.07 6.95 6.98 7.05 7.18 7.54 7.66 7.62 7.42 7.67 9.04 8.48 8.52 7.62 7.69 8.38 9.38 -9999 -9999 -9999 -9999 -9999 -9999 -9999 -9999 -9999
-9999 -9999 -9999 -9999 -9999 -9999 -9999 10.45 9.78 10.00 10.70 -9999 -9999 -9999 -9999 -9999 -9999 -9999 -9999 -9999 -9999 -9999 -9999 -9999 -9999 -9999 6.74 5.97 6.26 5.73 6.27 5.81 5.32 5.14 5.04 4.84 4.87 4.85 4.99 5.09 5.36 7.60 9.52 9.73 7.85 10.14 9.25 6.71 6.87 5.66 7.89 8.06 7.16 7.17 7.02 7.00 7.07 7.28 7.66 8.07 8.02 7.64 7.61 7.75 8.97 8.69 8.92 7.59 7.50 8.48 9.62 -9999 -9999 -9999 -9999 -9999 -9999 -9999 -9999
-9999 -9999 -9999 -9999 -9999 -9999 -9999 10.06 9.39 9.09 9.29 -9999 -9999 -9999 -9999 -9999 -9999 -9999 -9999 -9999 -9999 -9999 -9999 -9999 -9999 6.69 6.50 5.94 6.15 6.84 5.84 5.80 5.09 5.02 5.11 4.96 5.12 5.29 4.90 4.83 5.14 6.38 10.61 10.69 7.63 8.71 8.32 8.09 6.09 5.68 7.15 7.71 7.27 6.80 6.80 6.94 7.36 7.51 7.78 8.07 8.46 8.01 7.85 7.61 8.71 8.59 8.44 7.68 7.52 7.85 9.04 -9999 -9999 -9999 -9999 -9999 -9999 -9999 -9999
-9999 -9999 -9999 -9999 -9999 12.22 9.89 8.71 8.93 8.58 9.16 8.62 9.08 9.36 -9999 -9999 9.00 7.62 -9999 -9999 -9999 6.54 7.40 6.92 -9999 5.38 6.69 6.08 5.75 6.14 5.74 5.97 5.89 6.19 5.73 5.70 5.05 5.47 5.13 5.19 7.94 5.84 7.13 9.32 5.68 6.85 10.67 6.59 8.03 6.49 6.95 7.16 6.95 6.93 6.96 6.98 7.34 7.35 7.86 7.99 8.64 8.08 7.78 7.60 7.73 8.13 8.76 8.42 7.57 7.46 8.45 9.74 -9999 -9999 -9999 -9999 -9999 -9999 -9999
-9999 -9999 -9999 -9999 -9999 -9999 10.21 9.04 8.50 8.11 8.11 8.63 9.40 7.41 -9999 6.62 7.36 8.08 7.00 7.58 5.40 4.94 8.00 7.78 6.73 -9999 5.07 6.22 6.15 5.70 5.66 6.21 5.66 5.45 5.33 5.22 5.40 5.31 5.84 5.69 8.14 8.42 7.89 8.36 7.91 9.12 9.21 8.05 6.48 6.18 7.47 7.49 6.59 7.15 6.87 7.21 7.40 7.28 7.67 7.89 8.64 8.02 7.57 7.45 7.22 7.70 8.20 8.80 8.13 7.55 7.97 9.21 -9999 -9999 -9999 -9999 -9999 -9999 -9999
