ML/MeanWindSpeed_1993-02_Actual.txt
ncols         180
nrows         290
xllcorner     -200000
yllcorner     -200000
cellsize      5000
NODATA_value  -9999
[rows 210 to 244 of 290, columns 78 to 155 of 180]
10.94 11.14 9.49 11.70 11.60 -9999 -9999 -9999 -9999 -9999 -9999 -9999 5.77 5.83 7.03 5.80 5.72 6.07 8.58 11.09 14.02 13.37 10.89 8.89 8.37 7.23 10.59 10.29 5.67 4.35 8.76 9.01 10.34 6.79 6.07 5.79 5.29 6.78 7.65 7.26 7.46 7.10 6.74 6.50 6.22 5.90 5.82 5.69 6.42 5.82 5.83 5.72 5.50 5.38 5.00 5.91 7.48 7.30 6.37 7.84 7.83 7.39 7.05 6.03 5.65 6.38 6.99 6.53 5.57 5.21 6.39 5.25 5.67 6.84 6.27 6.44 6.51 5.88
-9999 11.39 -9999 -9999 -9999 -9999 -9999 -9999 -9999 -9999 10.52 8.77 8.25 9.75 9.14 7.57 6.22 6.52 6.90 9.83 11.61 11.10 6.67 6.35 10.37 8.98 8.84 6.41 4.92 4.74 7.94 8.29 8.12 6.51 6.19 5.95 4.62 8.30 8.56 7.09 7.09 6.61 6.55 6.42 6.16 6.64 6.16 6.40 5.79 5.74 5.77 5.82 5.45 5.42 4.70 6.42 8.32 7.01 7.50 5.55 7.01 6.66 6.06 6.82 6.38 6.41 7.06 6.20 5.22 5.15 5.12 5.74 6.41 5.81 6.56 6.45 5.70 5.63
-9999 -9999 -9999 -9999 -9999 -9999 -9999 -9999 -9999 -9999 12.06 11.32 9.21 10.81 11.48 -9999 -9999 6.99 10.13 5.37 7.40 6.97 7.00 7.80 9.49 6.51 6.02 6.47 6.24 7.18 7.86 7.97 7.24 6.63 7.12 5.37 6.00 8.53 7.22 6.61 6.16 6.27 6.97 6.89 6.43 6.40 5.81 5.90 6.45 6.91 6.51 7.00 5.50 4.72 5.59 8.29 6.50 6.84 6.33 4.75 6.44 6.04 5.89 6.15 6.06 5.66 5.58 7.04 5.64 5.40 5.36 5.38 5.51 5.30 5.07 6.73 6.14 6.93
-9999 -9999 -9999 -9999 -9999 -9999 -9999 -9999 -9999 -9999 -9999 -9999 -9999 -9999 -9999 -9999 -9999 8.91 7.73 7.40 6.49 5.34 5.16 5.64 6.82 6.58 7.00 7.72 8.48 9.26 9.12 -9999 7.32 6.53 5.82 5.24 6.19 8.20 7.16 7.00 6.20 5.48 5.62 6.79 6.09 6.17 7.34 7.43 7.07 7.86 8.68 7.12 6.52 5.95 6.08 7.47 6.24 6.36 6.24 5.44 5.24 5.05 5.51 6.21 5.71 5.14 5.37 5.55 5.44 5.36 5.34 5.34 5.36 5.61 5.86 6.38 6.41 7.04
-9999 -9999 -9999 -9999 -9999 -9999 -9999 -9999 -9999 -9999 -9999 -9999 -9999 -9999 -9999 -9999 -9999 -9999 8.97 7.39 6.17 6.21 6.63 5.25 5.44 6.47 8.18 -9999 -9999 -9999 -9999 8.38 7.13 6.32 5.32 5.09 6.12 8.03 7.11 7.15 6.22 5.18 6.22 6.11 7.66 7.11 9.02 7.50 7.63 7.17 7.49 7.20 6.34 7.02 5.18 5.90 6.40 5.10 5.41 5.00 4.66 4.34 3.83 3.74 4.26 4.21 4.47 4.64 4.88 4.88 6.35 6.68 5.47 5.60 5.94 6.15 6.50 7.75
-9999 -9999 -9999 -9999 -9999 -9999 -9999 -9999 -9999 -9999 -9999 -9999 -9999 -9999 -9999 -9999 -9999 -9999 -9999 8.73 9.61 8.25 6.75 6.52 6.97 8.57 -9999 -9999 -9999 -9999 8.78 8.54 8.23 4.94 4.53 4.72 7.39 8.26 7.67 6.72 5.38 5.37 5.43 7.23 8.84 7.82 7.96 7.33 7.59 7.35 6.16 6.52 6.43 5.91 5.79 5.78 5.59 5.02 5.13 5.65 5.68 5.37 3.83 3.71 3.90 3.96 4.88 5.01 5.44 5.07 5.94 5.86 5.69 6.79 5.91 6.51 6.72 7.84
-9999 -9999 -9999 -9999 -9999 -9999 -9999 -9999 -9999 -9999 -9999 -9999 -9999 -9999 -9999 -9999 -9999 -9999 -9999 -9999 9.97 9.97 8.65 7.92 7.92 10.48 -9999 -9999 -9999 8.05 5.94 5.65 7.63 7.02 6.12 4.89 6.53 5.83 7.46 6.47 4.70 6.01 7.33 7.50 7.17 8.15 7.39 7.00 6.83 6.17 5.96 5.78 5.92 6.38 5.90 5.26 5.22 5.27 5.33 6.10 5.62 5.32 4.64 3.95 4.12 4.14 4.57 4.74 5.23 5.34 5.59 5.29 6.03 6.48 6.79 6.30 5.20 7.33
-9999 -9999 -9999 -9999 -9999 -9999 -9999 -9999 -9999 -9999 -9999 -9999 -9999 -9999 -9999 -9999 -9999 -9999 -9999 -9999 -9999 -9999 -9999 -9999 -9999 -9999 -9999 -9999 10.57 6.51 4.65 4.87 7.42 5.65 6.27 6.94 6.87 6.84 6.90 5.26 4.94 5.30 6.49 6.50 6.79 6.95 7.18 6.89 6.75 8.32 6.61 6.69 6.05 6.55 6.42 5.47 5.47 5.06 5.61 6.43 5.64 4.78 4.47 4.47 4.31 4.89 4.71 5.27 5.00 6.13 6.65 6.03 4.75 7.46 8.14 6.29 4.86 7.87
-9999 -9999 -9999 -9999 -9999 -9999 -9999 -9999 -9999 -9999 -9999 -9999 -9999 -9999 -9999 -9999 -9999 -9999 -9999 -9999 -9999 -9999 -9999 -9999 -9999 -9999 -9999 -9999 7.79 6.22 4.64 10.30 8.84 5.53 6.41 7.11 7.42 7.61 5.83 5.42 5.29 5.16 6.41 6.14 5.90 7.67 7.44 8.53 6.97 7.27 8.56 6.87 6.49 6.45 5.91 5.69 5.45 5.31 5.76 5.76 5.83 5.04 4.43 4.43 4.22 4.53 6.35 5.64 6.47 6.92 7.93 6.27 4.90 6.19 6.48 4.91 4.13 4.84
-9999 -9999 -9999 -9999 -9999 -9999 -9999 -9999 -9999 -9999 -9999 -9999 -9999 -9999 -9999 -9999 -9999 -9999 -9999 -9999 -9999 -9999 -9999 -9999 -9999 -9999 -9999 -9999 7.35 4.46 2.90 5.43 9.46 8.57 8.04 7.10 8.28 6.30 5.83 5.24 6.99 7.08 7.86 7.30 6.39 6.55 6.49 6.85 7.25 7.26 6.34 6.28 6.43 6.53 6.03 5.78 5.68 5.59 6.05 5.81 5.44 4.53 4.40 5.34 6.27 5.49 6.39 5.87 5.76 5.94 6.83 8.61 8.11 5.80 5.52 5.69 5.67 5.38
-9999 -9999 -9999 -9999 -9999 -9999 -9999 -9999 -9999 -9999 -9999 11.88 12.08 9.50 14.47 13.77 13.97 14.49 16.74 8.76 14.77 9.83 -9999 -9999 -9999 -9999 -9999 -9999 6.70 5.13 4.39 3.26 4.45 6.94 8.91 8.49 7.16 6.22 6.07 6.85 8.14 7.25 6.52 6.57 6.11 6.14 6.60 6.10 5.65 5.48 5.97 5.37 6.18 6.83 7.79 6.74 6.10 6.52 6.42 5.87 6.29 4.70 4.11 5.71 6.90 5.69 5.28 5.66 5.63 5.39 5.16 5.34 5.18 4.74 4.52 4.23 4.13 4.05
-9999 -9999 -9999 -9999 -9999 -9999 -9999 -9999 -9999 -9999 -9999 13.50 12.25 11.50 8.76 11.11 13.30 12.97 14.00 14.41 11.31 9.70 7.88 8.63 11.24 9.19 8.14 6.57 5.78 4.99 4.54 4.06 3.47 4.03 7.13 7.48 6.53 5.69 8.77 7.20 6.13 6.64 7.13 6.20 5.98 6.06 6.14 6.37 5.94 5.92 4.83 5.07 5.76 6.03 6.32 7.34 7.68 5.89 5.60 5.30 4.82 5.33 4.21 8.42 6.71 6.36 5.89 5.43 5.57 5.31 6.16 6.06 4.51 6.11 5.46 5.93 4.42 4.53
-9999 -9999 -9999 -9999 -9999 -9999 -9999 -9999 -9999 -9999 12.19 10.51 9.31 7.96 6.28 8.79 12.24 12.20 11.48 11.53 11.43 10.03 7.95 6.87 7.90 9.29 6.42 5.64 4.87 4.91 5.84 4.31 4.18 5.64 5.89 5.76 5.96 8.46 6.57 8.20 7.51 6.59 5.58 6.01 5.35 5.93 6.34 5.90 6.35 5.30 5.70 5.46 5.46 5.54 7.23 8.30 6.06 5.00 5.27 7.73 5.83 4.97 5.07 5.10 5.58 5.89 5.51 5.37 5.95 6.92 5.90 4.72 4.54 6.29 5.54 5.22 5.55 5.28
-9999 -9999 -9999 -9999 -9999 -9999 -9999 -9999 -9999 -9999 -9999 9.74 7.90 6.46 7.53 7.03 8.34 12.07 10.97 8.88 7.43 10.04 11.86 8.81 6.07 6.44 8.58 6.39 4.43 4.39 4.28 5.02 5.08 4.24 4.66 5.30 5.99 7.12 5.90 7.87 6.79 6.64 6.36 6.42 5.48 6.25 6.64 6.37 4.80 4.94 5.74 4.86 4.47 4.40 5.78 7.39 7.05 4.92 5.29 6.63 6.30 5.35 4.39 4.30 4.15 4.56 6.41 6.13 5.79 6.29 7.22 6.22 5.63 6.37 6.28 5.15 5.93 4.72
-9999 -9999 -9999 -9999 -9999 -9999 -9999 13.47 -9999 -9999 11.07 9.25 9.40 5.30 6.57 5.06 5.61 6.94 8.05 9.12 7.21 9.19 10.44 7.40 5.86 4.63 4.93 4.74 4.03 4.10 4.45 5.40 4.33 4.08 4.93 6.98 5.55 6.38 5.30 6.56 6.21 7.07 7.85 6.84 5.50 5.08 5.31 4.95 4.52 6.19 5.20 4.41 6.47 4.84 5.14 7.46 8.60 4.83 5.23 5.73 5.47 4.80 4.28 4.22 4.68 5.34 5.91 5.06 4.61 4.49 4.96 5.01 5.08 5.90 5.17 5.06 4.88 4.24
-9999 -9999 -9999 -9999 -9999 -9999 11.60 13.06 12.85 12.19 8.90 7.41 8.33 5.01 3.63 4.45 4.42 7.03 8.40 9.49 7.55 6.95 7.24 5.80 4.63 4.18 4.60 5.18 5.15 4.20 4.18 4.36 3.95 3.98 6.04 6.34 5.30 5.90 6.25 7.80 6.99 6.95 8.30 6.73 6.24 4.98 5.80 5.31 5.51 4.87 4.64 4.02 5.35 5.39 4.67 6.04 5.62 4.87 4.75 4.58 5.44 5.21 4.82 4.50 4.26 4.16 4.14 4.70 5.02 4.61 3.58 4.06 4.54 5.49 5.91 5.42 4.11 5.08
-9999 -9999 -9999 -9999 -9999 -9999 10.53 10.61 9.44 9.74 8.12 6.47 4.49 6.14 5.97 4.92 6.69 7.29 7.64 9.36 7.92 7.41 6.76 4.17 5.50 7.63 6.96 5.74 4.73 4.01 4.61 5.14 5.48 4.83 6.38 5.84 6.43 5.44 4.67 6.41 7.85 6.61 6.64 6.30 5.54 5.63 6.41 5.41 4.66 5.46 5.68 4.20 4.65 4.75 4.69 5.74 6.19 6.24 7.86 5.04 5.18 4.26 3.93 4.28 4.53 4.00 3.80 4.31 5.10 4.61 3.93 3.60 4.43 4.51 4.61 4.76 5.00 3.79
-9999 -9999 -9999 -9999 -9999 -9999 10.86 9.42 8.62 8.82 7.77 6.98 4.96 5.27 5.35 4.07 5.82 6.53 7.70 8.34 7.80 4.82 3.22 2.81 5.66 5.96 6.61 7.22 4.93 4.75 5.00 4.54 5.72 5.05 6.27 5.87 5.87 5.63 4.90 6.72 6.20 6.27 6.13 5.79 5.52 5.72 6.48 6.31 4.94 4.68 4.98 5.85 4.49 4.76 4.53 5.04 5.17 5.32 6.15 5.60 6.50 7.27 3.39 7.26 5.61 3.58 3.87 7.54 7.56 7.03 3.64 3.58 3.88 3.73 4.14 3.80 5.14 6.29
-9999 -9999 -9999 -9999 -9999 -9999 9.32 8.63 8.19 7.75 6.88 6.31 5.30 4.61 5.73 5.13 5.53 6.64 6.08 6.37 6.11 5.74 2.65 3.61 6.33 5.60 6.89 6.87 5.22 5.52 5.90 4.74 5.35 5.69 5.74 5.63 5.64 6.35 7.35 5.33 6.27 6.07 6.02 5.68 5.50 5.83 6.36 5.43 5.40 5.07 5.49 5.94 6.54 5.74 6.69 6.22 5.69 5.41 5.02 4.54 4.55 4.83 4.13 6.25 6.10 6.82 6.31 6.97 7.58 8.03 4.10 4.14 3.99 4.13 4.43 5.45 6.80 7.18
-9999 -9999 -9999 -9999 -9999 -9999 8.47 7.91 7.62 7.81 8.07 6.82 6.10 5.65 6.19 7.39 6.85 6.51 5.81 6.35 5.78 5.22 4.70 3.56 4.11 3.97 6.38 5.13 3.24 6.36 6.10 4.88 8.05 6.82 7.50 8.10 7.32 6.91 7.52 6.17 5.36 5.86 5.80 5.17 5.29 5.48 6.07 5.20 5.48 6.41 7.14 6.94 6.93 7.11 7.08 7.30 7.35 6.81 5.92 5.51 5.94 6.43 6.67 7.18 7.46 7.68 -9999 -9999 7.16 7.41 6.73 5.99 5.02 8.19 6.04 -9999 -9999 -9999
-9999 -9999 -9999 -9999 -9999 11.97 9.17 8.40 7.00 7.73 7.76 8.67 7.29 8.51 7.99 8.14 7.25 6.70 6.21 6.12 5.53 4.96 4.96 4.73 5.02 5.59 5.29 3.60 6.70 7.66 4.92 4.28 5.65 5.96 7.51 7.50 6.30 6.08 5.85 5.56 6.46 6.20 6.32 5.84 5.75 6.27 7.16 6.91 6.56 6.63 7.00 7.34 -9999 -9999 8.23 9.09 9.31 8.71 8.11 7.59 7.76 -9999 -9999 -9999 -9999 -9999 -9999 -9999 -9999 -9999 -9999 7.10 7.61 9.47 7.88 -9999 -9999 -9999
-9999 -9999 -9999 -9999 13.55 11.63 9.25 9.26 7.36 6.92 6.62 6.53 6.44 10.79 11.63 9.75 8.67 8.28 8.39 6.93 5.79 4.99 5.48 5.38 8.16 8.85 8.07 7.61 9.51 6.70 6.68 6.47 7.37 8.38 6.66 5.45 6.13 5.38 5.64 5.42 5.75 5.81 7.46 8.55 8.53 8.25 8.25 8.51 7.57 -9999 6.25 7.19 7.04 7.53 8.30 -9999 -9999 -9999 -9999 9.37 -9999 -9999 -9999 -9999 -9999 -9999 -9999 -9999 -9999 -9999 -9999 -9999 -9999 -9999 -9999 -9999 -9999 -9999
-9999 -9999 -9999 13.92 13.38 13.01 11.19 8.72 7.53 6.71 5.12 4.59 6.75 13.35 14.94 9.34 8.43 11.00 7.25 9.07 6.11 5.26 8.59 7.31 7.18 7.57 7.94 -9999 -9999 -9999 -9999 -9999 7.73 9.29 8.65 6.72 6.45 6.02 5.40 5.50 5.58 6.46 7.93 -9999 -9999 -9999 -9999 -9999 8.91 8.81 7.48 6.36 6.38 8.65 8.54 -9999 -9999 -9999 -9999 -9999 -9999 -9999 -9999 -9999 -9999 -9999 -9999 -9999 -9999 -9999 -9999 -9999 -9999 -9999 -9999 -9999 -9999 -9999
-9999 -9999 8.60 10.08 12.53 13.02 11.32 10.21 8.48 5.81 5.91 5.61 8.76 12.58 14.40 12.48 10.92 8.52 9.27 7.42 7.57 6.79 9.26 9.18 -9999 -9999 -9999 -9999 -9999 -9999 -9999 -9999 -9999 8.35 8.65 7.20 8.46 9.40 9.66 7.13 9.46 9.49 10.39 -9999 -9999 -9999 -9999 -9999 -9999 -9999 7.27 7.67 6.31 7.36 -9999 -9999 -9999 -9999 -9999 -9999 -9999 -9999 -9999 -9999 -9999 -9999 -9999 -9999 -9999 -9999 -9999 -9999 -9999 -9999 -9999 -9999 -9999 -9999
10.75 10.72 8.49 9.20 11.23 13.18 13.22 10.75 7.63 6.80 6.89 6.45 8.32 12.42 11.20 11.20 10.29 10.96 4.70 7.71 11.35 8.56 -9999 -9999 -9999 -9999 -9999 -9999 -9999 -9999 -9999 -9999 -9999 -9999 -9999 9.51 -9999 -9999 -9999 -9999 8.36 11.21 11.85 -9999 -9999 -9999 -9999 -9999 -9999 -9999 -9999 7.93 10.18 8.58 -9999 -9999 -9999 -9999 -9999 -9999 -9999 -9999 -9999 -9999 -9999 -9999 -9999 -9999 -9999 -9999 -9999 -9999 -9999 -9999 -9999 -9999 -9999 -9999
9.76 9.17 7.64 9.05 11.09 11.93 12.66 10.76 8.92 9.25 5.34 3.95 6.27 10.61 11.45 9.37 7.50 9.01 5.92 5.85 7.57 -9999 -9999 -9999 -9999 -9999 -9999 -9999 -9999 -9999 -9999 -9999 -9999 -9999 -9999 10.98 -9999 -9999 -9999 -9999 -9999 -9999 -9999 -9999 -9999 -9999 -9999 -9999 -9999 -9999 -9999 -9999 -9999 -9999 -9999 -9999 -9999 -9999 -9999 -9999 -9999 -9999 -9999 -9999 -9999 -9999 -9999 -9999 -9999 -9999 -9999 -9999 -9999 -9999 -9999 -9999 -9999 -9999
10.76 9.64 7.99 9.36 9.98 10.25 10.93 9.71 8.77 9.27 4.61 3.67 4.98 8.14 13.65 14.26 6.67 6.75 6.24 7.32 10.21 -9999 -9999 -9999 -9999 -9999 -9999 -9999 -9999 -9999 -9999 -9999 -9999 -9999 -9999 -9999 -9999 -9999 -9999 -9999 -9999 -9999 -9999 -9999 -9999 -9999 -9999 -9999 -9999 -9999 -9999 -9999 -9999 -9999 -9999 -9999 -9999 -9999 -9999 -9999 -9999 -9999 -9999 -9999 -9999 -9999 -9999 -9999 -9999 -9999 -9999 -9999 -9999 -9999 -9999 -9999 -9999 -9999
8.86 10.81 9.99 10.09 9.72 10.70 9.61 8.60 7.79 5.82 5.55 4.48 4.23 7.84 10.90 10.72 8.44 5.87 6.11 9.73 8.80 -9999 -9999 -9999 -9999 -9999 -9999 -9999 -9999 -9999 -9999 -9999 -9999 -9999 -9999 -9999 -9999 -9999 -9999 -9999 -9999 -9999 -9999 -9999 -9999 -9999 -9999 -9999 -9999 -9999 -9999 -9999 -9999 -9999 -9999 -9999 -9999 -9999 -9999 -9999 -9999 -9999 -9999 -9999 -9999 -9999 -9999 -9999 -9999 -9999 -9999 -9999 -9999 -9999 -9999 -9999 -9999 -9999
9.09 11.77 11.12 10.97 9.34 10.03 9.14 11.22 9.63 7.31 6.56 7.11 5.36 6.11 7.58 7.44 6.46 6.30 7.23 8.44 9.00 -9999 -9999 -9999 -9999 -9999 -9999 -9999 -9999 -9999 -9999 -9999 -9999 -9999 -9999 -9999 -9999 -9999 -9999 -9999 -9999 -9999 -9999 -9999 -9999 -9999 -9999 -9999 -9999 -9999 -9999 -9999 -9999 -9999 -9999 -9999 -9999 -9999 -9999 -9999 -9999 -9999 -9999 -9999 -9999 -9999 -9999 -9999 -9999 -9999 -9999 -9999 -9999 -9999 -9999 -9999 -9999 -9999
8.53 9.65 10.18 9.48 10.91 12.89 12.17 9.89 9.55 9.21 8.93 7.49 8.04 6.99 5.75 5.89 7.01 8.13 8.72 8.35 9.83 -9999 -9999 -9999 -9999 -9999 -9999 -9999 -9999 -9999 -9999 -9999 -9999 -9999 -9999 -9999 -9999 -9999 -9999 -9999 -9999 -9999 -9999 -9999 -9999 -9999 -9999 -9999 -9999 -9999 -9999 -9999 -9999 -9999 -9999 -9999 -9999 -9999 -9999 -9999 -9999 -9999 -9999 -9999 -9999 -9999 -9999 -9999 -9999 -9999 -9999 -9999 -9999 -9999 -9999 -9999 -9999 -9999
8.52 10.34 11.12 -9999 -9999 -9999 -9999 -9999 -9999 -9999 -9999 -9999 9.39 9.95 8.16 7.05 6.28 7.81 8.90 8.78 -9999 -9999 -9999 -9999 -9999 -9999 -9999 -9999 -9999 -9999 -9999 -9999 -9999 -9999 -9999 -9999 -9999 -9999 -9999 -9999 -9999 -9999 -9999 -9999 -9999 -9999 -9999 -9999 -9999 -9999 -9999 -9999 -9999 -9999 -9999 -9999 -9999 -9999 -9999 -9999 -9999 -9999 -9999 -9999 -9999 -9999 -9999 -9999 -9999 -9999 -9999 -9999 -9999 -9999 -9999 -9999 -9999 -9999
10.86 11.18 12.26 -9999 -9999 -9999 -9999 -9999 -9999 -9999 -9999 -9999 -9999 -9999 -9999 8.14 7.28 7.75 8.52 -9999 -9999 -9999 -9999 -9999 -9999 -9999 -9999 -9999 -9999 -9999 -9999 -9999 -9999 -9999 -9999 -9999 -9999 -9999 -9999 -9999 -9999 -9999 -9999 -9999 -9999 -9999 -9999 -9999 -9999 -9999 -9999 -9999 -9999 -9999 -9999 -9999 -9999 -9999 -9999 -9999 -9999 -9999 -9999 -9999 -9999 -9999 -9999 -9999 -9999 -9999 -9999 -9999 -9999 -9999 -9999 -9999 -9999 -9999
11.46 -9999 -9999 -9999 -9999 -9999 -9999 -9999 -9999 -9999 -9999 -9999 -9999 -9999 -9999 9.86 11.20 12.00 11.42 -9999 -9999 -9999 -9999 -9999 -9999 -9999 -9999 -9999 -9999 -9999 -9999 -9999 -9999 -9999 -9999 -9999 -9999 -9999 -9999 -9999 -9999 -9999 -9999 -9999 -9999 -9999 -9999 -9999 -9999 -9999 -9999 -9999 -9999 -9999 -9999 -9999 -9999 -9999 -9999 -9999 -9999 -9999 -9999 -9999 -9999 -9999 -9999 -9999 -9999 -9999 -9999 -9999 -9999 -9999 -9999 -9999 -9999 -9999
-9999 -9999 -9999 -9999 -9999 -9999 -9999 -9999 -9999 -9999 -9999 -9999 -9999 -9999 -9999 -9999 -9999 -9999 -9999 -9999 -9999 -9999 -9999 -9999 -9999 -9999 -9999 -9999 -9999 -9999 -9999 -9999 -9999 -9999 -9999 -9999 -9999 -9999 -9999 -9999 -9999 -9999 -9999 -9999 -9999 -9999 -9999 -9999 -9999 -9999 -9999 -9999 -9999 -9999 -9999 -9999 -9999 -9999 -9999 -9999 -9999 -9999 -9999 -9999 -9999 -9999 -9999 -9999 -9999 -9999 -9999 -9999 -9999 -9999 -9999 -9999 -9999 -9999
-9999 -9999 -9999 -9999 -9999 -9999 -9999 -9999 -9999 -9999 -9999 -9999 -9999 -9999 -9999 -9999 -9999 -9999 -9999 -9999 -9999 -9999 -9999 -9999 -9999 -9999 -9999 -9999 -9999 -9999 -9999 -9999 -9999 -9999 -9999 -9999 -9999 -9999 -9999 -9999 -9999 -9999 -9999 -9999 -9999 -9999 -9999 -9999 -9999 -9999 -9999 -9999 -9999 -9999 -9999 -9999 -9999 -9999 -9999 -9999 -9999 -9999 -9999 -9999 -9999 -9999 -9999 -9999 -9999 -9999 -9999 -9999 -9999 -9999 -9999 -9999 -9999 -9999
