ML/MeanWindSpeed_2000-09_Actual.txt
ncols         180
nrows         290
xllcorner     -200000
yllcorner     -200000
cellsize      5000
NODATA_value  -9999
[rows 175 to 209 of 290, columns 79 to 157 of 180]
-9999 -9999 -9999 -9999 -9999 -9999 -9999 11.13 10.47 9.79 8.86 7.68 5.64 3.55 6.66 12.87 6.45 8.72 7.84 6.79 5.49 4.33 5.21 6.49 7.04 5.77 4.62 5.44 6.61 6.32 6.51 7.42 6.87 6.88 6.84 7.13 7.29 7.25 7.40 7.14 10.40 10.23 8.44 8.61 7.31 7.20 7.99 7.87 6.76 6.59 7.12 6.60 6.32 6.99 6.70 7.51 7.29 7.34 7.21 7.17 8.00 7.29 7.44 7.71 7.74 8.10 8.35 8.43 8.66 9.06 8.16 9.40 10.89 -9999 -9999 -9999 -9999 -9999 -9999
-9999 -9999 -9999 -9999 -9999 -9999 -9999 -9999 11.78 9.86 8.05 5.89 5.09 5.39 15.21 10.38 4.93 8.97 4.84 6.86 6.36 4.27 3.77 8.84 6.07 6.15 5.44 5.07 5.72 6.12 5.60 6.25 6.92 7.09 7.07 6.87 7.07 6.81 6.58 8.14 8.81 10.93 8.79 9.27 8.60 5.57 7.31 8.91 6.90 6.86 6.91 6.20 6.32 6.75 6.76 7.70 7.34 7.34 7.67 7.68 8.05 7.91 7.72 7.77 7.86 8.04 8.40 9.32 8.52 8.02 8.10 9.13 10.67 -9999 -9999 -9999 -9999 -9999 -9999
-9999 -9999 -9999 -9999 -9999 -9999 -9999 -9999 -9999 9.80 7.29 6.45 7.41 14.63 15.40 9.91 7.82 7.47 7.55 8.06 7.69 7.66 5.45 4.75 8.09 5.21 5.02 5.66 5.50 5.74 5.66 5.62 6.46 6.65 6.65 6.88 6.88 6.61 6.73 7.75 9.11 9.38 7.51 7.78 9.26 7.64 5.43 8.86 7.07 6.88 6.95 6.18 6.39 6.48 7.06 7.82 7.53 7.50 7.77 7.53 8.40 7.98 7.91 7.98 7.98 8.26 8.14 8.13 7.89 7.83 8.12 9.41 10.81 -9999 -9999 -9999 -9999 -9999 -9999
-9999 -9999 -9999 -9999 -9999 -9999 -9999 -9999 -9999 8.82 7.55 8.90 10.43 11.33 12.50 6.70 4.76 6.84 8.68 8.85 9.22 7.91 6.09 3.88 8.24 7.12 5.70 6.29 5.57 5.65 5.77 6.44 6.50 6.73 6.82 6.59 6.45 6.62 8.16 8.10 6.63 9.98 7.89 8.53 9.90 9.46 7.45 6.70 6.50 5.62 6.57 6.98 6.25 6.30 6.47 7.24 7.33 7.75 7.81 7.62 7.80 8.45 8.37 8.44 8.23 8.17 7.97 7.76 7.74 8.12 8.89 10.10 -9999 -9999 -9999 -9999 -9999 -9999 -9999
-9999 -9999 -9999 -9999 -9999 -9999 -9999 -9999 -9999 8.42 8.71 9.42 9.03 12.49 9.90 6.09 6.40 5.02 6.41 8.78 7.60 9.94 7.74 4.32 7.57 8.26 8.13 6.34 6.09 5.60 6.19 7.06 7.01 6.79 6.59 6.38 6.59 7.71 8.01 6.77 6.67 8.88 8.57 8.51 8.35 7.56 7.32 7.82 5.33 6.00 6.20 6.00 6.32 6.07 7.02 6.71 7.25 7.70 7.86 7.98 9.31 8.87 8.67 8.50 8.40 8.21 8.00 7.84 7.93 8.76 9.87 -9999 -9999 -9999 -9999 -9999 -9999 -9999 -9999
-9999 -9999 -9999 -9999 -9999 -9999 -9999 -9999 9.81 15.85 9.98 10.75 12.19 7.65 14.52 11.54 9.31 7.52 10.00 7.77 7.92 6.78 4.54 5.57 8.79 7.64 7.98 6.32 5.74 5.41 6.73 6.97 6.79 6.83 6.49 6.35 7.34 7.38 7.05 7.62 8.35 6.65 10.11 9.46 7.02 7.46 6.74 6.13 5.99 5.30 5.38 5.65 6.41 6.07 5.87 7.41 7.15 7.54 7.93 8.16 9.21 8.75 8.59 8.63 8.35 8.19 7.88 7.78 8.45 9.50 -9999 -9999 -9999 -9999 -9999 -9999 -9999 10.83 -9999
-9999 -9999 -9999 -9999 -9999 -9999 10.06 9.87 12.74 11.33 9.39 9.70 10.52 6.13 6.95 8.64 10.09 9.16 10.80 8.72 8.05 3.40 4.77 5.20 3.85 4.58 5.15 6.67 6.28 6.02 6.99 7.30 7.31 6.95 7.00 7.68 7.05 7.71 7.09 7.96 8.25 7.88 7.19 6.62 7.87 7.33 6.75 6.59 6.37 6.07 5.12 5.84 5.65 5.15 5.65 6.51 6.85 7.29 7.45 7.97 9.02 8.57 8.26 8.45 8.19 7.98 7.72 7.93 8.79 -9999 -9999 -9999 -9999 -9999 10.87 10.47 10.07 9.56 9.63
-9999 -9999 -9999 -9999 -9999 10.28 10.06 9.94 10.12 9.79 9.46 9.05 7.53 5.15 6.29 8.19 8.40 13.06 6.84 4.41 4.05 2.16 7.49 9.06 8.66 6.21 5.97 7.16 7.22 7.08 7.48 7.95 7.57 7.51 7.46 7.79 7.91 6.94 7.05 8.19 8.00 7.47 6.93 6.92 7.26 6.45 6.71 5.79 5.63 5.96 5.50 5.14 4.77 4.97 6.00 6.16 6.39 6.83 7.26 7.72 9.10 8.70 8.18 8.14 7.95 7.79 7.62 7.85 8.55 -9999 -9999 -9999 -9999 -9999 10.06 9.44 9.12 8.73 8.69
-9999 -9999 -9999 -9999 11.06 11.55 10.70 10.42 -9999 -9999 -9999 -9999 8.42 10.84 9.32 9.66 9.93 6.79 4.60 6.66 6.11 5.21 12.65 11.27 9.33 9.84 8.02 6.98 7.54 7.78 7.55 7.68 7.70 7.59 7.88 7.27 8.08 6.98 6.98 7.29 7.46 7.50 7.21 6.31 6.36 6.36 6.05 5.37 5.05 4.89 4.93 5.07 5.23 5.58 5.89 6.15 6.86 7.44 7.61 7.69 8.52 8.45 8.43 7.93 7.78 7.62 7.44 7.51 8.09 9.19 -9999 -9999 -9999 -9999 9.40 8.85 8.46 8.37 8.38
-9999 -9999 -9999 -9999 12.02 13.16 10.57 10.85 -9999 -9999 -9999 -9999 9.15 10.35 11.54 7.17 9.58 7.92 7.04 8.58 9.52 7.11 10.22 5.53 7.14 7.74 7.48 6.99 7.40 7.84 7.81 7.97 8.41 7.68 8.05 7.52 7.34 7.65 6.84 6.99 6.20 6.80 7.72 7.93 7.78 6.53 5.75 5.30 5.02 5.23 4.82 5.43 6.09 6.35 7.16 6.88 8.41 8.40 8.42 7.70 8.13 8.19 8.19 7.71 7.71 7.58 7.37 7.31 7.44 8.17 8.85 -9999 -9999 9.66 9.43 9.09 8.98 8.53 8.18
-9999 -9999 -9999 -9999 -9999 -9999 -9999 -9999 -9999 -9999 -9999 -9999 9.66 11.33 8.94 6.00 7.38 5.86 10.62 8.57 4.80 7.70 7.41 6.40 7.25 6.40 6.18 6.02 7.55 7.70 8.05 7.90 7.53 7.29 7.11 6.86 6.96 7.34 6.86 6.57 6.33 6.40 6.48 7.34 7.64 6.20 6.92 7.37 6.13 5.70 5.30 5.17 6.44 7.34 8.09 7.82 7.40 7.82 8.42 7.97 8.31 8.14 8.14 7.58 7.65 7.59 7.45 7.31 7.13 7.34 7.85 8.59 9.04 9.00 9.24 8.71 9.18 8.97 8.76
-9999 -9999 -9999 -9999 -9999 -9999 -9999 -9999 -9999 -9999 -9999 -9999 -9999 11.36 4.31 4.69 7.47 10.76 8.74 8.54 7.75 4.78 5.91 7.12 4.77 5.23 4.80 5.51 6.48 7.18 7.53 7.73 7.46 6.89 6.58 6.89 6.89 7.15 7.04 6.60 7.80 7.03 6.16 6.32 6.58 6.79 6.57 7.23 7.22 6.37 7.05 6.10 6.32 6.99 6.55 6.76 6.94 7.12 8.29 8.28 8.10 7.75 8.05 7.57 7.64 7.59 7.45 7.37 7.34 7.39 7.45 7.90 8.33 8.50 8.60 8.77 9.44 9.20 8.73
-9999 -9999 -9999 -9999 -9999 -9999 -9999 -9999 -9999 -9999 -9999 -9999 -9999 8.64 11.09 11.71 9.85 8.06 6.18 7.02 4.60 4.65 4.18 4.06 6.51 5.36 4.97 6.56 6.21 6.40 6.94 6.76 6.91 7.19 6.97 8.02 7.86 7.28 6.89 6.48 7.67 8.07 6.95 6.27 6.23 6.62 6.67 6.72 6.97 7.20 8.70 7.80 6.61 6.36 6.54 7.23 8.11 8.35 8.04 8.51 8.14 7.74 7.61 7.54 7.62 7.59 7.58 7.52 7.51 7.56 7.67 7.92 8.22 8.53 8.69 8.72 9.29 9.20 9.46
-9999 -9999 -9999 -9999 -9999 -9999 -9999 -9999 -9999 -9999 -9999 -9999 11.12 10.15 7.46 12.90 7.83 5.59 6.64 5.93 4.61 7.00 4.93 4.91 7.57 5.17 9.78 6.66 5.01 5.44 7.14 6.47 6.41 8.60 8.51 8.18 7.19 7.26 7.01 6.55 7.02 7.28 6.93 6.43 6.51 6.49 6.38 6.84 6.76 7.45 7.29 7.09 6.92 6.70 7.18 7.86 8.67 8.69 7.95 8.06 7.92 7.76 7.69 7.59 7.60 7.66 7.67 7.64 7.59 7.65 7.78 7.92 8.19 8.80 8.96 8.84 9.01 9.28 8.68
-9999 -9999 -9999 -9999 -9999 -9999 -9999 -9999 -9999 -9999 -9999 -9999 9.77 9.83 12.55 6.01 2.20 3.69 4.20 5.75 8.20 8.27 6.01 5.68 6.09 4.89 5.95 6.72 7.40 7.20 6.25 6.66 6.60 6.82 7.61 7.11 6.93 7.41 7.20 7.17 7.34 7.01 7.14 6.95 6.76 6.54 6.12 6.33 6.59 7.08 7.29 7.05 6.46 6.85 7.82 8.88 8.37 8.78 8.64 8.04 7.58 8.30 7.71 7.81 7.68 7.75 7.65 7.64 7.64 7.63 7.71 7.89 8.09 8.92 8.90 8.61 8.70 9.09 8.73
-9999 -9999 -9999 -9999 -9999 -9999 -9999 -9999 -9999 -9999 -9999 -9999 9.80 11.08 4.72 5.02 3.43 4.22 4.97 9.34 8.05 8.77 6.05 5.14 3.85 3.68 5.08 8.40 9.92 10.81 7.18 8.45 6.76 6.59 7.08 6.39 6.58 7.01 7.32 7.36 6.70 6.75 7.86 7.33 6.76 6.55 7.11 6.14 6.65 6.79 6.65 6.36 6.25 6.80 7.32 7.86 7.90 7.84 7.33 7.33 7.79 8.14 7.30 7.23 7.61 7.69 7.64 7.56 7.46 7.54 7.60 7.74 7.93 8.32 8.33 8.52 8.34 8.54 8.31
-9999 -9999 -9999 -9999 -9999 -9999 -9999 -9999 -9999 -9999 -9999 -9999 -9999 7.17 7.58 8.42 9.03 9.03 7.17 7.80 6.27 3.34 3.24 3.02 4.12 4.80 4.82 6.71 7.37 10.09 8.57 7.45 6.28 7.19 7.54 6.26 7.07 6.62 6.93 8.31 6.54 6.43 6.52 6.77 6.47 6.34 7.37 7.07 6.67 7.00 6.63 6.45 6.72 7.17 6.83 6.91 6.72 7.41 6.95 7.88 8.01 7.38 7.08 7.53 7.59 7.39 7.33 7.30 7.34 7.40 7.45 7.55 7.66 7.82 7.92 8.08 7.84 7.62 7.68
-9999 -9999 -9999 -9999 -9999 -9999 -9999 -9999 -9999 -9999 -9999 -9999 -9999 8.13 9.06 9.15 9.35 10.24 9.04 6.80 4.93 3.54 5.14 6.98 8.43 9.99 7.57 5.98 6.98 8.20 8.25 6.75 8.19 7.15 7.68 6.81 7.61 7.04 6.82 6.93 7.55 7.18 6.71 6.48 6.41 6.39 7.15 7.20 6.98 6.96 7.23 7.39 7.46 7.50 6.79 6.75 7.79 7.90 8.01 7.77 8.06 7.38 7.48 7.90 7.22 7.07 7.06 7.09 7.23 7.27 7.26 7.34 7.42 7.51 7.46 7.24 6.80 6.54 6.74
-9999 -9999 -9999 -9999 -9999 -9999 -9999 -9999 -9999 -9999 -9999 -9999 7.97 6.52 7.57 9.01 8.67 6.99 6.84 5.85 7.28 10.96 8.67 8.82 8.50 6.88 6.23 7.08 7.95 6.84 6.83 7.62 8.49 8.12 7.80 6.59 7.75 6.89 6.99 7.91 7.00 7.25 7.28 6.80 6.69 6.52 7.23 7.29 6.79 6.94 6.93 6.86 7.38 6.92 7.75 7.50 7.96 7.35 7.72 7.91 7.31 7.16 7.79 7.73 7.09 7.02 7.22 7.09 7.22 7.25 7.30 7.28 7.19 7.13 6.92 7.00 6.92 6.78 6.16
-9999 -9999 -9999 -9999 -9999 -9999 -9999 -9999 -9999 -9999 -9999 -9999 8.86 7.17 6.73 6.59 6.88 9.19 9.01 8.58 7.82 8.33 9.72 10.43 9.67 6.56 8.54 9.74 6.82 8.78 6.29 7.26 8.27 9.51 6.75 7.07 6.38 6.43 6.95 7.44 9.30 7.84 7.78 7.37 7.09 6.91 7.18 7.05 6.68 6.75 6.69 6.59 6.51 7.47 7.92 8.01 8.33 7.49 7.25 7.35 7.01 7.31 7.75 7.58 7.33 7.58 7.32 7.55 7.24 7.25 7.39 7.39 7.04 6.79 6.49 6.27 6.71 6.71 6.73
-9999 -9999 -9999 -9999 -9999 -9999 -9999 -9999 -9999 -9999 -9999 -9999 7.60 6.88 4.78 5.33 6.52 9.44 7.88 8.62 7.25 9.27 8.90 7.32 7.26 8.24 8.55 7.66 6.93 7.44 9.81 6.75 6.20 6.35 6.39 7.74 6.99 6.24 6.75 7.32 7.52 7.28 8.03 7.73 7.26 7.23 6.82 6.43 6.77 6.89 6.91 6.36 6.82 7.85 7.98 7.40 7.48 8.08 7.38 7.57 6.78 7.54 7.64 7.16 7.23 7.30 6.74 6.89 6.90 7.06 7.15 7.03 6.77 6.47 6.11 6.17 5.65 5.98 6.30
-9999 -9999 -9999 -9999 -9999 -9999 -9999 -9999 -9999 -9999 -9999 8.05 8.25 9.64 7.07 4.61 7.05 7.49 8.98 9.43 6.13 7.08 6.58 7.30 7.95 7.06 7.42 9.28 8.42 7.89 7.57 6.44 5.26 5.43 6.46 6.70 6.83 6.86 6.61 6.50 7.07 7.25 6.84 7.28 6.93 7.39 6.77 6.53 6.53 6.25 6.04 6.13 7.10 7.14 7.34 6.98 7.56 7.61 7.39 6.84 7.54 7.58 7.52 7.81 7.58 7.07 6.80 6.63 6.82 7.00 6.92 6.81 6.49 6.11 5.98 6.07 5.87 5.95 6.28
-9999 -9999 -9999 -9999 -9999 -9999 -9999 -9999 -9999 -9999 9.04 8.71 8.80 6.95 5.00 7.01 9.49 9.52 7.91 9.60 7.02 8.43 7.29 6.15 10.54 7.36 8.60 7.51 7.85 6.88 6.85 6.79 7.12 6.01 7.53 6.41 7.16 6.49 6.38 6.60 6.80 6.90 6.76 6.91 7.10 7.14 6.06 6.45 6.31 6.41 6.45 6.51 6.94 6.42 7.19 6.95 7.13 6.58 6.71 7.69 8.04 7.67 7.78 7.78 7.19 7.38 7.22 7.12 7.16 6.97 6.75 6.51 6.46 6.22 6.66 6.72 6.74 6.81 6.34
-9999 -9999 -9999 -9999 -9999 -9999 -9999 -9999 10.47 9.01 7.94 6.40 5.78 6.02 5.93 8.38 9.30 9.91 11.00 9.40 7.53 4.94 7.73 6.86 9.63 8.09 7.91 8.27 7.17 6.86 6.26 6.82 7.82 6.99 6.88 5.29 6.01 6.53 6.63 7.22 6.88 7.05 6.56 6.60 6.64 6.13 6.03 6.19 6.74 6.62 7.34 7.59 7.07 6.73 6.46 6.45 7.11 7.52 7.39 7.61 7.03 7.78 7.88 7.42 6.93 6.93 7.50 7.35 7.36 6.72 6.53 6.35 6.40 7.04 7.36 7.13 7.70 7.60 7.42
-9999 -9999 -9999 -9999 10.52 10.18 9.37 11.83 11.49 10.99 10.39 7.65 6.66 6.34 9.98 8.43 9.97 9.27 8.52 5.62 4.66 3.95 6.18 6.40 11.51 10.13 8.18 6.87 7.64 7.19 8.20 5.75 6.95 6.98 6.61 5.95 5.77 6.22 7.16 6.69 6.05 7.21 6.37 6.08 5.56 5.93 6.55 6.72 5.96 6.93 6.77 6.90 7.50 7.37 7.17 7.09 7.59 7.59 7.33 6.94 7.59 6.95 6.86 6.88 6.82 7.31 7.32 7.21 6.65 6.18 6.32 6.59 7.32 7.37 7.06 7.68 7.08 7.45 7.83
-9999 -9999 -9999 11.23 9.33 10.01 9.64 8.97 10.14 9.26 9.13 6.87 5.93 9.10 9.24 9.57 6.81 10.17 6.38 4.18 8.40 6.36 4.33 10.55 8.91 6.81 3.59 4.95 6.33 8.80 6.15 5.51 5.41 5.53 7.11 6.68 6.97 6.54 6.85 6.26 5.92 6.75 6.12 5.27 5.34 6.09 6.80 6.33 7.69 6.60 6.53 6.73 7.24 6.82 6.79 6.60 6.73 7.17 7.06 7.39 6.90 6.55 6.67 7.03 6.71 6.78 6.55 5.87 5.70 5.75 6.05 6.50 6.82 7.46 7.49 7.55 7.30 7.26 7.42
-9999 -9999 10.28 9.79 7.57 7.34 7.59 8.11 7.72 8.35 7.46 7.62 11.01 8.77 7.31 10.22 5.25 6.71 6.42 9.02 8.40 9.11 7.42 7.56 5.76 2.11 6.57 7.80 5.70 6.14 5.44 5.17 5.66 5.32 5.87 7.24 7.79 6.40 6.37 6.26 6.35 5.84 4.99 4.77 7.19 6.27 6.17 6.36 6.98 6.81 6.59 6.94 7.31 7.23 7.58 7.11 6.36 6.28 6.39 6.98 6.70 6.41 7.10 7.01 6.58 6.50 6.07 5.76 5.96 6.06 6.27 6.68 6.77 7.47 7.08 7.01 7.28 7.02 7.17
10.31 11.12 8.78 8.44 8.93 8.25 7.71 9.38 8.71 9.01 8.60 10.56 9.93 8.32 8.74 7.97 5.60 4.72 7.79 8.40 7.01 7.08 8.89 6.97 3.68 6.51 8.15 7.18 7.90 5.83 5.97 5.63 6.04 7.69 6.13 7.97 6.77 6.29 6.29 6.34 7.13 4.98 5.08 8.06 6.30 6.36 6.29 6.49 7.19 6.40 6.69 6.93 6.70 7.12 7.09 6.65 6.18 6.37 6.18 6.48 6.69 6.66 6.25 5.97 6.04 6.09 6.32 7.38 6.76 7.33 6.93 6.22 7.31 7.43 7.69 7.56 7.39 7.45 7.17
10.07 11.91 14.11 12.81 12.13 9.65 10.54 11.84 10.93 10.62 12.03 10.27 9.26 10.56 7.28 4.63 4.33 3.87 6.36 6.20 5.37 4.80 5.84 6.28 7.24 13.58 9.89 7.67 6.27 6.74 6.39 8.01 6.83 6.98 6.03 6.26 6.45 6.57 6.26 5.95 5.56 5.00 7.62 8.20 7.79 7.02 6.76 8.41 7.06 6.58 6.91 6.60 7.21 7.14 6.87 6.14 6.81 6.47 6.05 7.36 7.01 5.93 5.70 5.76 5.89 6.46 7.23 7.44 7.11 7.38 6.83 6.50 7.26 7.68 7.47 7.78 7.67 7.79 7.67
10.17 11.04 11.25 10.54 9.41 11.05 10.28 11.66 9.24 10.10 11.76 10.46 8.41 8.87 5.28 4.18 6.29 6.63 5.39 3.85 5.24 2.77 3.02 4.34 8.70 11.16 11.48 6.40 7.37 7.67 7.91 7.37 6.19 6.76 6.32 6.69 6.38 6.61 5.74 5.22 5.73 5.77 7.95 7.95 7.80 7.08 7.62 8.52 7.75 7.36 7.02 7.18 7.06 6.63 6.30 6.29 6.56 6.84 6.56 6.36 6.07 5.75 6.66 7.31 6.27 6.53 7.19 7.37 6.82 7.07 6.94 6.87 7.01 7.27 7.71 7.63 7.66 7.40 7.55
9.46 9.91 9.45 9.73 9.10 9.39 10.80 9.67 10.16 8.73 8.24 7.69 7.26 6.83 8.12 7.03 9.70 14.15 6.96 6.91 6.61 9.65 9.20 3.09 3.20 11.49 9.02 8.27 9.01 9.94 8.05 6.24 5.49 7.05 7.65 7.01 6.37 5.79 5.16 4.88 5.92 8.24 8.64 7.78 7.63 7.54 7.22 6.91 7.50 6.94 6.85 6.64 6.29 6.02 5.94 6.71 6.46 6.15 6.09 5.36 5.51 6.36 6.44 7.06 6.59 6.64 6.65 6.76 7.08 7.09 6.94 6.82 6.96 7.15 7.27 7.69 7.64 7.17 7.34
9.07 9.82 8.86 9.17 9.24 9.64 9.11 9.24 9.93 9.05 9.74 8.32 10.23 7.34 9.36 11.01 10.74 11.32 11.77 9.42 10.67 12.00 7.28 8.38 6.76 2.63 7.79 9.23 7.07 7.49 5.71 7.16 7.01 9.26 8.71 7.01 6.37 5.62 5.08 5.86 8.38 7.44 9.03 8.04 7.95 8.59 7.42 7.73 6.35 6.52 6.25 6.17 6.03 6.28 6.18 6.03 5.59 5.18 4.85 5.18 6.28 7.16 6.77 6.28 6.86 6.31 6.94 6.37 6.36 6.37 6.38 6.56 6.75 7.20 7.01 7.48 7.44 7.23 7.60
9.33 9.08 10.29 11.30 12.73 11.80 10.79 10.22 9.59 9.87 11.76 9.18 10.27 7.31 8.46 8.66 7.56 5.95 7.57 6.55 9.14 9.75 11.33 9.36 9.48 7.63 11.34 7.65 7.11 6.76 7.23 6.70 8.98 8.65 8.99 6.53 6.08 5.57 8.32 8.68 8.43 8.85 7.55 8.16 8.47 8.09 6.33 5.93 5.99 5.89 5.92 6.20 6.30 6.72 6.45 6.14 5.23 4.41 4.48 5.63 7.33 6.16 6.65 6.75 6.32 6.04 6.09 5.99 6.20 6.35 5.95 6.43 6.55 6.70 6.98 7.19 6.85 6.70 7.69
9.74 9.39 9.59 11.10 11.41 12.08 11.55 11.00 10.63 10.25 10.36 12.17 8.96 11.59 10.32 9.97 10.11 7.77 4.98 4.88 7.17 6.98 9.16 9.37 7.79 10.25 10.42 6.65 7.71 5.79 6.21 7.92 8.83 8.28 7.58 6.17 5.49 6.82 6.50 8.01 7.92 7.50 7.84 7.59 7.05 6.28 5.14 4.91 5.14 5.49 7.20 6.49 7.31 6.66 5.97 4.69 4.09 4.26 5.17 6.71 6.83 6.69 6.88 6.66 6.22 6.18 6.53 7.08 6.02 6.48 7.02 6.45 6.22 6.67 6.27 6.68 7.49 7.13 6.99
10.34 10.70 11.28 12.30 -9999 -9999 -9999 -9999 11.45 10.92 11.31 9.23 8.08 9.15 9.21 8.87 7.88 4.31 10.80 10.56 6.97 6.42 6.92 8.60 9.26 10.03 7.96 7.33 6.64 5.79 9.19 8.17 9.50 6.93 6.71 6.34 5.85 7.51 6.37 7.79 7.71 7.05 7.10 6.71 6.04 5.20 4.70 4.70 5.11 5.56 7.09 6.98 7.62 7.50 6.20 4.82 4.11 5.27 5.35 6.41 7.06 7.21 6.16 6.07 5.87 6.61 6.91 6.96 5.99 6.45 6.99 6.81 6.39 7.03 6.84 6.91 7.25 7.40 7.16
