ML/MeanWindSpeed_1997-04_Actual.txt
ncols         180
nrows         290
xllcorner     -200000
yllcorner     -200000
cellsize      5000
NODATA_value  -9999
[rows 140 to 174 of 290, columns 79 to 157 of 180]
-9999 -9999 10.83 -9999 -9999 -9999 9.83 10.07 9.02 8.86 9.27 -9999 -9999 9.29 7.99 9.94 10.77 -9999 -9999 -9999 -9999 -9999 8.88 8.11 6.44 6.57 6.33 6.89 6.80 7.44 7.67 6.10 7.74 10.07 11.33 8.90 10.39 11.02 11.17 9.00 9.15 8.86 7.25 4.92 4.46 4.64 2.62 3.35 5.45 7.25 -9999 -9999 -9999 -9999 -9999 -9999 -9999 -9999 -9999 -9999 -9999 -9999 -9999 -9999 -9999 -9999 -9999 -9999 -9999 -9999 -9999 -9999 -9999 -9999 -9999 -9999 -9999 -9999 -9999
-9999 -9999 10.72 10.77 -9999 -9999 -9999 9.97 10.50 10.13 10.16 -9999 -9999 -9999 -9999 9.59 -9999 -9999 -9999 -9999 -9999 -9999 8.00 7.49 6.94 7.48 8.11 8.10 7.49 7.67 7.23 6.62 6.60 9.07 10.54 7.56 11.82 11.39 12.18 9.36 9.09 9.88 7.22 5.27 4.31 3.07 2.28 3.28 5.23 7.26 -9999 -9999 -9999 -9999 -9999 -9999 -9999 -9999 -9999 -9999 -9999 -9999 -9999 -9999 -9999 -9999 -9999 -9999 -9999 -9999 -9999 -9999 -9999 -9999 -9999 -9999 -9999 -9999 -9999
-9999 -9999 -9999 11.89 -9999 -9999 -9999 -9999 10.43 11.18 10.77 -9999 -9999 -9999 -9999 -9999 -9999 -9999 -9999 -9999 -9999 8.59 7.91 8.15 8.30 8.47 9.52 9.25 8.56 8.47 7.90 7.72 6.53 7.33 12.32 12.38 11.75 11.43 9.30 8.37 8.33 6.56 4.50 5.71 5.43 2.92 2.65 3.79 5.44 7.66 9.12 -9999 -9999 -9999 -9999 -9999 -9999 -9999 -9999 -9999 -9999 -9999 -9999 -9999 -9999 -9999 -9999 -9999 -9999 -9999 -9999 -9999 -9999 -9999 -9999 -9999 -9999 -9999 -9999
-9999 -9999 -9999 12.82 -9999 -9999 -9999 -9999 -9999 -9999 -9999 -9999 -9999 -9999 -9999 -9999 -9999 -9999 -9999 -9999 -9999 8.59 7.46 6.89 6.57 6.20 12.00 9.88 8.83 10.31 8.12 9.00 5.76 5.75 10.29 13.57 10.64 9.34 12.79 14.06 12.31 9.64 7.82 4.12 4.28 3.94 4.75 4.53 5.66 8.08 9.26 9.59 -9999 -9999 -9999 -9999 -9999 -9999 -9999 -9999 -9999 -9999 -9999 -9999 -9999 -9999 -9999 -9999 -9999 -9999 -9999 -9999 -9999 -9999 -9999 -9999 -9999 -9999 -9999
-9999 -9999 -9999 -9999 -9999 -9999 -9999 -9999 -9999 -9999 -9999 -9999 -9999 -9999 -9999 -9999 -9999 -9999 -9999 -9999 8.48 7.83 6.88 6.27 9.05 5.50 15.43 14.43 8.23 9.02 8.26 7.69 7.88 5.54 6.35 13.62 13.26 11.52 10.28 9.37 10.94 10.01 8.50 6.37 5.10 4.77 4.63 4.97 6.53 7.34 7.84 8.62 -9999 -9999 -9999 -9999 -9999 -9999 -9999 -9999 -9999 -9999 -9999 -9999 -9999 -9999 -9999 -9999 -9999 -9999 -9999 -9999 -9999 -9999 -9999 -9999 -9999 -9999 -9999
-9999 -9999 -9999 -9999 -9999 -9999 -9999 -9999 -9999 -9999 -9999 -9999 -9999 -9999 -9999 -9999 -9999 -9999 -9999 -9999 7.65 8.16 6.13 7.97 14.32 8.48 5.62 10.08 10.95 9.12 8.89 8.37 7.98 6.96 7.03 8.67 15.44 12.91 11.60 9.50 9.01 8.74 6.99 6.46 6.16 6.67 5.51 6.51 6.44 6.99 7.04 7.51 8.14 8.65 8.79 -9999 -9999 -9999 -9999 -9999 -9999 -9999 -9999 -9999 -9999 -9999 -9999 -9999 -9999 -9999 -9999 -9999 -9999 -9999 -9999 -9999 -9999 -9999 -9999
-9999 -9999 -9999 -9999 -9999 -9999 -9999 -9999 -9999 -9999 -9999 -9999 -9999 -9999 -9999 -9999 -9999 -9999 -9999 -9999 7.58 7.30 7.07 10.25 7.19 7.38 8.44 11.77 9.18 8.15 11.38 7.27 9.21 8.07 7.95 7.45 9.82 11.52 11.10 10.15 9.27 7.20 7.06 6.45 5.98 5.77 6.11 6.24 6.70 6.48 6.56 6.83 9.32 8.11 9.03 9.77 9.66 -9999 -9999 -9999 -9999 -9999 -9999 -9999 -9999 -9999 -9999 -9999 -9999 -9999 -9999 -9999 -9999 -9999 -9999 -9999 -9999 -9999 -9999
-9999 -9999 -9999 -9999 -9999 -9999 -9999 -9999 -9999 -9999 -9999 -9999 -9999 -9999 -9999 -9999 -9999 -9999 -9999 -9999 7.55 7.17 7.97 12.54 13.68 10.46 7.67 8.58 9.45 11.89 8.11 11.05 9.54 8.76 9.08 8.53 6.82 7.29 10.90 10.40 9.40 8.39 7.45 6.95 6.87 6.77 6.41 6.68 6.61 6.30 6.77 6.88 7.55 9.73 9.34 9.49 10.54 10.55 9.13 -9999 -9999 -9999 -9999 -9999 -9999 -9999 -9999 -9999 -9999 -9999 -9999 -9999 -9999 -9999 -9999 -9999 -9999 -9999 -9999
-9999 -9999 -9999 -9999 -9999 -9999 -9999 -9999 -9999 -9999 -9999 -9999 -9999 -9999 -9999 -9999 -9999 -9999 -9999 -9999 7.84 6.70 8.43 9.73 6.25 16.28 13.78 7.75 9.88 8.42 11.70 12.46 9.38 8.08 8.78 9.04 7.05 12.98 11.65 11.25 11.56 11.63 10.65 7.77 8.60 7.51 7.17 7.12 6.99 6.91 6.71 6.17 6.68 8.72 7.87 7.64 8.39 9.67 8.45 10.78 -9999 -9999 -9999 -9999 -9999 -9999 -9999 -9999 -9999 -9999 -9999 -9999 -9999 -9999 -9999 -9999 -9999 -9999 -9999
-9999 -9999 -9999 -9999 -9999 -9999 -9999 -9999 11.44 12.30 12.92 -9999 -9999 -9999 -9999 -9999 -9999 -9999 -9999 -9999 -9999 7.36 6.24 5.23 7.19 9.06 11.92 7.01 5.16 9.72 9.33 8.92 8.08 9.58 9.68 8.55 9.00 10.98 10.82 13.66 12.50 10.50 9.87 10.26 8.90 7.90 7.58 7.32 7.35 6.85 6.41 9.87 8.85 11.32 11.66 10.72 9.85 7.78 10.27 10.66 9.81 -9999 -9999 -9999 -9999 -9999 -9999 -9999 -9999 -9999 -9999 -9999 -9999 -9999 -9999 -9999 -9999 -9999 -9999
-9999 -9999 -9999 -9999 -9999 -9999 -9999 -9999 9.05 9.95 -9999 -9999 -9999 -9999 -9999 -9999 -9999 -9999 -9999 -9999 -9999 -9999 6.21 4.13 7.44 7.92 14.53 8.32 8.68 8.11 6.56 6.16 6.80 6.74 13.35 8.25 8.98 12.74 10.45 8.02 7.40 11.01 7.79 10.16 8.61 7.72 7.36 7.32 7.02 7.38 9.21 9.95 9.10 8.63 8.21 9.22 10.14 9.74 10.04 9.83 11.60 -9999 -9999 -9999 -9999 -9999 -9999 -9999 -9999 -9999 -9999 -9999 -9999 -9999 -9999 -9999 -9999 -9999 -9999
-9999 -9999 -9999 -9999 -9999 -9999 -9999 8.20 10.19 10.00 10.13 -9999 -9999 -9999 -9999 -9999 -9999 -9999 -9999 -9999 -9999 -9999 6.75 7.91 8.44 8.69 7.11 8.89 7.55 7.27 6.56 6.12 7.80 6.67 5.48 12.71 9.04 8.13 11.12 9.39 11.68 9.25 9.52 8.31 8.10 7.79 7.75 7.17 6.83 7.79 8.75 7.92 8.50 9.19 8.85 9.33 9.26 9.53 9.72 8.53 11.03 10.21 -9999 -9999 -9999 -9999 -9999 -9999 -9999 -9999 -9999 -9999 -9999 -9999 -9999 -9999 -9999 -9999 -9999
-9999 -9999 -9999 -9999 -9999 -9999 7.50 10.69 11.74 14.40 9.57 -9999 -9999 -9999 -9999 -9999 -9999 -9999 -9999 -9999 -9999 -9999 7.73 11.00 8.57 5.23 6.83 6.79 7.66 6.38 5.90 6.80 7.80 5.73 10.80 8.34 10.85 8.30 12.16 7.59 8.72 7.15 9.03 7.79 8.08 8.29 7.36 7.27 6.69 6.69 9.06 9.32 8.90 7.93 8.13 7.91 8.08 8.44 9.75 9.78 9.46 10.27 -9999 -9999 -9999 -9999 -9999 -9999 -9999 -9999 -9999 -9999 -9999 -9999 -9999 -9999 -9999 -9999 -9999
-9999 -9999 -9999 -9999 -9999 8.49 7.87 13.31 10.59 10.21 -9999 -9999 -9999 -9999 -9999 -9999 -9999 -9999 -9999 -9999 -9999 -9999 -9999 7.51 5.87 5.61 7.77 6.04 8.00 6.69 6.35 6.26 6.99 5.79 10.78 10.48 11.32 10.79 11.58 11.46 11.39 10.18 9.66 9.78 9.26 7.67 7.42 7.22 6.66 6.47 6.93 10.58 9.54 7.39 7.01 7.16 6.97 7.08 7.14 7.45 7.37 8.30 9.68 10.31 -9999 -9999 -9999 -9999 -9999 -9999 -9999 -9999 -9999 -9999 -9999 -9999 -9999 -9999 -9999
-9999 -9999 -9999 -9999 -9999 10.30 11.35 8.05 8.34 8.99 -9999 -9999 -9999 -9999 -9999 -9999 -9999 -9999 -9999 -9999 -9999 -9999 -9999 -9999 6.62 7.28 6.86 6.33 7.50 7.15 7.24 6.81 7.40 5.68 10.56 9.72 8.88 10.82 9.95 9.31 12.87 12.69 9.53 10.84 9.71 9.18 7.58 7.17 6.85 6.58 6.68 7.40 7.79 7.24 7.26 7.21 7.19 6.94 6.84 6.96 7.24 9.76 10.07 9.84 -9999 -9999 -9999 -9999 -9999 -9999 -9999 -9999 -9999 -9999 -9999 -9999 -9999 -9999 -9999
-9999 -9999 -9999 -9999 -9999 10.69 9.24 9.55 8.80 -9999 -9999 -9999 -9999 -9999 -9999 -9999 -9999 -9999 -9999 -9999 -9999 -9999 -9999 -9999 7.74 7.81 7.44 -9999 7.69 -9999 7.50 6.62 6.08 5.27 5.30 9.74 9.12 9.47 12.37 6.78 7.61 12.32 10.60 9.99 9.84 8.82 7.78 7.53 7.52 7.10 6.92 6.97 7.69 8.65 7.76 8.24 7.42 6.83 7.70 8.79 8.51 8.06 8.13 9.59 11.05 11.46 -9999 -9999 -9999 -9999 -9999 -9999 -9999 -9999 -9999 -9999 -9999 -9999 -9999
-9999 -9999 -9999 -9999 10.39 9.27 8.86 -9999 -9999 -9999 -9999 -9999 -9999 -9999 -9999 -9999 -9999 -9999 -9999 -9999 -9999 -9999 -9999 -9999 8.79 8.03 7.46 -9999 -9999 -9999 7.39 7.81 5.32 6.09 7.01 5.99 6.13 7.67 11.11 11.00 6.68 10.23 11.64 9.26 10.28 9.39 8.52 7.14 7.33 7.15 7.06 7.02 7.20 7.58 7.63 7.99 7.03 7.56 8.58 9.33 9.59 9.41 8.66 8.57 9.45 10.43 -9999 -9999 -9999 -9999 -9999 -9999 -9999 -9999 -9999 -9999 -9999 -9999 -9999
-9999 -9999 -9999 -9999 -9999 -9999 -9999 -9999 -9999 -9999 -9999 -9999 -9999 -9999 -9999 -9999 -9999 -9999 -9999 -9999 -9999 -9999 -9999 -9999 -9999 -9999 -9999 -9999 -9999 8.01 6.73 6.54 8.01 8.83 9.21 8.96 7.64 7.95 10.24 10.04 8.39 6.64 9.48 10.66 9.26 8.62 8.06 7.57 7.43 7.59 7.16 6.98 7.01 7.05 7.07 6.80 7.72 10.04 8.77 9.38 8.78 8.85 8.08 8.49 9.13 -9999 -9999 -9999 -9999 -9999 -9999 -9999 -9999 -9999 -9999 -9999 -9999 -9999 -9999
-9999 -9999 -9999 -9999 -9999 -9999 -9999 -9999 -9999 -9999 -9999 -9999 -9999 -9999 -9999 -9999 -9999 -9999 -9999 -9999 -9999 -9999 -9999 -9999 -9999 -9999 -9999 -9999 -9999 7.56 6.57 7.66 9.76 11.93 10.72 8.07 9.03 6.71 7.12 6.74 8.24 8.74 9.33 9.66 9.39 8.42 8.15 7.94 7.37 7.53 7.05 6.99 7.03 7.11 7.07 6.77 7.41 10.70 10.04 8.70 8.49 8.36 8.13 8.52 9.24 -9999 -9999 -9999 -9999 -9999 -9999 -9999 -9999 -9999 -9999 -9999 -9999 -9999 -9999
-9999 -9999 -9999 -9999 -9999 -9999 -9999 -9999 -9999 -9999 -9999 -9999 -9999 -9999 -9999 -9999 -9999 -9999 -9999 -9999 -9999 -9999 -9999 -9999 -9999 -9999 -9999 -9999 -9999 6.96 6.04 6.33 8.55 9.52 9.04 8.26 7.99 7.20 7.63 6.77 6.71 7.44 6.14 9.57 8.50 9.36 8.32 8.12 7.15 6.96 7.05 6.99 7.05 7.05 7.09 7.04 7.06 8.85 9.67 9.07 8.63 8.68 8.42 8.54 8.84 -9999 -9999 -9999 -9999 -9999 -9999 -9999 -9999 -9999 -9999 -9999 -9999 -9999 -9999
-9999 -9999 -9999 -9999 -9999 -9999 -9999 -9999 -9999 -9999 -9999 -9999 -9999 -9999 -9999 -9999 -9999 -9999 -9999 -9999 -9999 -9999 -9999 -9999 -9999 -9999 -9999 8.80 7.65 6.45 5.87 7.92 9.16 11.42 8.65 10.05 6.21 7.25 7.16 8.06 8.46 8.19 9.70 6.81 7.15 7.24 7.25 6.93 7.62 6.89 6.87 7.14 6.93 6.97 7.13 7.11 7.22 7.60 9.29 9.10 8.72 8.73 8.68 8.34 8.08 8.69 -9999 -9999 -9999 -9999 -9999 -9999 -9999 -9999 -9999 -9999 -9999 -9999 -9999
-9999 -9999 -9999 -9999 -9999 -9999 -9999 -9999 -9999 -9999 -9999 -9999 -9999 -9999 -9999 -9999 -9999 -9999 -9999 -9999 -9999 -9999 -9999 -9999 -9999 -9999 -9999 8.27 7.03 6.33 5.99 6.34 8.62 6.76 6.86 5.71 7.04 9.66 7.71 8.84 8.33 9.26 6.43 9.54 7.77 8.74 8.45 8.50 7.51 7.15 6.88 6.80 6.82 6.95 7.04 7.19 7.25 7.42 8.16 9.39 9.05 8.76 8.79 8.06 7.29 8.15 -9999 -9999 -9999 -9999 -9999 -9999 -9999 -9999 -9999 -9999 -9999 -9999 -9999
-9999 -9999 -9999 -9999 -9999 -9999 -9999 -9999 -9999 -9999 -9999 -9999 -9999 -9999 -9999 -9999 -9999 -9999 -9999 -9999 -9999 -9999 -9999 -9999 -9999 -9999 -9999 8.29 6.94 6.51 6.24 6.39 6.69 6.98 6.43 5.78 7.07 7.51 7.06 8.41 10.24 8.21 7.72 6.62 8.15 6.78 7.34 7.88 8.10 7.35 7.12 6.77 6.78 6.94 7.06 7.20 7.35 7.52 7.97 9.14 9.86 9.07 8.61 7.78 6.84 7.38 8.42 -9999 -9999 -9999 -9999 -9999 -9999 -9999 -9999 -9999 -9999 -9999 -9999
-9999 -9999 -9999 -9999 -9999 -9999 -9999 -9999 -9999 -9999 -9999 -9999 -9999 -9999 -9999 -9999 -9999 -9999 -9999 -9999 -9999 -9999 -9999 -9999 -9999 -9999 -9999 8.04 7.02 6.72 6.71 6.51 6.36 6.13 6.76 7.75 5.90 6.01 6.95 10.50 10.35 11.13 9.83 8.11 7.86 8.24 7.09 6.63 7.49 7.82 7.05 6.77 6.84 6.83 7.02 7.24 7.48 7.63 7.87 9.26 10.31 9.40 8.75 7.96 6.91 6.84 7.79 8.82 -9999 -9999 -9999 -9999 -9999 -9999 -9999 -9999 -9999 -9999 -9999
-9999 -9999 -9999 -9999 -9999 -9999 -9999 -9999 -9999 -9999 -9999 -9999 -9999 -9999 -9999 -9999 -9999 -9999 -9999 -9999 -9999 -9999 -9999 -9999 -9999 -9999 -9999 7.99 6.83 6.57 6.46 6.27 5.93 6.41 6.16 7.21 7.60 9.04 10.12 10.68 8.40 9.83 8.72 8.61 7.42 8.38 7.85 7.20 6.68 6.58 6.81 6.73 6.84 6.95 7.14 7.31 7.59 7.84 8.05 8.42 9.33 9.14 8.57 8.10 7.55 7.12 7.18 8.31 -9999 -9999 -9999 -9999 -9999 -9999 -9999 -9999 -9999 -9999 -9999
-9999 -9999 -9999 -9999 -9999 -9999 -9999 -9999 -9999 -9999 -9999 -9999 -9999 -9999 -9999 -9999 -9999 -9999 -9999 -9999 -9999 -9999 -9999 -9999 -9999 -9999 -9999 -9999 6.83 6.59 6.35 5.98 6.42 7.92 7.94 8.61 7.79 7.52 9.09 8.68 9.65 8.89 7.33 6.27 6.80 6.72 7.79 7.14 6.89 7.30 7.10 6.71 6.96 6.97 7.16 7.25 7.48 7.80 8.07 8.29 8.24 8.46 8.45 8.31 -9999 7.74 7.90 8.56 9.78 -9999 -9999 -9999 -9999 -9999 -9999 -9999 -9999 -9999 -9999
-9999 -9999 -9999 -9999 -9999 -9999 -9999 -9999 -9999 -9999 -9999 -9999 -9999 -9999 -9999 -9999 -9999 -9999 -9999 -9999 -9999 -9999 -9999 -9999 -9999 -9999 -9999 7.81 6.77 6.49 6.03 5.79 6.08 9.15 9.54 8.03 10.16 9.68 8.26 7.96 11.03 9.37 9.56 7.58 6.19 7.74 6.75 6.40 7.02 7.13 6.80 6.99 6.84 6.93 7.05 7.25 7.29 7.46 8.70 8.23 7.79 8.81 8.17 8.07 7.96 -9999 8.56 9.13 10.09 10.90 -9999 -9999 -9999 -9999 -9999 -9999 -9999 -9999 -9999
-9999 -9999 -9999 -9999 -9999 -9999 -9999 -9999 -9999 -9999 -9999 -9999 -9999 -9999 -9999 -9999 -9999 -9999 -9999 -9999 -9999 -9999 -9999 -9999 -9999 -9999 -9999 7.64 6.63 6.41 6.03 7.24 6.54 7.33 9.58 7.16 7.50 7.81 6.43 6.48 9.34 8.77 8.76 6.44 7.93 8.65 6.91 7.77 7.17 7.58 7.33 7.06 6.79 6.84 6.93 7.03 7.03 7.08 7.30 7.77 7.15 7.39 7.89 7.40 7.88 8.19 -9999 -9999 -9999 -9999 -9999 -9999 -9999 -9999 -9999 -9999 -9999 -9999 -9999
-9999 -9999 -9999 -9999 -9999 -9999 -9999 -9999 -9999 -9999 -9999 -9999 -9999 -9999 -9999 -9999 -9999 -9999 -9999 -9999 -9999 -9999 -9999 -9999 -9999 -9999 8.77 7.20 6.51 7.09 6.75 6.87 6.58 7.21 7.30 6.96 6.86 6.57 6.44 6.84 8.80 10.55 10.67 7.39 9.32 8.83 7.04 7.36 6.68 7.17 7.34 6.92 6.67 6.92 6.93 6.93 7.05 6.97 7.11 7.26 7.22 7.10 8.18 7.70 7.61 7.79 8.63 9.55 -9999 -9999 -9999 -9999 -9999 -9999 -9999 -9999 -9999 -9999 -9999
-9999 -9999 -9999 -9999 -9999 -9999 -9999 -9999 -9999 -9999 -9999 -9999 -9999 -9999 -9999 -9999 -9999 -9999 -9999 -9999 -9999 -9999 -9999 -9999 -9999 -9999 -9999 7.35 6.55 6.57 6.85 8.24 6.63 6.38 6.33 6.76 7.06 6.70 6.54 6.50 6.51 9.34 10.27 11.07 9.00 9.21 8.45 7.68 7.98 6.41 6.48 7.22 6.69 6.79 6.77 6.80 7.00 6.95 6.99 7.25 7.08 6.85 6.98 8.76 7.88 7.59 7.87 8.57 9.47 10.47 -9999 -9999 -9999 -9999 -9999 -9999 -9999 -9999 -9999
-9999 -9999 -9999 -9999 -9999 -9999 -9999 -9999 -9999 -9999 -9999 -9999 -9999 -9999 -9999 -9999 -9999 -9999 -9999 -9999 -9999 -9999 -9999 -9999 -9999 -9999 -9999 7.36 6.89 6.56 6.67 6.82 6.90 6.62 6.22 6.39 6.21 6.11 6.19 6.26 6.78 6.28 9.74 11.79 12.14 10.19 8.98 8.42 7.37 7.54 6.74 7.57 6.83 6.87 6.76 6.78 6.86 6.92 7.16 7.17 7.03 6.80 7.16 8.71 8.23 8.37 7.56 7.73 8.53 9.60 -9999 -9999 -9999 -9999 -9999 -9999 -9999 -9999 -9999
-9999 -9999 -9999 -9999 -9999 -9999 -9999 9.23 8.61 8.97 9.88 -9999 -9999 -9999 -9999 -9999 -9999 -9999 -9999 -9999 -9999 -9999 -9999 -9999 -9999 -9999 7.78 7.00 7.31 6.81 7.39 6.98 6.52 6.39 6.39 6.26 6.29 6.20 6.23 6.16 6.11 8.28 10.14 10.29 8.57 10.89 10.02 7.55 7.62 6.23 8.21 8.08 7.01 6.97 6.81 6.79 6.84 6.91 7.05 7.30 7.16 6.79 6.92 7.30 8.71 8.58 8.92 7.67 7.69 8.78 9.99 -9999 -9999 -9999 -9999 -9999 -9999 -9999 -9999
-9999 -9999 -9999 -9999 -9999 -9999 -9999 8.71 8.06 7.93 8.36 -9999 -9999 -9999 -9999 -9999 -9999 -9999 -9999 -9999 -9999 -9999 -9999 -9999 -9999 7.85 7.64 7.06 7.29 8.01 7.01 6.95 6.27 6.26 6.44 6.32 6.48 6.59 6.08 5.79 5.78 6.99 11.33 11.38 8.35 9.58 9.15 8.93 6.84 6.25 7.50 7.84 7.22 6.63 6.62 6.75 7.09 7.01 6.96 7.05 7.34 6.98 7.03 7.12 8.49 8.56 8.53 7.83 7.78 8.21 9.49 -9999 -9999 -9999 -9999 -9999 -9999 -9999 -9999
-9999 -9999 -9999 -9999 -9999 10.90 8.51 7.32 7.56 7.37 8.16 7.94 8.79 9.36 -9999 -9999 9.68 8.52 -9999 -9999 -9999 7.86 8.73 8.09 -9999 6.47 7.90 7.31 6.99 7.36 6.90 7.05 6.99 7.39 7.02 7.03 6.37 6.70 6.21 6.12 8.59 6.38 7.89 10.07 6.38 7.71 11.46 7.32 8.72 7.04 7.34 7.39 7.02 6.87 6.85 6.84 7.08 6.80 6.92 6.82 7.40 6.93 6.98 7.18 7.61 8.21 8.96 8.70 7.92 7.89 8.97 10.34 -9999 -9999 -9999 -9999 -9999 -9999 -9999
-9999 -9999 -9999 -9999 -9999 -9999 8.83 7.67 7.17 6.87 7.10 7.97 9.05 7.10 -9999 6.52 7.82 8.84 8.00 8.76 6.50 6.06 9.24 8.96 7.75 -9999 6.26 7.51 7.44 6.92 6.84 7.30 6.72 6.60 6.57 6.50 6.66 6.47 6.79 6.48 8.79 8.99 8.58 9.04 8.54 9.93 9.99 8.67 7.06 6.65 7.85 7.77 6.76 7.20 6.86 7.17 7.25 6.88 6.88 6.76 7.40 7.01 7.07 7.29 7.28 7.93 8.54 9.19 8.59 8.09 8.58 9.89 -9999 -9999 -9999 -9999 -9999 -9999 -9999
