ML/MeanWindSpeed_1998-06_Actual.txt
ncols         180
nrows         290
xllcorner     -200000
yllcorner     -200000
cellsize      5000
NODATA_value  -9999
[rows 210 to 244 of 290, columns 79 to 157 of 180]
13.24 12.01 13.60 13.46 -9999 -9999 -9999 -9999 -9999 -9999 -9999 8.89 8.91 9.86 9.16 9.22 9.29 10.57 12.16 14.06 13.41 11.85 10.60 10.38 9.54 12.03 12.08 8.79 7.78 10.93 11.06 11.99 9.30 8.57 8.34 7.84 8.52 9.03 8.93 9.13 8.77 8.35 8.03 7.65 7.21 6.91 6.50 6.90 6.62 6.89 7.28 7.68 8.04 7.72 7.69 7.38 6.13 5.34 6.65 7.28 7.12 6.91 6.52 6.78 7.55 7.96 7.61 7.11 6.90 7.75 6.91 7.14 7.89 7.40 7.39 7.38 6.75 6.46 6.77
13.39 -9999 -9999 -9999 -9999 -9999 -9999 -9999 -9999 12.52 11.26 10.89 11.88 11.42 10.40 9.54 9.80 9.85 11.81 13.09 12.45 9.27 9.20 12.20 11.12 11.09 9.49 8.38 8.13 10.37 10.60 10.45 9.05 8.59 8.43 7.21 9.57 9.75 8.75 8.83 8.43 8.18 7.94 7.56 7.72 7.04 6.90 6.38 6.47 6.74 7.27 7.58 8.09 7.63 8.58 9.08 6.61 6.57 5.44 7.11 7.13 6.97 8.19 8.09 8.08 8.41 7.70 7.02 6.98 6.96 7.41 7.82 7.28 7.71 7.50 6.90 6.67 7.57 7.05
-9999 -9999 -9999 -9999 -9999 -9999 -9999 -9999 -9999 13.66 13.10 11.50 12.62 13.08 -9999 -9999 9.92 12.17 8.65 10.03 9.61 9.65 10.34 11.69 9.57 9.28 9.57 9.23 9.86 10.27 10.29 9.68 9.05 9.27 7.94 8.08 9.67 8.75 8.34 8.13 8.16 8.41 8.10 7.49 7.39 6.82 6.83 7.29 7.77 7.64 8.30 7.61 7.51 8.31 10.16 8.27 7.37 6.47 5.53 7.27 7.50 7.87 8.26 8.20 7.85 7.62 8.54 7.37 7.13 6.99 6.97 7.11 6.94 6.67 7.82 7.25 7.55 8.30 8.22
-9999 -9999 -9999 -9999 -9999 -9999 -9999 -9999 -9999 -9999 -9999 -9999 -9999 -9999 -9999 -9999 11.14 10.22 9.85 8.92 8.07 8.17 8.72 9.75 9.68 10.01 10.42 10.85 11.37 11.18 -9999 9.51 8.96 8.49 7.97 8.19 9.46 8.74 8.67 8.15 7.54 7.38 7.92 7.30 7.44 8.33 8.44 8.20 8.90 9.64 8.66 8.47 8.36 8.58 9.54 8.17 7.57 7.09 6.54 6.75 7.12 7.81 8.36 7.99 7.52 7.48 7.43 7.12 6.99 6.86 6.83 6.89 7.05 7.12 7.38 7.33 7.66 8.03 -9999
-9999 -9999 -9999 -9999 -9999 -9999 -9999 -9999 -9999 -9999 -9999 -9999 -9999 -9999 -9999 -9999 -9999 10.92 9.58 8.43 8.45 9.22 8.78 9.09 9.73 10.81 -9999 -9999 -9999 -9999 10.32 9.08 8.66 8.15 7.97 8.37 9.60 8.84 8.91 8.20 7.25 7.79 7.47 8.58 8.29 9.78 8.77 8.94 8.64 9.00 8.87 8.32 8.93 7.59 8.11 8.20 6.85 6.81 6.47 6.52 6.72 6.66 6.66 6.97 6.77 6.78 6.76 6.72 6.57 7.51 7.66 6.75 6.73 6.85 7.07 7.37 8.17 9.23 9.08
-9999 -9999 -9999 -9999 -9999 -9999 -9999 -9999 -9999 -9999 -9999 -9999 -9999 -9999 -9999 -9999 -9999 -9999 10.36 10.67 9.45 9.09 10.57 10.68 11.26 -9999 -9999 -9999 -9999 10.98 10.36 9.91 7.59 7.39 7.55 9.43 9.91 9.44 8.83 7.78 7.58 7.36 8.56 9.73 9.01 9.15 8.69 8.77 8.56 7.84 8.30 8.29 7.92 7.81 7.83 7.57 7.01 6.97 7.23 7.42 7.54 6.61 6.57 6.61 6.47 6.87 6.77 6.92 6.42 6.96 6.85 6.73 7.37 6.69 7.50 7.67 8.06 7.64 8.02
-9999 -9999 -9999 -9999 -9999 -9999 -9999 -9999 -9999 -9999 -9999 -9999 -9999 -9999 -9999 -9999 -9999 -9999 -9999 10.72 10.33 10.10 12.12 11.54 12.45 -9999 -9999 -9999 10.49 8.76 7.96 9.19 8.98 8.37 7.49 8.68 8.21 9.48 8.76 7.36 8.26 8.98 9.05 8.89 9.49 8.79 8.40 8.09 7.62 7.53 7.47 7.62 8.02 7.79 7.41 7.37 7.42 7.44 7.89 7.53 7.51 7.10 6.59 6.58 6.32 6.24 6.23 6.54 6.45 6.60 6.51 7.14 7.31 7.59 7.54 6.82 8.06 6.81 7.38
-9999 -9999 -9999 -9999 -9999 -9999 -9999 -9999 -9999 -9999 -9999 -9999 -9999 -9999 -9999 -9999 -9999 -9999 -9999 -9999 -9999 -9999 -9999 -9999 -9999 -9999 -9999 12.41 9.49 8.02 7.59 8.80 7.56 8.22 8.88 8.92 8.96 9.07 7.70 7.24 7.54 8.38 8.40 8.76 8.80 8.90 8.64 8.46 9.59 8.26 8.27 7.71 8.06 8.05 7.48 7.57 7.36 7.73 8.28 7.68 7.09 6.76 6.54 6.38 6.78 6.47 6.91 6.68 7.47 7.83 7.40 6.43 8.36 8.95 7.81 6.76 8.78 7.82 7.23
-9999 -9999 -9999 -9999 -9999 -9999 -9999 -9999 -9999 -9999 -9999 -9999 -9999 -9999 -9999 -9999 -9999 -9999 -9999 -9999 -9999 -9999 -9999 -9999 -9999 -9999 -9999 10.51 9.53 8.37 12.34 10.78 7.86 8.21 8.76 9.22 9.56 8.13 7.61 7.38 7.42 8.47 8.39 8.27 9.55 9.33 10.21 9.11 9.23 10.09 8.72 8.18 7.95 7.49 7.42 7.35 7.43 7.83 7.86 7.87 7.27 6.64 6.29 6.10 6.64 8.17 7.66 8.21 8.53 9.24 7.96 6.91 7.78 8.02 7.03 6.46 6.92 7.95 8.22
-9999 -9999 -9999 -9999 -9999 -9999 -9999 -9999 -9999 -9999 -9999 -9999 -9999 -9999 -9999 -9999 -9999 -9999 -9999 -9999 -9999 -9999 -9999 -9999 -9999 -9999 -9999 10.19 8.24 7.32 9.20 11.99 10.88 9.89 8.94 9.91 8.54 8.07 7.59 8.93 9.09 9.66 9.30 8.63 8.70 8.63 9.03 9.46 9.48 8.71 8.49 8.30 8.16 7.61 7.40 7.52 7.69 8.19 8.01 7.71 6.98 6.74 7.20 7.74 7.34 8.21 7.89 7.75 7.84 8.43 9.69 9.21 7.38 7.15 7.40 7.53 7.46 7.50 7.31
-9999 -9999 -9999 -9999 -9999 -9999 -9999 -9999 -9999 -9999 13.61 13.59 11.60 15.01 14.05 13.51 13.36 14.95 9.13 13.65 10.09 -9999 -9999 -9999 -9999 -9999 -9999 9.72 8.59 8.24 7.60 8.51 10.09 11.14 10.46 9.26 8.40 8.19 8.73 9.73 9.19 8.65 8.69 8.33 8.36 8.75 8.55 8.36 8.17 8.43 7.94 8.40 8.70 9.11 8.19 7.93 8.48 8.41 7.78 8.18 7.19 6.76 7.75 8.52 7.61 7.31 7.60 7.42 7.20 7.02 7.16 6.92 6.38 6.18 6.11 6.10 6.10 6.49 6.56
-9999 -9999 -9999 -9999 -9999 -9999 -9999 -9999 -9999 -9999 15.16 14.18 13.73 11.56 13.01 14.17 13.24 13.55 13.76 11.44 10.04 8.89 10.05 12.42 10.81 10.13 9.41 9.16 8.59 8.22 7.99 7.75 8.16 10.09 9.98 9.08 8.26 10.46 9.16 8.39 8.84 9.21 8.57 8.42 9.29 8.94 8.98 8.68 8.47 7.49 7.73 8.21 8.30 8.20 8.64 8.95 7.96 7.71 7.22 7.00 7.72 6.97 9.98 8.59 8.22 7.72 7.31 7.36 7.10 7.63 7.48 6.30 7.37 6.86 7.29 6.23 6.39 6.30 6.35
-9999 -9999 -9999 -9999 -9999 -9999 -9999 -9999 -9999 13.93 12.64 11.78 11.15 10.16 12.03 14.22 13.63 12.59 12.47 12.37 11.11 9.58 9.35 10.54 11.70 9.51 9.05 8.64 8.64 9.24 8.14 8.11 9.28 9.22 8.88 9.00 10.73 9.25 10.16 9.58 8.91 8.17 8.61 8.60 9.36 9.35 8.84 9.08 8.08 8.15 8.01 7.91 7.86 8.91 9.33 7.77 7.39 7.57 9.19 7.82 7.40 7.55 7.61 7.91 8.01 7.58 7.41 7.89 8.54 7.61 6.62 6.36 7.59 7.08 6.97 7.27 7.14 6.81 6.86
-9999 -9999 -9999 -9999 -9999 -9999 -9999 -9999 -9999 -9999 11.84 10.52 9.84 11.24 11.10 11.68 13.81 12.54 10.90 9.96 11.66 12.88 11.18 9.68 10.02 11.46 9.84 8.45 8.43 8.32 8.78 8.80 8.21 8.23 8.53 9.13 9.98 8.92 9.92 8.91 8.82 8.73 9.01 8.63 9.36 9.50 9.29 8.10 8.00 8.42 7.72 7.22 7.05 7.89 8.76 8.59 7.37 7.65 8.51 8.29 7.63 6.98 7.01 6.96 7.27 8.55 8.25 7.96 8.36 9.01 8.15 7.44 7.77 7.67 6.89 7.56 6.72 7.33 6.55
-9999 -9999 -9999 -9999 -9999 -9999 13.98 -9999 -9999 12.57 11.40 11.74 9.27 10.87 9.87 9.72 10.02 10.32 10.94 9.81 11.37 12.33 10.42 9.45 8.44 8.41 8.38 8.21 8.29 8.48 9.02 8.17 8.02 8.39 9.77 8.81 9.58 8.69 9.15 8.63 9.40 10.02 9.46 8.68 8.33 8.35 8.20 7.93 8.99 8.15 7.52 8.88 7.55 7.54 8.90 9.66 6.94 7.22 7.61 7.39 7.06 6.89 6.83 7.21 7.84 8.23 7.44 7.03 7.02 7.44 7.35 7.17 7.61 7.00 6.85 6.77 6.33 6.33 6.26
-9999 -9999 -9999 -9999 -9999 13.30 14.06 13.92 13.58 11.36 10.60 12.07 10.08 9.20 9.83 9.30 10.47 10.87 11.45 10.33 10.26 10.82 9.80 8.62 8.07 8.19 8.65 8.87 8.17 8.13 8.30 7.98 8.02 9.33 9.42 8.69 9.22 9.42 10.39 9.62 9.66 10.61 9.47 9.21 8.17 8.52 8.24 8.52 8.02 7.78 7.23 8.10 8.06 7.35 8.17 7.72 7.01 6.79 6.64 7.11 7.08 7.02 6.69 6.45 6.64 6.65 6.80 6.87 6.77 6.30 6.72 7.01 7.64 7.89 7.45 6.40 7.05 6.87 6.84
-9999 -9999 -9999 -9999 -9999 12.86 12.71 11.83 12.16 11.34 10.72 9.94 11.31 11.12 10.31 11.30 11.12 10.85 11.85 10.88 10.88 11.04 9.18 9.70 11.08 10.47 9.43 8.66 8.02 8.36 8.73 8.89 8.44 9.42 8.93 9.34 8.54 7.96 9.42 10.46 9.51 9.50 9.28 8.73 8.60 8.98 8.31 7.79 8.34 8.46 7.29 7.57 7.62 7.49 8.22 8.49 8.39 9.47 7.32 7.32 6.65 6.46 6.56 6.64 6.47 6.39 6.59 6.94 6.58 6.33 6.14 6.83 6.96 7.08 7.15 7.27 6.32 6.70 7.54
-9999 -9999 -9999 -9999 -9999 13.11 12.03 11.50 11.75 11.22 11.19 10.28 10.63 10.61 9.56 10.63 10.77 11.31 11.58 11.17 9.35 8.84 8.71 10.49 10.42 10.75 11.15 9.18 8.74 8.75 8.21 8.88 8.34 9.16 8.85 8.87 8.59 8.09 9.66 9.36 9.40 9.21 8.99 8.81 8.73 9.07 8.98 7.93 7.67 7.83 8.45 7.43 7.62 7.41 7.77 7.83 7.87 8.46 7.97 8.56 9.18 6.37 9.12 7.90 6.52 6.79 9.39 9.18 8.59 6.12 5.97 6.12 6.09 6.70 6.52 7.49 8.28 10.19 9.34
-9999 -9999 -9999 -9999 -9999 11.48 11.21 11.14 10.95 10.39 10.26 9.93 9.59 10.37 9.88 10.02 10.61 9.99 10.14 10.02 10.12 8.47 9.46 11.14 10.35 11.39 11.31 9.61 9.61 9.88 8.98 9.04 9.08 9.17 9.15 9.14 9.55 10.21 8.75 9.41 9.18 9.06 8.85 8.76 8.86 9.06 8.33 8.28 7.99 8.22 8.43 8.83 8.26 8.93 8.55 8.06 7.81 7.50 7.14 7.13 7.39 6.89 8.43 8.32 8.88 8.54 9.03 9.39 9.67 6.69 6.64 6.35 6.36 6.82 7.67 8.66 8.91 -9999 -9999
-9999 -9999 -9999 -9999 -9999 10.31 10.40 10.61 10.95 11.28 10.52 9.88 9.12 9.47 10.70 10.33 9.92 9.29 9.65 9.44 9.23 9.15 8.99 9.44 9.14 11.15 10.13 8.42 10.77 10.54 9.55 11.50 10.25 10.79 11.41 10.83 10.38 10.65 9.54 8.82 9.08 8.90 8.43 8.59 8.70 9.05 8.35 8.45 8.99 9.36 9.03 8.93 9.09 9.12 9.28 9.16 8.75 8.08 7.79 8.12 8.49 8.65 9.05 9.27 9.40 -9999 -9999 9.10 9.27 8.74 8.16 7.34 9.59 8.04 -9999 -9999 -9999 -9999 -9999
-9999 -9999 -9999 -9999 11.60 10.22 10.35 9.97 10.94 11.10 11.81 10.12 10.02 9.66 10.52 10.10 9.45 9.07 9.13 8.95 8.70 8.55 9.12 10.04 10.53 10.42 9.12 11.22 11.89 9.90 9.41 10.17 10.04 11.08 11.16 10.25 10.04 9.67 9.26 9.73 9.41 9.37 9.00 8.95 9.32 9.92 9.64 9.21 9.03 8.93 9.06 -9999 -9999 9.90 10.58 10.59 10.10 9.64 9.26 9.39 -9999 -9999 -9999 -9999 -9999 -9999 -9999 -9999 -9999 -9999 8.99 9.27 10.59 9.41 -9999 -9999 -9999 -9999 -9999
-9999 -9999 -9999 12.33 10.84 9.67 10.43 9.76 9.95 9.90 10.00 9.39 11.46 11.97 11.04 10.49 10.37 10.64 9.47 8.77 8.69 9.01 9.35 11.96 12.80 12.30 11.84 13.15 11.07 11.18 11.18 11.84 12.41 11.04 10.06 10.43 9.66 9.59 9.14 9.04 8.85 10.06 10.97 10.95 10.73 10.69 10.80 10.00 -9999 8.50 8.95 8.76 9.22 10.00 -9999 -9999 -9999 -9999 10.57 -9999 -9999 -9999 -9999 -9999 -9999 -9999 -9999 -9999 -9999 -9999 -9999 -9999 -9999 -9999 -9999 -9999 -9999 -9999 -9999
-9999 -9999 13.30 12.16 11.61 10.57 9.52 9.47 9.46 8.74 8.76 9.85 13.56 14.67 10.82 10.07 12.46 10.21 11.29 9.01 8.83 11.39 10.65 10.86 11.43 11.79 -9999 -9999 -9999 -9999 -9999 12.17 13.35 12.80 11.31 11.05 10.51 9.79 9.52 9.09 9.39 10.44 -9999 -9999 -9999 -9999 -9999 11.12 10.95 9.76 8.62 8.34 10.09 10.19 -9999 -9999 -9999 -9999 -9999 -9999 -9999 -9999 -9999 -9999 -9999 -9999 -9999 -9999 -9999 -9999 -9999 -9999 -9999 -9999 -9999 -9999 -9999 -9999 -9999
-9999 9.88 10.44 11.69 11.73 10.46 10.28 9.95 8.57 9.43 9.72 11.62 13.55 14.54 13.35 12.48 11.01 11.99 10.38 10.33 10.02 11.90 11.97 -9999 -9999 -9999 -9999 -9999 -9999 -9999 -9999 -9999 12.62 12.84 11.69 12.55 13.19 13.22 11.11 12.41 12.05 12.52 -9999 -9999 -9999 -9999 -9999 -9999 -9999 9.72 9.86 8.67 9.43 -9999 -9999 -9999 -9999 -9999 -9999 -9999 -9999 -9999 -9999 -9999 -9999 -9999 -9999 -9999 -9999 -9999 -9999 -9999 -9999 -9999 -9999 -9999 -9999 -9999 -9999
11.37 9.46 9.80 11.09 12.28 12.31 10.86 9.33 9.32 10.15 10.30 11.40 13.63 12.08 12.18 12.31 13.30 8.69 10.56 13.25 11.41 -9999 -9999 -9999 -9999 -9999 -9999 -9999 -9999 -9999 -9999 -9999 -9999 -9999 13.33 -9999 -9999 -9999 -9999 11.75 13.47 13.70 -9999 -9999 -9999 -9999 -9999 -9999 -9999 -9999 10.13 11.60 10.36 -9999 -9999 -9999 -9999 -9999 -9999 -9999 -9999 -9999 -9999 -9999 -9999 -9999 -9999 -9999 -9999 -9999 -9999 -9999 -9999 -9999 -9999 -9999 -9999 -9999 -9999
10.25 8.49 9.57 11.26 11.70 12.28 11.30 10.50 11.41 9.30 8.57 10.15 12.80 12.64 11.09 10.34 11.83 9.51 9.30 10.74 -9999 -9999 -9999 -9999 -9999 -9999 -9999 -9999 -9999 -9999 -9999 -9999 -9999 -9999 14.37 -9999 -9999 -9999 -9999 -9999 -9999 -9999 -9999 -9999 -9999 -9999 -9999 -9999 -9999 -9999 -9999 -9999 -9999 -9999 -9999 -9999 -9999 -9999 -9999 -9999 -9999 -9999 -9999 -9999 -9999 -9999 -9999 -9999 -9999 -9999 -9999 -9999 -9999 -9999 -9999 -9999 -9999 -9999 -9999
10.70 8.56 9.73 10.43 10.54 11.15 10.75 10.66 11.72 8.92 8.63 9.75 11.83 15.16 15.31 9.91 10.03 9.59 10.40 12.74 -9999 -9999 -9999 -9999 -9999 -9999 -9999 -9999 -9999 -9999 -9999 -9999 -9999 -9999 -9999 -9999 -9999 -9999 -9999 -9999 -9999 -9999 -9999 -9999 -9999 -9999 -9999 -9999 -9999 -9999 -9999 -9999 -9999 -9999 -9999 -9999 -9999 -9999 -9999 -9999 -9999 -9999 -9999 -9999 -9999 -9999 -9999 -9999 -9999 -9999 -9999 -9999 -9999 -9999 -9999 -9999 -9999 -9999 -9999
12.19 10.72 10.69 10.40 11.06 10.57 10.41 10.39 9.54 9.68 9.15 9.15 11.72 13.62 13.12 11.19 9.16 9.22 12.03 11.64 -9999 -9999 -9999 -9999 -9999 -9999 -9999 -9999 -9999 -9999 -9999 -9999 -9999 -9999 -9999 -9999 -9999 -9999 -9999 -9999 -9999 -9999 -9999 -9999 -9999 -9999 -9999 -9999 -9999 -9999 -9999 -9999 -9999 -9999 -9999 -9999 -9999 -9999 -9999 -9999 -9999 -9999 -9999 -9999 -9999 -9999 -9999 -9999 -9999 -9999 -9999 -9999 -9999 -9999 -9999 -9999 -9999 -9999 -9999
13.27 12.25 11.90 10.54 11.07 10.72 12.77 12.14 10.84 10.42 10.93 9.68 10.33 11.31 10.94 9.89 9.51 10.23 11.38 11.94 -9999 -9999 -9999 -9999 -9999 -9999 -9999 -9999 -9999 -9999 -9999 -9999 -9999 -9999 -9999 -9999 -9999 -9999 -9999 -9999 -9999 -9999 -9999 -9999 -9999 -9999 -9999 -9999 -9999 -9999 -9999 -9999 -9999 -9999 -9999 -9999 -9999 -9999 -9999 -9999 -9999 -9999 -9999 -9999 -9999 -9999 -9999 -9999 -9999 -9999 -9999 -9999 -9999 -9999 -9999 -9999 -9999 -9999 -9999
11.65 11.80 11.10 11.96 13.44 13.18 11.96 12.18 12.23 12.14 11.17 11.64 10.97 10.13 10.00 10.50 11.16 11.65 11.54 12.58 -9999 -9999 -9999 -9999 -9999 -9999 -9999 -9999 -9999 -9999 -9999 -9999 -9999 -9999 -9999 -9999 -9999 -9999 -9999 -9999 -9999 -9999 -9999 -9999 -9999 -9999 -9999 -9999 -9999 -9999 -9999 -9999 -9999 -9999 -9999 -9999 -9999 -9999 -9999 -9999 -9999 -9999 -9999 -9999 -9999 -9999 -9999 -9999 -9999 -9999 -9999 -9999 -9999 -9999 -9999 -9999 -9999 -9999 -9999
12.25 12.64 -9999 -9999 -9999 -9999 -9999 -9999 -9999 -9999 -9999 12.53 13.00 11.73 10.82 10.03 10.99 11.82 11.83 -9999 -9999 -9999 -9999 -9999 -9999 -9999 -9999 -9999 -9999 -9999 -9999 -9999 -9999 -9999 -9999 -9999 -9999 -9999 -9999 -9999 -9999 -9999 -9999 -9999 -9999 -9999 -9999 -9999 -9999 -9999 -9999 -9999 -9999 -9999 -9999 -9999 -9999 -9999 -9999 -9999 -9999 -9999 -9999 -9999 -9999 -9999 -9999 -9999 -9999 -9999 -9999 -9999 -9999 -9999 -9999 -9999 -9999 -9999 -9999
12.76 13.43 -9999 -9999 -9999 -9999 -9999 -9999 -9999 -9999 -9999 -9999 -9999 -9999 11.57 10.86 11.10 11.67 -9999 -9999 -9999 -9999 -9999 -9999 -9999 -9999 -9999 -9999 -9999 -9999 -9999 -9999 -9999 -9999 -9999 -9999 -9999 -9999 -9999 -9999 -9999 -9999 -9999 -9999 -9999 -9999 -9999 -9999 -9999 -9999 -9999 -9999 -9999 -9999 -9999 -9999 -9999 -9999 -9999 -9999 -9999 -9999 -9999 -9999 -9999 -9999 -9999 -9999 -9999 -9999 -9999 -9999 -9999 -9999 -9999 -9999 -9999 -9999 -9999
-9999 -9999 -9999 -9999 -9999 -9999 -9999 -9999 -9999 -9999 -9999 -9999 -9999 -9999 12.74 13.67 14.22 13.76 -9999 -9999 -9999 -9999 -9999 -9999 -9999 -9999 -9999 -9999 -9999 -9999 -9999 -9999 -9999 -9999 -9999 -9999 -9999 -9999 -9999 -9999 -9999 -9999 -9999 -9999 -9999 -9999 -9999 -9999 -9999 -9999 -9999 -9999 -9999 -9999 -9999 -9999 -9999 -9999 -9999 -9999 -9999 -9999 -9999 -9999 -9999 -9999 -9999 -9999 -9999 -9999 -9999 -9999 -9999 -9999 -9999 -9999 -9999 -9999 -9999
-9999 -9999 -9999 -9999 -9999 -9999 -9999 -9999 -9999 -9999 -9999 -9999 -9999 -9999 -9999 -9999 -9999 -9999 -9999 -9999 -9999 -9999 -9999 -9999 -9999 -9999 -9999 -9999 -9999 -9999 -9999 -9999 -9999 -9999 -9999 -9999 -9999 -9999 -9999 -9999 -9999 -9999 -9999 -9999 -9999 -9999 -9999 -9999 -9999 -9999 -9999 -9999 -9999 -9999 -9999 -9999 -9999 -9999 -9999 -9999 -9999 -9999 -9999 -9999 -9999 -9999 -9999 -9999 -9999 -9999 -9999 -9999 -9999 -9999 -9999 -9999 -9999 -9999 -9999
-9999 -9999 -9999 -9999 -9999 -9999 -9999 -9999 -9999 -9999 -9999 -9999 -9999 -9999 -9999 -9999 -9999 -9999 -9999 -9999 -9999 -9999 -9999 -9999 -9999 -9999 -9999 -9999 -9999 -9999 -9999 -9999 -9999 -9999 -9999 -9999 -9999 -9999 -9999 -9999 -9999 -9999 -9999 -9999 -9999 -9999 -9999 -9999 -9999 -9999 -9999 -9999 -9999 -9999 -9999 -9999 -9999 -9999 -9999 -9999 -9999 -9999 -9999 -9999 -9999 -9999 -9999 -9999 -9999 -9999 -9999 -9999 -9999 -9999 -9999 -9999 -9999 -9999 -9999
