ML/MeanWindSpeed_2000-08_Actual.txt
ncols         180
nrows         290
xllcorner     -200000
yllcorner     -200000
cellsize      5000
NODATA_value  -9999
[rows 140 to 174 of 290, columns 79 to 157 of 180]
-9999 -9999 8.81 -9999 -9999 -9999 7.87 8.15 7.36 7.25 7.70 -9999 -9999 7.97 6.95 8.58 9.23 -9999 -9999 -9999 -9999 -9999 6.70 5.87 4.34 4.26 3.85 4.32 4.43 5.00 5.20 3.95 5.61 7.35 7.86 5.87 7.08 7.72 8.13 6.67 7.36 7.76 7.16 5.91 6.05 6.47 4.83 5.29 6.58 7.31 -9999 -9999 -9999 -9999 -9999 -9999 -9999 -9999 -9999 -9999 -9999 -9999 -9999 -9999 -9999 -9999 -9999 -9999 -9999 -9999 -9999 -9999 -9999 -9999 -9999 -9999 -9999 -9999 -9999
-9999 -9999 8.70 8.60 -9999 -9999 -9999 7.92 8.48 8.24 8.34 -9999 -9999 -9999 -9999 8.23 -9999 -9999 -9999 -9999 -9999 -9999 5.89 5.19 4.44 4.62 4.78 4.83 4.72 5.09 4.95 4.51 4.77 6.91 7.51 4.71 8.33 8.13 8.98 6.85 7.12 8.56 7.26 6.45 6.20 5.29 4.54 5.34 6.55 7.20 -9999 -9999 -9999 -9999 -9999 -9999 -9999 -9999 -9999 -9999 -9999 -9999 -9999 -9999 -9999 -9999 -9999 -9999 -9999 -9999 -9999 -9999 -9999 -9999 -9999 -9999 -9999 -9999 -9999
-9999 -9999 -9999 9.54 -9999 -9999 -9999 -9999 8.19 8.88 8.63 -9999 -9999 -9999 -9999 -9999 -9999 -9999 -9999 -9999 -9999 6.59 5.71 5.48 5.04 4.91 5.67 5.57 5.38 5.65 5.51 5.45 4.62 5.57 9.47 8.99 8.36 8.24 6.74 6.27 6.67 5.81 4.95 6.74 7.04 5.10 4.86 5.74 6.55 7.17 7.58 -9999 -9999 -9999 -9999 -9999 -9999 -9999 -9999 -9999 -9999 -9999 -9999 -9999 -9999 -9999 -9999 -9999 -9999 -9999 -9999 -9999 -9999 -9999 -9999 -9999 -9999 -9999 -9999
-9999 -9999 -9999 10.28 -9999 -9999 -9999 -9999 -9999 -9999 -9999 -9999 -9999 -9999 -9999 -9999 -9999 -9999 -9999 -9999 -9999 6.63 5.25 4.16 3.10 2.74 7.79 5.90 5.29 7.03 5.51 6.43 3.85 4.15 8.09 10.47 7.67 6.42 9.45 10.96 10.04 8.42 7.63 5.28 5.86 5.76 6.45 6.04 6.18 7.11 7.55 7.64 -9999 -9999 -9999 -9999 -9999 -9999 -9999 -9999 -9999 -9999 -9999 -9999 -9999 -9999 -9999 -9999 -9999 -9999 -9999 -9999 -9999 -9999 -9999 -9999 -9999 -9999 -9999
-9999 -9999 -9999 -9999 -9999 -9999 -9999 -9999 -9999 -9999 -9999 -9999 -9999 -9999 -9999 -9999 -9999 -9999 -9999 -9999 7.02 6.21 4.82 3.49 5.07 2.10 10.47 9.40 4.58 5.75 5.29 5.13 5.42 3.73 4.76 10.78 10.15 8.52 7.48 6.94 8.71 8.55 7.94 6.76 6.13 6.05 5.90 5.81 6.37 6.34 6.40 6.84 -9999 -9999 -9999 -9999 -9999 -9999 -9999 -9999 -9999 -9999 -9999 -9999 -9999 -9999 -9999 -9999 -9999 -9999 -9999 -9999 -9999 -9999 -9999 -9999 -9999 -9999 -9999
-9999 -9999 -9999 -9999 -9999 -9999 -9999 -9999 -9999 -9999 -9999 -9999 -9999 -9999 -9999 -9999 -9999 -9999 -9999 -9999 6.45 6.68 4.33 4.86 9.50 4.42 2.22 5.99 6.85 5.60 5.39 5.23 5.13 4.54 4.81 6.32 11.98 9.77 8.59 7.05 7.02 7.26 6.31 6.29 6.37 6.99 6.01 6.52 5.99 6.00 5.74 5.93 6.25 6.49 6.63 -9999 -9999 -9999 -9999 -9999 -9999 -9999 -9999 -9999 -9999 -9999 -9999 -9999 -9999 -9999 -9999 -9999 -9999 -9999 -9999 -9999 -9999 -9999 -9999
-9999 -9999 -9999 -9999 -9999 -9999 -9999 -9999 -9999 -9999 -9999 -9999 -9999 -9999 -9999 -9999 -9999 -9999 -9999 -9999 6.49 6.15 5.50 7.28 3.95 3.48 4.48 7.75 5.70 4.83 7.35 3.94 5.78 5.22 5.45 5.25 7.20 8.35 7.96 7.38 6.99 5.65 5.91 5.75 5.63 5.60 5.89 5.84 5.96 5.47 5.29 5.31 7.19 6.03 6.82 7.51 7.49 -9999 -9999 -9999 -9999 -9999 -9999 -9999 -9999 -9999 -9999 -9999 -9999 -9999 -9999 -9999 -9999 -9999 -9999 -9999 -9999 -9999 -9999
-9999 -9999 -9999 -9999 -9999 -9999 -9999 -9999 -9999 -9999 -9999 -9999 -9999 -9999 -9999 -9999 -9999 -9999 -9999 -9999 6.52 6.17 6.76 10.07 10.28 6.74 4.27 5.58 6.43 8.28 4.98 7.26 6.05 5.53 6.14 5.87 4.44 4.71 7.76 7.44 6.93 6.46 5.94 5.76 5.92 5.96 5.65 5.80 5.61 5.18 5.29 5.11 5.53 7.24 6.98 7.19 8.22 8.28 7.02 -9999 -9999 -9999 -9999 -9999 -9999 -9999 -9999 -9999 -9999 -9999 -9999 -9999 -9999 -9999 -9999 -9999 -9999 -9999 -9999
-9999 -9999 -9999 -9999 -9999 -9999 -9999 -9999 -9999 -9999 -9999 -9999 -9999 -9999 -9999 -9999 -9999 -9999 -9999 -9999 6.88 6.09 7.67 8.47 5.08 12.76 10.29 5.46 7.18 5.72 8.32 8.83 6.13 4.96 5.65 5.86 4.24 9.20 8.27 8.12 8.59 8.90 8.35 6.15 6.96 6.18 5.91 5.83 5.66 5.44 5.00 4.35 4.79 6.51 5.91 5.76 6.45 7.54 6.50 8.41 -9999 -9999 -9999 -9999 -9999 -9999 -9999 -9999 -9999 -9999 -9999 -9999 -9999 -9999 -9999 -9999 -9999 -9999 -9999
-9999 -9999 -9999 -9999 -9999 -9999 -9999 -9999 7.83 8.06 8.69 -9999 -9999 -9999 -9999 -9999 -9999 -9999 -9999 -9999 -9999 7.35 6.70 5.49 6.69 8.08 9.94 5.56 3.73 7.24 6.82 6.20 5.23 6.48 6.55 5.43 5.77 7.64 7.76 10.28 9.49 8.00 7.69 8.11 7.05 6.26 6.00 5.75 5.71 5.16 4.55 7.31 6.63 8.78 9.24 8.56 7.82 6.09 8.11 8.46 7.76 -9999 -9999 -9999 -9999 -9999 -9999 -9999 -9999 -9999 -9999 -9999 -9999 -9999 -9999 -9999 -9999 -9999 -9999
-9999 -9999 -9999 -9999 -9999 -9999 -9999 -9999 6.59 6.88 -9999 -9999 -9999 -9999 -9999 -9999 -9999 -9999 -9999 -9999 -9999 -9999 6.91 4.93 7.56 7.91 12.77 7.03 6.92 6.29 4.86 4.23 4.42 4.24 9.57 5.32 5.92 9.22 7.63 5.80 5.50 8.61 6.01 8.02 6.76 6.01 5.69 5.62 5.29 5.51 6.87 7.43 6.94 6.75 6.59 7.52 8.24 7.86 8.04 7.90 9.35 -9999 -9999 -9999 -9999 -9999 -9999 -9999 -9999 -9999 -9999 -9999 -9999 -9999 -9999 -9999 -9999 -9999 -9999
-9999 -9999 -9999 -9999 -9999 -9999 -9999 6.64 8.49 8.51 8.30 -9999 -9999 -9999 -9999 -9999 -9999 -9999 -9999 -9999 -9999 -9999 7.25 8.28 8.76 8.75 6.88 7.82 6.22 5.78 5.04 4.46 5.59 4.47 3.15 9.11 6.24 5.61 8.12 6.84 8.84 6.93 7.17 6.28 6.23 5.99 5.98 5.48 5.14 5.96 6.75 6.00 6.64 7.48 7.36 7.82 7.72 7.91 8.08 7.12 9.12 8.26 -9999 -9999 -9999 -9999 -9999 -9999 -9999 -9999 -9999 -9999 -9999 -9999 -9999 -9999 -9999 -9999 -9999
-9999 -9999 -9999 -9999 -9999 -9999 6.14 8.96 10.20 12.48 8.29 -9999 -9999 -9999 -9999 -9999 -9999 -9999 -9999 -9999 -9999 -9999 8.06 11.00 9.00 5.93 6.78 6.35 6.64 5.28 4.65 5.11 5.79 4.04 7.91 5.70 7.98 5.93 9.10 5.42 6.34 5.05 6.69 5.74 6.08 6.35 5.66 5.59 5.16 5.27 7.30 7.46 7.13 6.50 6.82 6.72 6.84 7.12 8.22 8.19 7.83 8.30 -9999 -9999 -9999 -9999 -9999 -9999 -9999 -9999 -9999 -9999 -9999 -9999 -9999 -9999 -9999 -9999 -9999
-9999 -9999 -9999 -9999 -9999 7.66 7.06 11.66 9.58 9.21 -9999 -9999 -9999 -9999 -9999 -9999 -9999 -9999 -9999 -9999 -9999 -9999 -9999 8.06 6.65 6.16 7.59 5.85 7.14 5.72 5.17 4.86 5.25 4.21 8.20 7.78 8.46 7.93 8.50 8.57 8.49 7.37 7.13 7.36 6.97 5.81 5.73 5.72 5.48 5.31 5.68 8.65 7.75 6.04 5.81 6.00 5.91 6.00 5.99 6.14 6.02 6.69 7.76 8.21 -9999 -9999 -9999 -9999 -9999 -9999 -9999 -9999 -9999 -9999 -9999 -9999 -9999 -9999 -9999
-9999 -9999 -9999 -9999 -9999 9.75 10.81 8.13 8.13 8.34 -9999 -9999 -9999 -9999 -9999 -9999 -9999 -9999 -9999 -9999 -9999 -9999 -9999 -9999 7.03 7.39 6.81 6.09 6.78 6.18 6.00 5.49 5.75 4.15 8.17 7.44 6.76 8.18 7.20 6.76 9.81 9.57 6.95 8.21 7.39 7.02 5.85 5.68 5.72 5.47 5.43 6.02 6.32 5.89 5.92 5.93 5.94 5.68 5.53 5.60 5.81 7.88 8.15 7.95 -9999 -9999 -9999 -9999 -9999 -9999 -9999 -9999 -9999 -9999 -9999 -9999 -9999 -9999 -9999
-9999 -9999 -9999 -9999 -9999 10.35 9.35 9.63 8.77 -9999 -9999 -9999 -9999 -9999 -9999 -9999 -9999 -9999 -9999 -9999 -9999 -9999 -9999 -9999 7.66 7.67 7.24 -9999 6.91 -9999 6.30 5.38 4.62 3.74 3.80 7.46 7.04 7.33 9.59 4.95 5.73 9.60 8.07 7.57 7.58 6.79 5.93 5.63 5.46 5.27 5.39 5.56 6.20 6.98 6.28 6.68 5.90 5.28 6.01 6.97 6.78 6.49 6.63 7.87 9.09 9.44 -9999 -9999 -9999 -9999 -9999 -9999 -9999 -9999 -9999 -9999 -9999 -9999 -9999
-9999 -9999 -9999 -9999 10.02 9.30 9.05 -9999 -9999 -9999 -9999 -9999 -9999 -9999 -9999 -9999 -9999 -9999 -9999 -9999 -9999 -9999 -9999 -9999 8.24 7.60 7.05 -9999 -9999 -9999 6.25 6.34 3.95 4.39 5.28 4.52 4.64 6.05 8.95 8.80 5.08 8.01 9.13 7.03 7.99 7.25 6.46 5.24 5.34 5.25 5.38 5.53 5.76 6.09 6.13 6.40 5.48 5.74 6.61 7.36 7.71 7.65 7.14 7.12 7.87 8.69 -9999 -9999 -9999 -9999 -9999 -9999 -9999 -9999 -9999 -9999 -9999 -9999 -9999
-9999 -9999 -9999 -9999 -9999 -9999 -9999 -9999 -9999 -9999 -9999 -9999 -9999 -9999 -9999 -9999 -9999 -9999 -9999 -9999 -9999 -9999 -9999 -9999 -9999 -9999 -9999 -9999 -9999 6.89 5.66 5.28 6.14 6.72 7.27 7.17 6.09 6.49 8.43 8.19 6.70 5.21 7.52 8.39 7.23 6.61 6.07 5.63 5.56 5.75 5.50 5.48 5.60 5.67 5.66 5.38 6.07 7.86 6.79 7.39 7.01 7.15 6.62 7.05 7.70 -9999 -9999 -9999 -9999 -9999 -9999 -9999 -9999 -9999 -9999 -9999 -9999 -9999 -9999
-9999 -9999 -9999 -9999 -9999 -9999 -9999 -9999 -9999 -9999 -9999 -9999 -9999 -9999 -9999 -9999 -9999 -9999 -9999 -9999 -9999 -9999 -9999 -9999 -9999 -9999 -9999 -9999 -9999 6.53 5.57 6.21 7.62 9.50 8.71 6.58 7.43 5.53 5.85 5.41 6.59 6.94 7.45 7.63 7.45 6.59 6.32 6.09 5.63 5.82 5.51 5.52 5.61 5.71 5.66 5.34 5.85 8.54 7.94 6.81 6.68 6.60 6.52 7.02 7.84 -9999 -9999 -9999 -9999 -9999 -9999 -9999 -9999 -9999 -9999 -9999 -9999 -9999 -9999
-9999 -9999 -9999 -9999 -9999 -9999 -9999 -9999 -9999 -9999 -9999 -9999 -9999 -9999 -9999 -9999 -9999 -9999 -9999 -9999 -9999 -9999 -9999 -9999 -9999 -9999 -9999 -9999 -9999 6.13 5.25 5.40 7.21 7.97 7.65 7.07 6.61 5.83 6.25 5.38 5.22 5.89 4.83 7.61 6.73 7.42 6.54 6.34 5.55 5.46 5.61 5.60 5.66 5.67 5.70 5.60 5.61 7.11 7.67 7.01 6.62 6.67 6.57 6.97 7.66 -9999 -9999 -9999 -9999 -9999 -9999 -9999 -9999 -9999 -9999 -9999 -9999 -9999 -9999
-9999 -9999 -9999 -9999 -9999 -9999 -9999 -9999 -9999 -9999 -9999 -9999 -9999 -9999 -9999 -9999 -9999 -9999 -9999 -9999 -9999 -9999 -9999 -9999 -9999 -9999 -9999 7.74 6.83 5.76 5.14 6.90 7.99 9.83 7.53 8.59 5.18 5.90 5.82 6.28 6.53 6.42 7.83 5.54 5.78 5.80 5.79 5.48 6.04 5.46 5.49 5.75 5.58 5.61 5.75 5.71 5.78 6.10 7.37 6.94 6.51 6.55 6.60 6.76 7.29 7.98 -9999 -9999 -9999 -9999 -9999 -9999 -9999 -9999 -9999 -9999 -9999 -9999 -9999
-9999 -9999 -9999 -9999 -9999 -9999 -9999 -9999 -9999 -9999 -9999 -9999 -9999 -9999 -9999 -9999 -9999 -9999 -9999 -9999 -9999 -9999 -9999 -9999 -9999 -9999 -9999 7.36 6.40 5.77 5.43 5.73 7.69 6.15 5.97 4.88 5.91 7.90 6.11 6.86 6.42 7.23 5.00 7.71 6.31 7.12 6.92 6.93 6.07 5.73 5.53 5.49 5.50 5.60 5.70 5.82 5.83 5.92 6.44 7.20 6.75 6.55 6.65 6.59 6.89 7.70 -9999 -9999 -9999 -9999 -9999 -9999 -9999 -9999 -9999 -9999 -9999 -9999 -9999
-9999 -9999 -9999 -9999 -9999 -9999 -9999 -9999 -9999 -9999 -9999 -9999 -9999 -9999 -9999 -9999 -9999 -9999 -9999 -9999 -9999 -9999 -9999 -9999 -9999 -9999 -9999 7.40 6.37 6.00 5.73 5.87 6.18 6.27 5.55 4.87 5.79 5.95 5.46 6.61 8.23 6.60 6.27 5.44 6.72 5.56 5.99 6.45 6.64 5.97 5.76 5.48 5.47 5.60 5.72 5.85 5.95 5.97 6.26 7.10 7.56 6.88 6.60 6.53 6.60 7.14 7.89 -9999 -9999 -9999 -9999 -9999 -9999 -9999 -9999 -9999 -9999 -9999 -9999
-9999 -9999 -9999 -9999 -9999 -9999 -9999 -9999 -9999 -9999 -9999 -9999 -9999 -9999 -9999 -9999 -9999 -9999 -9999 -9999 -9999 -9999 -9999 -9999 -9999 -9999 -9999 7.23 6.47 6.21 6.17 5.97 5.75 5.36 5.70 6.34 4.78 4.77 5.41 8.43 8.40 9.12 8.22 6.89 6.73 7.00 5.98 5.55 6.22 6.41 5.72 5.48 5.54 5.55 5.73 5.93 6.11 6.10 6.18 7.30 8.09 7.27 6.91 6.80 6.54 6.68 7.41 8.10 -9999 -9999 -9999 -9999 -9999 -9999 -9999 -9999 -9999 -9999 -9999
-9999 -9999 -9999 -9999 -9999 -9999 -9999 -9999 -9999 -9999 -9999 -9999 -9999 -9999 -9999 -9999 -9999 -9999 -9999 -9999 -9999 -9999 -9999 -9999 -9999 -9999 -9999 7.22 6.34 6.11 5.97 5.70 5.31 5.41 4.98 5.82 6.26 7.39 8.28 8.89 6.93 8.11 7.35 7.37 6.43 7.20 6.76 6.17 5.64 5.45 5.56 5.48 5.60 5.71 5.89 6.04 6.25 6.37 6.43 6.72 7.44 7.22 6.93 6.94 6.89 6.75 6.85 7.67 -9999 -9999 -9999 -9999 -9999 -9999 -9999 -9999 -9999 -9999 -9999
-9999 -9999 -9999 -9999 -9999 -9999 -9999 -9999 -9999 -9999 -9999 -9999 -9999 -9999 -9999 -9999 -9999 -9999 -9999 -9999 -9999 -9999 -9999 -9999 -9999 -9999 -9999 -9999 6.34 6.11 5.83 5.36 5.61 6.66 6.62 7.25 6.61 6.44 7.78 7.52 8.16 7.51 6.34 5.60 6.05 5.94 6.81 6.22 5.92 6.16 5.93 5.58 5.82 5.84 6.00 6.07 6.23 6.44 6.58 6.72 6.73 6.89 6.96 7.08 -9999 7.05 7.25 7.75 8.63 -9999 -9999 -9999 -9999 -9999 -9999 -9999 -9999 -9999 -9999
-9999 -9999 -9999 -9999 -9999 -9999 -9999 -9999 -9999 -9999 -9999 -9999 -9999 -9999 -9999 -9999 -9999 -9999 -9999 -9999 -9999 -9999 -9999 -9999 -9999 -9999 -9999 7.11 6.28 5.98 5.51 5.15 5.33 7.89 8.25 7.04 8.86 8.54 7.28 6.92 9.37 7.90 8.04 6.59 5.54 6.91 6.18 5.83 6.24 6.22 5.84 5.94 5.86 5.91 6.00 6.15 6.13 6.24 7.20 6.72 6.43 7.32 6.83 6.81 6.90 -9999 7.58 8.03 8.72 9.26 -9999 -9999 -9999 -9999 -9999 -9999 -9999 -9999 -9999
-9999 -9999 -9999 -9999 -9999 -9999 -9999 -9999 -9999 -9999 -9999 -9999 -9999 -9999 -9999 -9999 -9999 -9999 -9999 -9999 -9999 -9999 -9999 -9999 -9999 -9999 -9999 6.99 6.18 5.90 5.51 6.41 5.89 6.70 8.63 6.67 6.96 7.20 5.95 5.82 8.07 7.42 7.33 5.52 6.94 7.77 6.48 7.17 6.61 6.84 6.49 6.13 5.91 5.93 5.99 6.04 5.99 5.98 6.16 6.48 5.98 6.25 6.67 6.24 6.68 7.04 -9999 -9999 -9999 -9999 -9999 -9999 -9999 -9999 -9999 -9999 -9999 -9999 -9999
-9999 -9999 -9999 -9999 -9999 -9999 -9999 -9999 -9999 -9999 -9999 -9999 -9999 -9999 -9999 -9999 -9999 -9999 -9999 -9999 -9999 -9999 -9999 -9999 -9999 -9999 7.86 6.61 6.05 6.46 6.16 6.24 6.06 6.79 6.99 6.70 6.57 6.28 6.05 6.19 7.71 9.09 9.02 6.29 8.14 8.00 6.75 7.08 6.45 6.70 6.62 6.04 5.80 6.00 6.00 5.98 6.05 5.94 6.04 6.13 6.08 6.02 6.90 6.42 6.36 6.56 7.29 8.06 -9999 -9999 -9999 -9999 -9999 -9999 -9999 -9999 -9999 -9999 -9999
-9999 -9999 -9999 -9999 -9999 -9999 -9999 -9999 -9999 -9999 -9999 -9999 -9999 -9999 -9999 -9999 -9999 -9999 -9999 -9999 -9999 -9999 -9999 -9999 -9999 -9999 -9999 6.69 6.02 6.01 6.26 7.48 6.26 6.17 6.22 6.55 6.76 6.39 6.13 5.89 5.82 8.11 8.68 9.46 8.07 8.45 8.08 7.59 7.82 6.27 5.95 6.26 5.81 5.90 5.88 5.87 6.02 5.93 5.97 6.15 5.97 5.78 5.88 7.28 6.53 6.31 6.57 7.19 7.92 8.65 -9999 -9999 -9999 -9999 -9999 -9999 -9999 -9999 -9999
-9999 -9999 -9999 -9999 -9999 -9999 -9999 -9999 -9999 -9999 -9999 -9999 -9999 -9999 -9999 -9999 -9999 -9999 -9999 -9999 -9999 -9999 -9999 -9999 -9999 -9999 -9999 6.61 6.23 5.98 6.13 6.35 6.50 6.36 6.10 6.24 6.06 5.89 5.86 5.77 6.01 5.49 8.35 10.27 10.94 9.41 8.52 8.31 7.41 7.28 6.22 6.58 5.93 5.98 5.88 5.85 5.89 5.92 6.11 6.11 5.94 5.69 5.99 7.26 6.79 6.88 6.25 6.46 7.13 7.94 -9999 -9999 -9999 -9999 -9999 -9999 -9999 -9999 -9999
-9999 -9999 -9999 -9999 -9999 -9999 -9999 9.99 9.46 9.72 10.38 -9999 -9999 -9999 -9999 -9999 -9999 -9999 -9999 -9999 -9999 -9999 -9999 -9999 -9999 -9999 6.85 6.17 6.46 6.10 6.70 6.44 6.13 6.09 6.17 6.11 6.11 5.94 5.86 5.60 5.32 7.21 8.88 9.24 8.19 10.14 9.45 7.57 7.57 6.18 7.48 7.07 6.11 6.05 5.92 5.85 5.88 5.94 6.04 6.24 6.06 5.71 5.79 6.10 7.21 7.06 7.33 6.32 6.41 7.26 8.17 -9999 -9999 -9999 -9999 -9999 -9999 -9999 -9999
-9999 -9999 -9999 -9999 -9999 -9999 -9999 9.68 9.16 9.04 9.32 -9999 -9999 -9999 -9999 -9999 -9999 -9999 -9999 -9999 -9999 -9999 -9999 -9999 -9999 6.99 6.68 6.08 6.25 6.90 6.20 6.23 5.84 5.98 6.22 6.14 6.23 6.22 5.65 5.15 4.83 5.96 9.92 10.22 7.94 9.18 8.83 8.69 6.91 6.20 6.91 6.95 6.33 5.77 5.76 5.83 6.11 6.04 5.98 6.04 6.23 5.90 5.91 5.97 7.08 7.10 7.01 6.41 6.42 6.77 7.74 -9999 -9999 -9999 -9999 -9999 -9999 -9999 -9999
-9999 -9999 -9999 -9999 -9999 11.47 9.57 8.66 8.87 8.73 9.30 9.05 9.75 10.10 -9999 -9999 9.72 8.30 -9999 -9999 -9999 7.39 8.10 7.31 -9999 5.62 6.75 6.14 5.82 6.17 5.89 6.10 6.29 6.86 6.70 6.72 6.12 6.26 5.69 5.39 7.11 5.32 7.04 9.12 6.30 7.68 10.69 7.25 8.39 6.79 6.78 6.63 6.22 6.00 5.96 5.94 6.13 5.89 5.96 5.88 6.31 5.88 5.90 6.05 6.39 6.84 7.40 7.13 6.51 6.46 7.31 8.33 -9999 -9999 -9999 -9999 -9999 -9999 -9999
-9999 -9999 -9999 -9999 -9999 -9999 9.85 8.99 8.63 8.39 8.54 9.24 10.05 8.13 -9999 7.12 8.42 8.71 7.49 7.97 6.01 5.76 8.58 8.12 6.67 -9999 5.10 6.08 6.02 5.59 5.66 6.17 5.94 6.14 6.29 6.25 6.33 6.05 6.09 5.63 7.34 7.49 7.49 8.11 7.90 9.37 9.37 8.11 6.78 6.29 7.08 6.91 6.00 6.27 5.95 6.19 6.28 5.97 5.92 5.83 6.32 5.94 6.00 6.16 6.13 6.64 7.09 7.54 7.06 6.64 7.01 7.97 -9999 -9999 -9999 -9999 -9999 -9999 -9999
