ML/MeanWindSpeed_1995-12_Actual.txt
ncols         180
nrows         290
xllcorner     -200000
yllcorner     -200000
cellsize      5000
NODATA_value  -9999
[rows 210 to 244 of 290, columns 78 to 155 of 180]
13.08 13.01 11.05 13.09 12.61 -9999 -9999 -9999 -9999 -9999 -9999 -9999 4.10 4.40 6.27 6.20 7.32 8.38 10.45 12.44 14.90 13.76 11.57 9.76 9.79 8.12 10.84 10.89 6.58 5.33 9.60 9.38 10.71 7.08 6.39 6.69 6.30 7.20 8.17 8.19 8.63 8.25 7.72 7.31 6.97 6.69 6.68 6.31 6.88 6.18 5.90 5.52 5.39 5.71 5.52 5.88 6.98 6.75 5.86 7.45 6.90 5.70 5.43 4.90 5.03 5.93 6.35 5.94 5.55 5.43 6.75 5.66 6.00 6.99 6.18 6.02 5.91 4.96
-9999 13.47 -9999 -9999 -9999 -9999 -9999 -9999 -9999 -9999 9.80 7.81 7.19 8.87 8.77 8.35 8.13 8.97 9.39 11.98 13.66 12.56 8.01 7.80 12.06 9.98 9.38 7.25 5.95 5.47 8.49 8.86 8.87 7.02 6.60 6.89 5.37 8.74 9.22 8.10 8.50 8.10 7.83 7.49 6.95 7.27 6.48 6.34 5.57 5.39 5.12 5.03 4.97 5.78 5.32 6.68 8.44 6.69 7.16 5.23 6.42 5.63 5.19 6.47 6.18 6.29 6.78 5.95 5.24 5.34 5.43 6.18 6.79 5.94 6.41 6.11 5.27 4.90
-9999 -9999 -9999 -9999 -9999 -9999 -9999 -9999 -9999 -9999 11.79 10.79 8.49 10.43 11.63 -9999 -9999 8.95 12.18 7.32 9.20 8.55 8.60 9.35 10.88 7.40 6.72 7.25 6.91 7.88 8.57 8.75 8.11 7.28 7.68 6.05 6.53 8.86 7.85 7.68 7.80 8.08 8.52 7.99 6.93 6.80 6.09 6.09 6.68 7.01 6.19 6.37 5.05 5.05 6.14 8.64 6.67 6.56 5.91 4.42 6.17 5.84 5.75 5.71 5.78 5.75 5.61 7.05 5.58 5.34 5.23 5.28 5.53 5.27 4.82 6.54 5.91 6.37
-9999 -9999 -9999 -9999 -9999 -9999 -9999 -9999 -9999 -9999 -9999 -9999 -9999 -9999 -9999 -9999 -9999 10.65 9.29 8.82 7.45 6.20 6.29 6.76 7.78 7.39 7.88 8.65 9.46 10.39 10.19 -9999 7.94 7.15 6.58 6.21 6.68 8.65 7.92 8.22 7.97 7.37 7.29 8.00 7.04 7.12 8.27 8.32 7.89 8.55 9.12 7.13 6.51 6.32 6.43 7.79 6.39 6.13 5.83 5.00 5.00 5.29 6.10 6.10 5.60 5.38 5.49 5.48 5.14 5.02 4.89 4.94 5.10 5.37 5.46 5.90 5.93 6.56
-9999 -9999 -9999 -9999 -9999 -9999 -9999 -9999 -9999 -9999 -9999 -9999 -9999 -9999 -9999 -9999 -9999 -9999 10.64 8.75 7.15 7.02 7.74 6.49 6.63 7.47 9.19 -9999 -9999 -9999 -9999 9.09 7.19 6.57 6.15 6.31 6.99 8.91 8.07 8.61 8.16 7.17 8.19 7.71 9.06 8.24 10.04 8.40 8.52 7.91 8.15 7.59 6.44 7.13 5.14 5.97 6.43 4.80 4.91 4.40 4.50 4.98 5.35 5.66 5.67 4.82 4.72 4.65 4.67 4.49 5.78 6.03 4.81 4.77 5.00 5.44 5.97 7.35
-9999 -9999 -9999 -9999 -9999 -9999 -9999 -9999 -9999 -9999 -9999 -9999 -9999 -9999 -9999 -9999 -9999 -9999 -9999 10.47 10.99 9.26 8.08 8.97 9.08 9.79 -9999 -9999 -9999 -9999 10.08 8.81 7.98 4.83 5.08 5.64 8.42 9.22 8.83 8.43 7.54 7.74 7.60 9.11 10.31 8.78 8.70 7.84 7.82 7.40 6.28 6.70 6.43 5.72 5.58 5.69 5.52 4.90 4.92 5.28 5.65 6.16 5.25 5.41 5.30 4.70 5.05 4.77 5.02 4.29 5.00 4.91 4.85 5.80 4.82 6.02 6.31 6.99
-9999 -9999 -9999 -9999 -9999 -9999 -9999 -9999 -9999 -9999 -9999 -9999 -9999 -9999 -9999 -9999 -9999 -9999 -9999 -9999 11.38 10.94 10.03 11.34 10.68 11.64 -9999 -9999 -9999 9.22 6.75 5.18 6.84 6.72 6.23 5.24 7.09 6.52 8.65 8.16 6.73 8.41 9.46 9.17 8.43 8.84 7.66 7.04 6.53 5.81 5.65 5.45 5.57 6.00 5.66 5.18 5.22 5.35 5.30 5.89 5.50 5.88 5.67 5.11 5.04 4.39 4.12 4.02 4.48 4.37 4.58 4.61 5.68 5.90 6.21 6.16 5.09 6.77
-9999 -9999 -9999 -9999 -9999 -9999 -9999 -9999 -9999 -9999 -9999 -9999 -9999 -9999 -9999 -9999 -9999 -9999 -9999 -9999 -9999 -9999 -9999 -9999 -9999 -9999 -9999 -9999 11.69 7.59 5.44 4.69 6.44 4.79 5.87 7.00 7.13 7.22 7.65 6.10 5.87 6.44 7.55 7.29 7.59 7.54 7.78 7.49 7.15 8.62 6.67 6.61 5.76 6.12 6.06 5.25 5.37 5.05 5.43 6.07 5.36 4.87 4.82 4.71 4.62 5.10 4.59 5.31 5.02 6.13 6.63 6.23 4.93 7.35 8.13 6.84 5.35 8.04
-9999 -9999 -9999 -9999 -9999 -9999 -9999 -9999 -9999 -9999 -9999 -9999 -9999 -9999 -9999 -9999 -9999 -9999 -9999 -9999 -9999 -9999 -9999 -9999 -9999 -9999 -9999 -9999 9.09 7.80 6.21 11.67 9.49 5.37 5.89 6.65 7.29 7.89 6.08 5.48 5.43 5.52 6.86 6.74 6.64 8.55 8.42 9.72 8.20 8.32 9.52 7.45 6.47 5.96 5.25 5.06 4.86 4.94 5.43 5.31 5.44 4.91 4.44 4.23 4.29 5.10 7.30 6.71 7.50 7.80 8.72 7.04 5.54 6.52 6.76 5.63 5.02 5.72
-9999 -9999 -9999 -9999 -9999 -9999 -9999 -9999 -9999 -9999 -9999 -9999 -9999 -9999 -9999 -9999 -9999 -9999 -9999 -9999 -9999 -9999 -9999 -9999 -9999 -9999 -9999 -9999 8.42 5.84 5.11 7.74 11.53 9.81 8.31 6.84 8.21 6.52 6.15 5.49 7.48 7.70 8.32 7.84 6.96 7.12 7.11 7.71 8.44 8.55 7.56 7.20 6.78 6.40 5.51 5.07 5.16 5.32 5.98 5.63 5.38 4.79 4.75 5.53 6.46 5.88 7.17 6.77 6.57 6.66 7.49 9.23 8.52 5.87 5.54 6.02 6.38 6.44
-9999 -9999 -9999 -9999 -9999 -9999 -9999 -9999 -9999 -9999 -9999 11.55 11.52 9.07 14.43 13.44 12.74 12.22 14.22 5.91 12.46 7.92 -9999 -9999 -9999 -9999 -9999 -9999 7.44 5.72 5.64 5.19 6.76 8.91 10.15 8.98 7.41 6.43 6.36 7.06 8.38 7.53 6.72 6.81 6.44 6.37 6.94 6.78 6.61 6.45 7.02 6.46 7.16 7.47 7.92 6.40 5.88 6.51 6.37 5.40 6.20 5.36 5.07 6.27 7.18 5.87 5.48 5.86 5.63 5.40 5.13 5.35 5.03 4.21 4.00 4.01 4.09 4.13
-9999 -9999 -9999 -9999 -9999 -9999 -9999 -9999 -9999 -9999 -9999 13.81 12.28 12.15 9.80 12.28 14.10 12.46 12.26 12.13 8.66 6.92 6.12 8.17 11.35 8.93 7.95 6.87 6.43 5.49 5.01 5.06 5.26 6.06 8.64 8.43 7.35 6.22 9.34 7.44 6.33 6.92 7.43 6.59 6.53 7.83 7.23 7.28 6.96 6.77 5.58 6.09 6.95 7.10 6.77 7.09 7.30 5.84 5.46 4.78 4.65 6.03 5.28 9.43 7.28 6.66 5.96 5.43 5.57 5.22 6.03 5.96 4.37 5.79 5.02 5.63 4.12 4.34
-9999 -9999 -9999 -9999 -9999 -9999 -9999 -9999 -9999 -9999 11.75 9.58 8.24 7.84 7.31 10.66 13.90 12.89 11.10 10.86 10.45 8.50 6.91 7.02 8.42 9.71 6.58 6.05 5.52 5.53 6.42 5.04 5.30 7.21 7.35 7.03 7.38 9.83 7.68 8.82 7.98 6.99 5.95 6.64 6.85 7.95 7.82 7.14 7.59 6.21 6.39 6.31 6.42 6.45 7.75 8.06 5.82 5.47 5.61 7.76 5.84 5.42 5.76 5.91 6.39 6.49 5.98 5.79 6.48 7.37 6.13 4.95 4.66 6.30 5.56 5.43 5.77 5.51
-9999 -9999 -9999 -9999 -9999 -9999 -9999 -9999 -9999 -9999 -9999 7.89 6.06 5.56 8.34 8.93 10.04 12.94 10.96 8.78 7.50 9.54 11.07 9.07 7.06 7.24 9.07 6.90 5.12 5.21 5.16 5.85 6.12 5.58 5.78 6.34 7.25 8.62 7.11 8.38 6.91 6.75 6.58 7.11 6.83 7.84 7.96 7.79 6.31 6.09 6.73 5.81 5.33 5.34 6.45 7.34 7.18 5.74 6.00 6.86 6.53 5.68 4.88 5.02 5.14 5.64 7.50 7.11 6.79 7.46 8.44 7.31 6.29 6.66 6.46 5.34 6.17 4.90
-9999 -9999 -9999 -9999 -9999 -9999 -9999 12.19 -9999 -9999 9.40 7.23 7.76 4.86 7.69 6.68 6.79 7.24 7.44 8.36 6.96 8.95 10.05 7.34 6.08 4.59 4.47 4.62 4.65 4.89 5.29 6.10 5.23 5.29 5.78 7.77 6.46 7.82 6.65 7.20 6.43 7.52 8.35 7.61 6.71 6.21 6.19 6.13 5.95 7.39 6.36 5.62 7.68 6.07 5.99 7.60 8.69 4.97 5.31 5.61 5.24 4.84 4.75 4.73 5.44 6.41 6.89 5.75 5.33 5.51 6.27 6.17 5.87 6.37 5.41 5.11 4.93 4.27
-9999 -9999 -9999 -9999 -9999 -9999 12.30 12.65 11.86 11.08 7.89 6.66 9.01 6.62 5.60 6.67 6.14 7.87 8.18 9.03 7.63 7.40 8.01 6.42 4.67 3.83 4.02 4.82 5.36 4.54 4.65 5.04 4.99 5.27 6.99 7.08 6.20 7.28 7.74 9.02 7.79 7.74 9.04 7.42 7.19 5.68 6.13 5.86 6.41 5.77 5.71 5.14 6.55 6.72 5.68 6.58 5.90 4.92 4.56 4.28 4.91 4.88 4.89 4.39 4.11 4.49 4.55 4.70 4.81 4.82 4.48 5.31 5.76 6.56 6.78 6.07 4.54 5.35
-9999 -9999 -9999 -9999 -9999 -9999 11.95 10.88 9.11 9.25 8.04 7.47 6.55 8.57 8.51 7.47 9.06 9.01 8.47 9.86 8.63 8.56 8.78 6.06 6.73 8.48 7.33 5.94 5.06 4.38 5.10 5.72 6.23 5.73 7.04 6.21 6.88 6.09 5.44 7.31 8.67 7.14 6.98 6.73 6.15 5.87 6.40 5.65 5.14 6.05 6.47 5.04 5.65 5.98 5.88 6.88 7.30 7.13 8.68 5.46 5.29 4.43 4.20 4.22 4.33 4.26 4.27 4.51 4.92 4.52 4.43 4.31 5.39 5.60 5.71 5.75 5.83 4.40
-9999 -9999 -9999 -9999 -9999 -9999 12.47 10.07 8.88 8.98 8.01 8.25 7.16 7.62 7.69 6.32 8.05 8.59 9.40 9.84 9.31 6.79 6.03 5.70 8.14 7.85 8.03 8.72 6.06 5.51 5.73 5.00 6.10 5.45 6.59 6.14 6.23 5.88 5.21 7.22 6.68 6.60 6.15 5.88 5.89 5.73 6.19 6.25 5.09 5.03 5.53 6.65 5.36 5.70 5.55 6.19 6.45 6.58 7.55 6.69 7.33 8.36 4.49 8.17 6.46 4.79 5.38 8.87 8.31 7.43 4.03 3.88 4.08 4.08 5.08 4.99 6.50 7.61
-9999 -9999 -9999 -9999 -9999 -9999 10.18 9.11 8.55 8.03 6.97 6.86 6.58 6.11 7.20 6.64 7.07 8.39 7.97 8.52 8.44 8.64 5.96 6.70 8.79 7.59 9.08 9.18 6.96 7.07 7.68 6.45 6.63 6.70 6.80 6.92 6.90 7.19 7.96 5.70 6.44 5.92 5.61 5.39 5.44 5.56 5.92 5.12 5.41 5.39 6.13 6.73 7.47 6.65 7.58 7.22 6.69 6.35 5.86 5.28 5.28 5.90 5.42 7.51 7.44 8.46 8.22 8.93 9.20 9.51 5.14 4.91 4.35 4.38 5.32 6.78 8.45 8.92
-9999 -9999 -9999 -9999 -9999 -9999 8.56 8.24 8.22 8.42 8.61 7.46 6.59 5.47 5.92 7.79 7.51 7.44 7.25 8.37 8.45 8.34 7.74 6.20 6.24 5.65 8.76 7.60 5.43 9.04 8.97 7.67 10.47 8.66 9.33 10.28 9.37 8.36 8.49 6.66 5.43 5.57 5.20 4.66 5.07 5.19 5.82 5.06 5.62 6.92 7.96 7.74 7.77 8.11 8.22 8.57 8.46 7.83 6.74 6.25 6.90 7.61 8.00 8.64 9.04 9.37 -9999 -9999 9.24 9.50 8.74 7.72 6.16 9.35 7.40 -9999 -9999 -9999
-9999 -9999 -9999 -9999 -9999 11.04 8.52 8.43 7.82 9.06 9.06 9.95 7.41 7.05 6.49 7.85 7.59 7.16 7.22 7.94 8.24 8.21 8.07 7.87 7.74 7.96 8.12 6.47 9.55 10.62 8.22 7.65 8.52 8.21 9.61 9.64 8.28 7.82 7.10 6.31 6.80 6.15 5.98 5.56 5.74 6.34 7.29 7.15 6.91 7.07 7.38 7.81 -9999 -9999 9.60 10.84 10.96 10.17 9.44 8.84 9.14 -9999 -9999 -9999 -9999 -9999 -9999 -9999 -9999 -9999 -9999 9.39 9.48 11.30 9.82 -9999 -9999 -9999
-9999 -9999 -9999 -9999 12.68 9.99 7.80 8.73 7.70 7.88 7.94 8.53 7.53 9.81 10.27 9.08 8.60 8.97 9.76 8.59 8.21 8.45 9.07 9.20 11.69 12.26 11.48 10.70 12.66 9.83 10.34 10.51 11.17 11.57 9.37 7.90 8.40 7.20 6.96 6.15 5.89 5.49 7.26 8.73 8.91 8.74 8.83 9.20 8.38 -9999 6.78 7.62 7.48 8.27 9.81 -9999 -9999 -9999 -9999 11.16 -9999 -9999 -9999 -9999 -9999 -9999 -9999 -9999 -9999 -9999 -9999 -9999 -9999 -9999 -9999 -9999 -9999 -9999
-9999 -9999 -9999 15.14 12.64 11.15 9.24 7.50 7.36 7.32 6.91 7.84 9.19 13.42 14.59 9.34 8.40 12.13 9.33 11.19 8.61 8.58 12.24 11.04 10.74 11.05 11.30 -9999 -9999 -9999 -9999 -9999 11.97 13.22 12.14 9.85 9.53 8.68 7.50 6.89 6.08 6.36 8.08 -9999 -9999 -9999 -9999 -9999 10.73 10.61 8.82 6.97 6.51 9.41 10.14 -9999 -9999 -9999 -9999 -9999 -9999 -9999 -9999 -9999 -9999 -9999 -9999 -9999 -9999 -9999 -9999 -9999 -9999 -9999 -9999 -9999 -9999 -9999
-9999 -9999 10.45 11.21 12.24 11.73 9.42 8.87 8.42 6.45 8.18 9.46 12.00 14.02 15.00 13.15 11.85 10.20 12.04 9.75 10.25 10.11 12.88 12.95 -9999 -9999 -9999 -9999 -9999 -9999 -9999 -9999 -9999 12.39 12.57 10.93 12.17 13.13 13.18 9.99 11.46 10.73 11.53 -9999 -9999 -9999 -9999 -9999 -9999 -9999 9.04 8.98 7.19 8.55 -9999 -9999 -9999 -9999 -9999 -9999 -9999 -9999 -9999 -9999 -9999 -9999 -9999 -9999 -9999 -9999 -9999 -9999 -9999 -9999 -9999 -9999 -9999 -9999
11.35 11.36 9.55 10.29 11.77 12.89 12.35 9.91 7.60 7.46 9.04 10.01 11.32 13.99 11.64 11.29 11.18 13.11 7.14 9.76 14.13 12.01 -9999 -9999 -9999 -9999 -9999 -9999 -9999 -9999 -9999 -9999 -9999 -9999 -9999 13.47 -9999 -9999 -9999 -9999 11.12 13.26 13.65 -9999 -9999 -9999 -9999 -9999 -9999 -9999 -9999 9.83 11.81 10.30 -9999 -9999 -9999 -9999 -9999 -9999 -9999 -9999 -9999 -9999 -9999 -9999 -9999 -9999 -9999 -9999 -9999 -9999 -9999 -9999 -9999 -9999 -9999 -9999
9.98 9.08 7.77 9.75 12.17 12.34 12.54 10.77 9.04 10.06 7.44 7.08 9.38 12.60 11.79 9.35 8.09 10.60 7.79 7.67 10.34 -9999 -9999 -9999 -9999 -9999 -9999 -9999 -9999 -9999 -9999 -9999 -9999 -9999 -9999 15.28 -9999 -9999 -9999 -9999 -9999 -9999 -9999 -9999 -9999 -9999 -9999 -9999 -9999 -9999 -9999 -9999 -9999 -9999 -9999 -9999 -9999 -9999 -9999 -9999 -9999 -9999 -9999 -9999 -9999 -9999 -9999 -9999 -9999 -9999 -9999 -9999 -9999 -9999 -9999 -9999 -9999 -9999
11.07 9.14 7.37 9.53 10.49 10.44 10.81 9.84 9.04 10.28 6.57 6.91 9.01 11.41 15.00 14.81 7.34 7.89 7.50 9.00 13.03 -9999 -9999 -9999 -9999 -9999 -9999 -9999 -9999 -9999 -9999 -9999 -9999 -9999 -9999 -9999 -9999 -9999 -9999 -9999 -9999 -9999 -9999 -9999 -9999 -9999 -9999 -9999 -9999 -9999 -9999 -9999 -9999 -9999 -9999 -9999 -9999 -9999 -9999 -9999 -9999 -9999 -9999 -9999 -9999 -9999 -9999 -9999 -9999 -9999 -9999 -9999 -9999 -9999 -9999 -9999 -9999 -9999
9.76 11.05 9.88 10.51 10.06 10.75 9.67 8.98 8.29 6.96 7.36 7.10 7.55 10.90 12.74 11.66 9.03 6.39 6.63 11.08 11.25 -9999 -9999 -9999 -9999 -9999 -9999 -9999 -9999 -9999 -9999 -9999 -9999 -9999 -9999 -9999 -9999 -9999 -9999 -9999 -9999 -9999 -9999 -9999 -9999 -9999 -9999 -9999 -9999 -9999 -9999 -9999 -9999 -9999 -9999 -9999 -9999 -9999 -9999 -9999 -9999 -9999 -9999 -9999 -9999 -9999 -9999 -9999 -9999 -9999 -9999 -9999 -9999 -9999 -9999 -9999 -9999 -9999
10.57 12.54 11.71 11.96 10.16 10.66 9.90 12.34 10.90 8.83 8.23 9.00 7.36 8.14 9.27 8.67 7.22 6.77 7.90 10.03 11.55 -9999 -9999 -9999 -9999 -9999 -9999 -9999 -9999 -9999 -9999 -9999 -9999 -9999 -9999 -9999 -9999 -9999 -9999 -9999 -9999 -9999 -9999 -9999 -9999 -9999 -9999 -9999 -9999 -9999 -9999 -9999 -9999 -9999 -9999 -9999 -9999 -9999 -9999 -9999 -9999 -9999 -9999 -9999 -9999 -9999 -9999 -9999 -9999 -9999 -9999 -9999 -9999 -9999 -9999 -9999 -9999 -9999
9.40 10.13 10.95 10.71 12.10 13.99 13.42 11.36 11.33 11.19 11.00 9.54 10.00 8.98 7.79 7.59 8.29 9.23 10.05 10.38 12.50 -9999 -9999 -9999 -9999 -9999 -9999 -9999 -9999 -9999 -9999 -9999 -9999 -9999 -9999 -9999 -9999 -9999 -9999 -9999 -9999 -9999 -9999 -9999 -9999 -9999 -9999 -9999 -9999 -9999 -9999 -9999 -9999 -9999 -9999 -9999 -9999 -9999 -9999 -9999 -9999 -9999 -9999 -9999 -9999 -9999 -9999 -9999 -9999 -9999 -9999 -9999 -9999 -9999 -9999 -9999 -9999 -9999
9.15 11.16 12.25 -9999 -9999 -9999 -9999 -9999 -9999 -9999 -9999 -9999 11.66 12.24 10.30 8.97 7.58 8.85 10.35 10.90 -9999 -9999 -9999 -9999 -9999 -9999 -9999 -9999 -9999 -9999 -9999 -9999 -9999 -9999 -9999 -9999 -9999 -9999 -9999 -9999 -9999 -9999 -9999 -9999 -9999 -9999 -9999 -9999 -9999 -9999 -9999 -9999 -9999 -9999 -9999 -9999 -9999 -9999 -9999 -9999 -9999 -9999 -9999 -9999 -9999 -9999 -9999 -9999 -9999 -9999 -9999 -9999 -9999 -9999 -9999 -9999 -9999 -9999
11.96 12.44 13.82 -9999 -9999 -9999 -9999 -9999 -9999 -9999 -9999 -9999 -9999 -9999 -9999 10.28 8.90 9.15 10.42 -9999 -9999 -9999 -9999 -9999 -9999 -9999 -9999 -9999 -9999 -9999 -9999 -9999 -9999 -9999 -9999 -9999 -9999 -9999 -9999 -9999 -9999 -9999 -9999 -9999 -9999 -9999 -9999 -9999 -9999 -9999 -9999 -9999 -9999 -9999 -9999 -9999 -9999 -9999 -9999 -9999 -9999 -9999 -9999 -9999 -9999 -9999 -9999 -9999 -9999 -9999 -9999 -9999 -9999 -9999 -9999 -9999 -9999 -9999
12.92 -9999 -9999 -9999 -9999 -9999 -9999 -9999 -9999 -9999 -9999 -9999 -9999 -9999 -9999 12.29 13.32 14.06 13.76 -9999 -9999 -9999 -9999 -9999 -9999 -9999 -9999 -9999 -9999 -9999 -9999 -9999 -9999 -9999 -9999 -9999 -9999 -9999 -9999 -9999 -9999 -9999 -9999 -9999 -9999 -9999 -9999 -9999 -9999 -9999 -9999 -9999 -9999 -9999 -9999 -9999 -9999 -9999 -9999 -9999 -9999 -9999 -9999 -9999 -9999 -9999 -9999 -9999 -9999 -9999 -9999 -9999 -9999 -9999 -9999 -9999 -9999 -9999
-9999 -9999 -9999 -9999 -9999 -9999 -9999 -9999 -9999 -9999 -9999 -9999 -9999 -9999 -9999 -9999 -9999 -9999 -9999 -9999 -9999 -9999 -9999 -9999 -9999 -9999 -9999 -9999 -9999 -9999 -9999 -9999 -9999 -9999 -9999 -9999 -9999 -9999 -9999 -9999 -9999 -9999 -9999 -9999 -9999 -9999 -9999 -9999 -9999 -9999 -9999 -9999 -9999 -9999 -9999 -9999 -9999 -9999 -9999 -9999 -9999 -9999 -9999 -9999 -9999 -9999 -9999 -9999 -9999 -9999 -9999 -9999 -9999 -9999 -9999 -9999 -9999 -9999
-9999 -9999 -9999 -9999 -9999 -9999 -9999 -9999 -9999 -9999 -9999 -9999 -9999 -9999 -9999 -9999 -9999 -9999 -9999 -9999 -9999 -9999 -9999 -9999 -9999 -9999 -9999 -9999 -9999 -9999 -9999 -9999 -9999 -9999 -9999 -9999 -9999 -9999 -9999 -9999 -9999 -9999 -9999 -9999 -9999 -9999 -9999 -9999 -9999 -9999 -9999 -9999 -9999 -9999 -9999 -9999 -9999 -9999 -9999 -9999 -9999 -9999 -9999 -9999 -9999 -9999 -9999 -9999 -9999 -9999 -9999 -9999 -9999 -9999 -9999 -9999 -9999 -9999
