ML/MeanWindSpeed_2000-09_Actual.txt
ncols         180
nrows         290
xllcorner     -200000
yllcorner     -200000
cellsize      5000
NODATA_value  -9999
[rows 140 to 174 of 290, columns 79 to 157 of 180]
-9999 -9999 11.40 -9999 -9999 -9999 10.49 10.63 9.29 9.03 9.83 -9999 -9999 10.47 9.02 10.90 11.74 -9999 -9999 -9999 -9999 -9999 8.71 7.37 5.23 4.96 3.94 4.46 4.92 5.94 6.98 6.13 8.08 9.40 9.34 6.71 8.18 8.92 9.50 7.60 8.39 8.79 7.97 6.15 6.10 6.91 5.10 5.38 6.93 8.35 -9999 -9999 -9999 -9999 -9999 -9999 -9999 -9999 -9999 -9999 -9999 -9999 -9999 -9999 -9999 -9999 -9999 -9999 -9999 -9999 -9999 -9999 -9999 -9999 -9999 -9999 -9999 -9999 -9999
-9999 -9999 11.33 11.18 -9999 -9999 -9999 10.53 10.95 10.51 10.72 -9999 -9999 -9999 -9999 10.59 -9999 -9999 -9999 -9999 -9999 -9999 7.76 6.83 5.98 5.90 5.08 4.90 5.20 5.88 6.15 6.53 7.19 9.36 9.40 5.11 9.64 9.49 10.51 7.63 7.80 9.74 8.09 6.93 6.46 5.47 4.67 5.54 6.93 8.20 -9999 -9999 -9999 -9999 -9999 -9999 -9999 -9999 -9999 -9999 -9999 -9999 -9999 -9999 -9999 -9999 -9999 -9999 -9999 -9999 -9999 -9999 -9999 -9999 -9999 -9999 -9999 -9999 -9999
-9999 -9999 -9999 12.51 -9999 -9999 -9999 -9999 10.73 11.50 11.22 -9999 -9999 -9999 -9999 -9999 -9999 -9999 -9999 -9999 -9999 8.84 7.69 7.48 7.11 6.86 7.08 6.61 6.33 6.65 6.59 7.32 7.26 8.38 12.85 11.06 9.59 9.48 7.58 6.98 7.28 6.04 5.01 7.19 7.56 5.23 5.12 6.25 7.21 8.38 9.43 -9999 -9999 -9999 -9999 -9999 -9999 -9999 -9999 -9999 -9999 -9999 -9999 -9999 -9999 -9999 -9999 -9999 -9999 -9999 -9999 -9999 -9999 -9999 -9999 -9999 -9999 -9999 -9999
-9999 -9999 -9999 13.47 -9999 -9999 -9999 -9999 -9999 -9999 -9999 -9999 -9999 -9999 -9999 -9999 -9999 -9999 -9999 -9999 -9999 8.57 6.69 5.56 4.78 4.75 10.81 7.40 6.12 8.42 6.30 7.83 5.70 6.82 11.51 13.58 8.99 7.30 11.42 13.33 11.93 9.52 8.39 5.46 6.24 6.12 7.15 6.73 7.00 8.47 9.41 9.74 -9999 -9999 -9999 -9999 -9999 -9999 -9999 -9999 -9999 -9999 -9999 -9999 -9999 -9999 -9999 -9999 -9999 -9999 -9999 -9999 -9999 -9999 -9999 -9999 -9999 -9999 -9999
-9999 -9999 -9999 -9999 -9999 -9999 -9999 -9999 -9999 -9999 -9999 -9999 -9999 -9999 -9999 -9999 -9999 -9999 -9999 -9999 9.24 7.92 6.13 4.59 6.90 3.42 13.87 11.45 4.97 6.52 5.59 5.72 6.67 5.58 7.24 14.55 12.90 10.26 8.83 8.19 10.33 10.03 9.14 7.66 6.82 6.70 6.57 6.49 7.33 7.52 7.80 8.41 -9999 -9999 -9999 -9999 -9999 -9999 -9999 -9999 -9999 -9999 -9999 -9999 -9999 -9999 -9999 -9999 -9999 -9999 -9999 -9999 -9999 -9999 -9999 -9999 -9999 -9999 -9999
-9999 -9999 -9999 -9999 -9999 -9999 -9999 -9999 -9999 -9999 -9999 -9999 -9999 -9999 -9999 -9999 -9999 -9999 -9999 -9999 8.80 8.80 5.72 5.80 11.65 5.91 3.07 7.15 8.06 6.13 5.47 5.52 5.72 5.68 6.81 9.01 15.84 12.05 9.84 7.82 7.75 8.04 7.00 7.11 7.16 8.02 6.84 7.53 6.92 7.06 6.85 7.13 7.38 7.45 7.65 -9999 -9999 -9999 -9999 -9999 -9999 -9999 -9999 -9999 -9999 -9999 -9999 -9999 -9999 -9999 -9999 -9999 -9999 -9999 -9999 -9999 -9999 -9999 -9999
-9999 -9999 -9999 -9999 -9999 -9999 -9999 -9999 -9999 -9999 -9999 -9999 -9999 -9999 -9999 -9999 -9999 -9999 -9999 -9999 9.12 8.51 7.50 9.31 4.76 4.81 6.12 10.37 7.54 5.45 8.36 3.98 6.59 6.11 6.75 6.76 9.13 9.87 8.81 7.82 7.21 5.42 5.95 6.00 6.09 6.24 6.75 6.73 6.94 6.48 6.43 6.54 8.71 6.90 7.96 8.91 9.06 -9999 -9999 -9999 -9999 -9999 -9999 -9999 -9999 -9999 -9999 -9999 -9999 -9999 -9999 -9999 -9999 -9999 -9999 -9999 -9999 -9999 -9999
-9999 -9999 -9999 -9999 -9999 -9999 -9999 -9999 -9999 -9999 -9999 -9999 -9999 -9999 -9999 -9999 -9999 -9999 -9999 -9999 9.32 9.16 9.67 13.67 13.62 8.93 5.95 8.22 9.46 10.97 6.19 8.91 7.37 6.41 6.81 6.85 5.12 5.01 8.80 8.08 7.28 6.66 6.07 5.95 6.43 6.75 6.51 6.75 6.60 6.14 6.35 6.19 6.45 8.40 8.18 8.47 9.91 10.14 8.55 -9999 -9999 -9999 -9999 -9999 -9999 -9999 -9999 -9999 -9999 -9999 -9999 -9999 -9999 -9999 -9999 -9999 -9999 -9999 -9999
-9999 -9999 -9999 -9999 -9999 -9999 -9999 -9999 -9999 -9999 -9999 -9999 -9999 -9999 -9999 -9999 -9999 -9999 -9999 -9999 9.49 8.66 10.74 11.52 6.72 15.77 12.92 7.65 10.25 8.21 10.94 11.43 7.82 5.86 6.53 7.14 5.01 11.07 9.77 9.53 9.88 10.17 9.41 6.68 7.82 7.14 6.97 6.96 6.76 6.46 5.78 5.04 5.49 7.60 6.89 6.73 7.77 9.23 7.74 10.40 -9999 -9999 -9999 -9999 -9999 -9999 -9999 -9999 -9999 -9999 -9999 -9999 -9999 -9999 -9999 -9999 -9999 -9999 -9999
-9999 -9999 -9999 -9999 -9999 -9999 -9999 -9999 9.57 9.86 11.20 -9999 -9999 -9999 -9999 -9999 -9999 -9999 -9999 -9999 -9999 9.25 8.45 6.67 7.93 9.46 11.88 6.94 5.04 9.71 9.09 8.30 7.06 8.53 8.57 7.10 7.09 9.52 9.41 12.37 11.23 9.23 8.78 9.26 8.02 7.30 7.20 7.03 7.16 6.56 5.58 9.16 8.34 11.05 11.65 10.86 10.09 7.76 10.00 10.44 9.87 -9999 -9999 -9999 -9999 -9999 -9999 -9999 -9999 -9999 -9999 -9999 -9999 -9999 -9999 -9999 -9999 -9999 -9999
-9999 -9999 -9999 -9999 -9999 -9999 -9999 -9999 7.05 7.71 -9999 -9999 -9999 -9999 -9999 -9999 -9999 -9999 -9999 -9999 -9999 -9999 8.58 5.56 8.87 9.33 15.37 8.54 8.60 7.88 6.42 5.88 6.16 5.92 12.55 6.98 7.32 11.22 9.26 6.76 6.28 10.11 6.66 9.13 7.65 6.93 6.79 7.00 7.02 7.45 8.86 9.42 8.91 8.83 8.80 10.07 11.09 10.39 10.21 9.76 11.83 -9999 -9999 -9999 -9999 -9999 -9999 -9999 -9999 -9999 -9999 -9999 -9999 -9999 -9999 -9999 -9999 -9999 -9999
-9999 -9999 -9999 -9999 -9999 -9999 -9999 8.21 9.77 9.94 10.43 -9999 -9999 -9999 -9999 -9999 -9999 -9999 -9999 -9999 -9999 -9999 9.30 9.77 10.38 10.13 7.70 9.43 7.46 7.14 6.64 5.80 7.29 6.03 3.85 11.11 7.36 6.30 9.32 7.56 9.88 7.43 7.57 6.48 6.74 6.74 7.04 6.75 6.86 8.08 8.72 7.45 8.19 9.53 9.70 10.52 10.55 10.65 10.53 9.04 11.63 10.70 -9999 -9999 -9999 -9999 -9999 -9999 -9999 -9999 -9999 -9999 -9999 -9999 -9999 -9999 -9999 -9999 -9999
-9999 -9999 -9999 -9999 -9999 -9999 8.39 11.67 12.56 15.39 10.44 -9999 -9999 -9999 -9999 -9999 -9999 -9999 -9999 -9999 -9999 -9999 10.10 13.19 10.60 6.42 7.64 7.54 7.92 6.48 6.03 6.66 7.75 5.61 10.16 6.87 9.56 6.68 10.31 5.51 6.51 4.67 6.82 5.68 6.32 7.05 6.50 6.72 6.67 7.05 9.35 9.21 8.52 7.87 8.61 8.77 9.25 9.63 10.77 10.43 9.80 10.42 -9999 -9999 -9999 -9999 -9999 -9999 -9999 -9999 -9999 -9999 -9999 -9999 -9999 -9999 -9999 -9999 -9999
-9999 -9999 -9999 -9999 -9999 10.33 9.39 14.75 11.67 11.36 -9999 -9999 -9999 -9999 -9999 -9999 -9999 -9999 -9999 -9999 -9999 -9999 -9999 9.54 7.74 6.79 8.85 6.83 8.55 7.09 6.61 6.27 7.52 6.33 11.03 10.01 10.69 9.69 10.06 10.17 9.97 7.97 7.58 7.92 7.38 6.27 6.52 6.77 6.76 6.88 7.26 10.67 9.23 7.06 6.96 7.42 7.56 7.69 7.40 7.51 7.30 8.16 9.72 10.45 -9999 -9999 -9999 -9999 -9999 -9999 -9999 -9999 -9999 -9999 -9999 -9999 -9999 -9999 -9999
-9999 -9999 -9999 -9999 -9999 12.97 13.97 10.19 10.03 10.41 -9999 -9999 -9999 -9999 -9999 -9999 -9999 -9999 -9999 -9999 -9999 -9999 -9999 -9999 8.30 8.45 7.85 7.08 8.12 7.69 7.54 6.76 7.50 5.87 10.65 9.70 8.95 10.22 8.65 8.30 12.11 11.38 7.63 9.19 8.15 7.82 6.67 6.73 6.86 6.79 6.89 7.44 7.64 7.04 7.10 7.18 7.31 6.98 6.65 6.80 7.06 9.66 10.13 9.98 -9999 -9999 -9999 -9999 -9999 -9999 -9999 -9999 -9999 -9999 -9999 -9999 -9999 -9999 -9999
-9999 -9999 -9999 -9999 -9999 13.64 12.04 12.27 11.19 -9999 -9999 -9999 -9999 -9999 -9999 -9999 -9999 -9999 -9999 -9999 -9999 -9999 -9999 -9999 9.12 8.92 8.36 -9999 8.35 -9999 7.75 6.12 4.89 4.14 4.22 9.22 9.24 9.22 11.85 6.37 7.07 11.71 9.42 8.43 8.56 7.70 6.87 6.75 6.72 6.55 6.78 6.93 7.65 8.63 7.69 8.26 7.31 6.37 7.28 8.57 8.29 7.97 8.22 9.84 11.55 12.17 -9999 -9999 -9999 -9999 -9999 -9999 -9999 -9999 -9999 -9999 -9999 -9999 -9999
-9999 -9999 -9999 -9999 13.19 12.11 11.68 -9999 -9999 -9999 -9999 -9999 -9999 -9999 -9999 -9999 -9999 -9999 -9999 -9999 -9999 -9999 -9999 -9999 9.98 9.03 8.30 -9999 -9999 -9999 7.80 7.42 3.91 4.34 5.50 5.20 6.06 7.79 11.24 11.27 6.35 9.66 10.88 7.85 9.15 8.29 7.50 6.19 6.47 6.43 6.62 6.78 7.06 7.51 7.58 8.09 6.93 6.87 7.93 9.01 9.45 9.38 8.71 8.74 9.88 11.14 -9999 -9999 -9999 -9999 -9999 -9999 -9999 -9999 -9999 -9999 -9999 -9999 -9999
-9999 -9999 -9999 -9999 -9999 -9999 -9999 -9999 -9999 -9999 -9999 -9999 -9999 -9999 -9999 -9999 -9999 -9999 -9999 -9999 -9999 -9999 -9999 -9999 -9999 -9999 -9999 -9999 -9999 8.91 7.67 6.77 7.39 7.87 8.49 8.56 7.60 8.12 10.50 10.22 8.40 6.28 8.91 9.75 8.17 7.40 6.90 6.63 6.68 6.99 6.66 6.60 6.75 6.87 7.05 6.99 7.79 9.62 8.02 8.79 8.36 8.57 7.88 8.54 9.56 -9999 -9999 -9999 -9999 -9999 -9999 -9999 -9999 -9999 -9999 -9999 -9999 -9999 -9999
-9999 -9999 -9999 -9999 -9999 -9999 -9999 -9999 -9999 -9999 -9999 -9999 -9999 -9999 -9999 -9999 -9999 -9999 -9999 -9999 -9999 -9999 -9999 -9999 -9999 -9999 -9999 -9999 -9999 8.53 7.70 8.24 9.29 11.55 10.51 7.65 8.91 6.35 6.92 6.39 7.96 8.57 8.78 8.86 8.72 7.59 7.37 7.20 6.67 6.96 6.57 6.57 6.69 6.84 6.99 6.96 7.54 10.54 9.36 7.83 7.77 7.77 7.72 8.47 9.75 -9999 -9999 -9999 -9999 -9999 -9999 -9999 -9999 -9999 -9999 -9999 -9999 -9999 -9999
-9999 -9999 -9999 -9999 -9999 -9999 -9999 -9999 -9999 -9999 -9999 -9999 -9999 -9999 -9999 -9999 -9999 -9999 -9999 -9999 -9999 -9999 -9999 -9999 -9999 -9999 -9999 -9999 -9999 7.79 7.14 7.15 8.82 9.55 9.10 8.35 7.51 6.24 7.04 5.99 5.66 6.86 5.42 8.90 7.93 8.72 7.54 7.30 6.33 6.30 6.56 6.58 6.68 6.70 6.86 7.04 7.11 8.74 9.05 7.96 7.55 7.81 7.77 8.38 9.47 -9999 -9999 -9999 -9999 -9999 -9999 -9999 -9999 -9999 -9999 -9999 -9999 -9999 -9999
-9999 -9999 -9999 -9999 -9999 -9999 -9999 -9999 -9999 -9999 -9999 -9999 -9999 -9999 -9999 -9999 -9999 -9999 -9999 -9999 -9999 -9999 -9999 -9999 -9999 -9999 -9999 9.48 8.23 7.20 7.01 8.92 9.79 12.00 8.93 10.45 5.84 6.76 6.63 6.81 7.02 7.14 9.04 6.23 6.58 6.57 6.60 6.15 6.84 6.15 6.29 6.70 6.50 6.56 6.80 6.89 7.11 7.39 8.69 7.80 7.27 7.60 7.80 8.07 8.95 10.06 -9999 -9999 -9999 -9999 -9999 -9999 -9999 -9999 -9999 -9999 -9999 -9999 -9999
-9999 -9999 -9999 -9999 -9999 -9999 -9999 -9999 -9999 -9999 -9999 -9999 -9999 -9999 -9999 -9999 -9999 -9999 -9999 -9999 -9999 -9999 -9999 -9999 -9999 -9999 -9999 8.94 7.53 6.89 6.75 7.11 9.36 7.11 7.08 5.95 7.03 9.56 7.12 7.40 6.84 7.94 5.07 8.75 7.12 8.25 8.18 8.17 6.95 6.44 6.25 6.32 6.35 6.51 6.66 6.86 7.02 7.18 7.62 8.23 7.54 7.56 7.86 7.84 8.39 9.60 -9999 -9999 -9999 -9999 -9999 -9999 -9999 -9999 -9999 -9999 -9999 -9999 -9999
-9999 -9999 -9999 -9999 -9999 -9999 -9999 -9999 -9999 -9999 -9999 -9999 -9999 -9999 -9999 -9999 -9999 -9999 -9999 -9999 -9999 -9999 -9999 -9999 -9999 -9999 -9999 9.01 7.51 7.08 6.88 7.03 7.22 7.08 6.35 5.47 6.48 6.93 6.34 7.50 9.40 7.20 6.76 5.86 7.63 6.25 6.88 7.54 7.77 6.81 6.56 6.29 6.30 6.50 6.68 6.87 7.07 7.32 7.61 8.35 8.76 8.02 7.80 7.80 7.99 8.80 9.92 -9999 -9999 -9999 -9999 -9999 -9999 -9999 -9999 -9999 -9999 -9999 -9999
-9999 -9999 -9999 -9999 -9999 -9999 -9999 -9999 -9999 -9999 -9999 -9999 -9999 -9999 -9999 -9999 -9999 -9999 -9999 -9999 -9999 -9999 -9999 -9999 -9999 -9999 -9999 8.78 7.63 7.30 7.28 7.02 6.65 5.80 6.12 6.97 5.20 5.50 6.18 10.05 9.87 10.70 9.60 7.94 7.69 8.00 6.77 6.33 7.19 7.33 6.46 6.25 6.37 6.41 6.68 6.95 7.23 7.45 7.58 8.75 9.62 8.59 8.24 8.20 7.93 8.14 9.19 10.24 -9999 -9999 -9999 -9999 -9999 -9999 -9999 -9999 -9999 -9999 -9999
-9999 -9999 -9999 -9999 -9999 -9999 -9999 -9999 -9999 -9999 -9999 -9999 -9999 -9999 -9999 -9999 -9999 -9999 -9999 -9999 -9999 -9999 -9999 -9999 -9999 -9999 -9999 8.69 7.41 7.12 7.03 6.77 6.24 5.99 5.30 6.73 7.50 8.82 9.77 10.51 7.58 8.99 8.21 8.46 7.31 8.14 7.60 7.00 6.32 6.02 6.21 6.20 6.44 6.62 6.88 7.10 7.39 7.65 7.71 7.96 8.80 8.47 8.22 8.38 8.41 8.26 8.40 9.59 -9999 -9999 -9999 -9999 -9999 -9999 -9999 -9999 -9999 -9999 -9999
-9999 -9999 -9999 -9999 -9999 -9999 -9999 -9999 -9999 -9999 -9999 -9999 -9999 -9999 -9999 -9999 -9999 -9999 -9999 -9999 -9999 -9999 -9999 -9999 -9999 -9999 -9999 -9999 7.35 7.07 6.84 6.48 6.91 8.08 7.88 8.96 8.40 8.01 9.57 8.84 8.91 7.77 6.40 5.81 6.44 6.23 7.49 6.96 6.64 6.90 6.64 6.29 6.72 6.78 7.02 7.15 7.41 7.70 7.81 7.97 7.98 8.14 8.25 8.53 -9999 8.68 8.98 9.70 10.97 -9999 -9999 -9999 -9999 -9999 -9999 -9999 -9999 -9999 -9999
-9999 -9999 -9999 -9999 -9999 -9999 -9999 -9999 -9999 -9999 -9999 -9999 -9999 -9999 -9999 -9999 -9999 -9999 -9999 -9999 -9999 -9999 -9999 -9999 -9999 -9999 -9999 8.44 7.20 6.81 6.31 6.32 6.90 9.92 10.14 8.78 11.20 10.65 9.23 8.41 10.86 8.30 8.20 6.71 5.39 7.19 6.59 6.38 7.04 7.03 6.50 6.72 6.76 6.88 7.03 7.26 7.33 7.48 8.68 8.12 7.70 8.80 8.06 8.04 8.26 -9999 9.42 10.10 11.15 11.95 -9999 -9999 -9999 -9999 -9999 -9999 -9999 -9999 -9999
-9999 -9999 -9999 -9999 -9999 -9999 -9999 -9999 -9999 -9999 -9999 -9999 -9999 -9999 -9999 -9999 -9999 -9999 -9999 -9999 -9999 -9999 -9999 -9999 -9999 -9999 -9999 8.24 7.07 6.75 6.29 7.69 7.29 8.17 10.47 7.97 8.40 8.82 7.60 7.35 9.57 7.80 7.34 5.13 6.92 8.14 6.74 7.89 7.40 7.80 7.32 6.93 6.80 6.89 7.00 7.09 7.10 7.15 7.29 7.70 7.12 7.46 7.85 7.13 7.79 8.46 -9999 -9999 -9999 -9999 -9999 -9999 -9999 -9999 -9999 -9999 -9999 -9999 -9999
-9999 -9999 -9999 -9999 -9999 -9999 -9999 -9999 -9999 -9999 -9999 -9999 -9999 -9999 -9999 -9999 -9999 -9999 -9999 -9999 -9999 -9999 -9999 -9999 -9999 -9999 9.43 7.71 6.92 7.48 7.02 7.22 7.15 8.04 8.26 7.94 7.89 7.76 7.68 8.05 9.75 10.67 9.93 5.99 8.20 8.11 6.82 7.55 7.07 7.57 7.44 6.72 6.60 6.96 7.00 7.01 7.14 7.08 7.14 7.18 7.25 7.29 8.27 7.34 7.22 7.66 8.83 10.12 -9999 -9999 -9999 -9999 -9999 -9999 -9999 -9999 -9999 -9999 -9999
-9999 -9999 -9999 -9999 -9999 -9999 -9999 -9999 -9999 -9999 -9999 -9999 -9999 -9999 -9999 -9999 -9999 -9999 -9999 -9999 -9999 -9999 -9999 -9999 -9999 -9999 -9999 7.69 6.80 6.83 7.05 8.60 7.19 7.13 7.20 7.71 8.07 7.81 7.75 7.82 7.59 9.91 9.70 10.18 8.29 8.66 8.47 8.12 8.77 6.97 6.46 6.87 6.53 6.79 6.83 6.83 7.06 7.04 7.02 7.16 7.06 7.09 7.17 8.65 7.46 7.12 7.61 8.75 9.91 11.02 -9999 -9999 -9999 -9999 -9999 -9999 -9999 -9999 -9999
-9999 -9999 -9999 -9999 -9999 -9999 -9999 -9999 -9999 -9999 -9999 -9999 -9999 -9999 -9999 -9999 -9999 -9999 -9999 -9999 -9999 -9999 -9999 -9999 -9999 -9999 -9999 7.48 7.00 6.69 6.88 7.16 7.40 7.22 6.92 7.17 7.06 6.99 7.19 7.32 7.71 6.73 9.51 11.70 12.41 10.07 8.92 9.04 8.17 8.28 6.81 7.28 6.67 6.87 6.80 6.76 6.86 7.01 7.22 7.12 6.99 7.03 7.44 8.88 7.99 7.85 7.10 7.61 8.71 9.95 -9999 -9999 -9999 -9999 -9999 -9999 -9999 -9999 -9999
-9999 -9999 -9999 -9999 -9999 -9999 -9999 11.71 10.72 10.84 11.65 -9999 -9999 -9999 -9999 -9999 -9999 -9999 -9999 -9999 -9999 -9999 -9999 -9999 -9999 -9999 7.65 6.84 7.34 6.87 7.57 7.24 6.82 6.76 6.92 6.93 7.04 6.95 7.08 6.88 6.80 9.00 10.40 10.60 9.02 11.08 9.93 7.88 8.28 6.87 8.45 7.91 6.89 6.93 6.83 6.73 6.82 7.06 7.18 7.31 7.09 6.94 7.20 7.56 8.76 8.26 8.49 7.27 7.57 8.92 10.28 -9999 -9999 -9999 -9999 -9999 -9999 -9999 -9999
-9999 -9999 -9999 -9999 -9999 -9999 -9999 11.33 10.32 9.89 10.19 -9999 -9999 -9999 -9999 -9999 -9999 -9999 -9999 -9999 -9999 -9999 -9999 -9999 -9999 7.64 7.42 6.67 7.00 7.94 6.97 6.92 6.50 6.74 7.11 7.08 7.22 7.27 6.74 6.26 5.82 6.92 11.44 11.73 8.70 9.90 9.32 9.34 7.50 6.89 7.68 7.72 7.12 6.54 6.60 6.68 7.11 7.18 7.12 7.08 7.26 7.01 7.30 7.46 8.76 8.50 8.14 7.35 7.50 8.12 9.63 -9999 -9999 -9999 -9999 -9999 -9999 -9999 -9999
-9999 -9999 -9999 -9999 -9999 13.77 11.29 9.95 9.98 9.57 10.20 9.55 10.11 10.18 -9999 -9999 9.48 7.73 -9999 -9999 -9999 7.53 8.12 6.84 -9999 5.50 7.41 6.77 6.42 6.97 6.65 6.80 7.11 7.94 7.82 7.91 7.14 7.46 6.88 6.31 8.20 5.58 7.50 10.27 6.83 8.42 11.98 7.60 9.49 7.65 7.44 7.30 6.95 6.82 6.84 6.76 7.13 6.96 7.08 6.88 7.36 6.93 7.20 7.53 7.95 8.38 8.79 8.32 7.61 7.59 8.92 10.49 -9999 -9999 -9999 -9999 -9999 -9999 -9999
-9999 -9999 -9999 -9999 -9999 -9999 11.64 10.36 9.70 9.28 9.26 9.48 9.83 6.65 -9999 4.35 7.49 8.08 6.58 7.35 5.21 5.37 8.94 7.79 5.94 -9999 5.18 6.72 6.81 6.37 6.40 6.87 6.51 6.92 7.27 7.33 7.51 7.35 7.75 6.91 8.53 8.32 8.22 8.90 8.84 10.74 10.31 8.56 7.37 6.93 7.77 7.66 6.66 7.14 6.75 7.03 7.32 7.05 7.03 6.82 7.33 6.93 7.24 7.62 7.68 8.23 8.54 8.96 8.34 7.85 8.46 9.92 -9999 -9999 -9999 -9999 -9999 -9999 -9999
