ML/MeanWindSpeed_1999-02_Actual.txt
ncols         180
nrows         290
xllcorner     -200000
yllcorner     -200000
cellsize      5000
NODATA_value  -9999
[rows 204 to 237 of 290, columns 77 to 153 of 180]
13.34 11.00 11.53 13.25 14.08 13.60 12.24 14.31 12.99 15.01 11.44 12.71 15.36 14.43 12.37 13.03 8.83 7.82 11.79 13.18 12.11 10.65 12.83 9.45 7.92 7.13 12.79 17.18 18.01 10.47 10.98 11.21 11.51 10.44 8.91 10.46 9.76 9.59 8.87 8.90 7.32 6.84 7.94 7.93 11.09 11.21 10.49 9.04 9.84 11.51 10.71 9.97 9.28 9.42 9.21 8.68 8.17 8.06 8.56 8.98 8.60 8.54 8.54 8.27 9.48 10.10 8.43 8.71 9.55 9.78 9.10 9.42 9.13 9.04 9.47 10.35 11.01
12.15 12.24 11.29 12.31 12.19 12.91 12.21 12.29 13.51 12.01 12.71 11.19 10.96 10.74 9.90 8.89 10.73 9.22 13.55 20.54 11.22 11.27 11.98 16.90 16.13 7.34 7.48 19.30 14.89 12.16 12.58 13.75 11.38 8.92 8.05 10.74 11.13 9.54 8.58 7.95 6.97 6.72 8.22 11.22 11.89 10.74 10.22 9.69 9.44 9.38 10.32 9.39 9.08 8.73 8.20 7.74 7.58 8.49 8.25 8.06 8.12 7.34 7.72 8.79 8.77 9.56 8.84 8.80 8.83 8.97 9.33 9.30 9.07 8.99 9.25 10.03 10.33
14.23 11.50 10.86 12.04 11.09 11.70 11.81 11.88 10.73 10.61 11.45 10.50 12.05 10.59 12.47 8.59 11.78 14.08 14.37 15.79 16.39 13.25 15.54 17.85 12.18 14.27 12.76 8.17 14.05 13.72 9.89 10.40 8.49 10.09 9.82 13.33 12.28 9.38 8.31 7.20 6.74 8.03 11.47 10.24 12.26 10.67 10.32 10.99 9.61 10.60 8.92 9.04 8.46 8.01 7.69 7.76 7.63 7.57 7.16 7.01 6.74 7.17 8.63 9.76 9.26 8.55 9.18 8.53 9.49 8.58 8.34 8.40 8.48 8.68 9.02 9.95 9.85
13.85 12.24 10.91 10.44 12.06 13.43 15.44 14.03 12.18 11.08 10.05 10.39 13.53 10.41 11.50 8.38 10.92 11.71 10.97 9.82 12.48 11.41 14.08 14.28 16.50 14.07 15.04 13.91 18.48 11.70 10.15 9.39 10.34 9.57 12.48 12.20 12.45 8.62 7.72 6.75 10.65 11.56 11.43 12.05 10.15 10.69 10.88 10.40 8.81 8.62 8.65 8.29 7.95 7.78 7.54 7.99 7.85 7.81 6.84 5.99 6.22 7.60 9.99 8.50 9.08 9.10 8.52 8.31 8.40 7.97 7.97 8.37 7.92 8.50 8.86 9.30 9.75
13.88 12.84 11.45 10.86 11.17 13.27 13.76 14.57 13.41 12.31 11.28 10.57 11.13 13.67 9.48 13.97 13.07 13.13 14.34 12.40 9.79 10.02 12.19 11.20 13.44 13.02 11.32 16.47 16.32 9.91 10.58 8.09 8.93 11.03 12.09 11.58 10.55 8.26 7.32 8.99 8.55 10.86 10.84 10.20 10.51 10.11 9.56 9.06 7.92 7.54 7.57 7.57 9.18 7.72 8.41 7.55 7.12 6.02 5.32 5.41 6.84 9.10 9.37 9.13 9.24 8.83 8.29 8.35 8.77 9.05 7.45 8.31 9.15 8.49 8.45 9.18 8.55
13.63 12.76 12.13 12.72 13.88 15.48 -9999 -9999 -9999 -9999 13.01 12.43 13.28 10.53 9.24 10.90 11.17 10.69 9.77 5.89 15.86 16.63 11.24 9.96 10.50 12.45 13.57 15.72 12.25 10.10 8.63 7.61 12.36 11.24 13.15 9.85 9.11 8.15 7.80 10.21 8.73 10.79 10.70 9.73 9.74 9.31 8.72 7.91 7.39 7.20 7.30 7.45 8.76 7.88 8.20 8.05 7.04 5.93 5.13 6.68 6.84 8.59 9.63 9.71 8.07 7.82 7.52 8.66 9.09 8.59 7.20 8.06 8.86 8.69 8.36 9.26 8.81
15.32 15.33 15.54 13.95 16.16 16.04 -9999 -9999 -9999 -9999 -9999 -9999 -9999 9.91 9.90 11.15 10.02 9.74 9.65 11.61 13.99 16.79 16.12 13.87 12.11 11.61 10.60 14.16 13.97 9.19 7.71 12.01 12.39 13.76 10.19 9.21 8.70 8.03 9.28 10.19 10.15 10.52 10.12 9.61 9.19 8.70 8.17 7.89 7.51 8.10 7.56 7.65 7.72 7.74 7.83 7.28 7.59 7.93 6.73 5.75 7.53 8.82 9.28 9.04 7.94 7.34 7.99 8.60 8.22 7.48 7.21 8.44 7.38 7.80 8.95 8.41 8.49
-9999 -9999 15.80 -9999 -9999 -9999 -9999 -9999 -9999 -9999 -9999 14.64 12.92 12.41 13.81 13.20 11.56 10.08 10.25 10.32 13.20 15.05 14.35 10.03 9.91 13.88 12.57 12.65 10.28 8.54 8.23 11.36 11.82 11.63 9.79 9.19 8.82 7.31 10.85 11.29 10.06 10.22 9.74 9.47 9.13 8.61 8.83 8.05 8.03 7.33 7.31 7.41 7.67 7.56 7.74 7.00 8.47 9.66 7.12 7.29 5.76 8.14 8.43 7.89 8.42 7.87 7.97 8.74 8.00 7.16 7.19 7.26 7.91 8.55 7.94 8.62 8.35
-9999 -9999 -9999 -9999 -9999 -9999 -9999 -9999 -9999 -9999 -9999 16.14 15.37 13.26 14.80 15.42 -9999 -9999 10.62 13.65 8.98 10.97 10.47 10.47 11.37 13.19 10.40 10.05 10.37 9.86 10.73 11.39 11.45 10.56 9.72 10.02 8.20 8.67 11.21 10.13 9.65 9.36 9.43 9.87 9.52 8.73 8.45 7.63 7.63 8.14 8.63 8.27 8.87 7.53 6.93 7.91 10.56 8.43 7.87 6.91 5.60 7.80 7.72 7.48 7.51 7.45 7.25 7.35 8.90 7.58 7.43 7.41 7.44 7.63 7.40 7.08 8.57
-9999 -9999 -9999 -9999 -9999 -9999 -9999 -9999 -9999 -9999 -9999 -9999 -9999 -9999 -9999 -9999 -9999 -9999 12.41 11.24 10.75 9.72 8.59 8.61 9.33 10.69 10.54 10.96 11.49 12.03 12.78 12.57 -9999 10.34 9.53 8.80 8.17 8.87 10.92 10.13 10.10 9.38 8.60 8.49 9.32 8.39 8.33 9.35 9.38 8.95 9.74 10.59 9.11 8.57 8.12 8.40 9.83 8.31 7.91 7.46 6.68 6.70 6.71 7.19 7.65 7.19 6.78 7.11 7.42 7.33 7.34 7.32 7.32 7.36 7.56 7.69 8.03
-9999 -9999 -9999 -9999 -9999 -9999 -9999 -9999 -9999 -9999 -9999 -9999 -9999 -9999 -9999 -9999 -9999 -9999 -9999 12.22 10.45 9.00 9.06 10.02 9.37 9.74 10.54 11.96 -9999 -9999 -9999 -9999 11.36 9.84 9.15 8.29 8.09 8.98 10.93 10.16 10.31 9.37 8.16 8.94 8.59 9.96 9.35 11.17 9.70 9.81 9.31 9.62 9.33 8.45 9.13 7.36 8.14 8.43 6.84 6.93 6.43 6.21 6.07 5.74 5.74 6.13 5.95 6.28 6.63 6.91 6.91 8.30 8.52 7.26 7.24 7.43 7.63
-9999 -9999 -9999 -9999 -9999 -9999 -9999 -9999 -9999 -9999 -9999 -9999 -9999 -9999 -9999 -9999 -9999 -9999 -9999 -9999 11.47 11.95 10.35 9.76 11.50 11.71 12.48 -9999 -9999 -9999 -9999 11.95 11.36 10.86 7.71 7.33 7.57 10.31 11.25 10.78 9.99 8.60 8.38 8.19 9.82 11.28 10.18 10.26 9.63 9.75 9.40 8.27 8.68 8.57 8.02 7.87 7.92 7.64 6.95 6.96 7.32 7.35 7.14 5.69 5.61 5.69 5.68 6.65 7.01 7.52 7.04 7.79 7.56 7.26 8.10 7.18 8.03
-9999 -9999 -9999 -9999 -9999 -9999 -9999 -9999 -9999 -9999 -9999 -9999 -9999 -9999 -9999 -9999 -9999 -9999 -9999 -9999 -9999 12.16 11.70 11.29 13.53 12.83 14.03 -9999 -9999 -9999 11.23 8.89 8.18 10.00 9.62 8.75 7.63 9.39 8.92 10.65 9.70 7.83 9.02 10.11 10.20 9.86 10.67 9.77 9.27 8.92 8.21 7.96 7.76 7.87 8.33 7.94 7.41 7.38 7.49 7.58 8.23 7.60 7.24 6.47 5.73 5.83 5.83 6.34 6.80 7.42 7.38 7.49 7.05 7.59 7.78 8.12 7.87
-9999 -9999 -9999 -9999 -9999 -9999 -9999 -9999 -9999 -9999 -9999 -9999 -9999 -9999 -9999 -9999 -9999 -9999 -9999 -9999 -9999 -9999 -9999 -9999 -9999 -9999 -9999 -9999 -9999 13.82 9.70 7.69 7.49 9.51 7.84 8.64 9.51 9.69 9.87 10.03 8.27 7.71 8.06 9.17 9.13 9.44 9.47 9.59 9.25 9.06 10.57 8.75 8.71 7.95 8.41 8.35 7.56 7.71 7.47 8.09 8.91 8.01 6.91 6.26 5.99 5.83 6.62 6.75 7.67 7.50 8.56 8.92 8.00 6.41 8.95 9.67 7.92
-9999 -9999 -9999 -9999 -9999 -9999 -9999 -9999 -9999 -9999 -9999 -9999 -9999 -9999 -9999 -9999 -9999 -9999 -9999 -9999 -9999 -9999 -9999 -9999 -9999 -9999 -9999 -9999 -9999 11.06 9.42 7.77 13.30 11.55 7.93 8.60 9.44 10.08 10.54 8.73 8.17 7.89 7.86 9.19 8.92 8.55 10.15 9.87 11.06 9.57 9.76 10.88 9.04 8.43 8.24 7.68 7.62 7.60 7.73 8.32 8.41 8.37 7.32 6.28 5.83 5.54 6.28 8.64 8.34 9.24 9.71 10.55 8.54 6.87 7.99 8.31 6.80
-9999 -9999 -9999 -9999 -9999 -9999 -9999 -9999 -9999 -9999 -9999 -9999 -9999 -9999 -9999 -9999 -9999 -9999 -9999 -9999 -9999 -9999 -9999 -9999 -9999 -9999 -9999 -9999 -9999 10.60 7.63 6.04 8.61 12.55 11.40 10.51 9.50 10.86 9.02 8.45 7.88 9.66 9.86 10.69 10.11 8.90 8.84 8.92 9.54 10.06 10.02 8.88 8.55 8.39 8.32 7.73 7.58 7.77 8.02 8.68 8.49 8.00 6.78 6.26 6.85 7.56 6.99 8.28 8.32 8.53 8.67 9.32 10.81 10.02 7.54 7.21 7.37
-9999 -9999 -9999 -9999 -9999 -9999 -9999 -9999 -9999 -9999 -9999 -9999 15.19 15.16 12.39 16.89 15.64 15.10 15.12 17.26 9.53 15.73 11.18 -9999 -9999 -9999 -9999 -9999 -9999 9.88 8.25 7.53 6.51 7.67 9.96 11.74 11.19 9.76 8.72 8.49 9.34 10.76 10.06 9.45 9.57 9.08 8.51 9.32 9.05 8.69 8.36 8.55 7.70 8.24 8.68 9.42 8.42 8.14 8.92 8.91 8.23 8.59 6.84 6.00 7.32 8.34 7.02 6.55 7.02 7.33 7.43 7.27 7.36 7.01 6.35 6.04 5.78
-9999 -9999 -9999 -9999 -9999 -9999 -9999 -9999 -9999 -9999 -9999 -9999 16.83 15.45 14.60 11.56 13.41 14.87 13.79 14.42 14.82 11.97 10.48 9.03 10.46 13.59 11.59 10.63 9.39 8.83 8.04 7.55 7.17 6.72 7.25 10.11 10.24 9.18 8.27 11.33 9.82 8.92 9.60 10.20 9.44 9.28 10.00 9.66 9.65 9.09 8.72 7.25 7.29 7.75 7.82 7.89 8.81 9.41 8.08 7.85 7.35 6.87 7.40 6.11 10.07 8.16 7.56 6.86 6.32 6.55 6.62 7.66 7.57 6.02 7.50 6.85 7.36
-9999 -9999 -9999 -9999 -9999 -9999 -9999 -9999 -9999 -9999 -9999 15.54 13.75 12.47 11.29 9.64 11.86 14.61 13.76 12.48 12.31 12.28 10.96 9.06 8.61 10.22 11.87 9.04 8.37 7.75 7.80 8.67 7.20 7.17 8.74 8.85 8.54 8.73 11.17 9.40 10.96 10.37 9.61 8.72 9.33 9.08 9.96 10.09 9.33 9.47 8.05 7.99 7.50 7.17 7.02 8.59 9.51 7.52 6.87 7.25 9.59 7.70 6.88 6.90 6.84 7.09 7.10 6.44 6.23 6.94 8.10 7.21 6.08 5.85 7.59 6.90 6.66
-9999 -9999 -9999 -9999 -9999 -9999 -9999 -9999 -9999 -9999 -9999 -9999 12.95 11.07 9.89 11.35 10.78 11.30 13.99 12.35 10.07 8.67 11.24 13.15 10.58 8.38 8.93 11.01 8.91 7.08 7.12 7.06 7.79 7.86 7.11 7.41 7.98 8.78 9.96 8.77 10.51 9.40 9.42 9.39 9.70 9.04 9.97 10.22 9.74 7.89 7.63 7.97 6.75 5.90 5.54 6.79 8.30 8.13 6.34 6.86 8.26 7.98 7.04 6.05 5.93 5.68 5.93 7.57 7.19 6.90 7.58 8.68 7.74 7.05 7.68 7.61 6.54
-9999 -9999 -9999 -9999 -9999 -9999 -9999 -9999 16.17 -9999 -9999 13.98 12.35 12.68 9.16 11.00 9.43 9.04 9.20 9.58 10.38 8.66 10.86 12.20 9.35 7.86 6.60 6.74 6.69 6.39 6.63 7.04 7.97 6.89 6.71 7.49 9.52 8.29 9.27 8.22 9.22 8.77 9.83 10.78 10.03 8.90 8.49 8.56 8.10 7.41 8.65 7.20 5.98 7.57 5.63 5.78 8.00 9.20 5.64 6.19 6.92 6.72 6.19 5.80 5.67 6.06 6.73 7.26 6.30 5.85 5.90 6.55 6.62 6.61 7.39 6.67 6.52
-9999 -9999 -9999 -9999 -9999 -9999 -9999 14.56 15.80 15.66 15.17 12.06 10.92 12.62 9.85 8.63 9.35 8.50 9.88 10.39 11.10 9.35 9.10 9.54 7.83 6.19 5.58 5.98 6.71 7.05 6.31 6.46 6.80 6.40 6.49 8.52 8.85 7.92 8.57 8.88 10.38 9.55 9.66 11.04 9.59 9.19 7.92 8.52 7.94 7.96 7.01 6.27 5.10 5.94 5.70 4.95 6.45 6.20 5.53 5.49 5.47 6.27 6.16 5.98 5.61 5.31 5.39 5.40 5.80 6.08 5.92 5.19 5.78 6.24 7.18 7.61 7.08
-9999 -9999 -9999 -9999 -9999 -9999 -9999 13.65 13.62 12.52 13.00 11.77 10.68 9.47 11.28 11.03 9.90 11.09 10.69 10.28 11.56 10.01 9.59 9.01 6.00 6.68 8.69 8.23 7.18 6.41 5.86 6.58 7.26 7.61 7.05 8.61 8.14 8.74 7.64 6.87 8.84 10.30 9.08 9.08 8.73 7.94 7.95 8.62 7.59 6.65 7.09 6.80 4.71 4.68 4.54 4.54 5.99 6.86 7.10 8.74 6.03 6.17 5.27 5.02 5.33 5.55 5.19 5.06 5.51 6.20 5.80 5.40 5.16 6.09 6.22 6.38 6.50
-9999 -9999 -9999 -9999 -9999 -9999 -9999 13.96 12.65 11.95 12.32 11.61 11.32 9.90 10.39 10.38 8.94 10.25 10.25 10.87 11.17 10.37 7.26 5.46 4.62 6.98 7.14 7.94 8.80 6.63 6.54 6.87 6.46 7.58 6.95 8.22 7.89 7.91 7.60 6.94 9.02 8.56 8.56 8.26 7.83 7.47 7.55 8.24 8.07 6.49 5.81 5.51 5.73 3.90 3.94 3.86 5.12 6.08 6.52 7.31 6.69 7.52 8.28 4.50 8.36 6.80 4.88 5.24 8.91 8.91 8.33 5.08 5.01 5.31 5.26 5.89 5.60
-9999 -9999 -9999 -9999 -9999 -9999 -9999 12.07 11.67 11.51 11.27 10.61 10.34 9.71 9.25 10.32 9.58 9.66 10.27 9.31 9.42 9.06 8.49 4.97 5.46 7.84 7.00 8.56 8.73 6.96 7.37 7.96 6.99 7.39 7.61 7.79 7.74 7.75 8.47 9.45 7.56 8.46 8.09 7.86 7.42 7.19 7.46 7.90 6.92 6.67 5.90 5.62 5.29 5.29 4.19 5.16 5.81 7.04 7.06 6.51 5.82 5.68 5.87 5.15 7.35 7.29 8.05 7.62 8.38 9.07 9.54 5.67 5.72 5.52 5.62 6.13 7.24
-9999 -9999 -9999 -9999 -9999 -9999 -9999 10.75 10.62 10.73 11.16 11.65 10.63 9.86 9.14 9.66 11.01 10.37 9.72 8.81 9.29 8.86 8.25 7.19 5.46 5.78 5.62 8.34 7.22 5.30 8.62 8.48 7.31 10.22 8.79 9.55 10.31 9.58 9.20 9.74 8.37 7.44 7.76 7.51 6.80 6.90 7.10 7.66 6.69 6.64 7.00 6.91 5.87 5.17 4.97 4.79 5.69 8.90 8.56 7.50 6.85 7.11 7.47 7.66 8.28 8.68 8.93 -9999 -9999 8.75 8.99 8.29 7.57 6.64 9.75 7.69 -9999
-9999 -9999 -9999 -9999 -9999 -9999 13.00 10.82 10.64 9.79 10.88 11.10 12.09 10.25 10.75 10.30 10.98 10.19 9.38 8.88 8.98 8.65 8.19 7.80 7.24 7.34 7.79 7.57 6.02 9.14 10.26 7.64 7.02 8.24 8.29 9.78 9.88 8.68 8.53 8.20 7.77 8.47 8.08 8.05 7.51 7.36 7.89 8.75 8.36 7.63 7.01 6.38 5.92 -9999 -9999 5.77 6.95 10.04 10.17 9.43 8.70 8.71 -9999 -9999 -9999 -9999 -9999 -9999 -9999 -9999 -9999 -9999 8.71 9.22 11.05 9.49 -9999
-9999 -9999 -9999 -9999 -9999 14.06 12.15 10.32 10.96 9.68 9.67 9.46 9.36 8.87 12.47 13.31 11.81 10.90 10.63 10.97 9.58 8.58 8.16 8.51 8.36 10.98 11.50 10.62 10.15 12.09 9.43 9.49 9.36 10.28 11.18 9.41 8.17 8.73 7.88 7.97 7.54 7.58 7.42 9.04 10.18 10.12 9.85 9.82 9.89 8.59 -9999 5.66 5.76 5.04 5.27 6.10 -9999 -9999 -9999 -9999 10.18 -9999 -9999 -9999 -9999 -9999 -9999 -9999 -9999 -9999 -9999 -9999 -9999 -9999 -9999 -9999 -9999
-9999 -9999 -9999 -9999 14.70 13.71 13.26 11.81 10.02 9.49 9.12 7.72 7.23 9.01 14.92 16.59 11.28 10.36 13.33 10.14 11.85 8.82 8.35 11.73 10.43 10.20 10.47 10.66 -9999 -9999 -9999 -9999 -9999 10.69 12.27 11.53 9.58 9.25 8.69 7.91 7.79 7.52 8.12 9.55 -9999 -9999 -9999 -9999 -9999 9.89 9.23 7.20 5.28 4.66 6.76 6.83 -9999 -9999 -9999 -9999 -9999 -9999 -9999 -9999 -9999 -9999 -9999 -9999 -9999 -9999 -9999 -9999 -9999 -9999 -9999 -9999 -9999
-9999 -9999 -9999 9.78 10.74 12.88 13.30 11.71 11.14 10.10 7.87 8.40 8.22 11.07 14.45 16.14 14.46 13.24 11.11 12.23 10.40 10.42 9.90 12.42 12.33 -9999 -9999 -9999 -9999 -9999 -9999 -9999 -9999 -9999 11.37 11.59 10.01 11.15 12.05 12.18 9.53 11.57 11.40 12.17 -9999 -9999 -9999 -9999 -9999 -9999 -9999 7.16 7.01 5.26 6.14 -9999 -9999 -9999 -9999 -9999 -9999 -9999 -9999 -9999 -9999 -9999 -9999 -9999 -9999 -9999 -9999 -9999 -9999 -9999 -9999 -9999 -9999
14.99 12.97 12.18 9.38 9.85 11.84 13.74 13.88 11.75 9.21 8.78 9.29 8.99 10.79 14.52 12.88 13.05 12.93 13.95 7.76 10.59 14.23 11.65 -9999 -9999 -9999 -9999 -9999 -9999 -9999 -9999 -9999 -9999 -9999 -9999 -9999 12.32 -9999 -9999 -9999 -9999 10.58 13.19 13.66 -9999 -9999 -9999 -9999 -9999 -9999 -9999 -9999 7.67 9.52 7.78 -9999 -9999 -9999 -9999 -9999 -9999 -9999 -9999 -9999 -9999 -9999 -9999 -9999 -9999 -9999 -9999 -9999 -9999 -9999 -9999 -9999 -9999
14.75 12.31 10.73 8.30 9.64 11.88 12.72 13.59 12.03 10.68 11.46 8.05 6.70 8.93 13.10 13.53 11.52 10.30 12.03 8.88 8.81 10.67 -9999 -9999 -9999 -9999 -9999 -9999 -9999 -9999 -9999 -9999 -9999 -9999 -9999 -9999 13.72 -9999 -9999 -9999 -9999 -9999 -9999 -9999 -9999 -9999 -9999 -9999 -9999 -9999 -9999 -9999 -9999 -9999 -9999 -9999 -9999 -9999 -9999 -9999 -9999 -9999 -9999 -9999 -9999 -9999 -9999 -9999 -9999 -9999 -9999 -9999 -9999 -9999 -9999 -9999 -9999
13.30 13.54 11.42 8.62 9.99 10.90 11.20 12.05 11.21 10.73 11.70 7.47 6.61 7.93 11.16 16.38 16.89 9.59 9.59 8.97 10.18 13.24 -9999 -9999 -9999 -9999 -9999 -9999 -9999 -9999 -9999 -9999 -9999 -9999 -9999 -9999 -9999 -9999 -9999 -9999 -9999 -9999 -9999 -9999 -9999 -9999 -9999 -9999 -9999 -9999 -9999 -9999 -9999 -9999 -9999 -9999 -9999 -9999 -9999 -9999 -9999 -9999 -9999 -9999 -9999 -9999 -9999 -9999 -9999 -9999 -9999 -9999 -9999 -9999 -9999 -9999 -9999
11.56 11.91 13.14 11.30 11.14 10.84 11.85 11.11 10.56 10.17 8.59 8.43 7.41 7.23 10.92 13.99 13.63 11.14 8.46 8.60 12.33 11.69 -9999 -9999 -9999 -9999 -9999 -9999 -9999 -9999 -9999 -9999 -9999 -9999 -9999 -9999 -9999 -9999 -9999 -9999 -9999 -9999 -9999 -9999 -9999 -9999 -9999 -9999 -9999 -9999 -9999 -9999 -9999 -9999 -9999 -9999 -9999 -9999 -9999 -9999 -9999 -9999 -9999 -9999 -9999 -9999 -9999 -9999 -9999 -9999 -9999 -9999 -9999 -9999 -9999 -9999 -9999
