ML/MeanWindSpeed_1995-06_Actual.txt
ncols         180
nrows         290
xllcorner     -200000
yllcorner     -200000
cellsize      5000
NODATA_value  -9999
[rows 175 to 209 of 290, columns 79 to 157 of 180]
-9999 -9999 -9999 -9999 -9999 -9999 -9999 10.26 9.66 9.01 8.25 7.71 5.56 4.25 10.36 17.46 7.20 10.95 11.26 10.61 8.79 6.21 6.33 8.67 10.70 8.52 6.36 6.89 7.94 7.30 7.52 8.79 7.75 7.10 6.58 6.71 6.79 6.51 6.49 6.34 11.24 11.91 9.31 9.36 7.28 6.56 8.02 8.41 6.81 6.91 8.38 7.85 7.47 8.20 7.72 8.60 7.86 7.71 7.49 7.43 8.63 7.52 7.35 7.46 7.28 7.77 8.30 8.51 8.92 9.41 8.09 9.37 10.93 -9999 -9999 -9999 -9999 -9999 -9999
-9999 -9999 -9999 -9999 -9999 -9999 -9999 -9999 11.21 8.94 7.32 5.36 4.34 6.49 20.63 13.15 4.69 10.98 7.24 11.04 10.81 7.12 4.92 11.35 9.00 9.63 8.11 6.70 7.00 7.22 6.55 7.50 7.93 7.48 7.00 6.54 6.69 6.31 5.93 7.73 8.73 12.43 9.94 10.58 9.52 5.37 7.88 10.22 7.61 7.96 8.69 7.95 7.89 8.03 7.78 8.66 7.69 7.41 7.48 7.04 7.63 7.56 7.28 7.33 7.35 7.56 8.19 9.51 8.56 7.96 8.06 9.09 10.72 -9999 -9999 -9999 -9999 -9999 -9999
-9999 -9999 -9999 -9999 -9999 -9999 -9999 -9999 -9999 8.84 6.34 6.01 7.49 17.82 19.84 12.32 8.50 8.24 9.51 11.44 11.89 11.59 7.30 6.12 11.59 8.89 8.15 7.73 6.86 6.86 6.92 6.89 7.37 6.96 6.50 6.62 6.54 6.27 6.38 7.37 9.26 10.24 8.12 8.56 10.39 8.48 5.93 10.65 8.44 8.58 9.15 8.31 8.29 8.01 8.32 8.71 7.81 7.46 7.35 6.81 8.22 7.67 7.45 7.51 7.55 7.95 7.94 8.03 7.81 7.72 8.06 9.42 10.88 -9999 -9999 -9999 -9999 -9999 -9999
-9999 -9999 -9999 -9999 -9999 -9999 -9999 -9999 -9999 8.00 6.72 8.97 10.94 12.86 15.74 8.00 5.20 7.73 10.71 11.55 12.73 11.18 7.94 5.06 11.62 11.26 8.93 8.49 6.87 6.64 6.95 7.74 7.28 6.97 6.69 6.16 5.91 6.30 8.24 8.09 6.17 10.87 8.38 9.12 11.09 11.09 8.83 8.17 8.18 7.34 8.88 9.59 8.51 8.18 7.71 8.01 7.57 7.76 7.42 7.13 7.59 8.30 8.02 8.09 7.91 7.95 7.81 7.62 7.67 8.09 8.93 10.19 -9999 -9999 -9999 -9999 -9999 -9999 -9999
-9999 -9999 -9999 -9999 -9999 -9999 -9999 -9999 -9999 7.23 7.50 8.90 8.28 13.02 10.83 6.91 8.10 6.22 7.94 11.35 10.26 13.14 10.29 6.02 10.48 11.79 11.32 8.31 7.44 6.45 7.24 8.27 7.82 6.97 6.39 5.99 6.27 7.72 8.01 6.41 6.27 9.24 9.05 8.96 9.05 8.64 8.90 9.89 7.03 8.24 8.60 8.37 8.74 8.10 8.66 7.48 7.57 7.72 7.54 7.71 9.62 8.80 8.36 8.15 8.14 8.03 7.91 7.82 7.97 8.88 10.05 -9999 -9999 -9999 -9999 -9999 -9999 -9999 -9999
-9999 -9999 -9999 -9999 -9999 -9999 -9999 -9999 8.66 16.49 9.19 10.19 11.50 6.31 16.31 13.38 11.71 9.72 12.41 9.61 10.52 9.24 7.36 8.81 12.73 11.25 10.92 8.09 6.98 6.16 7.63 7.72 7.20 6.86 6.16 6.10 7.50 7.20 6.61 7.65 8.66 6.42 11.02 10.28 7.48 8.47 8.16 7.81 8.03 7.45 7.53 7.81 8.83 8.20 7.36 8.56 7.61 7.65 7.80 8.17 9.68 8.80 8.37 8.37 8.12 8.08 7.88 7.87 8.63 9.76 -9999 -9999 -9999 -9999 -9999 -9999 -9999 10.91 -9999
-9999 -9999 -9999 -9999 -9999 -9999 9.52 9.19 12.98 11.12 8.68 8.98 10.07 5.51 6.89 9.06 12.49 11.81 13.42 11.75 11.80 6.06 8.69 8.92 6.53 7.30 7.16 8.23 7.27 6.50 7.35 7.52 7.40 6.69 6.70 7.84 7.05 7.52 6.59 8.05 8.71 8.30 7.35 6.73 8.63 8.33 8.06 8.34 8.48 8.37 7.15 8.13 7.97 7.18 7.23 7.54 7.62 7.82 7.66 8.20 9.52 8.72 8.17 8.29 8.05 7.95 7.82 8.12 9.08 -9999 -9999 -9999 -9999 -9999 10.75 10.60 10.29 9.56 9.56
-9999 -9999 -9999 -9999 -9999 9.99 9.87 9.79 9.88 9.43 8.99 7.94 6.21 4.81 6.43 8.42 10.43 17.55 9.56 7.42 7.15 4.46 11.31 12.86 12.11 8.69 7.59 8.30 7.91 7.29 7.40 7.85 7.29 7.02 7.06 7.76 8.02 6.56 6.56 8.23 8.29 7.84 7.32 7.60 8.20 7.31 8.06 7.37 7.58 8.33 7.79 7.30 6.81 6.99 7.77 7.41 7.49 7.73 7.89 8.20 9.81 9.12 8.30 8.07 7.90 7.86 7.78 8.09 8.86 -9999 -9999 -9999 -9999 -9999 9.68 9.25 9.15 8.64 8.51
-9999 -9999 -9999 -9999 10.43 11.52 10.75 10.41 -9999 -9999 -9999 -9999 6.84 12.34 10.28 10.01 11.93 9.57 7.37 10.40 9.64 8.40 17.97 15.45 12.57 12.97 9.72 7.60 7.89 7.73 7.06 7.09 6.96 6.71 7.32 6.87 8.20 6.80 6.70 7.16 7.68 7.95 7.81 6.95 7.21 7.32 7.39 7.19 7.09 6.97 6.99 6.94 7.15 7.64 7.50 7.33 8.05 8.69 8.83 8.74 9.52 9.21 8.93 8.04 7.87 7.76 7.64 7.74 8.39 9.55 -9999 -9999 -9999 -9999 8.75 8.27 8.13 8.11 8.11
-9999 -9999 -9999 -9999 11.80 13.60 10.31 10.61 -9999 -9999 -9999 -9999 7.34 10.54 12.38 7.07 11.43 10.44 9.91 13.11 14.73 11.49 15.44 8.61 10.01 10.07 8.92 7.53 7.31 7.40 7.06 7.23 7.73 6.74 7.40 7.10 7.25 7.82 6.81 7.05 6.38 7.35 8.45 8.90 8.89 7.44 6.90 6.89 6.93 7.43 6.91 7.22 7.76 7.96 8.62 7.98 9.96 10.08 10.32 9.35 9.58 9.29 8.92 8.00 7.92 7.76 7.56 7.53 7.69 8.45 9.15 -9999 -9999 9.12 8.58 8.19 8.31 7.94 7.70
-9999 -9999 -9999 -9999 -9999 -9999 -9999 -9999 -9999 -9999 -9999 -9999 8.11 12.29 10.24 6.61 8.70 7.18 14.50 13.52 8.61 12.15 11.58 10.07 10.80 8.68 7.71 6.79 7.62 7.20 7.41 7.12 6.66 6.61 6.59 6.50 6.88 7.58 6.97 6.72 6.91 7.31 7.20 8.20 8.56 6.75 8.06 9.08 7.94 7.91 7.56 6.76 7.78 8.73 9.70 9.48 9.06 9.71 10.57 10.00 10.17 9.50 9.00 7.96 7.92 7.80 7.66 7.50 7.31 7.52 8.01 8.64 8.76 8.20 8.10 7.25 8.10 8.16 8.25
-9999 -9999 -9999 -9999 -9999 -9999 -9999 -9999 -9999 -9999 -9999 -9999 -9999 12.19 3.89 4.57 8.39 13.16 12.09 13.54 12.62 8.58 10.02 11.54 8.04 7.61 6.57 6.52 6.59 6.96 7.00 7.02 6.68 6.35 6.25 6.68 6.70 7.39 7.23 6.82 8.98 8.26 7.04 7.04 7.19 7.40 7.31 8.43 8.69 8.11 9.26 7.60 7.44 8.21 7.86 8.39 8.76 8.95 10.40 10.40 9.98 9.03 8.89 7.95 7.92 7.80 7.64 7.53 7.48 7.47 7.44 7.67 7.71 7.47 7.18 7.15 8.14 8.12 7.92
-9999 -9999 -9999 -9999 -9999 -9999 -9999 -9999 -9999 -9999 -9999 -9999 -9999 7.85 12.29 13.57 11.33 9.55 8.67 11.25 8.93 9.24 7.97 7.60 9.88 7.27 6.66 8.27 7.38 6.99 6.74 6.12 6.15 6.79 6.70 7.99 7.94 7.61 7.17 6.75 8.79 9.67 8.27 7.22 6.90 7.32 7.38 7.35 7.78 8.59 10.91 9.55 7.68 7.29 7.75 8.97 10.27 10.50 10.06 10.61 9.90 8.76 8.17 7.88 7.88 7.79 7.76 7.65 7.58 7.55 7.52 7.47 7.37 7.37 7.21 6.98 7.76 7.83 8.59
-9999 -9999 -9999 -9999 -9999 -9999 -9999 -9999 -9999 -9999 -9999 -9999 10.26 9.97 7.50 15.71 9.57 7.34 10.03 9.78 8.50 11.78 8.43 8.06 10.65 6.74 12.79 9.04 6.75 6.82 8.07 6.46 6.13 9.18 9.02 8.27 7.10 7.58 7.49 7.14 7.88 8.52 8.30 7.58 7.34 7.22 7.23 7.64 7.48 8.74 8.70 8.31 7.88 7.55 8.32 9.44 10.66 10.73 9.69 9.71 8.96 8.31 8.01 7.83 7.81 7.83 7.82 7.74 7.61 7.57 7.53 7.31 7.20 7.61 7.51 7.17 7.40 7.85 7.46
-9999 -9999 -9999 -9999 -9999 -9999 -9999 -9999 -9999 -9999 -9999 -9999 8.77 9.72 15.07 8.19 3.76 6.34 6.96 8.95 12.11 12.17 9.30 8.81 8.79 6.81 7.48 8.22 9.45 9.11 7.11 7.14 6.98 7.46 8.24 7.09 6.96 7.77 7.71 8.15 8.47 8.02 8.33 8.06 7.63 7.36 7.11 7.23 7.39 8.23 8.56 8.16 7.32 7.78 9.07 10.43 9.84 10.49 10.27 9.23 8.18 8.85 8.01 8.18 7.89 7.90 7.77 7.71 7.64 7.51 7.41 7.28 7.15 7.90 7.59 7.06 7.16 7.79 7.77
-9999 -9999 -9999 -9999 -9999 -9999 -9999 -9999 -9999 -9999 -9999 -9999 9.65 12.04 4.92 6.57 5.56 7.17 7.58 12.90 11.23 12.93 9.82 8.68 6.64 5.54 6.34 9.87 11.98 13.09 7.90 9.47 7.96 8.04 7.97 6.52 6.90 7.40 7.83 8.32 7.72 7.86 9.26 8.50 7.54 7.43 8.49 7.04 7.56 7.92 7.79 7.39 7.24 7.97 8.58 9.11 9.26 9.26 8.46 8.16 8.51 8.68 7.61 7.58 7.84 7.82 7.77 7.62 7.44 7.43 7.34 7.25 7.20 7.36 7.12 7.24 7.10 7.64 7.78
-9999 -9999 -9999 -9999 -9999 -9999 -9999 -9999 -9999 -9999 -9999 -9999 -9999 6.35 7.76 10.01 12.30 13.11 10.65 11.19 9.19 6.20 6.29 5.72 6.85 7.11 6.18 7.82 8.45 11.93 9.59 8.22 7.73 9.14 8.82 6.77 7.83 6.97 7.31 9.70 7.82 7.66 7.67 7.91 7.18 7.13 8.77 8.18 7.52 8.04 7.63 7.42 7.82 8.61 8.17 8.11 7.79 8.56 7.75 8.84 8.77 7.71 7.47 8.05 7.93 7.57 7.50 7.39 7.34 7.34 7.28 7.25 7.16 7.10 7.08 7.31 7.32 7.42 7.79
-9999 -9999 -9999 -9999 -9999 -9999 -9999 -9999 -9999 -9999 -9999 -9999 -9999 7.87 9.37 10.54 12.33 14.84 13.25 9.81 7.10 5.61 7.55 9.85 11.85 13.66 10.01 7.34 8.07 9.46 9.01 6.98 10.10 9.14 9.11 7.76 8.64 7.46 7.14 7.88 9.27 8.78 8.04 7.58 7.18 7.21 8.29 8.13 7.76 7.77 8.19 8.42 8.63 9.00 8.14 7.82 9.08 9.08 8.99 8.62 8.76 7.74 8.05 8.55 7.53 7.32 7.31 7.25 7.31 7.27 7.22 7.20 7.18 7.18 7.12 7.04 6.95 6.96 7.34
-9999 -9999 -9999 -9999 -9999 -9999 -9999 -9999 -9999 -9999 -9999 -9999 8.54 6.92 8.18 10.39 11.39 10.31 10.08 8.02 9.41 14.43 11.36 11.55 11.39 9.14 8.12 8.94 9.45 7.77 7.20 8.04 9.93 9.74 9.15 7.73 8.89 7.18 7.20 8.74 8.09 8.57 8.65 8.00 7.62 7.45 8.30 8.20 7.49 7.75 7.77 7.69 8.48 8.05 9.10 8.52 9.18 8.35 8.60 8.65 7.71 7.51 8.38 8.22 7.24 7.16 7.46 7.21 7.31 7.29 7.36 7.30 7.19 7.14 6.97 7.32 7.65 7.69 6.94
-9999 -9999 -9999 -9999 -9999 -9999 -9999 -9999 -9999 -9999 -9999 -9999 10.81 8.81 7.58 7.19 8.95 12.91 12.56 11.30 9.76 10.45 11.97 13.13 12.87 8.62 10.91 12.26 8.09 10.50 6.59 7.59 9.39 11.26 7.98 8.59 7.22 6.56 7.03 7.80 10.64 8.97 9.00 8.51 8.13 7.99 8.15 7.86 7.39 7.50 7.39 7.31 7.26 8.54 9.06 9.01 9.52 8.35 7.80 7.73 7.24 7.63 8.12 7.78 7.38 7.80 7.56 7.81 7.40 7.37 7.55 7.58 7.24 7.05 6.87 6.85 7.71 7.72 7.74
-9999 -9999 -9999 -9999 -9999 -9999 -9999 -9999 -9999 -9999 -9999 -9999 9.37 8.35 4.92 6.00 8.66 13.15 11.39 11.93 9.42 11.36 10.67 9.07 9.82 10.60 10.45 9.01 7.75 8.43 11.31 7.61 7.40 7.65 7.98 9.60 8.07 6.57 6.94 7.70 8.10 8.04 9.12 8.69 8.29 8.35 7.59 7.06 7.60 7.77 7.82 7.16 7.77 9.02 8.98 8.03 8.14 8.88 7.76 7.93 6.85 7.78 7.87 7.11 7.16 7.44 6.95 7.22 7.20 7.28 7.37 7.25 7.11 7.04 6.88 7.19 6.66 7.00 7.28
-9999 -9999 -9999 -9999 -9999 -9999 -9999 -9999 -9999 -9999 -9999 8.61 9.77 11.71 8.37 5.78 9.56 10.76 13.15 13.25 8.02 8.54 7.68 9.09 10.62 8.87 8.80 10.91 9.47 8.76 8.42 7.44 6.51 6.80 8.08 8.12 7.85 7.57 7.01 6.77 7.53 7.99 7.45 8.03 7.77 8.39 7.53 7.40 7.49 7.04 6.88 7.15 8.37 8.21 8.19 7.49 8.25 8.27 7.78 6.83 7.61 7.64 7.64 7.85 7.50 7.10 7.06 6.99 7.19 7.31 7.21 7.10 6.93 6.80 6.89 7.20 7.07 7.09 7.38
-9999 -9999 -9999 -9999 -9999 -9999 -9999 -9999 -9999 -9999 9.39 9.68 10.38 8.11 5.95 8.96 12.15 12.70 10.82 12.82 8.90 10.27 8.54 7.89 14.36 9.54 10.37 8.41 8.87 7.53 7.35 7.79 8.84 7.75 9.79 7.97 8.46 7.14 6.83 6.97 7.26 7.65 7.34 7.53 7.91 8.04 6.71 7.34 7.23 7.29 7.40 7.67 8.28 7.48 8.25 7.72 7.85 6.92 6.75 7.86 8.16 7.60 7.75 7.62 6.85 7.40 7.54 7.58 7.61 7.33 7.05 6.80 6.98 6.94 7.61 7.84 8.00 8.01 7.35
-9999 -9999 -9999 -9999 -9999 -9999 -9999 -9999 9.58 8.56 7.89 6.48 6.06 6.42 6.81 10.35 11.59 13.13 14.82 12.89 10.50 6.59 9.62 8.84 12.68 9.83 9.07 9.26 7.89 7.61 6.69 7.93 9.85 9.12 9.14 6.94 7.29 7.21 7.18 7.82 7.42 7.81 7.11 7.25 7.52 6.80 6.69 7.04 7.89 7.62 8.44 9.00 8.40 7.85 7.31 7.05 7.71 8.04 7.63 7.89 6.90 7.67 7.83 7.17 6.52 6.73 7.79 7.76 7.86 7.07 6.82 6.60 6.85 7.87 8.27 8.01 8.88 8.69 8.54
-9999 -9999 -9999 -9999 8.54 7.70 6.53 10.03 10.20 10.54 10.68 7.92 7.02 6.55 11.88 10.17 12.30 12.53 12.12 8.89 7.70 6.03 7.87 7.72 14.30 12.59 10.27 8.06 8.61 8.07 9.84 7.02 8.85 9.20 8.70 7.95 7.18 6.86 7.86 7.32 6.74 8.09 7.03 6.98 6.49 6.78 7.38 7.91 7.07 8.00 7.59 7.95 8.85 8.66 8.29 7.92 8.33 8.17 7.65 7.12 7.83 6.81 6.74 6.65 6.47 7.32 7.67 7.81 7.22 6.70 6.80 7.04 8.11 8.20 7.74 8.53 7.80 8.33 8.96
-9999 -9999 -9999 9.86 7.53 8.23 7.50 6.90 8.86 8.33 9.02 7.01 5.85 9.91 10.75 11.26 7.80 13.35 9.18 6.72 12.28 9.23 5.87 13.37 11.22 9.92 5.86 6.26 7.43 10.91 7.84 7.18 7.06 7.30 9.13 8.77 8.64 7.31 7.50 6.88 6.75 7.67 7.14 6.60 6.57 7.02 7.73 7.43 9.31 7.50 7.17 7.59 8.42 7.84 7.76 7.31 7.38 7.77 7.41 7.93 7.23 6.60 6.66 7.02 6.63 6.98 7.10 6.62 6.56 6.60 6.79 7.07 7.52 8.27 8.20 8.29 7.98 8.07 8.45
-9999 -9999 9.66 9.11 6.04 5.65 5.83 6.82 6.29 7.13 6.51 7.54 12.42 9.59 8.12 11.94 6.03 8.84 8.77 12.39 11.79 12.63 10.15 9.75 7.98 4.97 10.36 10.53 7.11 7.74 7.29 6.99 7.49 6.90 7.23 9.07 9.42 7.07 6.72 6.75 7.24 6.59 6.04 6.38 9.13 7.23 7.03 7.63 8.44 7.78 7.26 7.83 8.37 8.27 8.74 8.04 7.11 6.88 6.81 7.70 7.25 6.64 7.50 7.38 6.80 6.92 6.78 6.61 6.98 7.15 7.22 7.49 7.51 8.17 7.47 7.32 7.75 7.52 7.96
8.40 9.99 7.22 6.91 7.52 6.40 5.88 8.20 7.09 7.36 7.67 11.01 10.58 8.86 9.98 9.35 7.10 6.90 10.89 11.57 9.77 10.02 11.97 8.41 4.75 10.36 12.29 9.83 10.02 7.39 7.80 7.10 7.51 9.57 7.40 9.68 7.86 6.90 6.58 6.85 8.43 5.82 6.20 10.37 7.65 7.18 7.17 7.81 8.72 7.36 7.52 7.83 7.49 8.06 8.03 7.44 6.95 7.20 6.78 7.06 7.37 7.35 6.89 6.55 6.40 6.44 7.01 8.57 7.95 8.85 8.20 7.08 8.24 7.90 7.98 7.63 7.48 7.77 7.69
7.31 10.13 13.24 11.66 10.93 7.63 8.86 10.80 9.55 9.19 11.60 9.75 9.05 11.70 8.40 5.74 6.67 7.07 10.16 9.96 9.29 8.67 8.30 6.69 8.56 18.34 13.81 10.14 7.79 8.44 7.87 9.60 7.84 8.34 7.33 7.29 7.26 7.33 6.69 6.34 6.22 5.74 9.38 9.96 8.95 7.53 7.19 9.86 8.25 7.54 7.81 7.32 8.05 7.94 7.58 6.75 7.82 7.33 6.62 8.21 7.87 6.66 6.41 6.36 6.32 6.97 8.12 8.61 8.43 8.94 8.18 7.68 8.34 8.02 7.33 7.64 7.53 7.85 7.98
7.39 8.74 9.22 8.53 7.07 9.27 8.20 10.31 7.10 8.54 11.15 10.10 8.27 9.48 5.66 5.12 9.25 10.29 8.82 7.20 9.40 6.17 5.21 5.35 10.87 14.23 14.71 7.87 8.87 9.21 9.50 8.53 6.98 8.37 7.80 7.63 7.04 7.36 6.04 5.59 6.55 6.57 9.33 8.98 8.28 7.14 8.05 9.64 8.95 8.46 7.92 8.04 7.82 7.36 6.95 6.96 7.43 7.74 7.26 6.96 6.76 6.40 7.52 8.23 6.72 7.11 8.04 8.40 7.95 8.49 8.41 8.38 8.31 7.35 7.44 7.26 7.34 7.06 7.55
6.84 7.47 7.10 7.86 7.30 7.64 9.14 7.71 8.61 7.21 6.90 6.75 6.30 5.85 8.22 7.20 11.33 17.86 8.59 8.75 9.28 14.03 13.46 5.10 4.78 15.54 11.52 9.68 10.48 11.75 9.28 6.99 6.24 8.76 9.24 7.79 6.96 6.50 5.76 5.61 6.89 9.65 9.78 8.17 7.78 7.53 7.36 7.50 8.64 7.98 7.80 7.44 6.96 6.64 6.64 7.68 7.40 7.06 6.99 5.92 6.01 6.97 6.91 7.69 7.10 7.15 7.26 7.58 8.22 8.45 8.46 8.42 8.43 7.22 6.82 7.27 7.22 6.66 7.09
6.44 7.42 6.37 7.08 7.36 7.78 6.84 6.90 7.94 7.12 8.54 7.17 9.38 6.00 9.56 11.95 11.89 13.01 13.90 11.03 13.23 15.49 9.85 11.79 9.70 4.54 10.75 11.19 7.84 8.39 6.43 8.33 8.16 11.39 10.32 7.67 6.82 5.98 5.66 6.88 9.88 8.27 9.99 8.24 7.92 8.71 7.54 8.93 7.47 7.72 7.23 6.86 6.64 6.87 6.93 7.03 6.66 6.37 5.89 5.90 6.85 7.69 7.08 6.42 7.24 6.73 7.83 7.17 7.24 7.55 7.83 8.05 8.05 7.62 6.66 7.08 7.05 6.76 7.21
6.66 6.26 7.97 9.37 11.28 10.06 8.59 7.81 7.03 7.57 10.60 7.56 8.88 5.82 8.12 8.74 7.69 6.32 9.27 8.41 11.07 11.40 14.02 11.99 12.57 10.92 15.44 9.29 8.04 7.43 8.48 7.88 10.75 10.16 10.30 6.92 6.40 5.77 9.63 10.31 9.70 9.95 7.96 8.51 8.71 8.48 7.75 7.69 7.62 7.21 6.90 6.80 6.70 7.32 7.39 7.61 6.90 6.04 5.85 6.42 7.93 5.99 6.54 6.73 6.42 6.43 6.75 6.54 6.82 7.42 7.12 7.64 7.60 7.27 7.09 7.07 6.53 6.19 7.21
7.23 6.74 7.05 9.00 9.37 10.25 9.50 8.74 8.18 7.79 8.29 10.87 6.82 11.22 10.01 9.87 10.88 8.98 6.46 6.68 8.95 8.08 10.62 10.78 9.16 14.00 13.94 7.81 8.77 6.45 7.24 9.31 10.19 9.22 8.31 6.64 6.06 7.91 7.32 9.24 8.91 8.18 8.52 8.23 7.90 7.97 7.23 6.89 6.83 6.75 8.31 6.83 7.58 6.83 6.72 6.24 6.12 6.38 7.19 7.82 6.71 6.09 6.36 6.36 6.21 6.50 7.13 7.66 6.30 7.25 8.13 7.37 7.00 7.27 6.33 6.55 7.39 6.61 6.12
7.75 8.28 9.14 10.46 -9999 -9999 -9999 -9999 9.24 9.03 10.09 7.46 6.31 8.10 8.26 7.99 7.42 3.63 13.26 13.87 8.55 7.37 7.80 9.84 10.99 13.04 10.02 8.48 7.31 6.34 10.87 9.36 10.85 7.50 7.18 6.76 6.57 8.90 7.09 8.78 8.59 7.75 7.89 7.68 7.40 6.99 6.72 6.62 6.73 6.75 7.94 6.98 7.27 7.19 6.55 6.43 6.49 8.17 7.84 7.20 6.51 6.44 5.11 5.43 5.59 6.93 7.50 7.23 6.02 6.89 7.69 7.42 6.91 7.54 6.94 6.67 6.93 6.80 6.09
