ML/MeanWindSpeed_1993-12_Actual.txt
ncols         180
nrows         290
xllcorner     -200000
yllcorner     -200000
cellsize      5000
NODATA_value  -9999
[rows 136 to 169 of 290, columns 77 to 153 of 180]
-9999 -9999 16.97 14.17 11.42 13.74 12.12 13.70 12.09 10.78 8.76 8.32 10.59 15.96 13.23 12.39 10.36 10.16 10.18 9.44 10.44 11.69 9.88 10.79 10.00 10.30 9.97 9.92 9.75 9.41 8.82 8.85 9.66 9.57 9.91 11.59 12.00 12.68 13.28 13.00 9.70 10.33 12.78 11.76 10.20 10.22 9.74 9.89 9.21 10.67 12.71 -9999 -9999 -9999 -9999 -9999 -9999 -9999 -9999 -9999 -9999 -9999 -9999 -9999 -9999 -9999 -9999 -9999 -9999 -9999 -9999 -9999 -9999 -9999 -9999 -9999 -9999
-9999 -9999 16.95 14.34 10.64 13.21 11.11 12.18 11.59 11.09 10.23 8.46 12.39 12.45 11.77 13.91 11.00 10.35 9.90 7.86 10.53 15.20 11.94 -9999 -9999 -9999 10.66 10.10 -9999 9.29 9.25 9.23 8.53 8.48 10.94 13.07 11.72 12.03 13.23 12.62 13.73 13.03 10.56 9.32 9.49 9.94 10.62 8.52 9.02 9.91 12.55 -9999 -9999 -9999 -9999 -9999 -9999 -9999 -9999 -9999 -9999 -9999 -9999 -9999 -9999 -9999 -9999 -9999 -9999 -9999 -9999 -9999 -9999 -9999 -9999 -9999 -9999
-9999 -9999 15.69 16.71 12.50 12.11 12.49 13.23 12.58 11.63 10.71 9.52 10.80 16.39 12.90 13.28 10.38 10.49 12.10 9.27 10.92 12.72 13.42 -9999 -9999 -9999 11.00 9.78 9.74 9.82 9.23 8.57 6.97 8.43 12.58 13.85 11.84 14.91 12.24 12.28 14.80 12.01 12.45 12.27 11.88 9.72 10.91 12.02 10.25 9.77 12.22 -9999 -9999 -9999 -9999 -9999 -9999 -9999 -9999 -9999 -9999 -9999 -9999 -9999 -9999 -9999 -9999 -9999 -9999 -9999 -9999 -9999 -9999 -9999 -9999 -9999 -9999
-9999 -9999 -9999 16.45 15.92 13.83 -9999 14.81 14.37 12.72 11.76 11.14 -9999 14.03 12.35 12.54 10.04 11.85 13.12 12.49 13.34 -9999 -9999 -9999 -9999 12.75 10.43 9.49 9.69 10.27 10.07 8.70 7.21 7.12 12.10 17.17 11.03 15.76 12.64 14.52 15.54 12.98 14.37 12.54 10.65 12.26 12.56 10.95 8.54 9.76 12.89 13.82 -9999 -9999 -9999 -9999 -9999 -9999 -9999 -9999 -9999 -9999 -9999 -9999 -9999 -9999 -9999 -9999 -9999 -9999 -9999 -9999 -9999 -9999 -9999 -9999 -9999
-9999 -9999 -9999 -9999 17.11 -9999 -9999 -9999 14.97 14.49 12.69 12.88 14.38 -9999 -9999 14.49 12.37 15.15 16.67 -9999 -9999 -9999 -9999 -9999 14.25 12.37 9.41 9.76 10.15 10.92 10.26 10.60 9.73 6.75 9.53 14.11 16.62 13.78 15.72 16.65 16.85 14.20 14.79 15.00 13.57 11.46 11.64 11.57 8.51 9.79 12.83 14.77 -9999 -9999 -9999 -9999 -9999 -9999 -9999 -9999 -9999 -9999 -9999 -9999 -9999 -9999 -9999 -9999 -9999 -9999 -9999 -9999 -9999 -9999 -9999 -9999 -9999
-9999 -9999 -9999 -9999 17.40 17.27 -9999 -9999 -9999 15.02 15.01 14.63 15.51 -9999 -9999 -9999 -9999 16.12 -9999 -9999 -9999 -9999 -9999 -9999 12.50 10.69 9.26 10.46 12.83 13.12 11.56 11.42 10.15 8.04 7.96 12.25 14.99 12.36 17.94 17.22 18.41 15.20 15.40 16.66 13.74 12.01 11.48 9.67 8.22 9.69 12.28 14.00 -9999 -9999 -9999 -9999 -9999 -9999 -9999 -9999 -9999 -9999 -9999 -9999 -9999 -9999 -9999 -9999 -9999 -9999 -9999 -9999 -9999 -9999 -9999 -9999 -9999
-9999 -9999 -9999 -9999 -9999 18.69 -9999 -9999 -9999 -9999 15.65 16.59 16.55 -9999 -9999 -9999 -9999 -9999 -9999 -9999 -9999 -9999 -9999 13.85 11.75 11.01 10.73 11.18 13.76 13.85 12.88 12.65 11.58 10.06 7.26 8.86 15.96 17.81 18.25 17.80 15.08 13.96 14.50 12.83 10.55 12.79 12.81 9.46 8.67 10.00 11.58 12.93 14.13 -9999 -9999 -9999 -9999 -9999 -9999 -9999 -9999 -9999 -9999 -9999 -9999 -9999 -9999 -9999 -9999 -9999 -9999 -9999 -9999 -9999 -9999 -9999 -9999
-9999 -9999 -9999 -9999 -9999 20.08 -9999 -9999 -9999 -9999 -9999 -9999 -9999 -9999 -9999 -9999 -9999 -9999 -9999 -9999 -9999 -9999 -9999 13.83 11.35 9.73 8.63 7.69 15.90 14.58 13.75 15.26 12.53 12.88 6.88 6.25 12.89 18.56 16.58 15.01 18.90 20.58 18.92 16.48 14.79 10.40 10.81 10.44 11.10 10.39 10.64 11.99 13.29 14.50 -9999 -9999 -9999 -9999 -9999 -9999 -9999 -9999 -9999 -9999 -9999 -9999 -9999 -9999 -9999 -9999 -9999 -9999 -9999 -9999 -9999 -9999 -9999
-9999 -9999 -9999 -9999 -9999 -9999 -9999 -9999 -9999 -9999 -9999 -9999 -9999 -9999 -9999 -9999 -9999 -9999 -9999 -9999 -9999 -9999 14.42 12.60 10.29 9.41 12.77 7.98 21.37 21.64 13.85 14.40 13.59 12.07 11.12 6.79 7.96 17.93 18.63 17.21 15.72 14.53 16.83 16.08 14.66 12.30 11.00 10.63 10.17 10.11 10.86 10.49 11.00 12.71 -9999 -9999 -9999 -9999 -9999 -9999 -9999 -9999 -9999 -9999 -9999 -9999 -9999 -9999 -9999 -9999 -9999 -9999 -9999 -9999 -9999 -9999 -9999
-9999 -9999 -9999 -9999 -9999 -9999 -9999 -9999 -9999 -9999 -9999 -9999 -9999 -9999 -9999 -9999 -9999 -9999 -9999 -9999 -9999 -9999 12.54 12.32 9.01 12.47 21.08 12.70 9.63 16.53 17.33 15.01 14.99 13.67 12.34 9.71 8.81 10.78 20.07 18.39 17.93 15.60 15.24 14.94 12.52 11.79 11.59 12.19 10.44 11.18 10.23 10.05 9.71 10.63 12.43 14.16 15.00 -9999 -9999 -9999 -9999 -9999 -9999 -9999 -9999 -9999 -9999 -9999 -9999 -9999 -9999 -9999 -9999 -9999 -9999 -9999 -9999
-9999 -9999 -9999 -9999 -9999 -9999 -9999 -9999 -9999 -9999 -9999 -9999 -9999 -9999 -9999 -9999 -9999 -9999 -9999 -9999 -9999 -9999 11.93 10.46 9.78 14.76 11.77 11.17 12.73 16.92 13.50 13.37 17.67 12.33 14.14 11.95 10.80 10.28 13.81 17.12 17.51 16.80 16.09 13.77 13.30 12.12 11.11 10.55 10.56 10.30 10.30 9.29 8.77 8.93 12.78 12.17 14.05 15.77 16.29 -9999 -9999 -9999 -9999 -9999 -9999 -9999 -9999 -9999 -9999 -9999 -9999 -9999 -9999 -9999 -9999 -9999 -9999
-9999 -9999 -9999 -9999 -9999 -9999 -9999 -9999 -9999 -9999 -9999 -9999 -9999 -9999 -9999 -9999 -9999 -9999 -9999 -9999 -9999 -9999 11.86 9.60 10.25 16.71 19.03 15.07 11.04 11.63 12.39 16.39 12.35 16.23 14.17 13.31 13.62 12.43 10.66 12.21 16.93 16.69 15.72 14.63 13.39 12.51 11.97 11.37 10.52 10.55 10.03 9.17 9.37 9.29 10.63 14.00 13.79 14.59 16.52 17.11 16.15 -9999 -9999 -9999 -9999 -9999 -9999 -9999 -9999 -9999 -9999 -9999 -9999 -9999 -9999 -9999 -9999
-9999 -9999 -9999 -9999 -9999 -9999 -9999 -9999 -9999 -9999 -9999 -9999 -9999 -9999 -9999 -9999 -9999 -9999 -9999 -9999 -9999 -9999 13.13 10.16 11.49 13.38 9.92 23.79 20.03 11.45 13.39 11.40 16.43 17.41 13.56 12.39 13.03 12.51 10.33 18.64 17.31 16.94 17.72 17.96 16.79 12.96 13.80 11.85 11.05 10.77 10.42 10.16 9.93 9.09 10.08 13.15 12.30 12.27 13.17 15.07 14.44 18.12 -9999 -9999 -9999 -9999 -9999 -9999 -9999 -9999 -9999 -9999 -9999 -9999 -9999 -9999 -9999
-9999 -9999 -9999 -9999 -9999 -9999 -9999 -9999 -9999 -9999 16.77 17.26 17.63 -9999 -9999 -9999 -9999 -9999 -9999 -9999 -9999 -9999 -9999 13.42 11.06 9.66 12.57 15.34 18.94 11.87 8.71 14.09 13.72 12.71 11.40 13.29 13.15 11.35 12.50 15.33 15.96 20.09 18.82 16.36 15.50 15.99 14.02 12.18 11.32 10.73 10.40 9.54 9.25 13.61 12.49 16.07 16.79 15.72 14.45 11.92 15.65 16.99 16.58 -9999 -9999 -9999 -9999 -9999 -9999 -9999 -9999 -9999 -9999 -9999 -9999 -9999 -9999
-9999 -9999 -9999 -9999 -9999 -9999 -9999 -9999 -9999 -9999 15.45 15.25 -9999 -9999 -9999 -9999 -9999 -9999 -9999 -9999 -9999 -9999 -9999 -9999 11.67 8.96 13.17 13.98 22.54 13.55 13.66 12.95 10.33 9.15 9.53 9.22 17.77 11.28 12.87 18.57 15.79 13.02 12.40 17.19 13.12 16.10 13.72 12.10 11.09 10.55 9.44 9.63 12.47 13.77 12.77 12.33 11.73 13.07 14.14 13.92 14.91 15.36 18.26 -9999 -9999 -9999 -9999 -9999 -9999 -9999 -9999 -9999 -9999 -9999 -9999 -9999 -9999
-9999 -9999 -9999 -9999 -9999 -9999 -9999 -9999 -9999 13.64 16.41 16.03 15.89 -9999 -9999 -9999 -9999 -9999 -9999 -9999 -9999 -9999 -9999 -9999 12.16 13.81 14.02 15.20 13.13 14.10 12.14 11.44 9.89 9.37 11.28 9.49 8.81 18.47 14.03 13.53 17.63 15.70 18.94 15.75 16.25 14.47 13.47 12.41 11.81 10.51 9.18 10.16 12.10 11.74 12.88 13.68 12.91 13.33 12.94 13.48 14.30 13.13 16.89 16.67 -9999 -9999 -9999 -9999 -9999 -9999 -9999 -9999 -9999 -9999 -9999 -9999 -9999
-9999 -9999 -9999 -9999 -9999 -9999 -9999 -9999 12.27 15.37 17.06 21.46 15.94 -9999 -9999 -9999 -9999 -9999 -9999 -9999 -9999 -9999 -9999 -9999 14.29 18.40 14.48 10.69 12.48 11.30 12.15 10.14 8.90 9.83 10.74 8.15 15.31 12.94 16.64 13.90 19.44 13.74 15.46 13.61 15.80 13.94 13.84 13.29 11.49 10.88 9.33 9.02 12.83 13.94 13.96 12.64 12.52 12.00 11.74 12.15 14.32 14.72 14.78 16.52 -9999 -9999 -9999 -9999 -9999 -9999 -9999 -9999 -9999 -9999 -9999 -9999 -9999
-9999 -9999 -9999 -9999 -9999 -9999 -9999 15.09 12.92 19.20 16.57 16.99 -9999 -9999 -9999 -9999 -9999 -9999 -9999 -9999 -9999 -9999 -9999 -9999 -9999 14.62 11.44 10.67 12.96 10.22 12.83 10.67 9.64 9.15 8.93 7.13 14.25 14.86 16.41 16.18 17.72 17.55 17.61 16.86 16.18 16.14 15.40 12.63 11.65 10.92 9.64 9.01 10.16 15.62 14.72 12.07 11.34 11.32 10.82 11.07 11.64 12.07 11.93 13.53 15.99 17.75 -9999 -9999 -9999 -9999 -9999 -9999 -9999 -9999 -9999 -9999 -9999
-9999 -9999 -9999 -9999 -9999 -9999 -9999 17.49 18.26 14.30 15.51 16.72 -9999 -9999 -9999 -9999 -9999 -9999 -9999 -9999 -9999 -9999 -9999 -9999 -9999 -9999 12.55 12.49 11.57 10.68 12.47 11.65 11.42 10.52 10.32 7.58 14.57 13.69 12.62 15.96 15.20 14.01 18.60 18.97 15.54 17.18 15.60 14.54 11.82 10.78 10.17 9.56 9.79 11.24 11.95 11.31 11.30 11.20 11.15 11.00 11.24 11.27 11.45 14.69 15.62 16.12 -9999 -9999 -9999 -9999 -9999 -9999 -9999 -9999 -9999 -9999 -9999
-9999 -9999 -9999 -9999 -9999 -9999 -9999 18.82 17.01 17.86 17.38 -9999 -9999 -9999 -9999 -9999 -9999 -9999 -9999 -9999 -9999 -9999 -9999 -9999 -9999 -9999 14.13 13.44 12.60 -9999 13.25 -9999 12.26 11.20 10.36 8.88 9.46 14.71 13.04 14.20 18.33 10.48 11.98 18.38 16.69 16.29 15.60 13.88 11.96 11.20 10.93 10.28 10.06 10.44 11.48 12.57 11.44 12.03 11.00 10.57 11.83 13.09 12.73 12.09 12.28 14.89 17.95 19.57 -9999 -9999 -9999 -9999 -9999 -9999 -9999 -9999 -9999
-9999 -9999 -9999 -9999 -9999 -9999 19.81 18.39 17.81 -9999 -9999 -9999 -9999 -9999 -9999 -9999 -9999 -9999 -9999 -9999 -9999 -9999 -9999 -9999 -9999 -9999 15.93 14.39 13.14 -9999 -9999 -9999 11.88 12.46 9.44 10.71 12.28 10.31 9.30 11.51 16.45 15.92 10.75 15.95 17.95 15.27 16.24 14.68 13.04 10.83 10.84 10.48 10.33 10.44 10.75 11.10 11.03 11.26 10.04 11.34 12.79 13.63 14.02 13.86 12.98 13.52 15.83 18.28 -9999 -9999 -9999 -9999 -9999 -9999 -9999 -9999 -9999
-9999 -9999 -9999 -9999 -9999 -9999 -9999 -9999 -9999 -9999 -9999 -9999 -9999 -9999 -9999 -9999 -9999 -9999 -9999 -9999 -9999 -9999 -9999 -9999 -9999 -9999 -9999 -9999 -9999 -9999 -9999 12.84 9.90 9.43 11.69 13.13 14.05 13.79 11.63 12.19 15.47 15.04 12.83 11.13 15.06 16.77 15.05 13.89 12.64 11.46 11.04 11.11 10.52 10.34 10.44 10.42 10.12 9.31 10.62 14.34 13.22 14.04 13.19 13.24 12.36 13.78 15.79 -9999 -9999 -9999 -9999 -9999 -9999 -9999 -9999 -9999 -9999
-9999 -9999 -9999 -9999 -9999 -9999 -9999 -9999 -9999 -9999 -9999 -9999 -9999 -9999 -9999 -9999 -9999 -9999 -9999 -9999 -9999 -9999 -9999 -9999 -9999 -9999 -9999 -9999 -9999 -9999 -9999 11.78 9.02 10.24 14.01 17.07 15.73 12.69 13.68 11.29 11.86 11.19 12.88 13.39 14.89 15.33 14.66 13.34 12.54 11.88 11.03 11.09 10.32 10.19 10.20 10.30 10.00 9.10 10.10 15.10 15.01 13.37 12.86 12.53 12.25 13.71 16.10 -9999 -9999 -9999 -9999 -9999 -9999 -9999 -9999 -9999 -9999
-9999 -9999 -9999 -9999 -9999 -9999 -9999 -9999 -9999 -9999 -9999 -9999 -9999 -9999 -9999 -9999 -9999 -9999 -9999 -9999 -9999 -9999 -9999 -9999 -9999 -9999 -9999 -9999 -9999 -9999 -9999 10.64 8.23 8.79 12.87 14.56 14.14 13.08 12.92 12.42 12.83 11.55 11.64 12.02 10.63 15.10 13.23 14.26 12.84 12.37 10.92 10.38 10.14 9.91 9.95 10.03 10.06 9.67 9.81 12.77 14.41 13.83 13.00 12.70 12.32 13.40 15.44 -9999 -9999 -9999 -9999 -9999 -9999 -9999 -9999 -9999 -9999
-9999 -9999 -9999 -9999 -9999 -9999 -9999 -9999 -9999 -9999 -9999 -9999 -9999 -9999 -9999 -9999 -9999 -9999 -9999 -9999 -9999 -9999 -9999 -9999 -9999 -9999 -9999 -9999 -9999 14.98 12.47 9.58 7.82 10.99 13.81 17.12 13.75 15.12 10.41 11.60 11.62 13.41 14.27 13.54 15.32 11.58 11.69 11.65 11.38 10.79 11.45 10.16 9.75 9.89 9.63 9.80 10.13 10.06 10.28 11.26 13.81 13.81 13.09 12.61 12.38 12.74 14.31 16.50 -9999 -9999 -9999 -9999 -9999 -9999 -9999 -9999 -9999
-9999 -9999 -9999 -9999 -9999 -9999 -9999 -9999 -9999 -9999 -9999 -9999 -9999 -9999 -9999 -9999 -9999 -9999 -9999 -9999 -9999 -9999 -9999 -9999 -9999 -9999 -9999 -9999 -9999 13.80 11.15 9.53 8.64 9.40 13.11 11.30 10.94 8.97 10.95 14.19 11.97 14.54 13.99 15.16 11.57 15.21 12.61 13.56 12.69 12.41 10.98 10.35 9.75 9.44 9.44 9.70 9.99 10.33 10.44 10.80 12.08 13.98 13.52 12.64 12.46 12.21 13.04 15.33 -9999 -9999 -9999 -9999 -9999 -9999 -9999 -9999 -9999
-9999 -9999 -9999 -9999 -9999 -9999 -9999 -9999 -9999 -9999 -9999 -9999 -9999 -9999 -9999 -9999 -9999 -9999 -9999 -9999 -9999 -9999 -9999 -9999 -9999 -9999 -9999 -9999 -9999 13.65 10.87 9.85 9.33 9.87 11.03 11.71 10.53 9.68 11.50 11.77 11.21 13.49 16.12 13.70 13.15 11.45 12.99 10.96 11.28 11.56 11.57 10.48 10.01 9.42 9.41 9.69 10.01 10.39 10.66 10.68 11.42 13.27 14.26 12.98 12.33 12.06 12.04 13.71 16.03 -9999 -9999 -9999 -9999 -9999 -9999 -9999 -9999
-9999 -9999 -9999 -9999 -9999 -9999 -9999 -9999 -9999 -9999 -9999 -9999 -9999 -9999 -9999 -9999 -9999 -9999 -9999 -9999 -9999 -9999 -9999 -9999 -9999 -9999 -9999 -9999 -9999 13.32 11.03 10.32 10.24 10.11 10.23 10.56 11.47 12.57 10.09 9.96 11.31 15.92 16.10 17.09 15.34 13.07 12.61 12.96 11.21 10.16 10.98 11.27 10.05 9.49 9.54 9.62 10.07 10.61 11.09 11.11 11.53 13.76 15.23 14.05 13.36 12.92 12.19 12.45 14.45 16.70 -9999 -9999 -9999 -9999 -9999 -9999 -9999
-9999 -9999 -9999 -9999 -9999 -9999 -9999 -9999 -9999 -9999 -9999 -9999 -9999 -9999 -9999 -9999 -9999 -9999 -9999 -9999 -9999 -9999 -9999 -9999 -9999 -9999 -9999 -9999 -9999 13.42 10.94 10.29 9.98 9.59 9.24 10.50 10.38 11.13 11.60 13.71 15.46 16.59 14.53 16.38 14.43 13.81 12.09 13.45 12.53 11.25 10.34 10.01 9.99 9.62 9.68 9.97 10.48 10.94 11.52 11.94 12.39 13.38 14.68 14.50 13.82 13.57 13.24 12.75 12.95 15.20 -9999 -9999 -9999 -9999 -9999 -9999 -9999
-9999 -9999 -9999 -9999 -9999 -9999 -9999 -9999 -9999 -9999 -9999 -9999 -9999 -9999 -9999 -9999 -9999 -9999 -9999 -9999 -9999 -9999 -9999 -9999 -9999 -9999 -9999 -9999 -9999 -9999 11.06 10.46 9.86 8.95 9.29 11.56 11.95 12.42 11.03 11.10 13.61 14.07 16.55 16.09 13.85 11.75 12.18 12.06 12.91 11.51 10.88 11.25 10.72 9.94 10.14 10.34 10.81 11.08 11.50 12.10 12.74 13.33 13.39 13.71 13.99 14.11 -9999 13.71 14.13 15.41 17.77 -9999 -9999 -9999 -9999 -9999 -9999
-9999 -9999 -9999 -9999 -9999 -9999 -9999 -9999 -9999 -9999 -9999 -9999 -9999 -9999 -9999 -9999 -9999 -9999 -9999 -9999 -9999 -9999 -9999 -9999 -9999 -9999 -9999 -9999 -9999 13.14 11.00 10.40 9.51 8.47 8.30 12.80 13.83 11.69 14.42 14.18 12.22 12.51 17.51 16.55 17.25 14.10 12.21 14.06 12.16 11.08 11.35 11.25 10.75 10.74 10.42 10.59 10.83 11.20 11.24 11.54 13.36 12.97 12.45 13.88 13.29 13.81 13.84 -9999 15.27 16.44 18.35 19.84 -9999 -9999 -9999 -9999 -9999
-9999 -9999 -9999 -9999 -9999 -9999 -9999 -9999 -9999 -9999 -9999 -9999 -9999 -9999 -9999 -9999 -9999 -9999 -9999 -9999 -9999 -9999 -9999 -9999 -9999 -9999 -9999 -9999 -9999 12.69 10.53 10.04 9.49 10.65 9.48 11.02 14.34 11.33 11.68 11.99 9.82 10.02 14.79 15.58 16.09 13.02 14.97 15.67 13.04 13.54 12.16 12.25 11.78 11.19 10.65 10.67 10.80 10.93 10.85 10.92 11.44 12.05 11.21 11.58 12.46 12.42 13.68 14.33 -9999 -9999 -9999 -9999 -9999 -9999 -9999 -9999 -9999
-9999 -9999 -9999 -9999 -9999 -9999 -9999 -9999 -9999 -9999 -9999 -9999 -9999 -9999 -9999 -9999 -9999 -9999 -9999 -9999 -9999 -9999 -9999 -9999 -9999 -9999 -9999 -9999 15.17 11.85 10.10 10.78 10.46 10.54 10.07 11.34 11.76 11.12 10.71 10.06 9.67 9.87 13.14 16.92 18.08 14.64 17.45 16.81 13.98 13.72 12.14 12.17 12.12 11.33 10.62 10.83 10.81 10.80 10.97 10.86 11.32 11.69 11.45 11.23 12.83 12.68 12.83 13.42 15.03 16.73 -9999 -9999 -9999 -9999 -9999 -9999 -9999
-9999 -9999 -9999 -9999 -9999 -9999 -9999 -9999 -9999 -9999 -9999 -9999 -9999 -9999 -9999 -9999 -9999 -9999 -9999 -9999 -9999 -9999 -9999 -9999 -9999 -9999 -9999 -9999 -9999 12.20 10.43 10.19 10.76 12.63 10.45 10.29 10.31 10.61 10.75 9.99 9.41 8.96 9.79 14.72 17.54 19.39 17.12 17.69 16.19 14.59 14.19 11.54 11.36 11.97 10.74 10.65 10.57 10.65 11.01 10.96 11.31 11.93 11.55 10.89 11.14 13.84 13.02 12.73 13.36 14.51 16.16 18.14 -9999 -9999 -9999 -9999 -9999
