ML/MeanWindSpeed_1992-03_Actual.txt
ncols         180
nrows         290
xllcorner     -200000
yllcorner     -200000
cellsize      5000
NODATA_value  -9999
[rows 204 to 237 of 290, columns 77 to 153 of 180]
14.84 12.52 13.15 14.80 15.35 14.45 12.67 15.25 13.62 16.00 11.93 13.50 16.65 15.20 12.88 14.37 10.16 9.95 15.18 16.37 14.48 12.41 15.10 11.12 9.98 10.08 16.44 19.93 20.10 11.54 12.68 12.88 13.13 11.91 9.97 11.75 10.90 10.28 9.40 9.83 8.50 8.34 9.80 9.88 13.22 12.68 11.80 10.41 11.39 13.14 12.11 11.40 10.67 10.80 10.56 10.13 9.73 9.87 10.53 10.99 10.53 10.31 10.28 9.96 11.22 11.96 9.96 10.24 11.14 11.33 10.57 11.13 10.98 10.97 11.04 10.36 10.62
12.93 13.52 12.15 12.85 12.44 13.39 12.60 12.74 14.19 12.11 13.22 11.43 11.06 10.95 10.53 10.11 13.52 12.46 17.38 25.39 14.11 14.33 14.81 20.42 19.85 9.63 9.03 21.74 16.24 13.54 14.38 15.84 12.75 10.09 9.27 12.25 12.51 10.37 9.31 8.93 8.49 8.70 10.31 13.59 13.68 11.62 11.13 10.84 10.49 10.38 11.55 10.63 10.39 9.99 9.51 9.26 9.40 10.76 10.45 10.12 10.30 9.31 9.60 10.84 10.62 11.40 10.44 10.26 10.12 10.26 10.81 11.00 11.01 10.99 11.07 10.16 9.83
14.98 12.24 11.55 12.65 11.34 12.07 12.12 12.34 10.86 10.68 11.98 11.04 13.01 11.42 14.27 10.41 15.22 18.05 17.90 19.32 20.50 17.00 19.64 22.13 15.11 17.37 14.60 8.19 15.47 15.31 10.97 11.64 9.44 11.98 11.68 15.31 13.66 10.15 9.21 8.51 8.53 10.18 13.81 11.72 13.78 11.61 11.26 12.18 10.49 11.79 9.84 10.14 9.63 9.33 9.20 9.55 9.68 9.85 9.47 9.39 9.23 9.58 10.88 11.93 11.03 9.98 10.67 9.77 10.89 9.81 9.62 9.93 10.29 10.58 10.66 10.55 9.56
14.51 13.09 11.83 11.29 13.35 14.73 16.52 14.63 12.68 11.66 10.71 11.48 15.34 11.59 13.33 9.78 12.67 13.44 12.25 10.73 14.72 13.79 16.82 16.98 20.21 17.57 17.90 15.61 20.89 12.75 11.06 10.43 12.08 11.45 14.65 13.43 13.41 9.31 8.95 8.46 13.36 14.19 13.32 13.50 11.04 11.74 11.99 11.55 10.10 9.83 9.78 9.40 9.25 9.30 9.34 10.15 10.28 10.61 9.88 9.11 9.23 10.31 12.50 10.17 10.65 10.53 9.78 9.53 9.63 9.05 9.16 9.92 9.53 10.17 10.25 10.12 10.07
14.59 13.84 12.50 11.79 11.97 13.93 13.85 14.50 13.45 12.54 12.00 11.59 12.16 15.46 10.72 16.18 14.64 14.44 15.90 13.91 11.22 11.46 14.02 12.69 15.59 15.74 13.46 19.17 18.68 10.67 11.99 9.38 10.48 12.85 13.54 11.96 10.85 9.04 8.78 11.23 10.35 12.57 12.04 11.05 11.47 11.07 10.53 10.29 9.17 8.72 8.73 8.78 10.98 9.35 10.44 9.60 9.56 9.15 9.09 9.41 10.63 12.11 11.33 10.64 10.68 10.25 9.69 9.70 10.11 10.49 8.67 9.82 10.89 10.02 9.68 10.19 9.19
13.87 13.32 12.96 13.41 14.16 15.36 -9999 -9999 -9999 -9999 13.00 12.93 14.34 11.23 9.95 12.09 12.23 12.00 11.74 7.44 19.28 20.02 13.26 11.54 11.79 14.19 15.34 17.50 13.37 11.21 10.05 9.06 14.51 12.34 13.94 9.80 9.56 9.20 9.27 12.26 9.77 11.65 11.34 10.27 10.45 10.17 9.72 9.02 8.57 8.44 8.64 8.84 10.59 9.66 10.19 10.25 9.67 9.53 9.46 11.37 11.03 11.27 11.30 11.23 9.31 9.15 8.79 10.07 10.50 9.99 8.41 9.47 10.49 10.25 9.74 10.67 10.06
15.24 15.61 16.12 13.99 16.17 15.38 -9999 -9999 -9999 -9999 -9999 -9999 -9999 10.27 10.47 11.62 10.10 10.75 11.88 14.78 17.32 20.38 19.18 16.25 13.73 13.24 11.54 14.89 14.90 10.24 8.92 13.99 13.68 14.48 10.10 9.39 9.66 9.46 11.10 11.78 10.94 10.92 10.40 9.96 9.74 9.49 9.21 9.14 8.94 9.78 9.12 9.23 9.39 9.55 9.80 9.59 10.41 11.74 11.25 9.97 11.54 11.29 10.71 10.44 9.21 8.49 9.22 9.81 9.28 8.48 8.30 9.83 8.56 9.11 10.52 9.85 10.00
-9999 -9999 15.51 -9999 -9999 -9999 -9999 -9999 -9999 -9999 -9999 15.03 13.50 13.15 14.60 13.40 11.73 10.73 11.73 12.59 15.66 17.40 16.72 11.52 10.98 15.76 13.75 13.10 10.46 9.31 9.11 12.49 12.03 11.56 9.84 9.74 10.05 8.74 12.63 12.60 10.62 10.48 9.86 9.77 9.68 9.43 10.13 9.53 9.72 8.97 8.97 9.11 9.45 9.53 10.07 9.41 11.24 13.05 10.85 11.20 8.72 10.32 9.75 8.98 9.52 8.88 9.02 9.76 8.87 8.07 8.26 8.27 9.19 10.08 9.33 10.18 10.05
-9999 -9999 -9999 -9999 -9999 -9999 -9999 -9999 -9999 -9999 -9999 16.33 15.87 13.40 14.85 15.21 -9999 -9999 11.28 15.55 9.90 12.06 11.65 11.86 12.90 14.76 10.91 9.83 10.28 10.11 10.91 11.17 11.01 10.44 10.19 11.21 9.64 10.09 12.46 10.61 9.89 9.40 9.54 10.29 10.15 9.63 9.82 9.22 9.34 10.09 10.73 10.30 11.07 9.69 9.33 10.43 13.34 10.67 10.46 9.68 7.68 9.47 8.73 8.19 8.18 8.15 7.93 7.98 9.93 8.49 8.31 8.28 8.47 8.75 8.61 8.40 10.32
-9999 -9999 -9999 -9999 -9999 -9999 -9999 -9999 -9999 -9999 -9999 -9999 -9999 -9999 -9999 -9999 -9999 -9999 12.67 11.70 11.93 10.73 9.49 9.51 10.16 11.43 10.79 10.62 11.16 11.92 12.41 12.04 -9999 10.68 10.28 10.11 9.53 10.21 12.07 10.54 10.38 9.54 8.68 8.76 10.08 9.35 9.73 11.33 11.54 11.20 12.24 13.28 11.48 11.03 10.72 10.76 12.04 10.13 9.86 9.50 8.36 7.86 7.42 7.86 8.35 7.83 7.36 7.75 8.13 8.21 8.23 8.21 8.30 8.42 8.75 8.95 9.47
-9999 -9999 -9999 -9999 -9999 -9999 -9999 -9999 -9999 -9999 -9999 -9999 -9999 -9999 -9999 -9999 -9999 -9999 -9999 12.61 11.45 10.41 10.75 11.41 9.80 9.77 10.32 11.63 -9999 -9999 -9999 -9999 11.75 10.64 10.36 9.64 9.38 10.20 12.05 10.64 10.74 9.71 8.45 9.67 9.44 11.41 10.94 13.37 11.55 11.73 11.26 11.73 11.48 10.58 11.59 9.22 9.76 10.13 8.36 8.48 7.79 7.18 6.68 6.24 6.25 6.71 6.54 6.89 7.24 7.74 7.84 9.54 9.93 8.52 8.64 8.93 9.22
-9999 -9999 -9999 -9999 -9999 -9999 -9999 -9999 -9999 -9999 -9999 -9999 -9999 -9999 -9999 -9999 -9999 -9999 -9999 -9999 12.55 14.09 12.84 11.39 11.47 11.38 12.26 -9999 -9999 -9999 -9999 12.49 12.57 12.56 8.90 8.61 8.85 11.71 12.35 11.49 10.43 8.93 8.98 8.90 10.97 12.95 11.79 11.94 11.09 11.30 11.02 9.70 10.31 10.30 9.76 9.56 9.37 9.09 8.33 8.30 8.73 8.59 8.12 6.30 6.19 6.40 6.47 7.69 7.97 8.65 8.18 9.20 9.05 8.95 10.22 9.12 9.93
-9999 -9999 -9999 -9999 -9999 -9999 -9999 -9999 -9999 -9999 -9999 -9999 -9999 -9999 -9999 -9999 -9999 -9999 -9999 -9999 -9999 13.53 13.84 12.55 12.35 11.83 13.81 -9999 -9999 -9999 11.74 9.99 9.69 11.91 11.23 10.25 8.78 10.47 9.37 11.39 10.35 8.37 10.03 11.41 11.50 11.06 12.14 11.09 10.58 10.27 9.52 9.34 9.19 9.43 10.03 9.51 8.73 8.65 8.66 8.60 9.38 8.69 8.23 7.33 6.52 6.76 6.85 7.47 7.89 8.61 8.71 8.96 8.74 9.85 10.26 10.60 10.18
-9999 -9999 -9999 -9999 -9999 -9999 -9999 -9999 -9999 -9999 -9999 -9999 -9999 -9999 -9999 -9999 -9999 -9999 -9999 -9999 -9999 -9999 -9999 -9999 -9999 -9999 -9999 -9999 -9999 14.38 10.62 9.03 8.97 11.53 9.45 10.28 11.14 10.78 10.56 10.74 8.89 8.62 9.14 10.50 10.42 10.79 10.94 11.25 10.92 10.63 12.46 10.36 10.45 9.64 10.21 10.08 8.96 8.91 8.38 8.89 9.69 8.71 7.72 7.33 7.23 7.21 8.13 8.11 9.04 8.75 10.10 10.64 10.02 8.60 11.69 12.55 10.66
-9999 -9999 -9999 -9999 -9999 -9999 -9999 -9999 -9999 -9999 -9999 -9999 -9999 -9999 -9999 -9999 -9999 -9999 -9999 -9999 -9999 -9999 -9999 -9999 -9999 -9999 -9999 -9999 -9999 11.69 11.14 9.64 15.94 13.66 9.48 10.41 11.21 11.44 11.69 9.56 9.12 9.09 9.01 10.47 10.18 9.90 12.07 11.86 13.25 11.36 11.63 13.15 11.01 10.29 10.07 9.32 9.03 8.68 8.50 8.95 8.80 8.93 8.13 7.47 7.42 7.39 8.09 10.57 9.95 10.92 11.33 12.41 10.41 8.78 10.17 10.48 8.94
-9999 -9999 -9999 -9999 -9999 -9999 -9999 -9999 -9999 -9999 -9999 -9999 -9999 -9999 -9999 -9999 -9999 -9999 -9999 -9999 -9999 -9999 -9999 -9999 -9999 -9999 -9999 -9999 -9999 11.26 9.03 7.85 10.56 14.97 13.57 12.52 11.21 12.60 10.34 9.94 9.35 11.58 11.72 12.48 11.82 10.57 10.62 10.56 11.02 11.52 11.53 10.51 10.43 10.41 10.33 9.54 9.14 9.01 8.89 9.41 9.00 8.69 7.88 7.77 8.79 9.91 9.05 10.27 9.85 9.76 9.84 10.82 12.91 12.32 9.43 9.20 9.80
-9999 -9999 -9999 -9999 -9999 -9999 -9999 -9999 -9999 -9999 -9999 -9999 15.80 16.54 13.94 20.24 19.48 19.39 19.42 21.80 11.92 18.83 12.68 -9999 -9999 -9999 -9999 -9999 -9999 10.60 9.33 8.85 7.51 8.99 11.91 13.89 13.05 11.42 10.42 10.44 11.40 12.93 11.92 10.95 11.11 10.75 10.04 10.46 9.88 9.34 9.19 9.89 9.30 10.27 10.97 11.96 10.51 9.67 10.12 9.93 9.07 9.78 8.35 7.77 9.36 10.52 8.88 8.21 8.63 8.68 8.49 8.27 8.64 8.56 7.94 7.88 7.91
-9999 -9999 -9999 -9999 -9999 -9999 -9999 -9999 -9999 -9999 -9999 -9999 18.77 18.11 18.02 15.19 18.16 20.63 19.57 20.09 20.25 15.97 13.60 11.33 12.31 15.44 12.84 11.65 10.29 9.80 9.09 8.60 7.96 7.27 8.12 11.70 12.01 10.95 9.96 13.74 11.71 10.32 11.01 11.61 10.66 10.75 10.01 9.93 10.23 9.82 9.82 8.56 9.00 9.91 10.23 10.36 11.28 11.51 9.40 8.94 8.46 8.07 9.09 7.86 12.58 10.21 9.60 8.84 8.28 8.52 8.32 9.52 9.60 7.92 9.91 9.26 9.98
-9999 -9999 -9999 -9999 -9999 -9999 -9999 -9999 -9999 -9999 -9999 16.11 14.95 14.51 13.66 12.32 15.57 19.30 18.72 17.46 17.65 17.50 15.36 12.76 11.51 12.57 14.09 10.49 9.63 8.85 8.98 10.14 8.35 8.12 9.86 10.06 9.98 10.48 13.62 11.23 12.90 11.94 10.88 9.72 10.31 9.51 9.94 10.28 9.90 10.60 9.27 9.73 9.54 9.59 9.64 11.43 12.36 9.65 8.67 8.89 11.67 9.39 8.54 8.63 8.41 8.83 9.21 8.83 8.66 9.39 10.66 9.60 8.39 8.35 10.49 9.74 9.55
-9999 -9999 -9999 -9999 -9999 -9999 -9999 -9999 -9999 -9999 -9999 -9999 13.73 12.17 11.24 13.45 13.16 14.21 18.09 16.41 14.13 12.79 15.67 17.49 13.94 10.43 10.53 12.99 10.37 8.17 8.25 8.22 9.19 9.38 8.41 8.63 9.35 10.40 11.94 10.33 12.43 11.05 10.87 10.52 10.71 9.68 10.47 10.76 10.64 8.98 9.07 10.00 8.97 8.47 8.46 9.92 11.46 11.16 9.00 9.37 10.66 10.20 9.02 7.82 7.62 7.37 7.92 10.22 9.90 9.56 10.33 11.64 10.60 9.92 10.69 10.63 9.41
-9999 -9999 -9999 -9999 -9999 -9999 -9999 -9999 17.41 -9999 -9999 15.39 13.69 14.59 10.70 12.98 11.11 11.01 11.77 12.68 14.00 11.98 14.00 14.97 11.11 8.91 7.15 7.60 7.77 7.37 7.63 8.21 9.42 8.37 8.24 9.04 11.38 9.66 10.86 9.54 10.83 10.32 11.48 12.36 11.22 9.72 9.09 9.17 8.94 8.70 10.62 9.48 8.64 11.15 9.29 9.42 11.82 13.28 8.95 9.33 9.58 9.17 8.45 7.91 7.71 8.26 9.05 9.61 8.52 8.04 8.14 9.03 9.27 9.33 10.14 9.25 9.16
-9999 -9999 -9999 -9999 -9999 -9999 -9999 16.43 18.45 18.47 17.76 14.25 13.17 15.37 12.16 10.50 11.24 10.45 12.49 13.31 14.49 12.23 11.00 10.64 8.50 6.82 6.01 6.53 7.72 8.24 7.39 7.58 8.04 7.88 8.15 10.39 10.58 9.39 10.37 10.93 12.63 11.51 11.51 13.06 11.17 10.70 9.01 9.72 9.28 9.75 8.96 8.78 8.23 9.94 10.13 9.11 10.46 10.00 9.23 8.93 8.42 9.31 9.13 8.68 8.06 7.62 7.54 7.42 7.91 8.27 8.05 7.26 8.13 8.82 9.94 10.43 9.86
-9999 -9999 -9999 -9999 -9999 -9999 -9999 15.91 16.65 15.54 15.97 14.54 13.36 11.68 14.01 13.78 12.33 13.91 13.68 13.06 14.59 12.61 11.43 10.12 6.69 8.11 10.56 9.58 8.35 7.57 7.03 8.02 8.87 9.52 8.96 10.59 9.78 10.62 9.69 8.93 10.92 12.58 11.03 11.00 10.68 9.91 9.83 10.55 9.46 8.67 9.54 9.80 8.24 8.99 9.28 9.27 10.53 11.30 11.54 13.44 9.74 9.62 8.48 7.96 8.05 8.12 7.54 7.29 7.74 8.65 8.21 7.72 7.47 8.64 8.86 9.09 9.35
-9999 -9999 -9999 -9999 -9999 -9999 -9999 16.25 15.18 14.69 15.17 14.24 14.10 12.24 12.79 12.92 11.22 12.82 12.90 13.34 13.41 12.33 8.31 6.02 5.32 8.64 8.82 9.46 10.47 7.96 7.94 8.54 8.09 9.63 8.95 10.25 9.74 9.97 9.79 8.98 11.06 10.40 10.53 10.34 10.08 9.96 10.05 10.71 10.60 9.01 8.61 8.90 10.02 8.47 8.98 8.76 9.62 10.25 10.80 11.99 11.10 11.89 12.70 7.91 12.22 10.08 7.67 7.98 12.18 12.07 11.50 7.60 7.54 7.84 7.69 8.42 7.96
-9999 -9999 -9999 -9999 -9999 -9999 -9999 13.97 13.97 13.93 13.68 12.91 12.83 12.16 11.43 12.79 11.94 11.86 12.57 11.19 10.99 10.39 9.81 5.69 6.30 9.11 7.98 9.61 10.03 8.44 9.10 9.96 8.73 9.43 9.87 9.89 9.90 10.05 10.84 12.01 9.39 10.43 10.28 10.22 9.99 9.96 10.18 10.61 9.60 9.61 9.09 9.37 9.73 10.35 9.49 10.71 10.27 10.32 10.32 10.08 9.62 9.42 9.59 8.60 10.69 10.22 10.97 10.31 10.99 11.68 12.51 8.06 8.28 8.10 8.17 8.29 9.15
-9999 -9999 -9999 -9999 -9999 -9999 -9999 12.73 12.98 13.20 13.77 14.33 13.21 12.65 11.89 12.37 13.85 12.75 11.74 10.42 10.79 10.22 9.71 8.71 6.30 6.20 5.70 8.93 7.88 6.10 10.39 10.54 9.35 13.10 11.55 12.33 13.19 12.27 11.59 12.21 10.53 9.52 10.18 10.07 9.42 9.74 9.83 10.37 9.42 9.73 10.34 10.74 10.30 10.13 10.19 10.03 10.42 11.73 11.35 10.56 10.12 10.16 10.44 10.49 10.66 10.64 10.74 -9999 -9999 10.07 10.83 10.60 10.06 9.03 12.68 9.76 -9999
-9999 -9999 -9999 -9999 -9999 -9999 15.94 13.57 13.49 12.44 13.80 14.15 15.51 13.72 14.62 13.77 14.10 12.81 11.59 10.64 10.48 10.04 9.65 9.67 8.70 7.86 8.16 8.09 6.14 9.95 11.30 8.57 8.40 10.17 10.46 12.20 12.18 10.74 10.36 10.05 9.88 10.91 10.51 10.57 10.00 9.91 10.31 11.23 10.82 10.33 10.32 10.33 10.48 -9999 -9999 10.96 11.74 13.09 12.91 12.39 11.82 11.76 -9999 -9999 -9999 -9999 -9999 -9999 -9999 -9999 -9999 -9999 10.37 11.16 13.37 11.22 -9999
-9999 -9999 -9999 -9999 -9999 17.48 15.69 13.59 14.14 12.45 12.43 12.57 13.13 12.92 17.25 17.86 15.55 14.10 13.49 13.45 11.60 10.44 9.86 10.54 10.07 12.13 12.19 11.11 10.33 12.50 9.26 9.79 10.24 11.66 13.08 11.11 9.57 10.38 9.36 9.67 9.51 9.83 9.77 11.39 12.44 12.29 11.70 11.58 11.97 11.03 -9999 9.84 10.77 10.41 10.82 11.23 -9999 -9999 -9999 -9999 13.18 -9999 -9999 -9999 -9999 -9999 -9999 -9999 -9999 -9999 -9999 -9999 -9999 -9999 -9999 -9999 -9999
-9999 -9999 -9999 -9999 18.44 17.77 17.37 15.34 12.87 12.19 11.81 10.73 11.06 13.46 20.23 21.73 15.02 13.61 16.76 12.30 14.31 10.89 10.06 13.60 11.50 10.33 9.91 10.07 -9999 -9999 -9999 -9999 -9999 11.30 13.53 13.19 11.01 10.62 10.01 9.35 9.53 9.50 10.30 11.48 -9999 -9999 -9999 -9999 -9999 12.23 12.57 11.43 10.60 10.56 12.52 11.66 -9999 -9999 -9999 -9999 -9999 -9999 -9999 -9999 -9999 -9999 -9999 -9999 -9999 -9999 -9999 -9999 -9999 -9999 -9999 -9999 -9999
-9999 -9999 -9999 12.45 14.41 17.05 17.19 15.16 14.39 13.28 10.74 11.83 12.40 15.81 19.21 20.86 18.63 16.66 13.88 14.97 12.38 12.36 11.17 13.29 12.42 -9999 -9999 -9999 -9999 -9999 -9999 -9999 -9999 -9999 11.42 12.23 10.83 12.48 13.47 13.94 11.15 13.92 13.48 14.00 -9999 -9999 -9999 -9999 -9999 -9999 -9999 11.17 12.04 10.21 11.11 -9999 -9999 -9999 -9999 -9999 -9999 -9999 -9999 -9999 -9999 -9999 -9999 -9999 -9999 -9999 -9999 -9999 -9999 -9999 -9999 -9999 -9999
15.73 14.38 14.74 12.57 13.45 15.48 17.40 17.52 15.05 12.23 11.99 13.00 13.27 14.83 18.48 16.54 16.60 15.67 16.74 9.35 12.54 16.32 12.44 -9999 -9999 -9999 -9999 -9999 -9999 -9999 -9999 -9999 -9999 -9999 -9999 -9999 12.53 -9999 -9999 -9999 -9999 11.81 15.03 15.38 -9999 -9999 -9999 -9999 -9999 -9999 -9999 -9999 11.27 13.93 11.76 -9999 -9999 -9999 -9999 -9999 -9999 -9999 -9999 -9999 -9999 -9999 -9999 -9999 -9999 -9999 -9999 -9999 -9999 -9999 -9999 -9999 -9999
15.99 14.09 13.58 11.60 13.16 15.41 16.03 16.95 15.28 13.75 14.90 10.99 9.90 12.39 16.43 16.59 14.10 12.02 14.20 10.71 10.02 11.39 -9999 -9999 -9999 -9999 -9999 -9999 -9999 -9999 -9999 -9999 -9999 -9999 -9999 -9999 13.68 -9999 -9999 -9999 -9999 -9999 -9999 -9999 -9999 -9999 -9999 -9999 -9999 -9999 -9999 -9999 -9999 -9999 -9999 -9999 -9999 -9999 -9999 -9999 -9999 -9999 -9999 -9999 -9999 -9999 -9999 -9999 -9999 -9999 -9999 -9999 -9999 -9999 -9999 -9999 -9999
14.95 15.96 14.34 11.77 13.33 13.83 13.87 14.77 14.05 13.73 15.07 10.12 9.67 11.39 14.26 19.77 20.17 11.06 11.60 11.19 11.64 14.17 -9999 -9999 -9999 -9999 -9999 -9999 -9999 -9999 -9999 -9999 -9999 -9999 -9999 -9999 -9999 -9999 -9999 -9999 -9999 -9999 -9999 -9999 -9999 -9999 -9999 -9999 -9999 -9999 -9999 -9999 -9999 -9999 -9999 -9999 -9999 -9999 -9999 -9999 -9999 -9999 -9999 -9999 -9999 -9999 -9999 -9999 -9999 -9999 -9999 -9999 -9999 -9999 -9999 -9999 -9999
13.35 14.10 16.10 14.53 14.35 13.55 14.49 13.35 12.82 12.65 10.94 11.25 10.41 10.32 14.09 16.83 16.32 13.64 10.60 10.78 14.52 12.47 -9999 -9999 -9999 -9999 -9999 -9999 -9999 -9999 -9999 -9999 -9999 -9999 -9999 -9999 -9999 -9999 -9999 -9999 -9999 -9999 -9999 -9999 -9999 -9999 -9999 -9999 -9999 -9999 -9999 -9999 -9999 -9999 -9999 -9999 -9999 -9999 -9999 -9999 -9999 -9999 -9999 -9999 -9999 -9999 -9999 -9999 -9999 -9999 -9999 -9999 -9999 -9999 -9999 -9999 -9999
