ML/MeanWindSpeed_1995-01_Actual.txt
ncols         180
nrows         290
xllcorner     -200000
yllcorner     -200000
cellsize      5000
NODATA_value  -9999
[rows 136 to 169 of 290, columns 77 to 153 of 180]
-9999 -9999 18.75 16.64 12.84 16.05 13.88 16.35 13.70 12.24 10.74 9.84 11.19 18.84 14.97 13.97 10.89 10.24 10.49 10.00 11.19 13.04 10.99 12.41 10.64 11.41 10.77 10.54 10.32 10.20 10.09 10.31 11.60 10.84 8.77 10.08 11.59 12.09 13.18 13.18 8.51 9.98 14.00 12.52 10.67 11.34 10.91 11.41 10.58 11.88 13.33 -9999 -9999 -9999 -9999 -9999 -9999 -9999 -9999 -9999 -9999 -9999 -9999 -9999 -9999 -9999 -9999 -9999 -9999 -9999 -9999 -9999 -9999 -9999 -9999 -9999 -9999
-9999 -9999 18.65 16.45 11.14 15.05 12.23 13.74 12.74 12.17 11.95 9.17 14.07 14.02 13.41 16.74 12.26 10.44 10.47 9.14 12.68 19.02 13.60 -9999 -9999 -9999 11.44 11.07 -9999 10.28 10.61 10.77 9.98 9.38 10.45 12.47 10.90 10.93 12.92 11.73 13.96 13.35 9.67 8.30 9.23 10.50 11.76 8.84 10.22 10.98 13.21 -9999 -9999 -9999 -9999 -9999 -9999 -9999 -9999 -9999 -9999 -9999 -9999 -9999 -9999 -9999 -9999 -9999 -9999 -9999 -9999 -9999 -9999 -9999 -9999 -9999 -9999
-9999 -9999 16.38 19.35 13.35 12.47 13.57 14.66 14.07 13.10 12.08 11.24 11.05 18.76 14.70 15.96 12.06 11.40 14.27 10.29 11.76 12.92 14.08 -9999 -9999 -9999 12.03 10.98 11.06 11.19 10.49 10.12 9.27 11.84 15.71 16.19 12.60 17.31 12.41 11.94 16.20 12.05 12.93 13.35 13.68 10.63 12.52 14.75 12.46 11.08 12.94 -9999 -9999 -9999 -9999 -9999 -9999 -9999 -9999 -9999 -9999 -9999 -9999 -9999 -9999 -9999 -9999 -9999 -9999 -9999 -9999 -9999 -9999 -9999 -9999 -9999 -9999
-9999 -9999 -9999 17.64 17.64 14.15 -9999 15.97 16.02 14.44 13.34 12.36 -9999 13.69 12.17 13.75 11.18 13.45 14.58 12.69 12.83 -9999 -9999 -9999 -9999 13.65 11.47 10.62 10.48 11.49 11.70 10.60 10.72 11.53 17.08 22.84 12.06 19.41 13.63 16.22 17.96 14.29 16.84 14.25 12.09 14.63 15.10 13.34 10.36 11.40 14.27 14.04 -9999 -9999 -9999 -9999 -9999 -9999 -9999 -9999 -9999 -9999 -9999 -9999 -9999 -9999 -9999 -9999 -9999 -9999 -9999 -9999 -9999 -9999 -9999 -9999 -9999
-9999 -9999 -9999 -9999 17.92 -9999 -9999 -9999 15.58 16.26 14.34 14.13 14.74 -9999 -9999 14.98 12.47 16.33 17.82 -9999 -9999 -9999 -9999 -9999 14.84 13.65 10.56 10.93 10.52 11.64 11.41 12.80 13.62 10.53 13.00 17.36 20.47 15.29 18.48 19.80 20.23 16.39 17.53 18.30 16.65 13.35 13.37 14.42 10.63 11.63 14.49 15.89 -9999 -9999 -9999 -9999 -9999 -9999 -9999 -9999 -9999 -9999 -9999 -9999 -9999 -9999 -9999 -9999 -9999 -9999 -9999 -9999 -9999 -9999 -9999 -9999 -9999
-9999 -9999 -9999 -9999 17.53 17.69 -9999 -9999 -9999 15.70 17.02 16.41 16.49 -9999 -9999 -9999 -9999 15.25 -9999 -9999 -9999 -9999 -9999 -9999 13.44 12.82 12.07 13.22 14.43 14.29 12.88 13.10 12.16 11.13 10.43 14.82 18.55 12.47 20.98 20.08 21.81 16.68 17.11 20.26 16.66 14.23 13.19 11.43 10.27 11.87 14.09 15.29 -9999 -9999 -9999 -9999 -9999 -9999 -9999 -9999 -9999 -9999 -9999 -9999 -9999 -9999 -9999 -9999 -9999 -9999 -9999 -9999 -9999 -9999 -9999 -9999 -9999
-9999 -9999 -9999 -9999 -9999 19.85 -9999 -9999 -9999 -9999 16.33 17.97 17.38 -9999 -9999 -9999 -9999 -9999 -9999 -9999 -9999 -9999 -9999 14.57 13.64 14.52 15.33 15.67 17.48 16.70 14.99 14.54 13.13 13.05 10.66 11.60 22.04 22.29 20.46 19.51 15.10 13.72 14.71 12.77 10.59 14.75 15.37 11.07 10.95 12.70 13.68 14.50 15.25 -9999 -9999 -9999 -9999 -9999 -9999 -9999 -9999 -9999 -9999 -9999 -9999 -9999 -9999 -9999 -9999 -9999 -9999 -9999 -9999 -9999 -9999 -9999 -9999
-9999 -9999 -9999 -9999 -9999 21.62 -9999 -9999 -9999 -9999 -9999 -9999 -9999 -9999 -9999 -9999 -9999 -9999 -9999 -9999 -9999 -9999 -9999 14.81 12.90 12.11 12.14 11.24 22.31 17.79 15.46 18.15 13.42 15.30 9.22 8.87 17.70 24.44 17.91 15.11 22.36 25.22 22.42 18.24 16.34 10.55 12.39 12.55 14.47 12.91 12.16 13.72 14.85 15.12 -9999 -9999 -9999 -9999 -9999 -9999 -9999 -9999 -9999 -9999 -9999 -9999 -9999 -9999 -9999 -9999 -9999 -9999 -9999 -9999 -9999 -9999 -9999
-9999 -9999 -9999 -9999 -9999 -9999 -9999 -9999 -9999 -9999 -9999 -9999 -9999 -9999 -9999 -9999 -9999 -9999 -9999 -9999 -9999 -9999 14.36 13.42 11.98 10.81 16.77 9.30 28.85 26.64 13.94 15.32 13.63 12.37 13.09 8.29 9.22 23.70 22.45 18.81 16.69 15.42 19.47 18.68 17.02 14.13 12.65 12.72 12.34 11.51 11.98 11.41 11.80 13.31 -9999 -9999 -9999 -9999 -9999 -9999 -9999 -9999 -9999 -9999 -9999 -9999 -9999 -9999 -9999 -9999 -9999 -9999 -9999 -9999 -9999 -9999 -9999
-9999 -9999 -9999 -9999 -9999 -9999 -9999 -9999 -9999 -9999 -9999 -9999 -9999 -9999 -9999 -9999 -9999 -9999 -9999 -9999 -9999 -9999 13.07 14.44 10.80 14.39 27.10 15.30 8.57 17.19 19.40 15.57 15.08 13.86 13.09 10.92 10.10 12.42 26.16 21.17 18.83 14.94 14.66 15.25 13.03 13.15 13.34 14.66 11.88 12.76 10.88 10.68 10.45 11.39 12.62 13.66 13.99 -9999 -9999 -9999 -9999 -9999 -9999 -9999 -9999 -9999 -9999 -9999 -9999 -9999 -9999 -9999 -9999 -9999 -9999 -9999 -9999
-9999 -9999 -9999 -9999 -9999 -9999 -9999 -9999 -9999 -9999 -9999 -9999 -9999 -9999 -9999 -9999 -9999 -9999 -9999 -9999 -9999 -9999 13.08 12.85 12.80 19.14 12.46 13.34 14.97 21.15 16.05 13.66 20.34 11.88 15.79 13.14 12.06 9.91 14.44 18.34 17.95 16.45 15.13 11.55 12.22 11.76 11.28 10.91 11.34 11.02 11.12 10.09 10.08 10.68 15.78 13.32 15.17 16.55 16.21 -9999 -9999 -9999 -9999 -9999 -9999 -9999 -9999 -9999 -9999 -9999 -9999 -9999 -9999 -9999 -9999 -9999 -9999
-9999 -9999 -9999 -9999 -9999 -9999 -9999 -9999 -9999 -9999 -9999 -9999 -9999 -9999 -9999 -9999 -9999 -9999 -9999 -9999 -9999 -9999 13.03 12.75 14.54 23.79 25.69 19.58 14.06 14.97 16.59 21.46 13.50 19.60 16.55 14.79 14.73 12.90 8.88 9.88 17.80 17.42 15.82 14.07 12.63 11.97 11.88 11.56 10.70 11.06 10.74 9.99 11.04 11.41 12.70 17.15 16.39 16.61 18.52 18.34 15.23 -9999 -9999 -9999 -9999 -9999 -9999 -9999 -9999 -9999 -9999 -9999 -9999 -9999 -9999 -9999 -9999
-9999 -9999 -9999 -9999 -9999 -9999 -9999 -9999 -9999 -9999 -9999 -9999 -9999 -9999 -9999 -9999 -9999 -9999 -9999 -9999 -9999 -9999 13.32 11.49 15.44 18.25 10.65 30.76 25.72 12.65 16.96 14.16 20.37 22.14 16.02 13.38 14.74 15.38 10.90 22.71 20.02 19.53 20.55 20.96 19.08 13.18 14.72 12.31 11.51 11.36 11.17 11.17 11.05 10.08 10.89 14.84 13.12 12.68 14.32 16.89 14.17 18.63 -9999 -9999 -9999 -9999 -9999 -9999 -9999 -9999 -9999 -9999 -9999 -9999 -9999 -9999 -9999
-9999 -9999 -9999 -9999 -9999 -9999 -9999 -9999 -9999 -9999 17.03 17.86 18.84 -9999 -9999 -9999 -9999 -9999 -9999 -9999 -9999 -9999 -9999 12.63 10.63 8.66 12.41 15.33 20.85 10.54 6.73 16.01 14.88 14.57 13.38 16.46 16.84 14.94 15.78 19.34 18.49 24.32 22.20 18.31 17.06 17.71 14.73 12.58 11.90 11.43 11.80 11.12 10.54 17.75 15.35 20.09 20.70 18.80 17.22 13.08 18.14 18.61 16.57 -9999 -9999 -9999 -9999 -9999 -9999 -9999 -9999 -9999 -9999 -9999 -9999 -9999 -9999
-9999 -9999 -9999 -9999 -9999 -9999 -9999 -9999 -9999 -9999 14.27 14.92 -9999 -9999 -9999 -9999 -9999 -9999 -9999 -9999 -9999 -9999 -9999 -9999 10.94 6.66 12.90 12.83 26.03 13.71 14.20 12.39 9.16 8.73 10.73 10.93 24.56 14.24 15.54 22.55 17.52 12.52 11.30 18.64 12.11 16.84 13.64 11.80 11.16 11.28 11.12 12.18 16.08 17.62 15.59 14.37 13.59 15.77 17.88 17.04 17.55 16.85 20.30 -9999 -9999 -9999 -9999 -9999 -9999 -9999 -9999 -9999 -9999 -9999 -9999 -9999 -9999
-9999 -9999 -9999 -9999 -9999 -9999 -9999 -9999 -9999 14.36 18.35 17.47 16.57 -9999 -9999 -9999 -9999 -9999 -9999 -9999 -9999 -9999 -9999 -9999 12.63 14.68 15.29 14.71 11.22 15.32 12.48 11.48 9.86 8.90 12.63 10.57 8.19 22.85 15.01 12.72 18.93 15.25 19.94 15.01 15.50 12.87 12.43 11.87 11.88 10.86 10.64 12.81 14.54 12.65 13.52 14.74 14.29 15.53 15.78 16.37 16.49 13.88 18.96 17.23 -9999 -9999 -9999 -9999 -9999 -9999 -9999 -9999 -9999 -9999 -9999 -9999 -9999
-9999 -9999 -9999 -9999 -9999 -9999 -9999 -9999 13.88 20.11 21.66 26.56 16.18 -9999 -9999 -9999 -9999 -9999 -9999 -9999 -9999 -9999 -9999 -9999 14.44 20.56 15.31 7.86 10.93 11.05 12.81 9.99 9.03 11.00 13.07 8.57 18.96 13.80 18.44 13.01 20.89 11.55 13.90 10.69 14.48 11.86 12.40 12.93 11.09 10.98 10.22 10.34 14.61 14.78 13.78 11.79 12.47 12.28 13.03 13.89 16.35 16.33 15.63 17.31 -9999 -9999 -9999 -9999 -9999 -9999 -9999 -9999 -9999 -9999 -9999 -9999 -9999
-9999 -9999 -9999 -9999 -9999 -9999 -9999 16.50 15.24 25.25 18.43 17.21 -9999 -9999 -9999 -9999 -9999 -9999 -9999 -9999 -9999 -9999 -9999 -9999 -9999 12.94 9.51 9.07 13.31 9.67 13.41 10.78 10.24 10.11 11.91 9.43 19.37 18.43 19.85 18.85 20.48 20.10 20.01 17.40 16.12 16.16 15.02 11.78 11.34 11.04 10.24 9.87 10.16 17.17 15.05 10.70 10.23 10.82 10.64 10.86 10.83 11.58 11.49 13.30 15.92 16.83 -9999 -9999 -9999 -9999 -9999 -9999 -9999 -9999 -9999 -9999 -9999
-9999 -9999 -9999 -9999 -9999 -9999 -9999 20.82 22.75 14.69 13.64 14.55 -9999 -9999 -9999 -9999 -9999 -9999 -9999 -9999 -9999 -9999 -9999 -9999 -9999 -9999 11.08 12.64 11.52 10.28 12.37 11.70 12.04 11.15 12.63 9.26 18.77 16.85 14.96 18.83 17.44 16.14 23.36 22.88 16.13 18.51 16.09 14.99 11.81 11.05 10.57 10.00 9.74 10.80 11.64 10.69 11.02 11.12 11.19 10.71 10.35 10.60 11.20 16.28 16.67 15.89 -9999 -9999 -9999 -9999 -9999 -9999 -9999 -9999 -9999 -9999 -9999
-9999 -9999 -9999 -9999 -9999 -9999 -9999 21.53 18.20 18.28 15.89 -9999 -9999 -9999 -9999 -9999 -9999 -9999 -9999 -9999 -9999 -9999 -9999 -9999 -9999 -9999 13.46 13.45 12.42 -9999 12.69 -9999 12.56 10.67 9.72 8.23 7.58 16.62 15.53 15.89 21.82 10.64 12.07 21.57 17.91 16.49 16.25 14.20 12.20 11.66 11.56 10.78 10.33 10.09 11.60 13.90 12.32 13.45 11.99 10.83 12.45 14.49 13.77 12.63 12.62 15.38 18.06 18.64 -9999 -9999 -9999 -9999 -9999 -9999 -9999 -9999 -9999
-9999 -9999 -9999 -9999 -9999 -9999 20.59 17.98 16.97 -9999 -9999 -9999 -9999 -9999 -9999 -9999 -9999 -9999 -9999 -9999 -9999 -9999 -9999 -9999 -9999 -9999 15.39 13.55 12.29 -9999 -9999 -9999 12.50 13.38 8.44 9.99 11.16 8.84 9.52 12.27 18.93 18.89 10.00 16.92 19.81 14.93 16.99 15.30 13.66 10.85 11.18 10.83 10.64 10.40 10.71 11.73 12.08 13.02 11.26 12.30 14.14 15.29 15.45 14.80 13.22 12.97 14.65 16.49 -9999 -9999 -9999 -9999 -9999 -9999 -9999 -9999 -9999
-9999 -9999 -9999 -9999 -9999 -9999 -9999 -9999 -9999 -9999 -9999 -9999 -9999 -9999 -9999 -9999 -9999 -9999 -9999 -9999 -9999 -9999 -9999 -9999 -9999 -9999 -9999 -9999 -9999 -9999 -9999 13.84 11.70 11.43 14.59 16.14 16.20 15.19 12.46 12.63 16.95 16.75 13.46 9.48 15.27 17.75 14.77 13.70 12.78 11.84 11.47 11.81 10.96 10.53 10.52 10.65 10.94 10.61 12.52 16.99 13.93 14.71 13.18 13.18 11.68 12.48 13.76 -9999 -9999 -9999 -9999 -9999 -9999 -9999 -9999 -9999 -9999
-9999 -9999 -9999 -9999 -9999 -9999 -9999 -9999 -9999 -9999 -9999 -9999 -9999 -9999 -9999 -9999 -9999 -9999 -9999 -9999 -9999 -9999 -9999 -9999 -9999 -9999 -9999 -9999 -9999 -9999 -9999 13.06 11.58 14.00 18.11 22.17 19.16 13.42 15.32 10.01 10.59 10.09 13.32 14.21 15.00 15.79 15.27 13.32 12.95 12.67 11.52 11.83 10.92 10.80 10.89 11.00 11.00 10.59 11.69 17.85 15.89 12.82 12.21 11.90 11.65 12.53 14.10 -9999 -9999 -9999 -9999 -9999 -9999 -9999 -9999 -9999 -9999
-9999 -9999 -9999 -9999 -9999 -9999 -9999 -9999 -9999 -9999 -9999 -9999 -9999 -9999 -9999 -9999 -9999 -9999 -9999 -9999 -9999 -9999 -9999 -9999 -9999 -9999 -9999 -9999 -9999 -9999 -9999 11.82 10.38 10.77 14.56 16.24 14.98 13.28 13.04 11.26 11.94 10.40 10.32 11.77 8.77 15.72 13.74 15.52 13.45 13.14 11.21 10.87 11.16 11.07 11.15 11.05 11.10 11.04 10.73 13.62 14.83 13.39 12.39 12.52 12.20 12.65 13.55 -9999 -9999 -9999 -9999 -9999 -9999 -9999 -9999 -9999 -9999
-9999 -9999 -9999 -9999 -9999 -9999 -9999 -9999 -9999 -9999 -9999 -9999 -9999 -9999 -9999 -9999 -9999 -9999 -9999 -9999 -9999 -9999 -9999 -9999 -9999 -9999 -9999 -9999 -9999 14.92 12.84 10.86 10.09 13.70 15.36 19.65 13.88 17.04 9.50 11.85 11.61 13.49 14.10 13.39 16.20 9.97 10.86 11.16 11.30 10.79 12.34 10.93 10.98 11.54 11.06 11.03 11.22 11.05 10.91 10.89 13.91 13.46 12.70 12.72 12.70 12.32 12.26 13.48 -9999 -9999 -9999 -9999 -9999 -9999 -9999 -9999 -9999
-9999 -9999 -9999 -9999 -9999 -9999 -9999 -9999 -9999 -9999 -9999 -9999 -9999 -9999 -9999 -9999 -9999 -9999 -9999 -9999 -9999 -9999 -9999 -9999 -9999 -9999 -9999 -9999 -9999 13.97 11.68 10.51 9.97 10.26 14.20 10.09 10.79 8.75 11.46 17.10 13.26 15.35 14.13 15.82 9.79 15.93 12.28 14.31 13.82 14.08 12.23 11.61 11.09 10.90 10.90 11.06 11.11 11.19 11.03 10.78 11.74 14.08 13.44 12.85 12.95 11.82 10.91 12.58 -9999 -9999 -9999 -9999 -9999 -9999 -9999 -9999 -9999
-9999 -9999 -9999 -9999 -9999 -9999 -9999 -9999 -9999 -9999 -9999 -9999 -9999 -9999 -9999 -9999 -9999 -9999 -9999 -9999 -9999 -9999 -9999 -9999 -9999 -9999 -9999 -9999 -9999 14.07 11.53 10.79 10.28 10.14 10.05 10.71 10.16 8.90 11.70 12.92 12.06 14.47 17.91 13.55 12.31 9.98 13.26 10.49 11.82 13.00 13.49 12.01 11.60 10.85 10.84 11.09 11.19 11.25 11.31 11.35 11.73 13.72 15.17 13.55 12.68 11.42 10.12 11.15 13.04 -9999 -9999 -9999 -9999 -9999 -9999 -9999 -9999
-9999 -9999 -9999 -9999 -9999 -9999 -9999 -9999 -9999 -9999 -9999 -9999 -9999 -9999 -9999 -9999 -9999 -9999 -9999 -9999 -9999 -9999 -9999 -9999 -9999 -9999 -9999 -9999 -9999 13.60 11.71 11.17 11.17 10.56 10.06 9.50 10.98 13.25 9.36 9.65 11.72 18.72 18.08 19.62 16.72 13.03 12.56 13.36 11.13 10.29 12.14 12.90 11.46 10.89 10.99 10.88 11.14 11.37 11.63 11.75 11.83 14.07 16.08 14.27 13.11 11.87 10.15 10.11 11.90 13.70 -9999 -9999 -9999 -9999 -9999 -9999 -9999
-9999 -9999 -9999 -9999 -9999 -9999 -9999 -9999 -9999 -9999 -9999 -9999 -9999 -9999 -9999 -9999 -9999 -9999 -9999 -9999 -9999 -9999 -9999 -9999 -9999 -9999 -9999 -9999 -9999 13.47 11.28 10.81 10.66 10.31 9.60 10.64 10.29 12.56 13.09 15.92 17.97 18.50 13.56 16.56 14.39 14.20 11.78 13.67 12.61 11.34 10.38 10.27 10.91 10.81 10.99 11.11 11.35 11.52 11.88 12.17 12.31 12.44 14.09 13.89 12.93 12.19 11.32 10.56 10.69 12.77 -9999 -9999 -9999 -9999 -9999 -9999 -9999
-9999 -9999 -9999 -9999 -9999 -9999 -9999 -9999 -9999 -9999 -9999 -9999 -9999 -9999 -9999 -9999 -9999 -9999 -9999 -9999 -9999 -9999 -9999 -9999 -9999 -9999 -9999 -9999 -9999 -9999 11.30 10.86 10.55 10.02 11.03 14.11 13.99 15.35 13.63 12.77 15.56 14.06 15.82 14.17 10.96 9.00 10.25 10.14 12.50 11.32 10.88 11.71 11.42 10.72 11.20 11.13 11.41 11.48 11.83 12.25 12.54 12.55 12.15 12.78 12.89 12.69 -9999 11.71 12.01 13.22 15.46 -9999 -9999 -9999 -9999 -9999 -9999
-9999 -9999 -9999 -9999 -9999 -9999 -9999 -9999 -9999 -9999 -9999 -9999 -9999 -9999 -9999 -9999 -9999 -9999 -9999 -9999 -9999 -9999 -9999 -9999 -9999 -9999 -9999 -9999 -9999 13.17 11.22 10.77 9.94 9.82 10.53 16.42 16.89 13.71 17.85 16.53 13.69 12.96 19.09 15.45 15.80 11.82 8.99 12.10 10.15 9.63 11.13 11.36 10.77 11.23 10.92 11.07 11.27 11.59 11.64 11.84 14.19 13.02 11.87 13.90 12.65 12.36 12.16 -9999 13.22 14.21 15.98 17.41 -9999 -9999 -9999 -9999 -9999
-9999 -9999 -9999 -9999 -9999 -9999 -9999 -9999 -9999 -9999 -9999 -9999 -9999 -9999 -9999 -9999 -9999 -9999 -9999 -9999 -9999 -9999 -9999 -9999 -9999 -9999 -9999 -9999 -9999 12.87 11.03 10.66 9.93 12.58 11.03 12.04 16.29 11.17 11.81 12.44 9.82 10.13 15.80 14.48 14.60 9.90 12.82 14.06 10.45 12.32 11.25 12.15 11.75 11.36 10.90 11.00 11.16 11.28 11.29 11.29 11.55 12.46 11.11 11.42 12.39 11.32 12.16 12.65 -9999 -9999 -9999 -9999 -9999 -9999 -9999 -9999 -9999
-9999 -9999 -9999 -9999 -9999 -9999 -9999 -9999 -9999 -9999 -9999 -9999 -9999 -9999 -9999 -9999 -9999 -9999 -9999 -9999 -9999 -9999 -9999 -9999 -9999 -9999 -9999 -9999 14.88 12.01 10.82 12.01 11.25 11.43 10.67 11.38 11.11 10.56 10.55 10.03 9.97 11.16 14.90 18.15 18.55 11.89 15.55 14.25 10.53 11.26 9.99 11.13 11.69 11.09 10.75 11.25 11.25 11.18 11.39 11.22 11.32 11.55 11.49 11.11 13.24 12.18 11.89 12.03 13.50 15.09 -9999 -9999 -9999 -9999 -9999 -9999 -9999
-9999 -9999 -9999 -9999 -9999 -9999 -9999 -9999 -9999 -9999 -9999 -9999 -9999 -9999 -9999 -9999 -9999 -9999 -9999 -9999 -9999 -9999 -9999 -9999 -9999 -9999 -9999 -9999 -9999 12.16 10.73 10.82 11.23 13.88 10.52 9.69 9.40 10.52 11.31 10.73 10.63 10.82 10.47 15.89 17.79 19.33 14.74 14.85 13.19 11.63 12.38 9.42 9.92 11.77 10.88 11.06 11.00 11.00 11.36 11.27 11.29 11.75 11.54 11.05 11.16 14.62 12.64 11.88 12.22 13.35 14.92 16.65 -9999 -9999 -9999 -9999 -9999
