ML/MeanWindSpeed_1992-12_Actual.txt
ncols         180
nrows         290
xllcorner     -200000
yllcorner     -200000
cellsize      5000
NODATA_value  -9999
[rows 105 to 139 of 290, columns 78 to 155 of 180]
9.97 13.33 8.78 4.65 7.41 13.44 14.13 12.12 9.56 11.23 16.88 11.23 14.44 8.27 11.25 16.11 10.41 6.70 6.38 8.25 6.84 6.49 7.62 7.94 6.49 8.07 7.57 7.54 10.48 9.68 9.94 9.77 -9999 -9999 -9999 -9999 -9999 -9999 -9999 -9999 -9999 -9999 -9999 -9999 -9999 -9999 -9999 -9999 -9999 -9999 -9999 -9999 -9999 -9999 -9999 -9999 -9999 -9999 -9999 -9999 -9999 -9999 -9999 -9999 -9999 -9999 -9999 -9999 -9999 -9999 -9999 -9999 -9999 -9999 -9999 -9999 -9999 -9999
11.85 9.47 11.12 14.90 13.69 17.28 9.67 14.09 5.82 16.46 8.08 19.39 8.85 12.57 20.54 12.57 9.12 11.63 10.03 6.71 6.33 5.41 5.37 6.98 5.93 6.00 8.07 8.76 8.74 8.99 7.69 9.25 10.13 -9999 -9999 -9999 -9999 -9999 -9999 -9999 -9999 -9999 -9999 -9999 -9999 -9999 -9999 -9999 -9999 -9999 -9999 -9999 -9999 -9999 -9999 -9999 -9999 -9999 -9999 -9999 -9999 -9999 -9999 -9999 -9999 -9999 -9999 -9999 -9999 -9999 -9999 -9999 -9999 -9999 -9999 -9999 -9999 -9999
12.20 6.19 14.33 9.98 5.36 10.95 16.03 15.40 5.96 16.23 13.69 14.57 10.28 15.56 12.16 13.70 17.53 12.66 10.70 8.69 7.08 7.03 8.74 9.47 11.21 10.89 9.12 7.62 6.95 9.76 8.21 10.94 10.92 12.12 -9999 -9999 -9999 -9999 -9999 -9999 -9999 -9999 -9999 -9999 -9999 -9999 -9999 -9999 -9999 -9999 -9999 -9999 -9999 -9999 -9999 -9999 -9999 -9999 -9999 -9999 -9999 -9999 -9999 -9999 -9999 -9999 -9999 -9999 -9999 -9999 -9999 -9999 -9999 -9999 -9999 -9999 -9999 -9999
8.53 12.89 13.25 9.34 5.06 13.11 15.21 19.87 8.15 15.40 12.34 12.84 11.84 12.76 6.81 8.93 10.30 9.22 6.05 7.94 10.52 14.56 13.49 12.06 9.80 9.28 11.14 6.80 8.63 10.10 10.87 11.40 11.69 12.23 12.36 -9999 -9999 -9999 -9999 -9999 -9999 -9999 -9999 -9999 -9999 -9999 -9999 -9999 -9999 -9999 -9999 -9999 -9999 -9999 -9999 -9999 -9999 -9999 -9999 -9999 -9999 -9999 -9999 -9999 -9999 -9999 -9999 -9999 -9999 -9999 -9999 -9999 -9999 -9999 -9999 -9999 -9999 -9999
13.53 16.75 7.66 5.47 11.14 17.91 12.54 5.18 9.01 24.26 10.43 9.86 11.46 11.46 8.80 7.90 5.55 5.21 9.34 16.03 15.20 12.49 11.19 8.36 7.70 8.57 10.57 8.85 10.05 9.70 9.46 10.51 11.06 11.50 -9999 -9999 -9999 -9999 -9999 -9999 -9999 -9999 -9999 -9999 -9999 -9999 -9999 -9999 -9999 -9999 -9999 -9999 -9999 -9999 -9999 -9999 -9999 -9999 -9999 -9999 -9999 -9999 -9999 -9999 -9999 -9999 -9999 -9999 -9999 -9999 -9999 -9999 -9999 -9999 -9999 -9999 -9999 -9999
10.94 9.98 8.86 15.95 8.17 14.68 15.29 15.46 10.62 8.31 19.69 11.00 8.42 7.06 6.87 6.38 5.62 5.01 9.61 7.30 6.32 5.40 7.64 10.35 9.00 9.35 8.87 9.18 11.06 10.88 -9999 -9999 -9999 -9999 -9999 -9999 -9999 -9999 -9999 -9999 -9999 -9999 -9999 -9999 -9999 -9999 -9999 -9999 -9999 -9999 -9999 -9999 -9999 -9999 -9999 -9999 -9999 -9999 -9999 -9999 -9999 -9999 -9999 -9999 -9999 -9999 -9999 -9999 -9999 -9999 -9999 -9999 -9999 -9999 -9999 -9999 -9999 -9999
9.80 6.18 14.44 14.91 17.29 17.70 6.62 15.64 15.68 7.39 11.77 12.67 8.46 8.14 9.43 11.18 12.69 7.80 6.63 6.22 6.54 7.34 8.51 10.11 9.34 9.58 10.75 10.65 -9999 -9999 -9999 -9999 -9999 -9999 -9999 -9999 -9999 -9999 -9999 -9999 -9999 -9999 -9999 -9999 -9999 -9999 -9999 -9999 -9999 -9999 -9999 -9999 -9999 -9999 -9999 -9999 -9999 -9999 -9999 -9999 -9999 -9999 -9999 -9999 -9999 -9999 -9999 -9999 -9999 -9999 -9999 -9999 -9999 -9999 -9999 -9999 -9999 -9999
8.02 14.81 10.18 15.67 18.44 14.62 11.51 16.44 16.39 8.16 7.71 6.33 6.23 7.22 8.56 12.88 14.70 10.90 8.73 7.11 6.91 8.54 8.20 8.84 9.63 12.18 13.57 11.69 -9999 -9999 -9999 -9999 -9999 -9999 -9999 -9999 -9999 -9999 -9999 -9999 -9999 -9999 -9999 -9999 -9999 -9999 -9999 -9999 -9999 -9999 -9999 -9999 -9999 -9999 -9999 -9999 -9999 -9999 -9999 -9999 -9999 -9999 -9999 -9999 -9999 -9999 -9999 -9999 -9999 -9999 -9999 -9999 -9999 -9999 -9999 -9999 -9999 -9999
10.51 14.54 10.54 15.25 14.89 16.55 10.21 8.92 10.51 9.47 8.67 8.30 5.25 15.73 15.87 14.33 14.67 10.73 7.46 7.43 7.24 7.50 7.48 7.70 9.18 8.95 -9999 -9999 -9999 -9999 -9999 11.40 10.27 10.66 10.36 -9999 -9999 -9999 -9999 -9999 -9999 -9999 -9999 -9999 -9999 -9999 -9999 -9999 -9999 -9999 -9999 -9999 -9999 -9999 -9999 -9999 -9999 -9999 -9999 -9999 -9999 -9999 -9999 -9999 -9999 -9999 -9999 -9999 -9999 -9999 -9999 -9999 -9999 -9999 -9999 -9999 -9999 -9999
11.03 16.29 10.50 8.02 19.92 9.77 9.90 9.07 7.59 8.56 10.48 13.75 9.38 9.40 7.95 8.23 7.70 8.47 8.99 9.49 9.12 8.28 8.84 9.42 9.04 8.82 9.69 10.73 -9999 -9999 9.45 8.88 8.65 7.65 8.49 9.71 10.62 -9999 -9999 -9999 -9999 -9999 -9999 -9999 -9999 -9999 -9999 -9999 -9999 -9999 -9999 -9999 -9999 -9999 -9999 -9999 -9999 -9999 -9999 -9999 -9999 -9999 -9999 -9999 -9999 -9999 -9999 -9999 -9999 -9999 -9999 -9999 -9999 -9999 -9999 -9999 -9999 -9999
14.10 11.13 12.12 14.01 15.55 9.21 10.96 13.62 12.24 10.58 7.69 7.73 8.55 7.81 7.82 7.42 7.33 8.37 9.87 9.86 8.77 10.33 10.83 8.43 7.46 7.94 8.59 10.23 8.88 9.05 9.37 8.06 6.21 7.27 10.52 11.11 13.35 9.47 -9999 -9999 -9999 -9999 -9999 -9999 -9999 -9999 -9999 -9999 -9999 -9999 -9999 -9999 -9999 -9999 -9999 -9999 -9999 -9999 -9999 -9999 -9999 -9999 -9999 -9999 -9999 -9999 -9999 -9999 -9999 -9999 -9999 -9999 -9999 -9999 -9999 -9999 -9999 -9999
11.63 15.54 13.92 10.97 9.75 -9999 13.10 15.97 11.34 9.28 7.52 7.11 6.93 7.44 8.20 7.71 7.64 10.03 10.46 10.78 9.80 8.83 8.60 7.42 7.95 8.74 10.42 8.77 7.36 9.61 8.30 7.68 6.72 8.84 11.41 11.81 13.04 11.14 12.73 14.21 10.73 -9999 -9999 -9999 -9999 -9999 -9999 -9999 -9999 -9999 -9999 -9999 -9999 -9999 -9999 -9999 -9999 -9999 -9999 -9999 -9999 -9999 -9999 -9999 -9999 -9999 -9999 -9999 -9999 -9999 -9999 -9999 -9999 -9999 -9999 -9999 -9999 -9999
13.15 -9999 12.86 14.26 10.22 -9999 14.25 18.35 12.02 10.41 8.00 7.93 7.37 7.45 6.67 6.73 6.93 8.30 11.15 11.39 11.45 9.32 8.74 9.66 10.89 13.42 11.46 8.19 6.67 8.25 8.14 7.98 13.27 14.55 11.81 11.84 10.89 10.73 10.98 8.99 10.45 -9999 -9999 -9999 -9999 -9999 -9999 -9999 -9999 -9999 -9999 -9999 -9999 -9999 -9999 -9999 -9999 -9999 -9999 -9999 -9999 -9999 -9999 -9999 -9999 -9999 -9999 -9999 -9999 -9999 -9999 -9999 -9999 -9999 -9999 -9999 -9999 -9999
13.71 -9999 -9999 14.46 11.55 10.75 13.75 15.39 8.84 9.04 11.21 9.39 8.59 8.24 11.19 8.32 6.48 7.54 8.70 10.78 11.59 12.44 10.17 12.69 13.54 11.47 10.17 9.99 8.93 9.46 10.52 11.23 10.90 13.92 11.96 11.28 11.21 7.66 7.51 8.88 10.67 11.65 -9999 -9999 -9999 -9999 -9999 -9999 -9999 -9999 -9999 -9999 -9999 -9999 -9999 -9999 -9999 -9999 -9999 -9999 -9999 -9999 -9999 -9999 -9999 -9999 -9999 -9999 -9999 -9999 -9999 -9999 -9999 -9999 -9999 -9999 -9999 -9999
-9999 -9999 -9999 -9999 12.60 10.82 14.79 11.02 7.48 8.39 9.94 11.56 10.22 9.30 10.94 11.39 9.40 7.01 9.54 12.41 11.18 10.73 11.27 13.31 11.90 9.90 10.16 10.22 13.72 12.94 10.86 10.06 8.76 11.59 11.08 10.27 11.05 8.19 7.34 7.39 7.66 8.79 -9999 -9999 -9999 -9999 -9999 -9999 -9999 -9999 -9999 -9999 -9999 -9999 -9999 -9999 -9999 -9999 -9999 -9999 -9999 -9999 -9999 -9999 -9999 -9999 -9999 -9999 -9999 -9999 -9999 -9999 -9999 -9999 -9999 -9999 -9999 -9999
16.65 18.15 -9999 -9999 -9999 12.38 13.31 10.17 8.52 7.90 8.54 10.46 11.45 12.26 12.96 12.02 11.58 10.21 7.33 12.08 10.94 10.44 10.74 9.76 9.41 11.67 9.60 13.29 17.18 15.31 12.29 12.06 8.78 10.00 9.69 10.11 10.46 8.06 7.08 6.91 7.10 8.51 9.67 -9999 -9999 -9999 -9999 -9999 -9999 -9999 -9999 -9999 -9999 -9999 -9999 -9999 -9999 -9999 -9999 -9999 -9999 -9999 -9999 -9999 -9999 -9999 -9999 -9999 -9999 -9999 -9999 -9999 -9999 -9999 -9999 -9999 -9999 -9999
18.02 20.38 13.84 -9999 -9999 -9999 12.21 10.74 8.49 7.69 7.74 8.17 10.40 11.14 11.06 10.29 10.80 11.19 11.24 10.01 10.33 10.18 11.93 10.97 13.89 8.90 10.23 9.68 10.24 15.09 14.54 11.69 10.35 8.55 8.29 8.69 8.93 7.37 7.00 6.45 7.36 8.17 8.24 9.06 -9999 -9999 -9999 -9999 -9999 -9999 -9999 -9999 -9999 -9999 -9999 -9999 -9999 -9999 -9999 -9999 -9999 -9999 -9999 -9999 -9999 -9999 -9999 -9999 -9999 -9999 -9999 -9999 -9999 -9999 -9999 -9999 -9999 -9999
16.33 17.96 12.52 -9999 -9999 -9999 -9999 -9999 9.93 8.37 6.77 6.49 7.20 7.80 9.69 13.48 13.81 12.21 11.04 10.25 11.80 11.08 10.99 10.01 13.00 8.74 10.35 11.31 9.81 7.04 9.29 8.38 9.71 7.59 8.97 8.20 6.61 6.43 6.37 6.60 6.16 8.69 8.77 8.55 8.89 -9999 -9999 -9999 -9999 -9999 -9999 -9999 -9999 -9999 -9999 -9999 -9999 -9999 -9999 -9999 -9999 -9999 -9999 -9999 -9999 -9999 -9999 -9999 -9999 -9999 -9999 -9999 -9999 -9999 -9999 -9999 -9999 -9999
12.10 20.74 14.43 -9999 -9999 -9999 -9999 -9999 10.86 9.74 9.40 7.40 9.39 11.93 11.33 13.91 15.14 14.11 11.30 12.74 11.46 10.33 12.40 12.85 7.95 18.31 11.11 14.51 10.27 12.98 12.42 7.61 10.04 8.11 7.31 6.42 6.92 8.54 9.22 8.18 8.41 6.01 8.23 10.48 8.51 10.29 11.23 -9999 -9999 -9999 -9999 -9999 -9999 -9999 -9999 -9999 -9999 -9999 -9999 -9999 -9999 -9999 -9999 -9999 -9999 -9999 -9999 -9999 -9999 -9999 -9999 -9999 -9999 -9999 -9999 -9999 -9999 -9999
16.42 19.74 18.83 -9999 -9999 -9999 -9999 -9999 11.05 9.16 9.02 8.11 8.90 10.96 9.15 10.73 11.45 13.84 12.35 12.01 10.61 13.30 17.38 13.91 11.93 19.81 16.84 11.23 12.04 9.77 7.53 9.29 9.92 8.17 8.56 8.30 6.33 6.87 7.28 9.84 13.41 9.56 8.08 9.39 9.83 8.94 10.19 -9999 -9999 -9999 -9999 -9999 -9999 -9999 -9999 -9999 -9999 -9999 -9999 -9999 -9999 -9999 -9999 -9999 -9999 -9999 -9999 -9999 -9999 -9999 -9999 -9999 -9999 -9999 -9999 -9999 -9999 -9999
13.93 15.87 17.62 -9999 -9999 -9999 -9999 -9999 10.48 8.89 8.55 8.63 8.68 9.08 10.05 14.23 16.19 13.17 13.93 10.63 10.58 10.58 13.49 8.48 15.36 13.71 11.05 12.41 13.50 7.92 10.76 8.69 9.68 9.34 6.68 7.99 8.21 7.55 6.94 14.56 15.31 13.33 7.90 8.95 9.82 9.08 10.37 -9999 -9999 -9999 -9999 -9999 -9999 -9999 -9999 -9999 -9999 -9999 -9999 -9999 -9999 -9999 -9999 -9999 -9999 -9999 -9999 -9999 -9999 -9999 -9999 -9999 -9999 -9999 -9999 -9999 -9999 -9999
-9999 -9999 -9999 -9999 -9999 -9999 -9999 13.73 10.49 9.68 8.65 9.27 10.22 9.22 10.96 11.81 14.45 11.88 11.51 14.61 12.54 14.01 13.41 12.74 16.32 15.23 9.33 10.70 12.12 11.06 9.78 10.34 7.50 8.89 9.45 6.74 8.12 7.54 11.19 12.71 16.44 13.66 8.09 7.97 7.67 8.99 10.35 -9999 -9999 -9999 -9999 -9999 -9999 -9999 -9999 -9999 -9999 -9999 -9999 -9999 -9999 -9999 -9999 -9999 -9999 -9999 -9999 -9999 -9999 -9999 -9999 -9999 -9999 -9999 -9999 -9999 -9999 -9999
-9999 -9999 -9999 -9999 -9999 -9999 -9999 15.11 8.47 8.68 10.71 12.50 11.78 9.99 10.28 11.02 8.30 9.29 13.78 14.70 12.85 11.83 8.87 6.59 14.91 8.66 9.49 9.31 10.28 9.95 8.61 6.53 9.92 9.34 8.89 7.73 8.03 10.47 12.14 11.33 13.35 12.96 8.43 6.76 7.49 10.06 9.22 -9999 -9999 -9999 -9999 -9999 -9999 -9999 -9999 -9999 -9999 -9999 -9999 -9999 -9999 -9999 -9999 -9999 -9999 -9999 -9999 -9999 -9999 -9999 -9999 -9999 -9999 -9999 -9999 -9999 -9999 -9999
-9999 -9999 -9999 -9999 -9999 -9999 13.20 11.77 7.02 9.34 11.29 9.50 12.36 14.81 13.75 16.29 13.63 10.44 8.38 9.01 12.88 12.00 9.55 4.81 7.98 13.30 9.14 12.03 8.94 9.04 6.23 7.00 9.29 8.27 8.53 9.99 12.01 13.83 12.74 10.72 9.52 9.21 7.96 10.64 11.71 10.01 9.58 -9999 -9999 -9999 -9999 -9999 -9999 -9999 -9999 -9999 -9999 -9999 -9999 -9999 -9999 -9999 -9999 -9999 -9999 -9999 -9999 -9999 -9999 -9999 -9999 -9999 -9999 -9999 -9999 -9999 -9999 -9999
-9999 -9999 -9999 -9999 -9999 -9999 11.24 7.36 11.31 9.71 12.08 9.31 12.77 12.81 16.14 15.16 15.25 13.09 10.53 6.86 17.16 16.62 9.79 4.44 9.07 12.15 8.14 8.76 10.88 7.09 9.89 11.46 9.19 11.25 11.65 15.65 9.98 9.37 10.43 11.27 11.36 8.52 6.88 9.01 9.17 8.56 8.90 10.45 -9999 -9999 -9999 -9999 -9999 -9999 -9999 -9999 -9999 -9999 -9999 -9999 -9999 -9999 -9999 -9999 -9999 -9999 -9999 -9999 -9999 -9999 -9999 -9999 -9999 -9999 -9999 -9999 -9999 -9999
-9999 -9999 -9999 -9999 -9999 10.53 12.53 12.11 11.25 12.50 12.67 10.66 9.00 13.92 13.32 15.26 14.69 14.29 9.28 5.19 9.64 12.04 10.76 6.17 5.95 8.43 8.03 7.94 8.53 12.72 8.54 8.10 8.61 7.89 14.44 11.91 14.23 12.13 8.35 9.49 10.34 11.27 12.20 8.42 7.73 7.43 8.17 9.44 -9999 -9999 -9999 -9999 -9999 -9999 -9999 -9999 -9999 -9999 -9999 -9999 -9999 -9999 -9999 -9999 -9999 -9999 -9999 -9999 -9999 -9999 -9999 -9999 -9999 -9999 -9999 -9999 -9999 -9999
-9999 -9999 -9999 -9999 -9999 12.60 11.54 9.83 14.67 13.80 11.60 11.31 14.89 9.30 10.67 13.85 11.94 11.95 7.42 5.10 7.95 9.65 12.08 6.01 6.11 6.20 7.22 5.54 10.46 6.16 11.51 9.23 6.86 14.91 8.46 10.38 11.56 10.49 11.37 7.98 8.35 11.66 11.03 8.67 9.11 8.36 8.02 9.45 -9999 -9999 -9999 -9999 -9999 -9999 -9999 -9999 -9999 -9999 -9999 -9999 -9999 -9999 -9999 -9999 -9999 -9999 -9999 -9999 -9999 -9999 -9999 -9999 -9999 -9999 -9999 -9999 -9999 -9999
-9999 -9999 -9999 -9999 13.50 10.57 9.20 12.17 9.71 10.13 18.41 14.07 13.54 9.16 10.77 11.66 9.85 11.71 10.67 8.13 10.07 9.50 6.56 5.14 5.81 7.86 7.99 11.23 7.97 6.37 11.53 7.19 8.56 14.95 10.00 8.57 7.46 9.64 11.14 10.11 10.78 11.05 8.99 8.45 8.19 7.42 7.70 9.17 -9999 -9999 -9999 -9999 -9999 -9999 -9999 -9999 -9999 -9999 -9999 -9999 -9999 -9999 -9999 -9999 -9999 -9999 -9999 -9999 -9999 -9999 -9999 -9999 -9999 -9999 -9999 -9999 -9999 -9999
-9999 -9999 -9999 11.05 11.73 12.07 8.88 9.38 9.43 8.36 11.97 11.47 18.46 9.10 8.33 9.61 10.26 10.82 11.39 9.36 7.27 5.92 8.93 5.76 5.13 7.43 8.21 8.32 8.05 6.29 8.64 5.34 7.78 13.33 12.24 12.56 11.18 10.27 8.70 8.37 11.05 9.86 8.94 8.66 8.28 8.14 7.33 8.41 10.01 -9999 -9999 -9999 -9999 -9999 -9999 -9999 -9999 -9999 -9999 -9999 -9999 -9999 -9999 -9999 -9999 -9999 -9999 -9999 -9999 -9999 -9999 -9999 -9999 -9999 -9999 -9999 -9999 -9999
-9999 -9999 -9999 12.86 16.11 12.05 10.95 9.31 7.71 6.31 17.11 13.95 11.66 11.26 8.17 8.11 9.35 9.16 14.33 8.92 6.73 5.82 6.08 9.32 6.05 8.81 8.07 8.87 7.89 7.37 6.81 8.54 6.51 9.89 11.15 10.43 11.85 10.12 8.48 7.83 9.29 8.50 10.02 9.02 7.56 6.53 7.59 8.45 9.59 -9999 -9999 -9999 -9999 -9999 -9999 -9999 -9999 -9999 -9999 -9999 -9999 -9999 -9999 -9999 -9999 -9999 -9999 -9999 -9999 -9999 -9999 -9999 -9999 -9999 -9999 -9999 -9999 -9999
-9999 12.83 11.65 13.74 11.93 11.09 12.19 9.75 8.86 6.74 12.39 11.57 12.34 10.92 10.19 7.39 9.74 10.34 9.24 9.48 9.09 6.02 6.16 7.83 7.41 7.32 7.94 8.39 7.35 6.68 7.74 6.89 6.62 11.11 9.99 9.59 9.98 12.24 10.34 8.91 6.32 7.64 8.47 8.16 7.59 6.72 7.22 8.01 9.37 -9999 -9999 -9999 -9999 -9999 -9999 -9999 -9999 -9999 -9999 -9999 -9999 -9999 -9999 -9999 -9999 -9999 -9999 -9999 -9999 -9999 -9999 -9999 -9999 -9999 -9999 -9999 -9999 -9999
-9999 13.74 11.68 9.13 11.96 10.34 12.05 10.05 8.73 7.12 6.83 8.62 14.38 11.23 10.21 7.88 7.58 7.71 7.14 7.98 9.18 7.27 8.35 7.21 7.60 7.29 7.28 7.14 6.89 6.45 6.55 7.50 7.10 6.58 8.09 8.82 9.26 9.95 9.68 6.02 7.02 10.02 8.97 7.41 7.66 7.27 7.60 6.92 7.99 9.30 -9999 -9999 -9999 -9999 -9999 -9999 -9999 -9999 -9999 -9999 -9999 -9999 -9999 -9999 -9999 -9999 -9999 -9999 -9999 -9999 -9999 -9999 -9999 -9999 -9999 -9999 -9999 -9999
-9999 13.82 11.83 8.11 11.20 9.00 10.19 9.39 8.78 8.27 6.39 10.51 10.54 9.85 12.13 8.69 7.64 7.42 5.82 8.58 13.52 9.37 -9999 -9999 -9999 7.76 7.41 -9999 6.69 6.76 6.83 6.16 5.82 7.60 9.58 8.20 8.36 9.77 8.87 10.20 9.54 6.84 5.64 6.05 6.68 7.43 5.09 5.89 6.57 8.57 -9999 -9999 -9999 -9999 -9999 -9999 -9999 -9999 -9999 -9999 -9999 -9999 -9999 -9999 -9999 -9999 -9999 -9999 -9999 -9999 -9999 -9999 -9999 -9999 -9999 -9999 -9999 -9999
-9999 12.27 14.21 9.81 9.38 9.99 10.86 10.32 9.40 8.40 7.39 8.21 14.39 10.81 11.49 8.28 8.02 10.02 6.81 8.31 9.66 10.18 -9999 -9999 -9999 8.04 7.09 7.14 7.21 6.61 6.12 4.92 6.68 10.43 11.29 8.78 12.29 8.84 8.56 11.51 8.29 8.88 8.89 8.69 6.14 7.37 8.73 6.80 5.96 7.82 -9999 -9999 -9999 -9999 -9999 -9999 -9999 -9999 -9999 -9999 -9999 -9999 -9999 -9999 -9999 -9999 -9999 -9999 -9999 -9999 -9999 -9999 -9999 -9999 -9999 -9999 -9999 -9999
-9999 -9999 13.32 13.08 10.66 -9999 11.86 11.75 10.33 9.38 8.53 -9999 10.75 9.20 10.07 7.72 9.44 10.46 9.22 9.76 -9999 -9999 -9999 -9999 9.40 7.48 6.73 6.76 7.48 7.47 6.28 5.50 5.75 10.69 15.69 8.02 13.49 9.42 11.39 12.61 9.61 11.24 9.10 7.10 8.81 8.95 7.24 4.71 5.74 8.43 8.61 -9999 -9999 -9999 -9999 -9999 -9999 -9999 -9999 -9999 -9999 -9999 -9999 -9999 -9999 -9999 -9999 -9999 -9999 -9999 -9999 -9999 -9999 -9999 -9999 -9999 -9999 -9999
