ML/MeanWindSpeed_2000-06_Actual.txt
ncols         180
nrows         290
xllcorner     -200000
yllcorner     -200000
cellsize      5000
NODATA_value  -9999
[rows 140 to 174 of 290, columns 79 to 157 of 180]
-9999 -9999 10.94 -9999 -9999 -9999 9.91 10.23 9.26 9.06 9.68 -9999 -9999 10.15 8.90 10.80 11.59 -9999 -9999 -9999 -9999 -9999 8.73 7.88 6.19 6.19 5.78 6.45 6.66 7.30 7.47 5.95 8.06 10.09 10.44 8.13 9.51 10.27 10.82 9.03 9.89 10.44 9.84 8.46 8.69 9.19 7.19 7.67 9.03 9.64 -9999 -9999 -9999 -9999 -9999 -9999 -9999 -9999 -9999 -9999 -9999 -9999 -9999 -9999 -9999 -9999 -9999 -9999 -9999 -9999 -9999 -9999 -9999 -9999 -9999 -9999 -9999 -9999 -9999
-9999 -9999 10.76 10.53 -9999 -9999 -9999 9.91 10.55 10.22 10.32 -9999 -9999 -9999 -9999 10.36 -9999 -9999 -9999 -9999 -9999 -9999 7.77 7.08 6.30 6.55 6.73 6.85 6.79 7.24 7.03 6.57 7.17 9.81 10.22 6.83 11.17 10.95 12.00 9.45 9.79 11.56 10.07 9.20 9.01 7.85 6.81 7.75 9.09 9.50 -9999 -9999 -9999 -9999 -9999 -9999 -9999 -9999 -9999 -9999 -9999 -9999 -9999 -9999 -9999 -9999 -9999 -9999 -9999 -9999 -9999 -9999 -9999 -9999 -9999 -9999 -9999 -9999 -9999
-9999 -9999 -9999 11.62 -9999 -9999 -9999 -9999 10.15 10.96 10.59 -9999 -9999 -9999 -9999 -9999 -9999 -9999 -9999 -9999 -9999 8.47 7.57 7.47 7.04 6.94 7.87 7.77 7.56 7.86 7.62 7.56 6.83 8.22 12.73 11.98 11.33 11.29 9.55 8.99 9.45 8.41 7.40 9.59 9.99 7.63 7.22 8.25 9.12 9.42 9.58 -9999 -9999 -9999 -9999 -9999 -9999 -9999 -9999 -9999 -9999 -9999 -9999 -9999 -9999 -9999 -9999 -9999 -9999 -9999 -9999 -9999 -9999 -9999 -9999 -9999 -9999 -9999 -9999
-9999 -9999 -9999 12.45 -9999 -9999 -9999 -9999 -9999 -9999 -9999 -9999 -9999 -9999 -9999 -9999 -9999 -9999 -9999 -9999 -9999 8.50 7.02 5.94 4.82 4.57 10.74 8.38 7.51 9.52 7.60 8.63 5.62 6.38 11.20 13.88 10.66 9.25 12.84 14.63 13.51 11.60 10.65 7.87 8.53 8.34 9.06 8.56 8.56 9.29 9.52 9.53 -9999 -9999 -9999 -9999 -9999 -9999 -9999 -9999 -9999 -9999 -9999 -9999 -9999 -9999 -9999 -9999 -9999 -9999 -9999 -9999 -9999 -9999 -9999 -9999 -9999 -9999 -9999
-9999 -9999 -9999 -9999 -9999 -9999 -9999 -9999 -9999 -9999 -9999 -9999 -9999 -9999 -9999 -9999 -9999 -9999 -9999 -9999 8.86 8.00 6.55 5.23 7.31 3.94 14.18 12.82 6.81 8.06 7.31 7.05 7.35 5.72 7.43 14.65 13.93 11.93 10.54 9.83 11.84 11.64 10.89 9.52 8.77 8.57 8.30 8.16 8.65 8.36 8.19 8.58 -9999 -9999 -9999 -9999 -9999 -9999 -9999 -9999 -9999 -9999 -9999 -9999 -9999 -9999 -9999 -9999 -9999 -9999 -9999 -9999 -9999 -9999 -9999 -9999 -9999 -9999 -9999
-9999 -9999 -9999 -9999 -9999 -9999 -9999 -9999 -9999 -9999 -9999 -9999 -9999 -9999 -9999 -9999 -9999 -9999 -9999 -9999 8.20 8.58 5.94 6.77 12.52 6.70 4.52 9.02 9.66 7.89 7.39 7.13 6.99 6.47 7.46 9.75 16.39 13.49 11.91 10.08 10.00 10.12 8.87 8.78 8.82 9.55 8.36 8.86 8.08 7.91 7.42 7.51 7.83 8.06 8.20 -9999 -9999 -9999 -9999 -9999 -9999 -9999 -9999 -9999 -9999 -9999 -9999 -9999 -9999 -9999 -9999 -9999 -9999 -9999 -9999 -9999 -9999 -9999 -9999
-9999 -9999 -9999 -9999 -9999 -9999 -9999 -9999 -9999 -9999 -9999 -9999 -9999 -9999 -9999 -9999 -9999 -9999 -9999 -9999 8.28 8.00 7.34 9.65 5.99 5.61 7.04 11.01 8.30 6.96 9.74 5.60 7.76 7.16 7.80 8.17 10.67 11.79 11.09 10.26 9.77 8.14 8.35 8.07 7.87 7.83 8.12 7.94 7.95 7.21 6.85 6.80 8.99 7.54 8.43 9.15 9.03 -9999 -9999 -9999 -9999 -9999 -9999 -9999 -9999 -9999 -9999 -9999 -9999 -9999 -9999 -9999 -9999 -9999 -9999 -9999 -9999 -9999 -9999
-9999 -9999 -9999 -9999 -9999 -9999 -9999 -9999 -9999 -9999 -9999 -9999 -9999 -9999 -9999 -9999 -9999 -9999 -9999 -9999 8.36 8.15 9.01 13.12 13.69 9.38 6.36 8.32 9.31 11.16 7.11 9.74 8.21 7.51 8.31 8.41 7.12 7.45 10.87 10.21 9.48 8.94 8.27 7.97 8.16 8.22 7.79 7.87 7.53 6.86 6.85 6.57 7.04 9.03 8.64 8.75 9.83 9.80 8.24 -9999 -9999 -9999 -9999 -9999 -9999 -9999 -9999 -9999 -9999 -9999 -9999 -9999 -9999 -9999 -9999 -9999 -9999 -9999 -9999
-9999 -9999 -9999 -9999 -9999 -9999 -9999 -9999 -9999 -9999 -9999 -9999 -9999 -9999 -9999 -9999 -9999 -9999 -9999 -9999 8.78 8.02 10.10 11.20 7.36 16.49 13.56 8.29 10.31 8.29 11.39 11.78 8.48 6.96 7.71 8.03 6.37 12.45 11.35 11.09 11.50 11.76 11.04 8.39 9.35 8.42 8.08 7.95 7.64 7.24 6.57 5.76 6.30 8.34 7.49 7.13 7.81 8.96 7.60 9.85 -9999 -9999 -9999 -9999 -9999 -9999 -9999 -9999 -9999 -9999 -9999 -9999 -9999 -9999 -9999 -9999 -9999 -9999 -9999
-9999 -9999 -9999 -9999 -9999 -9999 -9999 -9999 9.36 9.60 10.39 -9999 -9999 -9999 -9999 -9999 -9999 -9999 -9999 -9999 -9999 9.30 8.79 7.66 9.19 10.95 13.26 8.24 6.09 10.28 9.85 8.85 7.53 8.96 8.97 7.51 7.88 10.39 10.76 13.74 12.71 10.82 10.34 10.79 9.53 8.57 8.24 7.92 7.79 7.02 6.18 9.42 8.65 11.24 11.63 10.63 9.62 7.40 9.63 9.94 9.09 -9999 -9999 -9999 -9999 -9999 -9999 -9999 -9999 -9999 -9999 -9999 -9999 -9999 -9999 -9999 -9999 -9999 -9999
-9999 -9999 -9999 -9999 -9999 -9999 -9999 -9999 7.90 8.24 -9999 -9999 -9999 -9999 -9999 -9999 -9999 -9999 -9999 -9999 -9999 -9999 8.82 6.69 10.13 10.80 16.61 9.54 9.52 9.03 7.42 6.61 6.60 6.26 12.62 7.49 8.24 12.47 10.74 8.55 8.14 11.81 8.59 10.88 9.30 8.37 7.96 7.85 7.40 7.56 9.06 9.68 9.14 8.94 8.55 9.44 10.14 9.59 9.72 9.44 11.03 -9999 -9999 -9999 -9999 -9999 -9999 -9999 -9999 -9999 -9999 -9999 -9999 -9999 -9999 -9999 -9999 -9999 -9999
-9999 -9999 -9999 -9999 -9999 -9999 -9999 8.06 10.33 10.39 10.08 -9999 -9999 -9999 -9999 -9999 -9999 -9999 -9999 -9999 -9999 -9999 8.92 10.31 11.19 11.56 9.36 10.18 8.26 7.94 7.24 6.59 7.89 6.57 5.05 12.16 8.86 8.29 11.24 9.76 12.07 9.71 9.94 8.81 8.68 8.34 8.33 7.74 7.27 8.15 9.09 8.21 9.02 10.01 9.65 9.99 9.64 9.75 9.96 8.74 10.94 9.74 -9999 -9999 -9999 -9999 -9999 -9999 -9999 -9999 -9999 -9999 -9999 -9999 -9999 -9999 -9999 -9999 -9999
-9999 -9999 -9999 -9999 -9999 -9999 7.28 10.90 12.50 15.21 10.10 -9999 -9999 -9999 -9999 -9999 -9999 -9999 -9999 -9999 -9999 -9999 9.76 13.52 11.44 7.99 9.07 8.39 8.63 7.10 6.46 7.02 7.96 6.07 10.78 8.19 11.06 8.66 12.40 7.96 9.04 7.40 9.30 8.10 8.48 8.73 7.91 7.84 7.21 7.27 9.87 10.15 9.69 8.84 9.01 8.72 8.69 8.90 10.22 10.08 9.53 9.87 -9999 -9999 -9999 -9999 -9999 -9999 -9999 -9999 -9999 -9999 -9999 -9999 -9999 -9999 -9999 -9999 -9999
-9999 -9999 -9999 -9999 -9999 8.64 8.13 14.13 12.00 11.57 -9999 -9999 -9999 -9999 -9999 -9999 -9999 -9999 -9999 -9999 -9999 -9999 -9999 10.13 8.68 7.97 9.76 7.65 9.18 7.50 6.85 6.57 7.23 6.06 10.93 10.60 11.58 10.88 11.52 11.62 11.51 10.08 9.70 9.94 9.42 7.99 7.87 7.76 7.28 7.19 7.92 11.53 10.33 8.17 7.68 7.70 7.48 7.54 7.51 7.60 7.35 8.00 9.19 9.72 -9999 -9999 -9999 -9999 -9999 -9999 -9999 -9999 -9999 -9999 -9999 -9999 -9999 -9999 -9999
-9999 -9999 -9999 -9999 -9999 10.91 12.35 9.66 10.21 10.47 -9999 -9999 -9999 -9999 -9999 -9999 -9999 -9999 -9999 -9999 -9999 -9999 -9999 -9999 8.94 9.23 8.67 7.81 8.68 7.96 7.70 7.19 7.69 5.91 10.88 10.16 9.52 11.22 9.90 9.37 12.96 12.60 9.44 10.89 9.84 9.31 7.81 7.50 7.49 7.29 7.49 8.30 8.53 7.85 7.67 7.49 7.41 7.06 6.92 6.98 7.11 9.50 9.73 9.47 -9999 -9999 -9999 -9999 -9999 -9999 -9999 -9999 -9999 -9999 -9999 -9999 -9999 -9999 -9999
-9999 -9999 -9999 -9999 -9999 11.59 10.57 11.08 10.30 -9999 -9999 -9999 -9999 -9999 -9999 -9999 -9999 -9999 -9999 -9999 -9999 -9999 -9999 -9999 9.42 9.55 9.18 -9999 8.73 -9999 7.94 6.95 6.15 5.25 5.74 10.25 9.80 10.21 12.93 7.40 8.31 12.87 11.01 10.28 10.09 9.00 7.85 7.43 7.23 7.02 7.29 7.64 8.34 9.05 8.00 8.34 7.29 6.46 7.34 8.46 8.18 7.85 8.00 9.43 10.85 11.26 -9999 -9999 -9999 -9999 -9999 -9999 -9999 -9999 -9999 -9999 -9999 -9999 -9999
-9999 -9999 -9999 -9999 11.08 10.45 10.25 -9999 -9999 -9999 -9999 -9999 -9999 -9999 -9999 -9999 -9999 -9999 -9999 -9999 -9999 -9999 -9999 -9999 10.00 9.41 8.84 -9999 -9999 -9999 7.83 8.04 5.21 5.80 7.23 6.65 6.80 8.60 12.18 12.00 7.60 11.10 12.32 9.66 10.66 9.57 8.48 6.95 7.07 6.96 7.16 7.43 7.74 7.98 7.85 8.04 6.80 6.98 7.98 8.91 9.35 9.31 8.68 8.60 9.45 10.39 -9999 -9999 -9999 -9999 -9999 -9999 -9999 -9999 -9999 -9999 -9999 -9999 -9999
-9999 -9999 -9999 -9999 -9999 -9999 -9999 -9999 -9999 -9999 -9999 -9999 -9999 -9999 -9999 -9999 -9999 -9999 -9999 -9999 -9999 -9999 -9999 -9999 -9999 -9999 -9999 -9999 -9999 8.49 7.10 6.74 7.75 8.45 9.34 9.53 8.39 9.04 11.52 11.14 9.40 7.77 10.37 11.24 9.79 8.82 8.00 7.41 7.31 7.52 7.23 7.25 7.43 7.47 7.34 6.89 7.56 9.57 8.29 9.01 8.54 8.68 8.00 8.53 9.31 -9999 -9999 -9999 -9999 -9999 -9999 -9999 -9999 -9999 -9999 -9999 -9999 -9999 -9999
-9999 -9999 -9999 -9999 -9999 -9999 -9999 -9999 -9999 -9999 -9999 -9999 -9999 -9999 -9999 -9999 -9999 -9999 -9999 -9999 -9999 -9999 -9999 -9999 -9999 -9999 -9999 -9999 -9999 8.04 7.00 7.86 9.58 11.89 11.09 8.63 9.70 7.70 8.32 7.70 9.03 9.59 10.23 10.27 9.96 8.82 8.34 7.95 7.37 7.60 7.22 7.25 7.36 7.45 7.34 6.85 7.34 10.47 9.72 8.27 8.05 7.92 7.79 8.40 9.43 -9999 -9999 -9999 -9999 -9999 -9999 -9999 -9999 -9999 -9999 -9999 -9999 -9999 -9999
-9999 -9999 -9999 -9999 -9999 -9999 -9999 -9999 -9999 -9999 -9999 -9999 -9999 -9999 -9999 -9999 -9999 -9999 -9999 -9999 -9999 -9999 -9999 -9999 -9999 -9999 -9999 -9999 -9999 7.56 6.63 7.00 9.42 10.41 10.11 9.38 8.67 7.80 8.50 7.40 7.18 8.04 6.89 10.21 9.00 9.70 8.56 8.23 7.27 7.18 7.35 7.35 7.42 7.39 7.35 7.14 7.10 8.86 9.37 8.39 7.84 7.83 7.69 8.25 9.18 -9999 -9999 -9999 -9999 -9999 -9999 -9999 -9999 -9999 -9999 -9999 -9999 -9999 -9999
-9999 -9999 -9999 -9999 -9999 -9999 -9999 -9999 -9999 -9999 -9999 -9999 -9999 -9999 -9999 -9999 -9999 -9999 -9999 -9999 -9999 -9999 -9999 -9999 -9999 -9999 -9999 9.38 8.34 7.12 6.49 8.85 10.44 12.79 10.02 11.18 6.95 7.72 7.65 8.16 8.59 8.54 10.28 7.66 7.81 7.73 7.65 7.23 7.87 7.21 7.26 7.58 7.37 7.36 7.44 7.25 7.26 7.65 8.98 8.20 7.54 7.55 7.60 7.95 8.81 9.68 -9999 -9999 -9999 -9999 -9999 -9999 -9999 -9999 -9999 -9999 -9999 -9999 -9999
-9999 -9999 -9999 -9999 -9999 -9999 -9999 -9999 -9999 -9999 -9999 -9999 -9999 -9999 -9999 -9999 -9999 -9999 -9999 -9999 -9999 -9999 -9999 -9999 -9999 -9999 -9999 8.94 7.83 7.10 6.77 7.37 10.00 8.24 7.91 6.57 7.73 10.01 7.83 8.70 8.24 9.31 6.68 10.00 8.33 9.29 9.04 8.98 7.92 7.54 7.33 7.29 7.29 7.37 7.39 7.37 7.25 7.31 7.79 8.48 7.78 7.49 7.62 7.74 8.41 9.38 -9999 -9999 -9999 -9999 -9999 -9999 -9999 -9999 -9999 -9999 -9999 -9999 -9999
-9999 -9999 -9999 -9999 -9999 -9999 -9999 -9999 -9999 -9999 -9999 -9999 -9999 -9999 -9999 -9999 -9999 -9999 -9999 -9999 -9999 -9999 -9999 -9999 -9999 -9999 -9999 8.99 7.80 7.38 7.10 7.51 8.21 8.24 7.25 6.42 7.43 7.66 7.09 8.49 10.40 8.46 8.13 7.17 8.63 7.27 7.77 8.34 8.62 7.84 7.61 7.28 7.25 7.36 7.41 7.40 7.33 7.24 7.50 8.36 8.75 7.88 7.58 7.71 8.09 8.74 9.58 -9999 -9999 -9999 -9999 -9999 -9999 -9999 -9999 -9999 -9999 -9999 -9999
-9999 -9999 -9999 -9999 -9999 -9999 -9999 -9999 -9999 -9999 -9999 -9999 -9999 -9999 -9999 -9999 -9999 -9999 -9999 -9999 -9999 -9999 -9999 -9999 -9999 -9999 -9999 8.77 7.92 7.61 7.58 7.48 7.36 6.92 7.26 7.95 6.25 6.39 7.05 10.71 10.74 11.45 10.39 8.82 8.54 8.86 7.68 7.24 8.12 8.36 7.52 7.24 7.30 7.25 7.37 7.45 7.49 7.33 7.36 8.65 9.46 8.39 8.00 8.05 7.96 8.18 9.01 9.78 -9999 -9999 -9999 -9999 -9999 -9999 -9999 -9999 -9999 -9999 -9999
-9999 -9999 -9999 -9999 -9999 -9999 -9999 -9999 -9999 -9999 -9999 -9999 -9999 -9999 -9999 -9999 -9999 -9999 -9999 -9999 -9999 -9999 -9999 -9999 -9999 -9999 -9999 8.75 7.75 7.49 7.34 7.08 6.68 6.81 6.27 7.29 8.01 9.39 10.44 11.38 9.05 10.30 9.21 9.16 7.99 8.91 8.42 7.84 7.31 7.14 7.27 7.16 7.29 7.36 7.46 7.52 7.64 7.66 7.65 8.02 8.82 8.42 8.09 8.23 8.31 8.22 8.35 9.27 -9999 -9999 -9999 -9999 -9999 -9999 -9999 -9999 -9999 -9999 -9999
-9999 -9999 -9999 -9999 -9999 -9999 -9999 -9999 -9999 -9999 -9999 -9999 -9999 -9999 -9999 -9999 -9999 -9999 -9999 -9999 -9999 -9999 -9999 -9999 -9999 -9999 -9999 -9999 7.73 7.48 7.14 6.62 6.96 8.25 8.28 9.09 8.39 8.25 9.98 9.82 10.47 9.57 8.05 6.97 7.38 7.19 8.20 7.58 7.37 7.79 7.55 7.12 7.40 7.36 7.48 7.49 7.60 7.76 7.84 8.05 8.07 8.12 8.17 8.39 -9999 8.50 8.75 9.33 10.33 -9999 -9999 -9999 -9999 -9999 -9999 -9999 -9999 -9999 -9999
-9999 -9999 -9999 -9999 -9999 -9999 -9999 -9999 -9999 -9999 -9999 -9999 -9999 -9999 -9999 -9999 -9999 -9999 -9999 -9999 -9999 -9999 -9999 -9999 -9999 -9999 -9999 8.57 7.61 7.27 6.72 6.34 6.64 9.81 10.35 9.01 11.29 10.99 9.52 9.01 11.74 9.81 9.79 7.89 6.47 8.05 7.20 6.83 7.42 7.56 7.21 7.37 7.28 7.32 7.40 7.53 7.47 7.54 8.62 8.03 7.70 8.70 8.09 8.07 8.22 -9999 9.09 9.61 10.41 11.02 -9999 -9999 -9999 -9999 -9999 -9999 -9999 -9999 -9999
-9999 -9999 -9999 -9999 -9999 -9999 -9999 -9999 -9999 -9999 -9999 -9999 -9999 -9999 -9999 -9999 -9999 -9999 -9999 -9999 -9999 -9999 -9999 -9999 -9999 -9999 -9999 8.38 7.46 7.15 6.70 7.83 7.36 8.54 10.99 8.74 9.12 9.44 8.00 7.69 10.18 9.09 8.65 6.25 7.76 8.68 7.15 8.04 7.54 8.04 7.80 7.45 7.22 7.26 7.32 7.37 7.30 7.25 7.44 7.78 7.17 7.51 7.97 7.42 7.94 8.39 -9999 -9999 -9999 -9999 -9999 -9999 -9999 -9999 -9999 -9999 -9999 -9999 -9999
-9999 -9999 -9999 -9999 -9999 -9999 -9999 -9999 -9999 -9999 -9999 -9999 -9999 -9999 -9999 -9999 -9999 -9999 -9999 -9999 -9999 -9999 -9999 -9999 -9999 -9999 9.29 7.88 7.28 7.79 7.46 7.65 7.57 8.75 9.21 8.82 8.62 8.33 8.05 8.07 9.87 11.22 10.66 6.99 8.96 8.70 7.16 7.59 7.05 7.66 7.83 7.29 7.07 7.33 7.33 7.31 7.37 7.21 7.35 7.42 7.35 7.32 8.32 7.67 7.58 7.81 8.67 9.60 -9999 -9999 -9999 -9999 -9999 -9999 -9999 -9999 -9999 -9999 -9999
-9999 -9999 -9999 -9999 -9999 -9999 -9999 -9999 -9999 -9999 -9999 -9999 -9999 -9999 -9999 -9999 -9999 -9999 -9999 -9999 -9999 -9999 -9999 -9999 -9999 -9999 -9999 7.92 7.21 7.25 7.61 9.17 7.83 7.94 8.13 8.48 8.69 8.26 7.94 7.65 7.63 10.13 10.29 10.71 8.80 9.14 8.61 8.01 8.46 6.94 6.91 7.52 7.06 7.21 7.19 7.17 7.32 7.19 7.25 7.47 7.22 7.02 7.15 8.75 7.80 7.51 7.81 8.56 9.42 10.27 -9999 -9999 -9999 -9999 -9999 -9999 -9999 -9999 -9999
-9999 -9999 -9999 -9999 -9999 -9999 -9999 -9999 -9999 -9999 -9999 -9999 -9999 -9999 -9999 -9999 -9999 -9999 -9999 -9999 -9999 -9999 -9999 -9999 -9999 -9999 -9999 7.79 7.46 7.27 7.53 7.87 8.09 8.02 7.81 7.99 7.76 7.57 7.57 7.54 7.81 7.05 10.08 11.84 12.35 10.31 9.08 8.80 7.82 7.98 7.15 7.89 7.20 7.30 7.17 7.13 7.16 7.17 7.40 7.43 7.20 6.90 7.30 8.82 8.19 8.22 7.46 7.70 8.49 9.44 -9999 -9999 -9999 -9999 -9999 -9999 -9999 -9999 -9999
-9999 -9999 -9999 -9999 -9999 -9999 -9999 11.89 11.25 11.50 12.21 -9999 -9999 -9999 -9999 -9999 -9999 -9999 -9999 -9999 -9999 -9999 -9999 -9999 -9999 -9999 7.91 7.27 7.74 7.42 8.22 7.99 7.61 7.58 7.76 7.74 7.76 7.58 7.51 7.26 6.94 9.18 10.85 10.81 9.23 11.26 10.26 7.94 7.97 6.56 8.55 8.41 7.39 7.35 7.20 7.10 7.13 7.18 7.32 7.59 7.36 6.92 7.04 7.49 8.78 8.50 8.76 7.53 7.64 8.65 9.69 -9999 -9999 -9999 -9999 -9999 -9999 -9999 -9999
-9999 -9999 -9999 -9999 -9999 -9999 -9999 11.58 10.97 10.79 11.00 -9999 -9999 -9999 -9999 -9999 -9999 -9999 -9999 -9999 -9999 -9999 -9999 -9999 -9999 7.88 7.76 7.22 7.53 8.38 7.60 7.68 7.25 7.43 7.75 7.69 7.83 7.83 7.20 6.65 6.25 7.53 12.09 12.19 9.11 10.31 9.65 9.36 7.27 6.62 7.84 8.24 7.61 6.98 6.97 7.04 7.36 7.29 7.25 7.38 7.58 7.15 7.20 7.36 8.68 8.61 8.42 7.62 7.65 8.06 9.20 -9999 -9999 -9999 -9999 -9999 -9999 -9999 -9999
-9999 -9999 -9999 -9999 -9999 13.65 11.45 10.44 10.72 10.53 11.08 10.57 11.20 11.42 -9999 -9999 10.53 8.62 -9999 -9999 -9999 7.28 8.22 7.47 -9999 6.29 7.96 7.39 7.08 7.54 7.24 7.48 7.71 8.44 8.31 8.36 7.67 7.86 7.21 6.88 8.93 6.72 8.79 10.99 7.26 8.70 11.99 7.73 9.11 7.42 7.74 7.86 7.42 7.17 7.15 7.12 7.35 7.09 7.23 7.20 7.70 7.14 7.15 7.38 7.83 8.36 8.96 8.52 7.75 7.69 8.69 9.88 -9999 -9999 -9999 -9999 -9999 -9999 -9999
-9999 -9999 -9999 -9999 -9999 -9999 11.78 10.84 10.47 10.19 10.25 10.79 11.50 8.96 -9999 7.44 9.01 9.13 7.43 7.89 5.53 5.30 8.78 8.43 7.13 -9999 6.16 7.43 7.39 6.89 6.95 7.55 7.26 7.57 7.81 7.80 7.93 7.63 7.70 7.14 9.21 9.40 9.41 9.82 9.19 10.86 10.69 8.94 7.41 6.99 8.18 8.17 7.11 7.45 7.07 7.39 7.51 7.14 7.14 7.11 7.72 7.19 7.20 7.39 7.45 8.11 8.60 9.05 8.42 7.91 8.34 9.47 -9999 -9999 -9999 -9999 -9999 -9999 -9999
