ML/MeanWindSpeed_1991-07_Actual.txt
ncols         180
nrows         290
xllcorner     -200000
yllcorner     -200000
cellsize      5000
NODATA_value  -9999
[rows 140 to 174 of 290, columns 79 to 157 of 180]
-9999 -9999 11.19 -9999 -9999 -9999 10.08 10.49 9.92 10.13 10.73 -9999 -9999 11.24 10.17 12.05 12.77 -9999 -9999 -9999 -9999 -9999 9.62 8.95 7.46 7.70 7.89 8.49 8.18 8.45 7.91 5.66 7.01 9.58 11.13 8.90 10.25 10.83 10.89 8.97 9.20 9.07 7.71 5.79 5.57 5.52 3.49 4.33 6.26 7.48 -9999 -9999 -9999 -9999 -9999 -9999 -9999 -9999 -9999 -9999 -9999 -9999 -9999 -9999 -9999 -9999 -9999 -9999 -9999 -9999 -9999 -9999 -9999 -9999 -9999 -9999 -9999 -9999 -9999
-9999 -9999 11.03 11.05 -9999 -9999 -9999 10.13 10.92 10.94 11.30 -9999 -9999 -9999 -9999 11.76 -9999 -9999 -9999 -9999 -9999 -9999 8.68 8.04 7.35 8.03 9.34 9.51 8.64 8.57 7.69 6.19 5.67 8.15 9.95 7.73 11.57 11.04 11.76 9.34 9.29 10.00 7.68 6.06 5.34 4.09 3.25 4.22 6.01 7.40 -9999 -9999 -9999 -9999 -9999 -9999 -9999 -9999 -9999 -9999 -9999 -9999 -9999 -9999 -9999 -9999 -9999 -9999 -9999 -9999 -9999 -9999 -9999 -9999 -9999 -9999 -9999 -9999 -9999
-9999 -9999 -9999 11.90 -9999 -9999 -9999 -9999 10.49 11.45 11.42 -9999 -9999 -9999 -9999 -9999 -9999 -9999 -9999 -9999 -9999 9.22 8.40 8.34 8.21 8.35 9.84 9.82 9.21 9.07 8.32 7.35 5.32 5.99 10.89 11.77 11.57 11.10 9.10 8.27 8.48 7.07 5.28 6.54 6.33 3.95 3.57 4.53 5.93 7.44 8.28 -9999 -9999 -9999 -9999 -9999 -9999 -9999 -9999 -9999 -9999 -9999 -9999 -9999 -9999 -9999 -9999 -9999 -9999 -9999 -9999 -9999 -9999 -9999 -9999 -9999 -9999 -9999 -9999
-9999 -9999 -9999 12.65 -9999 -9999 -9999 -9999 -9999 -9999 -9999 -9999 -9999 -9999 -9999 -9999 -9999 -9999 -9999 -9999 -9999 9.39 8.24 7.33 6.48 5.76 11.24 10.02 9.44 10.63 8.66 9.00 5.02 4.37 8.77 12.44 10.35 8.98 11.83 13.03 11.75 9.71 8.29 4.98 5.15 4.84 5.44 5.08 5.83 7.54 8.29 8.46 -9999 -9999 -9999 -9999 -9999 -9999 -9999 -9999 -9999 -9999 -9999 -9999 -9999 -9999 -9999 -9999 -9999 -9999 -9999 -9999 -9999 -9999 -9999 -9999 -9999 -9999 -9999
-9999 -9999 -9999 -9999 -9999 -9999 -9999 -9999 -9999 -9999 -9999 -9999 -9999 -9999 -9999 -9999 -9999 -9999 -9999 -9999 9.32 8.76 7.69 6.83 9.00 5.49 14.57 14.40 9.04 9.62 9.08 8.17 7.70 4.56 4.98 11.74 11.68 10.41 9.42 8.69 10.37 9.76 8.62 6.75 5.67 5.41 5.20 5.35 6.44 6.79 7.05 7.74 -9999 -9999 -9999 -9999 -9999 -9999 -9999 -9999 -9999 -9999 -9999 -9999 -9999 -9999 -9999 -9999 -9999 -9999 -9999 -9999 -9999 -9999 -9999 -9999 -9999 -9999 -9999
-9999 -9999 -9999 -9999 -9999 -9999 -9999 -9999 -9999 -9999 -9999 -9999 -9999 -9999 -9999 -9999 -9999 -9999 -9999 -9999 8.35 8.85 6.88 8.80 14.47 8.54 5.88 10.41 11.33 9.84 9.87 9.14 8.36 6.38 5.10 5.93 12.43 11.13 10.72 9.07 8.86 8.82 7.28 6.79 6.59 7.00 5.84 6.60 6.31 6.52 6.40 6.79 7.51 8.21 8.49 -9999 -9999 -9999 -9999 -9999 -9999 -9999 -9999 -9999 -9999 -9999 -9999 -9999 -9999 -9999 -9999 -9999 -9999 -9999 -9999 -9999 -9999 -9999 -9999
-9999 -9999 -9999 -9999 -9999 -9999 -9999 -9999 -9999 -9999 -9999 -9999 -9999 -9999 -9999 -9999 -9999 -9999 -9999 -9999 8.09 7.79 7.57 10.62 7.91 7.48 8.35 11.26 9.04 8.77 11.89 8.21 9.71 8.01 6.57 5.51 7.74 10.03 10.36 9.95 9.48 7.84 7.73 7.08 6.52 6.17 6.33 6.33 6.57 6.10 5.93 6.05 8.50 7.73 8.76 9.69 9.81 -9999 -9999 -9999 -9999 -9999 -9999 -9999 -9999 -9999 -9999 -9999 -9999 -9999 -9999 -9999 -9999 -9999 -9999 -9999 -9999 -9999 -9999
-9999 -9999 -9999 -9999 -9999 -9999 -9999 -9999 -9999 -9999 -9999 -9999 -9999 -9999 -9999 -9999 -9999 -9999 -9999 -9999 7.97 7.22 8.00 12.19 13.28 10.38 7.68 7.95 8.55 11.34 8.34 11.14 9.77 9.05 8.68 7.32 5.59 6.48 10.07 10.10 9.55 8.82 8.06 7.61 7.39 7.09 6.63 6.76 6.54 6.08 6.34 6.32 7.13 9.39 9.24 9.70 10.89 10.97 9.77 -9999 -9999 -9999 -9999 -9999 -9999 -9999 -9999 -9999 -9999 -9999 -9999 -9999 -9999 -9999 -9999 -9999 -9999 -9999 -9999
-9999 -9999 -9999 -9999 -9999 -9999 -9999 -9999 -9999 -9999 -9999 -9999 -9999 -9999 -9999 -9999 -9999 -9999 -9999 -9999 8.49 7.18 8.60 9.85 6.93 16.40 13.80 7.53 9.07 7.82 11.20 12.03 9.34 8.32 8.54 8.02 6.07 11.63 10.67 10.53 11.21 11.52 10.82 8.25 8.97 7.77 7.32 7.15 6.95 6.79 6.61 5.99 6.56 8.62 8.11 8.20 9.02 10.24 9.33 11.29 -9999 -9999 -9999 -9999 -9999 -9999 -9999 -9999 -9999 -9999 -9999 -9999 -9999 -9999 -9999 -9999 -9999 -9999 -9999
-9999 -9999 -9999 -9999 -9999 -9999 -9999 -9999 10.42 10.64 10.75 -9999 -9999 -9999 -9999 -9999 -9999 -9999 -9999 -9999 -9999 8.78 7.64 6.72 8.56 10.29 12.68 7.59 5.46 9.33 8.99 8.60 7.79 9.05 8.85 7.53 8.11 9.80 9.91 12.79 12.00 10.42 10.03 10.51 9.25 8.17 7.71 7.33 7.15 6.52 6.19 9.22 8.32 10.72 11.34 10.74 10.01 8.29 10.82 11.19 10.21 -9999 -9999 -9999 -9999 -9999 -9999 -9999 -9999 -9999 -9999 -9999 -9999 -9999 -9999 -9999 -9999 -9999 -9999
-9999 -9999 -9999 -9999 -9999 -9999 -9999 -9999 9.99 9.88 -9999 -9999 -9999 -9999 -9999 -9999 -9999 -9999 -9999 -9999 -9999 -9999 7.88 6.17 9.05 9.31 15.23 9.12 9.13 8.39 6.62 5.97 6.46 6.27 12.14 7.43 8.27 11.82 9.72 7.74 7.39 10.85 8.16 10.47 9.05 8.11 7.60 7.31 6.63 6.72 8.53 9.28 8.50 8.11 7.92 9.06 9.98 9.80 10.37 10.38 11.84 -9999 -9999 -9999 -9999 -9999 -9999 -9999 -9999 -9999 -9999 -9999 -9999 -9999 -9999 -9999 -9999 -9999 -9999
-9999 -9999 -9999 -9999 -9999 -9999 -9999 9.19 11.60 11.23 10.36 -9999 -9999 -9999 -9999 -9999 -9999 -9999 -9999 -9999 -9999 -9999 8.26 9.78 10.10 10.30 8.73 9.82 8.42 7.80 6.70 6.25 7.64 6.34 5.46 12.09 8.74 8.04 10.91 9.48 11.83 9.74 10.20 9.14 8.79 8.34 8.09 7.28 6.46 7.06 8.10 7.54 8.18 8.78 8.54 9.09 9.08 9.48 9.87 8.96 11.19 10.28 -9999 -9999 -9999 -9999 -9999 -9999 -9999 -9999 -9999 -9999 -9999 -9999 -9999 -9999 -9999 -9999 -9999
-9999 -9999 -9999 -9999 -9999 -9999 8.12 11.15 12.61 15.09 10.35 -9999 -9999 -9999 -9999 -9999 -9999 -9999 -9999 -9999 -9999 -9999 9.39 12.66 10.30 7.30 8.47 7.96 8.60 7.07 6.25 6.91 7.52 5.43 10.14 8.14 10.50 8.35 12.15 8.15 9.37 8.15 9.89 8.78 8.96 8.91 7.86 7.51 6.45 6.10 8.38 8.84 8.73 7.88 8.09 7.95 8.05 8.43 9.82 10.01 9.78 10.42 -9999 -9999 -9999 -9999 -9999 -9999 -9999 -9999 -9999 -9999 -9999 -9999 -9999 -9999 -9999 -9999 -9999
-9999 -9999 -9999 -9999 -9999 9.33 8.74 13.83 11.63 11.19 -9999 -9999 -9999 -9999 -9999 -9999 -9999 -9999 -9999 -9999 -9999 -9999 -9999 9.43 7.75 7.61 9.21 7.34 8.95 7.39 6.79 6.52 6.49 5.17 9.87 9.83 10.64 10.38 11.35 11.26 11.32 10.67 10.34 10.45 10.06 8.38 7.91 7.44 6.52 6.01 6.45 10.02 9.34 7.51 7.24 7.45 7.28 7.45 7.71 7.99 7.84 8.56 9.59 9.96 -9999 -9999 -9999 -9999 -9999 -9999 -9999 -9999 -9999 -9999 -9999 -9999 -9999 -9999 -9999
-9999 -9999 -9999 -9999 -9999 11.16 12.25 9.33 9.58 10.04 -9999 -9999 -9999 -9999 -9999 -9999 -9999 -9999 -9999 -9999 -9999 -9999 -9999 -9999 8.36 9.01 8.36 7.65 8.49 7.83 7.75 7.30 7.37 5.40 9.97 9.14 8.22 10.31 9.78 9.05 12.36 12.54 10.01 11.24 10.26 9.65 7.91 7.24 6.84 6.37 6.27 7.05 7.58 7.20 7.36 7.43 7.47 7.31 7.29 7.27 7.40 9.56 9.68 9.36 -9999 -9999 -9999 -9999 -9999 -9999 -9999 -9999 -9999 -9999 -9999 -9999 -9999 -9999 -9999
-9999 -9999 -9999 -9999 -9999 11.71 10.54 10.84 10.06 -9999 -9999 -9999 -9999 -9999 -9999 -9999 -9999 -9999 -9999 -9999 -9999 -9999 -9999 -9999 9.33 9.35 8.87 -9999 8.65 -9999 8.16 7.54 7.08 5.97 5.88 9.56 8.55 9.12 11.89 6.51 7.50 11.98 10.67 10.39 10.19 9.13 7.94 7.44 7.24 6.78 6.55 6.61 7.35 8.29 7.62 8.10 7.39 6.96 7.72 8.52 8.18 7.60 7.56 8.90 10.25 10.63 -9999 -9999 -9999 -9999 -9999 -9999 -9999 -9999 -9999 -9999 -9999 -9999 -9999
-9999 -9999 -9999 -9999 11.60 10.62 10.27 -9999 -9999 -9999 -9999 -9999 -9999 -9999 -9999 -9999 -9999 -9999 -9999 -9999 -9999 -9999 -9999 -9999 10.14 9.36 8.73 -9999 -9999 -9999 7.95 8.55 6.50 7.22 7.93 6.43 6.00 7.41 10.67 10.38 6.59 10.09 11.53 9.62 10.50 9.61 8.62 7.13 7.15 6.90 6.80 6.76 6.92 7.28 7.34 7.56 6.67 7.36 8.21 8.63 8.74 8.48 7.83 7.86 8.79 9.76 -9999 -9999 -9999 -9999 -9999 -9999 -9999 -9999 -9999 -9999 -9999 -9999 -9999
-9999 -9999 -9999 -9999 -9999 -9999 -9999 -9999 -9999 -9999 -9999 -9999 -9999 -9999 -9999 -9999 -9999 -9999 -9999 -9999 -9999 -9999 -9999 -9999 -9999 -9999 -9999 -9999 -9999 8.40 6.87 6.85 8.44 9.31 9.67 9.20 7.67 7.89 9.99 9.78 8.19 6.71 9.53 10.78 9.56 8.96 8.29 7.59 7.32 7.39 7.00 6.82 6.83 6.82 6.69 6.17 7.00 9.27 8.11 8.45 7.73 7.71 7.14 7.73 8.56 -9999 -9999 -9999 -9999 -9999 -9999 -9999 -9999 -9999 -9999 -9999 -9999 -9999 -9999
-9999 -9999 -9999 -9999 -9999 -9999 -9999 -9999 -9999 -9999 -9999 -9999 -9999 -9999 -9999 -9999 -9999 -9999 -9999 -9999 -9999 -9999 -9999 -9999 -9999 -9999 -9999 -9999 -9999 7.89 6.58 7.64 10.01 12.02 10.90 8.57 9.28 7.24 7.42 7.03 8.32 8.59 9.42 9.82 9.50 8.63 8.27 7.95 7.38 7.45 6.98 6.89 6.89 6.90 6.67 6.02 6.52 9.59 9.03 7.63 7.21 6.98 6.92 7.64 8.75 -9999 -9999 -9999 -9999 -9999 -9999 -9999 -9999 -9999 -9999 -9999 -9999 -9999 -9999
-9999 -9999 -9999 -9999 -9999 -9999 -9999 -9999 -9999 -9999 -9999 -9999 -9999 -9999 -9999 -9999 -9999 -9999 -9999 -9999 -9999 -9999 -9999 -9999 -9999 -9999 -9999 -9999 -9999 7.44 6.18 6.47 8.87 9.86 9.44 8.70 8.64 8.07 8.24 7.38 7.40 7.75 6.59 9.70 8.63 9.43 8.53 8.29 7.34 7.06 7.04 6.91 6.92 6.87 6.78 6.39 6.18 7.71 8.44 7.79 7.16 7.01 6.88 7.54 8.59 -9999 -9999 -9999 -9999 -9999 -9999 -9999 -9999 -9999 -9999 -9999 -9999 -9999 -9999
-9999 -9999 -9999 -9999 -9999 -9999 -9999 -9999 -9999 -9999 -9999 -9999 -9999 -9999 -9999 -9999 -9999 -9999 -9999 -9999 -9999 -9999 -9999 -9999 -9999 -9999 -9999 9.55 8.47 7.03 6.00 8.00 9.43 11.52 9.11 10.23 6.95 7.84 7.77 8.85 9.23 8.74 10.00 7.25 7.53 7.59 7.54 7.24 7.83 7.06 6.92 7.06 6.83 6.83 6.90 6.65 6.43 6.53 7.95 7.73 7.21 6.94 6.87 7.26 8.23 9.14 -9999 -9999 -9999 -9999 -9999 -9999 -9999 -9999 -9999 -9999 -9999 -9999 -9999
-9999 -9999 -9999 -9999 -9999 -9999 -9999 -9999 -9999 -9999 -9999 -9999 -9999 -9999 -9999 -9999 -9999 -9999 -9999 -9999 -9999 -9999 -9999 -9999 -9999 -9999 -9999 9.07 7.97 7.13 6.58 6.83 9.01 7.50 7.44 6.18 7.54 9.87 8.20 9.69 9.19 9.92 7.36 9.94 8.19 8.95 8.52 8.51 7.66 7.32 6.99 6.79 6.76 6.83 6.87 6.86 6.60 6.35 6.81 7.89 7.52 6.98 6.92 7.04 7.80 8.81 -9999 -9999 -9999 -9999 -9999 -9999 -9999 -9999 -9999 -9999 -9999 -9999 -9999
-9999 -9999 -9999 -9999 -9999 -9999 -9999 -9999 -9999 -9999 -9999 -9999 -9999 -9999 -9999 -9999 -9999 -9999 -9999 -9999 -9999 -9999 -9999 -9999 -9999 -9999 -9999 9.08 7.87 7.38 7.00 7.08 7.44 7.86 7.23 6.62 7.89 8.07 7.60 9.00 10.76 8.97 8.49 7.32 8.59 7.22 7.62 7.98 8.13 7.46 7.20 6.78 6.75 6.85 6.91 6.92 6.80 6.46 6.56 7.57 8.18 7.29 6.90 7.03 7.43 8.13 9.02 -9999 -9999 -9999 -9999 -9999 -9999 -9999 -9999 -9999 -9999 -9999 -9999
-9999 -9999 -9999 -9999 -9999 -9999 -9999 -9999 -9999 -9999 -9999 -9999 -9999 -9999 -9999 -9999 -9999 -9999 -9999 -9999 -9999 -9999 -9999 -9999 -9999 -9999 -9999 8.87 7.96 7.63 7.57 7.34 7.21 7.23 7.88 8.73 6.85 6.68 7.60 10.74 10.67 11.42 10.17 8.54 8.32 8.62 7.49 6.90 7.63 7.93 7.19 6.83 6.84 6.78 6.92 7.03 7.05 6.75 6.64 7.81 8.70 7.85 7.44 7.45 7.34 7.56 8.43 9.24 -9999 -9999 -9999 -9999 -9999 -9999 -9999 -9999 -9999 -9999 -9999
-9999 -9999 -9999 -9999 -9999 -9999 -9999 -9999 -9999 -9999 -9999 -9999 -9999 -9999 -9999 -9999 -9999 -9999 -9999 -9999 -9999 -9999 -9999 -9999 -9999 -9999 -9999 8.89 7.84 7.54 7.35 7.06 6.74 7.42 7.28 7.96 8.15 9.49 10.59 11.02 9.23 10.58 9.41 9.09 7.95 8.87 8.33 7.56 7.03 6.91 7.04 6.86 6.88 6.94 7.08 7.17 7.29 7.25 7.22 7.41 8.17 8.06 7.74 7.74 7.74 7.60 7.74 8.68 -9999 -9999 -9999 -9999 -9999 -9999 -9999 -9999 -9999 -9999 -9999
-9999 -9999 -9999 -9999 -9999 -9999 -9999 -9999 -9999 -9999 -9999 -9999 -9999 -9999 -9999 -9999 -9999 -9999 -9999 -9999 -9999 -9999 -9999 -9999 -9999 -9999 -9999 -9999 7.90 7.61 7.26 6.71 7.00 8.46 8.58 9.00 8.06 7.91 9.37 9.21 10.58 10.08 8.56 7.30 7.70 7.63 8.45 7.65 7.32 7.65 7.40 6.95 7.09 7.06 7.21 7.23 7.32 7.45 7.58 7.62 7.48 7.76 7.94 8.05 -9999 7.97 8.19 8.76 9.76 -9999 -9999 -9999 -9999 -9999 -9999 -9999 -9999 -9999 -9999
-9999 -9999 -9999 -9999 -9999 -9999 -9999 -9999 -9999 -9999 -9999 -9999 -9999 -9999 -9999 -9999 -9999 -9999 -9999 -9999 -9999 -9999 -9999 -9999 -9999 -9999 -9999 8.80 7.90 7.60 7.06 6.48 6.46 9.42 9.95 8.46 10.31 9.93 8.45 8.38 11.61 10.55 10.88 8.77 7.46 8.78 7.62 7.08 7.51 7.54 7.26 7.34 7.11 7.15 7.23 7.34 7.25 7.29 8.33 7.76 7.32 8.28 7.89 7.99 8.02 -9999 8.64 9.11 9.90 10.51 -9999 -9999 -9999 -9999 -9999 -9999 -9999 -9999 -9999
-9999 -9999 -9999 -9999 -9999 -9999 -9999 -9999 -9999 -9999 -9999 -9999 -9999 -9999 -9999 -9999 -9999 -9999 -9999 -9999 -9999 -9999 -9999 -9999 -9999 -9999 -9999 8.66 7.75 7.48 7.10 7.98 7.17 8.00 10.19 8.00 8.27 8.43 6.85 6.89 9.87 9.97 10.16 7.94 9.26 9.74 7.96 8.51 7.79 8.03 7.83 7.54 7.21 7.20 7.24 7.26 7.16 7.10 7.29 7.63 6.99 7.19 7.78 7.55 8.05 8.28 -9999 -9999 -9999 -9999 -9999 -9999 -9999 -9999 -9999 -9999 -9999 -9999 -9999
-9999 -9999 -9999 -9999 -9999 -9999 -9999 -9999 -9999 -9999 -9999 -9999 -9999 -9999 -9999 -9999 -9999 -9999 -9999 -9999 -9999 -9999 -9999 -9999 -9999 -9999 9.69 8.24 7.60 8.08 7.83 7.88 7.53 8.14 8.29 7.98 7.83 7.34 7.02 7.14 8.96 11.06 11.56 8.88 10.69 10.14 8.28 8.32 7.46 7.74 7.93 7.55 7.21 7.34 7.30 7.24 7.28 7.11 7.27 7.43 7.27 7.04 8.11 7.91 7.90 7.98 8.64 9.30 -9999 -9999 -9999 -9999 -9999 -9999 -9999 -9999 -9999 -9999 -9999
-9999 -9999 -9999 -9999 -9999 -9999 -9999 -9999 -9999 -9999 -9999 -9999 -9999 -9999 -9999 -9999 -9999 -9999 -9999 -9999 -9999 -9999 -9999 -9999 -9999 -9999 -9999 8.43 7.69 7.65 8.00 9.29 7.81 7.59 7.59 7.97 8.19 7.68 7.27 6.83 6.80 9.64 11.06 12.08 10.25 10.48 9.58 8.67 8.68 7.11 7.27 7.95 7.31 7.27 7.19 7.18 7.32 7.20 7.32 7.64 7.40 6.94 7.04 8.83 8.17 7.91 8.06 8.46 9.12 9.91 -9999 -9999 -9999 -9999 -9999 -9999 -9999 -9999 -9999
-9999 -9999 -9999 -9999 -9999 -9999 -9999 -9999 -9999 -9999 -9999 -9999 -9999 -9999 -9999 -9999 -9999 -9999 -9999 -9999 -9999 -9999 -9999 -9999 -9999 -9999 -9999 8.49 8.01 7.70 7.84 8.06 8.18 8.00 7.70 7.85 7.61 7.39 7.22 6.97 7.22 6.78 10.38 12.34 12.71 11.21 10.14 9.33 8.18 8.13 7.51 8.28 7.45 7.38 7.20 7.21 7.24 7.27 7.60 7.74 7.57 7.04 7.27 8.69 8.41 8.64 7.82 7.75 8.29 9.11 -9999 -9999 -9999 -9999 -9999 -9999 -9999 -9999 -9999
-9999 -9999 -9999 -9999 -9999 -9999 -9999 10.89 10.46 10.86 11.64 -9999 -9999 -9999 -9999 -9999 -9999 -9999 -9999 -9999 -9999 -9999 -9999 -9999 -9999 -9999 8.96 8.18 8.35 7.91 8.53 8.23 7.95 7.95 8.01 7.86 7.82 7.61 7.41 7.13 6.70 8.58 10.60 10.79 9.39 11.78 11.19 8.70 8.47 6.95 8.82 8.74 7.64 7.48 7.29 7.26 7.30 7.35 7.64 8.02 7.90 7.29 7.18 7.41 8.72 8.73 9.04 7.77 7.60 8.37 9.34 -9999 -9999 -9999 -9999 -9999 -9999 -9999 -9999
-9999 -9999 -9999 -9999 -9999 -9999 -9999 10.37 9.91 9.91 10.28 -9999 -9999 -9999 -9999 -9999 -9999 -9999 -9999 -9999 -9999 -9999 -9999 -9999 -9999 9.10 8.80 8.25 8.39 8.98 8.17 8.24 7.69 7.77 7.99 7.88 8.01 8.02 7.35 6.87 6.72 7.84 11.93 11.87 9.17 10.54 10.28 9.92 7.73 6.98 8.23 8.55 7.87 7.22 7.14 7.28 7.62 7.57 7.68 7.91 8.22 7.69 7.42 7.25 8.44 8.58 8.63 7.92 7.69 7.89 8.86 -9999 -9999 -9999 -9999 -9999 -9999 -9999 -9999
-9999 -9999 -9999 -9999 -9999 12.49 10.24 9.13 9.42 9.30 10.01 9.84 10.62 11.18 -9999 -9999 11.60 10.70 -9999 -9999 -9999 9.50 10.48 10.07 -9999 8.07 9.07 8.45 8.13 8.39 7.99 8.26 8.28 8.71 8.44 8.45 7.87 8.02 7.41 7.37 9.66 7.71 9.05 10.76 7.26 8.56 12.15 8.42 9.38 7.72 8.14 8.16 7.71 7.46 7.41 7.46 7.69 7.50 7.74 7.78 8.34 7.76 7.48 7.37 7.60 8.10 8.89 8.62 7.77 7.61 8.39 9.45 -9999 -9999 -9999 -9999 -9999 -9999 -9999
-9999 -9999 -9999 -9999 -9999 -9999 10.56 9.49 9.07 8.75 8.95 9.91 11.01 9.44 -9999 9.48 9.80 10.88 10.35 11.01 8.65 7.82 10.68 10.84 9.83 -9999 7.69 8.62 8.44 7.87 7.86 8.46 8.10 8.00 8.00 7.92 8.03 7.66 7.64 7.44 9.79 10.06 9.57 9.95 9.30 10.48 10.84 9.78 7.96 7.46 8.67 8.52 7.51 7.81 7.51 7.84 7.89 7.58 7.67 7.71 8.39 7.87 7.58 7.47 7.23 7.72 8.35 8.93 8.29 7.70 8.00 9.01 -9999 -9999 -9999 -9999 -9999 -9999 -9999
