ML/MeanWindSpeed_1993-02_Actual.txt
ncols         180
nrows         290
xllcorner     -200000
yllcorner     -200000
cellsize      5000
NODATA_value  -9999
[rows 105 to 139 of 290, columns 78 to 155 of 180]
10.81 13.96 9.96 5.77 8.05 14.01 15.23 13.55 10.77 12.50 18.08 12.96 16.06 10.21 13.16 17.99 12.92 9.65 9.29 11.03 9.70 9.51 10.61 10.75 9.15 10.32 9.50 9.11 11.78 11.05 11.36 11.28 -9999 -9999 -9999 -9999 -9999 -9999 -9999 -9999 -9999 -9999 -9999 -9999 -9999 -9999 -9999 -9999 -9999 -9999 -9999 -9999 -9999 -9999 -9999 -9999 -9999 -9999 -9999 -9999 -9999 -9999 -9999 -9999 -9999 -9999 -9999 -9999 -9999 -9999 -9999 -9999 -9999 -9999 -9999 -9999 -9999 -9999
12.58 10.41 12.16 15.19 14.05 17.90 11.25 15.20 7.09 17.41 9.68 20.43 10.20 13.81 21.39 14.17 11.39 14.08 12.78 9.84 9.58 8.76 8.70 9.92 8.53 8.35 9.99 10.25 10.09 10.35 9.15 10.71 11.52 -9999 -9999 -9999 -9999 -9999 -9999 -9999 -9999 -9999 -9999 -9999 -9999 -9999 -9999 -9999 -9999 -9999 -9999 -9999 -9999 -9999 -9999 -9999 -9999 -9999 -9999 -9999 -9999 -9999 -9999 -9999 -9999 -9999 -9999 -9999 -9999 -9999 -9999 -9999 -9999 -9999 -9999 -9999 -9999 -9999
12.96 7.47 15.09 10.67 6.53 11.96 17.02 16.51 7.47 17.31 14.89 15.60 11.41 16.35 13.09 14.74 18.79 14.61 13.32 11.84 10.33 9.96 11.39 11.86 13.23 12.88 11.01 9.15 8.23 10.73 9.25 11.92 11.97 13.20 -9999 -9999 -9999 -9999 -9999 -9999 -9999 -9999 -9999 -9999 -9999 -9999 -9999 -9999 -9999 -9999 -9999 -9999 -9999 -9999 -9999 -9999 -9999 -9999 -9999 -9999 -9999 -9999 -9999 -9999 -9999 -9999 -9999 -9999 -9999 -9999 -9999 -9999 -9999 -9999 -9999 -9999 -9999 -9999
9.43 13.68 14.06 10.34 6.38 14.14 16.17 20.78 9.70 16.50 13.79 14.02 12.96 13.77 8.19 10.36 11.84 10.96 8.25 10.27 12.75 16.54 15.60 14.20 11.81 11.11 12.62 8.22 9.69 10.94 11.68 12.25 12.62 13.27 13.51 -9999 -9999 -9999 -9999 -9999 -9999 -9999 -9999 -9999 -9999 -9999 -9999 -9999 -9999 -9999 -9999 -9999 -9999 -9999 -9999 -9999 -9999 -9999 -9999 -9999 -9999 -9999 -9999 -9999 -9999 -9999 -9999 -9999 -9999 -9999 -9999 -9999 -9999 -9999 -9999 -9999 -9999 -9999
14.14 17.41 8.85 7.00 12.40 18.64 13.58 6.91 10.59 24.67 11.89 11.42 12.87 12.90 10.60 9.96 7.56 6.82 10.68 17.26 16.73 14.36 13.30 10.57 9.64 10.33 12.07 10.20 11.20 10.81 10.61 11.64 12.18 12.65 -9999 -9999 -9999 -9999 -9999 -9999 -9999 -9999 -9999 -9999 -9999 -9999 -9999 -9999 -9999 -9999 -9999 -9999 -9999 -9999 -9999 -9999 -9999 -9999 -9999 -9999 -9999 -9999 -9999 -9999 -9999 -9999 -9999 -9999 -9999 -9999 -9999 -9999 -9999 -9999 -9999 -9999 -9999 -9999
11.74 11.03 9.98 16.90 9.76 15.53 16.01 16.50 11.95 9.63 20.52 12.42 10.11 9.10 9.11 8.83 8.00 7.02 11.21 9.11 8.23 7.32 9.45 12.01 10.65 10.94 10.41 10.59 12.33 12.18 -9999 -9999 -9999 -9999 -9999 -9999 -9999 -9999 -9999 -9999 -9999 -9999 -9999 -9999 -9999 -9999 -9999 -9999 -9999 -9999 -9999 -9999 -9999 -9999 -9999 -9999 -9999 -9999 -9999 -9999 -9999 -9999 -9999 -9999 -9999 -9999 -9999 -9999 -9999 -9999 -9999 -9999 -9999 -9999 -9999 -9999 -9999 -9999
10.54 7.28 15.10 15.93 18.33 18.23 7.65 16.58 16.66 8.87 13.21 14.14 10.09 9.98 11.38 13.21 14.62 9.82 8.56 8.10 8.25 8.84 9.88 11.32 10.58 10.86 12.04 11.97 -9999 -9999 -9999 -9999 -9999 -9999 -9999 -9999 -9999 -9999 -9999 -9999 -9999 -9999 -9999 -9999 -9999 -9999 -9999 -9999 -9999 -9999 -9999 -9999 -9999 -9999 -9999 -9999 -9999 -9999 -9999 -9999 -9999 -9999 -9999 -9999 -9999 -9999 -9999 -9999 -9999 -9999 -9999 -9999 -9999 -9999 -9999 -9999 -9999 -9999
8.91 15.42 11.07 16.70 19.54 15.51 12.45 17.44 17.47 9.68 9.44 8.18 7.77 8.55 9.96 14.27 16.09 12.52 10.51 8.98 8.67 10.08 9.67 10.16 10.88 13.34 14.76 13.03 -9999 -9999 -9999 -9999 -9999 -9999 -9999 -9999 -9999 -9999 -9999 -9999 -9999 -9999 -9999 -9999 -9999 -9999 -9999 -9999 -9999 -9999 -9999 -9999 -9999 -9999 -9999 -9999 -9999 -9999 -9999 -9999 -9999 -9999 -9999 -9999 -9999 -9999 -9999 -9999 -9999 -9999 -9999 -9999 -9999 -9999 -9999 -9999 -9999 -9999
11.27 15.10 11.37 16.15 16.07 17.49 11.65 10.67 11.98 10.77 9.99 9.52 6.51 16.39 16.65 15.36 15.85 12.28 9.29 9.25 8.98 9.19 9.16 9.23 10.59 10.40 -9999 -9999 -9999 -9999 -9999 12.79 11.71 12.19 12.11 -9999 -9999 -9999 -9999 -9999 -9999 -9999 -9999 -9999 -9999 -9999 -9999 -9999 -9999 -9999 -9999 -9999 -9999 -9999 -9999 -9999 -9999 -9999 -9999 -9999 -9999 -9999 -9999 -9999 -9999 -9999 -9999 -9999 -9999 -9999 -9999 -9999 -9999 -9999 -9999 -9999 -9999 -9999
11.75 16.57 11.22 9.14 20.56 11.00 11.61 11.13 9.33 9.81 11.57 14.64 10.50 10.60 9.36 9.67 9.18 9.96 10.57 11.01 10.56 9.78 10.34 10.88 10.58 10.50 11.43 12.31 -9999 -9999 10.97 10.38 10.20 9.47 10.53 11.80 12.61 -9999 -9999 -9999 -9999 -9999 -9999 -9999 -9999 -9999 -9999 -9999 -9999 -9999 -9999 -9999 -9999 -9999 -9999 -9999 -9999 -9999 -9999 -9999 -9999 -9999 -9999 -9999 -9999 -9999 -9999 -9999 -9999 -9999 -9999 -9999 -9999 -9999 -9999 -9999 -9999 -9999
14.78 11.85 12.79 14.83 16.24 10.18 12.50 15.51 13.87 11.92 9.18 9.21 9.94 9.27 9.28 8.76 8.55 9.57 11.15 11.14 10.08 11.62 12.16 10.02 9.26 9.82 10.40 11.71 10.36 10.59 10.91 9.70 8.01 9.14 12.32 12.89 14.96 11.23 -9999 -9999 -9999 -9999 -9999 -9999 -9999 -9999 -9999 -9999 -9999 -9999 -9999 -9999 -9999 -9999 -9999 -9999 -9999 -9999 -9999 -9999 -9999 -9999 -9999 -9999 -9999 -9999 -9999 -9999 -9999 -9999 -9999 -9999 -9999 -9999 -9999 -9999 -9999 -9999
12.51 16.20 14.70 12.03 10.65 -9999 14.27 17.38 12.81 10.82 9.31 8.92 8.59 9.01 9.73 9.04 8.67 10.89 11.45 11.87 11.07 10.21 10.07 9.10 9.70 10.44 11.92 10.27 8.96 11.16 9.94 9.28 8.40 10.54 12.98 13.27 14.38 12.52 14.00 15.41 12.17 -9999 -9999 -9999 -9999 -9999 -9999 -9999 -9999 -9999 -9999 -9999 -9999 -9999 -9999 -9999 -9999 -9999 -9999 -9999 -9999 -9999 -9999 -9999 -9999 -9999 -9999 -9999 -9999 -9999 -9999 -9999 -9999 -9999 -9999 -9999 -9999 -9999
14.11 -9999 13.80 15.13 11.00 -9999 15.17 19.28 13.13 11.74 9.69 9.76 9.22 9.21 8.41 8.25 8.01 9.05 11.80 12.24 12.38 10.35 9.90 10.91 12.12 14.62 12.82 9.79 8.44 9.83 9.55 9.26 14.26 15.72 13.19 13.19 12.28 11.98 12.12 10.28 11.73 -9999 -9999 -9999 -9999 -9999 -9999 -9999 -9999 -9999 -9999 -9999 -9999 -9999 -9999 -9999 -9999 -9999 -9999 -9999 -9999 -9999 -9999 -9999 -9999 -9999 -9999 -9999 -9999 -9999 -9999 -9999 -9999 -9999 -9999 -9999 -9999 -9999
15.18 -9999 -9999 15.31 12.27 11.35 14.61 16.26 9.92 10.20 12.48 10.94 10.30 10.03 12.78 9.80 7.62 8.23 9.20 11.27 12.08 12.85 10.84 13.48 14.43 12.63 11.49 11.49 10.64 11.02 11.71 12.23 11.92 14.93 13.16 12.59 12.56 9.05 8.78 10.06 11.85 12.83 -9999 -9999 -9999 -9999 -9999 -9999 -9999 -9999 -9999 -9999 -9999 -9999 -9999 -9999 -9999 -9999 -9999 -9999 -9999 -9999 -9999 -9999 -9999 -9999 -9999 -9999 -9999 -9999 -9999 -9999 -9999 -9999 -9999 -9999 -9999 -9999
-9999 -9999 -9999 -9999 13.31 11.57 15.52 11.92 8.47 9.32 10.91 12.64 11.53 10.75 12.28 12.50 10.29 7.66 9.89 12.61 11.43 11.03 11.76 13.97 12.84 10.93 11.07 11.29 14.91 14.28 12.17 11.25 10.04 12.72 12.25 11.58 12.32 9.49 8.61 8.63 8.97 10.10 -9999 -9999 -9999 -9999 -9999 -9999 -9999 -9999 -9999 -9999 -9999 -9999 -9999 -9999 -9999 -9999 -9999 -9999 -9999 -9999 -9999 -9999 -9999 -9999 -9999 -9999 -9999 -9999 -9999 -9999 -9999 -9999 -9999 -9999 -9999 -9999
17.69 19.36 -9999 -9999 -9999 13.17 14.09 11.04 9.37 8.74 9.35 11.23 12.36 13.23 13.89 12.98 12.43 10.74 7.80 12.31 11.33 10.83 11.20 10.44 10.33 12.43 10.40 14.02 17.88 16.31 13.45 13.16 10.08 11.23 10.95 11.38 11.64 9.36 8.40 8.22 8.42 9.77 10.82 -9999 -9999 -9999 -9999 -9999 -9999 -9999 -9999 -9999 -9999 -9999 -9999 -9999 -9999 -9999 -9999 -9999 -9999 -9999 -9999 -9999 -9999 -9999 -9999 -9999 -9999 -9999 -9999 -9999 -9999 -9999 -9999 -9999 -9999 -9999
18.64 21.33 14.87 -9999 -9999 -9999 13.09 11.60 9.37 8.59 8.61 9.01 11.26 12.13 11.96 11.15 11.54 11.68 11.51 10.38 10.77 10.58 12.35 11.65 14.62 10.12 11.47 10.93 11.44 16.13 15.55 12.80 11.53 9.79 9.56 9.97 10.21 8.82 8.45 7.88 8.66 9.28 9.27 9.96 -9999 -9999 -9999 -9999 -9999 -9999 -9999 -9999 -9999 -9999 -9999 -9999 -9999 -9999 -9999 -9999 -9999 -9999 -9999 -9999 -9999 -9999 -9999 -9999 -9999 -9999 -9999 -9999 -9999 -9999 -9999 -9999 -9999 -9999
17.03 19.03 13.69 -9999 -9999 -9999 -9999 -9999 10.75 9.24 7.67 7.35 8.07 8.62 10.25 13.81 14.19 12.55 11.25 10.54 12.08 11.54 11.72 10.85 13.92 10.31 11.84 12.60 11.19 8.56 10.62 9.72 10.97 8.87 10.21 9.48 8.00 7.91 7.98 8.29 7.75 9.82 9.56 9.29 9.52 -9999 -9999 -9999 -9999 -9999 -9999 -9999 -9999 -9999 -9999 -9999 -9999 -9999 -9999 -9999 -9999 -9999 -9999 -9999 -9999 -9999 -9999 -9999 -9999 -9999 -9999 -9999 -9999 -9999 -9999 -9999 -9999 -9999
12.80 21.25 15.30 -9999 -9999 -9999 -9999 -9999 11.55 10.42 9.99 7.99 9.86 12.20 11.60 14.14 15.48 14.35 11.45 12.86 11.65 10.70 12.92 13.32 8.98 19.16 12.33 15.51 11.58 14.19 13.60 9.08 11.27 9.35 8.63 7.72 8.23 9.84 10.73 10.10 10.28 7.43 8.94 10.89 8.95 10.44 11.22 -9999 -9999 -9999 -9999 -9999 -9999 -9999 -9999 -9999 -9999 -9999 -9999 -9999 -9999 -9999 -9999 -9999 -9999 -9999 -9999 -9999 -9999 -9999 -9999 -9999 -9999 -9999 -9999 -9999 -9999 -9999
16.69 20.03 19.22 -9999 -9999 -9999 -9999 -9999 11.82 9.89 9.72 8.81 9.55 11.38 9.54 11.12 11.92 14.07 12.57 12.27 10.82 13.41 17.43 14.19 12.92 20.65 17.82 12.53 13.29 11.18 9.01 10.60 11.12 9.44 9.84 9.53 7.63 8.20 8.78 11.58 15.00 10.69 8.64 9.61 9.89 8.98 10.10 -9999 -9999 -9999 -9999 -9999 -9999 -9999 -9999 -9999 -9999 -9999 -9999 -9999 -9999 -9999 -9999 -9999 -9999 -9999 -9999 -9999 -9999 -9999 -9999 -9999 -9999 -9999 -9999 -9999 -9999 -9999
14.47 16.43 18.10 -9999 -9999 -9999 -9999 -9999 11.30 9.69 9.45 9.60 9.52 9.63 10.40 14.40 16.17 13.17 13.97 11.11 10.95 10.94 13.74 9.12 16.25 14.97 12.54 13.75 14.72 9.37 11.98 9.97 10.89 10.58 8.02 9.21 9.33 8.69 8.21 15.59 16.38 14.01 8.30 9.04 9.79 9.02 10.14 -9999 -9999 -9999 -9999 -9999 -9999 -9999 -9999 -9999 -9999 -9999 -9999 -9999 -9999 -9999 -9999 -9999 -9999 -9999 -9999 -9999 -9999 -9999 -9999 -9999 -9999 -9999 -9999 -9999 -9999 -9999
-9999 -9999 -9999 -9999 -9999 -9999 -9999 14.42 11.10 10.33 9.45 10.09 11.07 10.00 11.64 12.45 14.65 11.88 11.51 14.70 12.98 14.43 13.64 12.99 16.99 16.44 10.93 12.15 13.48 12.35 11.12 11.63 8.93 10.22 10.66 8.08 9.31 8.65 12.03 13.49 17.02 14.10 8.47 8.24 7.82 8.92 10.08 -9999 -9999 -9999 -9999 -9999 -9999 -9999 -9999 -9999 -9999 -9999 -9999 -9999 -9999 -9999 -9999 -9999 -9999 -9999 -9999 -9999 -9999 -9999 -9999 -9999 -9999 -9999 -9999 -9999 -9999 -9999
-9999 -9999 -9999 -9999 -9999 -9999 -9999 15.58 9.17 9.29 11.22 12.92 12.34 10.79 11.23 11.92 9.09 9.60 13.59 14.54 13.36 12.66 9.58 7.23 15.56 10.21 10.87 10.76 11.83 11.48 10.21 8.22 11.33 10.70 10.29 9.17 9.27 11.37 12.84 12.16 14.00 13.34 8.82 7.10 7.61 9.84 8.95 -9999 -9999 -9999 -9999 -9999 -9999 -9999 -9999 -9999 -9999 -9999 -9999 -9999 -9999 -9999 -9999 -9999 -9999 -9999 -9999 -9999 -9999 -9999 -9999 -9999 -9999 -9999 -9999 -9999 -9999 -9999
-9999 -9999 -9999 -9999 -9999 -9999 13.80 12.38 7.89 10.08 11.77 9.95 12.54 14.96 14.20 16.69 14.16 10.77 8.42 8.96 13.22 12.91 10.48 5.68 8.98 14.37 10.41 13.25 10.54 10.59 7.93 8.49 10.46 9.46 9.73 11.17 13.04 14.64 13.50 11.62 10.45 9.94 8.55 10.80 11.64 9.87 9.36 -9999 -9999 -9999 -9999 -9999 -9999 -9999 -9999 -9999 -9999 -9999 -9999 -9999 -9999 -9999 -9999 -9999 -9999 -9999 -9999 -9999 -9999 -9999 -9999 -9999 -9999 -9999 -9999 -9999 -9999 -9999
-9999 -9999 -9999 -9999 -9999 -9999 11.82 8.14 11.93 10.60 12.74 9.84 12.93 12.76 16.00 15.29 15.53 13.29 10.48 6.86 17.10 17.16 10.63 5.28 9.97 13.14 9.34 9.99 12.02 8.42 11.15 12.40 10.02 12.08 12.45 16.31 11.01 10.39 11.43 12.14 12.14 9.42 7.70 9.54 9.58 8.93 9.23 10.83 -9999 -9999 -9999 -9999 -9999 -9999 -9999 -9999 -9999 -9999 -9999 -9999 -9999 -9999 -9999 -9999 -9999 -9999 -9999 -9999 -9999 -9999 -9999 -9999 -9999 -9999 -9999 -9999 -9999 -9999
-9999 -9999 -9999 -9999 -9999 11.08 12.77 12.40 11.64 13.08 13.49 11.42 9.67 13.86 13.26 15.42 15.01 14.60 9.58 5.50 9.95 12.61 11.37 6.84 6.94 9.54 9.18 9.19 9.63 13.51 9.77 9.08 9.55 9.05 15.12 12.73 14.95 12.90 9.36 10.34 11.12 12.04 12.81 9.17 8.55 8.39 9.27 10.66 -9999 -9999 -9999 -9999 -9999 -9999 -9999 -9999 -9999 -9999 -9999 -9999 -9999 -9999 -9999 -9999 -9999 -9999 -9999 -9999 -9999 -9999 -9999 -9999 -9999 -9999 -9999 -9999 -9999 -9999
-9999 -9999 -9999 -9999 -9999 12.96 11.69 9.90 14.49 13.89 12.19 12.05 15.30 9.59 10.75 14.02 12.34 12.45 8.02 5.54 8.30 10.13 12.56 6.75 6.96 7.32 8.35 6.82 11.32 7.20 12.32 9.99 7.89 15.83 9.81 11.55 12.51 11.39 12.09 8.81 9.26 12.41 11.77 9.53 10.06 9.53 9.38 10.84 -9999 -9999 -9999 -9999 -9999 -9999 -9999 -9999 -9999 -9999 -9999 -9999 -9999 -9999 -9999 -9999 -9999 -9999 -9999 -9999 -9999 -9999 -9999 -9999 -9999 -9999 -9999 -9999 -9999 -9999
-9999 -9999 -9999 -9999 14.15 11.14 9.53 12.06 9.53 10.04 18.33 14.58 13.90 9.45 10.83 11.73 10.19 12.09 11.14 8.55 10.34 9.90 7.26 5.93 6.55 8.61 8.87 11.97 8.75 7.20 12.05 7.83 9.30 15.75 11.32 9.94 8.75 10.70 11.90 10.81 11.55 11.89 10.03 9.51 9.31 8.70 9.11 10.59 -9999 -9999 -9999 -9999 -9999 -9999 -9999 -9999 -9999 -9999 -9999 -9999 -9999 -9999 -9999 -9999 -9999 -9999 -9999 -9999 -9999 -9999 -9999 -9999 -9999 -9999 -9999 -9999 -9999 -9999
-9999 -9999 -9999 11.58 12.31 12.46 9.35 9.57 9.27 8.31 12.08 11.90 18.60 9.46 8.48 9.61 10.34 11.04 11.71 9.76 7.73 6.44 9.33 6.35 5.77 7.96 8.79 8.97 8.63 6.91 9.13 5.93 8.30 13.91 13.15 13.52 12.30 11.39 9.71 9.19 11.73 10.78 10.00 9.75 9.44 9.39 8.72 9.84 11.41 -9999 -9999 -9999 -9999 -9999 -9999 -9999 -9999 -9999 -9999 -9999 -9999 -9999 -9999 -9999 -9999 -9999 -9999 -9999 -9999 -9999 -9999 -9999 -9999 -9999 -9999 -9999 -9999 -9999
-9999 -9999 -9999 12.97 16.20 12.30 11.25 9.55 7.65 6.23 16.58 14.04 12.19 11.48 8.38 8.18 9.29 9.25 14.27 9.35 7.33 6.28 6.50 9.54 6.49 9.15 8.51 9.31 8.32 7.76 7.31 8.89 7.03 10.51 11.91 11.31 12.78 11.17 9.49 8.74 10.05 9.41 10.94 10.02 8.68 7.79 8.87 9.76 10.90 -9999 -9999 -9999 -9999 -9999 -9999 -9999 -9999 -9999 -9999 -9999 -9999 -9999 -9999 -9999 -9999 -9999 -9999 -9999 -9999 -9999 -9999 -9999 -9999 -9999 -9999 -9999 -9999 -9999
-9999 13.18 11.85 13.66 12.02 11.27 12.32 9.90 8.76 6.61 11.90 11.45 12.54 11.04 10.34 7.56 9.63 10.28 9.31 9.78 9.68 6.54 6.45 8.07 7.70 7.66 8.30 8.73 7.72 7.03 8.07 7.28 7.19 11.76 10.87 10.48 10.95 13.16 11.35 9.93 7.32 8.53 9.36 9.16 8.69 7.87 8.40 9.21 10.57 -9999 -9999 -9999 -9999 -9999 -9999 -9999 -9999 -9999 -9999 -9999 -9999 -9999 -9999 -9999 -9999 -9999 -9999 -9999 -9999 -9999 -9999 -9999 -9999 -9999 -9999 -9999 -9999 -9999
-9999 14.04 11.95 9.35 11.94 10.38 12.07 10.20 8.83 7.00 6.53 8.49 14.24 11.19 10.23 7.97 7.69 7.81 7.16 8.14 9.46 7.59 8.52 7.49 7.91 7.63 7.66 7.54 7.30 6.83 6.92 7.88 7.78 7.81 9.49 10.05 10.65 11.26 10.97 7.45 8.26 11.07 10.05 8.57 8.82 8.47 8.75 8.07 9.16 10.50 -9999 -9999 -9999 -9999 -9999 -9999 -9999 -9999 -9999 -9999 -9999 -9999 -9999 -9999 -9999 -9999 -9999 -9999 -9999 -9999 -9999 -9999 -9999 -9999 -9999 -9999 -9999 -9999
-9999 14.07 12.07 8.42 11.19 9.03 10.20 9.52 8.95 8.21 6.22 10.19 10.27 9.59 11.86 8.60 7.76 7.48 5.65 8.40 13.26 9.41 -9999 -9999 -9999 8.07 7.75 -9999 7.13 7.19 7.24 6.60 6.54 8.88 11.08 9.63 9.86 11.18 10.36 11.63 10.94 8.29 7.04 7.33 7.90 8.65 6.33 6.94 7.69 9.81 -9999 -9999 -9999 -9999 -9999 -9999 -9999 -9999 -9999 -9999 -9999 -9999 -9999 -9999 -9999 -9999 -9999 -9999 -9999 -9999 -9999 -9999 -9999 -9999 -9999 -9999 -9999 -9999
-9999 12.58 14.32 10.07 9.55 10.01 10.82 10.32 9.47 8.42 7.23 8.03 13.86 10.42 11.08 8.04 7.97 9.82 6.67 8.19 9.66 10.22 -9999 -9999 -9999 8.33 7.44 7.55 7.70 7.12 6.60 5.27 7.01 11.15 12.41 10.07 13.39 10.31 10.17 12.96 9.86 10.33 10.20 9.83 7.33 8.45 9.63 7.68 7.02 9.08 -9999 -9999 -9999 -9999 -9999 -9999 -9999 -9999 -9999 -9999 -9999 -9999 -9999 -9999 -9999 -9999 -9999 -9999 -9999 -9999 -9999 -9999 -9999 -9999 -9999 -9999 -9999 -9999
-9999 -9999 13.51 13.22 10.84 -9999 11.80 11.65 10.26 9.36 8.50 -9999 10.52 8.97 9.68 7.41 9.19 10.22 9.12 9.72 -9999 -9999 -9999 -9999 9.60 7.80 7.18 7.40 8.11 8.00 6.76 5.73 5.88 10.91 16.24 9.29 14.46 10.86 12.82 13.89 11.00 12.49 10.40 8.31 9.84 9.88 8.08 5.52 6.70 9.60 10.03 -9999 -9999 -9999 -9999 -9999 -9999 -9999 -9999 -9999 -9999 -9999 -9999 -9999 -9999 -9999 -9999 -9999 -9999 -9999 -9999 -9999 -9999 -9999 -9999 -9999 -9999 -9999
