ML/MeanWindSpeed_1991-06_Actual.txt
ncols         180
nrows         290
xllcorner     -200000
yllcorner     -200000
cellsize      5000
NODATA_value  -9999
[rows 175 to 209 of 290, columns 78 to 155 of 180]
-9999 -9999 -9999 -9999 -9999 -9999 -9999 -9999 10.78 9.93 9.12 8.59 8.36 7.27 6.62 10.54 15.03 8.14 10.43 10.71 10.21 8.97 7.22 7.18 8.62 9.95 8.50 7.06 7.37 8.13 7.84 7.96 8.70 8.00 7.61 7.30 7.44 7.52 7.42 7.58 7.56 10.67 11.15 9.45 9.53 8.36 7.90 8.74 8.96 7.79 7.66 8.41 7.95 7.68 8.17 7.91 8.54 8.17 8.18 8.10 8.06 8.88 8.23 8.12 8.17 8.04 8.31 8.63 8.78 9.06 9.40 8.67 9.99 11.56 -9999 -9999 -9999 -9999
-9999 -9999 -9999 -9999 -9999 -9999 -9999 -9999 -9999 11.35 9.48 8.26 7.05 6.68 8.05 16.79 11.86 6.40 10.38 7.98 10.36 10.14 7.82 6.32 10.30 8.82 9.25 8.22 7.25 7.42 7.61 7.20 7.82 8.14 7.90 7.65 7.39 7.53 7.38 7.27 8.47 9.02 11.42 9.79 10.16 9.57 6.94 8.38 9.76 7.95 8.00 8.31 7.80 7.80 7.97 7.89 8.57 8.08 8.04 8.22 8.06 8.50 8.45 8.19 8.15 8.13 8.23 8.55 9.39 8.82 8.47 8.59 9.71 11.35 -9999 -9999 -9999 -9999
-9999 -9999 -9999 -9999 -9999 -9999 -9999 -9999 -9999 -9999 9.86 8.01 7.72 8.73 15.15 16.07 11.17 8.88 8.65 9.44 10.64 10.84 10.69 7.93 7.01 10.49 8.77 8.29 7.94 7.35 7.37 7.45 7.44 7.81 7.63 7.41 7.56 7.59 7.49 7.60 8.26 9.33 9.91 8.59 8.81 9.96 8.72 6.87 9.70 8.15 8.07 8.30 7.75 7.82 7.78 8.12 8.55 8.15 8.07 8.16 7.94 8.90 8.52 8.29 8.26 8.25 8.48 8.40 8.47 8.37 8.35 8.70 10.07 11.55 -9999 -9999 -9999 -9999
-9999 -9999 -9999 -9999 -9999 -9999 -9999 -9999 -9999 -9999 9.63 8.47 9.68 10.71 11.68 13.22 8.31 6.84 8.44 10.30 10.77 11.40 10.35 8.36 6.45 10.55 10.30 8.74 8.42 7.39 7.27 7.50 8.03 7.79 7.70 7.62 7.40 7.34 7.63 8.85 8.77 7.42 10.31 8.72 9.12 10.28 10.18 8.46 7.78 7.66 6.99 7.87 8.32 7.72 7.67 7.57 8.00 7.93 8.21 8.10 7.98 8.26 8.65 8.48 8.55 8.44 8.47 8.36 8.23 8.31 8.74 9.60 10.87 -9999 -9999 -9999 -9999 -9999
-9999 -9999 -9999 -9999 -9999 -9999 -9999 -9999 -9999 -9999 9.15 8.87 9.34 8.78 11.63 10.05 7.65 8.67 7.45 8.47 10.60 9.80 11.59 9.91 7.22 9.89 10.61 10.25 8.30 7.81 7.22 7.76 8.46 8.23 7.79 7.53 7.39 7.63 8.58 8.73 7.72 7.57 9.30 9.07 8.93 8.84 8.41 8.33 8.70 6.71 7.39 7.53 7.39 7.69 7.45 8.04 7.57 7.86 8.10 8.06 8.15 9.27 8.73 8.50 8.49 8.55 8.54 8.49 8.45 8.63 9.57 10.75 -9999 -9999 -9999 -9999 -9999 -9999
-9999 -9999 -9999 -9999 -9999 -9999 -9999 -9999 -9999 10.16 14.76 9.58 9.93 10.74 7.30 13.79 11.96 11.04 9.71 11.25 9.34 9.86 9.09 8.06 9.10 11.40 10.25 9.98 8.20 7.58 7.12 8.09 8.18 7.91 7.80 7.45 7.50 8.42 8.24 7.83 8.49 9.12 7.49 10.28 9.71 7.73 8.14 7.72 7.28 7.26 6.80 6.79 6.97 7.67 7.43 7.15 8.20 7.82 8.00 8.17 8.40 9.31 8.73 8.48 8.55 8.50 8.57 8.48 8.52 9.32 10.46 -9999 -9999 -9999 -9999 -9999 -9999 -9999
-9999 -9999 -9999 -9999 -9999 -9999 -9999 11.00 10.40 12.54 11.06 9.23 9.30 9.90 7.02 7.95 9.28 11.56 11.06 11.94 10.75 10.80 7.19 8.95 9.06 7.34 7.68 7.59 8.36 7.86 7.45 8.02 8.14 8.13 7.75 7.83 8.63 8.11 8.42 7.81 8.72 9.08 8.67 7.90 7.39 8.45 8.02 7.64 7.62 7.54 7.37 6.55 7.19 7.15 6.79 7.07 7.53 7.79 8.06 8.05 8.40 9.21 8.69 8.37 8.49 8.41 8.46 8.44 8.82 9.81 -9999 -9999 -9999 -9999 -9999 11.74 11.36 10.93
-9999 -9999 -9999 -9999 -9999 -9999 11.17 10.73 10.47 10.43 10.12 9.83 9.05 7.80 6.77 7.71 8.86 10.09 14.62 9.46 8.11 8.06 6.33 10.65 11.52 10.87 8.56 7.92 8.51 8.37 8.06 8.16 8.46 8.13 8.02 8.07 8.54 8.70 7.78 7.79 8.79 8.73 8.35 7.89 7.95 8.21 7.42 7.71 7.07 7.04 7.41 7.02 6.74 6.50 6.75 7.47 7.44 7.65 7.92 8.10 8.31 9.35 8.93 8.44 8.33 8.30 8.38 8.44 8.82 9.63 -9999 -9999 -9999 -9999 -9999 10.81 10.14 9.79
-9999 -9999 -9999 -9999 -9999 11.76 11.95 11.17 10.89 -9999 -9999 -9999 -9999 8.65 11.81 10.23 9.86 10.91 9.49 8.18 10.16 9.73 8.85 14.85 13.09 11.15 11.37 9.37 8.14 8.44 8.42 8.03 8.05 7.97 7.84 8.22 7.90 8.76 7.90 7.84 8.07 8.31 8.42 8.23 7.55 7.59 7.50 7.37 7.11 6.88 6.69 6.65 6.66 6.87 7.32 7.41 7.41 7.93 8.35 8.45 8.42 8.98 8.87 8.78 8.28 8.28 8.31 8.33 8.52 9.17 10.33 -9999 -9999 -9999 -9999 10.05 9.36 9.11
-9999 -9999 -9999 -9999 -9999 12.71 13.41 11.16 11.53 -9999 -9999 -9999 -9999 9.27 10.60 11.50 8.02 10.68 10.11 9.89 11.97 12.90 10.65 12.99 8.51 9.40 9.45 8.86 8.13 8.09 8.23 8.05 8.16 8.48 7.86 8.26 8.03 8.11 8.49 7.83 7.93 7.48 8.05 8.67 8.85 8.71 7.69 7.22 7.10 6.99 7.21 6.84 7.06 7.44 7.67 8.19 7.81 9.02 9.00 9.09 8.47 8.71 8.71 8.66 8.23 8.32 8.33 8.28 8.31 8.48 9.23 9.94 -9999 -9999 10.39 9.91 9.39 9.41
-9999 -9999 -9999 -9999 -9999 -9999 -9999 -9999 -9999 -9999 -9999 -9999 -9999 9.88 11.79 10.09 7.84 9.08 8.01 12.79 12.10 8.76 10.85 10.35 9.37 9.88 8.55 8.11 7.70 8.33 8.12 8.28 8.10 7.80 7.78 7.77 7.67 7.87 8.32 7.90 7.69 7.79 8.02 7.87 8.43 8.59 7.40 8.15 8.70 7.86 7.76 7.51 6.98 7.62 8.25 8.89 8.72 8.32 8.58 9.01 8.64 8.86 8.70 8.68 8.22 8.35 8.38 8.36 8.29 8.13 8.35 8.86 9.56 9.88 9.66 9.61 8.97 9.49
-9999 -9999 -9999 -9999 -9999 -9999 -9999 -9999 -9999 -9999 -9999 -9999 -9999 -9999 11.82 6.12 6.51 8.78 11.79 11.09 11.95 11.25 8.58 9.46 10.41 8.21 7.97 7.44 7.55 7.67 7.97 8.03 8.03 7.81 7.65 7.58 7.80 7.75 8.17 8.08 7.77 9.09 8.59 7.73 7.69 7.75 7.89 7.80 8.45 8.54 8.08 8.75 7.65 7.51 7.98 7.71 7.96 8.03 7.98 8.82 8.82 8.65 8.46 8.75 8.34 8.41 8.40 8.34 8.32 8.33 8.37 8.40 8.76 9.05 9.14 9.08 9.05 9.66
-9999 -9999 -9999 -9999 -9999 -9999 -9999 -9999 -9999 -9999 -9999 -9999 -9999 -9999 9.19 11.61 12.23 10.64 9.43 8.79 10.37 8.88 9.08 8.24 7.99 9.50 7.88 7.57 8.70 8.21 8.02 7.87 7.51 7.55 7.97 7.88 8.64 8.53 8.29 8.02 7.74 8.98 9.48 8.53 7.83 7.61 7.89 7.91 7.85 8.09 8.54 9.94 9.02 7.77 7.48 7.71 8.38 9.03 9.05 8.68 9.01 8.81 8.72 8.62 8.49 8.52 8.46 8.49 8.47 8.48 8.53 8.60 8.75 8.93 9.16 9.17 9.01 9.48
-9999 -9999 -9999 -9999 -9999 -9999 -9999 -9999 -9999 -9999 -9999 -9999 -9999 11.36 10.52 8.39 13.46 9.50 8.09 9.81 9.53 8.66 10.76 8.59 8.33 10.09 7.62 11.55 9.25 7.85 7.93 8.74 7.75 7.57 9.49 9.32 8.77 7.97 8.24 8.18 7.95 8.35 8.72 8.58 8.12 7.95 7.88 7.87 8.11 7.95 8.70 8.58 8.31 8.03 7.77 8.18 8.77 9.37 9.34 8.60 8.73 8.92 8.93 8.76 8.62 8.57 8.57 8.59 8.58 8.57 8.62 8.70 8.73 8.89 9.34 9.36 9.14 9.27
-9999 -9999 -9999 -9999 -9999 -9999 -9999 -9999 -9999 -9999 -9999 -9999 -9999 10.38 10.27 13.12 8.65 5.84 7.56 7.97 9.12 11.05 11.07 9.20 8.86 8.92 7.74 8.21 8.71 9.54 9.37 8.09 8.15 8.05 8.28 8.71 7.93 7.83 8.34 8.30 8.58 8.72 8.39 8.59 8.44 8.17 8.00 7.85 7.92 7.96 8.42 8.55 8.30 7.78 8.04 8.76 9.49 8.99 9.40 9.36 9.01 8.81 9.34 8.82 8.92 8.69 8.68 8.60 8.61 8.64 8.62 8.66 8.73 8.84 9.47 9.36 9.07 9.10
-9999 -9999 -9999 -9999 -9999 -9999 -9999 -9999 -9999 -9999 -9999 -9999 -9999 10.97 11.87 6.84 7.84 7.26 8.27 8.40 11.65 10.47 11.57 9.59 8.84 7.59 7.03 7.55 9.80 11.15 11.86 8.54 9.58 8.61 8.58 8.44 7.50 7.76 8.08 8.32 8.65 8.25 8.32 9.20 8.73 8.14 8.07 8.75 7.82 8.12 8.29 8.17 7.90 7.81 8.23 8.51 8.75 8.78 8.82 8.47 8.55 8.99 9.20 8.54 8.53 8.67 8.65 8.63 8.56 8.49 8.55 8.60 8.67 8.79 9.02 8.95 9.08 8.93
-9999 -9999 -9999 -9999 -9999 -9999 -9999 -9999 -9999 -9999 -9999 -9999 -9999 -9999 8.47 8.94 10.28 11.72 12.15 10.36 10.55 9.19 7.27 7.41 7.07 7.82 8.02 7.40 8.43 8.75 10.98 9.53 8.68 8.39 9.21 8.96 7.64 8.33 7.78 7.97 9.51 8.31 8.21 8.20 8.37 7.93 7.88 8.94 8.57 8.12 8.44 8.16 8.02 8.25 8.70 8.33 8.24 8.04 8.60 8.18 9.04 9.13 8.54 8.42 8.80 8.73 8.52 8.49 8.42 8.43 8.49 8.54 8.61 8.66 8.71 8.77 8.92 8.84
-9999 -9999 -9999 -9999 -9999 -9999 -9999 -9999 -9999 -9999 -9999 -9999 -9999 -9999 9.49 10.08 10.59 11.63 13.12 11.95 9.73 8.01 7.05 8.36 9.85 11.11 12.20 9.80 7.97 8.34 9.24 9.06 7.80 9.79 9.13 9.12 8.27 8.81 8.06 7.86 8.35 9.26 8.95 8.47 8.21 7.98 7.91 8.60 8.54 8.32 8.32 8.59 8.74 8.84 9.04 8.45 8.23 9.06 9.11 9.12 8.97 9.15 8.57 8.79 9.13 8.49 8.38 8.37 8.35 8.42 8.44 8.46 8.52 8.56 8.62 8.59 8.49 8.33
-9999 -9999 -9999 -9999 -9999 -9999 -9999 -9999 -9999 -9999 -9999 -9999 -9999 10.27 8.73 9.11 10.35 10.91 10.12 9.95 8.69 9.64 12.87 10.86 10.93 10.78 9.22 8.52 8.99 9.21 8.12 7.89 8.43 9.59 9.44 9.09 8.23 8.94 7.86 7.91 8.89 8.49 8.83 8.91 8.54 8.35 8.13 8.61 8.57 8.16 8.33 8.35 8.31 8.81 8.52 9.19 8.83 9.28 8.80 9.01 9.11 8.60 8.55 9.12 9.02 8.40 8.35 8.53 8.38 8.48 8.49 8.56 8.53 8.49 8.47 8.34 8.51 8.64
-9999 -9999 -9999 -9999 -9999 -9999 -9999 -9999 -9999 -9999 -9999 -9999 -9999 11.53 9.74 8.59 8.28 9.31 11.80 11.62 10.85 9.85 10.22 11.14 11.81 11.63 8.82 10.23 11.10 8.37 9.90 7.48 8.12 9.16 10.34 8.29 8.72 7.83 7.45 7.81 8.29 10.11 9.07 9.13 8.85 8.62 8.49 8.52 8.36 8.09 8.18 8.12 8.09 8.07 8.88 9.23 9.24 9.60 8.93 8.64 8.71 8.51 8.84 9.16 8.94 8.67 8.88 8.68 8.86 8.59 8.58 8.72 8.69 8.47 8.34 8.20 8.15 8.64
-9999 -9999 -9999 -9999 -9999 -9999 -9999 -9999 -9999 -9999 -9999 -9999 -9999 10.44 9.29 6.92 7.60 9.24 12.05 10.91 11.25 9.57 10.65 10.19 9.15 9.65 10.10 9.90 8.97 8.16 8.55 10.44 8.06 7.86 8.04 8.30 9.34 8.35 7.41 7.71 8.19 8.43 8.44 9.16 8.91 8.66 8.69 8.17 7.87 8.26 8.39 8.43 8.04 8.42 9.21 9.22 8.68 8.81 9.39 8.80 9.06 8.49 9.16 9.23 8.71 8.69 8.81 8.39 8.54 8.50 8.53 8.59 8.47 8.37 8.29 8.17 8.35 7.98
-9999 -9999 -9999 -9999 -9999 -9999 -9999 -9999 -9999 -9999 -9999 -9999 10.28 10.44 11.30 9.21 7.55 9.88 10.51 12.00 12.03 8.56 8.79 8.32 9.21 10.15 8.97 8.86 10.18 9.25 8.75 8.55 7.94 7.32 7.51 8.35 8.35 8.19 8.04 7.71 7.53 8.00 8.34 8.02 8.42 8.25 8.66 8.12 8.10 8.20 7.94 7.87 8.06 8.83 8.72 8.74 8.39 8.96 9.11 8.97 8.51 9.11 9.18 9.20 9.32 9.03 8.68 8.53 8.41 8.51 8.54 8.44 8.36 8.24 8.14 8.17 8.33 8.22
-9999 -9999 -9999 -9999 -9999 -9999 -9999 -9999 -9999 -9999 -9999 11.11 10.67 10.60 9.01 7.72 9.63 11.56 11.79 10.47 11.64 9.09 9.95 8.95 8.50 12.55 9.39 9.83 8.53 8.84 8.00 7.93 8.24 8.90 8.17 9.46 8.25 8.58 7.77 7.58 7.67 7.83 8.09 7.92 8.05 8.29 8.42 7.62 8.08 8.05 8.14 8.22 8.40 8.78 8.28 8.83 8.60 8.79 8.34 8.40 9.26 9.52 9.18 9.30 9.24 8.71 8.96 8.91 8.82 8.75 8.51 8.34 8.17 8.28 8.24 8.64 8.74 8.80
-9999 -9999 -9999 -9999 -9999 -9999 -9999 -9999 -9999 11.84 10.69 9.75 8.29 7.78 8.01 8.29 10.52 11.18 12.03 12.98 11.66 10.21 7.70 9.70 9.11 11.43 9.50 8.96 9.05 8.20 8.07 7.54 8.35 9.55 9.05 9.02 7.60 7.85 7.81 7.80 8.23 7.94 8.20 7.76 7.86 8.06 7.64 7.64 7.91 8.51 8.38 8.91 9.27 8.88 8.55 8.27 8.21 8.74 9.09 8.98 9.29 8.73 9.23 9.33 8.93 8.49 8.53 9.06 8.92 8.90 8.34 8.18 8.05 8.21 8.83 9.04 8.81 9.29
-9999 -9999 -9999 -9999 -9999 11.80 11.04 10.10 12.07 11.82 11.54 11.25 9.22 8.54 8.16 11.51 10.31 11.48 11.49 11.15 9.08 8.43 7.45 8.62 8.36 12.39 11.25 9.82 8.39 8.73 8.39 9.56 7.73 8.87 9.07 8.71 8.26 7.80 7.59 8.24 7.92 7.55 8.39 7.73 7.74 7.46 7.67 8.11 8.51 8.00 8.62 8.36 8.61 9.20 9.13 8.96 8.81 9.16 9.19 8.99 8.76 9.29 8.67 8.65 8.60 8.44 8.87 8.94 8.93 8.49 8.14 8.21 8.36 9.02 9.03 8.67 9.09 8.52
-9999 -9999 -9999 -9999 12.48 10.71 10.91 10.25 9.63 10.54 9.91 10.17 8.71 7.84 10.32 10.71 10.88 8.48 11.98 9.35 7.79 11.40 9.50 7.28 11.88 10.36 9.60 7.06 7.30 8.02 10.22 8.26 7.81 7.70 7.88 9.04 8.81 8.74 7.89 8.01 7.64 7.57 8.15 7.87 7.58 7.57 7.88 8.38 8.22 9.43 8.29 8.08 8.36 8.92 8.60 8.61 8.39 8.53 8.91 8.79 9.24 8.88 8.52 8.55 8.77 8.46 8.58 8.54 8.16 8.08 8.10 8.22 8.39 8.63 9.05 8.95 8.93 8.63
-9999 -9999 -9999 12.28 11.55 9.24 8.74 8.79 9.27 8.73 9.08 8.55 9.02 12.01 10.03 8.86 11.21 7.42 9.25 9.25 11.58 11.15 11.61 9.91 9.54 8.43 6.57 10.01 10.05 7.81 8.18 7.91 7.72 8.00 7.65 7.85 8.99 9.23 7.76 7.56 7.56 7.91 7.54 7.27 7.53 9.26 8.07 7.98 8.36 8.87 8.47 8.15 8.53 8.90 8.87 9.22 8.85 8.34 8.31 8.36 9.05 8.84 8.49 9.03 8.93 8.50 8.50 8.33 8.18 8.39 8.49 8.52 8.67 8.63 9.00 8.51 8.36 8.55
12.91 11.27 12.17 10.21 9.71 9.91 9.12 8.70 10.02 9.16 9.17 9.20 11.15 10.74 9.44 9.97 9.54 8.20 8.09 10.63 11.03 9.79 9.82 11.04 8.85 6.56 10.15 11.32 9.65 9.70 7.98 8.26 7.83 8.05 9.38 7.96 9.36 8.20 7.66 7.49 7.67 8.77 7.19 7.46 10.10 8.33 8.07 8.08 8.49 9.05 8.19 8.33 8.53 8.34 8.73 8.76 8.46 8.22 8.49 8.31 8.57 8.82 8.87 8.57 8.34 8.21 8.19 8.51 9.48 9.03 9.59 9.16 8.42 9.12 8.85 8.87 8.63 8.48
10.51 10.12 11.83 13.64 12.47 11.97 9.82 10.49 11.56 10.61 10.19 11.59 10.19 9.59 11.19 9.06 7.40 8.09 8.28 10.19 9.94 9.47 9.03 8.88 7.97 9.11 15.24 12.21 9.79 8.32 8.72 8.34 9.45 8.28 8.59 7.93 7.84 7.82 7.93 7.58 7.39 7.43 7.24 9.54 9.84 9.18 8.31 8.11 9.80 8.74 8.33 8.52 8.20 8.68 8.65 8.48 8.03 8.79 8.57 8.19 9.26 9.09 8.38 8.20 8.18 8.15 8.54 9.22 9.48 9.33 9.63 9.15 8.82 9.21 8.95 8.47 8.68 8.58
9.62 9.86 10.60 10.82 10.27 9.26 10.56 9.73 10.90 8.74 9.53 11.09 10.26 9.03 9.81 7.44 7.18 9.84 10.38 9.32 8.19 9.58 7.49 6.98 7.18 10.60 12.43 12.58 8.28 9.00 9.19 9.36 8.76 7.75 8.63 8.25 8.07 7.69 7.97 7.23 7.04 7.70 7.75 9.46 9.16 8.73 8.08 8.67 9.66 9.21 8.93 8.60 8.67 8.53 8.29 8.09 8.18 8.53 8.80 8.58 8.47 8.41 8.24 8.95 9.39 8.40 8.59 9.12 9.28 8.96 9.32 9.29 9.28 9.21 8.52 8.55 8.44 8.49
10.25 9.37 9.61 9.27 9.66 9.19 9.24 10.03 8.90 9.42 8.44 8.19 8.06 7.82 7.59 9.24 8.64 11.19 15.25 9.29 9.37 9.61 12.57 12.23 6.90 6.56 13.15 10.52 9.42 9.98 10.80 9.20 7.79 7.35 8.91 9.18 8.22 7.70 7.47 7.14 7.16 7.96 9.70 9.70 8.59 8.37 8.28 8.18 8.28 9.04 8.64 8.53 8.28 7.98 7.83 7.90 8.63 8.49 8.34 8.42 7.87 8.01 8.69 8.64 9.09 8.65 8.60 8.59 8.74 9.13 9.30 9.34 9.32 9.31 8.46 8.17 8.46 8.43
9.74 9.16 9.63 8.80 9.07 9.07 9.14 8.36 8.24 8.88 8.32 9.23 8.35 9.84 7.76 10.15 11.62 11.46 12.08 12.68 10.85 12.21 13.56 9.90 11.06 9.53 6.06 10.04 10.34 8.25 8.62 7.41 8.73 8.62 10.60 9.89 8.21 7.70 7.24 7.14 7.96 9.82 8.72 9.79 8.65 8.46 9.00 8.27 9.23 8.32 8.49 8.17 7.93 7.79 7.97 8.05 8.16 7.98 7.90 7.78 7.97 8.69 9.27 8.83 8.32 8.75 8.33 8.95 8.50 8.52 8.73 8.94 9.09 9.08 8.75 8.09 8.36 8.36
10.35 9.46 9.04 10.02 10.73 11.81 10.83 9.72 9.00 8.35 8.66 10.58 8.61 9.51 7.56 8.96 9.27 8.51 7.56 9.54 9.00 10.64 10.78 12.51 11.20 11.40 10.16 13.01 9.07 8.31 7.99 8.78 8.46 10.24 9.78 9.95 7.86 7.61 7.21 9.70 10.12 9.64 9.74 8.47 8.85 8.99 8.90 8.58 8.57 8.51 8.23 8.00 7.91 7.83 8.25 8.33 8.52 8.15 7.72 7.78 8.40 9.56 8.36 8.64 8.62 8.27 8.17 8.28 8.11 8.27 8.69 8.51 8.84 8.80 8.57 8.43 8.41 8.10
10.84 9.94 9.43 9.53 10.75 10.96 11.44 10.81 10.04 9.41 8.92 9.08 10.71 8.16 10.94 10.05 9.85 10.46 9.24 7.66 7.73 9.13 8.50 10.11 10.26 9.14 12.13 12.04 8.08 8.81 7.41 7.97 9.28 9.81 9.24 8.72 7.74 7.48 8.61 8.14 9.30 9.04 8.57 8.82 8.69 8.55 8.72 8.32 8.12 8.07 7.98 8.93 7.90 8.34 7.86 7.86 7.68 7.69 7.92 8.57 9.36 8.97 8.63 8.70 8.49 8.20 8.23 8.53 8.85 7.98 8.60 9.17 8.68 8.43 8.60 8.00 8.17 8.75
10.87 10.44 10.67 11.23 12.08 -9999 -9999 -9999 -9999 10.52 9.94 10.27 8.50 7.76 8.86 8.90 8.73 8.43 6.00 12.07 12.37 8.88 8.02 8.19 9.44 10.10 11.30 9.38 8.47 7.87 7.33 10.21 9.24 10.32 8.21 8.10 7.89 7.74 9.14 7.87 8.87 8.77 8.29 8.44 8.38 8.28 8.13 8.01 7.98 8.04 7.99 8.66 7.95 8.08 8.06 7.75 7.83 7.94 9.00 8.83 8.95 8.99 9.00 8.03 7.94 7.76 8.46 8.74 8.60 7.83 8.40 8.90 8.74 8.42 8.83 8.50 8.37 8.65
