ML/MeanWindSpeed_1993-11_Actual.txt
ncols         180
nrows         290
xllcorner     -200000
yllcorner     -200000
cellsize      5000
NODATA_value  -9999
[rows 140 to 174 of 290, columns 79 to 157 of 180]
-9999 -9999 12.90 -9999 -9999 -9999 11.46 11.27 9.29 9.05 10.53 -9999 -9999 11.64 9.54 11.94 13.17 -9999 -9999 -9999 -9999 -9999 9.40 7.67 4.90 4.76 3.74 4.38 4.66 5.75 6.74 5.44 8.19 10.49 10.78 7.56 9.37 10.23 10.84 8.16 9.07 9.53 8.49 6.26 6.24 7.04 4.48 4.88 6.97 8.74 -9999 -9999 -9999 -9999 -9999 -9999 -9999 -9999 -9999 -9999 -9999 -9999 -9999 -9999 -9999 -9999 -9999 -9999 -9999 -9999 -9999 -9999 -9999 -9999 -9999 -9999 -9999 -9999 -9999
-9999 -9999 12.93 12.56 -9999 -9999 -9999 11.42 11.59 10.96 11.55 -9999 -9999 -9999 -9999 12.04 -9999 -9999 -9999 -9999 -9999 -9999 8.11 7.05 6.18 6.46 6.00 5.70 5.47 5.93 5.83 6.02 7.13 10.35 10.78 5.80 11.56 11.15 12.39 8.68 8.85 11.10 8.80 7.29 6.77 5.27 3.99 5.11 6.96 8.37 -9999 -9999 -9999 -9999 -9999 -9999 -9999 -9999 -9999 -9999 -9999 -9999 -9999 -9999 -9999 -9999 -9999 -9999 -9999 -9999 -9999 -9999 -9999 -9999 -9999 -9999 -9999 -9999 -9999
-9999 -9999 -9999 14.23 -9999 -9999 -9999 -9999 11.58 12.49 12.25 -9999 -9999 -9999 -9999 -9999 -9999 -9999 -9999 -9999 -9999 9.19 7.95 8.15 8.33 8.46 9.14 8.39 7.42 7.22 6.54 7.02 6.89 8.77 14.77 13.15 11.77 11.52 8.87 7.91 8.26 6.62 5.07 7.77 8.16 5.02 4.60 5.97 7.12 8.20 9.37 -9999 -9999 -9999 -9999 -9999 -9999 -9999 -9999 -9999 -9999 -9999 -9999 -9999 -9999 -9999 -9999 -9999 -9999 -9999 -9999 -9999 -9999 -9999 -9999 -9999 -9999 -9999 -9999
-9999 -9999 -9999 15.53 -9999 -9999 -9999 -9999 -9999 -9999 -9999 -9999 -9999 -9999 -9999 -9999 -9999 -9999 -9999 -9999 -9999 8.52 6.69 6.19 6.19 6.41 14.39 10.19 7.92 9.82 6.42 7.82 4.71 6.51 12.94 16.04 10.97 8.88 13.77 15.90 13.97 10.96 9.42 5.50 6.36 6.05 7.13 6.48 6.59 7.96 9.06 9.74 -9999 -9999 -9999 -9999 -9999 -9999 -9999 -9999 -9999 -9999 -9999 -9999 -9999 -9999 -9999 -9999 -9999 -9999 -9999 -9999 -9999 -9999 -9999 -9999 -9999 -9999 -9999
-9999 -9999 -9999 -9999 -9999 -9999 -9999 -9999 -9999 -9999 -9999 -9999 -9999 -9999 -9999 -9999 -9999 -9999 -9999 -9999 8.59 7.10 5.72 5.38 9.55 5.40 19.20 16.46 7.19 7.84 5.79 5.21 6.04 4.89 7.64 17.23 15.50 12.29 10.31 9.28 11.78 11.23 9.97 8.00 6.86 6.49 6.15 5.99 6.81 6.63 6.88 7.86 -9999 -9999 -9999 -9999 -9999 -9999 -9999 -9999 -9999 -9999 -9999 -9999 -9999 -9999 -9999 -9999 -9999 -9999 -9999 -9999 -9999 -9999 -9999 -9999 -9999 -9999 -9999
-9999 -9999 -9999 -9999 -9999 -9999 -9999 -9999 -9999 -9999 -9999 -9999 -9999 -9999 -9999 -9999 -9999 -9999 -9999 -9999 7.43 7.59 4.72 7.00 15.95 8.99 5.97 11.33 11.31 7.48 5.74 5.06 4.92 4.86 6.86 10.04 18.82 14.22 11.67 9.14 8.94 8.93 7.18 7.05 7.00 7.96 6.35 7.06 6.08 6.03 5.62 6.03 6.72 7.21 7.63 -9999 -9999 -9999 -9999 -9999 -9999 -9999 -9999 -9999 -9999 -9999 -9999 -9999 -9999 -9999 -9999 -9999 -9999 -9999 -9999 -9999 -9999 -9999 -9999
-9999 -9999 -9999 -9999 -9999 -9999 -9999 -9999 -9999 -9999 -9999 -9999 -9999 -9999 -9999 -9999 -9999 -9999 -9999 -9999 7.58 6.78 6.37 10.66 6.74 7.52 9.47 14.38 9.72 6.11 9.09 3.07 5.99 5.23 6.35 7.07 10.49 11.70 10.42 9.06 8.25 5.88 6.16 5.83 5.61 5.63 6.08 5.85 5.98 5.20 4.98 5.11 8.15 6.14 7.65 9.00 9.29 -9999 -9999 -9999 -9999 -9999 -9999 -9999 -9999 -9999 -9999 -9999 -9999 -9999 -9999 -9999 -9999 -9999 -9999 -9999 -9999 -9999 -9999
-9999 -9999 -9999 -9999 -9999 -9999 -9999 -9999 -9999 -9999 -9999 -9999 -9999 -9999 -9999 -9999 -9999 -9999 -9999 -9999 7.89 7.58 8.85 15.36 17.02 11.84 7.91 10.49 11.27 12.32 5.88 9.19 6.99 5.71 6.47 6.95 5.47 5.74 10.38 9.24 8.01 7.12 6.16 5.68 5.98 6.15 5.63 5.80 5.50 4.77 5.04 4.90 5.48 8.17 7.89 8.31 10.12 10.49 8.72 -9999 -9999 -9999 -9999 -9999 -9999 -9999 -9999 -9999 -9999 -9999 -9999 -9999 -9999 -9999 -9999 -9999 -9999 -9999 -9999
-9999 -9999 -9999 -9999 -9999 -9999 -9999 -9999 -9999 -9999 -9999 -9999 -9999 -9999 -9999 -9999 -9999 -9999 -9999 -9999 8.46 7.38 10.47 12.31 7.26 19.69 16.16 9.44 12.05 8.61 11.97 12.21 7.57 5.22 6.15 6.99 4.81 13.03 11.43 11.00 11.30 11.40 10.18 6.41 7.63 6.45 6.05 5.96 5.67 5.29 4.59 3.81 4.58 7.45 6.50 6.24 7.40 9.17 7.41 11.01 -9999 -9999 -9999 -9999 -9999 -9999 -9999 -9999 -9999 -9999 -9999 -9999 -9999 -9999 -9999 -9999 -9999 -9999 -9999
-9999 -9999 -9999 -9999 -9999 -9999 -9999 -9999 10.02 10.27 11.79 -9999 -9999 -9999 -9999 -9999 -9999 -9999 -9999 -9999 -9999 8.88 8.05 6.46 8.61 10.84 14.31 8.02 5.24 10.83 9.87 8.38 6.69 8.57 8.67 6.82 7.06 10.54 10.83 14.69 13.11 10.29 9.35 9.71 7.88 6.61 6.25 5.94 6.08 5.37 4.43 9.19 8.26 11.97 12.66 11.52 10.42 7.29 10.08 10.74 10.17 -9999 -9999 -9999 -9999 -9999 -9999 -9999 -9999 -9999 -9999 -9999 -9999 -9999 -9999 -9999 -9999 -9999 -9999
-9999 -9999 -9999 -9999 -9999 -9999 -9999 -9999 7.23 7.67 -9999 -9999 -9999 -9999 -9999 -9999 -9999 -9999 -9999 -9999 -9999 -9999 8.21 4.78 9.39 10.26 18.32 9.16 9.28 8.44 6.34 5.44 5.57 5.18 13.97 6.89 7.67 13.25 10.86 7.62 6.87 11.67 6.97 9.79 7.48 6.20 5.74 5.86 5.81 6.44 8.58 9.54 8.98 9.01 8.80 10.26 11.45 10.54 10.40 9.82 12.49 -9999 -9999 -9999 -9999 -9999 -9999 -9999 -9999 -9999 -9999 -9999 -9999 -9999 -9999 -9999 -9999 -9999 -9999
-9999 -9999 -9999 -9999 -9999 -9999 -9999 8.50 10.41 10.42 10.97 -9999 -9999 -9999 -9999 -9999 -9999 -9999 -9999 -9999 -9999 -9999 8.84 9.54 10.46 10.93 8.08 9.68 7.13 6.79 6.09 5.10 7.00 5.48 3.35 12.86 8.24 7.30 11.24 9.03 11.91 8.51 8.55 6.76 6.49 6.02 6.11 5.58 5.63 7.25 8.48 7.28 8.44 10.10 10.07 10.95 10.75 10.80 10.81 8.81 12.08 11.02 -9999 -9999 -9999 -9999 -9999 -9999 -9999 -9999 -9999 -9999 -9999 -9999 -9999 -9999 -9999 -9999 -9999
-9999 -9999 -9999 -9999 -9999 -9999 8.77 12.50 13.47 17.31 11.13 -9999 -9999 -9999 -9999 -9999 -9999 -9999 -9999 -9999 -9999 -9999 9.96 13.96 10.69 5.83 7.61 7.02 7.40 5.57 4.95 5.78 7.31 4.87 11.33 7.57 11.24 7.77 12.61 6.37 7.69 5.20 7.63 5.79 6.18 6.51 5.44 5.57 5.41 5.96 9.42 9.68 8.98 8.03 8.72 8.78 9.18 9.55 11.11 10.64 9.82 10.65 -9999 -9999 -9999 -9999 -9999 -9999 -9999 -9999 -9999 -9999 -9999 -9999 -9999 -9999 -9999 -9999 -9999
-9999 -9999 -9999 -9999 -9999 11.52 9.87 16.50 12.80 12.68 -9999 -9999 -9999 -9999 -9999 -9999 -9999 -9999 -9999 -9999 -9999 -9999 -9999 9.69 7.29 5.82 8.58 5.84 8.15 6.23 5.53 5.15 6.80 5.31 11.80 11.19 12.46 11.30 11.99 12.01 11.78 9.35 8.48 8.58 7.62 5.64 5.54 5.65 5.42 5.65 6.71 11.47 9.69 6.85 6.47 6.86 6.91 7.11 6.90 6.98 6.53 7.55 9.63 10.83 -9999 -9999 -9999 -9999 -9999 -9999 -9999 -9999 -9999 -9999 -9999 -9999 -9999 -9999 -9999
-9999 -9999 -9999 -9999 -9999 14.72 15.81 11.27 11.55 12.07 -9999 -9999 -9999 -9999 -9999 -9999 -9999 -9999 -9999 -9999 -9999 -9999 -9999 -9999 7.96 7.68 7.02 6.05 7.63 7.09 6.81 5.85 6.89 4.92 11.53 10.58 9.86 11.91 10.00 9.37 14.11 13.25 8.50 10.20 8.55 7.82 6.00 5.82 5.55 5.49 6.17 7.20 7.38 6.48 6.35 6.30 6.42 6.09 5.90 6.00 6.09 9.22 9.80 9.77 -9999 -9999 -9999 -9999 -9999 -9999 -9999 -9999 -9999 -9999 -9999 -9999 -9999 -9999 -9999
-9999 -9999 -9999 -9999 -9999 15.82 13.85 14.40 13.26 -9999 -9999 -9999 -9999 -9999 -9999 -9999 -9999 -9999 -9999 -9999 -9999 -9999 -9999 -9999 8.89 8.46 7.81 -9999 8.08 -9999 7.15 5.26 3.97 3.20 3.97 10.46 10.25 10.50 14.16 6.93 7.85 13.79 11.01 9.60 9.23 7.82 6.56 6.44 6.59 6.09 6.19 6.50 7.33 8.30 6.85 7.45 6.23 5.15 6.36 7.87 7.32 6.78 7.02 9.19 11.72 12.86 -9999 -9999 -9999 -9999 -9999 -9999 -9999 -9999 -9999 -9999 -9999 -9999 -9999
-9999 -9999 -9999 -9999 15.60 14.41 13.89 -9999 -9999 -9999 -9999 -9999 -9999 -9999 -9999 -9999 -9999 -9999 -9999 -9999 -9999 -9999 -9999 -9999 10.19 8.94 7.94 -9999 -9999 -9999 7.18 6.94 2.72 3.52 5.49 5.25 6.05 8.34 13.03 13.03 6.96 11.37 12.84 8.94 10.24 8.78 7.58 5.88 6.28 6.06 6.05 6.20 6.51 6.82 6.67 7.14 5.60 5.68 6.99 8.22 8.67 8.51 7.56 7.70 9.49 11.49 -9999 -9999 -9999 -9999 -9999 -9999 -9999 -9999 -9999 -9999 -9999 -9999 -9999
-9999 -9999 -9999 -9999 -9999 -9999 -9999 -9999 -9999 -9999 -9999 -9999 -9999 -9999 -9999 -9999 -9999 -9999 -9999 -9999 -9999 -9999 -9999 -9999 -9999 -9999 -9999 -9999 -9999 8.62 6.81 5.80 6.89 7.67 8.65 9.08 7.88 8.67 11.99 11.51 9.29 6.93 10.18 11.17 9.09 7.80 6.91 6.40 6.39 6.62 6.02 5.83 5.97 5.97 6.01 5.70 6.61 9.08 7.12 7.99 7.23 7.38 6.40 7.52 9.22 -9999 -9999 -9999 -9999 -9999 -9999 -9999 -9999 -9999 -9999 -9999 -9999 -9999 -9999
-9999 -9999 -9999 -9999 -9999 -9999 -9999 -9999 -9999 -9999 -9999 -9999 -9999 -9999 -9999 -9999 -9999 -9999 -9999 -9999 -9999 -9999 -9999 -9999 -9999 -9999 -9999 -9999 -9999 8.02 6.71 7.61 9.53 12.48 11.19 7.63 9.19 6.33 7.42 6.64 8.52 9.47 9.98 9.91 9.49 7.91 7.36 6.95 6.17 6.40 5.73 5.60 5.67 5.78 5.85 5.61 6.24 10.19 8.81 6.67 6.35 6.19 6.02 7.29 9.42 -9999 -9999 -9999 -9999 -9999 -9999 -9999 -9999 -9999 -9999 -9999 -9999 -9999 -9999
-9999 -9999 -9999 -9999 -9999 -9999 -9999 -9999 -9999 -9999 -9999 -9999 -9999 -9999 -9999 -9999 -9999 -9999 -9999 -9999 -9999 -9999 -9999 -9999 -9999 -9999 -9999 -9999 -9999 6.91 5.93 6.28 9.08 10.26 9.75 8.62 7.51 6.19 7.35 5.96 5.62 7.01 5.38 9.90 8.28 9.13 7.47 7.01 5.65 5.43 5.54 5.45 5.52 5.51 5.63 5.69 5.74 7.90 8.26 6.71 5.95 6.04 5.89 6.97 8.93 -9999 -9999 -9999 -9999 -9999 -9999 -9999 -9999 -9999 -9999 -9999 -9999 -9999 -9999
-9999 -9999 -9999 -9999 -9999 -9999 -9999 -9999 -9999 -9999 -9999 -9999 -9999 -9999 -9999 -9999 -9999 -9999 -9999 -9999 -9999 -9999 -9999 -9999 -9999 -9999 -9999 9.58 7.62 5.98 5.71 8.59 10.35 13.48 9.53 11.25 5.33 6.42 6.30 6.82 7.42 7.48 9.80 6.25 6.41 6.26 6.13 5.42 6.17 5.13 5.13 5.55 5.27 5.32 5.55 5.51 5.71 6.15 7.70 6.38 5.46 5.62 5.78 6.39 8.18 10.09 -9999 -9999 -9999 -9999 -9999 -9999 -9999 -9999 -9999 -9999 -9999 -9999 -9999
-9999 -9999 -9999 -9999 -9999 -9999 -9999 -9999 -9999 -9999 -9999 -9999 -9999 -9999 -9999 -9999 -9999 -9999 -9999 -9999 -9999 -9999 -9999 -9999 -9999 -9999 -9999 8.69 6.50 5.52 5.34 6.19 9.63 6.98 6.81 5.23 6.61 9.82 6.83 7.56 6.95 8.43 4.67 9.29 7.04 8.38 8.05 7.83 6.14 5.42 5.09 5.07 5.09 5.26 5.38 5.48 5.52 5.70 6.18 6.84 5.78 5.54 5.81 6.04 7.37 9.33 -9999 -9999 -9999 -9999 -9999 -9999 -9999 -9999 -9999 -9999 -9999 -9999 -9999
-9999 -9999 -9999 -9999 -9999 -9999 -9999 -9999 -9999 -9999 -9999 -9999 -9999 -9999 -9999 -9999 -9999 -9999 -9999 -9999 -9999 -9999 -9999 -9999 -9999 -9999 -9999 8.72 6.41 5.73 5.53 6.11 6.96 6.87 5.79 4.71 6.01 6.70 6.02 7.65 10.02 7.17 6.62 5.36 7.37 5.53 6.20 6.90 7.10 5.84 5.47 5.05 5.03 5.24 5.40 5.49 5.56 5.70 5.99 6.84 7.23 6.11 5.78 6.07 6.71 8.07 9.85 -9999 -9999 -9999 -9999 -9999 -9999 -9999 -9999 -9999 -9999 -9999 -9999
-9999 -9999 -9999 -9999 -9999 -9999 -9999 -9999 -9999 -9999 -9999 -9999 -9999 -9999 -9999 -9999 -9999 -9999 -9999 -9999 -9999 -9999 -9999 -9999 -9999 -9999 -9999 8.42 6.59 6.06 6.07 5.96 5.85 5.10 5.56 6.62 4.52 5.07 5.93 10.92 10.76 11.51 9.94 7.72 7.17 7.53 5.92 5.32 6.40 6.56 5.37 5.00 5.11 5.11 5.39 5.62 5.82 5.91 6.03 7.53 8.54 7.10 6.68 6.82 6.67 7.04 8.64 10.33 -9999 -9999 -9999 -9999 -9999 -9999 -9999 -9999 -9999 -9999 -9999
-9999 -9999 -9999 -9999 -9999 -9999 -9999 -9999 -9999 -9999 -9999 -9999 -9999 -9999 -9999 -9999 -9999 -9999 -9999 -9999 -9999 -9999 -9999 -9999 -9999 -9999 -9999 8.34 6.35 5.89 5.77 5.56 5.10 5.18 4.47 6.13 7.25 9.08 10.35 11.57 8.11 9.66 8.13 8.09 6.44 7.54 6.79 6.02 5.24 4.89 5.05 4.92 5.16 5.35 5.65 5.84 6.12 6.34 6.40 6.86 7.87 7.33 6.95 7.25 7.41 7.22 7.40 9.21 -9999 -9999 -9999 -9999 -9999 -9999 -9999 -9999 -9999 -9999 -9999
-9999 -9999 -9999 -9999 -9999 -9999 -9999 -9999 -9999 -9999 -9999 -9999 -9999 -9999 -9999 -9999 -9999 -9999 -9999 -9999 -9999 -9999 -9999 -9999 -9999 -9999 -9999 -9999 6.33 5.91 5.62 5.20 5.82 7.60 7.56 8.79 8.01 7.63 9.88 9.35 9.75 8.26 6.12 4.77 5.34 4.97 6.38 5.65 5.36 5.85 5.51 4.97 5.43 5.52 5.83 5.93 6.22 6.53 6.68 7.00 6.98 7.02 7.18 7.61 -9999 7.86 8.30 9.37 11.29 -9999 -9999 -9999 -9999 -9999 -9999 -9999 -9999 -9999 -9999
-9999 -9999 -9999 -9999 -9999 -9999 -9999 -9999 -9999 -9999 -9999 -9999 -9999 -9999 -9999 -9999 -9999 -9999 -9999 -9999 -9999 -9999 -9999 -9999 -9999 -9999 -9999 8.03 6.15 5.63 5.01 4.99 5.74 9.85 10.36 8.58 11.76 11.18 9.41 8.51 11.76 8.62 8.37 5.90 3.88 5.99 4.96 4.58 5.47 5.64 5.12 5.41 5.45 5.62 5.82 6.11 6.16 6.30 7.83 7.17 6.57 7.89 6.92 7.08 7.37 -9999 9.05 10.07 11.65 12.86 -9999 -9999 -9999 -9999 -9999 -9999 -9999 -9999 -9999
-9999 -9999 -9999 -9999 -9999 -9999 -9999 -9999 -9999 -9999 -9999 -9999 -9999 -9999 -9999 -9999 -9999 -9999 -9999 -9999 -9999 -9999 -9999 -9999 -9999 -9999 -9999 7.77 5.99 5.59 5.04 6.87 6.38 7.75 10.89 7.71 8.23 8.77 7.24 6.87 9.89 7.76 6.94 3.67 5.58 6.79 4.76 6.14 5.57 6.34 6.01 5.65 5.51 5.67 5.83 5.93 5.90 5.91 6.10 6.60 5.78 6.16 6.66 5.86 6.88 7.78 -9999 -9999 -9999 -9999 -9999 -9999 -9999 -9999 -9999 -9999 -9999 -9999 -9999
-9999 -9999 -9999 -9999 -9999 -9999 -9999 -9999 -9999 -9999 -9999 -9999 -9999 -9999 -9999 -9999 -9999 -9999 -9999 -9999 -9999 -9999 -9999 -9999 -9999 -9999 9.86 7.19 5.88 6.60 6.05 6.34 6.27 7.71 8.15 7.54 7.32 7.17 7.07 7.44 9.94 11.24 10.11 4.71 7.12 6.66 4.60 5.32 4.80 5.80 6.08 5.47 5.35 5.83 5.88 5.87 6.03 5.93 6.09 6.17 6.18 6.21 7.45 6.30 6.14 6.74 8.38 10.18 -9999 -9999 -9999 -9999 -9999 -9999 -9999 -9999 -9999 -9999 -9999
-9999 -9999 -9999 -9999 -9999 -9999 -9999 -9999 -9999 -9999 -9999 -9999 -9999 -9999 -9999 -9999 -9999 -9999 -9999 -9999 -9999 -9999 -9999 -9999 -9999 -9999 -9999 7.45 6.05 5.99 6.30 8.28 6.37 6.37 6.47 6.89 7.21 6.83 6.76 6.91 7.04 10.19 9.89 9.98 7.08 7.32 6.58 5.80 6.63 4.77 4.81 5.79 5.35 5.65 5.68 5.68 5.99 5.97 6.08 6.38 6.20 6.15 6.24 8.15 6.57 6.05 6.69 8.16 9.79 11.45 -9999 -9999 -9999 -9999 -9999 -9999 -9999 -9999 -9999
-9999 -9999 -9999 -9999 -9999 -9999 -9999 -9999 -9999 -9999 -9999 -9999 -9999 -9999 -9999 -9999 -9999 -9999 -9999 -9999 -9999 -9999 -9999 -9999 -9999 -9999 -9999 7.47 6.64 6.12 6.30 6.53 6.62 6.27 5.81 5.99 5.74 5.63 5.95 6.33 7.11 6.15 9.84 11.93 12.29 9.08 7.20 6.88 5.70 6.21 5.18 6.34 5.56 5.77 5.66 5.63 5.78 6.02 6.49 6.57 6.42 6.30 6.79 8.62 7.42 7.14 5.99 6.52 7.97 9.77 -9999 -9999 -9999 -9999 -9999 -9999 -9999 -9999 -9999
-9999 -9999 -9999 -9999 -9999 -9999 -9999 11.51 10.16 10.49 11.90 -9999 -9999 -9999 -9999 -9999 -9999 -9999 -9999 -9999 -9999 -9999 -9999 -9999 -9999 -9999 8.20 6.93 7.37 6.64 7.40 6.81 5.95 5.61 5.65 5.55 5.64 5.53 5.76 5.75 5.95 9.08 10.94 10.68 8.07 10.43 8.72 5.63 5.94 4.34 7.14 7.07 5.83 5.86 5.70 5.61 5.79 6.20 6.64 7.07 6.85 6.45 6.66 7.11 8.56 7.76 7.87 6.09 6.31 8.18 10.21 -9999 -9999 -9999 -9999 -9999 -9999 -9999 -9999
-9999 -9999 -9999 -9999 -9999 -9999 -9999 10.58 9.13 8.73 9.57 -9999 -9999 -9999 -9999 -9999 -9999 -9999 -9999 -9999 -9999 -9999 -9999 -9999 -9999 8.33 7.96 6.95 7.36 8.49 7.00 6.64 5.61 5.51 5.72 5.57 5.77 5.87 5.31 4.93 4.79 6.44 12.29 12.43 8.00 9.15 8.01 7.63 5.04 4.45 6.16 6.80 6.11 5.37 5.42 5.57 6.24 6.53 6.78 7.01 7.33 6.81 6.95 7.09 8.61 8.11 7.50 6.24 6.21 7.00 9.18 -9999 -9999 -9999 -9999 -9999 -9999 -9999 -9999
-9999 -9999 -9999 -9999 -9999 14.32 10.72 8.62 8.49 8.06 9.27 8.92 10.32 11.04 -9999 -9999 10.93 9.00 -9999 -9999 -9999 8.50 9.23 7.74 -9999 5.74 8.10 7.39 7.03 7.61 6.93 6.73 6.52 7.07 6.62 6.61 5.63 6.09 5.47 5.09 8.06 4.97 7.57 10.71 5.63 7.26 11.51 5.56 7.72 5.61 6.03 6.30 5.86 5.68 5.73 5.74 6.34 6.36 6.87 6.89 7.59 6.84 6.85 7.08 7.49 7.94 8.37 7.52 6.35 6.24 8.11 10.42 -9999 -9999 -9999 -9999 -9999 -9999 -9999
-9999 -9999 -9999 -9999 -9999 -9999 11.24 9.27 8.21 7.64 7.90 8.69 9.88 6.62 -9999 4.56 7.95 9.00 7.52 8.56 5.66 5.46 9.79 8.63 6.60 -9999 5.64 7.63 7.73 7.06 6.80 7.02 5.99 5.93 6.04 5.96 6.16 5.99 6.57 5.82 8.48 8.65 8.61 9.03 8.24 10.38 9.78 7.25 5.49 5.09 6.69 6.80 5.48 6.08 5.64 6.14 6.59 6.40 6.71 6.78 7.58 6.80 6.72 6.91 6.93 7.62 7.95 8.30 7.25 6.47 7.32 9.49 -9999 -9999 -9999 -9999 -9999 -9999 -9999
