ML/MeanWindSpeed_2000-10_Actual.txt
ncols         180
nrows         290
xllcorner     -200000
yllcorner     -200000
cellsize      5000
NODATA_value  -9999
[rows 140 to 174 of 290, columns 78 to 155 of 180]
-9999 -9999 -9999 16.51 -9999 -9999 -9999 14.63 14.62 12.70 12.51 13.94 -9999 -9999 14.56 12.35 15.27 16.67 -9999 -9999 -9999 -9999 -9999 12.28 10.18 6.88 6.59 5.65 6.36 6.52 7.41 7.59 5.15 8.42 11.53 12.03 8.45 10.51 11.61 12.41 9.71 11.10 11.94 11.02 8.85 9.20 9.91 6.81 7.59 10.15 11.89 -9999 -9999 -9999 -9999 -9999 -9999 -9999 -9999 -9999 -9999 -9999 -9999 -9999 -9999 -9999 -9999 -9999 -9999 -9999 -9999 -9999 -9999 -9999 -9999 -9999 -9999 -9999
-9999 -9999 -9999 16.52 16.16 -9999 -9999 -9999 14.60 15.09 14.54 15.10 -9999 -9999 -9999 -9999 15.36 -9999 -9999 -9999 -9999 -9999 -9999 10.66 8.89 7.29 7.54 7.62 7.51 7.20 7.72 7.30 6.36 7.16 11.24 11.83 6.59 13.15 12.69 14.20 10.26 10.82 13.57 11.34 9.99 9.68 7.85 6.23 7.69 10.07 11.48 -9999 -9999 -9999 -9999 -9999 -9999 -9999 -9999 -9999 -9999 -9999 -9999 -9999 -9999 -9999 -9999 -9999 -9999 -9999 -9999 -9999 -9999 -9999 -9999 -9999 -9999 -9999
-9999 -9999 -9999 -9999 17.94 -9999 -9999 -9999 -9999 15.00 16.14 15.83 -9999 -9999 -9999 -9999 -9999 -9999 -9999 -9999 -9999 -9999 12.33 10.24 9.52 8.64 8.45 9.83 9.44 8.85 9.03 8.51 8.12 6.70 8.81 15.78 14.61 13.50 13.21 10.43 9.53 10.29 8.76 7.26 10.62 11.20 7.51 6.86 8.47 10.03 11.21 12.26 -9999 -9999 -9999 -9999 -9999 -9999 -9999 -9999 -9999 -9999 -9999 -9999 -9999 -9999 -9999 -9999 -9999 -9999 -9999 -9999 -9999 -9999 -9999 -9999 -9999 -9999
-9999 -9999 -9999 -9999 19.37 -9999 -9999 -9999 -9999 -9999 -9999 -9999 -9999 -9999 -9999 -9999 -9999 -9999 -9999 -9999 -9999 -9999 12.23 9.25 7.18 5.34 4.93 14.43 10.66 9.09 11.84 8.67 9.97 5.01 5.98 13.51 17.65 12.46 9.87 15.21 18.01 16.46 13.67 12.30 8.05 9.01 8.67 9.77 9.06 9.33 10.89 11.94 12.54 -9999 -9999 -9999 -9999 -9999 -9999 -9999 -9999 -9999 -9999 -9999 -9999 -9999 -9999 -9999 -9999 -9999 -9999 -9999 -9999 -9999 -9999 -9999 -9999 -9999
-9999 -9999 -9999 -9999 -9999 -9999 -9999 -9999 -9999 -9999 -9999 -9999 -9999 -9999 -9999 -9999 -9999 -9999 -9999 -9999 -9999 13.49 11.32 8.31 6.15 9.29 4.12 19.75 17.53 8.20 9.77 8.38 7.76 7.84 4.84 7.35 18.33 16.74 13.53 11.50 10.54 13.85 13.73 12.72 10.63 9.48 9.18 8.80 8.68 9.66 9.42 9.60 10.62 -9999 -9999 -9999 -9999 -9999 -9999 -9999 -9999 -9999 -9999 -9999 -9999 -9999 -9999 -9999 -9999 -9999 -9999 -9999 -9999 -9999 -9999 -9999 -9999 -9999
-9999 -9999 -9999 -9999 -9999 -9999 -9999 -9999 -9999 -9999 -9999 -9999 -9999 -9999 -9999 -9999 -9999 -9999 -9999 -9999 -9999 12.31 12.06 7.32 8.52 17.45 8.40 4.92 11.75 12.52 9.52 8.63 8.14 7.60 5.88 6.13 8.95 19.33 15.39 13.37 10.84 11.00 11.44 9.69 9.62 9.74 10.87 9.10 9.97 8.92 8.78 8.16 8.55 9.36 10.01 10.53 -9999 -9999 -9999 -9999 -9999 -9999 -9999 -9999 -9999 -9999 -9999 -9999 -9999 -9999 -9999 -9999 -9999 -9999 -9999 -9999 -9999 -9999
-9999 -9999 -9999 -9999 -9999 -9999 -9999 -9999 -9999 -9999 -9999 -9999 -9999 -9999 -9999 -9999 -9999 -9999 -9999 -9999 -9999 12.37 11.05 9.43 12.85 7.30 6.53 8.64 14.68 10.29 8.09 12.31 6.01 9.23 7.51 6.76 6.69 10.52 12.58 11.98 11.13 10.71 8.47 8.97 8.66 8.43 8.41 8.91 8.70 8.80 7.72 7.17 7.10 10.56 8.53 10.31 11.98 12.39 -9999 -9999 -9999 -9999 -9999 -9999 -9999 -9999 -9999 -9999 -9999 -9999 -9999 -9999 -9999 -9999 -9999 -9999 -9999 -9999
-9999 -9999 -9999 -9999 -9999 -9999 -9999 -9999 -9999 -9999 -9999 -9999 -9999 -9999 -9999 -9999 -9999 -9999 -9999 -9999 -9999 12.54 11.22 11.84 17.97 18.78 12.17 7.53 10.34 11.63 14.43 8.30 12.32 10.00 8.58 8.36 7.57 5.37 6.06 11.68 11.08 10.35 9.77 8.95 8.63 9.02 9.14 8.54 8.69 8.20 7.19 7.15 6.65 7.39 10.55 10.30 10.98 13.26 13.75 11.82 -9999 -9999 -9999 -9999 -9999 -9999 -9999 -9999 -9999 -9999 -9999 -9999 -9999 -9999 -9999 -9999 -9999 -9999
-9999 -9999 -9999 -9999 -9999 -9999 -9999 -9999 -9999 -9999 -9999 -9999 -9999 -9999 -9999 -9999 -9999 -9999 -9999 -9999 -9999 13.35 11.18 13.47 14.71 8.82 22.91 18.41 10.13 13.09 9.97 14.75 15.44 10.31 7.72 7.96 7.57 4.69 14.01 12.58 12.45 13.43 14.12 13.26 9.35 10.91 9.54 9.04 8.83 8.39 7.78 6.74 5.45 6.36 9.69 8.75 8.60 9.93 12.05 10.40 14.34 -9999 -9999 -9999 -9999 -9999 -9999 -9999 -9999 -9999 -9999 -9999 -9999 -9999 -9999 -9999 -9999 -9999
-9999 -9999 -9999 -9999 -9999 -9999 -9999 -9999 -9999 13.64 13.84 15.24 -9999 -9999 -9999 -9999 -9999 -9999 -9999 -9999 -9999 -9999 13.32 11.59 9.15 11.45 14.36 17.95 10.21 6.80 13.09 12.39 10.81 8.67 10.56 10.02 7.19 7.52 11.27 11.95 16.73 15.42 12.78 12.28 13.11 11.25 9.78 9.26 8.75 8.55 7.38 6.09 11.06 10.03 14.20 15.21 14.07 12.73 9.45 13.05 14.03 13.26 -9999 -9999 -9999 -9999 -9999 -9999 -9999 -9999 -9999 -9999 -9999 -9999 -9999 -9999 -9999 -9999
-9999 -9999 -9999 -9999 -9999 -9999 -9999 -9999 -9999 11.25 11.50 -9999 -9999 -9999 -9999 -9999 -9999 -9999 -9999 -9999 -9999 -9999 -9999 11.83 7.85 12.88 14.04 23.01 12.32 12.19 11.29 8.69 7.25 7.08 6.30 15.62 7.43 8.39 14.74 12.18 8.99 8.60 14.40 9.66 13.28 10.91 9.46 8.77 8.55 7.84 8.15 10.52 11.53 10.86 10.78 10.58 12.30 13.56 12.79 13.05 12.89 15.89 -9999 -9999 -9999 -9999 -9999 -9999 -9999 -9999 -9999 -9999 -9999 -9999 -9999 -9999 -9999 -9999
-9999 -9999 -9999 -9999 -9999 -9999 -9999 -9999 11.64 14.67 14.85 14.93 -9999 -9999 -9999 -9999 -9999 -9999 -9999 -9999 -9999 -9999 -9999 12.30 13.76 14.68 15.26 11.94 13.33 10.38 9.72 8.48 7.30 9.08 6.77 4.13 14.77 9.59 8.64 13.21 11.05 14.77 11.33 11.80 10.17 9.99 9.40 9.30 8.32 7.61 9.13 10.69 9.39 10.76 12.50 12.31 13.14 12.80 13.07 13.42 11.61 15.40 14.13 -9999 -9999 -9999 -9999 -9999 -9999 -9999 -9999 -9999 -9999 -9999 -9999 -9999 -9999 -9999
-9999 -9999 -9999 -9999 -9999 -9999 -9999 10.70 15.56 17.75 22.35 15.21 -9999 -9999 -9999 -9999 -9999 -9999 -9999 -9999 -9999 -9999 -9999 13.99 19.07 15.25 9.88 11.53 10.54 10.94 8.54 7.34 8.00 9.17 6.05 12.97 8.82 13.14 9.45 15.21 8.53 10.28 7.91 10.93 9.15 9.72 10.04 8.69 8.51 7.74 8.04 12.05 12.48 11.89 10.78 11.34 11.17 11.30 11.72 13.78 13.60 12.93 13.88 -9999 -9999 -9999 -9999 -9999 -9999 -9999 -9999 -9999 -9999 -9999 -9999 -9999 -9999 -9999
-9999 -9999 -9999 -9999 -9999 -9999 13.54 11.95 20.38 17.19 17.06 -9999 -9999 -9999 -9999 -9999 -9999 -9999 -9999 -9999 -9999 -9999 -9999 -9999 14.23 11.32 9.98 12.64 9.41 11.91 9.32 8.14 7.37 8.02 6.04 13.34 12.64 14.02 12.93 13.94 14.17 14.08 12.01 11.61 12.05 11.28 9.06 8.84 8.81 8.40 8.17 9.21 14.74 12.97 9.81 9.29 9.56 9.41 9.60 9.60 9.70 9.30 10.54 12.79 14.02 -9999 -9999 -9999 -9999 -9999 -9999 -9999 -9999 -9999 -9999 -9999 -9999 -9999
-9999 -9999 -9999 -9999 -9999 -9999 17.01 18.61 14.16 15.16 15.94 -9999 -9999 -9999 -9999 -9999 -9999 -9999 -9999 -9999 -9999 -9999 -9999 -9999 -9999 12.08 12.07 11.07 9.80 11.34 10.26 9.75 8.55 8.83 5.88 13.36 12.11 11.02 13.56 11.55 10.79 16.40 15.94 11.25 13.59 12.08 11.33 9.16 8.86 8.86 8.44 8.66 9.88 10.28 9.33 9.22 9.13 9.16 8.69 8.48 8.52 8.68 12.31 12.99 12.94 -9999 -9999 -9999 -9999 -9999 -9999 -9999 -9999 -9999 -9999 -9999 -9999 -9999
-9999 -9999 -9999 -9999 -9999 -9999 18.32 16.42 17.20 16.22 -9999 -9999 -9999 -9999 -9999 -9999 -9999 -9999 -9999 -9999 -9999 -9999 -9999 -9999 -9999 13.23 12.85 12.02 -9999 11.80 -9999 10.33 8.35 6.64 5.03 5.59 12.32 11.55 12.18 16.32 7.84 9.36 16.43 13.67 12.71 12.59 11.06 9.43 8.92 8.67 8.24 8.50 8.95 10.01 11.15 9.66 10.28 8.76 7.54 8.89 10.58 10.14 9.55 9.81 12.30 15.05 16.17 -9999 -9999 -9999 -9999 -9999 -9999 -9999 -9999 -9999 -9999 -9999
-9999 -9999 -9999 -9999 -9999 18.31 17.00 16.49 -9999 -9999 -9999 -9999 -9999 -9999 -9999 -9999 -9999 -9999 -9999 -9999 -9999 -9999 -9999 -9999 -9999 14.58 13.18 11.99 -9999 -9999 -9999 10.14 9.93 5.22 6.00 8.06 6.97 7.09 9.86 15.34 15.06 8.33 13.77 15.76 11.81 13.51 12.00 10.47 8.23 8.44 8.21 8.41 8.71 9.12 9.49 9.34 9.68 7.83 8.14 9.71 11.13 11.79 11.68 10.67 10.80 12.65 14.67 -9999 -9999 -9999 -9999 -9999 -9999 -9999 -9999 -9999 -9999 -9999
-9999 -9999 -9999 -9999 -9999 -9999 -9999 -9999 -9999 -9999 -9999 -9999 -9999 -9999 -9999 -9999 -9999 -9999 -9999 -9999 -9999 -9999 -9999 -9999 -9999 -9999 -9999 -9999 -9999 -9999 11.56 8.87 7.74 9.02 10.04 11.40 11.56 9.73 10.70 14.48 13.93 11.25 8.75 12.88 14.32 12.22 10.87 9.73 8.89 8.78 9.06 8.53 8.45 8.66 8.67 8.48 7.77 8.87 12.00 10.09 11.22 10.53 10.73 9.66 10.75 12.39 -9999 -9999 -9999 -9999 -9999 -9999 -9999 -9999 -9999 -9999 -9999 -9999
-9999 -9999 -9999 -9999 -9999 -9999 -9999 -9999 -9999 -9999 -9999 -9999 -9999 -9999 -9999 -9999 -9999 -9999 -9999 -9999 -9999 -9999 -9999 -9999 -9999 -9999 -9999 -9999 -9999 -9999 10.71 8.49 9.32 11.80 15.32 14.12 10.35 11.95 8.83 9.69 8.75 10.81 11.61 12.69 12.87 12.50 10.86 10.21 9.65 8.79 9.08 8.42 8.36 8.47 8.59 8.40 7.63 8.47 13.36 12.29 10.15 9.85 9.65 9.39 10.57 12.59 -9999 -9999 -9999 -9999 -9999 -9999 -9999 -9999 -9999 -9999 -9999 -9999
-9999 -9999 -9999 -9999 -9999 -9999 -9999 -9999 -9999 -9999 -9999 -9999 -9999 -9999 -9999 -9999 -9999 -9999 -9999 -9999 -9999 -9999 -9999 -9999 -9999 -9999 -9999 -9999 -9999 -9999 9.69 7.81 8.08 11.66 13.12 12.66 11.56 10.47 9.09 10.11 8.40 8.10 9.39 7.67 12.77 11.03 12.18 10.50 10.01 8.51 8.29 8.46 8.38 8.46 8.42 8.40 8.08 8.08 10.89 11.81 10.41 9.62 9.64 9.36 10.29 12.02 -9999 -9999 -9999 -9999 -9999 -9999 -9999 -9999 -9999 -9999 -9999 -9999
-9999 -9999 -9999 -9999 -9999 -9999 -9999 -9999 -9999 -9999 -9999 -9999 -9999 -9999 -9999 -9999 -9999 -9999 -9999 -9999 -9999 -9999 -9999 -9999 -9999 -9999 -9999 -9999 13.38 11.17 8.76 7.52 10.90 13.29 16.80 12.58 14.32 7.84 8.98 8.90 9.65 10.27 10.19 12.92 8.94 9.25 9.16 9.06 8.38 9.30 8.18 8.19 8.62 8.29 8.30 8.50 8.27 8.37 9.07 11.25 10.17 9.24 9.28 9.33 9.72 11.11 12.92 -9999 -9999 -9999 -9999 -9999 -9999 -9999 -9999 -9999 -9999 -9999
-9999 -9999 -9999 -9999 -9999 -9999 -9999 -9999 -9999 -9999 -9999 -9999 -9999 -9999 -9999 -9999 -9999 -9999 -9999 -9999 -9999 -9999 -9999 -9999 -9999 -9999 -9999 -9999 12.43 10.06 8.63 7.97 8.75 12.71 9.98 9.39 7.25 9.04 12.48 9.14 10.50 9.81 11.42 7.47 12.55 10.02 11.49 11.10 10.99 9.31 8.63 8.25 8.16 8.15 8.29 8.39 8.46 8.38 8.56 9.46 10.63 9.64 9.23 9.41 9.30 10.14 12.09 -9999 -9999 -9999 -9999 -9999 -9999 -9999 -9999 -9999 -9999 -9999
-9999 -9999 -9999 -9999 -9999 -9999 -9999 -9999 -9999 -9999 -9999 -9999 -9999 -9999 -9999 -9999 -9999 -9999 -9999 -9999 -9999 -9999 -9999 -9999 -9999 -9999 -9999 -9999 12.44 9.96 9.05 8.54 9.04 10.01 10.02 8.42 7.09 8.62 8.85 7.93 10.13 13.14 10.21 9.73 8.27 10.53 8.43 9.16 9.98 10.36 9.10 8.68 8.15 8.10 8.29 8.42 8.51 8.52 8.47 9.00 10.44 11.12 9.82 9.31 9.21 9.40 10.75 12.62 -9999 -9999 -9999 -9999 -9999 -9999 -9999 -9999 -9999 -9999
-9999 -9999 -9999 -9999 -9999 -9999 -9999 -9999 -9999 -9999 -9999 -9999 -9999 -9999 -9999 -9999 -9999 -9999 -9999 -9999 -9999 -9999 -9999 -9999 -9999 -9999 -9999 -9999 12.10 10.16 9.49 9.37 9.09 8.78 8.03 8.50 9.48 6.78 6.84 7.87 13.47 13.56 14.75 13.20 10.84 10.48 10.94 9.11 8.33 9.61 9.92 8.59 8.12 8.21 8.15 8.40 8.63 8.84 8.73 8.89 11.01 12.38 10.79 10.13 9.91 9.39 9.67 11.37 13.15 -9999 -9999 -9999 -9999 -9999 -9999 -9999 -9999 -9999
-9999 -9999 -9999 -9999 -9999 -9999 -9999 -9999 -9999 -9999 -9999 -9999 -9999 -9999 -9999 -9999 -9999 -9999 -9999 -9999 -9999 -9999 -9999 -9999 -9999 -9999 -9999 -9999 12.11 9.95 9.35 9.02 8.48 7.74 7.83 6.91 8.39 9.41 11.47 13.13 14.54 11.03 13.02 11.47 11.44 9.68 11.10 10.33 9.35 8.45 8.11 8.26 8.04 8.24 8.37 8.63 8.81 9.13 9.32 9.42 10.16 11.46 10.87 10.29 10.33 10.23 9.89 10.08 12.00 -9999 -9999 -9999 -9999 -9999 -9999 -9999 -9999 -9999
-9999 -9999 -9999 -9999 -9999 -9999 -9999 -9999 -9999 -9999 -9999 -9999 -9999 -9999 -9999 -9999 -9999 -9999 -9999 -9999 -9999 -9999 -9999 -9999 -9999 -9999 -9999 -9999 -9999 9.95 9.36 8.73 7.74 8.12 9.99 9.97 11.14 9.99 9.77 12.41 12.19 13.29 12.00 9.78 8.21 8.88 8.60 10.12 9.10 8.67 9.20 8.77 8.07 8.48 8.46 8.72 8.78 9.05 9.43 9.69 10.10 10.18 10.27 10.38 10.67 -9999 10.62 11.05 12.18 14.23 -9999 -9999 -9999 -9999 -9999 -9999 -9999 -9999
-9999 -9999 -9999 -9999 -9999 -9999 -9999 -9999 -9999 -9999 -9999 -9999 -9999 -9999 -9999 -9999 -9999 -9999 -9999 -9999 -9999 -9999 -9999 -9999 -9999 -9999 -9999 -9999 11.78 9.75 9.02 8.04 7.27 7.57 12.37 13.15 10.99 14.42 13.93 11.62 10.90 15.22 12.42 12.50 9.69 7.64 10.09 8.78 8.12 8.91 8.98 8.36 8.50 8.35 8.40 8.53 8.79 8.75 8.91 10.69 9.89 9.35 10.92 9.92 10.05 10.26 -9999 11.87 12.93 14.59 15.87 -9999 -9999 -9999 -9999 -9999 -9999 -9999
-9999 -9999 -9999 -9999 -9999 -9999 -9999 -9999 -9999 -9999 -9999 -9999 -9999 -9999 -9999 -9999 -9999 -9999 -9999 -9999 -9999 -9999 -9999 -9999 -9999 -9999 -9999 -9999 11.38 9.41 8.77 8.00 9.57 8.72 10.48 14.17 10.64 11.15 11.57 9.27 8.82 12.79 11.33 10.84 7.31 9.76 11.25 8.93 10.21 9.31 9.88 9.35 8.68 8.27 8.27 8.37 8.45 8.33 8.30 8.63 9.14 8.20 8.70 9.39 8.62 9.70 10.58 -9999 -9999 -9999 -9999 -9999 -9999 -9999 -9999 -9999 -9999 -9999
-9999 -9999 -9999 -9999 -9999 -9999 -9999 -9999 -9999 -9999 -9999 -9999 -9999 -9999 -9999 -9999 -9999 -9999 -9999 -9999 -9999 -9999 -9999 -9999 -9999 -9999 -9999 13.45 10.50 9.03 9.72 9.15 9.33 9.12 10.80 11.42 10.74 10.36 9.81 9.32 9.32 12.15 14.49 13.90 8.53 11.76 11.48 9.18 9.77 8.78 9.45 9.46 8.41 7.97 8.34 8.33 8.29 8.41 8.18 8.41 8.52 8.37 8.30 9.84 8.85 8.78 9.40 11.12 12.97 -9999 -9999 -9999 -9999 -9999 -9999 -9999 -9999 -9999
-9999 -9999 -9999 -9999 -9999 -9999 -9999 -9999 -9999 -9999 -9999 -9999 -9999 -9999 -9999 -9999 -9999 -9999 -9999 -9999 -9999 -9999 -9999 -9999 -9999 -9999 -9999 -9999 10.59 9.01 8.88 9.38 11.68 9.54 9.57 9.76 10.22 10.47 9.72 9.15 8.61 8.66 12.71 13.30 14.28 11.63 12.27 11.55 10.61 11.15 8.52 8.12 8.75 7.93 8.11 8.07 8.05 8.33 8.15 8.22 8.53 8.13 7.77 7.97 10.44 9.01 8.59 9.29 10.80 12.51 14.27 -9999 -9999 -9999 -9999 -9999 -9999 -9999
-9999 -9999 -9999 -9999 -9999 -9999 -9999 -9999 -9999 -9999 -9999 -9999 -9999 -9999 -9999 -9999 -9999 -9999 -9999 -9999 -9999 -9999 -9999 -9999 -9999 -9999 -9999 -9999 10.38 9.45 8.91 9.24 9.69 9.95 9.71 9.29 9.47 9.03 8.66 8.57 8.45 8.89 7.88 12.90 15.99 17.10 14.13 12.32 11.90 10.29 10.20 8.54 9.34 8.14 8.24 8.06 7.99 8.07 8.10 8.44 8.43 8.06 7.54 8.13 10.48 9.56 9.64 8.47 9.01 10.55 12.47 -9999 -9999 -9999 -9999 -9999 -9999 -9999
-9999 -9999 -9999 -9999 -9999 -9999 -9999 -9999 18.52 17.19 17.62 18.99 -9999 -9999 -9999 -9999 -9999 -9999 -9999 -9999 -9999 -9999 -9999 -9999 -9999 -9999 -9999 10.93 9.47 9.92 9.23 10.34 9.90 9.23 9.06 9.21 9.07 9.03 8.66 8.46 7.98 7.46 11.08 14.06 14.40 12.34 15.61 14.15 10.62 10.53 8.09 10.74 10.19 8.47 8.34 8.10 7.97 8.01 8.10 8.28 8.64 8.27 7.55 7.73 8.41 10.41 10.03 10.44 8.55 8.77 10.76 12.93 -9999 -9999 -9999 -9999 -9999 -9999
-9999 -9999 -9999 -9999 -9999 -9999 -9999 -9999 17.52 16.10 15.85 16.65 -9999 -9999 -9999 -9999 -9999 -9999 -9999 -9999 -9999 -9999 -9999 -9999 -9999 -9999 10.93 10.39 9.22 9.66 10.98 9.61 9.52 8.68 8.82 9.20 9.00 9.14 9.05 7.97 6.99 6.35 8.56 15.94 16.43 12.04 14.13 13.19 12.74 9.41 8.16 9.70 10.00 8.88 7.82 7.77 7.90 8.41 8.28 8.16 8.28 8.57 7.91 7.97 8.21 10.25 10.19 9.91 8.69 8.69 9.52 11.83 -9999 -9999 -9999 -9999 -9999 -9999
-9999 -9999 -9999 -9999 -9999 -9999 21.73 17.70 15.44 15.41 15.06 16.30 15.85 17.28 17.92 -9999 -9999 16.37 13.40 -9999 -9999 -9999 10.94 12.15 10.70 -9999 7.99 10.35 9.40 8.98 9.66 9.10 9.25 9.42 10.39 10.07 10.03 8.90 9.07 7.94 7.38 10.49 7.31 10.83 14.52 9.10 11.52 16.63 10.14 12.14 9.30 9.52 9.46 8.67 8.20 8.12 8.09 8.46 8.02 8.14 8.00 8.74 7.89 7.94 8.31 8.99 9.79 10.71 10.04 8.81 8.73 10.70 13.15 -9999 -9999 -9999 -9999 -9999
-9999 -9999 -9999 -9999 -9999 -9999 -9999 18.32 16.21 15.15 14.48 14.69 15.76 17.09 13.33 -9999 10.92 13.25 13.40 10.93 11.66 7.83 7.19 12.29 11.63 9.40 -9999 7.37 9.39 9.38 8.57 8.61 9.37 8.78 9.05 9.33 9.21 9.30 8.69 8.65 7.77 10.97 11.39 11.66 12.60 11.91 14.63 14.46 11.79 9.34 8.49 10.11 9.93 8.24 8.68 8.08 8.57 8.77 8.16 8.06 7.89 8.77 8.01 8.14 8.45 8.49 9.43 10.16 10.80 9.80 8.97 9.88 12.17 -9999 -9999 -9999 -9999 -9999
