ML/MeanWindSpeed_1994-02_Actual.txt
ncols         180
nrows         290
xllcorner     -200000
yllcorner     -200000
cellsize      5000
NODATA_value  -9999
[rows 136 to 169 of 290, columns 78 to 155 of 180]
-9999 18.22 15.61 12.92 16.05 13.70 14.70 12.30 11.12 10.63 11.60 12.63 17.28 13.84 12.55 10.37 10.23 10.49 10.20 9.97 10.20 8.24 9.88 8.91 9.30 9.02 9.05 8.97 8.83 8.47 8.77 9.99 9.56 8.66 10.07 10.92 10.73 11.20 10.58 6.85 8.07 10.98 9.79 8.03 7.98 7.39 7.78 7.15 8.55 10.66 -9999 -9999 -9999 -9999 -9999 -9999 -9999 -9999 -9999 -9999 -9999 -9999 -9999 -9999 -9999 -9999 -9999 -9999 -9999 -9999 -9999 -9999 -9999 -9999 -9999 -9999 -9999 -9999
-9999 17.90 15.28 11.43 14.98 12.41 13.07 11.60 10.65 11.07 10.49 14.49 14.41 13.20 14.73 11.28 10.04 10.13 9.39 11.34 15.30 11.10 -9999 -9999 -9999 9.50 9.04 -9999 8.20 8.32 8.67 8.45 8.03 8.98 10.67 9.56 9.57 10.98 9.61 10.40 9.65 7.15 6.10 6.33 6.72 7.12 4.87 5.96 6.68 9.25 -9999 -9999 -9999 -9999 -9999 -9999 -9999 -9999 -9999 -9999 -9999 -9999 -9999 -9999 -9999 -9999 -9999 -9999 -9999 -9999 -9999 -9999 -9999 -9999 -9999 -9999 -9999 -9999
-9999 16.51 17.57 12.86 12.97 13.59 14.21 12.95 11.32 10.69 10.74 12.14 18.97 14.55 14.66 11.27 10.46 12.58 9.94 11.30 12.38 12.74 -9999 -9999 -9999 9.79 8.58 8.42 8.35 7.84 7.84 7.67 9.73 12.49 12.87 10.32 13.87 10.05 9.17 11.80 8.41 9.02 9.05 8.84 5.96 6.90 8.27 6.52 5.51 7.87 -9999 -9999 -9999 -9999 -9999 -9999 -9999 -9999 -9999 -9999 -9999 -9999 -9999 -9999 -9999 -9999 -9999 -9999 -9999 -9999 -9999 -9999 -9999 -9999 -9999 -9999 -9999 -9999
-9999 -9999 16.99 16.21 14.06 -9999 15.86 15.10 12.85 11.45 11.07 -9999 15.15 13.25 14.12 11.23 12.18 13.45 12.42 13.16 -9999 -9999 -9999 -9999 11.38 8.79 7.64 7.40 8.20 8.55 7.95 8.47 9.51 13.95 18.09 9.89 15.49 10.87 12.52 13.76 10.33 11.58 9.13 7.21 8.50 8.17 6.62 4.38 4.99 8.02 9.56 -9999 -9999 -9999 -9999 -9999 -9999 -9999 -9999 -9999 -9999 -9999 -9999 -9999 -9999 -9999 -9999 -9999 -9999 -9999 -9999 -9999 -9999 -9999 -9999 -9999 -9999 -9999
-9999 -9999 -9999 17.22 -9999 -9999 -9999 15.56 14.96 12.46 12.32 14.32 -9999 -9999 15.71 13.10 15.73 17.27 -9999 -9999 -9999 -9999 -9999 13.08 10.84 7.54 7.70 7.18 8.10 8.16 9.29 10.37 9.05 12.23 15.61 16.91 13.46 15.44 16.17 16.41 12.85 13.12 12.87 10.91 7.72 7.13 7.50 4.44 4.97 7.76 10.38 -9999 -9999 -9999 -9999 -9999 -9999 -9999 -9999 -9999 -9999 -9999 -9999 -9999 -9999 -9999 -9999 -9999 -9999 -9999 -9999 -9999 -9999 -9999 -9999 -9999 -9999 -9999
-9999 -9999 -9999 17.45 17.05 -9999 -9999 -9999 15.54 15.28 14.51 15.46 -9999 -9999 -9999 -9999 16.40 -9999 -9999 -9999 -9999 -9999 -9999 11.49 9.92 8.84 9.48 9.88 9.83 9.17 9.52 9.24 9.66 11.17 15.18 16.72 11.94 18.15 17.31 18.38 13.96 13.51 14.93 11.22 8.64 7.49 5.53 4.00 5.18 7.55 9.82 -9999 -9999 -9999 -9999 -9999 -9999 -9999 -9999 -9999 -9999 -9999 -9999 -9999 -9999 -9999 -9999 -9999 -9999 -9999 -9999 -9999 -9999 -9999 -9999 -9999 -9999 -9999
-9999 -9999 -9999 -9999 18.88 -9999 -9999 -9999 -9999 15.69 16.60 16.46 -9999 -9999 -9999 -9999 -9999 -9999 -9999 -9999 -9999 -9999 13.11 11.23 11.08 11.48 11.74 12.86 12.24 11.08 10.83 9.94 10.70 10.93 13.30 20.44 19.65 18.55 18.00 14.57 12.92 12.72 10.12 7.30 9.32 9.12 5.37 4.71 6.14 7.70 9.53 11.38 -9999 -9999 -9999 -9999 -9999 -9999 -9999 -9999 -9999 -9999 -9999 -9999 -9999 -9999 -9999 -9999 -9999 -9999 -9999 -9999 -9999 -9999 -9999 -9999 -9999 -9999
-9999 -9999 -9999 -9999 20.44 -9999 -9999 -9999 -9999 -9999 -9999 -9999 -9999 -9999 -9999 -9999 -9999 -9999 -9999 -9999 -9999 -9999 12.44 9.96 9.12 9.55 9.50 18.11 14.10 11.77 13.69 10.04 11.67 8.52 10.84 18.09 22.12 17.49 15.44 20.34 21.81 18.83 14.77 12.16 6.90 7.30 6.61 7.58 6.89 7.36 9.26 10.88 12.03 -9999 -9999 -9999 -9999 -9999 -9999 -9999 -9999 -9999 -9999 -9999 -9999 -9999 -9999 -9999 -9999 -9999 -9999 -9999 -9999 -9999 -9999 -9999 -9999 -9999
-9999 -9999 -9999 -9999 -9999 -9999 -9999 -9999 -9999 -9999 -9999 -9999 -9999 -9999 -9999 -9999 -9999 -9999 -9999 -9999 -9999 12.84 10.91 9.12 8.63 13.40 8.60 23.92 21.66 11.35 11.88 9.78 8.85 9.96 9.22 12.53 23.29 22.11 18.82 16.42 14.69 16.57 14.98 12.70 9.80 8.01 7.19 6.66 6.63 7.84 7.81 8.32 9.75 -9999 -9999 -9999 -9999 -9999 -9999 -9999 -9999 -9999 -9999 -9999 -9999 -9999 -9999 -9999 -9999 -9999 -9999 -9999 -9999 -9999 -9999 -9999 -9999 -9999
-9999 -9999 -9999 -9999 -9999 -9999 -9999 -9999 -9999 -9999 -9999 -9999 -9999 -9999 -9999 -9999 -9999 -9999 -9999 -9999 -9999 11.52 11.54 8.42 11.01 20.69 13.04 9.94 16.12 16.15 12.00 10.22 8.90 8.60 9.22 12.52 16.42 25.96 20.86 18.04 14.81 13.86 12.84 9.92 9.03 8.48 9.16 7.21 8.04 7.11 7.18 6.90 7.58 8.81 9.77 10.21 -9999 -9999 -9999 -9999 -9999 -9999 -9999 -9999 -9999 -9999 -9999 -9999 -9999 -9999 -9999 -9999 -9999 -9999 -9999 -9999 -9999 -9999
-9999 -9999 -9999 -9999 -9999 -9999 -9999 -9999 -9999 -9999 -9999 -9999 -9999 -9999 -9999 -9999 -9999 -9999 -9999 -9999 -9999 11.60 10.55 10.22 15.06 10.77 11.95 14.04 18.93 14.01 10.45 13.79 6.81 9.53 9.01 11.68 13.10 17.09 18.63 16.98 14.87 13.30 9.96 9.39 8.21 7.32 6.96 7.21 6.87 7.08 6.33 6.21 6.51 10.19 8.25 9.81 11.01 11.04 -9999 -9999 -9999 -9999 -9999 -9999 -9999 -9999 -9999 -9999 -9999 -9999 -9999 -9999 -9999 -9999 -9999 -9999 -9999 -9999
-9999 -9999 -9999 -9999 -9999 -9999 -9999 -9999 -9999 -9999 -9999 -9999 -9999 -9999 -9999 -9999 -9999 -9999 -9999 -9999 -9999 11.98 11.47 12.78 20.13 22.21 16.76 12.13 14.47 15.39 16.68 9.61 13.21 10.55 9.30 11.42 12.80 11.76 12.29 16.90 15.07 12.94 11.19 9.47 8.23 7.92 7.66 6.84 6.96 6.67 5.95 6.53 6.69 7.55 10.58 9.92 9.94 11.45 11.65 9.90 -9999 -9999 -9999 -9999 -9999 -9999 -9999 -9999 -9999 -9999 -9999 -9999 -9999 -9999 -9999 -9999 -9999 -9999
-9999 -9999 -9999 -9999 -9999 -9999 -9999 -9999 -9999 -9999 -9999 -9999 -9999 -9999 -9999 -9999 -9999 -9999 -9999 -9999 -9999 12.73 11.32 14.76 17.20 11.86 25.53 21.38 13.68 16.31 12.38 16.03 16.04 11.05 8.94 10.82 12.59 10.77 20.03 17.92 16.90 16.60 15.92 13.83 8.98 9.81 7.98 7.29 7.14 6.90 6.68 6.40 5.85 6.72 9.74 8.22 7.43 8.20 9.86 7.99 12.15 -9999 -9999 -9999 -9999 -9999 -9999 -9999 -9999 -9999 -9999 -9999 -9999 -9999 -9999 -9999 -9999 -9999
-9999 -9999 -9999 -9999 -9999 -9999 -9999 -9999 -9999 14.58 14.92 16.34 -9999 -9999 -9999 -9999 -9999 -9999 -9999 -9999 -9999 -9999 13.32 12.43 11.41 13.93 15.58 19.16 11.96 8.72 14.78 13.58 11.80 10.22 12.54 13.27 11.97 12.67 16.55 16.76 20.66 18.38 14.58 12.74 12.53 10.01 8.10 7.41 7.03 7.36 6.90 6.48 11.96 10.72 14.61 14.74 12.88 11.34 7.63 10.61 11.35 10.94 -9999 -9999 -9999 -9999 -9999 -9999 -9999 -9999 -9999 -9999 -9999 -9999 -9999 -9999 -9999 -9999
-9999 -9999 -9999 -9999 -9999 -9999 -9999 -9999 -9999 11.75 11.97 -9999 -9999 -9999 -9999 -9999 -9999 -9999 -9999 -9999 -9999 -9999 -9999 12.85 9.53 14.59 14.90 23.60 12.95 13.00 11.97 9.49 8.62 9.02 8.89 19.31 11.88 13.14 19.53 16.56 12.56 11.15 15.93 10.16 12.63 9.48 7.60 6.78 6.85 7.03 8.12 11.03 12.30 11.38 11.04 10.09 11.09 12.13 10.99 10.87 10.13 13.21 -9999 -9999 -9999 -9999 -9999 -9999 -9999 -9999 -9999 -9999 -9999 -9999 -9999 -9999 -9999 -9999
-9999 -9999 -9999 -9999 -9999 -9999 -9999 -9999 12.85 14.59 14.23 14.90 -9999 -9999 -9999 -9999 -9999 -9999 -9999 -9999 -9999 -9999 -9999 13.60 14.19 14.96 15.59 12.29 13.33 10.33 9.83 8.97 8.05 10.46 9.22 7.90 18.73 13.67 12.81 17.10 14.34 17.10 12.73 12.37 9.67 8.55 7.42 7.15 6.45 6.80 9.05 10.84 9.81 10.90 12.13 11.36 11.76 11.16 11.03 11.06 8.67 12.42 11.75 -9999 -9999 -9999 -9999 -9999 -9999 -9999 -9999 -9999 -9999 -9999 -9999 -9999 -9999 -9999
-9999 -9999 -9999 -9999 -9999 -9999 -9999 13.45 16.79 17.20 21.55 15.07 -9999 -9999 -9999 -9999 -9999 -9999 -9999 -9999 -9999 -9999 -9999 14.87 18.88 14.97 9.70 11.57 10.24 10.41 8.30 7.60 8.72 10.67 8.31 16.35 12.77 16.78 13.00 18.41 11.16 12.46 9.31 11.41 8.75 8.51 8.11 6.42 6.40 6.78 7.94 11.96 12.37 11.46 9.86 9.94 9.46 9.53 9.67 11.36 10.82 10.09 11.47 -9999 -9999 -9999 -9999 -9999 -9999 -9999 -9999 -9999 -9999 -9999 -9999 -9999 -9999 -9999
-9999 -9999 -9999 -9999 -9999 -9999 16.61 14.29 20.85 16.50 16.70 -9999 -9999 -9999 -9999 -9999 -9999 -9999 -9999 -9999 -9999 -9999 -9999 -9999 14.36 11.35 9.29 12.20 8.76 11.22 9.05 8.27 7.97 10.07 8.52 16.19 16.20 17.91 16.74 17.64 17.24 16.82 14.09 12.39 11.87 10.37 7.44 6.83 7.01 7.53 7.92 9.06 14.22 12.06 8.55 7.61 7.53 7.19 7.22 7.08 7.23 6.83 8.25 11.05 13.00 -9999 -9999 -9999 -9999 -9999 -9999 -9999 -9999 -9999 -9999 -9999 -9999 -9999
-9999 -9999 -9999 -9999 -9999 -9999 19.79 20.53 15.38 15.84 16.62 -9999 -9999 -9999 -9999 -9999 -9999 -9999 -9999 -9999 -9999 -9999 -9999 -9999 -9999 12.02 11.04 10.16 8.91 10.76 10.18 9.87 8.81 10.22 8.30 15.94 15.10 14.45 17.11 15.26 14.17 19.02 17.99 12.52 13.76 11.42 10.20 7.84 7.62 7.67 7.65 8.29 9.29 9.26 7.99 7.54 7.12 7.01 6.64 6.63 6.79 6.91 10.47 11.43 11.78 -9999 -9999 -9999 -9999 -9999 -9999 -9999 -9999 -9999 -9999 -9999 -9999 -9999
-9999 -9999 -9999 -9999 -9999 -9999 21.07 18.71 19.44 18.38 -9999 -9999 -9999 -9999 -9999 -9999 -9999 -9999 -9999 -9999 -9999 -9999 -9999 -9999 -9999 12.90 11.93 10.98 -9999 11.48 -9999 10.37 8.41 7.42 6.90 8.15 15.35 14.84 15.18 19.48 11.23 11.97 18.32 15.28 13.36 12.25 10.24 8.54 8.09 8.01 7.61 7.92 8.33 9.15 9.98 8.16 8.64 7.36 6.38 7.79 9.43 8.86 8.29 8.62 11.22 14.42 16.05 -9999 -9999 -9999 -9999 -9999 -9999 -9999 -9999 -9999 -9999 -9999
-9999 -9999 -9999 -9999 -9999 21.19 19.83 19.20 -9999 -9999 -9999 -9999 -9999 -9999 -9999 -9999 -9999 -9999 -9999 -9999 -9999 -9999 -9999 -9999 -9999 14.41 12.72 11.35 -9999 -9999 -9999 10.46 10.45 6.20 7.40 9.71 9.43 10.08 12.37 17.57 17.47 10.91 15.69 17.10 12.69 13.54 11.43 9.73 7.50 7.71 7.43 7.52 7.77 8.17 8.41 8.13 8.60 7.10 7.58 9.15 10.46 10.93 10.76 9.64 9.86 12.15 14.67 -9999 -9999 -9999 -9999 -9999 -9999 -9999 -9999 -9999 -9999 -9999
-9999 -9999 -9999 -9999 -9999 -9999 -9999 -9999 -9999 -9999 -9999 -9999 -9999 -9999 -9999 -9999 -9999 -9999 -9999 -9999 -9999 -9999 -9999 -9999 -9999 -9999 -9999 -9999 -9999 -9999 12.17 10.10 9.15 10.84 11.80 12.65 13.18 11.80 12.48 16.17 15.48 13.11 10.63 13.95 14.86 12.32 10.53 9.17 8.21 7.93 8.09 7.47 7.33 7.55 7.55 7.61 7.33 8.51 11.68 9.87 10.87 9.98 10.02 8.78 10.09 12.15 -9999 -9999 -9999 -9999 -9999 -9999 -9999 -9999 -9999 -9999 -9999 -9999
-9999 -9999 -9999 -9999 -9999 -9999 -9999 -9999 -9999 -9999 -9999 -9999 -9999 -9999 -9999 -9999 -9999 -9999 -9999 -9999 -9999 -9999 -9999 -9999 -9999 -9999 -9999 -9999 -9999 -9999 11.42 9.87 11.18 13.92 17.03 15.29 11.26 12.81 9.78 11.17 10.24 12.17 13.25 13.77 13.44 12.57 10.56 9.59 8.87 7.84 8.01 7.27 7.18 7.30 7.41 7.56 7.44 8.33 13.09 12.05 9.86 9.45 9.13 8.71 10.04 12.49 -9999 -9999 -9999 -9999 -9999 -9999 -9999 -9999 -9999 -9999 -9999 -9999
-9999 -9999 -9999 -9999 -9999 -9999 -9999 -9999 -9999 -9999 -9999 -9999 -9999 -9999 -9999 -9999 -9999 -9999 -9999 -9999 -9999 -9999 -9999 -9999 -9999 -9999 -9999 -9999 -9999 -9999 9.95 8.83 9.49 12.95 14.36 13.65 12.14 11.05 9.83 11.02 9.52 9.18 10.40 8.57 13.51 11.26 11.92 9.86 9.17 7.59 7.26 7.33 7.20 7.27 7.21 7.39 7.62 7.96 10.77 11.65 10.24 9.38 9.30 8.86 9.76 11.77 -9999 -9999 -9999 -9999 -9999 -9999 -9999 -9999 -9999 -9999 -9999 -9999
-9999 -9999 -9999 -9999 -9999 -9999 -9999 -9999 -9999 -9999 -9999 -9999 -9999 -9999 -9999 -9999 -9999 -9999 -9999 -9999 -9999 -9999 -9999 -9999 -9999 -9999 -9999 -9999 13.29 10.72 8.73 8.57 11.88 14.12 17.73 13.25 15.02 8.64 9.87 9.69 10.62 11.50 11.24 13.38 9.24 9.11 8.77 8.44 7.57 8.39 7.20 7.10 7.45 7.10 7.10 7.35 7.42 8.00 8.96 11.13 10.08 9.09 9.00 8.93 9.10 10.58 12.81 -9999 -9999 -9999 -9999 -9999 -9999 -9999 -9999 -9999 -9999 -9999
-9999 -9999 -9999 -9999 -9999 -9999 -9999 -9999 -9999 -9999 -9999 -9999 -9999 -9999 -9999 -9999 -9999 -9999 -9999 -9999 -9999 -9999 -9999 -9999 -9999 -9999 -9999 -9999 12.08 9.20 8.03 7.90 9.04 13.08 10.23 10.17 8.44 9.95 13.59 10.54 11.64 10.94 12.48 7.98 12.75 9.97 11.26 10.63 10.23 8.35 7.59 7.15 6.99 6.95 7.07 7.18 7.37 7.75 8.44 9.43 10.55 9.50 8.95 9.04 8.62 9.31 11.63 -9999 -9999 -9999 -9999 -9999 -9999 -9999 -9999 -9999 -9999 -9999
-9999 -9999 -9999 -9999 -9999 -9999 -9999 -9999 -9999 -9999 -9999 -9999 -9999 -9999 -9999 -9999 -9999 -9999 -9999 -9999 -9999 -9999 -9999 -9999 -9999 -9999 -9999 -9999 12.05 9.01 8.15 7.99 8.84 10.10 10.15 9.14 8.07 9.62 10.67 10.06 11.78 14.11 10.76 9.96 8.28 10.21 8.03 8.65 9.27 9.40 7.99 7.55 6.96 6.90 7.06 7.21 7.36 7.72 8.34 9.10 10.31 10.86 9.48 8.89 8.51 8.37 9.95 12.32 -9999 -9999 -9999 -9999 -9999 -9999 -9999 -9999 -9999 -9999
-9999 -9999 -9999 -9999 -9999 -9999 -9999 -9999 -9999 -9999 -9999 -9999 -9999 -9999 -9999 -9999 -9999 -9999 -9999 -9999 -9999 -9999 -9999 -9999 -9999 -9999 -9999 -9999 11.68 9.20 8.53 8.56 8.60 8.80 8.38 9.12 10.42 8.27 9.13 10.15 15.51 15.19 15.57 13.43 10.66 9.73 10.02 8.22 7.49 8.66 8.84 7.47 6.93 6.98 6.90 7.19 7.52 7.98 8.48 9.10 11.00 12.22 10.59 9.86 9.37 8.52 8.67 10.69 12.95 -9999 -9999 -9999 -9999 -9999 -9999 -9999 -9999 -9999
-9999 -9999 -9999 -9999 -9999 -9999 -9999 -9999 -9999 -9999 -9999 -9999 -9999 -9999 -9999 -9999 -9999 -9999 -9999 -9999 -9999 -9999 -9999 -9999 -9999 -9999 -9999 -9999 11.61 8.96 8.36 8.26 8.19 7.97 8.64 8.25 10.00 11.26 13.43 14.80 16.11 12.48 13.87 11.55 11.03 8.93 10.07 9.08 8.15 7.35 6.98 7.12 6.83 6.98 7.12 7.47 7.74 8.25 8.82 9.33 10.17 11.41 10.79 10.07 9.91 9.63 9.05 9.14 11.43 -9999 -9999 -9999 -9999 -9999 -9999 -9999 -9999 -9999
-9999 -9999 -9999 -9999 -9999 -9999 -9999 -9999 -9999 -9999 -9999 -9999 -9999 -9999 -9999 -9999 -9999 -9999 -9999 -9999 -9999 -9999 -9999 -9999 -9999 -9999 -9999 -9999 -9999 8.96 8.45 8.21 7.96 8.83 11.24 11.48 12.70 11.81 11.38 13.96 13.50 14.22 12.46 9.59 7.45 7.83 7.29 8.59 7.63 7.35 7.94 7.53 6.79 7.18 7.23 7.60 7.75 8.25 8.81 9.35 10.03 10.07 10.07 10.15 10.34 -9999 10.05 10.46 11.70 14.17 -9999 -9999 -9999 -9999 -9999 -9999 -9999 -9999
-9999 -9999 -9999 -9999 -9999 -9999 -9999 -9999 -9999 -9999 -9999 -9999 -9999 -9999 -9999 -9999 -9999 -9999 -9999 -9999 -9999 -9999 -9999 -9999 -9999 -9999 -9999 -9999 11.17 8.77 8.20 7.60 7.80 8.77 13.53 14.30 12.37 15.94 15.31 13.48 12.63 16.27 12.85 12.42 9.03 6.39 8.40 6.90 6.29 7.22 7.44 6.92 7.15 7.06 7.20 7.42 7.79 7.99 8.29 10.27 9.85 9.20 10.59 9.48 9.72 9.84 -9999 11.58 12.77 14.76 16.28 -9999 -9999 -9999 -9999 -9999 -9999 -9999
-9999 -9999 -9999 -9999 -9999 -9999 -9999 -9999 -9999 -9999 -9999 -9999 -9999 -9999 -9999 -9999 -9999 -9999 -9999 -9999 -9999 -9999 -9999 -9999 -9999 -9999 -9999 -9999 10.75 8.48 8.10 7.63 9.87 9.42 11.05 14.74 11.33 11.97 12.62 11.09 10.75 14.19 11.96 10.89 6.79 8.41 9.19 6.57 7.87 7.12 7.96 7.69 7.29 7.02 7.11 7.27 7.39 7.47 7.62 8.02 8.74 7.90 8.23 8.82 8.08 9.34 10.24 -9999 -9999 -9999 -9999 -9999 -9999 -9999 -9999 -9999 -9999 -9999
-9999 -9999 -9999 -9999 -9999 -9999 -9999 -9999 -9999 -9999 -9999 -9999 -9999 -9999 -9999 -9999 -9999 -9999 -9999 -9999 -9999 -9999 -9999 -9999 -9999 -9999 -9999 13.41 10.00 8.27 9.17 8.67 9.15 9.24 11.05 11.73 11.08 10.90 10.86 10.88 11.35 14.30 15.71 14.39 8.13 10.21 9.16 6.30 6.73 6.06 7.19 7.67 7.11 6.81 7.23 7.25 7.21 7.49 7.53 7.91 8.13 8.20 8.25 9.65 8.51 8.34 8.99 10.91 13.00 -9999 -9999 -9999 -9999 -9999 -9999 -9999 -9999 -9999
-9999 -9999 -9999 -9999 -9999 -9999 -9999 -9999 -9999 -9999 -9999 -9999 -9999 -9999 -9999 -9999 -9999 -9999 -9999 -9999 -9999 -9999 -9999 -9999 -9999 -9999 -9999 -9999 10.23 8.49 8.46 8.92 11.24 9.25 9.52 9.84 10.36 10.79 10.47 10.51 10.85 11.23 14.68 14.40 13.93 10.05 9.90 8.40 7.05 7.78 5.87 6.28 7.56 6.83 7.00 6.98 6.99 7.42 7.56 7.90 8.37 8.21 8.15 8.28 10.48 8.77 8.09 8.83 10.43 12.37 14.45 -9999 -9999 -9999 -9999 -9999 -9999 -9999
