ML/MeanWindSpeed_1995-12_Actual.txt
ncols         180
nrows         290
xllcorner     -200000
yllcorner     -200000
cellsize      5000
NODATA_value  -9999
[rows 105 to 139 of 290, columns 78 to 155 of 180]
7.97 11.46 6.65 4.40 8.44 13.72 12.58 10.42 9.54 11.02 15.93 9.50 12.39 6.49 8.94 13.35 7.96 4.91 5.74 7.92 6.49 5.49 6.15 6.46 5.08 7.00 7.11 7.75 10.58 9.44 9.42 9.53 -9999 -9999 -9999 -9999 -9999 -9999 -9999 -9999 -9999 -9999 -9999 -9999 -9999 -9999 -9999 -9999 -9999 -9999 -9999 -9999 -9999 -9999 -9999 -9999 -9999 -9999 -9999 -9999 -9999 -9999 -9999 -9999 -9999 -9999 -9999 -9999 -9999 -9999 -9999 -9999 -9999 -9999 -9999 -9999 -9999 -9999
10.39 8.14 9.33 15.31 14.23 16.26 7.58 13.36 6.26 15.80 7.19 18.22 9.02 12.35 19.96 11.36 7.40 10.12 8.91 5.25 4.58 3.42 3.22 5.24 4.85 5.08 7.36 8.51 8.57 8.43 6.89 8.61 10.24 -9999 -9999 -9999 -9999 -9999 -9999 -9999 -9999 -9999 -9999 -9999 -9999 -9999 -9999 -9999 -9999 -9999 -9999 -9999 -9999 -9999 -9999 -9999 -9999 -9999 -9999 -9999 -9999 -9999 -9999 -9999 -9999 -9999 -9999 -9999 -9999 -9999 -9999 -9999 -9999 -9999 -9999 -9999 -9999 -9999
11.07 4.59 12.55 9.47 4.84 10.53 14.72 14.16 5.27 15.35 13.26 14.50 10.50 15.78 12.91 14.22 17.14 11.95 9.22 6.46 5.09 5.95 7.99 8.82 10.73 9.78 7.86 7.14 7.07 10.14 8.51 11.03 11.25 13.05 -9999 -9999 -9999 -9999 -9999 -9999 -9999 -9999 -9999 -9999 -9999 -9999 -9999 -9999 -9999 -9999 -9999 -9999 -9999 -9999 -9999 -9999 -9999 -9999 -9999 -9999 -9999 -9999 -9999 -9999 -9999 -9999 -9999 -9999 -9999 -9999 -9999 -9999 -9999 -9999 -9999 -9999 -9999 -9999
7.64 11.16 11.86 8.50 4.51 12.21 13.97 18.18 6.80 14.53 11.08 12.11 11.23 12.52 7.37 9.17 10.44 9.85 6.68 8.24 10.81 14.66 13.13 11.57 9.51 8.77 10.74 6.90 9.23 11.14 11.77 11.97 12.18 13.13 13.68 -9999 -9999 -9999 -9999 -9999 -9999 -9999 -9999 -9999 -9999 -9999 -9999 -9999 -9999 -9999 -9999 -9999 -9999 -9999 -9999 -9999 -9999 -9999 -9999 -9999 -9999 -9999 -9999 -9999 -9999 -9999 -9999 -9999 -9999 -9999 -9999 -9999 -9999 -9999 -9999 -9999 -9999 -9999
12.18 14.68 6.57 3.89 9.18 16.70 11.50 3.95 7.39 23.35 8.85 8.03 9.94 9.90 6.98 5.95 5.24 7.16 11.80 17.61 16.02 12.75 10.74 7.96 7.70 8.24 10.16 8.58 10.33 10.46 10.37 11.46 12.02 12.61 -9999 -9999 -9999 -9999 -9999 -9999 -9999 -9999 -9999 -9999 -9999 -9999 -9999 -9999 -9999 -9999 -9999 -9999 -9999 -9999 -9999 -9999 -9999 -9999 -9999 -9999 -9999 -9999 -9999 -9999 -9999 -9999 -9999 -9999 -9999 -9999 -9999 -9999 -9999 -9999 -9999 -9999 -9999 -9999
9.58 8.47 7.83 13.86 5.48 13.58 14.91 14.17 9.32 7.40 18.01 8.92 6.07 4.09 3.45 2.85 3.32 4.58 10.09 7.91 7.10 6.34 8.20 10.37 8.78 9.01 8.48 9.03 11.49 11.80 -9999 -9999 -9999 -9999 -9999 -9999 -9999 -9999 -9999 -9999 -9999 -9999 -9999 -9999 -9999 -9999 -9999 -9999 -9999 -9999 -9999 -9999 -9999 -9999 -9999 -9999 -9999 -9999 -9999 -9999 -9999 -9999 -9999 -9999 -9999 -9999 -9999 -9999 -9999 -9999 -9999 -9999 -9999 -9999 -9999 -9999 -9999 -9999
9.11 5.58 13.45 12.44 14.59 17.19 6.78 14.12 14.32 6.23 9.87 10.20 6.13 5.53 6.32 7.46 9.30 5.47 5.59 6.19 7.33 8.43 9.22 10.50 9.61 9.72 10.95 11.08 -9999 -9999 -9999 -9999 -9999 -9999 -9999 -9999 -9999 -9999 -9999 -9999 -9999 -9999 -9999 -9999 -9999 -9999 -9999 -9999 -9999 -9999 -9999 -9999 -9999 -9999 -9999 -9999 -9999 -9999 -9999 -9999 -9999 -9999 -9999 -9999 -9999 -9999 -9999 -9999 -9999 -9999 -9999 -9999 -9999 -9999 -9999 -9999 -9999 -9999
7.39 13.81 9.08 12.90 15.31 13.43 10.98 14.79 14.52 6.32 5.63 4.07 4.67 6.23 7.19 10.59 12.07 8.48 6.75 5.70 6.12 8.13 8.06 9.13 10.02 12.38 13.97 12.53 -9999 -9999 -9999 -9999 -9999 -9999 -9999 -9999 -9999 -9999 -9999 -9999 -9999 -9999 -9999 -9999 -9999 -9999 -9999 -9999 -9999 -9999 -9999 -9999 -9999 -9999 -9999 -9999 -9999 -9999 -9999 -9999 -9999 -9999 -9999 -9999 -9999 -9999 -9999 -9999 -9999 -9999 -9999 -9999 -9999 -9999 -9999 -9999 -9999 -9999
9.66 13.69 9.42 13.06 12.28 14.59 8.22 6.60 8.77 8.04 7.38 7.52 4.83 15.18 15.04 12.96 12.56 8.01 4.53 4.85 5.32 5.98 6.35 7.24 9.03 8.96 -9999 -9999 -9999 -9999 -9999 11.32 9.68 9.72 9.14 -9999 -9999 -9999 -9999 -9999 -9999 -9999 -9999 -9999 -9999 -9999 -9999 -9999 -9999 -9999 -9999 -9999 -9999 -9999 -9999 -9999 -9999 -9999 -9999 -9999 -9999 -9999 -9999 -9999 -9999 -9999 -9999 -9999 -9999 -9999 -9999 -9999 -9999 -9999 -9999 -9999 -9999 -9999
10.43 16.04 9.82 6.54 18.24 8.13 7.02 5.46 5.27 7.33 9.03 12.29 8.26 8.29 6.59 6.69 6.02 6.26 6.23 6.91 7.25 6.76 7.64 8.46 8.22 7.98 8.95 10.66 -9999 -9999 9.18 7.99 7.09 5.44 5.76 7.00 8.61 -9999 -9999 -9999 -9999 -9999 -9999 -9999 -9999 -9999 -9999 -9999 -9999 -9999 -9999 -9999 -9999 -9999 -9999 -9999 -9999 -9999 -9999 -9999 -9999 -9999 -9999 -9999 -9999 -9999 -9999 -9999 -9999 -9999 -9999 -9999 -9999 -9999 -9999 -9999 -9999 -9999
12.98 10.60 11.30 12.66 14.85 8.79 8.25 9.19 8.63 8.09 5.31 5.46 6.59 6.00 6.15 6.15 6.15 6.69 7.41 7.39 6.80 8.43 9.18 6.78 5.65 6.00 6.90 9.49 8.56 8.40 8.25 6.38 4.24 4.87 7.65 8.30 11.02 7.74 -9999 -9999 -9999 -9999 -9999 -9999 -9999 -9999 -9999 -9999 -9999 -9999 -9999 -9999 -9999 -9999 -9999 -9999 -9999 -9999 -9999 -9999 -9999 -9999 -9999 -9999 -9999 -9999 -9999 -9999 -9999 -9999 -9999 -9999 -9999 -9999 -9999 -9999 -9999 -9999
10.48 14.61 12.67 9.71 9.79 -9999 11.07 11.96 7.82 5.96 4.09 4.00 4.32 4.97 5.82 5.90 6.39 8.44 8.15 8.14 7.20 6.65 6.89 5.70 6.16 6.84 8.73 7.56 6.19 8.07 6.56 6.13 5.23 6.85 9.18 9.53 11.06 9.53 11.25 12.98 9.90 -9999 -9999 -9999 -9999 -9999 -9999 -9999 -9999 -9999 -9999 -9999 -9999 -9999 -9999 -9999 -9999 -9999 -9999 -9999 -9999 -9999 -9999 -9999 -9999 -9999 -9999 -9999 -9999 -9999 -9999 -9999 -9999 -9999 -9999 -9999 -9999 -9999
11.73 -9999 11.78 13.18 10.56 -9999 12.93 15.47 9.42 7.43 4.45 4.19 3.77 4.02 3.35 3.83 4.91 6.56 8.92 8.55 8.67 7.51 7.74 8.77 10.03 12.09 10.02 6.68 4.83 6.75 7.24 7.56 12.69 13.05 10.19 10.21 9.09 9.11 9.54 7.64 9.43 -9999 -9999 -9999 -9999 -9999 -9999 -9999 -9999 -9999 -9999 -9999 -9999 -9999 -9999 -9999 -9999 -9999 -9999 -9999 -9999 -9999 -9999 -9999 -9999 -9999 -9999 -9999 -9999 -9999 -9999 -9999 -9999 -9999 -9999 -9999 -9999 -9999
10.82 -9999 -9999 13.52 11.81 11.25 12.43 13.39 7.19 7.02 8.36 6.04 5.08 4.43 7.12 4.59 3.44 5.06 6.31 7.94 8.92 10.78 9.29 11.84 12.72 10.52 9.20 8.47 6.95 7.83 9.83 11.04 10.64 13.10 10.99 10.01 9.55 6.24 6.44 7.66 9.39 10.85 -9999 -9999 -9999 -9999 -9999 -9999 -9999 -9999 -9999 -9999 -9999 -9999 -9999 -9999 -9999 -9999 -9999 -9999 -9999 -9999 -9999 -9999 -9999 -9999 -9999 -9999 -9999 -9999 -9999 -9999 -9999 -9999 -9999 -9999 -9999 -9999
-9999 -9999 -9999 -9999 12.73 10.66 13.47 9.60 6.23 7.05 8.33 9.31 7.48 6.14 7.18 7.27 5.33 3.52 6.24 8.89 7.99 8.23 9.02 11.37 10.44 9.27 10.20 9.65 12.13 11.05 9.44 9.33 8.09 10.90 10.33 8.95 9.45 6.86 6.13 6.14 6.17 7.54 -9999 -9999 -9999 -9999 -9999 -9999 -9999 -9999 -9999 -9999 -9999 -9999 -9999 -9999 -9999 -9999 -9999 -9999 -9999 -9999 -9999 -9999 -9999 -9999 -9999 -9999 -9999 -9999 -9999 -9999 -9999 -9999 -9999 -9999 -9999 -9999
14.10 14.61 -9999 -9999 -9999 11.81 12.23 8.91 7.08 6.64 7.59 9.38 9.60 9.61 9.55 7.45 6.28 5.42 3.02 7.67 6.59 6.63 7.45 7.30 7.58 10.85 9.62 12.99 16.23 13.85 10.94 10.99 7.86 9.14 8.74 8.71 9.08 6.63 5.62 5.45 5.44 6.94 8.43 -9999 -9999 -9999 -9999 -9999 -9999 -9999 -9999 -9999 -9999 -9999 -9999 -9999 -9999 -9999 -9999 -9999 -9999 -9999 -9999 -9999 -9999 -9999 -9999 -9999 -9999 -9999 -9999 -9999 -9999 -9999 -9999 -9999 -9999 -9999
15.99 16.51 11.61 -9999 -9999 -9999 11.20 9.44 6.82 5.92 6.29 6.88 8.47 8.14 7.51 5.85 5.43 5.74 6.32 5.21 5.49 5.81 7.95 7.43 10.66 6.09 8.10 8.18 8.94 13.44 13.07 10.31 9.04 7.51 7.13 7.24 7.38 5.43 5.08 4.64 5.61 6.57 6.74 7.95 -9999 -9999 -9999 -9999 -9999 -9999 -9999 -9999 -9999 -9999 -9999 -9999 -9999 -9999 -9999 -9999 -9999 -9999 -9999 -9999 -9999 -9999 -9999 -9999 -9999 -9999 -9999 -9999 -9999 -9999 -9999 -9999 -9999 -9999
14.64 14.39 9.98 -9999 -9999 -9999 -9999 -9999 8.30 6.29 4.80 4.80 5.28 5.54 7.14 9.76 8.81 6.93 6.35 5.54 6.98 6.07 5.91 5.69 8.92 4.54 6.88 8.99 7.94 5.23 7.51 6.69 8.04 6.18 7.41 6.66 5.02 4.53 4.03 3.92 3.75 6.78 7.16 6.88 7.64 -9999 -9999 -9999 -9999 -9999 -9999 -9999 -9999 -9999 -9999 -9999 -9999 -9999 -9999 -9999 -9999 -9999 -9999 -9999 -9999 -9999 -9999 -9999 -9999 -9999 -9999 -9999 -9999 -9999 -9999 -9999 -9999 -9999
11.55 18.42 12.36 -9999 -9999 -9999 -9999 -9999 9.63 7.90 7.38 5.85 7.72 10.05 8.93 10.21 10.05 9.03 6.83 8.09 7.05 5.86 7.74 9.36 4.94 14.77 8.21 12.17 8.20 10.80 10.32 5.47 8.17 6.43 5.58 5.07 5.48 6.76 6.58 4.36 4.56 3.54 6.75 8.74 6.85 9.58 11.52 -9999 -9999 -9999 -9999 -9999 -9999 -9999 -9999 -9999 -9999 -9999 -9999 -9999 -9999 -9999 -9999 -9999 -9999 -9999 -9999 -9999 -9999 -9999 -9999 -9999 -9999 -9999 -9999 -9999 -9999 -9999
16.59 18.42 17.44 -9999 -9999 -9999 -9999 -9999 9.53 7.09 6.39 5.51 6.24 8.30 6.49 7.25 7.05 9.18 7.66 7.37 6.89 9.56 13.76 11.44 8.74 16.34 13.88 8.63 9.52 7.33 5.33 7.06 7.92 6.28 6.63 6.69 5.00 5.50 5.32 6.35 9.25 7.08 6.95 8.19 8.32 7.96 10.08 -9999 -9999 -9999 -9999 -9999 -9999 -9999 -9999 -9999 -9999 -9999 -9999 -9999 -9999 -9999 -9999 -9999 -9999 -9999 -9999 -9999 -9999 -9999 -9999 -9999 -9999 -9999 -9999 -9999 -9999 -9999
14.02 15.19 16.68 -9999 -9999 -9999 -9999 -9999 8.41 6.37 5.19 4.88 5.24 6.38 7.51 10.99 12.67 9.70 9.89 6.01 6.77 7.09 10.81 6.70 12.37 10.69 8.28 9.92 11.05 5.80 8.63 6.52 7.60 7.21 4.82 6.39 7.11 6.96 6.15 12.54 12.22 11.14 7.02 8.08 8.55 7.86 10.11 -9999 -9999 -9999 -9999 -9999 -9999 -9999 -9999 -9999 -9999 -9999 -9999 -9999 -9999 -9999 -9999 -9999 -9999 -9999 -9999 -9999 -9999 -9999 -9999 -9999 -9999 -9999 -9999 -9999 -9999 -9999
-9999 -9999 -9999 -9999 -9999 -9999 -9999 11.82 8.56 7.20 5.60 5.82 6.41 5.70 7.31 7.76 10.95 9.25 8.71 10.99 8.68 10.63 12.03 12.30 14.72 12.84 6.92 8.38 9.69 8.78 7.42 7.95 5.25 6.61 7.55 5.10 6.95 7.08 10.99 11.92 14.77 12.07 6.97 6.73 6.32 7.63 10.03 -9999 -9999 -9999 -9999 -9999 -9999 -9999 -9999 -9999 -9999 -9999 -9999 -9999 -9999 -9999 -9999 -9999 -9999 -9999 -9999 -9999 -9999 -9999 -9999 -9999 -9999 -9999 -9999 -9999 -9999 -9999
-9999 -9999 -9999 -9999 -9999 -9999 -9999 12.95 6.21 6.35 8.23 9.73 8.57 6.28 5.83 6.42 4.58 6.85 11.80 12.47 9.42 8.34 7.48 6.53 14.06 6.65 7.64 7.13 7.49 7.11 5.81 3.83 7.34 6.95 6.62 5.78 6.92 9.94 11.98 10.73 12.34 11.91 7.35 5.65 6.32 9.03 8.99 -9999 -9999 -9999 -9999 -9999 -9999 -9999 -9999 -9999 -9999 -9999 -9999 -9999 -9999 -9999 -9999 -9999 -9999 -9999 -9999 -9999 -9999 -9999 -9999 -9999 -9999 -9999 -9999 -9999 -9999 -9999
-9999 -9999 -9999 -9999 -9999 -9999 11.38 9.44 4.31 6.53 9.02 7.69 10.86 12.80 10.54 12.53 9.90 7.98 7.40 8.41 10.62 8.48 7.48 4.62 7.56 11.82 7.71 9.96 6.29 6.49 3.77 4.87 7.63 6.88 7.22 8.64 10.84 12.89 12.12 9.91 8.49 8.15 6.82 9.64 10.59 9.02 9.26 -9999 -9999 -9999 -9999 -9999 -9999 -9999 -9999 -9999 -9999 -9999 -9999 -9999 -9999 -9999 -9999 -9999 -9999 -9999 -9999 -9999 -9999 -9999 -9999 -9999 -9999 -9999 -9999 -9999 -9999 -9999
-9999 -9999 -9999 -9999 -9999 -9999 9.70 5.19 8.58 6.40 9.38 7.76 11.71 12.07 14.74 12.85 12.04 10.35 9.74 7.15 15.81 13.56 7.88 4.30 8.28 10.77 6.99 7.30 9.33 5.66 8.08 10.22 8.81 10.77 11.20 14.82 9.06 8.68 9.55 10.25 10.36 7.21 5.47 7.58 7.74 7.19 8.21 10.53 -9999 -9999 -9999 -9999 -9999 -9999 -9999 -9999 -9999 -9999 -9999 -9999 -9999 -9999 -9999 -9999 -9999 -9999 -9999 -9999 -9999 -9999 -9999 -9999 -9999 -9999 -9999 -9999 -9999 -9999
-9999 -9999 -9999 -9999 -9999 9.66 11.54 10.52 9.23 9.71 9.39 8.12 7.19 13.21 12.64 13.29 11.80 11.16 7.52 4.74 8.78 9.99 9.12 5.58 4.98 7.07 6.90 6.51 7.57 11.69 6.83 7.29 8.12 7.14 14.03 11.49 13.61 11.76 7.82 8.93 9.55 9.85 10.76 7.13 6.41 5.93 6.96 8.89 -9999 -9999 -9999 -9999 -9999 -9999 -9999 -9999 -9999 -9999 -9999 -9999 -9999 -9999 -9999 -9999 -9999 -9999 -9999 -9999 -9999 -9999 -9999 -9999 -9999 -9999 -9999 -9999 -9999 -9999
-9999 -9999 -9999 -9999 -9999 11.41 10.65 9.37 14.06 12.52 9.29 8.39 12.44 8.39 10.13 12.13 9.64 9.03 5.06 3.88 7.10 8.28 10.38 4.80 5.06 4.88 5.72 4.05 9.65 5.37 10.40 9.07 6.46 13.53 7.20 9.45 11.01 9.96 11.04 7.87 7.60 10.39 9.80 7.54 7.77 6.75 6.54 8.66 -9999 -9999 -9999 -9999 -9999 -9999 -9999 -9999 -9999 -9999 -9999 -9999 -9999 -9999 -9999 -9999 -9999 -9999 -9999 -9999 -9999 -9999 -9999 -9999 -9999 -9999 -9999 -9999 -9999 -9999
-9999 -9999 -9999 -9999 11.38 8.62 7.86 11.74 10.24 10.38 17.12 11.24 11.19 8.05 10.16 10.68 8.28 9.33 8.08 6.13 8.55 7.99 4.95 3.63 4.78 6.96 6.71 9.80 7.46 5.88 11.30 7.78 8.56 13.76 8.37 7.18 6.59 8.82 10.79 9.97 10.08 9.89 7.58 7.00 6.73 5.84 6.07 8.12 -9999 -9999 -9999 -9999 -9999 -9999 -9999 -9999 -9999 -9999 -9999 -9999 -9999 -9999 -9999 -9999 -9999 -9999 -9999 -9999 -9999 -9999 -9999 -9999 -9999 -9999 -9999 -9999 -9999 -9999
-9999 -9999 -9999 10.13 9.54 9.71 6.86 8.31 9.83 8.87 11.25 9.50 15.91 7.56 7.59 9.21 9.40 9.10 9.00 6.97 5.44 4.44 7.38 4.39 4.11 6.76 7.35 7.24 7.44 5.98 8.76 6.15 8.60 13.24 11.36 11.39 9.83 9.04 8.11 8.12 10.58 8.82 7.53 7.14 6.76 6.56 5.66 7.15 9.48 -9999 -9999 -9999 -9999 -9999 -9999 -9999 -9999 -9999 -9999 -9999 -9999 -9999 -9999 -9999 -9999 -9999 -9999 -9999 -9999 -9999 -9999 -9999 -9999 -9999 -9999 -9999 -9999 -9999
-9999 -9999 -9999 12.53 14.26 9.87 8.73 7.76 7.79 7.05 17.26 12.72 9.36 9.54 7.21 7.80 9.22 8.30 12.67 6.54 4.48 4.32 4.69 8.01 5.03 7.88 7.20 7.94 7.27 7.09 6.79 9.04 7.49 10.36 10.97 9.90 10.82 8.93 7.75 7.39 9.00 7.77 8.74 7.56 6.18 5.07 5.96 7.12 8.93 -9999 -9999 -9999 -9999 -9999 -9999 -9999 -9999 -9999 -9999 -9999 -9999 -9999 -9999 -9999 -9999 -9999 -9999 -9999 -9999 -9999 -9999 -9999 -9999 -9999 -9999 -9999 -9999 -9999
-9999 12.71 11.53 13.29 10.83 9.35 10.06 8.07 8.38 6.99 13.08 11.30 10.76 9.51 8.95 6.76 9.63 9.86 8.36 7.49 6.20 3.95 4.87 6.48 6.19 6.27 6.92 7.41 6.64 6.22 7.45 7.08 7.04 11.03 9.72 9.31 9.22 10.94 8.98 7.82 5.78 7.01 7.48 6.71 5.98 5.21 5.68 6.50 8.43 -9999 -9999 -9999 -9999 -9999 -9999 -9999 -9999 -9999 -9999 -9999 -9999 -9999 -9999 -9999 -9999 -9999 -9999 -9999 -9999 -9999 -9999 -9999 -9999 -9999 -9999 -9999 -9999 -9999
-9999 13.12 10.79 8.21 11.24 9.10 10.23 8.03 7.11 6.90 7.84 8.74 13.37 10.29 9.25 7.22 7.08 7.32 7.11 6.88 7.12 5.33 6.97 5.96 6.41 6.05 5.99 5.86 5.76 5.55 5.93 7.15 6.63 5.24 6.41 7.48 7.34 7.97 7.62 4.09 5.43 8.30 7.16 5.47 5.53 5.00 5.50 5.01 6.46 8.55 -9999 -9999 -9999 -9999 -9999 -9999 -9999 -9999 -9999 -9999 -9999 -9999 -9999 -9999 -9999 -9999 -9999 -9999 -9999 -9999 -9999 -9999 -9999 -9999 -9999 -9999 -9999 -9999
-9999 12.91 10.51 6.76 10.30 7.98 8.71 7.39 6.67 7.33 6.84 10.78 10.81 9.90 11.61 8.34 7.02 7.17 6.66 8.49 12.28 8.11 -9999 -9999 -9999 6.47 6.02 -9999 5.20 5.40 5.81 5.64 5.17 5.60 7.03 6.13 6.18 7.66 6.47 7.43 6.83 4.35 3.35 3.62 4.03 4.38 2.29 3.57 4.42 7.02 -9999 -9999 -9999 -9999 -9999 -9999 -9999 -9999 -9999 -9999 -9999 -9999 -9999 -9999 -9999 -9999 -9999 -9999 -9999 -9999 -9999 -9999 -9999 -9999 -9999 -9999 -9999 -9999
-9999 11.58 12.80 8.25 8.35 9.15 9.87 8.80 7.41 7.00 7.31 8.56 15.28 11.33 11.67 8.52 7.68 9.81 7.28 8.38 9.15 9.50 -9999 -9999 -9999 6.77 5.62 5.41 5.35 4.91 5.01 5.05 7.15 9.48 9.55 7.08 10.67 6.86 6.07 8.77 5.54 6.11 6.15 5.94 3.04 3.84 5.25 3.72 2.93 5.42 -9999 -9999 -9999 -9999 -9999 -9999 -9999 -9999 -9999 -9999 -9999 -9999 -9999 -9999 -9999 -9999 -9999 -9999 -9999 -9999 -9999 -9999 -9999 -9999 -9999 -9999 -9999 -9999
-9999 -9999 12.16 11.56 9.47 -9999 11.44 10.90 8.94 7.75 7.56 -9999 11.52 10.00 11.09 8.50 9.49 10.67 9.55 9.97 -9999 -9999 -9999 -9999 8.26 5.83 4.72 4.34 5.13 5.56 5.15 5.97 7.18 11.28 14.95 6.74 12.33 7.69 9.37 10.68 7.46 8.70 6.19 4.14 5.20 4.74 3.28 1.27 2.04 5.31 7.49 -9999 -9999 -9999 -9999 -9999 -9999 -9999 -9999 -9999 -9999 -9999 -9999 -9999 -9999 -9999 -9999 -9999 -9999 -9999 -9999 -9999 -9999 -9999 -9999 -9999 -9999 -9999
