ML/MeanWindSpeed_1995-02_Actual.txt
ncols         180
nrows         290
xllcorner     -200000
yllcorner     -200000
cellsize      5000
NODATA_value  -9999
[rows 170 to 203 of 290, columns 77 to 153 of 180]
-9999 -9999 -9999 -9999 -9999 -9999 -9999 -9999 -9999 -9999 -9999 -9999 -9999 -9999 -9999 -9999 -9999 -9999 -9999 -9999 -9999 -9999 -9999 -9999 -9999 -9999 -9999 -9999 -9999 11.71 10.81 10.21 10.51 10.94 11.16 10.72 10.00 10.35 9.88 9.52 9.36 9.10 10.10 9.50 17.92 22.20 22.58 19.03 16.39 14.22 11.62 11.91 11.06 13.27 11.45 11.26 10.86 10.90 10.94 10.90 11.53 11.78 11.40 10.28 10.86 14.19 13.69 14.30 12.42 12.15 13.22 14.96 -9999 -9999 -9999 -9999 -9999
-9999 -9999 -9999 -9999 -9999 -9999 -9999 -9999 -9999 18.98 18.15 19.08 20.74 -9999 -9999 -9999 -9999 -9999 -9999 -9999 -9999 -9999 -9999 -9999 -9999 -9999 -9999 -9999 12.40 10.84 11.35 10.42 11.85 11.19 10.56 10.60 10.71 10.35 10.33 10.03 9.77 9.48 9.02 13.47 18.13 18.46 14.78 20.17 18.74 12.80 12.36 9.21 13.97 14.22 11.82 11.51 11.06 11.00 11.00 10.93 11.43 12.22 11.97 10.64 10.47 11.09 14.22 14.31 15.08 12.19 11.69 13.30 15.37 -9999 -9999 -9999 -9999
-9999 -9999 -9999 -9999 -9999 -9999 -9999 -9999 -9999 17.97 17.13 17.13 17.82 -9999 -9999 -9999 -9999 -9999 -9999 -9999 -9999 -9999 -9999 -9999 -9999 -9999 -9999 12.30 11.88 10.88 11.27 12.65 10.87 11.19 9.94 10.13 10.61 10.41 10.79 11.00 9.72 9.04 9.26 11.88 21.04 20.81 14.40 17.21 16.55 15.64 10.67 9.26 12.56 13.65 12.24 10.87 10.67 10.95 11.58 11.27 11.37 11.85 12.61 11.42 10.89 10.59 13.41 13.81 14.04 12.45 11.90 12.24 14.29 -9999 -9999 -9999 -9999
-9999 -9999 -9999 -9999 -9999 -9999 -9999 22.33 17.45 15.18 16.03 15.79 17.37 17.03 18.76 20.12 -9999 -9999 19.43 16.20 -9999 -9999 -9999 11.73 14.20 13.89 -9999 10.18 12.50 11.20 10.54 11.22 10.43 11.28 11.36 12.28 11.63 11.73 10.50 11.06 9.96 10.20 16.00 11.69 14.42 18.21 10.01 12.63 20.91 12.35 14.53 11.00 12.34 12.66 11.75 11.30 11.16 11.21 11.57 10.95 11.42 11.48 12.81 11.52 10.90 10.72 11.34 12.60 14.52 13.98 12.02 11.64 13.25 15.49 -9999 -9999 -9999
-9999 -9999 -9999 -9999 -9999 -9999 -9999 -9999 18.11 15.91 15.11 14.53 15.06 17.49 20.47 17.61 -9999 17.64 16.43 17.24 14.64 15.47 10.13 8.26 14.77 15.65 14.07 -9999 9.53 11.59 11.19 10.03 10.10 11.67 10.93 10.65 10.61 10.52 10.91 10.30 10.60 10.46 16.18 17.02 15.70 16.44 14.78 17.15 18.02 15.74 11.57 10.63 13.65 13.47 11.21 12.01 11.30 11.97 11.88 11.03 11.23 11.31 12.90 11.74 11.01 10.84 10.42 11.66 13.20 14.64 13.15 11.76 12.34 14.50 -9999 -9999 -9999
-9999 -9999 -9999 -9999 -9999 -9999 -9999 -9999 -9999 17.37 16.38 15.34 14.74 15.40 13.70 13.83 24.94 33.87 15.02 18.59 18.01 16.44 13.33 8.36 7.55 12.03 16.89 13.45 9.62 9.74 10.85 9.83 10.36 12.74 11.54 10.57 9.87 10.16 10.35 9.88 9.86 9.92 17.85 19.89 16.07 16.30 13.24 11.74 14.12 14.71 11.41 10.95 13.11 11.97 11.12 12.03 11.40 12.81 11.58 11.35 11.05 10.96 13.08 11.49 10.92 10.83 10.39 11.11 12.03 12.37 12.97 13.57 11.55 13.54 15.98 -9999 -9999
-9999 -9999 -9999 -9999 -9999 -9999 -9999 -9999 -9999 -9999 18.86 15.43 13.92 12.67 12.46 17.96 39.97 27.47 12.48 20.21 13.14 17.93 17.34 10.92 6.31 15.95 14.19 15.80 12.88 9.71 9.52 9.60 8.89 10.88 11.71 10.99 10.32 9.70 10.04 9.64 9.25 11.77 13.45 19.97 16.68 17.70 16.19 9.80 13.32 16.37 11.74 11.82 13.02 11.87 11.59 11.64 11.36 12.78 11.33 11.00 11.18 10.55 11.82 11.75 10.99 10.80 10.62 10.80 11.70 13.62 12.19 11.25 11.38 13.00 15.57 -9999 -9999
-9999 -9999 -9999 -9999 -9999 -9999 -9999 -9999 -9999 -9999 -9999 15.67 13.06 14.23 17.74 34.40 38.39 26.84 19.49 17.38 17.22 18.75 19.13 18.13 10.56 8.76 18.27 15.33 13.55 11.47 9.45 9.18 9.71 10.19 10.89 10.16 9.37 9.59 9.57 9.37 9.64 10.96 13.96 16.17 13.43 14.07 16.60 13.69 9.69 16.13 12.12 11.99 12.89 11.68 11.57 11.28 11.94 12.64 11.44 11.13 11.00 10.33 12.80 11.93 11.29 11.17 11.06 11.50 11.36 11.43 11.01 10.81 11.29 13.43 15.74 -9999 -9999
-9999 -9999 -9999 -9999 -9999 -9999 -9999 -9999 -9999 -9999 -9999 15.16 13.95 18.59 22.30 26.44 32.25 20.57 15.85 18.03 20.43 19.65 20.46 17.55 11.82 7.72 18.41 18.84 14.64 12.53 9.44 8.87 9.79 11.40 10.75 10.11 9.58 8.72 8.39 9.14 11.98 11.91 9.24 16.56 13.18 14.06 16.83 16.89 13.22 11.70 11.12 9.53 11.74 12.84 11.37 11.13 10.66 11.41 11.07 11.62 11.21 11.03 12.04 12.93 12.24 12.14 11.70 11.59 11.20 10.76 10.71 11.30 12.58 14.56 -9999 -9999 -9999
-9999 -9999 -9999 -9999 -9999 -9999 -9999 -9999 -9999 -9999 -9999 13.59 14.00 17.13 17.12 25.13 23.36 18.56 20.74 16.63 17.02 20.16 17.34 20.42 15.95 9.89 16.64 18.70 17.47 12.14 10.36 8.76 10.34 12.27 11.71 10.19 9.18 8.52 8.96 11.10 11.45 9.25 9.14 13.63 13.47 13.17 13.29 12.65 12.82 13.73 9.07 10.60 10.96 10.55 11.22 10.54 11.73 10.45 10.99 11.56 11.50 12.17 15.34 13.87 12.85 12.30 12.06 11.69 11.29 10.96 11.07 12.41 14.24 -9999 -9999 -9999 -9999
-9999 -9999 -9999 -9999 -9999 -9999 -9999 -9999 -9999 -9999 14.64 26.06 15.57 17.61 20.05 14.11 30.49 27.02 25.25 21.39 22.91 16.93 17.51 14.98 12.94 15.18 20.60 18.27 16.85 11.92 10.09 8.82 11.21 11.59 10.87 10.09 8.83 8.84 10.98 10.21 9.21 11.06 12.67 9.29 16.05 14.86 10.74 11.95 11.30 10.33 10.29 9.26 9.17 9.44 11.06 10.43 9.67 11.90 10.99 11.47 12.05 13.11 15.64 14.02 12.98 12.63 11.98 11.68 11.13 10.90 11.99 13.69 -9999 -9999 -9999 -9999 -9999
-9999 -9999 -9999 -9999 -9999 -9999 -9999 -9999 15.94 15.16 20.65 17.80 14.30 14.94 17.15 12.50 15.62 18.79 24.85 23.09 23.11 19.89 19.67 10.87 15.31 15.22 11.20 12.35 11.40 12.20 10.73 9.64 11.00 11.39 11.21 9.85 9.62 11.41 10.19 10.52 9.00 11.47 12.71 12.12 10.56 9.51 12.17 11.49 10.85 10.90 10.78 10.43 8.47 9.92 9.86 9.05 9.54 10.34 11.14 11.92 12.02 13.16 15.31 13.88 12.72 12.42 11.73 11.34 10.89 11.19 12.60 -9999 -9999 -9999 -9999 -9999 15.42
-9999 -9999 -9999 -9999 -9999 -9999 -9999 16.27 16.02 15.92 15.98 15.32 14.65 12.63 10.29 10.29 13.43 15.99 20.17 30.44 16.98 13.16 11.97 7.14 16.94 18.94 18.02 13.29 11.44 12.14 11.74 11.03 11.36 12.13 11.24 10.44 10.19 11.13 11.49 9.09 8.94 11.53 11.86 11.37 10.70 11.12 11.81 10.06 10.92 9.64 9.71 10.62 9.66 8.90 8.37 9.08 10.57 10.39 11.08 11.73 12.13 12.78 15.30 14.16 12.64 11.84 11.32 11.04 10.73 11.07 12.22 -9999 -9999 -9999 -9999 -9999 13.58
-9999 -9999 -9999 -9999 -9999 -9999 16.47 18.08 17.09 16.70 -9999 -9999 -9999 -9999 10.45 20.73 17.76 16.60 20.30 17.24 12.78 15.89 13.70 11.19 25.23 21.26 17.37 18.55 13.88 10.92 11.84 11.91 11.08 11.15 10.78 10.07 10.71 9.83 11.76 9.64 9.33 10.01 11.01 11.51 11.40 10.17 10.45 10.24 10.26 10.06 9.63 9.06 8.80 8.51 9.07 10.35 10.33 10.17 11.42 12.45 12.78 12.79 14.03 13.62 13.05 11.43 11.06 10.76 10.44 10.48 11.44 13.25 -9999 -9999 -9999 -9999 12.04
-9999 -9999 -9999 -9999 -9999 -9999 18.61 21.23 16.41 16.98 -9999 -9999 -9999 -9999 10.76 16.59 19.59 11.94 18.70 16.68 14.31 18.53 20.40 15.10 20.97 10.71 12.99 13.54 12.40 10.92 11.00 11.42 11.06 11.35 11.98 10.30 11.05 10.45 10.59 11.35 9.79 10.11 9.46 10.95 12.31 12.89 12.76 10.46 9.77 9.85 9.83 10.39 9.42 9.40 10.06 10.66 11.71 10.74 13.65 13.78 14.21 12.83 13.24 12.99 12.51 11.09 10.98 10.69 10.29 10.14 10.31 11.48 12.60 -9999 -9999 12.56 11.70
-9999 -9999 -9999 -9999 -9999 -9999 -9999 -9999 -9999 -9999 -9999 -9999 -9999 -9999 12.09 19.77 17.56 12.10 14.32 10.29 19.89 18.65 10.75 15.47 14.48 12.45 14.14 11.43 10.98 10.44 11.74 11.26 11.65 11.16 10.45 10.52 10.44 10.05 10.38 11.27 10.19 9.81 10.56 11.37 10.82 11.95 12.26 9.43 11.46 13.03 11.44 11.62 11.12 9.28 10.26 11.66 13.28 13.07 12.37 13.05 14.09 13.22 13.53 12.82 12.33 10.89 10.90 10.72 10.44 10.11 9.73 10.02 10.80 11.79 12.02 11.17 10.92
-9999 -9999 -9999 -9999 -9999 -9999 -9999 -9999 -9999 -9999 -9999 -9999 -9999 -9999 -9999 19.60 7.85 8.36 12.76 18.14 15.96 18.53 16.80 10.39 12.41 14.89 10.30 10.13 9.86 10.36 10.49 11.27 11.26 11.08 10.54 10.39 10.29 10.49 10.09 11.12 10.70 10.08 13.73 12.85 10.83 10.49 10.37 10.50 10.38 12.04 12.43 11.84 13.60 10.67 10.01 11.11 10.83 11.68 12.03 11.82 13.61 13.53 12.98 12.14 12.33 11.00 10.96 10.74 10.43 10.20 10.05 10.00 9.95 10.31 10.39 10.15 9.64
-9999 -9999 -9999 -9999 -9999 -9999 -9999 -9999 -9999 -9999 -9999 -9999 -9999 -9999 -9999 12.44 19.63 20.95 16.40 12.62 10.98 14.92 11.76 12.24 9.72 9.34 12.83 9.28 9.84 13.20 12.62 12.16 11.19 10.03 9.86 10.96 10.71 12.12 11.81 11.48 10.74 10.10 13.46 14.97 12.84 11.05 10.22 10.63 10.63 10.39 10.96 12.42 15.98 13.66 10.54 9.89 10.72 12.59 14.24 14.08 13.13 13.77 13.12 12.47 11.82 11.24 11.10 10.81 10.68 10.43 10.26 10.19 10.15 10.06 9.93 10.02 9.70
-9999 -9999 -9999 -9999 -9999 -9999 -9999 -9999 -9999 -9999 -9999 -9999 -9999 -9999 15.30 15.20 11.79 24.23 14.63 10.72 14.44 13.42 11.22 15.93 10.45 9.99 13.98 8.61 18.92 14.97 12.43 12.66 13.89 10.97 10.24 14.74 14.15 12.38 10.48 11.34 11.32 10.95 12.07 13.20 13.00 11.78 11.02 10.69 10.82 11.14 10.71 12.74 12.65 11.79 10.90 10.31 11.47 13.08 14.65 14.50 12.69 12.86 12.85 12.52 11.88 11.41 11.15 10.98 10.83 10.62 10.37 10.28 10.21 9.83 9.65 10.29 10.05
-9999 -9999 -9999 -9999 -9999 -9999 -9999 -9999 -9999 -9999 -9999 -9999 -9999 -9999 13.06 14.57 23.56 14.61 7.87 11.27 10.94 12.77 16.49 16.16 12.04 11.72 12.09 9.81 11.17 12.91 15.73 15.67 12.23 11.94 11.64 12.36 13.05 10.58 10.29 11.50 11.53 12.58 13.12 12.35 12.83 12.31 11.45 11.02 10.94 10.90 10.83 12.12 12.52 11.74 10.32 10.85 12.68 14.43 13.39 14.36 14.14 13.13 12.29 13.29 11.92 12.10 11.36 11.12 10.80 10.62 10.47 10.23 10.05 9.79 9.59 10.69 10.20
-9999 -9999 -9999 -9999 -9999 -9999 -9999 -9999 -9999 -9999 -9999 -9999 -9999 -9999 14.88 18.49 8.63 12.02 11.13 13.31 12.40 18.98 15.73 18.70 14.58 13.30 10.67 9.09 10.04 15.01 18.64 20.55 12.61 14.96 13.43 13.73 12.72 9.83 10.43 11.02 11.56 12.70 12.09 12.29 14.21 12.93 11.28 11.22 13.09 10.70 11.24 11.81 11.58 10.85 10.56 11.57 12.29 12.75 12.99 13.09 12.06 11.95 12.81 12.97 11.39 11.32 11.32 11.01 10.86 10.54 10.21 10.13 9.97 9.81 9.70 9.90 9.50
-9999 -9999 -9999 -9999 -9999 -9999 -9999 -9999 -9999 -9999 -9999 -9999 -9999 -9999 -9999 9.48 12.03 16.23 20.76 22.29 17.85 17.65 14.20 10.40 10.81 9.93 11.75 12.02 10.27 12.27 13.20 18.43 14.70 12.82 13.16 15.32 13.94 10.37 11.88 10.32 10.72 14.82 12.49 12.19 12.01 12.21 10.79 10.76 13.45 12.29 11.10 11.88 11.29 10.93 11.50 12.79 12.08 11.81 11.26 12.36 11.17 13.02 12.99 11.39 11.18 11.99 11.51 10.79 10.60 10.28 10.10 10.05 9.94 9.84 9.67 9.49 9.45
-9999 -9999 -9999 -9999 -9999 -9999 -9999 -9999 -9999 -9999 -9999 -9999 -9999 -9999 -9999 11.72 13.92 16.49 20.49 25.29 22.45 16.45 11.88 9.82 12.55 16.04 19.31 22.00 16.45 12.20 12.79 14.71 13.61 10.51 16.31 15.13 14.28 11.95 13.03 10.86 10.39 12.11 14.74 13.96 12.68 11.79 10.88 10.87 12.50 12.00 11.30 11.31 11.95 12.28 12.64 13.47 12.28 11.54 13.36 13.32 13.10 12.71 12.88 11.37 11.99 12.67 10.98 10.59 10.49 10.23 10.12 9.98 9.88 9.80 9.70 9.65 9.53
-9999 -9999 -9999 -9999 -9999 -9999 -9999 -9999 -9999 -9999 -9999 -9999 -9999 -9999 13.72 11.07 12.59 16.28 19.18 18.53 17.91 13.89 15.21 22.70 18.05 18.40 18.65 15.32 13.86 14.87 15.00 12.30 10.98 11.88 15.29 15.14 14.03 12.02 13.34 10.25 10.28 12.91 12.50 13.31 13.42 12.38 11.55 11.26 12.38 11.99 10.87 11.28 11.32 11.21 12.50 12.04 13.58 12.48 13.61 12.47 12.75 12.80 11.43 11.22 12.56 12.22 10.55 10.33 10.70 10.16 10.17 10.03 10.09 9.92 9.72 9.63 9.33
-9999 -9999 -9999 -9999 -9999 -9999 -9999 -9999 -9999 -9999 -9999 -9999 -9999 -9999 17.93 14.68 12.05 11.45 15.51 22.27 21.45 18.68 15.63 16.60 18.59 20.61 21.23 14.88 18.03 19.83 13.24 16.57 10.12 11.16 14.12 16.99 12.34 13.35 10.91 9.27 9.84 11.14 15.77 13.49 13.59 12.84 12.21 12.03 12.01 11.43 10.72 10.88 10.72 10.67 10.70 12.64 13.38 13.23 14.19 12.59 11.71 11.63 11.08 11.78 12.41 11.73 10.91 11.41 10.95 11.14 10.38 10.22 10.40 10.36 9.85 9.60 9.35
-9999 -9999 -9999 -9999 -9999 -9999 -9999 -9999 -9999 -9999 -9999 -9999 -9999 -9999 15.84 13.76 7.98 10.14 15.31 22.61 20.11 20.29 15.68 17.78 16.67 14.89 17.10 17.83 17.02 14.60 12.38 13.21 17.12 11.71 11.78 12.07 12.70 14.86 12.08 9.40 9.77 10.96 11.72 11.87 13.49 12.75 12.30 12.42 11.04 10.22 11.10 11.36 11.50 10.64 11.58 13.34 13.19 11.74 12.07 13.36 11.78 12.28 10.89 12.31 12.39 11.03 10.82 11.16 10.37 10.62 10.37 10.21 10.18 9.91 9.77 9.83 9.72
-9999 -9999 -9999 -9999 -9999 -9999 -9999 -9999 -9999 -9999 -9999 -9999 -9999 14.36 15.90 18.36 13.61 10.60 16.84 19.18 22.99 22.49 13.62 13.64 12.40 15.15 18.28 15.15 14.56 17.30 14.72 13.47 12.85 11.60 10.64 10.99 12.68 12.41 11.61 10.95 10.04 9.64 10.80 11.70 10.87 11.65 11.38 12.26 10.89 10.90 11.12 10.38 10.33 10.92 12.69 12.29 12.13 11.04 12.38 12.68 12.11 10.82 12.06 12.16 12.25 12.29 11.48 10.83 10.72 10.46 10.46 10.32 10.01 9.78 9.63 9.69 9.92
-9999 -9999 -9999 -9999 -9999 -9999 -9999 -9999 -9999 -9999 -9999 -9999 17.01 16.35 16.82 13.25 10.54 15.46 20.12 21.35 18.48 20.94 14.48 16.10 13.61 13.64 24.11 16.39 16.83 13.33 13.91 11.78 11.22 11.85 13.67 12.22 15.24 12.25 12.60 10.32 9.83 9.95 10.40 11.20 10.61 10.82 11.45 11.69 9.80 10.81 10.76 10.83 11.07 11.69 12.67 11.44 12.48 11.67 12.05 10.82 10.60 12.39 12.86 11.99 12.23 11.87 10.55 11.31 11.47 11.30 10.99 10.33 9.82 9.41 9.85 9.95 10.88
-9999 -9999 -9999 -9999 -9999 -9999 -9999 -9999 -9999 -9999 18.89 16.93 14.97 11.77 10.61 10.83 11.71 17.17 18.95 21.74 24.11 21.11 17.68 11.49 15.57 14.91 21.04 16.04 14.37 14.32 12.31 11.96 10.16 11.71 14.78 13.94 14.21 11.02 11.17 10.44 10.35 11.21 10.65 11.36 10.22 10.47 11.05 9.93 9.79 10.42 11.87 11.40 12.48 13.57 12.79 11.93 11.10 10.67 11.75 12.38 11.89 12.56 11.06 12.01 12.25 11.19 10.03 10.22 11.65 11.37 11.30 9.97 9.49 9.15 9.66 11.27 11.71
-9999 -9999 -9999 -9999 -9999 -9999 17.29 15.49 13.51 18.66 18.87 19.19 18.92 14.36 12.55 11.11 19.08 16.57 19.48 20.62 20.35 15.99 14.36 11.24 13.13 12.56 22.38 19.99 16.89 13.10 13.33 12.32 14.74 10.31 13.16 13.93 13.26 12.51 11.14 9.92 11.33 10.64 10.02 11.76 10.21 10.45 9.94 10.13 10.79 11.91 10.84 11.87 11.10 11.85 13.34 13.09 12.59 11.97 12.57 12.49 11.89 11.40 12.52 10.90 10.84 10.52 9.94 11.04 11.46 11.61 10.57 9.73 9.73 9.95 11.64 11.79 10.95
-9999 -9999 -9999 -9999 -9999 19.37 15.96 16.62 15.12 14.26 17.00 15.96 16.76 13.59 10.94 15.99 17.28 17.65 12.13 21.27 15.87 12.51 20.68 15.84 10.36 20.87 17.88 17.59 11.84 10.96 11.80 16.72 11.99 10.84 10.65 11.11 13.67 13.52 13.10 10.59 10.81 10.05 10.18 11.31 10.84 10.65 10.45 10.52 11.36 11.26 14.13 11.04 10.34 11.15 12.57 11.74 11.67 10.97 11.20 11.91 11.49 12.60 11.71 10.72 10.71 11.01 10.20 10.65 10.89 10.27 10.08 9.99 10.02 10.16 10.91 12.00 11.75
-9999 -9999 -9999 -9999 19.73 18.88 14.00 13.18 13.26 14.82 13.60 14.16 12.89 14.09 20.73 15.71 13.16 18.26 9.69 14.64 14.79 20.21 19.36 20.45 16.63 15.68 14.04 11.52 18.96 17.51 11.51 12.12 11.52 10.84 11.35 10.41 10.67 13.56 13.92 10.12 9.47 9.65 10.76 9.86 9.68 10.80 14.38 10.86 10.54 11.72 12.86 11.42 10.40 11.40 12.29 12.20 12.99 12.02 10.89 10.68 10.61 12.28 11.74 10.69 11.87 11.59 10.48 10.64 10.55 10.27 10.69 10.83 10.70 10.93 10.99 11.90 10.73
15.95 18.67 15.59 18.66 14.99 14.66 15.51 13.63 12.96 16.26 13.99 13.68 14.16 18.83 17.70 14.53 15.85 14.71 11.97 12.49 18.16 18.91 16.18 16.59 19.18 13.29 8.89 19.07 21.54 16.44 15.76 11.74 12.36 10.85 11.26 14.33 11.08 14.32 11.43 9.79 9.14 9.76 12.78 9.25 10.08 16.47 12.00 10.78 10.83 12.06 13.27 10.84 10.83 11.31 10.85 11.74 11.79 11.02 10.57 11.15 10.54 11.07 11.69 11.75 11.13 10.57 9.97 9.81 10.67 12.90 11.89 13.25 12.12 10.37 12.10 11.46 11.52
15.51 13.22 12.66 17.36 22.31 20.20 19.41 14.47 16.21 19.02 16.76 15.75 19.27 16.13 14.86 18.76 14.09 10.42 12.73 14.05 18.29 17.84 17.30 16.50 14.42 10.17 13.58 29.42 22.93 16.54 12.43 13.34 12.34 14.58 11.82 12.83 11.42 10.84 10.43 10.43 9.36 9.01 9.46 9.15 14.79 15.54 13.68 11.18 10.49 14.69 12.21 10.93 11.10 10.34 11.45 11.34 10.90 9.87 11.75 11.15 10.11 12.49 12.24 10.76 10.43 10.21 9.84 10.52 12.10 12.77 12.50 13.22 12.00 11.29 12.27 11.59 10.46
