ML/MeanWindSpeed_1993-12_Actual.txt
ncols         180
nrows         290
xllcorner     -200000
yllcorner     -200000
cellsize      5000
NODATA_value  -9999
[rows 102 to 135 of 290, columns 77 to 153 of 180]
-9999 12.88 14.20 14.35 5.06 17.70 12.87 12.18 8.40 18.81 11.20 20.04 12.27 11.66 19.57 10.04 5.29 13.48 19.00 19.21 11.14 12.12 13.14 11.77 9.42 8.10 7.55 7.18 10.82 9.26 9.64 9.66 10.45 11.38 11.89 13.08 -9999 -9999 -9999 -9999 -9999 -9999 -9999 -9999 -9999 -9999 -9999 -9999 -9999 -9999 -9999 -9999 -9999 -9999 -9999 -9999 -9999 -9999 -9999 -9999 -9999 -9999 -9999 -9999 -9999 -9999 -9999 -9999 -9999 -9999 -9999 -9999 -9999 -9999 -9999 -9999 -9999
12.04 9.88 6.07 6.15 11.24 19.17 7.06 9.85 18.38 12.37 13.50 19.35 20.11 16.07 6.76 13.82 13.70 16.94 14.30 11.60 16.01 17.48 13.22 10.28 7.53 7.00 8.53 12.49 10.43 9.92 10.93 10.11 10.16 11.35 -9999 -9999 -9999 -9999 -9999 -9999 -9999 -9999 -9999 -9999 -9999 -9999 -9999 -9999 -9999 -9999 -9999 -9999 -9999 -9999 -9999 -9999 -9999 -9999 -9999 -9999 -9999 -9999 -9999 -9999 -9999 -9999 -9999 -9999 -9999 -9999 -9999 -9999 -9999 -9999 -9999 -9999 -9999
10.64 10.76 11.28 9.66 12.75 6.16 4.81 9.05 13.54 10.97 9.28 9.32 11.04 13.25 17.25 11.56 14.07 12.38 15.27 17.07 14.12 13.51 11.45 9.50 7.74 7.62 10.72 10.93 9.34 9.48 9.62 10.64 10.83 -9999 -9999 -9999 -9999 -9999 -9999 -9999 -9999 -9999 -9999 -9999 -9999 -9999 -9999 -9999 -9999 -9999 -9999 -9999 -9999 -9999 -9999 -9999 -9999 -9999 -9999 -9999 -9999 -9999 -9999 -9999 -9999 -9999 -9999 -9999 -9999 -9999 -9999 -9999 -9999 -9999 -9999 -9999 -9999
12.22 10.79 13.82 10.34 6.17 7.61 12.72 13.96 12.32 9.30 10.91 16.11 11.57 14.20 8.91 11.91 16.76 12.41 9.53 8.99 10.36 9.08 8.92 9.78 9.74 8.42 9.58 8.95 8.62 11.12 10.59 10.97 11.36 -9999 -9999 -9999 -9999 -9999 -9999 -9999 -9999 -9999 -9999 -9999 -9999 -9999 -9999 -9999 -9999 -9999 -9999 -9999 -9999 -9999 -9999 -9999 -9999 -9999 -9999 -9999 -9999 -9999 -9999 -9999 -9999 -9999 -9999 -9999 -9999 -9999 -9999 -9999 -9999 -9999 -9999 -9999 -9999
11.63 12.35 10.34 11.96 14.22 12.81 16.31 10.66 13.81 6.06 15.46 8.79 18.34 8.54 11.98 19.10 12.99 10.68 13.27 12.15 9.40 9.04 8.15 8.07 9.06 7.77 7.75 9.22 9.39 9.31 9.55 8.53 10.43 11.82 -9999 -9999 -9999 -9999 -9999 -9999 -9999 -9999 -9999 -9999 -9999 -9999 -9999 -9999 -9999 -9999 -9999 -9999 -9999 -9999 -9999 -9999 -9999 -9999 -9999 -9999 -9999 -9999 -9999 -9999 -9999 -9999 -9999 -9999 -9999 -9999 -9999 -9999 -9999 -9999 -9999 -9999 -9999
12.96 12.66 7.85 14.72 10.24 6.13 11.02 15.97 15.51 7.08 15.85 13.56 14.08 10.20 14.44 11.36 13.01 16.86 13.15 12.15 10.76 9.31 8.80 10.13 10.56 11.85 11.78 10.08 8.28 7.24 9.47 8.30 11.08 11.72 13.67 -9999 -9999 -9999 -9999 -9999 -9999 -9999 -9999 -9999 -9999 -9999 -9999 -9999 -9999 -9999 -9999 -9999 -9999 -9999 -9999 -9999 -9999 -9999 -9999 -9999 -9999 -9999 -9999 -9999 -9999 -9999 -9999 -9999 -9999 -9999 -9999 -9999 -9999 -9999 -9999 -9999 -9999
13.10 9.30 13.50 13.94 10.13 6.08 13.29 15.38 19.38 9.35 15.50 13.08 13.04 12.08 12.66 7.63 9.54 10.73 9.57 6.95 8.62 10.83 14.45 13.89 12.72 10.57 10.07 11.37 7.24 8.56 9.84 10.80 11.54 12.33 13.72 14.65 -9999 -9999 -9999 -9999 -9999 -9999 -9999 -9999 -9999 -9999 -9999 -9999 -9999 -9999 -9999 -9999 -9999 -9999 -9999 -9999 -9999 -9999 -9999 -9999 -9999 -9999 -9999 -9999 -9999 -9999 -9999 -9999 -9999 -9999 -9999 -9999 -9999 -9999 -9999 -9999 -9999
8.33 13.80 17.06 9.09 7.19 11.93 17.49 13.01 7.08 10.19 22.88 11.64 11.17 12.50 12.49 10.35 9.69 7.02 5.54 8.73 14.92 14.75 12.92 12.23 9.77 8.71 9.43 11.05 9.27 10.63 10.71 10.95 12.20 12.89 13.65 -9999 -9999 -9999 -9999 -9999 -9999 -9999 -9999 -9999 -9999 -9999 -9999 -9999 -9999 -9999 -9999 -9999 -9999 -9999 -9999 -9999 -9999 -9999 -9999 -9999 -9999 -9999 -9999 -9999 -9999 -9999 -9999 -9999 -9999 -9999 -9999 -9999 -9999 -9999 -9999 -9999 -9999
10.93 11.98 11.20 9.95 15.98 9.77 14.59 15.18 15.77 11.33 9.51 19.52 12.10 9.97 9.12 9.06 8.80 7.80 6.41 10.01 8.39 7.67 6.69 8.67 11.06 9.74 10.05 9.73 10.19 12.44 12.95 -9999 -9999 -9999 -9999 -9999 -9999 -9999 -9999 -9999 -9999 -9999 -9999 -9999 -9999 -9999 -9999 -9999 -9999 -9999 -9999 -9999 -9999 -9999 -9999 -9999 -9999 -9999 -9999 -9999 -9999 -9999 -9999 -9999 -9999 -9999 -9999 -9999 -9999 -9999 -9999 -9999 -9999 -9999 -9999 -9999 -9999
12.79 10.80 7.60 14.30 15.21 17.64 17.14 7.48 16.12 16.04 8.99 13.05 13.60 9.42 9.19 10.61 12.58 13.97 9.58 8.49 8.17 8.10 8.19 8.89 10.00 9.34 9.94 11.53 12.00 -9999 -9999 -9999 -9999 -9999 -9999 -9999 -9999 -9999 -9999 -9999 -9999 -9999 -9999 -9999 -9999 -9999 -9999 -9999 -9999 -9999 -9999 -9999 -9999 -9999 -9999 -9999 -9999 -9999 -9999 -9999 -9999 -9999 -9999 -9999 -9999 -9999 -9999 -9999 -9999 -9999 -9999 -9999 -9999 -9999 -9999 -9999 -9999
11.94 9.49 14.84 10.67 15.96 19.10 15.18 12.25 17.27 17.24 9.84 9.55 7.82 6.82 7.26 8.75 13.10 15.03 11.96 10.27 8.96 8.56 9.56 9.01 9.38 10.14 12.59 14.49 13.53 -9999 -9999 -9999 -9999 -9999 -9999 -9999 -9999 -9999 -9999 -9999 -9999 -9999 -9999 -9999 -9999 -9999 -9999 -9999 -9999 -9999 -9999 -9999 -9999 -9999 -9999 -9999 -9999 -9999 -9999 -9999 -9999 -9999 -9999 -9999 -9999 -9999 -9999 -9999 -9999 -9999 -9999 -9999 -9999 -9999 -9999 -9999 -9999
-9999 11.80 14.79 11.12 16.01 16.38 17.49 12.21 11.46 12.23 10.54 9.56 8.59 5.51 14.42 15.02 14.34 15.05 11.81 9.10 9.05 8.75 8.93 8.86 8.93 10.25 10.31 -9999 -9999 -9999 -9999 -9999 13.51 12.34 12.98 13.39 -9999 -9999 -9999 -9999 -9999 -9999 -9999 -9999 -9999 -9999 -9999 -9999 -9999 -9999 -9999 -9999 -9999 -9999 -9999 -9999 -9999 -9999 -9999 -9999 -9999 -9999 -9999 -9999 -9999 -9999 -9999 -9999 -9999 -9999 -9999 -9999 -9999 -9999 -9999 -9999 -9999
-9999 12.44 16.23 11.22 9.81 20.58 11.73 12.42 11.95 9.60 9.20 10.65 13.38 9.63 9.89 9.06 9.57 9.14 9.66 10.12 10.39 9.89 9.23 9.72 10.21 10.11 10.37 11.66 12.81 -9999 -9999 11.53 10.60 10.16 9.75 11.27 13.04 14.31 -9999 -9999 -9999 -9999 -9999 -9999 -9999 -9999 -9999 -9999 -9999 -9999 -9999 -9999 -9999 -9999 -9999 -9999 -9999 -9999 -9999 -9999 -9999 -9999 -9999 -9999 -9999 -9999 -9999 -9999 -9999 -9999 -9999 -9999 -9999 -9999 -9999 -9999 -9999
12.41 15.58 12.84 13.21 15.47 16.68 10.74 12.97 15.70 13.72 11.50 9.01 9.09 9.74 9.32 9.34 8.71 8.37 9.19 10.62 10.46 9.25 10.56 11.03 9.18 8.58 9.31 10.07 11.43 10.34 10.69 10.85 9.46 7.75 8.84 12.09 13.16 15.52 12.60 -9999 -9999 -9999 -9999 -9999 -9999 -9999 -9999 -9999 -9999 -9999 -9999 -9999 -9999 -9999 -9999 -9999 -9999 -9999 -9999 -9999 -9999 -9999 -9999 -9999 -9999 -9999 -9999 -9999 -9999 -9999 -9999 -9999 -9999 -9999 -9999 -9999 -9999
17.05 13.96 17.45 15.90 13.51 11.66 -9999 14.16 16.75 12.56 10.74 9.51 9.23 8.70 8.97 9.63 8.84 8.32 10.38 11.06 11.45 10.56 9.51 9.14 8.05 8.55 9.36 10.80 9.40 8.45 10.58 9.46 8.69 7.85 9.89 12.28 12.79 14.08 12.75 14.62 16.44 14.15 -9999 -9999 -9999 -9999 -9999 -9999 -9999 -9999 -9999 -9999 -9999 -9999 -9999 -9999 -9999 -9999 -9999 -9999 -9999 -9999 -9999 -9999 -9999 -9999 -9999 -9999 -9999 -9999 -9999 -9999 -9999 -9999 -9999 -9999 -9999
21.17 16.08 -9999 15.73 16.78 12.11 -9999 15.06 18.59 12.72 11.46 9.79 9.94 9.36 9.28 8.55 8.28 7.92 8.96 11.63 12.13 12.09 9.82 8.98 9.58 10.65 13.15 11.69 8.97 7.83 9.05 8.74 8.39 13.00 14.71 12.73 12.91 12.16 11.89 12.22 11.05 13.12 -9999 -9999 -9999 -9999 -9999 -9999 -9999 -9999 -9999 -9999 -9999 -9999 -9999 -9999 -9999 -9999 -9999 -9999 -9999 -9999 -9999 -9999 -9999 -9999 -9999 -9999 -9999 -9999 -9999 -9999 -9999 -9999 -9999 -9999 -9999
18.30 17.57 -9999 -9999 17.28 13.62 11.83 14.87 16.05 9.76 9.87 12.06 10.70 10.14 10.02 12.68 10.01 7.97 8.54 9.52 11.45 12.02 12.22 9.99 12.22 13.12 11.59 10.64 10.60 9.88 10.28 10.76 11.12 11.05 14.19 12.90 12.59 12.73 9.50 9.21 10.49 12.82 14.54 -9999 -9999 -9999 -9999 -9999 -9999 -9999 -9999 -9999 -9999 -9999 -9999 -9999 -9999 -9999 -9999 -9999 -9999 -9999 -9999 -9999 -9999 -9999 -9999 -9999 -9999 -9999 -9999 -9999 -9999 -9999 -9999 -9999 -9999
-9999 -9999 -9999 -9999 -9999 15.05 12.77 16.14 12.32 8.59 9.01 10.43 12.10 11.12 10.53 12.22 12.66 10.77 8.38 10.53 13.12 11.91 11.22 11.71 13.56 12.40 10.40 10.25 10.44 13.96 13.61 11.77 10.87 9.97 12.60 12.27 11.81 12.62 10.03 9.24 9.27 9.99 11.79 -9999 -9999 -9999 -9999 -9999 -9999 -9999 -9999 -9999 -9999 -9999 -9999 -9999 -9999 -9999 -9999 -9999 -9999 -9999 -9999 -9999 -9999 -9999 -9999 -9999 -9999 -9999 -9999 -9999 -9999 -9999 -9999 -9999 -9999
13.19 19.37 21.06 -9999 -9999 -9999 14.92 15.34 11.85 9.51 8.59 9.05 10.73 11.83 12.82 13.79 13.35 13.06 11.53 9.02 13.24 12.36 11.73 11.94 11.01 10.66 11.98 9.71 13.03 16.86 15.70 13.28 13.05 10.39 11.53 11.30 11.76 12.04 9.97 9.06 8.90 9.35 11.17 12.84 -9999 -9999 -9999 -9999 -9999 -9999 -9999 -9999 -9999 -9999 -9999 -9999 -9999 -9999 -9999 -9999 -9999 -9999 -9999 -9999 -9999 -9999 -9999 -9999 -9999 -9999 -9999 -9999 -9999 -9999 -9999 -9999 -9999
15.95 19.52 22.41 17.02 -9999 -9999 -9999 15.17 13.05 10.14 8.90 8.71 9.04 11.22 12.24 12.31 11.90 12.49 12.66 12.57 11.71 12.10 11.75 13.24 12.53 15.00 10.61 11.45 10.88 11.57 15.92 15.39 12.94 11.80 10.27 10.12 10.59 10.87 9.58 9.16 8.64 9.51 10.41 11.02 12.45 -9999 -9999 -9999 -9999 -9999 -9999 -9999 -9999 -9999 -9999 -9999 -9999 -9999 -9999 -9999 -9999 -9999 -9999 -9999 -9999 -9999 -9999 -9999 -9999 -9999 -9999 -9999 -9999 -9999 -9999 -9999 -9999
13.18 18.46 20.51 15.99 -9999 -9999 -9999 -9999 -9999 12.05 10.02 8.14 7.81 8.59 9.14 10.66 14.24 14.93 13.52 12.24 11.76 13.27 12.77 12.90 11.94 14.51 11.19 12.46 13.00 11.89 9.55 11.26 10.38 11.44 9.51 10.79 10.13 8.81 8.68 8.82 9.18 8.78 10.87 10.99 11.45 12.53 -9999 -9999 -9999 -9999 -9999 -9999 -9999 -9999 -9999 -9999 -9999 -9999 -9999 -9999 -9999 -9999 -9999 -9999 -9999 -9999 -9999 -9999 -9999 -9999 -9999 -9999 -9999 -9999 -9999 -9999 -9999
14.24 14.94 22.54 17.49 -9999 -9999 -9999 -9999 -9999 13.24 11.39 10.30 8.35 10.15 12.37 11.94 14.57 16.22 15.23 12.47 13.84 12.72 11.87 13.89 13.88 9.76 18.93 12.80 15.65 12.34 14.82 14.18 10.06 11.94 10.11 9.44 8.45 8.87 10.30 11.34 11.14 11.51 8.99 10.56 12.79 11.76 13.92 15.47 -9999 -9999 -9999 -9999 -9999 -9999 -9999 -9999 -9999 -9999 -9999 -9999 -9999 -9999 -9999 -9999 -9999 -9999 -9999 -9999 -9999 -9999 -9999 -9999 -9999 -9999 -9999 -9999 -9999
-9999 18.52 21.58 21.07 -9999 -9999 -9999 -9999 -9999 13.71 11.12 10.35 9.38 10.13 11.87 10.24 11.97 13.10 15.04 13.67 13.31 11.77 14.14 17.59 14.25 13.33 20.41 17.88 13.19 13.92 12.11 10.08 11.49 11.89 10.30 10.60 10.12 8.20 8.61 9.33 12.42 15.99 12.07 10.41 11.76 12.41 12.34 14.23 -9999 -9999 -9999 -9999 -9999 -9999 -9999 -9999 -9999 -9999 -9999 -9999 -9999 -9999 -9999 -9999 -9999 -9999 -9999 -9999 -9999 -9999 -9999 -9999 -9999 -9999 -9999 -9999 -9999
-9999 17.34 19.17 20.65 -9999 -9999 -9999 -9999 -9999 13.17 11.02 10.41 10.50 10.42 10.46 11.08 14.96 16.85 14.14 14.88 12.36 12.05 12.00 14.26 9.77 16.54 15.64 13.57 14.61 15.42 10.55 12.91 11.07 11.79 11.41 8.96 9.85 9.70 8.89 8.54 15.82 17.20 15.16 10.18 11.37 12.51 12.29 14.15 -9999 -9999 -9999 -9999 -9999 -9999 -9999 -9999 -9999 -9999 -9999 -9999 -9999 -9999 -9999 -9999 -9999 -9999 -9999 -9999 -9999 -9999 -9999 -9999 -9999 -9999 -9999 -9999 -9999
-9999 -9999 -9999 -9999 -9999 -9999 -9999 -9999 16.50 12.55 11.27 10.24 10.92 11.90 10.91 12.40 13.32 15.41 12.74 12.40 15.46 13.89 15.16 14.03 13.19 17.17 17.14 12.18 13.18 14.39 13.35 12.28 12.69 10.13 11.14 11.34 8.82 9.73 8.89 12.06 14.04 17.86 15.45 10.54 10.83 10.92 12.23 14.09 -9999 -9999 -9999 -9999 -9999 -9999 -9999 -9999 -9999 -9999 -9999 -9999 -9999 -9999 -9999 -9999 -9999 -9999 -9999 -9999 -9999 -9999 -9999 -9999 -9999 -9999 -9999 -9999 -9999
-9999 -9999 -9999 -9999 -9999 -9999 -9999 -9999 16.94 10.28 9.90 11.67 13.36 12.95 11.66 12.43 13.30 10.67 10.67 14.14 15.16 14.31 13.69 10.52 8.10 15.89 11.53 12.01 11.96 13.08 12.82 11.61 9.74 12.37 11.65 11.18 9.94 9.83 11.71 13.22 13.26 15.47 14.94 10.89 9.71 10.73 13.10 13.06 -9999 -9999 -9999 -9999 -9999 -9999 -9999 -9999 -9999 -9999 -9999 -9999 -9999 -9999 -9999 -9999 -9999 -9999 -9999 -9999 -9999 -9999 -9999 -9999 -9999 -9999 -9999 -9999 -9999
-9999 -9999 -9999 -9999 -9999 -9999 -9999 15.85 13.67 8.93 10.80 12.22 10.58 12.80 15.02 14.86 17.51 15.37 11.96 9.39 9.92 14.20 14.25 11.67 6.89 10.12 15.22 11.56 14.27 11.94 11.96 9.47 9.79 11.40 10.33 10.54 11.76 13.50 15.17 14.37 13.13 12.36 11.72 10.45 12.68 13.97 12.90 13.21 -9999 -9999 -9999 -9999 -9999 -9999 -9999 -9999 -9999 -9999 -9999 -9999 -9999 -9999 -9999 -9999 -9999 -9999 -9999 -9999 -9999 -9999 -9999 -9999 -9999 -9999 -9999 -9999 -9999
-9999 -9999 -9999 -9999 -9999 -9999 -9999 13.61 9.57 12.69 11.65 13.57 10.71 13.31 13.08 16.24 15.99 16.51 14.43 11.29 7.96 17.69 18.21 11.97 6.60 11.25 14.20 10.65 11.24 12.99 9.64 12.10 13.08 10.76 12.50 12.90 16.58 12.00 11.60 12.84 13.65 13.67 11.09 9.50 11.27 11.54 11.12 11.87 13.79 -9999 -9999 -9999 -9999 -9999 -9999 -9999 -9999 -9999 -9999 -9999 -9999 -9999 -9999 -9999 -9999 -9999 -9999 -9999 -9999 -9999 -9999 -9999 -9999 -9999 -9999 -9999 -9999
-9999 -9999 -9999 -9999 -9999 -9999 13.36 13.91 13.02 12.31 13.92 14.60 12.57 10.91 14.57 14.09 16.48 16.28 15.92 10.88 6.96 11.29 14.12 12.68 8.07 8.47 11.03 10.51 10.53 10.76 14.20 11.06 10.24 10.60 10.08 15.50 13.63 15.84 14.05 10.91 11.63 12.29 13.17 13.81 10.49 9.77 9.21 9.77 11.32 -9999 -9999 -9999 -9999 -9999 -9999 -9999 -9999 -9999 -9999 -9999 -9999 -9999 -9999 -9999 -9999 -9999 -9999 -9999 -9999 -9999 -9999 -9999 -9999 -9999 -9999 -9999 -9999
-9999 -9999 -9999 -9999 -9999 -9999 14.58 12.63 10.51 14.75 14.51 13.37 13.52 16.47 11.14 12.19 15.49 14.07 14.26 9.83 7.22 10.05 12.04 13.96 8.22 8.54 9.11 9.89 8.49 12.38 8.81 13.62 11.24 9.41 16.69 11.35 13.02 13.84 12.80 13.30 10.12 10.50 13.27 12.58 10.31 10.41 9.35 9.00 10.89 -9999 -9999 -9999 -9999 -9999 -9999 -9999 -9999 -9999 -9999 -9999 -9999 -9999 -9999 -9999 -9999 -9999 -9999 -9999 -9999 -9999 -9999 -9999 -9999 -9999 -9999 -9999 -9999
-9999 -9999 -9999 -9999 -9999 16.31 12.67 10.64 12.67 10.22 10.88 18.71 15.95 15.30 11.04 12.32 13.28 12.05 13.82 12.76 10.18 12.01 11.86 9.32 7.70 8.16 10.07 10.37 13.25 10.22 8.97 13.31 9.10 10.55 16.71 12.94 11.85 10.65 12.26 13.11 11.97 12.71 12.97 11.09 10.14 9.45 8.38 8.57 10.53 -9999 -9999 -9999 -9999 -9999 -9999 -9999 -9999 -9999 -9999 -9999 -9999 -9999 -9999 -9999 -9999 -9999 -9999 -9999 -9999 -9999 -9999 -9999 -9999 -9999 -9999 -9999 -9999
-9999 -9999 -9999 -9999 14.21 14.26 13.80 10.89 10.97 10.33 9.60 13.33 13.66 19.84 11.24 10.23 11.27 12.03 12.79 13.49 11.64 9.76 8.66 11.19 8.15 7.52 9.50 10.34 10.66 10.32 8.78 10.71 7.35 9.35 14.82 14.42 14.93 13.95 13.04 11.30 10.66 12.94 12.09 11.14 10.42 9.64 9.15 8.34 9.79 12.06 -9999 -9999 -9999 -9999 -9999 -9999 -9999 -9999 -9999 -9999 -9999 -9999 -9999 -9999 -9999 -9999 -9999 -9999 -9999 -9999 -9999 -9999 -9999 -9999 -9999 -9999 -9999
-9999 -9999 -9999 -9999 14.82 17.35 13.62 12.80 11.24 9.08 7.84 17.54 15.70 14.31 13.29 10.32 10.13 11.07 11.17 15.87 11.51 9.56 8.43 8.57 11.08 8.30 10.78 10.29 11.17 10.18 9.51 9.15 10.16 8.32 11.84 13.20 12.71 14.25 12.84 11.27 10.45 11.50 10.85 12.01 10.79 9.12 7.94 8.69 9.81 11.64 -9999 -9999 -9999 -9999 -9999 -9999 -9999 -9999 -9999 -9999 -9999 -9999 -9999 -9999 -9999 -9999 -9999 -9999 -9999 -9999 -9999 -9999 -9999 -9999 -9999 -9999 -9999
-9999 -9999 16.29 14.24 15.31 13.57 12.77 13.88 11.63 10.25 8.29 13.24 13.25 14.56 13.07 12.32 9.83 11.62 12.32 11.45 11.96 11.88 8.79 8.60 10.01 9.64 9.69 10.38 10.79 9.74 8.93 9.84 8.91 8.79 13.23 12.51 12.07 12.59 14.73 13.13 11.71 9.24 10.17 10.72 10.29 9.56 8.48 8.76 9.61 11.54 -9999 -9999 -9999 -9999 -9999 -9999 -9999 -9999 -9999 -9999 -9999 -9999 -9999 -9999 -9999 -9999 -9999 -9999 -9999 -9999 -9999 -9999 -9999 -9999 -9999 -9999 -9999
