ML/MeanWindSpeed_1993-03_Actual.txt
ncols         180
nrows         290
xllcorner     -200000
yllcorner     -200000
cellsize      5000
NODATA_value  -9999
[rows 136 to 169 of 290, columns 78 to 155 of 180]
-9999 16.05 14.01 11.35 13.81 12.09 13.62 11.71 10.57 9.36 9.19 10.64 15.97 13.11 12.26 10.14 9.83 9.96 9.44 10.02 10.99 9.21 10.20 9.07 9.46 9.07 8.99 8.84 8.66 8.36 8.52 9.52 9.28 8.65 9.98 10.76 11.10 11.73 11.50 8.12 9.09 11.87 10.86 9.44 9.74 9.41 9.77 9.20 10.33 11.75 -9999 -9999 -9999 -9999 -9999 -9999 -9999 -9999 -9999 -9999 -9999 -9999 -9999 -9999 -9999 -9999 -9999 -9999 -9999 -9999 -9999 -9999 -9999 -9999 -9999 -9999 -9999 -9999
-9999 15.89 13.86 10.15 12.96 10.80 11.79 10.98 10.45 10.23 8.67 12.47 12.57 11.97 14.13 11.00 9.94 9.82 8.49 10.82 15.13 11.23 -9999 -9999 -9999 9.52 9.14 -9999 8.47 8.60 8.73 8.24 8.04 9.55 11.34 10.12 10.23 11.56 10.64 11.89 11.28 8.71 7.56 7.88 8.41 9.03 6.81 7.64 8.37 10.51 -9999 -9999 -9999 -9999 -9999 -9999 -9999 -9999 -9999 -9999 -9999 -9999 -9999 -9999 -9999 -9999 -9999 -9999 -9999 -9999 -9999 -9999 -9999 -9999 -9999 -9999 -9999 -9999
-9999 14.36 15.94 11.63 11.18 11.74 12.48 11.87 10.97 10.24 9.66 10.37 16.25 12.98 13.66 10.76 10.42 12.31 9.41 10.59 11.59 12.08 -9999 -9999 -9999 9.83 8.89 8.89 8.96 8.44 8.12 7.32 9.15 12.46 13.22 10.85 14.13 10.84 10.48 13.22 10.16 10.60 10.51 10.20 7.59 8.51 9.69 7.93 7.21 9.28 -9999 -9999 -9999 -9999 -9999 -9999 -9999 -9999 -9999 -9999 -9999 -9999 -9999 -9999 -9999 -9999 -9999 -9999 -9999 -9999 -9999 -9999 -9999 -9999 -9999 -9999 -9999 -9999
-9999 -9999 15.02 14.66 12.32 -9999 13.52 13.30 11.88 11.03 10.50 -9999 12.88 11.58 12.48 10.31 11.83 12.81 11.64 11.97 -9999 -9999 -9999 -9999 11.15 9.23 8.48 8.47 9.17 9.24 8.32 8.02 8.52 12.95 17.48 10.26 15.39 11.51 13.30 14.39 11.50 12.87 10.65 8.56 9.78 9.59 7.92 5.62 6.60 9.46 10.32 -9999 -9999 -9999 -9999 -9999 -9999 -9999 -9999 -9999 -9999 -9999 -9999 -9999 -9999 -9999 -9999 -9999 -9999 -9999 -9999 -9999 -9999 -9999 -9999 -9999 -9999 -9999
-9999 -9999 -9999 15.17 -9999 -9999 -9999 13.21 13.28 11.71 11.77 12.92 -9999 -9999 13.70 11.72 14.44 15.69 -9999 -9999 -9999 -9999 -9999 12.30 10.93 8.36 8.65 8.58 9.41 9.11 9.91 10.13 7.90 10.34 14.10 16.34 13.01 15.09 15.93 16.09 13.07 13.45 13.37 11.51 8.61 8.18 8.38 5.44 6.38 9.19 11.33 -9999 -9999 -9999 -9999 -9999 -9999 -9999 -9999 -9999 -9999 -9999 -9999 -9999 -9999 -9999 -9999 -9999 -9999 -9999 -9999 -9999 -9999 -9999 -9999 -9999 -9999 -9999
-9999 -9999 -9999 15.00 14.84 -9999 -9999 -9999 13.13 13.67 13.31 13.91 -9999 -9999 -9999 -9999 14.35 -9999 -9999 -9999 -9999 -9999 -9999 10.93 9.91 9.02 9.95 11.26 11.31 10.15 10.22 9.42 8.55 8.71 12.52 15.13 11.35 17.23 16.44 17.52 13.71 13.57 14.92 11.50 9.10 8.00 6.26 5.06 6.36 8.79 10.96 -9999 -9999 -9999 -9999 -9999 -9999 -9999 -9999 -9999 -9999 -9999 -9999 -9999 -9999 -9999 -9999 -9999 -9999 -9999 -9999 -9999 -9999 -9999 -9999 -9999 -9999 -9999
-9999 -9999 -9999 -9999 16.25 -9999 -9999 -9999 -9999 13.42 14.58 14.45 -9999 -9999 -9999 -9999 -9999 -9999 -9999 -9999 -9999 -9999 11.99 10.70 10.81 11.13 11.45 13.13 12.76 11.58 11.24 10.20 9.92 8.46 9.97 17.35 17.96 17.26 16.59 13.41 12.07 12.29 10.19 7.66 9.70 9.52 6.06 5.58 6.98 8.71 10.80 12.36 -9999 -9999 -9999 -9999 -9999 -9999 -9999 -9999 -9999 -9999 -9999 -9999 -9999 -9999 -9999 -9999 -9999 -9999 -9999 -9999 -9999 -9999 -9999 -9999 -9999 -9999
-9999 -9999 -9999 -9999 17.45 -9999 -9999 -9999 -9999 -9999 -9999 -9999 -9999 -9999 -9999 -9999 -9999 -9999 -9999 -9999 -9999 -9999 11.93 10.08 9.19 9.00 8.37 16.46 13.72 12.10 13.72 10.42 11.56 7.21 7.67 14.39 19.34 15.61 13.70 18.26 19.87 17.53 14.17 12.04 7.17 7.67 7.27 8.29 7.64 8.38 10.71 12.14 12.79 -9999 -9999 -9999 -9999 -9999 -9999 -9999 -9999 -9999 -9999 -9999 -9999 -9999 -9999 -9999 -9999 -9999 -9999 -9999 -9999 -9999 -9999 -9999 -9999 -9999
-9999 -9999 -9999 -9999 -9999 -9999 -9999 -9999 -9999 -9999 -9999 -9999 -9999 -9999 -9999 -9999 -9999 -9999 -9999 -9999 -9999 11.94 10.78 9.30 8.55 12.65 7.62 21.63 20.55 11.51 11.95 10.47 9.33 9.80 7.14 8.76 19.06 18.65 16.26 14.48 13.17 15.43 14.30 12.49 9.83 8.27 7.85 7.52 7.59 9.01 9.38 9.95 11.24 -9999 -9999 -9999 -9999 -9999 -9999 -9999 -9999 -9999 -9999 -9999 -9999 -9999 -9999 -9999 -9999 -9999 -9999 -9999 -9999 -9999 -9999 -9999 -9999 -9999
-9999 -9999 -9999 -9999 -9999 -9999 -9999 -9999 -9999 -9999 -9999 -9999 -9999 -9999 -9999 -9999 -9999 -9999 -9999 -9999 -9999 10.66 11.18 8.34 11.21 20.23 12.05 8.21 14.55 15.33 12.00 11.04 9.73 9.20 8.51 9.24 11.58 21.09 17.78 16.20 13.36 12.78 12.44 10.06 9.45 9.16 9.86 8.07 9.10 8.50 8.84 8.79 9.53 10.70 11.67 11.91 -9999 -9999 -9999 -9999 -9999 -9999 -9999 -9999 -9999 -9999 -9999 -9999 -9999 -9999 -9999 -9999 -9999 -9999 -9999 -9999 -9999 -9999
-9999 -9999 -9999 -9999 -9999 -9999 -9999 -9999 -9999 -9999 -9999 -9999 -9999 -9999 -9999 -9999 -9999 -9999 -9999 -9999 -9999 10.48 9.86 9.58 14.28 10.25 10.68 12.15 16.41 12.29 10.15 13.94 7.69 10.14 9.16 10.20 9.86 13.34 15.98 15.53 14.23 13.11 10.32 10.12 9.18 8.41 8.02 8.30 8.25 8.64 8.11 8.11 8.48 12.15 10.60 11.87 12.77 12.50 -9999 -9999 -9999 -9999 -9999 -9999 -9999 -9999 -9999 -9999 -9999 -9999 -9999 -9999 -9999 -9999 -9999 -9999 -9999 -9999
-9999 -9999 -9999 -9999 -9999 -9999 -9999 -9999 -9999 -9999 -9999 -9999 -9999 -9999 -9999 -9999 -9999 -9999 -9999 -9999 -9999 10.47 9.67 10.71 17.31 19.18 14.83 10.70 11.49 12.09 14.70 8.82 12.66 10.40 9.63 11.42 11.28 9.26 10.18 15.19 14.51 13.11 11.71 10.38 9.55 9.23 8.88 8.20 8.46 8.28 7.79 8.49 8.71 9.74 12.80 12.08 12.07 13.32 13.26 11.42 -9999 -9999 -9999 -9999 -9999 -9999 -9999 -9999 -9999 -9999 -9999 -9999 -9999 -9999 -9999 -9999 -9999 -9999
-9999 -9999 -9999 -9999 -9999 -9999 -9999 -9999 -9999 -9999 -9999 -9999 -9999 -9999 -9999 -9999 -9999 -9999 -9999 -9999 -9999 10.99 9.15 11.50 13.53 8.84 22.92 19.17 10.29 12.55 9.68 13.74 14.45 10.15 8.77 10.65 11.71 9.38 17.96 16.17 15.61 16.09 16.09 14.60 10.35 11.30 9.48 8.83 8.70 8.54 8.51 8.46 7.82 8.55 11.33 9.91 9.30 10.08 11.74 10.13 13.54 -9999 -9999 -9999 -9999 -9999 -9999 -9999 -9999 -9999 -9999 -9999 -9999 -9999 -9999 -9999 -9999 -9999
-9999 -9999 -9999 -9999 -9999 -9999 -9999 -9999 -9999 12.86 13.09 13.71 -9999 -9999 -9999 -9999 -9999 -9999 -9999 -9999 -9999 -9999 10.43 8.79 7.64 10.45 12.70 16.47 9.16 5.96 11.70 10.64 9.69 8.59 10.97 11.73 10.75 11.82 14.83 14.83 18.91 17.31 14.41 13.30 13.62 11.46 9.75 9.10 8.68 8.80 8.25 7.95 12.93 11.44 14.83 15.04 13.41 12.01 8.97 12.42 13.04 12.02 -9999 -9999 -9999 -9999 -9999 -9999 -9999 -9999 -9999 -9999 -9999 -9999 -9999 -9999 -9999 -9999
-9999 -9999 -9999 -9999 -9999 -9999 -9999 -9999 -9999 11.67 11.48 -9999 -9999 -9999 -9999 -9999 -9999 -9999 -9999 -9999 -9999 -9999 -9999 8.93 6.14 10.74 11.09 20.13 10.84 10.91 9.64 6.99 6.20 7.13 7.28 17.10 10.36 11.81 17.46 14.33 10.96 10.07 15.06 10.37 13.41 10.91 9.37 8.65 8.52 8.17 8.85 11.72 12.91 11.64 10.86 9.96 11.09 12.22 11.59 12.03 11.72 14.32 -9999 -9999 -9999 -9999 -9999 -9999 -9999 -9999 -9999 -9999 -9999 -9999 -9999 -9999 -9999 -9999
-9999 -9999 -9999 -9999 -9999 -9999 -9999 -9999 11.66 14.48 13.89 13.18 -9999 -9999 -9999 -9999 -9999 -9999 -9999 -9999 -9999 -9999 -9999 9.69 11.18 11.73 12.15 9.72 11.56 9.28 8.49 7.15 6.43 8.85 7.49 6.49 16.96 12.05 11.09 15.47 13.10 16.31 12.74 13.01 10.98 10.23 9.44 9.16 8.24 7.85 9.40 11.00 10.04 10.84 11.58 10.79 11.20 10.90 11.18 11.47 9.71 13.31 12.44 -9999 -9999 -9999 -9999 -9999 -9999 -9999 -9999 -9999 -9999 -9999 -9999 -9999 -9999 -9999
-9999 -9999 -9999 -9999 -9999 -9999 -9999 10.80 15.04 16.36 20.20 13.32 -9999 -9999 -9999 -9999 -9999 -9999 -9999 -9999 -9999 -9999 -9999 11.15 15.49 11.83 7.14 9.22 8.59 9.45 7.35 6.43 7.62 9.06 6.35 14.00 10.97 14.67 11.31 16.95 10.55 12.21 9.93 12.33 10.29 10.35 10.21 8.62 8.37 7.76 8.00 11.48 11.96 11.37 9.79 9.79 9.25 9.30 9.66 11.50 11.50 11.13 12.49 -9999 -9999 -9999 -9999 -9999 -9999 -9999 -9999 -9999 -9999 -9999 -9999 -9999 -9999 -9999
-9999 -9999 -9999 -9999 -9999 -9999 12.34 11.17 18.52 14.79 14.46 -9999 -9999 -9999 -9999 -9999 -9999 -9999 -9999 -9999 -9999 -9999 -9999 -9999 10.74 8.12 7.42 10.26 7.48 10.04 7.98 7.30 7.08 8.12 6.46 13.79 13.84 15.30 14.77 16.10 15.87 15.84 14.21 13.18 13.05 12.10 9.47 8.84 8.55 8.09 7.85 8.53 13.64 12.13 8.98 8.23 8.22 7.78 7.85 7.98 8.41 8.27 9.67 11.89 13.14 -9999 -9999 -9999 -9999 -9999 -9999 -9999 -9999 -9999 -9999 -9999 -9999 -9999
-9999 -9999 -9999 -9999 -9999 -9999 14.77 15.95 11.28 11.93 12.97 -9999 -9999 -9999 -9999 -9999 -9999 -9999 -9999 -9999 -9999 -9999 -9999 -9999 -9999 9.13 9.57 8.81 7.89 9.51 8.89 8.87 8.14 8.96 6.63 13.73 12.73 11.72 14.77 13.78 12.77 17.69 17.48 13.00 14.55 12.72 11.73 9.27 8.65 8.38 7.99 8.06 9.05 9.49 8.61 8.51 8.28 8.15 7.79 7.73 7.85 8.17 11.68 12.30 12.26 -9999 -9999 -9999 -9999 -9999 -9999 -9999 -9999 -9999 -9999 -9999 -9999 -9999
-9999 -9999 -9999 -9999 -9999 -9999 15.43 13.28 13.78 12.87 -9999 -9999 -9999 -9999 -9999 -9999 -9999 -9999 -9999 -9999 -9999 -9999 -9999 -9999 -9999 10.62 10.35 9.65 -9999 10.03 -9999 9.48 8.21 7.55 6.54 6.84 13.11 12.15 12.80 17.08 9.16 10.30 16.87 14.51 13.49 12.91 11.22 9.55 8.98 8.80 8.28 8.17 8.29 9.27 10.50 9.14 9.71 8.55 7.78 8.99 10.40 9.94 9.28 9.45 11.75 14.26 15.27 -9999 -9999 -9999 -9999 -9999 -9999 -9999 -9999 -9999 -9999 -9999
-9999 -9999 -9999 -9999 -9999 15.34 13.73 13.09 -9999 -9999 -9999 -9999 -9999 -9999 -9999 -9999 -9999 -9999 -9999 -9999 -9999 -9999 -9999 -9999 -9999 12.19 10.87 9.87 -9999 -9999 -9999 9.48 10.08 6.69 7.91 9.33 7.91 7.98 10.12 15.06 14.91 8.98 13.98 15.88 12.49 13.62 12.07 10.60 8.44 8.56 8.27 8.21 8.24 8.52 8.98 8.96 9.37 8.03 8.87 10.24 11.13 11.41 11.14 10.16 10.32 12.08 13.97 -9999 -9999 -9999 -9999 -9999 -9999 -9999 -9999 -9999 -9999 -9999
-9999 -9999 -9999 -9999 -9999 -9999 -9999 -9999 -9999 -9999 -9999 -9999 -9999 -9999 -9999 -9999 -9999 -9999 -9999 -9999 -9999 -9999 -9999 -9999 -9999 -9999 -9999 -9999 -9999 -9999 10.60 8.60 8.30 10.51 11.71 12.19 11.91 10.05 10.47 13.77 13.46 11.20 8.85 12.72 14.29 12.21 11.08 10.05 9.11 8.76 8.93 8.35 8.14 8.22 8.24 8.21 7.72 8.97 12.27 10.48 11.17 10.18 10.22 9.25 10.29 11.85 -9999 -9999 -9999 -9999 -9999 -9999 -9999 -9999 -9999 -9999 -9999 -9999
-9999 -9999 -9999 -9999 -9999 -9999 -9999 -9999 -9999 -9999 -9999 -9999 -9999 -9999 -9999 -9999 -9999 -9999 -9999 -9999 -9999 -9999 -9999 -9999 -9999 -9999 -9999 -9999 -9999 -9999 9.99 8.38 9.95 13.16 16.13 14.30 10.58 11.87 8.75 9.46 8.92 10.95 11.66 12.53 12.86 12.27 10.75 10.15 9.67 8.78 8.94 8.27 8.19 8.26 8.32 8.22 7.71 8.51 13.09 12.14 10.06 9.57 9.28 9.10 10.27 12.21 -9999 -9999 -9999 -9999 -9999 -9999 -9999 -9999 -9999 -9999 -9999 -9999
-9999 -9999 -9999 -9999 -9999 -9999 -9999 -9999 -9999 -9999 -9999 -9999 -9999 -9999 -9999 -9999 -9999 -9999 -9999 -9999 -9999 -9999 -9999 -9999 -9999 -9999 -9999 -9999 -9999 -9999 9.04 7.60 8.09 11.40 12.79 12.07 10.84 10.53 9.57 10.19 8.97 8.93 9.78 7.97 12.75 11.00 12.04 10.46 10.06 8.64 8.32 8.39 8.28 8.33 8.27 8.27 8.09 8.02 10.42 11.44 10.40 9.56 9.45 9.20 10.11 11.79 -9999 -9999 -9999 -9999 -9999 -9999 -9999 -9999 -9999 -9999 -9999 -9999
-9999 -9999 -9999 -9999 -9999 -9999 -9999 -9999 -9999 -9999 -9999 -9999 -9999 -9999 -9999 -9999 -9999 -9999 -9999 -9999 -9999 -9999 -9999 -9999 -9999 -9999 -9999 -9999 12.10 10.17 8.24 7.40 10.32 12.24 15.48 11.52 13.37 8.06 9.51 9.40 10.85 11.54 11.00 12.93 8.78 9.07 9.08 8.99 8.48 9.42 8.35 8.25 8.56 8.22 8.22 8.36 8.20 8.23 8.62 10.78 10.33 9.57 9.34 9.27 9.62 10.95 12.62 -9999 -9999 -9999 -9999 -9999 -9999 -9999 -9999 -9999 -9999 -9999
-9999 -9999 -9999 -9999 -9999 -9999 -9999 -9999 -9999 -9999 -9999 -9999 -9999 -9999 -9999 -9999 -9999 -9999 -9999 -9999 -9999 -9999 -9999 -9999 -9999 -9999 -9999 -9999 11.21 9.12 8.00 7.51 8.07 11.41 8.85 8.96 7.29 9.16 12.86 10.25 12.03 11.30 12.58 8.46 12.65 10.00 11.26 10.70 10.65 9.25 8.74 8.31 8.11 8.09 8.20 8.26 8.32 8.26 8.30 9.11 10.64 10.00 9.34 9.34 9.20 10.00 11.81 -9999 -9999 -9999 -9999 -9999 -9999 -9999 -9999 -9999 -9999 -9999
-9999 -9999 -9999 -9999 -9999 -9999 -9999 -9999 -9999 -9999 -9999 -9999 -9999 -9999 -9999 -9999 -9999 -9999 -9999 -9999 -9999 -9999 -9999 -9999 -9999 -9999 -9999 -9999 11.20 8.95 8.22 7.85 8.14 8.75 9.19 8.44 7.53 9.40 10.15 9.57 11.45 13.88 10.93 10.16 8.47 10.45 8.44 9.15 9.81 10.07 8.99 8.63 8.07 8.03 8.20 8.30 8.36 8.41 8.43 8.84 10.24 11.09 9.80 9.22 9.09 9.26 10.52 12.26 -9999 -9999 -9999 -9999 -9999 -9999 -9999 -9999 -9999 -9999
-9999 -9999 -9999 -9999 -9999 -9999 -9999 -9999 -9999 -9999 -9999 -9999 -9999 -9999 -9999 -9999 -9999 -9999 -9999 -9999 -9999 -9999 -9999 -9999 -9999 -9999 -9999 -9999 10.82 9.06 8.54 8.51 8.28 8.21 8.07 9.04 10.44 7.93 8.20 9.53 14.43 14.17 15.02 13.00 10.44 9.92 10.38 8.74 8.04 9.23 9.67 8.55 8.06 8.10 8.04 8.26 8.48 8.70 8.72 8.90 10.66 11.99 10.65 10.00 9.74 9.22 9.46 11.06 12.69 -9999 -9999 -9999 -9999 -9999 -9999 -9999 -9999 -9999
-9999 -9999 -9999 -9999 -9999 -9999 -9999 -9999 -9999 -9999 -9999 -9999 -9999 -9999 -9999 -9999 -9999 -9999 -9999 -9999 -9999 -9999 -9999 -9999 -9999 -9999 -9999 -9999 10.77 8.81 8.34 8.17 7.93 7.57 8.52 8.34 9.71 10.33 12.41 13.92 14.70 11.61 13.43 11.51 11.08 9.26 10.58 9.75 8.79 8.09 7.95 8.22 8.01 8.10 8.22 8.48 8.66 8.98 9.21 9.42 9.87 11.05 10.82 10.26 10.16 10.00 9.64 9.80 11.56 -9999 -9999 -9999 -9999 -9999 -9999 -9999 -9999 -9999
-9999 -9999 -9999 -9999 -9999 -9999 -9999 -9999 -9999 -9999 -9999 -9999 -9999 -9999 -9999 -9999 -9999 -9999 -9999 -9999 -9999 -9999 -9999 -9999 -9999 -9999 -9999 -9999 -9999 8.80 8.39 8.06 7.58 8.24 10.56 10.75 11.64 10.45 10.09 12.34 11.86 13.36 12.23 9.74 7.86 8.45 8.26 9.60 8.61 8.30 8.91 8.61 8.00 8.29 8.32 8.60 8.69 8.97 9.32 9.65 9.93 9.80 10.14 10.38 10.54 -9999 10.33 10.68 11.69 13.57 -9999 -9999 -9999 -9999 -9999 -9999 -9999 -9999
-9999 -9999 -9999 -9999 -9999 -9999 -9999 -9999 -9999 -9999 -9999 -9999 -9999 -9999 -9999 -9999 -9999 -9999 -9999 -9999 -9999 -9999 -9999 -9999 -9999 -9999 -9999 -9999 10.42 8.69 8.27 7.62 7.33 7.77 12.22 12.93 10.84 13.87 13.21 11.24 10.86 15.19 12.86 13.00 9.82 7.62 9.62 8.04 7.45 8.33 8.54 8.17 8.44 8.24 8.39 8.57 8.82 8.82 8.96 10.65 9.98 9.28 10.72 9.97 10.16 10.24 -9999 11.47 12.37 13.87 15.02 -9999 -9999 -9999 -9999 -9999 -9999 -9999
-9999 -9999 -9999 -9999 -9999 -9999 -9999 -9999 -9999 -9999 -9999 -9999 -9999 -9999 -9999 -9999 -9999 -9999 -9999 -9999 -9999 -9999 -9999 -9999 -9999 -9999 -9999 -9999 10.06 8.39 8.08 7.60 9.38 8.46 9.69 13.04 9.72 10.21 10.66 8.75 8.78 12.81 12.03 11.85 8.26 10.05 10.74 8.12 9.22 8.39 9.06 8.89 8.63 8.33 8.43 8.56 8.62 8.54 8.49 8.72 9.31 8.38 8.67 9.46 9.00 9.96 10.54 -9999 -9999 -9999 -9999 -9999 -9999 -9999 -9999 -9999 -9999 -9999
-9999 -9999 -9999 -9999 -9999 -9999 -9999 -9999 -9999 -9999 -9999 -9999 -9999 -9999 -9999 -9999 -9999 -9999 -9999 -9999 -9999 -9999 -9999 -9999 -9999 -9999 -9999 11.89 9.33 8.14 8.98 8.58 8.83 8.53 9.65 9.94 9.48 9.35 8.98 8.80 9.28 12.07 14.45 14.46 9.61 11.97 10.98 8.16 8.44 7.51 8.37 8.92 8.58 8.30 8.66 8.66 8.58 8.67 8.44 8.57 8.71 8.58 8.38 9.92 9.35 9.32 9.67 11.04 12.46 -9999 -9999 -9999 -9999 -9999 -9999 -9999 -9999 -9999
-9999 -9999 -9999 -9999 -9999 -9999 -9999 -9999 -9999 -9999 -9999 -9999 -9999 -9999 -9999 -9999 -9999 -9999 -9999 -9999 -9999 -9999 -9999 -9999 -9999 -9999 -9999 -9999 9.49 8.21 8.24 8.72 10.77 8.64 8.48 8.58 9.22 9.67 9.19 8.96 8.87 8.94 12.79 13.99 14.70 11.39 11.46 10.02 8.70 9.09 7.14 7.72 9.12 8.42 8.51 8.46 8.45 8.67 8.47 8.47 8.79 8.49 8.09 8.26 10.79 9.57 9.13 9.59 10.60 11.99 13.54 -9999 -9999 -9999 -9999 -9999 -9999 -9999
