ML/MeanWindSpeed_1992-09_Actual.txt
ncols         180
nrows         290
xllcorner     -200000
yllcorner     -200000
cellsize      5000
NODATA_value  -9999
[rows 105 to 139 of 290, columns 78 to 155 of 180]
8.53 11.78 7.75 4.64 7.33 12.31 12.55 10.79 9.05 10.70 15.75 10.50 13.08 7.67 10.51 15.15 10.41 7.47 7.49 9.11 7.76 7.16 7.79 7.89 6.75 8.36 8.11 8.20 10.72 9.94 10.07 10.09 -9999 -9999 -9999 -9999 -9999 -9999 -9999 -9999 -9999 -9999 -9999 -9999 -9999 -9999 -9999 -9999 -9999 -9999 -9999 -9999 -9999 -9999 -9999 -9999 -9999 -9999 -9999 -9999 -9999 -9999 -9999 -9999 -9999 -9999 -9999 -9999 -9999 -9999 -9999 -9999 -9999 -9999 -9999 -9999 -9999 -9999
10.51 8.43 9.85 13.88 12.66 15.46 8.75 13.10 6.03 15.22 8.08 17.94 8.63 12.00 19.32 12.35 9.25 11.73 10.48 7.23 6.59 5.50 5.37 6.92 6.24 6.46 8.27 8.89 8.84 8.95 7.76 9.33 10.55 -9999 -9999 -9999 -9999 -9999 -9999 -9999 -9999 -9999 -9999 -9999 -9999 -9999 -9999 -9999 -9999 -9999 -9999 -9999 -9999 -9999 -9999 -9999 -9999 -9999 -9999 -9999 -9999 -9999 -9999 -9999 -9999 -9999 -9999 -9999 -9999 -9999 -9999 -9999 -9999 -9999 -9999 -9999 -9999 -9999
11.02 5.72 13.05 9.37 5.04 10.24 15.07 14.63 6.30 15.28 13.25 14.16 10.44 15.03 12.16 13.64 16.83 12.33 10.28 7.98 6.54 6.79 8.56 9.32 11.02 10.67 8.94 7.75 7.23 9.77 8.44 10.92 11.20 12.73 -9999 -9999 -9999 -9999 -9999 -9999 -9999 -9999 -9999 -9999 -9999 -9999 -9999 -9999 -9999 -9999 -9999 -9999 -9999 -9999 -9999 -9999 -9999 -9999 -9999 -9999 -9999 -9999 -9999 -9999 -9999 -9999 -9999 -9999 -9999 -9999 -9999 -9999 -9999 -9999 -9999 -9999 -9999 -9999
7.87 11.90 12.49 8.99 4.96 12.43 14.70 18.53 8.26 15.00 12.25 12.78 12.03 12.94 8.03 9.76 10.77 9.55 6.43 7.73 9.98 13.76 12.93 11.67 9.78 9.40 11.06 7.23 8.96 10.39 11.14 11.61 12.01 12.86 13.33 -9999 -9999 -9999 -9999 -9999 -9999 -9999 -9999 -9999 -9999 -9999 -9999 -9999 -9999 -9999 -9999 -9999 -9999 -9999 -9999 -9999 -9999 -9999 -9999 -9999 -9999 -9999 -9999 -9999 -9999 -9999 -9999 -9999 -9999 -9999 -9999 -9999 -9999 -9999 -9999 -9999 -9999 -9999
12.52 15.39 7.58 5.32 10.25 16.77 12.51 5.92 9.05 23.07 10.81 10.31 11.95 11.91 9.33 8.32 6.39 6.20 9.72 15.55 14.79 12.46 11.28 8.71 8.14 8.93 10.71 9.15 10.51 10.44 10.45 11.50 12.02 12.51 -9999 -9999 -9999 -9999 -9999 -9999 -9999 -9999 -9999 -9999 -9999 -9999 -9999 -9999 -9999 -9999 -9999 -9999 -9999 -9999 -9999 -9999 -9999 -9999 -9999 -9999 -9999 -9999 -9999 -9999 -9999 -9999 -9999 -9999 -9999 -9999 -9999 -9999 -9999 -9999 -9999 -9999 -9999 -9999
10.43 9.58 8.65 14.44 7.73 14.14 15.40 15.32 10.76 9.28 19.41 11.61 9.13 7.61 7.09 6.48 5.99 5.68 9.96 8.18 7.46 6.65 8.61 10.83 9.47 9.82 9.48 9.86 11.88 12.04 -9999 -9999 -9999 -9999 -9999 -9999 -9999 -9999 -9999 -9999 -9999 -9999 -9999 -9999 -9999 -9999 -9999 -9999 -9999 -9999 -9999 -9999 -9999 -9999 -9999 -9999 -9999 -9999 -9999 -9999 -9999 -9999 -9999 -9999 -9999 -9999 -9999 -9999 -9999 -9999 -9999 -9999 -9999 -9999 -9999 -9999 -9999 -9999
9.59 6.29 13.46 13.62 16.22 17.28 7.77 15.86 15.87 8.71 12.56 13.01 8.92 8.21 9.14 10.61 12.09 8.06 7.55 7.66 8.06 8.47 9.27 10.54 9.82 10.23 11.56 11.59 -9999 -9999 -9999 -9999 -9999 -9999 -9999 -9999 -9999 -9999 -9999 -9999 -9999 -9999 -9999 -9999 -9999 -9999 -9999 -9999 -9999 -9999 -9999 -9999 -9999 -9999 -9999 -9999 -9999 -9999 -9999 -9999 -9999 -9999 -9999 -9999 -9999 -9999 -9999 -9999 -9999 -9999 -9999 -9999 -9999 -9999 -9999 -9999 -9999 -9999
8.07 13.71 9.65 14.50 17.53 14.75 12.19 16.87 16.89 9.52 9.05 7.28 7.03 7.80 8.84 12.57 14.16 10.82 9.06 7.82 7.74 9.09 8.81 9.57 10.36 12.66 14.16 12.76 -9999 -9999 -9999 -9999 -9999 -9999 -9999 -9999 -9999 -9999 -9999 -9999 -9999 -9999 -9999 -9999 -9999 -9999 -9999 -9999 -9999 -9999 -9999 -9999 -9999 -9999 -9999 -9999 -9999 -9999 -9999 -9999 -9999 -9999 -9999 -9999 -9999 -9999 -9999 -9999 -9999 -9999 -9999 -9999 -9999 -9999 -9999 -9999 -9999 -9999
10.24 13.71 10.30 14.89 14.86 16.59 11.00 10.10 11.76 10.59 9.97 9.48 6.66 15.87 16.08 14.74 14.72 10.68 7.48 7.41 7.42 7.80 7.97 8.51 9.97 9.85 -9999 -9999 -9999 -9999 -9999 12.10 10.93 11.26 11.04 -9999 -9999 -9999 -9999 -9999 -9999 -9999 -9999 -9999 -9999 -9999 -9999 -9999 -9999 -9999 -9999 -9999 -9999 -9999 -9999 -9999 -9999 -9999 -9999 -9999 -9999 -9999 -9999 -9999 -9999 -9999 -9999 -9999 -9999 -9999 -9999 -9999 -9999 -9999 -9999 -9999 -9999 -9999
10.83 15.62 10.60 8.82 19.79 10.76 10.52 9.78 8.80 9.61 11.42 14.43 10.68 10.84 9.57 9.72 8.89 8.86 8.79 9.05 8.87 8.29 8.96 9.63 9.42 9.32 10.24 11.44 -9999 -9999 10.16 9.39 8.94 7.93 8.70 10.04 11.28 -9999 -9999 -9999 -9999 -9999 -9999 -9999 -9999 -9999 -9999 -9999 -9999 -9999 -9999 -9999 -9999 -9999 -9999 -9999 -9999 -9999 -9999 -9999 -9999 -9999 -9999 -9999 -9999 -9999 -9999 -9999 -9999 -9999 -9999 -9999 -9999 -9999 -9999 -9999 -9999 -9999
13.53 11.43 12.26 14.32 16.05 10.29 11.31 13.35 12.53 11.41 9.05 9.25 10.17 9.75 9.71 9.11 8.57 8.80 9.55 9.26 8.29 9.75 10.35 8.23 7.32 7.79 8.59 10.41 9.37 9.43 9.55 8.12 6.29 7.11 10.10 11.01 13.37 10.28 -9999 -9999 -9999 -9999 -9999 -9999 -9999 -9999 -9999 -9999 -9999 -9999 -9999 -9999 -9999 -9999 -9999 -9999 -9999 -9999 -9999 -9999 -9999 -9999 -9999 -9999 -9999 -9999 -9999 -9999 -9999 -9999 -9999 -9999 -9999 -9999 -9999 -9999 -9999 -9999
11.56 15.50 14.17 11.86 10.98 -9999 13.21 15.39 11.77 10.19 8.78 8.67 8.54 8.95 9.55 8.93 8.54 10.18 10.14 10.15 9.15 8.34 8.23 7.01 7.40 8.23 9.94 8.62 7.44 9.36 8.14 7.56 6.67 8.48 10.92 11.56 12.90 11.48 13.23 14.81 11.96 -9999 -9999 -9999 -9999 -9999 -9999 -9999 -9999 -9999 -9999 -9999 -9999 -9999 -9999 -9999 -9999 -9999 -9999 -9999 -9999 -9999 -9999 -9999 -9999 -9999 -9999 -9999 -9999 -9999 -9999 -9999 -9999 -9999 -9999 -9999 -9999 -9999
12.97 -9999 13.36 14.80 11.36 -9999 14.52 18.13 12.66 11.17 9.00 8.96 8.45 8.52 7.72 7.50 7.49 8.52 10.74 10.64 10.58 8.82 8.38 9.03 10.20 12.55 10.90 7.90 6.39 7.89 7.98 7.99 12.79 13.98 11.85 12.11 11.26 11.18 11.58 10.01 11.56 -9999 -9999 -9999 -9999 -9999 -9999 -9999 -9999 -9999 -9999 -9999 -9999 -9999 -9999 -9999 -9999 -9999 -9999 -9999 -9999 -9999 -9999 -9999 -9999 -9999 -9999 -9999 -9999 -9999 -9999 -9999 -9999 -9999 -9999 -9999 -9999 -9999
12.95 -9999 -9999 14.93 12.42 11.61 14.41 15.98 10.07 10.05 11.80 10.02 9.23 8.85 11.37 8.58 6.69 7.46 8.34 9.94 10.58 11.43 9.52 11.83 12.79 11.04 9.92 9.42 8.24 8.91 10.18 11.00 10.98 13.97 12.53 12.04 11.98 8.86 8.76 9.95 11.63 12.74 -9999 -9999 -9999 -9999 -9999 -9999 -9999 -9999 -9999 -9999 -9999 -9999 -9999 -9999 -9999 -9999 -9999 -9999 -9999 -9999 -9999 -9999 -9999 -9999 -9999 -9999 -9999 -9999 -9999 -9999 -9999 -9999 -9999 -9999 -9999 -9999
-9999 -9999 -9999 -9999 13.38 11.76 15.54 12.36 8.99 9.52 10.83 12.11 10.68 9.64 10.89 10.92 8.73 6.41 8.67 11.17 10.07 9.74 10.35 12.39 11.40 9.83 10.11 9.88 12.76 12.18 10.69 10.32 9.51 12.36 12.03 11.25 11.96 9.49 8.72 8.66 8.85 9.99 -9999 -9999 -9999 -9999 -9999 -9999 -9999 -9999 -9999 -9999 -9999 -9999 -9999 -9999 -9999 -9999 -9999 -9999 -9999 -9999 -9999 -9999 -9999 -9999 -9999 -9999 -9999 -9999 -9999 -9999 -9999 -9999 -9999 -9999 -9999 -9999
15.27 16.54 -9999 -9999 -9999 13.21 14.31 11.55 9.70 9.03 9.71 11.32 11.85 12.21 12.53 11.05 10.03 8.70 6.33 10.62 9.63 9.30 9.85 9.32 9.24 11.27 9.42 12.69 16.28 14.69 12.32 12.41 9.80 11.13 10.90 11.20 11.54 9.34 8.34 8.10 8.26 9.58 10.67 -9999 -9999 -9999 -9999 -9999 -9999 -9999 -9999 -9999 -9999 -9999 -9999 -9999 -9999 -9999 -9999 -9999 -9999 -9999 -9999 -9999 -9999 -9999 -9999 -9999 -9999 -9999 -9999 -9999 -9999 -9999 -9999 -9999 -9999 -9999
16.33 18.30 13.34 -9999 -9999 -9999 13.40 11.95 9.55 8.69 8.79 9.17 10.87 11.02 10.55 9.32 9.18 9.30 9.55 8.64 8.92 8.87 10.59 10.04 12.80 8.34 9.54 9.35 10.30 14.68 14.38 12.07 11.04 9.73 9.58 9.94 10.15 8.50 8.00 7.45 8.30 9.10 9.17 10.04 -9999 -9999 -9999 -9999 -9999 -9999 -9999 -9999 -9999 -9999 -9999 -9999 -9999 -9999 -9999 -9999 -9999 -9999 -9999 -9999 -9999 -9999 -9999 -9999 -9999 -9999 -9999 -9999 -9999 -9999 -9999 -9999 -9999 -9999
15.34 16.48 12.05 -9999 -9999 -9999 -9999 -9999 10.86 9.19 7.64 7.41 7.93 8.09 9.32 12.15 11.90 10.21 9.27 8.70 10.18 9.44 9.33 8.80 11.56 7.79 9.61 10.96 10.10 7.81 9.78 9.08 10.35 8.68 10.01 9.37 7.93 7.52 7.21 7.21 6.82 9.25 9.41 9.17 9.70 -9999 -9999 -9999 -9999 -9999 -9999 -9999 -9999 -9999 -9999 -9999 -9999 -9999 -9999 -9999 -9999 -9999 -9999 -9999 -9999 -9999 -9999 -9999 -9999 -9999 -9999 -9999 -9999 -9999 -9999 -9999 -9999 -9999
12.13 19.50 13.98 -9999 -9999 -9999 -9999 -9999 11.64 10.27 9.66 7.87 9.57 11.60 10.63 12.35 13.02 11.98 9.55 10.83 9.77 8.76 10.60 11.31 7.10 16.24 10.32 13.71 10.40 13.00 12.52 8.30 10.64 9.05 8.37 7.60 7.93 9.14 9.47 8.19 8.32 6.56 8.81 10.72 9.05 11.11 12.45 -9999 -9999 -9999 -9999 -9999 -9999 -9999 -9999 -9999 -9999 -9999 -9999 -9999 -9999 -9999 -9999 -9999 -9999 -9999 -9999 -9999 -9999 -9999 -9999 -9999 -9999 -9999 -9999 -9999 -9999 -9999
15.97 18.89 18.06 -9999 -9999 -9999 -9999 -9999 11.53 9.49 8.97 8.01 8.68 10.42 8.57 9.66 10.10 11.97 10.55 10.12 9.05 11.53 15.13 12.23 10.53 17.71 15.47 10.82 11.70 9.90 8.03 9.68 10.41 8.94 9.26 9.01 7.11 7.39 7.55 9.51 12.60 9.57 8.64 9.89 10.18 9.72 11.29 -9999 -9999 -9999 -9999 -9999 -9999 -9999 -9999 -9999 -9999 -9999 -9999 -9999 -9999 -9999 -9999 -9999 -9999 -9999 -9999 -9999 -9999 -9999 -9999 -9999 -9999 -9999 -9999 -9999 -9999 -9999
13.98 15.86 17.29 -9999 -9999 -9999 -9999 -9999 10.70 8.99 8.27 8.11 8.17 8.63 9.31 12.82 14.63 11.85 12.19 8.97 9.13 9.32 12.10 7.86 13.96 12.85 10.81 12.18 13.14 8.34 10.95 9.16 10.05 9.71 7.37 8.49 8.59 7.88 7.17 13.89 14.49 12.91 8.45 9.55 10.29 9.71 11.36 -9999 -9999 -9999 -9999 -9999 -9999 -9999 -9999 -9999 -9999 -9999 -9999 -9999 -9999 -9999 -9999 -9999 -9999 -9999 -9999 -9999 -9999 -9999 -9999 -9999 -9999 -9999 -9999 -9999 -9999 -9999
-9999 -9999 -9999 -9999 -9999 -9999 -9999 13.50 10.38 9.30 8.12 8.57 9.24 8.31 9.68 10.32 12.98 10.84 10.41 12.94 10.94 12.50 12.59 12.36 15.53 14.71 9.51 10.70 11.93 11.11 10.01 10.49 7.94 9.08 9.59 7.07 8.26 7.71 11.08 12.73 16.06 13.57 8.61 8.58 8.40 9.60 11.32 -9999 -9999 -9999 -9999 -9999 -9999 -9999 -9999 -9999 -9999 -9999 -9999 -9999 -9999 -9999 -9999 -9999 -9999 -9999 -9999 -9999 -9999 -9999 -9999 -9999 -9999 -9999 -9999 -9999 -9999 -9999
-9999 -9999 -9999 -9999 -9999 -9999 -9999 14.29 8.03 7.99 9.79 11.38 10.58 8.74 8.97 9.76 7.63 8.56 12.68 13.57 11.56 10.70 8.77 7.24 14.65 9.04 9.78 9.54 10.27 10.01 8.77 6.90 9.84 9.28 8.84 7.68 8.07 10.47 12.22 11.86 13.85 13.31 8.94 7.48 8.33 10.74 10.37 -9999 -9999 -9999 -9999 -9999 -9999 -9999 -9999 -9999 -9999 -9999 -9999 -9999 -9999 -9999 -9999 -9999 -9999 -9999 -9999 -9999 -9999 -9999 -9999 -9999 -9999 -9999 -9999 -9999 -9999 -9999
-9999 -9999 -9999 -9999 -9999 -9999 12.75 11.08 6.43 8.38 10.21 8.81 11.36 13.29 12.30 14.73 12.49 9.86 8.27 9.11 12.26 11.32 9.52 5.82 8.88 13.36 9.62 12.06 9.12 9.21 6.62 7.29 9.42 8.44 8.66 9.81 11.71 13.68 13.02 11.51 10.48 9.81 8.37 10.79 11.95 10.65 10.62 -9999 -9999 -9999 -9999 -9999 -9999 -9999 -9999 -9999 -9999 -9999 -9999 -9999 -9999 -9999 -9999 -9999 -9999 -9999 -9999 -9999 -9999 -9999 -9999 -9999 -9999 -9999 -9999 -9999 -9999 -9999
-9999 -9999 -9999 -9999 -9999 -9999 10.78 6.99 10.18 8.61 10.93 8.73 11.87 12.00 14.94 14.02 14.03 12.29 10.29 7.49 16.49 15.82 9.99 5.57 9.89 12.45 8.84 9.24 10.98 7.53 9.81 11.34 9.53 11.17 11.58 15.19 10.25 9.97 11.10 11.92 11.91 8.97 7.29 9.21 9.46 9.00 9.56 11.24 -9999 -9999 -9999 -9999 -9999 -9999 -9999 -9999 -9999 -9999 -9999 -9999 -9999 -9999 -9999 -9999 -9999 -9999 -9999 -9999 -9999 -9999 -9999 -9999 -9999 -9999 -9999 -9999 -9999 -9999
-9999 -9999 -9999 -9999 -9999 10.34 11.81 11.09 10.15 11.22 11.40 9.75 8.56 13.42 12.99 14.57 13.88 13.46 9.13 5.88 10.09 12.23 11.04 6.96 6.95 9.19 8.71 8.47 9.03 12.68 8.86 8.68 9.17 8.26 14.20 12.25 14.41 12.72 9.27 10.09 10.65 11.22 12.00 8.73 8.07 7.61 8.17 9.51 -9999 -9999 -9999 -9999 -9999 -9999 -9999 -9999 -9999 -9999 -9999 -9999 -9999 -9999 -9999 -9999 -9999 -9999 -9999 -9999 -9999 -9999 -9999 -9999 -9999 -9999 -9999 -9999 -9999 -9999
-9999 -9999 -9999 -9999 -9999 11.80 10.80 9.25 13.57 12.80 10.66 10.41 13.89 9.50 10.95 13.60 11.77 11.63 7.47 5.62 8.78 10.52 12.33 6.69 7.02 7.23 7.88 6.34 10.87 7.21 12.02 10.10 7.89 14.69 9.03 11.01 12.18 11.22 11.93 8.78 8.78 11.50 10.94 8.84 9.04 8.08 7.68 9.27 -9999 -9999 -9999 -9999 -9999 -9999 -9999 -9999 -9999 -9999 -9999 -9999 -9999 -9999 -9999 -9999 -9999 -9999 -9999 -9999 -9999 -9999 -9999 -9999 -9999 -9999 -9999 -9999 -9999 -9999
-9999 -9999 -9999 -9999 12.52 9.71 8.65 11.46 9.53 9.94 16.91 13.01 12.74 9.21 10.93 11.71 10.02 11.43 10.27 8.13 10.42 10.30 7.51 5.91 6.68 8.64 8.65 11.57 8.94 7.70 12.36 8.39 9.43 14.87 10.43 9.42 8.52 10.32 11.64 10.68 11.13 11.24 9.24 8.51 8.08 7.17 7.29 8.89 -9999 -9999 -9999 -9999 -9999 -9999 -9999 -9999 -9999 -9999 -9999 -9999 -9999 -9999 -9999 -9999 -9999 -9999 -9999 -9999 -9999 -9999 -9999 -9999 -9999 -9999 -9999 -9999 -9999 -9999
-9999 -9999 -9999 10.75 10.89 11.08 8.41 9.14 9.45 8.66 11.62 11.06 17.17 8.93 8.52 9.85 10.36 10.68 11.08 9.29 7.73 6.89 9.55 6.49 6.04 8.29 9.04 9.25 9.20 7.80 9.97 6.77 8.73 13.63 12.55 12.87 11.66 10.78 9.43 9.16 11.51 10.33 9.26 8.74 8.19 7.88 7.00 8.13 9.96 -9999 -9999 -9999 -9999 -9999 -9999 -9999 -9999 -9999 -9999 -9999 -9999 -9999 -9999 -9999 -9999 -9999 -9999 -9999 -9999 -9999 -9999 -9999 -9999 -9999 -9999 -9999 -9999 -9999
-9999 -9999 -9999 12.31 14.79 11.18 10.30 9.10 7.90 6.95 16.68 13.59 11.30 10.83 8.25 8.50 9.64 9.40 13.94 8.98 7.05 6.55 6.90 9.68 6.94 9.60 9.14 10.06 9.28 8.81 8.41 9.64 7.77 10.88 11.77 11.01 12.22 10.63 9.31 8.75 10.04 9.19 10.26 9.14 7.65 6.54 7.31 8.20 9.59 -9999 -9999 -9999 -9999 -9999 -9999 -9999 -9999 -9999 -9999 -9999 -9999 -9999 -9999 -9999 -9999 -9999 -9999 -9999 -9999 -9999 -9999 -9999 -9999 -9999 -9999 -9999 -9999 -9999
-9999 12.83 11.45 13.15 11.42 10.56 11.48 9.42 8.76 7.13 12.50 11.65 12.02 10.66 9.91 7.71 10.02 10.58 9.60 9.50 8.87 6.40 6.94 8.47 8.22 8.41 9.20 9.78 8.92 8.25 9.18 8.26 7.92 11.92 10.87 10.41 10.59 12.50 10.79 9.50 7.39 8.50 9.03 8.49 7.75 6.87 7.20 7.92 9.46 -9999 -9999 -9999 -9999 -9999 -9999 -9999 -9999 -9999 -9999 -9999 -9999 -9999 -9999 -9999 -9999 -9999 -9999 -9999 -9999 -9999 -9999 -9999 -9999 -9999 -9999 -9999 -9999 -9999
-9999 13.56 11.29 9.10 11.84 10.20 11.52 9.67 8.56 7.30 7.50 9.10 13.81 11.03 10.05 8.09 8.01 8.14 7.80 8.37 9.21 7.58 8.93 8.13 8.56 8.43 8.59 8.57 8.40 7.96 8.09 8.85 8.19 7.49 8.78 9.47 9.70 10.33 9.99 6.67 7.68 10.33 9.38 7.86 7.89 7.43 7.74 7.18 8.33 9.94 -9999 -9999 -9999 -9999 -9999 -9999 -9999 -9999 -9999 -9999 -9999 -9999 -9999 -9999 -9999 -9999 -9999 -9999 -9999 -9999 -9999 -9999 -9999 -9999 -9999 -9999 -9999 -9999
-9999 13.66 11.46 8.14 11.17 9.12 10.05 9.13 8.49 8.24 7.01 10.82 10.79 10.05 11.90 8.86 7.94 7.76 6.58 9.00 13.38 9.80 -9999 -9999 -9999 8.84 8.61 -9999 8.05 8.10 8.22 7.58 6.95 8.06 9.62 8.57 8.71 9.96 9.14 10.15 9.56 7.27 6.29 6.65 7.13 7.67 5.72 6.60 7.28 9.36 -9999 -9999 -9999 -9999 -9999 -9999 -9999 -9999 -9999 -9999 -9999 -9999 -9999 -9999 -9999 -9999 -9999 -9999 -9999 -9999 -9999 -9999 -9999 -9999 -9999 -9999 -9999 -9999
-9999 12.40 13.76 9.71 9.59 10.12 10.89 10.16 9.10 8.26 7.58 8.83 14.68 11.13 11.52 8.55 8.24 10.08 7.49 9.01 10.43 10.90 -9999 -9999 -9999 8.96 8.11 8.19 8.30 7.79 7.39 6.30 7.64 10.56 10.94 8.81 12.01 8.82 8.48 11.02 8.22 8.85 8.95 8.84 6.62 7.74 9.03 7.48 6.76 8.69 -9999 -9999 -9999 -9999 -9999 -9999 -9999 -9999 -9999 -9999 -9999 -9999 -9999 -9999 -9999 -9999 -9999 -9999 -9999 -9999 -9999 -9999 -9999 -9999 -9999 -9999 -9999 -9999
-9999 -9999 13.23 12.77 10.75 -9999 12.02 11.72 10.17 9.14 8.51 -9999 11.53 9.97 10.63 8.28 9.70 10.82 9.95 10.69 -9999 -9999 -9999 -9999 10.05 8.06 7.30 7.36 8.16 8.32 7.30 6.56 6.73 11.04 15.00 7.98 12.97 9.16 10.88 12.11 9.44 10.90 9.01 7.36 8.96 9.16 7.76 5.62 6.50 9.16 10.02 -9999 -9999 -9999 -9999 -9999 -9999 -9999 -9999 -9999 -9999 -9999 -9999 -9999 -9999 -9999 -9999 -9999 -9999 -9999 -9999 -9999 -9999 -9999 -9999 -9999 -9999 -9999
