ML/MeanWindSpeed_1994-05_Actual.txt
ncols         180
nrows         290
xllcorner     -200000
yllcorner     -200000
cellsize      5000
NODATA_value  -9999
[rows 140 to 174 of 290, columns 78 to 155 of 180]
-9999 -9999 -9999 12.49 -9999 -9999 -9999 11.88 11.77 10.47 10.62 12.21 -9999 -9999 13.87 12.33 14.11 15.10 -9999 -9999 -9999 -9999 -9999 10.46 8.91 6.70 6.67 6.22 6.80 6.89 7.61 8.16 7.25 9.70 12.02 12.55 10.45 11.74 12.34 12.62 10.30 10.39 9.99 8.41 6.12 5.63 5.76 3.70 4.27 6.48 8.79 -9999 -9999 -9999 -9999 -9999 -9999 -9999 -9999 -9999 -9999 -9999 -9999 -9999 -9999 -9999 -9999 -9999 -9999 -9999 -9999 -9999 -9999 -9999 -9999 -9999 -9999 -9999
-9999 -9999 -9999 12.55 12.27 -9999 -9999 -9999 11.90 12.05 11.85 12.71 -9999 -9999 -9999 -9999 14.45 -9999 -9999 -9999 -9999 -9999 -9999 9.31 8.13 7.23 7.56 7.77 7.81 7.53 7.89 7.79 7.94 9.15 11.98 12.52 9.41 13.61 13.29 14.12 11.22 10.77 11.41 8.67 6.75 5.89 4.44 3.29 4.28 6.43 8.83 -9999 -9999 -9999 -9999 -9999 -9999 -9999 -9999 -9999 -9999 -9999 -9999 -9999 -9999 -9999 -9999 -9999 -9999 -9999 -9999 -9999 -9999 -9999 -9999 -9999 -9999 -9999
-9999 -9999 -9999 -9999 13.38 -9999 -9999 -9999 -9999 12.03 12.88 13.01 -9999 -9999 -9999 -9999 -9999 -9999 -9999 -9999 -9999 -9999 10.40 8.98 8.66 8.55 8.65 9.52 9.29 8.77 8.85 8.49 8.84 8.85 10.58 14.95 14.33 13.95 13.99 12.08 11.04 10.70 8.63 6.36 7.33 6.96 4.33 3.78 4.97 6.89 9.41 11.34 -9999 -9999 -9999 -9999 -9999 -9999 -9999 -9999 -9999 -9999 -9999 -9999 -9999 -9999 -9999 -9999 -9999 -9999 -9999 -9999 -9999 -9999 -9999 -9999 -9999 -9999
-9999 -9999 -9999 -9999 14.27 -9999 -9999 -9999 -9999 -9999 -9999 -9999 -9999 -9999 -9999 -9999 -9999 -9999 -9999 -9999 -9999 -9999 9.98 8.16 7.29 6.99 6.99 12.93 10.48 9.19 10.75 8.64 9.73 7.37 8.80 13.51 16.07 13.44 12.49 15.81 16.90 14.89 12.01 9.90 6.11 5.97 5.32 5.90 5.92 7.42 9.99 11.43 12.18 -9999 -9999 -9999 -9999 -9999 -9999 -9999 -9999 -9999 -9999 -9999 -9999 -9999 -9999 -9999 -9999 -9999 -9999 -9999 -9999 -9999 -9999 -9999 -9999 -9999
-9999 -9999 -9999 -9999 -9999 -9999 -9999 -9999 -9999 -9999 -9999 -9999 -9999 -9999 -9999 -9999 -9999 -9999 -9999 -9999 -9999 10.45 9.11 7.60 6.90 9.61 6.59 16.79 15.43 8.96 9.61 8.48 8.07 8.68 8.11 10.37 17.53 17.36 15.46 13.78 12.51 13.54 12.29 10.49 8.29 6.87 6.21 5.97 6.59 8.48 9.42 9.95 10.80 -9999 -9999 -9999 -9999 -9999 -9999 -9999 -9999 -9999 -9999 -9999 -9999 -9999 -9999 -9999 -9999 -9999 -9999 -9999 -9999 -9999 -9999 -9999 -9999 -9999
-9999 -9999 -9999 -9999 -9999 -9999 -9999 -9999 -9999 -9999 -9999 -9999 -9999 -9999 -9999 -9999 -9999 -9999 -9999 -9999 -9999 9.59 9.54 7.06 8.40 14.54 9.45 7.81 12.07 12.05 9.62 8.62 8.00 7.96 8.64 11.57 14.87 21.01 17.46 15.33 13.03 12.18 11.23 9.00 8.14 7.64 8.11 7.10 8.17 8.33 8.99 8.96 9.36 10.06 10.57 10.75 -9999 -9999 -9999 -9999 -9999 -9999 -9999 -9999 -9999 -9999 -9999 -9999 -9999 -9999 -9999 -9999 -9999 -9999 -9999 -9999 -9999 -9999
-9999 -9999 -9999 -9999 -9999 -9999 -9999 -9999 -9999 -9999 -9999 -9999 -9999 -9999 -9999 -9999 -9999 -9999 -9999 -9999 -9999 9.65 8.95 8.29 11.02 8.18 8.59 10.18 13.73 10.60 8.60 10.81 6.42 8.31 8.51 11.28 12.85 15.49 16.11 14.68 13.08 11.89 9.58 8.98 8.08 7.45 7.32 7.67 7.79 8.33 8.17 8.20 8.40 10.72 9.40 10.33 11.10 11.12 -9999 -9999 -9999 -9999 -9999 -9999 -9999 -9999 -9999 -9999 -9999 -9999 -9999 -9999 -9999 -9999 -9999 -9999 -9999 -9999
-9999 -9999 -9999 -9999 -9999 -9999 -9999 -9999 -9999 -9999 -9999 -9999 -9999 -9999 -9999 -9999 -9999 -9999 -9999 -9999 -9999 9.89 9.39 9.88 14.21 15.51 11.74 8.75 10.77 11.54 12.59 8.22 10.53 8.86 8.35 10.71 12.20 11.67 11.86 14.49 13.00 11.49 10.33 9.15 8.36 8.27 8.27 7.87 8.08 8.02 7.67 8.03 8.08 8.66 10.62 10.19 10.27 11.37 11.58 10.45 -9999 -9999 -9999 -9999 -9999 -9999 -9999 -9999 -9999 -9999 -9999 -9999 -9999 -9999 -9999 -9999 -9999 -9999
-9999 -9999 -9999 -9999 -9999 -9999 -9999 -9999 -9999 -9999 -9999 -9999 -9999 -9999 -9999 -9999 -9999 -9999 -9999 -9999 -9999 10.29 9.02 10.59 11.80 8.53 17.66 15.07 10.52 12.37 9.92 12.58 12.57 9.30 8.07 9.69 11.09 10.12 16.17 14.75 13.95 13.65 13.22 11.97 9.01 9.75 8.78 8.45 8.41 8.21 7.99 7.67 7.26 7.94 10.04 9.15 8.74 9.31 10.46 9.31 11.99 -9999 -9999 -9999 -9999 -9999 -9999 -9999 -9999 -9999 -9999 -9999 -9999 -9999 -9999 -9999 -9999 -9999
-9999 -9999 -9999 -9999 -9999 -9999 -9999 -9999 -9999 10.45 10.72 11.68 -9999 -9999 -9999 -9999 -9999 -9999 -9999 -9999 -9999 -9999 9.38 8.42 7.67 9.54 11.36 14.05 9.70 7.78 11.85 11.32 10.02 8.79 10.41 11.01 10.18 10.78 13.52 13.86 16.39 14.88 12.48 11.45 11.55 10.17 9.13 8.78 8.52 8.52 7.96 7.45 10.91 10.32 13.07 13.37 12.34 11.37 9.05 11.02 11.58 11.26 -9999 -9999 -9999 -9999 -9999 -9999 -9999 -9999 -9999 -9999 -9999 -9999 -9999 -9999 -9999 -9999
-9999 -9999 -9999 -9999 -9999 -9999 -9999 -9999 -9999 8.60 8.86 -9999 -9999 -9999 -9999 -9999 -9999 -9999 -9999 -9999 -9999 -9999 -9999 8.12 6.10 9.78 10.78 16.84 10.10 10.44 10.23 8.77 8.08 8.09 7.96 14.71 10.02 11.01 15.45 13.72 11.24 10.41 13.63 10.06 11.90 10.10 9.09 8.63 8.60 8.33 8.66 10.29 11.09 10.72 10.78 10.37 11.18 11.87 11.24 11.25 10.91 12.81 -9999 -9999 -9999 -9999 -9999 -9999 -9999 -9999 -9999 -9999 -9999 -9999 -9999 -9999 -9999 -9999
-9999 -9999 -9999 -9999 -9999 -9999 -9999 -9999 8.98 10.49 10.48 10.84 -9999 -9999 -9999 -9999 -9999 -9999 -9999 -9999 -9999 -9999 -9999 8.24 9.03 9.95 11.04 9.33 10.15 8.50 8.54 8.17 7.70 9.15 8.29 7.42 14.54 11.52 11.20 13.96 12.33 14.22 11.53 11.49 10.05 9.58 9.08 9.02 8.52 8.26 9.21 10.26 9.67 10.63 11.73 11.39 11.78 11.37 11.38 11.56 10.16 12.47 11.81 -9999 -9999 -9999 -9999 -9999 -9999 -9999 -9999 -9999 -9999 -9999 -9999 -9999 -9999 -9999
-9999 -9999 -9999 -9999 -9999 -9999 -9999 8.65 11.44 12.31 15.26 10.94 -9999 -9999 -9999 -9999 -9999 -9999 -9999 -9999 -9999 -9999 -9999 9.13 12.25 10.12 7.21 8.75 8.15 8.52 7.40 7.06 7.81 9.10 7.74 12.89 10.68 13.58 11.30 14.84 10.28 11.17 9.29 10.83 9.37 9.48 9.47 8.57 8.55 8.04 8.21 10.99 11.49 11.12 10.33 10.54 10.37 10.40 10.56 11.80 11.53 10.99 11.64 -9999 -9999 -9999 -9999 -9999 -9999 -9999 -9999 -9999 -9999 -9999 -9999 -9999 -9999 -9999
-9999 -9999 -9999 -9999 -9999 -9999 9.99 8.89 14.16 12.14 12.31 -9999 -9999 -9999 -9999 -9999 -9999 -9999 -9999 -9999 -9999 -9999 -9999 -9999 9.55 7.93 6.91 9.07 7.18 9.04 7.76 7.32 7.22 8.44 7.53 12.61 12.77 14.03 13.31 13.92 13.83 13.63 12.03 11.22 11.16 10.42 8.75 8.47 8.27 7.69 7.86 8.98 12.66 11.44 9.39 8.90 8.97 8.85 8.99 9.00 9.05 8.71 9.47 11.06 12.18 -9999 -9999 -9999 -9999 -9999 -9999 -9999 -9999 -9999 -9999 -9999 -9999 -9999
-9999 -9999 -9999 -9999 -9999 -9999 11.73 12.55 10.04 11.23 11.92 -9999 -9999 -9999 -9999 -9999 -9999 -9999 -9999 -9999 -9999 -9999 -9999 -9999 -9999 8.44 8.11 7.86 7.31 8.71 8.39 8.25 7.75 8.60 7.32 12.48 12.06 11.75 13.53 12.21 11.60 14.87 14.35 11.05 12.14 10.81 10.09 8.44 7.99 7.74 7.73 8.42 9.39 9.51 8.83 8.61 8.46 8.49 8.33 8.39 8.48 8.48 10.71 11.20 11.34 -9999 -9999 -9999 -9999 -9999 -9999 -9999 -9999 -9999 -9999 -9999 -9999 -9999
-9999 -9999 -9999 -9999 -9999 -9999 12.48 11.25 11.98 11.72 -9999 -9999 -9999 -9999 -9999 -9999 -9999 -9999 -9999 -9999 -9999 -9999 -9999 -9999 -9999 9.10 8.87 8.60 -9999 9.11 -9999 8.51 7.48 6.86 6.46 7.58 12.26 11.91 12.36 15.15 9.80 10.50 14.74 12.89 11.84 11.19 9.87 8.62 8.25 8.22 7.94 8.20 8.69 9.33 9.89 8.77 9.15 8.31 7.69 8.66 9.76 9.39 9.05 9.24 10.88 12.84 13.82 -9999 -9999 -9999 -9999 -9999 -9999 -9999 -9999 -9999 -9999 -9999
-9999 -9999 -9999 -9999 -9999 12.49 11.84 11.56 -9999 -9999 -9999 -9999 -9999 -9999 -9999 -9999 -9999 -9999 -9999 -9999 -9999 -9999 -9999 -9999 -9999 10.22 9.49 8.85 -9999 -9999 -9999 8.47 8.60 5.89 6.71 8.54 8.48 8.77 10.53 14.10 14.02 9.83 13.13 14.11 11.33 11.95 10.55 9.33 7.87 8.03 7.88 7.99 8.30 8.66 8.83 8.63 8.92 7.87 8.18 9.24 10.20 10.60 10.57 9.87 9.98 11.33 12.87 -9999 -9999 -9999 -9999 -9999 -9999 -9999 -9999 -9999 -9999 -9999
-9999 -9999 -9999 -9999 -9999 -9999 -9999 -9999 -9999 -9999 -9999 -9999 -9999 -9999 -9999 -9999 -9999 -9999 -9999 -9999 -9999 -9999 -9999 -9999 -9999 -9999 -9999 -9999 -9999 -9999 9.37 7.96 7.45 8.50 9.25 10.20 10.80 9.94 10.68 13.26 12.81 11.26 9.86 12.10 12.72 11.15 9.92 8.94 8.29 8.17 8.31 7.95 7.96 8.20 8.25 8.21 7.93 8.66 10.74 9.66 10.43 9.92 10.01 9.23 10.05 11.30 -9999 -9999 -9999 -9999 -9999 -9999 -9999 -9999 -9999 -9999 -9999 -9999
-9999 -9999 -9999 -9999 -9999 -9999 -9999 -9999 -9999 -9999 -9999 -9999 -9999 -9999 -9999 -9999 -9999 -9999 -9999 -9999 -9999 -9999 -9999 -9999 -9999 -9999 -9999 -9999 -9999 -9999 8.87 7.77 8.61 10.45 12.69 11.89 9.53 10.62 8.97 9.99 9.32 10.56 11.33 11.91 11.72 11.19 9.92 9.23 8.73 8.09 8.25 7.81 7.81 7.93 8.07 8.11 7.89 8.48 11.69 11.13 9.76 9.52 9.34 9.06 9.90 11.39 -9999 -9999 -9999 -9999 -9999 -9999 -9999 -9999 -9999 -9999 -9999 -9999
-9999 -9999 -9999 -9999 -9999 -9999 -9999 -9999 -9999 -9999 -9999 -9999 -9999 -9999 -9999 -9999 -9999 -9999 -9999 -9999 -9999 -9999 -9999 -9999 -9999 -9999 -9999 -9999 -9999 -9999 8.06 7.21 7.76 10.33 11.40 11.14 10.29 9.52 8.84 9.74 8.72 8.53 9.40 8.40 11.66 10.19 10.66 9.36 8.92 7.91 7.75 7.80 7.77 7.85 7.87 7.97 8.02 8.26 10.23 10.84 9.90 9.34 9.29 9.01 9.62 10.86 -9999 -9999 -9999 -9999 -9999 -9999 -9999 -9999 -9999 -9999 -9999 -9999
-9999 -9999 -9999 -9999 -9999 -9999 -9999 -9999 -9999 -9999 -9999 -9999 -9999 -9999 -9999 -9999 -9999 -9999 -9999 -9999 -9999 -9999 -9999 -9999 -9999 -9999 -9999 -9999 10.30 8.74 7.36 7.05 9.47 11.29 13.78 10.99 12.05 7.86 8.60 8.56 9.17 9.84 9.83 11.42 8.95 8.85 8.64 8.43 7.87 8.40 7.67 7.62 7.90 7.71 7.76 7.95 7.95 8.31 9.07 10.47 9.70 9.01 8.98 8.96 9.16 10.13 11.51 -9999 -9999 -9999 -9999 -9999 -9999 -9999 -9999 -9999 -9999 -9999
-9999 -9999 -9999 -9999 -9999 -9999 -9999 -9999 -9999 -9999 -9999 -9999 -9999 -9999 -9999 -9999 -9999 -9999 -9999 -9999 -9999 -9999 -9999 -9999 -9999 -9999 -9999 -9999 9.60 7.87 7.06 6.90 7.79 10.67 9.01 8.72 7.49 8.53 10.77 8.77 9.63 9.30 10.45 7.75 11.00 9.29 10.18 9.80 9.55 8.35 7.89 7.64 7.60 7.60 7.72 7.82 7.94 8.12 8.60 9.28 9.96 9.22 8.89 8.98 8.84 9.35 10.80 -9999 -9999 -9999 -9999 -9999 -9999 -9999 -9999 -9999 -9999 -9999
-9999 -9999 -9999 -9999 -9999 -9999 -9999 -9999 -9999 -9999 -9999 -9999 -9999 -9999 -9999 -9999 -9999 -9999 -9999 -9999 -9999 -9999 -9999 -9999 -9999 -9999 -9999 -9999 9.59 7.78 7.23 7.09 7.78 8.85 8.85 7.92 7.19 8.14 8.67 8.26 9.61 11.34 9.37 9.04 8.09 9.35 8.00 8.40 8.86 9.02 8.17 7.90 7.58 7.56 7.70 7.81 7.91 8.08 8.38 8.91 9.77 10.09 9.22 8.87 8.75 8.77 9.77 11.21 -9999 -9999 -9999 -9999 -9999 -9999 -9999 -9999 -9999 -9999
-9999 -9999 -9999 -9999 -9999 -9999 -9999 -9999 -9999 -9999 -9999 -9999 -9999 -9999 -9999 -9999 -9999 -9999 -9999 -9999 -9999 -9999 -9999 -9999 -9999 -9999 -9999 -9999 9.36 7.91 7.50 7.50 7.58 7.72 7.43 7.79 8.48 7.13 7.64 8.27 11.90 11.94 12.34 11.18 9.58 9.08 9.33 8.19 7.75 8.56 8.72 7.83 7.52 7.58 7.57 7.76 7.97 8.21 8.41 8.79 10.17 10.96 9.89 9.44 9.24 8.81 8.96 10.22 11.61 -9999 -9999 -9999 -9999 -9999 -9999 -9999 -9999 -9999
-9999 -9999 -9999 -9999 -9999 -9999 -9999 -9999 -9999 -9999 -9999 -9999 -9999 -9999 -9999 -9999 -9999 -9999 -9999 -9999 -9999 -9999 -9999 -9999 -9999 -9999 -9999 -9999 9.34 7.77 7.41 7.29 7.17 6.96 7.27 6.87 7.93 8.86 10.32 11.34 12.49 10.33 11.32 9.93 9.70 8.43 9.29 8.73 8.20 7.72 7.52 7.59 7.43 7.55 7.67 7.88 8.06 8.36 8.66 8.96 9.65 10.48 10.02 9.56 9.55 9.45 9.17 9.26 10.69 -9999 -9999 -9999 -9999 -9999 -9999 -9999 -9999 -9999
-9999 -9999 -9999 -9999 -9999 -9999 -9999 -9999 -9999 -9999 -9999 -9999 -9999 -9999 -9999 -9999 -9999 -9999 -9999 -9999 -9999 -9999 -9999 -9999 -9999 -9999 -9999 -9999 -9999 7.75 7.42 7.15 6.81 7.24 8.70 8.86 9.66 9.08 8.98 10.85 10.90 11.52 10.55 8.83 7.51 7.77 7.49 8.34 7.75 7.62 8.08 7.82 7.36 7.62 7.66 7.89 7.99 8.28 8.65 8.98 9.51 9.62 9.57 9.60 9.78 -9999 9.72 10.02 10.84 12.36 -9999 -9999 -9999 -9999 -9999 -9999 -9999 -9999
-9999 -9999 -9999 -9999 -9999 -9999 -9999 -9999 -9999 -9999 -9999 -9999 -9999 -9999 -9999 -9999 -9999 -9999 -9999 -9999 -9999 -9999 -9999 -9999 -9999 -9999 -9999 -9999 9.01 7.56 7.17 6.67 6.54 7.01 10.19 10.78 9.56 11.92 11.70 10.49 10.06 12.57 10.59 10.44 8.37 6.77 8.20 7.29 6.89 7.47 7.67 7.36 7.51 7.46 7.55 7.68 7.94 8.05 8.27 9.54 9.27 8.95 9.89 9.19 9.37 9.50 -9999 10.67 11.46 12.69 13.66 -9999 -9999 -9999 -9999 -9999 -9999 -9999
-9999 -9999 -9999 -9999 -9999 -9999 -9999 -9999 -9999 -9999 -9999 -9999 -9999 -9999 -9999 -9999 -9999 -9999 -9999 -9999 -9999 -9999 -9999 -9999 -9999 -9999 -9999 -9999 8.66 7.27 6.98 6.59 7.87 7.55 8.82 11.30 9.16 9.57 10.01 8.93 8.68 11.06 9.82 9.20 6.68 7.90 8.62 7.03 7.89 7.42 8.00 7.83 7.53 7.33 7.40 7.51 7.62 7.68 7.80 8.12 8.59 8.07 8.39 8.80 8.34 9.14 9.76 -9999 -9999 -9999 -9999 -9999 -9999 -9999 -9999 -9999 -9999 -9999
-9999 -9999 -9999 -9999 -9999 -9999 -9999 -9999 -9999 -9999 -9999 -9999 -9999 -9999 -9999 -9999 -9999 -9999 -9999 -9999 -9999 -9999 -9999 -9999 -9999 -9999 -9999 10.07 8.03 6.99 7.54 7.21 7.49 7.54 8.92 9.51 9.02 8.80 8.73 8.66 8.85 10.92 12.13 11.35 7.46 9.07 8.63 6.91 7.23 6.79 7.53 7.80 7.36 7.12 7.41 7.44 7.47 7.66 7.71 8.04 8.24 8.27 8.36 9.29 8.59 8.51 8.96 10.19 11.54 -9999 -9999 -9999 -9999 -9999 -9999 -9999 -9999 -9999
-9999 -9999 -9999 -9999 -9999 -9999 -9999 -9999 -9999 -9999 -9999 -9999 -9999 -9999 -9999 -9999 -9999 -9999 -9999 -9999 -9999 -9999 -9999 -9999 -9999 -9999 -9999 -9999 8.04 6.99 6.98 7.33 8.89 7.60 7.86 8.11 8.35 8.53 8.26 8.18 8.28 8.73 11.26 11.25 11.20 9.02 9.16 8.34 7.55 8.01 6.72 6.88 7.59 7.09 7.24 7.24 7.29 7.59 7.69 7.99 8.37 8.22 8.17 8.31 9.79 8.75 8.39 8.89 9.94 11.18 12.50 -9999 -9999 -9999 -9999 -9999 -9999 -9999
-9999 -9999 -9999 -9999 -9999 -9999 -9999 -9999 -9999 -9999 -9999 -9999 -9999 -9999 -9999 -9999 -9999 -9999 -9999 -9999 -9999 -9999 -9999 -9999 -9999 -9999 -9999 -9999 7.87 7.28 7.00 7.26 7.57 7.71 7.64 7.47 7.63 7.42 7.36 7.58 7.98 8.73 8.37 11.35 12.61 12.70 10.42 8.86 8.31 7.31 7.66 7.10 7.97 7.23 7.31 7.22 7.25 7.44 7.73 8.26 8.49 8.38 8.19 8.62 10.06 9.31 9.18 8.33 8.66 9.73 11.14 -9999 -9999 -9999 -9999 -9999 -9999 -9999
-9999 -9999 -9999 -9999 -9999 -9999 -9999 -9999 11.92 10.93 11.21 12.20 -9999 -9999 -9999 -9999 -9999 -9999 -9999 -9999 -9999 -9999 -9999 -9999 -9999 -9999 -9999 8.20 7.29 7.62 7.23 7.93 7.72 7.21 7.09 7.24 7.24 7.31 7.26 7.42 7.56 7.87 10.45 12.11 11.83 9.82 11.43 10.11 7.59 7.55 6.29 8.43 8.47 7.43 7.39 7.25 7.25 7.48 7.89 8.37 8.83 8.70 8.29 8.47 8.95 10.09 9.58 9.66 8.34 8.44 9.87 11.50 -9999 -9999 -9999 -9999 -9999 -9999
-9999 -9999 -9999 -9999 -9999 -9999 -9999 -9999 11.13 10.05 9.83 10.46 -9999 -9999 -9999 -9999 -9999 -9999 -9999 -9999 -9999 -9999 -9999 -9999 -9999 -9999 7.99 7.77 7.15 7.55 8.49 7.58 7.52 6.88 6.92 7.16 7.12 7.32 7.45 7.09 6.93 7.08 8.57 13.08 13.27 9.95 10.66 9.63 9.07 6.94 6.38 7.75 8.33 7.70 7.09 7.10 7.29 7.88 8.22 8.51 8.79 9.04 8.59 8.67 8.92 10.10 9.81 9.42 8.46 8.38 8.97 10.68 -9999 -9999 -9999 -9999 -9999 -9999
-9999 -9999 -9999 -9999 -9999 -9999 14.02 11.30 9.71 9.58 9.30 10.15 9.84 10.78 11.31 -9999 -9999 10.45 8.71 -9999 -9999 -9999 7.38 8.06 7.32 -9999 6.08 7.75 7.36 7.25 7.77 7.41 7.47 7.41 7.94 7.72 7.80 7.18 7.54 7.14 7.10 9.56 7.67 9.88 12.05 8.14 9.20 12.05 7.57 8.76 7.20 7.73 8.03 7.57 7.36 7.40 7.53 8.06 8.15 8.60 8.69 9.21 8.61 8.58 8.84 9.25 9.66 10.05 9.38 8.46 8.41 9.85 11.68 -9999 -9999 -9999 -9999 -9999
-9999 -9999 -9999 -9999 -9999 -9999 -9999 11.73 10.26 9.46 9.01 9.10 9.58 10.43 8.28 -9999 6.88 8.26 8.50 7.11 7.62 5.36 4.98 8.04 7.70 6.70 -9999 6.09 7.51 7.62 7.21 7.15 7.54 6.99 7.08 7.28 7.32 7.53 7.43 7.80 7.50 9.82 10.33 10.55 10.75 9.83 11.30 10.92 8.87 7.28 6.90 8.23 8.36 7.30 7.69 7.43 7.94 8.32 8.22 8.49 8.59 9.22 8.62 8.52 8.67 8.78 9.39 9.71 9.94 9.12 8.54 9.24 10.97 -9999 -9999 -9999 -9999 -9999
