ML/MeanWindSpeed_1992-09_Actual.txt
ncols         180
nrows         290
xllcorner     -200000
yllcorner     -200000
cellsize      5000
NODATA_value  -9999
[rows 175 to 209 of 290, columns 78 to 155 of 180]
-9999 -9999 -9999 -9999 -9999 -9999 -9999 -9999 12.47 11.35 10.16 9.25 8.49 6.20 4.97 11.05 17.64 7.26 10.36 10.35 9.54 7.60 4.88 5.19 7.73 9.87 7.97 6.03 6.52 7.56 7.04 7.30 8.58 7.79 7.40 6.98 7.10 7.14 6.87 6.83 6.94 12.12 13.12 11.17 11.43 9.27 8.71 10.13 9.92 7.80 7.35 8.49 7.81 7.22 7.85 7.50 8.60 8.15 8.13 8.05 8.04 9.27 8.09 7.84 7.87 7.67 8.09 8.50 8.45 8.53 8.73 7.51 9.40 11.75 -9999 -9999 -9999 -9999
-9999 -9999 -9999 -9999 -9999 -9999 -9999 -9999 -9999 13.45 10.58 8.41 6.09 4.79 6.71 20.49 13.55 5.04 10.80 6.74 9.98 9.61 5.91 4.14 10.75 8.62 9.11 7.65 6.31 6.51 6.61 6.07 7.33 7.95 7.71 7.36 6.96 7.15 6.85 6.56 8.54 10.13 13.89 11.61 12.34 11.22 7.01 9.31 11.06 7.93 7.79 8.34 7.55 7.38 7.59 7.51 8.65 7.95 7.79 7.99 7.64 8.34 8.18 7.78 7.71 7.64 7.76 8.28 9.34 8.14 7.31 7.25 8.84 11.28 -9999 -9999 -9999 -9999
-9999 -9999 -9999 -9999 -9999 -9999 -9999 -9999 -9999 -9999 10.73 7.48 6.56 7.72 17.79 20.76 13.71 9.07 8.73 9.61 11.03 11.24 10.56 6.48 5.93 11.50 8.74 7.72 7.21 6.36 6.30 6.48 6.86 7.52 7.23 6.88 7.12 7.15 6.99 7.26 8.49 10.92 12.13 9.87 10.10 11.58 9.33 6.81 10.91 8.03 7.78 8.27 7.40 7.35 7.27 7.85 8.58 7.95 7.75 7.79 7.36 8.84 8.25 7.86 7.78 7.72 8.01 7.89 7.80 7.30 7.03 7.27 9.19 11.43 -9999 -9999 -9999 -9999
-9999 -9999 -9999 -9999 -9999 -9999 -9999 -9999 -9999 -9999 9.90 7.75 9.32 11.35 13.98 18.05 10.26 6.12 8.39 11.15 11.57 12.58 10.72 7.25 4.98 11.77 11.22 8.67 7.96 6.29 6.09 6.56 7.74 7.61 7.39 7.21 6.81 6.67 7.17 9.19 9.32 7.93 12.69 10.05 10.49 11.98 11.43 9.18 8.28 7.47 6.24 7.67 8.24 7.20 7.12 7.08 7.78 7.57 7.91 7.70 7.45 7.99 8.59 8.19 8.18 7.94 7.86 7.61 7.18 6.91 7.28 8.38 10.20 -9999 -9999 -9999 -9999 -9999
-9999 -9999 -9999 -9999 -9999 -9999 -9999 -9999 -9999 -9999 8.80 8.29 9.47 9.46 14.73 13.24 8.98 9.04 7.08 8.94 12.05 10.88 13.20 9.91 5.98 10.81 11.91 11.15 7.92 6.84 5.97 6.97 8.34 8.20 7.48 7.03 6.74 7.12 8.62 9.14 7.79 7.76 10.91 10.50 10.11 9.98 9.06 8.93 9.53 6.17 6.94 7.25 6.91 7.25 6.84 7.77 7.07 7.39 7.69 7.60 7.75 9.64 8.86 8.32 8.10 8.03 7.79 7.42 7.01 6.96 8.11 9.80 -9999 -9999 -9999 -9999 -9999 -9999
-9999 -9999 -9999 -9999 -9999 -9999 -9999 -9999 -9999 10.40 17.07 9.87 11.18 12.92 8.55 17.89 14.58 12.36 10.60 13.59 10.95 11.72 10.15 7.76 8.82 13.08 11.84 11.15 7.96 6.64 5.92 7.66 8.13 7.79 7.48 6.86 6.91 8.39 8.28 7.98 9.01 9.88 8.02 12.32 11.25 8.40 8.99 8.10 7.20 6.91 6.04 6.13 6.38 7.33 6.82 6.34 7.86 7.24 7.47 7.73 8.11 9.70 8.85 8.29 8.19 7.87 7.63 7.06 6.67 7.59 9.15 -9999 -9999 -9999 -9999 -9999 -9999 -9999
-9999 -9999 -9999 -9999 -9999 -9999 -9999 11.65 10.78 14.05 12.08 10.04 10.93 11.97 7.45 8.57 10.43 13.35 12.62 14.36 12.96 12.97 7.28 9.40 9.37 7.45 8.53 7.99 8.37 7.25 6.60 7.80 8.30 8.18 7.41 7.40 8.60 8.03 8.65 7.86 9.32 9.91 9.66 8.71 7.75 9.16 8.60 7.87 7.53 7.21 6.85 5.68 6.62 6.43 5.79 6.13 6.70 7.04 7.44 7.44 8.12 9.57 8.75 8.04 8.01 7.60 7.25 6.71 6.84 8.08 -9999 -9999 -9999 -9999 -9999 11.20 10.76 10.29
-9999 -9999 -9999 -9999 -9999 -9999 11.93 11.33 11.17 11.60 11.47 11.45 10.58 8.20 6.53 8.14 9.90 12.00 18.67 11.02 8.87 8.35 5.48 11.85 13.42 12.98 9.99 8.53 8.61 8.15 7.71 8.17 8.83 8.27 7.84 7.81 8.57 9.02 7.72 7.67 9.45 9.51 9.00 8.45 8.37 8.53 7.40 7.71 6.55 6.38 6.87 6.26 5.77 5.34 5.67 6.60 6.46 6.71 7.08 7.38 7.94 9.70 8.97 8.02 7.64 7.28 6.94 6.51 6.66 7.68 -9999 -9999 -9999 -9999 -9999 9.59 8.71 8.36
-9999 -9999 -9999 -9999 -9999 12.69 13.09 12.10 12.10 -9999 -9999 -9999 -9999 8.54 13.30 11.19 11.27 13.62 11.35 9.01 11.69 10.73 9.13 18.45 16.32 13.50 13.75 10.35 8.06 8.41 8.48 8.10 8.28 8.14 7.73 8.24 7.86 9.21 7.89 7.72 8.30 8.78 8.86 8.54 7.43 7.43 7.28 7.03 6.43 6.07 5.73 5.55 5.43 5.70 6.33 6.31 6.24 6.96 7.60 7.81 7.96 8.96 8.70 8.37 7.43 7.12 6.73 6.24 6.13 6.93 8.62 -9999 -9999 -9999 -9999 8.36 7.47 7.29
-9999 -9999 -9999 -9999 -9999 14.20 15.46 12.37 13.03 -9999 -9999 -9999 -9999 8.79 11.46 13.10 8.30 12.99 12.05 11.01 13.91 15.59 12.51 16.85 10.43 11.42 11.21 9.66 8.16 8.16 8.43 8.25 8.49 8.96 7.90 8.45 8.23 8.34 8.80 7.76 8.05 7.40 8.10 8.86 9.09 8.92 7.26 6.55 6.25 6.03 6.33 5.65 5.83 6.36 6.67 7.37 6.69 8.51 8.54 8.75 7.99 8.50 8.42 8.16 7.28 7.15 6.76 6.20 5.85 5.90 6.96 8.02 -9999 -9999 8.74 8.04 7.41 7.61
-9999 -9999 -9999 -9999 -9999 -9999 -9999 -9999 -9999 -9999 -9999 -9999 -9999 9.89 13.94 11.64 7.78 10.22 8.74 15.21 14.50 10.19 13.85 13.59 11.83 12.16 9.96 8.68 7.57 8.53 8.31 8.61 8.35 7.92 7.81 7.73 7.64 7.91 8.41 7.71 7.48 7.68 7.90 7.56 8.32 8.44 6.48 7.60 8.40 7.09 6.93 6.45 5.58 6.57 7.58 8.47 8.07 7.59 8.06 8.77 8.24 8.63 8.39 8.25 7.31 7.25 6.93 6.46 5.96 5.47 5.68 6.44 7.50 8.01 7.58 7.45 6.58 7.48
-9999 -9999 -9999 -9999 -9999 -9999 -9999 -9999 -9999 -9999 -9999 -9999 -9999 -9999 14.14 5.86 5.83 9.83 14.41 13.31 15.08 14.44 10.44 11.52 12.61 9.02 8.55 7.44 7.26 7.51 8.06 8.21 8.24 7.92 7.53 7.35 7.68 7.59 8.13 7.80 7.31 9.35 8.64 7.40 7.26 7.19 7.15 6.92 7.90 8.00 7.35 8.34 6.67 6.52 7.29 6.86 7.18 7.40 7.37 8.62 8.54 8.26 8.04 8.45 7.59 7.48 7.14 6.65 6.23 5.97 5.88 5.87 6.38 6.74 6.73 6.53 6.54 7.57
-9999 -9999 -9999 -9999 -9999 -9999 -9999 -9999 -9999 -9999 -9999 -9999 -9999 -9999 9.83 13.62 14.17 12.21 11.04 10.44 12.94 10.72 10.70 9.13 8.45 10.38 7.76 7.17 8.79 8.20 8.02 7.88 7.29 7.22 7.76 7.59 8.72 8.60 8.24 7.63 7.09 9.02 9.81 8.39 7.31 6.91 7.13 7.14 7.14 7.42 8.06 10.18 8.73 6.90 6.56 6.87 7.83 8.86 8.88 8.39 8.85 8.56 8.58 8.38 7.96 7.79 7.41 7.09 6.70 6.44 6.33 6.32 6.43 6.54 6.71 6.61 6.37 7.23
-9999 -9999 -9999 -9999 -9999 -9999 -9999 -9999 -9999 -9999 -9999 -9999 -9999 11.94 11.18 8.47 16.35 10.68 8.79 11.36 11.30 9.95 12.78 9.40 8.82 10.96 7.03 12.89 9.49 7.47 7.70 8.97 7.41 7.04 9.89 9.66 8.86 7.69 8.05 7.85 7.41 8.21 8.77 8.33 7.52 7.19 7.04 7.12 7.56 7.37 8.54 8.44 7.78 7.16 6.79 7.41 8.34 9.32 9.30 8.30 8.55 9.01 9.08 8.69 8.27 7.99 7.71 7.42 7.07 6.77 6.63 6.60 6.44 6.47 6.97 6.88 6.52 6.85
-9999 -9999 -9999 -9999 -9999 -9999 -9999 -9999 -9999 -9999 -9999 -9999 -9999 10.55 11.23 16.23 9.84 5.44 7.55 8.02 10.28 13.10 12.80 9.89 9.34 9.21 7.14 7.91 8.79 9.96 9.70 7.81 7.81 7.68 8.22 8.96 7.73 7.47 8.13 7.95 8.30 8.74 8.35 8.42 7.93 7.43 7.20 7.02 7.14 7.34 8.25 8.59 7.89 6.72 7.01 8.25 9.56 8.97 9.62 9.54 9.14 8.96 9.67 8.74 8.73 8.21 7.95 7.53 7.25 7.02 6.77 6.64 6.53 6.47 7.24 6.96 6.43 6.62
-9999 -9999 -9999 -9999 -9999 -9999 -9999 -9999 -9999 -9999 -9999 -9999 -9999 11.79 13.62 6.60 7.92 6.56 7.88 8.48 13.97 12.26 13.69 10.53 9.32 7.33 6.05 6.99 10.34 12.27 13.40 8.39 9.82 8.44 8.74 8.69 7.08 7.24 7.68 8.02 8.43 7.92 8.06 9.28 8.39 7.36 7.25 8.34 6.96 7.49 7.91 7.77 7.15 6.76 7.39 8.08 8.65 8.86 8.85 8.24 8.44 9.17 9.43 8.32 8.12 8.16 7.90 7.61 7.24 6.89 6.77 6.67 6.57 6.56 6.79 6.57 6.66 6.60
-9999 -9999 -9999 -9999 -9999 -9999 -9999 -9999 -9999 -9999 -9999 -9999 -9999 -9999 8.01 8.96 10.57 12.47 13.43 11.39 12.15 10.43 7.56 7.26 6.52 7.40 7.46 6.78 8.44 9.23 12.51 9.97 8.61 8.17 9.65 9.28 7.06 7.95 7.14 7.46 9.76 8.01 7.83 7.76 7.90 7.05 6.96 8.59 7.99 7.38 7.94 7.50 7.14 7.41 8.22 7.93 7.98 7.69 8.41 7.76 9.06 9.25 8.37 8.08 8.48 8.18 7.63 7.37 7.04 6.87 6.79 6.71 6.65 6.59 6.58 6.60 6.82 6.90
-9999 -9999 -9999 -9999 -9999 -9999 -9999 -9999 -9999 -9999 -9999 -9999 -9999 -9999 9.08 9.86 10.79 12.81 15.63 14.38 10.95 8.26 6.71 8.24 10.25 12.04 13.70 10.40 8.34 9.22 10.46 9.62 7.50 10.55 9.65 9.40 7.86 8.65 7.53 7.26 8.03 9.33 8.85 8.12 7.57 7.02 7.08 8.20 7.97 7.57 7.63 7.97 8.08 8.26 8.69 7.97 7.70 8.90 8.99 8.97 8.79 9.09 8.16 8.39 8.79 7.67 7.30 7.12 6.92 6.90 6.79 6.71 6.68 6.66 6.71 6.68 6.66 6.68
-9999 -9999 -9999 -9999 -9999 -9999 -9999 -9999 -9999 -9999 -9999 -9999 -9999 10.11 7.63 8.55 11.35 12.68 11.91 11.53 9.21 10.04 14.62 11.64 11.81 11.75 9.72 8.75 9.58 10.24 8.69 7.77 8.44 10.33 10.15 9.37 7.75 8.85 7.16 7.21 8.84 8.22 8.57 8.58 7.83 7.32 7.26 8.27 8.12 7.32 7.60 7.58 7.46 8.26 7.90 8.93 8.31 8.99 8.30 8.66 8.85 8.00 7.75 8.56 8.38 7.29 7.07 7.26 6.94 7.00 6.93 6.96 6.86 6.75 6.74 6.62 7.06 7.50
-9999 -9999 -9999 -9999 -9999 -9999 -9999 -9999 -9999 -9999 -9999 -9999 -9999 12.05 9.39 8.16 8.34 10.63 14.54 13.73 12.03 10.22 11.05 12.65 13.83 13.73 9.69 11.70 12.66 8.63 10.90 6.92 7.82 9.90 11.75 8.26 8.59 7.33 6.60 6.93 7.86 10.69 9.03 8.88 8.29 7.85 7.80 8.11 7.79 7.24 7.41 7.32 7.23 7.22 8.51 8.98 8.89 9.48 8.48 8.03 8.02 7.55 7.86 8.34 8.02 7.45 7.68 7.40 7.62 7.17 7.11 7.29 7.22 6.88 6.71 6.57 6.67 7.61
-9999 -9999 -9999 -9999 -9999 -9999 -9999 -9999 -9999 -9999 -9999 -9999 -9999 10.31 8.75 5.48 6.98 10.13 14.70 12.72 12.81 10.26 12.42 11.86 10.31 11.00 11.56 11.22 9.55 8.15 8.72 11.28 7.80 8.06 8.24 8.21 9.60 8.13 6.63 6.91 7.83 8.39 8.22 9.06 8.55 8.08 8.18 7.54 6.95 7.42 7.62 7.71 7.12 7.73 9.03 9.04 8.14 8.32 9.10 8.04 8.24 7.20 8.07 8.24 7.48 7.37 7.54 6.94 7.14 7.05 7.09 7.16 6.99 6.83 6.73 6.63 7.04 6.69
-9999 -9999 -9999 -9999 -9999 -9999 -9999 -9999 -9999 -9999 -9999 -9999 9.86 10.38 11.77 8.68 6.63 10.79 12.43 14.57 14.40 9.25 9.80 8.86 10.22 11.73 9.81 9.61 11.43 9.72 8.94 8.49 7.54 7.03 7.34 8.26 8.21 7.85 7.51 7.05 7.09 7.98 8.31 7.62 8.03 7.68 8.25 7.40 7.21 7.28 6.87 6.77 7.10 8.29 8.30 8.40 7.70 8.50 8.57 8.08 7.22 7.97 8.01 8.09 8.23 7.78 7.33 7.16 6.97 7.08 7.14 7.00 6.85 6.64 6.50 6.62 7.03 7.08
-9999 -9999 -9999 -9999 -9999 -9999 -9999 -9999 -9999 -9999 -9999 11.00 10.52 10.90 8.59 6.54 9.68 13.28 14.24 12.37 14.07 9.99 11.21 9.43 8.81 15.18 10.42 11.07 9.02 9.09 7.71 7.42 7.66 8.80 7.81 9.71 8.08 8.41 7.06 6.90 7.19 7.67 7.99 7.49 7.55 7.82 7.91 6.55 7.08 6.98 7.11 7.26 7.61 8.28 7.65 8.42 7.87 8.11 7.31 7.13 8.20 8.53 8.03 8.20 8.04 7.17 7.58 7.60 7.52 7.44 7.10 6.83 6.52 6.66 6.62 7.29 7.58 7.84
-9999 -9999 -9999 -9999 -9999 -9999 -9999 -9999 -9999 12.20 10.45 9.11 7.37 7.04 7.32 7.49 10.98 12.77 14.63 16.14 13.97 11.30 7.47 10.17 9.50 13.62 10.77 9.74 9.74 8.20 7.77 6.69 7.68 9.56 8.92 9.06 7.05 7.32 7.15 7.25 7.96 7.74 8.11 7.15 7.13 7.35 6.65 6.44 6.74 7.58 7.36 8.19 8.87 8.43 7.93 7.43 7.16 7.90 8.34 7.96 8.24 7.36 8.13 8.23 7.54 6.80 6.91 7.82 7.67 7.69 6.85 6.55 6.29 6.53 7.54 7.96 7.76 8.57
-9999 -9999 -9999 -9999 -9999 12.26 11.01 9.43 12.31 12.01 11.83 11.66 9.02 8.14 7.41 12.38 11.09 13.63 14.09 13.69 10.31 8.73 6.66 8.36 8.45 15.24 13.34 10.69 8.36 8.67 7.98 9.51 6.87 8.80 9.17 8.72 7.94 7.12 6.80 7.88 7.47 7.02 8.36 7.01 6.70 6.26 6.53 7.01 7.56 6.83 7.75 7.44 7.93 8.85 8.62 8.26 7.93 8.40 8.36 7.93 7.55 8.31 7.34 7.23 7.04 6.73 7.50 7.81 7.88 7.20 6.57 6.57 6.75 7.83 8.02 7.64 8.40 7.62
-9999 -9999 -9999 -9999 13.13 10.40 10.62 9.57 8.83 10.56 10.00 10.43 8.22 6.88 10.49 11.57 12.50 9.38 14.84 10.80 8.12 12.90 9.62 6.54 13.98 12.24 10.75 6.52 6.57 7.39 10.56 7.58 7.04 7.16 7.37 9.00 8.56 8.39 7.18 7.53 7.03 6.96 7.89 7.09 6.32 6.27 6.64 7.30 7.16 9.06 7.34 7.16 7.70 8.49 7.87 7.76 7.34 7.51 7.99 7.73 8.34 7.67 7.08 7.15 7.35 6.85 7.19 7.31 6.81 6.61 6.51 6.63 6.88 7.41 8.28 8.25 8.30 7.90
-9999 -9999 -9999 12.70 11.71 8.32 7.69 7.84 8.88 8.52 9.15 8.24 8.79 13.17 10.43 9.40 13.18 7.43 10.13 9.82 12.88 12.07 12.80 10.65 10.60 9.11 6.01 10.72 10.47 7.06 7.63 7.12 6.81 7.40 6.84 7.11 8.82 9.09 6.85 6.65 6.79 7.30 6.70 5.95 6.11 8.66 6.82 6.70 7.39 8.28 7.67 7.22 7.87 8.42 8.35 8.78 8.12 7.32 7.18 7.11 8.04 7.59 6.98 7.79 7.60 6.99 7.13 7.00 6.75 6.97 7.05 7.11 7.43 7.59 8.35 7.66 7.47 7.78
13.78 11.24 12.52 9.60 9.09 9.54 8.42 7.97 10.20 9.09 9.12 9.15 11.98 11.51 9.87 11.14 10.53 8.23 8.12 11.62 12.07 10.48 10.73 12.48 9.03 5.61 10.68 12.21 9.59 9.74 7.30 7.58 6.73 7.18 9.18 7.20 9.49 7.68 6.58 6.35 6.71 8.26 5.73 5.98 9.94 7.36 6.89 6.91 7.64 8.66 7.34 7.41 7.83 7.57 8.12 8.09 7.53 7.12 7.41 6.99 7.40 7.69 7.57 7.12 6.78 6.57 6.58 7.09 8.50 7.85 8.73 8.12 7.15 8.38 8.13 8.17 7.79 7.58
10.14 9.37 11.99 14.89 13.48 12.69 9.28 10.40 12.16 10.84 10.35 12.57 10.82 10.23 12.56 9.35 6.75 7.42 8.02 11.01 10.98 10.50 9.77 8.94 6.91 8.61 18.06 13.91 10.14 7.55 8.09 7.50 9.05 7.42 7.98 7.02 7.15 7.09 6.90 6.30 6.12 6.09 5.46 8.97 9.70 8.85 7.40 6.98 9.71 8.28 7.44 7.63 7.29 8.07 8.01 7.70 6.88 7.88 7.45 6.79 8.45 8.16 6.98 6.76 6.67 6.51 7.07 8.15 8.62 8.46 9.01 8.32 7.89 8.59 8.29 7.59 7.85 7.69
9.22 9.56 10.89 11.32 10.50 9.03 10.87 9.59 11.53 8.28 9.53 12.14 11.31 9.41 10.19 6.50 5.77 9.50 10.82 9.83 8.40 10.41 7.21 6.00 5.47 10.74 14.74 15.38 8.18 8.66 8.82 9.06 8.08 6.64 8.08 7.41 7.33 6.70 6.82 5.53 5.23 6.31 6.25 9.13 9.17 8.48 7.15 7.94 9.57 8.85 8.23 7.65 7.89 7.79 7.41 7.04 7.03 7.52 7.89 7.47 7.32 7.20 6.87 7.92 8.50 6.96 7.31 8.25 8.68 8.27 8.82 8.73 8.67 8.66 7.69 7.73 7.56 7.59
10.52 9.45 10.21 9.85 10.22 9.33 9.30 10.45 9.02 9.71 8.20 8.00 7.82 7.21 6.47 8.50 7.27 11.40 18.06 9.31 9.37 9.86 14.34 13.67 5.42 5.62 16.76 12.49 9.85 10.20 11.25 8.97 6.69 5.87 8.37 8.71 7.28 6.41 5.91 5.17 5.06 6.49 9.28 9.85 8.70 8.16 7.70 7.51 7.54 8.48 7.68 7.47 7.27 6.92 6.66 6.68 7.71 7.56 7.36 7.35 6.52 6.73 7.63 7.51 8.20 7.50 7.54 7.70 8.04 8.63 8.87 8.85 8.81 8.87 7.62 7.18 7.63 7.57
9.90 9.13 10.10 8.98 9.26 9.12 9.08 7.99 7.84 8.64 7.70 9.18 7.79 9.78 6.30 9.51 11.83 12.23 13.69 14.32 11.37 13.46 15.51 10.03 11.93 10.47 6.12 11.66 11.30 7.62 8.10 6.28 7.87 7.59 10.82 9.83 7.16 6.22 5.30 4.96 6.23 9.51 8.32 10.18 8.64 8.28 8.93 7.68 8.72 7.16 7.34 6.90 6.67 6.55 6.84 6.93 7.10 6.86 6.76 6.41 6.60 7.75 8.66 8.09 7.37 7.92 7.32 8.33 7.65 7.68 7.99 8.26 8.50 8.52 8.05 7.07 7.49 7.46
10.69 9.32 8.75 10.10 11.14 12.84 11.38 9.59 8.46 7.41 7.70 10.65 7.65 8.85 5.98 8.50 9.42 8.89 7.88 10.47 9.49 12.14 12.40 14.42 11.97 12.72 11.47 15.77 9.32 7.85 7.19 8.10 7.39 10.07 9.77 10.09 6.55 5.80 4.97 8.69 9.52 9.41 10.01 8.18 8.68 8.85 8.43 7.00 6.88 6.93 6.66 6.49 6.55 6.53 7.20 7.35 7.65 7.03 6.34 6.34 7.18 9.06 7.48 7.96 7.95 7.35 7.14 7.29 7.04 7.27 7.86 7.57 8.11 8.11 7.76 7.57 7.58 7.08
11.31 9.87 9.17 9.30 11.12 11.46 12.11 10.94 9.78 8.73 7.95 8.36 10.82 7.00 11.28 10.56 10.79 12.06 10.29 7.88 8.13 10.31 9.45 11.56 11.20 9.40 13.92 13.68 7.62 8.35 6.00 6.77 8.74 9.70 9.28 8.35 6.23 5.43 7.04 6.59 8.79 8.78 8.17 8.49 8.14 7.61 7.22 6.18 5.86 5.93 6.03 7.74 6.56 7.43 6.86 6.79 6.28 6.11 6.37 7.40 8.70 8.37 8.03 8.10 7.71 7.18 7.21 7.61 8.01 6.68 7.64 8.50 7.83 7.54 7.81 6.90 7.19 8.08
11.38 10.62 11.04 12.04 13.42 -9999 -9999 -9999 -9999 10.53 9.76 10.37 7.82 6.67 8.33 8.79 8.56 7.89 4.34 13.74 14.41 9.38 8.23 8.72 10.60 11.54 13.29 9.87 7.83 6.53 5.58 10.00 8.92 10.79 7.70 7.05 6.16 5.81 8.09 6.67 8.63 8.53 7.65 7.70 7.34 6.83 6.14 5.69 5.56 5.72 5.96 7.41 6.82 7.31 7.36 6.74 6.43 6.32 7.96 7.91 8.33 8.51 8.56 7.03 6.81 6.51 7.53 7.90 7.57 6.36 7.26 8.07 7.90 7.45 8.11 7.59 7.43 7.89
