ML/MeanWindSpeed_1994-11_Actual.txt
ncols         180
nrows         290
xllcorner     -200000
yllcorner     -200000
cellsize      5000
NODATA_value  -9999
[rows 210 to 244 of 290, columns 78 to 155 of 180]
14.50 14.81 12.66 14.88 14.16 -9999 -9999 -9999 -9999 -9999 -9999 -9999 7.04 7.20 8.37 6.84 7.55 8.67 11.49 13.93 16.92 15.64 12.68 10.08 9.66 7.85 11.01 11.13 6.78 5.60 10.67 10.22 11.26 6.97 6.38 6.83 6.67 8.19 8.84 7.89 7.84 7.36 6.89 6.56 6.17 5.71 5.53 5.30 6.15 5.53 5.71 5.88 6.01 6.23 6.09 7.01 8.47 8.04 6.66 8.14 7.91 7.27 6.98 5.97 5.63 6.52 7.05 6.42 5.55 5.30 6.72 5.31 5.75 7.02 6.10 5.99 5.74 4.43
-9999 14.66 -9999 -9999 -9999 -9999 -9999 -9999 -9999 -9999 12.94 10.87 10.20 11.77 10.61 9.02 8.00 8.68 9.19 11.99 13.63 13.03 7.86 7.27 12.10 10.02 9.22 6.71 5.84 5.71 9.17 8.87 8.54 6.89 6.89 7.24 5.79 9.70 9.69 7.72 7.62 7.08 7.01 6.84 6.40 6.90 6.14 6.26 5.48 5.50 5.64 5.95 6.00 6.56 5.92 7.75 9.63 7.51 7.81 5.31 7.05 6.56 5.98 7.01 6.55 6.61 7.15 6.10 5.18 5.24 5.07 5.84 6.60 5.65 6.24 5.84 4.64 3.97
-9999 -9999 -9999 -9999 -9999 -9999 -9999 -9999 -9999 -9999 14.60 13.75 11.01 12.56 13.05 -9999 -9999 8.48 12.10 5.97 8.11 7.78 8.12 9.23 11.07 7.12 5.98 6.74 6.93 7.94 8.33 8.26 7.74 7.45 8.39 6.63 7.12 9.48 7.67 7.09 6.71 6.98 7.79 7.61 6.90 6.89 6.11 6.11 6.80 7.41 6.93 7.63 6.20 5.87 6.91 9.75 7.07 6.98 6.31 4.43 6.47 6.06 5.90 6.06 6.03 5.67 5.47 7.24 5.66 5.33 5.12 5.12 5.23 4.85 4.36 6.12 5.08 5.43
-9999 -9999 -9999 -9999 -9999 -9999 -9999 -9999 -9999 -9999 -9999 -9999 -9999 -9999 -9999 -9999 -9999 10.14 8.48 8.19 6.75 5.57 5.70 6.41 7.67 7.13 7.25 8.25 9.39 10.09 9.71 -9999 8.14 7.54 7.05 6.49 7.26 9.14 7.65 7.66 6.96 6.20 6.34 7.66 6.82 7.00 8.43 8.50 8.09 9.07 10.03 8.12 7.60 7.27 7.20 8.39 6.51 6.40 6.24 5.35 5.18 5.15 5.87 6.34 5.71 5.18 5.36 5.48 5.38 5.22 5.04 4.99 4.95 5.10 5.16 5.56 5.39 5.64
-9999 -9999 -9999 -9999 -9999 -9999 -9999 -9999 -9999 -9999 -9999 -9999 -9999 -9999 -9999 -9999 -9999 -9999 9.89 8.22 6.84 6.90 7.62 6.01 6.04 6.98 8.85 -9999 -9999 -9999 -9999 9.43 8.04 7.39 6.50 6.33 7.23 9.12 7.78 8.05 7.20 6.04 7.33 7.09 8.96 8.28 10.55 8.54 8.62 8.07 8.46 8.12 7.17 8.15 5.70 6.17 6.66 5.06 5.38 4.95 4.69 4.62 4.48 4.58 4.91 4.45 4.50 4.51 4.81 4.77 6.36 6.66 5.12 5.09 5.33 5.52 5.77 6.74
-9999 -9999 -9999 -9999 -9999 -9999 -9999 -9999 -9999 -9999 -9999 -9999 -9999 -9999 -9999 -9999 -9999 -9999 -9999 9.96 11.21 9.59 7.99 8.06 8.18 9.51 -9999 -9999 -9999 -9999 10.21 9.86 9.52 5.67 5.46 5.80 8.68 9.34 8.60 7.69 6.37 6.58 6.54 8.55 10.37 9.03 9.04 8.04 8.17 7.81 6.40 6.94 6.88 6.32 6.11 5.91 5.77 5.17 5.27 5.91 6.09 6.05 4.52 4.53 4.62 4.38 5.20 5.09 5.58 5.03 5.96 5.78 5.58 6.79 5.61 6.38 6.51 7.36
-9999 -9999 -9999 -9999 -9999 -9999 -9999 -9999 -9999 -9999 -9999 -9999 -9999 -9999 -9999 -9999 -9999 -9999 -9999 -9999 11.23 11.28 9.84 9.64 9.32 11.69 -9999 -9999 -9999 9.37 7.18 6.52 8.68 8.01 7.11 5.66 7.36 6.24 8.39 7.52 5.72 7.51 8.89 8.83 8.22 9.23 8.11 7.55 7.18 6.38 6.12 5.90 6.09 6.68 6.17 5.43 5.44 5.54 5.50 6.37 5.89 5.87 5.33 4.61 4.73 4.49 4.70 4.76 5.34 5.41 5.62 5.36 6.45 6.83 7.11 6.65 5.25 7.44
-9999 -9999 -9999 -9999 -9999 -9999 -9999 -9999 -9999 -9999 -9999 -9999 -9999 -9999 -9999 -9999 -9999 -9999 -9999 -9999 -9999 -9999 -9999 -9999 -9999 -9999 -9999 -9999 12.11 7.81 5.81 5.66 8.33 6.28 7.15 8.00 7.58 7.34 7.62 5.92 5.80 6.34 7.65 7.47 7.84 8.04 8.37 8.01 7.63 9.40 7.21 7.25 6.39 6.94 6.83 5.74 5.72 5.21 5.68 6.44 5.55 4.87 4.85 4.94 4.82 5.44 5.06 5.79 5.40 6.75 7.27 6.66 5.18 8.15 8.95 7.09 5.39 8.76
-9999 -9999 -9999 -9999 -9999 -9999 -9999 -9999 -9999 -9999 -9999 -9999 -9999 -9999 -9999 -9999 -9999 -9999 -9999 -9999 -9999 -9999 -9999 -9999 -9999 -9999 -9999 -9999 9.14 8.05 6.33 12.62 10.37 6.27 7.30 8.07 8.23 8.47 6.40 6.04 6.07 5.92 7.28 7.02 6.96 9.33 9.13 10.43 8.45 8.64 10.11 7.88 7.09 6.84 6.10 5.83 5.48 5.28 5.67 5.44 5.61 5.00 4.63 4.77 4.73 5.21 7.45 6.68 7.58 7.92 8.98 6.98 5.27 6.52 6.74 5.24 4.64 5.59
-9999 -9999 -9999 -9999 -9999 -9999 -9999 -9999 -9999 -9999 -9999 -9999 -9999 -9999 -9999 -9999 -9999 -9999 -9999 -9999 -9999 -9999 -9999 -9999 -9999 -9999 -9999 -9999 8.49 5.79 4.57 7.24 11.69 10.33 9.33 7.99 9.39 7.14 6.84 6.26 8.47 8.49 9.09 8.44 7.71 8.14 7.86 8.13 8.52 8.46 7.41 7.30 7.23 7.11 6.31 5.93 5.81 5.65 6.10 5.63 5.37 4.74 4.81 5.93 7.05 6.05 7.12 6.52 6.30 6.34 7.32 9.39 8.72 5.71 5.41 6.10 6.41 6.06
-9999 -9999 -9999 -9999 -9999 -9999 -9999 -9999 -9999 -9999 -9999 13.15 13.67 10.93 17.17 16.11 15.63 15.25 17.37 7.44 14.79 9.25 -9999 -9999 -9999 -9999 -9999 -9999 7.56 5.92 5.39 4.05 5.61 8.62 10.62 9.77 8.18 7.27 7.37 8.29 9.72 8.54 7.31 7.13 6.50 7.37 7.56 6.89 6.25 6.05 6.74 6.11 7.05 7.73 8.76 7.31 6.44 6.85 6.64 5.76 6.52 5.24 4.77 6.35 7.45 5.76 5.01 5.37 5.30 4.99 4.69 5.04 4.89 4.19 4.09 4.17 4.31 4.09
-9999 -9999 -9999 -9999 -9999 -9999 -9999 -9999 -9999 -9999 -9999 15.80 14.72 14.49 11.54 14.12 15.99 14.30 14.44 14.48 10.41 8.72 7.40 9.01 12.38 9.92 8.79 7.24 6.54 5.63 5.08 4.42 3.74 4.67 8.34 8.71 7.73 6.77 10.58 8.47 6.94 7.49 7.88 6.53 6.12 7.51 7.21 7.30 6.78 6.73 5.42 5.78 6.64 6.93 7.05 7.98 8.19 6.06 5.60 5.16 4.79 5.88 4.71 9.44 7.04 6.44 5.67 5.12 5.31 5.01 6.11 6.13 4.35 6.27 5.56 6.25 4.49 4.60
-9999 -9999 -9999 -9999 -9999 -9999 -9999 -9999 -9999 -9999 13.33 11.55 10.56 9.56 8.12 10.96 13.93 12.57 10.95 11.17 11.15 9.54 7.95 7.49 8.87 10.52 7.06 6.29 5.50 5.61 6.75 4.95 4.69 6.41 6.64 6.66 7.25 10.44 8.00 9.59 8.54 7.39 6.15 6.76 6.56 7.66 7.72 7.08 7.65 6.20 6.58 6.29 6.27 6.25 7.95 8.85 6.14 5.22 5.46 8.29 6.01 5.18 5.31 5.09 5.58 6.06 5.76 5.59 6.27 7.46 6.29 5.00 4.88 6.95 6.14 5.90 6.24 5.83
-9999 -9999 -9999 -9999 -9999 -9999 -9999 -9999 -9999 -9999 -9999 9.94 7.97 6.90 8.96 8.29 8.57 11.61 9.54 7.33 6.20 9.55 12.25 9.60 6.57 6.92 9.59 7.10 4.92 4.98 4.94 5.88 6.09 5.10 5.27 6.00 7.08 8.66 7.01 9.11 7.71 7.49 7.12 7.44 6.74 7.77 7.99 7.75 6.00 5.97 6.79 5.62 5.03 4.94 6.28 7.73 7.44 5.36 5.77 7.05 6.62 5.50 4.38 4.25 4.08 4.74 7.12 6.82 6.43 7.13 8.32 7.19 6.42 7.11 6.99 5.74 6.74 5.26
-9999 -9999 -9999 -9999 -9999 -9999 -9999 14.52 -9999 -9999 11.99 9.75 10.33 6.24 8.39 6.27 5.60 5.45 5.86 7.16 5.35 7.90 9.89 7.00 5.39 3.88 4.52 4.78 4.34 4.52 5.04 6.20 5.16 5.02 5.76 8.07 6.29 7.49 6.16 7.47 6.99 8.15 9.04 7.98 6.64 6.11 6.18 5.91 5.61 7.43 6.18 5.21 7.61 5.66 5.60 7.85 9.29 4.99 5.39 5.62 5.32 4.74 4.34 4.28 4.96 5.82 6.37 5.28 4.77 4.80 5.60 5.76 5.74 6.47 5.51 5.42 5.25 4.47
-9999 -9999 -9999 -9999 -9999 -9999 13.40 15.05 14.79 13.99 10.34 8.91 10.90 7.62 5.92 6.58 5.50 6.83 7.05 8.14 6.19 5.63 6.30 5.11 4.01 3.32 3.84 5.00 5.45 4.46 4.52 4.86 4.71 4.97 7.12 7.23 6.02 7.04 7.64 9.33 8.19 8.19 9.77 7.92 7.54 5.87 6.57 6.10 6.53 5.62 5.32 4.67 6.27 6.36 5.11 6.21 5.61 4.85 4.56 4.08 5.17 5.24 4.97 4.52 4.19 4.18 4.05 4.53 4.85 4.55 3.68 4.50 5.14 6.22 6.66 6.07 4.52 5.66
-9999 -9999 -9999 -9999 -9999 -9999 12.54 12.61 11.31 11.69 10.13 8.85 7.07 9.45 9.28 7.81 9.31 8.73 7.72 9.26 7.77 7.34 6.91 4.19 6.03 8.52 7.33 5.92 4.98 4.26 5.11 5.83 6.43 5.82 7.34 6.41 7.28 6.43 5.70 7.60 9.26 7.69 7.67 7.40 6.71 6.62 7.31 6.19 5.37 6.16 6.32 4.64 5.21 5.38 5.18 6.14 6.67 6.85 8.78 5.11 5.16 4.33 4.06 4.34 4.55 4.06 3.84 4.28 5.16 4.69 4.12 3.81 4.92 5.13 5.33 5.58 5.90 4.40
-9999 -9999 -9999 -9999 -9999 -9999 12.72 10.83 10.14 10.60 9.63 9.49 7.57 8.12 8.34 6.67 8.27 8.32 8.73 9.03 8.49 5.09 3.44 3.22 6.78 6.96 7.42 8.24 5.51 5.27 5.71 5.10 6.57 5.80 6.99 6.40 6.66 6.51 5.69 7.65 6.96 7.12 6.97 6.79 6.76 6.84 7.45 7.29 5.68 5.25 5.48 6.53 4.80 5.10 4.74 5.22 5.47 5.88 7.11 6.30 7.26 8.40 3.86 8.39 6.40 4.20 4.64 8.83 8.60 7.95 3.98 3.89 4.12 3.91 4.65 4.34 6.07 7.36
-9999 -9999 -9999 -9999 -9999 -9999 10.30 9.58 9.33 9.04 8.24 8.19 7.53 6.75 8.18 7.39 7.37 8.27 7.18 7.38 7.22 7.07 3.34 4.22 7.10 5.94 7.45 7.74 6.06 6.51 7.17 5.73 6.34 6.72 6.63 6.61 6.77 7.53 8.68 5.96 6.98 6.89 6.88 6.73 6.76 6.96 7.34 6.28 6.28 5.74 6.07 6.50 7.12 6.10 7.13 6.29 5.57 5.32 5.00 4.58 4.61 5.23 4.66 7.04 6.84 7.90 7.42 8.12 8.65 9.34 4.70 4.72 4.37 4.44 4.82 5.99 7.63 8.01
-9999 -9999 -9999 -9999 -9999 -9999 8.90 8.59 8.66 9.19 9.72 8.59 8.11 7.37 7.88 9.43 8.46 7.75 6.88 7.70 7.47 7.20 6.41 4.11 3.99 3.41 6.57 5.43 3.57 7.70 7.67 6.32 10.00 8.38 9.07 9.89 8.94 8.18 8.79 7.08 6.08 6.81 6.74 6.15 6.52 6.59 7.07 6.08 6.43 7.27 7.84 7.42 7.32 7.49 7.39 7.54 7.37 6.74 5.74 5.31 5.72 6.47 6.95 7.45 7.71 8.13 -9999 -9999 7.57 8.25 7.87 7.09 5.77 9.49 6.83 -9999 -9999 -9999
-9999 -9999 -9999 -9999 -9999 12.62 9.61 9.14 8.04 9.39 9.75 11.13 9.44 10.42 9.58 9.93 8.85 7.99 7.48 7.68 7.48 7.20 7.39 6.40 5.44 5.71 5.70 3.74 7.53 8.73 5.82 5.38 6.88 7.08 8.77 8.69 7.23 6.80 6.50 6.41 7.59 7.30 7.43 6.94 6.97 7.43 8.33 7.97 7.45 7.40 7.53 7.76 -9999 -9999 8.74 9.67 9.76 9.04 8.38 7.82 8.03 -9999 -9999 -9999 -9999 -9999 -9999 -9999 -9999 -9999 -9999 8.02 8.61 10.86 8.94 -9999 -9999 -9999
-9999 -9999 -9999 -9999 14.25 11.96 9.40 9.83 8.12 8.10 8.35 9.07 8.97 13.34 13.95 11.69 10.46 10.19 10.50 8.95 8.03 7.52 8.29 7.86 9.96 10.12 9.14 8.40 10.57 7.14 7.49 7.60 8.60 9.64 7.42 5.85 6.71 5.68 6.05 6.04 6.60 6.72 8.64 9.96 9.96 9.45 9.32 9.67 8.55 -9999 6.86 7.83 7.54 8.11 8.95 -9999 -9999 -9999 -9999 9.96 -9999 -9999 -9999 -9999 -9999 -9999 -9999 -9999 -9999 -9999 -9999 -9999 -9999 -9999 -9999 -9999 -9999 -9999
-9999 -9999 -9999 15.31 14.05 13.20 11.05 8.53 7.90 7.56 6.68 7.27 9.77 16.52 17.99 11.35 10.16 13.55 9.33 11.64 8.56 7.82 11.59 9.65 8.60 8.34 8.65 -9999 -9999 -9999 -9999 -9999 8.77 10.51 9.83 7.48 7.17 6.61 5.91 6.14 6.28 7.31 8.98 -9999 -9999 -9999 -9999 -9999 10.30 10.26 8.61 7.23 7.07 9.57 9.26 -9999 -9999 -9999 -9999 -9999 -9999 -9999 -9999 -9999 -9999 -9999 -9999 -9999 -9999 -9999 -9999 -9999 -9999 -9999 -9999 -9999 -9999 -9999
-9999 -9999 9.10 10.67 12.81 12.79 10.81 10.07 9.09 6.65 7.94 8.77 12.25 15.52 17.17 15.01 13.14 10.58 11.94 9.51 10.03 9.16 11.65 11.07 -9999 -9999 -9999 -9999 -9999 -9999 -9999 -9999 -9999 8.88 9.45 7.95 9.61 10.75 11.21 8.32 11.11 10.95 11.87 -9999 -9999 -9999 -9999 -9999 -9999 -9999 8.47 8.84 6.89 8.04 -9999 -9999 -9999 -9999 -9999 -9999 -9999 -9999 -9999 -9999 -9999 -9999 -9999 -9999 -9999 -9999 -9999 -9999 -9999 -9999 -9999 -9999 -9999 -9999
11.25 11.23 8.67 9.18 10.97 12.86 13.06 10.69 8.06 8.02 9.27 9.78 11.26 14.74 12.86 12.97 12.01 13.25 6.13 9.60 14.11 10.78 -9999 -9999 -9999 -9999 -9999 -9999 -9999 -9999 -9999 -9999 -9999 -9999 -9999 10.23 -9999 -9999 -9999 -9999 9.53 12.86 13.55 -9999 -9999 -9999 -9999 -9999 -9999 -9999 -9999 8.66 11.23 9.20 -9999 -9999 -9999 -9999 -9999 -9999 -9999 -9999 -9999 -9999 -9999 -9999 -9999 -9999 -9999 -9999 -9999 -9999 -9999 -9999 -9999 -9999 -9999 -9999
10.46 9.48 7.17 8.58 10.78 11.36 12.35 10.84 9.52 10.94 7.27 6.43 8.90 12.71 12.81 10.32 8.18 10.54 7.33 6.98 9.06 -9999 -9999 -9999 -9999 -9999 -9999 -9999 -9999 -9999 -9999 -9999 -9999 -9999 -9999 11.90 -9999 -9999 -9999 -9999 -9999 -9999 -9999 -9999 -9999 -9999 -9999 -9999 -9999 -9999 -9999 -9999 -9999 -9999 -9999 -9999 -9999 -9999 -9999 -9999 -9999 -9999 -9999 -9999 -9999 -9999 -9999 -9999 -9999 -9999 -9999 -9999 -9999 -9999 -9999 -9999 -9999 -9999
12.07 10.11 7.21 8.62 9.04 9.06 10.03 9.54 9.53 11.25 6.55 6.34 8.09 10.66 16.01 16.35 7.18 7.94 7.79 8.70 11.98 -9999 -9999 -9999 -9999 -9999 -9999 -9999 -9999 -9999 -9999 -9999 -9999 -9999 -9999 -9999 -9999 -9999 -9999 -9999 -9999 -9999 -9999 -9999 -9999 -9999 -9999 -9999 -9999 -9999 -9999 -9999 -9999 -9999 -9999 -9999 -9999 -9999 -9999 -9999 -9999 -9999 -9999 -9999 -9999 -9999 -9999 -9999 -9999 -9999 -9999 -9999 -9999 -9999 -9999 -9999 -9999 -9999
9.96 11.77 9.88 9.55 8.67 9.59 8.50 8.24 8.51 7.23 7.85 7.20 7.05 10.55 13.06 12.51 9.91 6.97 7.39 11.59 10.24 -9999 -9999 -9999 -9999 -9999 -9999 -9999 -9999 -9999 -9999 -9999 -9999 -9999 -9999 -9999 -9999 -9999 -9999 -9999 -9999 -9999 -9999 -9999 -9999 -9999 -9999 -9999 -9999 -9999 -9999 -9999 -9999 -9999 -9999 -9999 -9999 -9999 -9999 -9999 -9999 -9999 -9999 -9999 -9999 -9999 -9999 -9999 -9999 -9999 -9999 -9999 -9999 -9999 -9999 -9999 -9999 -9999
10.25 12.79 11.39 10.87 8.60 9.33 8.59 11.88 11.03 9.02 8.70 9.68 7.52 7.90 8.86 8.71 8.06 7.93 8.82 9.98 10.51 -9999 -9999 -9999 -9999 -9999 -9999 -9999 -9999 -9999 -9999 -9999 -9999 -9999 -9999 -9999 -9999 -9999 -9999 -9999 -9999 -9999 -9999 -9999 -9999 -9999 -9999 -9999 -9999 -9999 -9999 -9999 -9999 -9999 -9999 -9999 -9999 -9999 -9999 -9999 -9999 -9999 -9999 -9999 -9999 -9999 -9999 -9999 -9999 -9999 -9999 -9999 -9999 -9999 -9999 -9999 -9999 -9999
8.96 9.61 9.92 8.96 10.55 12.83 12.42 10.47 10.99 11.25 11.40 9.79 10.35 8.85 7.06 7.28 9.07 10.42 10.73 9.82 11.46 -9999 -9999 -9999 -9999 -9999 -9999 -9999 -9999 -9999 -9999 -9999 -9999 -9999 -9999 -9999 -9999 -9999 -9999 -9999 -9999 -9999 -9999 -9999 -9999 -9999 -9999 -9999 -9999 -9999 -9999 -9999 -9999 -9999 -9999 -9999 -9999 -9999 -9999 -9999 -9999 -9999 -9999 -9999 -9999 -9999 -9999 -9999 -9999 -9999 -9999 -9999 -9999 -9999 -9999 -9999 -9999 -9999
8.38 9.91 10.64 -9999 -9999 -9999 -9999 -9999 -9999 -9999 -9999 -9999 11.85 12.58 10.34 9.05 8.11 9.60 10.57 10.19 -9999 -9999 -9999 -9999 -9999 -9999 -9999 -9999 -9999 -9999 -9999 -9999 -9999 -9999 -9999 -9999 -9999 -9999 -9999 -9999 -9999 -9999 -9999 -9999 -9999 -9999 -9999 -9999 -9999 -9999 -9999 -9999 -9999 -9999 -9999 -9999 -9999 -9999 -9999 -9999 -9999 -9999 -9999 -9999 -9999 -9999 -9999 -9999 -9999 -9999 -9999 -9999 -9999 -9999 -9999 -9999 -9999 -9999
11.00 10.93 12.11 -9999 -9999 -9999 -9999 -9999 -9999 -9999 -9999 -9999 -9999 -9999 -9999 10.14 8.88 9.02 9.71 -9999 -9999 -9999 -9999 -9999 -9999 -9999 -9999 -9999 -9999 -9999 -9999 -9999 -9999 -9999 -9999 -9999 -9999 -9999 -9999 -9999 -9999 -9999 -9999 -9999 -9999 -9999 -9999 -9999 -9999 -9999 -9999 -9999 -9999 -9999 -9999 -9999 -9999 -9999 -9999 -9999 -9999 -9999 -9999 -9999 -9999 -9999 -9999 -9999 -9999 -9999 -9999 -9999 -9999 -9999 -9999 -9999 -9999 -9999
11.50 -9999 -9999 -9999 -9999 -9999 -9999 -9999 -9999 -9999 -9999 -9999 -9999 -9999 -9999 11.82 13.31 13.92 13.05 -9999 -9999 -9999 -9999 -9999 -9999 -9999 -9999 -9999 -9999 -9999 -9999 -9999 -9999 -9999 -9999 -9999 -9999 -9999 -9999 -9999 -9999 -9999 -9999 -9999 -9999 -9999 -9999 -9999 -9999 -9999 -9999 -9999 -9999 -9999 -9999 -9999 -9999 -9999 -9999 -9999 -9999 -9999 -9999 -9999 -9999 -9999 -9999 -9999 -9999 -9999 -9999 -9999 -9999 -9999 -9999 -9999 -9999 -9999
-9999 -9999 -9999 -9999 -9999 -9999 -9999 -9999 -9999 -9999 -9999 -9999 -9999 -9999 -9999 -9999 -9999 -9999 -9999 -9999 -9999 -9999 -9999 -9999 -9999 -9999 -9999 -9999 -9999 -9999 -9999 -9999 -9999 -9999 -9999 -9999 -9999 -9999 -9999 -9999 -9999 -9999 -9999 -9999 -9999 -9999 -9999 -9999 -9999 -9999 -9999 -9999 -9999 -9999 -9999 -9999 -9999 -9999 -9999 -9999 -9999 -9999 -9999 -9999 -9999 -9999 -9999 -9999 -9999 -9999 -9999 -9999 -9999 -9999 -9999 -9999 -9999 -9999
-9999 -9999 -9999 -9999 -9999 -9999 -9999 -9999 -9999 -9999 -9999 -9999 -9999 -9999 -9999 -9999 -9999 -9999 -9999 -9999 -9999 -9999 -9999 -9999 -9999 -9999 -9999 -9999 -9999 -9999 -9999 -9999 -9999 -9999 -9999 -9999 -9999 -9999 -9999 -9999 -9999 -9999 -9999 -9999 -9999 -9999 -9999 -9999 -9999 -9999 -9999 -9999 -9999 -9999 -9999 -9999 -9999 -9999 -9999 -9999 -9999 -9999 -9999 -9999 -9999 -9999 -9999 -9999 -9999 -9999 -9999 -9999 -9999 -9999 -9999 -9999 -9999 -9999
