ML/MeanWindSpeed_1995-07_Actual.txt
ncols         180
nrows         290
xllcorner     -200000
yllcorner     -200000
cellsize      5000
NODATA_value  -9999
[rows 175 to 209 of 290, columns 79 to 157 of 180]
-9999 -9999 -9999 -9999 -9999 -9999 -9999 10.45 9.78 9.03 8.54 8.22 6.53 6.15 10.68 13.88 6.92 8.54 8.62 8.29 7.01 4.85 4.60 6.70 9.15 8.32 7.10 7.24 7.68 7.18 7.34 8.17 7.67 7.25 6.86 6.82 6.69 6.22 5.78 5.66 8.80 9.71 8.49 8.77 7.55 7.10 8.25 8.49 7.15 6.96 7.83 7.45 7.19 7.59 7.50 8.22 7.94 7.98 7.92 7.92 8.73 8.09 7.83 7.71 7.41 7.61 7.97 8.07 8.33 8.57 7.87 8.89 10.13 -9999 -9999 -9999 -9999 -9999 -9999
-9999 -9999 -9999 -9999 -9999 -9999 -9999 -9999 10.99 9.21 7.91 6.33 4.89 6.76 15.70 11.06 5.51 8.72 6.38 8.49 8.47 5.83 4.04 8.14 8.14 9.25 8.40 7.24 7.16 7.02 6.66 7.46 7.79 7.51 7.20 6.87 6.84 6.40 5.88 6.62 7.40 9.87 8.81 9.40 8.67 6.22 7.80 8.97 7.15 7.20 7.72 7.34 7.30 7.42 7.53 8.26 7.85 7.82 7.88 7.61 8.14 8.12 7.85 7.74 7.57 7.56 7.91 8.65 8.14 7.81 7.85 8.71 10.00 -9999 -9999 -9999 -9999 -9999 -9999
-9999 -9999 -9999 -9999 -9999 -9999 -9999 -9999 -9999 9.13 7.05 6.22 6.61 12.84 14.98 10.69 7.73 7.18 7.53 8.56 9.10 8.64 5.67 5.51 9.65 9.05 8.65 7.91 7.14 6.92 7.03 7.26 7.55 7.32 7.05 7.12 6.98 6.73 6.66 6.83 7.96 8.76 7.65 7.99 8.88 7.70 6.35 8.77 7.17 7.12 7.52 7.14 7.19 7.23 7.73 8.21 7.89 7.85 7.76 7.48 8.48 8.20 7.97 7.90 7.83 7.97 7.92 7.98 7.84 7.77 7.99 9.05 10.20 -9999 -9999 -9999 -9999 -9999 -9999
-9999 -9999 -9999 -9999 -9999 -9999 -9999 -9999 -9999 8.53 6.99 7.56 8.59 10.25 12.80 8.29 6.12 7.05 8.36 8.56 9.42 8.65 6.36 5.06 9.59 10.26 9.01 8.31 7.07 6.73 7.06 7.73 7.57 7.42 7.32 6.99 6.77 7.03 8.04 7.64 6.49 9.15 7.69 7.91 8.98 9.00 7.69 7.13 6.75 6.09 6.96 7.46 7.03 7.13 7.22 7.72 7.73 8.02 7.80 7.71 8.15 8.52 8.29 8.27 8.13 8.10 7.98 7.82 7.83 8.13 8.77 9.76 -9999 -9999 -9999 -9999 -9999 -9999 -9999
-9999 -9999 -9999 -9999 -9999 -9999 -9999 -9999 -9999 7.62 6.97 7.47 7.10 9.89 9.39 7.54 8.12 6.71 7.24 8.85 8.34 9.81 8.03 5.76 8.80 10.17 10.01 8.12 7.31 6.59 7.23 8.05 7.96 7.53 7.27 7.06 7.24 8.00 8.09 6.98 6.68 8.27 8.09 7.78 7.75 7.53 7.59 7.89 6.01 6.51 6.69 6.59 6.94 6.89 7.59 7.34 7.70 7.94 7.84 8.08 9.32 8.83 8.48 8.33 8.28 8.19 8.08 7.99 8.11 8.84 9.77 -9999 -9999 -9999 -9999 -9999 -9999 -9999 -9999
-9999 -9999 -9999 -9999 -9999 -9999 -9999 -9999 8.63 12.14 7.98 8.31 8.60 6.03 11.80 10.51 9.85 8.75 9.86 8.16 8.79 7.95 7.11 7.86 10.34 10.06 9.77 7.98 7.17 6.61 7.53 7.78 7.62 7.47 7.15 7.26 8.15 7.75 7.32 7.88 8.21 6.88 9.28 8.61 6.99 7.40 7.08 6.63 6.53 6.10 6.08 6.21 6.92 6.84 6.79 7.86 7.69 7.87 8.01 8.43 9.44 8.88 8.52 8.43 8.26 8.22 8.07 8.05 8.70 9.61 -9999 -9999 -9999 -9999 -9999 -9999 -9999 10.29 -9999
-9999 -9999 -9999 -9999 -9999 -9999 9.74 9.16 11.04 9.68 8.27 8.38 8.61 6.12 6.65 7.72 10.11 9.79 10.35 9.80 9.87 6.55 8.31 8.45 7.26 7.99 7.74 8.01 7.36 6.87 7.38 7.61 7.61 7.22 7.37 8.24 7.91 7.93 7.31 8.19 8.51 8.15 7.38 6.78 7.61 7.32 6.96 6.87 6.79 6.63 5.92 6.48 6.53 6.34 6.77 7.31 7.76 8.05 8.04 8.50 9.36 8.86 8.46 8.39 8.19 8.12 8.03 8.32 9.13 -9999 -9999 -9999 -9999 -9999 10.12 9.83 9.49 9.04 9.05
-9999 -9999 -9999 -9999 -9999 10.10 9.82 9.70 9.72 9.48 9.31 8.20 6.76 6.13 6.57 7.30 9.20 13.37 8.74 7.68 7.09 5.30 9.20 10.12 10.07 8.48 7.72 7.90 7.67 7.33 7.42 7.74 7.43 7.18 7.37 8.06 8.37 7.42 7.29 8.24 8.30 7.93 7.46 7.46 7.54 6.83 7.07 6.48 6.48 6.82 6.46 6.17 6.01 6.43 7.21 7.39 7.81 8.08 8.19 8.48 9.45 9.06 8.52 8.24 8.08 8.04 8.03 8.33 9.00 -9999 -9999 -9999 -9999 -9999 9.14 8.59 8.35 8.03 7.94
-9999 -9999 -9999 -9999 10.34 10.76 10.35 10.22 -9999 -9999 -9999 -9999 6.90 10.42 8.65 8.09 9.89 8.92 7.43 8.80 8.03 7.34 12.80 11.36 10.05 10.57 8.69 7.44 7.68 7.64 7.27 7.29 7.14 6.85 7.33 7.41 8.38 7.60 7.41 7.61 7.89 7.93 7.73 7.13 7.09 6.94 6.90 6.75 6.57 6.33 6.19 6.05 6.34 7.02 7.19 7.38 8.08 8.64 8.84 8.87 9.29 9.11 8.84 8.20 8.05 7.97 7.92 8.07 8.62 9.57 -9999 -9999 -9999 -9999 8.34 7.72 7.63 7.62 7.54
-9999 -9999 -9999 -9999 11.36 12.12 10.35 10.68 -9999 -9999 -9999 -9999 7.05 9.04 9.59 6.62 9.32 8.72 8.15 10.17 11.28 9.59 11.92 8.04 8.81 8.94 8.25 7.47 7.37 7.43 7.23 7.34 7.56 6.91 7.30 7.37 7.70 8.09 7.49 7.51 7.10 7.49 7.88 8.04 7.91 6.96 6.66 6.66 6.65 6.85 6.45 6.43 6.80 7.20 7.79 7.74 9.16 9.53 9.88 9.43 9.49 9.23 8.84 8.17 8.07 7.96 7.86 7.88 8.03 8.66 9.23 -9999 -9999 8.76 8.00 7.50 7.63 7.45 7.31
-9999 -9999 -9999 -9999 -9999 -9999 -9999 -9999 -9999 -9999 -9999 -9999 7.80 10.58 9.25 6.71 7.62 6.58 10.65 10.71 8.14 10.15 9.92 9.10 9.58 8.34 7.80 7.31 7.63 7.37 7.51 7.33 7.05 7.04 7.04 7.03 7.37 7.82 7.40 7.20 7.36 7.49 7.17 7.56 7.56 6.36 7.11 7.74 7.21 7.34 7.14 6.45 6.96 7.73 8.62 8.89 8.99 9.58 10.21 9.97 9.99 9.42 8.88 8.12 8.04 7.95 7.89 7.82 7.69 7.87 8.25 8.67 8.60 7.94 7.51 6.86 7.42 7.52 7.62
-9999 -9999 -9999 -9999 -9999 -9999 -9999 -9999 -9999 -9999 -9999 -9999 -9999 10.50 5.69 5.57 7.48 9.80 9.52 10.95 10.52 8.29 9.20 10.13 8.22 7.85 7.42 7.33 7.22 7.41 7.39 7.33 7.12 6.99 6.95 7.12 7.09 7.53 7.25 6.95 8.31 7.92 7.08 6.86 6.69 6.62 6.55 7.19 7.39 7.35 8.14 7.12 7.05 7.70 7.91 8.58 9.05 9.28 10.19 10.27 9.95 9.14 8.76 8.06 7.99 7.90 7.81 7.77 7.76 7.76 7.70 7.76 7.61 7.32 6.96 6.82 7.42 7.49 7.41
-9999 -9999 -9999 -9999 -9999 -9999 -9999 -9999 -9999 -9999 -9999 -9999 -9999 7.50 9.95 10.59 9.17 7.90 7.84 9.77 8.83 9.05 8.12 7.96 8.95 7.30 7.33 8.37 8.02 7.78 7.38 6.85 6.74 7.12 7.07 7.67 7.63 7.50 7.04 6.65 7.91 8.49 7.64 6.88 6.50 6.61 6.57 6.43 6.65 7.43 9.03 8.33 7.31 7.24 7.81 8.87 9.88 10.15 10.07 10.41 9.88 8.77 8.20 7.94 7.92 7.85 7.85 7.79 7.76 7.73 7.65 7.49 7.29 7.23 7.00 6.73 7.19 7.27 7.71
-9999 -9999 -9999 -9999 -9999 -9999 -9999 -9999 -9999 -9999 -9999 -9999 9.12 8.71 7.40 12.16 8.63 7.16 8.92 8.96 8.41 10.25 8.18 7.96 9.08 6.86 10.58 8.89 7.87 7.95 8.38 7.13 6.78 8.52 8.40 7.72 7.02 7.29 7.12 6.83 7.21 7.61 7.49 7.00 6.67 6.53 6.58 6.68 6.59 7.54 7.76 7.58 7.34 7.28 7.95 8.92 9.91 10.18 9.72 9.68 8.88 8.19 7.94 7.83 7.83 7.84 7.84 7.78 7.70 7.65 7.55 7.27 7.10 7.31 7.14 6.86 7.00 7.24 7.03
-9999 -9999 -9999 -9999 -9999 -9999 -9999 -9999 -9999 -9999 -9999 -9999 8.50 8.92 12.15 8.72 6.12 7.37 7.35 8.28 10.06 10.06 8.61 8.47 8.24 7.08 7.32 7.87 9.00 8.95 7.68 7.48 7.36 7.74 8.05 7.05 6.86 7.20 7.06 7.31 7.42 7.08 7.25 7.07 6.76 6.64 6.60 6.57 6.63 7.29 7.64 7.45 7.00 7.35 8.30 9.30 9.23 9.83 9.77 9.03 8.15 8.35 7.88 8.02 7.85 7.85 7.76 7.72 7.65 7.52 7.39 7.20 7.05 7.45 7.22 6.88 6.92 7.24 7.21
-9999 -9999 -9999 -9999 -9999 -9999 -9999 -9999 -9999 -9999 -9999 -9999 9.63 10.49 6.45 7.39 6.89 7.83 7.74 10.46 9.57 10.79 9.30 8.79 7.53 6.42 6.53 8.33 9.82 10.59 7.65 8.51 8.02 8.27 7.93 6.76 6.83 6.90 7.01 7.26 6.87 6.88 7.63 7.19 6.60 6.70 7.43 6.50 6.76 7.12 7.18 7.01 7.02 7.58 8.13 8.55 8.87 8.98 8.53 8.24 8.29 8.26 7.69 7.73 7.82 7.76 7.72 7.60 7.45 7.39 7.29 7.18 7.10 7.15 6.97 7.00 6.90 7.17 7.20
-9999 -9999 -9999 -9999 -9999 -9999 -9999 -9999 -9999 -9999 -9999 -9999 -9999 6.71 7.19 8.46 10.20 10.99 9.79 10.00 8.85 7.45 7.51 7.03 7.60 7.53 6.68 7.30 7.80 9.77 8.37 7.66 7.88 8.85 8.33 6.93 7.36 6.57 6.59 7.99 7.00 6.79 6.70 6.78 6.40 6.62 7.62 7.10 6.68 7.05 6.92 6.91 7.29 8.03 7.99 8.06 7.98 8.40 7.92 8.53 8.39 7.71 7.66 8.01 7.86 7.62 7.55 7.41 7.33 7.29 7.23 7.17 7.07 6.96 6.92 7.01 7.00 7.01 7.16
-9999 -9999 -9999 -9999 -9999 -9999 -9999 -9999 -9999 -9999 -9999 -9999 -9999 7.47 7.61 8.34 10.14 12.24 11.48 9.18 7.44 6.64 7.54 8.74 10.02 11.15 9.06 7.47 7.78 8.47 7.83 6.63 9.01 8.74 8.35 7.44 7.82 6.80 6.41 6.89 7.78 7.37 6.78 6.28 6.14 6.88 7.31 6.96 6.68 6.73 7.05 7.28 7.62 8.16 7.87 7.71 8.47 8.51 8.44 8.29 8.28 7.65 7.94 8.23 7.59 7.45 7.41 7.31 7.28 7.21 7.16 7.11 7.05 6.99 6.89 6.79 6.74 6.72 6.90
-9999 -9999 -9999 -9999 -9999 -9999 -9999 -9999 -9999 -9999 -9999 -9999 8.95 7.22 7.16 8.37 9.66 9.66 9.52 7.79 8.21 10.99 9.30 9.50 9.67 8.57 8.09 8.48 8.64 7.58 6.77 7.13 8.65 8.70 8.25 7.46 7.93 6.55 6.32 7.19 6.93 7.07 6.94 6.27 5.69 6.48 7.12 6.94 6.50 6.70 6.79 6.83 7.45 7.44 8.15 7.86 8.39 7.99 8.13 8.14 7.55 7.43 7.98 7.87 7.26 7.21 7.38 7.20 7.24 7.19 7.21 7.13 7.02 6.94 6.74 6.87 7.07 7.08 6.67
-9999 -9999 -9999 -9999 -9999 -9999 -9999 -9999 -9999 -9999 -9999 -9999 10.44 8.56 7.09 6.60 8.24 10.84 10.58 9.44 8.34 8.72 9.47 10.33 10.58 8.30 9.64 10.33 7.95 9.18 6.52 6.88 8.22 9.36 7.67 8.05 7.06 6.18 6.17 6.57 8.20 7.20 7.07 6.60 6.32 6.57 6.84 6.71 6.47 6.60 6.61 6.61 6.68 7.58 7.97 8.01 8.47 7.87 7.54 7.44 7.13 7.37 7.63 7.42 7.16 7.42 7.35 7.50 7.25 7.22 7.32 7.26 7.04 6.88 6.68 6.63 7.09 7.07 7.08
-9999 -9999 -9999 -9999 -9999 -9999 -9999 -9999 -9999 -9999 -9999 -9999 9.41 8.14 5.54 6.08 8.07 10.92 10.13 10.15 8.48 9.32 8.83 8.21 9.03 9.36 9.28 8.39 7.59 8.01 9.36 7.33 7.44 7.49 7.81 8.68 7.56 6.42 6.34 6.69 6.90 6.80 7.28 6.88 6.72 6.91 6.53 6.28 6.66 6.80 6.88 6.58 7.03 7.86 7.86 7.35 7.55 8.03 7.35 7.40 6.80 7.30 7.40 6.96 6.98 7.22 7.02 7.22 7.18 7.17 7.19 7.06 6.97 6.93 6.81 6.94 6.61 6.74 6.84
-9999 -9999 -9999 -9999 -9999 -9999 -9999 -9999 -9999 -9999 -9999 8.82 9.21 9.79 7.57 6.21 8.64 9.73 11.34 11.11 7.91 7.89 7.14 8.17 9.49 8.41 8.31 9.39 8.50 8.15 7.89 7.41 7.00 7.11 7.81 7.80 7.46 7.13 6.66 6.42 6.82 7.06 6.68 6.91 6.85 7.19 6.67 6.66 6.76 6.47 6.44 6.73 7.48 7.46 7.44 7.03 7.58 7.64 7.29 6.68 7.09 7.12 7.22 7.29 7.08 6.99 7.05 7.05 7.15 7.16 7.05 6.93 6.82 6.77 6.82 6.99 6.90 6.85 6.95
-9999 -9999 -9999 -9999 -9999 -9999 -9999 -9999 -9999 -9999 9.80 9.38 9.43 7.74 6.33 8.00 9.78 10.41 9.59 10.72 8.29 8.71 7.46 7.62 11.78 9.00 9.29 8.06 8.33 7.46 7.13 7.34 8.02 7.57 8.80 7.78 7.88 6.97 6.73 6.69 6.87 7.15 6.87 6.95 7.25 7.27 6.45 6.74 6.65 6.63 6.74 7.07 7.52 7.14 7.56 7.27 7.39 6.83 6.62 7.19 7.32 7.03 7.18 7.06 6.60 6.99 7.18 7.28 7.27 7.08 6.88 6.66 6.74 6.74 7.07 7.24 7.35 7.30 6.95
-9999 -9999 -9999 -9999 -9999 -9999 -9999 -9999 10.81 9.83 8.90 7.61 6.90 6.59 6.72 8.62 9.32 10.53 11.75 10.81 9.36 6.87 8.20 8.16 10.66 8.96 8.49 8.54 7.79 7.54 6.68 7.25 8.48 8.30 8.50 7.35 7.36 7.06 7.01 7.26 7.07 7.32 6.87 6.99 7.21 6.68 6.51 6.65 7.05 6.80 7.24 7.75 7.55 7.30 7.00 6.81 7.18 7.35 7.11 7.26 6.63 7.04 7.18 6.76 6.34 6.50 7.20 7.26 7.33 6.87 6.64 6.42 6.57 7.17 7.34 7.21 7.73 7.60 7.59
-9999 -9999 -9999 -9999 10.85 9.86 8.73 10.38 10.30 10.36 10.22 8.40 7.40 6.65 9.62 8.63 9.84 10.48 10.54 8.92 8.11 6.68 7.26 7.29 11.27 10.56 9.41 7.99 8.11 7.70 8.49 6.82 7.92 8.30 8.16 7.92 7.37 6.91 7.42 7.09 6.88 7.54 6.94 6.99 6.73 6.75 6.88 7.19 6.71 7.04 6.74 7.07 7.70 7.65 7.46 7.22 7.46 7.40 7.13 6.90 7.27 6.68 6.65 6.50 6.30 6.83 7.17 7.35 7.02 6.70 6.62 6.63 7.27 7.35 7.08 7.53 7.13 7.43 7.85
-9999 -9999 -9999 11.35 9.82 9.79 8.99 8.50 9.45 9.15 9.34 8.00 6.84 8.59 9.10 9.16 7.31 10.75 8.61 7.33 10.38 8.47 6.42 10.66 9.81 9.76 7.56 7.17 7.54 9.43 7.63 7.16 7.05 7.17 8.21 8.30 8.13 7.19 7.26 6.92 6.97 7.37 7.11 6.98 6.88 6.83 7.01 6.91 7.99 6.77 6.49 6.84 7.40 7.13 7.12 6.87 6.97 7.16 6.97 7.42 7.04 6.63 6.63 6.74 6.49 6.78 6.99 6.83 6.80 6.73 6.69 6.70 7.00 7.45 7.41 7.50 7.31 7.38 7.65
-9999 -9999 11.23 10.85 8.82 8.36 8.30 8.79 8.31 8.37 7.74 8.23 10.64 8.72 7.92 9.64 6.38 8.02 7.92 9.97 9.84 10.41 9.13 8.84 8.13 7.26 10.19 9.70 7.52 7.78 7.50 7.18 7.38 6.92 7.07 8.34 8.48 6.98 6.66 6.79 7.17 6.70 6.49 6.91 8.29 6.85 6.61 7.09 7.53 6.93 6.54 6.91 7.26 7.28 7.63 7.27 6.85 6.70 6.65 7.27 7.01 6.61 7.10 7.01 6.64 6.75 6.79 6.72 6.91 6.98 6.91 6.98 7.03 7.41 7.02 6.96 7.21 7.07 7.37
9.23 10.38 8.93 8.80 9.14 8.37 8.10 9.30 8.32 8.01 8.24 10.13 9.65 8.53 9.19 8.50 7.12 7.16 9.30 9.60 8.70 9.16 10.14 7.49 5.72 9.86 11.07 9.29 9.09 7.60 7.77 7.14 7.38 8.43 7.29 8.65 7.58 6.85 6.50 6.76 7.72 6.16 6.47 8.98 7.34 6.74 6.71 7.22 7.72 6.75 6.71 6.91 6.75 7.13 7.16 6.85 6.69 6.85 6.57 6.77 6.99 7.03 6.83 6.62 6.38 6.30 6.67 7.56 7.27 7.86 7.42 6.78 7.43 7.20 7.24 7.03 6.98 7.19 7.20
7.34 9.24 11.22 10.56 10.35 8.42 9.11 10.20 9.27 8.87 10.23 9.20 8.81 10.32 8.45 6.74 7.39 7.88 9.51 9.44 9.28 9.07 7.95 5.81 7.34 13.73 11.61 9.34 7.75 8.10 7.78 8.55 7.61 7.99 7.51 7.37 7.22 7.16 6.61 6.37 6.25 5.89 8.15 8.58 7.85 6.82 6.55 8.19 7.32 6.78 6.83 6.57 7.01 6.97 6.76 6.34 7.05 6.74 6.30 7.23 7.15 6.59 6.51 6.40 6.22 6.50 7.17 7.50 7.50 7.85 7.39 7.15 7.51 7.22 6.79 6.98 6.94 7.17 7.30
7.12 8.10 8.69 8.59 7.88 9.13 8.54 9.78 7.83 8.62 10.09 9.62 8.73 9.19 6.81 6.26 8.89 9.63 8.87 8.15 9.55 7.76 6.48 5.61 8.82 11.21 11.77 7.86 8.23 8.45 8.69 8.04 7.20 8.25 7.91 7.52 7.07 7.14 6.11 5.77 6.36 6.37 8.05 7.93 7.40 6.59 7.05 7.93 7.52 7.16 6.83 6.93 6.84 6.65 6.41 6.37 6.69 6.84 6.54 6.40 6.39 6.23 6.91 7.25 6.34 6.58 7.13 7.36 7.20 7.57 7.53 7.57 7.53 6.83 6.82 6.74 6.81 6.68 7.03
7.10 7.57 7.61 8.31 8.26 8.48 9.21 8.46 8.98 8.31 8.15 8.04 7.40 6.64 7.57 6.63 9.05 12.82 7.58 7.66 8.54 11.72 11.36 6.45 6.21 12.43 10.03 8.59 8.97 9.73 8.46 7.14 6.77 8.42 8.60 7.52 6.97 6.69 6.03 5.84 6.54 8.07 8.22 7.41 7.25 6.98 6.78 6.66 7.19 6.79 6.74 6.62 6.42 6.25 6.26 6.78 6.62 6.49 6.43 5.78 5.84 6.36 6.34 6.83 6.54 6.58 6.69 6.93 7.34 7.52 7.57 7.63 7.63 6.76 6.47 6.73 6.72 6.44 6.76
6.95 7.53 7.14 7.81 8.30 8.57 8.02 7.99 8.52 8.06 8.89 8.10 8.72 6.45 8.26 9.33 9.23 9.79 10.19 8.54 10.08 11.71 8.96 10.35 9.37 6.73 9.96 9.63 7.55 7.84 6.89 7.76 7.70 9.80 9.15 7.44 6.79 6.09 5.85 6.54 8.15 7.24 8.24 7.31 7.23 7.65 6.78 7.18 6.32 6.55 6.41 6.27 6.24 6.37 6.42 6.50 6.30 6.18 5.85 5.72 6.19 6.64 6.35 6.04 6.57 6.41 7.12 6.78 6.82 7.06 7.29 7.42 7.42 7.05 6.41 6.65 6.64 6.50 6.79
7.02 6.67 7.73 8.82 10.41 9.96 9.06 8.42 7.83 8.00 9.78 8.06 8.33 6.62 7.94 8.10 7.43 6.75 8.46 8.01 9.10 9.04 10.70 9.86 10.63 10.28 12.71 8.75 7.79 7.27 7.91 7.54 9.21 9.05 9.09 6.94 6.39 5.72 7.86 8.35 8.00 8.11 7.00 7.30 7.45 7.21 6.19 6.03 6.16 6.12 6.15 6.20 6.22 6.63 6.75 6.92 6.49 5.97 5.79 5.92 6.68 5.57 5.91 6.12 6.09 6.29 6.58 6.43 6.54 6.98 6.89 7.16 7.16 6.94 6.78 6.74 6.43 6.29 6.95
7.42 7.05 7.40 8.94 9.74 10.60 10.12 9.40 8.64 8.14 8.46 9.69 7.13 9.68 8.97 8.73 9.37 8.54 7.39 7.55 8.41 7.59 8.83 8.70 8.14 11.82 11.79 7.90 8.06 6.72 7.25 8.35 8.88 8.52 7.96 6.81 6.30 7.10 6.70 7.79 7.58 7.12 7.22 6.99 6.71 6.34 5.67 5.48 5.55 5.71 6.80 6.25 6.78 6.43 6.47 6.20 6.00 6.03 6.50 6.69 5.86 5.44 5.66 5.80 5.91 6.27 6.73 6.93 6.13 6.78 7.34 6.96 6.82 6.97 6.37 6.48 6.96 6.57 6.33
7.80 8.19 9.07 10.30 -9999 -9999 -9999 -9999 9.79 9.41 9.89 8.13 7.33 8.16 7.98 7.49 7.01 4.98 10.78 11.49 8.23 7.32 7.52 8.47 9.32 11.14 9.42 8.16 7.17 6.58 9.19 8.50 9.46 7.60 7.22 6.75 6.59 7.77 6.69 7.62 7.50 6.97 6.96 6.71 6.35 5.80 5.47 5.36 5.46 5.73 6.70 6.40 6.64 6.62 6.35 6.21 6.12 7.05 6.85 6.25 5.62 5.55 4.84 5.19 5.51 6.50 6.94 6.61 5.91 6.52 6.97 6.83 6.63 7.00 6.62 6.45 6.68 6.68 6.31
