ML/MeanWindSpeed_1992-08_Actual.txt
ncols         180
nrows         290
xllcorner     -200000
yllcorner     -200000
cellsize      5000
NODATA_value  -9999
[rows 105 to 139 of 290, columns 78 to 155 of 180]
10.52 13.61 9.15 5.68 8.56 13.66 13.75 11.67 9.80 11.07 15.87 10.64 13.48 8.04 10.72 14.94 9.90 6.98 7.28 9.27 8.13 7.70 8.68 8.98 7.69 9.03 8.49 8.49 11.05 10.27 10.40 10.02 -9999 -9999 -9999 -9999 -9999 -9999 -9999 -9999 -9999 -9999 -9999 -9999 -9999 -9999 -9999 -9999 -9999 -9999 -9999 -9999 -9999 -9999 -9999 -9999 -9999 -9999 -9999 -9999 -9999 -9999 -9999 -9999 -9999 -9999 -9999 -9999 -9999 -9999 -9999 -9999 -9999 -9999 -9999 -9999 -9999 -9999
12.14 9.92 11.25 15.19 14.18 16.96 9.58 13.67 6.71 15.89 8.25 18.21 9.10 12.40 19.66 12.49 9.39 11.87 10.65 7.64 7.26 6.42 6.41 8.08 7.29 7.16 8.93 9.68 9.61 9.79 8.62 9.77 10.40 -9999 -9999 -9999 -9999 -9999 -9999 -9999 -9999 -9999 -9999 -9999 -9999 -9999 -9999 -9999 -9999 -9999 -9999 -9999 -9999 -9999 -9999 -9999 -9999 -9999 -9999 -9999 -9999 -9999 -9999 -9999 -9999 -9999 -9999 -9999 -9999 -9999 -9999 -9999 -9999 -9999 -9999 -9999 -9999 -9999
12.32 6.84 14.40 10.88 6.48 11.24 15.65 14.96 6.71 15.59 13.34 14.28 10.71 15.58 12.76 14.23 17.69 13.40 11.33 9.15 7.74 8.11 9.88 10.67 12.25 11.66 9.93 8.77 8.33 10.89 9.53 11.81 11.61 12.31 -9999 -9999 -9999 -9999 -9999 -9999 -9999 -9999 -9999 -9999 -9999 -9999 -9999 -9999 -9999 -9999 -9999 -9999 -9999 -9999 -9999 -9999 -9999 -9999 -9999 -9999 -9999 -9999 -9999 -9999 -9999 -9999 -9999 -9999 -9999 -9999 -9999 -9999 -9999 -9999 -9999 -9999 -9999 -9999
9.18 13.15 13.46 9.99 6.06 13.17 15.18 19.08 8.68 15.10 12.22 13.01 12.38 13.35 8.08 10.07 11.46 10.68 7.77 9.31 11.65 15.37 14.33 12.88 10.90 10.43 12.10 8.31 10.02 11.31 11.92 12.32 12.40 12.51 12.29 -9999 -9999 -9999 -9999 -9999 -9999 -9999 -9999 -9999 -9999 -9999 -9999 -9999 -9999 -9999 -9999 -9999 -9999 -9999 -9999 -9999 -9999 -9999 -9999 -9999 -9999 -9999 -9999 -9999 -9999 -9999 -9999 -9999 -9999 -9999 -9999 -9999 -9999 -9999 -9999 -9999 -9999 -9999
13.83 16.54 8.36 6.21 11.36 17.66 13.04 6.08 9.55 23.58 11.03 10.51 12.08 12.10 9.60 8.67 6.91 7.23 11.20 17.12 16.25 13.63 12.20 9.46 8.99 9.78 11.58 10.19 11.14 10.63 10.24 11.03 11.45 11.69 -9999 -9999 -9999 -9999 -9999 -9999 -9999 -9999 -9999 -9999 -9999 -9999 -9999 -9999 -9999 -9999 -9999 -9999 -9999 -9999 -9999 -9999 -9999 -9999 -9999 -9999 -9999 -9999 -9999 -9999 -9999 -9999 -9999 -9999 -9999 -9999 -9999 -9999 -9999 -9999 -9999 -9999 -9999 -9999
11.51 10.45 9.45 15.69 8.75 15.04 15.83 15.68 11.45 9.69 19.83 12.09 9.66 8.12 7.80 7.17 6.66 6.67 11.12 9.08 8.18 7.35 9.25 11.50 10.27 10.54 10.13 10.37 11.76 11.27 -9999 -9999 -9999 -9999 -9999 -9999 -9999 -9999 -9999 -9999 -9999 -9999 -9999 -9999 -9999 -9999 -9999 -9999 -9999 -9999 -9999 -9999 -9999 -9999 -9999 -9999 -9999 -9999 -9999 -9999 -9999 -9999 -9999 -9999 -9999 -9999 -9999 -9999 -9999 -9999 -9999 -9999 -9999 -9999 -9999 -9999 -9999 -9999
10.55 7.18 14.70 14.93 17.06 18.01 8.43 16.26 16.33 8.99 12.82 13.66 10.04 9.42 10.35 11.75 13.17 9.08 8.20 7.85 8.22 9.04 10.13 11.61 10.89 10.97 11.83 11.50 -9999 -9999 -9999 -9999 -9999 -9999 -9999 -9999 -9999 -9999 -9999 -9999 -9999 -9999 -9999 -9999 -9999 -9999 -9999 -9999 -9999 -9999 -9999 -9999 -9999 -9999 -9999 -9999 -9999 -9999 -9999 -9999 -9999 -9999 -9999 -9999 -9999 -9999 -9999 -9999 -9999 -9999 -9999 -9999 -9999 -9999 -9999 -9999 -9999 -9999
8.85 14.95 11.02 15.71 18.09 15.20 12.73 16.98 17.05 9.94 9.39 8.16 8.52 9.49 10.42 14.01 15.53 12.05 9.99 8.44 8.30 9.79 9.50 10.14 10.85 13.06 14.04 12.12 -9999 -9999 -9999 -9999 -9999 -9999 -9999 -9999 -9999 -9999 -9999 -9999 -9999 -9999 -9999 -9999 -9999 -9999 -9999 -9999 -9999 -9999 -9999 -9999 -9999 -9999 -9999 -9999 -9999 -9999 -9999 -9999 -9999 -9999 -9999 -9999 -9999 -9999 -9999 -9999 -9999 -9999 -9999 -9999 -9999 -9999 -9999 -9999 -9999 -9999
11.05 14.78 11.48 15.57 15.10 16.89 11.21 9.94 11.82 11.36 10.83 10.65 8.16 17.47 17.38 15.72 15.71 11.94 8.82 8.65 8.48 8.63 8.56 8.86 10.24 9.95 -9999 -9999 -9999 -9999 -9999 11.74 10.86 11.04 10.40 -9999 -9999 -9999 -9999 -9999 -9999 -9999 -9999 -9999 -9999 -9999 -9999 -9999 -9999 -9999 -9999 -9999 -9999 -9999 -9999 -9999 -9999 -9999 -9999 -9999 -9999 -9999 -9999 -9999 -9999 -9999 -9999 -9999 -9999 -9999 -9999 -9999 -9999 -9999 -9999 -9999 -9999 -9999
11.46 16.52 11.55 9.34 19.87 11.04 10.73 9.83 9.22 10.76 12.81 15.84 11.95 11.82 10.30 10.28 9.57 10.00 10.21 10.55 10.23 9.39 9.86 10.39 9.97 9.57 10.12 11.05 -9999 -9999 10.09 9.80 9.69 8.48 8.80 9.59 10.30 -9999 -9999 -9999 -9999 -9999 -9999 -9999 -9999 -9999 -9999 -9999 -9999 -9999 -9999 -9999 -9999 -9999 -9999 -9999 -9999 -9999 -9999 -9999 -9999 -9999 -9999 -9999 -9999 -9999 -9999 -9999 -9999 -9999 -9999 -9999 -9999 -9999 -9999 -9999 -9999 -9999
14.00 11.70 12.92 14.49 16.07 10.71 11.83 13.92 13.39 12.53 10.11 10.21 11.05 10.31 10.20 9.77 9.52 10.10 11.08 10.91 9.96 11.31 11.73 9.41 8.38 8.67 9.31 10.95 9.80 9.83 10.18 9.06 7.34 8.08 10.85 11.34 13.27 9.75 -9999 -9999 -9999 -9999 -9999 -9999 -9999 -9999 -9999 -9999 -9999 -9999 -9999 -9999 -9999 -9999 -9999 -9999 -9999 -9999 -9999 -9999 -9999 -9999 -9999 -9999 -9999 -9999 -9999 -9999 -9999 -9999 -9999 -9999 -9999 -9999 -9999 -9999 -9999 -9999
11.69 15.31 14.12 11.58 10.87 -9999 14.02 16.58 12.97 11.35 9.65 9.29 9.39 9.90 10.46 10.01 9.91 11.72 11.67 11.65 10.65 9.79 9.57 8.39 8.79 9.59 11.29 9.88 8.55 10.44 9.26 8.72 7.76 9.48 11.82 12.35 13.48 11.80 13.21 14.38 10.98 -9999 -9999 -9999 -9999 -9999 -9999 -9999 -9999 -9999 -9999 -9999 -9999 -9999 -9999 -9999 -9999 -9999 -9999 -9999 -9999 -9999 -9999 -9999 -9999 -9999 -9999 -9999 -9999 -9999 -9999 -9999 -9999 -9999 -9999 -9999 -9999 -9999
12.66 -9999 12.87 14.34 11.28 -9999 15.15 19.05 13.90 12.46 10.14 9.96 9.52 9.67 8.92 8.88 9.05 10.10 12.28 12.10 12.08 10.29 9.76 10.50 11.68 13.94 12.18 9.18 7.72 9.21 9.25 9.20 13.92 14.80 12.35 12.45 11.70 11.80 12.16 10.24 11.23 -9999 -9999 -9999 -9999 -9999 -9999 -9999 -9999 -9999 -9999 -9999 -9999 -9999 -9999 -9999 -9999 -9999 -9999 -9999 -9999 -9999 -9999 -9999 -9999 -9999 -9999 -9999 -9999 -9999 -9999 -9999 -9999 -9999 -9999 -9999 -9999 -9999
12.34 -9999 -9999 14.34 12.28 12.14 14.83 16.58 11.16 11.39 13.19 11.41 10.58 10.13 12.65 9.98 8.29 9.16 10.00 11.61 12.31 13.20 11.19 13.35 14.14 12.19 10.96 10.61 9.49 10.07 11.36 12.14 11.87 14.44 12.65 12.04 12.03 9.13 9.14 10.39 11.68 12.15 -9999 -9999 -9999 -9999 -9999 -9999 -9999 -9999 -9999 -9999 -9999 -9999 -9999 -9999 -9999 -9999 -9999 -9999 -9999 -9999 -9999 -9999 -9999 -9999 -9999 -9999 -9999 -9999 -9999 -9999 -9999 -9999 -9999 -9999 -9999 -9999
-9999 -9999 -9999 -9999 13.00 11.94 15.74 12.79 9.99 10.94 12.27 13.54 12.16 11.12 12.37 12.56 10.56 8.33 10.50 12.95 11.87 11.55 12.00 13.73 12.42 10.77 11.18 11.13 13.94 13.14 11.52 10.97 9.80 12.36 11.95 11.25 12.03 9.68 9.03 9.10 9.14 9.74 -9999 -9999 -9999 -9999 -9999 -9999 -9999 -9999 -9999 -9999 -9999 -9999 -9999 -9999 -9999 -9999 -9999 -9999 -9999 -9999 -9999 -9999 -9999 -9999 -9999 -9999 -9999 -9999 -9999 -9999 -9999 -9999 -9999 -9999 -9999 -9999
15.20 16.45 -9999 -9999 -9999 12.99 14.21 11.91 10.90 10.49 11.07 12.69 13.32 13.73 14.03 12.74 11.98 10.79 8.28 12.44 11.31 10.97 11.35 10.50 10.15 12.34 10.69 13.93 17.32 15.47 12.85 12.77 9.86 10.96 10.74 11.19 11.65 9.58 8.77 8.63 8.70 9.68 10.37 -9999 -9999 -9999 -9999 -9999 -9999 -9999 -9999 -9999 -9999 -9999 -9999 -9999 -9999 -9999 -9999 -9999 -9999 -9999 -9999 -9999 -9999 -9999 -9999 -9999 -9999 -9999 -9999 -9999 -9999 -9999 -9999 -9999 -9999 -9999
16.90 18.69 13.17 -9999 -9999 -9999 12.86 12.05 10.53 10.03 10.14 10.44 12.13 12.37 12.01 10.94 11.09 11.43 11.62 10.44 10.62 10.60 12.15 11.30 13.96 9.45 10.65 10.28 10.93 15.24 14.90 12.47 11.34 9.80 9.62 10.04 10.29 8.82 8.52 8.04 8.91 9.62 9.43 9.79 -9999 -9999 -9999 -9999 -9999 -9999 -9999 -9999 -9999 -9999 -9999 -9999 -9999 -9999 -9999 -9999 -9999 -9999 -9999 -9999 -9999 -9999 -9999 -9999 -9999 -9999 -9999 -9999 -9999 -9999 -9999 -9999 -9999 -9999
15.35 16.49 11.87 -9999 -9999 -9999 -9999 -9999 11.45 10.35 9.06 8.74 9.17 9.40 10.84 13.86 13.78 12.30 11.41 10.65 12.02 11.25 10.95 10.25 12.93 8.90 10.56 11.66 10.44 8.09 10.24 9.51 10.74 9.00 10.27 9.64 8.22 7.99 7.75 7.79 7.43 9.89 10.10 9.56 9.53 -9999 -9999 -9999 -9999 -9999 -9999 -9999 -9999 -9999 -9999 -9999 -9999 -9999 -9999 -9999 -9999 -9999 -9999 -9999 -9999 -9999 -9999 -9999 -9999 -9999 -9999 -9999 -9999 -9999 -9999 -9999 -9999 -9999
11.71 19.37 13.75 -9999 -9999 -9999 -9999 -9999 11.96 11.36 11.31 9.50 11.10 13.13 12.29 14.13 14.80 13.91 11.61 12.85 11.74 10.64 12.32 12.96 8.54 17.62 11.59 14.79 11.04 13.45 13.04 8.77 11.08 9.50 8.77 8.05 8.46 9.81 10.12 8.72 8.79 7.09 9.50 11.42 9.40 10.83 11.45 -9999 -9999 -9999 -9999 -9999 -9999 -9999 -9999 -9999 -9999 -9999 -9999 -9999 -9999 -9999 -9999 -9999 -9999 -9999 -9999 -9999 -9999 -9999 -9999 -9999 -9999 -9999 -9999 -9999 -9999 -9999
15.62 18.69 17.87 -9999 -9999 -9999 -9999 -9999 11.78 10.56 10.63 9.76 10.30 12.01 10.24 11.26 11.57 13.69 12.44 12.04 10.92 13.38 17.01 14.07 12.02 19.09 16.78 11.96 12.77 10.71 8.79 10.42 11.06 9.52 9.81 9.63 7.87 8.21 8.31 10.08 13.06 10.14 9.25 10.53 10.89 9.89 10.72 -9999 -9999 -9999 -9999 -9999 -9999 -9999 -9999 -9999 -9999 -9999 -9999 -9999 -9999 -9999 -9999 -9999 -9999 -9999 -9999 -9999 -9999 -9999 -9999 -9999 -9999 -9999 -9999 -9999 -9999 -9999
13.07 14.89 16.52 -9999 -9999 -9999 -9999 -9999 11.16 10.09 9.81 9.70 9.70 10.10 10.88 14.35 16.10 13.47 14.00 10.70 10.80 10.99 13.72 9.44 15.34 13.89 11.66 13.09 14.19 9.29 11.88 10.04 10.86 10.49 8.12 9.30 9.48 8.74 7.97 14.53 15.02 13.59 9.14 10.14 10.87 10.13 11.08 -9999 -9999 -9999 -9999 -9999 -9999 -9999 -9999 -9999 -9999 -9999 -9999 -9999 -9999 -9999 -9999 -9999 -9999 -9999 -9999 -9999 -9999 -9999 -9999 -9999 -9999 -9999 -9999 -9999 -9999 -9999
-9999 -9999 -9999 -9999 -9999 -9999 -9999 13.60 11.31 10.75 9.78 10.22 10.83 9.86 11.24 11.84 14.45 12.46 12.15 14.63 12.58 13.98 13.94 13.83 16.78 15.50 10.39 11.77 13.07 12.26 11.05 11.44 8.78 9.96 10.49 7.97 9.18 8.60 11.80 13.11 16.32 14.03 9.26 9.05 8.77 10.05 11.12 -9999 -9999 -9999 -9999 -9999 -9999 -9999 -9999 -9999 -9999 -9999 -9999 -9999 -9999 -9999 -9999 -9999 -9999 -9999 -9999 -9999 -9999 -9999 -9999 -9999 -9999 -9999 -9999 -9999 -9999 -9999
-9999 -9999 -9999 -9999 -9999 -9999 -9999 15.03 9.48 9.82 11.59 13.13 12.28 10.38 10.38 10.97 8.78 10.01 14.37 15.20 13.01 12.01 10.04 8.71 15.90 9.92 10.99 10.84 11.53 11.20 9.85 7.82 10.79 10.25 9.70 8.54 8.90 11.22 12.71 11.80 13.57 13.44 9.48 7.96 8.67 11.12 10.20 -9999 -9999 -9999 -9999 -9999 -9999 -9999 -9999 -9999 -9999 -9999 -9999 -9999 -9999 -9999 -9999 -9999 -9999 -9999 -9999 -9999 -9999 -9999 -9999 -9999 -9999 -9999 -9999 -9999 -9999 -9999
-9999 -9999 -9999 -9999 -9999 -9999 13.03 12.11 8.04 10.08 11.88 10.40 12.99 15.01 13.80 15.98 13.59 11.15 9.80 10.53 13.52 12.47 10.73 7.21 9.96 14.42 10.90 13.43 10.44 10.45 7.76 8.41 10.51 9.47 9.53 10.62 12.39 14.11 13.18 11.22 10.05 9.87 8.86 11.46 12.52 11.07 10.54 -9999 -9999 -9999 -9999 -9999 -9999 -9999 -9999 -9999 -9999 -9999 -9999 -9999 -9999 -9999 -9999 -9999 -9999 -9999 -9999 -9999 -9999 -9999 -9999 -9999 -9999 -9999 -9999 -9999 -9999 -9999
-9999 -9999 -9999 -9999 -9999 -9999 11.39 8.18 11.73 10.06 12.18 9.94 13.21 13.50 16.42 15.31 15.34 13.71 11.82 8.76 17.66 16.93 11.23 7.05 11.08 13.64 10.14 10.68 12.50 9.02 11.22 12.66 10.67 12.17 12.45 15.90 10.74 10.17 11.00 11.77 11.78 9.16 7.82 9.87 10.08 9.60 9.75 10.78 -9999 -9999 -9999 -9999 -9999 -9999 -9999 -9999 -9999 -9999 -9999 -9999 -9999 -9999 -9999 -9999 -9999 -9999 -9999 -9999 -9999 -9999 -9999 -9999 -9999 -9999 -9999 -9999 -9999 -9999
-9999 -9999 -9999 -9999 -9999 10.60 12.83 12.59 11.78 12.59 12.42 10.77 9.49 14.46 13.99 15.39 14.91 14.72 10.57 7.22 11.12 13.16 12.37 8.78 8.47 10.47 10.10 9.93 10.54 14.25 10.09 9.73 9.97 8.90 14.84 12.60 14.61 12.76 9.27 10.32 10.97 11.70 12.63 9.31 8.71 8.43 8.91 9.67 -9999 -9999 -9999 -9999 -9999 -9999 -9999 -9999 -9999 -9999 -9999 -9999 -9999 -9999 -9999 -9999 -9999 -9999 -9999 -9999 -9999 -9999 -9999 -9999 -9999 -9999 -9999 -9999 -9999 -9999
-9999 -9999 -9999 -9999 -9999 12.56 12.14 10.86 15.12 14.11 11.70 11.36 14.74 10.24 11.66 14.26 12.54 12.54 8.78 7.11 9.75 11.27 13.58 8.53 8.67 8.52 9.42 7.84 12.28 8.39 12.84 10.71 8.28 14.96 9.08 10.88 12.12 11.32 12.17 9.11 9.26 12.16 11.62 9.53 9.91 9.20 8.75 9.69 -9999 -9999 -9999 -9999 -9999 -9999 -9999 -9999 -9999 -9999 -9999 -9999 -9999 -9999 -9999 -9999 -9999 -9999 -9999 -9999 -9999 -9999 -9999 -9999 -9999 -9999 -9999 -9999 -9999 -9999
-9999 -9999 -9999 -9999 12.84 10.75 10.05 12.93 10.90 11.14 18.01 13.93 13.72 10.15 11.82 12.61 10.88 12.50 11.64 9.72 11.64 11.23 8.64 7.57 8.35 10.11 10.16 12.98 10.06 8.54 12.93 8.94 9.93 15.12 10.42 9.20 8.36 10.44 11.99 11.11 11.54 11.63 9.69 9.25 9.08 8.38 8.51 9.48 -9999 -9999 -9999 -9999 -9999 -9999 -9999 -9999 -9999 -9999 -9999 -9999 -9999 -9999 -9999 -9999 -9999 -9999 -9999 -9999 -9999 -9999 -9999 -9999 -9999 -9999 -9999 -9999 -9999 -9999
-9999 -9999 -9999 10.79 11.61 12.30 9.61 10.27 10.65 9.61 12.46 11.82 18.03 10.07 9.73 10.98 11.49 11.95 12.42 10.78 9.06 8.02 10.82 8.10 7.64 9.71 10.35 10.34 10.06 8.41 10.35 7.35 9.42 13.94 12.73 13.00 11.71 10.93 9.70 9.60 11.94 10.62 9.68 9.45 9.13 9.01 8.23 8.90 9.96 -9999 -9999 -9999 -9999 -9999 -9999 -9999 -9999 -9999 -9999 -9999 -9999 -9999 -9999 -9999 -9999 -9999 -9999 -9999 -9999 -9999 -9999 -9999 -9999 -9999 -9999 -9999 -9999 -9999
-9999 -9999 -9999 12.85 15.85 12.47 11.50 10.17 9.09 7.96 17.47 14.19 11.91 12.05 9.55 9.67 10.88 10.69 15.25 10.32 8.37 7.87 8.29 11.28 8.38 10.79 10.06 10.67 9.81 9.34 8.71 10.24 8.34 11.03 12.01 11.34 12.52 10.97 9.61 9.11 10.43 9.56 10.82 9.92 8.63 7.67 8.57 9.12 9.79 -9999 -9999 -9999 -9999 -9999 -9999 -9999 -9999 -9999 -9999 -9999 -9999 -9999 -9999 -9999 -9999 -9999 -9999 -9999 -9999 -9999 -9999 -9999 -9999 -9999 -9999 -9999 -9999 -9999
-9999 12.26 11.62 13.88 12.36 11.72 12.70 10.66 10.15 8.42 13.51 12.45 12.86 11.89 11.30 8.97 11.30 11.80 10.83 10.84 10.25 7.85 8.32 9.83 9.46 9.31 9.79 10.14 9.25 8.69 9.61 8.83 8.41 12.04 10.88 10.57 10.86 12.86 11.18 9.89 7.71 8.92 9.62 9.24 8.67 7.92 8.36 8.96 9.88 -9999 -9999 -9999 -9999 -9999 -9999 -9999 -9999 -9999 -9999 -9999 -9999 -9999 -9999 -9999 -9999 -9999 -9999 -9999 -9999 -9999 -9999 -9999 -9999 -9999 -9999 -9999 -9999 -9999
-9999 13.19 11.71 9.83 12.46 11.17 12.68 10.92 9.92 8.77 8.67 10.06 14.94 12.35 11.50 9.53 9.32 9.42 9.08 9.73 10.65 9.06 10.10 8.99 9.34 9.08 9.09 8.95 8.77 8.45 8.56 9.34 8.70 7.64 8.70 9.54 9.78 10.47 10.28 7.03 8.06 10.74 9.82 8.45 8.67 8.32 8.69 8.17 8.92 9.75 -9999 -9999 -9999 -9999 -9999 -9999 -9999 -9999 -9999 -9999 -9999 -9999 -9999 -9999 -9999 -9999 -9999 -9999 -9999 -9999 -9999 -9999 -9999 -9999 -9999 -9999 -9999 -9999
-9999 13.41 11.96 8.92 11.82 10.01 11.09 10.36 9.88 9.68 8.15 11.81 11.85 11.43 13.48 10.45 9.39 9.25 8.16 10.54 14.80 10.91 -9999 -9999 -9999 9.31 9.14 -9999 8.56 8.66 8.74 8.11 7.51 8.36 9.76 8.75 8.82 10.07 9.28 10.49 9.98 7.63 6.68 7.16 7.77 8.41 6.48 7.42 7.90 9.26 -9999 -9999 -9999 -9999 -9999 -9999 -9999 -9999 -9999 -9999 -9999 -9999 -9999 -9999 -9999 -9999 -9999 -9999 -9999 -9999 -9999 -9999 -9999 -9999 -9999 -9999 -9999 -9999
-9999 12.01 14.05 10.33 10.01 10.64 11.50 11.15 10.49 9.66 8.96 9.67 15.19 12.30 13.06 10.30 9.93 11.77 9.00 10.15 11.06 11.29 -9999 -9999 -9999 9.40 8.76 8.85 8.93 8.42 8.03 7.06 8.49 11.21 11.43 9.23 12.40 9.12 8.79 11.43 8.66 9.26 9.42 9.44 7.29 8.42 9.78 8.27 7.46 8.69 -9999 -9999 -9999 -9999 -9999 -9999 -9999 -9999 -9999 -9999 -9999 -9999 -9999 -9999 -9999 -9999 -9999 -9999 -9999 -9999 -9999 -9999 -9999 -9999 -9999 -9999 -9999 -9999
-9999 -9999 13.08 13.00 10.87 -9999 12.01 12.17 11.21 10.49 9.75 -9999 11.70 10.60 11.67 9.84 11.31 12.07 10.79 11.03 -9999 -9999 -9999 -9999 10.23 8.76 8.19 8.13 8.85 9.02 8.06 7.54 7.79 11.83 15.58 8.46 13.41 9.52 11.22 12.43 9.86 11.42 9.58 7.97 9.59 9.83 8.52 6.45 7.27 9.30 9.26 -9999 -9999 -9999 -9999 -9999 -9999 -9999 -9999 -9999 -9999 -9999 -9999 -9999 -9999 -9999 -9999 -9999 -9999 -9999 -9999 -9999 -9999 -9999 -9999 -9999 -9999 -9999
