ML/MeanWindSpeed_1999-06_Actual.txt
ncols         180
nrows         290
xllcorner     -200000
yllcorner     -200000
cellsize      5000
NODATA_value  -9999
[rows 210 to 244 of 290, columns 79 to 157 of 180]
9.58 8.58 10.03 10.08 -9999 -9999 -9999 -9999 -9999 -9999 -9999 7.37 7.19 7.82 7.07 6.87 6.70 7.68 9.08 10.76 10.25 8.97 7.97 7.74 7.09 9.42 9.42 6.36 5.38 8.11 8.37 9.15 6.82 6.10 5.77 5.32 6.00 6.59 6.76 7.09 6.79 6.37 6.00 5.61 5.23 5.04 4.69 5.01 4.71 4.83 5.03 5.27 5.53 5.15 5.05 4.93 3.99 3.41 4.69 5.85 6.28 6.18 5.61 5.39 5.84 6.14 5.82 5.37 5.17 5.92 5.26 5.50 6.19 5.87 5.95 6.08 5.69 5.57 5.92
9.54 -9999 -9999 -9999 -9999 -9999 -9999 -9999 -9999 10.18 9.22 8.89 9.50 8.92 7.83 6.94 7.18 7.28 9.14 10.35 9.70 6.93 6.91 9.44 8.55 8.67 7.23 6.05 5.78 7.71 7.94 7.79 6.50 6.04 5.88 4.90 7.04 7.40 6.75 6.97 6.67 6.38 6.05 5.59 5.64 5.01 4.86 4.40 4.43 4.57 4.92 5.08 5.45 5.01 5.81 6.45 4.55 4.61 3.82 5.63 5.97 5.75 6.33 6.05 6.10 6.48 5.89 5.29 5.24 5.28 5.70 6.09 5.70 6.18 6.09 5.72 5.70 6.62 6.23
-9999 -9999 -9999 -9999 -9999 -9999 -9999 -9999 -9999 10.87 10.44 9.03 9.81 10.01 -9999 -9999 7.25 9.47 6.70 7.94 7.50 7.40 7.91 9.06 7.30 7.13 7.21 6.70 7.16 7.52 7.52 6.95 6.37 6.60 5.56 5.75 7.30 6.74 6.53 6.49 6.54 6.68 6.28 5.58 5.31 4.72 4.71 5.08 5.45 5.27 5.76 5.07 4.90 5.63 7.32 5.91 5.33 4.63 3.96 5.63 5.84 5.89 5.97 5.94 5.83 5.78 6.59 5.55 5.32 5.23 5.26 5.46 5.40 5.27 6.32 5.93 6.29 7.09 7.08
-9999 -9999 -9999 -9999 -9999 -9999 -9999 -9999 -9999 -9999 -9999 -9999 -9999 -9999 -9999 -9999 8.22 7.81 7.72 7.06 6.27 6.22 6.57 7.42 7.33 7.52 7.65 7.82 8.23 8.09 -9999 6.64 6.28 6.05 5.64 5.88 7.17 6.80 6.89 6.55 6.04 5.84 6.17 5.45 5.38 6.02 6.06 5.80 6.36 6.97 6.09 5.85 5.71 5.99 6.96 5.94 5.54 5.20 4.78 5.03 5.33 5.82 6.11 5.86 5.58 5.62 5.58 5.26 5.14 5.04 5.06 5.17 5.38 5.50 5.76 5.83 6.26 6.75 -9999
-9999 -9999 -9999 -9999 -9999 -9999 -9999 -9999 -9999 -9999 -9999 -9999 -9999 -9999 -9999 -9999 -9999 8.22 7.33 6.53 6.67 7.19 6.64 6.84 7.21 7.90 -9999 -9999 -9999 -9999 7.20 6.20 6.05 5.78 5.68 6.11 7.35 6.91 7.11 6.57 5.74 6.13 5.76 6.54 6.12 7.28 6.39 6.52 6.22 6.51 6.37 5.84 6.33 5.24 5.84 5.99 4.87 4.89 4.62 4.74 4.96 5.00 5.06 5.27 5.02 5.00 4.95 4.83 4.68 5.49 5.63 4.91 4.93 5.04 5.29 5.65 6.42 7.51 7.52
-9999 -9999 -9999 -9999 -9999 -9999 -9999 -9999 -9999 -9999 -9999 -9999 -9999 -9999 -9999 -9999 -9999 -9999 7.76 8.24 7.42 6.99 7.89 7.94 8.23 -9999 -9999 -9999 -9999 7.75 7.32 7.06 5.21 5.08 5.28 7.06 7.65 7.41 7.03 6.19 5.98 5.74 6.68 7.51 6.72 6.76 6.35 6.39 6.16 5.57 5.96 5.93 5.59 5.52 5.63 5.43 4.95 4.95 5.19 5.44 5.64 4.93 4.94 4.93 4.72 4.96 4.81 4.88 4.41 4.89 4.82 4.77 5.32 4.77 5.56 5.76 6.06 5.89 6.43
-9999 -9999 -9999 -9999 -9999 -9999 -9999 -9999 -9999 -9999 -9999 -9999 -9999 -9999 -9999 -9999 -9999 -9999 -9999 8.11 7.98 7.70 8.87 8.36 8.95 -9999 -9999 -9999 7.33 5.95 5.34 6.45 6.37 5.89 5.22 6.40 6.19 7.40 6.85 5.66 6.42 6.99 6.96 6.71 7.09 6.43 6.04 5.74 5.32 5.25 5.20 5.33 5.69 5.52 5.25 5.21 5.26 5.31 5.72 5.50 5.56 5.27 4.85 4.80 4.47 4.25 4.19 4.45 4.36 4.53 4.51 5.08 5.22 5.52 5.56 5.01 6.07 5.07 5.70
-9999 -9999 -9999 -9999 -9999 -9999 -9999 -9999 -9999 -9999 -9999 -9999 -9999 -9999 -9999 -9999 -9999 -9999 -9999 -9999 -9999 -9999 -9999 -9999 -9999 -9999 -9999 8.96 6.62 5.49 5.10 6.03 5.01 5.67 6.36 6.59 6.78 6.95 5.74 5.28 5.53 6.21 6.16 6.42 6.39 6.43 6.18 6.04 7.02 5.87 5.87 5.38 5.69 5.71 5.25 5.35 5.19 5.54 6.07 5.62 5.16 4.87 4.61 4.43 4.71 4.38 4.76 4.60 5.28 5.64 5.28 4.47 6.23 6.80 5.81 4.93 6.66 5.89 5.50
-9999 -9999 -9999 -9999 -9999 -9999 -9999 -9999 -9999 -9999 -9999 -9999 -9999 -9999 -9999 -9999 -9999 -9999 -9999 -9999 -9999 -9999 -9999 -9999 -9999 -9999 -9999 7.41 6.73 5.83 9.29 7.93 5.33 5.59 6.17 6.75 7.18 5.96 5.45 5.19 5.24 6.17 6.09 5.95 6.99 6.75 7.51 6.59 6.70 7.43 6.24 5.77 5.56 5.18 5.13 5.12 5.23 5.64 5.74 5.78 5.26 4.67 4.23 3.96 4.44 5.84 5.46 5.98 6.32 6.96 5.86 5.02 5.87 6.16 5.29 4.76 5.14 6.08 6.40
-9999 -9999 -9999 -9999 -9999 -9999 -9999 -9999 -9999 -9999 -9999 -9999 -9999 -9999 -9999 -9999 -9999 -9999 -9999 -9999 -9999 -9999 -9999 -9999 -9999 -9999 -9999 7.24 5.70 4.91 6.61 9.04 8.04 7.14 6.35 7.29 6.15 5.69 5.26 6.41 6.58 7.14 6.86 6.24 6.25 6.20 6.57 6.98 7.01 6.30 6.06 5.86 5.73 5.25 5.08 5.24 5.48 5.99 5.90 5.62 4.92 4.66 4.96 5.30 4.95 5.79 5.68 5.68 5.80 6.31 7.42 7.08 5.58 5.43 5.59 5.71 5.72 5.81 5.67
-9999 -9999 -9999 -9999 -9999 -9999 -9999 -9999 -9999 -9999 9.41 9.41 7.68 10.55 9.71 9.26 9.19 10.67 5.79 9.74 6.70 -9999 -9999 -9999 -9999 -9999 -9999 6.96 6.11 5.85 5.35 6.12 7.41 8.32 7.74 6.68 5.88 5.65 6.13 7.05 6.64 6.28 6.43 6.19 6.01 6.36 6.20 6.10 5.92 6.09 5.61 5.97 6.18 6.48 5.71 5.59 6.18 6.16 5.61 5.96 5.04 4.62 5.42 6.01 5.15 4.89 5.19 5.19 5.16 5.10 5.28 5.13 4.72 4.57 4.49 4.48 4.56 5.00 5.13
-9999 -9999 -9999 -9999 -9999 -9999 -9999 -9999 -9999 -9999 10.81 10.08 9.68 7.76 9.03 10.09 9.33 9.64 9.88 7.98 6.73 5.68 6.78 8.98 7.62 7.07 6.62 6.56 6.16 5.88 5.73 5.58 5.88 7.48 7.32 6.50 5.75 7.64 6.56 5.97 6.42 6.81 6.37 6.35 6.58 6.38 6.53 6.33 6.11 5.21 5.40 5.78 5.83 5.70 6.07 6.44 5.73 5.56 5.08 4.92 5.54 4.85 7.38 6.09 5.66 5.16 4.80 4.91 4.84 5.44 5.40 4.50 5.47 5.09 5.50 4.64 4.84 4.87 5.02
-9999 -9999 -9999 -9999 -9999 -9999 -9999 -9999 -9999 9.70 8.80 8.24 7.75 6.88 8.55 10.58 10.14 9.22 9.03 8.97 7.86 6.44 6.33 7.58 8.71 6.84 6.46 6.16 6.18 6.69 5.75 5.78 6.82 6.74 6.37 6.43 7.87 6.67 7.47 7.02 6.48 5.87 6.24 6.09 6.58 6.69 6.35 6.59 5.73 5.72 5.58 5.44 5.36 6.29 6.67 5.41 5.17 5.38 6.78 5.63 5.29 5.40 5.42 5.56 5.48 4.98 4.82 5.32 6.02 5.34 4.59 4.46 5.60 5.23 5.18 5.53 5.50 5.31 5.41
-9999 -9999 -9999 -9999 -9999 -9999 -9999 -9999 -9999 -9999 8.28 7.29 6.75 7.99 7.97 8.62 10.54 9.44 7.93 7.06 8.49 9.52 8.12 7.00 7.39 8.60 7.17 5.99 5.98 5.88 6.26 6.25 5.76 5.78 6.03 6.57 7.30 6.43 7.25 6.37 6.33 6.30 6.52 6.13 6.72 6.89 6.75 5.75 5.65 5.96 5.30 4.78 4.57 5.33 6.12 6.04 5.05 5.36 6.18 6.04 5.49 4.91 4.89 4.78 4.92 5.93 5.64 5.45 5.92 6.64 6.01 5.48 5.81 5.78 5.16 5.81 5.15 5.72 5.12
-9999 -9999 -9999 -9999 -9999 -9999 9.66 -9999 -9999 8.61 7.87 8.29 6.17 7.63 6.88 6.89 7.31 7.59 8.06 7.09 8.51 9.34 7.69 6.88 6.02 5.89 5.82 5.74 5.83 5.98 6.42 5.62 5.48 5.80 7.01 6.29 7.00 6.28 6.63 6.16 6.85 7.43 6.95 6.27 5.94 5.97 5.87 5.62 6.48 5.68 5.04 6.11 4.88 4.91 6.15 6.85 4.56 4.89 5.37 5.21 4.94 4.81 4.70 4.97 5.48 5.82 5.12 4.81 4.91 5.42 5.44 5.35 5.81 5.33 5.20 5.19 4.87 4.91 4.89
-9999 -9999 -9999 -9999 -9999 9.24 9.89 9.83 9.56 7.69 7.18 8.54 6.78 6.08 6.72 6.37 7.57 8.05 8.53 7.61 7.69 8.26 7.27 6.08 5.58 5.66 6.02 6.24 5.64 5.62 5.76 5.39 5.39 6.55 6.68 6.12 6.59 6.78 7.67 7.05 7.15 7.99 7.02 6.78 5.88 6.17 5.92 6.13 5.65 5.33 4.68 5.30 5.18 4.65 5.51 5.24 4.66 4.55 4.52 4.91 4.87 4.87 4.55 4.32 4.51 4.55 4.67 4.78 4.84 4.59 5.05 5.35 5.94 6.20 5.83 4.94 5.51 5.37 5.34
-9999 -9999 -9999 -9999 -9999 9.05 9.05 8.28 8.54 7.88 7.35 6.73 7.84 7.65 7.01 7.95 7.97 7.94 8.87 8.05 8.14 8.35 6.60 6.82 7.98 7.57 6.69 6.02 5.45 5.70 5.99 6.05 5.62 6.50 6.14 6.53 5.82 5.38 6.83 7.83 7.09 7.13 6.95 6.45 6.31 6.62 6.01 5.48 5.84 5.78 4.56 4.69 4.66 4.63 5.49 5.94 5.93 6.91 5.14 5.17 4.55 4.39 4.47 4.54 4.42 4.39 4.60 4.94 4.70 4.65 4.57 5.24 5.39 5.53 5.59 5.70 4.90 5.19 5.82
-9999 -9999 -9999 -9999 -9999 9.43 8.73 8.25 8.38 7.88 7.79 7.03 7.32 7.26 6.37 7.40 7.69 8.38 8.74 8.41 6.86 6.40 6.16 7.53 7.45 7.82 8.21 6.49 6.06 5.98 5.43 5.90 5.37 6.12 5.91 5.96 5.76 5.48 7.09 7.00 7.12 7.01 6.81 6.63 6.52 6.78 6.64 5.58 5.16 5.04 5.32 4.33 4.47 4.39 5.05 5.46 5.62 6.13 5.73 6.24 6.74 4.33 6.71 5.70 4.49 4.74 7.04 6.97 6.53 4.50 4.42 4.61 4.66 5.25 5.05 5.81 6.45 8.04 7.20
-9999 -9999 -9999 -9999 -9999 8.14 8.13 8.07 7.82 7.23 7.01 6.68 6.41 7.06 6.68 6.95 7.63 7.28 7.54 7.50 7.56 6.06 6.84 8.25 7.57 8.57 8.49 6.86 6.79 6.95 6.10 5.98 5.88 5.99 5.99 6.04 6.54 7.28 6.30 7.07 6.96 6.92 6.73 6.64 6.74 6.87 6.13 5.89 5.37 5.22 5.05 5.17 4.64 5.31 5.45 5.79 5.75 5.50 5.16 5.10 5.20 4.70 6.04 5.96 6.40 6.11 6.60 7.06 7.40 4.95 5.02 4.87 4.88 5.26 5.91 6.67 6.82 -9999 -9999
-9999 -9999 -9999 -9999 -9999 7.24 7.51 7.69 7.89 8.09 7.33 6.61 5.83 6.16 7.36 7.26 7.09 6.71 7.13 7.02 6.81 6.62 6.47 6.92 6.72 8.53 7.59 5.97 7.89 7.54 6.51 7.97 6.72 7.18 7.77 7.38 7.19 7.64 6.94 6.55 6.89 6.81 6.42 6.55 6.67 6.97 6.25 6.07 6.11 5.97 5.33 4.98 4.97 4.95 5.39 6.68 6.48 5.97 5.69 5.88 6.05 6.11 6.46 6.67 6.74 -9999 -9999 6.71 6.91 6.53 6.14 5.59 7.52 6.13 -9999 -9999 -9999 -9999 -9999
-9999 -9999 -9999 -9999 8.11 7.23 7.52 7.18 7.94 7.97 8.46 6.74 6.42 6.20 7.20 7.05 6.64 6.49 6.68 6.61 6.39 6.13 6.64 7.61 8.05 7.90 6.72 8.39 8.84 6.93 6.32 6.83 6.52 7.36 7.48 6.77 6.80 6.72 6.61 7.23 7.12 7.17 6.86 6.78 7.10 7.62 7.21 6.60 6.06 5.48 5.22 -9999 -9999 5.44 6.08 7.33 7.31 6.97 6.62 6.66 -9999 -9999 -9999 -9999 -9999 -9999 -9999 -9999 -9999 -9999 6.68 7.03 8.17 7.09 -9999 -9999 -9999 -9999 -9999
-9999 -9999 -9999 8.75 7.65 6.88 7.63 7.07 7.18 6.96 6.83 6.08 7.68 8.19 7.61 7.32 7.40 7.83 6.90 6.31 6.33 6.56 6.86 9.18 9.87 9.35 8.84 9.83 7.89 7.75 7.58 8.08 8.54 7.37 6.53 6.87 6.33 6.47 6.33 6.47 6.48 7.59 8.36 8.31 8.11 8.06 8.02 7.14 -9999 5.21 5.24 4.85 5.11 5.65 -9999 -9999 -9999 -9999 7.43 -9999 -9999 -9999 -9999 -9999 -9999 -9999 -9999 -9999 -9999 -9999 -9999 -9999 -9999 -9999 -9999 -9999 -9999 -9999 -9999
-9999 -9999 9.68 8.89 8.58 7.78 6.95 6.91 6.85 6.05 5.83 6.58 9.66 10.71 7.53 6.98 9.26 7.58 8.51 6.46 6.40 8.58 7.90 8.08 8.51 8.67 -9999 -9999 -9999 -9999 -9999 8.01 9.09 8.65 7.43 7.20 6.81 6.39 6.45 6.36 6.83 7.77 -9999 -9999 -9999 -9999 -9999 7.87 7.52 6.35 5.24 4.83 6.08 6.03 -9999 -9999 -9999 -9999 -9999 -9999 -9999 -9999 -9999 -9999 -9999 -9999 -9999 -9999 -9999 -9999 -9999 -9999 -9999 -9999 -9999 -9999 -9999 -9999 -9999
-9999 6.89 7.53 8.81 8.93 7.79 7.65 7.34 6.08 6.73 6.79 8.32 9.97 10.84 9.89 9.31 8.16 9.15 7.85 7.64 7.36 8.92 8.89 -9999 -9999 -9999 -9999 -9999 -9999 -9999 -9999 -9999 8.22 8.44 7.44 8.18 8.75 8.94 7.42 8.90 8.84 9.35 -9999 -9999 -9999 -9999 -9999 -9999 -9999 6.36 6.42 5.30 5.80 -9999 -9999 -9999 -9999 -9999 -9999 -9999 -9999 -9999 -9999 -9999 -9999 -9999 -9999 -9999 -9999 -9999 -9999 -9999 -9999 -9999 -9999 -9999 -9999 -9999 -9999
8.12 6.76 7.28 8.56 9.61 9.59 8.26 6.87 6.76 7.40 7.40 8.39 10.35 8.89 9.01 9.41 10.36 6.39 7.97 10.10 8.41 -9999 -9999 -9999 -9999 -9999 -9999 -9999 -9999 -9999 -9999 -9999 -9999 -9999 8.65 -9999 -9999 -9999 -9999 7.97 9.75 10.09 -9999 -9999 -9999 -9999 -9999 -9999 -9999 -9999 6.62 7.79 6.60 -9999 -9999 -9999 -9999 -9999 -9999 -9999 -9999 -9999 -9999 -9999 -9999 -9999 -9999 -9999 -9999 -9999 -9999 -9999 -9999 -9999 -9999 -9999 -9999 -9999 -9999
7.34 6.14 7.25 8.84 9.26 9.73 8.77 8.01 8.70 6.85 6.10 7.47 9.88 9.69 8.35 7.91 9.21 7.14 6.92 8.01 -9999 -9999 -9999 -9999 -9999 -9999 -9999 -9999 -9999 -9999 -9999 -9999 -9999 -9999 9.36 -9999 -9999 -9999 -9999 -9999 -9999 -9999 -9999 -9999 -9999 -9999 -9999 -9999 -9999 -9999 -9999 -9999 -9999 -9999 -9999 -9999 -9999 -9999 -9999 -9999 -9999 -9999 -9999 -9999 -9999 -9999 -9999 -9999 -9999 -9999 -9999 -9999 -9999 -9999 -9999 -9999 -9999 -9999 -9999
7.70 6.21 7.46 8.23 8.37 8.86 8.40 8.18 8.99 6.56 6.20 7.18 9.18 12.11 12.22 7.66 7.62 7.14 7.77 9.63 -9999 -9999 -9999 -9999 -9999 -9999 -9999 -9999 -9999 -9999 -9999 -9999 -9999 -9999 -9999 -9999 -9999 -9999 -9999 -9999 -9999 -9999 -9999 -9999 -9999 -9999 -9999 -9999 -9999 -9999 -9999 -9999 -9999 -9999 -9999 -9999 -9999 -9999 -9999 -9999 -9999 -9999 -9999 -9999 -9999 -9999 -9999 -9999 -9999 -9999 -9999 -9999 -9999 -9999 -9999 -9999 -9999 -9999 -9999
9.06 8.14 8.37 8.27 8.86 8.46 8.22 8.03 7.17 7.18 6.66 6.72 9.12 10.92 10.46 8.66 6.82 6.77 9.08 8.60 -9999 -9999 -9999 -9999 -9999 -9999 -9999 -9999 -9999 -9999 -9999 -9999 -9999 -9999 -9999 -9999 -9999 -9999 -9999 -9999 -9999 -9999 -9999 -9999 -9999 -9999 -9999 -9999 -9999 -9999 -9999 -9999 -9999 -9999 -9999 -9999 -9999 -9999 -9999 -9999 -9999 -9999 -9999 -9999 -9999 -9999 -9999 -9999 -9999 -9999 -9999 -9999 -9999 -9999 -9999 -9999 -9999 -9999 -9999
10.14 9.46 9.31 8.24 8.75 8.40 10.05 9.37 8.17 7.75 8.23 7.26 8.06 9.06 8.65 7.53 7.07 7.69 8.59 8.85 -9999 -9999 -9999 -9999 -9999 -9999 -9999 -9999 -9999 -9999 -9999 -9999 -9999 -9999 -9999 -9999 -9999 -9999 -9999 -9999 -9999 -9999 -9999 -9999 -9999 -9999 -9999 -9999 -9999 -9999 -9999 -9999 -9999 -9999 -9999 -9999 -9999 -9999 -9999 -9999 -9999 -9999 -9999 -9999 -9999 -9999 -9999 -9999 -9999 -9999 -9999 -9999 -9999 -9999 -9999 -9999 -9999 -9999 -9999
8.85 9.03 8.43 9.18 10.49 10.20 9.05 9.14 9.11 9.02 8.31 8.87 8.49 7.95 7.79 8.07 8.54 8.93 8.69 9.32 -9999 -9999 -9999 -9999 -9999 -9999 -9999 -9999 -9999 -9999 -9999 -9999 -9999 -9999 -9999 -9999 -9999 -9999 -9999 -9999 -9999 -9999 -9999 -9999 -9999 -9999 -9999 -9999 -9999 -9999 -9999 -9999 -9999 -9999 -9999 -9999 -9999 -9999 -9999 -9999 -9999 -9999 -9999 -9999 -9999 -9999 -9999 -9999 -9999 -9999 -9999 -9999 -9999 -9999 -9999 -9999 -9999 -9999 -9999
9.43 9.68 -9999 -9999 -9999 -9999 -9999 -9999 -9999 -9999 -9999 9.36 9.90 8.98 8.27 7.65 8.45 9.03 8.87 -9999 -9999 -9999 -9999 -9999 -9999 -9999 -9999 -9999 -9999 -9999 -9999 -9999 -9999 -9999 -9999 -9999 -9999 -9999 -9999 -9999 -9999 -9999 -9999 -9999 -9999 -9999 -9999 -9999 -9999 -9999 -9999 -9999 -9999 -9999 -9999 -9999 -9999 -9999 -9999 -9999 -9999 -9999 -9999 -9999 -9999 -9999 -9999 -9999 -9999 -9999 -9999 -9999 -9999 -9999 -9999 -9999 -9999 -9999 -9999
9.69 10.11 -9999 -9999 -9999 -9999 -9999 -9999 -9999 -9999 -9999 -9999 -9999 -9999 8.73 8.31 8.53 8.87 -9999 -9999 -9999 -9999 -9999 -9999 -9999 -9999 -9999 -9999 -9999 -9999 -9999 -9999 -9999 -9999 -9999 -9999 -9999 -9999 -9999 -9999 -9999 -9999 -9999 -9999 -9999 -9999 -9999 -9999 -9999 -9999 -9999 -9999 -9999 -9999 -9999 -9999 -9999 -9999 -9999 -9999 -9999 -9999 -9999 -9999 -9999 -9999 -9999 -9999 -9999 -9999 -9999 -9999 -9999 -9999 -9999 -9999 -9999 -9999 -9999
-9999 -9999 -9999 -9999 -9999 -9999 -9999 -9999 -9999 -9999 -9999 -9999 -9999 -9999 9.54 10.49 11.00 10.47 -9999 -9999 -9999 -9999 -9999 -9999 -9999 -9999 -9999 -9999 -9999 -9999 -9999 -9999 -9999 -9999 -9999 -9999 -9999 -9999 -9999 -9999 -9999 -9999 -9999 -9999 -9999 -9999 -9999 -9999 -9999 -9999 -9999 -9999 -9999 -9999 -9999 -9999 -9999 -9999 -9999 -9999 -9999 -9999 -9999 -9999 -9999 -9999 -9999 -9999 -9999 -9999 -9999 -9999 -9999 -9999 -9999 -9999 -9999 -9999 -9999
-9999 -9999 -9999 -9999 -9999 -9999 -9999 -9999 -9999 -9999 -9999 -9999 -9999 -9999 -9999 -9999 -9999 -9999 -9999 -9999 -9999 -9999 -9999 -9999 -9999 -9999 -9999 -9999 -9999 -9999 -9999 -9999 -9999 -9999 -9999 -9999 -9999 -9999 -9999 -9999 -9999 -9999 -9999 -9999 -9999 -9999 -9999 -9999 -9999 -9999 -9999 -9999 -9999 -9999 -9999 -9999 -9999 -9999 -9999 -9999 -9999 -9999 -9999 -9999 -9999 -9999 -9999 -9999 -9999 -9999 -9999 -9999 -9999 -9999 -9999 -9999 -9999 -9999 -9999
-9999 -9999 -9999 -9999 -9999 -9999 -9999 -9999 -9999 -9999 -9999 -9999 -9999 -9999 -9999 -9999 -9999 -9999 -9999 -9999 -9999 -9999 -9999 -9999 -9999 -9999 -9999 -9999 -9999 -9999 -9999 -9999 -9999 -9999 -9999 -9999 -9999 -9999 -9999 -9999 -9999 -9999 -9999 -9999 -9999 -9999 -9999 -9999 -9999 -9999 -9999 -9999 -9999 -9999 -9999 -9999 -9999 -9999 -9999 -9999 -9999 -9999 -9999 -9999 -9999 -9999 -9999 -9999 -9999 -9999 -9999 -9999 -9999 -9999 -9999 -9999 -9999 -9999 -9999
