ML/MeanWindSpeed_1999-10_Actual.txt
ncols         180
nrows         290
xllcorner     -200000
yllcorner     -200000
cellsize      5000
NODATA_value  -9999
[rows 140 to 174 of 290, columns 78 to 155 of 180]
-9999 -9999 -9999 15.21 -9999 -9999 -9999 13.79 13.73 11.96 11.73 12.95 -9999 -9999 13.38 11.41 13.99 15.27 -9999 -9999 -9999 -9999 -9999 11.64 9.90 7.08 6.93 6.18 6.84 6.96 7.78 7.99 5.97 8.94 11.79 12.28 9.17 11.00 11.99 12.71 10.31 11.51 12.26 11.49 9.66 10.03 10.67 7.94 8.63 10.82 12.23 -9999 -9999 -9999 -9999 -9999 -9999 -9999 -9999 -9999 -9999 -9999 -9999 -9999 -9999 -9999 -9999 -9999 -9999 -9999 -9999 -9999 -9999 -9999 -9999 -9999 -9999 -9999
-9999 -9999 -9999 15.29 15.05 -9999 -9999 -9999 13.87 14.20 13.63 14.03 -9999 -9999 -9999 -9999 14.11 -9999 -9999 -9999 -9999 -9999 -9999 10.08 8.70 7.44 7.80 7.99 7.92 7.58 8.02 7.64 6.87 7.64 11.28 11.85 7.35 13.15 12.80 14.19 10.77 11.27 13.69 11.74 10.63 10.43 8.84 7.41 8.70 10.71 11.76 -9999 -9999 -9999 -9999 -9999 -9999 -9999 -9999 -9999 -9999 -9999 -9999 -9999 -9999 -9999 -9999 -9999 -9999 -9999 -9999 -9999 -9999 -9999 -9999 -9999 -9999 -9999
-9999 -9999 -9999 -9999 16.69 -9999 -9999 -9999 -9999 14.33 15.26 14.86 -9999 -9999 -9999 -9999 -9999 -9999 -9999 -9999 -9999 -9999 11.19 9.59 9.24 8.74 8.74 10.03 9.67 9.06 9.12 8.58 8.25 7.08 9.01 15.16 14.25 13.41 13.24 10.84 10.07 10.75 9.43 8.13 11.15 11.72 8.52 7.94 9.33 10.56 11.34 12.14 -9999 -9999 -9999 -9999 -9999 -9999 -9999 -9999 -9999 -9999 -9999 -9999 -9999 -9999 -9999 -9999 -9999 -9999 -9999 -9999 -9999 -9999 -9999 -9999 -9999 -9999
-9999 -9999 -9999 -9999 18.02 -9999 -9999 -9999 -9999 -9999 -9999 -9999 -9999 -9999 -9999 -9999 -9999 -9999 -9999 -9999 -9999 -9999 10.78 8.55 7.22 6.00 5.79 14.15 10.85 9.32 11.52 8.59 9.70 5.44 6.45 13.10 16.80 12.45 10.35 15.05 17.47 16.07 13.63 12.46 8.78 9.69 9.43 10.39 9.71 9.74 10.88 11.74 12.33 -9999 -9999 -9999 -9999 -9999 -9999 -9999 -9999 -9999 -9999 -9999 -9999 -9999 -9999 -9999 -9999 -9999 -9999 -9999 -9999 -9999 -9999 -9999 -9999 -9999
-9999 -9999 -9999 -9999 -9999 -9999 -9999 -9999 -9999 -9999 -9999 -9999 -9999 -9999 -9999 -9999 -9999 -9999 -9999 -9999 -9999 11.25 9.59 7.50 6.33 9.57 5.17 18.96 17.06 8.61 9.63 8.16 7.51 7.74 5.43 7.80 17.53 16.37 13.64 11.82 10.91 13.73 13.56 12.66 10.87 9.92 9.68 9.32 9.14 9.83 9.50 9.64 10.59 -9999 -9999 -9999 -9999 -9999 -9999 -9999 -9999 -9999 -9999 -9999 -9999 -9999 -9999 -9999 -9999 -9999 -9999 -9999 -9999 -9999 -9999 -9999 -9999 -9999
-9999 -9999 -9999 -9999 -9999 -9999 -9999 -9999 -9999 -9999 -9999 -9999 -9999 -9999 -9999 -9999 -9999 -9999 -9999 -9999 -9999 9.88 9.86 6.30 8.28 16.70 8.94 6.00 11.98 12.35 9.24 8.08 7.46 7.11 6.20 7.12 9.91 18.97 15.39 13.52 11.20 11.22 11.48 9.85 9.77 9.88 10.88 9.30 10.00 9.00 8.85 8.32 8.70 9.47 10.04 10.34 -9999 -9999 -9999 -9999 -9999 -9999 -9999 -9999 -9999 -9999 -9999 -9999 -9999 -9999 -9999 -9999 -9999 -9999 -9999 -9999 -9999 -9999
-9999 -9999 -9999 -9999 -9999 -9999 -9999 -9999 -9999 -9999 -9999 -9999 -9999 -9999 -9999 -9999 -9999 -9999 -9999 -9999 -9999 9.79 8.77 7.85 11.72 7.57 7.23 9.16 14.32 10.11 7.69 10.98 5.25 8.05 7.12 7.57 7.87 11.28 13.00 12.32 11.40 10.89 8.81 9.12 8.75 8.48 8.43 8.83 8.62 8.71 7.79 7.36 7.33 10.39 8.54 9.84 10.91 10.85 -9999 -9999 -9999 -9999 -9999 -9999 -9999 -9999 -9999 -9999 -9999 -9999 -9999 -9999 -9999 -9999 -9999 -9999 -9999 -9999
-9999 -9999 -9999 -9999 -9999 -9999 -9999 -9999 -9999 -9999 -9999 -9999 -9999 -9999 -9999 -9999 -9999 -9999 -9999 -9999 -9999 9.92 8.90 9.85 15.87 17.22 11.80 7.79 10.15 10.97 12.96 7.25 10.65 8.58 7.62 8.49 8.38 6.62 7.20 11.96 11.26 10.42 9.77 8.90 8.49 8.71 8.75 8.17 8.31 7.92 7.11 7.16 6.77 7.40 10.02 9.42 9.54 11.12 11.32 9.59 -9999 -9999 -9999 -9999 -9999 -9999 -9999 -9999 -9999 -9999 -9999 -9999 -9999 -9999 -9999 -9999 -9999 -9999
-9999 -9999 -9999 -9999 -9999 -9999 -9999 -9999 -9999 -9999 -9999 -9999 -9999 -9999 -9999 -9999 -9999 -9999 -9999 -9999 -9999 10.74 9.02 11.37 12.83 8.05 20.75 16.95 9.70 12.06 8.97 12.91 13.37 8.88 6.86 7.74 7.96 5.69 13.93 12.59 12.34 13.01 13.43 12.48 8.89 10.11 8.80 8.30 8.13 7.80 7.36 6.56 5.49 6.22 8.92 7.67 7.05 7.85 9.54 8.08 11.61 -9999 -9999 -9999 -9999 -9999 -9999 -9999 -9999 -9999 -9999 -9999 -9999 -9999 -9999 -9999 -9999 -9999
-9999 -9999 -9999 -9999 -9999 -9999 -9999 -9999 -9999 13.94 14.54 15.83 -9999 -9999 -9999 -9999 -9999 -9999 -9999 -9999 -9999 -9999 11.17 9.82 7.89 10.10 12.83 16.19 9.48 6.39 11.73 10.94 9.42 7.57 9.46 9.40 7.31 7.83 11.22 11.83 15.94 14.61 12.10 11.44 11.97 10.18 8.76 8.23 7.79 7.69 6.77 5.77 10.18 9.17 12.61 13.03 11.58 10.11 7.12 10.25 11.16 10.60 -9999 -9999 -9999 -9999 -9999 -9999 -9999 -9999 -9999 -9999 -9999 -9999 -9999 -9999 -9999 -9999
-9999 -9999 -9999 -9999 -9999 -9999 -9999 -9999 -9999 10.94 11.69 -9999 -9999 -9999 -9999 -9999 -9999 -9999 -9999 -9999 -9999 -9999 -9999 10.01 6.64 11.17 12.34 20.41 11.08 10.99 10.16 7.77 6.47 6.36 5.84 14.33 7.40 8.43 14.15 11.88 8.99 8.48 13.40 9.02 12.00 9.73 8.33 7.65 7.48 6.92 7.31 9.51 10.44 9.75 9.43 8.79 9.87 10.73 9.99 10.23 10.10 12.83 -9999 -9999 -9999 -9999 -9999 -9999 -9999 -9999 -9999 -9999 -9999 -9999 -9999 -9999 -9999 -9999
-9999 -9999 -9999 -9999 -9999 -9999 -9999 -9999 10.64 13.11 13.32 13.88 -9999 -9999 -9999 -9999 -9999 -9999 -9999 -9999 -9999 -9999 -9999 10.35 11.67 12.55 13.27 10.54 11.81 9.26 8.71 7.59 6.58 8.22 6.35 4.30 13.82 9.39 8.66 12.66 10.69 13.81 10.60 10.84 9.20 8.84 8.20 8.04 7.18 6.64 8.11 9.58 8.51 9.64 10.91 10.30 10.61 10.04 10.18 10.51 8.93 12.36 11.45 -9999 -9999 -9999 -9999 -9999 -9999 -9999 -9999 -9999 -9999 -9999 -9999 -9999 -9999 -9999
-9999 -9999 -9999 -9999 -9999 -9999 -9999 10.07 13.92 15.65 19.74 13.72 -9999 -9999 -9999 -9999 -9999 -9999 -9999 -9999 -9999 -9999 -9999 11.81 16.30 13.01 8.48 10.10 9.29 9.70 7.64 6.62 7.25 8.36 5.76 12.04 8.57 12.44 9.24 14.30 8.34 9.77 7.53 10.00 8.27 8.60 8.73 7.47 7.32 6.76 7.17 10.78 11.20 10.63 9.43 9.55 9.00 8.83 9.07 10.87 10.76 10.28 11.34 -9999 -9999 -9999 -9999 -9999 -9999 -9999 -9999 -9999 -9999 -9999 -9999 -9999 -9999 -9999
-9999 -9999 -9999 -9999 -9999 -9999 13.18 11.49 18.38 15.28 15.22 -9999 -9999 -9999 -9999 -9999 -9999 -9999 -9999 -9999 -9999 -9999 -9999 -9999 12.11 9.62 8.50 11.00 8.26 10.55 8.33 7.33 6.72 7.39 5.72 12.26 11.82 13.11 12.18 13.06 13.17 12.99 11.07 10.54 10.77 9.97 7.89 7.63 7.65 7.43 7.28 8.25 13.14 11.53 8.61 7.85 7.76 7.34 7.38 7.36 7.52 7.30 8.61 10.86 12.25 -9999 -9999 -9999 -9999 -9999 -9999 -9999 -9999 -9999 -9999 -9999 -9999 -9999
-9999 -9999 -9999 -9999 -9999 -9999 16.54 17.90 13.77 14.20 14.68 -9999 -9999 -9999 -9999 -9999 -9999 -9999 -9999 -9999 -9999 -9999 -9999 -9999 -9999 10.35 10.37 9.62 8.62 10.09 9.22 8.80 7.80 8.13 5.62 12.30 11.28 10.38 12.66 10.88 10.12 14.92 14.43 10.19 12.12 10.67 9.94 7.99 7.76 7.80 7.48 7.72 8.82 9.12 8.20 7.91 7.60 7.41 6.90 6.72 6.83 7.11 10.49 11.32 11.51 -9999 -9999 -9999 -9999 -9999 -9999 -9999 -9999 -9999 -9999 -9999 -9999 -9999
-9999 -9999 -9999 -9999 -9999 -9999 17.83 16.22 16.92 15.82 -9999 -9999 -9999 -9999 -9999 -9999 -9999 -9999 -9999 -9999 -9999 -9999 -9999 -9999 -9999 11.43 11.17 10.54 -9999 10.56 -9999 9.35 7.67 6.26 4.92 5.55 11.51 10.81 11.36 15.00 7.48 8.71 14.82 12.33 11.38 11.13 9.71 8.24 7.78 7.56 7.21 7.49 7.94 8.86 9.80 8.38 8.80 7.35 6.24 7.46 9.03 8.77 8.43 8.82 11.16 13.73 14.87 -9999 -9999 -9999 -9999 -9999 -9999 -9999 -9999 -9999 -9999 -9999
-9999 -9999 -9999 -9999 -9999 17.75 16.74 16.34 -9999 -9999 -9999 -9999 -9999 -9999 -9999 -9999 -9999 -9999 -9999 -9999 -9999 -9999 -9999 -9999 -9999 12.77 11.64 10.67 -9999 -9999 -9999 9.25 9.14 5.06 5.80 7.68 6.78 6.85 9.23 14.04 13.71 7.78 12.49 14.15 10.61 11.98 10.56 9.16 7.16 7.33 7.15 7.36 7.68 8.08 8.41 8.22 8.46 6.81 7.12 8.56 9.91 10.61 10.64 9.84 10.05 11.78 13.67 -9999 -9999 -9999 -9999 -9999 -9999 -9999 -9999 -9999 -9999 -9999
-9999 -9999 -9999 -9999 -9999 -9999 -9999 -9999 -9999 -9999 -9999 -9999 -9999 -9999 -9999 -9999 -9999 -9999 -9999 -9999 -9999 -9999 -9999 -9999 -9999 -9999 -9999 -9999 -9999 -9999 10.54 8.19 7.23 8.42 9.32 10.52 10.70 9.07 9.90 13.21 12.64 10.25 8.06 11.59 12.78 10.87 9.59 8.52 7.73 7.61 7.87 7.46 7.46 7.71 7.75 7.58 6.95 7.93 10.76 9.20 10.30 9.78 10.02 9.11 10.15 11.67 -9999 -9999 -9999 -9999 -9999 -9999 -9999 -9999 -9999 -9999 -9999 -9999
-9999 -9999 -9999 -9999 -9999 -9999 -9999 -9999 -9999 -9999 -9999 -9999 -9999 -9999 -9999 -9999 -9999 -9999 -9999 -9999 -9999 -9999 -9999 -9999 -9999 -9999 -9999 -9999 -9999 -9999 9.88 7.91 8.67 10.91 13.99 12.89 9.56 10.93 8.21 8.98 8.08 9.84 10.53 11.44 11.52 11.10 9.60 8.96 8.44 7.67 7.97 7.45 7.50 7.65 7.78 7.62 6.97 7.73 12.13 11.32 9.54 9.33 9.18 8.95 10.04 11.90 -9999 -9999 -9999 -9999 -9999 -9999 -9999 -9999 -9999 -9999 -9999 -9999
-9999 -9999 -9999 -9999 -9999 -9999 -9999 -9999 -9999 -9999 -9999 -9999 -9999 -9999 -9999 -9999 -9999 -9999 -9999 -9999 -9999 -9999 -9999 -9999 -9999 -9999 -9999 -9999 -9999 -9999 9.03 7.36 7.61 10.79 12.07 11.63 10.62 9.61 8.41 9.27 7.74 7.45 8.52 6.99 11.45 9.82 10.79 9.27 8.84 7.56 7.44 7.68 7.68 7.77 7.74 7.71 7.43 7.49 10.06 10.98 9.83 9.17 9.18 8.93 9.78 11.37 -9999 -9999 -9999 -9999 -9999 -9999 -9999 -9999 -9999 -9999 -9999 -9999
-9999 -9999 -9999 -9999 -9999 -9999 -9999 -9999 -9999 -9999 -9999 -9999 -9999 -9999 -9999 -9999 -9999 -9999 -9999 -9999 -9999 -9999 -9999 -9999 -9999 -9999 -9999 -9999 12.39 10.40 8.25 7.16 10.13 12.25 15.32 11.56 13.02 7.27 8.26 8.14 8.82 9.39 9.27 11.60 8.09 8.29 8.20 8.09 7.52 8.41 7.52 7.60 8.02 7.73 7.72 7.86 7.66 7.79 8.51 10.52 9.64 8.83 8.85 8.88 9.24 10.55 12.22 -9999 -9999 -9999 -9999 -9999 -9999 -9999 -9999 -9999 -9999 -9999
-9999 -9999 -9999 -9999 -9999 -9999 -9999 -9999 -9999 -9999 -9999 -9999 -9999 -9999 -9999 -9999 -9999 -9999 -9999 -9999 -9999 -9999 -9999 -9999 -9999 -9999 -9999 -9999 11.54 9.42 8.14 7.54 8.23 11.72 9.28 8.71 6.78 8.28 11.28 8.34 9.56 8.95 10.35 6.83 11.27 9.02 10.30 9.95 9.89 8.49 7.97 7.69 7.62 7.61 7.72 7.78 7.83 7.79 8.04 8.92 10.00 9.14 8.76 8.91 8.84 9.64 11.42 -9999 -9999 -9999 -9999 -9999 -9999 -9999 -9999 -9999 -9999 -9999
-9999 -9999 -9999 -9999 -9999 -9999 -9999 -9999 -9999 -9999 -9999 -9999 -9999 -9999 -9999 -9999 -9999 -9999 -9999 -9999 -9999 -9999 -9999 -9999 -9999 -9999 -9999 -9999 11.54 9.31 8.50 8.04 8.49 9.36 9.31 7.83 6.64 7.92 8.12 7.31 9.23 11.86 9.26 8.82 7.52 9.47 7.63 8.29 9.04 9.43 8.38 8.05 7.59 7.56 7.72 7.81 7.88 7.91 7.93 8.47 9.78 10.39 9.24 8.80 8.73 8.94 10.18 11.88 -9999 -9999 -9999 -9999 -9999 -9999 -9999 -9999 -9999 -9999
-9999 -9999 -9999 -9999 -9999 -9999 -9999 -9999 -9999 -9999 -9999 -9999 -9999 -9999 -9999 -9999 -9999 -9999 -9999 -9999 -9999 -9999 -9999 -9999 -9999 -9999 -9999 -9999 11.21 9.46 8.87 8.74 8.48 8.20 7.52 7.88 8.70 6.31 6.37 7.25 12.16 12.24 13.25 11.85 9.76 9.40 9.82 8.24 7.60 8.76 9.08 7.94 7.53 7.61 7.55 7.77 7.98 8.18 8.13 8.35 10.25 11.46 10.07 9.50 9.33 8.90 9.16 10.70 12.33 -9999 -9999 -9999 -9999 -9999 -9999 -9999 -9999 -9999
-9999 -9999 -9999 -9999 -9999 -9999 -9999 -9999 -9999 -9999 -9999 -9999 -9999 -9999 -9999 -9999 -9999 -9999 -9999 -9999 -9999 -9999 -9999 -9999 -9999 -9999 -9999 -9999 11.19 9.26 8.72 8.42 7.92 7.23 7.30 6.46 7.69 8.56 10.37 11.81 13.09 10.05 11.76 10.34 10.27 8.72 9.98 9.32 8.48 7.74 7.47 7.61 7.42 7.60 7.73 7.97 8.13 8.44 8.64 8.79 9.50 10.66 10.16 9.64 9.69 9.62 9.33 9.51 11.25 -9999 -9999 -9999 -9999 -9999 -9999 -9999 -9999 -9999
-9999 -9999 -9999 -9999 -9999 -9999 -9999 -9999 -9999 -9999 -9999 -9999 -9999 -9999 -9999 -9999 -9999 -9999 -9999 -9999 -9999 -9999 -9999 -9999 -9999 -9999 -9999 -9999 -9999 9.21 8.69 8.11 7.22 7.48 9.11 9.05 9.98 8.95 8.75 11.10 10.97 11.97 10.86 8.88 7.46 8.03 7.80 9.12 8.23 7.88 8.39 8.03 7.41 7.78 7.79 8.03 8.11 8.36 8.72 9.00 9.41 9.50 9.58 9.69 9.96 -9999 9.95 10.34 11.37 13.22 -9999 -9999 -9999 -9999 -9999 -9999 -9999 -9999
-9999 -9999 -9999 -9999 -9999 -9999 -9999 -9999 -9999 -9999 -9999 -9999 -9999 -9999 -9999 -9999 -9999 -9999 -9999 -9999 -9999 -9999 -9999 -9999 -9999 -9999 -9999 -9999 10.79 8.99 8.34 7.45 6.74 6.95 11.11 11.75 9.78 12.78 12.36 10.36 9.77 13.60 11.18 11.28 8.78 6.97 9.12 7.94 7.36 8.06 8.16 7.64 7.79 7.68 7.75 7.89 8.14 8.11 8.27 9.86 9.20 8.74 10.12 9.26 9.40 9.60 -9999 11.07 12.03 13.53 14.69 -9999 -9999 -9999 -9999 -9999 -9999 -9999
-9999 -9999 -9999 -9999 -9999 -9999 -9999 -9999 -9999 -9999 -9999 -9999 -9999 -9999 -9999 -9999 -9999 -9999 -9999 -9999 -9999 -9999 -9999 -9999 -9999 -9999 -9999 -9999 10.36 8.59 8.03 7.33 8.67 7.87 9.35 12.52 9.37 9.80 10.18 8.21 7.85 11.40 10.18 9.78 6.68 8.81 10.11 8.04 9.17 8.38 8.91 8.49 7.94 7.61 7.65 7.75 7.83 7.73 7.72 8.03 8.49 7.68 8.12 8.74 8.11 9.09 9.88 -9999 -9999 -9999 -9999 -9999 -9999 -9999 -9999 -9999 -9999 -9999
-9999 -9999 -9999 -9999 -9999 -9999 -9999 -9999 -9999 -9999 -9999 -9999 -9999 -9999 -9999 -9999 -9999 -9999 -9999 -9999 -9999 -9999 -9999 -9999 -9999 -9999 -9999 12.14 9.52 8.19 8.81 8.27 8.38 8.12 9.55 10.02 9.34 8.98 8.52 8.13 8.18 10.79 12.93 12.46 7.77 10.59 10.32 8.25 8.75 7.89 8.52 8.59 7.73 7.36 7.71 7.71 7.69 7.80 7.61 7.84 7.95 7.83 7.79 9.15 8.31 8.27 8.83 10.38 12.05 -9999 -9999 -9999 -9999 -9999 -9999 -9999 -9999 -9999
-9999 -9999 -9999 -9999 -9999 -9999 -9999 -9999 -9999 -9999 -9999 -9999 -9999 -9999 -9999 -9999 -9999 -9999 -9999 -9999 -9999 -9999 -9999 -9999 -9999 -9999 -9999 -9999 9.58 8.17 8.04 8.44 10.39 8.39 8.34 8.41 8.73 8.91 8.27 7.82 7.44 7.64 11.33 11.95 12.81 10.45 11.00 10.31 9.44 9.91 7.66 7.40 8.03 7.31 7.48 7.45 7.45 7.71 7.57 7.66 7.96 7.61 7.32 7.51 9.71 8.46 8.10 8.74 10.09 11.63 13.22 -9999 -9999 -9999 -9999 -9999 -9999 -9999
-9999 -9999 -9999 -9999 -9999 -9999 -9999 -9999 -9999 -9999 -9999 -9999 -9999 -9999 -9999 -9999 -9999 -9999 -9999 -9999 -9999 -9999 -9999 -9999 -9999 -9999 -9999 -9999 9.45 8.62 8.12 8.35 8.62 8.70 8.34 7.87 7.95 7.54 7.23 7.20 7.22 7.76 7.06 11.61 14.32 15.25 12.63 10.98 10.55 9.12 9.11 7.75 8.53 7.48 7.58 7.42 7.39 7.47 7.52 7.84 7.86 7.55 7.11 7.66 9.75 8.96 9.05 8.02 8.50 9.87 11.60 -9999 -9999 -9999 -9999 -9999 -9999 -9999
-9999 -9999 -9999 -9999 -9999 -9999 -9999 -9999 14.12 12.99 13.47 14.83 -9999 -9999 -9999 -9999 -9999 -9999 -9999 -9999 -9999 -9999 -9999 -9999 -9999 -9999 -9999 9.98 8.76 9.15 8.51 9.37 8.85 8.04 7.71 7.70 7.51 7.45 7.15 7.03 6.72 6.44 9.81 12.58 12.92 11.06 13.91 12.58 9.42 9.32 7.22 9.65 9.25 7.74 7.63 7.43 7.34 7.41 7.50 7.68 8.02 7.70 7.08 7.28 7.93 9.72 9.40 9.76 8.09 8.28 10.06 12.03 -9999 -9999 -9999 -9999 -9999 -9999
-9999 -9999 -9999 -9999 -9999 -9999 -9999 -9999 13.10 11.87 11.74 12.59 -9999 -9999 -9999 -9999 -9999 -9999 -9999 -9999 -9999 -9999 -9999 -9999 -9999 -9999 9.95 9.63 8.72 9.14 10.24 8.89 8.61 7.59 7.47 7.63 7.38 7.50 7.45 6.56 5.81 5.43 7.55 14.18 14.70 10.83 12.60 11.73 11.28 8.34 7.29 8.73 9.07 8.10 7.17 7.14 7.28 7.76 7.66 7.56 7.66 7.92 7.36 7.46 7.76 9.59 9.56 9.32 8.23 8.22 8.97 11.05 -9999 -9999 -9999 -9999 -9999 -9999
-9999 -9999 -9999 -9999 -9999 -9999 16.77 13.18 11.18 11.17 10.94 12.15 11.94 13.38 14.14 -9999 -9999 13.43 11.17 -9999 -9999 -9999 9.46 10.54 9.39 -9999 7.49 9.78 9.11 8.78 9.31 8.64 8.51 8.32 8.87 8.38 8.26 7.25 7.45 6.51 6.13 9.05 6.44 9.68 12.99 8.20 10.28 14.74 9.00 10.73 8.30 8.61 8.62 7.92 7.52 7.46 7.46 7.81 7.43 7.51 7.37 8.03 7.30 7.42 7.83 8.49 9.22 10.04 9.43 8.34 8.27 10.04 12.24 -9999 -9999 -9999 -9999 -9999
-9999 -9999 -9999 -9999 -9999 -9999 -9999 13.70 11.84 10.91 10.38 10.68 11.78 13.11 9.99 -9999 8.24 10.47 11.02 9.23 10.03 6.71 6.13 10.58 10.15 8.53 -9999 7.42 9.33 9.35 8.57 8.40 8.77 7.88 7.78 7.79 7.57 7.62 7.12 7.14 6.49 9.47 10.03 10.40 11.27 10.63 13.01 12.87 10.51 8.35 7.67 9.20 9.09 7.60 7.99 7.47 7.93 8.12 7.58 7.46 7.27 8.04 7.42 7.62 7.97 8.06 8.93 9.57 10.13 9.22 8.48 9.30 11.37 -9999 -9999 -9999 -9999 -9999
