ML/MeanWindSpeed_1994-12_Actual.txt
ncols         180
nrows         290
xllcorner     -200000
yllcorner     -200000
cellsize      5000
NODATA_value  -9999
[rows 204 to 237 of 290, columns 77 to 153 of 180]
18.17 14.88 15.42 17.07 17.49 16.32 14.17 17.12 15.31 18.01 13.40 15.12 18.50 16.53 13.66 15.19 10.16 9.82 15.77 16.91 14.54 12.11 15.22 10.73 9.53 9.80 16.98 20.57 20.65 11.19 12.69 12.99 13.30 11.96 9.75 11.76 10.83 10.03 9.03 9.60 8.11 7.92 9.53 9.63 13.26 12.45 11.43 9.94 11.03 12.90 11.69 10.94 10.16 10.30 10.03 9.59 9.18 9.37 10.12 10.60 10.06 9.75 9.70 9.35 10.83 11.76 9.60 10.06 11.24 11.63 11.02 11.87 11.85 11.85 11.58 9.59 9.49
16.15 16.18 14.30 14.84 14.17 15.18 14.27 14.48 16.19 13.83 15.15 13.08 12.46 12.11 11.36 10.64 14.32 12.94 18.28 27.11 14.19 14.44 15.01 21.45 20.86 9.29 8.36 22.36 16.18 13.43 14.56 16.30 12.80 9.85 8.99 12.36 12.67 10.21 9.00 8.62 8.14 8.38 10.09 13.70 13.58 11.07 10.62 10.37 9.90 9.65 10.96 9.98 9.78 9.33 8.83 8.60 8.80 10.36 9.96 9.50 9.67 8.44 8.69 10.09 9.91 10.89 10.00 9.93 9.97 10.34 11.27 11.72 11.90 11.88 11.78 9.40 8.55
18.64 14.92 13.81 14.88 13.18 13.87 13.94 14.29 12.68 12.54 14.08 13.01 15.08 13.06 15.98 11.32 16.54 19.41 18.82 20.12 21.47 17.55 20.56 23.43 15.48 18.03 14.59 7.00 15.39 15.43 10.69 11.48 9.04 12.05 11.76 15.87 14.03 10.10 9.00 8.17 8.19 10.01 13.91 11.33 13.56 11.07 10.75 11.85 9.81 11.10 8.88 9.32 8.84 8.57 8.48 8.92 9.11 9.29 8.81 8.64 8.39 8.61 9.90 10.98 10.01 8.96 10.02 9.23 10.74 9.79 9.86 10.43 11.01 11.32 11.16 10.08 8.36
18.31 16.10 14.39 13.61 15.83 17.38 19.64 17.66 15.50 14.19 12.95 13.79 18.06 13.60 15.24 10.81 13.59 13.98 12.18 10.18 14.77 13.73 17.04 17.17 21.05 18.23 18.46 15.70 21.68 12.55 10.73 10.08 12.08 11.45 15.10 13.72 13.84 9.27 8.88 8.16 13.63 14.47 13.22 13.23 10.38 11.20 11.53 11.03 9.15 8.74 8.76 8.44 8.40 8.55 8.65 9.61 9.79 10.16 9.32 8.39 8.38 9.28 11.39 8.51 9.17 9.30 8.80 8.84 9.22 8.81 9.18 10.24 9.92 10.57 10.37 9.65 9.11
18.55 17.10 15.35 14.36 14.54 17.09 17.47 18.63 17.50 16.13 15.06 14.22 14.57 18.07 12.31 18.09 15.73 15.01 16.30 13.89 10.79 10.95 13.75 12.16 15.51 15.84 13.31 19.87 19.37 10.26 11.85 8.97 10.27 12.97 13.78 12.15 10.99 9.03 8.75 11.31 10.09 12.42 11.62 10.43 10.85 10.40 9.76 9.33 7.96 7.46 7.54 7.75 10.38 8.61 9.87 8.92 8.93 8.55 8.55 8.88 10.07 11.13 9.58 8.56 8.81 8.80 8.67 9.02 9.72 10.34 8.45 9.88 11.15 10.04 9.41 9.59 8.09
18.06 16.85 16.15 16.68 17.75 19.49 -9999 -9999 -9999 -9999 17.03 16.19 17.14 13.24 11.40 13.42 13.02 12.40 11.91 6.84 20.13 20.88 13.04 10.99 11.15 13.84 15.18 17.71 13.21 10.96 9.75 8.66 14.83 12.42 14.48 9.81 9.64 9.28 9.19 12.28 9.22 11.15 10.76 9.57 9.76 9.40 8.80 7.88 7.31 7.17 7.49 7.84 9.97 8.94 9.52 9.57 8.98 9.00 9.03 11.17 10.60 9.99 9.19 8.96 7.05 7.58 7.81 9.56 10.19 9.73 8.01 9.24 10.33 9.93 9.16 9.90 8.91
20.46 20.33 20.59 18.18 20.87 20.43 -9999 -9999 -9999 -9999 -9999 -9999 -9999 12.07 12.00 13.08 11.02 11.42 12.25 15.20 17.93 21.29 19.81 16.43 13.45 12.84 10.85 14.54 14.72 9.80 8.45 14.21 13.77 15.10 10.25 9.49 9.84 9.49 11.03 11.62 10.41 10.27 9.72 9.25 9.02 8.72 8.29 8.13 7.89 8.85 8.16 8.39 8.62 8.78 8.99 8.77 9.76 11.45 11.03 9.48 11.07 10.03 8.54 8.10 7.24 7.45 8.78 9.52 8.91 7.97 7.77 9.40 7.81 8.30 9.73 8.67 8.55
-9999 -9999 20.70 -9999 -9999 -9999 -9999 -9999 -9999 -9999 -9999 19.43 16.75 15.69 17.33 15.80 13.67 12.13 12.53 12.71 15.75 17.57 16.90 11.05 10.34 15.72 13.42 12.57 9.73 8.75 8.65 12.64 12.43 12.06 10.14 10.04 10.22 8.33 12.62 12.44 10.04 9.79 9.13 9.07 9.01 8.73 9.48 8.75 8.94 8.08 8.12 8.31 8.70 8.75 9.31 8.53 10.60 12.74 10.40 10.72 7.77 9.26 8.26 7.66 9.45 9.15 9.19 9.76 8.57 7.53 7.63 7.44 8.29 9.16 8.10 8.75 8.32
-9999 -9999 -9999 -9999 -9999 -9999 -9999 -9999 -9999 -9999 -9999 21.32 20.10 16.75 18.36 18.74 -9999 -9999 12.56 16.23 9.02 11.39 11.02 11.37 12.61 14.69 10.25 8.95 9.88 10.19 11.43 11.93 11.88 11.19 10.75 11.65 9.38 9.76 12.26 10.01 9.16 8.56 8.76 9.68 9.58 9.00 9.23 8.53 8.63 9.47 10.22 9.74 10.59 8.97 8.50 9.67 12.90 9.86 9.77 8.97 6.72 8.83 8.39 8.53 9.01 8.91 8.30 7.95 9.90 8.09 7.75 7.48 7.47 7.58 7.13 6.56 8.61
-9999 -9999 -9999 -9999 -9999 -9999 -9999 -9999 -9999 -9999 -9999 -9999 -9999 -9999 -9999 -9999 -9999 -9999 14.68 12.43 11.77 9.98 8.63 8.74 9.53 10.93 10.34 10.55 11.80 13.22 14.10 13.66 -9999 11.66 10.83 9.98 9.15 9.87 11.81 9.91 9.71 8.74 7.77 7.89 9.45 8.68 9.15 10.98 11.21 10.82 12.02 13.17 11.08 10.51 10.10 10.04 11.38 9.23 9.11 8.88 7.79 7.54 7.60 8.55 9.28 8.50 7.74 7.83 7.91 7.74 7.56 7.33 7.27 7.22 7.38 7.47 7.98
-9999 -9999 -9999 -9999 -9999 -9999 -9999 -9999 -9999 -9999 -9999 -9999 -9999 -9999 -9999 -9999 -9999 -9999 -9999 14.28 12.08 10.28 10.20 11.01 9.18 9.19 10.27 12.48 -9999 -9999 -9999 -9999 13.22 11.47 10.52 9.27 8.93 9.82 11.77 10.06 10.15 8.97 7.55 8.94 8.70 11.01 10.56 13.36 11.25 11.41 10.86 11.36 11.05 10.01 11.14 8.37 8.88 9.42 7.62 7.94 7.42 7.10 7.02 6.81 6.87 7.28 6.81 6.80 6.75 7.02 6.95 8.74 9.10 7.35 7.32 7.59 7.82
-9999 -9999 -9999 -9999 -9999 -9999 -9999 -9999 -9999 -9999 -9999 -9999 -9999 -9999 -9999 -9999 -9999 -9999 -9999 -9999 14.32 15.52 13.51 11.63 11.69 11.85 13.27 -9999 -9999 -9999 -9999 14.06 13.52 12.98 8.49 8.10 8.35 11.49 12.08 11.06 9.81 8.10 8.17 8.07 10.45 12.76 11.53 11.72 10.70 10.92 10.58 9.03 9.69 9.68 9.09 8.85 8.62 8.46 7.77 7.85 8.56 8.72 8.64 6.85 6.82 6.90 6.62 7.47 7.27 7.74 7.09 8.13 7.97 7.73 9.09 7.74 8.62
-9999 -9999 -9999 -9999 -9999 -9999 -9999 -9999 -9999 -9999 -9999 -9999 -9999 -9999 -9999 -9999 -9999 -9999 -9999 -9999 -9999 15.86 15.76 14.05 13.78 13.42 15.86 -9999 -9999 -9999 13.03 10.34 9.50 11.94 11.15 10.02 8.26 10.06 8.69 10.96 9.77 7.55 9.43 10.98 11.10 10.65 11.97 10.79 10.21 9.84 8.98 8.72 8.52 8.77 9.48 8.93 8.11 8.12 8.24 8.19 9.17 8.55 8.49 7.80 6.93 7.01 6.69 6.82 6.76 7.30 7.33 7.56 7.29 8.52 8.99 9.30 8.75
-9999 -9999 -9999 -9999 -9999 -9999 -9999 -9999 -9999 -9999 -9999 -9999 -9999 -9999 -9999 -9999 -9999 -9999 -9999 -9999 -9999 -9999 -9999 -9999 -9999 -9999 -9999 -9999 -9999 16.21 11.11 8.67 8.48 11.49 9.17 10.11 10.98 10.41 10.07 10.27 8.22 7.96 8.54 10.08 10.00 10.49 10.74 11.11 10.72 10.34 12.39 9.96 10.03 9.09 9.76 9.68 8.48 8.48 7.91 8.45 9.32 8.24 7.38 7.25 7.28 7.06 7.69 7.08 7.73 7.18 8.67 9.26 8.60 6.96 10.38 11.24 9.03
-9999 -9999 -9999 -9999 -9999 -9999 -9999 -9999 -9999 -9999 -9999 -9999 -9999 -9999 -9999 -9999 -9999 -9999 -9999 -9999 -9999 -9999 -9999 -9999 -9999 -9999 -9999 -9999 -9999 12.74 11.20 9.17 16.35 13.80 9.15 10.27 11.11 11.26 11.47 9.05 8.60 8.58 8.44 10.05 9.75 9.59 12.19 11.94 13.46 11.25 11.49 13.18 10.72 9.88 9.65 8.84 8.58 8.22 8.02 8.44 8.20 8.33 7.55 7.00 7.07 6.93 7.39 9.73 8.64 9.54 9.91 11.13 8.93 7.02 8.48 8.69 6.90
-9999 -9999 -9999 -9999 -9999 -9999 -9999 -9999 -9999 -9999 -9999 -9999 -9999 -9999 -9999 -9999 -9999 -9999 -9999 -9999 -9999 -9999 -9999 -9999 -9999 -9999 -9999 -9999 -9999 12.07 8.71 7.15 10.20 15.28 13.77 12.59 11.06 12.63 10.01 9.59 8.95 11.46 11.52 12.28 11.54 10.47 10.77 10.53 10.90 11.35 11.29 10.11 10.03 9.99 9.92 9.04 8.67 8.55 8.39 8.90 8.36 7.99 7.18 7.16 8.41 9.62 8.49 9.55 8.61 8.14 8.14 9.27 11.66 10.92 7.49 7.07 7.80
-9999 -9999 -9999 -9999 -9999 -9999 -9999 -9999 -9999 -9999 -9999 -9999 16.70 17.17 14.19 21.65 21.14 21.39 21.72 24.57 13.48 21.57 14.86 -9999 -9999 -9999 -9999 -9999 -9999 11.07 9.03 8.27 6.66 8.36 11.79 14.07 13.12 11.27 10.18 10.25 11.32 12.98 11.73 10.42 10.35 9.74 10.02 10.30 9.54 8.82 8.59 9.35 8.65 9.73 10.54 11.74 10.17 9.22 9.73 9.47 8.46 9.23 7.68 7.08 8.95 10.27 8.41 7.55 7.89 7.52 6.92 6.47 6.84 6.62 5.77 5.57 5.59
-9999 -9999 -9999 -9999 -9999 -9999 -9999 -9999 -9999 -9999 -9999 -9999 19.20 17.74 17.52 14.62 18.45 21.65 20.77 21.63 21.93 17.24 14.85 12.62 13.87 17.32 14.26 12.79 10.86 9.93 8.79 8.09 7.25 6.33 7.36 11.53 11.94 10.77 9.66 13.98 11.60 9.88 10.58 11.10 9.72 9.46 10.09 9.83 10.01 9.43 9.39 7.88 8.29 9.25 9.59 9.76 10.88 11.16 8.78 8.24 7.69 7.22 8.40 7.02 12.43 9.83 9.26 8.39 7.72 7.78 7.19 8.20 8.05 5.92 8.04 7.16 7.88
-9999 -9999 -9999 -9999 -9999 -9999 -9999 -9999 -9999 -9999 -9999 16.69 14.24 12.77 11.68 10.53 14.73 19.43 19.08 17.84 18.23 18.18 16.00 13.40 12.11 13.20 14.77 10.67 9.69 8.71 8.78 10.02 7.95 7.58 9.45 9.64 9.61 10.24 13.84 11.07 12.88 11.69 10.43 9.08 9.75 9.24 10.18 10.35 9.74 10.42 8.81 9.24 8.91 8.84 8.81 10.76 11.84 8.77 7.71 7.98 11.18 8.58 7.63 7.77 7.55 8.15 8.79 8.44 8.20 8.85 10.02 8.44 6.78 6.48 8.76 7.74 7.41
-9999 -9999 -9999 -9999 -9999 -9999 -9999 -9999 -9999 -9999 -9999 -9999 12.42 9.89 8.82 11.74 11.77 13.32 18.07 16.31 13.87 12.55 15.99 18.28 14.38 10.35 10.48 13.40 10.53 8.00 8.04 7.99 9.04 9.25 8.06 8.18 8.95 10.15 11.89 9.99 12.36 10.77 10.54 10.12 10.41 9.44 10.50 10.75 10.52 8.55 8.56 9.50 8.19 7.47 7.32 8.83 10.52 10.18 7.77 8.26 9.76 9.25 7.97 6.69 6.57 6.38 7.18 9.86 9.47 8.90 9.51 10.62 9.16 8.13 8.83 8.58 7.11
-9999 -9999 -9999 -9999 -9999 -9999 -9999 -9999 18.95 -9999 -9999 15.13 12.32 12.90 8.76 11.64 9.60 9.67 10.80 12.05 13.66 11.46 13.83 15.19 11.09 8.68 6.73 7.41 7.72 7.24 7.47 8.08 9.41 8.21 8.02 8.84 11.42 9.37 10.64 9.08 10.53 9.97 11.28 12.27 11.02 9.41 8.75 8.81 8.50 8.17 10.26 8.82 7.73 10.41 8.15 8.08 10.65 12.26 7.38 7.80 8.09 7.73 7.08 6.62 6.57 7.33 8.31 8.92 7.64 6.90 6.76 7.45 7.47 7.30 8.05 6.86 6.71
-9999 -9999 -9999 -9999 -9999 -9999 -9999 17.76 19.34 18.79 17.74 13.43 11.80 14.41 11.08 9.17 9.94 9.14 11.64 12.76 14.24 11.77 10.44 10.27 8.22 6.62 5.72 6.33 7.73 8.36 7.33 7.45 7.90 7.71 8.02 10.47 10.59 9.15 10.20 10.79 12.66 11.35 11.35 13.12 11.00 10.51 8.60 9.36 8.83 9.30 8.27 7.89 7.15 8.93 8.97 7.54 8.80 8.10 7.23 6.86 6.29 7.50 7.59 7.28 6.78 6.39 6.37 6.16 6.64 6.87 6.38 5.17 5.92 6.50 7.65 8.07 7.35
-9999 -9999 -9999 -9999 -9999 -9999 -9999 16.70 16.42 14.81 15.23 13.45 12.16 10.46 13.27 13.01 11.31 13.19 13.11 12.57 14.48 12.46 11.30 10.02 6.46 8.36 11.22 10.04 8.59 7.68 6.98 8.04 8.97 9.69 9.05 10.80 9.77 10.71 9.62 8.70 10.81 12.64 10.87 10.83 10.48 9.65 9.55 10.30 9.02 8.08 8.98 9.14 7.21 7.77 7.90 7.63 8.68 9.24 9.44 11.57 7.41 7.47 6.52 6.19 6.52 6.71 6.13 5.78 6.23 7.12 6.45 5.60 5.10 6.21 6.36 6.49 6.72
-9999 -9999 -9999 -9999 -9999 -9999 -9999 16.95 14.49 13.58 14.12 13.13 13.11 11.07 11.77 11.98 10.06 11.96 12.26 12.97 13.26 12.33 7.98 5.58 5.05 9.02 9.28 9.95 11.04 8.14 8.06 8.72 8.18 9.94 9.15 10.52 9.85 10.12 9.87 8.84 10.99 10.13 10.28 10.09 9.86 9.75 9.84 10.53 10.33 8.49 8.01 8.28 9.47 7.42 7.67 7.22 7.70 7.92 8.34 9.63 8.69 9.77 11.01 5.83 10.97 8.68 6.13 6.55 11.25 10.88 10.03 5.39 5.17 5.28 4.95 5.67 5.31
-9999 -9999 -9999 -9999 -9999 -9999 -9999 14.27 13.17 12.81 12.52 11.70 11.72 11.02 10.18 11.80 10.91 10.92 11.97 10.67 10.67 10.25 9.79 5.29 6.17 9.41 8.10 9.90 10.37 8.66 9.39 10.33 8.92 9.73 10.27 10.24 10.19 10.34 11.18 12.38 9.18 10.23 10.08 10.02 9.82 9.81 10.02 10.43 9.21 9.20 8.62 9.03 9.56 10.24 9.00 10.07 9.11 8.23 7.87 7.37 6.80 6.78 7.48 6.80 9.52 9.28 10.45 9.83 10.56 11.03 11.66 6.24 6.12 5.55 5.55 5.98 7.34
-9999 -9999 -9999 -9999 -9999 -9999 -9999 12.67 12.11 12.14 12.78 13.44 12.21 11.69 10.85 11.45 13.23 12.13 11.24 10.01 10.64 10.18 9.75 8.77 6.12 5.96 5.32 8.94 7.77 5.86 10.74 10.93 9.63 13.96 12.28 13.16 14.08 12.99 12.10 12.66 10.57 9.29 10.04 9.90 9.18 9.56 9.62 10.13 8.98 9.40 10.47 11.22 10.76 10.62 10.80 10.64 10.78 10.51 9.69 8.37 7.78 8.23 9.11 9.65 10.21 10.48 10.96 -9999 -9999 9.99 10.59 9.94 8.89 7.23 11.40 8.38 -9999
-9999 -9999 -9999 -9999 -9999 -9999 16.98 13.37 12.72 11.47 13.02 13.47 15.06 13.16 14.26 13.31 13.74 12.46 11.32 10.49 10.45 10.05 9.67 9.82 8.71 7.67 8.04 8.08 6.03 10.58 12.23 9.13 8.80 10.67 11.04 13.05 13.01 11.33 10.75 10.23 9.94 11.09 10.68 10.77 10.20 10.19 10.73 11.71 11.34 10.75 10.68 10.88 11.18 -9999 -9999 12.30 13.42 13.46 12.53 11.63 10.89 11.08 -9999 -9999 -9999 -9999 -9999 -9999 -9999 -9999 -9999 -9999 10.16 10.67 13.16 10.96 -9999
-9999 -9999 -9999 -9999 -9999 18.74 15.99 12.99 13.51 11.63 11.64 11.90 12.63 12.50 17.51 18.23 15.64 14.16 13.67 13.82 11.86 10.67 10.04 10.87 10.42 13.00 13.33 12.34 11.76 14.47 10.87 11.48 11.75 13.01 14.27 11.78 10.04 10.96 9.70 9.93 9.71 10.11 10.12 12.31 13.86 13.86 13.30 13.12 13.49 12.14 -9999 10.03 11.14 10.80 11.46 12.54 -9999 -9999 -9999 -9999 13.50 -9999 -9999 -9999 -9999 -9999 -9999 -9999 -9999 -9999 -9999 -9999 -9999 -9999 -9999 -9999 -9999
-9999 -9999 -9999 -9999 19.82 18.19 17.13 14.76 12.04 11.43 11.12 10.03 10.53 13.36 21.11 22.81 15.22 13.76 17.44 12.49 14.94 11.33 10.49 14.85 12.78 11.79 11.70 12.25 -9999 -9999 -9999 -9999 -9999 13.67 15.64 14.81 12.14 11.78 11.07 10.09 10.07 9.95 10.94 12.87 -9999 -9999 -9999 -9999 -9999 14.26 14.08 12.04 10.27 10.02 13.04 12.88 -9999 -9999 -9999 -9999 -9999 -9999 -9999 -9999 -9999 -9999 -9999 -9999 -9999 -9999 -9999 -9999 -9999 -9999 -9999 -9999 -9999
-9999 -9999 -9999 12.77 14.25 16.49 16.50 14.39 13.72 12.76 10.15 11.61 12.43 16.32 20.05 21.89 19.43 17.24 14.13 15.46 12.62 13.19 12.30 15.28 14.81 -9999 -9999 -9999 -9999 -9999 -9999 -9999 -9999 -9999 14.21 14.77 13.00 14.83 16.10 16.43 12.88 15.73 15.39 16.40 -9999 -9999 -9999 -9999 -9999 -9999 -9999 11.90 12.15 9.92 11.31 -9999 -9999 -9999 -9999 -9999 -9999 -9999 -9999 -9999 -9999 -9999 -9999 -9999 -9999 -9999 -9999 -9999 -9999 -9999 -9999 -9999 -9999
18.03 15.75 15.38 12.06 12.33 14.24 16.48 16.87 14.41 11.67 11.88 13.38 13.88 15.54 19.40 17.17 17.32 16.20 17.35 9.04 12.90 18.10 14.49 -9999 -9999 -9999 -9999 -9999 -9999 -9999 -9999 -9999 -9999 -9999 -9999 -9999 15.93 -9999 -9999 -9999 -9999 14.32 17.87 18.53 -9999 -9999 -9999 -9999 -9999 -9999 -9999 -9999 12.20 15.08 12.83 -9999 -9999 -9999 -9999 -9999 -9999 -9999 -9999 -9999 -9999 -9999 -9999 -9999 -9999 -9999 -9999 -9999 -9999 -9999 -9999 -9999 -9999
17.81 14.70 13.20 10.20 11.60 14.01 14.73 16.02 14.58 13.50 15.48 11.48 10.49 13.19 17.45 17.52 14.62 12.10 14.53 10.66 10.22 12.67 -9999 -9999 -9999 -9999 -9999 -9999 -9999 -9999 -9999 -9999 -9999 -9999 -9999 -9999 18.07 -9999 -9999 -9999 -9999 -9999 -9999 -9999 -9999 -9999 -9999 -9999 -9999 -9999 -9999 -9999 -9999 -9999 -9999 -9999 -9999 -9999 -9999 -9999 -9999 -9999 -9999 -9999 -9999 -9999 -9999 -9999 -9999 -9999 -9999 -9999 -9999 -9999 -9999 -9999 -9999
16.04 16.36 13.92 10.31 11.75 12.17 12.20 13.45 13.22 13.75 16.17 11.04 10.73 12.53 15.39 21.52 21.81 11.21 11.82 11.46 12.48 16.29 -9999 -9999 -9999 -9999 -9999 -9999 -9999 -9999 -9999 -9999 -9999 -9999 -9999 -9999 -9999 -9999 -9999 -9999 -9999 -9999 -9999 -9999 -9999 -9999 -9999 -9999 -9999 -9999 -9999 -9999 -9999 -9999 -9999 -9999 -9999 -9999 -9999 -9999 -9999 -9999 -9999 -9999 -9999 -9999 -9999 -9999 -9999 -9999 -9999 -9999 -9999 -9999 -9999 -9999 -9999
13.58 13.87 15.82 13.48 12.93 11.88 12.95 11.89 12.04 12.97 11.99 12.85 12.05 11.68 15.53 18.40 17.70 14.56 10.99 11.32 16.02 14.59 -9999 -9999 -9999 -9999 -9999 -9999 -9999 -9999 -9999 -9999 -9999 -9999 -9999 -9999 -9999 -9999 -9999 -9999 -9999 -9999 -9999 -9999 -9999 -9999 -9999 -9999 -9999 -9999 -9999 -9999 -9999 -9999 -9999 -9999 -9999 -9999 -9999 -9999 -9999 -9999 -9999 -9999 -9999 -9999 -9999 -9999 -9999 -9999 -9999 -9999 -9999 -9999 -9999 -9999 -9999
