ML/MeanWindSpeed_1995-10_Actual.txt
ncols         180
nrows         290
xllcorner     -200000
yllcorner     -200000
cellsize      5000
NODATA_value  -9999
[rows 170 to 203 of 290, columns 78 to 155 of 180]
-9999 -9999 -9999 -9999 -9999 -9999 -9999 -9999 -9999 -9999 -9999 -9999 -9999 -9999 -9999 -9999 -9999 -9999 -9999 -9999 -9999 -9999 -9999 -9999 -9999 -9999 -9999 -9999 9.91 9.07 8.43 8.65 8.98 9.14 8.59 7.84 8.14 7.74 7.45 7.55 7.57 8.62 7.66 14.81 18.78 19.25 15.25 12.65 11.16 8.87 9.08 7.46 9.00 7.27 7.16 6.80 6.77 7.04 7.51 8.52 8.89 8.69 7.99 8.50 11.33 10.17 10.21 8.31 8.26 9.50 11.26 -9999 -9999 -9999 -9999 -9999 -9999 -9999
-9999 -9999 -9999 -9999 -9999 -9999 -9999 -9999 19.38 18.17 18.72 20.17 -9999 -9999 -9999 -9999 -9999 -9999 -9999 -9999 -9999 -9999 -9999 -9999 -9999 -9999 -9999 10.57 9.12 9.79 8.80 10.05 9.24 8.39 8.19 8.25 7.95 7.98 7.72 7.71 7.49 7.36 11.68 15.49 15.69 12.04 16.63 14.81 9.52 9.46 6.47 10.45 10.08 7.71 7.42 7.00 6.92 7.28 7.94 8.89 9.76 9.54 8.52 8.43 8.81 11.33 10.73 11.13 8.27 7.98 9.70 11.74 -9999 -9999 -9999 -9999 -9999 -9999
-9999 -9999 -9999 -9999 -9999 -9999 -9999 -9999 18.62 17.43 17.00 17.47 -9999 -9999 -9999 -9999 -9999 -9999 -9999 -9999 -9999 -9999 -9999 -9999 -9999 -9999 10.48 10.28 9.25 9.69 11.08 9.14 9.12 7.83 7.89 8.31 8.08 8.39 8.55 7.47 6.84 6.87 9.21 17.93 17.91 11.66 13.98 13.02 12.32 7.89 6.54 9.09 9.68 8.24 6.89 6.78 7.12 8.22 8.68 9.23 9.71 10.35 9.30 8.98 8.63 10.98 10.74 10.38 8.62 8.19 8.61 10.73 -9999 -9999 -9999 -9999 -9999 -9999
-9999 -9999 -9999 -9999 -9999 -9999 22.89 18.24 15.98 16.56 16.04 17.31 16.48 17.79 18.57 -9999 -9999 16.82 13.07 -9999 -9999 -9999 9.31 11.29 10.46 -9999 7.95 10.90 9.75 9.07 9.75 8.86 9.26 9.22 10.08 9.43 9.47 8.16 8.76 7.77 7.58 12.67 8.16 11.06 15.25 7.63 10.12 17.64 9.13 11.70 8.19 8.86 8.89 7.99 7.57 7.55 7.71 8.61 8.63 9.44 9.49 10.66 9.43 8.99 8.81 9.20 10.00 11.23 10.32 8.41 7.99 9.72 11.99 -9999 -9999 -9999 -9999 -9999
-9999 -9999 -9999 -9999 -9999 -9999 -9999 18.87 16.68 15.76 15.07 15.30 16.85 18.96 15.13 -9999 13.34 14.05 14.23 10.98 11.69 6.90 5.82 12.30 12.24 10.48 -9999 7.84 10.20 9.97 8.84 8.67 9.67 8.62 8.40 8.43 8.34 8.71 8.26 8.85 8.21 12.96 13.35 12.38 13.16 11.96 14.55 14.71 11.98 8.49 7.56 10.02 9.78 7.63 8.46 7.85 8.66 9.14 8.80 9.27 9.34 10.70 9.52 8.98 8.84 8.39 9.30 10.25 11.22 9.67 8.29 8.91 11.07 -9999 -9999 -9999 -9999 -9999
-9999 -9999 -9999 -9999 -9999 -9999 -9999 -9999 18.02 16.99 15.87 14.82 14.52 12.45 11.33 20.29 29.93 13.13 16.03 14.26 12.09 9.18 5.29 5.38 9.24 13.20 10.69 7.74 8.37 9.79 8.86 9.08 10.83 9.29 8.34 7.68 7.97 8.20 7.93 8.18 8.09 15.23 16.37 12.66 12.79 9.96 8.81 10.71 10.93 8.09 7.65 9.34 8.23 7.49 8.54 8.04 9.64 8.96 9.09 9.02 8.99 10.82 9.17 8.76 8.71 8.30 8.79 9.35 9.44 9.80 10.30 8.29 10.21 12.58 -9999 -9999 -9999 -9999
-9999 -9999 -9999 -9999 -9999 -9999 -9999 -9999 -9999 19.31 15.88 13.83 11.95 11.85 15.69 35.93 24.65 11.13 17.91 9.67 13.38 12.41 6.97 3.84 13.53 11.12 12.64 10.46 8.17 8.42 8.66 7.67 8.96 9.48 8.74 8.07 7.42 7.76 7.39 7.12 9.82 11.28 16.81 13.22 14.06 12.70 6.59 9.84 12.77 8.49 8.47 9.24 8.01 7.90 8.22 8.10 9.74 8.76 8.69 9.13 8.70 9.68 9.47 8.78 8.54 8.35 8.44 9.10 10.78 9.20 8.16 8.20 9.75 12.25 -9999 -9999 -9999 -9999
-9999 -9999 -9999 -9999 -9999 -9999 -9999 -9999 -9999 -9999 15.95 12.91 13.57 16.90 32.38 35.26 24.21 17.99 15.80 14.75 15.18 14.71 13.99 7.89 6.50 15.25 11.82 10.62 9.67 8.22 8.12 8.19 8.06 8.58 7.82 7.06 7.19 7.16 6.87 7.17 8.81 11.65 13.23 10.27 10.77 13.35 10.42 6.35 12.67 8.94 8.68 9.27 7.93 7.97 7.82 8.64 9.66 8.83 8.68 8.89 8.38 10.55 9.60 8.92 8.68 8.50 8.86 8.61 8.55 8.05 7.80 8.22 10.28 12.52 -9999 -9999 -9999 -9999
-9999 -9999 -9999 -9999 -9999 -9999 -9999 -9999 -9999 -9999 14.95 13.66 18.01 21.67 25.02 29.49 18.20 13.88 16.21 18.13 16.87 17.03 14.03 9.32 5.51 15.53 15.28 11.72 10.71 8.22 7.79 8.18 9.20 8.35 7.68 7.13 6.29 5.97 6.53 9.35 9.42 6.83 13.74 10.28 11.27 13.91 13.60 9.93 8.45 7.97 6.35 8.35 9.23 7.74 7.56 7.38 8.40 8.30 8.93 8.73 8.44 9.09 9.89 9.30 9.25 8.83 8.69 8.30 7.85 7.79 8.34 9.59 11.51 -9999 -9999 -9999 -9999 -9999
-9999 -9999 -9999 -9999 -9999 -9999 -9999 -9999 -9999 -9999 13.49 14.20 17.02 17.16 24.86 22.06 16.46 17.98 14.06 14.57 17.42 14.27 17.45 13.21 7.32 13.93 15.75 14.92 10.30 8.97 7.47 8.52 9.87 9.04 7.57 6.60 5.93 6.30 8.37 8.80 6.67 6.65 11.01 10.74 10.57 10.58 9.61 9.57 10.49 5.90 7.30 7.60 7.13 7.68 7.00 8.37 7.35 8.05 8.65 8.60 8.80 11.40 10.06 9.38 9.08 8.98 8.68 8.34 8.06 8.20 9.54 11.35 -9999 -9999 -9999 -9999 -9999 -9999
-9999 -9999 -9999 -9999 -9999 -9999 -9999 -9999 -9999 14.53 26.02 15.52 17.63 20.65 14.30 29.56 25.33 22.57 18.48 20.47 14.54 14.57 11.99 9.23 11.45 17.07 14.78 14.10 9.80 8.19 6.93 8.97 8.97 8.08 7.38 6.22 6.05 8.01 7.55 6.71 8.28 9.88 6.63 13.27 12.16 7.98 9.05 8.20 7.19 7.09 5.94 5.89 6.17 7.63 6.91 6.26 8.66 7.88 8.36 8.82 9.36 11.49 10.06 9.33 9.25 8.81 8.62 8.18 8.04 9.19 10.91 -9999 -9999 -9999 -9999 -9999 -9999 -9999
-9999 -9999 -9999 -9999 -9999 -9999 -9999 14.95 14.44 19.86 17.17 13.68 14.39 16.74 11.43 14.43 17.65 22.32 20.17 20.71 16.70 15.86 7.06 10.71 10.88 7.40 8.60 8.35 9.76 8.41 7.28 8.47 8.62 8.35 7.15 7.00 8.54 7.29 7.94 6.55 8.68 9.70 9.13 7.76 6.78 9.37 8.60 7.88 7.83 7.61 7.16 5.24 6.57 6.35 5.43 6.01 7.03 7.73 8.43 8.48 9.32 11.23 9.94 9.01 9.02 8.54 8.29 7.99 8.41 9.88 -9999 -9999 -9999 -9999 -9999 12.52 12.18 11.56
-9999 -9999 -9999 -9999 -9999 -9999 14.96 14.72 14.62 14.79 14.09 13.34 11.86 9.57 8.38 11.67 14.75 17.45 26.76 13.64 9.21 8.10 3.63 13.25 15.49 14.56 9.90 8.53 9.60 9.17 8.32 8.52 9.12 8.24 7.72 7.58 8.39 8.67 6.50 6.47 8.84 8.92 8.31 7.63 7.94 8.67 7.04 7.83 6.44 6.39 7.16 6.20 5.43 4.81 5.32 6.89 6.82 7.37 8.01 8.46 9.01 11.39 10.31 8.98 8.48 8.14 8.01 7.88 8.35 9.55 -9999 -9999 -9999 -9999 -9999 10.99 10.23 9.93
-9999 -9999 -9999 -9999 -9999 15.47 16.83 15.64 15.23 -9999 -9999 -9999 -9999 9.95 18.26 15.76 15.42 17.89 13.70 9.13 12.16 10.25 7.82 21.58 18.11 14.29 15.31 11.07 8.32 9.03 8.94 8.05 8.03 7.77 7.31 8.02 7.12 8.91 6.83 6.64 7.27 8.03 8.40 8.19 6.87 7.15 7.04 6.90 6.36 5.89 5.41 5.26 5.13 5.55 6.52 6.68 6.69 7.89 8.86 9.11 9.05 10.29 9.87 9.45 8.10 7.86 7.73 7.61 7.80 8.82 10.62 -9999 -9999 -9999 -9999 9.73 8.94 8.66
-9999 -9999 -9999 -9999 -9999 17.37 19.82 15.02 15.54 -9999 -9999 -9999 -9999 10.54 15.09 18.08 10.47 16.38 13.85 11.41 14.77 16.33 11.16 16.91 7.27 9.77 10.45 9.51 8.07 8.15 8.46 8.04 8.23 8.88 7.35 8.18 7.57 7.62 8.33 6.81 7.13 6.28 7.65 9.14 9.67 9.52 7.26 6.35 6.14 5.95 6.45 5.57 5.92 6.72 7.21 8.40 7.53 10.33 10.32 10.55 9.10 9.54 9.27 8.89 7.67 7.69 7.59 7.42 7.45 7.71 8.88 9.98 -9999 -9999 10.34 9.69 9.11 9.26
-9999 -9999 -9999 -9999 -9999 -9999 -9999 -9999 -9999 -9999 -9999 -9999 -9999 11.62 17.66 14.90 9.71 12.04 8.13 17.01 14.56 6.82 11.60 10.71 8.71 10.35 8.04 7.59 6.98 8.60 8.17 8.50 8.00 7.27 7.16 7.08 6.80 7.18 8.04 7.09 6.68 7.07 7.69 7.41 8.68 9.11 6.41 8.22 9.50 7.67 7.49 6.93 5.65 7.06 8.47 9.97 9.59 8.84 9.50 10.50 9.56 9.85 9.07 8.63 7.30 7.45 7.48 7.47 7.36 7.10 7.43 8.22 9.27 9.68 9.16 9.26 8.10 9.34
-9999 -9999 -9999 -9999 -9999 -9999 -9999 -9999 -9999 -9999 -9999 -9999 -9999 -9999 17.60 5.63 6.28 10.80 16.15 13.08 14.34 12.59 6.41 8.31 10.62 6.15 6.35 5.86 6.49 7.02 7.80 7.90 7.81 7.27 6.82 6.63 7.06 6.91 7.82 7.61 6.96 10.11 9.05 7.21 7.10 7.23 7.48 7.29 8.79 9.04 8.04 9.57 7.05 6.74 7.83 7.33 7.97 8.32 8.28 10.14 9.98 9.37 8.27 8.35 7.13 7.27 7.30 7.28 7.30 7.33 7.37 7.38 7.90 8.27 8.32 8.16 8.20 9.67
-9999 -9999 -9999 -9999 -9999 -9999 -9999 -9999 -9999 -9999 -9999 -9999 -9999 -9999 11.36 17.64 18.73 14.44 10.73 8.14 10.93 7.19 7.44 5.44 5.04 8.91 5.87 5.88 8.94 8.21 7.87 7.48 6.57 6.55 7.45 7.19 8.85 8.65 8.15 7.58 6.99 9.94 11.14 9.05 7.46 6.91 7.44 7.49 7.39 7.95 8.94 12.13 10.01 7.21 6.63 7.28 8.88 10.49 10.51 9.65 10.28 9.36 8.15 7.43 7.01 7.12 7.14 7.33 7.37 7.43 7.50 7.61 7.77 7.99 8.35 8.33 8.07 9.22
-9999 -9999 -9999 -9999 -9999 -9999 -9999 -9999 -9999 -9999 -9999 -9999 -9999 14.59 13.99 10.00 21.45 11.92 7.89 10.72 9.35 6.89 11.37 6.44 6.06 10.39 5.29 14.80 10.15 7.32 7.60 9.41 7.08 6.59 10.87 10.44 9.16 7.40 8.10 8.06 7.61 8.68 9.56 9.19 8.06 7.62 7.39 7.41 7.92 7.59 9.27 9.04 8.31 7.64 7.12 8.16 9.57 11.04 10.91 9.21 9.21 8.55 7.82 7.30 6.97 6.97 7.12 7.31 7.39 7.40 7.52 7.66 7.63 7.83 8.73 8.77 8.34 8.71
-9999 -9999 -9999 -9999 -9999 -9999 -9999 -9999 -9999 -9999 -9999 -9999 -9999 12.19 13.20 20.76 10.77 3.92 6.97 6.95 8.96 12.69 12.38 8.13 7.61 8.14 5.83 7.35 8.85 10.94 10.69 7.78 7.85 7.62 8.18 9.16 7.34 7.16 8.36 8.36 9.10 9.62 8.91 9.28 8.77 8.08 7.63 7.31 7.40 7.50 8.59 8.94 8.25 6.97 7.55 9.31 11.03 9.95 10.73 10.37 9.01 7.72 8.63 7.32 7.52 7.08 7.18 7.16 7.28 7.39 7.39 7.47 7.57 7.71 9.07 8.82 8.15 8.31
-9999 -9999 -9999 -9999 -9999 -9999 -9999 -9999 -9999 -9999 -9999 -9999 -9999 13.25 16.54 6.17 8.62 7.00 8.73 8.42 15.29 12.12 14.35 9.80 8.25 5.68 4.57 6.02 11.22 14.38 16.10 8.60 10.93 8.86 8.92 8.63 6.42 7.06 7.84 8.48 9.33 8.59 8.75 10.66 9.45 8.02 7.79 9.33 7.14 7.77 8.18 7.91 7.23 6.96 7.91 8.65 9.20 9.28 9.18 8.01 7.64 8.19 8.36 6.76 6.68 7.03 7.05 7.14 7.10 7.02 7.19 7.28 7.41 7.60 8.08 7.92 8.19 7.93
-9999 -9999 -9999 -9999 -9999 -9999 -9999 -9999 -9999 -9999 -9999 -9999 -9999 -9999 8.43 10.49 13.77 16.95 17.72 13.33 13.35 9.96 5.47 5.55 4.70 6.42 6.85 5.62 8.02 8.89 13.97 10.61 8.74 8.25 10.26 9.70 6.67 8.32 7.17 7.73 11.33 8.74 8.46 8.37 8.64 7.54 7.39 9.74 8.76 7.69 8.36 7.73 7.34 7.83 8.87 8.12 7.91 7.34 8.37 7.13 8.67 8.54 6.97 6.59 7.40 7.22 6.75 6.78 6.74 6.82 6.98 7.09 7.23 7.30 7.38 7.47 7.81 7.69
-9999 -9999 -9999 -9999 -9999 -9999 -9999 -9999 -9999 -9999 -9999 -9999 -9999 -9999 10.58 12.83 14.57 17.06 20.45 17.54 12.03 7.70 5.30 7.93 11.17 13.90 16.29 10.90 6.95 7.84 9.87 9.38 6.57 11.35 10.02 10.00 8.05 9.37 7.78 7.48 8.73 10.84 10.09 8.94 8.20 7.57 7.50 8.99 8.65 8.04 7.99 8.56 8.82 9.04 9.50 8.21 7.61 9.35 9.25 9.01 8.41 8.58 7.07 7.47 8.16 6.70 6.44 6.52 6.53 6.71 6.79 6.85 6.96 7.04 7.12 7.04 6.83 6.52
-9999 -9999 -9999 -9999 -9999 -9999 -9999 -9999 -9999 -9999 -9999 -9999 -9999 11.49 9.11 11.01 14.40 15.88 14.09 13.30 9.87 11.40 18.35 13.60 13.60 13.19 9.55 7.81 8.73 9.22 6.82 6.28 7.63 10.62 10.52 9.85 7.92 9.68 7.29 7.54 9.88 9.04 9.72 9.79 8.78 8.16 7.80 8.95 8.69 7.62 7.95 7.94 7.79 8.91 8.22 9.66 8.66 9.56 8.27 8.53 8.53 7.17 6.84 8.05 7.79 6.35 6.25 6.74 6.45 6.69 6.75 6.95 6.91 6.81 6.76 6.47 6.86 7.19
-9999 -9999 -9999 -9999 -9999 -9999 -9999 -9999 -9999 -9999 -9999 -9999 -9999 14.81 11.87 10.09 9.73 12.43 18.03 17.01 14.61 11.81 12.50 14.41 15.78 15.29 8.66 11.43 12.99 6.66 10.14 4.75 6.52 9.52 12.55 8.03 9.07 7.23 6.39 7.24 8.44 12.65 10.22 10.22 9.44 8.82 8.52 8.65 8.15 7.43 7.55 7.37 7.26 7.19 8.95 9.61 9.42 10.09 8.35 7.44 7.30 6.60 7.14 7.79 7.27 6.65 7.24 6.91 7.33 6.80 6.82 7.14 7.19 6.71 6.44 6.14 6.05 7.22
-9999 -9999 -9999 -9999 -9999 -9999 -9999 -9999 -9999 -9999 -9999 -9999 -9999 12.70 11.06 6.17 8.04 12.05 18.33 15.22 15.39 11.17 13.55 12.35 9.79 10.71 11.22 10.25 7.68 5.56 6.43 10.91 6.11 6.52 7.37 8.08 10.52 8.40 6.32 7.02 8.21 8.85 8.79 10.29 9.58 8.94 8.95 7.76 6.95 7.72 7.94 8.03 7.09 7.93 9.60 9.49 8.03 8.11 9.13 7.45 7.70 6.12 7.41 7.50 6.33 6.36 6.78 6.11 6.54 6.54 6.66 6.81 6.64 6.44 6.35 6.11 6.55 5.79
-9999 -9999 -9999 -9999 -9999 -9999 -9999 -9999 -9999 -9999 -9999 -9999 11.90 13.14 15.77 11.26 7.81 13.21 14.54 17.35 16.89 8.68 9.10 7.88 9.76 11.64 8.38 7.57 10.09 7.61 6.42 6.25 5.67 5.34 6.29 8.31 8.37 8.04 7.72 7.07 6.80 7.93 8.61 7.78 8.55 8.09 8.91 7.61 7.43 7.55 6.89 6.71 7.09 8.79 8.44 8.37 7.27 8.31 8.30 7.57 6.15 7.22 7.21 7.19 7.43 6.88 6.32 6.32 6.24 6.53 6.67 6.54 6.39 6.16 6.02 6.13 6.54 6.37
-9999 -9999 -9999 -9999 -9999 -9999 -9999 -9999 -9999 -9999 -9999 14.06 13.49 13.96 10.65 7.81 12.23 16.50 16.68 13.12 15.31 9.29 11.22 8.91 7.84 16.87 9.16 9.58 6.12 6.49 4.50 4.66 6.50 9.14 7.92 10.93 8.24 8.97 7.10 6.78 7.04 7.47 8.01 7.53 7.75 8.22 8.38 6.44 7.32 7.19 7.30 7.44 7.80 8.64 7.41 8.46 7.62 7.78 6.41 6.11 7.65 8.02 7.13 7.31 7.10 6.00 6.83 7.08 7.12 7.12 6.69 6.32 5.99 6.31 6.27 7.19 7.45 7.63
-9999 -9999 -9999 -9999 -9999 -9999 -9999 -9999 -9999 16.10 13.87 11.91 8.85 7.85 8.30 8.76 13.61 14.80 16.27 17.89 14.63 11.24 5.68 10.23 9.00 14.31 9.42 7.55 7.25 5.02 4.66 4.19 7.74 11.28 10.24 10.17 6.91 7.40 7.24 7.28 8.25 7.66 8.19 7.12 7.28 7.67 6.61 6.44 6.91 8.21 7.81 8.94 9.72 8.81 7.93 7.11 6.69 7.62 8.04 7.36 7.70 6.22 7.22 7.39 6.45 5.53 5.89 7.43 7.36 7.50 6.35 6.03 5.77 6.17 7.64 8.13 7.63 8.73
-9999 -9999 -9999 -9999 -9999 14.95 13.66 11.98 16.94 16.84 16.61 15.95 11.21 9.46 8.23 15.43 12.33 14.51 14.16 13.17 8.40 6.85 4.61 7.46 7.14 16.43 13.46 9.68 5.96 6.43 5.93 10.19 7.46 10.31 10.65 9.66 8.45 7.28 6.71 8.24 7.52 6.69 8.53 6.95 6.92 6.27 6.62 7.43 8.23 7.02 8.30 7.66 8.20 9.48 9.13 8.59 8.00 8.52 8.23 7.40 6.59 7.57 6.01 5.90 5.77 5.53 6.77 7.30 7.54 6.69 5.97 6.15 6.52 8.07 8.17 7.39 8.37 7.05
-9999 -9999 -9999 -9999 16.80 13.44 14.37 13.23 12.26 14.74 13.33 13.67 10.05 7.61 12.67 13.18 13.09 7.06 14.75 8.75 5.12 13.16 8.89 4.27 15.06 11.91 10.09 4.01 4.13 5.68 11.36 8.25 7.87 7.75 8.03 10.38 9.62 9.32 7.33 7.68 6.83 6.68 7.92 7.22 6.54 6.46 6.96 7.97 7.55 10.23 7.52 7.01 7.62 8.83 7.94 7.80 7.10 7.17 7.74 7.15 7.83 6.76 5.80 5.86 6.36 5.80 6.35 6.60 5.98 5.90 5.99 6.28 6.66 7.30 8.34 8.13 8.09 7.36
-9999 -9999 -9999 16.50 15.57 11.01 10.37 10.60 11.94 10.82 11.49 9.98 10.62 16.86 11.85 8.75 13.44 4.23 8.20 8.09 13.20 12.18 13.42 10.07 9.76 7.69 3.61 11.11 10.95 6.05 7.51 7.63 7.52 8.23 7.33 7.57 9.96 10.35 6.94 6.52 6.52 7.31 6.42 5.78 6.32 10.15 7.28 7.00 7.80 8.90 7.86 7.06 7.92 8.72 8.55 9.22 8.20 6.88 6.57 6.41 7.67 6.99 6.02 7.20 7.03 6.19 6.45 6.33 6.13 6.67 6.91 7.00 7.39 7.39 8.30 7.18 6.84 7.24
17.65 14.31 16.62 12.62 12.07 12.87 11.21 10.40 13.52 11.54 11.42 11.25 15.25 13.93 10.49 11.12 9.50 5.94 5.54 11.06 11.89 9.25 9.58 12.68 8.12 3.41 11.73 14.30 10.46 10.81 7.38 8.40 7.50 8.05 11.03 7.76 10.82 8.05 6.63 6.23 6.62 9.15 5.54 6.09 12.01 7.92 7.18 7.14 8.00 9.22 7.16 7.37 7.84 7.39 8.21 8.21 7.39 6.74 7.16 6.53 6.94 7.35 7.27 6.58 6.10 5.88 5.97 6.83 9.10 8.15 9.45 8.51 6.88 8.55 7.99 8.03 7.47 7.10
13.32 12.67 16.61 20.94 18.52 17.39 12.51 14.06 16.53 14.34 13.32 16.35 13.01 11.35 14.43 9.01 4.67 5.67 6.00 10.21 9.78 8.97 8.22 7.96 5.99 8.93 23.20 16.67 11.22 7.95 9.15 8.52 11.12 8.53 9.25 7.68 7.36 7.14 7.14 6.28 5.86 6.02 5.48 10.65 11.33 9.80 7.66 7.04 10.82 8.37 7.28 7.66 6.98 8.11 8.00 7.59 6.48 8.10 7.48 6.50 8.79 8.31 6.59 6.19 6.11 6.03 6.93 8.53 9.21 8.91 9.65 8.57 7.87 8.78 8.21 7.14 7.60 7.36
