ML/MeanWindSpeed_1991-10_Actual.txt
ncols         180
nrows         290
xllcorner     -200000
yllcorner     -200000
cellsize      5000
NODATA_value  -9999
[rows 210 to 244 of 290, columns 78 to 155 of 180]
13.61 13.52 12.18 13.93 13.97 -9999 -9999 -9999 -9999 -9999 -9999 -9999 7.18 7.17 8.19 7.23 6.74 6.43 8.04 10.06 12.37 11.96 10.10 8.61 8.04 7.36 10.25 10.05 6.34 5.22 8.62 9.04 10.44 7.79 7.07 6.56 5.96 6.99 7.72 7.62 7.90 7.68 7.39 7.17 6.92 6.66 6.67 6.61 7.16 6.70 6.72 6.70 6.65 6.60 6.18 6.70 7.63 7.30 6.64 7.85 7.86 7.61 7.37 6.44 5.87 6.36 6.94 6.71 6.08 5.91 6.89 6.06 6.40 7.30 6.87 7.01 7.05 6.59
-9999 14.26 -9999 -9999 -9999 -9999 -9999 -9999 -9999 -9999 11.79 9.99 9.36 10.69 10.36 9.02 7.61 7.37 7.11 9.34 10.78 10.41 7.03 6.81 9.77 8.90 9.03 7.17 5.87 5.75 8.35 8.99 8.95 7.58 7.15 6.65 5.34 8.25 8.61 7.63 7.74 7.44 7.35 7.17 6.89 7.19 6.84 7.03 6.59 6.55 6.62 6.79 6.62 6.55 5.94 7.23 8.52 7.29 7.63 6.18 7.24 6.96 6.36 6.59 6.14 6.24 6.92 6.42 5.77 5.81 5.88 6.36 6.89 6.49 7.08 7.01 6.44 6.44
-9999 -9999 -9999 -9999 -9999 -9999 -9999 -9999 -9999 -9999 13.36 12.47 10.72 12.13 12.81 -9999 -9999 8.37 10.16 6.25 7.81 7.46 7.37 7.97 9.33 7.24 7.03 7.50 7.37 8.26 8.94 9.11 8.36 7.64 7.74 6.03 6.49 8.58 7.75 7.37 7.10 7.21 7.71 7.57 7.09 6.92 6.39 6.47 6.90 7.29 7.11 7.64 6.59 5.95 6.69 8.81 7.35 7.37 6.83 5.53 6.69 6.24 5.85 5.84 5.78 5.60 5.75 7.03 6.10 6.06 6.10 6.13 6.28 6.11 5.94 7.28 6.91 7.69
-9999 -9999 -9999 -9999 -9999 -9999 -9999 -9999 -9999 -9999 -9999 -9999 -9999 -9999 -9999 -9999 -9999 10.39 9.01 8.20 7.30 6.39 6.14 6.48 7.45 7.48 8.13 8.93 9.65 10.44 10.31 -9999 8.37 7.50 6.51 5.92 6.69 8.36 7.77 7.75 7.17 6.60 6.64 7.43 6.75 6.65 7.45 7.50 7.22 7.88 8.62 7.60 7.25 6.85 7.11 8.22 7.13 7.01 6.72 5.94 5.65 5.41 5.66 6.03 5.62 5.32 5.66 5.95 5.97 6.02 6.08 6.13 6.20 6.43 6.72 7.22 7.29 7.94
-9999 -9999 -9999 -9999 -9999 -9999 -9999 -9999 -9999 -9999 -9999 -9999 -9999 -9999 -9999 -9999 -9999 -9999 10.39 8.66 7.31 7.08 7.37 6.34 6.57 7.70 9.39 -9999 -9999 -9999 -9999 9.37 8.02 7.06 6.01 5.80 6.67 8.27 7.76 7.88 7.15 6.27 6.95 6.79 7.84 7.34 8.73 7.60 7.71 7.39 7.69 7.57 7.04 7.62 6.31 6.84 7.03 5.81 5.85 5.42 5.13 4.90 4.57 4.57 4.89 4.76 5.03 5.29 5.53 5.59 6.80 7.11 6.26 6.39 6.74 6.97 7.37 8.64
-9999 -9999 -9999 -9999 -9999 -9999 -9999 -9999 -9999 -9999 -9999 -9999 -9999 -9999 -9999 -9999 -9999 -9999 -9999 10.11 10.38 9.01 7.71 7.55 8.13 9.72 -9999 -9999 -9999 -9999 9.69 9.08 8.51 5.83 5.37 5.51 7.67 8.48 8.17 7.53 6.47 6.34 6.31 7.61 8.75 7.91 7.97 7.52 7.73 7.54 6.68 7.02 7.02 6.66 6.53 6.41 6.03 5.31 5.22 5.59 5.74 5.67 4.60 4.56 4.64 4.62 5.33 5.55 5.94 5.68 6.38 6.38 6.28 7.14 6.57 7.18 7.48 8.52
-9999 -9999 -9999 -9999 -9999 -9999 -9999 -9999 -9999 -9999 -9999 -9999 -9999 -9999 -9999 -9999 -9999 -9999 -9999 -9999 11.28 10.98 9.83 9.23 9.38 11.63 -9999 -9999 -9999 9.10 6.89 6.36 7.82 7.41 6.65 5.72 7.06 6.70 8.00 7.23 5.81 6.71 7.65 7.75 7.46 8.16 7.57 7.27 7.14 6.65 6.49 6.36 6.45 6.77 6.30 5.60 5.25 4.98 4.88 5.51 5.37 5.49 5.15 4.66 4.74 4.74 5.12 5.35 5.76 5.80 5.98 5.72 6.29 6.74 7.12 6.84 6.11 7.79
-9999 -9999 -9999 -9999 -9999 -9999 -9999 -9999 -9999 -9999 -9999 -9999 -9999 -9999 -9999 -9999 -9999 -9999 -9999 -9999 -9999 -9999 -9999 -9999 -9999 -9999 -9999 -9999 11.31 7.53 5.61 5.66 7.54 6.24 6.75 7.28 7.36 7.48 7.57 6.23 5.87 6.08 6.93 6.87 7.06 7.14 7.27 7.03 6.99 8.24 6.95 6.97 6.41 6.68 6.41 5.39 5.02 4.38 4.69 5.39 5.02 4.71 4.73 4.82 4.69 5.18 5.19 5.72 5.56 6.39 6.76 6.19 5.23 7.50 8.12 6.62 5.56 7.98
-9999 -9999 -9999 -9999 -9999 -9999 -9999 -9999 -9999 -9999 -9999 -9999 -9999 -9999 -9999 -9999 -9999 -9999 -9999 -9999 -9999 -9999 -9999 -9999 -9999 -9999 -9999 -9999 8.84 6.85 5.36 9.77 8.67 6.13 6.77 7.38 7.77 8.00 6.64 6.27 6.05 5.92 6.87 6.59 6.32 7.59 7.37 8.23 7.11 7.36 8.31 7.01 6.66 6.48 5.80 5.29 4.75 4.38 4.66 4.76 4.92 4.60 4.42 4.51 4.33 4.68 6.30 5.95 6.63 7.03 7.77 6.43 5.45 6.63 6.97 5.69 4.97 5.44
-9999 -9999 -9999 -9999 -9999 -9999 -9999 -9999 -9999 -9999 -9999 -9999 -9999 -9999 -9999 -9999 -9999 -9999 -9999 -9999 -9999 -9999 -9999 -9999 -9999 -9999 -9999 -9999 8.45 5.49 3.89 5.90 9.09 8.45 8.05 7.37 8.37 6.84 6.38 5.93 7.23 7.29 7.95 7.50 6.70 6.74 6.75 7.09 7.43 7.43 6.66 6.53 6.53 6.43 5.78 5.24 4.81 4.55 4.87 4.75 4.51 3.97 4.17 5.07 5.77 5.25 6.08 6.01 6.16 6.31 6.92 8.27 7.99 6.37 6.20 6.29 6.20 5.90
-9999 -9999 -9999 -9999 -9999 -9999 -9999 -9999 -9999 -9999 -9999 12.56 12.28 10.08 13.71 13.14 13.24 13.76 15.58 9.70 14.45 10.87 -9999 -9999 -9999 -9999 -9999 -9999 7.85 6.22 5.37 4.39 5.21 7.11 8.70 8.47 7.43 6.62 6.41 7.04 8.09 7.47 7.00 7.10 6.78 6.56 7.00 6.65 6.35 6.18 6.43 5.83 6.28 6.57 7.02 5.94 5.19 5.33 5.18 4.77 5.16 4.05 3.84 5.31 6.30 5.29 4.88 5.24 5.53 5.62 5.58 5.81 5.82 5.61 5.45 5.21 5.08 5.00
-9999 -9999 -9999 -9999 -9999 -9999 -9999 -9999 -9999 -9999 -9999 13.08 11.52 10.64 8.48 10.34 11.90 11.67 12.64 13.13 11.05 10.01 8.69 9.41 11.53 9.95 9.09 7.74 6.96 6.16 5.70 5.24 4.66 5.01 7.39 7.64 6.85 6.19 8.53 7.38 6.62 7.06 7.50 6.89 6.80 6.54 6.68 6.91 6.60 6.52 5.57 5.62 5.96 5.97 5.99 6.54 6.60 5.09 4.75 4.48 4.22 4.76 4.05 7.37 6.08 5.69 5.20 4.81 5.00 5.13 6.06 6.13 5.12 6.49 6.09 6.49 5.36 5.44
-9999 -9999 -9999 -9999 -9999 -9999 -9999 -9999 -9999 -9999 12.74 10.64 8.96 7.77 6.63 8.71 11.29 11.10 10.45 10.41 10.44 9.62 8.08 7.38 8.38 9.52 7.35 6.74 6.11 6.07 6.69 5.48 5.32 6.36 6.47 6.26 6.36 8.24 6.87 8.15 7.66 7.02 6.31 6.64 6.04 6.40 6.82 6.53 6.86 6.03 6.25 5.97 5.78 5.66 6.84 7.51 5.64 4.62 4.76 6.64 5.32 4.78 4.96 4.98 5.22 5.28 4.82 4.68 5.22 6.21 5.71 5.00 5.01 6.52 6.04 5.84 6.14 5.99
-9999 -9999 -9999 -9999 -9999 -9999 -9999 -9999 -9999 -9999 -9999 10.08 8.05 7.02 8.35 8.10 8.77 11.22 10.20 8.46 7.32 9.46 11.01 8.72 6.75 7.20 8.90 7.27 5.74 5.65 5.53 6.04 6.00 5.28 5.53 5.95 6.49 7.29 6.39 7.89 7.08 7.02 6.90 6.93 6.14 6.74 7.10 6.88 5.65 5.76 6.32 5.58 5.10 4.86 5.84 7.04 6.65 4.83 5.10 6.22 6.01 5.32 4.59 4.45 4.17 4.31 5.59 5.34 5.15 5.72 6.71 6.20 5.92 6.62 6.62 5.81 6.46 5.59
-9999 -9999 -9999 -9999 -9999 -9999 -9999 14.61 -9999 -9999 11.58 9.74 9.66 7.32 8.92 7.65 7.37 7.68 8.21 8.88 7.37 9.07 10.20 8.00 6.82 5.91 6.12 5.97 5.42 5.46 5.66 6.33 5.39 5.11 5.77 7.31 6.26 6.81 5.99 6.91 6.65 7.35 8.02 7.28 6.24 5.93 6.14 5.84 5.47 6.74 5.91 5.21 6.68 5.27 5.48 7.28 8.08 5.11 5.39 5.84 5.63 5.10 4.65 4.49 4.68 5.06 5.47 4.82 4.52 4.59 5.18 5.46 5.68 6.43 5.94 5.88 5.77 5.29
-9999 -9999 -9999 -9999 -9999 -9999 12.91 13.68 13.27 12.72 10.00 8.91 10.36 8.64 7.63 7.93 7.10 8.19 8.78 9.38 7.86 7.59 7.97 6.89 5.91 5.55 5.85 6.27 6.26 5.51 5.44 5.53 5.06 5.01 6.63 6.88 6.07 6.40 6.59 7.79 7.24 7.29 8.37 7.21 6.82 5.91 6.56 6.17 6.31 5.82 5.54 4.95 5.88 5.79 5.27 6.40 6.09 5.45 5.34 5.20 5.78 5.54 5.19 4.86 4.55 4.40 4.35 4.80 5.14 5.02 4.42 4.93 5.39 6.21 6.59 6.23 5.22 5.96
-9999 -9999 -9999 -9999 -9999 -9999 11.77 11.35 10.38 10.81 9.74 8.95 8.24 9.80 9.51 8.48 9.16 8.74 8.49 9.54 8.31 7.98 7.49 5.42 6.26 7.92 7.58 6.67 5.88 5.27 5.64 6.03 6.17 5.64 6.85 6.51 6.92 6.00 5.36 6.81 7.97 7.11 7.21 6.94 6.31 6.44 7.07 6.30 5.73 6.36 6.50 5.25 5.47 5.43 5.37 6.19 6.52 6.55 7.75 5.66 5.78 4.98 4.65 4.85 4.95 4.46 4.27 4.71 5.42 5.21 4.86 4.72 5.43 5.51 5.62 5.73 5.92 5.05
-9999 -9999 -9999 -9999 -9999 -9999 11.94 10.45 9.79 10.21 9.82 9.69 8.64 9.12 9.05 7.83 8.58 8.37 8.77 9.01 8.45 6.07 4.70 4.25 6.29 6.55 7.20 7.70 5.94 5.79 5.90 5.52 6.33 5.78 6.73 6.44 6.42 6.19 5.65 7.17 6.85 6.94 6.89 6.61 6.32 6.51 7.16 7.03 5.99 5.82 6.07 6.71 5.60 5.68 5.53 5.89 5.91 5.94 6.47 6.08 6.81 7.29 4.26 7.17 5.85 4.23 4.45 7.36 7.51 7.21 4.79 4.84 5.12 5.03 5.38 5.24 6.37 7.42
-9999 -9999 -9999 -9999 -9999 -9999 10.62 9.78 9.52 9.49 9.20 9.16 8.67 8.35 9.15 8.44 8.25 8.45 7.51 7.47 7.17 6.72 4.19 4.89 6.95 6.40 7.46 7.42 6.07 6.27 6.49 5.61 5.97 6.17 6.25 6.11 6.13 6.79 7.60 6.18 6.97 6.85 6.84 6.55 6.37 6.66 7.10 6.36 6.36 6.18 6.62 7.04 7.54 6.85 7.52 7.24 6.78 6.45 6.01 5.52 5.53 5.73 5.15 6.83 6.75 7.28 6.92 7.49 8.05 8.37 5.40 5.42 5.29 5.44 5.95 7.01 8.27 8.76
-9999 -9999 -9999 -9999 -9999 -9999 9.64 8.99 8.88 9.35 9.88 9.27 8.88 8.60 8.98 9.72 8.95 8.20 7.23 7.38 6.83 6.28 5.73 4.91 5.40 5.36 7.17 6.15 4.61 6.91 6.58 5.59 7.88 6.89 7.46 7.93 7.40 7.25 7.80 6.86 6.31 6.73 6.70 6.19 6.25 6.45 6.93 6.22 6.49 7.47 8.26 8.17 8.20 8.42 8.47 8.68 8.54 8.01 7.13 6.71 7.18 7.64 7.87 8.32 8.61 8.82 -9999 -9999 8.48 8.56 7.89 7.22 6.47 8.97 7.62 -9999 -9999 -9999
-9999 -9999 -9999 -9999 -9999 12.08 9.64 8.98 8.07 8.88 9.16 10.09 9.12 10.04 9.65 9.73 8.80 8.03 7.39 7.17 6.60 6.08 5.86 5.71 6.17 6.69 6.41 5.20 7.63 8.39 6.10 5.33 6.21 6.36 7.56 7.61 6.75 6.67 6.57 6.39 7.19 7.11 7.27 6.93 6.88 7.39 8.11 7.99 7.73 7.77 8.18 8.56 -9999 -9999 9.65 10.54 10.61 9.96 9.36 8.86 9.06 -9999 -9999 -9999 -9999 -9999 -9999 -9999 -9999 -9999 -9999 8.68 9.04 10.54 9.56 -9999 -9999 -9999
-9999 -9999 -9999 -9999 13.00 11.18 9.19 9.33 8.07 7.95 7.77 7.64 7.60 11.06 11.78 10.36 9.40 8.92 8.93 7.72 6.72 6.08 6.30 6.30 8.82 9.58 9.04 8.88 10.42 8.28 8.03 7.52 7.95 8.51 7.08 6.20 6.72 6.19 6.43 6.34 6.71 6.89 8.45 9.53 9.61 9.52 9.56 9.70 8.85 -9999 7.44 8.19 8.18 8.71 9.73 -9999 -9999 -9999 -9999 10.72 -9999 -9999 -9999 -9999 -9999 -9999 -9999 -9999 -9999 -9999 -9999 -9999 -9999 -9999 -9999 -9999 -9999 -9999
-9999 -9999 -9999 13.16 12.22 11.71 10.39 8.74 7.99 7.52 6.15 5.47 7.13 12.44 13.84 9.61 8.89 10.86 8.06 9.38 6.98 6.42 9.16 8.41 8.64 9.27 9.67 -9999 -9999 -9999 -9999 -9999 8.79 9.69 8.92 7.37 7.22 6.93 6.43 6.53 6.68 7.52 9.09 -9999 -9999 -9999 -9999 -9999 10.18 9.82 8.49 7.21 7.17 9.42 9.93 -9999 -9999 -9999 -9999 -9999 -9999 -9999 -9999 -9999 -9999 -9999 -9999 -9999 -9999 -9999 -9999 -9999 -9999 -9999 -9999 -9999 -9999 -9999
-9999 -9999 9.14 9.64 11.10 11.50 10.30 9.64 8.42 6.50 6.45 5.93 8.32 11.45 13.01 11.74 10.74 8.91 9.47 8.17 8.38 8.07 10.32 10.60 -9999 -9999 -9999 -9999 -9999 -9999 -9999 -9999 -9999 9.61 9.55 8.25 9.13 9.96 10.09 8.08 9.90 10.26 11.32 -9999 -9999 -9999 -9999 -9999 -9999 -9999 8.40 8.41 7.47 8.54 -9999 -9999 -9999 -9999 -9999 -9999 -9999 -9999 -9999 -9999 -9999 -9999 -9999 -9999 -9999 -9999 -9999 -9999 -9999 -9999 -9999 -9999 -9999 -9999
12.02 11.22 8.62 8.63 9.97 11.56 11.69 9.97 7.69 7.17 7.11 6.50 7.97 11.24 10.31 10.64 10.35 10.87 6.03 8.47 11.63 9.93 -9999 -9999 -9999 -9999 -9999 -9999 -9999 -9999 -9999 -9999 -9999 -9999 -9999 10.67 -9999 -9999 -9999 -9999 9.56 11.88 12.67 -9999 -9999 -9999 -9999 -9999 -9999 -9999 -9999 9.25 11.01 9.99 -9999 -9999 -9999 -9999 -9999 -9999 -9999 -9999 -9999 -9999 -9999 -9999 -9999 -9999 -9999 -9999 -9999 -9999 -9999 -9999 -9999 -9999 -9999 -9999
10.89 9.62 7.70 8.46 9.87 10.59 11.26 9.95 8.79 9.21 6.13 4.77 6.38 9.87 10.66 9.29 8.22 9.40 6.99 7.24 9.02 -9999 -9999 -9999 -9999 -9999 -9999 -9999 -9999 -9999 -9999 -9999 -9999 -9999 -9999 12.24 -9999 -9999 -9999 -9999 -9999 -9999 -9999 -9999 -9999 -9999 -9999 -9999 -9999 -9999 -9999 -9999 -9999 -9999 -9999 -9999 -9999 -9999 -9999 -9999 -9999 -9999 -9999 -9999 -9999 -9999 -9999 -9999 -9999 -9999 -9999 -9999 -9999 -9999 -9999 -9999 -9999 -9999
11.36 9.97 8.08 8.88 9.28 9.47 10.06 9.28 8.81 9.40 5.76 4.69 5.35 7.93 12.48 13.15 7.50 7.54 7.18 8.49 11.25 -9999 -9999 -9999 -9999 -9999 -9999 -9999 -9999 -9999 -9999 -9999 -9999 -9999 -9999 -9999 -9999 -9999 -9999 -9999 -9999 -9999 -9999 -9999 -9999 -9999 -9999 -9999 -9999 -9999 -9999 -9999 -9999 -9999 -9999 -9999 -9999 -9999 -9999 -9999 -9999 -9999 -9999 -9999 -9999 -9999 -9999 -9999 -9999 -9999 -9999 -9999 -9999 -9999 -9999 -9999 -9999 -9999
9.77 10.96 9.88 9.69 9.30 10.04 9.28 8.78 8.43 7.07 6.68 5.61 5.04 7.79 10.43 10.45 8.70 6.78 7.13 10.30 10.21 -9999 -9999 -9999 -9999 -9999 -9999 -9999 -9999 -9999 -9999 -9999 -9999 -9999 -9999 -9999 -9999 -9999 -9999 -9999 -9999 -9999 -9999 -9999 -9999 -9999 -9999 -9999 -9999 -9999 -9999 -9999 -9999 -9999 -9999 -9999 -9999 -9999 -9999 -9999 -9999 -9999 -9999 -9999 -9999 -9999 -9999 -9999 -9999 -9999 -9999 -9999 -9999 -9999 -9999 -9999 -9999 -9999
9.86 11.84 11.16 10.83 9.44 9.96 9.44 11.34 10.41 8.77 8.01 8.13 6.48 6.83 8.00 7.90 7.10 7.02 7.94 9.41 10.44 -9999 -9999 -9999 -9999 -9999 -9999 -9999 -9999 -9999 -9999 -9999 -9999 -9999 -9999 -9999 -9999 -9999 -9999 -9999 -9999 -9999 -9999 -9999 -9999 -9999 -9999 -9999 -9999 -9999 -9999 -9999 -9999 -9999 -9999 -9999 -9999 -9999 -9999 -9999 -9999 -9999 -9999 -9999 -9999 -9999 -9999 -9999 -9999 -9999 -9999 -9999 -9999 -9999 -9999 -9999 -9999 -9999
9.60 10.57 10.97 10.43 11.47 13.02 12.58 11.09 11.01 10.80 10.37 8.97 9.08 8.02 6.84 6.73 7.41 8.36 9.19 9.61 11.25 -9999 -9999 -9999 -9999 -9999 -9999 -9999 -9999 -9999 -9999 -9999 -9999 -9999 -9999 -9999 -9999 -9999 -9999 -9999 -9999 -9999 -9999 -9999 -9999 -9999 -9999 -9999 -9999 -9999 -9999 -9999 -9999 -9999 -9999 -9999 -9999 -9999 -9999 -9999 -9999 -9999 -9999 -9999 -9999 -9999 -9999 -9999 -9999 -9999 -9999 -9999 -9999 -9999 -9999 -9999 -9999 -9999
9.87 11.59 12.33 -9999 -9999 -9999 -9999 -9999 -9999 -9999 -9999 -9999 10.70 10.80 9.10 7.93 7.06 8.41 9.71 10.15 -9999 -9999 -9999 -9999 -9999 -9999 -9999 -9999 -9999 -9999 -9999 -9999 -9999 -9999 -9999 -9999 -9999 -9999 -9999 -9999 -9999 -9999 -9999 -9999 -9999 -9999 -9999 -9999 -9999 -9999 -9999 -9999 -9999 -9999 -9999 -9999 -9999 -9999 -9999 -9999 -9999 -9999 -9999 -9999 -9999 -9999 -9999 -9999 -9999 -9999 -9999 -9999 -9999 -9999 -9999 -9999 -9999 -9999
12.17 12.74 13.77 -9999 -9999 -9999 -9999 -9999 -9999 -9999 -9999 -9999 -9999 -9999 -9999 9.35 8.40 8.91 9.86 -9999 -9999 -9999 -9999 -9999 -9999 -9999 -9999 -9999 -9999 -9999 -9999 -9999 -9999 -9999 -9999 -9999 -9999 -9999 -9999 -9999 -9999 -9999 -9999 -9999 -9999 -9999 -9999 -9999 -9999 -9999 -9999 -9999 -9999 -9999 -9999 -9999 -9999 -9999 -9999 -9999 -9999 -9999 -9999 -9999 -9999 -9999 -9999 -9999 -9999 -9999 -9999 -9999 -9999 -9999 -9999 -9999 -9999 -9999
13.36 -9999 -9999 -9999 -9999 -9999 -9999 -9999 -9999 -9999 -9999 -9999 -9999 -9999 -9999 11.21 11.96 12.65 12.48 -9999 -9999 -9999 -9999 -9999 -9999 -9999 -9999 -9999 -9999 -9999 -9999 -9999 -9999 -9999 -9999 -9999 -9999 -9999 -9999 -9999 -9999 -9999 -9999 -9999 -9999 -9999 -9999 -9999 -9999 -9999 -9999 -9999 -9999 -9999 -9999 -9999 -9999 -9999 -9999 -9999 -9999 -9999 -9999 -9999 -9999 -9999 -9999 -9999 -9999 -9999 -9999 -9999 -9999 -9999 -9999 -9999 -9999 -9999
-9999 -9999 -9999 -9999 -9999 -9999 -9999 -9999 -9999 -9999 -9999 -9999 -9999 -9999 -9999 -9999 -9999 -9999 -9999 -9999 -9999 -9999 -9999 -9999 -9999 -9999 -9999 -9999 -9999 -9999 -9999 -9999 -9999 -9999 -9999 -9999 -9999 -9999 -9999 -9999 -9999 -9999 -9999 -9999 -9999 -9999 -9999 -9999 -9999 -9999 -9999 -9999 -9999 -9999 -9999 -9999 -9999 -9999 -9999 -9999 -9999 -9999 -9999 -9999 -9999 -9999 -9999 -9999 -9999 -9999 -9999 -9999 -9999 -9999 -9999 -9999 -9999 -9999
-9999 -9999 -9999 -9999 -9999 -9999 -9999 -9999 -9999 -9999 -9999 -9999 -9999 -9999 -9999 -9999 -9999 -9999 -9999 -9999 -9999 -9999 -9999 -9999 -9999 -9999 -9999 -9999 -9999 -9999 -9999 -9999 -9999 -9999 -9999 -9999 -9999 -9999 -9999 -9999 -9999 -9999 -9999 -9999 -9999 -9999 -9999 -9999 -9999 -9999 -9999 -9999 -9999 -9999 -9999 -9999 -9999 -9999 -9999 -9999 -9999 -9999 -9999 -9999 -9999 -9999 -9999 -9999 -9999 -9999 -9999 -9999 -9999 -9999 -9999 -9999 -9999 -9999
