ML/MeanWindSpeed_1996-02_Actual.txt
ncols         180
nrows         290
xllcorner     -200000
yllcorner     -200000
cellsize      5000
NODATA_value  -9999
[rows 210 to 244 of 290, columns 78 to 155 of 180]
14.70 14.85 13.04 15.31 15.11 -9999 -9999 -9999 -9999 -9999 -9999 -9999 8.35 8.33 9.67 8.74 8.96 9.38 11.56 13.86 16.65 15.74 13.37 11.49 11.24 9.93 13.31 13.24 8.52 7.13 11.66 11.79 13.17 9.42 8.60 8.47 7.94 9.17 10.13 10.05 10.43 10.01 9.48 9.06 8.65 8.27 8.20 7.91 8.56 7.93 7.88 7.79 7.79 8.01 7.66 8.06 8.61 7.60 6.60 8.36 8.84 8.39 8.09 7.47 7.73 8.77 9.38 8.94 8.22 7.93 9.21 8.05 8.42 9.50 8.75 8.65 8.49 7.42
-9999 15.14 -9999 -9999 -9999 -9999 -9999 -9999 -9999 -9999 13.64 11.75 11.10 12.52 11.90 10.57 9.51 9.98 10.30 13.20 15.03 14.12 9.45 9.24 13.56 11.91 11.76 9.45 7.90 7.55 10.78 11.17 11.07 9.20 8.72 8.67 7.17 10.82 11.27 9.98 10.22 9.75 9.51 9.19 8.69 9.03 8.30 8.30 7.60 7.52 7.51 7.66 7.60 8.09 7.48 9.01 10.38 7.87 8.13 6.38 8.42 8.23 7.93 9.46 9.26 9.33 9.89 8.94 7.99 7.95 7.96 8.64 9.26 8.47 9.04 8.68 7.67 7.17
-9999 -9999 -9999 -9999 -9999 -9999 -9999 -9999 -9999 -9999 15.27 14.36 11.99 13.61 14.34 -9999 -9999 10.18 13.55 8.65 10.67 10.03 9.96 10.74 12.53 9.41 9.04 9.56 9.17 10.12 10.80 10.91 10.12 9.31 9.75 8.00 8.54 11.11 9.96 9.55 9.40 9.57 10.08 9.71 8.86 8.70 7.97 8.00 8.60 9.07 8.54 9.02 7.67 7.32 8.40 11.11 8.88 8.38 7.50 6.13 8.44 8.56 8.87 9.20 9.19 8.89 8.69 10.06 8.45 8.13 8.00 7.99 8.18 7.89 7.47 9.05 8.18 8.49
-9999 -9999 -9999 -9999 -9999 -9999 -9999 -9999 -9999 -9999 -9999 -9999 -9999 -9999 -9999 -9999 -9999 12.01 10.83 10.49 9.35 8.02 7.82 8.23 9.52 9.48 10.18 10.96 11.68 12.49 12.27 -9999 10.02 9.21 8.60 8.08 8.77 10.87 10.02 10.09 9.51 8.79 8.75 9.66 8.76 8.83 10.02 10.09 9.68 10.47 11.26 9.52 8.96 8.62 8.83 10.28 8.71 8.34 7.99 7.31 7.60 8.07 8.98 9.46 8.98 8.50 8.56 8.51 8.13 7.95 7.83 7.81 7.88 8.10 8.21 8.56 8.40 8.75
-9999 -9999 -9999 -9999 -9999 -9999 -9999 -9999 -9999 -9999 -9999 -9999 -9999 -9999 -9999 -9999 -9999 -9999 12.06 10.38 9.01 8.98 9.35 7.74 8.09 9.53 11.58 -9999 -9999 -9999 -9999 11.22 9.54 8.85 8.16 8.10 8.97 10.98 10.12 10.39 9.61 8.49 9.48 9.13 10.64 9.99 11.95 10.36 10.51 9.95 10.27 9.86 8.86 9.59 7.64 8.46 8.83 7.18 7.38 7.04 7.23 7.63 7.75 7.89 8.19 7.69 7.66 7.57 7.55 7.38 8.78 9.04 7.77 7.77 8.00 8.28 8.62 9.71
-9999 -9999 -9999 -9999 -9999 -9999 -9999 -9999 -9999 -9999 -9999 -9999 -9999 -9999 -9999 -9999 -9999 -9999 -9999 11.85 12.73 11.31 9.59 9.19 9.81 12.01 -9999 -9999 -9999 -9999 12.14 11.28 10.65 7.33 7.20 7.58 10.44 11.35 10.87 10.16 8.91 8.90 8.80 10.53 12.06 10.82 10.90 10.17 10.28 9.91 8.73 9.14 8.96 8.32 8.17 8.22 7.96 7.28 7.38 7.94 8.39 8.76 7.67 7.74 7.77 7.41 7.90 7.67 7.91 7.28 8.10 8.00 7.88 8.89 7.94 8.93 9.15 9.85
-9999 -9999 -9999 -9999 -9999 -9999 -9999 -9999 -9999 -9999 -9999 -9999 -9999 -9999 -9999 -9999 -9999 -9999 -9999 -9999 13.06 13.05 11.60 10.73 10.88 14.29 -9999 -9999 -9999 11.57 9.05 7.97 9.77 9.39 8.64 7.50 9.37 8.80 10.76 9.94 8.19 9.67 10.87 10.90 10.46 11.23 10.24 9.70 9.31 8.57 8.36 8.13 8.24 8.69 8.25 7.66 7.61 7.68 7.72 8.48 8.21 8.48 8.20 7.61 7.64 7.19 7.05 6.94 7.39 7.38 7.67 7.56 8.50 8.82 9.20 9.00 7.94 9.82
-9999 -9999 -9999 -9999 -9999 -9999 -9999 -9999 -9999 -9999 -9999 -9999 -9999 -9999 -9999 -9999 -9999 -9999 -9999 -9999 -9999 -9999 -9999 -9999 -9999 -9999 -9999 -9999 14.40 10.04 7.84 7.37 9.40 7.59 8.51 9.49 9.64 9.77 10.04 8.33 7.96 8.46 9.69 9.63 9.99 10.03 10.26 9.95 9.71 11.27 9.32 9.28 8.44 8.85 8.72 7.78 7.81 7.41 7.91 8.72 8.05 7.54 7.50 7.48 7.33 7.79 7.29 7.83 7.53 8.72 9.32 8.82 7.50 10.21 11.04 9.43 7.96 10.90
-9999 -9999 -9999 -9999 -9999 -9999 -9999 -9999 -9999 -9999 -9999 -9999 -9999 -9999 -9999 -9999 -9999 -9999 -9999 -9999 -9999 -9999 -9999 -9999 -9999 -9999 -9999 -9999 11.55 9.97 8.21 13.87 11.85 7.89 8.56 9.38 10.02 10.54 8.69 8.15 8.05 8.11 9.55 9.36 9.09 10.90 10.72 12.03 10.47 10.66 11.89 9.88 9.09 8.74 8.02 7.76 7.51 7.47 7.99 7.99 8.14 7.57 7.15 7.06 6.97 7.57 9.59 8.78 9.62 10.08 11.17 9.48 8.03 9.26 9.60 8.21 7.48 8.21
-9999 -9999 -9999 -9999 -9999 -9999 -9999 -9999 -9999 -9999 -9999 -9999 -9999 -9999 -9999 -9999 -9999 -9999 -9999 -9999 -9999 -9999 -9999 -9999 -9999 -9999 -9999 -9999 10.87 7.97 6.64 9.27 13.28 11.86 10.75 9.54 10.96 9.12 8.69 8.10 10.12 10.39 11.23 10.67 9.48 9.46 9.59 10.25 10.91 10.95 9.86 9.53 9.28 9.04 8.24 7.82 7.79 7.85 8.47 8.21 7.90 7.17 7.23 8.23 9.25 8.63 9.78 9.18 8.94 9.13 10.09 11.96 11.35 8.78 8.50 8.83 9.03 8.96
-9999 -9999 -9999 -9999 -9999 -9999 -9999 -9999 -9999 -9999 -9999 13.23 13.35 10.80 16.20 15.33 14.97 14.88 17.07 8.70 15.28 10.45 -9999 -9999 -9999 -9999 -9999 -9999 9.90 8.20 7.71 6.84 8.22 10.57 12.24 11.45 9.97 8.98 8.90 9.77 11.27 10.52 9.85 10.04 9.66 8.97 9.79 9.57 9.29 9.06 9.48 8.75 9.41 9.81 10.41 9.01 8.42 8.99 8.87 8.08 8.75 7.55 7.26 8.91 10.19 9.02 8.72 9.14 8.85 8.48 8.21 8.39 8.11 7.42 7.19 7.04 7.06 7.08
-9999 -9999 -9999 -9999 -9999 -9999 -9999 -9999 -9999 -9999 -9999 15.16 13.80 13.44 10.94 13.53 15.48 14.25 14.58 14.75 11.46 9.80 8.53 10.21 13.50 11.36 10.47 9.28 8.77 7.91 7.43 7.19 6.99 7.66 10.59 10.66 9.62 8.64 11.94 10.27 9.29 10.01 10.67 9.91 9.91 10.48 10.11 10.17 9.73 9.49 8.17 8.45 9.14 9.25 9.13 9.75 10.04 8.39 8.04 7.50 7.26 8.36 7.56 12.10 10.30 9.94 9.41 8.92 9.03 8.57 9.29 9.08 7.41 8.93 8.21 8.79 7.27 7.49
-9999 -9999 -9999 -9999 -9999 -9999 -9999 -9999 -9999 -9999 13.41 11.46 10.25 9.53 8.71 11.91 15.21 14.34 12.84 12.65 12.45 10.82 9.00 8.73 10.31 11.92 8.91 8.30 7.71 7.76 8.70 7.20 7.29 9.07 9.26 9.02 9.34 11.97 10.02 11.56 10.91 10.05 9.11 9.79 9.61 10.49 10.61 9.93 10.27 8.89 9.05 8.78 8.72 8.68 10.18 10.83 8.50 7.79 8.02 10.41 8.52 7.98 8.38 8.68 9.34 9.64 9.20 9.04 9.72 10.59 9.26 7.88 7.55 9.28 8.53 8.32 8.73 8.51
-9999 -9999 -9999 -9999 -9999 -9999 -9999 -9999 -9999 -9999 -9999 10.31 8.50 7.83 10.45 10.70 11.60 14.50 12.66 10.36 8.94 11.44 13.35 10.94 8.72 9.17 11.29 9.06 7.17 7.23 7.17 7.91 8.08 7.40 7.74 8.39 9.32 10.69 9.40 11.14 9.92 9.89 9.81 10.20 9.62 10.58 10.82 10.51 8.81 8.66 9.28 8.25 7.67 7.53 8.78 10.06 9.78 7.93 8.28 9.50 9.24 8.40 7.62 7.82 7.95 8.52 10.48 10.14 9.78 10.30 11.18 9.94 9.02 9.55 9.42 8.28 9.18 7.95
-9999 -9999 -9999 -9999 -9999 -9999 -9999 14.80 -9999 -9999 11.87 9.92 10.57 7.81 10.65 9.31 9.03 9.18 9.48 10.39 8.71 10.95 12.34 9.52 8.17 6.82 6.89 6.88 6.62 6.83 7.24 8.15 7.12 7.04 7.79 9.94 8.66 9.90 8.84 9.83 9.33 10.46 11.43 10.62 9.52 9.05 9.14 8.86 8.45 9.96 8.80 7.90 9.93 8.15 8.23 10.26 11.39 7.49 7.91 8.43 8.16 7.69 7.50 7.57 8.30 9.26 9.90 8.87 8.38 8.33 8.87 8.73 8.54 9.22 8.39 8.19 8.06 7.43
-9999 -9999 -9999 -9999 -9999 -9999 14.13 15.05 14.56 13.83 10.56 9.53 12.12 9.95 8.87 9.65 8.69 10.03 10.36 11.16 9.47 9.23 9.90 8.37 6.79 6.13 6.44 7.16 7.48 6.59 6.68 7.00 6.73 6.90 8.91 9.20 8.31 9.26 9.76 11.33 10.38 10.46 11.91 10.33 10.00 8.60 9.23 8.80 9.13 8.41 8.16 7.43 8.77 8.80 7.88 9.08 8.50 7.56 7.33 7.16 7.95 7.87 7.80 7.47 7.30 7.58 7.68 8.04 8.23 7.98 7.21 7.81 8.25 9.18 9.56 8.96 7.52 8.47
-9999 -9999 -9999 -9999 -9999 -9999 13.59 13.19 11.75 12.11 10.96 10.36 9.63 11.85 11.72 10.50 11.71 11.16 10.48 11.80 10.34 10.14 10.07 7.31 8.22 10.23 9.37 8.02 7.05 6.33 7.00 7.61 8.02 7.44 8.97 8.36 9.10 8.22 7.58 9.65 11.22 9.88 9.87 9.59 8.89 8.82 9.52 8.61 7.93 8.78 9.04 7.45 7.95 8.12 8.02 9.10 9.54 9.44 11.08 8.02 8.07 7.17 6.96 7.24 7.52 7.29 7.26 7.65 8.24 7.71 7.29 7.01 8.02 8.19 8.36 8.48 8.69 7.35
-9999 -9999 -9999 -9999 -9999 -9999 14.17 12.41 11.52 11.86 11.16 11.35 10.27 10.91 10.98 9.45 10.80 10.74 11.22 11.46 10.76 7.93 6.82 6.45 9.10 9.09 9.58 10.26 7.67 7.26 7.47 6.82 7.94 7.24 8.52 8.16 8.29 8.07 7.50 9.72 9.32 9.38 9.09 8.77 8.59 8.62 9.30 9.29 7.96 7.76 8.11 9.09 7.72 8.04 7.84 8.42 8.56 8.67 9.60 8.92 9.79 10.75 6.81 10.80 9.15 7.28 7.76 11.51 11.25 10.47 6.93 6.78 7.06 7.03 7.84 7.61 9.08 10.26
-9999 -9999 -9999 -9999 -9999 -9999 12.23 11.57 11.26 10.96 10.25 10.25 9.93 9.55 10.71 9.93 9.95 10.59 9.53 9.64 9.31 9.23 6.40 7.43 9.91 8.90 10.39 10.40 8.27 8.43 8.90 7.64 7.93 8.07 8.20 8.24 8.33 9.02 10.13 8.15 9.18 8.87 8.70 8.39 8.30 8.55 9.04 8.16 8.30 8.10 8.64 9.12 9.79 9.00 10.01 9.54 8.93 8.61 8.20 7.70 7.75 8.21 7.60 9.86 9.81 10.72 10.34 11.08 11.59 11.99 7.71 7.64 7.32 7.41 8.08 9.34 10.88 11.30
-9999 -9999 -9999 -9999 -9999 -9999 10.92 10.72 10.77 11.16 11.65 10.67 10.01 9.26 9.78 11.25 10.48 9.73 8.76 9.28 8.88 8.49 8.05 7.05 7.52 7.17 10.05 8.73 6.51 9.93 9.66 8.26 11.19 9.50 10.21 11.08 10.32 9.79 10.40 9.01 8.15 8.57 8.38 7.76 8.02 8.21 8.87 8.03 8.44 9.52 10.36 10.09 10.08 10.37 10.44 10.72 10.60 10.04 9.10 8.70 9.27 9.88 10.21 10.86 11.27 11.55 -9999 -9999 11.31 11.56 10.82 9.95 8.75 12.04 9.91 -9999 -9999 -9999
-9999 -9999 -9999 -9999 -9999 13.61 11.15 10.96 10.12 11.31 11.51 12.61 10.59 10.95 10.40 11.15 10.27 9.29 8.66 8.73 8.46 8.10 7.98 8.12 8.68 9.20 9.09 7.32 10.44 11.41 8.61 7.85 8.91 8.77 10.25 10.31 9.07 8.92 8.68 8.38 9.33 9.00 9.03 8.55 8.56 9.15 10.12 9.90 9.57 9.65 9.91 10.28 -9999 -9999 11.67 12.71 12.79 12.10 11.48 10.95 11.22 -9999 -9999 -9999 -9999 -9999 -9999 -9999 -9999 -9999 -9999 11.30 11.69 13.60 12.00 -9999 -9999 -9999
-9999 -9999 -9999 -9999 15.09 12.83 10.73 11.42 10.11 10.14 10.09 10.36 9.77 13.12 13.79 12.14 11.11 10.77 10.96 9.36 8.44 8.18 8.72 8.91 12.02 12.86 12.09 11.42 13.35 10.34 10.43 10.28 11.03 11.71 9.67 8.29 8.93 8.06 8.28 8.04 8.33 8.34 10.17 11.50 11.55 11.31 11.37 11.68 10.78 -9999 9.26 10.13 9.99 10.66 11.82 -9999 -9999 -9999 -9999 12.96 -9999 -9999 -9999 -9999 -9999 -9999 -9999 -9999 -9999 -9999 -9999 -9999 -9999 -9999 -9999 -9999 -9999 -9999
-9999 -9999 -9999 16.48 14.96 14.13 12.37 10.41 9.91 9.61 8.59 8.74 10.51 16.07 17.53 11.83 10.66 13.74 10.20 11.86 8.80 8.38 12.02 10.82 10.81 11.34 11.70 -9999 -9999 -9999 -9999 -9999 11.38 12.85 11.97 9.81 9.52 8.93 8.20 8.25 8.19 9.02 10.75 -9999 -9999 -9999 -9999 -9999 12.54 12.49 10.96 9.49 9.27 11.87 12.11 -9999 -9999 -9999 -9999 -9999 -9999 -9999 -9999 -9999 -9999 -9999 -9999 -9999 -9999 -9999 -9999 -9999 -9999 -9999 -9999 -9999 -9999 -9999
-9999 -9999 11.44 12.47 14.34 14.42 12.44 11.77 10.83 8.55 9.56 10.00 12.92 15.94 17.38 15.38 13.83 11.53 12.72 10.43 10.54 10.03 12.73 12.77 -9999 -9999 -9999 -9999 -9999 -9999 -9999 -9999 -9999 11.78 12.03 10.40 11.70 12.72 13.02 10.37 12.72 12.65 13.66 -9999 -9999 -9999 -9999 -9999 -9999 -9999 10.94 11.21 9.63 10.83 -9999 -9999 -9999 -9999 -9999 -9999 -9999 -9999 -9999 -9999 -9999 -9999 -9999 -9999 -9999 -9999 -9999 -9999 -9999 -9999 -9999 -9999 -9999 -9999
13.90 13.43 10.92 11.57 13.47 15.13 14.99 12.58 9.94 9.55 10.48 10.71 12.41 15.92 13.95 13.76 13.32 14.53 7.97 10.69 14.62 11.98 -9999 -9999 -9999 -9999 -9999 -9999 -9999 -9999 -9999 -9999 -9999 -9999 -9999 12.80 -9999 -9999 -9999 -9999 11.68 14.59 15.31 -9999 -9999 -9999 -9999 -9999 -9999 -9999 -9999 11.70 13.91 12.27 -9999 -9999 -9999 -9999 -9999 -9999 -9999 -9999 -9999 -9999 -9999 -9999 -9999 -9999 -9999 -9999 -9999 -9999 -9999 -9999 -9999 -9999 -9999 -9999
13.08 11.74 9.62 11.26 13.65 14.25 14.86 13.10 11.45 12.28 8.98 8.00 10.41 14.40 14.36 11.99 10.44 12.38 9.10 8.83 10.92 -9999 -9999 -9999 -9999 -9999 -9999 -9999 -9999 -9999 -9999 -9999 -9999 -9999 -9999 14.40 -9999 -9999 -9999 -9999 -9999 -9999 -9999 -9999 -9999 -9999 -9999 -9999 -9999 -9999 -9999 -9999 -9999 -9999 -9999 -9999 -9999 -9999 -9999 -9999 -9999 -9999 -9999 -9999 -9999 -9999 -9999 -9999 -9999 -9999 -9999 -9999 -9999 -9999 -9999 -9999 -9999 -9999
14.43 12.31 9.71 11.38 12.31 12.49 13.16 12.17 11.46 12.48 8.21 7.83 9.58 12.60 17.37 17.57 9.75 9.87 9.20 10.38 13.78 -9999 -9999 -9999 -9999 -9999 -9999 -9999 -9999 -9999 -9999 -9999 -9999 -9999 -9999 -9999 -9999 -9999 -9999 -9999 -9999 -9999 -9999 -9999 -9999 -9999 -9999 -9999 -9999 -9999 -9999 -9999 -9999 -9999 -9999 -9999 -9999 -9999 -9999 -9999 -9999 -9999 -9999 -9999 -9999 -9999 -9999 -9999 -9999 -9999 -9999 -9999 -9999 -9999 -9999 -9999 -9999 -9999
12.89 14.20 12.44 12.49 12.09 13.03 12.07 11.35 10.72 9.08 9.13 8.40 8.52 12.24 14.91 14.22 11.54 8.69 8.76 12.77 12.22 -9999 -9999 -9999 -9999 -9999 -9999 -9999 -9999 -9999 -9999 -9999 -9999 -9999 -9999 -9999 -9999 -9999 -9999 -9999 -9999 -9999 -9999 -9999 -9999 -9999 -9999 -9999 -9999 -9999 -9999 -9999 -9999 -9999 -9999 -9999 -9999 -9999 -9999 -9999 -9999 -9999 -9999 -9999 -9999 -9999 -9999 -9999 -9999 -9999 -9999 -9999 -9999 -9999 -9999 -9999 -9999 -9999
13.43 15.61 14.33 13.98 12.10 12.77 12.01 14.48 13.02 10.81 10.11 10.82 9.11 10.05 11.49 11.04 9.61 9.13 10.12 11.72 12.59 -9999 -9999 -9999 -9999 -9999 -9999 -9999 -9999 -9999 -9999 -9999 -9999 -9999 -9999 -9999 -9999 -9999 -9999 -9999 -9999 -9999 -9999 -9999 -9999 -9999 -9999 -9999 -9999 -9999 -9999 -9999 -9999 -9999 -9999 -9999 -9999 -9999 -9999 -9999 -9999 -9999 -9999 -9999 -9999 -9999 -9999 -9999 -9999 -9999 -9999 -9999 -9999 -9999 -9999 -9999 -9999 -9999
12.50 13.28 13.62 12.76 14.04 16.03 15.40 13.23 13.10 12.88 12.65 11.23 11.86 10.90 9.74 9.66 10.47 11.43 12.09 11.92 13.54 -9999 -9999 -9999 -9999 -9999 -9999 -9999 -9999 -9999 -9999 -9999 -9999 -9999 -9999 -9999 -9999 -9999 -9999 -9999 -9999 -9999 -9999 -9999 -9999 -9999 -9999 -9999 -9999 -9999 -9999 -9999 -9999 -9999 -9999 -9999 -9999 -9999 -9999 -9999 -9999 -9999 -9999 -9999 -9999 -9999 -9999 -9999 -9999 -9999 -9999 -9999 -9999 -9999 -9999 -9999 -9999 -9999
12.30 14.15 14.83 -9999 -9999 -9999 -9999 -9999 -9999 -9999 -9999 -9999 13.26 13.93 12.09 10.86 9.75 11.15 12.36 12.42 -9999 -9999 -9999 -9999 -9999 -9999 -9999 -9999 -9999 -9999 -9999 -9999 -9999 -9999 -9999 -9999 -9999 -9999 -9999 -9999 -9999 -9999 -9999 -9999 -9999 -9999 -9999 -9999 -9999 -9999 -9999 -9999 -9999 -9999 -9999 -9999 -9999 -9999 -9999 -9999 -9999 -9999 -9999 -9999 -9999 -9999 -9999 -9999 -9999 -9999 -9999 -9999 -9999 -9999 -9999 -9999 -9999 -9999
14.80 15.11 16.14 -9999 -9999 -9999 -9999 -9999 -9999 -9999 -9999 -9999 -9999 -9999 -9999 12.00 10.94 11.30 12.22 -9999 -9999 -9999 -9999 -9999 -9999 -9999 -9999 -9999 -9999 -9999 -9999 -9999 -9999 -9999 -9999 -9999 -9999 -9999 -9999 -9999 -9999 -9999 -9999 -9999 -9999 -9999 -9999 -9999 -9999 -9999 -9999 -9999 -9999 -9999 -9999 -9999 -9999 -9999 -9999 -9999 -9999 -9999 -9999 -9999 -9999 -9999 -9999 -9999 -9999 -9999 -9999 -9999 -9999 -9999 -9999 -9999 -9999 -9999
15.50 -9999 -9999 -9999 -9999 -9999 -9999 -9999 -9999 -9999 -9999 -9999 -9999 -9999 -9999 13.82 15.13 15.92 15.35 -9999 -9999 -9999 -9999 -9999 -9999 -9999 -9999 -9999 -9999 -9999 -9999 -9999 -9999 -9999 -9999 -9999 -9999 -9999 -9999 -9999 -9999 -9999 -9999 -9999 -9999 -9999 -9999 -9999 -9999 -9999 -9999 -9999 -9999 -9999 -9999 -9999 -9999 -9999 -9999 -9999 -9999 -9999 -9999 -9999 -9999 -9999 -9999 -9999 -9999 -9999 -9999 -9999 -9999 -9999 -9999 -9999 -9999 -9999
-9999 -9999 -9999 -9999 -9999 -9999 -9999 -9999 -9999 -9999 -9999 -9999 -9999 -9999 -9999 -9999 -9999 -9999 -9999 -9999 -9999 -9999 -9999 -9999 -9999 -9999 -9999 -9999 -9999 -9999 -9999 -9999 -9999 -9999 -9999 -9999 -9999 -9999 -9999 -9999 -9999 -9999 -9999 -9999 -9999 -9999 -9999 -9999 -9999 -9999 -9999 -9999 -9999 -9999 -9999 -9999 -9999 -9999 -9999 -9999 -9999 -9999 -9999 -9999 -9999 -9999 -9999 -9999 -9999 -9999 -9999 -9999 -9999 -9999 -9999 -9999 -9999 -9999
-9999 -9999 -9999 -9999 -9999 -9999 -9999 -9999 -9999 -9999 -9999 -9999 -9999 -9999 -9999 -9999 -9999 -9999 -9999 -9999 -9999 -9999 -9999 -9999 -9999 -9999 -9999 -9999 -9999 -9999 -9999 -9999 -9999 -9999 -9999 -9999 -9999 -9999 -9999 -9999 -9999 -9999 -9999 -9999 -9999 -9999 -9999 -9999 -9999 -9999 -9999 -9999 -9999 -9999 -9999 -9999 -9999 -9999 -9999 -9999 -9999 -9999 -9999 -9999 -9999 -9999 -9999 -9999 -9999 -9999 -9999 -9999 -9999 -9999 -9999 -9999 -9999 -9999
