ML/MeanWindSpeed_1999-02_Actual.txt
ncols         180
nrows         290
xllcorner     -200000
yllcorner     -200000
cellsize      5000
NODATA_value  -9999
[rows 136 to 169 of 290, columns 77 to 153 of 180]
-9999 -9999 16.26 14.02 11.90 14.77 13.20 14.68 12.76 11.49 9.85 9.76 11.52 16.55 13.64 12.57 10.46 10.32 10.40 10.00 10.81 11.83 10.12 11.42 10.48 10.84 10.61 10.65 10.50 10.18 9.64 9.70 10.46 9.72 8.94 10.25 10.97 11.30 12.09 11.89 8.51 9.70 12.67 11.86 10.44 10.65 10.33 10.81 10.33 11.48 12.92 -9999 -9999 -9999 -9999 -9999 -9999 -9999 -9999 -9999 -9999 -9999 -9999 -9999 -9999 -9999 -9999 -9999 -9999 -9999 -9999 -9999 -9999 -9999 -9999 -9999 -9999
-9999 -9999 16.48 14.35 11.00 14.14 12.06 13.13 12.23 11.53 11.00 9.36 13.32 13.19 12.48 14.49 11.23 10.24 9.95 8.54 11.29 16.11 12.29 -9999 -9999 -9999 10.98 10.64 -9999 9.83 9.83 9.86 9.09 8.41 9.63 11.23 10.11 10.30 11.68 11.01 12.25 11.74 9.38 8.39 8.85 9.41 10.02 8.00 8.96 9.72 11.80 -9999 -9999 -9999 -9999 -9999 -9999 -9999 -9999 -9999 -9999 -9999 -9999 -9999 -9999 -9999 -9999 -9999 -9999 -9999 -9999 -9999 -9999 -9999 -9999 -9999 -9999
-9999 -9999 15.11 16.82 12.70 12.49 13.03 13.88 13.24 12.20 11.13 10.05 11.21 17.14 13.51 13.96 10.81 10.54 12.43 9.57 11.22 12.76 13.20 -9999 -9999 -9999 11.09 10.12 10.10 10.12 9.52 8.95 7.57 8.93 12.17 12.53 10.34 13.76 10.46 10.27 13.05 10.18 10.87 10.97 10.81 8.44 9.57 10.88 9.26 8.65 10.67 -9999 -9999 -9999 -9999 -9999 -9999 -9999 -9999 -9999 -9999 -9999 -9999 -9999 -9999 -9999 -9999 -9999 -9999 -9999 -9999 -9999 -9999 -9999 -9999 -9999 -9999
-9999 -9999 -9999 16.19 15.86 13.70 -9999 14.86 14.69 13.22 12.13 11.20 -9999 13.79 12.13 12.78 10.40 12.02 13.10 12.08 12.81 -9999 -9999 -9999 -9999 12.29 10.30 9.42 9.33 10.02 10.08 8.86 7.79 7.86 12.58 16.80 9.48 14.78 10.82 12.69 14.02 11.28 12.88 10.87 8.97 10.59 10.75 9.17 6.87 8.00 10.89 11.81 -9999 -9999 -9999 -9999 -9999 -9999 -9999 -9999 -9999 -9999 -9999 -9999 -9999 -9999 -9999 -9999 -9999 -9999 -9999 -9999 -9999 -9999 -9999 -9999 -9999
-9999 -9999 -9999 -9999 16.49 -9999 -9999 -9999 14.68 14.70 13.02 12.85 13.88 -9999 -9999 13.97 11.95 14.78 16.13 -9999 -9999 -9999 -9999 -9999 13.36 11.87 9.15 9.29 9.08 9.90 9.70 10.34 10.04 7.34 10.27 14.04 15.54 12.30 14.28 15.23 15.65 12.81 13.57 13.78 12.19 9.61 9.52 9.71 6.62 7.72 10.67 12.80 -9999 -9999 -9999 -9999 -9999 -9999 -9999 -9999 -9999 -9999 -9999 -9999 -9999 -9999 -9999 -9999 -9999 -9999 -9999 -9999 -9999 -9999 -9999 -9999 -9999
-9999 -9999 -9999 -9999 16.48 16.29 -9999 -9999 -9999 14.74 15.21 14.67 15.00 -9999 -9999 -9999 -9999 14.83 -9999 -9999 -9999 -9999 -9999 -9999 11.84 10.54 9.31 10.10 11.30 11.41 10.50 10.67 9.80 8.34 8.72 12.90 14.61 10.63 16.67 16.00 17.25 13.51 13.67 15.36 12.32 10.32 9.56 7.62 6.10 7.62 10.39 12.53 -9999 -9999 -9999 -9999 -9999 -9999 -9999 -9999 -9999 -9999 -9999 -9999 -9999 -9999 -9999 -9999 -9999 -9999 -9999 -9999 -9999 -9999 -9999 -9999 -9999
-9999 -9999 -9999 -9999 -9999 17.86 -9999 -9999 -9999 -9999 15.29 16.32 15.85 -9999 -9999 -9999 -9999 -9999 -9999 -9999 -9999 -9999 -9999 13.01 11.42 11.14 10.79 10.98 12.92 12.73 11.88 11.78 10.89 10.01 8.08 10.03 17.18 17.47 16.99 16.48 13.57 12.44 12.89 10.98 8.67 11.04 11.02 7.36 6.65 8.24 10.37 12.51 13.98 -9999 -9999 -9999 -9999 -9999 -9999 -9999 -9999 -9999 -9999 -9999 -9999 -9999 -9999 -9999 -9999 -9999 -9999 -9999 -9999 -9999 -9999 -9999 -9999
-9999 -9999 -9999 -9999 -9999 19.20 -9999 -9999 -9999 -9999 -9999 -9999 -9999 -9999 -9999 -9999 -9999 -9999 -9999 -9999 -9999 -9999 -9999 13.09 10.85 9.38 8.14 7.56 16.39 13.74 12.38 14.36 11.24 12.07 6.81 7.27 14.51 19.38 15.59 13.31 17.85 19.99 18.20 15.30 13.42 8.71 9.11 8.59 9.49 9.06 10.13 12.53 13.81 14.44 -9999 -9999 -9999 -9999 -9999 -9999 -9999 -9999 -9999 -9999 -9999 -9999 -9999 -9999 -9999 -9999 -9999 -9999 -9999 -9999 -9999 -9999 -9999
-9999 -9999 -9999 -9999 -9999 -9999 -9999 -9999 -9999 -9999 -9999 -9999 -9999 -9999 -9999 -9999 -9999 -9999 -9999 -9999 -9999 -9999 13.70 12.17 9.98 8.68 12.14 7.21 21.77 20.71 11.89 12.72 11.39 10.27 9.99 6.64 8.71 19.19 18.42 15.95 14.16 13.09 15.83 15.24 13.78 11.28 9.81 9.34 9.00 9.30 10.93 11.32 11.70 12.85 -9999 -9999 -9999 -9999 -9999 -9999 -9999 -9999 -9999 -9999 -9999 -9999 -9999 -9999 -9999 -9999 -9999 -9999 -9999 -9999 -9999 -9999 -9999
-9999 -9999 -9999 -9999 -9999 -9999 -9999 -9999 -9999 -9999 -9999 -9999 -9999 -9999 -9999 -9999 -9999 -9999 -9999 -9999 -9999 -9999 12.35 12.54 8.84 11.29 20.21 11.64 8.38 15.15 15.75 12.74 11.98 10.99 10.11 8.10 7.76 10.02 19.90 17.14 15.97 13.62 13.53 13.56 11.37 10.84 10.67 11.51 9.86 11.01 10.50 10.77 10.43 10.99 12.08 13.04 13.43 -9999 -9999 -9999 -9999 -9999 -9999 -9999 -9999 -9999 -9999 -9999 -9999 -9999 -9999 -9999 -9999 -9999 -9999 -9999 -9999
-9999 -9999 -9999 -9999 -9999 -9999 -9999 -9999 -9999 -9999 -9999 -9999 -9999 -9999 -9999 -9999 -9999 -9999 -9999 -9999 -9999 -9999 12.16 11.20 10.24 14.49 10.34 9.92 11.78 16.79 12.64 11.02 15.05 9.12 11.68 9.77 8.77 8.45 12.19 14.97 14.96 14.27 13.77 11.52 11.56 10.81 10.20 9.96 10.34 10.31 10.62 9.83 9.46 9.56 13.14 11.63 13.11 14.34 14.32 -9999 -9999 -9999 -9999 -9999 -9999 -9999 -9999 -9999 -9999 -9999 -9999 -9999 -9999 -9999 -9999 -9999 -9999
-9999 -9999 -9999 -9999 -9999 -9999 -9999 -9999 -9999 -9999 -9999 -9999 -9999 -9999 -9999 -9999 -9999 -9999 -9999 -9999 -9999 -9999 12.15 10.84 11.56 17.79 19.52 14.41 10.13 11.80 12.64 15.68 10.34 14.28 12.07 10.92 10.90 9.93 8.02 9.23 14.55 14.23 13.46 12.74 11.80 11.29 11.31 11.18 10.55 10.74 10.34 9.50 9.68 9.46 10.47 13.59 13.04 13.33 14.96 15.14 13.39 -9999 -9999 -9999 -9999 -9999 -9999 -9999 -9999 -9999 -9999 -9999 -9999 -9999 -9999 -9999 -9999
-9999 -9999 -9999 -9999 -9999 -9999 -9999 -9999 -9999 -9999 -9999 -9999 -9999 -9999 -9999 -9999 -9999 -9999 -9999 -9999 -9999 -9999 12.90 10.58 12.40 13.98 9.40 23.62 19.66 11.28 13.67 10.91 15.67 16.44 11.95 10.05 10.52 10.13 7.65 16.59 15.31 15.20 16.20 16.80 15.91 12.17 13.53 12.00 11.45 11.25 10.85 10.39 9.75 8.68 9.52 12.51 11.26 10.79 11.65 13.43 12.02 15.58 -9999 -9999 -9999 -9999 -9999 -9999 -9999 -9999 -9999 -9999 -9999 -9999 -9999 -9999 -9999
-9999 -9999 -9999 -9999 -9999 -9999 -9999 -9999 -9999 -9999 15.76 16.43 17.26 -9999 -9999 -9999 -9999 -9999 -9999 -9999 -9999 -9999 -9999 12.10 10.17 8.56 11.40 14.46 18.34 11.07 7.85 13.69 13.08 11.79 10.09 12.03 11.74 9.49 10.25 13.65 14.40 19.01 17.86 15.47 14.96 15.80 14.06 12.57 11.98 11.46 11.17 10.08 9.20 13.81 12.54 16.16 16.62 15.13 13.62 10.63 14.19 15.09 14.22 -9999 -9999 -9999 -9999 -9999 -9999 -9999 -9999 -9999 -9999 -9999 -9999 -9999 -9999
-9999 -9999 -9999 -9999 -9999 -9999 -9999 -9999 -9999 -9999 13.47 13.95 -9999 -9999 -9999 -9999 -9999 -9999 -9999 -9999 -9999 -9999 -9999 -9999 10.06 7.09 12.02 13.25 22.36 12.68 12.82 12.06 9.48 8.25 8.40 7.91 16.96 9.65 10.96 17.09 14.52 11.65 11.30 16.83 12.59 16.10 13.91 12.53 11.80 11.47 10.53 10.67 13.14 14.16 13.10 12.53 11.71 12.88 13.86 13.31 13.89 13.90 16.57 -9999 -9999 -9999 -9999 -9999 -9999 -9999 -9999 -9999 -9999 -9999 -9999 -9999 -9999
-9999 -9999 -9999 -9999 -9999 -9999 -9999 -9999 -9999 12.38 15.51 15.39 15.26 -9999 -9999 -9999 -9999 -9999 -9999 -9999 -9999 -9999 -9999 -9999 10.33 12.24 13.17 14.26 11.86 13.31 10.99 10.44 9.13 8.33 10.25 8.29 6.67 16.92 12.15 11.51 15.99 14.08 17.73 14.60 15.29 13.78 13.37 12.71 12.47 11.39 10.33 11.40 12.98 12.03 13.09 14.05 13.16 13.43 12.87 13.20 13.75 12.24 15.83 14.83 -9999 -9999 -9999 -9999 -9999 -9999 -9999 -9999 -9999 -9999 -9999 -9999 -9999
-9999 -9999 -9999 -9999 -9999 -9999 -9999 -9999 10.93 15.42 17.52 21.76 15.06 -9999 -9999 -9999 -9999 -9999 -9999 -9999 -9999 -9999 -9999 -9999 12.01 17.00 13.59 9.24 11.26 10.44 11.23 9.13 8.04 8.93 10.09 7.29 14.45 11.23 15.31 12.16 17.94 11.86 13.78 11.84 14.65 13.00 13.41 13.44 11.98 11.64 10.27 10.04 13.91 14.64 14.19 12.70 12.54 11.84 11.57 11.90 13.97 14.09 13.72 14.89 -9999 -9999 -9999 -9999 -9999 -9999 -9999 -9999 -9999 -9999 -9999 -9999 -9999
-9999 -9999 -9999 -9999 -9999 -9999 -9999 12.91 11.63 19.65 16.77 16.61 -9999 -9999 -9999 -9999 -9999 -9999 -9999 -9999 -9999 -9999 -9999 -9999 -9999 12.56 10.01 9.31 12.09 9.32 11.95 9.67 8.72 8.26 8.69 6.88 14.17 14.19 15.76 15.19 16.58 16.76 16.91 15.63 15.21 15.55 14.90 12.50 11.96 11.45 10.18 9.79 11.02 16.57 15.13 11.99 11.03 10.83 10.26 10.35 10.58 10.89 10.68 12.03 14.19 15.50 -9999 -9999 -9999 -9999 -9999 -9999 -9999 -9999 -9999 -9999 -9999
-9999 -9999 -9999 -9999 -9999 -9999 -9999 15.61 17.15 13.24 14.47 15.40 -9999 -9999 -9999 -9999 -9999 -9999 -9999 -9999 -9999 -9999 -9999 -9999 -9999 -9999 10.94 11.35 10.66 9.73 11.40 10.52 10.26 9.44 9.78 7.04 14.35 13.38 12.41 15.46 14.19 13.37 18.63 18.71 14.73 16.82 15.33 14.48 12.02 11.22 10.57 10.11 10.57 11.97 12.44 11.48 11.14 10.76 10.51 10.07 10.03 10.10 10.34 13.86 14.52 14.57 -9999 -9999 -9999 -9999 -9999 -9999 -9999 -9999 -9999 -9999 -9999
-9999 -9999 -9999 -9999 -9999 -9999 -9999 16.62 14.91 15.75 15.04 -9999 -9999 -9999 -9999 -9999 -9999 -9999 -9999 -9999 -9999 -9999 -9999 -9999 -9999 -9999 12.31 12.23 11.69 -9999 11.86 -9999 10.88 9.61 8.60 7.18 7.82 13.98 12.90 13.87 18.15 10.14 11.75 18.64 16.51 15.88 15.54 13.96 12.26 11.78 11.72 11.02 10.84 11.18 12.14 13.12 11.58 11.96 10.49 9.53 10.77 12.27 11.89 11.34 11.59 14.00 16.60 17.70 -9999 -9999 -9999 -9999 -9999 -9999 -9999 -9999 -9999
-9999 -9999 -9999 -9999 -9999 -9999 16.64 15.41 14.96 -9999 -9999 -9999 -9999 -9999 -9999 -9999 -9999 -9999 -9999 -9999 -9999 -9999 -9999 -9999 -9999 -9999 13.85 12.77 11.83 -9999 -9999 -9999 10.69 11.16 7.48 8.57 10.45 9.05 8.78 11.35 16.68 16.43 10.59 16.03 18.13 14.88 16.29 14.83 13.35 11.28 11.50 11.17 11.03 11.11 11.37 11.61 11.33 11.45 9.75 10.41 11.84 12.95 13.48 13.38 12.47 12.69 14.46 16.38 -9999 -9999 -9999 -9999 -9999 -9999 -9999 -9999 -9999
-9999 -9999 -9999 -9999 -9999 -9999 -9999 -9999 -9999 -9999 -9999 -9999 -9999 -9999 -9999 -9999 -9999 -9999 -9999 -9999 -9999 -9999 -9999 -9999 -9999 -9999 -9999 -9999 -9999 -9999 -9999 11.70 9.23 8.75 10.66 11.91 13.05 13.08 11.18 12.05 15.68 15.31 13.01 11.03 15.15 16.81 14.97 13.81 12.72 11.83 11.63 11.78 11.14 10.93 11.00 10.90 10.53 9.65 10.68 13.94 12.30 13.22 12.42 12.57 11.62 12.73 14.30 -9999 -9999 -9999 -9999 -9999 -9999 -9999 -9999 -9999 -9999
-9999 -9999 -9999 -9999 -9999 -9999 -9999 -9999 -9999 -9999 -9999 -9999 -9999 -9999 -9999 -9999 -9999 -9999 -9999 -9999 -9999 -9999 -9999 -9999 -9999 -9999 -9999 -9999 -9999 -9999 -9999 10.94 8.81 10.08 13.24 16.57 15.28 11.87 13.24 10.54 11.39 10.70 12.72 13.54 14.89 15.29 14.87 13.46 12.83 12.32 11.49 11.68 10.95 10.84 10.86 10.89 10.53 9.57 10.28 15.03 14.27 12.28 11.85 11.61 11.38 12.58 14.53 -9999 -9999 -9999 -9999 -9999 -9999 -9999 -9999 -9999 -9999
-9999 -9999 -9999 -9999 -9999 -9999 -9999 -9999 -9999 -9999 -9999 -9999 -9999 -9999 -9999 -9999 -9999 -9999 -9999 -9999 -9999 -9999 -9999 -9999 -9999 -9999 -9999 -9999 -9999 -9999 -9999 10.10 8.20 8.72 12.54 14.11 13.65 12.62 12.04 11.16 11.96 10.58 10.58 11.57 10.11 15.04 13.32 14.50 13.02 12.63 11.21 10.91 10.95 10.84 10.88 10.81 10.64 10.11 9.94 12.58 13.66 12.56 11.72 11.60 11.32 12.30 14.00 -9999 -9999 -9999 -9999 -9999 -9999 -9999 -9999 -9999 -9999
-9999 -9999 -9999 -9999 -9999 -9999 -9999 -9999 -9999 -9999 -9999 -9999 -9999 -9999 -9999 -9999 -9999 -9999 -9999 -9999 -9999 -9999 -9999 -9999 -9999 -9999 -9999 -9999 -9999 13.67 11.66 9.31 7.94 11.28 13.82 17.23 13.38 14.98 9.39 10.67 10.70 12.03 12.89 12.61 14.97 11.21 11.52 11.56 11.49 10.97 11.89 10.83 10.75 11.11 10.79 10.78 10.83 10.43 10.29 10.86 13.03 12.37 11.51 11.32 11.27 11.74 13.16 14.90 -9999 -9999 -9999 -9999 -9999 -9999 -9999 -9999 -9999
-9999 -9999 -9999 -9999 -9999 -9999 -9999 -9999 -9999 -9999 -9999 -9999 -9999 -9999 -9999 -9999 -9999 -9999 -9999 -9999 -9999 -9999 -9999 -9999 -9999 -9999 -9999 -9999 -9999 12.78 10.65 9.29 8.57 9.33 13.13 10.79 10.35 8.33 10.23 13.65 10.93 12.91 12.37 13.89 10.18 14.70 12.24 13.60 13.11 13.08 11.69 11.22 10.84 10.69 10.68 10.80 10.77 10.66 10.35 10.35 11.23 12.65 11.88 11.26 11.30 11.30 12.22 14.09 -9999 -9999 -9999 -9999 -9999 -9999 -9999 -9999 -9999
-9999 -9999 -9999 -9999 -9999 -9999 -9999 -9999 -9999 -9999 -9999 -9999 -9999 -9999 -9999 -9999 -9999 -9999 -9999 -9999 -9999 -9999 -9999 -9999 -9999 -9999 -9999 -9999 -9999 12.75 10.50 9.67 9.16 9.66 10.68 10.97 9.59 8.50 10.19 10.52 9.84 12.11 14.99 12.37 11.94 10.48 12.52 10.61 11.32 12.10 12.51 11.52 11.19 10.67 10.64 10.79 10.79 10.71 10.51 10.24 10.68 12.22 13.00 11.72 11.18 11.18 11.48 12.81 14.58 -9999 -9999 -9999 -9999 -9999 -9999 -9999 -9999
-9999 -9999 -9999 -9999 -9999 -9999 -9999 -9999 -9999 -9999 -9999 -9999 -9999 -9999 -9999 -9999 -9999 -9999 -9999 -9999 -9999 -9999 -9999 -9999 -9999 -9999 -9999 -9999 -9999 12.40 10.64 10.06 9.96 9.75 9.62 9.34 9.99 11.03 8.46 8.50 9.71 14.90 15.07 16.22 14.63 12.40 12.09 12.66 11.06 10.40 11.71 12.23 11.09 10.63 10.68 10.59 10.69 10.76 10.78 10.49 10.60 12.65 14.00 12.60 11.97 11.82 11.41 11.74 13.37 15.06 -9999 -9999 -9999 -9999 -9999 -9999 -9999
-9999 -9999 -9999 -9999 -9999 -9999 -9999 -9999 -9999 -9999 -9999 -9999 -9999 -9999 -9999 -9999 -9999 -9999 -9999 -9999 -9999 -9999 -9999 -9999 -9999 -9999 -9999 -9999 -9999 12.40 10.45 9.92 9.61 9.15 8.58 9.18 8.61 9.73 10.46 12.56 14.25 15.56 12.78 14.74 13.07 12.83 11.19 12.72 12.06 11.19 10.56 10.47 10.71 10.50 10.59 10.65 10.78 10.82 11.01 11.10 11.22 11.94 13.19 12.80 12.23 12.24 12.16 11.89 12.11 13.94 -9999 -9999 -9999 -9999 -9999 -9999 -9999
-9999 -9999 -9999 -9999 -9999 -9999 -9999 -9999 -9999 -9999 -9999 -9999 -9999 -9999 -9999 -9999 -9999 -9999 -9999 -9999 -9999 -9999 -9999 -9999 -9999 -9999 -9999 -9999 -9999 -9999 10.45 9.95 9.35 8.43 8.76 10.76 10.83 11.61 10.32 10.21 12.79 12.90 14.67 13.81 11.60 9.85 10.49 10.39 11.76 10.80 10.55 11.27 10.97 10.31 10.57 10.50 10.66 10.66 10.84 11.17 11.48 11.90 11.93 12.15 12.33 12.58 -9999 12.53 12.95 14.04 15.96 -9999 -9999 -9999 -9999 -9999 -9999
-9999 -9999 -9999 -9999 -9999 -9999 -9999 -9999 -9999 -9999 -9999 -9999 -9999 -9999 -9999 -9999 -9999 -9999 -9999 -9999 -9999 -9999 -9999 -9999 -9999 -9999 -9999 -9999 -9999 12.08 10.30 9.71 8.79 7.91 7.94 12.45 13.21 10.98 14.02 13.62 11.53 11.31 15.97 14.04 14.43 11.48 9.52 11.74 10.26 9.61 10.43 10.69 10.31 10.47 10.19 10.22 10.32 10.55 10.48 10.64 12.34 11.66 11.14 12.64 11.88 12.14 12.29 -9999 13.71 14.70 16.25 17.46 -9999 -9999 -9999 -9999 -9999
-9999 -9999 -9999 -9999 -9999 -9999 -9999 -9999 -9999 -9999 -9999 -9999 -9999 -9999 -9999 -9999 -9999 -9999 -9999 -9999 -9999 -9999 -9999 -9999 -9999 -9999 -9999 -9999 -9999 11.69 9.92 9.39 8.69 10.02 8.91 10.38 13.72 10.31 10.69 11.06 8.90 8.83 13.20 12.82 12.80 9.46 11.62 12.72 10.29 11.38 10.51 11.16 10.89 10.40 9.94 9.95 10.04 10.14 10.04 10.02 10.39 10.94 10.04 10.50 11.31 10.89 11.91 12.62 -9999 -9999 -9999 -9999 -9999 -9999 -9999 -9999 -9999
-9999 -9999 -9999 -9999 -9999 -9999 -9999 -9999 -9999 -9999 -9999 -9999 -9999 -9999 -9999 -9999 -9999 -9999 -9999 -9999 -9999 -9999 -9999 -9999 -9999 -9999 -9999 -9999 13.62 10.90 9.56 10.22 9.68 9.70 9.20 10.47 10.80 10.00 9.55 8.98 8.60 8.83 11.97 14.99 15.21 10.67 13.58 13.05 10.48 10.79 9.78 10.51 10.84 10.14 9.66 9.98 9.97 9.96 10.08 9.88 10.16 10.37 10.18 10.07 11.66 11.12 11.15 11.66 13.14 14.70 -9999 -9999 -9999 -9999 -9999 -9999 -9999
-9999 -9999 -9999 -9999 -9999 -9999 -9999 -9999 -9999 -9999 -9999 -9999 -9999 -9999 -9999 -9999 -9999 -9999 -9999 -9999 -9999 -9999 -9999 -9999 -9999 -9999 -9999 -9999 -9999 11.12 9.64 9.46 9.86 11.79 9.40 9.12 9.00 9.24 9.37 8.64 8.15 7.83 8.36 12.89 14.52 15.80 13.15 13.66 12.52 11.33 11.64 9.41 9.58 10.55 9.67 9.76 9.71 9.75 10.01 9.84 9.96 10.37 9.97 9.51 9.77 12.41 11.31 11.01 11.58 12.77 14.25 15.89 -9999 -9999 -9999 -9999 -9999
