ML/MeanWindSpeed_1991-02_Actual.txt
ncols         180
nrows         290
xllcorner     -200000
yllcorner     -200000
cellsize      5000
NODATA_value  -9999
[rows 140 to 174 of 290, columns 78 to 155 of 180]
-9999 -9999 -9999 11.16 -9999 -9999 -9999 9.50 9.32 7.93 7.97 9.09 -9999 -9999 9.26 7.58 9.97 11.20 -9999 -9999 -9999 -9999 -9999 9.00 7.65 5.35 5.63 5.82 6.59 6.30 6.68 5.99 3.47 6.00 9.56 11.06 8.64 10.26 11.15 11.53 9.37 10.05 10.34 9.17 7.36 7.51 7.54 4.95 6.08 8.77 10.77 -9999 -9999 -9999 -9999 -9999 -9999 -9999 -9999 -9999 -9999 -9999 -9999 -9999 -9999 -9999 -9999 -9999 -9999 -9999 -9999 -9999 -9999 -9999 -9999 -9999 -9999 -9999
-9999 -9999 -9999 11.30 11.10 -9999 -9999 -9999 9.53 9.76 9.42 9.95 -9999 -9999 -9999 -9999 10.42 -9999 -9999 -9999 -9999 -9999 -9999 7.52 6.22 5.06 5.95 7.58 7.90 6.99 7.09 6.16 4.48 4.66 8.33 9.95 7.30 12.20 11.74 12.87 10.11 10.38 11.70 9.34 7.93 7.50 5.90 4.57 5.95 8.50 10.57 -9999 -9999 -9999 -9999 -9999 -9999 -9999 -9999 -9999 -9999 -9999 -9999 -9999 -9999 -9999 -9999 -9999 -9999 -9999 -9999 -9999 -9999 -9999 -9999 -9999 -9999 -9999
-9999 -9999 -9999 -9999 12.33 -9999 -9999 -9999 -9999 10.04 10.88 10.67 -9999 -9999 -9999 -9999 -9999 -9999 -9999 -9999 -9999 -9999 8.45 6.90 6.43 6.01 6.30 8.36 8.51 7.96 8.00 7.26 6.07 3.90 5.53 11.36 12.32 12.53 12.29 10.13 9.32 9.84 8.45 6.60 8.61 8.64 5.70 5.00 6.35 8.36 10.53 12.08 -9999 -9999 -9999 -9999 -9999 -9999 -9999 -9999 -9999 -9999 -9999 -9999 -9999 -9999 -9999 -9999 -9999 -9999 -9999 -9999 -9999 -9999 -9999 -9999 -9999 -9999
-9999 -9999 -9999 -9999 13.47 -9999 -9999 -9999 -9999 -9999 -9999 -9999 -9999 -9999 -9999 -9999 -9999 -9999 -9999 -9999 -9999 -9999 8.43 6.47 5.12 3.86 3.26 10.59 9.16 8.47 10.13 7.85 8.26 3.24 3.13 9.03 13.49 11.32 9.79 13.29 15.07 13.83 11.82 10.43 6.73 7.03 6.65 7.27 7.05 8.24 10.55 11.91 12.75 -9999 -9999 -9999 -9999 -9999 -9999 -9999 -9999 -9999 -9999 -9999 -9999 -9999 -9999 -9999 -9999 -9999 -9999 -9999 -9999 -9999 -9999 -9999 -9999 -9999
-9999 -9999 -9999 -9999 -9999 -9999 -9999 -9999 -9999 -9999 -9999 -9999 -9999 -9999 -9999 -9999 -9999 -9999 -9999 -9999 -9999 8.85 7.49 5.59 4.69 7.35 3.41 15.18 15.04 8.37 9.18 8.46 7.41 6.61 3.19 4.66 13.24 13.34 11.86 10.54 9.69 11.89 11.51 10.42 8.50 7.42 7.12 6.89 7.37 9.00 9.64 10.20 11.39 -9999 -9999 -9999 -9999 -9999 -9999 -9999 -9999 -9999 -9999 -9999 -9999 -9999 -9999 -9999 -9999 -9999 -9999 -9999 -9999 -9999 -9999 -9999 -9999 -9999
-9999 -9999 -9999 -9999 -9999 -9999 -9999 -9999 -9999 -9999 -9999 -9999 -9999 -9999 -9999 -9999 -9999 -9999 -9999 -9999 -9999 7.35 7.37 4.46 7.04 14.32 7.23 4.90 10.81 11.42 9.49 9.37 8.56 7.54 5.22 4.49 6.37 14.41 12.82 12.31 10.53 10.46 10.41 8.52 8.03 7.96 8.69 7.51 8.66 8.61 9.16 9.07 9.71 10.89 11.90 12.18 -9999 -9999 -9999 -9999 -9999 -9999 -9999 -9999 -9999 -9999 -9999 -9999 -9999 -9999 -9999 -9999 -9999 -9999 -9999 -9999 -9999 -9999
-9999 -9999 -9999 -9999 -9999 -9999 -9999 -9999 -9999 -9999 -9999 -9999 -9999 -9999 -9999 -9999 -9999 -9999 -9999 -9999 -9999 6.93 5.96 5.34 9.31 6.48 5.82 7.41 11.49 8.49 8.17 11.80 7.33 9.16 7.22 5.81 5.62 8.76 11.38 11.66 11.25 10.89 9.12 8.93 8.16 7.52 7.32 7.66 7.85 8.41 8.08 7.93 8.11 11.14 10.15 11.29 12.25 12.24 -9999 -9999 -9999 -9999 -9999 -9999 -9999 -9999 -9999 -9999 -9999 -9999 -9999 -9999 -9999 -9999 -9999 -9999 -9999 -9999
-9999 -9999 -9999 -9999 -9999 -9999 -9999 -9999 -9999 -9999 -9999 -9999 -9999 -9999 -9999 -9999 -9999 -9999 -9999 -9999 -9999 6.89 5.39 6.18 11.62 13.39 9.46 5.99 7.24 8.07 11.30 7.74 11.07 9.36 8.48 8.16 7.11 5.72 7.02 11.19 11.03 10.42 9.80 8.91 8.35 8.17 7.95 7.43 7.74 7.66 7.31 7.69 7.66 8.66 11.24 10.71 10.97 12.36 12.64 11.53 -9999 -9999 -9999 -9999 -9999 -9999 -9999 -9999 -9999 -9999 -9999 -9999 -9999 -9999 -9999 -9999 -9999 -9999
-9999 -9999 -9999 -9999 -9999 -9999 -9999 -9999 -9999 -9999 -9999 -9999 -9999 -9999 -9999 -9999 -9999 -9999 -9999 -9999 -9999 7.93 5.88 7.44 9.02 5.83 17.46 14.15 7.32 9.16 7.33 11.71 12.51 9.07 7.75 7.82 7.06 5.18 12.46 11.51 11.39 12.18 12.58 11.76 8.65 9.54 8.12 7.58 7.51 7.41 7.40 7.27 6.64 7.55 10.10 9.14 8.84 9.48 11.00 10.22 13.23 -9999 -9999 -9999 -9999 -9999 -9999 -9999 -9999 -9999 -9999 -9999 -9999 -9999 -9999 -9999 -9999 -9999
-9999 -9999 -9999 -9999 -9999 -9999 -9999 -9999 -9999 10.48 10.90 11.39 -9999 -9999 -9999 -9999 -9999 -9999 -9999 -9999 -9999 -9999 8.67 7.15 5.94 8.28 10.82 13.81 7.84 5.17 9.87 9.68 8.67 7.29 8.79 8.33 6.33 7.09 9.81 10.61 14.32 13.33 11.33 10.73 11.25 9.64 8.17 7.51 7.11 6.95 6.35 6.09 10.00 9.29 12.45 13.02 11.99 10.79 8.53 11.58 12.57 12.05 -9999 -9999 -9999 -9999 -9999 -9999 -9999 -9999 -9999 -9999 -9999 -9999 -9999 -9999 -9999 -9999
-9999 -9999 -9999 -9999 -9999 -9999 -9999 -9999 -9999 9.09 9.16 -9999 -9999 -9999 -9999 -9999 -9999 -9999 -9999 -9999 -9999 -9999 -9999 7.52 5.25 9.08 10.06 17.22 9.23 9.31 8.90 6.80 5.71 5.72 5.24 12.31 6.50 7.70 12.79 10.70 8.46 8.07 12.31 8.80 11.39 9.34 7.96 7.12 6.73 5.91 6.24 8.69 9.92 9.39 9.24 8.79 9.89 10.72 10.45 11.17 11.47 13.74 -9999 -9999 -9999 -9999 -9999 -9999 -9999 -9999 -9999 -9999 -9999 -9999 -9999 -9999 -9999 -9999
-9999 -9999 -9999 -9999 -9999 -9999 -9999 -9999 7.72 10.31 10.19 10.04 -9999 -9999 -9999 -9999 -9999 -9999 -9999 -9999 -9999 -9999 -9999 7.65 9.37 9.94 11.04 9.06 9.72 7.87 7.43 6.26 5.76 7.22 5.54 4.51 12.70 8.96 8.62 12.13 10.61 13.43 10.76 11.16 9.72 8.95 8.07 7.60 6.58 5.62 6.76 8.54 8.29 9.51 10.52 9.97 10.33 9.90 10.31 10.99 9.97 12.95 12.33 -9999 -9999 -9999 -9999 -9999 -9999 -9999 -9999 -9999 -9999 -9999 -9999 -9999 -9999 -9999
-9999 -9999 -9999 -9999 -9999 -9999 -9999 6.50 9.59 11.40 15.07 10.03 -9999 -9999 -9999 -9999 -9999 -9999 -9999 -9999 -9999 -9999 -9999 9.27 13.33 10.37 7.08 8.49 7.44 8.00 6.27 5.25 5.96 6.74 4.56 10.39 8.12 11.45 9.09 13.76 8.91 10.34 8.73 10.68 9.14 9.13 8.74 7.28 6.88 5.89 6.00 9.45 10.45 10.49 9.55 9.58 9.19 8.95 9.28 11.14 11.39 11.24 12.30 -9999 -9999 -9999 -9999 -9999 -9999 -9999 -9999 -9999 -9999 -9999 -9999 -9999 -9999 -9999
-9999 -9999 -9999 -9999 -9999 -9999 9.04 7.44 13.32 11.21 11.34 -9999 -9999 -9999 -9999 -9999 -9999 -9999 -9999 -9999 -9999 -9999 -9999 -9999 9.96 7.61 6.93 8.86 6.48 8.59 6.66 5.73 5.32 5.20 3.70 9.69 10.04 11.37 11.02 12.21 12.24 12.25 11.42 10.95 11.06 10.42 8.20 7.51 7.20 6.55 6.17 7.29 12.01 11.16 8.95 8.38 8.40 8.02 8.25 8.66 8.92 8.70 9.82 11.60 12.80 -9999 -9999 -9999 -9999 -9999 -9999 -9999 -9999 -9999 -9999 -9999 -9999 -9999
-9999 -9999 -9999 -9999 -9999 -9999 11.48 12.55 9.41 10.33 10.99 -9999 -9999 -9999 -9999 -9999 -9999 -9999 -9999 -9999 -9999 -9999 -9999 -9999 -9999 8.26 8.33 7.61 6.78 8.15 7.36 7.06 6.39 6.29 3.94 9.96 9.24 8.39 11.06 10.08 9.21 13.24 13.43 10.41 12.00 10.75 9.98 7.90 7.35 7.05 6.63 6.94 8.26 8.82 8.27 8.22 8.14 8.10 7.92 8.07 8.07 8.15 10.87 11.45 11.64 -9999 -9999 -9999 -9999 -9999 -9999 -9999 -9999 -9999 -9999 -9999 -9999 -9999
-9999 -9999 -9999 -9999 -9999 -9999 12.69 11.42 12.19 11.57 -9999 -9999 -9999 -9999 -9999 -9999 -9999 -9999 -9999 -9999 -9999 -9999 -9999 -9999 -9999 9.25 8.98 8.41 -9999 8.58 -9999 7.64 6.77 5.96 4.66 5.34 10.01 8.75 9.74 13.16 6.50 7.83 13.32 11.75 11.40 10.96 9.63 8.16 7.69 7.52 7.07 7.04 7.52 8.42 9.30 8.28 8.76 7.74 7.20 8.27 9.40 9.07 8.56 8.71 10.78 13.14 14.28 -9999 -9999 -9999 -9999 -9999 -9999 -9999 -9999 -9999 -9999 -9999
-9999 -9999 -9999 -9999 -9999 13.14 12.23 11.87 -9999 -9999 -9999 -9999 -9999 -9999 -9999 -9999 -9999 -9999 -9999 -9999 -9999 -9999 -9999 -9999 -9999 10.44 9.43 8.52 -9999 -9999 -9999 7.27 7.78 5.00 5.99 7.60 6.23 5.49 7.57 11.90 11.47 6.90 11.39 13.06 10.64 11.64 10.40 9.09 7.33 7.42 7.20 7.19 7.43 7.76 8.04 7.91 8.05 6.82 7.66 8.86 9.69 10.10 10.02 9.30 9.65 11.37 13.21 -9999 -9999 -9999 -9999 -9999 -9999 -9999 -9999 -9999 -9999 -9999
-9999 -9999 -9999 -9999 -9999 -9999 -9999 -9999 -9999 -9999 -9999 -9999 -9999 -9999 -9999 -9999 -9999 -9999 -9999 -9999 -9999 -9999 -9999 -9999 -9999 -9999 -9999 -9999 -9999 -9999 7.96 5.58 5.23 6.95 8.14 9.22 9.25 7.54 8.25 11.17 10.76 8.82 7.40 10.72 12.12 10.70 9.71 8.69 7.83 7.61 7.76 7.33 7.29 7.45 7.46 7.15 6.39 7.33 10.25 9.16 9.91 9.23 9.33 8.61 9.75 11.32 -9999 -9999 -9999 -9999 -9999 -9999 -9999 -9999 -9999 -9999 -9999 -9999
-9999 -9999 -9999 -9999 -9999 -9999 -9999 -9999 -9999 -9999 -9999 -9999 -9999 -9999 -9999 -9999 -9999 -9999 -9999 -9999 -9999 -9999 -9999 -9999 -9999 -9999 -9999 -9999 -9999 -9999 7.10 4.94 5.98 8.95 11.74 10.83 8.31 9.28 7.35 7.95 7.29 8.73 9.28 10.59 10.92 10.47 9.37 8.74 8.24 7.59 7.75 7.19 7.18 7.24 7.36 7.06 6.19 6.90 11.00 10.70 9.17 8.74 8.49 8.32 9.57 11.53 -9999 -9999 -9999 -9999 -9999 -9999 -9999 -9999 -9999 -9999 -9999 -9999
-9999 -9999 -9999 -9999 -9999 -9999 -9999 -9999 -9999 -9999 -9999 -9999 -9999 -9999 -9999 -9999 -9999 -9999 -9999 -9999 -9999 -9999 -9999 -9999 -9999 -9999 -9999 -9999 -9999 -9999 6.28 4.38 4.95 8.49 10.00 9.74 8.94 8.54 8.04 8.58 7.38 7.39 7.93 6.84 10.74 9.21 10.15 8.98 8.64 7.49 7.20 7.14 7.06 7.13 7.19 7.13 6.67 6.66 9.04 10.15 9.37 8.62 8.40 8.16 9.24 11.08 -9999 -9999 -9999 -9999 -9999 -9999 -9999 -9999 -9999 -9999 -9999 -9999
-9999 -9999 -9999 -9999 -9999 -9999 -9999 -9999 -9999 -9999 -9999 -9999 -9999 -9999 -9999 -9999 -9999 -9999 -9999 -9999 -9999 -9999 -9999 -9999 -9999 -9999 -9999 -9999 9.59 7.74 5.49 4.07 7.01 9.54 12.46 9.57 10.73 6.40 7.35 7.37 8.67 9.41 9.03 10.80 7.80 7.93 7.93 7.79 7.36 8.02 7.09 6.91 7.16 6.96 7.07 7.26 7.03 7.02 7.71 9.59 9.20 8.45 8.13 8.04 8.67 10.39 12.16 -9999 -9999 -9999 -9999 -9999 -9999 -9999 -9999 -9999 -9999 -9999
-9999 -9999 -9999 -9999 -9999 -9999 -9999 -9999 -9999 -9999 -9999 -9999 -9999 -9999 -9999 -9999 -9999 -9999 -9999 -9999 -9999 -9999 -9999 -9999 -9999 -9999 -9999 -9999 8.72 6.79 5.54 4.85 5.65 9.00 7.47 7.01 5.28 6.90 9.57 7.46 9.45 9.03 10.20 7.27 10.69 8.61 9.58 9.01 8.90 7.75 7.34 6.97 6.82 6.85 7.05 7.18 7.28 7.13 7.23 8.07 9.35 8.76 8.10 8.05 8.29 9.60 11.41 -9999 -9999 -9999 -9999 -9999 -9999 -9999 -9999 -9999 -9999 -9999
-9999 -9999 -9999 -9999 -9999 -9999 -9999 -9999 -9999 -9999 -9999 -9999 -9999 -9999 -9999 -9999 -9999 -9999 -9999 -9999 -9999 -9999 -9999 -9999 -9999 -9999 -9999 -9999 8.63 6.61 5.87 5.46 6.08 7.23 7.68 6.47 5.71 7.11 7.25 6.68 8.69 11.05 9.05 8.70 7.42 8.86 7.25 7.65 8.11 8.33 7.54 7.23 6.81 6.82 7.04 7.20 7.34 7.29 7.06 7.50 8.88 9.54 8.45 8.01 8.28 8.90 10.23 11.90 -9999 -9999 -9999 -9999 -9999 -9999 -9999 -9999 -9999 -9999
-9999 -9999 -9999 -9999 -9999 -9999 -9999 -9999 -9999 -9999 -9999 -9999 -9999 -9999 -9999 -9999 -9999 -9999 -9999 -9999 -9999 -9999 -9999 -9999 -9999 -9999 -9999 -9999 8.36 6.74 6.26 6.22 6.20 6.29 6.41 7.05 7.92 5.84 5.75 6.77 10.86 11.09 12.01 10.69 8.89 8.57 8.97 7.58 6.90 7.81 8.19 7.22 6.83 6.90 6.94 7.20 7.46 7.62 7.38 7.52 9.33 10.46 9.37 8.91 9.00 8.88 9.25 10.75 12.34 -9999 -9999 -9999 -9999 -9999 -9999 -9999 -9999 -9999
-9999 -9999 -9999 -9999 -9999 -9999 -9999 -9999 -9999 -9999 -9999 -9999 -9999 -9999 -9999 -9999 -9999 -9999 -9999 -9999 -9999 -9999 -9999 -9999 -9999 -9999 -9999 -9999 8.43 6.65 6.21 5.97 5.66 5.33 6.17 5.89 6.66 7.24 9.04 10.51 11.66 9.73 11.28 9.71 9.32 7.92 9.17 8.55 7.71 7.10 6.97 7.05 6.84 6.93 7.13 7.41 7.65 7.94 8.08 8.26 9.03 10.07 9.81 9.38 9.50 9.55 9.36 9.57 11.23 -9999 -9999 -9999 -9999 -9999 -9999 -9999 -9999 -9999
-9999 -9999 -9999 -9999 -9999 -9999 -9999 -9999 -9999 -9999 -9999 -9999 -9999 -9999 -9999 -9999 -9999 -9999 -9999 -9999 -9999 -9999 -9999 -9999 -9999 -9999 -9999 -9999 -9999 6.71 6.31 5.79 5.01 5.30 7.15 7.46 8.04 6.98 7.10 9.29 9.72 11.51 10.97 9.08 7.37 7.73 7.65 8.54 7.58 7.27 7.80 7.48 6.91 7.14 7.24 7.53 7.67 7.90 8.27 8.63 9.08 9.16 9.36 9.60 9.89 -9999 9.94 10.33 11.31 13.05 -9999 -9999 -9999 -9999 -9999 -9999 -9999 -9999
-9999 -9999 -9999 -9999 -9999 -9999 -9999 -9999 -9999 -9999 -9999 -9999 -9999 -9999 -9999 -9999 -9999 -9999 -9999 -9999 -9999 -9999 -9999 -9999 -9999 -9999 -9999 -9999 8.20 6.63 6.18 5.43 4.57 4.52 8.47 9.41 7.72 10.21 10.09 8.34 8.38 12.36 11.19 11.57 8.92 7.27 8.97 7.57 6.86 7.34 7.50 7.21 7.33 7.12 7.25 7.42 7.70 7.66 7.85 9.29 8.84 8.46 9.70 9.20 9.61 9.77 -9999 11.06 11.96 13.36 14.45 -9999 -9999 -9999 -9999 -9999 -9999 -9999
-9999 -9999 -9999 -9999 -9999 -9999 -9999 -9999 -9999 -9999 -9999 -9999 -9999 -9999 -9999 -9999 -9999 -9999 -9999 -9999 -9999 -9999 -9999 -9999 -9999 -9999 -9999 -9999 7.86 6.27 5.89 5.42 6.47 5.65 7.21 10.18 7.72 8.10 8.41 6.48 6.40 10.12 10.24 10.25 7.46 9.09 9.86 7.80 8.50 7.64 8.08 7.89 7.51 7.13 7.20 7.32 7.45 7.36 7.38 7.78 8.24 7.53 7.93 8.67 8.54 9.54 10.14 -9999 -9999 -9999 -9999 -9999 -9999 -9999 -9999 -9999 -9999 -9999
-9999 -9999 -9999 -9999 -9999 -9999 -9999 -9999 -9999 -9999 -9999 -9999 -9999 -9999 -9999 -9999 -9999 -9999 -9999 -9999 -9999 -9999 -9999 -9999 -9999 -9999 -9999 9.61 7.18 5.94 6.57 6.32 6.49 6.25 7.65 8.24 7.75 7.43 6.92 6.48 6.42 8.94 11.66 11.96 8.50 10.81 10.37 8.16 8.24 7.26 7.74 8.01 7.48 7.02 7.29 7.31 7.34 7.46 7.33 7.68 7.95 7.75 7.64 8.98 8.75 8.86 9.34 10.64 12.00 -9999 -9999 -9999 -9999 -9999 -9999 -9999 -9999 -9999
-9999 -9999 -9999 -9999 -9999 -9999 -9999 -9999 -9999 -9999 -9999 -9999 -9999 -9999 -9999 -9999 -9999 -9999 -9999 -9999 -9999 -9999 -9999 -9999 -9999 -9999 -9999 -9999 7.45 6.16 6.07 6.63 8.40 6.71 6.81 7.00 7.33 7.48 6.87 6.30 5.73 6.14 9.86 11.39 12.48 10.40 10.90 9.85 8.77 8.82 6.99 7.16 7.92 7.09 7.14 7.11 7.19 7.46 7.38 7.61 8.10 7.73 7.24 7.49 9.73 8.99 8.78 9.31 10.27 11.56 13.04 -9999 -9999 -9999 -9999 -9999 -9999 -9999
-9999 -9999 -9999 -9999 -9999 -9999 -9999 -9999 -9999 -9999 -9999 -9999 -9999 -9999 -9999 -9999 -9999 -9999 -9999 -9999 -9999 -9999 -9999 -9999 -9999 -9999 -9999 -9999 7.52 6.69 6.29 6.58 6.97 7.11 7.01 6.74 6.90 6.53 6.28 6.10 5.99 6.46 6.25 10.88 13.12 13.76 12.00 10.55 9.64 8.20 8.13 7.43 8.33 7.24 7.24 7.11 7.21 7.32 7.38 7.84 8.10 7.83 7.12 7.57 9.53 9.24 9.60 8.67 8.87 9.93 11.49 -9999 -9999 -9999 -9999 -9999 -9999 -9999
-9999 -9999 -9999 -9999 -9999 -9999 -9999 -9999 10.06 9.23 9.87 11.18 -9999 -9999 -9999 -9999 -9999 -9999 -9999 -9999 -9999 -9999 -9999 -9999 -9999 -9999 -9999 8.26 7.04 7.16 6.67 7.50 7.26 6.77 6.69 6.78 6.67 6.62 6.39 6.14 5.94 5.54 8.49 11.38 11.67 10.10 12.93 12.09 9.01 8.53 6.59 8.96 8.90 7.49 7.34 7.15 7.22 7.32 7.39 7.74 8.31 8.13 7.32 7.31 7.90 9.62 9.69 10.10 8.61 8.56 10.06 11.89 -9999 -9999 -9999 -9999 -9999 -9999
-9999 -9999 -9999 -9999 -9999 -9999 -9999 -9999 8.85 7.88 8.04 9.02 -9999 -9999 -9999 -9999 -9999 -9999 -9999 -9999 -9999 -9999 -9999 -9999 -9999 -9999 8.34 7.80 7.01 7.33 8.28 7.26 7.24 6.38 6.39 6.58 6.47 6.66 6.71 5.90 5.34 5.25 7.26 13.02 13.33 10.02 11.78 11.18 10.57 7.69 6.66 8.27 8.79 7.85 7.03 6.96 7.22 7.67 7.62 7.71 8.08 8.45 7.80 7.56 7.69 9.32 9.58 9.66 8.75 8.55 9.13 10.97 -9999 -9999 -9999 -9999 -9999 -9999
-9999 -9999 -9999 -9999 -9999 -9999 12.45 9.08 7.12 7.10 7.03 8.30 8.46 10.00 11.10 -9999 -9999 11.62 10.49 -9999 -9999 -9999 8.88 10.01 9.36 -9999 6.57 7.89 7.29 7.12 7.58 7.06 7.20 7.02 7.48 7.11 7.12 6.42 6.60 5.81 5.92 8.89 7.03 9.69 12.03 7.63 9.39 13.41 8.65 9.61 7.56 8.28 8.45 7.73 7.34 7.29 7.46 7.76 7.50 7.75 7.89 8.58 7.86 7.60 7.74 8.26 9.04 10.06 9.67 8.62 8.57 10.08 12.08 -9999 -9999 -9999 -9999 -9999
-9999 -9999 -9999 -9999 -9999 -9999 -9999 9.61 7.78 6.90 6.39 6.77 8.17 9.80 7.99 -9999 8.03 8.55 9.86 9.33 10.24 7.12 5.94 9.42 9.75 8.50 -9999 6.12 7.51 7.44 6.81 6.80 7.43 6.84 6.65 6.64 6.52 6.63 6.16 5.97 5.90 9.15 10.07 10.23 10.82 9.81 11.60 11.98 10.26 7.91 7.29 8.94 8.88 7.51 7.80 7.42 7.96 8.02 7.60 7.66 7.79 8.65 8.02 7.77 7.80 7.76 8.59 9.43 10.08 9.29 8.62 9.35 11.26 -9999 -9999 -9999 -9999 -9999
