ML/MeanWindSpeed_2000-11_Actual.txt
ncols         180
nrows         290
xllcorner     -200000
yllcorner     -200000
cellsize      5000
NODATA_value  -9999
[rows 210 to 244 of 290, columns 78 to 155 of 180]
18.86 19.17 17.03 19.25 18.74 -9999 -9999 -9999 -9999 -9999 -9999 -9999 11.99 11.89 12.67 10.94 11.71 12.43 14.12 15.88 18.24 16.48 13.88 11.46 11.20 9.33 12.28 13.12 9.68 8.69 13.53 12.76 13.57 9.28 8.53 9.26 9.17 10.04 10.40 9.51 9.47 8.98 8.45 8.12 7.76 7.31 7.11 6.62 7.33 6.82 7.12 7.70 8.50 9.33 9.23 9.16 8.81 7.12 5.56 7.20 8.14 8.32 8.29 7.46 7.10 7.93 8.21 7.50 7.00 6.91 8.26 6.86 7.32 8.61 7.87 7.93 8.05 7.00
-9999 18.95 -9999 -9999 -9999 -9999 -9999 -9999 -9999 -9999 18.61 16.35 15.42 16.52 14.83 13.11 12.11 12.60 12.42 14.46 15.76 14.87 9.96 9.47 14.22 12.06 11.24 9.26 8.96 8.83 12.01 11.38 10.95 9.22 9.16 9.76 8.03 11.26 11.16 9.31 9.34 8.84 8.60 8.33 7.80 8.26 7.28 7.09 6.24 6.34 6.62 7.42 8.26 9.65 9.18 10.50 11.25 7.29 7.02 4.92 7.62 7.76 7.43 8.53 8.08 8.16 8.52 7.45 6.77 6.97 6.76 7.57 8.39 7.46 8.10 7.90 7.15 6.79
-9999 -9999 -9999 -9999 -9999 -9999 -9999 -9999 -9999 -9999 20.08 19.04 15.95 17.00 17.00 -9999 -9999 11.94 14.99 8.41 10.17 9.85 10.33 11.66 13.60 9.79 8.54 9.47 9.85 10.77 10.87 10.61 10.13 9.86 10.81 9.08 8.99 10.67 8.94 8.60 8.54 8.84 9.32 8.80 7.77 7.79 7.00 7.01 7.83 8.60 8.25 9.27 8.48 8.89 10.16 12.67 9.15 7.58 6.34 4.78 7.38 7.47 7.46 7.53 7.56 7.32 7.07 8.78 7.22 6.87 6.52 6.57 6.87 6.62 6.25 8.25 7.56 8.11
-9999 -9999 -9999 -9999 -9999 -9999 -9999 -9999 -9999 -9999 -9999 -9999 -9999 -9999 -9999 -9999 -9999 13.19 11.07 10.40 8.34 7.24 7.77 8.78 10.23 9.90 10.02 11.09 12.29 12.84 12.20 -9999 10.41 10.04 9.70 9.01 9.01 10.39 8.97 9.26 8.86 8.06 7.84 8.68 7.69 8.02 9.55 9.76 9.47 10.64 11.76 10.08 9.98 10.18 10.22 11.12 8.55 7.55 6.94 6.06 6.18 6.60 7.63 7.93 7.31 6.87 6.91 6.90 6.66 6.47 6.14 6.15 6.32 6.57 6.66 7.20 7.42 8.07
-9999 -9999 -9999 -9999 -9999 -9999 -9999 -9999 -9999 -9999 -9999 -9999 -9999 -9999 -9999 -9999 -9999 -9999 12.32 10.39 8.60 8.55 9.84 8.90 9.12 10.01 11.82 -9999 -9999 -9999 -9999 11.76 9.94 9.65 9.08 8.93 9.29 10.79 9.38 9.93 9.23 7.87 8.79 8.16 9.90 9.34 11.71 9.83 10.02 9.59 10.20 10.06 9.34 10.59 8.11 8.35 8.47 6.43 6.36 5.82 5.83 6.20 6.54 6.84 6.98 6.25 6.05 5.87 5.98 5.81 7.23 7.50 6.09 6.01 6.19 6.68 7.33 8.58
-9999 -9999 -9999 -9999 -9999 -9999 -9999 -9999 -9999 -9999 -9999 -9999 -9999 -9999 -9999 -9999 -9999 -9999 -9999 12.09 12.94 11.00 10.25 12.15 11.97 12.72 -9999 -9999 -9999 -9999 13.13 12.11 11.44 7.77 7.73 8.13 10.79 11.14 10.48 9.89 8.69 8.69 8.20 9.90 11.51 10.07 10.01 8.94 8.92 8.58 7.50 8.43 8.59 8.18 7.94 7.68 7.43 6.66 6.54 7.01 7.36 7.75 6.55 6.66 6.59 6.06 6.44 6.01 6.30 5.47 6.30 6.18 6.17 7.22 6.08 7.48 7.83 8.30
-9999 -9999 -9999 -9999 -9999 -9999 -9999 -9999 -9999 -9999 -9999 -9999 -9999 -9999 -9999 -9999 -9999 -9999 -9999 -9999 12.70 12.28 11.63 14.29 13.37 14.85 -9999 -9999 -9999 12.40 9.96 8.34 10.10 9.77 8.98 7.59 9.14 8.07 10.47 9.82 8.09 9.83 10.70 10.32 9.56 10.18 8.79 8.08 7.54 6.87 6.81 6.81 7.17 7.94 7.70 7.08 7.06 7.13 7.00 7.70 7.25 7.59 7.20 6.47 6.41 5.72 5.28 5.10 5.56 5.41 5.60 5.72 7.16 7.43 7.83 7.88 6.69 8.44
-9999 -9999 -9999 -9999 -9999 -9999 -9999 -9999 -9999 -9999 -9999 -9999 -9999 -9999 -9999 -9999 -9999 -9999 -9999 -9999 -9999 -9999 -9999 -9999 -9999 -9999 -9999 -9999 15.21 11.09 8.91 7.71 9.25 7.37 8.58 9.66 9.22 9.06 9.59 7.84 7.52 8.10 9.17 8.70 9.05 9.04 9.29 8.97 8.57 10.39 8.22 8.25 7.35 7.93 8.02 7.14 7.18 6.74 7.07 7.71 6.85 6.39 6.33 6.08 5.93 6.46 5.71 6.43 5.96 7.23 7.75 7.37 6.11 9.06 10.03 8.55 6.93 10.01
-9999 -9999 -9999 -9999 -9999 -9999 -9999 -9999 -9999 -9999 -9999 -9999 -9999 -9999 -9999 -9999 -9999 -9999 -9999 -9999 -9999 -9999 -9999 -9999 -9999 -9999 -9999 -9999 12.50 11.74 10.02 15.69 12.55 7.82 8.46 9.29 9.72 10.28 8.14 7.58 7.48 7.44 8.81 8.47 8.23 10.44 10.28 11.85 10.10 10.23 11.67 9.31 8.18 7.65 6.83 6.70 6.46 6.46 6.88 6.65 6.85 6.36 5.87 5.52 5.44 6.32 8.77 8.01 8.74 9.01 10.02 8.09 6.55 7.75 8.03 6.88 6.41 7.31
-9999 -9999 -9999 -9999 -9999 -9999 -9999 -9999 -9999 -9999 -9999 -9999 -9999 -9999 -9999 -9999 -9999 -9999 -9999 -9999 -9999 -9999 -9999 -9999 -9999 -9999 -9999 -9999 11.78 9.44 8.58 11.02 15.00 12.97 11.05 9.34 10.93 8.87 8.51 8.01 10.34 10.42 10.88 10.20 8.92 8.91 8.84 9.48 10.14 10.17 9.13 8.89 8.44 8.01 6.94 6.53 6.68 6.82 7.48 6.96 6.75 6.22 6.16 6.92 7.74 6.91 8.19 7.66 7.31 7.19 8.11 10.20 9.61 6.49 6.23 7.33 7.95 7.70
-9999 -9999 -9999 -9999 -9999 -9999 -9999 -9999 -9999 -9999 -9999 17.85 18.04 14.98 20.42 18.28 16.41 14.97 16.82 7.03 14.48 9.19 -9999 -9999 -9999 -9999 -9999 -9999 10.79 9.19 8.84 7.57 9.08 11.78 13.13 11.73 9.87 8.84 8.98 9.91 11.43 10.47 9.28 9.37 9.04 8.21 8.61 8.23 7.83 7.61 8.26 7.65 8.46 8.91 9.57 7.94 7.38 8.15 7.93 6.67 7.65 6.85 6.45 7.63 8.42 6.54 5.58 5.90 5.63 5.24 5.00 5.58 5.49 4.55 4.55 5.06 5.41 5.17
-9999 -9999 -9999 -9999 -9999 -9999 -9999 -9999 -9999 -9999 -9999 21.32 20.13 19.85 16.17 17.71 18.42 15.41 14.73 14.63 10.46 8.58 7.72 10.38 14.46 11.90 10.96 10.14 9.95 9.02 8.30 7.54 6.84 7.84 11.04 10.95 9.79 8.65 12.47 10.13 8.60 9.39 9.93 9.00 9.23 9.64 8.87 8.95 8.56 8.32 6.79 7.27 8.09 8.24 7.93 8.42 8.74 7.16 6.66 5.81 5.73 7.47 6.40 10.76 8.06 7.21 6.08 5.42 5.55 5.21 6.28 6.37 4.75 6.65 6.05 6.96 5.34 5.55
-9999 -9999 -9999 -9999 -9999 -9999 -9999 -9999 -9999 -9999 18.40 16.53 15.48 14.76 12.94 14.96 16.83 14.39 11.98 12.18 12.30 10.52 9.24 9.81 11.91 13.77 10.25 9.71 9.14 9.17 10.11 8.26 7.84 9.48 9.22 8.96 9.71 12.89 10.35 11.42 10.25 9.25 8.19 9.01 9.01 9.92 9.69 9.10 9.72 7.97 8.00 7.73 7.46 7.21 8.58 8.96 6.49 6.32 6.60 9.16 6.98 6.56 6.75 6.36 6.63 7.01 6.57 6.28 7.03 8.22 6.92 5.62 5.51 7.61 6.97 7.01 7.44 7.13
-9999 -9999 -9999 -9999 -9999 -9999 -9999 -9999 -9999 -9999 -9999 14.36 12.24 11.27 13.14 11.98 11.27 13.31 10.53 8.40 7.82 11.06 13.88 12.41 10.18 10.69 13.30 10.87 8.77 8.79 8.65 9.40 9.49 8.35 7.81 8.22 9.56 11.27 9.36 10.81 9.16 9.06 8.90 9.53 9.07 10.07 10.05 9.97 8.35 8.02 8.52 7.16 6.12 5.78 6.76 7.70 7.72 6.40 6.97 8.07 7.70 6.67 5.63 5.53 5.35 6.06 8.37 7.96 7.54 8.36 9.61 8.48 7.43 7.82 7.67 6.63 7.84 6.48
-9999 -9999 -9999 -9999 -9999 -9999 -9999 17.47 -9999 -9999 15.94 13.93 14.43 9.88 11.87 9.59 8.06 7.06 6.81 7.93 6.71 9.49 11.85 9.97 8.71 7.10 7.60 8.20 8.31 8.42 8.74 9.57 8.38 8.19 8.35 10.31 8.62 10.06 8.62 9.26 8.49 9.95 10.93 10.14 9.07 8.37 8.11 8.10 7.98 9.45 7.91 6.76 8.75 6.56 6.06 7.75 9.30 5.39 5.86 6.05 5.80 5.59 5.60 5.48 6.21 7.23 7.67 6.34 5.71 5.95 7.05 7.21 6.93 7.36 6.30 6.20 6.14 5.45
-9999 -9999 -9999 -9999 -9999 -9999 17.39 18.48 18.23 17.65 14.26 12.94 14.94 11.23 9.30 10.04 8.51 9.01 8.48 9.36 8.02 8.08 9.58 9.03 7.86 6.81 7.01 8.32 9.20 8.08 7.94 8.20 7.93 8.16 9.80 9.56 8.37 9.53 10.14 11.53 10.19 10.37 11.92 10.13 9.96 8.05 8.23 7.93 8.58 7.45 6.84 5.92 7.19 7.09 5.55 6.39 5.87 5.24 4.83 4.22 5.17 5.67 5.83 5.20 4.77 5.11 4.93 4.95 5.06 5.18 4.91 5.96 6.59 7.56 7.93 7.29 5.65 6.70
-9999 -9999 -9999 -9999 -9999 -9999 16.93 16.46 15.07 15.42 14.03 12.90 11.15 13.33 12.91 11.43 12.79 11.72 10.11 11.40 10.30 10.67 11.59 9.51 11.02 13.26 11.74 10.03 8.96 7.89 8.37 8.87 9.20 8.53 9.57 8.34 9.24 8.37 7.72 9.80 11.45 9.89 9.84 9.66 9.11 8.69 8.98 7.99 7.17 7.66 7.42 5.42 5.65 5.69 5.48 6.60 7.55 7.95 9.83 6.00 5.91 5.23 5.10 5.10 5.12 4.97 4.79 4.96 5.58 5.22 5.12 4.94 6.20 6.56 6.86 7.12 7.38 5.84
-9999 -9999 -9999 -9999 -9999 -9999 16.94 14.58 13.80 14.13 13.08 13.20 11.44 11.87 11.94 10.18 11.72 11.61 11.74 11.91 11.68 9.23 9.14 9.75 13.05 12.80 12.86 13.43 10.09 9.16 9.10 7.95 8.88 7.88 8.66 7.93 8.36 8.17 7.46 9.68 9.11 9.33 9.14 9.09 9.20 8.95 9.16 9.05 7.30 6.50 6.25 6.89 4.74 4.85 4.57 5.63 6.75 7.59 8.88 7.85 8.60 9.80 5.38 9.71 7.74 5.78 6.32 10.30 9.75 8.92 5.14 4.93 4.96 4.82 6.02 5.88 7.63 8.83
-9999 -9999 -9999 -9999 -9999 -9999 13.67 12.86 12.70 12.29 11.18 11.13 10.62 9.74 11.05 10.34 10.27 11.17 9.98 10.15 10.35 11.18 9.14 11.06 13.44 11.77 13.21 13.33 10.88 10.77 11.15 9.34 9.03 8.88 8.65 8.66 8.91 9.65 10.78 8.08 9.07 9.02 8.97 8.99 9.19 9.14 9.13 8.04 7.87 6.91 6.64 6.41 6.50 5.20 6.15 6.17 6.98 7.06 6.63 6.05 5.91 6.59 6.13 8.39 8.20 9.39 9.03 9.71 10.10 10.84 6.23 6.17 5.49 5.34 6.05 7.34 8.97 9.30
-9999 -9999 -9999 -9999 -9999 -9999 11.59 11.63 11.99 12.49 12.79 11.52 10.58 8.84 9.14 11.38 10.62 9.87 8.92 9.62 9.82 10.09 10.41 10.03 10.00 8.93 12.27 10.90 8.56 12.51 12.16 10.38 13.11 10.77 11.32 12.34 11.47 10.61 11.12 9.41 8.40 9.15 8.95 8.41 8.97 8.93 9.16 8.06 8.15 8.35 8.09 6.83 6.12 5.94 5.69 6.41 8.97 8.48 7.29 6.62 6.77 7.48 7.99 8.43 8.67 9.21 -9999 -9999 8.80 9.66 9.46 8.71 7.22 10.77 8.17 -9999 -9999 -9999
-9999 -9999 -9999 -9999 -9999 14.06 11.72 11.89 11.40 13.03 13.24 14.33 11.35 10.50 9.51 11.08 10.51 9.35 8.78 9.05 9.16 9.18 9.39 10.15 10.73 11.22 11.43 9.27 12.59 13.43 10.26 9.50 10.24 9.65 10.98 10.97 9.56 9.14 8.79 8.87 10.07 9.79 9.83 9.39 9.48 9.83 10.54 9.99 9.03 8.20 7.20 6.66 -9999 -9999 6.91 8.16 10.75 10.66 9.84 9.08 9.10 -9999 -9999 -9999 -9999 -9999 -9999 -9999 -9999 -9999 -9999 9.49 9.97 12.15 10.25 -9999 -9999 -9999
-9999 -9999 -9999 -9999 15.41 12.86 10.86 12.04 11.06 11.39 11.54 12.30 11.12 13.43 13.65 12.07 11.28 11.32 11.87 10.07 9.28 9.54 10.32 10.72 14.06 15.02 14.32 13.37 15.16 11.39 11.55 11.50 12.08 12.59 10.05 8.32 9.06 7.84 8.13 8.26 8.73 8.79 10.81 12.34 12.34 11.73 11.43 11.61 10.11 -9999 6.75 6.87 6.03 6.46 7.50 -9999 -9999 -9999 -9999 11.02 -9999 -9999 -9999 -9999 -9999 -9999 -9999 -9999 -9999 -9999 -9999 -9999 -9999 -9999 -9999 -9999 -9999 -9999
-9999 -9999 -9999 17.88 15.30 13.72 11.76 10.11 10.41 10.56 9.98 10.97 12.43 17.04 18.20 12.01 10.66 14.82 11.36 13.17 9.97 9.92 13.75 12.22 11.82 12.19 12.90 -9999 -9999 -9999 -9999 -9999 12.14 13.59 12.73 10.30 9.97 9.24 8.43 8.60 8.47 9.32 11.10 -9999 -9999 -9999 -9999 -9999 12.05 11.52 9.16 6.90 5.95 8.34 8.30 -9999 -9999 -9999 -9999 -9999 -9999 -9999 -9999 -9999 -9999 -9999 -9999 -9999 -9999 -9999 -9999 -9999 -9999 -9999 -9999 -9999 -9999 -9999
-9999 -9999 12.60 13.34 14.24 13.43 11.30 11.31 11.47 9.52 11.65 13.02 15.36 16.68 17.54 15.89 14.52 12.43 14.41 11.53 11.88 11.44 13.86 13.49 -9999 -9999 -9999 -9999 -9999 -9999 -9999 -9999 -9999 11.77 12.31 10.79 12.43 13.58 14.03 11.18 13.79 13.42 14.25 -9999 -9999 -9999 -9999 -9999 -9999 -9999 9.31 9.07 6.56 7.56 -9999 -9999 -9999 -9999 -9999 -9999 -9999 -9999 -9999 -9999 -9999 -9999 -9999 -9999 -9999 -9999 -9999 -9999 -9999 -9999 -9999 -9999 -9999 -9999
14.70 14.33 11.71 11.72 12.78 14.12 14.28 12.31 10.57 11.03 13.05 14.00 14.36 15.81 12.81 13.39 13.79 15.74 8.73 11.67 16.21 13.29 -9999 -9999 -9999 -9999 -9999 -9999 -9999 -9999 -9999 -9999 -9999 -9999 -9999 12.92 -9999 -9999 -9999 -9999 12.22 15.36 15.93 -9999 -9999 -9999 -9999 -9999 -9999 -9999 -9999 9.04 11.16 8.98 -9999 -9999 -9999 -9999 -9999 -9999 -9999 -9999 -9999 -9999 -9999 -9999 -9999 -9999 -9999 -9999 -9999 -9999 -9999 -9999 -9999 -9999 -9999 -9999
14.24 12.51 9.62 10.90 13.05 13.16 14.14 13.11 12.26 14.21 11.27 10.60 12.34 14.56 13.29 10.99 9.96 13.05 10.00 9.32 11.62 -9999 -9999 -9999 -9999 -9999 -9999 -9999 -9999 -9999 -9999 -9999 -9999 -9999 -9999 14.64 -9999 -9999 -9999 -9999 -9999 -9999 -9999 -9999 -9999 -9999 -9999 -9999 -9999 -9999 -9999 -9999 -9999 -9999 -9999 -9999 -9999 -9999 -9999 -9999 -9999 -9999 -9999 -9999 -9999 -9999 -9999 -9999 -9999 -9999 -9999 -9999 -9999 -9999 -9999 -9999 -9999 -9999
16.09 13.03 9.26 10.89 11.32 10.96 11.92 12.01 12.47 14.74 10.62 10.84 12.46 14.03 18.08 18.03 9.25 10.44 10.53 11.30 14.72 -9999 -9999 -9999 -9999 -9999 -9999 -9999 -9999 -9999 -9999 -9999 -9999 -9999 -9999 -9999 -9999 -9999 -9999 -9999 -9999 -9999 -9999 -9999 -9999 -9999 -9999 -9999 -9999 -9999 -9999 -9999 -9999 -9999 -9999 -9999 -9999 -9999 -9999 -9999 -9999 -9999 -9999 -9999 -9999 -9999 -9999 -9999 -9999 -9999 -9999 -9999 -9999 -9999 -9999 -9999 -9999 -9999
14.50 15.45 12.81 12.42 11.26 11.80 10.86 11.19 11.85 10.99 12.00 11.64 11.45 14.28 15.99 15.05 12.34 9.40 9.88 14.17 13.16 -9999 -9999 -9999 -9999 -9999 -9999 -9999 -9999 -9999 -9999 -9999 -9999 -9999 -9999 -9999 -9999 -9999 -9999 -9999 -9999 -9999 -9999 -9999 -9999 -9999 -9999 -9999 -9999 -9999 -9999 -9999 -9999 -9999 -9999 -9999 -9999 -9999 -9999 -9999 -9999 -9999 -9999 -9999 -9999 -9999 -9999 -9999 -9999 -9999 -9999 -9999 -9999 -9999 -9999 -9999 -9999 -9999
15.07 16.90 15.09 14.41 11.85 12.38 11.77 15.31 14.75 12.96 12.76 13.82 11.47 11.53 11.94 11.60 11.05 10.75 11.65 13.08 13.84 -9999 -9999 -9999 -9999 -9999 -9999 -9999 -9999 -9999 -9999 -9999 -9999 -9999 -9999 -9999 -9999 -9999 -9999 -9999 -9999 -9999 -9999 -9999 -9999 -9999 -9999 -9999 -9999 -9999 -9999 -9999 -9999 -9999 -9999 -9999 -9999 -9999 -9999 -9999 -9999 -9999 -9999 -9999 -9999 -9999 -9999 -9999 -9999 -9999 -9999 -9999 -9999 -9999 -9999 -9999 -9999 -9999
13.50 13.62 13.75 12.73 14.06 16.12 15.81 14.09 14.83 15.25 15.53 13.94 14.35 12.73 10.77 10.74 12.50 13.81 14.13 13.39 14.99 -9999 -9999 -9999 -9999 -9999 -9999 -9999 -9999 -9999 -9999 -9999 -9999 -9999 -9999 -9999 -9999 -9999 -9999 -9999 -9999 -9999 -9999 -9999 -9999 -9999 -9999 -9999 -9999 -9999 -9999 -9999 -9999 -9999 -9999 -9999 -9999 -9999 -9999 -9999 -9999 -9999 -9999 -9999 -9999 -9999 -9999 -9999 -9999 -9999 -9999 -9999 -9999 -9999 -9999 -9999 -9999 -9999
12.82 13.98 14.51 -9999 -9999 -9999 -9999 -9999 -9999 -9999 -9999 -9999 15.90 16.62 14.32 12.89 11.76 13.02 14.03 13.79 -9999 -9999 -9999 -9999 -9999 -9999 -9999 -9999 -9999 -9999 -9999 -9999 -9999 -9999 -9999 -9999 -9999 -9999 -9999 -9999 -9999 -9999 -9999 -9999 -9999 -9999 -9999 -9999 -9999 -9999 -9999 -9999 -9999 -9999 -9999 -9999 -9999 -9999 -9999 -9999 -9999 -9999 -9999 -9999 -9999 -9999 -9999 -9999 -9999 -9999 -9999 -9999 -9999 -9999 -9999 -9999 -9999 -9999
15.42 15.07 16.11 -9999 -9999 -9999 -9999 -9999 -9999 -9999 -9999 -9999 -9999 -9999 -9999 14.15 12.71 12.61 13.30 -9999 -9999 -9999 -9999 -9999 -9999 -9999 -9999 -9999 -9999 -9999 -9999 -9999 -9999 -9999 -9999 -9999 -9999 -9999 -9999 -9999 -9999 -9999 -9999 -9999 -9999 -9999 -9999 -9999 -9999 -9999 -9999 -9999 -9999 -9999 -9999 -9999 -9999 -9999 -9999 -9999 -9999 -9999 -9999 -9999 -9999 -9999 -9999 -9999 -9999 -9999 -9999 -9999 -9999 -9999 -9999 -9999 -9999 -9999
15.63 -9999 -9999 -9999 -9999 -9999 -9999 -9999 -9999 -9999 -9999 -9999 -9999 -9999 -9999 15.76 17.11 17.56 16.68 -9999 -9999 -9999 -9999 -9999 -9999 -9999 -9999 -9999 -9999 -9999 -9999 -9999 -9999 -9999 -9999 -9999 -9999 -9999 -9999 -9999 -9999 -9999 -9999 -9999 -9999 -9999 -9999 -9999 -9999 -9999 -9999 -9999 -9999 -9999 -9999 -9999 -9999 -9999 -9999 -9999 -9999 -9999 -9999 -9999 -9999 -9999 -9999 -9999 -9999 -9999 -9999 -9999 -9999 -9999 -9999 -9999 -9999 -9999
-9999 -9999 -9999 -9999 -9999 -9999 -9999 -9999 -9999 -9999 -9999 -9999 -9999 -9999 -9999 -9999 -9999 -9999 -9999 -9999 -9999 -9999 -9999 -9999 -9999 -9999 -9999 -9999 -9999 -9999 -9999 -9999 -9999 -9999 -9999 -9999 -9999 -9999 -9999 -9999 -9999 -9999 -9999 -9999 -9999 -9999 -9999 -9999 -9999 -9999 -9999 -9999 -9999 -9999 -9999 -9999 -9999 -9999 -9999 -9999 -9999 -9999 -9999 -9999 -9999 -9999 -9999 -9999 -9999 -9999 -9999 -9999 -9999 -9999 -9999 -9999 -9999 -9999
-9999 -9999 -9999 -9999 -9999 -9999 -9999 -9999 -9999 -9999 -9999 -9999 -9999 -9999 -9999 -9999 -9999 -9999 -9999 -9999 -9999 -9999 -9999 -9999 -9999 -9999 -9999 -9999 -9999 -9999 -9999 -9999 -9999 -9999 -9999 -9999 -9999 -9999 -9999 -9999 -9999 -9999 -9999 -9999 -9999 -9999 -9999 -9999 -9999 -9999 -9999 -9999 -9999 -9999 -9999 -9999 -9999 -9999 -9999 -9999 -9999 -9999 -9999 -9999 -9999 -9999 -9999 -9999 -9999 -9999 -9999 -9999 -9999 -9999 -9999 -9999 -9999 -9999
