ML/MeanWindSpeed_1996-04_Actual.txt
ncols         180
nrows         290
xllcorner     -200000
yllcorner     -200000
cellsize      5000
NODATA_value  -9999
[rows 175 to 209 of 290, columns 78 to 155 of 180]
-9999 -9999 -9999 -9999 -9999 -9999 -9999 -9999 10.46 9.76 9.13 8.72 9.02 8.32 7.85 13.43 19.77 9.37 11.56 10.76 9.47 7.69 5.34 5.35 7.56 9.80 8.06 6.13 6.56 7.53 7.02 7.18 8.28 7.29 6.70 6.28 6.48 6.66 6.59 6.94 6.93 11.33 11.90 9.27 9.15 7.34 6.53 7.63 7.94 6.35 6.26 7.41 6.77 6.36 7.05 6.64 7.51 6.91 6.86 6.70 6.63 7.88 7.05 6.89 6.96 6.81 7.23 7.68 7.88 8.24 8.70 7.51 8.79 10.34 -9999 -9999 -9999 -9999
-9999 -9999 -9999 -9999 -9999 -9999 -9999 -9999 -9999 11.28 9.26 8.37 7.78 8.38 10.88 23.45 16.24 7.89 12.47 7.63 10.20 9.60 6.29 4.26 10.16 8.37 9.24 7.83 6.41 6.63 6.90 6.30 7.09 7.46 7.08 6.72 6.35 6.61 6.47 6.42 8.18 8.89 12.28 9.80 10.13 9.24 5.39 7.37 9.36 6.85 6.98 7.48 6.74 6.71 6.90 6.72 7.64 6.92 6.85 7.21 7.16 7.89 7.77 7.25 7.07 7.00 7.14 7.61 8.79 7.93 7.39 7.52 8.57 10.19 -9999 -9999 -9999 -9999
-9999 -9999 -9999 -9999 -9999 -9999 -9999 -9999 -9999 -9999 9.63 8.21 9.20 11.72 21.45 22.75 15.65 12.11 10.89 10.57 11.12 10.86 10.57 6.76 5.59 10.89 8.60 7.90 7.37 6.49 6.51 6.60 6.50 6.95 6.65 6.32 6.55 6.65 6.56 6.75 7.77 9.28 10.07 8.09 8.28 9.88 8.07 5.39 9.51 7.36 7.31 7.68 6.86 6.90 6.75 7.15 7.69 7.11 7.03 7.26 7.08 8.47 7.89 7.45 7.30 7.21 7.50 7.40 7.46 7.28 7.23 7.61 8.98 10.43 -9999 -9999 -9999 -9999
-9999 -9999 -9999 -9999 -9999 -9999 -9999 -9999 -9999 -9999 9.40 9.06 12.24 14.61 16.42 18.70 11.63 9.42 11.08 12.54 12.01 12.16 10.33 7.54 4.94 11.04 10.78 8.54 8.02 6.53 6.34 6.62 7.29 6.88 6.71 6.60 6.31 6.30 6.72 8.46 8.43 6.49 10.60 8.28 8.81 10.41 10.24 7.80 6.89 6.82 5.93 7.21 7.81 6.86 6.69 6.44 6.98 6.88 7.30 7.25 7.15 7.56 8.10 7.76 7.76 7.51 7.48 7.31 7.14 7.25 7.72 8.58 9.84 -9999 -9999 -9999 -9999 -9999
-9999 -9999 -9999 -9999 -9999 -9999 -9999 -9999 -9999 -9999 8.86 9.64 11.52 11.52 16.18 14.07 10.59 11.92 9.57 10.02 12.04 10.11 12.29 9.84 6.09 10.03 11.08 10.58 7.75 7.06 6.20 6.90 7.82 7.44 6.78 6.45 6.29 6.67 8.04 8.25 6.83 6.64 9.08 8.70 8.48 8.34 7.70 7.65 8.28 5.52 6.55 6.75 6.51 6.87 6.39 7.15 6.41 6.82 7.23 7.27 7.46 9.10 8.27 7.88 7.72 7.69 7.58 7.49 7.46 7.68 8.63 9.82 -9999 -9999 -9999 -9999 -9999 -9999
-9999 -9999 -9999 -9999 -9999 -9999 -9999 -9999 -9999 9.45 17.11 10.48 11.78 13.71 9.43 19.18 16.55 14.97 12.37 13.64 9.95 10.05 8.58 7.05 8.63 12.00 10.35 10.00 7.44 6.58 5.90 7.25 7.32 6.92 6.75 6.32 6.44 7.76 7.53 6.94 7.89 8.80 6.39 10.36 9.54 6.69 7.30 6.79 6.25 6.31 5.68 5.66 5.89 6.83 6.38 5.88 7.34 6.79 7.12 7.46 7.84 9.15 8.27 7.86 7.87 7.65 7.65 7.53 7.62 8.47 9.62 -9999 -9999 -9999 -9999 -9999 -9999 -9999
-9999 -9999 -9999 -9999 -9999 -9999 -9999 9.27 9.16 12.88 11.41 9.23 9.62 11.16 7.79 9.77 11.82 14.86 13.53 13.91 11.31 10.87 5.42 7.86 8.03 5.68 6.30 6.29 7.46 6.79 6.22 7.03 7.17 7.16 6.65 6.83 8.01 7.27 7.73 6.85 8.13 8.63 7.98 6.86 6.10 7.65 7.07 6.62 6.70 6.65 6.45 5.25 6.14 6.03 5.44 5.76 6.38 6.78 7.24 7.28 7.81 8.97 8.20 7.67 7.75 7.54 7.53 7.53 7.97 9.01 -9999 -9999 -9999 -9999 -9999 10.57 10.32 9.95
-9999 -9999 -9999 -9999 -9999 -9999 8.97 8.94 9.10 9.49 9.33 8.99 8.17 6.90 6.10 8.15 10.10 11.62 17.59 9.33 6.60 6.14 3.45 9.59 10.97 10.22 7.15 6.49 7.47 7.37 6.97 7.15 7.58 7.11 6.99 7.12 7.82 8.08 6.76 6.78 8.16 8.02 7.43 6.77 6.83 7.23 6.12 6.62 5.83 5.86 6.42 5.86 5.42 5.05 5.36 6.34 6.29 6.62 7.05 7.35 7.65 9.12 8.47 7.70 7.47 7.36 7.44 7.55 8.00 8.85 -9999 -9999 -9999 -9999 -9999 9.61 9.08 8.89
-9999 -9999 -9999 -9999 -9999 9.26 10.07 9.36 9.31 -9999 -9999 -9999 -9999 7.52 12.66 11.03 10.66 11.91 9.28 6.59 8.71 7.66 6.18 14.84 12.54 10.07 10.75 8.24 6.74 7.35 7.41 6.90 6.92 6.81 6.66 7.23 6.80 8.06 6.83 6.75 7.04 7.35 7.43 7.11 6.14 6.22 6.12 6.02 5.74 5.49 5.26 5.25 5.25 5.53 6.12 6.25 6.28 7.06 7.70 7.85 7.78 8.53 8.29 8.08 7.31 7.25 7.32 7.42 7.69 8.40 9.57 -9999 -9999 -9999 -9999 8.74 8.15 7.95
-9999 -9999 -9999 -9999 -9999 10.38 11.86 8.82 9.46 -9999 -9999 -9999 -9999 8.11 10.72 12.57 7.58 11.13 9.61 8.33 10.53 11.44 8.06 11.51 5.33 7.03 7.59 7.26 6.59 6.79 7.11 6.91 7.06 7.51 6.61 7.20 6.90 7.03 7.58 6.63 6.76 6.07 6.83 7.67 7.89 7.70 6.27 5.68 5.59 5.52 5.90 5.42 5.76 6.29 6.62 7.40 6.90 8.70 8.71 8.84 7.90 8.14 7.99 7.80 7.10 7.19 7.26 7.30 7.46 7.69 8.47 9.17 -9999 -9999 9.14 8.60 8.12 8.18
-9999 -9999 -9999 -9999 -9999 -9999 -9999 -9999 -9999 -9999 -9999 -9999 -9999 8.70 12.11 10.27 7.13 8.52 6.08 11.94 10.25 5.14 8.06 7.35 6.16 7.32 5.99 5.99 5.88 7.08 6.92 7.18 6.90 6.46 6.44 6.43 6.30 6.60 7.23 6.63 6.29 6.38 6.67 6.41 7.15 7.41 5.76 6.90 7.75 6.62 6.54 6.25 5.55 6.49 7.40 8.38 8.21 7.73 8.17 8.81 8.22 8.40 7.92 7.68 6.91 7.07 7.19 7.30 7.35 7.27 7.52 8.01 8.62 8.73 8.23 8.18 7.36 8.11
-9999 -9999 -9999 -9999 -9999 -9999 -9999 -9999 -9999 -9999 -9999 -9999 -9999 -9999 12.03 4.34 4.93 7.71 11.20 9.26 9.88 8.67 4.72 5.96 7.50 4.76 5.03 4.91 5.57 6.06 6.66 6.78 6.77 6.45 6.21 6.12 6.43 6.35 6.94 6.82 6.34 8.16 7.35 6.06 5.96 6.08 6.34 6.27 7.28 7.49 6.87 7.88 6.37 6.21 6.93 6.64 7.10 7.34 7.36 8.56 8.49 8.11 7.44 7.53 6.83 6.96 7.06 7.13 7.24 7.33 7.39 7.38 7.61 7.68 7.53 7.35 7.32 8.23
-9999 -9999 -9999 -9999 -9999 -9999 -9999 -9999 -9999 -9999 -9999 -9999 -9999 -9999 8.22 12.13 12.90 10.11 7.70 5.94 7.62 5.19 5.42 4.24 4.06 6.70 4.95 5.06 7.17 6.78 6.65 6.48 6.00 6.05 6.66 6.51 7.57 7.40 7.02 6.64 6.21 7.90 8.52 7.09 6.06 5.74 6.17 6.27 6.29 6.74 7.41 9.45 8.19 6.48 6.15 6.62 7.69 8.73 8.79 8.24 8.67 8.11 7.36 6.96 6.76 6.87 6.94 7.12 7.22 7.30 7.37 7.39 7.39 7.38 7.46 7.41 7.23 7.93
-9999 -9999 -9999 -9999 -9999 -9999 -9999 -9999 -9999 -9999 -9999 -9999 -9999 10.51 10.00 7.31 14.50 8.43 5.89 7.68 6.71 5.12 8.04 4.98 4.81 7.80 4.72 10.86 7.97 6.22 6.46 7.69 6.33 6.09 8.82 8.53 7.71 6.52 6.89 6.78 6.40 6.88 7.32 7.04 6.34 6.12 6.05 6.10 6.51 6.36 7.49 7.37 7.06 6.77 6.52 7.24 8.17 9.10 9.05 7.96 7.98 7.58 7.15 6.88 6.74 6.77 6.92 7.08 7.19 7.22 7.29 7.33 7.22 7.23 7.70 7.68 7.41 7.61
-9999 -9999 -9999 -9999 -9999 -9999 -9999 -9999 -9999 -9999 -9999 -9999 -9999 8.94 9.39 13.98 7.52 3.24 5.33 5.41 6.60 8.97 8.86 6.18 5.89 6.40 5.14 6.23 7.26 8.62 8.51 6.70 6.84 6.70 6.99 7.59 6.44 6.27 6.95 6.85 7.19 7.31 6.74 6.94 6.70 6.35 6.14 5.98 6.13 6.23 6.95 7.21 6.96 6.34 6.83 7.97 9.07 8.37 8.89 8.69 7.86 7.05 7.70 6.91 7.09 6.85 6.95 6.98 7.09 7.17 7.16 7.16 7.16 7.15 7.92 7.73 7.29 7.37
-9999 -9999 -9999 -9999 -9999 -9999 -9999 -9999 -9999 -9999 -9999 -9999 -9999 9.55 11.60 4.90 6.50 5.57 6.69 6.43 10.69 8.64 10.09 7.24 6.33 4.84 4.46 5.53 8.97 11.01 12.11 7.36 8.88 7.48 7.38 7.15 5.76 6.14 6.54 6.81 7.20 6.55 6.53 7.70 7.04 6.31 6.28 7.28 5.94 6.37 6.66 6.56 6.30 6.28 6.98 7.46 7.84 7.88 7.87 7.19 6.99 7.36 7.53 6.55 6.55 6.82 6.88 6.96 6.96 6.92 7.01 7.02 7.04 7.09 7.33 7.19 7.36 7.19
-9999 -9999 -9999 -9999 -9999 -9999 -9999 -9999 -9999 -9999 -9999 -9999 -9999 -9999 6.83 8.12 10.27 12.25 12.57 9.56 9.45 7.24 4.38 4.61 4.25 5.52 6.03 5.39 7.06 7.58 10.84 8.78 7.56 7.12 8.26 7.86 5.91 6.89 6.06 6.26 8.36 6.51 6.21 6.10 6.37 6.03 6.18 7.62 7.00 6.32 6.80 6.50 6.40 6.82 7.52 7.05 6.96 6.65 7.39 6.65 7.67 7.61 6.65 6.44 7.01 6.94 6.70 6.74 6.73 6.78 6.87 6.90 6.95 6.95 6.96 7.00 7.22 7.17
-9999 -9999 -9999 -9999 -9999 -9999 -9999 -9999 -9999 -9999 -9999 -9999 -9999 -9999 8.44 9.99 11.01 12.32 14.18 12.14 8.69 6.01 4.55 6.44 8.70 10.60 12.26 8.95 6.45 7.02 8.36 8.17 6.36 9.16 8.14 8.10 6.81 7.52 6.41 6.08 6.67 7.81 7.18 6.31 5.81 5.80 6.43 7.15 6.92 6.56 6.60 7.07 7.38 7.60 7.93 7.14 6.84 8.02 8.01 7.91 7.54 7.69 6.79 7.06 7.54 6.65 6.53 6.60 6.61 6.73 6.76 6.77 6.81 6.84 6.88 6.83 6.72 6.55
-9999 -9999 -9999 -9999 -9999 -9999 -9999 -9999 -9999 -9999 -9999 -9999 -9999 8.95 7.58 8.80 10.73 11.41 10.02 9.49 7.46 8.64 13.20 10.28 10.42 10.29 8.14 7.22 7.97 8.30 6.77 6.52 7.27 8.85 8.57 8.04 6.73 7.70 6.12 6.16 7.44 6.68 6.97 6.84 6.06 5.58 6.09 6.94 6.84 6.26 6.57 6.68 6.72 7.51 7.14 8.12 7.60 8.21 7.44 7.65 7.69 6.89 6.76 7.55 7.40 6.53 6.48 6.79 6.60 6.74 6.77 6.86 6.82 6.74 6.71 6.55 6.83 7.05
-9999 -9999 -9999 -9999 -9999 -9999 -9999 -9999 -9999 -9999 -9999 -9999 -9999 11.03 9.24 8.09 7.75 9.18 12.58 11.99 10.62 8.95 9.42 10.75 11.78 11.66 7.72 9.78 11.08 7.15 9.36 5.92 6.82 8.25 9.89 6.87 7.42 6.11 5.55 6.04 6.62 9.08 7.37 7.22 6.62 6.24 6.29 6.57 6.43 6.12 6.31 6.30 6.37 6.42 7.61 8.12 8.11 8.57 7.53 7.01 7.02 6.67 7.09 7.52 7.20 6.84 7.21 6.95 7.20 6.84 6.83 7.00 7.02 6.71 6.55 6.39 6.36 7.10
-9999 -9999 -9999 -9999 -9999 -9999 -9999 -9999 -9999 -9999 -9999 -9999 -9999 9.73 8.72 5.64 6.73 9.02 12.81 10.78 10.99 8.37 9.89 9.32 7.93 8.84 9.60 9.34 8.04 6.86 7.38 10.11 6.66 6.35 6.60 6.88 8.30 6.84 5.47 5.89 6.52 6.76 6.62 7.48 6.97 6.56 6.67 6.05 5.72 6.34 6.61 6.76 6.29 6.90 8.02 8.04 7.22 7.33 8.08 7.13 7.42 6.51 7.41 7.46 6.73 6.74 6.97 6.47 6.71 6.68 6.74 6.80 6.69 6.56 6.51 6.37 6.67 6.18
-9999 -9999 -9999 -9999 -9999 -9999 -9999 -9999 -9999 -9999 -9999 -9999 9.27 10.01 11.71 8.90 6.59 9.78 10.31 11.98 11.73 6.56 6.94 6.50 8.00 9.54 7.97 7.88 9.80 8.42 7.65 7.34 6.44 5.57 5.83 6.97 6.88 6.60 6.36 5.90 5.64 6.26 6.67 6.12 6.63 6.34 6.91 6.15 6.15 6.32 6.01 5.98 6.31 7.46 7.28 7.31 6.75 7.49 7.60 7.30 6.53 7.31 7.35 7.34 7.52 7.14 6.72 6.63 6.53 6.68 6.75 6.64 6.55 6.41 6.33 6.40 6.65 6.52
-9999 -9999 -9999 -9999 -9999 -9999 -9999 -9999 -9999 -9999 -9999 10.59 10.20 10.42 8.36 6.62 9.35 11.83 11.63 9.19 10.55 6.85 8.29 7.19 6.80 12.88 8.49 9.21 7.32 7.75 6.55 6.46 6.88 7.84 6.74 8.53 6.71 7.16 5.97 5.71 5.88 6.09 6.42 6.15 6.35 6.69 6.83 5.63 6.25 6.21 6.37 6.52 6.79 7.36 6.63 7.39 7.00 7.18 6.45 6.42 7.55 7.85 7.32 7.45 7.36 6.66 7.13 7.19 7.13 7.07 6.77 6.53 6.33 6.55 6.52 7.11 7.25 7.34
-9999 -9999 -9999 -9999 -9999 -9999 -9999 -9999 -9999 11.95 10.45 9.15 7.08 6.41 6.78 7.13 10.12 10.57 11.19 12.05 9.97 8.00 4.68 7.96 7.46 11.14 8.56 7.86 8.00 6.77 6.60 5.88 7.02 8.73 7.95 7.86 5.77 6.10 6.03 6.03 6.69 6.28 6.63 5.98 6.15 6.43 5.83 5.77 6.11 6.98 6.80 7.56 8.07 7.50 7.01 6.58 6.44 7.13 7.52 7.23 7.57 6.70 7.37 7.51 6.96 6.38 6.55 7.42 7.29 7.31 6.55 6.36 6.23 6.48 7.40 7.70 7.35 8.02
-9999 -9999 -9999 -9999 -9999 11.36 10.57 9.56 12.70 12.54 12.21 11.64 8.49 7.39 6.67 11.19 9.00 10.06 9.54 8.78 5.78 5.01 3.94 6.08 6.13 12.31 10.91 9.01 7.00 7.48 6.98 8.70 6.07 7.71 7.95 7.39 6.69 6.00 5.68 6.64 6.22 5.68 6.88 5.91 5.96 5.58 5.88 6.48 7.03 6.28 7.16 6.79 7.14 7.98 7.85 7.58 7.32 7.73 7.66 7.24 6.81 7.50 6.57 6.53 6.51 6.36 7.07 7.27 7.33 6.74 6.29 6.43 6.70 7.66 7.69 7.17 7.75 6.89
-9999 -9999 -9999 -9999 12.57 10.46 11.07 10.36 9.65 11.06 9.94 10.08 7.72 6.18 9.41 9.52 9.23 5.13 9.85 6.01 3.76 9.05 6.58 3.83 10.91 9.14 8.39 4.94 5.36 6.39 9.55 6.74 6.11 5.99 6.25 7.86 7.45 7.32 6.08 6.28 5.77 5.68 6.51 6.12 5.73 5.73 6.15 6.89 6.64 8.35 6.70 6.39 6.79 7.59 7.10 7.08 6.73 6.84 7.31 7.03 7.53 6.94 6.40 6.45 6.82 6.45 6.71 6.74 6.26 6.19 6.26 6.47 6.74 7.11 7.73 7.58 7.52 7.04
-9999 -9999 -9999 12.27 11.68 8.81 8.36 8.47 9.19 8.31 8.66 7.66 8.01 11.97 8.68 6.43 9.30 3.35 5.83 5.83 9.17 8.54 9.38 7.34 7.33 6.30 3.99 9.08 9.20 5.98 6.53 6.17 5.92 6.33 5.85 6.10 7.66 7.97 5.87 5.61 5.60 6.12 5.63 5.29 5.65 8.13 6.43 6.33 6.85 7.55 6.96 6.48 7.04 7.56 7.50 7.96 7.39 6.60 6.50 6.50 7.38 7.04 6.49 7.26 7.17 6.61 6.71 6.53 6.37 6.69 6.83 6.89 7.14 7.11 7.66 6.95 6.72 6.96
12.58 10.58 12.14 9.72 9.38 9.89 8.82 8.23 10.10 8.76 8.65 8.45 10.90 9.99 7.65 7.83 6.75 4.50 4.17 7.74 8.31 6.58 6.76 8.94 6.44 3.68 9.12 10.90 8.55 8.67 6.22 6.66 6.05 6.33 8.29 6.20 8.16 6.47 5.70 5.49 5.74 7.40 5.21 5.60 9.38 6.81 6.47 6.50 7.05 7.79 6.54 6.73 7.02 6.72 7.28 7.31 6.87 6.49 6.86 6.54 6.85 7.18 7.20 6.78 6.48 6.36 6.41 6.90 8.30 7.64 8.41 7.80 6.75 7.81 7.47 7.53 7.18 6.92
9.73 9.46 12.02 14.86 13.32 12.67 9.62 10.56 12.02 10.57 9.84 11.67 9.38 8.19 10.07 6.56 3.78 4.42 4.48 7.11 6.75 6.19 5.80 6.06 5.36 7.35 16.37 12.12 8.71 6.65 7.27 6.71 8.34 6.62 7.07 6.10 5.93 5.87 6.03 5.56 5.33 5.51 5.33 8.62 9.06 8.15 6.92 6.59 8.94 7.33 6.71 6.97 6.50 7.19 7.14 6.92 6.28 7.36 7.06 6.50 8.00 7.73 6.69 6.43 6.43 6.43 7.00 7.97 8.33 8.06 8.46 7.75 7.29 7.90 7.62 6.99 7.29 7.12
8.67 9.12 10.26 10.62 9.88 8.49 10.38 9.11 10.74 7.58 8.62 10.79 9.41 7.36 8.17 4.45 3.76 7.19 7.71 6.07 4.44 6.57 3.84 3.55 4.34 9.54 12.32 12.64 6.52 7.62 7.90 8.14 7.30 5.84 7.10 6.53 6.23 5.66 6.07 5.10 4.92 5.94 6.06 8.56 8.18 7.63 6.71 7.47 8.76 7.98 7.51 7.01 7.12 6.94 6.62 6.36 6.52 7.04 7.43 7.13 6.98 6.92 6.68 7.68 8.31 6.88 7.14 7.86 8.04 7.51 7.98 7.91 7.91 7.85 7.02 7.12 6.96 7.01
9.33 8.20 8.60 8.17 8.78 8.10 8.14 9.21 7.53 8.27 6.82 6.41 6.16 5.70 5.19 7.36 6.21 9.52 15.16 6.51 6.66 7.05 11.43 11.29 3.97 3.75 13.42 9.70 8.14 8.97 10.16 7.86 5.87 5.25 7.46 7.79 6.37 5.62 5.34 4.99 5.11 6.32 8.85 8.91 7.41 7.14 7.02 6.77 6.69 7.59 6.96 6.80 6.48 6.10 5.94 6.08 7.17 6.99 6.78 6.93 6.19 6.42 7.41 7.32 7.97 7.31 7.21 7.13 7.26 7.74 7.92 7.96 7.93 7.94 6.91 6.55 6.98 6.90
8.38 7.74 8.46 7.33 7.74 7.68 7.76 6.58 6.40 7.33 6.56 7.90 6.59 8.71 5.61 8.89 10.76 10.30 11.07 11.87 9.27 11.30 13.33 8.22 10.07 8.06 3.24 9.02 9.44 6.43 7.00 5.29 7.26 7.08 9.84 8.73 6.26 5.59 5.06 5.01 6.24 8.96 7.42 9.01 7.47 7.27 8.05 6.80 7.78 6.33 6.58 6.18 5.94 5.81 6.12 6.26 6.46 6.22 6.16 6.05 6.37 7.40 8.25 7.64 6.92 7.52 6.87 7.70 6.94 6.86 7.10 7.39 7.61 7.61 7.27 6.39 6.79 6.75
9.06 7.99 7.49 8.95 9.89 11.17 9.64 8.09 7.23 6.45 6.98 9.78 6.91 8.20 5.28 7.14 7.44 6.24 4.81 7.68 6.96 9.43 9.78 12.38 10.56 10.88 9.11 13.26 7.55 6.48 6.07 7.27 6.83 9.32 8.51 8.62 5.65 5.41 5.04 8.69 9.30 8.63 8.79 6.99 7.60 7.86 7.60 6.51 6.32 6.30 6.02 5.86 5.86 5.85 6.49 6.64 6.96 6.46 5.91 6.03 6.94 8.61 6.89 7.33 7.36 6.89 6.73 6.81 6.42 6.54 7.08 6.78 7.25 7.22 6.95 6.79 6.76 6.24
9.63 8.52 7.90 7.97 9.42 9.34 9.78 8.92 8.10 7.58 7.15 7.48 9.89 6.25 10.16 8.77 8.42 9.25 7.50 5.26 5.42 7.54 6.75 9.15 9.49 7.86 12.06 11.87 6.14 7.25 5.28 6.08 7.94 8.57 7.51 6.74 5.45 5.22 7.05 6.41 8.09 7.69 7.01 7.36 7.12 6.75 6.59 5.76 5.48 5.53 5.58 7.15 5.81 6.54 5.91 5.94 5.76 5.84 6.17 7.11 8.27 7.68 7.19 7.34 7.19 6.89 6.95 7.28 7.60 6.22 7.01 7.78 7.06 6.70 6.95 6.08 6.24 6.90
9.32 8.94 9.23 9.77 10.64 -9999 -9999 -9999 -9999 8.49 8.16 9.00 6.58 5.54 7.09 7.10 6.86 6.52 3.10 11.85 12.31 7.36 6.24 6.52 8.43 9.37 10.97 8.10 6.74 5.93 5.16 9.25 7.69 9.00 5.92 5.82 5.64 5.60 7.79 5.97 7.41 7.22 6.48 6.63 6.45 6.10 5.61 5.30 5.26 5.47 5.59 6.76 5.88 6.15 6.16 5.79 5.98 6.15 7.66 7.43 7.64 7.63 7.61 6.31 6.45 6.39 7.41 7.71 7.35 6.09 6.78 7.45 7.19 6.68 7.24 6.65 6.32 6.42
