ML/MeanWindSpeed_1998-01_Actual.txt
ncols         180
nrows         290
xllcorner     -200000
yllcorner     -200000
cellsize      5000
NODATA_value  -9999
[rows 175 to 209 of 290, columns 78 to 155 of 180]
-9999 -9999 -9999 -9999 -9999 -9999 -9999 -9999 16.58 15.09 13.55 12.90 12.48 10.74 10.54 15.37 18.39 10.72 11.37 10.77 10.13 8.62 6.19 6.16 8.21 10.12 8.89 7.57 7.66 8.22 7.86 8.07 8.93 8.67 8.55 8.33 8.33 8.18 7.68 7.13 7.15 10.65 11.71 10.94 11.32 9.81 9.49 10.72 10.50 8.87 8.47 9.31 8.95 8.54 8.85 8.69 9.41 9.09 8.94 8.76 8.71 9.72 9.20 9.02 9.06 8.95 9.33 9.79 9.88 10.00 10.18 9.74 11.91 14.51 -9999 -9999 -9999 -9999
-9999 -9999 -9999 -9999 -9999 -9999 -9999 -9999 -9999 17.21 14.49 12.43 10.50 8.98 10.87 20.19 15.89 9.83 12.24 8.78 10.22 10.02 7.21 5.76 9.98 9.32 9.71 8.70 7.61 7.47 7.23 6.97 8.13 8.71 8.65 8.45 8.18 8.18 7.75 7.23 8.19 9.57 12.15 11.15 11.89 11.02 8.38 10.01 10.92 8.76 8.60 9.15 8.77 8.60 8.70 8.77 9.58 9.14 9.05 9.19 9.15 9.95 9.88 9.48 9.38 9.26 9.37 9.80 10.54 9.92 9.52 9.54 11.46 14.12 -9999 -9999 -9999 -9999
-9999 -9999 -9999 -9999 -9999 -9999 -9999 -9999 -9999 -9999 14.86 11.73 10.35 10.82 17.47 20.82 16.73 12.68 11.61 10.96 11.13 11.30 10.34 7.26 7.31 11.09 9.78 8.98 8.22 7.48 7.21 7.43 8.05 8.55 8.36 8.10 8.18 8.05 7.82 7.92 8.42 10.26 11.36 10.06 10.32 11.04 9.57 8.37 10.68 8.60 8.43 8.91 8.50 8.44 8.49 9.02 9.63 9.32 9.31 9.33 9.14 10.27 10.00 9.78 9.75 9.69 9.89 9.86 9.94 9.67 9.60 9.89 12.01 14.46 -9999 -9999 -9999 -9999
-9999 -9999 -9999 -9999 -9999 -9999 -9999 -9999 -9999 -9999 14.22 11.59 11.68 13.31 16.07 20.00 15.11 11.30 11.72 12.31 11.64 12.11 10.78 7.87 6.66 11.20 11.26 9.61 8.69 7.37 7.06 7.52 8.58 8.68 8.48 8.30 7.88 7.60 7.90 9.12 9.08 8.55 11.65 10.06 10.21 11.09 10.76 9.67 9.20 8.30 7.45 8.39 8.81 8.28 8.41 8.62 9.25 9.26 9.64 9.56 9.56 10.18 10.67 10.39 10.33 10.15 10.09 9.97 9.72 9.57 10.07 11.31 13.30 -9999 -9999 -9999 -9999 -9999
-9999 -9999 -9999 -9999 -9999 -9999 -9999 -9999 -9999 -9999 12.76 11.30 11.81 12.52 16.43 16.61 14.15 13.37 11.42 11.59 12.50 11.48 12.28 9.58 7.13 10.48 11.50 10.97 8.74 7.69 7.03 7.87 9.01 9.13 8.61 8.21 7.86 8.02 8.83 9.20 8.36 8.36 10.51 10.35 10.00 10.02 9.54 9.56 9.87 7.67 7.97 8.22 8.03 8.30 8.27 9.04 8.91 9.29 9.65 9.77 10.25 11.82 11.43 10.87 10.59 10.42 10.23 9.97 9.71 9.81 11.20 13.05 -9999 -9999 -9999 -9999 -9999 -9999
-9999 -9999 -9999 -9999 -9999 -9999 -9999 -9999 -9999 13.86 16.34 11.94 12.85 14.12 12.52 18.17 16.31 14.68 13.31 14.31 12.07 12.09 10.54 8.74 8.94 11.90 11.77 11.16 8.91 7.81 7.28 8.51 9.08 8.96 8.64 8.09 8.05 8.97 8.73 8.60 9.24 9.65 8.90 11.53 10.80 9.31 9.69 9.12 8.45 8.11 7.53 7.61 7.76 8.41 8.26 8.21 9.34 9.26 9.61 10.00 10.68 11.98 11.51 10.99 10.70 10.38 10.18 9.74 9.53 10.70 12.50 -9999 -9999 -9999 -9999 -9999 -9999 -9999
-9999 -9999 -9999 -9999 -9999 -9999 -9999 15.14 13.91 15.40 13.77 12.64 13.54 13.90 11.43 11.99 12.95 14.66 13.76 13.98 12.91 12.32 8.42 9.59 9.52 8.87 10.08 9.53 9.23 8.37 7.94 8.81 9.34 9.22 8.56 8.42 9.12 8.88 9.07 8.57 9.56 10.01 10.08 9.61 8.97 9.73 9.49 8.99 8.61 8.32 8.06 7.43 8.02 7.97 7.75 8.17 8.70 9.21 9.67 9.91 10.72 11.90 11.44 10.84 10.58 10.15 9.89 9.50 9.91 11.42 -9999 -9999 -9999 -9999 -9999 14.61 13.81 13.16
-9999 -9999 -9999 -9999 -9999 -9999 15.11 14.22 14.03 14.47 14.56 14.83 13.78 11.43 10.30 10.95 11.73 13.60 17.09 11.74 9.74 8.25 5.91 9.66 10.93 11.50 10.49 9.53 9.24 8.97 8.78 9.23 9.73 9.34 8.78 8.65 9.17 9.52 8.63 8.48 9.70 9.97 9.78 9.56 9.52 9.49 8.83 8.94 8.14 8.00 8.28 7.92 7.61 7.41 7.81 8.51 8.65 9.08 9.46 9.79 10.46 11.76 11.38 10.67 10.23 9.86 9.62 9.40 9.83 11.11 -9999 -9999 -9999 -9999 -9999 12.80 11.47 10.79
-9999 -9999 -9999 -9999 -9999 15.80 15.37 14.59 14.90 -9999 -9999 -9999 -9999 11.18 13.79 11.82 11.78 13.85 12.14 9.47 9.75 8.24 7.00 12.79 12.02 11.13 11.98 10.17 8.88 9.29 9.49 9.39 9.55 9.37 8.83 9.07 8.95 9.79 8.95 8.72 9.17 9.62 9.75 9.66 9.02 9.00 8.84 8.73 8.37 8.14 7.84 7.59 7.40 7.67 8.31 8.38 8.48 9.12 9.70 10.01 10.34 11.08 10.98 10.66 9.96 9.70 9.45 9.17 9.35 10.33 12.24 -9999 -9999 -9999 -9999 11.42 10.08 9.84
-9999 -9999 -9999 -9999 -9999 17.11 17.22 15.52 16.42 -9999 -9999 -9999 -9999 11.20 12.36 12.56 9.83 12.63 11.15 9.01 10.03 10.94 9.24 12.29 8.91 9.88 10.34 9.68 9.01 9.30 9.61 9.57 9.73 9.94 9.15 9.38 9.33 9.45 9.66 9.00 9.20 8.95 9.35 9.70 9.92 9.83 8.79 8.44 8.30 8.18 8.33 7.81 7.71 8.02 8.38 8.89 8.67 9.97 10.27 10.63 10.38 10.77 10.71 10.42 9.78 9.67 9.46 9.13 9.00 9.21 10.45 11.64 -9999 -9999 11.91 10.67 9.73 9.94
-9999 -9999 -9999 -9999 -9999 -9999 -9999 -9999 -9999 -9999 -9999 -9999 -9999 12.47 14.85 12.80 9.60 10.45 8.49 10.93 10.50 8.15 10.48 10.66 9.80 10.41 9.65 9.29 8.92 9.66 9.68 9.93 9.76 9.49 9.38 9.26 9.16 9.31 9.54 9.03 8.96 9.29 9.44 9.12 9.54 9.45 8.15 8.86 9.41 8.73 8.79 8.47 7.71 8.23 9.01 9.73 9.74 9.76 10.26 10.84 10.65 10.90 10.68 10.42 9.73 9.70 9.54 9.28 9.02 8.68 9.02 9.86 10.90 11.16 10.45 9.79 9.05 9.75
-9999 -9999 -9999 -9999 -9999 -9999 -9999 -9999 -9999 -9999 -9999 -9999 -9999 -9999 15.14 9.61 8.43 10.14 11.52 10.15 11.31 10.96 8.64 9.31 10.12 8.46 8.66 8.67 8.88 9.23 9.71 9.83 9.79 9.57 9.31 9.16 9.24 9.11 9.42 9.03 8.75 10.22 10.01 9.29 9.09 8.80 8.55 8.38 8.97 9.06 8.94 9.65 8.57 8.48 9.12 9.13 9.58 9.94 10.04 10.89 10.96 10.73 10.44 10.49 9.86 9.78 9.61 9.33 9.14 9.04 9.06 9.04 9.43 9.51 9.36 9.04 9.00 9.75
-9999 -9999 -9999 -9999 -9999 -9999 -9999 -9999 -9999 -9999 -9999 -9999 -9999 -9999 12.00 13.55 13.13 11.37 9.78 9.06 10.41 9.22 9.06 7.91 7.71 8.94 7.77 8.30 9.79 9.92 9.99 9.77 9.24 9.04 9.31 9.19 9.72 9.68 9.55 8.99 8.59 10.00 10.68 9.91 9.19 8.78 8.74 8.66 8.55 8.65 9.27 10.76 9.93 8.86 8.78 9.15 9.97 10.80 11.00 10.95 11.28 11.01 10.65 10.35 10.02 9.96 9.76 9.64 9.46 9.35 9.31 9.25 9.23 9.14 9.23 9.07 8.85 9.51
-9999 -9999 -9999 -9999 -9999 -9999 -9999 -9999 -9999 -9999 -9999 -9999 -9999 13.83 12.46 10.35 14.73 10.92 8.99 9.97 9.68 8.73 10.20 8.11 7.97 9.19 7.32 11.53 10.28 9.62 9.96 10.57 9.33 8.93 10.61 10.47 9.80 9.14 9.39 9.23 8.98 9.63 10.13 9.89 9.34 8.95 8.77 8.85 9.00 8.87 9.75 9.89 9.44 8.94 8.78 9.30 10.10 10.94 11.22 10.82 10.98 10.99 10.74 10.40 10.16 10.05 9.96 9.86 9.69 9.51 9.43 9.34 9.08 9.01 9.32 9.17 8.95 9.27
-9999 -9999 -9999 -9999 -9999 -9999 -9999 -9999 -9999 -9999 -9999 -9999 -9999 13.17 12.91 15.46 11.82 8.67 9.04 8.41 9.28 10.66 10.23 8.73 8.76 8.78 7.83 8.58 9.56 10.82 10.89 9.75 9.54 9.46 9.96 10.34 9.34 9.10 9.45 9.32 9.63 10.06 9.91 9.96 9.56 9.13 8.99 8.96 8.92 9.03 9.77 10.11 9.58 8.71 8.87 9.78 10.80 10.72 11.37 11.42 11.08 10.74 10.93 10.39 10.44 10.21 10.13 9.91 9.80 9.65 9.44 9.26 9.09 8.97 9.44 9.25 8.97 9.16
-9999 -9999 -9999 -9999 -9999 -9999 -9999 -9999 -9999 -9999 -9999 -9999 -9999 14.60 14.49 9.76 10.07 8.82 9.24 9.12 12.00 10.82 11.69 10.06 9.62 8.59 7.55 8.15 10.19 11.72 12.62 9.71 10.51 10.05 10.57 10.37 9.10 9.05 9.21 9.43 9.75 9.59 9.76 10.49 9.86 9.05 9.02 9.78 8.88 9.19 9.60 9.59 9.16 8.85 9.31 9.93 10.43 10.80 10.85 10.48 10.51 10.75 10.80 10.17 10.15 10.19 10.10 9.97 9.73 9.46 9.35 9.25 9.12 9.09 9.24 9.10 9.18 9.24
-9999 -9999 -9999 -9999 -9999 -9999 -9999 -9999 -9999 -9999 -9999 -9999 -9999 -9999 10.40 10.05 10.47 11.69 12.52 11.53 11.85 10.78 9.21 8.90 8.36 8.96 8.95 8.56 9.47 10.30 12.30 10.63 9.87 10.05 11.19 10.73 9.17 9.57 8.92 9.12 10.66 9.87 9.81 9.77 9.73 8.90 8.83 9.92 9.46 9.11 9.51 9.28 9.06 9.27 10.01 10.09 10.25 10.15 10.51 10.07 10.82 10.83 10.24 10.14 10.43 10.27 9.99 9.84 9.57 9.42 9.36 9.28 9.23 9.16 9.16 9.19 9.37 9.52
-9999 -9999 -9999 -9999 -9999 -9999 -9999 -9999 -9999 -9999 -9999 -9999 -9999 -9999 10.59 9.68 9.99 12.02 14.47 13.97 11.49 9.58 8.58 9.19 10.30 11.62 12.88 11.18 10.25 10.90 11.55 10.52 9.14 11.51 11.26 10.75 9.66 10.08 9.20 8.98 9.67 10.69 10.47 10.06 9.58 8.94 8.93 9.71 9.43 9.14 9.21 9.39 9.46 9.73 10.29 10.07 9.94 10.67 10.79 10.75 10.69 10.79 10.18 10.42 10.71 10.05 9.86 9.72 9.54 9.48 9.39 9.31 9.29 9.24 9.30 9.29 9.36 9.51
-9999 -9999 -9999 -9999 -9999 -9999 -9999 -9999 -9999 -9999 -9999 -9999 -9999 12.67 9.53 8.89 10.75 12.35 12.62 12.35 10.31 10.25 12.78 11.11 11.41 11.81 11.00 10.67 11.23 11.69 10.73 9.54 9.76 11.34 11.39 10.76 9.72 10.28 8.97 8.86 10.03 9.96 10.19 10.24 9.70 9.20 9.18 9.85 9.64 9.06 9.22 9.23 9.17 9.76 9.78 10.49 10.14 10.70 10.43 10.72 10.90 10.36 10.20 10.74 10.65 9.92 9.77 9.84 9.61 9.63 9.54 9.52 9.43 9.36 9.39 9.29 9.64 10.04
-9999 -9999 -9999 -9999 -9999 -9999 -9999 -9999 -9999 -9999 -9999 -9999 -9999 13.68 10.64 8.95 9.03 11.24 13.97 13.34 11.83 10.49 11.09 12.08 13.09 13.54 11.44 12.74 13.18 10.85 12.06 9.17 9.48 11.17 12.36 10.28 10.41 9.54 8.65 8.60 9.31 11.20 10.36 10.29 9.89 9.59 9.63 9.82 9.53 9.11 9.24 9.20 9.12 9.17 10.12 10.48 10.52 11.11 10.70 10.56 10.65 10.44 10.68 10.98 10.77 10.25 10.24 10.04 10.13 9.79 9.73 9.85 9.70 9.50 9.41 9.30 9.47 10.10
-9999 -9999 -9999 -9999 -9999 -9999 -9999 -9999 -9999 -9999 -9999 -9999 -9999 12.14 9.98 7.32 8.30 10.87 14.07 13.14 12.87 11.21 12.49 12.17 11.57 12.37 12.67 12.56 11.45 10.51 10.86 12.01 10.01 10.54 10.50 10.45 11.16 10.09 8.92 8.80 9.41 9.92 9.88 10.37 10.03 9.82 9.93 9.51 9.05 9.30 9.40 9.47 9.14 9.58 10.54 10.61 10.16 10.53 11.20 10.72 11.00 10.59 11.19 11.41 10.87 10.59 10.54 10.00 10.02 9.83 9.77 9.77 9.59 9.50 9.48 9.45 9.79 9.65
-9999 -9999 -9999 -9999 -9999 -9999 -9999 -9999 -9999 -9999 -9999 -9999 12.27 11.58 11.43 9.24 8.27 11.31 13.06 14.70 14.40 11.23 11.36 10.50 11.55 12.94 11.77 11.67 12.62 11.44 11.00 10.61 10.05 9.98 10.09 10.47 10.38 9.94 9.52 9.09 9.14 9.78 10.00 9.60 9.77 9.66 9.97 9.41 9.25 9.31 9.01 8.97 9.28 10.04 10.22 10.36 10.00 10.74 11.04 10.89 10.60 11.20 11.35 11.56 11.52 11.03 10.62 10.26 9.95 9.85 9.77 9.58 9.44 9.31 9.28 9.43 9.82 9.96
-9999 -9999 -9999 -9999 -9999 -9999 -9999 -9999 -9999 -9999 -9999 14.10 12.40 11.76 9.77 8.28 10.21 12.72 14.01 13.36 14.45 11.77 12.13 10.72 10.85 15.21 12.43 12.72 11.41 11.31 10.33 9.87 9.86 10.63 10.21 11.37 10.44 10.36 9.29 9.09 9.15 9.55 9.87 9.55 9.58 9.78 9.79 8.93 9.17 9.09 9.14 9.28 9.68 10.19 9.97 10.47 10.22 10.61 10.37 10.41 11.25 11.60 11.42 11.62 11.44 10.69 10.68 10.42 10.17 9.89 9.55 9.32 9.05 9.11 9.18 9.65 10.02 10.34
-9999 -9999 -9999 -9999 -9999 -9999 -9999 -9999 -9999 16.91 14.78 12.69 10.61 9.69 9.18 9.05 11.12 12.66 14.47 15.77 14.59 12.71 10.13 11.25 11.29 14.28 12.60 11.94 11.86 10.88 10.44 9.37 9.73 10.99 10.82 11.11 9.99 9.86 9.36 9.30 9.54 9.49 9.82 9.35 9.42 9.57 9.03 8.79 8.96 9.41 9.23 9.73 10.36 10.29 10.06 9.82 9.70 10.33 10.87 10.92 11.35 10.96 11.48 11.58 11.06 10.37 10.14 10.41 10.09 9.88 9.25 8.91 8.67 8.85 9.59 9.94 10.03 10.71
-9999 -9999 -9999 -9999 -9999 18.28 16.84 15.14 16.17 15.42 14.66 13.90 11.82 10.58 9.50 12.33 11.83 13.78 14.79 14.91 12.98 11.67 9.74 10.28 10.61 15.14 14.22 12.64 11.07 11.02 10.45 11.07 9.46 10.73 11.10 10.97 10.56 9.82 9.22 9.69 9.35 9.18 9.95 9.34 9.26 9.00 9.01 9.09 9.48 9.14 9.56 9.37 9.80 10.45 10.34 10.17 10.01 10.49 10.77 10.84 10.98 11.61 11.12 11.03 10.71 10.18 10.39 10.36 10.20 9.56 8.99 8.78 8.78 9.53 9.84 9.79 10.46 10.24
-9999 -9999 -9999 -9999 18.11 15.96 15.44 14.25 13.52 14.19 13.73 13.46 11.61 10.09 11.57 12.38 13.05 11.61 15.22 12.98 11.36 13.84 11.54 9.63 14.21 13.71 13.29 10.75 10.15 10.31 12.07 10.23 9.85 9.97 10.03 10.94 10.85 10.52 9.51 9.55 9.19 9.22 9.72 9.41 9.18 9.07 9.02 9.23 9.33 10.57 9.43 9.31 9.73 10.24 9.86 9.81 9.60 9.91 10.38 10.52 11.32 11.12 10.82 10.84 10.70 10.11 10.11 10.01 9.54 9.17 8.87 8.73 8.78 9.28 10.02 10.18 10.46 10.44
-9999 -9999 -9999 17.44 16.54 13.96 13.23 13.19 13.78 13.43 13.26 12.14 12.05 14.07 12.14 11.80 13.77 10.50 12.14 11.76 13.41 13.05 13.55 12.49 12.55 11.94 10.70 13.26 12.54 10.31 10.57 10.21 9.87 10.20 9.71 9.81 10.98 10.95 9.31 8.96 9.09 9.43 9.01 8.73 9.12 10.52 9.15 9.05 9.72 10.34 9.79 9.42 9.82 10.13 10.08 10.37 9.99 9.71 9.75 9.86 10.76 10.62 10.30 10.78 10.50 9.89 9.76 9.53 9.14 9.03 8.93 8.83 9.02 9.33 10.02 9.77 9.87 10.25
16.77 15.04 15.92 14.11 13.73 13.96 13.24 13.03 14.27 13.22 12.64 12.48 13.93 13.32 12.24 13.16 12.53 10.98 11.08 12.94 13.07 12.32 12.80 13.64 10.92 9.12 12.84 13.81 11.93 11.80 10.42 10.48 9.69 10.01 11.05 10.00 11.45 10.25 9.23 8.82 9.07 9.96 8.40 8.77 11.41 9.97 9.46 9.54 10.19 10.86 9.87 9.66 9.85 9.63 9.89 9.81 9.43 9.30 9.52 9.34 9.79 10.12 10.13 9.91 9.60 9.17 8.89 9.02 9.64 9.16 9.66 9.22 8.74 9.67 9.78 9.97 9.85 9.88
12.91 12.08 13.95 15.80 15.32 15.05 12.93 13.60 14.59 13.52 12.97 14.17 13.16 12.83 14.11 12.15 10.38 10.76 11.46 13.19 13.33 13.30 12.91 11.36 8.78 10.19 16.61 14.73 12.32 10.46 10.75 10.41 11.09 10.22 10.64 10.16 10.20 10.01 9.61 9.00 8.84 8.75 8.28 10.78 11.64 11.23 10.20 9.88 11.66 10.85 10.06 9.89 9.58 9.91 9.73 9.38 8.79 9.36 9.05 8.66 9.78 9.78 9.22 9.18 9.01 8.65 8.80 9.32 9.52 9.40 9.70 9.21 9.06 9.70 9.84 9.59 9.81 9.80
11.90 11.97 13.04 13.61 13.40 12.60 13.60 12.78 13.94 11.80 12.47 14.03 13.74 12.65 12.72 10.24 9.45 11.82 12.94 12.65 12.06 13.33 11.39 9.83 8.33 11.57 14.84 15.66 11.14 11.06 11.16 11.39 10.68 9.88 10.98 10.52 10.28 9.78 9.62 8.52 8.27 9.07 9.16 11.34 11.86 11.46 10.44 10.81 11.78 11.25 10.58 9.97 9.93 9.69 9.28 8.83 8.58 8.79 8.94 8.63 8.60 8.65 8.51 9.23 9.53 8.56 8.77 9.33 9.57 9.30 9.56 9.42 9.41 9.60 9.53 9.70 9.66 9.70
13.15 12.46 13.16 13.16 13.46 12.98 12.85 13.31 12.53 12.85 12.05 12.00 11.86 11.03 9.96 10.57 9.39 12.03 16.24 11.15 11.12 11.95 15.02 14.48 9.31 9.62 16.78 14.09 11.91 11.91 12.54 11.37 9.93 9.42 11.14 11.25 10.18 9.56 9.19 8.47 8.32 9.38 11.30 12.16 11.94 11.65 11.15 10.96 10.82 11.18 10.41 10.02 9.66 9.21 8.74 8.47 8.78 8.57 8.44 8.34 7.81 7.97 8.49 8.48 9.01 8.69 8.80 8.99 9.21 9.50 9.57 9.49 9.52 9.66 9.44 9.37 9.68 9.67
13.14 12.46 13.15 12.59 12.79 12.76 12.55 11.80 11.62 11.96 11.38 12.32 11.47 11.99 9.45 10.96 12.11 12.51 13.49 13.65 11.80 13.28 14.80 11.91 13.33 12.95 10.93 13.85 12.93 10.48 10.76 9.85 10.46 10.28 12.54 11.98 10.20 9.41 8.57 8.30 9.17 11.38 11.08 12.53 11.85 11.69 11.98 11.13 11.52 10.48 10.35 9.80 9.28 8.88 8.69 8.46 8.32 8.01 7.89 7.54 7.54 8.22 8.79 8.60 8.35 8.82 8.68 9.42 9.03 8.98 9.12 9.23 9.38 9.52 9.61 9.26 9.58 9.58
13.76 12.60 12.14 12.85 13.60 15.03 14.27 12.92 11.87 10.96 10.93 12.76 11.01 11.24 9.53 11.13 11.63 11.41 11.02 12.39 11.74 13.00 12.93 14.04 12.68 13.70 13.74 16.24 11.93 10.80 10.24 10.76 10.24 11.88 12.08 12.40 9.94 9.12 8.18 10.39 11.18 11.52 12.22 11.39 11.78 11.92 11.56 10.41 10.31 10.34 9.99 9.53 9.10 8.69 8.76 8.60 8.52 7.88 7.31 7.24 7.62 8.75 7.92 8.32 8.51 8.41 8.54 8.80 8.68 8.74 9.09 8.92 9.25 9.41 9.45 9.52 9.62 9.38
14.26 13.07 12.53 12.72 14.29 15.07 15.77 14.79 13.58 12.19 11.23 11.47 12.71 10.19 12.77 12.47 12.57 13.43 12.53 11.24 11.42 12.34 11.56 12.52 11.90 11.17 14.74 14.68 10.81 10.86 9.40 9.96 11.10 11.86 12.17 11.57 9.83 9.02 9.65 9.48 11.07 11.35 11.18 11.48 11.37 11.10 10.70 9.96 9.72 9.68 9.50 10.05 8.99 9.14 8.58 8.29 7.55 6.96 6.88 7.59 8.43 8.24 8.05 8.20 8.18 8.14 8.46 8.89 9.10 8.29 8.94 9.48 9.16 9.18 9.52 9.07 9.39 10.01
14.71 13.87 14.28 15.44 16.88 -9999 -9999 -9999 -9999 14.48 13.34 13.25 11.46 10.57 11.33 11.42 10.89 10.13 8.03 13.89 14.63 11.49 10.62 10.98 11.94 12.71 14.40 12.31 10.64 9.53 8.96 11.74 11.56 13.13 11.42 10.70 9.70 9.32 10.52 9.92 11.31 11.42 10.97 11.07 10.90 10.62 10.12 9.77 9.56 9.47 9.36 9.78 9.04 9.03 8.88 8.30 7.46 6.83 7.70 7.79 8.21 8.27 8.27 7.43 7.56 7.71 8.62 9.04 8.77 8.09 8.75 9.22 9.19 9.09 9.61 9.41 9.41 9.92
