ML/MeanWindSpeed_1996-01_Actual.txt
ncols         180
nrows         290
xllcorner     -200000
yllcorner     -200000
cellsize      5000
NODATA_value  -9999
[rows 210 to 244 of 290, columns 77 to 153 of 180]
17.10 17.05 17.25 15.05 17.21 16.36 -9999 -9999 -9999 -9999 -9999 -9999 -9999 8.26 8.69 10.49 9.92 11.22 12.54 14.99 17.22 19.97 18.56 15.91 13.63 13.48 11.54 14.55 14.76 10.25 8.95 13.82 13.35 14.43 10.16 9.42 9.91 9.66 10.84 11.69 11.31 11.57 11.08 10.48 10.05 9.63 9.29 9.23 8.86 9.55 8.82 8.72 8.68 8.89 9.43 9.29 9.59 10.02 8.95 7.69 9.41 9.07 7.87 7.58 7.19 7.80 9.08 9.62 9.09 8.56 8.44 9.95 8.68 9.10 10.23 9.26 8.95
-9999 -9999 17.18 -9999 -9999 -9999 -9999 -9999 -9999 -9999 -9999 14.05 12.14 11.66 13.45 12.90 12.11 11.76 12.84 13.43 16.25 17.97 16.90 11.73 11.32 16.12 13.78 12.98 10.58 9.44 9.04 12.35 12.23 11.99 10.06 9.80 10.28 8.72 12.46 12.75 11.21 11.46 10.96 10.68 10.33 9.72 10.14 9.24 9.14 8.28 8.18 8.11 8.36 8.64 9.70 9.20 10.72 12.06 9.02 9.19 6.96 8.73 8.05 7.81 9.87 9.80 9.86 10.28 9.18 8.33 8.43 8.41 9.25 9.98 8.95 9.43 8.91
-9999 -9999 -9999 -9999 -9999 -9999 -9999 -9999 -9999 -9999 -9999 15.98 15.19 12.67 14.60 15.58 -9999 -9999 12.50 16.37 10.63 12.69 12.10 12.26 13.23 14.97 10.96 9.91 10.50 10.29 11.23 11.68 11.67 11.05 10.47 11.23 9.58 9.99 12.38 10.97 10.68 10.68 10.97 11.50 10.97 9.85 9.74 8.93 8.92 9.63 10.15 9.46 10.03 8.80 8.92 10.16 12.91 10.03 9.17 8.15 6.47 8.79 8.81 9.27 9.69 9.74 9.41 9.03 10.55 8.80 8.41 8.20 8.23 8.47 8.12 7.57 9.29
-9999 -9999 -9999 -9999 -9999 -9999 -9999 -9999 -9999 -9999 -9999 -9999 -9999 -9999 -9999 -9999 -9999 -9999 14.08 12.67 12.42 10.85 9.53 9.67 10.27 11.44 10.87 11.03 11.79 12.68 13.44 13.07 -9999 11.05 10.46 10.11 9.66 10.13 12.12 11.03 11.32 10.93 10.20 10.10 11.00 9.93 10.05 11.41 11.49 11.06 11.97 12.82 10.81 10.36 10.30 10.38 11.66 9.60 8.96 8.49 7.63 7.84 8.42 9.61 10.06 9.51 9.00 8.95 8.78 8.36 8.12 7.90 7.89 8.01 8.22 8.22 8.54
-9999 -9999 -9999 -9999 -9999 -9999 -9999 -9999 -9999 -9999 -9999 -9999 -9999 -9999 -9999 -9999 -9999 -9999 -9999 13.93 12.19 10.65 10.67 11.48 9.99 10.02 10.72 12.35 -9999 -9999 -9999 -9999 12.28 10.50 10.09 9.63 9.68 10.39 12.38 11.25 11.81 11.19 10.01 11.13 10.60 12.19 11.34 13.47 11.55 11.69 11.10 11.50 11.08 10.02 11.01 8.65 9.29 9.62 7.67 7.78 7.31 7.50 8.07 8.45 8.72 8.95 8.21 8.02 7.77 7.77 7.54 9.01 9.27 7.83 7.76 7.95 8.31
-9999 -9999 -9999 -9999 -9999 -9999 -9999 -9999 -9999 -9999 -9999 -9999 -9999 -9999 -9999 -9999 -9999 -9999 -9999 -9999 13.81 14.80 13.08 11.75 12.52 12.43 13.06 -9999 -9999 -9999 -9999 13.36 12.43 11.84 8.26 8.40 8.95 11.95 12.70 12.15 11.59 10.48 10.67 10.44 12.19 13.64 11.97 11.87 10.85 10.87 10.47 9.24 9.86 9.74 9.10 8.91 8.86 8.63 7.91 7.96 8.49 8.96 9.48 8.40 8.55 8.55 8.00 8.38 7.93 8.20 7.40 8.28 8.14 8.08 9.18 8.07 9.31
-9999 -9999 -9999 -9999 -9999 -9999 -9999 -9999 -9999 -9999 -9999 -9999 -9999 -9999 -9999 -9999 -9999 -9999 -9999 -9999 -9999 14.71 14.52 13.42 14.47 13.69 14.89 -9999 -9999 -9999 12.45 10.09 8.74 10.70 10.41 9.75 8.51 10.42 9.59 11.97 11.34 9.66 11.52 12.65 12.30 11.43 12.00 10.66 10.00 9.49 8.74 8.60 8.44 8.66 9.26 8.89 8.29 8.33 8.48 8.45 9.21 8.82 9.20 8.95 8.32 8.32 7.63 7.26 7.07 7.61 7.56 7.85 7.87 9.16 9.43 9.85 9.79
-9999 -9999 -9999 -9999 -9999 -9999 -9999 -9999 -9999 -9999 -9999 -9999 -9999 -9999 -9999 -9999 -9999 -9999 -9999 -9999 -9999 -9999 -9999 -9999 -9999 -9999 -9999 -9999 -9999 15.14 10.96 8.87 8.13 10.16 8.24 9.41 10.59 10.49 10.47 10.93 9.18 8.92 9.51 10.69 10.30 10.57 10.55 10.85 10.57 10.23 12.00 9.81 9.81 8.90 9.39 9.37 8.45 8.58 8.21 8.67 9.41 8.60 8.08 8.09 8.00 7.88 8.35 7.69 8.44 8.12 9.47 10.09 9.67 8.29 11.16 12.15 10.69
-9999 -9999 -9999 -9999 -9999 -9999 -9999 -9999 -9999 -9999 -9999 -9999 -9999 -9999 -9999 -9999 -9999 -9999 -9999 -9999 -9999 -9999 -9999 -9999 -9999 -9999 -9999 -9999 -9999 12.37 11.46 9.81 15.93 13.32 8.72 9.41 10.27 10.82 11.39 9.30 8.70 8.63 8.61 9.99 9.70 9.47 11.67 11.58 13.17 11.45 11.65 13.09 10.76 9.70 9.22 8.45 8.28 8.08 8.13 8.67 8.51 8.70 8.13 7.66 7.46 7.44 8.21 10.63 9.94 10.88 11.25 12.38 10.48 8.86 10.06 10.43 9.22
-9999 -9999 -9999 -9999 -9999 -9999 -9999 -9999 -9999 -9999 -9999 -9999 -9999 -9999 -9999 -9999 -9999 -9999 -9999 -9999 -9999 -9999 -9999 -9999 -9999 -9999 -9999 -9999 -9999 11.70 9.24 8.42 11.22 15.48 13.61 11.98 10.38 11.91 9.90 9.52 8.85 11.10 11.22 11.77 11.05 9.90 10.02 10.09 10.88 11.69 11.80 10.72 10.42 10.03 9.68 8.72 8.31 8.44 8.59 9.30 8.88 8.65 8.01 7.97 8.82 9.79 8.97 10.35 9.91 9.75 9.85 10.87 12.94 12.28 9.28 9.06 9.85
-9999 -9999 -9999 -9999 -9999 -9999 -9999 -9999 -9999 -9999 -9999 -9999 17.58 17.83 14.95 20.78 19.19 17.98 17.05 19.10 9.33 16.65 11.17 -9999 -9999 -9999 -9999 -9999 -9999 10.76 9.12 8.96 8.12 9.80 12.43 13.93 12.67 10.90 9.86 9.88 10.73 12.20 11.15 10.02 9.94 9.37 9.24 10.06 9.91 9.62 9.43 10.09 9.45 10.29 10.74 11.42 9.81 9.22 9.94 9.79 8.72 9.64 8.65 8.24 9.51 10.44 8.76 8.17 8.61 8.50 8.29 8.10 8.51 8.33 7.50 7.47 7.69
-9999 -9999 -9999 -9999 -9999 -9999 -9999 -9999 -9999 -9999 -9999 -9999 20.71 19.45 19.27 16.11 18.30 19.76 17.47 17.09 16.92 12.76 10.68 9.48 11.58 15.18 12.46 11.35 10.21 9.81 8.88 8.33 8.06 7.90 8.84 11.99 11.91 10.75 9.57 13.25 11.06 9.67 10.34 10.84 9.73 9.52 11.95 11.00 10.80 10.28 10.02 8.61 9.10 10.03 10.23 9.99 10.52 10.83 9.12 8.71 8.01 7.86 9.36 8.35 12.92 10.35 9.59 8.76 8.21 8.47 8.20 9.33 9.39 7.73 9.55 8.88 9.70
-9999 -9999 -9999 -9999 -9999 -9999 -9999 -9999 -9999 -9999 -9999 17.98 16.14 15.12 14.50 13.24 16.13 18.94 17.25 15.14 15.05 14.77 12.62 10.77 10.71 12.28 13.82 10.22 9.56 8.91 8.95 9.98 8.29 8.30 10.28 10.36 10.11 10.64 13.63 11.16 12.49 11.48 10.40 9.26 10.13 10.67 12.26 11.91 10.88 11.24 9.53 9.68 9.48 9.49 9.45 10.97 11.46 8.92 8.52 8.76 11.34 9.14 8.58 8.84 8.74 9.18 9.41 8.97 8.80 9.65 10.84 9.63 8.39 8.28 10.32 9.64 9.60
-9999 -9999 -9999 -9999 -9999 -9999 -9999 -9999 -9999 -9999 -9999 -9999 14.25 12.40 11.61 14.04 13.75 14.06 16.81 14.40 12.04 10.82 13.47 15.49 13.17 10.62 10.85 13.11 10.56 8.45 8.51 8.42 9.22 9.45 8.65 8.69 9.31 10.46 12.08 10.34 11.96 10.37 10.26 10.11 10.82 10.65 11.93 11.97 11.62 9.78 9.44 10.09 8.91 8.26 8.17 9.41 10.50 10.37 8.74 9.15 10.23 9.87 8.84 7.85 7.85 7.85 8.47 10.75 10.39 10.11 10.97 12.27 11.13 10.20 10.74 10.68 9.54
-9999 -9999 -9999 -9999 -9999 -9999 -9999 -9999 17.66 -9999 -9999 15.74 13.68 14.38 10.48 13.06 11.30 10.63 10.41 10.47 11.58 9.98 12.31 13.78 10.85 9.34 7.64 7.75 7.99 7.90 8.09 8.51 9.46 8.40 8.37 8.87 11.11 9.51 11.01 9.66 10.46 9.73 11.07 12.09 11.33 10.38 9.87 9.79 9.61 9.32 10.89 9.58 8.64 10.94 9.01 8.84 10.72 12.09 7.90 8.35 8.65 8.32 7.89 7.78 7.71 8.49 9.53 10.11 8.89 8.48 8.75 9.79 9.89 9.74 10.39 9.46 9.31
-9999 -9999 -9999 -9999 -9999 -9999 -9999 17.28 18.46 18.13 17.50 14.07 12.81 15.16 11.99 10.51 11.47 10.36 11.57 11.51 12.43 10.73 10.31 11.03 9.55 7.89 6.94 7.17 8.18 8.76 7.74 7.77 8.14 8.01 8.30 10.22 10.26 9.18 10.39 10.98 12.49 11.18 11.22 12.79 11.03 10.85 9.14 9.63 9.27 9.84 8.96 8.74 8.06 9.64 9.77 8.48 9.45 8.75 7.80 7.44 7.05 7.95 8.08 8.10 7.54 7.23 7.57 7.60 7.85 8.12 8.17 7.84 8.89 9.58 10.63 11.08 10.44
-9999 -9999 -9999 -9999 -9999 -9999 -9999 16.80 16.47 14.98 15.35 14.05 13.19 11.79 14.07 13.91 12.56 14.04 13.31 12.09 13.41 11.89 11.71 11.97 9.23 10.43 12.55 11.14 9.49 8.41 7.53 8.25 8.89 9.41 8.80 10.20 9.19 10.02 9.16 8.46 10.54 12.15 10.47 10.35 10.11 9.51 9.26 9.87 8.97 8.33 9.22 9.52 7.87 8.54 8.84 8.68 9.72 10.27 10.25 12.11 8.43 8.38 7.52 7.34 7.43 7.60 7.44 7.44 7.77 8.46 8.09 8.02 7.92 9.27 9.63 9.95 10.19
-9999 -9999 -9999 -9999 -9999 -9999 -9999 17.04 15.02 14.18 14.55 13.56 13.76 12.29 12.81 12.91 11.24 12.83 12.77 12.98 13.01 12.28 9.39 8.79 8.89 12.02 11.77 11.90 12.55 9.41 8.72 8.90 8.01 9.22 8.41 9.56 8.98 9.21 8.92 8.16 10.37 9.73 9.73 9.32 9.08 9.11 9.02 9.57 9.66 8.28 8.04 8.45 9.63 8.08 8.49 8.24 8.87 9.21 9.55 10.80 9.91 10.78 12.01 7.63 11.97 10.06 8.10 8.75 12.83 12.41 11.60 7.83 7.75 8.07 8.09 9.31 9.19
-9999 -9999 -9999 -9999 -9999 -9999 -9999 14.15 13.56 13.35 13.00 12.00 11.98 11.62 10.98 12.26 11.47 11.45 12.20 10.86 10.81 10.49 10.89 8.48 10.04 12.59 11.15 12.66 12.70 10.26 10.32 10.90 9.36 9.51 9.59 9.58 9.66 9.74 10.25 11.25 8.59 9.48 9.06 8.79 8.60 8.69 8.83 9.22 8.37 8.65 8.43 9.01 9.52 10.26 9.36 10.46 9.82 9.20 8.96 8.63 8.19 8.27 8.98 8.49 10.86 10.76 11.91 11.62 12.42 12.93 13.57 8.91 8.89 8.49 8.57 9.43 10.88
-9999 -9999 -9999 -9999 -9999 -9999 -9999 12.20 12.31 12.61 13.11 13.53 12.36 11.55 10.29 10.71 12.58 11.64 10.70 9.49 9.98 9.69 9.61 9.70 9.13 9.40 8.62 11.96 10.55 8.14 12.17 12.01 10.47 13.65 11.59 12.28 13.29 12.31 11.30 11.63 9.69 8.43 8.78 8.45 7.84 8.33 8.42 9.05 8.23 8.82 9.94 10.75 10.36 10.33 10.63 10.69 10.99 10.91 10.32 9.36 8.97 9.55 10.34 10.84 11.46 11.86 12.27 -9999 -9999 12.23 12.88 12.48 11.66 10.26 13.97 11.58 -9999
-9999 -9999 -9999 -9999 -9999 -9999 14.72 12.29 12.44 11.89 13.48 13.73 14.93 12.30 12.06 11.19 12.28 11.32 9.97 9.08 9.08 8.94 8.76 8.91 9.61 10.28 10.79 10.91 8.85 12.29 13.36 10.48 9.91 11.00 10.70 12.24 12.24 10.75 10.27 9.68 9.16 9.94 9.32 9.20 8.71 8.84 9.38 10.39 10.17 9.85 9.95 10.08 10.41 -9999 -9999 12.02 13.16 13.32 12.62 12.00 11.48 11.80 -9999 -9999 -9999 -9999 -9999 -9999 -9999 -9999 -9999 -9999 12.89 13.39 15.61 13.87 -9999
-9999 -9999 -9999 -9999 -9999 16.21 13.68 11.54 12.64 11.53 11.85 12.09 12.90 11.98 14.83 15.17 13.30 12.11 11.72 11.77 9.78 8.89 8.94 9.71 10.15 13.59 14.61 13.88 12.98 15.06 11.66 12.14 12.37 13.24 13.94 11.54 9.87 10.54 9.29 9.29 8.78 8.78 8.48 10.34 11.80 11.88 11.50 11.52 11.99 11.11 -9999 9.54 10.46 10.24 11.01 12.31 -9999 -9999 -9999 -9999 13.70 -9999 -9999 -9999 -9999 -9999 -9999 -9999 -9999 -9999 -9999 -9999 -9999 -9999 -9999 -9999 -9999
-9999 -9999 -9999 -9999 18.46 16.27 14.96 12.93 10.99 10.95 11.00 10.54 11.59 13.32 18.42 19.59 13.15 11.57 15.11 11.07 12.72 9.41 9.13 13.08 11.71 11.57 12.13 12.72 -9999 -9999 -9999 -9999 -9999 13.49 15.16 14.26 11.80 11.43 10.59 9.55 9.28 8.73 9.24 10.89 -9999 -9999 -9999 -9999 -9999 13.25 13.37 11.70 10.09 9.72 12.49 12.67 -9999 -9999 -9999 -9999 -9999 -9999 -9999 -9999 -9999 -9999 -9999 -9999 -9999 -9999 -9999 -9999 -9999 -9999 -9999 -9999 -9999
-9999 -9999 -9999 12.88 14.12 15.64 15.17 12.81 12.37 12.01 9.89 11.86 13.25 16.15 18.35 19.39 17.12 15.21 12.69 14.15 11.10 11.26 10.67 13.40 13.28 -9999 -9999 -9999 -9999 -9999 -9999 -9999 -9999 -9999 13.56 14.04 12.39 13.95 15.03 15.31 12.09 14.25 13.55 14.29 -9999 -9999 -9999 -9999 -9999 -9999 -9999 11.79 12.09 10.09 11.38 -9999 -9999 -9999 -9999 -9999 -9999 -9999 -9999 -9999 -9999 -9999 -9999 -9999 -9999 -9999 -9999 -9999 -9999 -9999 -9999 -9999 -9999
15.82 13.88 14.14 12.19 12.99 14.66 16.07 15.82 13.34 11.00 11.08 12.91 13.92 15.15 17.88 15.18 14.89 14.40 15.99 8.64 11.33 15.68 12.66 -9999 -9999 -9999 -9999 -9999 -9999 -9999 -9999 -9999 -9999 -9999 -9999 -9999 14.68 -9999 -9999 -9999 -9999 13.08 15.85 16.28 -9999 -9999 -9999 -9999 -9999 -9999 -9999 -9999 12.26 14.68 12.76 -9999 -9999 -9999 -9999 -9999 -9999 -9999 -9999 -9999 -9999 -9999 -9999 -9999 -9999 -9999 -9999 -9999 -9999 -9999 -9999 -9999 -9999
15.73 12.84 12.04 10.38 12.37 14.92 15.17 15.73 14.08 12.56 14.03 10.97 10.46 12.89 16.22 15.33 12.55 10.80 13.31 9.79 9.09 11.32 -9999 -9999 -9999 -9999 -9999 -9999 -9999 -9999 -9999 -9999 -9999 -9999 -9999 -9999 16.35 -9999 -9999 -9999 -9999 -9999 -9999 -9999 -9999 -9999 -9999 -9999 -9999 -9999 -9999 -9999 -9999 -9999 -9999 -9999 -9999 -9999 -9999 -9999 -9999 -9999 -9999 -9999 -9999 -9999 -9999 -9999 -9999 -9999 -9999 -9999 -9999 -9999 -9999 -9999 -9999
14.36 14.37 12.29 10.01 12.19 13.03 12.92 13.60 12.94 12.59 14.31 10.06 10.34 12.48 14.91 19.17 18.97 10.05 10.59 10.03 10.92 14.52 -9999 -9999 -9999 -9999 -9999 -9999 -9999 -9999 -9999 -9999 -9999 -9999 -9999 -9999 -9999 -9999 -9999 -9999 -9999 -9999 -9999 -9999 -9999 -9999 -9999 -9999 -9999 -9999 -9999 -9999 -9999 -9999 -9999 -9999 -9999 -9999 -9999 -9999 -9999 -9999 -9999 -9999 -9999 -9999 -9999 -9999 -9999 -9999 -9999 -9999 -9999 -9999 -9999 -9999 -9999
12.51 12.76 14.37 12.90 13.29 12.60 13.38 12.27 11.88 11.70 10.41 11.07 10.72 11.02 14.59 16.62 15.49 12.49 9.30 9.35 13.70 12.84 -9999 -9999 -9999 -9999 -9999 -9999 -9999 -9999 -9999 -9999 -9999 -9999 -9999 -9999 -9999 -9999 -9999 -9999 -9999 -9999 -9999 -9999 -9999 -9999 -9999 -9999 -9999 -9999 -9999 -9999 -9999 -9999 -9999 -9999 -9999 -9999 -9999 -9999 -9999 -9999 -9999 -9999 -9999 -9999 -9999 -9999 -9999 -9999 -9999 -9999 -9999 -9999 -9999 -9999 -9999
12.75 13.53 15.87 14.78 14.78 12.62 13.26 12.47 15.55 14.35 12.22 11.77 12.81 10.85 11.56 12.57 12.01 10.70 10.14 11.02 12.56 13.38 -9999 -9999 -9999 -9999 -9999 -9999 -9999 -9999 -9999 -9999 -9999 -9999 -9999 -9999 -9999 -9999 -9999 -9999 -9999 -9999 -9999 -9999 -9999 -9999 -9999 -9999 -9999 -9999 -9999 -9999 -9999 -9999 -9999 -9999 -9999 -9999 -9999 -9999 -9999 -9999 -9999 -9999 -9999 -9999 -9999 -9999 -9999 -9999 -9999 -9999 -9999 -9999 -9999 -9999 -9999
12.17 12.22 12.87 13.51 12.91 14.45 16.65 16.14 14.04 14.32 14.41 14.44 12.93 13.56 12.34 10.83 10.77 11.94 12.99 13.37 12.79 14.46 -9999 -9999 -9999 -9999 -9999 -9999 -9999 -9999 -9999 -9999 -9999 -9999 -9999 -9999 -9999 -9999 -9999 -9999 -9999 -9999 -9999 -9999 -9999 -9999 -9999 -9999 -9999 -9999 -9999 -9999 -9999 -9999 -9999 -9999 -9999 -9999 -9999 -9999 -9999 -9999 -9999 -9999 -9999 -9999 -9999 -9999 -9999 -9999 -9999 -9999 -9999 -9999 -9999 -9999 -9999
10.71 11.93 13.67 14.53 -9999 -9999 -9999 -9999 -9999 -9999 -9999 -9999 -9999 14.97 15.79 13.68 12.32 11.03 12.31 13.39 13.25 -9999 -9999 -9999 -9999 -9999 -9999 -9999 -9999 -9999 -9999 -9999 -9999 -9999 -9999 -9999 -9999 -9999 -9999 -9999 -9999 -9999 -9999 -9999 -9999 -9999 -9999 -9999 -9999 -9999 -9999 -9999 -9999 -9999 -9999 -9999 -9999 -9999 -9999 -9999 -9999 -9999 -9999 -9999 -9999 -9999 -9999 -9999 -9999 -9999 -9999 -9999 -9999 -9999 -9999 -9999 -9999
13.23 14.95 14.93 16.09 -9999 -9999 -9999 -9999 -9999 -9999 -9999 -9999 -9999 -9999 -9999 -9999 13.37 12.00 12.06 12.89 -9999 -9999 -9999 -9999 -9999 -9999 -9999 -9999 -9999 -9999 -9999 -9999 -9999 -9999 -9999 -9999 -9999 -9999 -9999 -9999 -9999 -9999 -9999 -9999 -9999 -9999 -9999 -9999 -9999 -9999 -9999 -9999 -9999 -9999 -9999 -9999 -9999 -9999 -9999 -9999 -9999 -9999 -9999 -9999 -9999 -9999 -9999 -9999 -9999 -9999 -9999 -9999 -9999 -9999 -9999 -9999 -9999
16.07 15.76 -9999 -9999 -9999 -9999 -9999 -9999 -9999 -9999 -9999 -9999 -9999 -9999 -9999 -9999 15.08 16.47 17.09 16.29 -9999 -9999 -9999 -9999 -9999 -9999 -9999 -9999 -9999 -9999 -9999 -9999 -9999 -9999 -9999 -9999 -9999 -9999 -9999 -9999 -9999 -9999 -9999 -9999 -9999 -9999 -9999 -9999 -9999 -9999 -9999 -9999 -9999 -9999 -9999 -9999 -9999 -9999 -9999 -9999 -9999 -9999 -9999 -9999 -9999 -9999 -9999 -9999 -9999 -9999 -9999 -9999 -9999 -9999 -9999 -9999 -9999
17.16 -9999 -9999 -9999 -9999 -9999 -9999 -9999 -9999 -9999 -9999 -9999 -9999 -9999 -9999 -9999 -9999 -9999 -9999 -9999 -9999 -9999 -9999 -9999 -9999 -9999 -9999 -9999 -9999 -9999 -9999 -9999 -9999 -9999 -9999 -9999 -9999 -9999 -9999 -9999 -9999 -9999 -9999 -9999 -9999 -9999 -9999 -9999 -9999 -9999 -9999 -9999 -9999 -9999 -9999 -9999 -9999 -9999 -9999 -9999 -9999 -9999 -9999 -9999 -9999 -9999 -9999 -9999 -9999 -9999 -9999 -9999 -9999 -9999 -9999 -9999 -9999
-9999 -9999 -9999 -9999 -9999 -9999 -9999 -9999 -9999 -9999 -9999 -9999 -9999 -9999 -9999 -9999 -9999 -9999 -9999 -9999 -9999 -9999 -9999 -9999 -9999 -9999 -9999 -9999 -9999 -9999 -9999 -9999 -9999 -9999 -9999 -9999 -9999 -9999 -9999 -9999 -9999 -9999 -9999 -9999 -9999 -9999 -9999 -9999 -9999 -9999 -9999 -9999 -9999 -9999 -9999 -9999 -9999 -9999 -9999 -9999 -9999 -9999 -9999 -9999 -9999 -9999 -9999 -9999 -9999 -9999 -9999 -9999 -9999 -9999 -9999 -9999 -9999
