ML/MeanWindSpeed_2000-02_Actual.txt
ncols         180
nrows         290
xllcorner     -200000
yllcorner     -200000
cellsize      5000
NODATA_value  -9999
[rows 136 to 169 of 290, columns 77 to 153 of 180]
-9999 -9999 18.42 15.96 13.40 16.44 14.67 16.41 14.35 13.06 11.42 11.25 13.14 18.84 15.75 14.71 12.40 12.18 12.27 11.82 12.70 13.87 12.03 13.44 12.41 12.96 12.81 13.03 13.08 12.93 12.48 12.48 12.93 11.35 9.76 10.95 11.82 12.25 13.24 13.24 9.69 11.15 14.58 13.80 12.40 12.80 12.51 13.03 12.48 13.75 15.35 -9999 -9999 -9999 -9999 -9999 -9999 -9999 -9999 -9999 -9999 -9999 -9999 -9999 -9999 -9999 -9999 -9999 -9999 -9999 -9999 -9999 -9999 -9999 -9999 -9999 -9999
-9999 -9999 18.57 16.20 12.30 15.71 13.44 14.63 13.72 13.08 12.65 10.85 15.26 15.19 14.53 16.90 13.36 12.20 11.92 10.44 13.40 18.65 14.47 -9999 -9999 -9999 13.39 13.24 -9999 12.74 12.81 12.82 11.74 10.34 10.92 12.36 11.09 11.31 12.94 12.32 13.94 13.58 11.12 10.25 11.04 11.94 12.84 10.70 11.79 12.54 14.72 -9999 -9999 -9999 -9999 -9999 -9999 -9999 -9999 -9999 -9999 -9999 -9999 -9999 -9999 -9999 -9999 -9999 -9999 -9999 -9999 -9999 -9999 -9999 -9999 -9999 -9999
-9999 -9999 17.00 18.87 14.21 13.90 14.56 15.51 14.85 13.81 12.80 11.83 12.98 19.57 15.75 16.37 12.98 12.66 14.77 11.63 13.31 14.87 15.49 -9999 -9999 -9999 13.60 12.76 12.96 13.13 12.52 11.91 10.30 11.37 14.29 14.36 11.77 15.54 11.93 11.79 15.06 12.06 13.06 13.50 13.75 11.51 13.09 14.77 13.01 12.14 14.09 -9999 -9999 -9999 -9999 -9999 -9999 -9999 -9999 -9999 -9999 -9999 -9999 -9999 -9999 -9999 -9999 -9999 -9999 -9999 -9999 -9999 -9999 -9999 -9999 -9999 -9999
-9999 -9999 -9999 18.09 17.75 15.30 -9999 16.67 16.51 14.94 13.87 13.04 -9999 15.93 14.29 15.09 12.55 14.36 15.55 14.40 15.05 -9999 -9999 -9999 -9999 14.76 12.68 11.92 12.04 12.97 13.11 11.78 10.58 10.34 14.99 19.36 11.10 16.92 12.54 14.67 16.23 13.44 15.53 13.71 12.13 14.39 14.97 13.49 11.02 12.05 14.83 15.28 -9999 -9999 -9999 -9999 -9999 -9999 -9999 -9999 -9999 -9999 -9999 -9999 -9999 -9999 -9999 -9999 -9999 -9999 -9999 -9999 -9999 -9999 -9999 -9999 -9999
-9999 -9999 -9999 -9999 18.43 -9999 -9999 -9999 16.48 16.56 14.77 14.75 16.03 -9999 -9999 16.51 14.29 17.42 18.89 -9999 -9999 -9999 -9999 -9999 15.83 14.23 11.31 11.62 11.53 12.58 12.45 13.16 12.77 9.56 12.27 16.11 17.80 14.10 16.37 17.48 18.03 15.12 16.29 17.03 15.88 13.57 13.86 14.36 11.05 12.08 14.85 16.47 -9999 -9999 -9999 -9999 -9999 -9999 -9999 -9999 -9999 -9999 -9999 -9999 -9999 -9999 -9999 -9999 -9999 -9999 -9999 -9999 -9999 -9999 -9999 -9999 -9999
-9999 -9999 -9999 -9999 18.39 18.23 -9999 -9999 -9999 16.51 17.11 16.66 17.22 -9999 -9999 -9999 -9999 17.46 -9999 -9999 -9999 -9999 -9999 -9999 14.13 12.77 11.51 12.43 13.75 13.93 12.98 13.14 12.06 10.36 10.39 14.65 16.66 12.16 18.86 18.18 19.67 15.75 16.27 18.73 16.05 14.44 13.96 12.11 10.58 12.10 14.53 15.87 -9999 -9999 -9999 -9999 -9999 -9999 -9999 -9999 -9999 -9999 -9999 -9999 -9999 -9999 -9999 -9999 -9999 -9999 -9999 -9999 -9999 -9999 -9999 -9999 -9999
-9999 -9999 -9999 -9999 -9999 19.94 -9999 -9999 -9999 -9999 17.02 18.28 17.99 -9999 -9999 -9999 -9999 -9999 -9999 -9999 -9999 -9999 -9999 15.37 13.67 13.44 13.20 13.41 15.43 15.19 14.23 14.05 12.96 12.00 9.76 11.55 19.45 19.72 19.04 18.50 15.36 14.31 15.16 13.61 11.80 15.08 15.53 11.78 11.15 12.70 14.15 15.20 16.10 -9999 -9999 -9999 -9999 -9999 -9999 -9999 -9999 -9999 -9999 -9999 -9999 -9999 -9999 -9999 -9999 -9999 -9999 -9999 -9999 -9999 -9999 -9999 -9999
-9999 -9999 -9999 -9999 -9999 21.40 -9999 -9999 -9999 -9999 -9999 -9999 -9999 -9999 -9999 -9999 -9999 -9999 -9999 -9999 -9999 -9999 -9999 15.35 12.93 11.43 10.27 9.61 19.18 16.13 14.58 16.73 13.15 14.09 8.38 8.66 16.41 21.76 17.40 15.01 20.24 22.74 20.99 18.16 16.70 12.13 13.13 12.89 14.00 13.09 13.12 14.55 15.59 16.25 -9999 -9999 -9999 -9999 -9999 -9999 -9999 -9999 -9999 -9999 -9999 -9999 -9999 -9999 -9999 -9999 -9999 -9999 -9999 -9999 -9999 -9999 -9999
-9999 -9999 -9999 -9999 -9999 -9999 -9999 -9999 -9999 -9999 -9999 -9999 -9999 -9999 -9999 -9999 -9999 -9999 -9999 -9999 -9999 -9999 15.87 14.21 11.92 10.58 14.53 9.00 24.94 23.64 13.86 14.74 13.19 11.94 11.78 8.05 10.00 21.54 20.73 18.01 16.14 15.08 18.34 18.00 16.84 14.57 13.36 13.12 12.71 12.46 13.25 12.87 13.13 14.43 -9999 -9999 -9999 -9999 -9999 -9999 -9999 -9999 -9999 -9999 -9999 -9999 -9999 -9999 -9999 -9999 -9999 -9999 -9999 -9999 -9999 -9999 -9999
-9999 -9999 -9999 -9999 -9999 -9999 -9999 -9999 -9999 -9999 -9999 -9999 -9999 -9999 -9999 -9999 -9999 -9999 -9999 -9999 -9999 -9999 14.37 14.60 10.67 13.43 23.32 13.86 9.91 17.25 18.08 14.67 13.78 12.64 11.78 9.78 9.47 11.89 22.77 19.53 18.11 15.46 15.47 15.80 13.78 13.59 13.67 14.71 12.73 13.57 12.37 12.21 11.74 12.38 13.59 14.65 15.12 -9999 -9999 -9999 -9999 -9999 -9999 -9999 -9999 -9999 -9999 -9999 -9999 -9999 -9999 -9999 -9999 -9999 -9999 -9999 -9999
-9999 -9999 -9999 -9999 -9999 -9999 -9999 -9999 -9999 -9999 -9999 -9999 -9999 -9999 -9999 -9999 -9999 -9999 -9999 -9999 -9999 -9999 14.16 13.12 12.22 17.02 12.30 12.00 13.90 19.31 14.74 12.74 17.17 10.52 13.41 11.49 10.73 10.15 14.14 17.16 17.07 16.25 15.69 13.25 13.53 12.92 12.39 12.13 12.45 12.21 12.29 11.24 10.80 10.93 14.89 13.18 14.85 16.25 16.29 -9999 -9999 -9999 -9999 -9999 -9999 -9999 -9999 -9999 -9999 -9999 -9999 -9999 -9999 -9999 -9999 -9999 -9999
-9999 -9999 -9999 -9999 -9999 -9999 -9999 -9999 -9999 -9999 -9999 -9999 -9999 -9999 -9999 -9999 -9999 -9999 -9999 -9999 -9999 -9999 14.15 12.79 13.71 20.75 22.54 17.00 12.32 13.89 14.75 18.01 11.88 16.24 13.82 12.63 12.92 11.89 9.54 10.72 16.65 16.32 15.44 14.56 13.54 12.99 12.98 12.76 12.01 12.16 11.71 10.80 11.08 10.89 11.96 15.41 14.86 15.22 17.08 17.30 15.34 -9999 -9999 -9999 -9999 -9999 -9999 -9999 -9999 -9999 -9999 -9999 -9999 -9999 -9999 -9999 -9999
-9999 -9999 -9999 -9999 -9999 -9999 -9999 -9999 -9999 -9999 -9999 -9999 -9999 -9999 -9999 -9999 -9999 -9999 -9999 -9999 -9999 -9999 14.97 12.57 14.84 16.69 11.40 27.03 22.65 13.08 15.70 12.64 17.68 18.58 13.63 11.62 12.43 12.31 9.44 19.17 17.61 17.43 18.47 19.06 17.94 13.65 14.99 13.17 12.48 12.26 11.90 11.53 10.97 9.87 10.77 14.07 12.77 12.35 13.42 15.45 13.85 17.77 -9999 -9999 -9999 -9999 -9999 -9999 -9999 -9999 -9999 -9999 -9999 -9999 -9999 -9999 -9999
-9999 -9999 -9999 -9999 -9999 -9999 -9999 -9999 -9999 -9999 16.65 17.05 17.96 -9999 -9999 -9999 -9999 -9999 -9999 -9999 -9999 -9999 -9999 14.58 12.55 10.67 13.66 16.74 20.88 12.68 9.04 15.46 14.61 13.34 11.62 13.87 13.79 11.58 12.43 16.00 16.52 21.48 20.10 17.32 16.59 17.31 15.17 13.39 12.69 12.13 11.98 10.98 10.18 15.44 14.03 18.05 18.67 17.16 15.62 12.31 16.28 17.22 16.23 -9999 -9999 -9999 -9999 -9999 -9999 -9999 -9999 -9999 -9999 -9999 -9999 -9999 -9999
-9999 -9999 -9999 -9999 -9999 -9999 -9999 -9999 -9999 -9999 14.76 14.87 -9999 -9999 -9999 -9999 -9999 -9999 -9999 -9999 -9999 -9999 -9999 -9999 12.72 9.25 14.46 15.42 25.37 14.71 14.71 13.58 10.65 9.39 9.81 9.43 19.60 11.57 12.96 19.48 16.41 13.07 12.51 18.44 13.56 17.26 14.68 13.04 12.21 11.92 11.11 11.50 14.38 15.61 14.47 13.90 13.21 14.69 15.94 15.30 15.88 15.80 18.81 -9999 -9999 -9999 -9999 -9999 -9999 -9999 -9999 -9999 -9999 -9999 -9999 -9999 -9999
-9999 -9999 -9999 -9999 -9999 -9999 -9999 -9999 -9999 14.26 17.60 17.36 16.98 -9999 -9999 -9999 -9999 -9999 -9999 -9999 -9999 -9999 -9999 -9999 13.30 15.16 15.93 16.69 13.84 15.60 12.92 12.11 10.56 9.61 11.85 9.77 7.96 19.34 13.91 12.97 17.88 15.56 19.45 15.80 16.35 14.46 13.91 13.12 12.84 11.69 10.78 12.21 13.97 12.89 14.06 15.24 14.56 15.11 14.72 15.10 15.59 13.82 17.85 16.76 -9999 -9999 -9999 -9999 -9999 -9999 -9999 -9999 -9999 -9999 -9999 -9999 -9999
-9999 -9999 -9999 -9999 -9999 -9999 -9999 -9999 13.10 17.84 19.89 24.53 17.06 -9999 -9999 -9999 -9999 -9999 -9999 -9999 -9999 -9999 -9999 -9999 15.14 20.36 16.33 11.18 13.29 12.43 13.25 10.81 9.56 10.56 11.84 8.64 16.55 12.88 17.22 13.56 19.87 12.97 14.95 12.61 15.57 13.57 13.90 13.92 12.27 11.92 10.76 10.74 14.85 15.51 15.03 13.52 13.66 13.15 13.10 13.53 15.75 15.81 15.37 16.72 -9999 -9999 -9999 -9999 -9999 -9999 -9999 -9999 -9999 -9999 -9999 -9999 -9999
-9999 -9999 -9999 -9999 -9999 -9999 -9999 15.80 14.18 22.49 18.80 18.59 -9999 -9999 -9999 -9999 -9999 -9999 -9999 -9999 -9999 -9999 -9999 -9999 -9999 15.25 12.26 11.40 14.37 11.22 14.03 11.50 10.45 9.90 10.46 8.43 16.40 16.23 17.80 17.10 18.53 18.56 18.59 16.94 16.28 16.48 15.64 12.95 12.38 11.98 11.04 10.62 11.64 17.58 16.01 12.65 11.89 11.93 11.49 11.64 11.82 12.17 11.93 13.42 15.81 17.17 -9999 -9999 -9999 -9999 -9999 -9999 -9999 -9999 -9999 -9999 -9999
-9999 -9999 -9999 -9999 -9999 -9999 -9999 19.12 20.66 15.73 16.44 17.35 -9999 -9999 -9999 -9999 -9999 -9999 -9999 -9999 -9999 -9999 -9999 -9999 -9999 -9999 13.30 13.71 12.78 11.67 13.42 12.46 12.19 11.20 11.59 8.56 16.48 15.27 14.07 17.31 15.90 14.90 20.61 20.50 15.83 17.98 16.23 15.26 12.60 11.87 11.48 10.95 11.14 12.47 13.05 12.13 12.02 11.81 11.70 11.26 11.16 11.22 11.49 15.36 16.06 16.04 -9999 -9999 -9999 -9999 -9999 -9999 -9999 -9999 -9999 -9999 -9999
-9999 -9999 -9999 -9999 -9999 -9999 -9999 20.30 18.23 18.96 17.84 -9999 -9999 -9999 -9999 -9999 -9999 -9999 -9999 -9999 -9999 -9999 -9999 -9999 -9999 -9999 14.83 14.57 13.78 -9999 13.92 -9999 12.87 11.30 10.11 8.56 8.95 15.76 14.58 15.45 20.08 11.16 12.74 20.23 17.68 16.83 16.45 14.68 12.81 12.18 11.96 11.34 11.26 11.57 12.72 14.02 12.52 13.13 11.67 10.67 12.03 13.64 13.18 12.48 12.69 15.31 18.16 19.33 -9999 -9999 -9999 -9999 -9999 -9999 -9999 -9999 -9999
-9999 -9999 -9999 -9999 -9999 -9999 20.30 18.80 18.21 -9999 -9999 -9999 -9999 -9999 -9999 -9999 -9999 -9999 -9999 -9999 -9999 -9999 -9999 -9999 -9999 -9999 16.46 15.05 13.89 -9999 -9999 -9999 12.67 13.06 8.91 10.06 11.87 10.19 10.00 12.66 18.35 18.05 11.39 17.20 19.43 15.71 17.23 15.61 13.95 11.56 11.72 11.40 11.38 11.51 11.86 12.31 12.21 12.53 10.81 11.58 13.14 14.30 14.78 14.56 13.51 13.71 15.69 17.81 -9999 -9999 -9999 -9999 -9999 -9999 -9999 -9999 -9999
-9999 -9999 -9999 -9999 -9999 -9999 -9999 -9999 -9999 -9999 -9999 -9999 -9999 -9999 -9999 -9999 -9999 -9999 -9999 -9999 -9999 -9999 -9999 -9999 -9999 -9999 -9999 -9999 -9999 -9999 -9999 13.85 11.18 10.56 12.64 13.96 14.96 14.79 12.61 13.34 17.17 16.75 14.10 11.63 16.11 17.90 15.74 14.46 13.27 12.25 11.96 12.17 11.55 11.37 11.51 11.51 11.29 10.50 11.77 15.38 13.46 14.39 13.44 13.55 12.48 13.68 15.42 -9999 -9999 -9999 -9999 -9999 -9999 -9999 -9999 -9999 -9999
-9999 -9999 -9999 -9999 -9999 -9999 -9999 -9999 -9999 -9999 -9999 -9999 -9999 -9999 -9999 -9999 -9999 -9999 -9999 -9999 -9999 -9999 -9999 -9999 -9999 -9999 -9999 -9999 -9999 -9999 -9999 12.97 10.71 12.08 15.45 19.02 17.40 13.46 14.93 11.62 12.39 11.63 13.84 14.61 15.87 16.28 15.76 14.14 13.46 12.90 11.97 12.20 11.46 11.40 11.48 11.56 11.28 10.39 11.25 16.45 15.49 13.24 12.75 12.45 12.22 13.53 15.71 -9999 -9999 -9999 -9999 -9999 -9999 -9999 -9999 -9999 -9999
-9999 -9999 -9999 -9999 -9999 -9999 -9999 -9999 -9999 -9999 -9999 -9999 -9999 -9999 -9999 -9999 -9999 -9999 -9999 -9999 -9999 -9999 -9999 -9999 -9999 -9999 -9999 -9999 -9999 -9999 -9999 11.92 9.91 10.37 14.31 15.93 15.32 14.11 13.50 12.38 13.13 11.59 11.51 12.54 10.71 16.08 14.20 15.47 13.79 13.35 11.79 11.48 11.60 11.49 11.55 11.48 11.38 10.93 10.78 13.61 14.77 13.55 12.62 12.50 12.20 13.26 15.15 -9999 -9999 -9999 -9999 -9999 -9999 -9999 -9999 -9999 -9999
-9999 -9999 -9999 -9999 -9999 -9999 -9999 -9999 -9999 -9999 -9999 -9999 -9999 -9999 -9999 -9999 -9999 -9999 -9999 -9999 -9999 -9999 -9999 -9999 -9999 -9999 -9999 -9999 -9999 15.71 13.47 10.96 9.59 13.06 15.56 19.23 14.91 16.78 10.61 12.05 11.99 13.37 14.15 13.74 16.22 11.85 12.22 12.26 12.18 11.61 12.66 11.50 11.44 11.82 11.46 11.43 11.55 11.20 11.12 11.65 14.06 13.37 12.46 12.25 12.19 12.65 14.19 16.10 -9999 -9999 -9999 -9999 -9999 -9999 -9999 -9999 -9999
-9999 -9999 -9999 -9999 -9999 -9999 -9999 -9999 -9999 -9999 -9999 -9999 -9999 -9999 -9999 -9999 -9999 -9999 -9999 -9999 -9999 -9999 -9999 -9999 -9999 -9999 -9999 -9999 -9999 14.68 12.29 10.84 10.10 10.81 14.78 12.06 11.73 9.59 11.65 15.51 12.44 14.47 13.72 15.27 11.01 15.92 13.13 14.60 14.06 14.04 12.51 11.96 11.53 11.34 11.32 11.43 11.45 11.42 11.19 11.18 12.11 13.71 12.89 12.20 12.24 12.15 13.13 15.17 -9999 -9999 -9999 -9999 -9999 -9999 -9999 -9999 -9999
-9999 -9999 -9999 -9999 -9999 -9999 -9999 -9999 -9999 -9999 -9999 -9999 -9999 -9999 -9999 -9999 -9999 -9999 -9999 -9999 -9999 -9999 -9999 -9999 -9999 -9999 -9999 -9999 -9999 14.64 12.10 11.20 10.67 11.08 11.96 12.31 10.97 9.76 11.65 12.08 11.29 13.64 16.66 13.63 13.02 11.32 13.59 11.42 12.21 13.04 13.45 12.30 11.91 11.30 11.26 11.42 11.48 11.47 11.37 11.16 11.62 13.26 14.15 12.72 12.10 12.02 12.29 13.72 15.68 -9999 -9999 -9999 -9999 -9999 -9999 -9999 -9999
-9999 -9999 -9999 -9999 -9999 -9999 -9999 -9999 -9999 -9999 -9999 -9999 -9999 -9999 -9999 -9999 -9999 -9999 -9999 -9999 -9999 -9999 -9999 -9999 -9999 -9999 -9999 -9999 -9999 14.23 12.25 11.61 11.52 11.22 11.01 10.66 11.44 12.67 9.75 9.77 11.14 16.78 16.80 18.01 16.13 13.54 13.16 13.74 11.92 11.15 12.55 13.07 11.80 11.27 11.32 11.22 11.40 11.55 11.68 11.47 11.59 13.74 15.24 13.69 12.98 12.74 12.22 12.52 14.31 16.15 -9999 -9999 -9999 -9999 -9999 -9999 -9999
-9999 -9999 -9999 -9999 -9999 -9999 -9999 -9999 -9999 -9999 -9999 -9999 -9999 -9999 -9999 -9999 -9999 -9999 -9999 -9999 -9999 -9999 -9999 -9999 -9999 -9999 -9999 -9999 -9999 14.22 12.01 11.43 11.13 10.65 10.00 10.67 10.08 11.39 12.10 14.37 16.17 17.38 14.11 16.27 14.43 14.16 12.30 13.90 13.11 12.08 11.31 11.14 11.40 11.16 11.27 11.36 11.56 11.68 11.95 12.11 12.25 12.91 14.27 13.88 13.26 13.20 13.06 12.70 12.89 14.88 -9999 -9999 -9999 -9999 -9999 -9999 -9999
-9999 -9999 -9999 -9999 -9999 -9999 -9999 -9999 -9999 -9999 -9999 -9999 -9999 -9999 -9999 -9999 -9999 -9999 -9999 -9999 -9999 -9999 -9999 -9999 -9999 -9999 -9999 -9999 -9999 -9999 12.01 11.46 10.87 9.94 10.36 12.59 12.63 13.52 12.09 11.84 14.54 14.38 16.18 15.13 12.64 10.77 11.50 11.36 12.90 11.81 11.45 12.14 11.78 11.05 11.37 11.32 11.54 11.57 11.81 12.19 12.52 12.89 12.85 13.14 13.35 13.58 -9999 13.42 13.84 15.00 17.11 -9999 -9999 -9999 -9999 -9999 -9999
-9999 -9999 -9999 -9999 -9999 -9999 -9999 -9999 -9999 -9999 -9999 -9999 -9999 -9999 -9999 -9999 -9999 -9999 -9999 -9999 -9999 -9999 -9999 -9999 -9999 -9999 -9999 -9999 -9999 13.86 11.86 11.23 10.26 9.43 9.55 14.46 15.21 12.73 16.05 15.48 13.14 12.80 17.86 15.57 15.93 12.69 10.50 12.93 11.29 10.58 11.48 11.67 11.20 11.38 11.10 11.15 11.28 11.53 11.48 11.63 13.52 12.72 12.07 13.71 12.85 13.07 13.21 -9999 14.69 15.74 17.44 18.74 -9999 -9999 -9999 -9999 -9999
-9999 -9999 -9999 -9999 -9999 -9999 -9999 -9999 -9999 -9999 -9999 -9999 -9999 -9999 -9999 -9999 -9999 -9999 -9999 -9999 -9999 -9999 -9999 -9999 -9999 -9999 -9999 -9999 -9999 13.43 11.45 10.89 10.15 11.72 10.50 11.97 15.59 11.78 12.20 12.60 10.24 10.19 14.92 14.35 14.34 10.63 13.00 14.16 11.44 12.65 11.66 12.30 11.96 11.43 10.95 10.96 11.06 11.14 11.02 10.97 11.32 11.91 10.89 11.33 12.20 11.66 12.78 13.51 -9999 -9999 -9999 -9999 -9999 -9999 -9999 -9999 -9999
-9999 -9999 -9999 -9999 -9999 -9999 -9999 -9999 -9999 -9999 -9999 -9999 -9999 -9999 -9999 -9999 -9999 -9999 -9999 -9999 -9999 -9999 -9999 -9999 -9999 -9999 -9999 -9999 15.58 12.55 11.05 11.81 11.21 11.25 10.70 11.96 12.23 11.44 11.03 10.42 10.04 10.37 13.69 16.85 17.09 12.02 15.19 14.53 11.68 12.04 10.89 11.64 11.96 11.20 10.71 11.05 11.03 10.97 11.08 10.83 11.06 11.24 11.03 10.84 12.58 11.91 11.92 12.43 14.05 15.75 -9999 -9999 -9999 -9999 -9999 -9999 -9999
-9999 -9999 -9999 -9999 -9999 -9999 -9999 -9999 -9999 -9999 -9999 -9999 -9999 -9999 -9999 -9999 -9999 -9999 -9999 -9999 -9999 -9999 -9999 -9999 -9999 -9999 -9999 -9999 -9999 12.73 11.09 10.91 11.34 13.47 10.87 10.51 10.38 10.79 11.03 10.27 9.78 9.45 9.82 14.64 16.35 17.73 14.70 15.18 13.93 12.61 12.96 10.45 10.59 11.67 10.73 10.81 10.74 10.74 11.01 10.79 10.85 11.23 10.81 10.29 10.52 13.37 12.09 11.69 12.30 13.58 15.20 16.98 -9999 -9999 -9999 -9999 -9999
