ML/MeanWindSpeed_1997-05_Actual.txt
ncols         180
nrows         290
xllcorner     -200000
yllcorner     -200000
cellsize      5000
NODATA_value  -9999
[rows 140 to 174 of 290, columns 79 to 157 of 180]
-9999 -9999 10.36 -9999 -9999 -9999 9.23 9.39 8.30 8.07 8.83 -9999 -9999 9.20 7.83 9.78 10.69 -9999 -9999 -9999 -9999 -9999 8.10 7.25 5.53 5.62 5.38 6.08 6.15 6.62 6.41 4.55 6.91 9.30 9.64 7.39 8.69 9.37 9.75 7.56 7.95 7.82 6.42 4.34 4.12 4.18 1.92 2.65 4.67 6.17 -9999 -9999 -9999 -9999 -9999 -9999 -9999 -9999 -9999 -9999 -9999 -9999 -9999 -9999 -9999 -9999 -9999 -9999 -9999 -9999 -9999 -9999 -9999 -9999 -9999 -9999 -9999 -9999 -9999
-9999 -9999 10.26 9.92 -9999 -9999 -9999 9.22 9.71 9.31 9.44 -9999 -9999 -9999 -9999 9.59 -9999 -9999 -9999 -9999 -9999 -9999 7.07 6.36 5.55 5.99 6.53 6.70 6.41 6.68 6.20 5.35 6.07 9.04 9.39 6.23 10.62 10.27 11.21 8.35 8.21 9.14 6.67 5.01 4.38 2.79 1.47 2.59 4.72 6.30 -9999 -9999 -9999 -9999 -9999 -9999 -9999 -9999 -9999 -9999 -9999 -9999 -9999 -9999 -9999 -9999 -9999 -9999 -9999 -9999 -9999 -9999 -9999 -9999 -9999 -9999 -9999 -9999 -9999
-9999 -9999 -9999 11.01 -9999 -9999 -9999 -9999 9.49 10.25 9.81 -9999 -9999 -9999 -9999 -9999 -9999 -9999 -9999 -9999 -9999 7.71 6.81 6.76 6.40 6.46 7.74 7.69 7.34 7.48 7.02 6.50 5.46 7.11 11.68 11.26 11.01 10.96 9.10 8.20 8.18 6.35 4.29 5.65 5.44 2.63 1.94 3.18 5.06 6.84 7.86 -9999 -9999 -9999 -9999 -9999 -9999 -9999 -9999 -9999 -9999 -9999 -9999 -9999 -9999 -9999 -9999 -9999 -9999 -9999 -9999 -9999 -9999 -9999 -9999 -9999 -9999 -9999 -9999
-9999 -9999 -9999 11.90 -9999 -9999 -9999 -9999 -9999 -9999 -9999 -9999 -9999 -9999 -9999 -9999 -9999 -9999 -9999 -9999 -9999 7.76 6.36 5.44 4.38 4.20 10.76 8.61 7.64 9.38 7.28 7.94 4.27 5.00 10.13 13.07 10.39 9.00 12.33 13.86 12.32 9.85 8.04 4.33 4.26 3.61 4.14 4.06 5.33 7.38 8.08 8.26 -9999 -9999 -9999 -9999 -9999 -9999 -9999 -9999 -9999 -9999 -9999 -9999 -9999 -9999 -9999 -9999 -9999 -9999 -9999 -9999 -9999 -9999 -9999 -9999 -9999 -9999 -9999
-9999 -9999 -9999 -9999 -9999 -9999 -9999 -9999 -9999 -9999 -9999 -9999 -9999 -9999 -9999 -9999 -9999 -9999 -9999 -9999 8.09 7.19 5.83 4.94 7.31 4.04 14.73 13.68 7.35 8.27 7.38 6.78 6.52 4.51 6.50 13.96 13.55 11.67 10.11 9.09 10.69 9.92 8.47 6.37 5.06 4.45 4.16 4.64 6.25 6.79 6.84 7.28 -9999 -9999 -9999 -9999 -9999 -9999 -9999 -9999 -9999 -9999 -9999 -9999 -9999 -9999 -9999 -9999 -9999 -9999 -9999 -9999 -9999 -9999 -9999 -9999 -9999 -9999 -9999
-9999 -9999 -9999 -9999 -9999 -9999 -9999 -9999 -9999 -9999 -9999 -9999 -9999 -9999 -9999 -9999 -9999 -9999 -9999 -9999 7.22 7.58 5.02 6.59 12.93 7.07 5.37 10.17 10.36 8.36 7.80 7.35 6.82 5.63 6.50 9.04 15.83 13.14 11.70 9.78 9.39 8.89 6.88 6.14 5.77 6.30 5.22 6.17 6.06 6.39 6.00 6.10 6.57 6.95 7.14 -9999 -9999 -9999 -9999 -9999 -9999 -9999 -9999 -9999 -9999 -9999 -9999 -9999 -9999 -9999 -9999 -9999 -9999 -9999 -9999 -9999 -9999 -9999 -9999
-9999 -9999 -9999 -9999 -9999 -9999 -9999 -9999 -9999 -9999 -9999 -9999 -9999 -9999 -9999 -9999 -9999 -9999 -9999 -9999 7.21 6.83 6.22 9.14 6.22 5.88 7.57 11.55 8.56 7.39 10.25 6.11 8.07 6.87 6.80 7.52 10.32 11.57 10.90 9.95 9.29 7.36 7.01 6.21 5.64 5.47 5.78 5.78 6.09 5.55 5.20 5.14 7.47 6.17 7.16 8.05 8.07 -9999 -9999 -9999 -9999 -9999 -9999 -9999 -9999 -9999 -9999 -9999 -9999 -9999 -9999 -9999 -9999 -9999 -9999 -9999 -9999 -9999 -9999
-9999 -9999 -9999 -9999 -9999 -9999 -9999 -9999 -9999 -9999 -9999 -9999 -9999 -9999 -9999 -9999 -9999 -9999 -9999 -9999 7.31 6.86 7.71 12.17 13.48 9.33 6.20 8.33 9.26 11.28 7.54 10.25 8.62 7.67 7.77 7.72 6.79 7.38 10.63 9.75 8.82 8.09 7.14 6.54 6.55 6.52 6.05 6.15 5.84 5.18 5.16 4.87 5.52 7.67 7.35 7.63 8.85 8.94 7.52 -9999 -9999 -9999 -9999 -9999 -9999 -9999 -9999 -9999 -9999 -9999 -9999 -9999 -9999 -9999 -9999 -9999 -9999 -9999 -9999
-9999 -9999 -9999 -9999 -9999 -9999 -9999 -9999 -9999 -9999 -9999 -9999 -9999 -9999 -9999 -9999 -9999 -9999 -9999 -9999 7.87 6.78 8.60 9.84 6.59 16.35 13.49 8.43 10.40 8.36 11.92 12.25 8.88 7.22 7.36 7.11 5.59 11.97 10.91 10.50 10.76 10.82 9.95 7.16 8.08 7.08 6.69 6.54 6.17 5.71 5.04 4.25 4.97 7.25 6.49 6.24 6.92 8.08 6.83 9.18 -9999 -9999 -9999 -9999 -9999 -9999 -9999 -9999 -9999 -9999 -9999 -9999 -9999 -9999 -9999 -9999 -9999 -9999 -9999
-9999 -9999 -9999 -9999 -9999 -9999 -9999 -9999 9.13 9.53 10.24 -9999 -9999 -9999 -9999 -9999 -9999 -9999 -9999 -9999 -9999 7.94 7.22 6.34 8.26 10.56 13.28 8.42 6.33 10.68 10.53 9.31 7.77 8.99 8.55 6.58 6.91 9.62 10.29 13.31 12.14 10.08 9.45 9.86 8.58 7.51 7.08 6.69 6.41 5.51 4.69 7.97 7.37 10.25 10.77 9.85 8.80 6.54 8.78 9.19 8.36 -9999 -9999 -9999 -9999 -9999 -9999 -9999 -9999 -9999 -9999 -9999 -9999 -9999 -9999 -9999 -9999 -9999 -9999
-9999 -9999 -9999 -9999 -9999 -9999 -9999 -9999 7.48 7.92 -9999 -9999 -9999 -9999 -9999 -9999 -9999 -9999 -9999 -9999 -9999 -9999 6.94 5.08 8.93 10.16 16.42 9.18 9.46 9.41 7.88 6.94 6.60 5.97 12.20 6.78 7.58 12.17 10.50 8.26 7.77 11.43 8.09 10.33 8.61 7.56 6.98 6.73 6.02 6.04 7.62 8.36 7.96 7.97 7.60 8.53 9.20 8.68 8.93 8.73 10.29 -9999 -9999 -9999 -9999 -9999 -9999 -9999 -9999 -9999 -9999 -9999 -9999 -9999 -9999 -9999 -9999 -9999 -9999
-9999 -9999 -9999 -9999 -9999 -9999 -9999 7.00 9.42 9.52 9.31 -9999 -9999 -9999 -9999 -9999 -9999 -9999 -9999 -9999 -9999 -9999 6.71 8.39 9.56 10.68 8.82 9.41 7.69 7.67 7.10 6.57 7.76 6.26 4.86 11.97 8.68 8.32 11.23 9.76 12.04 9.55 9.78 8.56 8.19 7.64 7.47 6.72 5.96 6.70 7.86 7.25 8.30 9.40 8.96 9.27 8.77 8.89 9.29 8.10 10.22 8.95 -9999 -9999 -9999 -9999 -9999 -9999 -9999 -9999 -9999 -9999 -9999 -9999 -9999 -9999 -9999 -9999 -9999
-9999 -9999 -9999 -9999 -9999 -9999 5.86 9.50 11.35 14.28 9.22 -9999 -9999 -9999 -9999 -9999 -9999 -9999 -9999 -9999 -9999 -9999 7.67 11.78 9.88 6.91 8.26 7.45 7.82 6.44 5.85 6.43 7.39 5.60 10.50 8.03 11.07 8.74 12.54 8.00 9.09 7.40 9.22 7.90 8.13 8.10 7.10 6.90 5.91 5.81 8.84 9.47 9.22 8.38 8.46 8.12 7.95 8.12 9.59 9.49 8.88 9.10 -9999 -9999 -9999 -9999 -9999 -9999 -9999 -9999 -9999 -9999 -9999 -9999 -9999 -9999 -9999 -9999 -9999
-9999 -9999 -9999 -9999 -9999 7.14 6.55 12.93 11.29 11.03 -9999 -9999 -9999 -9999 -9999 -9999 -9999 -9999 -9999 -9999 -9999 -9999 -9999 8.70 7.32 6.63 8.59 6.55 8.30 6.63 5.96 5.73 6.24 5.01 10.16 10.15 11.32 10.58 11.29 11.34 11.21 9.92 9.48 9.66 9.08 7.38 7.04 6.70 5.74 5.60 6.86 10.92 9.82 7.68 7.06 7.00 6.73 6.85 6.97 6.99 6.60 7.13 8.22 8.78 -9999 -9999 -9999 -9999 -9999 -9999 -9999 -9999 -9999 -9999 -9999 -9999 -9999 -9999 -9999
-9999 -9999 -9999 -9999 -9999 9.23 10.76 8.61 9.81 10.14 -9999 -9999 -9999 -9999 -9999 -9999 -9999 -9999 -9999 -9999 -9999 -9999 -9999 -9999 7.60 7.78 7.40 6.65 7.75 7.02 6.73 6.30 6.74 4.89 10.20 9.57 9.00 10.89 9.49 8.83 12.39 12.14 9.12 10.56 9.43 8.77 7.05 6.50 5.99 5.77 6.45 7.62 7.86 7.13 6.83 6.58 6.50 6.22 6.23 6.21 6.18 8.42 8.57 8.29 -9999 -9999 -9999 -9999 -9999 -9999 -9999 -9999 -9999 -9999 -9999 -9999 -9999 -9999 -9999
-9999 -9999 -9999 -9999 -9999 10.05 9.23 10.01 9.53 -9999 -9999 -9999 -9999 -9999 -9999 -9999 -9999 -9999 -9999 -9999 -9999 -9999 -9999 -9999 8.06 8.28 8.08 -9999 7.81 -9999 6.94 6.15 5.46 4.52 5.47 9.96 9.26 9.87 12.72 6.94 7.96 12.62 10.89 10.20 9.80 8.58 7.33 7.02 7.04 6.53 6.54 7.00 7.65 8.15 6.96 7.22 6.12 5.36 6.28 7.35 6.98 6.56 6.61 8.02 9.50 9.97 -9999 -9999 -9999 -9999 -9999 -9999 -9999 -9999 -9999 -9999 -9999 -9999 -9999
-9999 -9999 -9999 -9999 9.71 9.30 9.19 -9999 -9999 -9999 -9999 -9999 -9999 -9999 -9999 -9999 -9999 -9999 -9999 -9999 -9999 -9999 -9999 -9999 8.78 8.33 7.82 -9999 -9999 -9999 6.68 7.08 4.37 5.08 6.89 6.35 6.15 8.08 11.91 11.62 7.31 11.04 12.27 9.65 10.54 9.31 8.15 6.69 6.89 6.64 6.58 6.77 7.03 7.08 6.75 6.79 5.46 5.73 6.76 7.68 8.11 8.05 7.32 7.18 8.02 8.99 -9999 -9999 -9999 -9999 -9999 -9999 -9999 -9999 -9999 -9999 -9999 -9999 -9999
-9999 -9999 -9999 -9999 -9999 -9999 -9999 -9999 -9999 -9999 -9999 -9999 -9999 -9999 -9999 -9999 -9999 -9999 -9999 -9999 -9999 -9999 -9999 -9999 -9999 -9999 -9999 -9999 -9999 7.23 5.61 5.36 6.51 7.34 8.51 8.93 7.75 8.58 11.27 10.78 9.04 7.68 10.30 11.18 9.77 8.66 7.71 7.07 6.99 7.09 6.62 6.51 6.64 6.55 6.23 5.56 6.17 8.33 7.18 7.94 7.41 7.48 6.67 7.17 7.92 -9999 -9999 -9999 -9999 -9999 -9999 -9999 -9999 -9999 -9999 -9999 -9999 -9999 -9999
-9999 -9999 -9999 -9999 -9999 -9999 -9999 -9999 -9999 -9999 -9999 -9999 -9999 -9999 -9999 -9999 -9999 -9999 -9999 -9999 -9999 -9999 -9999 -9999 -9999 -9999 -9999 -9999 -9999 6.67 5.37 6.32 8.40 10.87 10.23 7.90 8.92 7.27 8.08 7.33 8.57 9.22 10.14 10.13 9.72 8.57 7.94 7.45 6.84 6.97 6.42 6.33 6.36 6.40 6.16 5.47 5.95 9.30 8.75 7.29 6.98 6.75 6.44 6.97 7.92 -9999 -9999 -9999 -9999 -9999 -9999 -9999 -9999 -9999 -9999 -9999 -9999 -9999 -9999
-9999 -9999 -9999 -9999 -9999 -9999 -9999 -9999 -9999 -9999 -9999 -9999 -9999 -9999 -9999 -9999 -9999 -9999 -9999 -9999 -9999 -9999 -9999 -9999 -9999 -9999 -9999 -9999 -9999 6.17 5.03 5.63 8.60 9.79 9.59 8.82 8.02 7.33 8.13 6.93 6.76 7.54 6.59 10.00 8.58 9.25 8.05 7.65 6.59 6.36 6.34 6.24 6.28 6.24 6.15 5.80 5.79 7.79 8.42 7.43 6.79 6.66 6.36 6.76 7.48 -9999 -9999 -9999 -9999 -9999 -9999 -9999 -9999 -9999 -9999 -9999 -9999 -9999 -9999
-9999 -9999 -9999 -9999 -9999 -9999 -9999 -9999 -9999 -9999 -9999 -9999 -9999 -9999 -9999 -9999 -9999 -9999 -9999 -9999 -9999 -9999 -9999 -9999 -9999 -9999 -9999 8.41 7.21 5.70 4.87 7.61 9.76 12.34 9.57 10.54 6.19 6.86 6.85 7.52 8.17 8.10 9.88 7.37 7.36 7.20 7.03 6.50 7.02 6.21 6.11 6.36 6.15 6.16 6.25 5.98 6.01 6.62 8.02 7.21 6.46 6.34 6.29 6.42 6.93 7.77 -9999 -9999 -9999 -9999 -9999 -9999 -9999 -9999 -9999 -9999 -9999 -9999 -9999
-9999 -9999 -9999 -9999 -9999 -9999 -9999 -9999 -9999 -9999 -9999 -9999 -9999 -9999 -9999 -9999 -9999 -9999 -9999 -9999 -9999 -9999 -9999 -9999 -9999 -9999 -9999 7.91 6.65 5.76 5.35 6.20 9.28 7.70 7.13 5.59 6.77 8.96 6.81 7.96 7.62 8.79 6.19 9.55 7.81 8.72 8.32 8.11 6.92 6.45 6.17 6.08 6.07 6.17 6.20 6.15 5.99 6.14 6.74 7.47 6.70 6.28 6.34 6.19 6.38 7.37 -9999 -9999 -9999 -9999 -9999 -9999 -9999 -9999 -9999 -9999 -9999 -9999 -9999
-9999 -9999 -9999 -9999 -9999 -9999 -9999 -9999 -9999 -9999 -9999 -9999 -9999 -9999 -9999 -9999 -9999 -9999 -9999 -9999 -9999 -9999 -9999 -9999 -9999 -9999 -9999 7.95 6.61 6.10 5.79 6.44 7.59 7.62 6.36 5.50 6.48 6.63 6.06 7.67 9.70 7.82 7.58 6.59 7.91 6.49 6.87 7.35 7.57 6.74 6.45 6.09 6.06 6.17 6.21 6.19 6.06 5.90 6.26 7.23 7.60 6.65 6.26 6.08 6.00 6.66 7.64 -9999 -9999 -9999 -9999 -9999 -9999 -9999 -9999 -9999 -9999 -9999 -9999
-9999 -9999 -9999 -9999 -9999 -9999 -9999 -9999 -9999 -9999 -9999 -9999 -9999 -9999 -9999 -9999 -9999 -9999 -9999 -9999 -9999 -9999 -9999 -9999 -9999 -9999 -9999 7.76 6.76 6.40 6.34 6.35 6.40 6.11 6.40 6.97 5.32 5.46 6.09 9.86 10.05 10.71 9.66 8.09 7.73 8.02 6.80 6.28 7.13 7.34 6.41 6.07 6.11 6.07 6.19 6.26 6.26 6.00 6.07 7.55 8.36 7.21 6.67 6.44 6.00 6.11 7.04 7.99 -9999 -9999 -9999 -9999 -9999 -9999 -9999 -9999 -9999 -9999 -9999
-9999 -9999 -9999 -9999 -9999 -9999 -9999 -9999 -9999 -9999 -9999 -9999 -9999 -9999 -9999 -9999 -9999 -9999 -9999 -9999 -9999 -9999 -9999 -9999 -9999 -9999 -9999 7.78 6.65 6.33 6.12 5.83 5.48 5.74 5.19 6.05 6.86 8.34 9.49 10.71 8.64 9.81 8.49 8.26 7.01 8.01 7.49 6.87 6.35 6.16 6.21 6.01 6.12 6.19 6.31 6.36 6.46 6.43 6.46 7.03 7.84 7.29 6.77 6.68 6.53 6.29 6.40 7.47 -9999 -9999 -9999 -9999 -9999 -9999 -9999 -9999 -9999 -9999 -9999
-9999 -9999 -9999 -9999 -9999 -9999 -9999 -9999 -9999 -9999 -9999 -9999 -9999 -9999 -9999 -9999 -9999 -9999 -9999 -9999 -9999 -9999 -9999 -9999 -9999 -9999 -9999 -9999 6.67 6.35 5.91 5.26 5.53 6.91 7.04 7.75 6.97 6.97 8.95 9.20 10.13 9.30 7.64 6.24 6.52 6.29 7.17 6.47 6.29 6.78 6.51 6.00 6.25 6.22 6.35 6.36 6.44 6.60 6.71 7.04 7.09 6.97 6.88 6.95 -9999 6.80 7.03 7.69 8.86 -9999 -9999 -9999 -9999 -9999 -9999 -9999 -9999 -9999 -9999
-9999 -9999 -9999 -9999 -9999 -9999 -9999 -9999 -9999 -9999 -9999 -9999 -9999 -9999 -9999 -9999 -9999 -9999 -9999 -9999 -9999 -9999 -9999 -9999 -9999 -9999 -9999 7.61 6.54 6.13 5.48 4.89 5.05 8.43 9.13 7.75 10.10 9.95 8.45 8.09 11.02 9.29 9.31 7.13 5.58 7.12 6.13 5.63 6.18 6.40 6.12 6.25 6.14 6.19 6.27 6.41 6.32 6.38 7.47 6.90 6.56 7.49 6.79 6.76 6.80 -9999 7.63 8.22 9.15 9.92 -9999 -9999 -9999 -9999 -9999 -9999 -9999 -9999 -9999
-9999 -9999 -9999 -9999 -9999 -9999 -9999 -9999 -9999 -9999 -9999 -9999 -9999 -9999 -9999 -9999 -9999 -9999 -9999 -9999 -9999 -9999 -9999 -9999 -9999 -9999 -9999 7.39 6.32 5.95 5.46 6.47 5.95 7.39 10.01 7.78 8.13 8.43 6.91 6.54 9.26 8.40 7.89 5.31 6.72 7.57 5.93 6.75 6.22 6.82 6.69 6.36 6.11 6.16 6.23 6.28 6.17 6.11 6.34 6.65 5.98 6.30 6.73 6.20 6.72 7.13 -9999 -9999 -9999 -9999 -9999 -9999 -9999 -9999 -9999 -9999 -9999 -9999 -9999
-9999 -9999 -9999 -9999 -9999 -9999 -9999 -9999 -9999 -9999 -9999 -9999 -9999 -9999 -9999 -9999 -9999 -9999 -9999 -9999 -9999 -9999 -9999 -9999 -9999 -9999 8.45 6.83 6.08 6.56 6.22 6.39 6.31 7.74 8.38 7.83 7.48 7.15 6.79 6.66 8.73 10.37 9.78 6.02 7.95 7.63 5.90 6.21 5.67 6.39 6.74 6.26 6.00 6.26 6.25 6.24 6.29 6.11 6.33 6.43 6.28 6.24 7.23 6.61 6.49 6.72 7.63 8.61 -9999 -9999 -9999 -9999 -9999 -9999 -9999 -9999 -9999 -9999 -9999
-9999 -9999 -9999 -9999 -9999 -9999 -9999 -9999 -9999 -9999 -9999 -9999 -9999 -9999 -9999 -9999 -9999 -9999 -9999 -9999 -9999 -9999 -9999 -9999 -9999 -9999 -9999 6.92 6.08 6.06 6.45 8.05 6.64 6.85 7.08 7.24 7.33 6.81 6.39 6.01 6.31 9.11 9.42 9.75 7.77 8.12 7.38 6.62 7.03 5.63 5.85 6.57 6.04 6.17 6.13 6.13 6.29 6.15 6.29 6.58 6.24 5.97 6.12 7.80 6.87 6.58 6.88 7.65 8.58 9.57 -9999 -9999 -9999 -9999 -9999 -9999 -9999 -9999 -9999
-9999 -9999 -9999 -9999 -9999 -9999 -9999 -9999 -9999 -9999 -9999 -9999 -9999 -9999 -9999 -9999 -9999 -9999 -9999 -9999 -9999 -9999 -9999 -9999 -9999 -9999 -9999 6.84 6.41 6.18 6.44 6.76 6.88 6.77 6.54 6.62 6.27 6.01 5.97 6.00 6.41 5.94 9.33 10.92 11.37 9.33 7.91 7.42 6.34 6.57 6.07 6.98 6.20 6.28 6.15 6.12 6.16 6.17 6.46 6.58 6.30 5.86 6.31 7.96 7.40 7.47 6.66 6.87 7.70 8.77 -9999 -9999 -9999 -9999 -9999 -9999 -9999 -9999 -9999
-9999 -9999 -9999 -9999 -9999 -9999 -9999 10.81 10.14 10.44 11.18 -9999 -9999 -9999 -9999 -9999 -9999 -9999 -9999 -9999 -9999 -9999 -9999 -9999 -9999 -9999 7.13 6.35 6.73 6.39 7.20 6.93 6.40 6.25 6.35 6.26 6.22 5.98 5.87 5.68 5.45 8.11 10.16 10.07 8.42 10.39 9.31 6.74 6.56 5.13 7.44 7.52 6.44 6.36 6.20 6.13 6.17 6.22 6.38 6.74 6.50 5.94 6.09 6.70 8.10 7.87 8.12 6.84 6.91 8.02 9.22 -9999 -9999 -9999 -9999 -9999 -9999 -9999 -9999
-9999 -9999 -9999 -9999 -9999 -9999 -9999 10.37 9.71 9.59 9.84 -9999 -9999 -9999 -9999 -9999 -9999 -9999 -9999 -9999 -9999 -9999 -9999 -9999 -9999 7.20 6.94 6.34 6.64 7.47 6.65 6.64 6.01 6.02 6.21 6.07 6.20 6.18 5.51 4.98 4.75 6.44 11.50 11.71 8.48 9.65 8.78 8.25 5.93 5.26 6.80 7.43 6.74 6.03 6.00 6.11 6.46 6.37 6.33 6.52 6.72 6.24 6.29 6.64 8.08 8.09 7.94 7.07 7.04 7.50 8.78 -9999 -9999 -9999 -9999 -9999 -9999 -9999 -9999
-9999 -9999 -9999 -9999 -9999 12.75 10.37 9.22 9.46 9.30 9.84 9.23 9.81 10.03 -9999 -9999 9.64 8.20 -9999 -9999 -9999 7.13 8.10 7.32 -9999 5.63 7.17 6.59 6.32 6.73 6.35 6.46 6.46 7.02 6.75 6.72 6.02 6.16 5.46 5.30 7.64 5.79 8.40 10.60 6.59 8.00 11.12 6.66 7.83 6.19 6.88 7.19 6.65 6.31 6.27 6.32 6.55 6.25 6.35 6.34 6.86 6.26 6.30 6.69 7.28 7.92 8.60 8.12 7.26 7.22 8.32 9.68 -9999 -9999 -9999 -9999 -9999 -9999 -9999
-9999 -9999 -9999 -9999 -9999 -9999 10.76 9.73 9.31 8.96 8.92 9.29 9.82 7.19 -9999 6.04 7.61 8.36 7.27 7.97 5.44 4.96 8.40 8.18 6.81 -9999 5.47 6.70 6.63 6.06 6.05 6.56 6.11 6.21 6.32 6.22 6.30 5.91 5.86 5.48 7.97 8.61 9.00 9.41 8.48 10.18 10.06 8.10 6.39 6.02 7.52 7.63 6.46 6.72 6.34 6.74 6.83 6.39 6.32 6.28 6.92 6.40 6.49 6.76 6.94 7.72 8.30 8.73 8.04 7.52 8.02 9.31 -9999 -9999 -9999 -9999 -9999 -9999 -9999
