ML/MeanWindSpeed_1997-03_Actual.txt
ncols         180
nrows         290
xllcorner     -200000
yllcorner     -200000
cellsize      5000
NODATA_value  -9999
[rows 140 to 174 of 290, columns 78 to 155 of 180]
-9999 -9999 -9999 14.08 -9999 -9999 -9999 12.56 13.06 11.77 11.52 11.97 -9999 -9999 12.01 10.31 13.01 14.07 -9999 -9999 -9999 -9999 -9999 11.51 10.64 8.47 8.61 8.23 8.99 8.91 9.80 10.19 8.22 11.06 14.81 16.85 13.63 15.51 16.03 15.86 12.50 12.47 11.92 9.65 6.44 5.86 6.12 3.29 4.26 6.97 9.09 -9999 -9999 -9999 -9999 -9999 -9999 -9999 -9999 -9999 -9999 -9999 -9999 -9999 -9999 -9999 -9999 -9999 -9999 -9999 -9999 -9999 -9999 -9999 -9999 -9999 -9999 -9999
-9999 -9999 -9999 13.80 13.77 -9999 -9999 -9999 12.66 13.60 13.13 13.08 -9999 -9999 -9999 -9999 12.28 -9999 -9999 -9999 -9999 -9999 -9999 10.42 9.84 9.10 9.79 10.58 10.58 9.83 10.19 9.81 9.35 10.13 14.46 16.93 12.84 18.41 17.19 17.64 13.19 12.47 13.38 9.66 6.99 5.74 3.98 2.82 4.19 6.77 9.20 -9999 -9999 -9999 -9999 -9999 -9999 -9999 -9999 -9999 -9999 -9999 -9999 -9999 -9999 -9999 -9999 -9999 -9999 -9999 -9999 -9999 -9999 -9999 -9999 -9999 -9999 -9999
-9999 -9999 -9999 -9999 15.25 -9999 -9999 -9999 -9999 13.18 14.27 13.69 -9999 -9999 -9999 -9999 -9999 -9999 -9999 -9999 -9999 -9999 11.18 10.38 10.77 10.87 11.02 12.49 12.13 11.27 11.29 10.80 11.05 10.32 12.66 20.29 20.34 18.94 17.58 13.82 11.95 11.52 8.83 5.91 7.62 7.28 3.76 3.35 4.90 7.10 9.82 11.48 -9999 -9999 -9999 -9999 -9999 -9999 -9999 -9999 -9999 -9999 -9999 -9999 -9999 -9999 -9999 -9999 -9999 -9999 -9999 -9999 -9999 -9999 -9999 -9999 -9999 -9999
-9999 -9999 -9999 -9999 16.44 -9999 -9999 -9999 -9999 -9999 -9999 -9999 -9999 -9999 -9999 -9999 -9999 -9999 -9999 -9999 -9999 -9999 11.38 9.89 9.04 8.36 7.83 15.96 12.98 11.56 13.70 10.88 12.60 9.03 10.45 17.82 22.39 17.51 14.36 18.30 19.67 17.00 13.14 10.56 5.44 5.67 5.17 6.26 5.91 7.35 10.46 11.78 11.96 -9999 -9999 -9999 -9999 -9999 -9999 -9999 -9999 -9999 -9999 -9999 -9999 -9999 -9999 -9999 -9999 -9999 -9999 -9999 -9999 -9999 -9999 -9999 -9999 -9999
-9999 -9999 -9999 -9999 -9999 -9999 -9999 -9999 -9999 -9999 -9999 -9999 -9999 -9999 -9999 -9999 -9999 -9999 -9999 -9999 -9999 11.32 10.54 9.21 8.16 11.82 6.89 20.71 19.26 10.62 11.66 10.55 10.03 10.99 8.93 11.21 21.24 19.24 16.13 14.15 12.76 14.88 13.56 11.46 8.52 6.76 6.29 6.07 6.46 8.49 9.46 9.94 10.78 -9999 -9999 -9999 -9999 -9999 -9999 -9999 -9999 -9999 -9999 -9999 -9999 -9999 -9999 -9999 -9999 -9999 -9999 -9999 -9999 -9999 -9999 -9999 -9999 -9999
-9999 -9999 -9999 -9999 -9999 -9999 -9999 -9999 -9999 -9999 -9999 -9999 -9999 -9999 -9999 -9999 -9999 -9999 -9999 -9999 -9999 10.33 11.16 8.23 10.52 19.19 10.98 7.09 13.27 14.30 11.43 10.71 9.91 9.67 8.77 8.27 9.58 19.29 16.56 15.22 12.56 12.02 11.68 9.28 8.54 8.15 8.86 7.23 8.53 8.33 8.97 8.91 9.39 10.07 10.59 10.68 -9999 -9999 -9999 -9999 -9999 -9999 -9999 -9999 -9999 -9999 -9999 -9999 -9999 -9999 -9999 -9999 -9999 -9999 -9999 -9999 -9999 -9999
-9999 -9999 -9999 -9999 -9999 -9999 -9999 -9999 -9999 -9999 -9999 -9999 -9999 -9999 -9999 -9999 -9999 -9999 -9999 -9999 -9999 10.30 10.06 9.66 13.80 9.36 9.42 10.93 15.60 11.70 9.72 13.63 7.67 10.43 9.23 8.81 7.78 11.20 14.05 14.03 13.12 12.15 9.41 9.28 8.46 7.82 7.53 7.98 8.11 8.66 8.24 8.24 8.50 11.85 10.04 11.19 12.05 11.74 -9999 -9999 -9999 -9999 -9999 -9999 -9999 -9999 -9999 -9999 -9999 -9999 -9999 -9999 -9999 -9999 -9999 -9999 -9999 -9999
-9999 -9999 -9999 -9999 -9999 -9999 -9999 -9999 -9999 -9999 -9999 -9999 -9999 -9999 -9999 -9999 -9999 -9999 -9999 -9999 -9999 10.26 9.88 11.03 17.16 18.55 13.81 9.85 11.12 11.96 14.72 8.99 12.85 10.74 9.84 10.45 9.52 7.22 8.20 13.63 13.27 12.16 10.95 9.73 9.08 9.02 8.88 8.35 8.67 8.51 7.98 8.50 8.51 9.38 12.31 11.69 11.77 13.10 12.95 10.79 -9999 -9999 -9999 -9999 -9999 -9999 -9999 -9999 -9999 -9999 -9999 -9999 -9999 -9999 -9999 -9999 -9999 -9999
-9999 -9999 -9999 -9999 -9999 -9999 -9999 -9999 -9999 -9999 -9999 -9999 -9999 -9999 -9999 -9999 -9999 -9999 -9999 -9999 -9999 10.62 9.21 11.68 13.40 8.45 22.19 18.53 10.00 12.55 9.95 14.11 14.96 10.62 8.91 10.06 10.40 7.72 16.17 14.67 14.40 15.07 15.32 14.09 10.17 11.36 9.87 9.38 9.27 9.02 8.80 8.39 7.50 8.16 10.92 9.67 9.22 10.19 11.85 10.02 13.04 -9999 -9999 -9999 -9999 -9999 -9999 -9999 -9999 -9999 -9999 -9999 -9999 -9999 -9999 -9999 -9999 -9999
-9999 -9999 -9999 -9999 -9999 -9999 -9999 -9999 -9999 13.81 14.61 15.37 -9999 -9999 -9999 -9999 -9999 -9999 -9999 -9999 -9999 -9999 10.11 8.75 7.34 9.96 12.52 16.27 9.15 6.16 12.01 11.14 10.30 9.01 11.18 11.45 9.90 10.63 13.60 13.67 17.83 16.42 13.78 13.03 13.63 11.78 10.39 9.94 9.53 9.51 8.69 7.95 12.63 11.18 14.53 14.94 13.53 12.23 9.30 12.70 13.08 11.69 -9999 -9999 -9999 -9999 -9999 -9999 -9999 -9999 -9999 -9999 -9999 -9999 -9999 -9999 -9999 -9999
-9999 -9999 -9999 -9999 -9999 -9999 -9999 -9999 -9999 11.40 12.21 -9999 -9999 -9999 -9999 -9999 -9999 -9999 -9999 -9999 -9999 -9999 -9999 8.66 5.86 10.49 11.14 20.07 11.05 11.19 10.08 7.63 6.81 7.53 7.46 16.68 9.70 10.84 16.25 13.31 10.13 9.46 14.58 10.19 13.53 11.41 10.17 9.64 9.54 9.04 9.43 11.87 12.80 11.60 10.87 10.20 11.49 12.66 12.05 12.43 12.07 14.31 -9999 -9999 -9999 -9999 -9999 -9999 -9999 -9999 -9999 -9999 -9999 -9999 -9999 -9999 -9999 -9999
-9999 -9999 -9999 -9999 -9999 -9999 -9999 -9999 10.72 13.82 13.55 13.13 -9999 -9999 -9999 -9999 -9999 -9999 -9999 -9999 -9999 -9999 -9999 9.25 11.13 11.99 12.27 9.85 11.97 9.77 9.11 7.88 7.10 9.29 7.67 6.00 16.11 11.17 10.06 14.33 12.08 15.39 12.11 12.56 10.95 10.70 10.27 10.21 9.36 8.80 10.08 11.37 10.13 10.90 11.79 11.20 11.73 11.52 11.83 12.09 10.42 13.72 12.28 -9999 -9999 -9999 -9999 -9999 -9999 -9999 -9999 -9999 -9999 -9999 -9999 -9999 -9999 -9999
-9999 -9999 -9999 -9999 -9999 -9999 -9999 9.59 14.40 16.20 19.78 12.68 -9999 -9999 -9999 -9999 -9999 -9999 -9999 -9999 -9999 -9999 -9999 10.54 15.39 12.20 7.48 9.49 9.18 10.11 8.06 7.19 8.25 9.55 6.66 13.64 10.24 13.88 10.45 15.89 9.67 11.31 9.19 11.87 10.20 10.66 10.96 9.68 9.51 8.68 8.68 11.96 12.23 11.56 10.12 10.28 9.84 9.95 10.38 12.19 12.18 11.64 12.49 -9999 -9999 -9999 -9999 -9999 -9999 -9999 -9999 -9999 -9999 -9999 -9999 -9999 -9999 -9999
-9999 -9999 -9999 -9999 -9999 -9999 10.89 10.30 18.25 14.64 13.91 -9999 -9999 -9999 -9999 -9999 -9999 -9999 -9999 -9999 -9999 -9999 -9999 -9999 10.45 8.33 7.97 10.79 8.21 10.67 8.60 7.95 7.71 8.59 6.90 13.82 13.40 14.63 13.93 15.07 15.02 14.98 13.32 12.70 12.92 12.24 10.07 9.75 9.51 8.83 8.52 9.08 14.04 12.50 9.42 8.77 8.84 8.49 8.57 8.59 8.96 8.79 9.91 11.60 12.21 -9999 -9999 -9999 -9999 -9999 -9999 -9999 -9999 -9999 -9999 -9999 -9999 -9999
-9999 -9999 -9999 -9999 -9999 -9999 13.59 15.32 10.92 11.29 11.98 -9999 -9999 -9999 -9999 -9999 -9999 -9999 -9999 -9999 -9999 -9999 -9999 -9999 -9999 9.20 10.19 9.51 8.60 9.98 9.25 9.23 8.62 9.37 6.90 13.69 12.54 11.41 14.10 12.87 12.03 17.05 16.81 12.47 14.35 12.84 12.10 9.89 9.35 9.14 8.72 8.68 9.60 10.06 9.21 9.12 8.93 8.81 8.37 8.16 8.27 8.61 12.04 12.30 11.77 -9999 -9999 -9999 -9999 -9999 -9999 -9999 -9999 -9999 -9999 -9999 -9999 -9999
-9999 -9999 -9999 -9999 -9999 -9999 14.14 12.31 12.75 11.60 -9999 -9999 -9999 -9999 -9999 -9999 -9999 -9999 -9999 -9999 -9999 -9999 -9999 -9999 -9999 10.55 10.78 10.28 -9999 10.16 -9999 9.65 8.46 7.67 6.45 6.52 12.66 11.84 12.36 16.38 8.63 9.85 16.41 14.01 13.17 12.99 11.54 10.03 9.52 9.32 8.86 8.80 8.90 9.88 11.12 9.81 10.37 9.10 8.16 9.32 10.78 10.37 9.72 9.76 11.60 13.36 13.66 -9999 -9999 -9999 -9999 -9999 -9999 -9999 -9999 -9999 -9999 -9999
-9999 -9999 -9999 -9999 -9999 13.50 12.11 11.62 -9999 -9999 -9999 -9999 -9999 -9999 -9999 -9999 -9999 -9999 -9999 -9999 -9999 -9999 -9999 -9999 -9999 11.77 10.83 10.08 -9999 -9999 -9999 9.56 10.17 6.68 7.67 9.00 7.60 7.75 9.96 14.79 14.61 8.60 13.55 15.51 12.16 13.59 12.30 10.98 8.92 9.09 8.86 8.87 8.90 9.16 9.63 9.62 10.01 8.56 9.17 10.54 11.55 11.91 11.62 10.55 10.26 11.21 12.26 -9999 -9999 -9999 -9999 -9999 -9999 -9999 -9999 -9999 -9999 -9999
-9999 -9999 -9999 -9999 -9999 -9999 -9999 -9999 -9999 -9999 -9999 -9999 -9999 -9999 -9999 -9999 -9999 -9999 -9999 -9999 -9999 -9999 -9999 -9999 -9999 -9999 -9999 -9999 -9999 -9999 10.43 8.66 8.45 10.41 11.51 12.12 11.80 9.96 10.46 13.67 13.36 11.04 8.61 12.55 14.14 12.18 11.21 10.34 9.56 9.33 9.56 9.02 8.83 8.89 8.90 8.85 8.35 9.53 12.64 10.83 11.65 10.81 10.86 9.74 10.12 10.76 -9999 -9999 -9999 -9999 -9999 -9999 -9999 -9999 -9999 -9999 -9999 -9999
-9999 -9999 -9999 -9999 -9999 -9999 -9999 -9999 -9999 -9999 -9999 -9999 -9999 -9999 -9999 -9999 -9999 -9999 -9999 -9999 -9999 -9999 -9999 -9999 -9999 -9999 -9999 -9999 -9999 -9999 9.88 8.55 10.07 12.89 15.92 14.30 10.65 11.98 8.80 9.36 8.79 10.85 11.50 12.35 12.76 12.38 10.98 10.53 10.16 9.36 9.58 8.95 8.87 8.93 9.00 8.87 8.33 9.13 13.62 12.65 10.73 10.40 10.15 9.80 10.14 10.88 -9999 -9999 -9999 -9999 -9999 -9999 -9999 -9999 -9999 -9999 -9999 -9999
-9999 -9999 -9999 -9999 -9999 -9999 -9999 -9999 -9999 -9999 -9999 -9999 -9999 -9999 -9999 -9999 -9999 -9999 -9999 -9999 -9999 -9999 -9999 -9999 -9999 -9999 -9999 -9999 -9999 -9999 9.21 7.94 8.35 11.46 12.77 12.13 11.05 10.59 9.46 10.09 8.82 8.71 9.71 7.91 12.64 11.13 12.28 10.82 10.50 9.14 8.89 9.03 8.95 9.00 8.95 8.93 8.74 8.68 11.09 12.15 11.21 10.56 10.56 10.17 10.18 10.36 -9999 -9999 -9999 -9999 -9999 -9999 -9999 -9999 -9999 -9999 -9999 -9999
-9999 -9999 -9999 -9999 -9999 -9999 -9999 -9999 -9999 -9999 -9999 -9999 -9999 -9999 -9999 -9999 -9999 -9999 -9999 -9999 -9999 -9999 -9999 -9999 -9999 -9999 -9999 -9999 11.66 10.25 8.64 7.77 10.67 12.42 15.53 11.67 13.54 8.14 9.51 9.39 10.56 11.09 10.73 12.87 8.87 9.31 9.39 9.38 8.92 9.87 8.86 8.84 9.20 8.89 8.88 9.03 8.88 8.93 9.38 11.63 11.23 10.64 10.60 10.50 9.96 9.41 9.97 -9999 -9999 -9999 -9999 -9999 -9999 -9999 -9999 -9999 -9999 -9999
-9999 -9999 -9999 -9999 -9999 -9999 -9999 -9999 -9999 -9999 -9999 -9999 -9999 -9999 -9999 -9999 -9999 -9999 -9999 -9999 -9999 -9999 -9999 -9999 -9999 -9999 -9999 -9999 11.04 9.54 8.59 8.08 8.55 11.73 9.15 9.15 7.47 9.28 12.84 10.08 11.61 10.90 12.18 8.29 12.63 10.17 11.50 11.10 11.14 9.77 9.27 8.90 8.76 8.75 8.87 8.94 9.03 9.00 9.11 10.05 11.64 11.09 10.63 10.65 9.61 8.43 9.35 -9999 -9999 -9999 -9999 -9999 -9999 -9999 -9999 -9999 -9999 -9999
-9999 -9999 -9999 -9999 -9999 -9999 -9999 -9999 -9999 -9999 -9999 -9999 -9999 -9999 -9999 -9999 -9999 -9999 -9999 -9999 -9999 -9999 -9999 -9999 -9999 -9999 -9999 -9999 11.11 9.46 8.90 8.48 8.67 9.11 9.43 8.55 7.56 9.30 9.81 9.13 11.01 13.59 10.79 10.12 8.61 10.72 8.79 9.56 10.31 10.63 9.58 9.24 8.72 8.70 8.86 8.96 9.06 9.15 9.22 9.76 11.30 12.24 11.07 10.40 9.22 7.91 8.43 9.61 -9999 -9999 -9999 -9999 -9999 -9999 -9999 -9999 -9999 -9999
-9999 -9999 -9999 -9999 -9999 -9999 -9999 -9999 -9999 -9999 -9999 -9999 -9999 -9999 -9999 -9999 -9999 -9999 -9999 -9999 -9999 -9999 -9999 -9999 -9999 -9999 -9999 -9999 10.78 9.58 9.19 9.15 8.85 8.59 8.18 8.97 10.25 7.65 7.74 8.98 13.91 13.73 14.83 13.08 10.71 10.38 10.87 9.26 8.60 9.80 10.24 9.14 8.71 8.78 8.71 8.91 9.11 9.33 9.36 9.56 11.43 12.82 11.46 10.52 9.40 7.95 7.78 8.90 10.03 -9999 -9999 -9999 -9999 -9999 -9999 -9999 -9999 -9999
-9999 -9999 -9999 -9999 -9999 -9999 -9999 -9999 -9999 -9999 -9999 -9999 -9999 -9999 -9999 -9999 -9999 -9999 -9999 -9999 -9999 -9999 -9999 -9999 -9999 -9999 -9999 -9999 10.72 9.32 8.98 8.80 8.47 7.94 8.50 8.05 9.45 10.00 11.97 13.46 14.26 11.08 13.06 11.55 11.40 9.75 11.07 10.34 9.42 8.69 8.51 8.80 8.65 8.78 8.87 9.05 9.19 9.47 9.66 9.83 10.25 11.44 11.06 10.23 9.54 8.76 8.14 8.18 9.49 -9999 -9999 -9999 -9999 -9999 -9999 -9999 -9999 -9999
-9999 -9999 -9999 -9999 -9999 -9999 -9999 -9999 -9999 -9999 -9999 -9999 -9999 -9999 -9999 -9999 -9999 -9999 -9999 -9999 -9999 -9999 -9999 -9999 -9999 -9999 -9999 -9999 -9999 9.31 8.99 8.61 8.01 8.56 10.55 10.53 11.47 10.30 9.93 12.11 11.57 12.87 11.81 9.66 8.19 8.91 8.77 10.23 9.31 8.95 9.49 9.20 8.62 8.94 8.88 9.06 9.12 9.34 9.65 9.90 10.09 9.97 10.18 10.07 9.80 -9999 8.92 9.07 9.83 11.28 -9999 -9999 -9999 -9999 -9999 -9999 -9999 -9999
-9999 -9999 -9999 -9999 -9999 -9999 -9999 -9999 -9999 -9999 -9999 -9999 -9999 -9999 -9999 -9999 -9999 -9999 -9999 -9999 -9999 -9999 -9999 -9999 -9999 -9999 -9999 -9999 10.51 9.23 8.84 8.15 7.72 8.05 12.29 12.84 10.73 13.68 13.02 10.99 10.53 14.77 12.43 12.68 9.93 8.01 10.16 8.80 8.28 9.13 9.25 8.78 9.00 8.77 8.82 8.94 9.13 9.10 9.24 10.85 10.06 9.41 10.75 9.81 9.51 9.30 -9999 9.91 10.52 11.65 12.57 -9999 -9999 -9999 -9999 -9999 -9999 -9999
-9999 -9999 -9999 -9999 -9999 -9999 -9999 -9999 -9999 -9999 -9999 -9999 -9999 -9999 -9999 -9999 -9999 -9999 -9999 -9999 -9999 -9999 -9999 -9999 -9999 -9999 -9999 -9999 10.30 9.05 8.71 8.14 9.73 8.75 9.88 13.02 9.65 10.10 10.50 8.51 8.49 12.42 11.57 11.50 8.27 10.36 11.38 8.99 10.16 9.34 9.89 9.54 9.10 8.71 8.72 8.81 8.87 8.81 8.78 9.03 9.58 8.66 8.94 9.56 8.76 9.25 9.54 -9999 -9999 -9999 -9999 -9999 -9999 -9999 -9999 -9999 -9999 -9999
-9999 -9999 -9999 -9999 -9999 -9999 -9999 -9999 -9999 -9999 -9999 -9999 -9999 -9999 -9999 -9999 -9999 -9999 -9999 -9999 -9999 -9999 -9999 -9999 -9999 -9999 -9999 11.65 9.70 8.88 9.63 9.14 9.27 8.85 9.78 9.94 9.44 9.26 8.80 8.56 9.00 11.66 14.05 14.12 9.53 12.24 11.60 9.16 9.60 8.65 9.33 9.56 8.91 8.54 8.84 8.81 8.77 8.87 8.67 8.80 8.93 8.81 8.58 10.01 9.23 9.01 9.09 10.07 11.12 -9999 -9999 -9999 -9999 -9999 -9999 -9999 -9999 -9999
-9999 -9999 -9999 -9999 -9999 -9999 -9999 -9999 -9999 -9999 -9999 -9999 -9999 -9999 -9999 -9999 -9999 -9999 -9999 -9999 -9999 -9999 -9999 -9999 -9999 -9999 -9999 -9999 9.86 8.85 8.88 9.25 11.18 8.97 8.65 8.60 9.16 9.54 8.99 8.69 8.50 8.46 12.33 13.53 14.63 11.80 12.12 11.11 10.06 10.49 8.28 8.35 9.32 8.58 8.68 8.62 8.60 8.81 8.64 8.67 8.96 8.65 8.24 8.36 10.74 9.44 8.96 9.20 9.97 11.02 12.15 -9999 -9999 -9999 -9999 -9999 -9999 -9999
-9999 -9999 -9999 -9999 -9999 -9999 -9999 -9999 -9999 -9999 -9999 -9999 -9999 -9999 -9999 -9999 -9999 -9999 -9999 -9999 -9999 -9999 -9999 -9999 -9999 -9999 -9999 -9999 9.81 9.24 8.82 8.98 9.21 9.33 8.96 8.43 8.65 8.37 8.18 8.23 8.22 8.83 8.05 12.81 15.65 16.19 13.49 11.82 11.09 9.63 9.84 8.71 9.81 8.77 8.80 8.60 8.57 8.61 8.62 8.90 8.88 8.62 8.19 8.63 10.69 9.95 10.05 8.87 8.98 9.91 11.14 -9999 -9999 -9999 -9999 -9999 -9999 -9999
-9999 -9999 -9999 -9999 -9999 -9999 -9999 -9999 13.80 13.01 13.40 14.39 -9999 -9999 -9999 -9999 -9999 -9999 -9999 -9999 -9999 -9999 -9999 -9999 -9999 -9999 -9999 10.29 9.26 9.72 9.06 9.93 9.37 8.75 8.61 8.64 8.46 8.48 8.30 8.28 8.06 7.85 10.85 13.41 13.62 11.31 14.49 13.29 9.87 9.95 7.99 10.74 10.53 9.03 8.92 8.68 8.57 8.59 8.61 8.77 9.08 8.83 8.22 8.31 8.76 10.62 10.35 10.75 8.94 8.90 10.15 11.55 -9999 -9999 -9999 -9999 -9999 -9999
-9999 -9999 -9999 -9999 -9999 -9999 -9999 -9999 13.34 12.58 12.31 12.57 -9999 -9999 -9999 -9999 -9999 -9999 -9999 -9999 -9999 -9999 -9999 -9999 -9999 -9999 10.48 10.13 9.30 9.56 10.53 9.22 9.20 8.34 8.40 8.68 8.53 8.73 8.83 8.04 7.51 7.34 9.02 15.12 15.18 10.99 12.72 12.12 11.79 8.88 8.04 9.79 10.23 9.33 8.45 8.40 8.51 8.93 8.74 8.65 8.75 9.12 8.52 8.50 8.51 10.33 10.33 10.21 9.15 9.03 9.45 10.94 -9999 -9999 -9999 -9999 -9999 -9999
-9999 -9999 -9999 -9999 -9999 -9999 16.08 13.00 11.59 12.04 11.73 12.51 11.79 12.51 12.90 -9999 -9999 13.18 11.62 -9999 -9999 -9999 10.91 12.15 11.15 -9999 8.60 10.47 9.55 9.01 9.51 8.93 9.20 9.24 9.91 9.47 9.48 8.55 8.94 8.19 7.96 11.25 8.15 10.36 13.39 8.28 10.17 15.31 9.57 11.52 9.19 9.63 9.67 9.09 8.80 8.72 8.64 8.89 8.45 8.60 8.46 9.22 8.48 8.43 8.58 9.09 9.83 10.79 10.33 9.19 9.03 10.29 11.87 -9999 -9999 -9999 -9999 -9999
-9999 -9999 -9999 -9999 -9999 -9999 -9999 13.42 12.05 11.51 11.08 11.14 11.92 12.91 9.76 -9999 8.71 10.73 12.26 11.13 12.25 9.11 8.57 13.09 12.57 10.57 -9999 8.09 9.69 9.54 8.80 8.75 9.47 8.79 8.75 8.79 8.71 8.92 8.59 8.92 8.40 11.52 11.76 11.27 11.95 11.27 13.27 13.34 11.48 9.28 8.75 10.44 10.30 8.82 9.32 8.76 9.08 9.10 8.51 8.49 8.35 9.23 8.56 8.50 8.68 8.59 9.41 10.19 10.98 10.10 9.30 9.81 11.31 -9999 -9999 -9999 -9999 -9999
