ML/MeanWindSpeed_2000-03_Actual.txt
ncols         180
nrows         290
xllcorner     -200000
yllcorner     -200000
cellsize      5000
NODATA_value  -9999
[rows 140 to 174 of 290, columns 78 to 155 of 180]
-9999 -9999 -9999 12.58 -9999 -9999 -9999 11.54 11.63 10.72 10.79 11.53 -9999 -9999 11.59 10.40 12.35 13.26 -9999 -9999 -9999 -9999 -9999 11.44 10.42 8.63 8.75 8.74 9.32 9.20 9.47 8.75 6.47 8.23 10.63 11.46 9.47 10.82 11.66 12.15 10.74 11.57 12.09 11.48 10.34 10.72 10.96 9.01 9.86 11.70 12.74 -9999 -9999 -9999 -9999 -9999 -9999 -9999 -9999 -9999 -9999 -9999 -9999 -9999 -9999 -9999 -9999 -9999 -9999 -9999 -9999 -9999 -9999 -9999 -9999 -9999 -9999 -9999
-9999 -9999 -9999 12.61 12.58 -9999 -9999 -9999 11.64 12.07 11.91 12.25 -9999 -9999 -9999 -9999 12.50 -9999 -9999 -9999 -9999 -9999 -9999 10.27 9.24 8.25 8.81 9.80 9.99 9.45 9.56 8.81 7.18 6.97 9.59 10.48 8.12 12.11 12.00 13.08 11.07 11.52 12.96 11.55 10.82 10.73 9.63 8.68 9.76 11.45 12.38 -9999 -9999 -9999 -9999 -9999 -9999 -9999 -9999 -9999 -9999 -9999 -9999 -9999 -9999 -9999 -9999 -9999 -9999 -9999 -9999 -9999 -9999 -9999 -9999 -9999 -9999 -9999
-9999 -9999 -9999 -9999 13.55 -9999 -9999 -9999 -9999 12.17 12.94 12.78 -9999 -9999 -9999 -9999 -9999 -9999 -9999 -9999 -9999 -9999 11.00 9.75 9.29 8.70 8.80 10.31 10.38 10.02 10.06 9.54 8.39 6.33 7.31 11.66 12.08 12.18 12.28 10.91 10.53 11.14 10.30 9.27 11.25 11.57 9.39 8.96 9.99 11.12 11.95 12.54 -9999 -9999 -9999 -9999 -9999 -9999 -9999 -9999 -9999 -9999 -9999 -9999 -9999 -9999 -9999 -9999 -9999 -9999 -9999 -9999 -9999 -9999 -9999 -9999 -9999 -9999
-9999 -9999 -9999 -9999 14.39 -9999 -9999 -9999 -9999 -9999 -9999 -9999 -9999 -9999 -9999 -9999 -9999 -9999 -9999 -9999 -9999 -9999 11.05 9.38 8.09 6.65 6.16 11.99 10.70 10.16 11.51 9.69 10.00 5.92 5.45 9.83 13.15 11.26 10.26 13.36 15.10 14.40 13.00 12.21 9.66 10.15 10.03 10.62 10.26 10.53 11.54 12.21 12.70 -9999 -9999 -9999 -9999 -9999 -9999 -9999 -9999 -9999 -9999 -9999 -9999 -9999 -9999 -9999 -9999 -9999 -9999 -9999 -9999 -9999 -9999 -9999 -9999 -9999
-9999 -9999 -9999 -9999 -9999 -9999 -9999 -9999 -9999 -9999 -9999 -9999 -9999 -9999 -9999 -9999 -9999 -9999 -9999 -9999 -9999 11.62 10.44 8.62 7.51 9.28 6.14 15.27 14.92 9.78 10.38 9.69 9.01 8.58 5.75 6.54 13.30 13.63 12.55 11.55 10.97 12.91 12.85 12.25 10.95 10.30 10.24 10.05 10.08 10.70 10.62 10.83 11.65 -9999 -9999 -9999 -9999 -9999 -9999 -9999 -9999 -9999 -9999 -9999 -9999 -9999 -9999 -9999 -9999 -9999 -9999 -9999 -9999 -9999 -9999 -9999 -9999 -9999
-9999 -9999 -9999 -9999 -9999 -9999 -9999 -9999 -9999 -9999 -9999 -9999 -9999 -9999 -9999 -9999 -9999 -9999 -9999 -9999 -9999 10.55 10.42 7.63 9.19 14.74 8.94 6.82 11.38 11.87 10.11 9.73 9.21 8.79 7.60 7.48 9.18 15.49 13.95 13.22 11.66 11.62 11.83 10.62 10.45 10.54 11.19 10.17 10.79 10.26 10.24 9.94 10.35 11.14 11.89 12.30 -9999 -9999 -9999 -9999 -9999 -9999 -9999 -9999 -9999 -9999 -9999 -9999 -9999 -9999 -9999 -9999 -9999 -9999 -9999 -9999 -9999 -9999
-9999 -9999 -9999 -9999 -9999 -9999 -9999 -9999 -9999 -9999 -9999 -9999 -9999 -9999 -9999 -9999 -9999 -9999 -9999 -9999 -9999 10.28 9.37 8.39 10.97 8.40 7.54 8.71 12.07 9.48 8.74 11.18 7.58 9.29 8.73 9.02 8.85 11.06 12.75 12.73 12.32 11.99 10.64 10.70 10.31 9.99 9.85 10.08 10.06 10.16 9.53 9.16 9.16 11.45 10.69 11.83 12.92 13.20 -9999 -9999 -9999 -9999 -9999 -9999 -9999 -9999 -9999 -9999 -9999 -9999 -9999 -9999 -9999 -9999 -9999 -9999 -9999 -9999
-9999 -9999 -9999 -9999 -9999 -9999 -9999 -9999 -9999 -9999 -9999 -9999 -9999 -9999 -9999 -9999 -9999 -9999 -9999 -9999 -9999 10.18 8.74 8.88 12.59 13.57 10.35 7.73 8.63 8.95 11.11 7.90 10.37 9.13 8.98 10.28 9.90 8.36 9.01 12.22 12.09 11.67 11.22 10.62 10.36 10.37 10.25 9.85 9.98 9.69 9.15 9.13 8.85 9.55 11.65 11.51 12.06 13.48 13.87 12.95 -9999 -9999 -9999 -9999 -9999 -9999 -9999 -9999 -9999 -9999 -9999 -9999 -9999 -9999 -9999 -9999 -9999 -9999
-9999 -9999 -9999 -9999 -9999 -9999 -9999 -9999 -9999 -9999 -9999 -9999 -9999 -9999 -9999 -9999 -9999 -9999 -9999 -9999 -9999 10.79 8.75 9.23 9.89 7.18 16.47 13.96 8.34 9.61 7.92 11.04 11.67 8.93 8.18 9.20 9.21 7.63 13.12 12.28 12.16 12.84 13.31 12.84 10.57 11.41 10.42 10.03 9.91 9.68 9.44 8.98 8.19 8.83 10.90 10.42 10.46 11.22 12.60 12.04 14.38 -9999 -9999 -9999 -9999 -9999 -9999 -9999 -9999 -9999 -9999 -9999 -9999 -9999 -9999 -9999 -9999 -9999
-9999 -9999 -9999 -9999 -9999 -9999 -9999 -9999 -9999 12.52 13.09 13.62 -9999 -9999 -9999 -9999 -9999 -9999 -9999 -9999 -9999 -9999 9.96 8.15 6.64 8.50 11.03 13.57 8.83 6.57 10.00 9.58 8.77 7.65 9.13 9.28 8.13 8.92 10.96 11.44 14.33 13.61 12.19 11.98 12.57 11.46 10.48 10.05 9.70 9.43 8.70 8.12 10.95 10.35 12.83 13.54 12.99 12.17 10.55 13.10 13.97 13.53 -9999 -9999 -9999 -9999 -9999 -9999 -9999 -9999 -9999 -9999 -9999 -9999 -9999 -9999 -9999 -9999
-9999 -9999 -9999 -9999 -9999 -9999 -9999 -9999 -9999 10.87 11.34 -9999 -9999 -9999 -9999 -9999 -9999 -9999 -9999 -9999 -9999 -9999 -9999 8.09 5.98 9.01 10.18 16.09 10.17 10.12 9.56 7.71 6.68 6.72 6.53 12.23 7.95 9.00 12.88 11.26 9.57 9.38 12.82 10.26 12.56 11.20 10.31 9.77 9.46 8.62 8.64 10.27 11.04 10.60 10.48 10.35 11.45 12.20 12.08 12.69 13.07 14.92 -9999 -9999 -9999 -9999 -9999 -9999 -9999 -9999 -9999 -9999 -9999 -9999 -9999 -9999 -9999 -9999
-9999 -9999 -9999 -9999 -9999 -9999 -9999 -9999 9.44 11.64 11.78 11.89 -9999 -9999 -9999 -9999 -9999 -9999 -9999 -9999 -9999 -9999 -9999 8.24 9.63 10.12 10.97 9.67 10.71 9.34 8.85 7.76 7.22 8.31 6.95 5.94 12.53 9.71 9.37 12.16 11.02 13.36 11.45 11.90 11.05 10.81 10.39 10.16 9.36 8.39 9.03 10.19 9.76 10.67 11.56 11.33 11.77 11.57 12.00 12.55 11.89 14.33 13.80 -9999 -9999 -9999 -9999 -9999 -9999 -9999 -9999 -9999 -9999 -9999 -9999 -9999 -9999 -9999
-9999 -9999 -9999 -9999 -9999 -9999 -9999 8.12 10.93 12.68 15.62 11.67 -9999 -9999 -9999 -9999 -9999 -9999 -9999 -9999 -9999 -9999 -9999 9.61 12.89 10.61 8.05 9.34 8.98 9.62 8.22 7.31 7.76 8.24 6.39 10.71 8.83 11.56 9.71 13.39 9.70 10.84 9.71 11.48 10.53 10.81 10.85 9.91 9.61 8.53 8.31 10.84 11.49 11.52 10.91 11.10 10.90 10.80 11.16 12.65 12.94 12.88 13.72 -9999 -9999 -9999 -9999 -9999 -9999 -9999 -9999 -9999 -9999 -9999 -9999 -9999 -9999 -9999
-9999 -9999 -9999 -9999 -9999 -9999 9.80 8.80 13.86 12.38 12.44 -9999 -9999 -9999 -9999 -9999 -9999 -9999 -9999 -9999 -9999 -9999 -9999 -9999 10.20 8.43 8.27 9.95 8.37 10.15 8.65 7.90 7.46 7.13 5.94 10.51 10.52 11.45 11.20 12.10 12.25 12.29 11.67 11.64 11.99 11.71 10.29 9.95 9.66 8.81 8.36 9.10 12.79 12.21 10.56 10.26 10.39 10.17 10.38 10.66 10.90 10.81 11.75 13.14 13.96 -9999 -9999 -9999 -9999 -9999 -9999 -9999 -9999 -9999 -9999 -9999 -9999 -9999
-9999 -9999 -9999 -9999 -9999 -9999 11.67 12.67 10.29 11.12 11.79 -9999 -9999 -9999 -9999 -9999 -9999 -9999 -9999 -9999 -9999 -9999 -9999 -9999 -9999 9.20 9.69 9.23 8.75 9.84 9.22 9.02 8.44 8.15 6.12 10.71 10.04 9.27 11.23 10.42 9.85 13.18 13.38 11.12 12.66 11.93 11.50 10.00 9.56 9.23 8.80 8.91 9.94 10.51 10.18 10.26 10.30 10.30 10.10 10.09 10.12 10.30 12.55 13.04 13.16 -9999 -9999 -9999 -9999 -9999 -9999 -9999 -9999 -9999 -9999 -9999 -9999 -9999
-9999 -9999 -9999 -9999 -9999 -9999 12.48 11.51 12.09 11.68 -9999 -9999 -9999 -9999 -9999 -9999 -9999 -9999 -9999 -9999 -9999 -9999 -9999 -9999 -9999 10.31 10.31 9.97 -9999 10.19 -9999 9.53 8.75 7.88 6.64 6.84 10.43 9.53 10.28 12.85 7.65 8.82 13.25 12.01 11.95 11.96 11.13 10.08 9.77 9.66 9.25 9.14 9.43 10.21 11.06 10.38 10.81 9.95 9.43 10.24 11.20 11.04 10.71 10.89 12.53 14.29 15.08 -9999 -9999 -9999 -9999 -9999 -9999 -9999 -9999 -9999 -9999 -9999
-9999 -9999 -9999 -9999 -9999 12.73 11.94 11.67 -9999 -9999 -9999 -9999 -9999 -9999 -9999 -9999 -9999 -9999 -9999 -9999 -9999 -9999 -9999 -9999 -9999 11.42 10.73 10.13 -9999 -9999 -9999 9.25 9.50 7.13 7.76 8.83 7.56 7.03 8.75 12.10 11.75 8.05 11.62 13.07 11.26 12.34 11.62 10.74 9.44 9.56 9.40 9.39 9.53 9.77 10.09 10.08 10.22 9.18 9.74 10.70 11.44 11.84 11.83 11.33 11.62 12.87 14.21 -9999 -9999 -9999 -9999 -9999 -9999 -9999 -9999 -9999 -9999 -9999
-9999 -9999 -9999 -9999 -9999 -9999 -9999 -9999 -9999 -9999 -9999 -9999 -9999 -9999 -9999 -9999 -9999 -9999 -9999 -9999 -9999 -9999 -9999 -9999 -9999 -9999 -9999 -9999 -9999 -9999 9.79 7.86 7.45 8.60 9.50 10.39 10.24 8.82 9.39 11.61 11.36 9.74 8.50 11.31 12.54 11.54 10.97 10.33 9.78 9.69 9.86 9.54 9.52 9.64 9.69 9.45 8.83 9.57 11.79 10.87 11.52 11.11 11.27 10.78 11.61 12.72 -9999 -9999 -9999 -9999 -9999 -9999 -9999 -9999 -9999 -9999 -9999 -9999
-9999 -9999 -9999 -9999 -9999 -9999 -9999 -9999 -9999 -9999 -9999 -9999 -9999 -9999 -9999 -9999 -9999 -9999 -9999 -9999 -9999 -9999 -9999 -9999 -9999 -9999 -9999 -9999 -9999 -9999 9.17 7.38 7.98 10.05 12.30 11.68 9.71 10.51 8.82 9.07 8.59 9.80 10.12 11.18 11.61 11.45 10.72 10.41 10.14 9.70 9.90 9.53 9.56 9.64 9.74 9.45 8.68 9.22 12.39 12.09 10.96 10.73 10.62 10.56 11.47 12.86 -9999 -9999 -9999 -9999 -9999 -9999 -9999 -9999 -9999 -9999 -9999 -9999
-9999 -9999 -9999 -9999 -9999 -9999 -9999 -9999 -9999 -9999 -9999 -9999 -9999 -9999 -9999 -9999 -9999 -9999 -9999 -9999 -9999 -9999 -9999 -9999 -9999 -9999 -9999 -9999 -9999 -9999 8.65 7.02 7.23 9.77 10.87 10.69 10.19 9.89 9.36 9.68 8.72 8.72 9.22 8.33 11.41 10.46 11.38 10.61 10.46 9.64 9.52 9.62 9.62 9.69 9.71 9.60 9.14 9.01 10.81 11.67 11.11 10.62 10.56 10.45 11.24 12.53 -9999 -9999 -9999 -9999 -9999 -9999 -9999 -9999 -9999 -9999 -9999 -9999
-9999 -9999 -9999 -9999 -9999 -9999 -9999 -9999 -9999 -9999 -9999 -9999 -9999 -9999 -9999 -9999 -9999 -9999 -9999 -9999 -9999 -9999 -9999 -9999 -9999 -9999 -9999 -9999 11.27 9.92 8.12 6.79 8.91 10.66 12.80 10.58 11.55 8.14 8.90 8.90 9.77 10.20 9.98 11.54 9.22 9.54 9.67 9.70 9.49 10.13 9.54 9.54 9.80 9.64 9.70 9.77 9.51 9.35 9.76 11.25 10.99 10.50 10.37 10.36 10.84 12.00 13.26 -9999 -9999 -9999 -9999 -9999 -9999 -9999 -9999 -9999 -9999 -9999
-9999 -9999 -9999 -9999 -9999 -9999 -9999 -9999 -9999 -9999 -9999 -9999 -9999 -9999 -9999 -9999 -9999 -9999 -9999 -9999 -9999 -9999 -9999 -9999 -9999 -9999 -9999 -9999 10.66 9.27 8.26 7.59 7.98 10.37 9.07 8.64 7.23 8.53 10.59 8.83 10.31 9.93 10.85 8.70 11.51 10.02 10.89 10.63 10.74 10.02 9.81 9.61 9.55 9.57 9.70 9.75 9.75 9.51 9.44 10.07 11.11 10.71 10.33 10.36 10.52 11.39 12.71 -9999 -9999 -9999 -9999 -9999 -9999 -9999 -9999 -9999 -9999 -9999
-9999 -9999 -9999 -9999 -9999 -9999 -9999 -9999 -9999 -9999 -9999 -9999 -9999 -9999 -9999 -9999 -9999 -9999 -9999 -9999 -9999 -9999 -9999 -9999 -9999 -9999 -9999 -9999 10.61 9.15 8.57 8.15 8.39 8.98 9.27 8.22 7.52 8.58 8.48 7.94 9.55 11.53 10.06 9.87 8.98 10.30 9.13 9.59 10.14 10.50 10.00 9.82 9.53 9.54 9.69 9.77 9.81 9.68 9.36 9.64 10.78 11.38 10.61 10.30 10.46 10.88 11.85 13.05 -9999 -9999 -9999 -9999 -9999 -9999 -9999 -9999 -9999 -9999
-9999 -9999 -9999 -9999 -9999 -9999 -9999 -9999 -9999 -9999 -9999 -9999 -9999 -9999 -9999 -9999 -9999 -9999 -9999 -9999 -9999 -9999 -9999 -9999 -9999 -9999 -9999 -9999 10.37 9.24 8.85 8.76 8.56 8.37 8.24 8.61 9.20 7.37 7.06 7.85 11.08 11.32 12.29 11.43 10.15 10.12 10.55 9.56 9.15 10.01 10.43 9.76 9.51 9.57 9.58 9.72 9.87 9.92 9.62 9.62 11.06 12.01 11.22 10.88 10.92 10.81 11.11 12.21 13.36 -9999 -9999 -9999 -9999 -9999 -9999 -9999 -9999 -9999
-9999 -9999 -9999 -9999 -9999 -9999 -9999 -9999 -9999 -9999 -9999 -9999 -9999 -9999 -9999 -9999 -9999 -9999 -9999 -9999 -9999 -9999 -9999 -9999 -9999 -9999 -9999 -9999 10.42 9.14 8.79 8.53 8.11 7.62 7.97 7.52 8.08 8.39 9.70 10.86 11.68 10.08 11.47 10.57 10.49 9.55 10.63 10.31 9.76 9.39 9.39 9.55 9.46 9.55 9.67 9.83 9.96 10.14 10.18 10.21 10.73 11.57 11.42 11.13 11.23 11.26 11.16 11.35 12.58 -9999 -9999 -9999 -9999 -9999 -9999 -9999 -9999 -9999
-9999 -9999 -9999 -9999 -9999 -9999 -9999 -9999 -9999 -9999 -9999 -9999 -9999 -9999 -9999 -9999 -9999 -9999 -9999 -9999 -9999 -9999 -9999 -9999 -9999 -9999 -9999 -9999 -9999 9.15 8.79 8.29 7.47 7.50 8.68 8.72 9.14 8.23 8.28 9.91 10.11 11.46 11.11 9.85 8.82 9.25 9.31 10.21 9.61 9.44 9.94 9.78 9.42 9.63 9.67 9.85 9.93 10.05 10.30 10.50 10.74 10.80 11.03 11.23 11.47 -9999 11.53 11.85 12.60 13.88 -9999 -9999 -9999 -9999 -9999 -9999 -9999 -9999
-9999 -9999 -9999 -9999 -9999 -9999 -9999 -9999 -9999 -9999 -9999 -9999 -9999 -9999 -9999 -9999 -9999 -9999 -9999 -9999 -9999 -9999 -9999 -9999 -9999 -9999 -9999 -9999 10.19 9.04 8.62 7.91 7.00 6.76 9.68 10.26 8.81 10.65 10.50 8.99 8.96 12.16 11.27 11.64 9.83 8.74 10.23 9.31 8.92 9.43 9.65 9.49 9.64 9.53 9.62 9.74 9.93 9.84 9.96 11.02 10.56 10.28 11.31 10.93 11.19 11.33 -9999 12.32 13.01 14.05 14.87 -9999 -9999 -9999 -9999 -9999 -9999 -9999
-9999 -9999 -9999 -9999 -9999 -9999 -9999 -9999 -9999 -9999 -9999 -9999 -9999 -9999 -9999 -9999 -9999 -9999 -9999 -9999 -9999 -9999 -9999 -9999 -9999 -9999 -9999 -9999 9.86 8.68 8.29 7.80 8.41 7.59 8.65 10.80 8.74 8.97 9.12 7.44 7.36 10.29 10.43 10.55 8.53 10.03 10.84 9.38 10.06 9.55 10.00 9.94 9.71 9.48 9.55 9.64 9.73 9.61 9.58 9.84 10.15 9.58 9.93 10.51 10.35 11.08 11.57 -9999 -9999 -9999 -9999 -9999 -9999 -9999 -9999 -9999 -9999 -9999
-9999 -9999 -9999 -9999 -9999 -9999 -9999 -9999 -9999 -9999 -9999 -9999 -9999 -9999 -9999 -9999 -9999 -9999 -9999 -9999 -9999 -9999 -9999 -9999 -9999 -9999 -9999 10.98 9.20 8.29 8.69 8.41 8.40 8.04 8.89 9.17 8.75 8.46 7.92 7.47 7.36 9.19 11.39 11.73 9.17 11.22 11.05 9.55 9.79 9.14 9.63 9.95 9.61 9.37 9.63 9.64 9.65 9.70 9.51 9.71 9.87 9.68 9.56 10.62 10.43 10.53 10.92 11.91 12.96 -9999 -9999 -9999 -9999 -9999 -9999 -9999 -9999 -9999
-9999 -9999 -9999 -9999 -9999 -9999 -9999 -9999 -9999 -9999 -9999 -9999 -9999 -9999 -9999 -9999 -9999 -9999 -9999 -9999 -9999 -9999 -9999 -9999 -9999 -9999 -9999 -9999 9.24 8.25 8.14 8.50 9.80 8.35 8.22 8.22 8.46 8.54 7.96 7.39 6.77 6.87 9.78 11.03 12.16 10.78 11.30 10.76 10.15 10.32 8.97 9.20 9.89 9.39 9.49 9.47 9.52 9.67 9.51 9.58 9.89 9.58 9.16 9.34 11.11 10.56 10.46 10.87 11.67 12.65 13.75 -9999 -9999 -9999 -9999 -9999 -9999 -9999
-9999 -9999 -9999 -9999 -9999 -9999 -9999 -9999 -9999 -9999 -9999 -9999 -9999 -9999 -9999 -9999 -9999 -9999 -9999 -9999 -9999 -9999 -9999 -9999 -9999 -9999 -9999 -9999 9.13 8.50 8.16 8.34 8.58 8.64 8.42 8.07 8.12 7.77 7.48 7.22 6.94 7.09 6.76 10.40 12.52 13.34 12.09 11.20 10.78 9.77 9.80 9.33 10.17 9.49 9.55 9.45 9.50 9.52 9.46 9.69 9.81 9.56 9.00 9.31 10.85 10.64 11.01 10.36 10.61 11.45 12.63 -9999 -9999 -9999 -9999 -9999 -9999 -9999
-9999 -9999 -9999 -9999 -9999 -9999 -9999 -9999 12.15 11.58 12.09 13.06 -9999 -9999 -9999 -9999 -9999 -9999 -9999 -9999 -9999 -9999 -9999 -9999 -9999 -9999 -9999 9.49 8.59 8.71 8.32 8.96 8.71 8.28 8.13 8.09 7.91 7.80 7.53 7.21 6.84 6.23 8.45 10.79 11.25 10.37 12.78 12.31 10.13 9.89 8.49 10.47 10.55 9.61 9.56 9.43 9.44 9.43 9.36 9.52 9.90 9.73 9.10 9.04 9.45 10.82 10.98 11.40 10.35 10.41 11.57 12.91 -9999 -9999 -9999 -9999 -9999 -9999
-9999 -9999 -9999 -9999 -9999 -9999 -9999 -9999 11.33 10.67 10.85 11.56 -9999 -9999 -9999 -9999 -9999 -9999 -9999 -9999 -9999 -9999 -9999 -9999 -9999 -9999 9.50 9.09 8.45 8.68 9.41 8.63 8.58 7.92 7.87 7.94 7.76 7.83 7.77 6.97 6.28 5.91 7.50 12.15 12.46 10.11 11.79 11.54 11.28 9.18 8.50 9.83 10.34 9.78 9.20 9.18 9.34 9.58 9.43 9.41 9.67 9.93 9.46 9.21 9.22 10.51 10.82 10.98 10.41 10.36 10.86 12.24 -9999 -9999 -9999 -9999 -9999 -9999
-9999 -9999 -9999 -9999 -9999 -9999 13.86 11.38 10.02 10.09 10.11 11.08 11.25 12.48 13.28 -9999 -9999 12.91 11.44 -9999 -9999 -9999 9.59 10.56 10.02 -9999 7.97 9.08 8.55 8.35 8.71 8.31 8.41 8.34 8.71 8.35 8.25 7.60 7.62 6.82 6.71 8.75 7.25 9.43 11.43 8.24 9.89 13.23 9.71 10.69 9.14 9.69 9.89 9.52 9.29 9.27 9.36 9.52 9.23 9.36 9.48 10.02 9.47 9.23 9.27 9.65 10.31 11.19 11.06 10.38 10.41 11.56 13.06 -9999 -9999 -9999 -9999 -9999
-9999 -9999 -9999 -9999 -9999 -9999 -9999 11.76 10.48 9.91 9.58 9.93 11.19 12.53 10.97 -9999 10.59 10.89 11.18 10.06 10.54 8.01 7.20 10.15 10.40 9.32 -9999 7.47 8.58 8.51 7.99 8.04 8.57 8.17 8.04 7.96 7.76 7.73 7.21 6.87 6.65 9.00 9.61 9.80 10.51 10.03 11.61 12.00 10.85 9.19 8.77 10.03 10.05 9.15 9.46 9.20 9.59 9.61 9.24 9.23 9.37 10.04 9.54 9.31 9.32 9.25 9.94 10.68 11.34 10.87 10.46 11.03 12.46 -9999 -9999 -9999 -9999 -9999
