ML/MeanWindSpeed_1997-03_Actual.txt
ncols         180
nrows         290
xllcorner     -200000
yllcorner     -200000
cellsize      5000
NODATA_value  -9999
[rows 175 to 209 of 290, columns 78 to 155 of 180]
-9999 -9999 -9999 -9999 -9999 -9999 -9999 -9999 12.91 12.31 11.61 10.72 9.97 7.75 6.29 12.16 19.30 9.15 12.86 13.11 12.41 10.61 8.12 8.28 10.47 12.24 9.95 7.78 8.30 9.36 8.75 8.99 10.29 9.32 8.77 8.32 8.50 8.61 8.39 8.46 8.35 13.25 13.97 11.56 11.78 9.88 9.28 10.67 10.87 9.08 8.90 10.08 9.33 8.78 9.39 8.85 9.71 8.99 8.82 8.55 8.46 9.74 8.73 8.60 8.74 8.62 9.13 9.66 9.86 10.25 10.74 9.45 10.77 12.36 -9999 -9999 -9999 -9999
-9999 -9999 -9999 -9999 -9999 -9999 -9999 -9999 -9999 13.82 11.49 9.74 7.65 6.63 8.58 22.47 15.08 6.69 12.93 9.14 12.85 12.57 8.96 6.86 13.18 10.56 10.99 9.45 8.07 8.38 8.63 7.99 8.97 9.46 9.09 8.67 8.23 8.42 8.09 7.79 9.66 10.73 14.44 12.02 12.74 11.82 7.72 10.15 12.34 9.57 9.72 10.27 9.41 9.25 9.33 9.02 9.89 8.97 8.72 8.90 8.65 9.33 9.20 8.81 8.78 8.78 8.99 9.61 10.90 9.94 9.33 9.44 10.50 12.17 -9999 -9999 -9999 -9999
-9999 -9999 -9999 -9999 -9999 -9999 -9999 -9999 -9999 -9999 11.30 8.70 8.28 9.71 19.91 21.82 14.34 10.54 10.28 11.50 13.33 13.67 13.35 9.15 7.88 13.14 10.24 9.44 9.05 8.21 8.24 8.32 8.34 8.89 8.52 8.08 8.20 8.14 7.88 8.05 9.15 11.12 12.15 10.08 10.55 12.44 10.52 7.90 12.50 10.16 10.17 10.65 9.72 9.66 9.34 9.61 10.02 9.18 8.89 8.92 8.48 9.88 9.31 9.04 9.05 9.04 9.40 9.36 9.43 9.18 9.10 9.44 10.83 12.32 -9999 -9999 -9999 -9999
-9999 -9999 -9999 -9999 -9999 -9999 -9999 -9999 -9999 -9999 10.35 9.01 11.21 13.13 14.99 17.84 10.09 7.24 9.78 12.71 13.45 14.52 12.86 9.64 6.73 13.17 12.63 10.24 9.81 8.23 8.04 8.37 9.22 8.83 8.53 8.22 7.66 7.40 7.77 9.74 9.70 7.90 12.65 10.23 11.02 12.98 12.91 10.60 9.86 9.77 8.85 10.34 10.98 9.86 9.50 9.03 9.36 9.00 9.28 9.07 8.85 9.33 10.04 9.73 9.72 9.45 9.42 9.23 9.03 9.05 9.48 10.32 11.60 -9999 -9999 -9999 -9999 -9999
-9999 -9999 -9999 -9999 -9999 -9999 -9999 -9999 -9999 -9999 9.48 9.72 11.08 10.49 15.26 13.02 8.99 10.07 8.15 9.84 13.13 11.91 14.69 11.80 7.55 11.99 13.18 12.67 9.65 8.81 7.89 8.73 9.83 9.41 8.54 7.89 7.41 7.65 9.10 9.42 7.90 7.85 10.90 10.74 10.70 10.81 10.33 10.53 11.46 8.53 9.67 10.01 9.73 10.06 9.39 9.95 8.83 9.00 9.28 9.26 9.55 11.53 10.71 10.18 9.85 9.71 9.50 9.32 9.20 9.34 10.24 11.43 -9999 -9999 -9999 -9999 -9999 -9999
-9999 -9999 -9999 -9999 -9999 -9999 -9999 -9999 -9999 10.76 18.62 11.28 12.33 13.75 8.58 18.52 15.46 13.64 11.55 14.14 11.16 11.87 10.50 8.53 10.02 14.03 12.56 12.27 9.46 8.41 7.69 9.27 9.45 8.94 8.50 7.67 7.48 8.82 8.56 8.01 9.06 10.12 7.96 12.60 11.90 9.12 10.07 9.70 9.29 9.47 8.84 8.90 9.16 10.14 9.46 8.63 9.87 9.01 9.19 9.53 10.02 11.57 10.69 10.19 10.07 9.69 9.54 9.27 9.22 9.99 11.11 -9999 -9999 -9999 -9999 -9999 -9999 -9999
-9999 -9999 -9999 -9999 -9999 -9999 -9999 11.32 11.06 14.87 13.07 10.67 11.02 12.18 7.62 9.01 11.13 14.33 13.44 14.82 12.79 12.60 6.78 9.34 9.66 7.49 8.44 8.46 9.65 8.84 8.24 9.27 9.54 9.38 8.51 8.27 9.21 8.35 8.86 7.94 9.40 10.08 9.73 8.84 8.23 10.13 9.81 9.52 9.76 9.85 9.71 8.47 9.42 9.23 8.40 8.44 8.78 8.93 9.25 9.26 9.93 11.33 10.52 9.90 9.91 9.54 9.35 9.16 9.44 10.40 -9999 -9999 -9999 -9999 -9999 12.20 12.08 11.81
-9999 -9999 -9999 -9999 -9999 -9999 11.56 11.48 11.48 11.68 11.30 10.90 9.98 8.26 6.81 8.47 10.40 12.10 18.84 10.45 7.84 7.33 4.53 11.39 13.16 12.71 9.62 8.83 9.79 9.67 9.32 9.66 10.22 9.62 9.16 8.85 9.23 9.36 7.89 7.90 9.57 9.63 9.20 8.72 8.99 9.59 8.69 9.43 8.71 8.90 9.61 9.05 8.55 8.04 8.16 8.92 8.55 8.64 8.95 9.24 9.69 11.41 10.73 9.86 9.55 9.30 9.20 9.09 9.39 10.16 -9999 -9999 -9999 -9999 -9999 11.14 10.74 10.66
-9999 -9999 -9999 -9999 -9999 11.94 13.01 12.26 12.03 -9999 -9999 -9999 -9999 8.91 14.26 12.25 11.90 13.43 10.53 7.74 10.25 9.19 7.79 17.43 15.23 12.74 13.58 10.83 9.15 9.84 10.03 9.61 9.73 9.60 9.20 9.45 8.57 9.64 8.15 8.03 8.50 9.00 9.25 9.10 8.21 8.47 8.57 8.63 8.41 8.31 8.19 8.20 8.15 8.32 8.74 8.57 8.34 9.00 9.60 9.76 9.76 10.67 10.45 10.21 9.33 9.15 9.02 8.91 9.00 9.65 10.81 -9999 -9999 -9999 -9999 10.23 9.78 9.65
-9999 -9999 -9999 -9999 -9999 13.26 15.06 11.82 12.20 -9999 -9999 -9999 -9999 9.39 12.50 14.37 8.89 12.82 11.15 9.84 12.40 13.70 10.37 14.43 7.93 9.77 10.41 9.90 9.11 9.43 9.89 9.77 10.00 10.49 9.41 9.80 9.10 8.89 9.27 8.18 8.39 7.69 8.60 9.67 10.07 10.04 8.59 8.04 8.03 8.06 8.56 8.04 8.37 8.88 9.03 9.62 8.86 10.69 10.67 10.81 9.86 10.23 10.13 9.92 9.11 9.09 8.97 8.79 8.77 8.92 9.68 10.39 -9999 -9999 10.56 10.12 9.78 9.90
-9999 -9999 -9999 -9999 -9999 -9999 -9999 -9999 -9999 -9999 -9999 -9999 -9999 10.13 14.22 12.12 8.32 9.97 7.65 14.07 12.48 7.39 10.88 10.38 9.07 10.23 8.79 8.56 8.33 9.77 9.75 10.13 9.88 9.40 9.28 9.07 8.64 8.68 9.12 8.37 8.03 8.14 8.46 8.30 9.25 9.61 7.80 9.12 10.12 8.98 8.94 8.59 7.82 8.84 9.72 10.58 10.18 9.58 10.05 10.78 10.18 10.47 10.07 9.85 8.97 9.02 8.96 8.85 8.71 8.51 8.72 9.22 9.88 10.11 9.68 9.71 8.92 9.75
-9999 -9999 -9999 -9999 -9999 -9999 -9999 -9999 -9999 -9999 -9999 -9999 -9999 -9999 14.12 5.76 6.18 9.49 13.48 11.55 12.44 11.37 7.27 8.69 10.35 7.30 7.57 7.29 7.97 8.66 9.42 9.67 9.73 9.39 8.98 8.69 8.84 8.56 8.98 8.67 8.11 10.12 9.29 8.01 7.97 8.11 8.34 8.26 9.40 9.68 9.07 10.21 8.58 8.42 9.12 8.65 8.99 9.17 9.18 10.52 10.47 10.15 9.58 9.78 8.98 9.01 8.93 8.80 8.72 8.67 8.67 8.66 8.96 9.12 9.02 8.83 8.85 9.84
-9999 -9999 -9999 -9999 -9999 -9999 -9999 -9999 -9999 -9999 -9999 -9999 -9999 -9999 9.81 14.08 14.99 12.27 9.88 8.23 10.22 7.64 7.86 6.65 6.46 9.22 7.28 7.34 9.59 9.25 9.25 9.25 8.73 8.76 9.30 9.03 10.07 9.75 9.16 8.55 7.97 9.84 10.57 9.08 7.99 7.68 8.09 8.19 8.23 8.71 9.50 11.79 10.44 8.58 8.15 8.52 9.56 10.66 10.70 10.16 10.66 10.17 9.64 9.29 9.02 9.01 8.92 8.90 8.81 8.76 8.75 8.77 8.80 8.84 8.95 8.87 8.68 9.46
-9999 -9999 -9999 -9999 -9999 -9999 -9999 -9999 -9999 -9999 -9999 -9999 -9999 12.10 11.74 9.09 16.97 10.47 7.74 9.76 9.01 7.43 10.59 7.35 7.20 10.26 6.90 13.50 10.27 8.42 8.82 10.31 8.85 8.54 11.47 11.15 10.20 8.81 9.04 8.76 8.23 8.83 9.31 8.97 8.21 7.99 7.89 7.94 8.40 8.29 9.56 9.54 9.16 8.75 8.40 9.10 10.07 11.11 11.04 9.92 10.03 9.87 9.62 9.32 9.08 9.00 8.98 8.96 8.89 8.79 8.78 8.79 8.67 8.68 9.19 9.15 8.84 9.08
-9999 -9999 -9999 -9999 -9999 -9999 -9999 -9999 -9999 -9999 -9999 -9999 -9999 10.51 11.37 16.52 9.42 4.70 6.84 7.02 8.64 11.47 11.40 8.57 8.29 8.69 7.17 8.34 9.49 10.99 10.89 9.09 9.24 9.09 9.47 10.13 8.84 8.51 9.11 8.86 9.09 9.27 8.69 8.88 8.58 8.20 7.97 7.74 7.89 8.09 8.95 9.33 8.98 8.16 8.61 9.87 11.15 10.46 11.02 10.82 10.05 9.42 10.20 9.33 9.44 9.09 9.06 8.91 8.85 8.80 8.70 8.66 8.61 8.58 9.41 9.17 8.67 8.78
-9999 -9999 -9999 -9999 -9999 -9999 -9999 -9999 -9999 -9999 -9999 -9999 -9999 11.26 13.61 6.41 7.91 6.65 7.92 8.04 13.08 11.13 12.67 9.55 8.57 6.86 6.18 7.39 11.22 13.49 14.76 9.70 11.32 9.77 9.77 9.63 8.06 8.28 8.62 8.87 9.15 8.39 8.37 9.67 8.92 8.11 8.08 9.13 7.66 8.19 8.56 8.49 8.13 8.04 8.78 9.41 9.91 10.02 10.00 9.28 9.19 9.75 9.98 8.89 8.81 9.04 8.98 8.92 8.77 8.60 8.61 8.56 8.53 8.55 8.79 8.60 8.75 8.59
-9999 -9999 -9999 -9999 -9999 -9999 -9999 -9999 -9999 -9999 -9999 -9999 -9999 -9999 8.00 9.37 11.48 13.54 14.12 11.41 11.72 9.55 6.43 6.52 6.08 7.41 7.92 7.30 9.18 9.94 13.50 11.22 9.88 9.31 10.64 10.29 8.12 9.05 8.08 8.26 10.42 8.34 8.00 7.89 8.15 7.78 7.97 9.49 8.78 8.09 8.62 8.27 8.12 8.58 9.40 9.00 8.98 8.67 9.47 8.74 9.93 9.96 8.96 8.69 9.25 9.12 8.74 8.66 8.54 8.49 8.49 8.45 8.45 8.41 8.39 8.40 8.61 8.55
-9999 -9999 -9999 -9999 -9999 -9999 -9999 -9999 -9999 -9999 -9999 -9999 -9999 -9999 9.45 10.98 12.08 13.71 16.03 14.29 10.73 7.92 6.35 8.28 10.66 12.74 14.66 11.20 8.72 9.55 10.99 10.59 8.57 11.57 10.52 10.46 9.00 9.77 8.50 8.04 8.56 9.69 8.98 8.04 7.41 7.40 8.30 9.05 8.72 8.30 8.33 8.81 9.11 9.39 9.81 9.02 8.76 10.07 10.13 10.10 9.79 10.00 9.01 9.30 9.80 8.78 8.55 8.52 8.43 8.46 8.41 8.34 8.33 8.32 8.32 8.24 8.10 7.91
-9999 -9999 -9999 -9999 -9999 -9999 -9999 -9999 -9999 -9999 -9999 -9999 -9999 9.97 8.34 9.69 11.97 12.88 11.67 11.35 9.25 10.55 15.48 12.41 12.63 12.53 10.36 9.42 10.30 10.88 9.24 8.73 9.55 11.35 11.07 10.43 8.88 9.96 8.18 8.09 9.44 8.53 8.74 8.53 7.54 6.91 7.75 8.81 8.66 7.96 8.26 8.36 8.37 9.26 8.90 10.03 9.53 10.28 9.52 9.87 10.01 9.15 8.97 9.84 9.67 8.66 8.51 8.75 8.43 8.48 8.41 8.45 8.36 8.22 8.14 7.92 8.20 8.43
-9999 -9999 -9999 -9999 -9999 -9999 -9999 -9999 -9999 -9999 -9999 -9999 -9999 12.14 10.14 9.04 8.76 10.48 14.38 13.95 12.66 11.07 11.73 13.28 14.44 14.20 10.00 12.31 13.66 9.50 11.91 8.05 9.05 10.79 12.60 9.20 9.69 8.28 7.58 7.95 8.58 11.20 9.25 8.98 8.23 7.77 7.93 8.39 8.22 7.81 7.99 7.98 8.00 8.06 9.42 10.05 10.11 10.73 9.71 9.31 9.40 9.05 9.50 9.99 9.59 9.08 9.34 8.96 9.10 8.60 8.50 8.62 8.60 8.21 7.97 7.72 7.63 8.41
-9999 -9999 -9999 -9999 -9999 -9999 -9999 -9999 -9999 -9999 -9999 -9999 -9999 10.68 9.67 6.36 7.51 10.16 14.63 12.81 13.33 10.82 12.80 12.13 10.51 11.24 12.05 11.90 10.44 9.18 9.81 12.69 8.95 8.73 8.94 9.16 10.69 9.11 7.57 7.89 8.55 8.82 8.54 9.38 8.76 8.27 8.42 7.83 7.41 8.02 8.27 8.41 7.84 8.55 9.90 10.00 9.20 9.47 10.41 9.52 9.92 9.02 10.03 10.12 9.26 9.12 9.18 8.48 8.57 8.42 8.41 8.42 8.24 8.03 7.88 7.65 7.89 7.33
-9999 -9999 -9999 -9999 -9999 -9999 -9999 -9999 -9999 -9999 -9999 -9999 10.31 11.17 13.03 9.77 7.24 11.04 12.25 14.59 14.71 9.49 10.05 9.23 10.61 12.08 10.34 10.28 12.37 10.88 10.13 9.76 8.73 7.80 8.07 9.26 9.22 8.89 8.56 7.99 7.73 8.42 8.75 8.09 8.57 8.23 8.82 7.97 7.85 7.97 7.58 7.49 7.82 9.13 9.09 9.24 8.71 9.67 9.94 9.74 9.06 10.02 10.11 10.09 10.21 9.68 9.00 8.70 8.40 8.45 8.45 8.27 8.08 7.83 7.63 7.64 7.88 7.71
-9999 -9999 -9999 -9999 -9999 -9999 -9999 -9999 -9999 -9999 -9999 11.89 11.56 11.92 9.56 7.41 10.46 13.72 14.31 12.40 14.36 10.44 11.82 10.14 9.39 15.77 10.96 11.80 9.82 10.22 8.86 8.70 9.08 10.11 8.96 10.92 9.05 9.49 8.14 7.83 7.98 8.25 8.56 8.22 8.41 8.76 8.82 7.39 7.94 7.80 7.89 8.03 8.34 9.02 8.34 9.25 8.91 9.29 8.66 8.82 10.19 10.64 10.12 10.25 10.06 9.13 9.39 9.25 9.03 8.88 8.48 8.12 7.79 7.90 7.77 8.38 8.54 8.65
-9999 -9999 -9999 -9999 -9999 -9999 -9999 -9999 -9999 13.53 11.99 10.66 8.64 7.89 8.12 8.42 11.96 13.29 14.84 16.46 14.44 12.03 8.15 11.19 10.32 14.13 11.27 10.48 10.64 9.22 8.92 8.02 9.23 11.10 10.30 10.25 8.00 8.31 8.22 8.20 8.85 8.45 8.80 8.07 8.21 8.46 7.71 7.51 7.75 8.55 8.27 9.11 9.68 9.14 8.68 8.29 8.22 9.14 9.77 9.68 10.20 9.37 10.18 10.31 9.60 8.79 8.73 9.49 9.21 9.14 8.23 7.91 7.63 7.81 8.74 9.08 8.75 9.54
-9999 -9999 -9999 -9999 -9999 12.82 12.04 10.91 14.35 14.28 14.14 13.67 10.36 9.11 8.42 13.59 11.88 14.05 14.21 13.74 10.44 9.22 7.55 9.43 9.24 15.78 13.98 11.59 9.37 9.90 9.33 11.10 8.28 10.10 10.38 9.82 8.98 8.16 7.84 8.86 8.32 7.72 9.05 7.96 7.89 7.40 7.67 8.22 8.65 7.75 8.66 8.27 8.64 9.57 9.44 9.19 9.00 9.65 9.77 9.57 9.31 10.19 9.23 9.15 8.98 8.63 9.22 9.30 9.23 8.49 7.88 7.93 8.11 9.10 9.11 8.58 9.29 8.48
-9999 -9999 -9999 -9999 14.01 11.78 12.53 11.82 11.16 12.90 11.95 12.10 9.57 8.06 11.87 12.57 13.07 9.57 15.05 10.85 8.33 13.80 10.73 7.39 14.83 12.64 11.18 7.08 7.52 8.67 12.09 9.04 8.38 8.27 8.49 10.26 9.77 9.59 8.27 8.47 7.84 7.69 8.60 8.04 7.46 7.43 7.87 8.56 8.18 10.00 8.18 7.86 8.27 9.11 8.57 8.57 8.26 8.53 9.19 9.12 9.87 9.36 8.83 8.88 9.15 8.57 8.70 8.61 7.97 7.81 7.81 7.98 8.21 8.57 9.23 9.07 9.06 8.67
-9999 -9999 -9999 13.44 13.06 10.13 9.81 10.00 10.89 10.15 10.65 9.59 10.12 14.63 11.57 9.95 13.73 7.76 10.54 10.44 13.98 13.29 14.07 11.57 11.18 9.38 6.20 11.51 11.69 8.28 8.90 8.43 8.13 8.63 8.04 8.33 10.06 10.36 8.00 7.68 7.67 8.13 7.49 6.90 7.18 9.93 8.05 7.84 8.35 9.11 8.43 7.90 8.45 8.99 8.92 9.44 8.84 8.06 8.04 8.20 9.29 9.04 8.52 9.38 9.18 8.47 8.44 8.17 7.93 8.27 8.43 8.51 8.74 8.64 9.16 8.32 8.08 8.44
13.66 11.58 13.35 10.80 10.69 11.43 10.39 9.83 12.00 10.68 10.67 10.56 13.48 12.78 10.82 11.76 11.07 8.78 8.54 12.47 13.12 11.29 11.45 13.38 9.92 6.23 11.59 13.42 10.95 11.16 8.52 8.91 8.20 8.60 10.64 8.44 10.66 8.80 7.81 7.50 7.74 9.31 6.71 7.06 11.16 8.46 8.02 7.97 8.53 9.37 7.97 8.10 8.38 8.04 8.60 8.59 8.06 7.67 8.06 7.82 8.30 8.75 8.81 8.37 8.00 7.82 7.80 8.33 9.90 9.31 10.27 9.66 8.49 9.48 8.88 8.78 8.36 8.17
10.62 10.37 13.30 16.57 15.15 14.51 11.24 12.38 14.13 12.67 12.06 14.21 12.11 11.19 13.59 10.14 7.41 8.22 8.56 11.64 11.42 10.72 10.03 9.75 8.29 10.02 19.58 14.97 11.28 8.91 9.53 8.94 10.66 8.88 9.34 8.29 8.24 8.18 8.18 7.55 7.20 7.11 6.62 10.23 10.83 9.87 8.47 8.06 10.60 8.89 8.08 8.30 7.78 8.49 8.35 8.00 7.18 8.29 7.90 7.34 9.07 8.86 7.73 7.54 7.53 7.53 8.20 9.39 9.95 9.88 10.50 9.83 9.31 9.72 8.93 7.99 8.27 8.18
9.72 10.29 11.71 12.26 11.62 10.20 12.34 11.12 13.03 9.68 10.95 13.45 12.26 10.27 11.32 7.43 6.80 10.77 11.75 10.29 8.62 10.76 7.50 6.63 6.83 12.27 15.56 15.96 9.05 10.01 10.28 10.54 9.57 8.00 9.32 8.71 8.54 7.92 8.18 6.89 6.45 7.43 7.45 10.25 10.00 9.37 8.22 9.01 10.41 9.54 8.92 8.31 8.39 8.14 7.63 7.19 7.17 7.65 8.02 7.67 7.53 7.47 7.23 8.44 9.21 7.78 8.23 9.27 9.77 9.47 10.18 10.22 10.21 9.95 8.17 8.00 7.84 7.95
10.60 9.59 10.27 9.93 10.63 9.97 10.15 11.48 9.88 10.68 9.18 8.86 8.67 8.21 7.74 10.06 8.99 13.02 19.49 10.24 10.36 10.75 15.35 14.77 6.41 6.12 16.85 12.78 10.86 11.59 12.80 10.32 8.01 7.23 9.67 10.12 8.66 7.79 7.28 6.56 6.42 7.72 10.51 10.76 9.29 8.96 8.69 8.37 8.19 9.09 8.30 8.06 7.66 7.13 6.74 6.66 7.62 7.31 7.02 7.09 6.24 6.54 7.65 7.70 8.56 8.04 8.19 8.44 8.92 9.75 10.16 10.29 10.27 10.21 8.08 7.36 7.83 7.82
9.66 9.12 10.11 9.02 9.61 9.69 9.90 8.79 8.72 9.70 8.86 10.31 8.95 11.24 7.86 11.38 13.72 13.65 14.77 15.60 12.69 14.81 16.93 11.20 13.04 10.94 5.78 11.92 12.31 8.92 9.43 7.46 9.34 9.13 12.28 11.19 8.51 7.64 6.78 6.43 7.63 10.68 9.14 10.96 9.34 9.11 9.89 8.46 9.32 7.66 7.86 7.36 6.98 6.69 6.82 6.72 6.65 6.19 5.94 5.69 6.04 7.31 8.35 7.85 7.25 8.14 7.70 8.91 8.43 8.70 9.18 9.59 9.85 9.72 8.66 7.30 7.69 7.68
10.40 9.32 8.91 10.56 11.78 13.42 11.95 10.33 9.48 8.68 9.21 12.24 9.22 10.62 7.56 9.84 10.46 9.43 8.03 10.91 10.00 12.70 13.02 15.51 13.33 13.80 12.02 16.50 10.32 9.05 8.44 9.47 8.84 11.66 11.01 11.15 7.74 7.19 6.54 10.35 10.99 10.43 10.72 8.81 9.43 9.70 9.30 7.75 7.46 7.46 7.14 6.91 6.82 6.66 7.14 6.98 6.90 5.97 5.11 5.25 6.42 8.44 6.73 7.36 7.58 7.29 7.34 7.73 7.68 8.14 8.90 8.70 9.24 9.04 8.34 7.87 7.75 7.18
10.99 9.86 9.35 9.56 11.31 11.39 12.01 11.12 10.33 9.78 9.38 9.88 12.51 8.54 12.91 11.72 11.60 12.59 10.63 8.05 8.22 10.53 9.67 12.16 12.24 10.47 15.05 14.90 8.78 9.75 7.41 8.17 10.21 11.06 10.07 9.13 7.40 6.79 8.59 7.96 9.86 9.54 8.82 9.17 8.84 8.33 7.86 6.77 6.42 6.48 6.56 8.25 6.80 7.51 6.63 6.20 5.24 4.72 4.86 6.05 7.75 7.44 7.01 7.27 7.25 7.11 7.41 8.06 8.69 7.47 8.53 9.49 8.73 8.23 8.29 7.17 7.27 8.03
10.70 10.37 10.85 11.59 12.71 -9999 -9999 -9999 -9999 10.79 10.56 11.59 9.03 7.92 9.70 9.92 9.68 9.10 5.30 14.82 15.34 10.06 8.88 9.28 11.27 12.29 14.10 10.96 9.36 8.21 7.22 11.70 10.17 11.66 8.29 7.93 7.45 7.19 9.48 7.63 9.29 9.09 8.20 8.32 7.99 7.47 6.71 6.24 6.14 6.35 6.52 7.85 6.95 7.25 7.10 6.15 5.29 4.72 6.21 6.15 7.08 7.43 7.42 6.07 6.39 6.56 7.85 8.39 8.18 7.03 7.96 8.82 8.56 7.96 8.47 7.74 7.37 7.52
