ML/MeanWindSpeed_2000-08_Actual.txt
ncols         180
nrows         290
xllcorner     -200000
yllcorner     -200000
cellsize      5000
NODATA_value  -9999
[rows 175 to 209 of 290, columns 79 to 157 of 180]
-9999 -9999 -9999 -9999 -9999 -9999 -9999 9.57 9.18 8.78 8.39 8.13 6.90 6.07 9.61 13.93 7.85 9.29 8.57 7.86 6.72 5.31 5.63 6.87 7.56 6.05 4.74 5.13 5.82 5.46 5.69 6.61 6.25 6.15 6.00 6.13 6.16 5.93 5.77 5.60 8.53 8.89 7.64 7.95 6.84 6.67 7.56 7.52 6.34 6.08 6.61 6.13 5.81 6.22 5.97 6.57 6.24 6.19 6.04 6.01 6.77 6.18 6.16 6.26 6.19 6.51 6.85 6.97 7.23 7.55 6.81 7.65 8.65 -9999 -9999 -9999 -9999 -9999 -9999
-9999 -9999 -9999 -9999 -9999 -9999 -9999 -9999 10.16 8.80 7.82 6.73 6.29 7.63 16.34 12.14 7.01 9.86 6.43 8.09 7.82 5.67 4.64 8.51 6.54 6.48 5.59 4.92 5.20 5.34 5.01 5.75 6.30 6.31 6.20 5.98 6.07 5.74 5.38 6.46 7.20 9.29 7.89 8.45 7.85 5.36 6.88 8.09 6.28 6.22 6.42 5.87 5.84 6.03 6.01 6.68 6.24 6.16 6.31 6.24 6.67 6.59 6.36 6.33 6.32 6.46 6.86 7.66 7.10 6.75 6.82 7.49 8.53 -9999 -9999 -9999 -9999 -9999 -9999
-9999 -9999 -9999 -9999 -9999 -9999 -9999 -9999 -9999 8.70 7.18 7.16 8.41 14.92 16.49 12.10 9.61 8.85 8.48 8.80 8.73 8.41 5.95 5.25 8.03 5.93 5.49 5.48 5.09 5.13 5.20 5.38 5.97 5.99 5.89 6.02 5.94 5.69 5.73 6.32 7.56 8.09 6.74 7.06 8.16 6.86 5.27 7.90 6.29 6.15 6.34 5.79 5.86 5.85 6.26 6.73 6.37 6.29 6.35 6.13 6.98 6.66 6.52 6.52 6.51 6.74 6.75 6.82 6.69 6.66 6.86 7.73 8.66 -9999 -9999 -9999 -9999 -9999 -9999
-9999 -9999 -9999 -9999 -9999 -9999 -9999 -9999 -9999 7.99 7.35 9.00 10.89 12.50 14.40 9.69 7.56 8.62 9.52 9.24 9.57 8.43 6.33 4.43 8.03 7.41 6.04 5.98 5.11 5.04 5.29 5.98 6.01 6.06 6.04 5.75 5.56 5.74 6.92 6.77 5.68 8.49 6.90 7.33 8.45 8.22 6.75 6.16 5.83 5.11 5.94 6.34 5.77 5.77 5.81 6.28 6.24 6.50 6.42 6.29 6.58 7.05 6.90 6.91 6.77 6.77 6.69 6.61 6.64 6.92 7.45 8.25 -9999 -9999 -9999 -9999 -9999 -9999 -9999
-9999 -9999 -9999 -9999 -9999 -9999 -9999 -9999 -9999 7.43 7.91 9.23 9.59 12.94 11.72 9.04 9.16 7.56 7.97 9.32 8.24 9.72 7.61 4.74 7.35 8.02 7.74 6.02 5.52 5.01 5.61 6.44 6.42 6.12 5.88 5.64 5.79 6.64 6.86 5.83 5.71 7.54 7.37 7.24 7.18 6.70 6.62 6.99 4.98 5.50 5.69 5.54 5.81 5.61 6.27 5.90 6.20 6.47 6.48 6.64 7.83 7.42 7.16 6.98 6.92 6.83 6.75 6.73 6.84 7.43 8.18 -9999 -9999 -9999 -9999 -9999 -9999 -9999 -9999
-9999 -9999 -9999 -9999 -9999 -9999 -9999 -9999 8.11 12.87 8.84 9.92 11.31 8.65 14.59 12.59 10.98 9.33 10.57 8.36 8.35 7.17 5.45 6.02 8.52 7.76 7.69 6.05 5.39 5.00 6.07 6.34 6.20 6.12 5.76 5.69 6.53 6.39 6.09 6.61 7.13 5.86 8.59 8.02 6.22 6.61 6.13 5.64 5.52 5.00 5.05 5.24 5.88 5.61 5.39 6.45 6.15 6.36 6.59 6.87 7.83 7.38 7.14 7.12 6.92 6.86 6.73 6.75 7.27 8.01 -9999 -9999 -9999 -9999 -9999 -9999 -9999 8.69 -9999
-9999 -9999 -9999 -9999 -9999 -9999 8.06 8.05 10.50 9.54 8.30 8.76 9.63 6.95 7.96 9.38 10.91 10.01 10.64 9.01 8.38 4.51 5.73 5.91 4.80 5.47 5.57 6.32 5.81 5.48 6.22 6.50 6.48 6.09 6.11 6.75 6.31 6.65 6.11 6.92 7.22 6.97 6.38 5.88 6.85 6.49 6.07 5.94 5.81 5.60 4.86 5.43 5.34 4.96 5.26 5.77 6.02 6.29 6.35 6.81 7.71 7.28 6.96 7.02 6.84 6.76 6.70 6.93 7.57 -9999 -9999 -9999 -9999 -9999 8.67 8.50 8.26 7.82 7.84
-9999 -9999 -9999 -9999 -9999 8.10 8.14 8.28 8.58 8.43 8.23 7.63 6.44 5.34 6.53 8.09 9.04 12.78 7.47 5.42 4.65 2.83 6.99 8.21 8.13 6.39 5.94 6.53 6.44 6.25 6.52 6.91 6.58 6.39 6.38 6.78 6.95 6.09 6.08 7.07 7.05 6.69 6.27 6.29 6.49 5.82 6.06 5.37 5.30 5.61 5.24 4.94 4.67 4.87 5.57 5.58 5.76 6.02 6.26 6.64 7.75 7.41 6.93 6.81 6.70 6.68 6.68 6.93 7.45 -9999 -9999 -9999 -9999 -9999 8.05 7.72 7.58 7.25 7.16
-9999 -9999 -9999 -9999 8.37 9.01 8.62 8.61 -9999 -9999 -9999 -9999 6.37 9.24 8.14 8.44 9.49 7.34 5.23 6.37 5.51 4.71 10.64 9.55 8.25 8.85 7.25 6.25 6.64 6.76 6.53 6.63 6.58 6.36 6.65 6.34 7.09 6.21 6.13 6.40 6.63 6.69 6.49 5.83 5.85 5.79 5.64 5.24 5.03 4.86 4.82 4.80 4.96 5.33 5.42 5.48 6.00 6.45 6.59 6.68 7.31 7.24 7.15 6.69 6.61 6.59 6.59 6.71 7.15 7.89 -9999 -9999 -9999 -9999 7.56 7.26 7.09 7.01 6.94
-9999 -9999 -9999 -9999 9.22 10.28 8.41 8.72 -9999 -9999 -9999 -9999 6.58 8.33 9.39 6.27 8.67 7.37 6.23 7.45 8.23 6.39 9.00 5.30 6.56 7.08 6.76 6.26 6.47 6.75 6.68 6.81 7.11 6.48 6.79 6.51 6.52 6.79 6.15 6.25 5.71 6.16 6.77 6.95 6.84 5.83 5.34 5.13 4.99 5.18 4.80 5.06 5.48 5.69 6.19 5.88 7.09 7.15 7.27 6.76 7.07 7.08 6.99 6.55 6.57 6.56 6.52 6.57 6.70 7.20 7.65 -9999 -9999 7.83 7.58 7.39 7.41 7.08 6.80
-9999 -9999 -9999 -9999 -9999 -9999 -9999 -9999 -9999 -9999 -9999 -9999 7.10 9.43 7.99 5.57 6.65 5.24 8.77 7.57 4.67 6.96 6.82 6.08 6.84 6.11 5.91 5.71 6.66 6.68 6.93 6.79 6.49 6.36 6.25 6.09 6.24 6.57 6.15 5.94 5.89 5.97 5.87 6.45 6.59 5.38 6.04 6.52 5.71 5.54 5.25 4.87 5.64 6.31 6.91 6.73 6.45 6.82 7.32 7.01 7.26 7.06 6.96 6.45 6.52 6.54 6.54 6.52 6.45 6.61 6.93 7.38 7.56 7.38 7.44 7.02 7.48 7.39 7.26
-9999 -9999 -9999 -9999 -9999 -9999 -9999 -9999 -9999 -9999 -9999 -9999 -9999 9.42 4.25 4.42 6.55 8.83 7.41 7.71 7.13 4.78 5.71 6.76 4.98 5.25 5.03 5.45 5.97 6.44 6.63 6.71 6.50 6.14 5.95 6.15 6.10 6.38 6.18 5.84 7.00 6.46 5.70 5.68 5.71 5.75 5.61 6.19 6.26 5.83 6.47 5.56 5.58 6.08 5.83 6.07 6.24 6.33 7.23 7.25 7.09 6.76 6.89 6.43 6.48 6.49 6.48 6.50 6.53 6.57 6.59 6.83 7.02 7.05 7.01 7.08 7.65 7.53 7.22
-9999 -9999 -9999 -9999 -9999 -9999 -9999 -9999 -9999 -9999 -9999 -9999 -9999 6.86 9.27 9.86 8.34 6.77 5.58 6.59 4.94 5.02 4.42 4.37 6.09 5.03 5.03 6.35 6.14 6.20 6.33 6.03 6.04 6.31 6.17 6.90 6.80 6.45 6.04 5.66 6.77 7.21 6.32 5.66 5.45 5.65 5.64 5.62 5.82 6.24 7.62 6.85 5.80 5.57 5.77 6.41 7.15 7.27 7.04 7.41 7.12 6.75 6.54 6.41 6.46 6.46 6.51 6.53 6.56 6.61 6.67 6.77 6.90 7.08 7.10 7.03 7.50 7.47 7.72
-9999 -9999 -9999 -9999 -9999 -9999 -9999 -9999 -9999 -9999 -9999 -9999 8.44 8.12 6.53 11.16 7.17 5.30 6.29 5.81 4.84 6.70 4.88 4.86 6.70 4.77 8.68 6.59 5.45 5.76 6.79 5.96 5.78 7.54 7.45 7.00 6.23 6.36 6.15 5.80 6.21 6.50 6.24 5.76 5.62 5.52 5.49 5.76 5.69 6.42 6.43 6.20 5.94 5.73 6.14 6.77 7.48 7.51 6.93 7.02 6.87 6.69 6.55 6.43 6.43 6.48 6.52 6.54 6.54 6.60 6.68 6.69 6.82 7.26 7.30 7.14 7.29 7.50 7.06
-9999 -9999 -9999 -9999 -9999 -9999 -9999 -9999 -9999 -9999 -9999 -9999 7.62 8.16 11.08 6.52 3.50 4.52 4.55 5.57 7.40 7.37 5.70 5.56 5.75 4.78 5.51 6.21 7.06 6.99 6.04 6.16 6.09 6.37 6.89 6.22 6.04 6.40 6.23 6.32 6.48 6.19 6.28 6.04 5.75 5.55 5.32 5.43 5.61 6.15 6.40 6.15 5.59 5.84 6.63 7.50 7.17 7.54 7.44 6.96 6.56 7.05 6.56 6.63 6.48 6.52 6.47 6.50 6.52 6.53 6.57 6.64 6.75 7.37 7.30 7.03 7.10 7.38 7.10
-9999 -9999 -9999 -9999 -9999 -9999 -9999 -9999 -9999 -9999 -9999 -9999 8.19 9.48 4.97 5.50 4.40 5.03 5.25 8.40 7.33 8.11 6.17 5.56 4.48 3.97 4.79 7.20 8.60 9.38 6.44 7.41 6.40 6.46 6.58 5.74 5.84 6.08 6.30 6.43 5.97 6.01 6.83 6.30 5.64 5.49 6.06 5.26 5.67 5.92 5.89 5.64 5.52 5.95 6.40 6.79 6.89 6.88 6.45 6.41 6.75 6.94 6.29 6.24 6.45 6.47 6.46 6.41 6.36 6.42 6.46 6.54 6.65 6.91 6.87 6.98 6.83 6.97 6.76
-9999 -9999 -9999 -9999 -9999 -9999 -9999 -9999 -9999 -9999 -9999 -9999 -9999 6.07 6.68 7.60 8.54 8.78 7.33 7.64 6.36 4.31 4.22 3.91 4.71 5.04 4.78 6.00 6.59 8.74 7.40 6.57 6.09 6.96 6.93 5.72 6.28 5.76 5.95 7.22 5.99 5.88 5.89 5.96 5.37 5.19 6.18 5.92 5.63 5.99 5.76 5.64 5.89 6.38 6.17 6.20 6.04 6.52 6.11 6.85 6.90 6.33 6.17 6.51 6.48 6.28 6.26 6.23 6.25 6.30 6.34 6.40 6.44 6.50 6.53 6.62 6.43 6.22 6.22
-9999 -9999 -9999 -9999 -9999 -9999 -9999 -9999 -9999 -9999 -9999 -9999 -9999 6.93 7.62 8.05 8.86 10.10 9.13 6.95 5.20 4.13 5.21 6.57 7.82 9.10 7.13 5.80 6.47 7.35 7.05 5.80 7.48 6.88 6.97 6.16 6.73 6.06 5.83 6.12 6.83 6.54 6.14 5.89 5.48 5.13 5.92 5.94 5.79 5.85 6.11 6.26 6.41 6.63 6.14 6.02 6.80 6.86 6.89 6.73 6.89 6.31 6.48 6.80 6.22 6.09 6.09 6.09 6.17 6.18 6.18 6.22 6.24 6.25 6.14 5.92 5.57 5.33 5.44
-9999 -9999 -9999 -9999 -9999 -9999 -9999 -9999 -9999 -9999 -9999 -9999 7.34 6.20 6.90 8.18 8.53 7.64 7.35 5.96 6.66 9.49 7.66 7.83 7.79 6.62 6.16 6.77 7.31 6.34 5.92 6.42 7.47 7.31 6.96 6.04 6.83 5.88 5.86 6.73 6.24 6.48 6.55 6.21 6.08 5.58 6.08 6.08 5.67 5.85 5.89 5.86 6.34 6.09 6.76 6.49 6.90 6.45 6.69 6.79 6.26 6.14 6.67 6.61 6.05 6.00 6.18 6.05 6.13 6.14 6.18 6.15 6.05 5.95 5.69 5.68 5.61 5.47 4.97
-9999 -9999 -9999 -9999 -9999 -9999 -9999 -9999 -9999 -9999 -9999 -9999 8.53 7.20 6.57 6.34 7.16 9.25 8.84 7.94 6.98 7.33 8.32 9.05 8.82 6.44 7.99 8.86 6.49 7.93 5.55 6.12 7.18 8.24 6.18 6.49 5.80 5.50 5.77 6.24 7.87 6.82 6.82 6.53 6.29 6.08 6.16 5.98 5.68 5.76 5.74 5.67 5.65 6.46 6.81 6.84 7.18 6.53 6.28 6.29 6.00 6.23 6.56 6.39 6.14 6.37 6.22 6.38 6.14 6.13 6.23 6.21 5.93 5.69 5.37 5.14 5.45 5.39 5.39
-9999 -9999 -9999 -9999 -9999 -9999 -9999 -9999 -9999 -9999 -9999 -9999 7.60 6.98 4.99 5.50 6.89 9.35 8.05 8.20 6.74 8.07 7.70 6.71 7.05 7.72 7.90 7.12 6.44 6.85 8.47 6.08 5.83 5.87 6.00 7.05 6.29 5.51 5.76 6.24 6.48 6.36 6.97 6.70 6.39 6.37 5.93 5.57 5.85 5.95 5.98 5.57 5.97 6.81 6.85 6.34 6.45 6.93 6.31 6.42 5.79 6.36 6.45 6.03 6.04 6.17 5.83 5.97 5.95 6.02 6.05 5.94 5.74 5.53 5.22 5.21 4.74 4.91 5.08
-9999 -9999 -9999 -9999 -9999 -9999 -9999 -9999 -9999 -9999 -9999 7.33 7.93 9.05 6.90 5.15 7.28 7.81 8.94 8.87 5.89 6.35 5.79 6.63 7.58 6.78 6.99 8.37 7.58 7.17 6.83 5.93 5.09 5.15 5.94 6.13 6.14 6.09 5.83 5.75 6.24 6.43 6.09 6.39 6.19 6.53 5.98 5.80 5.81 5.53 5.40 5.54 6.32 6.33 6.42 6.05 6.54 6.58 6.31 5.79 6.30 6.33 6.33 6.48 6.28 5.98 5.89 5.80 5.91 5.99 5.90 5.78 5.54 5.29 5.17 5.21 5.00 4.97 5.15
-9999 -9999 -9999 -9999 -9999 -9999 -9999 -9999 -9999 -9999 7.95 7.96 8.33 6.85 5.31 6.92 8.74 8.78 7.44 8.58 6.28 7.16 6.14 5.77 9.75 7.18 7.99 7.01 7.27 6.42 6.17 5.95 6.19 5.43 6.74 5.91 6.44 5.85 5.76 5.90 6.12 6.29 6.10 6.20 6.41 6.43 5.54 5.81 5.68 5.69 5.74 5.90 6.30 5.89 6.42 6.15 6.28 5.77 5.73 6.42 6.65 6.35 6.46 6.39 5.89 6.14 6.15 6.14 6.15 5.98 5.76 5.53 5.51 5.35 5.64 5.68 5.69 5.67 5.30
-9999 -9999 -9999 -9999 -9999 -9999 -9999 -9999 8.76 7.85 7.17 6.17 5.75 5.76 5.70 7.54 8.07 8.61 9.46 8.23 6.70 4.50 6.50 6.24 8.83 7.53 7.33 7.57 6.73 6.44 5.58 5.64 6.46 6.01 6.17 5.11 5.65 5.91 6.03 6.45 6.23 6.42 6.00 6.06 6.16 5.68 5.54 5.65 6.05 5.87 6.40 6.73 6.40 6.12 5.85 5.74 6.20 6.46 6.27 6.43 5.89 6.42 6.52 6.11 5.68 5.75 6.32 6.27 6.29 5.78 5.57 5.36 5.43 5.96 6.15 5.95 6.41 6.29 6.24
-9999 -9999 -9999 -9999 8.64 8.15 7.36 9.32 9.25 9.20 8.99 7.03 6.19 5.69 8.56 7.22 8.25 7.98 7.55 5.44 4.63 3.75 5.23 5.60 9.97 9.13 7.75 6.57 7.00 6.51 6.90 4.68 5.69 5.91 5.83 5.61 5.52 5.72 6.47 6.13 5.75 6.59 5.93 5.80 5.43 5.61 5.94 6.13 5.56 6.15 5.95 6.15 6.69 6.59 6.39 6.23 6.57 6.52 6.27 5.98 6.44 5.88 5.82 5.75 5.63 6.09 6.25 6.26 5.84 5.45 5.46 5.58 6.20 6.26 5.99 6.46 5.98 6.27 6.64
-9999 -9999 -9999 9.30 7.86 8.26 7.82 7.37 8.45 7.96 7.99 6.36 5.42 7.60 7.77 7.77 5.47 8.38 5.59 3.97 7.26 5.55 3.92 8.96 8.06 7.11 4.68 5.18 5.94 7.72 5.34 4.66 4.57 4.71 6.05 6.10 6.40 5.99 6.26 5.86 5.72 6.29 5.86 5.38 5.37 5.71 6.11 5.83 6.94 5.90 5.76 6.00 6.47 6.13 6.09 5.88 5.97 6.25 6.10 6.43 6.02 5.68 5.74 5.94 5.68 5.84 5.82 5.41 5.28 5.24 5.35 5.57 5.88 6.41 6.42 6.48 6.26 6.25 6.42
-9999 -9999 8.88 8.61 6.85 6.63 6.74 7.23 6.87 7.20 6.49 6.74 9.33 7.39 6.26 8.18 4.22 5.48 5.24 7.30 6.97 7.66 6.53 6.73 5.76 3.72 7.11 7.50 5.51 5.66 4.97 4.55 4.86 4.57 5.07 6.47 6.98 5.83 5.77 5.81 6.01 5.57 5.04 5.10 6.85 5.80 5.65 5.95 6.43 6.10 5.83 6.15 6.46 6.42 6.72 6.33 5.78 5.67 5.68 6.20 5.94 5.62 6.16 6.08 5.72 5.72 5.52 5.30 5.43 5.47 5.54 5.78 5.89 6.45 6.13 6.07 6.29 6.06 6.23
8.35 9.17 7.45 7.31 7.74 7.09 6.73 8.04 7.29 7.29 7.16 8.86 8.33 7.04 7.43 6.58 4.65 4.14 6.46 6.87 5.89 6.25 7.68 5.81 3.65 6.81 8.15 6.96 7.19 5.49 5.50 4.99 5.31 6.64 5.54 7.11 6.19 5.72 5.64 5.81 6.58 4.88 5.06 7.55 6.05 5.82 5.78 6.09 6.65 5.86 5.96 6.16 5.98 6.33 6.31 5.95 5.65 5.79 5.57 5.80 5.98 5.97 5.68 5.46 5.38 5.34 5.58 6.40 5.94 6.42 6.03 5.45 6.32 6.37 6.57 6.43 6.30 6.38 6.20
7.76 9.35 11.20 10.27 9.79 7.73 8.42 9.47 8.61 8.27 9.51 8.27 7.64 8.83 6.35 4.20 4.13 4.05 5.90 5.85 5.45 5.18 5.30 4.72 5.97 11.81 9.26 7.27 5.89 6.25 5.97 7.15 6.30 6.56 5.88 5.93 5.97 6.00 5.66 5.45 5.21 4.77 7.00 7.51 7.04 6.23 5.98 7.46 6.45 5.97 6.13 5.88 6.36 6.30 6.07 5.52 6.12 5.82 5.44 6.48 6.28 5.52 5.38 5.34 5.29 5.64 6.24 6.42 6.20 6.43 5.95 5.69 6.30 6.54 6.34 6.57 6.48 6.59 6.54
7.98 8.73 8.94 8.43 7.46 8.66 7.95 9.07 7.04 7.77 9.21 8.46 7.11 7.47 4.66 3.76 5.73 6.17 5.28 4.28 5.58 3.73 3.39 3.72 7.31 9.72 10.21 6.11 6.70 6.98 7.28 6.85 5.99 6.71 6.31 6.29 5.92 6.04 5.19 4.82 5.34 5.37 7.18 7.22 6.94 6.22 6.65 7.43 6.87 6.50 6.18 6.31 6.23 5.92 5.65 5.60 5.87 6.08 5.84 5.72 5.59 5.38 6.09 6.52 5.60 5.77 6.26 6.37 5.97 6.17 6.04 5.99 6.12 6.23 6.52 6.44 6.46 6.24 6.42
7.81 8.16 7.81 8.01 7.45 7.49 8.33 7.40 7.79 6.83 6.58 6.33 5.89 5.35 6.29 5.29 7.55 11.26 5.61 5.62 5.91 8.78 8.49 3.59 3.70 10.50 8.35 7.37 7.88 8.69 7.36 5.99 5.48 6.93 7.28 6.48 5.91 5.48 4.89 4.67 5.51 7.32 7.67 7.00 6.86 6.67 6.41 6.15 6.61 6.14 6.08 5.94 5.69 5.47 5.41 5.96 5.79 5.61 5.59 5.03 5.19 5.84 5.87 6.34 5.94 5.91 5.89 5.95 6.17 6.17 6.06 6.00 6.10 6.14 6.18 6.48 6.43 6.06 6.24
7.63 8.17 7.38 7.55 7.47 7.50 6.84 6.80 7.30 6.70 7.43 6.50 7.75 5.45 7.16 8.41 8.28 8.82 9.17 7.35 8.62 10.01 6.68 7.87 6.84 3.91 7.75 8.29 6.40 6.78 5.59 6.66 6.58 8.56 8.01 6.43 5.82 5.15 4.78 5.47 7.43 6.67 7.91 7.09 7.02 7.49 6.51 6.72 5.65 5.83 5.65 5.57 5.50 5.65 5.58 5.50 5.19 4.96 4.72 4.95 5.80 6.49 6.19 5.78 6.21 5.78 6.28 5.74 5.64 5.66 5.70 5.82 5.96 6.22 6.00 6.34 6.30 6.12 6.40
7.77 7.46 8.30 8.90 9.81 8.84 7.80 7.24 6.72 6.93 8.64 6.78 7.53 5.50 6.72 6.97 6.24 5.23 6.68 6.00 7.75 8.07 9.51 8.20 8.69 7.76 10.60 7.19 6.56 6.20 6.72 6.32 8.15 7.96 8.09 5.96 5.47 4.97 7.21 7.63 7.45 7.76 6.69 7.12 7.34 7.01 5.53 5.22 5.33 5.30 5.38 5.57 5.64 5.99 5.85 5.68 4.99 4.37 4.45 5.29 6.65 5.74 6.12 6.18 5.87 5.70 5.72 5.49 5.51 5.67 5.38 5.73 5.84 5.93 6.09 6.21 5.92 5.78 6.47
8.11 7.76 7.81 8.73 8.66 8.92 8.30 7.78 7.38 7.09 7.38 8.86 6.38 8.86 8.12 7.98 8.41 6.96 5.14 5.20 6.70 6.31 7.87 7.88 6.91 9.65 9.73 6.34 6.92 5.46 5.92 7.24 7.94 7.52 6.92 5.71 5.14 6.17 5.93 7.18 7.11 6.72 6.91 6.67 6.23 5.56 4.64 4.44 4.62 4.92 6.27 5.77 6.42 5.94 5.52 4.61 4.07 4.12 4.91 6.18 6.26 6.12 6.26 6.11 5.81 5.83 6.08 6.29 5.33 5.73 6.18 5.73 5.61 5.95 5.57 5.84 6.45 6.11 5.92
8.50 8.77 9.16 9.71 -9999 -9999 -9999 -9999 8.08 7.86 8.43 6.83 6.08 7.09 7.22 6.95 6.32 3.81 9.41 9.65 6.62 6.01 6.37 7.57 8.23 9.36 7.60 6.74 5.99 5.35 8.14 7.41 8.44 6.44 6.14 5.76 5.50 6.89 5.99 7.13 7.05 6.49 6.46 6.11 5.55 4.80 4.36 4.31 4.57 4.98 6.22 6.15 6.61 6.53 5.66 4.64 4.02 4.92 4.99 5.90 6.43 6.50 5.65 5.62 5.53 6.19 6.41 6.17 5.31 5.70 6.11 5.95 5.68 6.18 5.96 5.96 6.24 6.30 6.02
