ML/MeanWindSpeed_2000-10_Actual.txt
ncols         180
nrows         290
xllcorner     -200000
yllcorner     -200000
cellsize      5000
NODATA_value  -9999
[rows 175 to 209 of 290, columns 78 to 155 of 180]
-9999 -9999 -9999 -9999 -9999 -9999 -9999 -9999 17.61 16.50 15.32 14.34 13.33 10.47 8.55 14.95 22.77 11.59 13.91 12.29 10.81 8.58 5.86 6.72 9.33 11.04 8.85 6.80 7.58 8.89 8.21 8.54 10.05 9.34 9.17 8.87 9.02 8.99 8.48 8.05 7.76 13.28 13.91 11.84 12.33 10.00 9.70 11.35 11.01 8.76 8.25 9.29 8.49 7.85 8.57 8.11 9.26 8.72 8.58 8.29 8.22 9.63 8.49 8.44 8.64 8.55 9.14 9.71 9.81 10.10 10.57 9.26 11.27 13.71 -9999 -9999 -9999 -9999
-9999 -9999 -9999 -9999 -9999 -9999 -9999 -9999 -9999 18.72 15.67 13.19 10.40 8.86 10.83 26.86 19.46 10.02 15.11 8.47 11.16 10.55 6.54 5.08 12.75 9.57 9.72 8.29 7.18 7.67 7.80 7.11 8.49 9.43 9.42 9.17 8.72 8.83 8.16 7.42 9.47 11.15 14.91 12.30 13.33 12.03 7.31 10.14 12.21 8.77 8.59 9.01 8.02 7.89 8.23 8.20 9.48 8.71 8.51 8.80 8.67 9.50 9.28 8.83 8.78 8.74 8.97 9.70 11.06 9.86 9.08 9.11 10.79 13.31 -9999 -9999 -9999 -9999
-9999 -9999 -9999 -9999 -9999 -9999 -9999 -9999 -9999 -9999 15.58 11.85 10.85 12.51 24.29 27.80 19.89 14.84 13.51 12.71 13.00 12.73 11.91 7.64 7.06 12.65 8.90 8.07 8.13 7.46 7.45 7.48 7.84 8.86 8.80 8.54 8.74 8.57 8.07 8.18 9.37 12.01 13.03 10.34 10.79 12.62 10.01 7.21 11.98 8.81 8.49 8.91 7.87 7.92 7.89 8.66 9.58 8.93 8.73 8.85 8.43 10.01 9.40 9.11 9.09 9.05 9.44 9.41 9.45 9.03 8.87 9.20 11.23 13.53 -9999 -9999 -9999 -9999
-9999 -9999 -9999 -9999 -9999 -9999 -9999 -9999 -9999 -9999 14.14 11.99 14.10 17.35 20.59 24.77 15.90 11.05 13.04 14.83 14.23 14.86 12.65 8.74 5.77 12.87 11.72 9.20 9.06 7.42 7.22 7.62 8.92 8.97 8.93 8.81 8.24 7.84 8.17 10.42 10.24 8.53 13.81 10.69 11.36 13.23 12.54 10.01 9.02 8.13 6.70 8.27 8.92 7.79 7.77 7.89 8.78 8.64 9.10 8.94 8.66 9.24 10.11 9.78 9.78 9.48 9.43 9.22 8.91 8.75 9.25 10.45 12.37 -9999 -9999 -9999 -9999 -9999
-9999 -9999 -9999 -9999 -9999 -9999 -9999 -9999 -9999 -9999 12.94 13.05 14.94 15.64 21.97 19.96 14.61 14.04 11.21 12.43 15.05 13.21 15.83 11.66 6.55 11.82 13.06 12.47 9.18 8.10 7.09 8.14 9.65 9.61 8.98 8.49 8.01 8.29 9.86 10.40 8.57 8.42 11.99 11.59 11.22 11.07 9.99 9.83 10.54 6.68 7.48 7.88 7.53 7.95 7.55 8.74 8.05 8.54 8.97 8.99 9.25 11.49 10.78 10.23 9.88 9.73 9.46 9.14 8.86 8.93 10.22 12.01 -9999 -9999 -9999 -9999 -9999 -9999
-9999 -9999 -9999 -9999 -9999 -9999 -9999 -9999 -9999 14.82 22.71 14.98 16.87 19.42 14.54 24.93 20.84 17.46 14.78 17.81 14.24 14.41 12.15 8.53 9.25 14.19 12.92 12.63 9.33 7.84 6.99 8.93 9.44 9.11 8.90 8.25 8.10 9.69 9.51 9.11 10.03 10.90 8.85 13.87 12.69 9.39 10.07 9.01 7.99 7.63 6.58 6.72 7.05 8.15 7.58 7.10 8.98 8.38 8.72 9.12 9.64 11.47 10.69 10.19 10.06 9.63 9.38 8.86 8.63 9.70 11.39 -9999 -9999 -9999 -9999 -9999 -9999 -9999
-9999 -9999 -9999 -9999 -9999 -9999 -9999 15.80 15.13 19.11 16.95 14.69 15.75 17.07 11.58 12.98 15.40 17.93 16.55 18.46 16.08 15.19 8.09 9.95 10.01 8.06 9.29 9.07 9.90 8.61 7.78 9.10 9.62 9.49 8.74 8.83 10.05 9.37 10.06 9.13 10.60 11.12 10.83 9.83 8.79 10.44 9.79 8.92 8.49 8.12 7.67 6.35 7.38 7.12 6.34 6.82 7.64 8.00 8.47 8.59 9.51 11.27 10.49 9.79 9.83 9.37 9.02 8.59 8.88 10.26 -9999 -9999 -9999 -9999 -9999 13.50 12.91 12.20
-9999 -9999 -9999 -9999 -9999 -9999 16.30 15.83 15.69 16.13 15.74 15.49 14.38 11.56 8.95 10.90 13.65 15.57 22.67 13.65 10.42 9.22 5.90 13.32 15.34 14.98 11.50 10.01 10.32 9.70 9.05 9.45 10.11 9.45 9.08 9.21 10.11 10.58 9.04 8.99 10.90 10.90 10.23 9.52 9.42 9.67 8.45 8.79 7.38 7.16 7.68 6.99 6.39 5.83 6.12 7.27 7.18 7.41 7.83 8.30 9.13 11.29 10.62 9.67 9.36 9.00 8.73 8.43 8.75 9.87 -9999 -9999 -9999 -9999 -9999 12.01 11.05 10.49
-9999 -9999 -9999 -9999 -9999 17.26 17.93 16.86 16.71 -9999 -9999 -9999 -9999 11.38 15.99 13.77 14.65 17.14 13.65 10.43 13.13 11.90 10.36 21.18 19.00 15.98 16.28 12.49 9.84 10.01 9.88 9.30 9.40 9.28 8.86 9.58 9.30 10.83 9.24 9.05 9.64 10.09 10.14 9.76 8.45 8.45 8.32 7.97 7.07 6.63 6.29 6.13 6.04 6.27 6.84 6.87 6.86 7.70 8.45 8.73 9.00 10.30 10.18 9.95 9.04 8.77 8.48 8.15 8.19 9.10 10.88 -9999 -9999 -9999 -9999 10.97 10.13 9.70
-9999 -9999 -9999 -9999 -9999 18.98 20.55 17.04 17.53 -9999 -9999 -9999 -9999 11.66 14.44 16.18 10.75 15.85 14.23 12.84 15.69 17.63 14.43 19.43 12.35 13.75 13.66 11.83 9.92 9.73 9.82 9.48 9.65 10.18 8.99 9.70 9.51 9.71 10.23 9.06 9.31 8.34 9.09 10.14 10.47 10.26 8.33 7.37 6.84 6.50 6.78 6.00 6.38 7.10 7.39 8.18 7.46 9.55 9.60 9.81 8.95 9.68 9.75 9.60 8.75 8.70 8.44 8.05 7.87 8.02 9.17 10.28 -9999 -9999 11.46 11.02 10.56 10.60
-9999 -9999 -9999 -9999 -9999 -9999 -9999 -9999 -9999 -9999 -9999 -9999 -9999 12.86 16.97 13.97 9.39 12.24 10.73 17.92 16.49 11.78 16.23 16.09 14.20 14.62 12.22 10.50 8.94 10.03 9.65 9.92 9.58 9.03 8.73 8.61 8.57 9.04 9.68 8.94 8.64 8.60 8.70 8.51 9.56 9.75 7.43 8.59 9.38 7.76 7.38 6.73 5.96 7.38 8.54 9.48 8.95 8.35 8.95 9.85 9.28 9.85 9.65 9.57 8.62 8.66 8.50 8.23 7.90 7.53 7.83 8.65 9.86 10.64 10.59 10.83 10.09 10.96
-9999 -9999 -9999 -9999 -9999 -9999 -9999 -9999 -9999 -9999 -9999 -9999 -9999 -9999 17.14 7.42 7.49 12.31 17.55 15.89 17.24 16.56 12.26 13.73 15.08 10.99 10.47 8.83 8.47 8.77 9.21 9.38 9.44 9.03 8.30 8.00 8.56 8.69 9.28 8.94 8.36 10.52 9.61 8.31 8.28 8.25 8.19 7.84 8.83 8.85 7.97 9.06 7.30 7.32 8.18 7.55 7.80 8.02 8.11 9.72 9.72 9.48 9.15 9.59 8.72 8.73 8.57 8.28 8.07 7.96 7.98 8.09 8.85 9.62 10.02 10.11 10.32 11.40
-9999 -9999 -9999 -9999 -9999 -9999 -9999 -9999 -9999 -9999 -9999 -9999 -9999 -9999 12.41 16.49 17.46 15.47 13.82 12.71 15.16 12.36 12.31 10.95 10.31 12.64 9.71 8.62 10.10 9.09 8.79 8.87 8.18 8.13 8.58 8.42 9.92 9.94 9.42 8.69 8.01 10.13 10.99 9.42 8.24 7.87 8.13 8.07 8.01 8.24 8.86 11.28 9.75 7.76 7.27 7.47 8.45 9.68 9.85 9.43 10.08 9.70 9.45 9.20 8.87 8.85 8.67 8.58 8.40 8.32 8.39 8.58 9.03 9.59 10.18 10.31 10.21 11.15
-9999 -9999 -9999 -9999 -9999 -9999 -9999 -9999 -9999 -9999 -9999 -9999 -9999 15.36 14.36 11.28 19.95 13.26 10.65 13.22 13.12 11.63 14.90 11.36 10.82 13.32 8.87 15.13 10.51 7.86 8.05 9.76 8.07 7.67 10.90 10.84 10.19 8.95 9.27 8.94 8.32 9.27 9.85 9.33 8.43 8.20 7.99 7.93 8.41 8.21 9.44 9.36 8.70 8.01 7.51 8.11 9.13 10.34 10.37 9.35 9.61 9.81 9.73 9.41 9.06 8.92 8.86 8.79 8.66 8.55 8.65 8.88 9.09 9.57 10.54 10.66 10.38 10.72
-9999 -9999 -9999 -9999 -9999 -9999 -9999 -9999 -9999 -9999 -9999 -9999 -9999 13.84 14.61 19.78 11.57 6.27 8.43 9.12 11.85 15.51 15.37 12.09 11.41 11.09 8.49 9.23 9.98 10.99 10.46 8.55 8.58 8.41 9.01 10.09 8.98 8.71 9.42 9.14 9.33 9.82 9.43 9.56 9.04 8.52 8.17 7.73 7.85 8.15 9.11 9.50 8.73 7.38 7.66 9.06 10.64 10.02 10.71 10.57 9.91 9.50 10.39 9.43 9.46 9.09 9.03 8.79 8.72 8.70 8.69 8.85 9.10 9.44 10.71 10.63 10.14 10.31
-9999 -9999 -9999 -9999 -9999 -9999 -9999 -9999 -9999 -9999 -9999 -9999 -9999 14.92 16.82 8.32 9.07 6.96 8.38 9.59 16.22 14.63 15.98 12.20 10.70 8.23 6.61 7.76 11.78 13.91 15.08 9.51 11.07 9.14 9.39 9.76 8.23 8.37 8.88 9.36 9.61 8.88 9.05 10.58 9.59 8.42 8.15 9.18 7.63 8.31 8.70 8.51 7.78 7.29 7.96 8.79 9.53 9.75 9.66 8.90 9.00 9.77 10.14 8.89 8.71 9.01 8.95 8.81 8.63 8.47 8.59 8.74 8.97 9.30 9.89 9.88 10.08 9.88
-9999 -9999 -9999 -9999 -9999 -9999 -9999 -9999 -9999 -9999 -9999 -9999 -9999 -9999 10.07 10.77 12.04 13.66 14.55 12.66 13.91 12.06 8.36 7.86 6.98 8.01 8.17 7.52 9.57 10.58 14.28 11.51 9.82 8.80 10.46 10.47 8.17 9.18 8.31 8.76 11.12 8.94 8.79 8.85 8.99 8.00 7.76 9.48 8.87 8.25 8.79 8.21 7.75 8.02 8.85 8.51 8.58 8.25 9.06 8.34 9.76 9.97 8.97 8.61 9.14 9.01 8.57 8.43 8.29 8.32 8.44 8.57 8.77 8.96 9.19 9.33 9.54 9.32
-9999 -9999 -9999 -9999 -9999 -9999 -9999 -9999 -9999 -9999 -9999 -9999 -9999 -9999 11.04 11.72 12.29 14.06 16.80 15.67 12.02 9.08 7.15 8.91 11.15 13.17 15.26 11.61 9.36 10.64 12.07 11.16 8.68 11.64 10.50 10.59 8.99 10.05 8.89 8.55 9.13 10.42 9.93 9.23 8.66 8.01 7.82 9.13 8.96 8.52 8.50 8.80 8.86 9.02 9.36 8.45 8.20 9.58 9.70 9.76 9.51 9.87 8.79 9.05 9.59 8.45 8.14 8.07 8.04 8.22 8.28 8.34 8.51 8.65 8.80 8.74 8.50 8.11
-9999 -9999 -9999 -9999 -9999 -9999 -9999 -9999 -9999 -9999 -9999 -9999 -9999 11.99 9.06 10.04 12.79 13.67 12.40 12.10 9.71 10.96 16.12 12.83 13.08 12.93 10.77 9.80 10.86 11.97 10.17 9.09 9.89 11.79 11.47 10.66 8.78 10.28 8.56 8.55 10.26 9.39 9.77 9.85 9.03 8.57 8.23 9.35 9.21 8.28 8.47 8.38 8.16 8.95 8.42 9.59 9.00 9.73 8.90 9.40 9.64 8.66 8.35 9.31 9.17 8.07 7.92 8.23 8.00 8.20 8.25 8.41 8.42 8.37 8.34 8.05 8.30 8.46
-9999 -9999 -9999 -9999 -9999 -9999 -9999 -9999 -9999 -9999 -9999 -9999 -9999 13.79 10.71 9.48 9.38 11.23 15.23 14.47 12.85 11.19 12.09 14.08 15.42 14.95 10.55 13.25 14.57 10.23 12.82 8.31 9.30 11.44 13.37 9.31 9.68 8.48 7.88 8.29 9.29 12.36 10.43 10.33 9.67 9.17 8.98 9.33 8.93 8.23 8.29 8.13 7.87 7.73 9.17 9.74 9.71 10.33 9.14 8.72 8.73 8.14 8.47 9.08 8.78 8.24 8.57 8.32 8.66 8.25 8.29 8.58 8.60 8.21 7.92 7.55 7.41 8.25
-9999 -9999 -9999 -9999 -9999 -9999 -9999 -9999 -9999 -9999 -9999 -9999 -9999 11.78 10.16 6.51 7.63 10.51 15.30 12.99 13.27 10.79 13.63 13.07 11.22 11.69 12.79 13.05 11.41 10.06 10.77 13.60 9.23 9.01 9.00 8.97 10.76 9.38 7.90 8.28 9.27 9.85 9.57 10.61 10.07 9.47 9.49 8.78 8.01 8.41 8.51 8.48 7.64 8.30 9.84 9.88 8.88 9.09 9.94 8.76 8.91 7.70 8.70 8.92 8.13 8.10 8.28 7.62 7.89 7.88 8.09 8.26 8.11 7.85 7.58 7.23 7.48 6.91
-9999 -9999 -9999 -9999 -9999 -9999 -9999 -9999 -9999 -9999 -9999 -9999 11.76 12.24 13.86 9.88 6.83 11.13 12.55 14.74 14.66 9.39 10.44 9.36 10.86 12.57 11.00 11.33 13.74 12.13 11.33 10.62 8.92 7.55 7.66 8.88 9.16 9.08 8.89 8.40 8.39 9.39 9.68 8.99 9.49 9.07 9.67 8.66 8.22 8.18 7.60 7.29 7.50 8.88 8.96 9.14 8.38 9.27 9.28 8.72 7.74 8.63 8.66 8.70 8.95 8.54 7.97 7.75 7.57 7.81 8.03 7.93 7.76 7.40 7.03 7.00 7.34 7.25
-9999 -9999 -9999 -9999 -9999 -9999 -9999 -9999 -9999 -9999 -9999 13.39 12.73 13.04 10.07 7.10 10.16 13.96 14.47 12.17 14.31 10.03 11.68 9.73 9.02 16.40 11.69 13.17 11.31 11.55 9.91 9.36 8.84 9.33 7.94 10.26 8.79 9.61 8.38 8.23 8.51 9.01 9.30 8.92 9.05 9.36 9.34 7.65 8.07 7.78 7.78 7.85 8.12 8.84 8.13 9.07 8.49 8.73 7.79 7.64 8.86 9.27 8.74 8.92 8.76 7.79 8.18 8.15 8.14 8.19 7.90 7.58 7.17 7.18 6.97 7.68 7.96 8.18
-9999 -9999 -9999 -9999 -9999 -9999 -9999 -9999 -9999 15.74 13.54 11.78 9.58 8.65 8.46 8.11 11.51 12.99 14.29 15.92 13.54 10.49 6.48 10.10 9.74 14.79 12.45 11.98 12.33 10.63 9.94 8.25 8.28 9.80 8.96 9.27 7.29 8.13 8.47 8.66 9.39 9.06 9.42 8.61 8.68 8.81 7.87 7.50 7.64 8.33 7.98 8.94 9.57 9.01 8.46 7.95 7.67 8.52 9.01 8.63 8.85 7.88 8.87 9.00 8.18 7.34 7.41 8.44 8.35 8.41 7.49 7.12 6.75 6.92 7.99 8.49 8.27 9.19
-9999 -9999 -9999 -9999 -9999 16.21 15.04 13.28 16.54 16.14 15.75 15.14 11.43 9.70 8.53 13.63 11.40 13.69 13.33 12.52 8.45 6.65 4.80 7.60 8.61 17.02 15.38 12.55 10.29 10.97 9.97 10.62 6.65 8.57 8.94 8.76 8.18 7.83 8.10 9.44 8.77 8.08 9.67 8.42 8.05 7.35 7.63 8.14 8.42 7.36 8.45 8.12 8.50 9.49 9.22 8.82 8.50 9.12 9.05 8.58 8.06 8.92 7.87 7.70 7.49 7.20 8.04 8.36 8.39 7.59 6.83 6.82 7.05 8.26 8.49 8.14 9.09 8.24
-9999 -9999 -9999 -9999 17.10 14.08 14.53 13.52 12.60 14.55 13.74 13.65 10.39 8.43 12.20 12.58 12.83 8.80 14.09 8.84 5.65 11.31 8.01 5.25 14.84 13.51 11.50 6.83 7.65 8.95 12.13 7.80 6.61 6.58 6.76 9.09 8.99 9.39 8.57 9.05 8.27 7.96 9.04 8.16 7.16 7.13 7.71 8.36 7.85 9.88 7.98 7.81 8.28 9.09 8.40 8.28 7.84 8.04 8.53 8.28 8.88 8.10 7.44 7.54 7.81 7.27 7.58 7.57 6.80 6.51 6.37 6.57 7.01 7.68 8.79 8.91 9.06 8.65
-9999 -9999 -9999 16.15 15.31 11.76 11.21 11.42 12.43 12.03 12.68 11.22 11.39 15.84 12.19 10.28 13.74 6.33 8.48 7.81 11.32 10.61 11.89 10.09 10.81 9.12 5.10 11.13 11.76 8.16 8.46 7.14 6.37 7.01 6.42 7.27 9.70 10.47 8.23 8.09 8.14 8.45 7.60 6.47 6.48 9.69 7.75 7.43 7.96 8.90 8.31 7.87 8.48 9.05 8.96 9.47 8.70 7.70 7.47 7.45 8.38 7.83 7.22 8.18 7.97 7.30 7.31 6.95 6.50 6.67 6.71 6.86 7.37 7.72 8.90 8.38 8.29 8.63
18.07 15.25 16.55 13.16 12.75 13.43 12.25 11.66 14.19 13.01 13.05 12.69 15.57 14.41 11.91 12.57 10.80 6.92 5.86 9.90 10.55 8.89 9.63 12.28 8.90 4.94 10.44 12.81 10.65 11.15 8.12 8.05 7.01 7.65 10.02 8.05 10.94 9.12 8.01 7.79 8.06 9.33 6.10 6.31 10.81 8.10 7.62 7.50 8.10 9.26 7.86 8.03 8.46 8.16 8.77 8.70 7.98 7.40 7.61 7.17 7.60 7.90 7.75 7.20 6.76 6.60 6.52 6.93 8.39 7.53 8.40 7.71 6.74 8.48 8.76 9.20 8.92 8.64
14.36 13.62 16.55 19.92 18.37 17.47 13.64 15.02 17.09 15.67 15.15 17.37 15.04 13.73 15.47 10.54 6.20 5.63 5.45 8.87 8.90 8.26 7.71 7.80 6.58 8.84 19.56 15.08 11.40 8.72 9.31 8.80 10.85 9.34 9.81 8.53 8.73 8.74 8.51 7.77 7.34 6.76 5.66 9.66 10.59 9.71 8.11 7.64 10.53 8.89 7.98 8.30 7.93 8.84 8.72 8.27 7.18 8.19 7.58 6.85 8.78 8.39 6.89 6.64 6.52 6.37 6.99 8.10 8.44 8.05 8.48 7.59 7.14 8.41 9.11 8.84 9.22 8.97
13.58 14.10 15.63 16.20 15.36 13.77 16.06 14.94 17.23 13.61 14.95 17.53 16.04 13.12 13.12 7.47 5.24 8.39 9.28 7.88 6.10 8.40 4.98 4.26 4.57 11.22 16.25 17.37 9.48 10.26 10.67 11.20 10.33 8.76 10.06 9.25 9.32 8.57 8.53 6.79 5.98 6.85 6.68 9.94 10.01 9.31 7.78 8.65 10.41 9.58 8.94 8.38 8.70 8.58 7.99 7.45 7.28 7.72 8.08 7.59 7.35 7.07 6.60 7.90 8.63 6.92 7.25 8.22 8.51 7.77 8.10 7.80 7.65 7.99 8.58 9.21 9.04 8.98
15.00 13.99 14.94 14.55 15.05 14.28 14.66 16.54 15.20 15.92 14.03 13.41 12.55 11.15 9.47 10.44 8.04 12.01 18.85 8.51 8.40 8.91 14.13 13.52 4.43 5.05 18.10 14.06 11.80 12.48 13.84 11.43 8.79 7.73 10.41 11.02 9.57 8.40 7.40 6.07 5.47 6.99 10.21 10.89 9.63 9.06 8.49 8.21 8.13 9.20 8.36 8.23 8.02 7.58 7.13 6.96 7.92 7.63 7.29 7.16 6.10 6.35 7.45 7.48 8.33 7.58 7.57 7.62 7.77 8.17 8.11 7.81 7.66 7.90 8.35 8.56 9.09 8.93
14.32 13.62 14.84 13.68 14.30 14.63 15.16 14.44 14.61 15.49 14.19 15.31 13.12 14.79 9.80 12.15 14.05 13.81 14.81 15.15 11.61 13.90 16.38 10.23 12.44 10.97 5.97 12.81 13.49 9.78 10.40 8.18 9.91 9.66 13.38 12.44 9.47 8.17 6.67 5.75 6.88 10.60 9.28 11.43 9.71 9.31 10.03 8.55 9.51 7.71 7.95 7.55 7.35 7.18 7.42 7.28 7.11 6.56 6.11 5.55 5.88 7.46 8.68 8.16 7.42 8.14 7.38 8.32 7.35 7.16 7.14 7.13 7.33 7.64 8.38 8.15 8.75 8.60
15.22 13.78 13.29 15.01 16.68 19.27 18.23 16.64 15.64 14.55 14.72 17.62 13.76 14.51 10.17 11.98 12.17 10.76 8.81 11.04 9.57 12.86 13.45 15.72 13.02 14.08 12.62 17.84 11.42 10.12 9.36 10.12 9.25 12.58 12.45 12.81 8.64 7.45 6.19 10.12 10.86 10.75 11.42 9.34 9.88 10.07 9.50 7.56 7.26 7.34 7.11 7.07 7.33 7.38 7.99 7.73 7.43 6.14 4.95 5.02 6.47 8.99 7.40 8.08 8.18 7.54 7.18 7.23 6.84 6.89 7.11 6.54 7.17 7.44 7.71 8.13 8.36 7.73
15.87 14.37 13.77 14.18 16.69 17.69 19.02 18.11 17.05 16.01 15.18 15.52 17.83 12.73 16.61 14.94 14.41 14.92 11.93 8.30 8.33 11.08 10.40 13.09 12.78 10.89 15.80 15.94 9.75 10.66 7.80 8.58 10.98 12.40 11.97 10.78 8.09 6.69 8.29 7.83 10.25 10.26 9.55 9.84 9.32 8.59 7.82 6.40 5.98 6.13 6.42 8.69 7.67 8.81 7.95 7.15 5.39 4.36 4.43 5.85 8.13 8.38 8.16 8.37 7.98 7.35 7.34 7.80 8.21 6.47 7.19 7.98 7.18 7.00 7.67 6.99 7.49 8.53
15.94 15.25 15.89 17.18 19.13 -9999 -9999 -9999 -9999 17.83 17.00 17.59 14.29 12.32 13.49 13.30 12.28 10.54 5.62 15.73 16.07 10.58 9.48 10.26 12.44 13.62 15.59 12.16 10.29 8.73 7.46 12.59 11.50 13.66 10.02 9.16 7.99 7.22 9.60 8.09 10.33 10.19 9.09 9.03 8.41 7.57 6.50 5.83 5.64 5.95 6.47 8.57 8.37 9.20 9.03 7.38 5.40 4.23 5.89 6.09 7.76 8.73 8.86 7.21 7.01 6.75 7.93 8.34 7.94 6.37 7.09 7.84 7.55 7.06 7.97 7.55 7.49 7.91
