ML/MeanWindSpeed_1994-06_Actual.txt
ncols         180
nrows         290
xllcorner     -200000
yllcorner     -200000
cellsize      5000
NODATA_value  -9999
[rows 105 to 139 of 290, columns 78 to 155 of 180]
10.03 12.92 9.31 5.67 7.87 13.29 14.25 12.67 10.16 11.63 16.55 11.78 14.56 9.22 11.81 16.16 11.64 8.80 8.60 10.20 8.99 8.79 9.78 9.96 8.55 9.74 9.16 8.98 11.50 10.89 11.19 11.00 -9999 -9999 -9999 -9999 -9999 -9999 -9999 -9999 -9999 -9999 -9999 -9999 -9999 -9999 -9999 -9999 -9999 -9999 -9999 -9999 -9999 -9999 -9999 -9999 -9999 -9999 -9999 -9999 -9999 -9999 -9999 -9999 -9999 -9999 -9999 -9999 -9999 -9999 -9999 -9999 -9999 -9999 -9999 -9999 -9999 -9999
11.69 9.80 11.39 14.32 13.33 16.77 10.62 14.28 6.87 16.10 8.91 18.64 9.45 12.66 19.47 12.87 10.40 12.93 11.78 9.11 8.88 8.15 8.09 9.24 8.08 8.04 9.71 10.10 10.07 10.40 9.33 10.63 11.21 -9999 -9999 -9999 -9999 -9999 -9999 -9999 -9999 -9999 -9999 -9999 -9999 -9999 -9999 -9999 -9999 -9999 -9999 -9999 -9999 -9999 -9999 -9999 -9999 -9999 -9999 -9999 -9999 -9999 -9999 -9999 -9999 -9999 -9999 -9999 -9999 -9999 -9999 -9999 -9999 -9999 -9999 -9999 -9999 -9999
12.10 7.13 14.02 10.14 6.50 11.50 15.96 15.43 7.16 16.06 13.83 14.42 10.56 15.07 12.17 13.69 17.36 13.58 12.40 11.06 9.72 9.42 10.71 11.18 12.49 12.24 10.69 9.19 8.55 10.92 9.58 11.91 11.80 12.68 -9999 -9999 -9999 -9999 -9999 -9999 -9999 -9999 -9999 -9999 -9999 -9999 -9999 -9999 -9999 -9999 -9999 -9999 -9999 -9999 -9999 -9999 -9999 -9999 -9999 -9999 -9999 -9999 -9999 -9999 -9999 -9999 -9999 -9999 -9999 -9999 -9999 -9999 -9999 -9999 -9999 -9999 -9999 -9999
8.92 12.73 13.08 9.89 6.44 13.47 15.23 19.40 9.25 15.41 12.86 13.05 12.00 12.76 7.75 9.76 11.16 10.45 8.03 9.89 12.13 15.53 14.63 13.40 11.32 10.75 12.27 8.44 9.90 11.06 11.72 12.19 12.40 12.76 12.75 -9999 -9999 -9999 -9999 -9999 -9999 -9999 -9999 -9999 -9999 -9999 -9999 -9999 -9999 -9999 -9999 -9999 -9999 -9999 -9999 -9999 -9999 -9999 -9999 -9999 -9999 -9999 -9999 -9999 -9999 -9999 -9999 -9999 -9999 -9999 -9999 -9999 -9999 -9999 -9999 -9999 -9999 -9999
13.13 16.07 8.48 6.90 11.85 17.59 13.01 6.95 10.27 23.01 11.26 10.81 12.08 12.08 9.99 9.44 7.43 6.96 10.50 16.36 15.80 13.60 12.62 10.23 9.52 10.19 11.83 10.21 11.09 10.69 10.47 11.35 11.78 12.09 -9999 -9999 -9999 -9999 -9999 -9999 -9999 -9999 -9999 -9999 -9999 -9999 -9999 -9999 -9999 -9999 -9999 -9999 -9999 -9999 -9999 -9999 -9999 -9999 -9999 -9999 -9999 -9999 -9999 -9999 -9999 -9999 -9999 -9999 -9999 -9999 -9999 -9999 -9999 -9999 -9999 -9999 -9999 -9999
10.87 10.35 9.60 15.96 9.46 14.91 15.38 15.79 11.70 9.52 19.34 11.97 9.83 8.85 8.80 8.53 7.83 7.05 10.87 8.90 8.11 7.38 9.36 11.72 10.56 10.86 10.38 10.47 11.92 11.67 -9999 -9999 -9999 -9999 -9999 -9999 -9999 -9999 -9999 -9999 -9999 -9999 -9999 -9999 -9999 -9999 -9999 -9999 -9999 -9999 -9999 -9999 -9999 -9999 -9999 -9999 -9999 -9999 -9999 -9999 -9999 -9999 -9999 -9999 -9999 -9999 -9999 -9999 -9999 -9999 -9999 -9999 -9999 -9999 -9999 -9999 -9999 -9999
9.84 7.09 14.34 15.13 17.37 17.49 7.95 15.96 16.09 9.05 12.97 13.83 10.23 10.11 11.26 12.76 13.95 9.56 8.43 8.05 8.27 8.94 9.98 11.38 10.73 10.94 11.90 11.68 -9999 -9999 -9999 -9999 -9999 -9999 -9999 -9999 -9999 -9999 -9999 -9999 -9999 -9999 -9999 -9999 -9999 -9999 -9999 -9999 -9999 -9999 -9999 -9999 -9999 -9999 -9999 -9999 -9999 -9999 -9999 -9999 -9999 -9999 -9999 -9999 -9999 -9999 -9999 -9999 -9999 -9999 -9999 -9999 -9999 -9999 -9999 -9999 -9999 -9999
8.29 14.47 10.73 15.91 18.47 14.98 12.30 16.80 16.88 9.94 9.78 8.76 8.48 9.20 10.35 14.05 15.52 12.18 10.32 8.94 8.72 10.10 9.85 10.37 11.02 13.18 14.30 12.56 -9999 -9999 -9999 -9999 -9999 -9999 -9999 -9999 -9999 -9999 -9999 -9999 -9999 -9999 -9999 -9999 -9999 -9999 -9999 -9999 -9999 -9999 -9999 -9999 -9999 -9999 -9999 -9999 -9999 -9999 -9999 -9999 -9999 -9999 -9999 -9999 -9999 -9999 -9999 -9999 -9999 -9999 -9999 -9999 -9999 -9999 -9999 -9999 -9999 -9999
10.32 14.12 11.00 15.39 15.33 16.75 11.52 10.74 12.11 11.16 10.56 10.30 7.61 16.54 16.62 15.25 15.51 12.16 9.38 9.34 9.12 9.38 9.43 9.55 10.75 10.52 -9999 -9999 -9999 -9999 -9999 12.30 11.36 11.73 11.53 -9999 -9999 -9999 -9999 -9999 -9999 -9999 -9999 -9999 -9999 -9999 -9999 -9999 -9999 -9999 -9999 -9999 -9999 -9999 -9999 -9999 -9999 -9999 -9999 -9999 -9999 -9999 -9999 -9999 -9999 -9999 -9999 -9999 -9999 -9999 -9999 -9999 -9999 -9999 -9999 -9999 -9999 -9999
10.63 15.40 10.80 9.00 19.43 10.91 11.51 11.23 9.86 10.52 12.15 14.96 11.21 11.26 10.01 10.17 9.61 10.25 10.73 11.13 10.75 10.06 10.60 11.13 10.82 10.66 11.38 12.06 -9999 -9999 10.80 10.34 10.24 9.50 10.30 11.27 11.87 -9999 -9999 -9999 -9999 -9999 -9999 -9999 -9999 -9999 -9999 -9999 -9999 -9999 -9999 -9999 -9999 -9999 -9999 -9999 -9999 -9999 -9999 -9999 -9999 -9999 -9999 -9999 -9999 -9999 -9999 -9999 -9999 -9999 -9999 -9999 -9999 -9999 -9999 -9999 -9999 -9999
13.23 10.85 12.05 14.06 15.55 10.31 12.50 15.33 14.05 12.44 9.97 9.99 10.65 10.02 10.00 9.50 9.24 10.08 11.43 11.42 10.50 11.92 12.42 10.47 9.77 10.22 10.67 11.82 10.54 10.69 10.98 9.94 8.44 9.43 12.21 12.56 14.33 10.82 -9999 -9999 -9999 -9999 -9999 -9999 -9999 -9999 -9999 -9999 -9999 -9999 -9999 -9999 -9999 -9999 -9999 -9999 -9999 -9999 -9999 -9999 -9999 -9999 -9999 -9999 -9999 -9999 -9999 -9999 -9999 -9999 -9999 -9999 -9999 -9999 -9999 -9999 -9999 -9999
10.94 14.52 13.48 11.34 10.49 -9999 14.27 17.26 13.18 11.41 10.05 9.71 9.44 9.83 10.46 9.81 9.44 11.37 11.79 12.14 11.42 10.69 10.62 9.79 10.35 10.97 12.29 10.76 9.49 11.42 10.30 9.72 8.91 10.81 12.98 13.18 14.12 12.33 13.53 14.64 11.52 -9999 -9999 -9999 -9999 -9999 -9999 -9999 -9999 -9999 -9999 -9999 -9999 -9999 -9999 -9999 -9999 -9999 -9999 -9999 -9999 -9999 -9999 -9999 -9999 -9999 -9999 -9999 -9999 -9999 -9999 -9999 -9999 -9999 -9999 -9999 -9999 -9999
12.10 -9999 12.40 13.94 10.75 -9999 15.16 19.08 13.61 12.36 10.46 10.51 10.03 10.02 9.26 9.10 8.87 9.78 12.21 12.56 12.70 10.93 10.61 11.59 12.67 14.86 13.19 10.41 9.14 10.39 10.12 9.86 14.36 15.58 13.23 13.20 12.35 12.04 12.11 10.29 11.37 -9999 -9999 -9999 -9999 -9999 -9999 -9999 -9999 -9999 -9999 -9999 -9999 -9999 -9999 -9999 -9999 -9999 -9999 -9999 -9999 -9999 -9999 -9999 -9999 -9999 -9999 -9999 -9999 -9999 -9999 -9999 -9999 -9999 -9999 -9999 -9999 -9999
12.79 -9999 -9999 13.90 11.70 11.39 14.60 16.34 10.77 11.07 13.10 11.67 11.09 10.80 13.22 10.47 8.48 9.05 9.92 11.78 12.53 13.31 11.54 13.93 14.76 13.09 12.03 12.00 11.18 11.49 12.13 12.60 12.26 14.90 13.26 12.69 12.61 9.42 9.18 10.28 11.66 12.25 -9999 -9999 -9999 -9999 -9999 -9999 -9999 -9999 -9999 -9999 -9999 -9999 -9999 -9999 -9999 -9999 -9999 -9999 -9999 -9999 -9999 -9999 -9999 -9999 -9999 -9999 -9999 -9999 -9999 -9999 -9999 -9999 -9999 -9999 -9999 -9999
-9999 -9999 -9999 -9999 12.44 11.34 15.28 12.38 9.46 10.33 11.79 13.33 12.30 11.54 12.82 12.93 10.90 8.55 10.57 13.03 11.99 11.67 12.32 14.32 13.30 11.62 11.78 11.91 15.10 14.44 12.47 11.64 10.50 12.90 12.47 11.80 12.43 9.86 9.06 9.04 9.19 9.92 -9999 -9999 -9999 -9999 -9999 -9999 -9999 -9999 -9999 -9999 -9999 -9999 -9999 -9999 -9999 -9999 -9999 -9999 -9999 -9999 -9999 -9999 -9999 -9999 -9999 -9999 -9999 -9999 -9999 -9999 -9999 -9999 -9999 -9999 -9999 -9999
14.92 16.63 -9999 -9999 -9999 12.52 13.77 11.41 10.18 9.76 10.40 12.12 13.10 13.82 14.31 13.36 12.81 11.31 8.66 12.74 11.86 11.44 11.76 11.09 11.01 13.01 11.21 14.43 17.80 16.28 13.61 13.31 10.49 11.54 11.27 11.62 11.85 9.76 8.88 8.70 8.78 9.73 10.33 -9999 -9999 -9999 -9999 -9999 -9999 -9999 -9999 -9999 -9999 -9999 -9999 -9999 -9999 -9999 -9999 -9999 -9999 -9999 -9999 -9999 -9999 -9999 -9999 -9999 -9999 -9999 -9999 -9999 -9999 -9999 -9999 -9999 -9999 -9999
15.89 18.45 12.75 -9999 -9999 -9999 12.59 11.64 9.94 9.48 9.64 10.05 12.06 12.78 12.57 11.76 12.06 12.19 12.05 11.03 11.39 11.25 12.87 12.20 14.86 10.80 12.07 11.57 11.93 16.10 15.52 12.97 11.81 10.24 10.02 10.36 10.57 9.29 8.97 8.43 9.02 9.37 9.00 9.20 -9999 -9999 -9999 -9999 -9999 -9999 -9999 -9999 -9999 -9999 -9999 -9999 -9999 -9999 -9999 -9999 -9999 -9999 -9999 -9999 -9999 -9999 -9999 -9999 -9999 -9999 -9999 -9999 -9999 -9999 -9999 -9999 -9999 -9999
14.32 16.28 11.57 -9999 -9999 -9999 -9999 -9999 10.93 9.85 8.63 8.43 9.09 9.61 11.11 14.26 14.53 13.04 11.91 11.25 12.62 12.12 12.29 11.48 14.23 10.91 12.27 12.98 11.63 9.16 11.00 10.15 11.27 9.37 10.57 9.92 8.59 8.50 8.54 8.76 8.15 9.80 9.24 8.59 8.42 -9999 -9999 -9999 -9999 -9999 -9999 -9999 -9999 -9999 -9999 -9999 -9999 -9999 -9999 -9999 -9999 -9999 -9999 -9999 -9999 -9999 -9999 -9999 -9999 -9999 -9999 -9999 -9999 -9999 -9999 -9999 -9999 -9999
10.42 18.29 12.99 -9999 -9999 -9999 -9999 -9999 11.45 10.78 10.68 9.00 10.73 12.89 12.36 14.62 15.76 14.75 12.17 13.44 12.35 11.48 13.46 13.87 9.90 19.09 12.79 15.65 11.99 14.29 13.71 9.54 11.53 9.79 9.14 8.38 8.86 10.31 11.04 10.30 10.30 7.49 8.55 9.98 7.90 8.98 9.44 -9999 -9999 -9999 -9999 -9999 -9999 -9999 -9999 -9999 -9999 -9999 -9999 -9999 -9999 -9999 -9999 -9999 -9999 -9999 -9999 -9999 -9999 -9999 -9999 -9999 -9999 -9999 -9999 -9999 -9999 -9999
13.88 17.09 16.48 -9999 -9999 -9999 -9999 -9999 11.53 10.16 10.28 9.61 10.35 12.06 10.45 11.88 12.57 14.54 13.19 12.96 11.72 14.04 17.68 14.79 13.50 20.43 17.80 12.92 13.56 11.57 9.55 10.93 11.37 9.84 10.22 9.99 8.32 8.85 9.28 11.59 14.41 10.28 8.15 8.72 8.77 7.70 8.49 -9999 -9999 -9999 -9999 -9999 -9999 -9999 -9999 -9999 -9999 -9999 -9999 -9999 -9999 -9999 -9999 -9999 -9999 -9999 -9999 -9999 -9999 -9999 -9999 -9999 -9999 -9999 -9999 -9999 -9999 -9999
11.67 13.62 15.32 -9999 -9999 -9999 -9999 -9999 11.01 9.90 9.94 10.19 10.25 10.47 11.27 14.90 16.49 13.79 14.53 11.92 11.84 11.80 14.37 10.19 16.50 15.25 12.99 14.06 14.89 9.98 12.28 10.38 11.18 10.87 8.56 9.67 9.84 9.33 8.81 15.22 15.57 13.16 7.74 8.15 8.64 7.79 8.60 -9999 -9999 -9999 -9999 -9999 -9999 -9999 -9999 -9999 -9999 -9999 -9999 -9999 -9999 -9999 -9999 -9999 -9999 -9999 -9999 -9999 -9999 -9999 -9999 -9999 -9999 -9999 -9999 -9999 -9999 -9999
-9999 -9999 -9999 -9999 -9999 -9999 -9999 13.43 10.86 10.48 9.89 10.62 11.57 10.74 12.30 13.07 15.11 12.67 12.34 15.20 13.64 14.95 14.33 13.72 17.22 16.62 11.57 12.66 13.81 12.73 11.51 11.90 9.40 10.53 10.93 8.61 9.75 9.20 12.18 13.21 16.06 13.12 7.78 7.36 6.84 7.73 8.57 -9999 -9999 -9999 -9999 -9999 -9999 -9999 -9999 -9999 -9999 -9999 -9999 -9999 -9999 -9999 -9999 -9999 -9999 -9999 -9999 -9999 -9999 -9999 -9999 -9999 -9999 -9999 -9999 -9999 -9999 -9999
-9999 -9999 -9999 -9999 -9999 -9999 -9999 14.63 9.22 9.63 11.53 13.15 12.72 11.40 11.79 12.44 9.99 10.62 14.27 15.09 13.96 13.29 10.58 8.47 15.98 11.01 11.59 11.45 12.34 11.95 10.73 8.84 11.60 10.98 10.55 9.55 9.65 11.51 12.74 11.86 13.23 12.39 8.09 6.36 6.68 8.60 7.61 -9999 -9999 -9999 -9999 -9999 -9999 -9999 -9999 -9999 -9999 -9999 -9999 -9999 -9999 -9999 -9999 -9999 -9999 -9999 -9999 -9999 -9999 -9999 -9999 -9999 -9999 -9999 -9999 -9999 -9999 -9999
-9999 -9999 -9999 -9999 -9999 -9999 12.67 11.83 8.10 10.28 12.00 10.46 12.96 15.26 14.52 16.75 14.49 11.54 9.53 10.04 13.78 13.39 11.28 7.04 10.01 14.86 11.24 13.75 11.22 11.22 8.74 9.17 10.86 9.89 10.07 11.33 12.96 14.29 13.13 11.21 9.93 9.31 7.89 9.79 10.41 8.68 8.04 -9999 -9999 -9999 -9999 -9999 -9999 -9999 -9999 -9999 -9999 -9999 -9999 -9999 -9999 -9999 -9999 -9999 -9999 -9999 -9999 -9999 -9999 -9999 -9999 -9999 -9999 -9999 -9999 -9999 -9999 -9999
-9999 -9999 -9999 -9999 -9999 -9999 11.04 8.09 11.77 10.67 12.78 10.34 13.28 13.23 16.20 15.53 15.69 13.69 11.35 8.15 17.31 17.22 11.39 6.70 10.89 13.75 10.31 10.88 12.73 9.42 11.79 12.81 10.56 12.33 12.55 15.92 11.00 10.35 11.15 11.62 11.49 8.87 7.15 8.68 8.61 7.96 8.07 9.32 -9999 -9999 -9999 -9999 -9999 -9999 -9999 -9999 -9999 -9999 -9999 -9999 -9999 -9999 -9999 -9999 -9999 -9999 -9999 -9999 -9999 -9999 -9999 -9999 -9999 -9999 -9999 -9999 -9999 -9999
-9999 -9999 -9999 -9999 -9999 10.10 12.10 12.09 11.55 12.93 13.35 11.63 10.16 14.07 13.63 15.53 15.11 14.73 10.33 6.76 10.76 13.07 12.04 8.06 8.12 10.47 10.20 10.19 10.61 14.07 10.49 9.76 10.04 9.46 14.87 12.55 14.48 12.55 9.25 10.05 10.63 11.28 11.83 8.41 7.77 7.59 8.30 9.38 -9999 -9999 -9999 -9999 -9999 -9999 -9999 -9999 -9999 -9999 -9999 -9999 -9999 -9999 -9999 -9999 -9999 -9999 -9999 -9999 -9999 -9999 -9999 -9999 -9999 -9999 -9999 -9999 -9999 -9999
-9999 -9999 -9999 -9999 -9999 12.03 11.26 9.95 14.24 13.75 12.21 12.08 15.12 10.08 11.20 14.15 12.62 12.70 8.78 6.66 9.18 10.81 13.08 7.91 8.14 8.47 9.43 8.04 12.16 8.29 12.78 10.56 8.42 15.43 9.84 11.34 12.19 11.13 11.73 8.71 8.98 11.67 10.96 8.83 9.24 8.72 8.52 9.65 -9999 -9999 -9999 -9999 -9999 -9999 -9999 -9999 -9999 -9999 -9999 -9999 -9999 -9999 -9999 -9999 -9999 -9999 -9999 -9999 -9999 -9999 -9999 -9999 -9999 -9999 -9999 -9999 -9999 -9999
-9999 -9999 -9999 -9999 12.84 10.53 9.38 11.90 9.81 10.33 17.86 14.33 13.78 9.88 11.18 12.02 10.62 12.33 11.51 9.24 10.92 10.52 8.21 7.11 7.77 9.68 9.90 12.69 9.80 8.27 12.56 8.60 9.63 15.22 11.04 9.72 8.67 10.45 11.56 10.53 11.05 11.21 9.39 8.84 8.60 8.01 8.33 9.49 -9999 -9999 -9999 -9999 -9999 -9999 -9999 -9999 -9999 -9999 -9999 -9999 -9999 -9999 -9999 -9999 -9999 -9999 -9999 -9999 -9999 -9999 -9999 -9999 -9999 -9999 -9999 -9999 -9999 -9999
-9999 -9999 -9999 10.43 11.38 11.83 9.18 9.57 9.52 8.73 12.16 11.91 17.99 9.79 8.97 10.06 10.74 11.34 11.93 10.20 8.47 7.36 10.06 7.48 7.05 9.11 9.87 10.02 9.72 8.11 10.00 6.90 8.75 13.54 12.68 12.95 11.81 11.03 9.56 9.06 11.25 10.24 9.41 9.09 8.76 8.68 8.03 8.89 10.10 -9999 -9999 -9999 -9999 -9999 -9999 -9999 -9999 -9999 -9999 -9999 -9999 -9999 -9999 -9999 -9999 -9999 -9999 -9999 -9999 -9999 -9999 -9999 -9999 -9999 -9999 -9999 -9999 -9999
-9999 -9999 -9999 11.96 15.12 11.76 10.90 9.49 8.01 6.82 16.24 13.86 12.13 11.54 8.80 8.68 9.75 9.68 14.21 9.74 8.00 7.17 7.44 10.33 7.68 10.17 9.66 10.44 9.62 9.11 8.53 9.67 7.57 10.40 11.56 10.97 12.27 10.81 9.32 8.63 9.76 9.04 10.29 9.36 8.09 7.25 8.21 8.88 9.72 -9999 -9999 -9999 -9999 -9999 -9999 -9999 -9999 -9999 -9999 -9999 -9999 -9999 -9999 -9999 -9999 -9999 -9999 -9999 -9999 -9999 -9999 -9999 -9999 -9999 -9999 -9999 -9999 -9999
-9999 11.71 10.81 12.73 11.45 10.90 11.90 9.82 8.98 7.14 12.02 11.56 12.48 11.13 10.53 8.04 9.97 10.56 9.68 10.10 10.05 7.33 7.37 8.94 8.75 8.85 9.57 10.13 9.35 8.78 9.57 8.45 7.75 11.51 10.62 10.26 10.66 12.63 11.00 9.71 7.29 8.28 8.90 8.60 8.11 7.33 7.79 8.44 9.50 -9999 -9999 -9999 -9999 -9999 -9999 -9999 -9999 -9999 -9999 -9999 -9999 -9999 -9999 -9999 -9999 -9999 -9999 -9999 -9999 -9999 -9999 -9999 -9999 -9999 -9999 -9999 -9999 -9999
-9999 12.61 11.03 8.90 11.40 10.14 11.72 10.07 8.91 7.45 7.16 8.87 14.07 11.28 10.40 8.36 8.10 8.27 7.75 8.60 9.82 8.20 9.13 8.30 8.83 8.81 9.09 9.21 9.17 8.83 8.84 9.35 8.49 7.95 9.33 9.84 10.36 10.92 10.65 7.44 8.11 10.54 9.48 8.02 8.16 7.77 7.99 7.35 8.22 9.26 -9999 -9999 -9999 -9999 -9999 -9999 -9999 -9999 -9999 -9999 -9999 -9999 -9999 -9999 -9999 -9999 -9999 -9999 -9999 -9999 -9999 -9999 -9999 -9999 -9999 -9999 -9999 -9999
-9999 12.74 11.22 8.12 10.72 8.89 10.02 9.47 9.00 8.48 6.79 10.37 10.50 9.90 11.91 8.94 8.17 7.98 6.45 8.90 13.27 9.75 -9999 -9999 -9999 9.16 9.22 -9999 9.13 9.23 9.28 8.48 7.76 9.19 10.93 9.56 9.75 10.96 10.15 11.23 10.52 8.00 6.73 6.84 7.21 7.76 5.58 6.14 6.79 8.58 -9999 -9999 -9999 -9999 -9999 -9999 -9999 -9999 -9999 -9999 -9999 -9999 -9999 -9999 -9999 -9999 -9999 -9999 -9999 -9999 -9999 -9999 -9999 -9999 -9999 -9999 -9999 -9999
-9999 11.43 13.22 9.54 9.15 9.65 10.47 10.13 9.47 8.58 7.63 8.32 13.61 10.59 11.25 8.51 8.39 10.09 7.23 8.56 9.82 10.29 -9999 -9999 -9999 9.28 8.89 9.34 9.65 9.19 8.74 7.43 8.52 11.63 12.47 10.20 13.16 10.31 10.09 12.55 9.60 9.87 9.58 9.05 6.55 7.38 8.35 6.56 5.98 7.81 -9999 -9999 -9999 -9999 -9999 -9999 -9999 -9999 -9999 -9999 -9999 -9999 -9999 -9999 -9999 -9999 -9999 -9999 -9999 -9999 -9999 -9999 -9999 -9999 -9999 -9999 -9999 -9999
-9999 -9999 12.43 12.28 10.21 -9999 11.20 11.21 10.11 9.41 8.66 -9999 10.43 9.12 9.91 7.95 9.48 10.32 9.24 9.74 -9999 -9999 -9999 -9999 9.91 8.64 8.47 9.01 9.91 9.93 8.81 7.78 7.56 11.61 16.16 9.68 14.29 10.95 12.64 13.52 10.74 11.88 9.75 7.61 8.71 8.49 6.75 4.43 5.52 8.19 8.69 -9999 -9999 -9999 -9999 -9999 -9999 -9999 -9999 -9999 -9999 -9999 -9999 -9999 -9999 -9999 -9999 -9999 -9999 -9999 -9999 -9999 -9999 -9999 -9999 -9999 -9999 -9999
