ML/MeanWindSpeed_1999-06_Actual.txt
ncols         180
nrows         290
xllcorner     -200000
yllcorner     -200000
cellsize      5000
NODATA_value  -9999
[rows 140 to 174 of 290, columns 79 to 157 of 180]
-9999 -9999 9.76 -9999 -9999 -9999 8.82 8.99 7.97 7.74 8.38 -9999 -9999 8.68 7.46 9.18 9.96 -9999 -9999 -9999 -9999 -9999 7.88 6.98 5.30 5.20 4.64 5.14 5.33 5.89 6.03 4.64 6.67 8.42 8.48 6.36 7.54 8.15 8.56 6.70 7.15 7.10 5.90 4.01 3.78 4.01 2.13 2.69 4.48 6.02 -9999 -9999 -9999 -9999 -9999 -9999 -9999 -9999 -9999 -9999 -9999 -9999 -9999 -9999 -9999 -9999 -9999 -9999 -9999 -9999 -9999 -9999 -9999 -9999 -9999 -9999 -9999 -9999 -9999
-9999 -9999 9.68 9.43 -9999 -9999 -9999 8.82 9.27 8.90 9.00 -9999 -9999 -9999 -9999 8.94 -9999 -9999 -9999 -9999 -9999 -9999 7.01 6.31 5.55 5.72 5.68 5.65 5.58 5.94 5.72 5.25 5.87 8.30 8.39 5.16 9.10 8.85 9.69 7.09 7.01 8.07 6.03 4.60 4.01 2.71 1.67 2.63 4.49 6.12 -9999 -9999 -9999 -9999 -9999 -9999 -9999 -9999 -9999 -9999 -9999 -9999 -9999 -9999 -9999 -9999 -9999 -9999 -9999 -9999 -9999 -9999 -9999 -9999 -9999 -9999 -9999 -9999 -9999
-9999 -9999 -9999 10.48 -9999 -9999 -9999 -9999 9.05 9.73 9.36 -9999 -9999 -9999 -9999 -9999 -9999 -9999 -9999 -9999 -9999 7.73 6.86 6.75 6.34 6.28 7.07 6.85 6.53 6.66 6.35 6.17 5.48 6.86 10.86 9.98 9.33 9.24 7.58 6.86 6.89 5.34 3.72 5.06 4.95 2.53 2.07 3.20 4.87 6.69 7.84 -9999 -9999 -9999 -9999 -9999 -9999 -9999 -9999 -9999 -9999 -9999 -9999 -9999 -9999 -9999 -9999 -9999 -9999 -9999 -9999 -9999 -9999 -9999 -9999 -9999 -9999 -9999 -9999
-9999 -9999 -9999 11.28 -9999 -9999 -9999 -9999 -9999 -9999 -9999 -9999 -9999 -9999 -9999 -9999 -9999 -9999 -9999 -9999 -9999 7.73 6.32 5.38 4.39 4.29 10.04 7.68 6.65 8.29 6.34 7.13 4.28 5.08 9.59 11.90 8.80 7.33 10.49 12.02 10.73 8.51 7.01 3.85 3.92 3.43 4.05 4.00 5.18 7.23 8.05 8.24 -9999 -9999 -9999 -9999 -9999 -9999 -9999 -9999 -9999 -9999 -9999 -9999 -9999 -9999 -9999 -9999 -9999 -9999 -9999 -9999 -9999 -9999 -9999 -9999 -9999 -9999 -9999
-9999 -9999 -9999 -9999 -9999 -9999 -9999 -9999 -9999 -9999 -9999 -9999 -9999 -9999 -9999 -9999 -9999 -9999 -9999 -9999 8.24 7.27 5.82 4.76 6.76 3.82 13.25 11.82 6.11 6.98 6.03 5.69 5.81 4.30 6.05 12.61 11.70 9.73 8.38 7.63 9.26 8.74 7.59 5.83 4.72 4.29 4.12 4.54 6.04 6.68 6.86 7.27 -9999 -9999 -9999 -9999 -9999 -9999 -9999 -9999 -9999 -9999 -9999 -9999 -9999 -9999 -9999 -9999 -9999 -9999 -9999 -9999 -9999 -9999 -9999 -9999 -9999 -9999 -9999
-9999 -9999 -9999 -9999 -9999 -9999 -9999 -9999 -9999 -9999 -9999 -9999 -9999 -9999 -9999 -9999 -9999 -9999 -9999 -9999 7.63 7.76 5.18 6.03 11.50 6.29 4.43 8.46 8.71 6.72 5.99 5.73 5.51 4.79 5.47 7.51 13.61 11.01 9.56 7.89 7.71 7.56 6.09 5.66 5.43 6.00 5.08 5.98 5.93 6.30 6.04 6.15 6.44 6.63 6.77 -9999 -9999 -9999 -9999 -9999 -9999 -9999 -9999 -9999 -9999 -9999 -9999 -9999 -9999 -9999 -9999 -9999 -9999 -9999 -9999 -9999 -9999 -9999 -9999
-9999 -9999 -9999 -9999 -9999 -9999 -9999 -9999 -9999 -9999 -9999 -9999 -9999 -9999 -9999 -9999 -9999 -9999 -9999 -9999 7.72 7.25 6.44 8.58 5.45 5.13 6.53 10.20 7.40 5.80 8.12 4.34 6.33 5.56 5.64 5.98 8.32 9.30 8.68 7.95 7.48 5.89 5.90 5.49 5.22 5.20 5.60 5.68 6.01 5.59 5.37 5.33 7.30 5.94 6.82 7.61 7.64 -9999 -9999 -9999 -9999 -9999 -9999 -9999 -9999 -9999 -9999 -9999 -9999 -9999 -9999 -9999 -9999 -9999 -9999 -9999 -9999 -9999 -9999
-9999 -9999 -9999 -9999 -9999 -9999 -9999 -9999 -9999 -9999 -9999 -9999 -9999 -9999 -9999 -9999 -9999 -9999 -9999 -9999 7.81 7.40 7.95 11.65 12.32 8.37 5.62 7.56 8.27 9.66 5.87 8.21 6.81 6.03 6.24 6.14 5.01 5.33 8.48 7.85 7.21 6.72 6.08 5.78 6.02 6.17 5.87 6.03 5.81 5.26 5.25 4.95 5.37 7.16 6.89 7.12 8.28 8.39 7.05 -9999 -9999 -9999 -9999 -9999 -9999 -9999 -9999 -9999 -9999 -9999 -9999 -9999 -9999 -9999 -9999 -9999 -9999 -9999 -9999
-9999 -9999 -9999 -9999 -9999 -9999 -9999 -9999 -9999 -9999 -9999 -9999 -9999 -9999 -9999 -9999 -9999 -9999 -9999 -9999 8.17 7.19 8.74 9.56 6.16 14.60 12.01 7.38 9.14 7.11 9.90 10.21 7.12 5.55 5.84 5.81 4.24 9.82 8.90 8.70 9.10 9.37 8.79 6.47 7.47 6.77 6.55 6.45 6.15 5.71 5.00 4.20 4.73 6.66 5.97 5.73 6.42 7.54 6.37 8.54 -9999 -9999 -9999 -9999 -9999 -9999 -9999 -9999 -9999 -9999 -9999 -9999 -9999 -9999 -9999 -9999 -9999 -9999 -9999
-9999 -9999 -9999 -9999 -9999 -9999 -9999 -9999 8.28 8.51 9.35 -9999 -9999 -9999 -9999 -9999 -9999 -9999 -9999 -9999 -9999 7.98 7.22 6.01 7.48 9.40 11.68 7.24 5.27 9.02 8.64 7.59 6.24 7.40 7.14 5.47 5.67 8.03 8.50 11.27 10.37 8.71 8.39 8.92 7.93 7.17 6.94 6.64 6.46 5.64 4.73 7.62 6.99 9.43 9.89 9.06 8.17 6.13 8.15 8.55 7.91 -9999 -9999 -9999 -9999 -9999 -9999 -9999 -9999 -9999 -9999 -9999 -9999 -9999 -9999 -9999 -9999 -9999 -9999
-9999 -9999 -9999 -9999 -9999 -9999 -9999 -9999 6.73 7.08 -9999 -9999 -9999 -9999 -9999 -9999 -9999 -9999 -9999 -9999 -9999 -9999 7.05 4.96 8.21 9.16 14.60 8.21 8.25 7.88 6.41 5.56 5.35 4.87 10.46 5.61 6.19 10.10 8.64 6.70 6.42 9.87 7.02 9.23 7.91 7.15 6.80 6.69 6.20 6.25 7.50 8.00 7.57 7.48 7.20 8.06 8.70 8.18 8.28 8.07 9.63 -9999 -9999 -9999 -9999 -9999 -9999 -9999 -9999 -9999 -9999 -9999 -9999 -9999 -9999 -9999 -9999 -9999 -9999
-9999 -9999 -9999 -9999 -9999 -9999 -9999 6.88 8.89 9.06 8.98 -9999 -9999 -9999 -9999 -9999 -9999 -9999 -9999 -9999 -9999 -9999 7.08 8.24 9.13 9.71 7.84 8.65 6.94 6.72 6.12 5.46 6.51 5.17 3.58 9.94 6.94 6.45 9.13 7.84 10.01 7.96 8.27 7.38 7.39 7.14 7.17 6.62 6.13 6.88 7.71 6.87 7.64 8.62 8.33 8.66 8.32 8.41 8.61 7.50 9.56 8.53 -9999 -9999 -9999 -9999 -9999 -9999 -9999 -9999 -9999 -9999 -9999 -9999 -9999 -9999 -9999 -9999 -9999
-9999 -9999 -9999 -9999 -9999 -9999 6.04 9.39 10.93 13.54 9.02 -9999 -9999 -9999 -9999 -9999 -9999 -9999 -9999 -9999 -9999 -9999 7.91 11.31 9.43 6.41 7.51 6.98 7.23 5.89 5.29 5.72 6.51 4.77 8.89 6.42 9.08 6.90 10.27 6.28 7.30 5.87 7.72 6.74 7.19 7.48 6.77 6.71 6.10 6.15 8.57 8.82 8.38 7.61 7.79 7.53 7.49 7.67 8.89 8.74 8.23 8.56 -9999 -9999 -9999 -9999 -9999 -9999 -9999 -9999 -9999 -9999 -9999 -9999 -9999 -9999 -9999 -9999 -9999
-9999 -9999 -9999 -9999 -9999 7.13 6.62 12.28 10.63 10.38 -9999 -9999 -9999 -9999 -9999 -9999 -9999 -9999 -9999 -9999 -9999 -9999 -9999 8.39 7.04 6.36 8.08 6.26 7.74 6.23 5.60 5.26 5.79 4.68 9.06 8.69 9.58 8.88 9.43 9.60 9.54 8.26 8.06 8.40 8.00 6.77 6.71 6.63 6.16 6.08 6.84 10.15 8.99 7.01 6.52 6.53 6.34 6.41 6.37 6.41 6.15 6.77 7.94 8.53 -9999 -9999 -9999 -9999 -9999 -9999 -9999 -9999 -9999 -9999 -9999 -9999 -9999 -9999 -9999
-9999 -9999 -9999 -9999 -9999 9.03 10.29 8.08 8.98 9.39 -9999 -9999 -9999 -9999 -9999 -9999 -9999 -9999 -9999 -9999 -9999 -9999 -9999 -9999 7.35 7.54 7.11 6.41 7.30 6.67 6.38 5.83 6.19 4.51 9.04 8.37 7.81 9.28 7.98 7.56 10.90 10.60 7.80 9.25 8.38 7.96 6.66 6.41 6.36 6.18 6.44 7.21 7.37 6.69 6.46 6.27 6.20 5.87 5.74 5.79 5.89 8.07 8.36 8.21 -9999 -9999 -9999 -9999 -9999 -9999 -9999 -9999 -9999 -9999 -9999 -9999 -9999 -9999 -9999
-9999 -9999 -9999 -9999 -9999 9.65 8.72 9.28 8.80 -9999 -9999 -9999 -9999 -9999 -9999 -9999 -9999 -9999 -9999 -9999 -9999 -9999 -9999 -9999 7.86 7.96 7.67 -9999 7.41 -9999 6.60 5.59 4.71 3.83 4.35 8.45 8.07 8.47 10.92 5.91 6.82 11.02 9.36 8.75 8.66 7.72 6.72 6.40 6.27 6.04 6.26 6.59 7.18 7.73 6.71 6.98 5.98 5.19 6.01 7.07 6.85 6.58 6.76 8.12 9.53 10.00 -9999 -9999 -9999 -9999 -9999 -9999 -9999 -9999 -9999 -9999 -9999 -9999 -9999
-9999 -9999 -9999 -9999 9.33 8.74 8.56 -9999 -9999 -9999 -9999 -9999 -9999 -9999 -9999 -9999 -9999 -9999 -9999 -9999 -9999 -9999 -9999 -9999 8.53 8.00 7.47 -9999 -9999 -9999 6.48 6.52 3.79 4.26 5.67 5.21 5.34 7.06 10.38 10.23 6.23 9.47 10.62 8.20 9.20 8.25 7.30 5.96 6.11 5.99 6.14 6.35 6.59 6.73 6.53 6.68 5.50 5.62 6.58 7.53 8.01 8.02 7.45 7.40 8.25 9.19 -9999 -9999 -9999 -9999 -9999 -9999 -9999 -9999 -9999 -9999 -9999 -9999 -9999
-9999 -9999 -9999 -9999 -9999 -9999 -9999 -9999 -9999 -9999 -9999 -9999 -9999 -9999 -9999 -9999 -9999 -9999 -9999 -9999 -9999 -9999 -9999 -9999 -9999 -9999 -9999 -9999 -9999 7.17 5.76 5.27 6.03 6.64 7.57 7.83 6.83 7.53 9.84 9.49 7.91 6.49 8.88 9.68 8.41 7.53 6.81 6.32 6.28 6.46 6.14 6.09 6.21 6.19 6.03 5.59 6.20 8.04 6.95 7.72 7.38 7.54 6.89 7.40 8.14 -9999 -9999 -9999 -9999 -9999 -9999 -9999 -9999 -9999 -9999 -9999 -9999 -9999 -9999
-9999 -9999 -9999 -9999 -9999 -9999 -9999 -9999 -9999 -9999 -9999 -9999 -9999 -9999 -9999 -9999 -9999 -9999 -9999 -9999 -9999 -9999 -9999 -9999 -9999 -9999 -9999 -9999 -9999 6.73 5.63 6.26 7.71 9.86 9.24 7.03 8.03 6.28 6.90 6.30 7.52 8.07 8.72 8.77 8.53 7.52 7.09 6.74 6.22 6.39 5.97 5.92 5.97 6.04 5.94 5.51 6.02 8.97 8.39 7.16 7.03 6.93 6.75 7.29 8.23 -9999 -9999 -9999 -9999 -9999 -9999 -9999 -9999 -9999 -9999 -9999 -9999 -9999 -9999
-9999 -9999 -9999 -9999 -9999 -9999 -9999 -9999 -9999 -9999 -9999 -9999 -9999 -9999 -9999 -9999 -9999 -9999 -9999 -9999 -9999 -9999 -9999 -9999 -9999 -9999 -9999 -9999 -9999 6.25 5.30 5.60 7.82 8.73 8.49 7.85 7.09 6.27 6.98 5.94 5.73 6.57 5.61 8.65 7.57 8.22 7.19 6.86 5.95 5.80 5.86 5.79 5.84 5.84 5.86 5.73 5.82 7.59 8.16 7.32 6.87 6.88 6.70 7.14 7.92 -9999 -9999 -9999 -9999 -9999 -9999 -9999 -9999 -9999 -9999 -9999 -9999 -9999 -9999
-9999 -9999 -9999 -9999 -9999 -9999 -9999 -9999 -9999 -9999 -9999 -9999 -9999 -9999 -9999 -9999 -9999 -9999 -9999 -9999 -9999 -9999 -9999 -9999 -9999 -9999 -9999 8.12 7.05 5.80 5.17 7.34 8.87 11.02 8.48 9.48 5.51 6.15 6.10 6.48 6.90 6.94 8.62 6.33 6.46 6.37 6.27 5.82 6.31 5.60 5.57 5.83 5.65 5.70 5.86 5.79 5.96 6.53 7.85 7.15 6.57 6.62 6.66 6.84 7.47 8.30 -9999 -9999 -9999 -9999 -9999 -9999 -9999 -9999 -9999 -9999 -9999 -9999 -9999
-9999 -9999 -9999 -9999 -9999 -9999 -9999 -9999 -9999 -9999 -9999 -9999 -9999 -9999 -9999 -9999 -9999 -9999 -9999 -9999 -9999 -9999 -9999 -9999 -9999 -9999 -9999 7.65 6.51 5.77 5.44 6.02 8.50 6.89 6.46 5.17 6.18 8.18 6.13 6.88 6.50 7.52 5.20 8.31 6.83 7.70 7.46 7.33 6.25 5.78 5.55 5.52 5.52 5.64 5.75 5.86 5.91 6.17 6.77 7.42 6.78 6.55 6.68 6.63 7.01 7.94 -9999 -9999 -9999 -9999 -9999 -9999 -9999 -9999 -9999 -9999 -9999 -9999 -9999
-9999 -9999 -9999 -9999 -9999 -9999 -9999 -9999 -9999 -9999 -9999 -9999 -9999 -9999 -9999 -9999 -9999 -9999 -9999 -9999 -9999 -9999 -9999 -9999 -9999 -9999 -9999 7.68 6.47 6.03 5.77 6.18 6.89 6.83 5.78 4.96 5.81 5.93 5.37 6.69 8.49 6.76 6.52 5.70 7.03 5.78 6.19 6.66 6.85 6.06 5.80 5.50 5.48 5.61 5.74 5.86 5.95 6.03 6.44 7.31 7.67 6.90 6.61 6.55 6.66 7.28 8.16 -9999 -9999 -9999 -9999 -9999 -9999 -9999 -9999 -9999 -9999 -9999 -9999
-9999 -9999 -9999 -9999 -9999 -9999 -9999 -9999 -9999 -9999 -9999 -9999 -9999 -9999 -9999 -9999 -9999 -9999 -9999 -9999 -9999 -9999 -9999 -9999 -9999 -9999 -9999 7.48 6.58 6.26 6.21 6.12 5.99 5.50 5.70 6.22 4.67 4.76 5.30 8.68 8.77 9.45 8.56 7.19 6.94 7.21 6.11 5.65 6.40 6.54 5.72 5.45 5.52 5.52 5.71 5.91 6.08 6.08 6.24 7.55 8.34 7.36 6.95 6.85 6.59 6.74 7.57 8.40 -9999 -9999 -9999 -9999 -9999 -9999 -9999 -9999 -9999 -9999 -9999
-9999 -9999 -9999 -9999 -9999 -9999 -9999 -9999 -9999 -9999 -9999 -9999 -9999 -9999 -9999 -9999 -9999 -9999 -9999 -9999 -9999 -9999 -9999 -9999 -9999 -9999 -9999 7.46 6.43 6.16 5.99 5.71 5.29 5.27 4.65 5.54 6.22 7.44 8.40 9.35 7.24 8.37 7.43 7.42 6.37 7.21 6.76 6.21 5.68 5.46 5.52 5.40 5.55 5.66 5.85 5.99 6.22 6.35 6.45 6.94 7.72 7.31 6.96 7.00 6.98 6.83 6.93 7.87 -9999 -9999 -9999 -9999 -9999 -9999 -9999 -9999 -9999 -9999 -9999
-9999 -9999 -9999 -9999 -9999 -9999 -9999 -9999 -9999 -9999 -9999 -9999 -9999 -9999 -9999 -9999 -9999 -9999 -9999 -9999 -9999 -9999 -9999 -9999 -9999 -9999 -9999 -9999 6.41 6.14 5.79 5.23 5.46 6.53 6.48 7.19 6.53 6.41 8.02 7.95 8.51 7.70 6.37 5.42 5.79 5.60 6.51 5.95 5.73 6.08 5.84 5.43 5.72 5.74 5.91 5.99 6.16 6.39 6.55 6.85 6.94 6.95 6.96 7.13 -9999 7.15 7.38 7.95 8.96 -9999 -9999 -9999 -9999 -9999 -9999 -9999 -9999 -9999 -9999
-9999 -9999 -9999 -9999 -9999 -9999 -9999 -9999 -9999 -9999 -9999 -9999 -9999 -9999 -9999 -9999 -9999 -9999 -9999 -9999 -9999 -9999 -9999 -9999 -9999 -9999 -9999 7.29 6.30 5.93 5.38 4.94 5.15 7.98 8.41 7.14 9.20 8.93 7.57 7.09 9.57 7.81 7.80 6.13 4.87 6.35 5.62 5.27 5.79 5.91 5.58 5.73 5.70 5.77 5.88 6.04 6.01 6.12 7.17 6.69 6.44 7.36 6.76 6.76 6.89 -9999 7.74 8.27 9.08 9.71 -9999 -9999 -9999 -9999 -9999 -9999 -9999 -9999 -9999
-9999 -9999 -9999 -9999 -9999 -9999 -9999 -9999 -9999 -9999 -9999 -9999 -9999 -9999 -9999 -9999 -9999 -9999 -9999 -9999 -9999 -9999 -9999 -9999 -9999 -9999 -9999 7.15 6.18 5.84 5.38 6.31 5.82 6.89 9.05 6.92 7.19 7.45 6.12 5.79 8.07 7.05 6.64 4.49 5.92 6.85 5.52 6.35 5.92 6.39 6.18 5.87 5.70 5.76 5.84 5.89 5.82 5.81 6.02 6.33 5.81 6.14 6.55 6.03 6.55 7.02 -9999 -9999 -9999 -9999 -9999 -9999 -9999 -9999 -9999 -9999 -9999 -9999 -9999
-9999 -9999 -9999 -9999 -9999 -9999 -9999 -9999 -9999 -9999 -9999 -9999 -9999 -9999 -9999 -9999 -9999 -9999 -9999 -9999 -9999 -9999 -9999 -9999 -9999 -9999 8.26 6.78 6.08 6.49 6.11 6.20 6.04 7.05 7.41 6.90 6.61 6.30 6.02 6.00 7.72 9.00 8.46 5.11 6.98 6.84 5.51 5.94 5.49 6.07 6.24 5.74 5.57 5.84 5.84 5.83 5.89 5.74 5.90 5.98 5.92 5.92 6.82 6.19 6.11 6.39 7.28 8.24 -9999 -9999 -9999 -9999 -9999 -9999 -9999 -9999 -9999 -9999 -9999
-9999 -9999 -9999 -9999 -9999 -9999 -9999 -9999 -9999 -9999 -9999 -9999 -9999 -9999 -9999 -9999 -9999 -9999 -9999 -9999 -9999 -9999 -9999 -9999 -9999 -9999 -9999 6.96 6.15 6.08 6.32 7.63 6.26 6.23 6.26 6.40 6.48 6.03 5.71 5.45 5.55 7.94 8.08 8.51 6.88 7.26 6.86 6.36 6.81 5.44 5.40 5.94 5.56 5.72 5.71 5.69 5.83 5.72 5.78 5.99 5.75 5.59 5.71 7.14 6.26 6.01 6.35 7.15 8.03 8.91 -9999 -9999 -9999 -9999 -9999 -9999 -9999 -9999 -9999
-9999 -9999 -9999 -9999 -9999 -9999 -9999 -9999 -9999 -9999 -9999 -9999 -9999 -9999 -9999 -9999 -9999 -9999 -9999 -9999 -9999 -9999 -9999 -9999 -9999 -9999 -9999 7.01 6.55 6.25 6.36 6.49 6.47 6.17 5.78 5.78 5.47 5.24 5.23 5.26 5.59 5.03 7.92 9.62 10.23 8.39 7.27 7.09 6.22 6.36 5.61 6.29 5.68 5.80 5.69 5.64 5.68 5.69 5.90 5.94 5.71 5.43 5.81 7.21 6.61 6.63 5.95 6.25 7.06 8.04 -9999 -9999 -9999 -9999 -9999 -9999 -9999 -9999 -9999
-9999 -9999 -9999 -9999 -9999 -9999 -9999 10.48 9.82 10.07 10.81 -9999 -9999 -9999 -9999 -9999 -9999 -9999 -9999 -9999 -9999 -9999 -9999 -9999 -9999 -9999 7.42 6.67 6.98 6.56 7.11 6.66 6.00 5.66 5.58 5.41 5.36 5.14 5.07 4.85 4.64 6.94 8.68 8.79 7.48 9.31 8.38 6.31 6.32 5.04 6.86 6.76 5.85 5.83 5.70 5.61 5.63 5.69 5.82 6.07 5.85 5.43 5.56 5.99 7.16 6.89 7.12 6.02 6.17 7.21 8.29 -9999 -9999 -9999 -9999 -9999 -9999 -9999 -9999
-9999 -9999 -9999 -9999 -9999 -9999 -9999 10.09 9.43 9.29 9.60 -9999 -9999 -9999 -9999 -9999 -9999 -9999 -9999 -9999 -9999 -9999 -9999 -9999 -9999 7.63 7.38 6.75 6.97 7.65 6.72 6.46 5.70 5.50 5.52 5.30 5.35 5.31 4.70 4.18 3.86 5.30 9.79 10.08 7.37 8.52 7.87 7.61 5.69 5.09 6.21 6.60 6.05 5.47 5.47 5.53 5.83 5.78 5.76 5.88 6.04 5.65 5.70 5.88 7.09 7.01 6.82 6.09 6.13 6.58 7.76 -9999 -9999 -9999 -9999 -9999 -9999 -9999 -9999
-9999 -9999 -9999 -9999 -9999 12.17 10.04 8.99 9.15 9.00 9.58 9.18 9.90 10.20 -9999 -9999 9.89 8.46 -9999 -9999 -9999 7.75 8.50 7.58 -9999 6.10 7.60 7.04 6.73 7.04 6.55 6.39 6.19 6.47 6.04 5.90 5.19 5.30 4.66 4.37 6.27 4.49 6.77 8.98 5.68 7.08 9.99 6.09 7.36 5.81 6.12 6.25 5.86 5.63 5.61 5.60 5.83 5.61 5.74 5.72 6.17 5.65 5.66 5.90 6.32 6.80 7.33 6.91 6.21 6.18 7.21 8.46 -9999 -9999 -9999 -9999 -9999 -9999 -9999
-9999 -9999 -9999 -9999 -9999 -9999 10.36 9.40 8.97 8.69 8.77 9.28 9.93 7.55 -9999 6.25 8.18 8.70 7.52 8.15 5.99 5.76 8.91 8.40 6.95 -9999 5.96 7.17 7.13 6.57 6.43 6.61 5.92 5.79 5.69 5.46 5.46 5.11 5.12 4.64 6.61 6.98 7.31 7.84 7.35 9.00 8.82 7.13 5.77 5.38 6.47 6.49 5.54 5.84 5.51 5.84 5.98 5.65 5.65 5.64 6.18 5.68 5.71 5.89 5.97 6.59 7.02 7.39 6.82 6.37 6.84 8.01 -9999 -9999 -9999 -9999 -9999 -9999 -9999
