ML/MeanWindSpeed_1998-10_Actual.txt
ncols         180
nrows         290
xllcorner     -200000
yllcorner     -200000
cellsize      5000
NODATA_value  -9999
[rows 210 to 244 of 290, columns 77 to 153 of 180]
17.62 17.27 17.25 15.65 17.98 18.11 -9999 -9999 -9999 -9999 -9999 -9999 -9999 10.37 10.43 12.06 11.52 11.55 11.43 12.94 15.05 17.58 16.72 14.68 13.09 12.83 11.74 15.18 15.20 10.57 9.14 13.34 13.66 15.31 11.82 10.77 10.32 9.49 10.26 11.13 11.29 11.75 11.35 10.79 10.37 9.89 9.35 9.02 8.46 8.96 8.52 8.70 8.97 9.33 9.75 9.25 9.17 8.99 7.56 6.63 8.52 10.06 10.67 10.52 9.46 8.71 9.20 9.61 9.20 8.66 8.46 9.68 8.65 9.01 10.05 9.42 9.38
-9999 -9999 18.02 -9999 -9999 -9999 -9999 -9999 -9999 -9999 -9999 16.02 13.93 13.25 14.82 14.58 13.44 12.26 12.32 12.03 14.63 16.43 15.41 11.13 11.12 15.12 13.70 13.80 11.68 10.01 9.62 12.75 13.52 13.51 11.50 10.72 10.34 8.48 11.73 12.20 11.09 11.37 10.91 10.55 10.18 9.65 9.84 8.94 8.73 8.01 8.05 8.25 8.76 9.03 9.66 9.03 10.28 11.19 8.22 8.32 6.95 9.46 9.84 9.33 9.76 9.13 9.19 9.84 9.08 8.31 8.37 8.48 9.15 9.74 9.06 9.62 9.29
-9999 -9999 -9999 -9999 -9999 -9999 -9999 -9999 -9999 -9999 -9999 17.95 16.87 14.65 16.45 17.41 -9999 -9999 12.74 15.31 10.47 12.33 11.66 11.62 12.47 14.29 11.54 11.36 11.88 11.42 12.45 13.29 13.49 12.55 11.42 11.45 9.42 9.69 12.01 11.02 10.60 10.47 10.54 10.84 10.35 9.42 9.22 8.46 8.49 9.07 9.62 9.31 10.02 8.99 8.81 9.91 12.46 10.18 9.19 8.07 6.85 9.09 9.05 8.75 8.67 8.64 8.51 8.53 10.00 8.62 8.47 8.42 8.45 8.72 8.48 8.08 9.65
-9999 -9999 -9999 -9999 -9999 -9999 -9999 -9999 -9999 -9999 -9999 -9999 -9999 -9999 -9999 -9999 -9999 -9999 14.68 13.06 12.09 10.72 9.49 9.56 10.23 11.63 11.72 12.59 13.39 14.11 15.09 14.91 -9999 12.15 11.15 10.17 9.46 9.83 11.73 11.01 11.04 10.45 9.66 9.42 10.04 9.13 9.25 10.39 10.51 10.16 11.01 11.90 10.49 10.13 9.94 10.30 11.72 10.05 9.31 8.64 7.77 7.80 7.92 8.46 8.86 8.36 8.00 8.24 8.41 8.15 8.14 8.08 8.14 8.32 8.59 8.74 9.13
-9999 -9999 -9999 -9999 -9999 -9999 -9999 -9999 -9999 -9999 -9999 -9999 -9999 -9999 -9999 -9999 -9999 -9999 -9999 14.31 12.01 10.13 9.91 10.89 10.26 10.79 12.03 13.96 -9999 -9999 -9999 -9999 13.32 11.25 10.39 9.60 9.48 10.11 11.94 11.12 11.33 10.47 9.22 9.91 9.43 10.82 10.34 12.26 10.92 11.14 10.69 11.11 10.84 10.00 10.74 9.02 9.84 9.99 8.12 7.97 7.32 7.19 7.24 7.07 7.11 7.43 7.10 7.31 7.50 7.57 7.46 8.80 9.08 7.97 7.99 8.23 8.60
-9999 -9999 -9999 -9999 -9999 -9999 -9999 -9999 -9999 -9999 -9999 -9999 -9999 -9999 -9999 -9999 -9999 -9999 -9999 -9999 13.47 13.52 11.61 10.94 12.84 13.28 14.49 -9999 -9999 -9999 -9999 14.19 12.83 11.86 8.70 8.52 8.84 11.53 12.35 11.88 11.19 9.87 9.60 9.30 10.85 12.30 11.24 11.39 10.79 10.87 10.53 9.56 10.10 10.01 9.44 9.29 9.36 8.96 8.10 7.95 8.14 8.24 8.30 6.98 6.95 6.95 6.76 7.42 7.47 7.76 7.12 7.85 7.81 7.75 8.65 7.82 9.08
-9999 -9999 -9999 -9999 -9999 -9999 -9999 -9999 -9999 -9999 -9999 -9999 -9999 -9999 -9999 -9999 -9999 -9999 -9999 -9999 -9999 14.19 13.40 12.97 15.57 15.00 16.54 -9999 -9999 -9999 13.44 10.56 9.04 10.64 10.50 9.77 8.70 10.49 10.06 11.87 11.00 9.17 10.39 11.35 11.40 11.14 11.83 10.86 10.30 9.85 9.19 9.04 8.92 9.06 9.53 9.19 8.65 8.51 8.50 8.45 8.96 8.39 8.33 7.69 6.95 6.92 6.60 6.61 6.72 7.17 7.03 7.24 7.20 8.12 8.45 8.93 8.97
-9999 -9999 -9999 -9999 -9999 -9999 -9999 -9999 -9999 -9999 -9999 -9999 -9999 -9999 -9999 -9999 -9999 -9999 -9999 -9999 -9999 -9999 -9999 -9999 -9999 -9999 -9999 -9999 -9999 16.18 11.65 9.20 8.46 10.04 8.46 9.44 10.45 10.73 10.96 11.20 9.38 8.75 9.18 10.32 10.32 10.79 10.78 10.89 10.54 10.30 11.78 9.96 9.91 9.09 9.48 9.40 8.56 8.60 8.27 8.73 9.47 8.67 7.78 7.21 6.83 6.63 7.24 6.96 7.67 7.41 8.44 8.93 8.38 7.15 9.82 10.70 9.23
-9999 -9999 -9999 -9999 -9999 -9999 -9999 -9999 -9999 -9999 -9999 -9999 -9999 -9999 -9999 -9999 -9999 -9999 -9999 -9999 -9999 -9999 -9999 -9999 -9999 -9999 -9999 -9999 -9999 13.31 11.30 9.51 14.88 12.86 8.91 9.34 10.17 10.99 11.61 9.77 9.05 8.75 8.88 10.35 10.26 10.04 11.67 11.37 12.58 11.16 11.30 12.39 10.50 9.67 9.25 8.54 8.34 8.17 8.27 8.84 8.92 8.92 8.05 7.07 6.47 6.20 7.05 9.27 8.73 9.50 9.94 10.89 9.20 7.88 9.16 9.58 8.27
-9999 -9999 -9999 -9999 -9999 -9999 -9999 -9999 -9999 -9999 -9999 -9999 -9999 -9999 -9999 -9999 -9999 -9999 -9999 -9999 -9999 -9999 -9999 -9999 -9999 -9999 -9999 -9999 -9999 12.68 9.46 8.06 10.70 14.52 13.00 11.65 10.39 11.81 10.09 9.49 8.86 10.72 11.03 11.89 11.45 10.40 10.38 10.39 11.02 11.67 11.71 10.60 10.18 9.81 9.50 8.64 8.24 8.33 8.58 9.30 9.10 8.66 7.61 7.19 7.71 8.37 7.89 9.18 8.95 8.88 9.02 9.79 11.49 10.93 8.61 8.34 8.61
-9999 -9999 -9999 -9999 -9999 -9999 -9999 -9999 -9999 -9999 -9999 -9999 18.04 17.62 14.62 18.74 16.89 15.55 14.91 16.84 9.23 15.70 11.58 -9999 -9999 -9999 -9999 -9999 -9999 11.77 9.85 9.31 8.61 9.89 11.94 13.35 12.46 10.90 9.76 9.51 10.28 11.73 11.12 10.57 10.78 10.40 9.93 10.61 10.44 10.26 9.98 10.24 9.49 10.00 10.25 10.62 9.26 8.89 9.64 9.55 8.68 9.21 7.86 7.24 8.47 9.44 8.18 7.79 8.22 8.13 7.99 7.83 8.07 7.82 7.18 6.92 6.79
-9999 -9999 -9999 -9999 -9999 -9999 -9999 -9999 -9999 -9999 -9999 -9999 19.74 17.87 16.92 13.63 14.94 15.68 13.74 13.81 14.03 11.30 10.01 9.27 11.49 15.01 12.98 12.15 11.12 10.66 9.71 9.18 9.03 8.90 9.46 11.98 11.79 10.61 9.52 12.50 10.87 10.00 10.71 11.34 10.67 10.64 11.36 10.90 10.98 10.61 10.25 8.87 9.14 9.73 9.74 9.45 9.88 10.24 8.96 8.60 7.88 7.60 8.57 7.54 11.49 9.53 8.92 8.17 7.61 7.72 7.53 8.38 8.28 6.82 8.29 7.65 8.23
-9999 -9999 -9999 -9999 -9999 -9999 -9999 -9999 -9999 -9999 -9999 18.52 16.15 14.37 13.36 11.79 13.77 15.87 14.24 12.36 12.01 11.93 10.64 9.26 9.68 11.74 13.45 10.67 10.18 9.69 9.66 10.43 9.02 9.14 10.82 10.80 10.31 10.48 12.77 10.92 12.21 11.57 10.78 9.88 10.53 10.46 11.36 11.40 10.74 11.02 9.64 9.64 9.42 9.24 9.12 10.46 10.91 8.79 8.27 8.47 10.57 8.73 8.18 8.34 8.40 8.67 8.61 7.88 7.63 8.34 9.32 8.20 7.03 6.77 8.48 7.83 7.70
-9999 -9999 -9999 -9999 -9999 -9999 -9999 -9999 -9999 -9999 -9999 -9999 14.94 12.78 11.71 13.42 12.88 12.84 14.68 12.52 10.18 8.89 11.35 13.47 11.83 10.40 11.11 13.09 11.06 9.30 9.30 9.18 9.77 9.83 9.15 9.27 9.72 10.56 11.75 10.43 11.78 10.47 10.46 10.46 10.89 10.40 11.36 11.56 11.26 9.65 9.45 9.95 8.98 8.27 8.01 9.12 10.21 9.94 8.29 8.62 9.72 9.40 8.49 7.57 7.54 7.39 7.65 9.22 8.77 8.44 9.10 10.13 9.12 8.25 8.73 8.61 7.58
-9999 -9999 -9999 -9999 -9999 -9999 -9999 -9999 18.22 -9999 -9999 15.93 14.02 14.18 10.79 12.94 11.45 10.57 9.95 9.70 10.33 8.94 11.44 13.26 11.21 10.29 9.11 9.01 9.01 8.90 9.06 9.32 10.01 8.87 8.73 9.27 11.17 10.02 11.16 10.07 10.65 9.98 11.09 12.03 11.35 10.38 9.91 9.93 9.72 9.32 10.67 9.52 8.67 10.45 8.66 8.66 10.44 11.39 7.72 8.07 8.61 8.23 7.73 7.44 7.25 7.65 8.42 8.90 7.81 7.31 7.44 8.15 8.14 7.97 8.62 7.81 7.56
-9999 -9999 -9999 -9999 -9999 -9999 -9999 17.09 17.66 17.24 16.79 13.73 12.49 14.41 11.80 10.73 11.55 10.37 11.05 10.91 11.41 10.11 10.57 11.95 10.86 9.30 8.62 8.78 9.34 9.68 8.77 8.74 8.97 8.52 8.58 10.37 10.57 9.69 10.46 10.75 12.10 11.11 11.22 12.54 11.07 10.76 9.42 9.89 9.53 9.90 9.27 8.98 8.21 9.37 9.31 8.42 9.54 8.92 7.88 7.55 7.37 7.86 7.70 7.57 7.00 6.58 6.82 6.84 7.00 7.13 7.15 6.72 7.43 7.86 8.72 9.03 8.40
-9999 -9999 -9999 -9999 -9999 -9999 -9999 16.22 15.36 13.98 14.44 13.33 12.53 11.65 13.46 13.24 12.17 13.20 12.36 11.50 12.63 11.47 11.91 12.63 10.25 10.79 12.58 11.82 10.42 9.36 8.49 8.93 9.40 9.59 8.96 10.33 9.72 10.30 9.21 8.49 10.56 11.99 10.73 10.69 10.39 9.67 9.53 10.11 9.33 8.73 9.60 9.89 8.32 8.68 8.76 8.62 9.65 10.01 9.78 11.18 8.31 8.24 7.22 6.87 6.88 6.90 6.65 6.55 6.83 7.29 6.90 6.76 6.62 7.61 7.79 7.92 7.96
-9999 -9999 -9999 -9999 -9999 -9999 -9999 16.53 14.48 13.53 13.83 13.14 13.15 12.08 12.59 12.55 11.10 12.36 12.19 12.64 12.95 12.48 10.30 9.87 9.71 11.94 11.80 12.25 12.79 10.10 9.44 9.37 8.57 9.38 8.62 9.77 9.38 9.40 9.03 8.45 10.69 10.33 10.32 9.95 9.58 9.31 9.25 9.83 9.87 8.67 8.58 8.99 9.95 8.61 8.82 8.61 9.16 9.23 9.18 9.87 9.17 9.88 10.65 6.82 10.37 8.66 6.83 7.24 10.72 10.40 9.61 6.42 6.28 6.51 6.52 7.40 7.30
-9999 -9999 -9999 -9999 -9999 -9999 -9999 14.24 13.38 13.10 12.82 12.03 11.85 11.47 11.11 12.13 11.41 11.50 12.10 11.17 11.41 11.32 11.54 9.41 10.72 12.93 11.88 13.34 13.18 10.71 10.60 10.89 9.62 9.55 9.45 9.60 9.59 9.59 10.16 11.10 9.29 10.18 9.74 9.46 9.09 8.95 9.14 9.54 8.73 8.94 8.93 9.61 10.14 10.79 9.98 10.82 10.51 9.91 9.46 8.85 8.18 8.14 8.50 7.82 9.89 9.76 10.55 10.16 10.86 11.29 11.55 7.45 7.27 6.81 6.85 7.81 9.29
-9999 -9999 -9999 -9999 -9999 -9999 -9999 12.46 12.20 12.37 12.78 13.20 12.17 11.23 10.15 10.62 12.26 11.75 11.13 10.30 10.86 10.66 10.38 10.23 10.05 10.73 10.39 13.14 11.70 9.24 12.27 11.80 10.29 12.69 10.85 11.54 12.41 11.68 11.15 11.58 10.15 9.18 9.40 9.07 8.41 8.61 8.81 9.43 8.62 9.09 10.44 11.48 11.26 11.24 11.57 11.67 12.00 11.81 11.13 9.98 9.43 10.05 10.62 10.85 11.47 11.84 12.04 -9999 -9999 11.71 11.75 10.79 9.80 8.51 11.58 9.83 -9999
-9999 -9999 -9999 -9999 -9999 -9999 14.24 12.00 11.98 11.48 12.76 12.92 13.79 11.35 11.01 10.57 11.83 11.29 10.39 9.94 10.16 10.03 9.72 9.42 10.23 11.64 12.31 12.20 10.54 13.32 14.15 11.30 10.27 10.93 10.51 11.83 11.96 10.77 10.62 10.20 9.65 10.34 9.92 9.83 9.36 9.36 10.00 10.91 10.77 10.49 10.58 10.88 11.33 -9999 -9999 13.01 14.24 14.27 13.42 12.63 11.98 12.21 -9999 -9999 -9999 -9999 -9999 -9999 -9999 -9999 -9999 -9999 11.62 11.80 13.57 12.22 -9999
-9999 -9999 -9999 -9999 -9999 15.27 12.82 10.96 12.01 11.17 11.41 11.25 11.28 10.27 12.80 13.48 12.34 11.64 11.54 11.99 10.49 9.67 9.70 10.10 10.68 14.48 15.81 15.21 14.66 16.47 13.61 13.51 13.10 13.54 13.87 11.78 10.45 10.93 9.97 9.93 9.41 9.38 9.20 11.08 12.56 12.66 12.54 12.62 12.87 11.94 -9999 10.10 10.89 10.79 11.58 13.14 -9999 -9999 -9999 -9999 14.22 -9999 -9999 -9999 -9999 -9999 -9999 -9999 -9999 -9999 -9999 -9999 -9999 -9999 -9999 -9999 -9999
-9999 -9999 -9999 -9999 16.85 14.73 13.62 12.20 10.84 10.79 10.75 9.73 9.68 10.96 15.69 17.17 12.09 11.06 14.35 11.51 12.96 9.98 9.93 13.64 12.93 13.56 14.64 15.18 -9999 -9999 -9999 -9999 -9999 14.42 15.54 14.37 12.22 11.92 11.24 10.26 9.96 9.48 10.04 11.93 -9999 -9999 -9999 -9999 -9999 13.97 13.69 11.92 10.02 9.60 12.55 13.41 -9999 -9999 -9999 -9999 -9999 -9999 -9999 -9999 -9999 -9999 -9999 -9999 -9999 -9999 -9999 -9999 -9999 -9999 -9999 -9999 -9999
-9999 -9999 -9999 12.29 12.67 13.97 13.96 12.16 11.87 11.41 9.50 10.64 10.97 13.42 15.95 17.22 15.57 14.46 12.53 13.92 11.80 11.95 11.91 14.91 15.42 -9999 -9999 -9999 -9999 -9999 -9999 -9999 -9999 -9999 15.09 15.03 13.26 14.32 15.31 15.35 12.50 14.27 14.11 15.16 -9999 -9999 -9999 -9999 -9999 -9999 -9999 11.97 11.90 10.40 11.76 -9999 -9999 -9999 -9999 -9999 -9999 -9999 -9999 -9999 -9999 -9999 -9999 -9999 -9999 -9999 -9999 -9999 -9999 -9999 -9999 -9999 -9999
17.36 14.86 13.99 11.31 11.67 13.37 14.93 14.83 12.75 10.59 10.44 11.53 11.70 13.25 16.30 14.09 14.08 14.37 15.76 9.60 12.10 16.17 14.27 -9999 -9999 -9999 -9999 -9999 -9999 -9999 -9999 -9999 -9999 -9999 -9999 -9999 16.07 -9999 -9999 -9999 -9999 13.94 16.39 17.05 -9999 -9999 -9999 -9999 -9999 -9999 -9999 -9999 13.00 14.98 13.59 -9999 -9999 -9999 -9999 -9999 -9999 -9999 -9999 -9999 -9999 -9999 -9999 -9999 -9999 -9999 -9999 -9999 -9999 -9999 -9999 -9999 -9999
16.81 13.62 11.84 9.66 11.28 13.70 14.29 14.94 13.44 12.19 13.27 10.49 9.50 11.64 15.30 14.98 12.81 11.88 13.84 10.66 10.60 13.13 -9999 -9999 -9999 -9999 -9999 -9999 -9999 -9999 -9999 -9999 -9999 -9999 -9999 -9999 17.92 -9999 -9999 -9999 -9999 -9999 -9999 -9999 -9999 -9999 -9999 -9999 -9999 -9999 -9999 -9999 -9999 -9999 -9999 -9999 -9999 -9999 -9999 -9999 -9999 -9999 -9999 -9999 -9999 -9999 -9999 -9999 -9999 -9999 -9999 -9999 -9999 -9999 -9999 -9999 -9999
15.06 14.54 12.14 9.64 11.45 12.59 12.78 13.50 12.76 12.37 13.69 9.99 9.60 11.16 14.08 18.44 18.54 11.40 11.37 10.64 12.19 16.06 -9999 -9999 -9999 -9999 -9999 -9999 -9999 -9999 -9999 -9999 -9999 -9999 -9999 -9999 -9999 -9999 -9999 -9999 -9999 -9999 -9999 -9999 -9999 -9999 -9999 -9999 -9999 -9999 -9999 -9999 -9999 -9999 -9999 -9999 -9999 -9999 -9999 -9999 -9999 -9999 -9999 -9999 -9999 -9999 -9999 -9999 -9999 -9999 -9999 -9999 -9999 -9999 -9999 -9999 -9999
13.17 13.12 14.12 12.46 12.74 12.52 13.41 12.72 12.37 12.09 10.89 10.98 10.28 10.31 13.84 16.44 15.66 12.92 10.10 10.16 14.33 14.59 -9999 -9999 -9999 -9999 -9999 -9999 -9999 -9999 -9999 -9999 -9999 -9999 -9999 -9999 -9999 -9999 -9999 -9999 -9999 -9999 -9999 -9999 -9999 -9999 -9999 -9999 -9999 -9999 -9999 -9999 -9999 -9999 -9999 -9999 -9999 -9999 -9999 -9999 -9999 -9999 -9999 -9999 -9999 -9999 -9999 -9999 -9999 -9999 -9999 -9999 -9999 -9999 -9999 -9999 -9999
12.95 13.68 15.69 14.67 14.53 12.86 13.56 13.14 15.82 14.85 13.05 12.36 12.87 11.16 12.00 13.44 12.81 11.12 10.47 11.53 13.65 15.11 -9999 -9999 -9999 -9999 -9999 -9999 -9999 -9999 -9999 -9999 -9999 -9999 -9999 -9999 -9999 -9999 -9999 -9999 -9999 -9999 -9999 -9999 -9999 -9999 -9999 -9999 -9999 -9999 -9999 -9999 -9999 -9999 -9999 -9999 -9999 -9999 -9999 -9999 -9999 -9999 -9999 -9999 -9999 -9999 -9999 -9999 -9999 -9999 -9999 -9999 -9999 -9999 -9999 -9999 -9999
12.42 12.79 13.74 14.39 13.89 15.23 17.25 16.92 15.25 15.48 15.46 15.19 13.71 14.16 13.18 12.03 11.61 11.93 12.72 13.67 14.22 16.19 -9999 -9999 -9999 -9999 -9999 -9999 -9999 -9999 -9999 -9999 -9999 -9999 -9999 -9999 -9999 -9999 -9999 -9999 -9999 -9999 -9999 -9999 -9999 -9999 -9999 -9999 -9999 -9999 -9999 -9999 -9999 -9999 -9999 -9999 -9999 -9999 -9999 -9999 -9999 -9999 -9999 -9999 -9999 -9999 -9999 -9999 -9999 -9999 -9999 -9999 -9999 -9999 -9999 -9999 -9999
11.11 12.68 14.96 16.00 -9999 -9999 -9999 -9999 -9999 -9999 -9999 -9999 -9999 15.92 16.33 14.42 12.90 11.45 12.77 14.33 14.90 -9999 -9999 -9999 -9999 -9999 -9999 -9999 -9999 -9999 -9999 -9999 -9999 -9999 -9999 -9999 -9999 -9999 -9999 -9999 -9999 -9999 -9999 -9999 -9999 -9999 -9999 -9999 -9999 -9999 -9999 -9999 -9999 -9999 -9999 -9999 -9999 -9999 -9999 -9999 -9999 -9999 -9999 -9999 -9999 -9999 -9999 -9999 -9999 -9999 -9999 -9999 -9999 -9999 -9999 -9999 -9999
13.05 15.14 16.00 17.45 -9999 -9999 -9999 -9999 -9999 -9999 -9999 -9999 -9999 -9999 -9999 -9999 14.42 13.11 13.49 14.68 -9999 -9999 -9999 -9999 -9999 -9999 -9999 -9999 -9999 -9999 -9999 -9999 -9999 -9999 -9999 -9999 -9999 -9999 -9999 -9999 -9999 -9999 -9999 -9999 -9999 -9999 -9999 -9999 -9999 -9999 -9999 -9999 -9999 -9999 -9999 -9999 -9999 -9999 -9999 -9999 -9999 -9999 -9999 -9999 -9999 -9999 -9999 -9999 -9999 -9999 -9999 -9999 -9999 -9999 -9999 -9999 -9999
15.45 15.93 -9999 -9999 -9999 -9999 -9999 -9999 -9999 -9999 -9999 -9999 -9999 -9999 -9999 -9999 16.55 17.48 18.25 17.95 -9999 -9999 -9999 -9999 -9999 -9999 -9999 -9999 -9999 -9999 -9999 -9999 -9999 -9999 -9999 -9999 -9999 -9999 -9999 -9999 -9999 -9999 -9999 -9999 -9999 -9999 -9999 -9999 -9999 -9999 -9999 -9999 -9999 -9999 -9999 -9999 -9999 -9999 -9999 -9999 -9999 -9999 -9999 -9999 -9999 -9999 -9999 -9999 -9999 -9999 -9999 -9999 -9999 -9999 -9999 -9999 -9999
16.32 -9999 -9999 -9999 -9999 -9999 -9999 -9999 -9999 -9999 -9999 -9999 -9999 -9999 -9999 -9999 -9999 -9999 -9999 -9999 -9999 -9999 -9999 -9999 -9999 -9999 -9999 -9999 -9999 -9999 -9999 -9999 -9999 -9999 -9999 -9999 -9999 -9999 -9999 -9999 -9999 -9999 -9999 -9999 -9999 -9999 -9999 -9999 -9999 -9999 -9999 -9999 -9999 -9999 -9999 -9999 -9999 -9999 -9999 -9999 -9999 -9999 -9999 -9999 -9999 -9999 -9999 -9999 -9999 -9999 -9999 -9999 -9999 -9999 -9999 -9999 -9999
-9999 -9999 -9999 -9999 -9999 -9999 -9999 -9999 -9999 -9999 -9999 -9999 -9999 -9999 -9999 -9999 -9999 -9999 -9999 -9999 -9999 -9999 -9999 -9999 -9999 -9999 -9999 -9999 -9999 -9999 -9999 -9999 -9999 -9999 -9999 -9999 -9999 -9999 -9999 -9999 -9999 -9999 -9999 -9999 -9999 -9999 -9999 -9999 -9999 -9999 -9999 -9999 -9999 -9999 -9999 -9999 -9999 -9999 -9999 -9999 -9999 -9999 -9999 -9999 -9999 -9999 -9999 -9999 -9999 -9999 -9999 -9999 -9999 -9999 -9999 -9999 -9999
