ML/MeanWindSpeed_1999-10_Actual.txt
ncols         180
nrows         290
xllcorner     -200000
yllcorner     -200000
cellsize      5000
NODATA_value  -9999
[rows 105 to 139 of 290, columns 78 to 155 of 180]
11.08 14.38 9.78 6.77 9.67 14.11 13.68 11.58 10.24 11.74 16.58 11.11 13.46 8.07 11.00 15.67 11.06 8.74 9.45 11.36 10.03 9.18 9.55 9.51 8.38 9.98 9.66 9.84 12.30 11.45 11.41 11.29 -9999 -9999 -9999 -9999 -9999 -9999 -9999 -9999 -9999 -9999 -9999 -9999 -9999 -9999 -9999 -9999 -9999 -9999 -9999 -9999 -9999 -9999 -9999 -9999 -9999 -9999 -9999 -9999 -9999 -9999 -9999 -9999 -9999 -9999 -9999 -9999 -9999 -9999 -9999 -9999 -9999 -9999 -9999 -9999 -9999 -9999
12.83 10.50 11.63 16.16 14.76 16.96 9.65 14.10 7.44 16.31 9.18 18.80 9.57 12.95 20.49 13.58 10.50 13.46 12.52 9.11 8.22 6.93 6.70 8.42 7.86 7.90 9.61 10.42 10.34 10.37 9.13 10.56 11.78 -9999 -9999 -9999 -9999 -9999 -9999 -9999 -9999 -9999 -9999 -9999 -9999 -9999 -9999 -9999 -9999 -9999 -9999 -9999 -9999 -9999 -9999 -9999 -9999 -9999 -9999 -9999 -9999 -9999 -9999 -9999 -9999 -9999 -9999 -9999 -9999 -9999 -9999 -9999 -9999 -9999 -9999 -9999 -9999 -9999
13.04 7.55 15.10 11.59 6.63 11.50 16.35 15.78 7.59 16.23 14.23 15.35 11.91 16.56 13.82 15.46 18.75 14.42 12.02 9.13 7.58 8.25 10.25 11.10 12.77 12.10 10.16 9.22 8.83 11.45 10.17 12.56 12.79 14.17 -9999 -9999 -9999 -9999 -9999 -9999 -9999 -9999 -9999 -9999 -9999 -9999 -9999 -9999 -9999 -9999 -9999 -9999 -9999 -9999 -9999 -9999 -9999 -9999 -9999 -9999 -9999 -9999 -9999 -9999 -9999 -9999 -9999 -9999 -9999 -9999 -9999 -9999 -9999 -9999 -9999 -9999 -9999 -9999
9.87 14.03 14.51 10.72 6.19 13.62 16.15 19.51 9.32 16.10 13.20 14.13 13.74 14.79 9.95 11.77 12.94 11.86 8.56 9.57 11.77 15.72 14.80 13.26 11.29 10.93 12.55 8.82 10.69 12.19 12.95 13.38 13.67 14.31 14.55 -9999 -9999 -9999 -9999 -9999 -9999 -9999 -9999 -9999 -9999 -9999 -9999 -9999 -9999 -9999 -9999 -9999 -9999 -9999 -9999 -9999 -9999 -9999 -9999 -9999 -9999 -9999 -9999 -9999 -9999 -9999 -9999 -9999 -9999 -9999 -9999 -9999 -9999 -9999 -9999 -9999 -9999 -9999
14.71 17.32 9.18 6.39 11.21 17.95 13.89 6.77 9.75 24.35 11.97 11.51 13.41 13.46 10.68 9.54 7.93 8.33 12.12 18.03 17.16 14.65 13.12 10.15 9.50 10.30 12.08 10.71 12.15 12.08 12.04 13.04 13.45 13.81 -9999 -9999 -9999 -9999 -9999 -9999 -9999 -9999 -9999 -9999 -9999 -9999 -9999 -9999 -9999 -9999 -9999 -9999 -9999 -9999 -9999 -9999 -9999 -9999 -9999 -9999 -9999 -9999 -9999 -9999 -9999 -9999 -9999 -9999 -9999 -9999 -9999 -9999 -9999 -9999 -9999 -9999 -9999 -9999
12.62 11.27 10.02 15.36 8.57 15.30 16.81 16.23 11.48 10.48 20.60 12.83 10.22 8.40 7.75 7.07 6.89 7.27 12.03 10.50 9.77 8.84 10.54 12.45 10.88 11.14 10.83 11.31 13.29 13.38 -9999 -9999 -9999 -9999 -9999 -9999 -9999 -9999 -9999 -9999 -9999 -9999 -9999 -9999 -9999 -9999 -9999 -9999 -9999 -9999 -9999 -9999 -9999 -9999 -9999 -9999 -9999 -9999 -9999 -9999 -9999 -9999 -9999 -9999 -9999 -9999 -9999 -9999 -9999 -9999 -9999 -9999 -9999 -9999 -9999 -9999 -9999 -9999
11.67 7.82 14.80 14.54 17.05 18.49 9.11 16.95 16.68 9.50 13.14 13.48 9.35 8.29 9.19 10.89 12.80 9.39 9.34 9.67 10.10 10.38 11.02 12.18 11.30 11.66 12.93 12.87 -9999 -9999 -9999 -9999 -9999 -9999 -9999 -9999 -9999 -9999 -9999 -9999 -9999 -9999 -9999 -9999 -9999 -9999 -9999 -9999 -9999 -9999 -9999 -9999 -9999 -9999 -9999 -9999 -9999 -9999 -9999 -9999 -9999 -9999 -9999 -9999 -9999 -9999 -9999 -9999 -9999 -9999 -9999 -9999 -9999 -9999 -9999 -9999 -9999 -9999
9.83 15.09 10.95 15.37 18.27 15.79 13.22 17.69 17.55 10.11 9.22 7.08 7.13 8.04 9.10 13.04 14.98 11.97 10.37 9.21 9.20 10.46 10.06 10.84 11.60 13.85 15.21 13.73 -9999 -9999 -9999 -9999 -9999 -9999 -9999 -9999 -9999 -9999 -9999 -9999 -9999 -9999 -9999 -9999 -9999 -9999 -9999 -9999 -9999 -9999 -9999 -9999 -9999 -9999 -9999 -9999 -9999 -9999 -9999 -9999 -9999 -9999 -9999 -9999 -9999 -9999 -9999 -9999 -9999 -9999 -9999 -9999 -9999 -9999 -9999 -9999 -9999 -9999
11.94 15.15 11.69 16.13 15.75 17.48 11.49 10.20 11.98 10.88 10.19 9.57 6.84 16.12 16.45 15.39 15.49 11.50 8.34 8.31 8.42 8.76 8.84 9.53 11.01 10.82 -9999 -9999 -9999 -9999 -9999 12.59 11.39 11.45 10.78 -9999 -9999 -9999 -9999 -9999 -9999 -9999 -9999 -9999 -9999 -9999 -9999 -9999 -9999 -9999 -9999 -9999 -9999 -9999 -9999 -9999 -9999 -9999 -9999 -9999 -9999 -9999 -9999 -9999 -9999 -9999 -9999 -9999 -9999 -9999 -9999 -9999 -9999 -9999 -9999 -9999 -9999 -9999
12.48 17.26 12.11 10.26 20.94 11.70 10.55 9.27 8.60 9.66 11.67 14.73 10.95 11.09 9.86 10.17 9.49 9.48 9.36 9.73 9.68 9.13 9.78 10.45 10.14 9.86 10.59 11.90 -9999 -9999 10.53 9.75 9.12 7.61 7.87 8.96 10.15 -9999 -9999 -9999 -9999 -9999 -9999 -9999 -9999 -9999 -9999 -9999 -9999 -9999 -9999 -9999 -9999 -9999 -9999 -9999 -9999 -9999 -9999 -9999 -9999 -9999 -9999 -9999 -9999 -9999 -9999 -9999 -9999 -9999 -9999 -9999 -9999 -9999 -9999 -9999 -9999 -9999
15.06 13.13 13.79 15.61 17.15 11.14 11.18 12.49 12.08 11.41 9.11 9.36 10.35 9.97 9.93 9.52 9.14 9.39 10.03 9.78 8.91 10.44 11.02 8.71 7.52 7.85 8.75 10.83 9.81 9.68 9.68 7.98 5.75 6.13 8.88 9.83 12.18 9.16 -9999 -9999 -9999 -9999 -9999 -9999 -9999 -9999 -9999 -9999 -9999 -9999 -9999 -9999 -9999 -9999 -9999 -9999 -9999 -9999 -9999 -9999 -9999 -9999 -9999 -9999 -9999 -9999 -9999 -9999 -9999 -9999 -9999 -9999 -9999 -9999 -9999 -9999 -9999 -9999
13.21 17.11 15.62 13.07 11.99 -9999 13.16 14.88 11.65 10.17 8.54 8.42 8.43 8.86 9.44 9.09 9.08 10.84 10.72 10.63 9.55 8.78 8.61 7.12 7.30 8.27 10.20 8.93 7.64 9.35 7.90 7.07 5.76 7.13 9.46 10.29 11.66 10.37 12.32 13.98 11.08 -9999 -9999 -9999 -9999 -9999 -9999 -9999 -9999 -9999 -9999 -9999 -9999 -9999 -9999 -9999 -9999 -9999 -9999 -9999 -9999 -9999 -9999 -9999 -9999 -9999 -9999 -9999 -9999 -9999 -9999 -9999 -9999 -9999 -9999 -9999 -9999 -9999
14.44 -9999 14.71 15.95 12.32 -9999 14.60 18.09 12.86 11.17 8.71 8.48 7.91 8.08 7.35 7.35 7.83 9.21 11.40 11.04 10.93 9.26 8.67 9.09 10.31 12.73 11.06 7.86 6.10 7.55 7.60 7.45 11.99 12.76 10.53 10.83 9.99 10.17 10.82 9.31 10.82 -9999 -9999 -9999 -9999 -9999 -9999 -9999 -9999 -9999 -9999 -9999 -9999 -9999 -9999 -9999 -9999 -9999 -9999 -9999 -9999 -9999 -9999 -9999 -9999 -9999 -9999 -9999 -9999 -9999 -9999 -9999 -9999 -9999 -9999 -9999 -9999 -9999
13.62 -9999 -9999 16.05 13.36 12.39 14.81 16.33 10.42 10.17 11.61 9.56 8.55 8.12 10.78 8.35 6.93 8.11 9.05 10.46 11.03 11.92 9.89 12.08 13.09 11.23 9.98 9.09 7.54 8.24 9.69 10.39 10.20 12.97 11.40 10.86 10.82 7.97 8.02 9.31 10.93 11.97 -9999 -9999 -9999 -9999 -9999 -9999 -9999 -9999 -9999 -9999 -9999 -9999 -9999 -9999 -9999 -9999 -9999 -9999 -9999 -9999 -9999 -9999 -9999 -9999 -9999 -9999 -9999 -9999 -9999 -9999 -9999 -9999 -9999 -9999 -9999 -9999
-9999 -9999 -9999 -9999 14.30 12.61 16.24 13.05 9.55 9.86 10.91 11.91 10.21 9.07 10.46 10.85 8.93 6.89 9.27 11.73 10.55 10.17 10.69 12.61 11.53 10.01 10.34 9.86 12.28 11.52 10.14 9.71 8.70 11.44 10.98 10.15 10.93 8.67 7.99 7.99 8.12 9.18 -9999 -9999 -9999 -9999 -9999 -9999 -9999 -9999 -9999 -9999 -9999 -9999 -9999 -9999 -9999 -9999 -9999 -9999 -9999 -9999 -9999 -9999 -9999 -9999 -9999 -9999 -9999 -9999 -9999 -9999 -9999 -9999 -9999 -9999 -9999 -9999
16.16 17.10 -9999 -9999 -9999 14.08 15.14 12.39 10.41 9.57 10.08 11.51 11.72 11.95 12.37 10.96 9.96 8.95 6.80 11.05 9.84 9.54 10.17 9.61 9.40 11.41 9.55 12.72 16.25 14.39 11.96 11.97 9.14 10.28 9.93 10.22 10.68 8.52 7.52 7.28 7.50 8.82 9.90 -9999 -9999 -9999 -9999 -9999 -9999 -9999 -9999 -9999 -9999 -9999 -9999 -9999 -9999 -9999 -9999 -9999 -9999 -9999 -9999 -9999 -9999 -9999 -9999 -9999 -9999 -9999 -9999 -9999 -9999 -9999 -9999 -9999 -9999 -9999
17.55 19.08 14.42 -9999 -9999 -9999 14.23 12.78 10.31 9.29 9.24 9.49 10.93 10.84 10.43 9.27 9.11 9.40 9.88 8.91 8.98 8.94 10.54 10.01 12.76 8.11 9.12 9.03 10.21 14.46 14.10 11.72 10.45 9.02 8.74 9.08 9.28 7.45 6.89 6.36 7.41 8.47 8.61 9.46 -9999 -9999 -9999 -9999 -9999 -9999 -9999 -9999 -9999 -9999 -9999 -9999 -9999 -9999 -9999 -9999 -9999 -9999 -9999 -9999 -9999 -9999 -9999 -9999 -9999 -9999 -9999 -9999 -9999 -9999 -9999 -9999 -9999 -9999
16.79 17.40 13.09 -9999 -9999 -9999 -9999 -9999 11.70 9.95 8.25 7.93 8.32 8.31 9.54 12.37 11.95 10.29 9.46 8.86 10.28 9.30 8.82 8.48 11.20 7.15 9.21 10.84 10.13 7.89 9.72 8.83 9.81 8.07 9.26 8.55 7.01 6.41 5.84 5.67 5.44 8.38 9.00 8.68 9.13 -9999 -9999 -9999 -9999 -9999 -9999 -9999 -9999 -9999 -9999 -9999 -9999 -9999 -9999 -9999 -9999 -9999 -9999 -9999 -9999 -9999 -9999 -9999 -9999 -9999 -9999 -9999 -9999 -9999 -9999 -9999 -9999 -9999
13.92 21.01 15.30 -9999 -9999 -9999 -9999 -9999 12.52 11.14 10.44 8.56 10.17 12.13 11.01 12.47 12.89 11.93 9.67 10.87 9.74 8.57 10.14 11.06 6.76 15.73 10.38 13.98 10.75 13.27 12.62 8.16 10.32 8.60 7.66 6.76 6.89 7.90 7.89 6.19 6.32 5.33 8.30 10.28 8.51 10.65 12.04 -9999 -9999 -9999 -9999 -9999 -9999 -9999 -9999 -9999 -9999 -9999 -9999 -9999 -9999 -9999 -9999 -9999 -9999 -9999 -9999 -9999 -9999 -9999 -9999 -9999 -9999 -9999 -9999 -9999 -9999 -9999
17.83 20.73 19.69 -9999 -9999 -9999 -9999 -9999 12.29 10.33 9.69 8.56 9.13 10.89 8.98 9.84 10.09 11.96 10.56 9.91 8.83 11.37 14.84 12.07 10.19 17.57 15.83 11.46 12.35 10.42 8.37 9.85 10.36 8.62 8.59 8.15 6.01 5.99 5.87 7.45 10.57 8.33 8.08 9.58 9.84 9.31 10.83 -9999 -9999 -9999 -9999 -9999 -9999 -9999 -9999 -9999 -9999 -9999 -9999 -9999 -9999 -9999 -9999 -9999 -9999 -9999 -9999 -9999 -9999 -9999 -9999 -9999 -9999 -9999 -9999 -9999 -9999 -9999
15.70 17.58 18.83 -9999 -9999 -9999 -9999 -9999 11.42 9.74 8.76 8.34 8.37 8.97 9.59 12.97 14.94 12.25 12.32 8.63 8.83 9.27 12.16 8.17 14.24 13.43 11.68 13.27 14.21 9.33 11.76 9.73 10.19 9.46 6.83 7.71 7.55 6.48 5.49 12.23 12.96 11.91 7.99 9.25 9.88 9.23 10.90 -9999 -9999 -9999 -9999 -9999 -9999 -9999 -9999 -9999 -9999 -9999 -9999 -9999 -9999 -9999 -9999 -9999 -9999 -9999 -9999 -9999 -9999 -9999 -9999 -9999 -9999 -9999 -9999 -9999 -9999 -9999
-9999 -9999 -9999 -9999 -9999 -9999 -9999 14.26 11.29 10.05 8.61 8.87 9.27 8.30 9.47 10.04 13.11 11.31 10.86 13.06 10.74 12.47 13.16 13.68 16.83 15.95 10.94 12.23 13.36 12.51 11.10 11.15 8.10 8.84 9.08 6.21 7.16 6.38 9.73 11.68 15.20 13.02 8.25 8.08 7.81 9.03 10.84 -9999 -9999 -9999 -9999 -9999 -9999 -9999 -9999 -9999 -9999 -9999 -9999 -9999 -9999 -9999 -9999 -9999 -9999 -9999 -9999 -9999 -9999 -9999 -9999 -9999 -9999 -9999 -9999 -9999 -9999 -9999
-9999 -9999 -9999 -9999 -9999 -9999 -9999 15.11 8.76 8.61 10.27 11.85 10.77 8.60 8.65 9.50 7.63 8.81 13.32 14.32 11.67 10.83 9.79 9.28 16.65 10.79 11.85 11.55 11.98 11.52 9.78 7.38 9.90 9.02 8.18 6.62 6.95 9.52 11.38 11.14 13.38 13.08 8.65 7.05 7.88 10.33 9.94 -9999 -9999 -9999 -9999 -9999 -9999 -9999 -9999 -9999 -9999 -9999 -9999 -9999 -9999 -9999 -9999 -9999 -9999 -9999 -9999 -9999 -9999 -9999 -9999 -9999 -9999 -9999 -9999 -9999 -9999 -9999
-9999 -9999 -9999 -9999 -9999 -9999 13.67 11.91 6.99 8.74 10.54 9.26 11.79 13.48 12.35 14.86 12.67 10.42 9.28 10.40 13.16 12.14 10.93 8.18 11.37 15.60 11.99 14.34 11.00 10.81 7.66 7.96 9.84 8.42 8.25 8.99 10.81 13.04 12.56 11.14 10.16 9.46 8.01 10.58 11.78 10.45 10.32 -9999 -9999 -9999 -9999 -9999 -9999 -9999 -9999 -9999 -9999 -9999 -9999 -9999 -9999 -9999 -9999 -9999 -9999 -9999 -9999 -9999 -9999 -9999 -9999 -9999 -9999 -9999 -9999 -9999 -9999 -9999
-9999 -9999 -9999 -9999 -9999 -9999 11.65 7.75 10.68 8.75 11.00 8.97 12.22 12.63 15.58 14.50 14.55 13.18 11.45 9.01 17.88 17.19 11.88 8.19 12.66 15.01 11.36 11.67 13.13 9.33 10.93 12.21 10.17 11.15 11.38 14.86 9.84 9.63 10.78 11.78 11.75 8.69 7.15 9.30 9.69 9.34 10.00 11.82 -9999 -9999 -9999 -9999 -9999 -9999 -9999 -9999 -9999 -9999 -9999 -9999 -9999 -9999 -9999 -9999 -9999 -9999 -9999 -9999 -9999 -9999 -9999 -9999 -9999 -9999 -9999 -9999 -9999 -9999
-9999 -9999 -9999 -9999 -9999 11.35 12.83 11.93 10.80 11.53 11.33 9.74 8.74 14.29 13.96 15.27 14.63 14.41 10.30 7.42 11.76 14.08 13.30 9.75 9.83 11.91 11.26 10.82 11.27 14.64 10.08 9.65 9.65 8.04 13.99 12.19 14.34 12.73 9.20 10.06 10.58 11.19 12.27 9.36 9.02 8.93 9.93 11.48 -9999 -9999 -9999 -9999 -9999 -9999 -9999 -9999 -9999 -9999 -9999 -9999 -9999 -9999 -9999 -9999 -9999 -9999 -9999 -9999 -9999 -9999 -9999 -9999 -9999 -9999 -9999 -9999 -9999 -9999
-9999 -9999 -9999 -9999 -9999 12.72 11.95 10.42 14.59 13.56 10.92 10.61 14.26 10.46 12.14 14.57 12.71 12.57 8.56 7.14 10.68 12.70 14.61 9.29 9.84 9.91 10.39 8.66 12.99 9.12 13.33 10.99 8.28 14.39 8.57 10.72 12.08 11.31 12.10 8.93 8.84 11.72 11.50 9.81 10.45 9.96 9.91 11.54 -9999 -9999 -9999 -9999 -9999 -9999 -9999 -9999 -9999 -9999 -9999 -9999 -9999 -9999 -9999 -9999 -9999 -9999 -9999 -9999 -9999 -9999 -9999 -9999 -9999 -9999 -9999 -9999 -9999 -9999
-9999 -9999 -9999 -9999 13.17 10.55 9.82 12.74 10.87 11.12 17.41 13.43 13.40 10.19 12.18 12.96 11.13 12.47 11.27 9.53 12.24 12.47 9.69 8.18 9.19 11.12 11.00 13.74 10.85 9.34 13.50 9.11 9.84 14.77 10.03 9.17 8.37 10.27 11.79 10.98 11.46 11.70 9.92 9.60 9.70 9.23 9.57 11.13 -9999 -9999 -9999 -9999 -9999 -9999 -9999 -9999 -9999 -9999 -9999 -9999 -9999 -9999 -9999 -9999 -9999 -9999 -9999 -9999 -9999 -9999 -9999 -9999 -9999 -9999 -9999 -9999 -9999 -9999
-9999 -9999 -9999 11.74 11.78 12.18 9.58 10.49 10.96 10.06 12.52 11.81 17.82 9.85 9.76 11.21 11.59 11.88 12.25 10.66 9.32 8.81 11.58 8.51 8.13 10.39 10.98 10.93 10.61 8.94 10.78 7.34 9.17 13.76 12.47 12.81 11.54 10.64 9.45 9.52 12.04 10.92 10.05 9.91 9.79 9.88 9.20 10.31 12.02 -9999 -9999 -9999 -9999 -9999 -9999 -9999 -9999 -9999 -9999 -9999 -9999 -9999 -9999 -9999 -9999 -9999 -9999 -9999 -9999 -9999 -9999 -9999 -9999 -9999 -9999 -9999 -9999 -9999
-9999 -9999 -9999 13.59 15.95 12.54 11.63 10.55 9.50 8.64 18.24 14.62 11.97 11.84 9.41 9.85 11.01 10.77 15.30 10.25 8.27 8.15 8.71 11.48 8.68 11.21 10.49 11.12 10.05 9.38 8.87 10.09 8.28 11.28 11.98 11.14 12.26 10.66 9.48 9.13 10.62 9.90 11.19 10.40 9.26 8.42 9.38 10.32 11.60 -9999 -9999 -9999 -9999 -9999 -9999 -9999 -9999 -9999 -9999 -9999 -9999 -9999 -9999 -9999 -9999 -9999 -9999 -9999 -9999 -9999 -9999 -9999 -9999 -9999 -9999 -9999 -9999 -9999
-9999 14.02 12.75 14.72 12.94 12.11 13.02 11.01 10.46 8.93 14.29 13.04 13.02 11.84 10.96 8.95 11.44 11.98 11.01 10.67 9.69 7.58 8.53 10.01 9.61 9.57 10.02 10.29 9.14 8.30 9.24 8.53 8.40 12.28 11.03 10.55 10.60 12.53 10.85 9.62 7.88 9.31 10.07 9.71 9.18 8.58 9.09 9.89 11.36 -9999 -9999 -9999 -9999 -9999 -9999 -9999 -9999 -9999 -9999 -9999 -9999 -9999 -9999 -9999 -9999 -9999 -9999 -9999 -9999 -9999 -9999 -9999 -9999 -9999 -9999 -9999 -9999 -9999
-9999 14.86 12.62 10.80 13.66 12.05 13.27 11.38 10.33 9.14 9.40 10.77 14.98 12.34 11.29 9.40 9.34 9.39 9.20 9.69 10.32 8.82 10.30 9.38 9.60 9.22 9.03 8.66 8.21 7.68 7.82 8.77 8.32 7.35 8.39 9.24 9.24 9.96 9.69 6.46 7.81 10.72 10.10 8.86 9.10 8.83 9.40 9.03 10.12 11.56 -9999 -9999 -9999 -9999 -9999 -9999 -9999 -9999 -9999 -9999 -9999 -9999 -9999 -9999 -9999 -9999 -9999 -9999 -9999 -9999 -9999 -9999 -9999 -9999 -9999 -9999 -9999 -9999
-9999 15.14 12.98 9.89 13.11 11.15 12.02 10.95 10.25 10.07 8.88 12.60 12.34 11.66 13.38 10.31 9.18 8.96 8.04 10.46 14.77 11.09 -9999 -9999 -9999 9.38 8.84 -9999 7.67 7.63 7.70 7.16 6.67 7.44 8.70 7.94 7.98 9.22 8.51 9.61 9.26 7.31 6.74 7.51 8.28 8.95 7.35 8.54 9.12 10.87 -9999 -9999 -9999 -9999 -9999 -9999 -9999 -9999 -9999 -9999 -9999 -9999 -9999 -9999 -9999 -9999 -9999 -9999 -9999 -9999 -9999 -9999 -9999 -9999 -9999 -9999 -9999 -9999
-9999 13.95 15.44 11.53 11.53 12.11 12.90 12.13 11.00 10.08 9.35 10.62 16.37 12.83 13.13 10.11 9.61 11.46 8.97 10.44 11.71 11.99 -9999 -9999 -9999 9.36 8.21 7.91 7.74 7.15 6.69 5.73 7.24 9.94 9.84 7.88 11.15 7.75 7.41 10.05 7.55 8.55 9.11 9.55 7.78 9.22 10.81 9.54 8.73 10.23 -9999 -9999 -9999 -9999 -9999 -9999 -9999 -9999 -9999 -9999 -9999 -9999 -9999 -9999 -9999 -9999 -9999 -9999 -9999 -9999 -9999 -9999 -9999 -9999 -9999 -9999 -9999 -9999
-9999 -9999 14.95 14.57 12.61 -9999 13.93 13.72 12.20 11.03 10.21 -9999 13.15 11.57 12.23 9.91 11.24 12.30 11.32 11.93 -9999 -9999 -9999 -9999 10.55 8.38 7.24 6.77 7.33 7.52 6.53 5.96 6.41 10.77 14.05 6.79 11.92 7.83 9.54 11.05 8.69 10.55 9.08 8.01 10.14 10.81 9.79 7.89 8.60 10.80 11.34 -9999 -9999 -9999 -9999 -9999 -9999 -9999 -9999 -9999 -9999 -9999 -9999 -9999 -9999 -9999 -9999 -9999 -9999 -9999 -9999 -9999 -9999 -9999 -9999 -9999 -9999 -9999
