ML/MeanWindSpeed_1998-05_Actual.txt
ncols         180
nrows         290
xllcorner     -200000
yllcorner     -200000
cellsize      5000
NODATA_value  -9999
[rows 140 to 174 of 290, columns 79 to 157 of 180]
-9999 -9999 10.57 -9999 -9999 -9999 9.25 9.66 8.66 8.39 9.04 -9999 -9999 9.54 8.17 10.36 11.28 -9999 -9999 -9999 -9999 -9999 8.12 7.41 5.66 5.71 5.33 6.05 6.14 6.73 6.64 4.70 7.36 10.00 10.42 7.88 9.36 10.14 10.58 8.16 8.59 8.44 6.87 4.53 4.27 4.39 1.89 2.68 4.79 6.24 -9999 -9999 -9999 -9999 -9999 -9999 -9999 -9999 -9999 -9999 -9999 -9999 -9999 -9999 -9999 -9999 -9999 -9999 -9999 -9999 -9999 -9999 -9999 -9999 -9999 -9999 -9999 -9999 -9999
-9999 -9999 10.33 9.94 -9999 -9999 -9999 9.21 10.00 9.63 9.66 -9999 -9999 -9999 -9999 9.81 -9999 -9999 -9999 -9999 -9999 -9999 7.10 6.55 5.78 6.22 6.69 6.80 6.49 6.83 6.38 5.55 6.36 9.66 10.10 6.48 11.42 11.07 12.14 8.93 8.76 9.84 7.12 5.26 4.53 2.79 1.39 2.61 4.89 6.49 -9999 -9999 -9999 -9999 -9999 -9999 -9999 -9999 -9999 -9999 -9999 -9999 -9999 -9999 -9999 -9999 -9999 -9999 -9999 -9999 -9999 -9999 -9999 -9999 -9999 -9999 -9999 -9999 -9999
-9999 -9999 -9999 11.11 -9999 -9999 -9999 -9999 9.45 10.39 9.87 -9999 -9999 -9999 -9999 -9999 -9999 -9999 -9999 -9999 -9999 7.64 6.90 7.08 6.75 6.80 8.15 8.02 7.58 7.70 7.22 6.78 5.73 7.57 12.72 12.16 11.77 11.74 9.67 8.69 8.67 6.63 4.38 5.93 5.72 2.60 1.90 3.27 5.33 7.23 8.19 -9999 -9999 -9999 -9999 -9999 -9999 -9999 -9999 -9999 -9999 -9999 -9999 -9999 -9999 -9999 -9999 -9999 -9999 -9999 -9999 -9999 -9999 -9999 -9999 -9999 -9999 -9999 -9999
-9999 -9999 -9999 12.02 -9999 -9999 -9999 -9999 -9999 -9999 -9999 -9999 -9999 -9999 -9999 -9999 -9999 -9999 -9999 -9999 -9999 7.76 6.47 5.60 4.45 4.27 11.55 9.04 7.86 9.73 7.32 8.19 4.36 5.27 10.96 14.21 11.05 9.53 13.35 15.09 13.36 10.55 8.54 4.42 4.40 3.72 4.36 4.25 5.65 7.95 8.57 8.51 -9999 -9999 -9999 -9999 -9999 -9999 -9999 -9999 -9999 -9999 -9999 -9999 -9999 -9999 -9999 -9999 -9999 -9999 -9999 -9999 -9999 -9999 -9999 -9999 -9999 -9999 -9999
-9999 -9999 -9999 -9999 -9999 -9999 -9999 -9999 -9999 -9999 -9999 -9999 -9999 -9999 -9999 -9999 -9999 -9999 -9999 -9999 7.91 7.19 5.92 4.95 7.64 3.96 15.86 14.56 7.38 8.23 7.07 6.49 6.57 4.66 6.87 15.23 14.80 12.66 10.91 9.76 11.57 10.71 9.10 6.76 5.31 4.68 4.38 4.89 6.68 7.32 7.28 7.59 -9999 -9999 -9999 -9999 -9999 -9999 -9999 -9999 -9999 -9999 -9999 -9999 -9999 -9999 -9999 -9999 -9999 -9999 -9999 -9999 -9999 -9999 -9999 -9999 -9999 -9999 -9999
-9999 -9999 -9999 -9999 -9999 -9999 -9999 -9999 -9999 -9999 -9999 -9999 -9999 -9999 -9999 -9999 -9999 -9999 -9999 -9999 7.04 7.68 4.98 6.71 13.82 7.27 5.18 10.46 10.60 8.01 7.05 6.50 6.23 5.67 7.17 10.11 17.68 14.49 12.71 10.45 9.97 9.47 7.31 6.54 6.16 6.77 5.55 6.62 6.50 6.87 6.42 6.45 6.78 7.04 7.13 -9999 -9999 -9999 -9999 -9999 -9999 -9999 -9999 -9999 -9999 -9999 -9999 -9999 -9999 -9999 -9999 -9999 -9999 -9999 -9999 -9999 -9999 -9999 -9999
-9999 -9999 -9999 -9999 -9999 -9999 -9999 -9999 -9999 -9999 -9999 -9999 -9999 -9999 -9999 -9999 -9999 -9999 -9999 -9999 7.07 6.90 6.31 9.53 6.20 5.87 7.69 12.07 8.49 6.63 9.41 4.59 6.91 6.39 7.58 8.44 11.45 12.72 11.83 10.68 9.86 7.68 7.37 6.55 5.98 5.81 6.18 6.20 6.56 5.96 5.60 5.51 8.04 6.46 7.44 8.27 8.12 -9999 -9999 -9999 -9999 -9999 -9999 -9999 -9999 -9999 -9999 -9999 -9999 -9999 -9999 -9999 -9999 -9999 -9999 -9999 -9999 -9999 -9999
-9999 -9999 -9999 -9999 -9999 -9999 -9999 -9999 -9999 -9999 -9999 -9999 -9999 -9999 -9999 -9999 -9999 -9999 -9999 -9999 7.13 6.88 7.90 12.80 14.19 9.61 6.17 8.37 9.09 10.86 6.20 9.11 7.31 6.66 8.11 8.55 7.37 7.86 11.47 10.46 9.40 8.57 7.54 6.93 6.99 6.98 6.49 6.62 6.30 5.57 5.55 5.21 5.89 8.23 7.81 7.99 9.22 9.13 7.34 -9999 -9999 -9999 -9999 -9999 -9999 -9999 -9999 -9999 -9999 -9999 -9999 -9999 -9999 -9999 -9999 -9999 -9999 -9999 -9999
-9999 -9999 -9999 -9999 -9999 -9999 -9999 -9999 -9999 -9999 -9999 -9999 -9999 -9999 -9999 -9999 -9999 -9999 -9999 -9999 7.59 6.55 8.61 9.94 6.22 17.23 14.07 8.18 10.15 7.51 11.11 11.39 7.63 6.08 7.13 7.55 5.93 13.00 11.75 11.27 11.58 11.68 10.75 7.66 8.74 7.65 7.25 7.08 6.68 6.16 5.39 4.45 5.19 7.65 6.74 6.39 7.12 8.34 6.77 9.18 -9999 -9999 -9999 -9999 -9999 -9999 -9999 -9999 -9999 -9999 -9999 -9999 -9999 -9999 -9999 -9999 -9999 -9999 -9999
-9999 -9999 -9999 -9999 -9999 -9999 -9999 -9999 8.64 8.93 9.65 -9999 -9999 -9999 -9999 -9999 -9999 -9999 -9999 -9999 -9999 7.34 6.58 5.62 7.80 10.45 13.54 7.99 5.47 10.07 9.61 8.22 6.58 8.24 8.32 6.65 7.25 10.28 10.94 14.32 13.04 10.79 10.16 10.67 9.28 8.13 7.70 7.26 6.97 5.95 4.98 8.62 7.87 10.97 11.49 10.39 9.19 6.64 9.14 9.40 8.24 -9999 -9999 -9999 -9999 -9999 -9999 -9999 -9999 -9999 -9999 -9999 -9999 -9999 -9999 -9999 -9999 -9999 -9999
-9999 -9999 -9999 -9999 -9999 -9999 -9999 -9999 7.25 7.59 -9999 -9999 -9999 -9999 -9999 -9999 -9999 -9999 -9999 -9999 -9999 -9999 6.08 4.09 8.44 9.84 16.95 8.92 9.10 8.78 6.88 5.80 5.56 5.11 12.42 6.68 7.75 12.88 11.02 8.54 8.04 12.20 8.52 11.12 9.27 8.16 7.57 7.31 6.55 6.56 8.28 9.04 8.51 8.40 7.95 8.93 9.66 9.05 9.30 8.98 10.55 -9999 -9999 -9999 -9999 -9999 -9999 -9999 -9999 -9999 -9999 -9999 -9999 -9999 -9999 -9999 -9999 -9999 -9999
-9999 -9999 -9999 -9999 -9999 -9999 -9999 7.00 9.91 9.98 9.36 -9999 -9999 -9999 -9999 -9999 -9999 -9999 -9999 -9999 -9999 -9999 5.81 7.85 9.27 10.43 8.42 9.28 7.31 7.15 6.38 5.73 7.13 5.60 4.14 12.33 8.76 8.37 11.73 10.11 12.74 10.03 10.34 9.06 8.76 8.24 8.11 7.29 6.47 7.28 8.48 7.69 8.77 9.92 9.41 9.71 9.17 9.28 9.66 8.31 10.60 8.98 -9999 -9999 -9999 -9999 -9999 -9999 -9999 -9999 -9999 -9999 -9999 -9999 -9999 -9999 -9999 -9999 -9999
-9999 -9999 -9999 -9999 -9999 -9999 5.78 10.07 12.25 15.35 9.35 -9999 -9999 -9999 -9999 -9999 -9999 -9999 -9999 -9999 -9999 -9999 6.78 11.55 9.60 6.27 7.86 7.13 7.59 5.97 5.27 5.93 7.03 5.04 10.58 7.89 11.36 8.81 13.14 8.13 9.40 7.58 9.70 8.30 8.65 8.73 7.67 7.47 6.39 6.25 9.51 10.11 9.75 8.78 8.85 8.43 8.22 8.40 10.00 9.88 9.18 9.32 -9999 -9999 -9999 -9999 -9999 -9999 -9999 -9999 -9999 -9999 -9999 -9999 -9999 -9999 -9999 -9999 -9999
-9999 -9999 -9999 -9999 -9999 7.30 6.84 14.04 11.98 11.42 -9999 -9999 -9999 -9999 -9999 -9999 -9999 -9999 -9999 -9999 -9999 -9999 -9999 7.94 6.63 6.11 8.40 6.22 8.15 6.27 5.55 5.33 5.96 4.65 10.43 10.39 11.72 10.99 11.83 11.97 11.88 10.44 10.04 10.31 9.71 7.91 7.60 7.24 6.19 6.01 7.27 11.73 10.47 8.05 7.36 7.28 6.93 7.02 7.09 7.14 6.77 7.35 8.49 8.97 -9999 -9999 -9999 -9999 -9999 -9999 -9999 -9999 -9999 -9999 -9999 -9999 -9999 -9999 -9999
-9999 -9999 -9999 -9999 -9999 9.91 11.82 9.22 10.09 10.21 -9999 -9999 -9999 -9999 -9999 -9999 -9999 -9999 -9999 -9999 -9999 -9999 -9999 -9999 6.97 7.53 7.19 6.41 7.54 6.72 6.45 6.05 6.64 4.60 10.52 9.83 9.22 11.35 9.86 9.21 13.30 13.03 9.64 11.32 10.12 9.44 7.58 7.00 6.47 6.19 6.84 8.07 8.35 7.54 7.23 6.95 6.82 6.45 6.41 6.42 6.49 9.12 9.24 8.82 -9999 -9999 -9999 -9999 -9999 -9999 -9999 -9999 -9999 -9999 -9999 -9999 -9999 -9999 -9999
-9999 -9999 -9999 -9999 -9999 10.79 9.92 10.68 9.82 -9999 -9999 -9999 -9999 -9999 -9999 -9999 -9999 -9999 -9999 -9999 -9999 -9999 -9999 -9999 7.57 8.08 7.97 -9999 7.56 -9999 6.72 5.92 5.23 4.19 5.12 10.20 9.53 10.22 13.43 7.04 8.22 13.49 11.54 10.81 10.48 9.19 7.85 7.51 7.52 6.97 6.96 7.40 8.14 8.78 7.48 7.79 6.56 5.68 6.73 7.99 7.67 7.28 7.40 8.91 10.36 10.67 -9999 -9999 -9999 -9999 -9999 -9999 -9999 -9999 -9999 -9999 -9999 -9999 -9999
-9999 -9999 -9999 -9999 10.10 9.68 9.60 -9999 -9999 -9999 -9999 -9999 -9999 -9999 -9999 -9999 -9999 -9999 -9999 -9999 -9999 -9999 -9999 -9999 8.38 8.05 7.63 -9999 -9999 -9999 6.56 7.10 4.13 4.91 6.82 6.20 6.11 8.29 12.56 12.30 7.46 11.64 13.07 10.16 11.26 9.96 8.73 7.11 7.34 7.08 7.02 7.20 7.48 7.60 7.30 7.40 5.96 6.27 7.48 8.58 9.14 9.13 8.38 8.16 8.91 9.75 -9999 -9999 -9999 -9999 -9999 -9999 -9999 -9999 -9999 -9999 -9999 -9999 -9999
-9999 -9999 -9999 -9999 -9999 -9999 -9999 -9999 -9999 -9999 -9999 -9999 -9999 -9999 -9999 -9999 -9999 -9999 -9999 -9999 -9999 -9999 -9999 -9999 -9999 -9999 -9999 -9999 -9999 7.15 5.52 5.36 6.68 7.60 8.85 9.25 7.96 8.86 11.85 11.38 9.45 7.86 10.87 11.90 10.34 9.19 8.21 7.54 7.46 7.58 7.08 6.96 7.11 7.04 6.74 6.08 6.85 9.30 8.07 8.99 8.48 8.62 7.77 8.22 8.86 -9999 -9999 -9999 -9999 -9999 -9999 -9999 -9999 -9999 -9999 -9999 -9999 -9999 -9999
-9999 -9999 -9999 -9999 -9999 -9999 -9999 -9999 -9999 -9999 -9999 -9999 -9999 -9999 -9999 -9999 -9999 -9999 -9999 -9999 -9999 -9999 -9999 -9999 -9999 -9999 -9999 -9999 -9999 6.69 5.42 6.56 8.83 11.58 10.82 8.18 9.37 7.42 8.28 7.51 8.98 9.69 10.69 10.74 10.35 9.10 8.48 7.99 7.32 7.48 6.91 6.82 6.87 6.93 6.72 6.03 6.65 10.47 9.91 8.37 8.11 7.90 7.62 8.09 8.95 -9999 -9999 -9999 -9999 -9999 -9999 -9999 -9999 -9999 -9999 -9999 -9999 -9999 -9999
-9999 -9999 -9999 -9999 -9999 -9999 -9999 -9999 -9999 -9999 -9999 -9999 -9999 -9999 -9999 -9999 -9999 -9999 -9999 -9999 -9999 -9999 -9999 -9999 -9999 -9999 -9999 -9999 -9999 6.32 5.15 5.79 8.96 10.25 10.00 9.17 8.33 7.52 8.41 7.12 6.94 7.87 6.76 10.59 9.11 9.91 8.62 8.21 7.06 6.84 6.87 6.78 6.83 6.80 6.74 6.42 6.50 8.81 9.63 8.62 7.98 7.86 7.56 7.95 8.63 -9999 -9999 -9999 -9999 -9999 -9999 -9999 -9999 -9999 -9999 -9999 -9999 -9999 -9999
-9999 -9999 -9999 -9999 -9999 -9999 -9999 -9999 -9999 -9999 -9999 -9999 -9999 -9999 -9999 -9999 -9999 -9999 -9999 -9999 -9999 -9999 -9999 -9999 -9999 -9999 -9999 8.54 7.44 5.95 5.05 8.03 10.27 13.08 9.98 11.14 6.31 7.12 7.11 7.85 8.53 8.48 10.51 7.66 7.74 7.62 7.48 6.94 7.58 6.72 6.66 6.95 6.71 6.72 6.84 6.63 6.76 7.53 9.24 8.44 7.65 7.55 7.51 7.66 8.19 8.91 -9999 -9999 -9999 -9999 -9999 -9999 -9999 -9999 -9999 -9999 -9999 -9999 -9999
-9999 -9999 -9999 -9999 -9999 -9999 -9999 -9999 -9999 -9999 -9999 -9999 -9999 -9999 -9999 -9999 -9999 -9999 -9999 -9999 -9999 -9999 -9999 -9999 -9999 -9999 -9999 8.11 6.98 6.08 5.62 6.47 9.77 7.92 7.35 5.67 7.02 9.52 7.12 8.36 7.97 9.28 6.38 10.17 8.26 9.32 8.93 8.78 7.50 7.01 6.72 6.63 6.62 6.72 6.78 6.80 6.76 7.05 7.84 8.75 7.94 7.49 7.56 7.46 7.75 8.63 -9999 -9999 -9999 -9999 -9999 -9999 -9999 -9999 -9999 -9999 -9999 -9999 -9999
-9999 -9999 -9999 -9999 -9999 -9999 -9999 -9999 -9999 -9999 -9999 -9999 -9999 -9999 -9999 -9999 -9999 -9999 -9999 -9999 -9999 -9999 -9999 -9999 -9999 -9999 -9999 8.19 6.96 6.47 6.11 6.74 7.85 7.88 6.53 5.57 6.69 6.88 6.24 8.02 10.32 8.22 7.95 6.87 8.44 6.88 7.37 7.95 8.24 7.34 7.03 6.63 6.59 6.71 6.79 6.83 6.82 6.81 7.34 8.51 8.97 7.92 7.49 7.36 7.43 7.99 8.82 -9999 -9999 -9999 -9999 -9999 -9999 -9999 -9999 -9999 -9999 -9999 -9999
-9999 -9999 -9999 -9999 -9999 -9999 -9999 -9999 -9999 -9999 -9999 -9999 -9999 -9999 -9999 -9999 -9999 -9999 -9999 -9999 -9999 -9999 -9999 -9999 -9999 -9999 -9999 7.95 7.10 6.76 6.70 6.66 6.64 6.24 6.57 7.25 5.35 5.48 6.22 10.46 10.64 11.46 10.32 8.59 8.25 8.62 7.27 6.73 7.72 7.98 6.97 6.60 6.65 6.60 6.75 6.87 6.98 6.84 7.02 8.73 9.70 8.42 7.84 7.67 7.33 7.47 8.31 9.08 -9999 -9999 -9999 -9999 -9999 -9999 -9999 -9999 -9999 -9999 -9999
-9999 -9999 -9999 -9999 -9999 -9999 -9999 -9999 -9999 -9999 -9999 -9999 -9999 -9999 -9999 -9999 -9999 -9999 -9999 -9999 -9999 -9999 -9999 -9999 -9999 -9999 -9999 7.95 6.94 6.65 6.43 6.10 5.67 5.90 5.26 6.25 7.11 8.75 10.04 11.33 8.94 10.35 8.99 8.84 7.50 8.63 8.08 7.40 6.82 6.63 6.72 6.52 6.65 6.72 6.84 6.93 7.12 7.18 7.30 7.96 8.92 8.37 7.86 7.83 7.75 7.57 7.68 8.62 -9999 -9999 -9999 -9999 -9999 -9999 -9999 -9999 -9999 -9999 -9999
-9999 -9999 -9999 -9999 -9999 -9999 -9999 -9999 -9999 -9999 -9999 -9999 -9999 -9999 -9999 -9999 -9999 -9999 -9999 -9999 -9999 -9999 -9999 -9999 -9999 -9999 -9999 -9999 6.93 6.64 6.17 5.46 5.77 7.25 7.33 8.14 7.27 7.24 9.39 9.56 10.58 9.68 7.92 6.51 6.91 6.70 7.75 7.00 6.79 7.32 7.03 6.49 6.77 6.71 6.84 6.87 7.01 7.25 7.44 7.84 7.96 7.94 7.87 8.00 -9999 7.94 8.16 8.76 9.78 -9999 -9999 -9999 -9999 -9999 -9999 -9999 -9999 -9999 -9999
-9999 -9999 -9999 -9999 -9999 -9999 -9999 -9999 -9999 -9999 -9999 -9999 -9999 -9999 -9999 -9999 -9999 -9999 -9999 -9999 -9999 -9999 -9999 -9999 -9999 -9999 -9999 7.77 6.80 6.39 5.70 5.06 5.24 8.94 9.64 8.05 10.66 10.44 8.76 8.35 11.66 9.74 9.82 7.52 5.88 7.67 6.61 6.09 6.72 6.94 6.59 6.74 6.60 6.63 6.72 6.87 6.80 6.92 8.21 7.61 7.33 8.45 7.74 7.67 7.76 -9999 8.57 9.09 9.90 10.53 -9999 -9999 -9999 -9999 -9999 -9999 -9999 -9999 -9999
-9999 -9999 -9999 -9999 -9999 -9999 -9999 -9999 -9999 -9999 -9999 -9999 -9999 -9999 -9999 -9999 -9999 -9999 -9999 -9999 -9999 -9999 -9999 -9999 -9999 -9999 -9999 7.59 6.61 6.23 5.67 6.80 6.18 7.66 10.49 7.94 8.31 8.65 6.96 6.61 9.68 8.75 8.31 5.54 7.23 8.25 6.46 7.41 6.81 7.42 7.22 6.82 6.52 6.55 6.62 6.68 6.59 6.57 6.88 7.30 6.63 7.06 7.61 7.02 7.52 7.93 -9999 -9999 -9999 -9999 -9999 -9999 -9999 -9999 -9999 -9999 -9999 -9999 -9999
-9999 -9999 -9999 -9999 -9999 -9999 -9999 -9999 -9999 -9999 -9999 -9999 -9999 -9999 -9999 -9999 -9999 -9999 -9999 -9999 -9999 -9999 -9999 -9999 -9999 -9999 8.59 7.07 6.42 6.96 6.55 6.70 6.53 7.96 8.55 7.94 7.56 7.18 6.81 6.75 9.07 10.95 10.44 6.36 8.64 8.35 6.49 6.87 6.23 6.96 7.25 6.66 6.36 6.63 6.61 6.60 6.67 6.50 6.75 6.91 6.81 6.80 7.96 7.30 7.19 7.37 8.25 9.16 -9999 -9999 -9999 -9999 -9999 -9999 -9999 -9999 -9999 -9999 -9999
-9999 -9999 -9999 -9999 -9999 -9999 -9999 -9999 -9999 -9999 -9999 -9999 -9999 -9999 -9999 -9999 -9999 -9999 -9999 -9999 -9999 -9999 -9999 -9999 -9999 -9999 -9999 7.22 6.42 6.42 6.80 8.52 6.85 6.95 7.10 7.28 7.39 6.82 6.37 6.00 6.30 9.51 9.98 10.56 8.44 8.89 8.16 7.37 7.81 6.14 6.24 6.97 6.38 6.52 6.48 6.46 6.63 6.48 6.64 6.97 6.64 6.36 6.55 8.46 7.45 7.15 7.43 8.16 9.03 9.91 -9999 -9999 -9999 -9999 -9999 -9999 -9999 -9999 -9999
-9999 -9999 -9999 -9999 -9999 -9999 -9999 -9999 -9999 -9999 -9999 -9999 -9999 -9999 -9999 -9999 -9999 -9999 -9999 -9999 -9999 -9999 -9999 -9999 -9999 -9999 -9999 7.20 6.82 6.58 6.79 7.06 7.11 6.87 6.51 6.56 6.17 5.89 5.85 5.89 6.38 5.90 9.80 11.83 12.47 10.24 8.74 8.27 7.07 7.24 6.49 7.41 6.55 6.64 6.48 6.43 6.47 6.47 6.79 6.91 6.61 6.14 6.64 8.49 7.87 7.99 7.11 7.32 8.12 9.11 -9999 -9999 -9999 -9999 -9999 -9999 -9999 -9999 -9999
-9999 -9999 -9999 -9999 -9999 -9999 -9999 10.57 9.96 10.30 11.06 -9999 -9999 -9999 -9999 -9999 -9999 -9999 -9999 -9999 -9999 -9999 -9999 -9999 -9999 -9999 7.52 6.76 7.22 6.83 7.66 7.23 6.55 6.27 6.29 6.13 6.08 5.82 5.70 5.49 5.26 8.27 10.68 10.78 9.07 11.38 10.24 7.44 7.28 5.61 8.02 8.00 6.79 6.71 6.53 6.43 6.46 6.50 6.68 7.07 6.80 6.18 6.33 6.97 8.53 8.30 8.63 7.23 7.32 8.36 9.45 -9999 -9999 -9999 -9999 -9999 -9999 -9999 -9999
-9999 -9999 -9999 -9999 -9999 -9999 -9999 10.24 9.70 9.57 9.72 -9999 -9999 -9999 -9999 -9999 -9999 -9999 -9999 -9999 -9999 -9999 -9999 -9999 -9999 7.75 7.50 6.86 7.13 7.98 7.01 6.92 6.12 6.02 6.14 5.93 6.05 6.04 5.29 4.70 4.45 6.39 12.14 12.50 9.04 10.45 9.59 9.09 6.52 5.70 7.25 7.83 7.08 6.31 6.28 6.38 6.73 6.63 6.61 6.81 7.05 6.51 6.52 6.83 8.42 8.44 8.30 7.39 7.40 7.82 9.01 -9999 -9999 -9999 -9999 -9999 -9999 -9999 -9999
-9999 -9999 -9999 -9999 -9999 12.48 10.05 9.03 9.47 9.33 9.84 9.11 9.67 9.85 -9999 -9999 9.90 8.50 -9999 -9999 -9999 7.84 8.96 8.04 -9999 6.16 7.87 7.17 6.78 7.18 6.70 6.74 6.65 7.16 6.74 6.65 5.84 6.00 5.23 5.03 7.64 5.59 8.53 11.17 6.86 8.54 12.17 7.22 8.57 6.63 7.20 7.44 6.87 6.53 6.50 6.53 6.77 6.46 6.61 6.63 7.21 6.52 6.51 6.86 7.47 8.17 8.96 8.48 7.58 7.53 8.57 9.81 -9999 -9999 -9999 -9999 -9999 -9999 -9999
-9999 -9999 -9999 -9999 -9999 -9999 10.42 9.51 9.21 8.93 8.90 9.34 9.90 6.90 -9999 5.73 7.84 8.97 7.92 8.82 6.10 5.70 9.64 9.27 7.56 -9999 5.98 7.31 7.19 6.51 6.46 6.94 6.30 6.29 6.28 6.09 6.14 5.72 5.69 5.26 8.01 8.71 9.17 9.77 8.93 10.90 10.79 8.66 6.72 6.20 7.71 7.75 6.49 6.83 6.43 6.87 7.00 6.55 6.53 6.53 7.26 6.64 6.64 6.87 7.03 7.89 8.57 9.12 8.42 7.87 8.32 9.49 -9999 -9999 -9999 -9999 -9999 -9999 -9999
