ML/MeanWindSpeed_2000-12_Actual.txt
ncols         180
nrows         290
xllcorner     -200000
yllcorner     -200000
cellsize      5000
NODATA_value  -9999
[rows 175 to 209 of 290, columns 78 to 155 of 180]
-9999 -9999 -9999 -9999 -9999 -9999 -9999 -9999 15.72 14.56 13.37 12.13 10.67 8.16 5.82 10.25 17.99 9.00 11.90 11.01 9.70 7.90 6.09 7.17 9.12 10.30 8.87 7.47 8.44 9.87 9.50 9.62 10.62 9.72 9.56 9.37 9.67 9.86 9.87 10.17 10.17 14.88 15.17 13.26 13.67 11.91 11.80 12.86 12.38 10.49 9.90 10.47 9.64 9.00 9.68 9.17 10.17 9.78 9.74 9.58 9.53 10.67 9.65 9.74 10.09 10.19 10.73 11.10 11.15 11.30 11.69 10.58 12.63 15.10 -9999 -9999 -9999 -9999
-9999 -9999 -9999 -9999 -9999 -9999 -9999 -9999 -9999 16.63 13.77 11.22 8.47 7.46 8.04 20.86 14.58 7.04 12.45 7.34 9.97 9.29 6.36 5.71 12.50 9.38 9.66 8.70 8.07 8.73 9.11 8.40 9.24 9.86 9.84 9.67 9.37 9.67 9.48 9.36 11.65 13.01 16.16 13.57 14.31 13.47 9.44 11.62 13.38 10.36 10.04 10.10 9.11 9.02 9.39 9.23 10.36 9.75 9.62 9.98 9.88 10.44 10.24 9.96 10.07 10.22 10.53 11.06 12.23 11.09 10.35 10.40 12.13 14.68 -9999 -9999 -9999 -9999
-9999 -9999 -9999 -9999 -9999 -9999 -9999 -9999 -9999 -9999 13.94 10.41 9.23 10.45 19.96 21.71 14.68 11.13 10.79 11.10 11.80 11.33 11.00 7.99 7.47 12.37 8.89 8.35 8.87 8.51 8.70 8.59 8.56 9.34 9.28 9.11 9.41 9.50 9.32 9.66 11.27 13.56 14.30 11.88 12.15 13.92 11.67 8.86 13.08 10.30 9.89 10.06 9.01 9.08 9.04 9.62 10.46 9.92 9.76 10.03 9.67 10.90 10.33 10.16 10.25 10.30 10.72 10.65 10.64 10.26 10.14 10.50 12.57 14.89 -9999 -9999 -9999 -9999
-9999 -9999 -9999 -9999 -9999 -9999 -9999 -9999 -9999 -9999 12.86 10.78 12.36 14.37 16.18 18.84 11.08 7.56 10.21 12.78 12.95 13.45 11.49 8.83 6.47 12.76 11.48 9.36 9.68 8.53 8.54 8.66 9.51 9.39 9.37 9.34 9.06 8.98 9.35 11.47 11.75 10.28 14.94 12.20 12.92 14.50 13.72 11.23 10.23 9.55 8.27 9.56 10.01 8.92 8.86 8.91 9.72 9.62 10.03 10.04 9.79 10.13 10.92 10.70 10.78 10.56 10.54 10.37 10.10 9.99 10.53 11.75 13.68 -9999 -9999 -9999 -9999 -9999
-9999 -9999 -9999 -9999 -9999 -9999 -9999 -9999 -9999 -9999 12.09 11.99 12.93 12.83 17.89 15.16 10.10 9.94 8.12 10.15 13.25 11.70 14.35 11.24 7.18 11.91 12.79 12.38 9.70 9.10 8.37 9.05 10.11 9.89 9.39 9.08 8.86 9.24 10.79 11.37 10.02 10.08 13.24 12.80 12.63 12.44 11.25 10.90 11.50 8.07 8.84 9.11 8.77 9.07 8.61 9.65 9.04 9.48 9.93 10.08 10.23 12.06 11.44 11.04 10.82 10.73 10.54 10.29 10.06 10.18 11.50 13.29 -9999 -9999 -9999 -9999 -9999 -9999
-9999 -9999 -9999 -9999 -9999 -9999 -9999 -9999 -9999 13.85 21.18 13.50 14.80 17.01 11.78 20.72 16.68 13.63 11.52 14.91 12.07 12.33 10.70 7.73 8.99 13.51 12.15 12.19 9.57 8.53 7.92 9.54 9.80 9.44 9.37 8.94 8.90 10.31 10.48 10.25 11.13 12.10 10.17 14.65 13.71 10.63 11.15 10.08 9.14 8.82 7.87 8.01 8.33 9.23 8.65 8.16 9.87 9.32 9.72 10.17 10.49 11.98 11.33 10.96 10.94 10.62 10.45 10.02 9.86 10.96 12.67 -9999 -9999 -9999 -9999 -9999 -9999 -9999
-9999 -9999 -9999 -9999 -9999 -9999 -9999 14.47 13.86 17.31 15.40 13.15 14.01 15.20 9.82 10.92 12.93 14.83 13.64 15.72 13.27 12.60 6.61 8.29 8.64 7.09 8.28 8.55 9.82 8.96 8.40 9.59 9.98 9.89 9.38 9.55 10.64 10.00 10.95 10.22 11.48 11.92 11.63 10.80 9.94 11.45 10.77 9.96 9.59 9.20 8.78 7.60 8.53 8.22 7.48 7.87 8.64 8.92 9.42 9.60 10.32 11.78 11.12 10.55 10.70 10.34 10.10 9.75 10.12 11.53 -9999 -9999 -9999 -9999 -9999 14.98 14.29 13.64
-9999 -9999 -9999 -9999 -9999 -9999 14.58 14.01 13.83 14.29 14.09 13.96 13.55 11.26 8.44 10.16 12.41 13.05 19.08 10.98 7.90 7.34 4.66 11.33 13.34 13.00 10.03 9.28 10.10 9.83 9.41 9.86 10.45 9.93 9.86 10.01 10.74 11.13 9.97 10.06 11.71 11.55 10.93 10.33 10.23 10.51 9.44 9.72 8.46 8.20 8.64 8.03 7.55 7.04 7.20 8.23 8.16 8.31 8.78 9.30 9.96 11.83 11.22 10.41 10.24 9.98 9.80 9.60 9.99 11.15 -9999 -9999 -9999 -9999 -9999 13.57 12.48 11.90
-9999 -9999 -9999 -9999 -9999 15.70 15.99 14.76 14.68 -9999 -9999 -9999 -9999 12.18 15.48 13.58 14.11 14.99 11.23 8.28 10.75 9.82 8.25 17.89 16.23 13.63 14.14 11.39 9.57 10.02 10.10 9.71 9.86 9.85 9.72 10.37 9.98 11.29 9.98 9.96 10.49 10.79 10.81 10.43 9.19 9.23 9.19 8.79 7.91 7.50 7.26 7.23 7.31 7.47 7.83 7.94 7.98 8.68 9.31 9.52 9.70 10.86 10.72 10.58 9.88 9.71 9.53 9.31 9.45 10.38 12.16 -9999 -9999 -9999 -9999 12.46 11.48 10.98
-9999 -9999 -9999 -9999 -9999 17.09 18.32 15.04 15.66 -9999 -9999 -9999 -9999 12.89 14.51 16.17 10.84 14.50 12.49 10.92 12.83 14.06 10.85 15.25 9.20 10.93 11.39 10.54 9.48 9.75 10.10 9.94 10.12 10.66 9.73 10.42 10.18 10.26 10.75 9.74 10.05 9.18 9.88 10.87 11.09 10.90 9.23 8.28 7.74 7.37 7.66 7.06 7.65 8.33 8.54 9.34 8.65 10.41 10.27 10.28 9.43 10.08 10.16 10.13 9.51 9.57 9.46 9.20 9.11 9.31 10.46 11.57 -9999 -9999 12.81 12.33 11.72 11.67
-9999 -9999 -9999 -9999 -9999 -9999 -9999 -9999 -9999 -9999 -9999 -9999 -9999 13.81 16.43 13.46 9.56 11.66 9.54 15.24 12.90 8.20 12.02 11.79 10.26 11.07 9.71 9.03 8.35 9.96 9.93 10.24 9.99 9.53 9.30 9.25 9.27 9.65 10.22 9.64 9.38 9.27 9.38 9.31 10.29 10.56 8.66 9.64 10.25 8.65 8.16 7.62 7.24 8.64 9.65 10.41 9.78 9.10 9.51 10.18 9.58 10.06 9.92 9.99 9.28 9.45 9.44 9.30 9.09 8.78 9.11 9.92 11.10 11.80 11.69 11.90 11.17 11.88
-9999 -9999 -9999 -9999 -9999 -9999 -9999 -9999 -9999 -9999 -9999 -9999 -9999 -9999 16.71 7.68 7.75 11.50 15.67 13.05 13.24 12.34 8.33 9.49 10.78 7.57 7.99 7.25 7.73 8.64 9.36 9.66 9.82 9.49 8.86 8.62 9.22 9.39 9.91 9.81 9.31 10.99 10.09 8.95 9.05 9.25 9.39 9.11 10.00 9.98 8.92 9.75 8.35 8.46 9.19 8.44 8.51 8.62 8.66 10.03 9.93 9.66 9.40 9.92 9.27 9.42 9.41 9.27 9.18 9.14 9.20 9.29 9.98 10.61 10.87 10.99 11.21 12.17
-9999 -9999 -9999 -9999 -9999 -9999 -9999 -9999 -9999 -9999 -9999 -9999 -9999 -9999 13.08 16.22 16.52 14.16 12.27 10.07 11.25 8.21 8.06 7.05 6.63 9.53 7.82 7.25 9.14 8.61 8.64 9.06 8.72 8.83 9.27 9.11 10.56 10.56 10.05 9.63 9.15 10.81 11.37 9.92 8.98 8.84 9.22 9.29 9.43 9.72 9.98 11.86 10.50 8.80 8.41 8.49 9.17 10.11 10.24 9.76 10.27 9.86 9.63 9.49 9.31 9.42 9.41 9.47 9.43 9.43 9.51 9.67 10.04 10.45 10.88 11.06 11.07 11.91
-9999 -9999 -9999 -9999 -9999 -9999 -9999 -9999 -9999 -9999 -9999 -9999 -9999 15.85 14.56 11.04 18.26 11.93 9.31 10.69 9.84 7.99 10.83 7.91 7.69 10.81 7.46 13.43 9.53 7.33 7.71 9.62 8.56 8.42 11.28 11.20 10.83 9.73 10.00 9.81 9.31 10.07 10.44 9.88 9.14 9.12 9.06 9.03 9.66 9.54 10.45 10.17 9.63 9.17 8.77 9.24 9.94 10.78 10.71 9.70 9.89 10.01 9.91 9.67 9.43 9.42 9.52 9.60 9.61 9.59 9.69 9.88 10.07 10.43 11.20 11.36 11.17 11.49
-9999 -9999 -9999 -9999 -9999 -9999 -9999 -9999 -9999 -9999 -9999 -9999 -9999 14.27 14.42 18.26 10.35 5.41 7.11 7.52 9.60 12.40 12.15 9.09 8.62 9.08 7.38 8.74 9.73 10.48 10.12 8.63 8.99 8.90 9.31 10.35 9.68 9.53 10.24 10.05 10.17 10.57 10.19 10.22 9.78 9.43 9.16 8.75 9.02 9.34 10.07 10.33 9.74 8.65 8.97 10.11 11.36 10.59 11.06 10.86 10.23 9.79 10.57 9.70 9.75 9.53 9.64 9.56 9.63 9.69 9.70 9.82 10.05 10.30 11.35 11.28 10.87 11.07
-9999 -9999 -9999 -9999 -9999 -9999 -9999 -9999 -9999 -9999 -9999 -9999 -9999 14.87 16.52 8.55 9.10 6.97 7.79 8.59 14.26 12.32 13.16 9.57 8.32 6.65 6.22 7.99 12.01 13.78 14.84 9.93 11.43 9.41 9.40 9.96 8.91 9.16 9.80 10.24 10.43 9.74 9.86 11.17 10.34 9.46 9.19 10.03 8.77 9.41 9.67 9.45 8.87 8.49 9.07 9.68 10.27 10.27 10.08 9.36 9.40 9.99 10.35 9.19 9.04 9.46 9.56 9.56 9.51 9.44 9.58 9.72 9.90 10.15 10.65 10.63 10.84 10.72
-9999 -9999 -9999 -9999 -9999 -9999 -9999 -9999 -9999 -9999 -9999 -9999 -9999 -9999 11.69 12.28 13.26 14.04 14.17 11.70 12.42 10.45 6.76 6.37 5.89 7.11 7.73 7.73 10.06 10.89 14.27 11.93 10.43 9.09 10.36 10.64 8.78 9.83 9.32 9.78 11.75 9.65 9.49 9.53 9.76 9.16 8.93 10.35 9.93 9.39 9.87 9.35 8.96 9.15 9.70 9.25 9.28 8.91 9.65 8.94 10.08 10.23 9.36 8.95 9.44 9.47 9.20 9.19 9.18 9.29 9.44 9.57 9.73 9.90 10.13 10.27 10.51 10.39
-9999 -9999 -9999 -9999 -9999 -9999 -9999 -9999 -9999 -9999 -9999 -9999 -9999 -9999 12.97 13.97 14.22 14.85 16.38 14.79 11.57 8.91 7.01 8.75 10.93 12.67 14.48 11.38 9.55 10.79 12.21 11.87 9.76 11.81 10.49 10.89 9.55 10.54 9.82 9.66 10.04 10.96 10.50 9.87 9.49 9.16 9.00 10.10 10.09 9.76 9.77 10.07 10.14 10.16 10.22 9.29 9.09 10.27 10.32 10.31 9.94 10.28 9.35 9.43 9.92 9.01 8.82 8.85 8.94 9.20 9.31 9.39 9.56 9.70 9.88 9.91 9.78 9.49
-9999 -9999 -9999 -9999 -9999 -9999 -9999 -9999 -9999 -9999 -9999 -9999 -9999 13.06 10.86 12.21 14.73 14.75 12.84 12.34 10.56 11.82 16.32 13.21 13.30 12.90 10.78 9.84 10.88 11.94 10.49 10.13 10.95 12.15 11.67 11.06 9.34 10.77 9.60 9.82 11.24 10.21 10.52 10.54 9.88 9.63 9.29 10.28 10.29 9.54 9.76 9.70 9.55 10.20 9.56 10.53 9.97 10.47 9.62 9.99 10.17 9.32 9.03 9.80 9.70 8.80 8.72 9.05 8.95 9.23 9.35 9.52 9.55 9.53 9.56 9.45 9.77 9.93
-9999 -9999 -9999 -9999 -9999 -9999 -9999 -9999 -9999 -9999 -9999 -9999 -9999 14.37 11.96 11.39 11.71 12.77 15.92 15.16 13.98 12.48 13.17 14.89 15.77 14.95 10.82 13.06 14.28 10.36 12.81 9.31 10.41 11.95 13.58 9.77 10.03 9.11 9.05 9.67 10.51 13.11 11.27 11.11 10.53 10.11 9.87 10.24 9.99 9.44 9.56 9.45 9.31 9.18 10.35 10.78 10.68 11.04 9.88 9.43 9.44 8.91 9.18 9.71 9.50 9.09 9.41 9.19 9.60 9.32 9.43 9.74 9.78 9.45 9.26 9.07 9.02 9.79
-9999 -9999 -9999 -9999 -9999 -9999 -9999 -9999 -9999 -9999 -9999 -9999 -9999 12.64 11.47 8.81 10.06 12.25 16.27 13.95 14.41 12.25 14.81 14.25 12.14 12.09 12.99 13.00 11.55 10.37 10.92 13.76 9.85 9.49 9.60 9.39 10.95 9.90 8.84 9.46 10.38 10.84 10.55 11.43 10.98 10.34 10.30 9.75 9.17 9.57 9.75 9.79 9.08 9.63 10.89 10.92 10.00 10.00 10.64 9.55 9.66 8.51 9.39 9.55 8.89 8.94 9.12 8.52 8.84 8.95 9.24 9.46 9.39 9.18 8.95 8.69 8.98 8.52
-9999 -9999 -9999 -9999 -9999 -9999 -9999 -9999 -9999 -9999 -9999 -9999 12.90 13.17 14.85 11.81 9.20 12.84 13.83 15.63 15.87 11.18 12.18 11.34 12.19 12.98 11.38 11.53 13.69 12.23 11.41 10.87 9.38 8.18 8.37 9.41 9.58 9.61 9.57 9.31 9.40 10.30 10.54 9.92 10.43 9.93 10.49 9.65 9.30 9.29 8.93 8.71 8.83 10.02 10.03 10.21 9.53 10.14 10.04 9.53 8.63 9.37 9.36 9.33 9.63 9.34 8.83 8.64 8.54 8.89 9.19 9.20 9.14 8.86 8.54 8.54 8.83 8.78
-9999 -9999 -9999 -9999 -9999 -9999 -9999 -9999 -9999 -9999 -9999 13.72 13.40 13.76 11.58 9.36 12.32 15.95 16.40 14.28 16.16 12.39 13.97 12.26 10.68 16.34 11.81 13.04 11.35 11.49 10.17 9.99 9.67 10.14 8.73 10.65 9.23 10.04 9.06 9.00 9.40 9.83 10.03 9.79 9.97 10.16 10.20 8.75 9.21 9.03 9.18 9.24 9.35 9.89 9.20 10.04 9.49 9.60 8.73 8.61 9.66 9.98 9.45 9.56 9.52 8.76 9.16 9.13 9.14 9.28 9.11 8.96 8.73 8.82 8.66 9.35 9.54 9.71
-9999 -9999 -9999 -9999 -9999 -9999 -9999 -9999 -9999 14.84 12.97 11.75 10.11 9.92 10.54 10.55 14.01 15.76 17.07 18.41 16.08 13.36 9.74 12.89 11.55 15.17 12.68 11.98 12.21 10.64 10.17 9.13 9.43 10.70 9.69 9.72 7.80 8.64 9.12 9.30 10.11 9.79 10.10 9.44 9.50 9.59 8.92 8.69 8.88 9.64 9.47 10.35 10.75 10.11 9.55 9.07 8.84 9.55 9.91 9.46 9.57 8.72 9.59 9.64 9.01 8.40 8.55 9.49 9.42 9.56 8.82 8.67 8.53 8.73 9.69 10.19 9.97 10.75
-9999 -9999 -9999 -9999 -9999 14.99 14.26 12.98 16.00 15.52 15.01 14.64 11.80 11.10 10.79 15.71 14.25 16.81 16.42 15.59 11.75 10.17 8.68 11.05 11.02 17.55 15.31 12.38 10.40 11.10 10.33 11.30 7.95 9.64 9.77 9.38 8.61 8.33 8.73 9.96 9.45 8.74 10.26 9.15 8.82 8.24 8.66 9.35 9.64 8.73 9.91 9.68 9.93 10.69 10.37 9.98 9.69 10.15 9.99 9.43 8.81 9.53 8.58 8.43 8.38 8.31 9.13 9.39 9.44 8.83 8.27 8.49 8.88 9.96 10.16 9.84 10.67 9.89
-9999 -9999 -9999 -9999 15.82 13.06 13.65 12.96 12.15 13.81 13.01 13.28 10.83 9.88 14.12 14.92 16.01 12.78 17.61 12.95 9.97 14.95 11.85 8.92 16.57 14.26 11.39 6.87 8.00 9.31 12.23 8.55 7.67 7.73 7.93 9.91 9.42 9.77 9.12 9.57 8.90 8.54 9.64 8.90 7.92 7.99 8.81 9.68 9.22 11.03 9.52 9.45 9.77 10.40 9.71 9.53 9.11 9.17 9.62 9.27 9.57 8.77 8.20 8.32 8.71 8.33 8.64 8.63 7.97 7.81 7.87 8.26 8.83 9.40 10.37 10.46 10.53 10.16
-9999 -9999 -9999 14.89 13.83 10.59 10.13 10.47 11.42 11.21 12.21 11.32 11.72 16.34 13.83 12.60 16.83 10.73 13.02 12.61 15.70 14.65 15.31 12.95 12.91 10.56 5.75 10.81 11.63 8.52 8.87 7.80 7.33 7.98 7.62 8.33 10.13 10.80 8.93 8.92 8.83 9.06 8.49 7.53 7.37 10.37 9.05 8.98 9.34 10.18 9.87 9.54 10.04 10.49 10.31 10.65 9.92 8.91 8.70 8.62 9.27 8.74 8.19 9.03 8.90 8.41 8.52 8.21 7.91 8.17 8.29 8.58 9.14 9.42 10.45 9.95 9.81 10.10
17.80 15.05 15.88 12.58 11.90 12.35 11.42 10.85 13.17 12.45 12.94 12.64 15.31 14.88 13.22 14.31 13.81 11.18 10.49 14.24 14.85 13.08 12.98 14.89 12.02 7.69 11.12 12.63 10.73 11.33 8.59 8.62 7.93 8.45 10.69 8.79 11.22 9.59 8.78 8.77 8.90 10.12 7.48 7.65 11.55 9.24 9.24 9.20 9.58 10.57 9.45 9.69 10.02 9.69 10.17 10.07 9.42 8.80 8.98 8.57 8.87 9.02 8.81 8.26 7.92 8.00 8.15 8.57 9.96 9.18 9.93 9.41 8.56 10.13 10.39 10.75 10.50 10.19
15.05 14.38 16.64 19.28 17.58 16.56 13.19 14.34 16.11 15.01 14.71 16.76 14.80 13.93 15.95 12.25 9.40 9.43 9.38 12.62 12.53 11.60 10.61 11.13 10.76 11.70 19.85 14.99 11.58 9.30 9.77 9.22 11.21 9.73 10.07 8.85 9.12 9.24 9.16 8.74 8.47 8.22 7.53 10.96 11.79 11.28 10.14 9.74 12.09 10.44 9.66 9.96 9.55 10.31 10.19 9.86 8.90 9.73 9.24 8.60 10.23 9.71 8.24 7.93 7.94 8.03 8.74 9.78 10.11 9.70 10.07 9.33 8.89 10.02 10.72 10.49 10.79 10.52
14.26 14.79 15.89 16.00 14.89 13.30 15.23 14.05 15.92 12.79 13.98 16.42 15.16 12.76 13.50 9.45 8.48 11.53 12.48 11.31 9.48 11.19 7.79 7.55 8.33 13.59 17.01 17.31 10.07 10.82 11.00 11.28 10.56 9.10 10.03 9.31 9.64 9.09 9.23 8.11 7.66 8.56 8.56 11.51 11.68 11.35 10.22 10.91 12.26 11.29 10.63 10.05 10.23 10.07 9.53 9.16 9.16 9.56 9.92 9.48 9.20 8.83 8.34 9.40 10.10 8.66 8.98 9.88 10.17 9.47 9.75 9.50 9.31 9.59 10.23 10.82 10.63 10.53
15.33 14.31 14.98 14.33 14.40 13.27 13.36 14.92 13.48 14.09 12.29 11.87 11.41 10.98 10.53 12.55 11.40 15.28 21.64 12.61 12.54 12.18 15.97 15.19 6.92 7.16 18.23 14.34 12.41 12.91 13.94 11.56 9.24 8.27 10.40 10.96 9.91 8.99 8.26 7.54 7.33 8.82 11.85 12.59 11.58 11.15 10.83 10.51 10.27 11.02 10.11 9.82 9.48 9.03 8.71 8.72 9.82 9.67 9.34 9.22 8.27 8.38 9.29 9.23 9.93 9.23 9.25 9.31 9.45 9.80 9.75 9.47 9.25 9.44 9.98 10.20 10.65 10.46
14.67 13.94 14.93 13.57 13.62 13.29 13.44 12.58 12.62 13.44 12.34 13.51 11.82 14.38 10.84 13.79 16.23 16.48 17.77 18.36 15.26 16.88 18.45 12.22 13.61 11.77 6.80 12.90 13.73 10.40 10.87 8.69 10.48 10.18 13.14 12.33 9.90 9.00 8.05 7.48 8.62 12.13 11.08 13.16 11.80 11.50 12.19 10.79 11.45 9.64 9.67 9.09 8.80 8.55 8.89 8.98 9.10 8.83 8.51 8.04 8.26 9.47 10.42 9.84 9.12 9.72 8.96 9.78 8.95 8.82 8.79 8.76 8.92 9.18 9.92 9.77 10.28 10.12
15.56 14.28 13.86 15.18 16.13 17.68 16.20 14.60 13.65 12.69 13.01 15.65 12.39 13.93 10.51 12.56 13.35 12.57 11.02 13.22 11.94 15.22 15.84 17.53 14.59 14.78 12.63 17.20 11.65 10.57 10.02 10.67 9.92 12.72 12.34 12.83 9.42 8.74 8.02 11.66 12.28 12.25 12.97 11.25 11.91 12.17 11.63 9.65 9.27 9.25 8.89 8.60 8.62 8.55 9.18 9.24 9.46 8.81 7.99 7.93 8.90 10.78 9.16 9.71 9.75 9.12 8.69 8.68 8.42 8.57 8.74 8.18 8.74 8.95 9.19 9.59 9.80 9.24
16.16 14.83 14.24 14.31 16.06 16.22 16.85 15.84 14.89 14.14 13.46 13.66 16.15 12.25 16.01 14.93 14.98 15.71 13.10 9.82 9.84 12.68 12.30 14.78 14.66 12.39 15.60 15.50 10.17 11.33 8.76 9.32 11.44 12.56 12.08 11.14 9.02 8.13 9.82 9.44 11.64 11.70 11.16 11.57 11.20 10.52 9.73 8.38 8.03 8.17 8.28 10.00 8.57 9.35 8.65 8.43 7.83 7.82 8.21 9.14 10.39 10.07 9.74 9.90 9.57 8.99 8.88 9.21 9.72 8.26 8.84 9.51 8.75 8.51 9.09 8.53 8.98 9.87
16.38 15.71 16.13 16.92 18.18 -9999 -9999 -9999 -9999 15.71 14.80 15.17 12.62 11.29 12.83 13.30 13.10 12.07 7.82 16.56 16.49 11.81 11.02 11.67 13.81 14.55 15.44 12.21 10.79 9.74 8.62 13.00 11.80 13.72 10.47 9.96 9.17 8.57 10.84 9.53 11.56 11.49 10.57 10.60 10.09 9.33 8.39 7.80 7.70 8.01 8.18 9.52 8.70 9.09 8.98 8.13 7.98 8.17 9.86 9.79 10.11 10.20 10.26 8.82 8.75 8.50 9.39 9.66 9.52 8.16 8.73 9.41 9.16 8.63 9.42 9.10 9.04 9.36
