ML/MeanWindSpeed_1993-02_Actual.txt
ncols         180
nrows         290
xllcorner     -200000
yllcorner     -200000
cellsize      5000
NODATA_value  -9999
[rows 175 to 209 of 290, columns 78 to 155 of 180]
-9999 -9999 -9999 -9999 -9999 -9999 -9999 -9999 10.95 9.95 8.87 8.16 8.02 6.18 5.76 13.18 19.57 7.37 11.00 11.75 11.17 9.07 5.65 5.27 8.33 11.58 9.46 7.08 7.28 8.11 7.44 7.65 9.01 7.93 7.10 6.43 6.49 6.53 6.24 6.28 6.55 12.29 13.86 11.56 11.82 9.60 8.70 10.34 10.47 8.04 7.58 8.99 8.21 7.53 8.10 7.60 8.56 7.68 7.47 7.27 7.24 8.71 7.58 7.22 7.24 7.05 7.64 8.30 8.51 8.82 9.20 7.92 9.76 12.00 -9999 -9999 -9999 -9999
-9999 -9999 -9999 -9999 -9999 -9999 -9999 -9999 -9999 11.97 9.15 7.44 5.73 4.76 7.80 22.72 14.50 4.72 11.30 7.90 11.91 11.67 7.30 4.45 11.26 9.99 11.09 9.26 7.24 7.14 7.13 6.55 7.81 8.16 7.52 6.92 6.42 6.62 6.39 6.20 8.19 9.72 14.25 12.00 12.75 11.64 7.18 9.58 11.50 8.13 8.04 8.83 8.03 7.76 7.77 7.51 8.47 7.42 7.12 7.22 6.78 7.69 7.64 7.16 7.12 7.07 7.31 8.00 9.33 8.28 7.60 7.68 9.23 11.56 -9999 -9999 -9999 -9999
-9999 -9999 -9999 -9999 -9999 -9999 -9999 -9999 -9999 -9999 9.35 6.66 6.41 7.94 18.92 21.99 14.20 9.03 8.66 10.16 12.28 12.91 12.19 7.17 6.29 12.99 10.92 9.66 8.36 7.05 6.84 7.11 7.39 7.70 7.05 6.45 6.64 6.70 6.65 6.93 8.05 10.44 12.02 9.93 10.23 11.81 9.63 6.91 11.23 8.20 8.02 8.67 7.82 7.68 7.45 7.85 8.32 7.40 7.10 7.00 6.55 8.30 7.72 7.28 7.25 7.26 7.68 7.67 7.75 7.42 7.29 7.65 9.55 11.69 -9999 -9999 -9999 -9999
-9999 -9999 -9999 -9999 -9999 -9999 -9999 -9999 -9999 -9999 8.89 7.10 9.26 11.18 13.95 18.44 10.23 6.35 8.62 11.72 12.39 13.64 11.78 7.88 5.47 13.17 13.40 10.50 9.08 6.96 6.57 7.11 8.19 7.68 7.15 6.79 6.31 6.21 6.84 8.89 8.99 7.35 12.44 9.87 10.31 11.97 11.73 9.26 8.23 7.52 6.33 7.89 8.61 7.53 7.35 7.00 7.47 7.08 7.36 7.03 6.88 7.60 8.24 7.77 7.79 7.59 7.63 7.47 7.19 7.10 7.59 8.71 10.50 -9999 -9999 -9999 -9999 -9999
-9999 -9999 -9999 -9999 -9999 -9999 -9999 -9999 -9999 -9999 7.69 7.19 8.62 8.26 13.65 12.47 8.77 9.77 7.63 9.31 12.63 11.46 13.85 10.72 6.84 11.95 13.40 12.52 8.79 7.47 6.37 7.38 8.68 8.28 7.24 6.63 6.32 6.75 8.34 8.74 7.32 7.24 10.42 10.08 9.67 9.61 8.91 8.90 9.51 6.11 7.07 7.37 7.07 7.48 6.99 7.75 6.78 6.96 7.22 7.09 7.44 9.61 8.68 8.01 7.78 7.75 7.62 7.39 7.16 7.24 8.43 10.07 -9999 -9999 -9999 -9999 -9999 -9999
-9999 -9999 -9999 -9999 -9999 -9999 -9999 -9999 -9999 8.99 16.21 8.60 9.78 11.18 6.76 17.42 14.63 13.24 11.39 13.82 10.81 11.90 10.46 8.90 10.42 14.60 13.19 12.15 8.59 7.17 6.24 7.90 8.20 7.69 7.18 6.43 6.58 8.18 7.85 7.36 8.61 9.60 7.38 11.87 10.80 7.85 8.56 7.86 7.03 6.86 6.10 6.12 6.36 7.43 6.93 6.31 7.71 6.92 7.11 7.39 8.00 9.77 8.74 8.05 7.93 7.64 7.55 7.15 6.95 7.91 9.45 -9999 -9999 -9999 -9999 -9999 -9999 -9999
-9999 -9999 -9999 -9999 -9999 -9999 -9999 10.50 9.57 13.02 10.88 8.54 9.16 10.34 6.42 7.97 9.91 13.98 13.36 14.50 13.24 13.69 7.94 10.88 10.79 8.32 9.33 8.50 8.72 7.51 6.68 7.70 8.05 7.89 6.99 6.95 8.35 7.69 8.10 7.16 8.86 9.60 9.20 8.04 7.07 8.65 8.10 7.49 7.33 7.12 6.86 5.58 6.63 6.54 5.94 6.17 6.57 6.96 7.38 7.35 8.09 9.60 8.66 7.87 7.78 7.42 7.24 6.88 7.15 8.39 -9999 -9999 -9999 -9999 -9999 11.56 11.46 11.14
-9999 -9999 -9999 -9999 -9999 -9999 10.85 10.32 10.11 10.29 9.99 9.79 8.57 6.48 5.89 7.71 9.22 12.18 19.65 11.29 9.38 9.01 5.86 12.56 13.97 13.36 10.15 8.55 8.59 8.11 7.56 7.86 8.46 7.85 7.33 7.28 8.15 8.60 7.09 6.99 8.85 9.00 8.53 7.95 7.99 8.21 6.95 7.39 6.37 6.33 6.95 6.31 5.82 5.44 5.89 6.79 6.55 6.88 7.26 7.48 7.96 9.72 8.94 7.90 7.46 7.17 7.01 6.74 7.01 8.02 -9999 -9999 -9999 -9999 -9999 10.01 9.50 9.37
-9999 -9999 -9999 -9999 -9999 11.28 11.98 11.08 10.92 -9999 -9999 -9999 -9999 6.83 13.31 11.06 10.41 13.29 11.67 9.34 12.16 11.04 9.26 18.96 16.28 13.30 13.73 10.11 7.71 8.14 8.14 7.62 7.74 7.50 7.03 7.59 7.22 8.71 7.34 7.11 7.65 8.24 8.40 8.13 7.08 7.12 6.91 6.81 6.53 6.21 5.84 5.63 5.44 5.81 6.64 6.53 6.34 7.10 7.79 8.02 8.10 9.02 8.74 8.34 7.31 7.08 6.83 6.49 6.48 7.29 8.93 -9999 -9999 -9999 -9999 8.81 8.22 8.27
-9999 -9999 -9999 -9999 -9999 12.84 14.36 11.04 11.60 -9999 -9999 -9999 -9999 6.99 10.63 12.57 7.48 12.66 11.97 10.97 14.42 16.09 12.57 16.86 9.73 10.76 10.59 9.16 7.71 7.63 7.86 7.62 7.86 8.31 7.17 7.76 7.56 7.77 8.33 7.25 7.50 6.97 7.79 8.50 8.77 8.59 6.91 6.36 6.33 6.26 6.65 5.96 5.95 6.39 6.77 7.45 6.70 8.63 8.71 9.03 8.20 8.61 8.50 8.20 7.26 7.18 6.89 6.44 6.20 6.30 7.35 8.38 -9999 -9999 9.14 8.59 8.15 8.53
-9999 -9999 -9999 -9999 -9999 -9999 -9999 -9999 -9999 -9999 -9999 -9999 -9999 8.07 13.23 11.45 7.61 9.87 7.98 15.14 14.89 9.93 13.40 12.86 11.10 11.66 9.26 8.26 7.34 8.09 7.73 8.00 7.69 7.24 7.27 7.26 7.13 7.43 8.02 7.25 6.99 7.42 7.81 7.28 7.95 8.06 6.05 7.40 8.44 7.28 7.38 7.00 5.77 6.49 7.49 8.51 8.25 7.76 8.24 8.97 8.42 8.77 8.50 8.33 7.38 7.34 7.08 6.68 6.26 5.85 6.11 6.85 7.90 8.42 8.12 8.09 7.26 8.37
-9999 -9999 -9999 -9999 -9999 -9999 -9999 -9999 -9999 -9999 -9999 -9999 -9999 -9999 13.29 5.04 5.20 8.99 13.59 12.82 15.20 14.33 9.91 11.07 12.38 8.72 8.12 7.33 7.21 7.17 7.68 7.70 7.62 7.27 7.13 7.06 7.28 7.05 7.74 7.38 6.88 9.27 8.59 7.15 6.85 6.69 6.70 6.58 7.74 7.98 7.55 8.73 6.75 6.35 7.14 6.86 7.38 7.61 7.46 8.67 8.62 8.34 8.21 8.68 7.80 7.66 7.32 6.86 6.50 6.29 6.26 6.30 6.84 7.26 7.42 7.26 7.27 8.47
-9999 -9999 -9999 -9999 -9999 -9999 -9999 -9999 -9999 -9999 -9999 -9999 -9999 -9999 8.39 13.08 13.83 11.36 9.86 9.54 12.66 10.63 10.80 8.86 8.22 10.16 7.24 7.08 9.03 8.50 8.18 7.59 6.82 6.70 7.43 7.26 8.27 8.07 7.82 7.21 6.67 8.88 9.82 8.28 7.04 6.46 6.70 6.72 6.67 7.05 8.01 10.42 8.81 6.71 6.33 6.85 8.06 9.13 9.02 8.38 8.84 8.66 8.97 8.80 8.33 8.07 7.63 7.28 6.92 6.68 6.63 6.69 6.87 7.07 7.40 7.33 7.07 8.02
-9999 -9999 -9999 -9999 -9999 -9999 -9999 -9999 -9999 -9999 -9999 -9999 -9999 10.26 9.95 7.48 16.21 10.17 8.22 11.32 11.19 9.83 12.96 9.07 8.44 10.68 6.50 13.15 10.14 8.23 8.37 9.29 7.34 6.84 9.91 9.51 8.35 7.04 7.55 7.44 7.09 7.86 8.56 8.24 7.35 6.83 6.64 6.80 7.15 6.91 8.33 8.28 7.61 6.94 6.58 7.35 8.44 9.47 9.41 8.23 8.55 9.34 9.63 9.18 8.72 8.33 7.96 7.60 7.26 6.97 6.89 6.92 6.84 6.95 7.61 7.55 7.22 7.58
-9999 -9999 -9999 -9999 -9999 -9999 -9999 -9999 -9999 -9999 -9999 -9999 -9999 8.79 9.77 15.88 9.91 5.49 8.02 8.26 10.20 12.93 12.60 9.61 9.14 9.05 7.05 7.77 8.81 10.49 10.37 8.03 7.85 7.67 8.23 8.75 7.07 6.79 7.55 7.45 8.06 8.46 7.94 8.12 7.65 7.04 6.81 6.80 6.86 6.92 7.94 8.29 7.65 6.54 6.90 8.22 9.51 8.87 9.61 9.61 9.36 9.39 10.21 9.23 9.26 8.57 8.17 7.68 7.39 7.17 6.97 6.89 6.86 6.88 7.82 7.58 7.10 7.30
-9999 -9999 -9999 -9999 -9999 -9999 -9999 -9999 -9999 -9999 -9999 -9999 -9999 10.30 12.61 5.76 7.98 7.25 8.87 8.79 13.96 11.92 13.88 10.86 9.75 7.71 6.31 6.91 10.19 12.46 13.73 8.24 9.81 8.72 9.05 8.46 6.42 6.69 7.08 7.38 8.06 7.62 7.75 9.00 8.06 6.91 6.90 8.24 6.68 7.13 7.64 7.53 6.97 6.70 7.42 8.06 8.52 8.79 8.93 8.40 8.73 9.65 9.93 8.81 8.66 8.50 8.09 7.75 7.36 7.01 6.93 6.86 6.85 6.91 7.22 7.04 7.23 7.17
-9999 -9999 -9999 -9999 -9999 -9999 -9999 -9999 -9999 -9999 -9999 -9999 -9999 -9999 6.51 8.07 10.62 13.51 14.77 12.14 12.43 10.39 7.79 7.81 7.04 8.01 7.95 6.79 8.17 8.84 12.36 9.62 8.30 8.44 10.00 9.10 6.55 7.50 6.46 6.72 9.46 7.82 7.59 7.43 7.56 6.59 6.60 8.47 7.72 6.98 7.61 7.23 6.96 7.34 8.31 7.97 7.94 7.65 8.49 7.84 9.37 9.61 8.68 8.51 8.96 8.48 7.81 7.49 7.13 6.92 6.88 6.83 6.85 6.82 6.83 6.88 7.17 7.28
-9999 -9999 -9999 -9999 -9999 -9999 -9999 -9999 -9999 -9999 -9999 -9999 -9999 -9999 7.91 9.10 10.71 13.51 17.00 15.33 11.35 8.32 6.89 8.58 10.81 12.86 14.54 10.76 8.11 8.62 9.89 8.94 6.74 10.64 9.82 9.19 7.47 8.18 6.74 6.43 7.58 9.28 8.73 7.86 7.22 6.59 6.72 7.89 7.55 7.09 7.19 7.65 7.87 8.15 8.80 8.08 7.69 9.00 9.10 9.07 8.98 9.29 8.36 8.75 9.16 7.88 7.47 7.27 7.02 6.92 6.82 6.77 6.78 6.77 6.82 6.79 6.77 6.81
-9999 -9999 -9999 -9999 -9999 -9999 -9999 -9999 -9999 -9999 -9999 -9999 -9999 9.34 7.09 8.07 11.02 13.07 12.69 12.21 9.42 10.16 15.20 11.98 12.17 12.27 9.98 8.88 9.58 9.81 8.02 6.96 7.56 9.90 9.80 8.94 7.40 8.32 6.24 6.26 8.13 7.78 8.27 8.29 7.52 6.89 6.88 7.82 7.58 6.79 7.14 7.19 7.15 8.10 7.85 8.96 8.24 9.06 8.37 8.68 8.85 7.98 7.83 8.74 8.52 7.30 7.09 7.28 6.91 6.92 6.85 6.90 6.82 6.72 6.72 6.55 6.98 7.44
-9999 -9999 -9999 -9999 -9999 -9999 -9999 -9999 -9999 -9999 -9999 -9999 -9999 12.03 9.48 7.78 7.75 10.75 15.35 14.50 12.41 10.19 11.00 12.47 13.83 14.19 9.80 11.79 12.81 8.29 10.60 6.13 6.89 9.12 11.15 7.72 8.26 6.65 5.54 5.88 6.87 10.08 8.48 8.43 7.86 7.41 7.39 7.55 7.19 6.68 6.89 6.83 6.84 6.91 8.32 8.84 8.75 9.45 8.42 7.86 7.82 7.40 7.83 8.29 7.91 7.31 7.64 7.34 7.53 7.03 6.96 7.13 7.10 6.77 6.62 6.48 6.57 7.55
-9999 -9999 -9999 -9999 -9999 -9999 -9999 -9999 -9999 -9999 -9999 -9999 -9999 10.39 8.75 4.91 6.67 10.45 15.51 13.55 13.45 10.27 11.98 11.29 9.98 11.32 11.70 11.02 9.19 7.57 8.14 10.77 7.13 7.45 7.65 7.86 9.27 7.41 5.57 5.80 6.74 7.37 7.42 8.43 7.90 7.55 7.70 6.87 6.31 6.92 7.18 7.33 6.81 7.49 8.80 8.74 7.77 8.00 8.88 7.74 8.02 6.98 7.92 8.05 7.19 7.08 7.37 6.85 7.09 6.94 6.90 6.92 6.74 6.65 6.69 6.64 7.08 6.66
-9999 -9999 -9999 -9999 -9999 -9999 -9999 -9999 -9999 -9999 -9999 -9999 9.36 10.26 11.80 8.65 6.80 11.31 13.10 15.50 15.03 8.94 9.07 8.17 9.99 12.03 9.75 9.27 11.06 9.13 8.25 7.79 6.94 6.51 6.81 7.81 7.60 7.01 6.52 5.94 5.85 6.77 7.35 6.73 7.24 7.02 7.65 6.74 6.72 6.89 6.46 6.48 6.94 8.20 8.06 8.04 7.27 8.17 8.32 7.82 6.88 7.65 7.72 7.84 7.93 7.42 7.08 7.04 6.90 6.94 6.90 6.72 6.58 6.48 6.52 6.70 7.11 7.11
-9999 -9999 -9999 -9999 -9999 -9999 -9999 -9999 -9999 -9999 -9999 10.77 10.31 10.74 8.37 6.54 10.04 13.54 14.51 12.42 13.97 9.41 10.54 8.78 8.71 15.88 10.52 10.79 8.33 8.52 7.04 6.65 7.01 8.35 7.38 9.43 7.47 7.63 6.01 5.73 5.91 6.36 6.94 6.53 6.70 7.10 7.28 5.95 6.63 6.62 6.76 6.97 7.46 8.20 7.45 8.19 7.59 7.85 6.98 6.72 7.86 8.15 7.59 7.79 7.59 6.70 7.29 7.45 7.38 7.20 6.79 6.48 6.22 6.51 6.61 7.30 7.59 7.82
-9999 -9999 -9999 -9999 -9999 -9999 -9999 -9999 -9999 11.80 10.25 8.90 6.90 6.47 6.78 7.30 11.09 12.62 14.64 16.14 13.89 11.31 7.09 9.86 9.41 13.83 10.38 9.08 8.97 7.47 7.16 5.88 6.88 9.00 8.45 8.69 6.55 6.61 6.06 6.01 6.66 6.39 6.94 6.18 6.38 6.77 6.03 5.89 6.33 7.36 7.11 7.92 8.76 8.30 7.74 7.16 6.84 7.58 8.00 7.56 7.94 6.91 7.61 7.76 7.06 6.29 6.49 7.54 7.38 7.36 6.47 6.15 5.94 6.32 7.49 7.86 7.58 8.42
-9999 -9999 -9999 -9999 -9999 11.11 9.70 8.12 11.42 11.38 11.48 11.42 8.64 7.69 6.76 12.20 10.69 12.96 13.76 13.52 10.33 8.96 6.66 8.04 7.85 14.88 13.05 10.62 7.95 8.04 7.30 8.90 5.95 8.02 8.56 8.12 7.53 6.51 5.66 6.64 6.20 5.82 7.14 6.08 6.22 5.90 6.09 6.53 7.33 6.66 7.47 7.03 7.64 8.68 8.48 8.11 7.68 8.08 8.01 7.53 7.17 7.93 6.83 6.78 6.57 6.21 7.05 7.42 7.56 6.84 6.22 6.22 6.41 7.63 7.85 7.37 8.10 7.20
-9999 -9999 -9999 -9999 12.29 9.66 9.90 8.73 8.08 9.97 9.40 10.06 7.98 6.33 9.88 11.00 11.59 7.93 14.20 10.40 7.89 13.20 9.73 6.15 13.61 11.72 11.22 7.04 6.39 6.89 10.21 6.97 6.28 6.32 6.65 8.35 8.15 7.80 6.09 6.26 5.77 5.87 6.76 6.42 6.26 6.17 6.27 6.90 6.93 8.98 6.95 6.60 7.23 8.19 7.57 7.48 6.99 7.14 7.64 7.31 8.04 7.36 6.69 6.72 6.92 6.39 6.79 7.02 6.60 6.41 6.30 6.33 6.49 7.11 8.03 7.95 7.99 7.48
-9999 -9999 -9999 12.35 11.48 7.89 7.22 7.30 8.48 7.86 8.35 7.51 8.30 12.92 9.69 8.29 11.99 6.05 9.41 9.37 12.86 12.13 12.87 10.43 10.06 8.99 6.94 11.83 10.76 6.66 7.11 6.66 6.22 6.69 6.09 6.28 8.21 8.39 5.75 5.33 5.48 6.23 5.70 5.54 6.29 8.80 6.50 6.38 7.27 8.17 7.28 6.65 7.38 8.01 7.94 8.44 7.75 6.98 6.83 6.73 7.84 7.40 6.67 7.49 7.31 6.59 6.78 6.74 6.51 6.70 6.76 6.69 6.95 7.15 7.96 7.24 7.06 7.36
11.99 9.62 11.50 8.77 8.39 8.90 7.63 7.21 9.56 8.12 7.97 8.27 11.44 10.84 8.88 10.03 9.37 7.40 7.77 11.51 11.94 10.18 10.47 12.24 8.31 5.27 11.89 13.41 9.90 9.53 6.84 7.22 6.15 6.49 8.65 6.50 8.81 6.78 5.53 5.10 5.53 7.58 5.20 5.79 10.23 7.29 6.56 6.66 7.59 8.56 6.96 6.93 7.33 7.02 7.62 7.62 7.08 6.76 7.15 6.69 7.10 7.48 7.45 7.02 6.66 6.27 6.20 6.75 8.21 7.43 8.32 7.56 6.47 7.85 7.64 7.78 7.39 7.13
7.88 7.25 10.38 13.69 12.29 11.66 8.15 9.34 11.27 9.75 9.12 11.58 9.62 8.95 11.66 8.55 6.09 7.52 8.53 11.51 11.34 11.04 10.43 8.92 5.97 8.20 18.99 14.62 10.17 7.23 7.82 7.13 8.66 6.82 7.57 6.62 6.39 6.12 5.97 5.23 5.07 5.42 5.15 9.08 9.79 8.69 7.02 6.55 9.57 7.97 7.05 7.13 6.67 7.43 7.35 7.04 6.30 7.53 7.13 6.44 8.15 7.96 6.90 6.68 6.52 6.22 6.68 7.71 8.11 7.83 8.29 7.43 6.99 7.86 7.73 7.09 7.40 7.20
6.73 7.09 8.69 9.35 8.76 7.32 9.42 8.06 10.24 6.76 8.17 11.00 10.14 8.36 9.37 5.78 5.43 10.04 11.47 10.26 8.86 11.26 7.97 6.27 5.25 10.72 14.60 15.17 7.65 8.22 8.41 8.71 7.64 6.13 7.97 7.22 6.59 5.76 5.96 4.62 4.54 5.94 6.03 9.10 8.97 8.10 6.71 7.56 9.26 8.50 7.79 7.10 7.24 7.06 6.73 6.36 6.41 7.01 7.43 7.03 6.93 7.02 6.79 7.87 8.40 6.62 6.87 7.66 7.87 7.29 7.77 7.60 7.58 7.68 7.06 7.21 7.02 7.03
8.01 6.82 7.64 7.49 8.35 7.75 7.84 8.93 7.39 8.33 6.96 6.79 6.77 6.07 5.24 7.72 6.52 10.91 18.06 8.77 8.97 9.93 15.09 14.56 5.79 5.59 16.96 12.05 9.06 9.51 10.76 8.38 6.15 5.49 8.31 8.44 6.47 5.53 5.23 4.67 4.84 6.35 9.22 9.62 8.17 7.66 7.22 6.99 7.01 8.01 7.15 6.88 6.58 6.18 5.93 6.00 7.10 6.93 6.78 6.94 6.17 6.49 7.48 7.29 7.96 7.13 6.98 6.91 7.04 7.48 7.63 7.60 7.61 7.69 6.83 6.49 6.95 6.84
7.19 6.45 7.48 6.53 7.21 7.37 7.49 6.27 6.11 7.12 6.34 8.13 6.81 8.66 5.08 8.90 11.19 11.37 12.85 13.70 10.73 13.23 15.65 10.14 12.41 10.66 5.96 11.67 10.68 6.68 7.28 5.67 7.57 7.32 10.75 9.40 6.29 5.34 4.58 4.60 6.12 9.38 7.88 9.74 7.99 7.65 8.37 6.99 8.19 6.59 6.80 6.30 5.95 5.80 6.02 6.15 6.38 6.17 6.26 6.12 6.39 7.53 8.43 7.76 6.92 7.46 6.76 7.72 6.74 6.49 6.74 7.04 7.26 7.33 7.14 6.25 6.68 6.66
7.93 6.59 6.03 7.72 9.05 11.01 9.63 7.84 6.75 5.74 6.23 9.60 6.49 7.56 4.70 7.40 8.19 7.48 6.59 9.90 9.15 11.47 11.46 14.09 11.94 12.78 11.67 16.05 8.60 6.89 6.26 7.69 7.13 9.86 9.22 9.31 5.59 5.01 4.31 8.46 9.45 9.05 9.45 7.44 7.98 8.15 7.77 6.55 6.46 6.48 6.15 5.89 5.76 5.65 6.33 6.56 7.02 6.50 5.94 6.07 6.92 8.84 7.02 7.47 7.41 6.82 6.66 6.72 6.11 6.05 6.69 6.36 6.86 6.95 6.81 6.70 6.71 6.20
8.60 7.19 6.50 6.77 8.86 9.37 10.27 9.20 8.08 7.05 6.36 6.90 9.54 5.40 10.16 9.16 9.17 10.70 9.36 7.41 7.77 9.62 8.31 10.45 10.20 8.53 14.16 13.75 6.68 7.43 5.24 6.30 8.31 9.04 8.24 7.30 5.39 4.95 6.84 6.21 8.40 8.17 7.43 7.75 7.43 7.00 6.82 5.90 5.54 5.51 5.47 7.09 5.61 6.38 5.75 5.91 5.76 5.71 5.94 7.09 8.45 7.91 7.38 7.43 7.12 6.72 6.80 7.10 7.18 5.52 6.50 7.39 6.66 6.45 6.85 5.93 6.23 7.14
8.39 7.76 8.26 9.39 10.98 -9999 -9999 -9999 -9999 8.77 8.29 9.22 6.46 5.26 6.96 7.08 6.70 6.35 2.96 13.35 14.43 8.64 7.09 7.37 9.29 10.43 12.80 9.12 6.77 5.50 4.72 9.46 8.08 9.82 6.54 6.03 5.36 5.38 7.92 6.10 7.95 7.80 6.91 7.01 6.75 6.39 5.81 5.42 5.26 5.30 5.39 6.65 5.66 5.93 6.00 5.75 5.89 5.88 7.53 7.36 7.76 7.86 7.79 6.16 6.12 5.95 7.11 7.44 6.72 5.25 6.15 6.94 6.72 6.35 7.10 6.53 6.31 6.83
