ML/MeanWindSpeed_1994-01_Actual.txt
ncols         180
nrows         290
xllcorner     -200000
yllcorner     -200000
cellsize      5000
NODATA_value  -9999
[rows 204 to 237 of 290, columns 77 to 153 of 180]
14.98 11.75 12.31 14.37 15.26 14.50 12.68 15.41 13.62 16.32 11.77 13.45 16.97 15.64 13.06 14.22 9.35 8.72 14.37 16.07 14.45 12.51 15.51 11.20 9.30 8.37 15.43 20.33 20.97 11.23 12.03 12.24 12.60 11.23 9.24 11.46 10.50 9.84 8.80 9.03 7.30 7.08 8.73 8.69 12.43 12.05 10.86 9.07 10.24 12.56 11.70 10.96 10.21 10.52 10.39 9.99 9.55 9.63 10.38 10.90 10.37 10.19 10.23 9.88 11.29 12.03 9.80 10.19 11.33 11.74 11.11 11.86 11.73 11.70 11.68 10.37 10.42
13.38 13.30 11.77 12.85 12.66 13.74 12.94 13.06 14.53 12.46 13.59 11.68 11.35 11.17 10.24 9.14 12.22 10.59 16.12 25.22 13.12 13.32 14.28 20.74 20.01 8.69 8.48 23.16 16.93 13.23 13.83 15.39 12.24 9.30 8.39 11.92 12.15 9.75 8.53 8.05 7.27 7.35 9.17 12.73 13.01 10.92 10.13 9.57 9.37 9.60 11.10 10.15 9.96 9.70 9.29 9.03 9.16 10.59 10.34 10.08 10.23 9.19 9.55 10.83 10.60 11.48 10.46 10.35 10.39 10.71 11.44 11.76 11.80 11.80 11.85 10.16 9.55
15.98 12.23 11.23 12.59 11.33 12.19 12.37 12.55 11.00 10.79 12.07 10.97 13.17 11.33 13.82 9.10 13.86 16.76 16.90 18.72 19.76 15.85 18.93 21.90 14.56 17.33 14.97 8.74 16.24 15.28 10.19 10.92 8.69 11.16 10.81 15.16 13.49 9.57 8.35 7.32 7.20 9.01 13.13 11.02 13.20 10.72 10.15 11.06 9.44 11.27 9.34 9.73 9.24 8.97 8.90 9.30 9.46 9.70 9.36 9.36 9.11 9.44 10.91 12.08 11.21 10.13 10.87 10.00 11.33 10.25 10.12 10.57 11.02 11.33 11.33 10.70 9.32
15.53 13.27 11.49 10.79 12.97 14.72 17.30 15.51 13.21 11.76 10.41 11.01 15.24 11.10 12.53 8.62 11.91 12.83 11.81 10.46 14.56 13.48 16.66 16.74 20.01 17.04 17.94 16.23 21.95 12.57 10.44 9.63 11.35 10.57 14.11 13.30 13.52 8.75 7.99 7.06 12.33 13.45 12.82 13.17 10.35 10.86 10.97 10.52 9.30 9.27 9.30 8.94 8.79 8.89 8.94 9.88 10.11 10.55 9.76 8.93 9.04 10.16 12.63 10.27 10.85 10.78 10.01 9.80 9.96 9.38 9.51 10.42 10.06 10.73 10.73 10.27 9.94
15.66 14.17 12.30 11.39 11.75 14.54 15.30 16.50 15.12 13.62 12.26 11.28 11.86 15.23 9.83 15.75 14.31 14.23 16.00 13.97 11.17 11.53 14.11 12.55 15.40 15.10 12.79 19.60 19.08 10.16 11.22 8.29 9.55 12.17 13.17 12.19 10.98 8.50 7.88 10.28 9.45 12.21 11.83 10.72 10.95 10.36 9.76 9.69 8.60 8.13 8.11 8.17 10.55 8.94 10.16 9.38 9.40 8.90 8.69 8.97 10.41 12.14 11.45 10.78 10.85 10.41 9.84 9.94 10.41 10.72 8.74 10.08 11.27 10.31 9.89 10.23 8.85
15.38 14.06 13.17 13.80 15.28 17.43 -9999 -9999 -9999 -9999 14.60 13.76 14.75 11.12 9.47 11.56 11.68 11.16 10.54 5.93 19.13 20.27 12.90 10.98 11.38 13.91 15.28 18.03 13.29 10.40 8.79 7.70 13.78 11.98 14.31 10.04 9.42 8.55 8.48 11.73 9.42 11.83 11.57 10.27 10.21 9.69 9.13 8.42 7.95 7.76 7.89 8.17 10.17 9.32 9.96 10.08 9.48 9.17 8.93 11.04 10.83 11.32 11.44 11.37 9.26 9.13 8.85 10.33 10.81 10.09 8.31 9.52 10.57 10.25 9.62 10.42 9.47
17.80 17.58 17.75 15.56 18.46 18.41 -9999 -9999 -9999 -9999 -9999 -9999 -9999 10.20 10.17 11.68 10.14 10.06 10.43 13.41 16.46 20.09 19.10 15.93 13.35 12.72 11.15 15.34 15.03 9.13 7.42 13.06 13.28 15.03 10.44 9.50 9.22 8.58 10.38 11.53 11.13 11.45 10.96 10.36 9.85 9.26 8.67 8.50 8.27 9.19 8.52 8.78 9.10 9.34 9.56 9.17 10.10 11.51 10.85 9.61 11.54 11.47 10.86 10.46 9.11 8.47 9.35 10.14 9.60 8.54 8.17 9.75 8.29 8.77 10.15 9.20 9.08
-9999 -9999 18.24 -9999 -9999 -9999 -9999 -9999 -9999 -9999 -9999 16.85 14.38 13.52 15.37 14.51 12.53 10.79 11.07 11.35 14.95 17.16 16.36 10.61 10.18 15.36 13.43 13.15 10.07 8.17 7.89 11.98 12.46 12.29 10.16 9.70 9.47 7.69 12.41 12.86 11.10 11.24 10.67 10.49 10.13 9.51 9.86 9.03 9.20 8.42 8.48 8.80 9.33 9.38 9.73 8.90 11.00 13.00 10.65 11.15 8.62 10.46 9.91 9.06 9.80 9.15 9.29 10.21 9.21 8.07 8.06 8.05 8.85 9.64 8.71 9.42 8.93
-9999 -9999 -9999 -9999 -9999 -9999 -9999 -9999 -9999 -9999 -9999 18.91 17.76 14.84 16.84 17.66 -9999 -9999 11.61 15.44 9.13 11.66 11.04 11.05 12.07 14.19 10.25 9.56 10.17 9.87 11.12 11.99 12.16 11.21 10.36 10.94 8.66 9.48 12.76 11.22 10.62 10.25 10.47 11.30 11.02 10.09 9.78 8.81 8.83 9.57 10.28 9.98 10.96 9.45 8.81 10.04 13.43 10.77 10.62 9.71 7.60 9.70 9.05 8.57 8.56 8.51 8.26 8.34 10.34 8.59 8.33 8.26 8.25 8.38 7.97 7.43 9.28
-9999 -9999 -9999 -9999 -9999 -9999 -9999 -9999 -9999 -9999 -9999 -9999 -9999 -9999 -9999 -9999 -9999 -9999 14.07 12.31 11.69 10.32 8.81 8.60 9.22 10.69 10.34 10.91 11.89 12.91 13.97 13.76 -9999 11.27 10.21 9.26 8.56 9.75 12.40 11.24 11.25 10.41 9.55 9.66 11.02 9.89 9.77 11.11 11.13 10.65 11.76 12.99 11.20 10.73 10.27 10.52 12.22 10.32 10.05 9.63 8.46 8.13 7.88 8.42 8.86 8.23 7.75 8.17 8.46 8.33 8.25 8.20 8.18 8.17 8.38 8.53 8.95
-9999 -9999 -9999 -9999 -9999 -9999 -9999 -9999 -9999 -9999 -9999 -9999 -9999 -9999 -9999 -9999 -9999 -9999 -9999 13.99 11.74 9.97 9.91 10.52 8.77 8.98 10.29 12.52 -9999 -9999 -9999 -9999 12.68 10.87 9.81 8.60 8.42 9.74 12.29 11.25 11.51 10.48 9.17 10.49 10.22 12.03 11.09 13.40 11.34 11.50 10.95 11.49 11.26 10.32 11.36 9.01 9.86 10.28 8.30 8.48 7.82 7.42 7.18 6.84 6.92 7.33 6.90 7.16 7.37 7.67 7.65 9.52 9.90 8.29 8.35 8.69 8.87
-9999 -9999 -9999 -9999 -9999 -9999 -9999 -9999 -9999 -9999 -9999 -9999 -9999 -9999 -9999 -9999 -9999 -9999 -9999 -9999 13.63 14.58 12.66 10.77 10.75 11.26 13.10 -9999 -9999 -9999 -9999 13.29 12.70 12.14 7.91 7.52 7.89 11.41 12.60 11.99 10.98 9.41 9.46 9.48 11.67 13.52 11.96 11.99 11.10 11.37 11.06 9.62 10.22 10.21 9.60 9.46 9.36 8.97 8.05 8.06 8.64 8.76 8.59 6.85 6.82 6.93 6.74 7.77 7.86 8.40 7.86 8.95 8.83 8.60 9.95 8.80 9.67
-9999 -9999 -9999 -9999 -9999 -9999 -9999 -9999 -9999 -9999 -9999 -9999 -9999 -9999 -9999 -9999 -9999 -9999 -9999 -9999 -9999 15.15 14.99 13.35 12.89 12.73 15.60 -9999 -9999 -9999 12.32 9.42 8.72 11.20 10.54 9.47 7.98 10.20 9.39 11.67 10.57 8.40 10.19 11.79 11.83 11.18 12.25 11.14 10.58 10.30 9.47 9.26 9.07 9.32 9.94 9.33 8.44 8.26 8.22 8.20 9.15 8.60 8.45 7.75 6.93 7.07 6.90 7.28 7.44 8.08 8.18 8.51 8.15 9.17 9.71 10.16 9.66
-9999 -9999 -9999 -9999 -9999 -9999 -9999 -9999 -9999 -9999 -9999 -9999 -9999 -9999 -9999 -9999 -9999 -9999 -9999 -9999 -9999 -9999 -9999 -9999 -9999 -9999 -9999 -9999 -9999 15.59 10.22 7.67 7.73 10.84 8.63 9.55 10.54 10.55 10.60 10.81 8.75 8.37 8.85 10.30 10.16 10.45 10.58 10.88 10.52 10.34 12.37 10.14 10.25 9.40 10.00 9.81 8.51 8.40 7.78 8.42 9.44 8.50 7.56 7.31 7.33 7.13 7.84 7.55 8.29 7.95 9.42 10.10 9.33 7.67 11.14 12.09 9.86
-9999 -9999 -9999 -9999 -9999 -9999 -9999 -9999 -9999 -9999 -9999 -9999 -9999 -9999 -9999 -9999 -9999 -9999 -9999 -9999 -9999 -9999 -9999 -9999 -9999 -9999 -9999 -9999 -9999 11.98 9.86 7.75 15.01 12.98 8.58 9.67 10.64 11.16 11.53 9.26 8.72 8.55 8.39 9.95 9.55 9.19 11.48 11.23 12.75 10.78 11.17 12.82 10.58 9.95 9.78 8.98 8.59 8.19 7.97 8.54 8.53 8.66 7.79 7.13 7.14 6.94 7.46 9.88 8.98 10.06 10.62 11.93 9.79 8.00 9.63 10.05 8.15
-9999 -9999 -9999 -9999 -9999 -9999 -9999 -9999 -9999 -9999 -9999 -9999 -9999 -9999 -9999 -9999 -9999 -9999 -9999 -9999 -9999 -9999 -9999 -9999 -9999 -9999 -9999 -9999 -9999 11.33 7.51 5.58 8.86 14.03 12.75 11.89 10.63 12.24 9.78 9.22 8.47 10.75 10.85 11.77 10.99 9.74 9.91 9.92 10.54 11.17 11.22 10.02 9.87 9.91 9.89 9.10 8.65 8.47 8.35 8.97 8.65 8.22 7.18 7.14 8.39 9.64 8.72 9.97 9.30 9.14 9.36 10.52 12.82 12.14 9.11 8.79 9.11
-9999 -9999 -9999 -9999 -9999 -9999 -9999 -9999 -9999 -9999 -9999 -9999 17.79 17.93 14.59 21.05 20.04 20.02 20.40 23.19 12.81 20.62 14.31 -9999 -9999 -9999 -9999 -9999 -9999 10.34 8.18 7.31 5.95 7.55 10.73 13.18 12.54 10.82 9.63 9.48 10.50 12.16 11.01 10.01 10.00 9.35 9.33 10.12 9.64 9.13 8.90 9.52 8.72 9.68 10.40 11.47 9.95 9.08 9.61 9.47 8.68 9.33 7.49 6.89 8.97 10.54 9.01 8.52 9.02 8.93 8.59 8.29 8.52 8.30 7.66 7.41 7.13
-9999 -9999 -9999 -9999 -9999 -9999 -9999 -9999 -9999 -9999 -9999 -9999 19.87 18.08 17.23 13.80 16.85 19.44 18.64 19.67 20.08 16.00 13.86 11.63 12.79 16.20 13.42 12.03 10.03 9.02 7.91 7.30 6.77 6.15 6.95 10.89 11.29 10.08 8.99 13.01 10.95 9.56 10.23 10.84 9.63 9.29 10.28 10.08 10.20 9.61 9.48 8.01 8.32 9.18 9.43 9.62 10.75 11.12 8.84 8.42 7.97 7.47 8.36 7.08 12.58 10.38 9.94 9.33 8.74 8.93 8.55 9.62 9.46 7.46 9.50 8.67 9.33
-9999 -9999 -9999 -9999 -9999 -9999 -9999 -9999 -9999 -9999 -9999 18.16 15.69 13.96 12.43 10.65 14.09 18.29 17.84 16.60 16.58 16.39 14.43 11.72 10.44 11.74 13.44 9.63 8.65 7.68 7.72 8.90 6.98 6.90 8.90 9.24 9.09 9.43 12.70 10.27 12.30 11.40 10.22 8.93 9.59 9.14 10.23 10.53 9.76 10.23 8.73 9.14 8.79 8.75 8.76 10.81 11.99 9.08 7.82 8.14 11.27 8.87 7.89 8.16 8.28 8.98 9.41 8.94 8.77 9.56 10.78 9.40 7.84 7.58 9.82 8.89 8.53
-9999 -9999 -9999 -9999 -9999 -9999 -9999 -9999 -9999 -9999 -9999 -9999 14.51 11.99 10.48 12.56 12.17 13.44 17.72 15.99 13.25 11.40 14.58 16.69 12.75 9.20 9.57 12.25 9.43 6.95 6.94 6.84 7.81 7.98 7.01 7.54 8.41 9.42 10.98 9.41 11.85 10.42 10.26 9.97 10.21 9.25 10.39 10.80 10.38 8.29 8.32 9.25 8.03 7.43 7.27 8.95 10.85 10.43 7.80 8.28 9.94 9.56 8.40 7.26 7.26 7.18 7.79 10.23 9.86 9.45 10.11 11.31 9.96 9.13 10.02 9.91 8.48
-9999 -9999 -9999 -9999 -9999 -9999 -9999 -9999 19.95 -9999 -9999 16.51 13.96 14.28 9.83 12.21 10.21 10.23 11.14 12.14 13.44 11.01 13.42 14.73 10.62 8.50 6.79 7.09 6.95 6.23 6.41 6.92 8.17 6.90 6.70 7.80 10.50 8.76 10.00 8.65 10.19 9.71 10.91 11.97 10.78 9.20 8.68 8.92 8.46 7.90 9.94 8.57 7.48 10.06 7.88 8.14 10.96 12.41 7.56 8.08 8.71 8.40 7.64 7.12 7.11 7.83 8.78 9.55 8.42 7.86 7.75 8.41 8.44 8.48 9.49 8.54 8.39
-9999 -9999 -9999 -9999 -9999 -9999 -9999 17.77 19.50 19.14 18.33 14.12 12.42 14.47 10.97 9.31 10.15 9.31 11.65 12.73 13.92 11.36 10.38 10.46 8.35 6.61 5.91 6.41 7.26 7.41 6.29 6.36 6.72 6.34 6.51 9.17 9.60 8.38 9.34 9.88 11.91 10.86 10.88 12.65 10.67 10.10 8.45 9.42 8.78 9.05 8.16 7.79 6.92 8.57 8.58 7.55 9.19 8.59 7.57 7.39 7.17 8.29 8.09 7.74 7.35 7.09 7.10 7.14 7.80 8.19 7.75 6.55 7.25 7.88 9.12 9.68 9.03
-9999 -9999 -9999 -9999 -9999 -9999 -9999 16.39 16.33 14.85 15.41 13.64 12.15 10.37 12.83 12.58 11.04 12.66 12.39 11.95 13.68 11.51 10.60 9.69 6.25 7.80 10.47 9.52 7.95 6.74 5.90 6.78 7.59 8.15 7.45 9.47 8.82 9.70 8.55 7.70 10.08 12.03 10.48 10.56 10.18 9.24 9.28 10.19 8.89 7.90 8.85 9.08 7.07 7.60 7.71 7.58 8.88 9.43 9.46 11.55 7.88 8.06 6.95 6.61 7.07 7.42 6.86 6.69 7.32 8.29 7.68 6.94 6.56 7.73 7.88 8.07 8.28
-9999 -9999 -9999 -9999 -9999 -9999 -9999 16.66 14.74 13.84 14.39 13.41 13.05 11.02 11.64 11.71 9.83 11.46 11.38 11.90 12.00 10.83 6.86 5.01 4.62 8.23 8.48 9.21 10.01 7.03 6.81 7.23 6.69 8.29 7.52 9.17 8.73 8.88 8.67 7.89 10.43 9.90 10.11 9.97 9.61 9.32 9.49 10.35 10.07 8.24 7.81 8.11 9.19 7.37 7.67 7.38 8.00 8.13 8.31 9.43 8.69 9.88 10.98 6.05 11.07 8.99 6.50 6.99 11.72 11.66 10.92 6.59 6.51 6.92 6.78 7.49 7.16
-9999 -9999 -9999 -9999 -9999 -9999 -9999 14.25 13.47 13.16 12.94 12.15 11.92 11.08 10.39 11.79 10.74 10.57 11.00 9.19 8.75 7.92 7.52 4.07 5.68 9.09 8.02 9.67 9.64 7.43 7.85 8.50 7.11 7.89 8.37 8.53 8.52 8.65 9.64 11.08 8.62 9.99 9.86 9.86 9.51 9.34 9.69 10.27 8.97 8.85 8.33 8.80 9.32 10.08 9.01 10.21 9.57 8.79 8.39 7.88 7.26 7.34 7.85 7.08 9.89 9.79 10.84 10.30 11.19 11.94 12.49 7.36 7.37 7.12 7.32 7.94 9.43
-9999 -9999 -9999 -9999 -9999 -9999 -9999 12.63 12.18 12.19 12.83 13.52 12.28 11.57 10.96 11.54 12.85 11.45 9.96 7.94 7.80 6.63 5.90 5.76 5.21 6.09 5.79 8.96 7.33 4.87 9.08 8.89 7.42 11.51 9.89 10.84 11.75 10.83 10.35 11.27 9.70 8.82 9.61 9.59 8.85 9.07 9.29 10.00 8.77 9.02 10.14 11.02 10.66 10.62 10.90 10.92 11.20 11.03 10.29 9.10 8.58 9.26 10.03 10.47 11.23 11.70 12.08 -9999 -9999 11.61 11.94 11.06 10.05 8.72 12.85 10.23 -9999
-9999 -9999 -9999 -9999 -9999 -9999 16.34 12.92 12.35 11.07 12.51 12.89 14.36 12.53 13.82 12.97 12.98 11.16 9.37 7.69 6.84 5.75 4.96 5.04 5.66 6.83 7.74 7.47 5.35 9.43 10.82 7.48 6.76 8.49 8.81 10.82 10.87 9.36 9.17 9.02 8.86 10.27 10.12 10.35 9.80 9.75 10.44 11.55 11.16 10.54 10.43 10.74 11.12 -9999 -9999 12.51 13.73 13.83 12.95 12.15 11.49 11.81 -9999 -9999 -9999 -9999 -9999 -9999 -9999 -9999 -9999 -9999 11.71 12.33 14.77 12.85 -9999
-9999 -9999 -9999 -9999 -9999 17.92 15.30 12.42 12.95 11.07 11.04 11.05 11.30 11.12 16.30 17.09 14.34 12.30 10.95 10.20 7.61 5.88 4.95 5.58 5.93 10.30 11.74 11.00 10.54 13.17 9.70 9.91 9.79 10.92 12.09 9.75 8.17 9.06 8.12 8.56 8.51 9.22 9.52 11.87 13.46 13.50 13.16 13.14 13.37 11.98 -9999 9.78 10.87 10.66 11.38 12.62 -9999 -9999 -9999 -9999 14.02 -9999 -9999 -9999 -9999 -9999 -9999 -9999 -9999 -9999 -9999 -9999 -9999 -9999 -9999 -9999 -9999
-9999 -9999 -9999 -9999 18.56 17.28 16.60 14.41 11.75 10.88 10.43 8.94 8.74 11.44 19.43 21.17 13.57 11.68 14.35 8.80 10.48 6.37 5.33 9.74 8.43 8.81 9.89 10.74 -9999 -9999 -9999 -9999 -9999 11.55 13.45 12.47 9.90 9.57 9.00 8.26 8.56 8.89 10.27 12.49 -9999 -9999 -9999 -9999 -9999 13.93 13.57 11.55 9.78 9.66 12.79 12.93 -9999 -9999 -9999 -9999 -9999 -9999 -9999 -9999 -9999 -9999 -9999 -9999 -9999 -9999 -9999 -9999 -9999 -9999 -9999 -9999 -9999
-9999 -9999 -9999 11.81 13.24 15.91 16.38 14.27 13.37 11.92 9.16 9.99 10.12 14.11 18.59 20.52 17.65 15.05 11.30 11.69 8.61 8.54 7.57 10.89 11.11 -9999 -9999 -9999 -9999 -9999 -9999 -9999 -9999 -9999 12.34 12.63 10.69 12.30 13.57 13.97 10.82 14.01 14.31 15.76 -9999 -9999 -9999 -9999 -9999 -9999 -9999 11.37 11.64 9.77 11.22 -9999 -9999 -9999 -9999 -9999 -9999 -9999 -9999 -9999 -9999 -9999 -9999 -9999 -9999 -9999 -9999 -9999 -9999 -9999 -9999 -9999 -9999
17.87 15.39 14.75 11.27 11.83 14.19 16.57 16.72 14.00 10.79 10.54 11.42 11.37 13.69 18.57 16.49 16.05 14.46 14.83 6.09 9.33 13.86 10.32 -9999 -9999 -9999 -9999 -9999 -9999 -9999 -9999 -9999 -9999 -9999 -9999 -9999 13.80 -9999 -9999 -9999 -9999 12.63 16.51 17.61 -9999 -9999 -9999 -9999 -9999 -9999 -9999 -9999 12.20 15.03 13.00 -9999 -9999 -9999 -9999 -9999 -9999 -9999 -9999 -9999 -9999 -9999 -9999 -9999 -9999 -9999 -9999 -9999 -9999 -9999 -9999 -9999 -9999
17.36 14.19 12.64 9.85 11.46 14.05 15.02 16.05 14.17 12.65 14.07 9.82 8.46 11.43 16.68 17.15 14.01 11.17 12.63 8.01 7.39 9.50 -9999 -9999 -9999 -9999 -9999 -9999 -9999 -9999 -9999 -9999 -9999 -9999 -9999 -9999 15.83 -9999 -9999 -9999 -9999 -9999 -9999 -9999 -9999 -9999 -9999 -9999 -9999 -9999 -9999 -9999 -9999 -9999 -9999 -9999 -9999 -9999 -9999 -9999 -9999 -9999 -9999 -9999 -9999 -9999 -9999 -9999 -9999 -9999 -9999 -9999 -9999 -9999 -9999 -9999 -9999
15.41 15.61 13.41 10.24 11.79 12.55 12.84 13.88 13.02 12.88 14.66 9.36 8.57 10.33 14.12 20.59 20.85 10.53 10.10 8.82 9.82 13.48 -9999 -9999 -9999 -9999 -9999 -9999 -9999 -9999 -9999 -9999 -9999 -9999 -9999 -9999 -9999 -9999 -9999 -9999 -9999 -9999 -9999 -9999 -9999 -9999 -9999 -9999 -9999 -9999 -9999 -9999 -9999 -9999 -9999 -9999 -9999 -9999 -9999 -9999 -9999 -9999 -9999 -9999 -9999 -9999 -9999 -9999 -9999 -9999 -9999 -9999 -9999 -9999 -9999 -9999 -9999
13.08 13.28 15.25 13.24 12.97 12.31 13.57 12.49 12.09 12.24 10.78 10.95 9.82 9.52 13.97 17.44 16.70 13.18 9.27 8.99 13.35 12.07 -9999 -9999 -9999 -9999 -9999 -9999 -9999 -9999 -9999 -9999 -9999 -9999 -9999 -9999 -9999 -9999 -9999 -9999 -9999 -9999 -9999 -9999 -9999 -9999 -9999 -9999 -9999 -9999 -9999 -9999 -9999 -9999 -9999 -9999 -9999 -9999 -9999 -9999 -9999 -9999 -9999 -9999 -9999 -9999 -9999 -9999 -9999 -9999 -9999 -9999 -9999 -9999 -9999 -9999 -9999
