ML/MeanWindSpeed_1996-01_Actual.txt
ncols         180
nrows         290
xllcorner     -200000
yllcorner     -200000
cellsize      5000
NODATA_value  -9999
[rows 175 to 209 of 290, columns 77 to 153 of 180]
-9999 -9999 -9999 -9999 -9999 -9999 -9999 -9999 -9999 15.80 14.64 13.51 12.32 11.44 9.61 7.70 13.54 22.70 10.29 13.56 12.42 10.53 8.27 5.80 6.52 9.18 11.71 10.13 8.19 9.09 10.64 10.15 10.28 11.57 10.38 9.99 9.74 10.16 10.53 10.69 11.45 11.45 16.92 16.96 13.36 12.81 10.16 9.14 10.17 10.14 8.29 8.20 9.57 8.82 8.31 9.29 8.77 10.01 9.49 9.50 9.35 9.24 10.88 9.82 9.74 9.93 9.83 10.30 10.61 10.60 10.75 11.14 9.55 11.60 14.09 -9999 -9999
-9999 -9999 -9999 -9999 -9999 -9999 -9999 -9999 -9999 -9999 16.87 13.79 11.62 9.61 9.77 11.35 26.75 18.04 8.00 14.52 8.21 11.37 10.36 6.58 5.07 13.26 10.46 11.55 10.11 8.78 9.34 9.83 8.98 9.92 10.57 10.40 10.19 9.86 10.34 10.32 10.49 13.14 14.10 17.93 14.12 14.18 12.89 7.67 10.04 12.52 9.29 9.38 9.85 8.82 8.82 9.20 8.98 10.34 9.65 9.69 10.45 10.71 11.69 11.37 10.54 10.19 10.06 10.17 10.55 11.84 10.37 9.40 9.43 11.11 13.71 -9999 -9999
-9999 -9999 -9999 -9999 -9999 -9999 -9999 -9999 -9999 -9999 -9999 14.24 11.27 11.30 13.70 25.54 26.65 17.53 13.39 12.55 12.69 13.36 12.60 12.37 8.37 7.35 14.22 10.70 9.92 9.91 9.10 9.26 9.23 9.06 9.90 9.78 9.61 10.08 10.40 10.36 10.76 12.54 14.67 15.30 12.21 12.05 14.00 11.33 7.64 13.07 10.21 10.04 10.41 9.16 9.20 9.03 9.60 10.53 9.98 10.01 10.68 10.64 12.39 11.50 10.81 10.46 10.20 10.43 10.07 9.86 9.34 9.10 9.49 11.61 13.96 -9999 -9999
-9999 -9999 -9999 -9999 -9999 -9999 -9999 -9999 -9999 -9999 -9999 13.60 12.22 15.37 17.66 19.36 21.95 12.58 9.48 12.49 15.25 14.98 15.12 12.59 9.56 6.65 14.74 13.79 10.95 10.80 9.16 9.08 9.29 10.18 9.88 9.92 10.04 9.92 10.10 10.62 13.04 13.27 10.87 16.14 12.72 13.27 15.05 14.32 11.06 9.89 9.72 8.45 10.07 10.63 9.21 8.92 8.72 9.63 9.66 10.34 10.55 10.44 10.84 11.52 11.04 10.94 10.46 10.19 9.72 9.21 9.06 9.58 10.83 12.82 -9999 -9999 -9999
-9999 -9999 -9999 -9999 -9999 -9999 -9999 -9999 -9999 -9999 -9999 12.91 13.38 14.91 14.41 20.26 16.75 11.33 12.48 10.06 11.84 15.22 12.81 15.91 12.77 8.14 13.67 14.75 14.11 10.57 9.88 8.90 9.70 10.90 10.58 10.02 9.91 9.93 10.55 12.45 12.88 11.12 10.93 14.16 13.34 12.92 12.53 11.22 10.94 11.82 8.04 9.28 9.52 9.04 9.35 8.58 9.67 8.82 9.49 10.18 10.44 10.57 12.58 11.55 11.06 10.78 10.59 10.18 9.71 9.31 9.36 10.70 12.54 -9999 -9999 -9999 -9999
-9999 -9999 -9999 -9999 -9999 -9999 -9999 -9999 -9999 -9999 14.17 24.14 14.67 16.16 18.71 12.23 24.21 19.88 17.12 14.15 17.16 12.94 13.15 11.35 8.80 10.99 15.90 13.67 13.45 10.17 9.11 8.32 10.18 10.32 9.93 10.02 9.82 10.11 11.89 11.91 11.34 12.43 13.58 10.41 15.54 14.25 10.28 10.92 9.94 9.09 9.04 8.06 8.08 8.34 9.40 8.61 7.91 9.96 9.35 9.94 10.55 10.89 12.54 11.46 10.95 10.88 10.40 10.05 9.45 9.16 10.25 11.99 -9999 -9999 -9999 -9999 -9999
-9999 -9999 -9999 -9999 -9999 -9999 -9999 -9999 13.88 13.63 18.35 16.38 13.49 14.23 16.08 10.49 12.49 14.98 18.13 16.52 18.05 14.61 14.06 6.97 9.69 10.01 7.34 8.34 8.56 10.26 9.41 8.72 9.97 10.24 10.31 9.93 10.51 12.19 11.32 12.28 11.21 12.68 13.11 12.22 10.74 9.55 11.44 10.52 9.78 9.69 9.47 9.06 7.48 8.57 8.21 7.26 7.65 8.55 9.07 9.79 10.02 10.72 12.28 11.28 10.54 10.58 10.05 9.63 9.14 9.43 10.87 -9999 -9999 -9999 -9999 -9999 14.10
-9999 -9999 -9999 -9999 -9999 -9999 -9999 13.30 13.02 13.20 13.96 13.97 13.81 13.38 11.42 9.19 11.66 14.10 15.03 22.59 12.07 8.37 8.12 4.78 12.87 14.89 13.91 9.89 9.12 10.43 10.27 9.75 10.10 10.69 10.13 10.29 10.81 11.97 12.48 10.94 11.00 12.74 12.29 11.29 10.33 10.14 10.54 9.06 9.59 8.35 8.24 8.85 8.07 7.44 6.82 7.01 8.28 8.20 8.57 9.23 9.81 10.33 12.37 11.46 10.37 9.99 9.58 9.26 8.95 9.31 10.50 -9999 -9999 -9999 -9999 -9999 12.69
-9999 -9999 -9999 -9999 -9999 -9999 14.05 14.77 13.55 13.68 -9999 -9999 -9999 -9999 13.01 18.36 16.20 15.94 16.63 12.42 8.93 12.00 10.88 8.75 20.28 17.60 14.15 14.80 11.56 9.55 10.28 10.34 9.73 9.75 9.68 9.69 10.75 10.47 12.31 10.77 10.71 11.07 11.26 11.14 10.52 8.97 8.99 8.86 8.54 7.83 7.44 7.15 7.14 7.20 7.42 7.92 8.12 8.18 9.15 9.94 10.14 10.10 11.23 10.87 10.57 9.50 9.21 8.93 8.65 8.75 9.74 11.59 -9999 -9999 -9999 -9999 11.46
-9999 -9999 -9999 -9999 -9999 -9999 15.50 17.30 13.27 14.36 -9999 -9999 -9999 -9999 14.07 16.55 18.95 12.07 16.25 13.87 12.04 14.51 15.60 11.07 15.89 7.97 10.16 10.82 10.28 9.33 9.69 10.09 9.81 9.93 10.55 9.42 10.43 10.33 10.68 11.45 10.21 10.41 9.34 10.16 11.21 11.33 11.02 9.01 8.01 7.61 7.35 7.79 7.14 7.75 8.49 8.78 9.85 9.10 11.35 11.16 11.16 9.87 10.32 10.13 9.91 8.97 8.96 8.78 8.49 8.41 8.62 9.82 10.97 -9999 -9999 11.90 11.32
-9999 -9999 -9999 -9999 -9999 -9999 -9999 -9999 -9999 -9999 -9999 -9999 -9999 -9999 14.87 18.42 15.40 11.10 13.06 9.74 16.96 14.02 7.38 11.44 10.65 8.86 10.19 8.57 8.41 8.10 9.98 9.81 10.09 9.67 9.07 8.91 9.01 9.15 9.78 10.66 9.97 9.52 9.45 9.64 9.36 10.32 10.67 8.44 9.79 10.66 8.88 8.48 7.99 7.34 8.83 10.00 11.13 10.60 9.83 10.30 11.04 10.14 10.41 9.82 9.59 8.56 8.71 8.69 8.57 8.37 8.07 8.40 9.22 10.37 10.93 10.61 10.82
-9999 -9999 -9999 -9999 -9999 -9999 -9999 -9999 -9999 -9999 -9999 -9999 -9999 -9999 -9999 18.55 7.85 8.36 12.17 16.85 13.56 13.72 12.18 6.88 8.27 10.02 6.28 6.90 6.55 7.46 8.42 9.24 9.43 9.45 9.00 8.49 8.39 9.10 9.33 10.15 10.18 9.52 11.64 10.42 8.78 8.72 8.98 9.30 9.09 10.29 10.40 9.19 10.32 8.46 8.42 9.32 8.64 8.97 9.21 9.22 10.77 10.54 9.96 9.07 9.28 8.34 8.51 8.53 8.44 8.39 8.38 8.42 8.46 9.05 9.53 9.65 9.69
-9999 -9999 -9999 -9999 -9999 -9999 -9999 -9999 -9999 -9999 -9999 -9999 -9999 -9999 -9999 14.02 18.46 18.86 15.21 12.31 9.33 10.80 7.09 7.09 5.66 5.23 9.02 7.00 6.78 9.45 8.88 8.76 8.88 8.36 8.49 9.19 9.03 10.74 10.72 10.23 9.91 9.38 11.40 11.98 10.04 8.75 8.47 9.01 9.15 9.29 9.82 10.26 12.63 10.91 8.75 8.33 8.72 9.82 11.05 11.14 10.38 10.86 9.99 8.94 8.43 8.18 8.35 8.40 8.55 8.56 8.59 8.65 8.75 9.00 9.28 9.62 9.79
-9999 -9999 -9999 -9999 -9999 -9999 -9999 -9999 -9999 -9999 -9999 -9999 -9999 -9999 17.07 15.91 11.65 20.70 12.64 9.30 11.05 9.50 7.07 10.70 6.86 6.60 10.82 6.81 14.64 10.36 7.80 8.11 10.09 8.62 8.43 11.98 11.71 11.05 9.66 10.13 10.07 9.54 10.24 10.62 10.02 9.05 8.90 8.81 8.82 9.49 9.32 10.50 10.13 9.59 9.21 8.86 9.65 10.62 11.66 11.52 10.07 10.03 9.40 8.73 8.36 8.13 8.20 8.40 8.59 8.66 8.66 8.75 8.89 8.97 9.22 10.01 10.17
-9999 -9999 -9999 -9999 -9999 -9999 -9999 -9999 -9999 -9999 -9999 -9999 -9999 -9999 14.86 15.09 20.31 11.06 5.16 7.60 7.82 9.67 12.65 12.31 8.52 7.98 8.91 7.23 8.99 10.31 11.53 11.17 8.99 9.35 9.19 9.51 10.56 9.51 9.41 10.39 10.28 10.58 10.85 10.13 10.21 9.71 9.25 8.89 8.52 8.78 9.01 9.82 10.08 9.59 8.62 9.20 10.63 12.02 10.97 11.48 11.11 9.92 8.76 9.51 8.41 8.56 8.31 8.49 8.50 8.63 8.72 8.71 8.79 8.96 9.12 10.29 10.16
-9999 -9999 -9999 -9999 -9999 -9999 -9999 -9999 -9999 -9999 -9999 -9999 -9999 -9999 15.42 17.98 8.62 10.19 8.30 9.34 9.38 15.44 12.54 13.88 9.67 8.27 6.47 6.40 8.41 13.22 15.52 16.80 10.53 12.44 10.14 9.90 10.11 8.63 9.16 9.90 10.34 10.73 9.86 9.85 11.32 10.31 9.32 9.04 10.17 8.47 9.10 9.35 9.12 8.61 8.44 9.25 9.86 10.39 10.30 10.08 9.05 8.72 9.08 9.30 7.89 7.78 8.26 8.40 8.50 8.48 8.41 8.57 8.66 8.79 8.99 9.47 9.40
-9999 -9999 -9999 -9999 -9999 -9999 -9999 -9999 -9999 -9999 -9999 -9999 -9999 -9999 -9999 12.54 13.95 16.10 17.68 17.60 13.49 13.49 10.57 6.26 6.24 5.82 7.50 8.38 8.13 10.79 11.49 15.70 12.88 11.10 9.84 11.21 11.12 8.72 10.11 9.35 9.76 12.32 9.72 9.34 9.21 9.51 8.99 8.87 10.60 9.90 9.07 9.62 9.09 8.78 9.17 9.86 9.19 9.07 8.58 9.46 8.39 9.56 9.45 8.20 7.73 8.39 8.39 8.09 8.15 8.15 8.26 8.43 8.53 8.65 8.77 8.95 9.10
-9999 -9999 -9999 -9999 -9999 -9999 -9999 -9999 -9999 -9999 -9999 -9999 -9999 -9999 -9999 14.76 16.80 17.63 18.42 20.08 17.24 12.82 9.31 7.09 9.52 12.45 14.74 16.84 12.74 9.91 10.98 12.75 12.65 10.15 13.03 11.34 11.61 9.92 10.97 9.86 9.61 10.19 11.41 10.62 9.59 9.01 8.87 9.07 10.14 9.96 9.50 9.49 9.99 10.24 10.31 10.44 9.28 8.91 10.36 10.27 10.06 9.41 9.64 8.40 8.52 9.10 7.96 7.77 7.86 7.94 8.20 8.30 8.35 8.48 8.59 8.76 8.79
-9999 -9999 -9999 -9999 -9999 -9999 -9999 -9999 -9999 -9999 -9999 -9999 -9999 -9999 14.72 12.91 14.92 17.79 17.88 15.28 14.28 11.83 13.34 19.08 15.11 15.17 14.77 11.90 10.65 11.78 12.57 10.68 10.61 11.60 13.13 12.50 11.78 9.80 11.27 9.58 9.83 11.48 10.22 10.55 10.40 9.46 9.02 9.01 10.08 10.00 9.16 9.47 9.50 9.42 10.31 9.57 10.76 9.97 10.58 9.41 9.64 9.66 8.56 8.23 9.15 8.95 7.82 7.73 8.14 7.98 8.27 8.37 8.54 8.52 8.46 8.49 8.38
-9999 -9999 -9999 -9999 -9999 -9999 -9999 -9999 -9999 -9999 -9999 -9999 -9999 -9999 16.92 14.64 13.81 13.97 15.28 19.15 17.96 16.17 13.92 14.53 16.45 17.57 16.98 11.74 14.39 16.01 10.89 13.88 9.69 11.02 12.69 14.70 10.25 10.67 9.20 8.90 9.71 10.50 13.67 11.30 11.04 10.23 9.69 9.45 9.78 9.50 8.96 9.13 9.05 9.03 8.98 10.38 10.91 10.72 11.10 9.56 8.82 8.75 8.14 8.52 9.09 8.73 8.24 8.69 8.37 8.82 8.43 8.49 8.79 8.83 8.42 8.24 8.09
-9999 -9999 -9999 -9999 -9999 -9999 -9999 -9999 -9999 -9999 -9999 -9999 -9999 -9999 15.08 13.97 10.60 12.28 14.94 19.55 16.27 16.43 13.12 15.58 14.91 12.67 13.31 14.39 14.07 12.30 10.75 11.32 15.05 10.37 9.89 10.18 10.10 11.85 10.18 8.60 9.34 10.26 10.63 10.32 11.38 10.70 9.96 9.91 9.11 8.52 9.19 9.45 9.60 8.84 9.52 10.90 10.88 9.68 9.60 10.35 8.96 9.15 7.76 8.84 8.90 7.99 8.06 8.34 7.65 8.05 8.12 8.35 8.55 8.44 8.23 8.08 7.88
-9999 -9999 -9999 -9999 -9999 -9999 -9999 -9999 -9999 -9999 -9999 -9999 -9999 14.81 15.60 18.01 14.66 11.62 15.69 16.06 17.69 17.39 10.79 11.66 11.19 12.80 14.29 12.27 12.24 14.80 12.89 11.74 11.27 9.88 8.71 9.04 10.32 10.12 9.85 9.57 9.10 8.93 9.83 10.21 9.43 10.04 9.44 10.11 9.08 8.86 8.96 8.56 8.42 8.65 10.08 9.83 9.90 9.02 9.75 9.63 9.06 7.92 8.81 8.77 8.68 8.98 8.58 7.99 7.87 7.77 8.12 8.38 8.34 8.27 8.04 7.81 7.88
-9999 -9999 -9999 -9999 -9999 -9999 -9999 -9999 -9999 -9999 -9999 -9999 15.77 15.50 16.02 13.68 11.50 15.17 18.71 18.17 14.53 16.15 11.31 13.48 12.16 10.95 18.45 12.75 13.94 11.54 11.85 10.25 10.28 10.67 11.82 10.12 12.29 9.89 10.51 8.96 8.68 9.01 9.33 9.60 9.27 9.46 9.72 9.82 8.15 8.87 8.77 9.01 9.12 9.25 9.88 8.84 9.79 9.10 9.19 8.08 7.94 9.26 9.59 8.82 8.92 8.86 7.98 8.60 8.66 8.64 8.71 8.45 8.24 8.05 8.29 8.19 9.01
-9999 -9999 -9999 -9999 -9999 -9999 -9999 -9999 -9999 -9999 16.94 14.82 13.30 11.00 10.77 11.85 12.21 16.20 17.05 17.54 18.29 15.16 12.36 8.22 12.83 11.75 16.50 13.26 12.30 12.44 10.61 10.29 9.55 11.03 13.07 11.72 11.39 8.45 8.96 9.01 8.99 9.91 9.37 9.73 8.87 8.94 9.15 8.38 8.25 8.60 9.74 9.56 10.56 11.02 10.12 9.33 8.65 8.36 9.17 9.55 8.97 9.21 8.07 8.97 9.04 8.32 7.64 7.90 9.10 8.99 9.16 8.25 8.12 8.04 8.34 9.52 10.00
-9999 -9999 -9999 -9999 -9999 -9999 16.22 15.49 14.29 18.39 17.94 17.25 16.58 12.84 12.00 11.52 17.40 14.68 16.30 15.03 13.66 9.21 8.00 6.85 10.22 10.38 18.59 16.32 13.32 10.77 11.51 10.82 13.16 9.78 11.91 11.94 11.00 9.66 8.71 8.50 9.76 9.13 8.26 9.95 8.59 8.40 7.80 8.28 9.18 9.74 8.71 10.06 9.64 9.95 10.86 10.46 9.96 9.53 9.95 9.71 8.98 8.21 9.07 7.81 7.68 7.71 7.65 8.67 8.99 9.13 8.47 7.95 8.30 8.79 10.03 10.08 9.44
-9999 -9999 -9999 -9999 -9999 17.52 14.58 15.56 14.82 13.89 15.76 14.31 14.58 11.56 10.09 14.89 15.15 15.25 9.88 15.66 10.20 6.85 13.58 10.31 7.02 16.61 14.13 12.03 7.12 8.28 9.86 13.97 10.29 9.58 9.54 9.78 11.78 10.69 10.49 8.98 9.25 8.45 8.12 9.32 8.64 7.75 7.79 8.61 9.75 9.29 11.51 9.52 9.24 9.61 10.44 9.56 9.36 8.75 8.73 9.28 8.79 9.16 8.24 7.51 7.62 8.16 7.74 8.14 8.25 7.65 7.66 7.91 8.41 8.95 9.41 10.27 10.07
-9999 -9999 -9999 -9999 16.51 15.58 11.80 11.35 11.72 12.80 12.01 12.87 11.67 12.04 17.53 13.67 10.98 15.32 7.27 10.30 10.14 14.24 13.05 14.05 11.41 11.73 10.06 5.72 12.35 13.08 9.14 9.93 9.38 9.14 9.82 9.23 9.53 11.19 11.52 8.79 8.53 8.30 8.76 8.15 7.41 7.47 10.93 9.07 9.04 9.53 10.47 9.94 9.40 10.00 10.55 10.25 10.61 9.67 8.40 8.16 8.05 8.95 8.40 7.68 8.69 8.58 7.97 8.23 8.07 7.99 8.56 8.89 9.21 9.69 9.61 10.32 9.32
15.37 17.78 14.96 16.76 13.35 12.83 13.52 12.39 11.65 14.29 12.94 13.21 12.71 15.81 14.92 12.15 12.56 11.47 8.38 7.67 12.31 13.05 10.73 10.67 13.64 11.03 6.98 12.68 14.79 12.12 12.71 9.49 10.01 9.33 9.72 12.32 9.50 11.99 9.69 8.61 8.44 8.53 10.48 7.54 7.86 12.62 9.42 9.30 9.31 9.83 10.89 9.39 9.68 9.99 9.48 9.99 9.83 9.03 8.27 8.57 8.06 8.39 8.68 8.54 7.92 7.58 7.71 8.05 8.85 10.89 10.17 11.32 10.72 9.42 10.74 10.20 10.12
15.64 14.28 13.94 17.18 20.80 18.81 17.83 13.87 15.13 17.06 15.35 14.59 16.97 14.10 12.68 15.10 10.44 6.91 7.30 7.11 10.77 10.36 9.42 8.66 9.85 10.12 12.13 22.98 17.05 12.70 10.11 10.84 10.06 12.31 10.01 10.42 8.99 8.97 8.97 9.01 8.48 8.14 8.29 7.89 12.01 12.59 11.65 10.19 9.74 12.69 10.55 9.70 10.06 9.39 10.18 9.93 9.49 8.34 9.43 8.88 8.05 9.96 9.42 7.83 7.48 7.63 7.90 8.96 10.49 11.23 11.05 11.79 11.06 10.46 11.09 10.46 9.46
15.29 12.82 13.64 15.16 15.50 14.37 12.51 14.96 13.21 15.26 11.19 12.56 15.55 13.84 11.00 12.20 7.50 6.66 10.64 11.33 9.36 7.05 9.57 5.86 6.19 7.97 14.77 18.45 18.71 10.29 11.64 11.83 12.00 10.89 8.91 10.18 9.36 9.37 8.68 9.08 7.97 7.70 8.95 8.99 12.28 11.90 11.29 10.03 11.00 12.72 11.64 10.95 10.20 10.25 9.89 9.20 8.67 8.65 9.07 9.41 8.88 8.54 8.27 7.86 9.20 10.20 8.57 9.18 10.49 11.14 10.69 11.52 11.57 11.54 11.33 9.63 9.61
13.35 13.63 12.27 13.01 12.36 12.84 11.57 11.49 12.94 10.69 11.54 9.46 9.05 8.85 8.72 8.59 11.78 10.57 14.99 22.54 11.24 11.36 11.19 16.35 16.11 6.52 6.69 19.81 14.92 12.83 13.72 15.07 11.89 9.11 8.08 10.68 11.17 9.59 8.60 8.06 7.68 7.78 9.46 12.86 13.14 11.24 10.65 10.41 10.13 10.16 11.36 10.37 9.99 9.41 8.73 8.28 8.20 9.42 8.98 8.42 8.40 7.31 7.51 8.76 8.72 9.73 9.07 9.32 9.63 10.19 11.13 11.61 11.73 11.66 11.65 9.60 8.91
15.60 12.42 11.60 12.75 11.14 11.34 10.79 10.68 9.09 8.86 10.03 8.96 10.81 9.20 12.81 9.14 13.62 16.57 16.42 17.78 18.80 15.27 17.60 19.83 12.56 14.67 12.16 5.81 13.55 14.40 10.37 11.00 8.46 10.98 10.58 13.95 12.62 9.53 8.69 8.01 7.83 9.36 13.26 11.40 13.55 11.45 10.96 11.85 10.37 11.90 9.90 10.00 9.24 8.77 8.36 8.56 8.44 8.32 7.72 7.32 6.95 7.26 8.58 9.69 8.99 8.28 9.33 8.74 10.18 9.58 9.87 10.41 10.85 11.21 11.13 10.22 8.81
15.32 13.39 12.01 11.55 13.34 14.34 15.65 13.31 11.11 9.92 8.84 9.58 13.25 9.58 11.97 8.33 11.11 12.09 11.00 9.20 12.71 11.60 15.48 16.25 19.14 16.09 16.16 13.33 18.92 11.71 10.38 9.87 11.14 10.37 13.57 12.50 12.88 8.97 8.68 8.25 13.02 13.71 13.11 13.48 11.08 11.74 11.95 11.53 10.40 10.20 10.00 9.37 8.91 8.78 8.57 9.13 8.88 8.78 7.74 6.74 6.73 7.81 9.88 7.62 8.39 8.72 8.37 8.37 8.78 8.78 9.37 10.22 9.89 10.61 10.43 9.76 9.37
15.46 14.14 12.69 11.97 11.98 13.78 13.32 13.57 12.21 11.11 10.46 9.89 10.27 13.80 9.53 14.84 13.56 13.69 14.96 12.39 9.08 9.29 12.68 12.09 15.33 15.68 12.99 17.29 16.96 9.85 11.51 8.69 9.52 11.97 12.88 11.67 10.64 8.71 8.33 10.76 10.08 12.46 12.13 11.23 11.66 11.23 10.66 10.59 9.54 9.09 9.03 8.89 10.81 8.85 9.72 8.65 8.07 7.00 6.64 6.95 8.06 9.39 8.47 7.84 8.19 8.34 8.29 8.65 9.36 10.28 8.82 9.99 11.09 10.15 9.53 9.70 8.45
15.10 14.06 13.47 13.92 14.61 15.69 -9999 -9999 -9999 -9999 11.88 11.16 12.01 9.22 8.16 10.64 11.43 11.71 11.39 6.81 18.05 18.29 12.24 11.10 11.65 14.33 15.25 16.43 12.38 10.67 9.72 8.57 13.86 11.84 13.79 9.71 9.51 9.11 8.88 11.85 9.79 11.93 11.72 10.61 10.70 10.28 9.78 9.21 8.83 8.73 8.94 8.88 10.33 9.18 9.66 9.55 8.35 7.42 6.95 8.81 8.57 8.70 8.33 8.25 6.72 7.45 7.82 9.36 9.95 9.97 8.56 9.56 10.56 10.27 9.45 10.10 9.27
