ML/MeanWindSpeed_1999-03_Actual.txt
ncols         180
nrows         290
xllcorner     -200000
yllcorner     -200000
cellsize      5000
NODATA_value  -9999
[rows 140 to 174 of 290, columns 78 to 155 of 180]
-9999 -9999 -9999 13.30 -9999 -9999 -9999 11.76 11.96 10.57 10.51 11.41 -9999 -9999 11.83 10.05 12.61 13.76 -9999 -9999 -9999 -9999 -9999 11.02 9.83 7.50 7.70 7.53 8.33 8.17 8.90 8.95 6.75 9.19 12.52 14.13 11.06 12.94 13.77 14.01 11.22 11.58 11.39 9.50 6.67 6.23 6.38 3.62 4.60 7.35 9.56 -9999 -9999 -9999 -9999 -9999 -9999 -9999 -9999 -9999 -9999 -9999 -9999 -9999 -9999 -9999 -9999 -9999 -9999 -9999 -9999 -9999 -9999 -9999 -9999 -9999 -9999 -9999
-9999 -9999 -9999 13.21 13.09 -9999 -9999 -9999 11.81 12.43 12.04 12.38 -9999 -9999 -9999 -9999 12.41 -9999 -9999 -9999 -9999 -9999 -9999 9.78 8.82 7.90 8.64 9.69 9.79 8.96 9.15 8.48 7.50 7.72 11.29 13.16 9.45 14.99 14.36 15.42 11.83 11.65 12.82 9.53 7.21 6.15 4.42 3.19 4.52 7.09 9.46 -9999 -9999 -9999 -9999 -9999 -9999 -9999 -9999 -9999 -9999 -9999 -9999 -9999 -9999 -9999 -9999 -9999 -9999 -9999 -9999 -9999 -9999 -9999 -9999 -9999 -9999 -9999
-9999 -9999 -9999 -9999 14.50 -9999 -9999 -9999 -9999 12.22 13.27 12.96 -9999 -9999 -9999 -9999 -9999 -9999 -9999 -9999 -9999 -9999 10.78 9.56 9.53 9.49 9.67 11.26 11.04 10.20 10.12 9.33 8.90 7.37 8.85 15.46 15.71 15.10 14.63 11.84 10.65 10.77 8.64 6.10 7.85 7.57 4.22 3.70 5.16 7.25 9.75 11.42 -9999 -9999 -9999 -9999 -9999 -9999 -9999 -9999 -9999 -9999 -9999 -9999 -9999 -9999 -9999 -9999 -9999 -9999 -9999 -9999 -9999 -9999 -9999 -9999 -9999 -9999
-9999 -9999 -9999 -9999 15.69 -9999 -9999 -9999 -9999 -9999 -9999 -9999 -9999 -9999 -9999 -9999 -9999 -9999 -9999 -9999 -9999 -9999 10.90 9.06 7.94 7.19 6.64 14.42 11.87 10.58 12.45 9.59 10.61 6.23 6.59 12.90 17.32 13.74 11.88 16.17 17.88 15.80 12.63 10.47 5.77 6.00 5.49 6.41 6.07 7.35 10.09 11.46 11.96 -9999 -9999 -9999 -9999 -9999 -9999 -9999 -9999 -9999 -9999 -9999 -9999 -9999 -9999 -9999 -9999 -9999 -9999 -9999 -9999 -9999 -9999 -9999 -9999 -9999
-9999 -9999 -9999 -9999 -9999 -9999 -9999 -9999 -9999 -9999 -9999 -9999 -9999 -9999 -9999 -9999 -9999 -9999 -9999 -9999 -9999 11.23 10.08 8.39 7.27 10.64 6.01 19.18 18.10 9.98 10.83 9.70 8.81 8.94 6.12 7.71 17.28 16.76 14.49 12.82 11.67 13.85 12.86 11.09 8.47 6.89 6.41 6.15 6.52 8.34 9.08 9.58 10.61 -9999 -9999 -9999 -9999 -9999 -9999 -9999 -9999 -9999 -9999 -9999 -9999 -9999 -9999 -9999 -9999 -9999 -9999 -9999 -9999 -9999 -9999 -9999 -9999 -9999
-9999 -9999 -9999 -9999 -9999 -9999 -9999 -9999 -9999 -9999 -9999 -9999 -9999 -9999 -9999 -9999 -9999 -9999 -9999 -9999 -9999 10.17 10.60 7.52 9.68 17.79 10.05 6.70 12.73 13.56 10.91 10.32 9.43 8.85 7.60 7.84 10.05 18.96 15.97 14.52 12.01 11.57 11.30 9.05 8.39 8.05 8.73 7.19 8.37 8.11 8.61 8.51 9.07 9.99 10.75 10.97 -9999 -9999 -9999 -9999 -9999 -9999 -9999 -9999 -9999 -9999 -9999 -9999 -9999 -9999 -9999 -9999 -9999 -9999 -9999 -9999 -9999 -9999
-9999 -9999 -9999 -9999 -9999 -9999 -9999 -9999 -9999 -9999 -9999 -9999 -9999 -9999 -9999 -9999 -9999 -9999 -9999 -9999 -9999 10.08 9.49 8.87 12.73 8.69 8.65 10.18 14.58 10.96 9.43 13.26 7.73 10.14 8.79 8.81 8.49 11.77 14.14 13.78 12.75 11.87 9.41 9.26 8.44 7.79 7.51 7.88 7.93 8.37 7.87 7.77 8.01 11.30 9.78 10.97 11.86 11.63 -9999 -9999 -9999 -9999 -9999 -9999 -9999 -9999 -9999 -9999 -9999 -9999 -9999 -9999 -9999 -9999 -9999 -9999 -9999 -9999
-9999 -9999 -9999 -9999 -9999 -9999 -9999 -9999 -9999 -9999 -9999 -9999 -9999 -9999 -9999 -9999 -9999 -9999 -9999 -9999 -9999 10.09 9.29 10.10 15.85 17.30 12.81 8.96 10.24 11.13 13.95 8.88 12.55 10.51 9.59 10.31 9.79 7.89 8.76 13.47 12.92 11.83 10.77 9.67 9.05 8.96 8.80 8.25 8.49 8.25 7.66 8.06 8.06 8.95 11.76 11.13 11.18 12.43 12.40 10.62 -9999 -9999 -9999 -9999 -9999 -9999 -9999 -9999 -9999 -9999 -9999 -9999 -9999 -9999 -9999 -9999 -9999 -9999
-9999 -9999 -9999 -9999 -9999 -9999 -9999 -9999 -9999 -9999 -9999 -9999 -9999 -9999 -9999 -9999 -9999 -9999 -9999 -9999 -9999 10.59 8.82 10.80 12.39 7.95 20.91 17.37 9.51 11.88 9.50 13.68 14.44 10.37 8.79 9.80 10.12 7.81 15.81 14.31 13.95 14.55 14.80 13.69 10.05 11.19 9.75 9.25 9.11 8.81 8.52 8.11 7.28 7.94 10.55 9.27 8.72 9.47 11.02 9.52 12.64 -9999 -9999 -9999 -9999 -9999 -9999 -9999 -9999 -9999 -9999 -9999 -9999 -9999 -9999 -9999 -9999 -9999
-9999 -9999 -9999 -9999 -9999 -9999 -9999 -9999 -9999 12.19 12.56 13.24 -9999 -9999 -9999 -9999 -9999 -9999 -9999 -9999 -9999 -9999 9.89 8.34 7.06 9.61 12.04 15.57 8.92 6.11 11.65 11.00 10.07 8.79 10.77 10.94 9.41 10.17 13.07 13.30 17.25 15.93 13.48 12.78 13.39 11.69 10.34 9.86 9.43 9.29 8.43 7.74 12.09 10.75 13.91 14.15 12.67 11.31 8.51 11.72 12.32 11.35 -9999 -9999 -9999 -9999 -9999 -9999 -9999 -9999 -9999 -9999 -9999 -9999 -9999 -9999 -9999 -9999
-9999 -9999 -9999 -9999 -9999 -9999 -9999 -9999 -9999 10.68 10.82 -9999 -9999 -9999 -9999 -9999 -9999 -9999 -9999 -9999 -9999 -9999 -9999 8.29 5.66 10.08 10.79 19.18 10.52 10.71 9.87 7.59 6.76 7.30 7.14 15.80 9.25 10.44 15.77 13.09 10.16 9.57 14.44 10.37 13.51 11.48 10.28 9.71 9.53 8.88 9.10 11.39 12.29 11.15 10.45 9.60 10.62 11.58 11.01 11.44 11.24 13.60 -9999 -9999 -9999 -9999 -9999 -9999 -9999 -9999 -9999 -9999 -9999 -9999 -9999 -9999 -9999 -9999
-9999 -9999 -9999 -9999 -9999 -9999 -9999 -9999 10.35 13.18 12.87 12.35 -9999 -9999 -9999 -9999 -9999 -9999 -9999 -9999 -9999 -9999 -9999 8.78 10.42 11.18 11.79 9.55 11.21 9.15 8.63 7.51 6.85 8.87 7.34 6.01 15.53 11.00 10.17 14.22 12.20 15.37 12.31 12.81 11.30 10.95 10.46 10.34 9.46 8.70 9.67 10.95 9.95 10.74 11.49 10.67 10.94 10.54 10.81 11.15 9.63 12.89 11.90 -9999 -9999 -9999 -9999 -9999 -9999 -9999 -9999 -9999 -9999 -9999 -9999 -9999 -9999 -9999
-9999 -9999 -9999 -9999 -9999 -9999 -9999 9.30 13.52 15.16 18.79 12.34 -9999 -9999 -9999 -9999 -9999 -9999 -9999 -9999 -9999 -9999 -9999 10.17 14.57 11.41 7.19 9.10 8.55 9.37 7.49 6.65 7.65 8.89 6.32 13.07 10.08 13.62 10.55 15.77 9.98 11.63 9.70 12.20 10.62 10.99 11.14 9.87 9.64 8.46 8.17 11.48 11.99 11.47 10.03 9.93 9.32 9.20 9.51 11.29 11.33 10.95 12.04 -9999 -9999 -9999 -9999 -9999 -9999 -9999 -9999 -9999 -9999 -9999 -9999 -9999 -9999 -9999
-9999 -9999 -9999 -9999 -9999 -9999 10.81 9.86 17.12 14.01 13.65 -9999 -9999 -9999 -9999 -9999 -9999 -9999 -9999 -9999 -9999 -9999 -9999 -9999 10.24 8.00 7.43 10.06 7.56 9.95 8.00 7.32 7.06 7.82 6.23 12.92 12.84 14.17 13.61 14.81 14.80 14.86 13.48 12.89 13.08 12.44 10.26 9.82 9.31 8.05 7.74 8.68 13.65 12.29 9.37 8.55 8.41 7.92 7.97 8.08 8.42 8.28 9.52 11.46 12.53 -9999 -9999 -9999 -9999 -9999 -9999 -9999 -9999 -9999 -9999 -9999 -9999 -9999
-9999 -9999 -9999 -9999 -9999 -9999 13.25 14.62 10.65 11.41 12.24 -9999 -9999 -9999 -9999 -9999 -9999 -9999 -9999 -9999 -9999 -9999 -9999 -9999 -9999 8.86 9.40 8.76 7.93 9.41 8.74 8.66 8.01 8.63 6.30 12.90 11.95 11.01 13.75 12.66 11.86 16.59 16.52 12.60 14.35 12.88 12.08 9.81 9.01 8.31 7.93 8.31 9.46 9.91 9.05 8.82 8.49 8.27 7.85 7.76 7.86 8.15 11.43 11.96 11.88 -9999 -9999 -9999 -9999 -9999 -9999 -9999 -9999 -9999 -9999 -9999 -9999 -9999
-9999 -9999 -9999 -9999 -9999 -9999 13.97 12.22 12.79 11.96 -9999 -9999 -9999 -9999 -9999 -9999 -9999 -9999 -9999 -9999 -9999 -9999 -9999 -9999 -9999 10.16 10.13 9.60 -9999 9.77 -9999 9.16 8.02 7.28 6.17 6.53 12.30 11.42 12.11 16.03 8.72 9.98 16.21 14.12 13.37 13.03 11.57 10.05 9.65 9.66 8.98 8.69 8.86 9.74 10.77 9.40 9.80 8.54 7.67 8.78 10.14 9.78 9.24 9.44 11.54 13.76 14.59 -9999 -9999 -9999 -9999 -9999 -9999 -9999 -9999 -9999 -9999 -9999
-9999 -9999 -9999 -9999 -9999 13.78 12.49 12.01 -9999 -9999 -9999 -9999 -9999 -9999 -9999 -9999 -9999 -9999 -9999 -9999 -9999 -9999 -9999 -9999 -9999 11.51 10.50 9.67 -9999 -9999 -9999 9.06 9.59 6.33 7.37 8.86 7.58 7.58 9.76 14.46 14.31 8.84 13.65 15.51 12.43 13.67 12.35 11.06 9.21 9.44 9.12 8.92 8.89 9.09 9.41 9.25 9.48 8.03 8.64 9.92 10.86 11.24 11.08 10.22 10.33 11.82 13.42 -9999 -9999 -9999 -9999 -9999 -9999 -9999 -9999 -9999 -9999 -9999
-9999 -9999 -9999 -9999 -9999 -9999 -9999 -9999 -9999 -9999 -9999 -9999 -9999 -9999 -9999 -9999 -9999 -9999 -9999 -9999 -9999 -9999 -9999 -9999 -9999 -9999 -9999 -9999 -9999 -9999 9.98 8.05 7.75 9.63 10.75 11.48 11.35 9.63 10.23 13.41 13.12 11.03 8.99 12.69 14.20 12.40 11.40 10.50 9.75 9.54 9.68 9.05 8.80 8.83 8.77 8.58 7.95 8.96 11.91 10.26 11.00 10.19 10.29 9.41 10.31 11.62 -9999 -9999 -9999 -9999 -9999 -9999 -9999 -9999 -9999 -9999 -9999 -9999
-9999 -9999 -9999 -9999 -9999 -9999 -9999 -9999 -9999 -9999 -9999 -9999 -9999 -9999 -9999 -9999 -9999 -9999 -9999 -9999 -9999 -9999 -9999 -9999 -9999 -9999 -9999 -9999 -9999 -9999 9.37 7.80 9.15 12.01 14.93 13.50 10.18 11.44 8.69 9.40 8.86 10.77 11.49 12.48 12.84 12.43 11.11 10.60 10.20 9.43 9.59 8.92 8.81 8.83 8.85 8.63 7.94 8.59 12.82 11.94 10.05 9.64 9.41 9.24 10.24 11.89 -9999 -9999 -9999 -9999 -9999 -9999 -9999 -9999 -9999 -9999 -9999 -9999
-9999 -9999 -9999 -9999 -9999 -9999 -9999 -9999 -9999 -9999 -9999 -9999 -9999 -9999 -9999 -9999 -9999 -9999 -9999 -9999 -9999 -9999 -9999 -9999 -9999 -9999 -9999 -9999 -9999 -9999 8.60 7.18 7.65 10.86 12.20 11.66 10.64 10.23 9.33 10.00 8.82 8.79 9.71 8.19 12.69 11.15 12.21 10.82 10.48 9.19 8.92 8.98 8.88 8.92 8.83 8.73 8.38 8.21 10.46 11.36 10.34 9.58 9.49 9.27 10.08 11.50 -9999 -9999 -9999 -9999 -9999 -9999 -9999 -9999 -9999 -9999 -9999 -9999
-9999 -9999 -9999 -9999 -9999 -9999 -9999 -9999 -9999 -9999 -9999 -9999 -9999 -9999 -9999 -9999 -9999 -9999 -9999 -9999 -9999 -9999 -9999 -9999 -9999 -9999 -9999 -9999 11.42 9.75 7.92 6.98 9.85 11.83 14.88 11.27 12.91 7.86 9.14 9.12 10.34 11.03 10.71 12.73 9.08 9.42 9.47 9.43 8.97 9.85 8.89 8.84 9.17 8.86 8.83 8.89 8.58 8.47 8.83 10.77 10.22 9.48 9.32 9.28 9.64 10.79 12.21 -9999 -9999 -9999 -9999 -9999 -9999 -9999 -9999 -9999 -9999 -9999
-9999 -9999 -9999 -9999 -9999 -9999 -9999 -9999 -9999 -9999 -9999 -9999 -9999 -9999 -9999 -9999 -9999 -9999 -9999 -9999 -9999 -9999 -9999 -9999 -9999 -9999 -9999 -9999 10.68 8.89 7.82 7.30 7.90 11.14 8.84 8.72 7.06 8.79 12.10 9.63 11.30 10.70 12.01 8.41 12.49 10.18 11.42 10.99 10.99 9.71 9.28 8.93 8.78 8.77 8.86 8.83 8.76 8.53 8.48 9.20 10.51 9.85 9.29 9.33 9.27 10.00 11.55 -9999 -9999 -9999 -9999 -9999 -9999 -9999 -9999 -9999 -9999 -9999
-9999 -9999 -9999 -9999 -9999 -9999 -9999 -9999 -9999 -9999 -9999 -9999 -9999 -9999 -9999 -9999 -9999 -9999 -9999 -9999 -9999 -9999 -9999 -9999 -9999 -9999 -9999 -9999 10.69 8.77 8.11 7.72 8.06 8.75 9.07 8.12 7.19 8.83 9.35 8.76 10.66 13.13 10.57 10.04 8.63 10.54 8.76 9.45 10.15 10.49 9.55 9.25 8.76 8.73 8.86 8.86 8.80 8.67 8.51 8.86 10.17 10.91 9.73 9.23 9.17 9.38 10.46 11.93 -9999 -9999 -9999 -9999 -9999 -9999 -9999 -9999 -9999 -9999
-9999 -9999 -9999 -9999 -9999 -9999 -9999 -9999 -9999 -9999 -9999 -9999 -9999 -9999 -9999 -9999 -9999 -9999 -9999 -9999 -9999 -9999 -9999 -9999 -9999 -9999 -9999 -9999 10.37 8.90 8.44 8.39 8.18 8.06 7.80 8.53 9.66 7.32 7.47 8.65 13.34 13.30 14.27 12.66 10.47 10.13 10.63 9.15 8.55 9.73 10.19 9.16 8.74 8.78 8.69 8.79 8.85 8.90 8.74 8.82 10.53 11.75 10.48 9.88 9.70 9.30 9.55 10.92 12.30 -9999 -9999 -9999 -9999 -9999 -9999 -9999 -9999 -9999
-9999 -9999 -9999 -9999 -9999 -9999 -9999 -9999 -9999 -9999 -9999 -9999 -9999 -9999 -9999 -9999 -9999 -9999 -9999 -9999 -9999 -9999 -9999 -9999 -9999 -9999 -9999 -9999 10.35 8.69 8.28 8.08 7.77 7.31 7.95 7.56 8.75 9.37 11.29 12.77 13.72 10.97 12.77 11.21 10.99 9.44 10.76 10.09 9.27 8.66 8.56 8.81 8.64 8.72 8.77 8.88 8.92 9.10 9.20 9.30 9.77 10.88 10.58 10.08 10.04 9.94 9.67 9.84 11.36 -9999 -9999 -9999 -9999 -9999 -9999 -9999 -9999 -9999
-9999 -9999 -9999 -9999 -9999 -9999 -9999 -9999 -9999 -9999 -9999 -9999 -9999 -9999 -9999 -9999 -9999 -9999 -9999 -9999 -9999 -9999 -9999 -9999 -9999 -9999 -9999 -9999 -9999 8.71 8.32 7.92 7.29 7.75 9.68 9.74 10.54 9.40 9.16 11.37 11.16 12.62 11.73 9.64 8.10 8.72 8.61 9.91 9.04 8.76 9.36 9.09 8.50 8.75 8.67 8.80 8.80 8.97 9.25 9.51 9.78 9.72 9.98 10.16 10.34 -9999 10.22 10.56 11.45 13.07 -9999 -9999 -9999 -9999 -9999 -9999 -9999 -9999
-9999 -9999 -9999 -9999 -9999 -9999 -9999 -9999 -9999 -9999 -9999 -9999 -9999 -9999 -9999 -9999 -9999 -9999 -9999 -9999 -9999 -9999 -9999 -9999 -9999 -9999 -9999 -9999 10.11 8.62 8.18 7.47 6.96 7.18 11.24 11.84 9.82 12.61 12.10 10.24 9.96 14.11 12.14 12.44 9.74 7.90 9.90 8.55 7.99 8.77 8.94 8.54 8.70 8.44 8.46 8.55 8.74 8.70 8.83 10.38 9.72 9.17 10.52 9.82 9.96 10.06 -9999 11.20 12.00 13.29 14.29 -9999 -9999 -9999 -9999 -9999 -9999 -9999
-9999 -9999 -9999 -9999 -9999 -9999 -9999 -9999 -9999 -9999 -9999 -9999 -9999 -9999 -9999 -9999 -9999 -9999 -9999 -9999 -9999 -9999 -9999 -9999 -9999 -9999 -9999 -9999 9.85 8.38 8.00 7.44 8.87 7.90 9.05 12.05 8.88 9.26 9.65 7.81 7.84 11.74 11.20 11.20 8.13 10.05 10.97 8.68 9.70 8.89 9.42 9.12 8.68 8.25 8.25 8.33 8.40 8.34 8.32 8.60 9.13 8.30 8.65 9.38 8.92 9.76 10.31 -9999 -9999 -9999 -9999 -9999 -9999 -9999 -9999 -9999 -9999 -9999
-9999 -9999 -9999 -9999 -9999 -9999 -9999 -9999 -9999 -9999 -9999 -9999 -9999 -9999 -9999 -9999 -9999 -9999 -9999 -9999 -9999 -9999 -9999 -9999 -9999 -9999 -9999 11.53 9.24 8.17 8.84 8.36 8.44 8.01 8.99 9.17 8.55 8.27 7.84 7.63 8.04 10.83 13.38 13.58 9.35 11.89 11.28 8.86 9.16 8.22 8.84 9.08 8.46 8.03 8.30 8.29 8.25 8.37 8.20 8.39 8.55 8.43 8.29 9.74 9.19 9.17 9.51 10.74 12.03 -9999 -9999 -9999 -9999 -9999 -9999 -9999 -9999 -9999
-9999 -9999 -9999 -9999 -9999 -9999 -9999 -9999 -9999 -9999 -9999 -9999 -9999 -9999 -9999 -9999 -9999 -9999 -9999 -9999 -9999 -9999 -9999 -9999 -9999 -9999 -9999 -9999 9.47 8.26 8.18 8.51 10.28 8.11 7.79 7.67 8.03 8.28 7.72 7.44 7.33 7.67 11.65 13.06 14.15 11.52 11.85 10.74 9.62 9.92 7.84 7.95 8.85 8.05 8.12 8.07 8.08 8.31 8.17 8.23 8.56 8.25 7.88 8.08 10.44 9.36 9.02 9.45 10.40 11.64 12.98 -9999 -9999 -9999 -9999 -9999 -9999 -9999
-9999 -9999 -9999 -9999 -9999 -9999 -9999 -9999 -9999 -9999 -9999 -9999 -9999 -9999 -9999 -9999 -9999 -9999 -9999 -9999 -9999 -9999 -9999 -9999 -9999 -9999 -9999 -9999 9.49 8.72 8.21 8.30 8.44 8.39 7.92 7.31 7.38 7.02 6.81 6.88 7.02 7.87 7.55 12.46 15.14 15.66 13.17 11.48 10.60 9.12 9.25 8.25 9.30 8.22 8.23 8.05 8.05 8.12 8.12 8.42 8.45 8.19 7.73 8.23 10.29 9.72 9.92 8.85 9.06 10.12 11.57 -9999 -9999 -9999 -9999 -9999 -9999 -9999
-9999 -9999 -9999 -9999 -9999 -9999 -9999 -9999 14.94 14.04 14.48 15.63 -9999 -9999 -9999 -9999 -9999 -9999 -9999 -9999 -9999 -9999 -9999 -9999 -9999 -9999 -9999 10.18 8.98 9.25 8.53 9.27 8.64 7.86 7.50 7.36 7.07 7.03 6.84 6.83 6.78 6.83 10.10 12.99 13.32 11.18 14.16 12.96 9.58 9.46 7.49 10.11 9.95 8.46 8.34 8.11 8.04 8.07 8.08 8.25 8.59 8.36 7.73 7.85 8.41 10.27 10.09 10.51 8.82 8.80 10.24 11.90 -9999 -9999 -9999 -9999 -9999 -9999
-9999 -9999 -9999 -9999 -9999 -9999 -9999 -9999 14.19 13.24 13.07 13.66 -9999 -9999 -9999 -9999 -9999 -9999 -9999 -9999 -9999 -9999 -9999 -9999 -9999 -9999 10.36 9.88 8.99 9.24 10.15 8.79 8.57 7.48 7.25 7.29 7.02 7.18 7.27 6.56 6.17 6.31 8.33 14.54 14.88 10.97 12.59 11.89 11.39 8.46 7.52 9.19 9.66 8.76 7.90 7.83 7.98 8.38 8.20 8.11 8.25 8.61 8.02 8.01 8.14 9.95 10.03 9.96 8.95 8.80 9.33 11.05 -9999 -9999 -9999 -9999 -9999 -9999
-9999 -9999 -9999 -9999 -9999 -9999 17.39 14.11 12.39 12.60 12.32 13.36 13.07 14.27 15.06 -9999 -9999 14.66 12.66 -9999 -9999 -9999 10.86 12.00 11.11 -9999 8.44 10.10 9.26 8.85 9.29 8.63 8.67 8.37 8.68 8.03 7.90 6.99 7.34 6.66 6.64 10.07 7.60 10.16 13.15 8.32 10.09 14.80 9.25 10.83 8.53 9.02 9.10 8.49 8.18 8.11 8.08 8.34 7.92 8.07 7.96 8.69 7.97 7.92 8.17 8.74 9.51 10.48 10.01 8.88 8.76 10.19 12.03 -9999 -9999 -9999 -9999 -9999
-9999 -9999 -9999 -9999 -9999 -9999 -9999 14.58 12.95 12.19 11.71 11.96 13.13 14.67 12.27 -9999 11.38 12.33 12.98 11.41 12.17 9.02 8.25 12.36 12.08 10.37 -9999 7.92 9.46 9.34 8.62 8.48 9.00 8.09 7.71 7.50 7.26 7.38 7.03 7.32 7.05 10.38 11.05 10.95 11.68 10.93 12.83 12.93 10.99 8.68 8.04 9.66 9.54 8.11 8.58 8.10 8.51 8.55 8.00 7.97 7.85 8.70 8.07 8.03 8.23 8.24 9.09 9.87 10.58 9.68 8.90 9.53 11.27 -9999 -9999 -9999 -9999 -9999
