ML/MeanWindSpeed_1993-07_Actual.txt
ncols         180
nrows         290
xllcorner     -200000
yllcorner     -200000
cellsize      5000
NODATA_value  -9999
[rows 175 to 209 of 290, columns 79 to 157 of 180]
-9999 -9999 -9999 -9999 -9999 -9999 -9999 11.52 10.78 10.01 9.30 8.82 7.23 6.39 10.96 15.83 7.82 10.19 10.25 9.62 8.20 6.13 6.03 7.93 9.88 8.46 6.85 7.16 7.94 7.52 7.71 8.68 7.98 7.53 7.17 7.28 7.33 7.12 7.15 7.07 10.66 11.34 9.52 9.76 8.54 8.04 9.08 9.36 7.93 7.71 8.52 7.93 7.60 8.12 7.82 8.51 8.04 8.01 7.89 7.82 8.64 7.77 7.61 7.64 7.43 7.69 8.03 8.13 8.40 8.71 7.77 8.93 10.36 -9999 -9999 -9999 -9999 -9999 -9999
-9999 -9999 -9999 -9999 -9999 -9999 -9999 -9999 12.10 10.11 8.67 7.06 6.24 7.90 18.04 12.33 5.96 10.25 7.30 9.88 9.65 6.90 5.08 9.78 8.57 9.35 8.22 7.03 7.17 7.33 6.90 7.68 8.10 7.85 7.55 7.22 7.33 7.07 6.84 8.07 8.70 11.52 9.84 10.37 9.75 6.80 8.50 10.04 7.92 7.92 8.27 7.65 7.64 7.80 7.73 8.46 7.85 7.70 7.72 7.23 7.57 7.55 7.42 7.50 7.50 7.57 7.89 8.75 8.03 7.55 7.62 8.60 10.10 -9999 -9999 -9999 -9999 -9999 -9999
-9999 -9999 -9999 -9999 -9999 -9999 -9999 -9999 -9999 10.14 8.01 7.51 8.45 15.81 16.98 11.43 8.74 8.30 8.92 10.13 10.39 10.20 7.00 6.13 10.41 8.78 8.29 7.79 7.06 7.04 7.17 7.24 7.71 7.53 7.27 7.39 7.36 7.18 7.23 7.83 9.01 9.73 8.33 8.69 10.05 8.69 6.62 9.78 7.97 7.84 8.08 7.45 7.54 7.50 7.92 8.36 7.87 7.69 7.58 7.07 8.02 7.63 7.57 7.67 7.68 7.88 7.70 7.65 7.41 7.28 7.57 8.81 10.19 -9999 -9999 -9999 -9999 -9999 -9999
-9999 -9999 -9999 -9999 -9999 -9999 -9999 -9999 -9999 9.56 8.24 9.54 10.64 11.79 13.60 8.08 6.44 8.10 9.98 10.34 11.03 9.92 7.64 5.57 10.43 10.43 8.75 8.30 7.08 6.90 7.23 7.92 7.70 7.61 7.50 7.17 7.02 7.31 8.63 8.42 6.84 10.12 8.39 8.88 10.28 10.25 8.30 7.48 7.30 6.50 7.47 7.99 7.34 7.31 7.23 7.71 7.64 7.91 7.71 7.51 7.86 8.38 8.21 8.22 8.01 7.90 7.60 7.27 7.21 7.51 8.26 9.44 -9999 -9999 -9999 -9999 -9999 -9999 -9999
-9999 -9999 -9999 -9999 -9999 -9999 -9999 -9999 -9999 8.78 8.50 9.09 8.33 11.49 9.83 7.27 8.54 7.06 7.99 10.24 9.31 11.36 9.50 6.49 9.63 10.65 10.33 8.13 7.53 6.85 7.56 8.45 8.25 7.73 7.36 7.11 7.32 8.34 8.45 7.21 7.00 8.95 8.76 8.61 8.55 8.14 8.07 8.44 6.16 6.89 7.03 6.87 7.24 6.99 7.70 7.20 7.57 7.89 7.92 8.23 9.71 9.08 8.66 8.38 8.22 7.96 7.65 7.36 7.36 8.12 9.19 -9999 -9999 -9999 -9999 -9999 -9999 -9999 -9999
-9999 -9999 -9999 -9999 -9999 -9999 -9999 -9999 9.74 15.05 9.34 9.69 10.39 6.51 13.92 12.03 11.13 9.58 11.12 8.88 9.49 8.61 7.57 8.78 11.42 10.27 10.01 8.03 7.35 6.87 8.06 8.24 7.98 7.76 7.25 7.22 8.22 7.90 7.36 8.10 8.79 6.93 10.11 9.49 7.28 7.77 7.33 6.82 6.77 6.23 6.18 6.36 7.17 6.92 6.65 7.88 7.53 7.82 8.16 8.65 9.80 9.11 8.72 8.55 8.19 7.93 7.52 7.27 7.83 8.79 -9999 -9999 -9999 -9999 -9999 -9999 -9999 10.48 -9999
-9999 -9999 -9999 -9999 -9999 -9999 10.43 9.96 12.51 10.90 8.83 8.81 9.45 6.26 7.30 8.83 11.56 11.02 11.90 10.61 10.67 6.58 8.69 8.86 6.94 7.38 7.33 8.26 7.78 7.41 8.14 8.35 8.33 7.77 7.69 8.46 7.82 8.06 7.32 8.36 8.79 8.30 7.43 6.87 8.09 7.62 7.19 7.17 7.07 6.87 5.91 6.61 6.58 6.19 6.53 7.08 7.47 7.87 7.99 8.57 9.60 9.00 8.52 8.42 8.02 7.71 7.32 7.38 8.13 -9999 -9999 -9999 -9999 -9999 10.18 10.06 9.79 9.24 9.19
-9999 -9999 -9999 -9999 -9999 10.58 10.31 10.13 10.06 9.65 9.24 8.26 6.97 6.01 7.02 8.30 9.85 15.05 9.16 7.68 7.55 5.59 10.53 11.53 10.88 8.35 7.72 8.51 8.51 8.31 8.55 8.95 8.55 8.23 8.05 8.38 8.47 7.33 7.32 8.43 8.39 7.97 7.45 7.55 7.85 6.94 7.27 6.56 6.53 6.93 6.47 6.11 5.84 6.15 6.97 6.96 7.24 7.58 7.87 8.25 9.52 9.06 8.40 8.07 7.76 7.49 7.18 7.27 7.88 -9999 -9999 -9999 -9999 -9999 9.27 8.89 8.76 8.36 8.22
-9999 -9999 -9999 -9999 10.94 11.48 10.79 10.48 -9999 -9999 -9999 -9999 7.70 11.68 9.91 9.39 10.71 9.16 7.64 9.85 9.31 8.42 15.22 13.20 11.13 11.52 9.38 8.16 8.71 8.88 8.57 8.64 8.52 8.23 8.41 7.78 8.58 7.51 7.40 7.63 7.93 8.05 7.85 7.11 7.15 7.03 6.90 6.63 6.36 6.11 6.05 6.00 6.24 6.77 6.84 6.81 7.40 7.87 8.01 8.03 8.73 8.66 8.51 7.80 7.57 7.31 7.01 6.94 7.44 8.49 -9999 -9999 -9999 -9999 8.57 8.15 8.05 8.03 7.96
-9999 -9999 -9999 -9999 11.96 13.01 10.55 10.88 -9999 -9999 -9999 -9999 8.27 10.21 11.29 7.34 10.36 9.70 9.45 11.88 12.99 10.52 13.14 8.07 9.15 9.33 8.84 8.22 8.39 8.75 8.67 8.84 9.18 8.39 8.64 8.09 7.97 8.28 7.48 7.53 7.00 7.63 8.32 8.52 8.36 7.20 6.69 6.57 6.46 6.69 6.26 6.44 6.84 7.07 7.61 7.13 8.47 8.42 8.51 7.81 8.12 8.18 8.13 7.55 7.50 7.28 6.95 6.77 6.82 7.49 8.15 -9999 -9999 8.84 8.56 8.22 8.33 8.04 7.78
-9999 -9999 -9999 -9999 -9999 -9999 -9999 -9999 -9999 -9999 -9999 -9999 8.86 11.45 9.75 7.16 8.46 7.24 12.71 12.06 8.31 10.68 10.12 9.07 9.74 8.31 7.99 7.78 8.69 8.64 8.94 8.76 8.41 8.36 8.19 7.80 7.81 8.16 7.59 7.28 7.37 7.60 7.40 8.00 8.16 6.77 7.64 8.28 7.37 7.29 7.00 6.32 6.98 7.64 8.33 8.10 7.60 7.84 8.30 7.88 8.15 8.01 7.98 7.42 7.46 7.33 7.10 6.84 6.57 6.72 7.21 7.93 8.38 8.31 8.39 7.76 8.39 8.40 8.36
-9999 -9999 -9999 -9999 -9999 -9999 -9999 -9999 -9999 -9999 -9999 -9999 -9999 11.36 5.13 5.62 8.13 11.46 10.78 11.86 11.08 8.10 9.19 10.35 7.93 7.70 7.28 7.61 7.94 8.47 8.64 8.66 8.41 8.18 7.97 7.98 7.69 8.01 7.76 7.34 8.83 8.24 7.23 7.12 7.15 7.27 7.17 7.89 8.01 7.55 8.33 7.03 6.81 7.28 6.98 7.21 7.23 7.12 8.04 8.04 7.87 7.67 7.98 7.49 7.51 7.39 7.17 6.99 6.87 6.86 6.91 7.34 7.76 7.95 7.90 7.87 8.57 8.51 8.25
-9999 -9999 -9999 -9999 -9999 -9999 -9999 -9999 -9999 -9999 -9999 -9999 -9999 8.19 11.20 12.10 10.27 8.77 8.14 10.07 8.47 8.77 7.83 7.62 9.31 7.50 7.35 8.84 8.51 8.47 8.36 7.97 7.99 8.42 8.18 8.83 8.52 8.09 7.64 7.23 8.62 9.19 8.09 7.25 6.95 7.24 7.23 7.10 7.36 7.93 9.58 8.52 7.05 6.64 6.88 7.62 8.33 8.28 7.84 8.21 8.01 7.92 7.80 7.64 7.61 7.48 7.39 7.24 7.16 7.16 7.26 7.47 7.75 8.04 8.04 7.85 8.37 8.37 8.82
-9999 -9999 -9999 -9999 -9999 -9999 -9999 -9999 -9999 -9999 -9999 -9999 10.43 9.81 7.71 13.57 9.04 7.36 9.37 9.11 8.20 10.63 8.16 7.90 9.86 7.12 11.72 9.33 7.98 8.23 9.22 8.10 7.86 9.98 9.67 8.84 7.76 7.95 7.77 7.43 7.82 8.23 8.09 7.55 7.31 7.19 7.16 7.36 7.18 8.05 7.96 7.63 7.27 6.92 7.35 8.01 8.69 8.61 7.74 7.88 8.10 8.12 7.93 7.76 7.67 7.61 7.54 7.44 7.35 7.37 7.47 7.53 7.74 8.27 8.27 8.02 8.16 8.42 8.02
-9999 -9999 -9999 -9999 -9999 -9999 -9999 -9999 -9999 -9999 -9999 -9999 9.34 9.53 13.09 8.16 4.98 6.94 7.32 8.55 10.78 10.87 8.81 8.47 8.49 7.18 7.70 8.36 9.55 9.53 8.18 8.27 8.16 8.40 8.77 7.70 7.45 7.92 7.80 8.07 8.18 7.76 8.00 7.83 7.51 7.29 7.12 7.15 7.17 7.69 7.84 7.55 6.94 7.18 7.98 8.77 8.19 8.64 8.57 8.17 7.96 8.58 7.99 8.10 7.80 7.73 7.57 7.52 7.49 7.46 7.50 7.60 7.73 8.45 8.32 7.98 8.01 8.37 8.22
-9999 -9999 -9999 -9999 -9999 -9999 -9999 -9999 -9999 -9999 -9999 -9999 10.04 11.32 5.88 7.12 6.55 7.75 7.80 11.37 10.08 11.42 9.25 8.44 6.96 6.20 6.68 9.23 10.93 11.87 8.23 9.49 8.52 8.49 8.23 7.04 7.28 7.52 7.74 8.08 7.60 7.65 8.64 8.11 7.42 7.35 8.13 7.03 7.34 7.54 7.39 7.08 6.97 7.41 7.70 7.91 7.94 7.99 7.59 7.67 8.20 8.42 7.69 7.66 7.77 7.69 7.62 7.50 7.39 7.45 7.49 7.59 7.72 7.97 7.89 8.03 7.88 8.16 8.11
-9999 -9999 -9999 -9999 -9999 -9999 -9999 -9999 -9999 -9999 -9999 -9999 -9999 7.26 8.01 9.70 11.51 12.07 10.06 10.22 8.64 6.51 6.69 6.24 7.05 7.18 6.32 7.38 7.79 10.41 8.88 8.03 7.89 8.90 8.57 7.05 7.80 7.08 7.25 9.00 7.65 7.51 7.48 7.66 7.13 7.11 8.32 7.85 7.32 7.66 7.34 7.17 7.43 7.93 7.49 7.34 7.08 7.70 7.23 8.22 8.32 7.64 7.53 7.96 7.83 7.54 7.47 7.37 7.36 7.42 7.48 7.57 7.63 7.67 7.73 7.92 7.87 7.82 7.96
-9999 -9999 -9999 -9999 -9999 -9999 -9999 -9999 -9999 -9999 -9999 -9999 -9999 8.44 9.27 10.02 11.36 13.16 11.82 9.21 7.18 6.09 7.50 9.11 10.48 11.65 8.79 6.56 6.92 7.99 7.84 6.55 9.08 8.51 8.52 7.61 8.24 7.32 7.06 7.62 8.70 8.32 7.75 7.42 7.14 7.14 7.89 7.77 7.49 7.47 7.77 7.93 8.04 8.27 7.58 7.28 8.19 8.23 8.24 8.08 8.27 7.61 7.90 8.27 7.51 7.36 7.34 7.30 7.36 7.38 7.42 7.49 7.55 7.62 7.60 7.53 7.40 7.32 7.54
-9999 -9999 -9999 -9999 -9999 -9999 -9999 -9999 -9999 -9999 -9999 -9999 9.31 7.80 8.30 9.65 10.42 9.64 9.45 7.89 8.88 12.49 10.14 10.12 9.83 7.92 6.98 7.36 7.51 6.29 6.07 6.86 8.49 8.53 8.28 7.44 8.29 7.02 7.04 8.15 7.74 8.13 8.19 7.74 7.47 7.32 7.85 7.77 7.29 7.46 7.47 7.40 7.95 7.61 8.34 7.90 8.40 7.83 8.03 8.11 7.51 7.45 8.12 8.00 7.29 7.25 7.46 7.29 7.40 7.43 7.53 7.53 7.50 7.51 7.39 7.61 7.82 7.82 7.27
-9999 -9999 -9999 -9999 -9999 -9999 -9999 -9999 -9999 -9999 -9999 -9999 10.91 9.08 7.77 7.29 8.54 11.44 11.24 10.29 9.08 9.39 10.25 10.88 10.52 7.11 8.50 9.34 6.18 7.93 5.27 6.21 7.72 9.31 7.26 7.93 6.96 6.49 6.89 7.43 9.50 8.32 8.40 8.07 7.80 7.68 7.71 7.51 7.20 7.27 7.18 7.12 7.06 7.95 8.32 8.30 8.69 7.87 7.49 7.50 7.22 7.58 7.94 7.69 7.43 7.74 7.56 7.77 7.49 7.51 7.69 7.72 7.50 7.40 7.27 7.26 7.86 7.87 7.89
-9999 -9999 -9999 -9999 -9999 -9999 -9999 -9999 -9999 -9999 -9999 -9999 9.73 8.60 5.84 6.54 8.43 11.64 10.41 10.75 8.74 9.78 9.05 7.70 8.08 8.26 7.78 6.55 5.54 6.06 8.36 6.02 6.15 6.65 7.23 8.57 7.51 6.46 6.78 7.30 7.57 7.59 8.41 8.11 7.86 7.90 7.29 6.94 7.38 7.50 7.51 7.04 7.46 8.31 8.26 7.59 7.69 8.28 7.53 7.74 7.03 7.75 7.81 7.26 7.31 7.53 7.17 7.40 7.40 7.46 7.55 7.47 7.40 7.39 7.30 7.55 7.16 7.42 7.64
-9999 -9999 -9999 -9999 -9999 -9999 -9999 -9999 -9999 -9999 -9999 9.31 9.77 10.88 8.43 6.52 9.15 9.89 11.63 11.60 7.59 7.67 6.89 7.69 8.51 6.82 6.37 7.65 6.54 6.04 6.03 5.82 5.57 6.09 7.28 7.43 7.33 7.20 6.83 6.59 7.11 7.50 7.14 7.58 7.42 7.88 7.25 7.23 7.33 6.99 6.88 7.09 7.93 7.75 7.70 7.22 7.81 7.90 7.63 7.00 7.61 7.66 7.69 7.85 7.58 7.30 7.27 7.23 7.40 7.48 7.41 7.36 7.27 7.23 7.32 7.55 7.46 7.50 7.72
-9999 -9999 -9999 -9999 -9999 -9999 -9999 -9999 -9999 -9999 10.19 9.91 10.00 8.20 6.68 8.81 10.90 11.17 9.74 11.09 8.16 8.96 7.57 6.90 11.22 7.24 7.38 5.68 6.02 5.07 5.17 6.22 7.54 7.01 8.62 7.33 7.78 6.91 6.71 6.79 6.95 7.26 7.04 7.18 7.49 7.61 6.70 7.20 7.15 7.19 7.26 7.47 7.87 7.26 7.81 7.48 7.60 6.97 6.91 7.79 8.02 7.62 7.77 7.70 7.16 7.57 7.66 7.68 7.68 7.48 7.30 7.15 7.33 7.33 7.82 7.99 8.10 8.08 7.55
-9999 -9999 -9999 -9999 -9999 -9999 -9999 -9999 10.89 9.80 8.89 7.37 6.74 6.90 7.24 9.73 10.39 11.39 12.55 11.15 9.50 6.52 8.53 7.67 9.94 7.34 6.42 6.31 5.28 5.15 4.96 6.85 8.66 8.22 8.24 6.67 6.98 6.98 6.99 7.45 7.12 7.40 6.89 7.01 7.24 6.74 6.71 7.01 7.65 7.45 8.02 8.42 7.96 7.55 7.17 7.02 7.52 7.80 7.57 7.83 7.12 7.67 7.81 7.37 6.91 7.07 7.82 7.79 7.85 7.29 7.13 7.01 7.22 7.98 8.24 8.02 8.61 8.40 8.14
-9999 -9999 -9999 -9999 10.48 9.69 8.70 11.07 10.97 10.88 10.65 8.34 7.48 7.00 10.82 9.41 10.69 10.82 10.53 8.29 7.55 6.31 7.38 6.84 11.05 9.47 7.63 5.77 6.06 5.89 8.07 6.70 8.10 8.33 7.91 7.44 6.95 6.73 7.49 7.12 6.71 7.62 6.87 6.91 6.58 6.77 7.23 7.67 7.07 7.70 7.37 7.63 8.28 8.18 7.94 7.69 8.00 7.93 7.60 7.27 7.80 7.08 7.07 7.03 6.90 7.49 7.71 7.82 7.40 7.07 7.17 7.36 8.15 8.20 7.82 8.34 7.73 8.01 8.29
-9999 -9999 -9999 11.31 9.49 9.82 9.14 8.54 9.68 9.04 9.35 7.74 6.68 9.43 9.86 9.97 7.27 11.32 8.41 6.72 10.86 8.66 5.97 10.95 8.98 7.99 4.92 4.95 5.80 8.71 7.18 6.96 6.81 6.98 8.27 8.07 8.01 7.06 7.22 6.80 6.75 7.36 7.04 6.75 6.71 6.99 7.50 7.31 8.67 7.32 7.02 7.32 7.95 7.57 7.53 7.23 7.32 7.64 7.41 7.86 7.41 6.98 7.02 7.30 7.02 7.26 7.33 7.00 6.98 7.05 7.19 7.39 7.72 8.24 8.16 8.19 7.87 7.81 7.90
-9999 -9999 11.11 10.54 8.09 7.64 7.69 8.26 7.62 7.98 7.38 8.00 11.38 9.09 7.76 10.33 6.08 8.17 8.21 10.92 10.52 11.06 9.05 8.39 6.93 4.82 8.59 8.52 6.07 6.80 6.88 6.82 7.14 6.69 6.88 8.23 8.53 6.88 6.64 6.68 7.09 6.63 6.34 6.68 8.61 7.17 7.02 7.47 8.03 7.50 7.08 7.50 7.89 7.84 8.22 7.75 7.12 7.00 7.00 7.73 7.46 7.04 7.67 7.60 7.16 7.24 7.14 7.04 7.33 7.48 7.52 7.71 7.72 8.20 7.70 7.59 7.84 7.57 7.70
9.76 10.94 8.89 8.50 8.84 7.96 7.51 9.03 8.00 7.96 8.09 10.39 9.91 8.44 9.06 8.51 6.99 6.90 9.82 10.30 8.91 9.02 10.32 7.52 4.81 9.01 10.32 8.39 8.50 6.75 7.27 6.87 7.16 8.64 7.03 8.62 7.33 6.73 6.52 6.76 8.01 6.19 6.52 9.55 7.51 7.13 7.13 7.62 8.21 7.19 7.30 7.50 7.25 7.68 7.69 7.31 7.02 7.26 6.99 7.24 7.50 7.57 7.27 7.03 6.90 6.91 7.33 8.48 8.02 8.69 8.21 7.40 8.26 8.05 8.16 7.94 7.80 7.94 7.71
8.52 10.56 12.74 11.49 11.00 8.60 9.39 10.65 9.57 9.12 10.74 9.20 8.55 10.44 8.04 6.13 6.97 7.26 9.41 9.14 8.63 8.17 7.77 6.40 7.72 14.78 11.40 8.68 7.08 7.69 7.39 8.71 7.44 7.81 7.08 6.92 6.87 7.03 6.60 6.38 6.39 6.17 8.82 9.17 8.37 7.35 7.12 9.03 7.82 7.33 7.52 7.12 7.64 7.57 7.34 6.81 7.66 7.36 6.88 8.05 7.86 7.08 6.90 6.88 6.86 7.32 8.13 8.48 8.34 8.70 8.14 7.82 8.35 8.21 7.77 8.06 7.98 8.18 8.16
8.27 9.17 9.49 8.96 7.85 9.38 8.50 9.88 7.44 8.38 10.17 9.29 7.98 8.89 6.16 5.85 8.98 9.62 8.40 7.17 8.79 6.43 5.65 5.67 9.50 11.57 11.79 7.02 7.92 8.28 8.60 7.97 6.85 7.90 7.48 7.19 6.74 7.06 6.16 5.91 6.65 6.73 8.68 8.32 7.81 7.06 7.73 8.84 8.33 8.00 7.60 7.65 7.46 7.18 6.90 6.97 7.35 7.61 7.32 7.15 7.07 6.88 7.70 8.22 7.13 7.40 8.02 8.23 7.89 8.30 8.26 8.30 8.29 7.78 7.91 7.83 7.91 7.70 8.01
7.76 8.05 7.71 8.25 7.81 7.91 8.82 7.60 8.23 7.21 6.95 6.84 6.53 6.22 8.03 7.32 10.23 14.82 8.06 8.17 8.60 12.08 11.67 5.58 5.07 12.46 9.51 8.31 9.05 10.09 8.37 6.82 6.36 8.18 8.49 7.33 6.73 6.48 6.05 6.04 6.94 8.90 8.87 7.61 7.40 7.29 7.17 7.26 8.10 7.66 7.53 7.23 6.86 6.67 6.71 7.50 7.31 7.11 7.15 6.44 6.54 7.30 7.26 7.83 7.40 7.40 7.42 7.63 8.09 8.28 8.33 8.36 8.40 7.73 7.52 7.90 7.88 7.50 7.83
7.51 8.07 7.20 7.60 7.69 7.83 6.96 6.86 7.61 7.04 8.09 7.14 8.72 6.34 9.04 10.67 10.44 11.11 11.80 9.76 11.38 13.01 8.97 10.33 8.57 4.63 9.12 9.45 7.14 7.62 6.33 7.83 7.75 10.06 9.23 7.28 6.67 6.13 6.01 6.94 8.99 7.73 8.93 7.65 7.47 8.09 7.25 8.29 7.27 7.49 7.12 6.83 6.65 6.83 6.89 7.01 6.78 6.66 6.42 6.50 7.21 7.83 7.37 6.86 7.45 7.09 7.87 7.40 7.43 7.69 7.94 8.14 8.18 8.04 7.43 7.80 7.82 7.67 8.05
7.78 7.35 8.51 9.37 10.61 9.54 8.33 7.61 6.95 7.35 9.57 7.40 8.34 6.16 7.76 8.07 7.15 6.09 8.38 7.81 9.56 9.68 11.73 10.40 10.70 9.40 12.60 8.10 7.25 6.88 7.82 7.49 9.56 9.05 9.15 6.76 6.46 6.00 8.84 9.34 8.76 8.84 7.41 7.85 8.03 7.93 7.54 7.52 7.48 7.17 6.92 6.79 6.68 7.14 7.24 7.47 7.03 6.50 6.45 6.94 8.06 6.64 7.01 7.11 6.86 6.91 7.15 7.00 7.19 7.71 7.52 7.93 7.97 7.86 7.82 7.88 7.57 7.45 8.36
8.29 7.79 7.92 9.26 9.44 9.98 9.33 8.58 7.98 7.55 7.83 9.68 6.75 9.96 8.94 8.69 9.38 8.09 6.39 6.50 8.00 7.23 9.04 9.21 8.07 11.70 11.60 7.04 7.79 6.23 6.90 8.40 9.00 8.27 7.67 6.60 6.30 7.62 7.10 8.39 8.06 7.54 7.81 7.67 7.52 7.69 7.24 7.02 6.97 6.88 7.93 6.77 7.24 6.70 6.72 6.55 6.57 6.80 7.44 7.98 7.20 6.75 6.92 6.88 6.75 6.97 7.43 7.85 6.89 7.65 8.33 7.83 7.64 7.94 7.35 7.61 8.33 7.98 7.82
8.72 9.04 9.63 10.51 -9999 -9999 -9999 -9999 9.00 8.59 9.18 7.18 6.36 7.64 7.63 7.40 7.09 4.40 11.38 11.85 7.85 6.85 7.02 8.39 9.19 10.73 8.58 7.51 6.75 6.13 9.42 8.31 9.44 7.03 6.91 6.73 6.62 8.23 6.78 7.89 7.76 7.23 7.40 7.34 7.23 7.03 6.89 6.85 6.92 6.89 7.62 6.79 6.90 6.87 6.56 6.71 6.88 8.12 7.86 7.48 7.09 7.09 6.10 6.23 6.26 7.26 7.71 7.58 6.76 7.48 8.09 7.96 7.68 8.25 7.92 7.86 8.25 8.43 8.13
