ML/MeanWindSpeed_1996-01_Actual.txt
ncols         180
nrows         290
xllcorner     -200000
yllcorner     -200000
cellsize      5000
NODATA_value  -9999
[rows 140 to 174 of 290, columns 77 to 153 of 180]
-9999 -9999 -9999 -9999 18.18 -9999 -9999 -9999 16.60 16.79 14.81 14.79 16.38 -9999 -9999 18.19 15.80 18.81 20.16 -9999 -9999 -9999 -9999 -9999 14.26 12.55 9.47 9.53 8.68 9.51 9.57 10.95 12.34 10.75 13.64 16.92 18.49 14.31 16.72 17.63 17.86 13.88 13.87 13.09 10.18 5.86 4.71 5.13 1.87 2.64 5.95 9.27 -9999 -9999 -9999 -9999 -9999 -9999 -9999 -9999 -9999 -9999 -9999 -9999 -9999 -9999 -9999 -9999 -9999 -9999 -9999 -9999 -9999 -9999 -9999 -9999 -9999
-9999 -9999 -9999 -9999 18.03 17.84 -9999 -9999 -9999 16.60 17.27 16.79 17.55 -9999 -9999 -9999 -9999 18.46 -9999 -9999 -9999 -9999 -9999 -9999 12.86 11.95 11.21 11.86 12.00 11.72 10.97 11.41 11.18 11.48 12.23 15.99 17.84 12.14 19.26 18.56 19.79 14.70 13.87 15.02 10.24 6.61 4.75 2.65 1.31 2.71 5.70 9.23 -9999 -9999 -9999 -9999 -9999 -9999 -9999 -9999 -9999 -9999 -9999 -9999 -9999 -9999 -9999 -9999 -9999 -9999 -9999 -9999 -9999 -9999 -9999 -9999 -9999
-9999 -9999 -9999 -9999 -9999 19.74 -9999 -9999 -9999 -9999 16.80 18.19 18.08 -9999 -9999 -9999 -9999 -9999 -9999 -9999 -9999 -9999 -9999 13.91 12.82 13.48 14.25 14.52 15.54 14.68 13.32 13.06 12.16 12.95 12.44 13.91 21.80 20.73 19.17 18.76 15.06 13.26 12.75 9.32 5.60 7.31 6.68 2.46 2.05 3.84 6.33 9.98 12.71 -9999 -9999 -9999 -9999 -9999 -9999 -9999 -9999 -9999 -9999 -9999 -9999 -9999 -9999 -9999 -9999 -9999 -9999 -9999 -9999 -9999 -9999 -9999 -9999
-9999 -9999 -9999 -9999 -9999 21.25 -9999 -9999 -9999 -9999 -9999 -9999 -9999 -9999 -9999 -9999 -9999 -9999 -9999 -9999 -9999 -9999 -9999 13.20 11.51 11.27 11.88 11.75 21.13 16.46 13.98 16.39 12.44 14.38 10.42 11.55 18.82 23.32 17.73 15.79 21.83 23.59 19.98 14.73 11.22 4.75 4.95 4.20 5.59 5.14 6.85 10.76 12.91 13.61 -9999 -9999 -9999 -9999 -9999 -9999 -9999 -9999 -9999 -9999 -9999 -9999 -9999 -9999 -9999 -9999 -9999 -9999 -9999 -9999 -9999 -9999 -9999
-9999 -9999 -9999 -9999 -9999 -9999 -9999 -9999 -9999 -9999 -9999 -9999 -9999 -9999 -9999 -9999 -9999 -9999 -9999 -9999 -9999 -9999 12.43 11.33 10.45 10.31 15.85 10.21 26.96 24.21 13.00 14.17 12.37 11.66 12.81 10.59 12.66 24.66 23.72 20.23 17.73 15.81 17.84 15.65 12.60 8.80 6.44 5.62 5.30 5.73 8.25 9.51 10.37 11.65 -9999 -9999 -9999 -9999 -9999 -9999 -9999 -9999 -9999 -9999 -9999 -9999 -9999 -9999 -9999 -9999 -9999 -9999 -9999 -9999 -9999 -9999 -9999
-9999 -9999 -9999 -9999 -9999 -9999 -9999 -9999 -9999 -9999 -9999 -9999 -9999 -9999 -9999 -9999 -9999 -9999 -9999 -9999 -9999 -9999 10.94 11.87 9.28 12.73 23.87 14.97 10.39 17.16 18.13 14.37 13.30 12.41 12.18 12.12 14.69 18.62 29.39 23.37 19.87 15.76 14.39 13.24 9.91 8.79 8.02 8.76 6.72 8.22 7.98 8.87 8.98 9.69 10.61 11.21 11.37 -9999 -9999 -9999 -9999 -9999 -9999 -9999 -9999 -9999 -9999 -9999 -9999 -9999 -9999 -9999 -9999 -9999 -9999 -9999 -9999
-9999 -9999 -9999 -9999 -9999 -9999 -9999 -9999 -9999 -9999 -9999 -9999 -9999 -9999 -9999 -9999 -9999 -9999 -9999 -9999 -9999 -9999 11.00 10.66 11.05 17.02 12.13 13.49 15.42 20.93 16.12 13.03 17.90 10.53 13.93 12.91 15.00 15.37 19.33 20.97 18.98 16.39 14.21 10.06 9.47 8.22 7.33 6.95 7.49 7.56 8.31 8.03 8.33 8.83 12.83 10.37 11.82 12.90 12.68 -9999 -9999 -9999 -9999 -9999 -9999 -9999 -9999 -9999 -9999 -9999 -9999 -9999 -9999 -9999 -9999 -9999 -9999
-9999 -9999 -9999 -9999 -9999 -9999 -9999 -9999 -9999 -9999 -9999 -9999 -9999 -9999 -9999 -9999 -9999 -9999 -9999 -9999 -9999 -9999 11.25 11.43 13.61 22.20 24.43 18.79 14.04 16.23 17.77 20.54 13.22 17.78 15.01 13.53 15.20 15.79 13.46 13.56 18.91 16.95 14.40 12.08 10.03 8.78 8.52 8.34 7.67 8.07 8.04 7.61 8.59 8.91 9.79 13.18 12.44 12.45 14.06 14.04 11.57 -9999 -9999 -9999 -9999 -9999 -9999 -9999 -9999 -9999 -9999 -9999 -9999 -9999 -9999 -9999 -9999
-9999 -9999 -9999 -9999 -9999 -9999 -9999 -9999 -9999 -9999 -9999 -9999 -9999 -9999 -9999 -9999 -9999 -9999 -9999 -9999 -9999 -9999 11.85 11.07 15.60 18.52 12.26 28.17 23.95 14.72 18.48 15.34 20.01 20.75 15.27 12.76 14.59 16.26 13.30 23.09 20.31 18.98 18.60 17.84 15.49 10.09 11.17 9.29 8.69 8.62 8.47 8.40 8.18 7.53 8.34 11.64 10.08 9.45 10.65 12.64 10.22 14.32 -9999 -9999 -9999 -9999 -9999 -9999 -9999 -9999 -9999 -9999 -9999 -9999 -9999 -9999 -9999
-9999 -9999 -9999 -9999 -9999 -9999 -9999 -9999 -9999 -9999 15.05 15.39 16.76 -9999 -9999 -9999 -9999 -9999 -9999 -9999 -9999 -9999 -9999 13.24 12.60 11.24 14.06 16.16 20.56 12.58 9.59 17.26 16.32 15.27 13.84 16.41 17.03 15.53 16.03 19.55 18.87 22.96 20.28 16.06 14.21 14.18 11.51 9.68 9.14 8.77 9.18 8.65 8.04 14.19 12.56 16.76 17.14 15.36 13.92 10.03 13.64 14.08 12.88 -9999 -9999 -9999 -9999 -9999 -9999 -9999 -9999 -9999 -9999 -9999 -9999 -9999 -9999
-9999 -9999 -9999 -9999 -9999 -9999 -9999 -9999 -9999 -9999 12.40 12.74 -9999 -9999 -9999 -9999 -9999 -9999 -9999 -9999 -9999 -9999 -9999 -9999 13.13 9.36 14.80 14.93 25.27 14.36 14.87 13.82 11.45 10.98 12.03 12.02 23.51 14.89 15.86 22.08 18.08 13.30 11.60 16.99 10.71 13.93 10.84 9.11 8.50 8.70 8.90 9.98 13.07 14.34 13.08 12.49 11.78 13.35 14.87 13.78 13.72 12.82 15.86 -9999 -9999 -9999 -9999 -9999 -9999 -9999 -9999 -9999 -9999 -9999 -9999 -9999 -9999
-9999 -9999 -9999 -9999 -9999 -9999 -9999 -9999 -9999 13.82 16.37 15.87 15.79 -9999 -9999 -9999 -9999 -9999 -9999 -9999 -9999 -9999 -9999 -9999 14.28 15.34 16.14 16.04 12.64 15.22 12.47 12.08 11.28 10.41 13.36 11.82 9.74 21.78 15.51 13.76 18.43 14.98 18.11 13.31 13.05 10.36 9.70 8.97 8.96 8.26 8.59 10.83 12.38 10.82 11.78 13.17 12.77 13.66 13.52 13.62 13.54 10.98 15.04 13.68 -9999 -9999 -9999 -9999 -9999 -9999 -9999 -9999 -9999 -9999 -9999 -9999 -9999
-9999 -9999 -9999 -9999 -9999 -9999 -9999 -9999 14.40 18.94 19.73 24.05 15.86 -9999 -9999 -9999 -9999 -9999 -9999 -9999 -9999 -9999 -9999 -9999 15.52 20.36 16.12 9.82 12.16 11.69 12.60 10.45 9.93 11.46 13.57 10.37 18.97 14.44 18.47 13.75 19.68 11.37 12.74 9.32 11.98 9.35 9.52 9.71 8.15 8.21 8.35 9.19 13.09 13.17 12.09 10.46 11.01 10.83 11.36 11.81 13.67 13.20 12.30 13.51 -9999 -9999 -9999 -9999 -9999 -9999 -9999 -9999 -9999 -9999 -9999 -9999 -9999
-9999 -9999 -9999 -9999 -9999 -9999 -9999 17.67 15.89 23.60 17.97 17.38 -9999 -9999 -9999 -9999 -9999 -9999 -9999 -9999 -9999 -9999 -9999 -9999 -9999 14.47 11.55 10.12 13.61 10.24 13.21 11.05 10.57 10.45 12.74 10.87 19.11 18.37 19.70 18.28 19.08 18.51 17.98 14.88 13.27 12.97 11.60 8.78 8.44 8.58 8.81 8.99 9.62 15.21 12.93 9.14 8.53 8.87 8.75 8.87 8.64 8.95 8.60 9.97 12.46 13.73 -9999 -9999 -9999 -9999 -9999 -9999 -9999 -9999 -9999 -9999 -9999
-9999 -9999 -9999 -9999 -9999 -9999 -9999 21.74 23.09 16.57 15.81 16.25 -9999 -9999 -9999 -9999 -9999 -9999 -9999 -9999 -9999 -9999 -9999 -9999 -9999 -9999 12.43 12.58 11.67 10.47 12.37 11.86 11.90 11.01 12.65 10.29 18.39 16.99 15.77 18.45 16.44 15.21 20.79 19.65 13.43 15.08 12.73 11.64 9.15 8.87 8.95 8.77 8.94 9.78 10.01 8.87 8.77 8.62 8.65 8.21 7.95 8.13 8.41 12.45 13.04 12.77 -9999 -9999 -9999 -9999 -9999 -9999 -9999 -9999 -9999 -9999 -9999
-9999 -9999 -9999 -9999 -9999 -9999 -9999 22.81 20.15 20.47 18.50 -9999 -9999 -9999 -9999 -9999 -9999 -9999 -9999 -9999 -9999 -9999 -9999 -9999 -9999 -9999 13.73 13.29 12.40 -9999 12.68 -9999 12.12 10.16 9.14 8.31 8.70 16.62 16.05 16.07 20.69 11.38 12.16 19.45 15.92 14.01 13.33 11.36 9.63 9.12 8.97 8.56 8.75 8.88 9.95 11.38 9.67 10.42 9.05 7.87 9.29 11.05 10.37 9.57 9.78 12.33 15.16 16.25 -9999 -9999 -9999 -9999 -9999 -9999 -9999 -9999 -9999
-9999 -9999 -9999 -9999 -9999 -9999 22.14 20.42 19.70 -9999 -9999 -9999 -9999 -9999 -9999 -9999 -9999 -9999 -9999 -9999 -9999 -9999 -9999 -9999 -9999 -9999 15.16 13.55 12.33 -9999 -9999 -9999 12.07 12.33 7.69 8.88 10.67 9.78 10.67 12.99 18.49 18.39 10.73 16.01 17.82 13.03 14.38 12.46 10.81 8.36 8.61 8.36 8.48 8.60 8.99 9.57 9.56 10.23 8.55 8.96 10.50 11.70 11.99 11.62 10.41 10.47 12.45 14.64 -9999 -9999 -9999 -9999 -9999 -9999 -9999 -9999 -9999
-9999 -9999 -9999 -9999 -9999 -9999 -9999 -9999 -9999 -9999 -9999 -9999 -9999 -9999 -9999 -9999 -9999 -9999 -9999 -9999 -9999 -9999 -9999 -9999 -9999 -9999 -9999 -9999 -9999 -9999 -9999 13.46 11.69 11.00 13.04 14.09 14.57 14.48 12.68 13.07 16.83 16.25 13.42 10.14 14.21 15.55 12.76 11.23 10.08 9.19 8.91 9.19 8.56 8.37 8.53 8.60 8.80 8.54 9.83 13.11 10.52 11.29 10.10 10.17 8.97 10.18 12.04 -9999 -9999 -9999 -9999 -9999 -9999 -9999 -9999 -9999 -9999
-9999 -9999 -9999 -9999 -9999 -9999 -9999 -9999 -9999 -9999 -9999 -9999 -9999 -9999 -9999 -9999 -9999 -9999 -9999 -9999 -9999 -9999 -9999 -9999 -9999 -9999 -9999 -9999 -9999 -9999 -9999 12.71 11.55 13.25 16.13 19.57 17.34 12.54 14.26 10.16 11.17 10.31 12.69 13.64 14.00 13.98 13.28 11.23 10.54 10.01 8.95 9.23 8.51 8.46 8.60 8.69 8.79 8.57 9.33 14.16 12.32 9.55 9.01 8.74 8.61 10.03 12.42 -9999 -9999 -9999 -9999 -9999 -9999 -9999 -9999 -9999 -9999
-9999 -9999 -9999 -9999 -9999 -9999 -9999 -9999 -9999 -9999 -9999 -9999 -9999 -9999 -9999 -9999 -9999 -9999 -9999 -9999 -9999 -9999 -9999 -9999 -9999 -9999 -9999 -9999 -9999 -9999 -9999 11.35 10.41 10.90 14.16 15.53 14.57 13.00 12.09 10.43 11.43 9.85 9.47 10.85 8.46 14.04 11.98 13.01 10.92 10.39 8.73 8.50 8.78 8.72 8.79 8.66 8.71 8.76 8.61 10.98 11.48 9.69 8.68 8.74 8.58 9.80 12.00 -9999 -9999 -9999 -9999 -9999 -9999 -9999 -9999 -9999 -9999
-9999 -9999 -9999 -9999 -9999 -9999 -9999 -9999 -9999 -9999 -9999 -9999 -9999 -9999 -9999 -9999 -9999 -9999 -9999 -9999 -9999 -9999 -9999 -9999 -9999 -9999 -9999 -9999 -9999 14.09 11.96 10.28 10.14 13.42 15.14 18.89 13.86 16.19 9.24 10.86 10.57 11.57 12.17 11.81 14.23 9.28 9.56 9.44 9.32 8.60 9.76 8.60 8.68 9.16 8.74 8.64 8.75 8.56 8.58 8.70 10.68 9.43 8.39 8.43 8.54 9.21 11.18 13.23 -9999 -9999 -9999 -9999 -9999 -9999 -9999 -9999 -9999
-9999 -9999 -9999 -9999 -9999 -9999 -9999 -9999 -9999 -9999 -9999 -9999 -9999 -9999 -9999 -9999 -9999 -9999 -9999 -9999 -9999 -9999 -9999 -9999 -9999 -9999 -9999 -9999 -9999 13.10 10.69 9.67 9.49 10.23 14.04 10.56 10.83 9.05 10.89 15.20 11.74 12.81 11.84 13.40 8.30 13.65 10.61 12.22 11.76 11.67 9.84 9.17 8.77 8.64 8.61 8.67 8.63 8.56 8.43 8.34 8.82 9.95 8.86 8.38 8.61 8.79 10.26 12.41 -9999 -9999 -9999 -9999 -9999 -9999 -9999 -9999 -9999
-9999 -9999 -9999 -9999 -9999 -9999 -9999 -9999 -9999 -9999 -9999 -9999 -9999 -9999 -9999 -9999 -9999 -9999 -9999 -9999 -9999 -9999 -9999 -9999 -9999 -9999 -9999 -9999 -9999 13.16 10.57 9.84 9.58 9.95 10.52 10.65 9.86 8.65 10.54 11.66 10.90 12.68 15.37 11.56 10.55 8.68 11.19 8.83 9.79 10.71 11.05 9.62 9.23 8.60 8.54 8.68 8.69 8.58 8.53 8.59 8.77 9.85 10.51 9.04 8.54 8.80 9.51 10.98 12.91 -9999 -9999 -9999 -9999 -9999 -9999 -9999 -9999
-9999 -9999 -9999 -9999 -9999 -9999 -9999 -9999 -9999 -9999 -9999 -9999 -9999 -9999 -9999 -9999 -9999 -9999 -9999 -9999 -9999 -9999 -9999 -9999 -9999 -9999 -9999 -9999 -9999 12.77 10.75 10.17 10.18 9.92 9.73 9.02 9.95 11.56 8.76 9.43 10.74 16.67 16.13 16.95 14.55 11.45 10.70 11.18 9.25 8.56 10.04 10.44 9.08 8.56 8.63 8.48 8.63 8.70 8.80 8.86 8.90 10.54 11.83 10.12 9.52 9.60 9.39 9.78 11.56 13.35 -9999 -9999 -9999 -9999 -9999 -9999 -9999
-9999 -9999 -9999 -9999 -9999 -9999 -9999 -9999 -9999 -9999 -9999 -9999 -9999 -9999 -9999 -9999 -9999 -9999 -9999 -9999 -9999 -9999 -9999 -9999 -9999 -9999 -9999 -9999 -9999 12.64 10.40 9.89 9.79 9.59 9.11 9.64 9.13 11.18 12.20 14.49 16.00 16.91 12.53 14.48 12.38 12.11 9.93 11.27 10.29 9.32 8.48 8.22 8.59 8.41 8.58 8.64 8.81 8.86 9.08 9.26 9.30 9.53 10.76 10.31 9.84 10.06 10.19 9.92 10.12 12.10 -9999 -9999 -9999 -9999 -9999 -9999 -9999
-9999 -9999 -9999 -9999 -9999 -9999 -9999 -9999 -9999 -9999 -9999 -9999 -9999 -9999 -9999 -9999 -9999 -9999 -9999 -9999 -9999 -9999 -9999 -9999 -9999 -9999 -9999 -9999 -9999 -9999 10.37 9.91 9.68 9.36 10.28 12.76 12.73 14.10 12.97 12.25 14.77 13.66 14.38 12.50 9.58 7.72 8.47 8.06 9.85 8.92 8.62 9.29 8.96 8.28 8.71 8.63 8.85 8.85 9.12 9.40 9.57 9.74 9.54 9.81 10.08 10.47 -9999 10.63 11.09 12.24 14.37 -9999 -9999 -9999 -9999 -9999 -9999
-9999 -9999 -9999 -9999 -9999 -9999 -9999 -9999 -9999 -9999 -9999 -9999 -9999 -9999 -9999 -9999 -9999 -9999 -9999 -9999 -9999 -9999 -9999 -9999 -9999 -9999 -9999 -9999 -9999 12.24 10.19 9.68 9.01 9.20 10.16 15.18 15.68 13.31 17.09 16.09 13.88 12.85 17.10 13.25 12.98 9.56 6.89 9.33 7.83 7.37 8.60 8.83 8.26 8.60 8.45 8.54 8.69 8.94 8.99 9.10 11.00 10.12 9.23 10.88 9.82 9.95 10.20 -9999 11.90 12.96 14.69 16.02 -9999 -9999 -9999 -9999 -9999
-9999 -9999 -9999 -9999 -9999 -9999 -9999 -9999 -9999 -9999 -9999 -9999 -9999 -9999 -9999 -9999 -9999 -9999 -9999 -9999 -9999 -9999 -9999 -9999 -9999 -9999 -9999 -9999 -9999 11.88 9.97 9.60 9.01 11.43 10.63 11.90 15.67 11.58 12.21 12.85 10.98 10.78 14.73 12.38 11.60 7.30 9.42 10.47 7.60 9.24 8.49 9.40 9.07 8.67 8.37 8.45 8.58 8.64 8.63 8.60 8.76 9.44 8.39 8.73 9.50 8.62 9.73 10.59 -9999 -9999 -9999 -9999 -9999 -9999 -9999 -9999 -9999
-9999 -9999 -9999 -9999 -9999 -9999 -9999 -9999 -9999 -9999 -9999 -9999 -9999 -9999 -9999 -9999 -9999 -9999 -9999 -9999 -9999 -9999 -9999 -9999 -9999 -9999 -9999 -9999 13.92 11.06 9.75 10.75 10.11 10.46 10.26 11.55 11.80 11.20 11.11 10.92 10.93 11.69 14.71 16.39 15.40 8.77 11.40 10.30 7.30 8.00 7.26 8.49 8.98 8.39 8.16 8.61 8.62 8.53 8.70 8.54 8.62 8.69 8.71 8.63 10.32 9.17 9.01 9.51 11.24 13.11 -9999 -9999 -9999 -9999 -9999 -9999 -9999
-9999 -9999 -9999 -9999 -9999 -9999 -9999 -9999 -9999 -9999 -9999 -9999 -9999 -9999 -9999 -9999 -9999 -9999 -9999 -9999 -9999 -9999 -9999 -9999 -9999 -9999 -9999 -9999 -9999 11.11 9.71 9.79 10.18 12.60 10.15 9.96 10.02 10.76 11.35 10.96 11.01 11.33 11.23 15.07 15.13 15.20 11.02 10.92 9.54 8.28 9.20 6.97 7.37 8.85 8.19 8.40 8.37 8.32 8.64 8.54 8.53 8.77 8.56 8.44 8.62 11.26 9.49 8.87 9.51 10.96 12.69 14.48 -9999 -9999 -9999 -9999 -9999
-9999 -9999 -9999 -9999 -9999 -9999 -9999 -9999 -9999 -9999 -9999 -9999 -9999 -9999 -9999 -9999 -9999 -9999 -9999 -9999 -9999 -9999 -9999 -9999 -9999 -9999 -9999 -9999 -9999 10.89 10.13 9.61 9.86 10.19 10.46 10.11 9.62 9.98 9.81 9.78 10.22 10.63 11.61 10.22 14.72 17.09 16.89 12.77 10.34 9.48 7.95 8.79 7.80 9.48 8.45 8.56 8.34 8.28 8.40 8.54 8.88 8.74 8.55 8.47 9.14 11.54 10.35 10.20 8.78 9.20 10.73 12.67 -9999 -9999 -9999 -9999 -9999
-9999 -9999 -9999 -9999 -9999 -9999 -9999 -9999 -9999 17.10 15.64 15.97 17.42 -9999 -9999 -9999 -9999 -9999 -9999 -9999 -9999 -9999 -9999 -9999 -9999 -9999 -9999 -9999 11.37 10.09 10.78 9.95 11.00 10.41 9.72 9.60 9.80 9.72 9.90 9.87 10.23 10.30 10.62 13.87 15.70 14.94 11.08 14.11 12.04 7.88 8.36 6.54 10.30 10.36 8.76 8.73 8.44 8.29 8.40 8.62 8.81 9.02 8.73 8.34 8.77 9.42 11.55 10.82 11.13 8.89 8.99 10.97 13.20 -9999 -9999 -9999 -9999
-9999 -9999 -9999 -9999 -9999 -9999 -9999 -9999 -9999 16.26 14.75 14.13 14.77 -9999 -9999 -9999 -9999 -9999 -9999 -9999 -9999 -9999 -9999 -9999 -9999 -9999 -9999 11.11 11.00 10.04 10.58 11.96 10.28 10.25 9.32 9.51 10.01 9.94 10.26 10.51 9.93 9.69 9.75 11.12 17.42 16.88 10.96 12.10 10.86 10.37 7.19 6.67 9.06 9.92 9.08 8.15 8.14 8.26 8.91 8.86 8.72 8.61 8.98 8.45 8.92 9.26 11.45 11.09 10.59 9.15 9.02 9.76 12.10 -9999 -9999 -9999 -9999
-9999 -9999 -9999 -9999 -9999 -9999 -9999 20.28 16.13 13.87 13.99 13.35 14.56 13.81 14.98 15.58 -9999 -9999 14.52 11.68 -9999 -9999 -9999 10.02 11.16 9.97 -9999 8.35 11.27 10.43 9.97 10.74 10.12 10.41 10.55 11.49 11.12 11.26 10.15 10.89 10.33 10.00 14.00 9.62 11.50 14.74 8.02 9.59 15.31 7.95 10.70 8.22 8.90 9.25 8.78 8.61 8.60 8.47 8.98 8.56 8.69 8.22 9.05 8.30 8.74 9.36 10.10 10.84 11.61 10.71 9.24 9.02 10.99 13.47 -9999 -9999 -9999
-9999 -9999 -9999 -9999 -9999 -9999 -9999 -9999 16.70 14.52 13.41 12.74 12.89 13.71 15.10 11.38 -9999 8.98 11.61 12.29 9.89 10.79 7.27 6.91 12.20 11.27 9.52 -9999 8.44 10.76 10.81 10.07 9.92 10.66 9.84 9.99 10.31 10.39 10.80 10.75 11.77 10.99 14.35 14.13 13.01 13.04 11.79 13.77 13.17 10.47 8.21 7.84 9.96 10.07 8.44 9.25 8.66 9.11 9.40 8.81 8.73 8.18 9.04 8.46 8.97 9.57 9.68 10.55 11.10 11.71 10.40 9.33 10.17 12.50 -9999 -9999 -9999
