ML/MeanWindSpeed_1994-02_Actual.txt
ncols         180
nrows         290
xllcorner     -200000
yllcorner     -200000
cellsize      5000
NODATA_value  -9999
[rows 204 to 237 of 290, columns 78 to 155 of 180]
12.70 13.33 14.78 15.09 14.01 12.39 14.40 12.74 14.66 11.06 12.28 15.14 13.96 11.51 12.49 8.82 8.41 12.13 13.41 12.30 10.41 12.39 8.72 8.31 8.75 14.28 17.98 18.14 9.82 10.37 10.30 10.37 9.32 7.62 8.89 8.03 8.10 7.36 7.44 6.38 6.24 7.47 7.32 10.32 10.19 9.49 8.08 8.95 10.76 9.93 9.27 8.64 8.89 8.77 8.28 7.91 7.91 8.34 8.71 8.22 7.97 7.74 7.28 8.35 9.04 7.41 7.82 8.93 9.47 8.97 9.59 9.50 9.35 9.28 8.04 8.04 7.80 7.76
13.74 12.53 13.44 12.99 13.21 11.91 11.71 12.90 11.05 11.74 9.80 9.57 9.43 9.24 9.02 11.94 11.02 15.45 22.85 13.19 13.21 12.89 17.08 16.43 7.40 7.77 19.96 14.96 12.00 12.21 13.16 10.40 7.86 6.86 9.26 9.54 8.07 7.09 6.51 6.08 6.16 7.76 10.76 11.25 9.75 8.89 8.42 8.27 8.47 9.58 8.65 8.36 8.08 7.70 7.44 7.48 8.67 8.46 8.08 8.05 7.20 7.40 8.34 8.13 8.83 8.01 8.10 8.31 8.70 9.35 9.63 9.59 9.45 9.48 7.92 7.35 7.82 7.70
12.87 11.95 13.11 11.74 11.75 11.11 10.89 9.54 9.30 10.21 9.14 10.91 9.38 12.48 9.12 13.08 15.97 16.58 18.43 19.23 15.91 17.82 19.47 12.70 14.38 12.54 7.42 13.62 13.36 9.20 9.65 7.45 9.45 8.96 12.07 10.90 8.01 7.13 6.39 6.16 7.53 11.28 9.83 11.71 9.76 9.11 9.74 8.50 9.97 8.20 8.28 7.69 7.47 7.30 7.65 7.73 7.83 7.53 7.36 7.06 7.36 8.59 9.53 8.80 7.96 8.51 7.75 8.86 8.12 8.18 8.52 8.80 9.04 9.00 8.34 7.17 7.57 7.47
13.73 12.23 11.76 13.21 14.07 15.44 13.44 11.36 10.08 8.90 9.35 12.62 9.24 11.25 8.14 11.01 12.37 12.09 10.98 13.90 12.78 16.23 16.74 18.61 15.22 15.33 13.10 17.87 10.81 9.27 8.71 9.72 8.90 11.60 10.90 11.40 7.64 7.13 6.53 10.70 11.40 11.25 11.79 9.54 9.90 9.91 9.41 8.27 8.18 8.06 7.60 7.32 7.39 7.38 8.06 8.11 8.35 7.71 7.01 7.03 7.97 9.97 8.12 8.64 8.57 7.84 7.47 7.55 7.35 7.70 8.30 7.91 8.50 8.38 7.83 7.52 7.45 6.74
14.39 12.79 12.03 12.03 13.88 13.85 14.24 12.80 11.54 10.53 9.68 9.93 13.00 9.24 13.93 13.26 13.82 15.32 13.19 10.32 10.56 13.49 12.87 15.32 15.05 12.34 15.94 15.40 8.86 10.10 7.46 8.17 10.29 11.17 10.59 9.61 7.37 6.81 8.79 8.27 10.68 10.60 9.75 9.98 9.41 8.73 8.52 7.49 7.07 7.04 7.01 8.89 7.39 8.34 7.66 7.44 6.87 6.84 7.19 8.21 9.56 9.15 8.71 8.72 8.30 7.71 7.63 7.95 8.53 7.10 8.05 8.94 8.09 7.58 7.74 6.62 6.77 7.42
14.63 13.70 14.08 15.03 16.43 -9999 -9999 -9999 -9999 12.52 11.39 11.76 9.23 8.15 10.18 11.13 11.37 10.99 7.04 17.12 17.39 12.09 11.05 11.60 13.95 14.60 15.42 11.27 9.14 8.11 7.07 11.77 10.30 12.43 8.95 8.42 7.55 7.20 9.88 8.37 10.58 10.40 9.23 9.11 8.51 7.89 7.25 6.82 6.67 6.84 6.93 8.46 7.71 8.31 8.37 7.59 7.23 7.14 8.87 8.77 9.16 9.23 9.19 7.47 7.36 7.03 7.99 8.29 8.14 6.77 7.60 8.44 8.18 7.46 8.01 7.27 6.77 6.76
17.89 17.74 15.74 17.92 17.55 -9999 -9999 -9999 -9999 -9999 -9999 -9999 8.37 8.47 10.27 10.11 10.84 11.62 13.67 15.67 18.15 17.00 14.57 12.67 12.61 10.93 13.80 13.56 8.64 7.21 11.56 11.53 13.04 9.32 8.50 8.52 7.87 8.79 9.79 9.85 10.24 9.75 9.07 8.50 7.93 7.43 7.21 6.75 7.32 6.76 6.90 7.16 7.56 8.12 7.93 8.34 9.28 8.88 8.02 9.72 9.52 8.75 8.46 7.54 7.02 7.56 7.90 7.42 6.85 6.60 7.93 6.83 7.15 8.12 7.23 6.93 6.59 5.36
-9999 18.36 -9999 -9999 -9999 -9999 -9999 -9999 -9999 -9999 14.27 12.11 11.28 12.88 12.72 12.07 11.45 11.98 12.24 14.93 16.61 15.30 10.43 10.17 14.46 12.37 11.85 9.52 7.80 7.24 10.40 11.06 11.14 9.13 8.49 8.54 6.86 10.40 10.86 9.66 9.97 9.46 9.09 8.67 8.00 8.17 7.24 7.06 6.31 6.33 6.51 7.02 7.35 8.26 7.77 9.20 10.81 8.88 9.38 7.44 8.74 8.12 7.46 8.08 7.49 7.57 8.14 7.28 6.43 6.43 6.55 7.28 7.86 6.97 7.39 6.91 5.79 5.13
-9999 -9999 -9999 -9999 -9999 -9999 -9999 -9999 -9999 -9999 16.28 15.08 12.59 14.52 15.62 -9999 -9999 11.91 15.04 10.10 11.95 11.04 10.81 11.38 12.87 9.36 8.86 9.34 8.78 9.84 10.71 11.02 10.23 9.18 9.37 7.56 8.12 10.67 9.56 9.20 9.13 9.30 9.70 9.19 8.11 7.90 7.10 7.07 7.68 8.20 7.74 8.41 7.40 7.47 8.58 11.19 9.11 8.85 8.06 6.45 8.10 7.51 7.01 6.74 6.81 6.83 6.78 8.25 6.70 6.44 6.38 6.40 6.61 6.28 5.73 7.34 6.48 6.69
-9999 -9999 -9999 -9999 -9999 -9999 -9999 -9999 -9999 -9999 -9999 -9999 -9999 -9999 -9999 -9999 -9999 13.63 12.08 11.44 10.06 8.55 8.30 8.53 9.50 9.19 9.90 10.69 11.42 12.48 12.37 -9999 9.86 8.86 8.09 7.66 8.24 10.38 9.57 9.65 9.17 8.47 8.37 9.16 8.21 8.30 9.45 9.49 9.07 9.87 10.70 9.04 8.68 8.60 8.79 10.26 8.74 8.30 7.80 6.78 6.55 6.51 7.04 7.05 6.56 6.35 6.55 6.60 6.23 6.11 6.03 6.07 6.21 6.46 6.53 6.88 6.69 7.08
-9999 -9999 -9999 -9999 -9999 -9999 -9999 -9999 -9999 -9999 -9999 -9999 -9999 -9999 -9999 -9999 -9999 -9999 13.39 11.26 9.53 9.27 9.57 7.88 8.02 9.20 11.19 -9999 -9999 -9999 -9999 10.99 8.96 8.15 7.59 7.74 8.49 10.53 9.60 9.92 9.25 8.20 9.24 8.82 10.27 9.55 11.42 9.81 9.97 9.43 9.82 9.45 8.46 9.25 7.33 8.24 8.56 6.68 6.64 5.93 5.79 5.97 6.05 6.24 6.36 5.64 5.67 5.69 5.71 5.53 6.90 7.17 5.94 5.93 6.20 6.58 6.99 8.27
-9999 -9999 -9999 -9999 -9999 -9999 -9999 -9999 -9999 -9999 -9999 -9999 -9999 -9999 -9999 -9999 -9999 -9999 -9999 12.98 13.43 11.69 9.90 9.75 10.15 11.65 -9999 -9999 -9999 -9999 11.78 10.47 9.56 6.32 6.51 7.06 9.94 10.83 10.30 9.67 8.55 8.67 8.58 10.24 11.67 10.32 10.36 9.57 9.60 9.21 8.10 8.57 8.36 7.69 7.58 7.68 7.32 6.50 6.42 6.66 6.82 7.07 5.93 6.02 5.97 5.48 5.98 5.78 6.07 5.38 6.14 6.08 6.01 7.04 6.12 7.28 7.56 8.29
-9999 -9999 -9999 -9999 -9999 -9999 -9999 -9999 -9999 -9999 -9999 -9999 -9999 -9999 -9999 -9999 -9999 -9999 -9999 -9999 14.02 13.67 12.21 11.96 11.71 13.80 -9999 -9999 -9999 10.92 8.22 6.70 8.43 8.28 7.74 6.73 8.69 8.14 10.13 9.45 7.80 9.43 10.62 10.59 10.12 10.77 9.66 9.01 8.46 7.67 7.47 7.28 7.42 7.85 7.42 6.85 6.77 6.79 6.69 7.23 6.70 6.85 6.46 5.82 5.78 5.22 5.09 5.05 5.57 5.52 5.78 5.75 6.80 7.11 7.50 7.41 6.37 8.18
-9999 -9999 -9999 -9999 -9999 -9999 -9999 -9999 -9999 -9999 -9999 -9999 -9999 -9999 -9999 -9999 -9999 -9999 -9999 -9999 -9999 -9999 -9999 -9999 -9999 -9999 -9999 -9999 13.54 9.05 6.68 6.09 8.08 6.38 7.40 8.53 8.77 8.89 9.18 7.52 7.21 7.81 9.11 9.16 9.66 9.72 9.90 9.47 9.01 10.40 8.35 8.30 7.45 7.81 7.66 6.74 6.80 6.43 6.83 7.51 6.71 5.99 5.74 5.58 5.45 5.92 5.51 6.30 6.08 7.25 7.79 7.35 6.02 8.57 9.44 8.11 6.65 9.48
-9999 -9999 -9999 -9999 -9999 -9999 -9999 -9999 -9999 -9999 -9999 -9999 -9999 -9999 -9999 -9999 -9999 -9999 -9999 -9999 -9999 -9999 -9999 -9999 -9999 -9999 -9999 -9999 10.67 8.99 7.23 12.96 10.98 6.87 7.45 8.24 8.92 9.51 7.63 7.02 6.99 7.17 8.71 8.83 8.94 10.96 10.64 11.70 9.92 9.95 11.07 8.96 8.01 7.55 6.82 6.57 6.33 6.38 6.91 6.82 6.88 6.15 5.45 5.15 5.10 5.81 8.07 7.57 8.49 8.86 9.84 8.14 6.64 7.77 8.13 6.94 6.31 7.05
-9999 -9999 -9999 -9999 -9999 -9999 -9999 -9999 -9999 -9999 -9999 -9999 -9999 -9999 -9999 -9999 -9999 -9999 -9999 -9999 -9999 -9999 -9999 -9999 -9999 -9999 -9999 -9999 9.87 6.91 5.95 8.76 12.75 11.14 9.81 8.42 9.79 8.06 7.66 6.97 8.99 9.32 10.13 9.80 9.36 9.78 9.45 9.71 10.23 10.21 9.06 8.62 8.21 7.88 7.02 6.57 6.62 6.76 7.42 7.11 6.77 5.96 5.72 6.36 7.21 6.52 7.86 7.64 7.64 7.83 8.70 10.48 9.83 7.30 7.05 7.41 7.75 7.91
-9999 -9999 -9999 -9999 -9999 -9999 -9999 -9999 -9999 -9999 -9999 16.27 16.05 13.23 18.17 16.56 15.28 14.36 16.07 7.52 14.22 9.74 -9999 -9999 -9999 -9999 -9999 -9999 8.73 6.83 6.67 6.29 7.89 10.10 11.51 10.48 8.94 7.95 7.85 8.60 9.97 9.12 8.34 8.36 7.84 8.90 9.08 8.68 8.36 8.10 8.56 7.89 8.55 8.86 9.34 7.83 7.29 7.92 7.79 6.90 7.59 6.43 5.90 6.99 7.80 6.40 6.06 6.51 6.54 6.54 6.37 6.59 6.34 5.68 5.52 5.42 5.50 5.65
-9999 -9999 -9999 -9999 -9999 -9999 -9999 -9999 -9999 -9999 -9999 18.41 16.62 16.12 13.19 14.95 15.95 13.75 13.27 13.01 9.61 8.11 7.47 9.57 12.79 10.42 9.40 8.12 7.48 6.46 5.99 6.18 6.50 7.28 9.94 9.83 8.75 7.64 10.80 9.01 7.96 8.52 8.97 7.94 7.54 9.13 8.72 8.86 8.49 8.25 7.01 7.43 8.25 8.38 8.09 8.51 8.75 7.20 6.86 6.22 5.96 7.04 6.08 10.18 7.86 7.11 6.45 5.94 6.19 6.07 7.10 7.15 5.65 7.18 6.46 7.07 5.59 5.87
-9999 -9999 -9999 -9999 -9999 -9999 -9999 -9999 -9999 -9999 16.62 14.31 12.74 11.99 10.87 13.47 15.83 14.07 11.92 11.43 10.90 9.11 7.67 7.88 9.35 10.72 7.58 7.00 6.38 6.38 7.28 5.91 6.28 8.36 8.64 8.39 8.64 11.14 9.05 10.41 9.64 8.59 7.41 7.97 8.03 9.15 9.11 8.46 8.87 7.50 7.68 7.55 7.65 7.71 9.10 9.52 7.23 6.73 6.87 9.07 7.04 6.39 6.58 6.65 6.99 6.89 6.28 6.12 6.91 7.97 6.95 5.94 5.79 7.55 6.85 6.71 7.14 6.94
-9999 -9999 -9999 -9999 -9999 -9999 -9999 -9999 -9999 -9999 -9999 12.72 10.78 9.92 12.09 12.00 12.25 14.31 11.95 9.52 7.91 10.06 11.81 9.82 7.90 8.17 9.97 7.74 5.87 5.93 5.85 6.54 6.83 6.40 6.86 7.58 8.45 9.85 8.47 9.94 8.50 8.31 8.05 8.44 8.01 9.02 9.20 8.99 7.41 7.21 7.85 6.90 6.46 6.47 7.69 8.73 8.49 6.84 7.05 7.97 7.58 6.62 5.66 5.67 5.66 5.99 7.78 7.39 7.18 7.99 9.20 8.23 7.41 7.97 7.88 6.73 7.60 6.33
-9999 -9999 -9999 -9999 -9999 -9999 -9999 16.73 -9999 -9999 14.04 11.79 12.12 8.74 11.19 9.83 9.29 8.82 8.49 9.23 7.63 9.82 11.12 8.41 7.26 5.84 5.59 5.53 5.34 5.56 5.92 6.76 5.86 5.95 6.63 8.82 7.59 9.04 7.95 8.70 7.99 9.02 9.81 8.95 7.90 7.39 7.43 7.30 7.00 8.48 7.40 6.59 8.67 7.04 7.08 8.87 9.92 6.03 6.38 6.77 6.34 5.75 5.47 5.34 5.93 6.79 7.29 6.19 5.89 6.19 7.09 7.14 7.04 7.74 6.90 6.62 6.48 5.85
-9999 -9999 -9999 -9999 -9999 -9999 16.09 16.63 15.93 15.22 11.93 10.49 12.46 9.78 8.75 9.74 8.75 9.72 9.45 10.04 8.46 8.39 9.22 7.66 5.87 5.13 5.26 5.83 6.09 5.18 5.24 5.59 5.48 5.75 7.64 7.93 7.14 8.33 8.86 10.35 9.21 9.16 10.46 8.77 8.41 6.90 7.45 7.07 7.47 6.81 6.72 6.04 7.42 7.57 6.60 7.66 6.98 5.90 5.60 5.43 6.03 5.79 5.64 5.09 4.76 5.03 5.14 5.41 5.68 5.75 5.46 6.42 7.00 7.92 8.23 7.55 6.08 6.97
-9999 -9999 -9999 -9999 -9999 -9999 15.34 14.38 12.66 12.89 11.57 10.79 9.63 11.58 11.52 10.43 11.67 10.97 9.87 10.99 9.56 9.58 9.90 7.17 7.83 9.56 8.36 6.82 5.73 4.97 5.63 6.20 6.67 6.14 7.61 6.95 7.69 6.99 6.44 8.54 10.06 8.60 8.48 8.21 7.50 7.23 7.78 6.88 6.22 7.12 7.50 5.93 6.49 6.79 6.70 7.80 8.20 7.95 9.54 6.35 6.20 5.20 4.89 4.92 5.05 4.87 4.92 5.27 5.82 5.50 5.50 5.50 6.69 6.92 7.08 7.15 7.30 5.90
-9999 -9999 -9999 -9999 -9999 -9999 15.65 13.40 12.23 12.40 11.37 11.44 10.21 10.63 10.65 9.18 10.60 10.54 10.81 10.90 10.12 7.58 6.91 6.61 9.06 8.75 8.87 9.41 6.59 5.97 6.09 5.33 6.41 5.73 7.02 6.66 6.77 6.58 6.11 8.44 8.11 8.17 7.79 7.50 7.41 7.23 7.66 7.54 6.19 6.04 6.46 7.50 6.16 6.48 6.35 7.05 7.25 7.29 8.22 7.37 8.05 9.05 5.07 8.81 7.05 5.31 5.92 9.58 9.18 8.39 5.04 5.02 5.41 5.50 6.52 6.47 8.10 9.33
-9999 -9999 -9999 -9999 -9999 -9999 13.20 12.24 11.72 11.29 10.25 10.05 9.68 9.22 10.23 9.47 9.54 10.26 9.21 9.34 8.91 9.04 6.56 7.56 9.81 8.66 10.04 9.89 7.43 7.39 7.83 6.49 6.67 6.70 6.83 6.99 7.03 7.53 8.62 6.78 7.88 7.54 7.33 7.09 7.04 7.17 7.50 6.46 6.52 6.38 7.04 7.61 8.33 7.48 8.44 8.18 7.65 7.25 6.70 6.05 6.07 6.65 6.09 8.27 8.21 9.23 9.01 9.82 10.22 10.55 6.16 6.00 5.62 5.78 6.86 8.48 10.33 10.94
-9999 -9999 -9999 -9999 -9999 -9999 11.31 11.02 11.03 11.34 11.61 10.46 9.57 8.62 9.00 10.50 9.73 9.05 8.17 8.81 8.42 8.10 7.75 6.86 7.24 6.74 9.68 8.27 5.79 9.20 8.89 7.37 10.16 8.29 8.93 9.88 9.04 8.31 8.85 7.49 6.68 7.08 6.87 6.34 6.65 6.77 7.40 6.41 6.73 7.97 8.99 8.72 8.74 9.09 9.23 9.62 9.51 8.85 7.71 7.20 7.96 8.68 9.04 9.76 10.24 10.55 -9999 -9999 10.64 10.83 9.99 8.95 7.47 10.83 9.02 -9999 -9999 -9999
-9999 -9999 -9999 -9999 -9999 13.59 10.94 10.85 10.26 11.58 11.65 12.62 10.21 10.14 9.47 10.34 9.46 8.45 7.82 8.01 7.89 7.61 7.47 7.81 8.34 8.72 8.70 6.91 9.88 10.80 8.07 7.20 7.93 7.54 8.91 8.92 7.60 7.44 7.15 6.81 7.86 7.61 7.62 7.22 7.35 8.01 8.93 8.65 8.20 8.19 8.47 8.87 -9999 -9999 10.67 12.00 12.12 11.28 10.52 9.89 10.25 -9999 -9999 -9999 -9999 -9999 -9999 -9999 -9999 -9999 -9999 10.92 11.07 12.98 11.63 -9999 -9999 -9999
-9999 -9999 -9999 -9999 14.98 12.24 9.94 10.92 9.89 10.16 10.28 10.84 9.94 12.59 12.98 11.35 10.26 9.95 10.04 8.40 7.68 7.66 8.21 8.58 11.72 12.67 11.90 11.10 13.04 10.02 10.22 10.03 10.45 10.67 8.31 6.81 7.34 6.39 6.55 6.29 6.71 6.86 8.94 10.52 10.70 10.58 10.62 10.82 9.75 -9999 7.73 8.54 8.38 9.17 10.80 -9999 -9999 -9999 -9999 12.32 -9999 -9999 -9999 -9999 -9999 -9999 -9999 -9999 -9999 -9999 -9999 -9999 -9999 -9999 -9999 -9999 -9999 -9999
-9999 -9999 -9999 17.04 14.64 13.28 11.37 9.60 9.41 9.44 9.02 9.87 11.37 16.03 17.10 11.37 9.94 13.00 9.41 10.93 8.01 7.74 11.52 10.53 10.67 11.40 11.72 -9999 -9999 -9999 -9999 -9999 11.13 12.20 10.86 8.44 8.10 7.38 6.51 6.50 6.49 7.49 9.68 -9999 -9999 -9999 -9999 -9999 12.13 11.74 9.68 7.66 7.19 10.25 11.11 -9999 -9999 -9999 -9999 -9999 -9999 -9999 -9999 -9999 -9999 -9999 -9999 -9999 -9999 -9999 -9999 -9999 -9999 -9999 -9999 -9999 -9999 -9999
-9999 -9999 12.01 12.78 14.04 13.76 11.46 10.85 10.29 8.37 10.04 11.24 14.07 16.59 17.56 15.19 13.28 10.96 12.15 9.50 9.73 9.45 12.45 12.78 -9999 -9999 -9999 -9999 -9999 -9999 -9999 -9999 -9999 11.34 11.29 9.45 10.63 11.68 11.93 9.17 11.42 11.50 12.89 -9999 -9999 -9999 -9999 -9999 -9999 -9999 9.87 9.68 7.89 9.32 -9999 -9999 -9999 -9999 -9999 -9999 -9999 -9999 -9999 -9999 -9999 -9999 -9999 -9999 -9999 -9999 -9999 -9999 -9999 -9999 -9999 -9999 -9999 -9999
13.35 13.13 11.00 11.81 13.52 14.80 14.23 11.74 9.34 9.27 10.84 11.77 13.51 16.81 14.44 13.53 12.68 14.02 7.38 9.73 13.93 11.68 -9999 -9999 -9999 -9999 -9999 -9999 -9999 -9999 -9999 -9999 -9999 -9999 -9999 12.17 -9999 -9999 -9999 -9999 10.77 13.68 14.69 -9999 -9999 -9999 -9999 -9999 -9999 -9999 -9999 10.80 12.79 11.29 -9999 -9999 -9999 -9999 -9999 -9999 -9999 -9999 -9999 -9999 -9999 -9999 -9999 -9999 -9999 -9999 -9999 -9999 -9999 -9999 -9999 -9999 -9999 -9999
11.72 10.66 9.18 11.23 13.79 14.10 14.27 12.44 10.77 11.92 9.29 8.96 11.55 15.33 14.63 11.75 9.81 11.68 8.22 7.85 10.38 -9999 -9999 -9999 -9999 -9999 -9999 -9999 -9999 -9999 -9999 -9999 -9999 -9999 -9999 14.01 -9999 -9999 -9999 -9999 -9999 -9999 -9999 -9999 -9999 -9999 -9999 -9999 -9999 -9999 -9999 -9999 -9999 -9999 -9999 -9999 -9999 -9999 -9999 -9999 -9999 -9999 -9999 -9999 -9999 -9999 -9999 -9999 -9999 -9999 -9999 -9999 -9999 -9999 -9999 -9999 -9999 -9999
12.68 10.75 8.86 10.97 12.04 12.14 12.54 11.52 10.82 12.23 8.50 8.79 11.00 13.81 17.60 17.21 9.20 9.09 8.04 9.40 13.41 -9999 -9999 -9999 -9999 -9999 -9999 -9999 -9999 -9999 -9999 -9999 -9999 -9999 -9999 -9999 -9999 -9999 -9999 -9999 -9999 -9999 -9999 -9999 -9999 -9999 -9999 -9999 -9999 -9999 -9999 -9999 -9999 -9999 -9999 -9999 -9999 -9999 -9999 -9999 -9999 -9999 -9999 -9999 -9999 -9999 -9999 -9999 -9999 -9999 -9999 -9999 -9999 -9999 -9999 -9999 -9999 -9999
11.22 12.58 11.27 11.84 11.49 12.36 11.34 10.70 10.16 8.98 9.31 8.98 9.47 13.15 15.15 13.85 10.77 7.66 7.39 11.67 11.72 -9999 -9999 -9999 -9999 -9999 -9999 -9999 -9999 -9999 -9999 -9999 -9999 -9999 -9999 -9999 -9999 -9999 -9999 -9999 -9999 -9999 -9999 -9999 -9999 -9999 -9999 -9999 -9999 -9999 -9999 -9999 -9999 -9999 -9999 -9999 -9999 -9999 -9999 -9999 -9999 -9999 -9999 -9999 -9999 -9999 -9999 -9999 -9999 -9999 -9999 -9999 -9999 -9999 -9999 -9999 -9999 -9999
