ML/MeanWindSpeed_1997-03_Actual.txt
ncols         180
nrows         290
xllcorner     -200000
yllcorner     -200000
cellsize      5000
NODATA_value  -9999
[rows 105 to 139 of 290, columns 78 to 155 of 180]
12.47 15.59 10.82 7.09 10.11 15.44 15.52 13.37 11.46 12.73 17.64 12.26 15.26 9.63 12.34 16.63 11.54 8.94 9.66 11.97 10.87 10.46 11.51 11.79 10.27 11.45 10.73 10.70 13.37 12.54 12.65 12.26 -9999 -9999 -9999 -9999 -9999 -9999 -9999 -9999 -9999 -9999 -9999 -9999 -9999 -9999 -9999 -9999 -9999 -9999 -9999 -9999 -9999 -9999 -9999 -9999 -9999 -9999 -9999 -9999 -9999 -9999 -9999 -9999 -9999 -9999 -9999 -9999 -9999 -9999 -9999 -9999 -9999 -9999 -9999 -9999 -9999 -9999
14.07 11.72 13.04 17.07 16.11 18.97 11.15 15.34 8.27 17.80 9.79 20.12 10.73 14.11 21.60 14.24 11.30 14.27 13.30 10.36 10.04 9.23 9.20 10.85 9.83 9.44 11.17 11.98 11.91 12.06 10.82 12.01 12.63 -9999 -9999 -9999 -9999 -9999 -9999 -9999 -9999 -9999 -9999 -9999 -9999 -9999 -9999 -9999 -9999 -9999 -9999 -9999 -9999 -9999 -9999 -9999 -9999 -9999 -9999 -9999 -9999 -9999 -9999 -9999 -9999 -9999 -9999 -9999 -9999 -9999 -9999 -9999 -9999 -9999 -9999 -9999 -9999 -9999
14.16 8.44 16.33 12.75 8.14 12.91 17.32 16.60 8.18 17.36 14.96 15.97 12.33 17.43 14.55 16.19 20.13 16.14 14.22 12.10 10.65 11.04 12.80 13.47 14.89 14.04 12.16 10.94 10.49 13.14 11.74 14.10 13.86 14.56 -9999 -9999 -9999 -9999 -9999 -9999 -9999 -9999 -9999 -9999 -9999 -9999 -9999 -9999 -9999 -9999 -9999 -9999 -9999 -9999 -9999 -9999 -9999 -9999 -9999 -9999 -9999 -9999 -9999 -9999 -9999 -9999 -9999 -9999 -9999 -9999 -9999 -9999 -9999 -9999 -9999 -9999 -9999 -9999
10.94 15.04 15.30 11.68 7.63 14.84 16.85 20.93 10.21 16.77 13.74 14.65 14.07 15.09 9.58 11.84 13.64 13.24 10.52 12.29 14.75 18.53 17.29 15.57 13.29 12.62 14.23 10.31 12.12 13.50 14.14 14.55 14.61 14.70 14.43 -9999 -9999 -9999 -9999 -9999 -9999 -9999 -9999 -9999 -9999 -9999 -9999 -9999 -9999 -9999 -9999 -9999 -9999 -9999 -9999 -9999 -9999 -9999 -9999 -9999 -9999 -9999 -9999 -9999 -9999 -9999 -9999 -9999 -9999 -9999 -9999 -9999 -9999 -9999 -9999 -9999 -9999 -9999
15.74 18.53 9.94 7.74 13.12 19.56 14.62 7.36 11.07 25.61 12.57 11.99 13.60 13.68 11.18 10.35 8.75 9.46 13.88 20.15 19.23 16.39 14.67 11.60 10.93 11.60 13.40 12.04 13.07 12.60 12.18 13.00 13.45 13.72 -9999 -9999 -9999 -9999 -9999 -9999 -9999 -9999 -9999 -9999 -9999 -9999 -9999 -9999 -9999 -9999 -9999 -9999 -9999 -9999 -9999 -9999 -9999 -9999 -9999 -9999 -9999 -9999 -9999 -9999 -9999 -9999 -9999 -9999 -9999 -9999 -9999 -9999 -9999 -9999 -9999 -9999 -9999 -9999
13.34 12.14 11.06 17.62 10.37 16.79 17.45 17.33 13.06 11.19 21.65 13.61 11.13 9.58 9.37 8.82 8.42 8.70 13.48 11.38 10.37 9.39 11.13 13.27 11.85 12.00 11.53 11.89 13.42 12.99 -9999 -9999 -9999 -9999 -9999 -9999 -9999 -9999 -9999 -9999 -9999 -9999 -9999 -9999 -9999 -9999 -9999 -9999 -9999 -9999 -9999 -9999 -9999 -9999 -9999 -9999 -9999 -9999 -9999 -9999 -9999 -9999 -9999 -9999 -9999 -9999 -9999 -9999 -9999 -9999 -9999 -9999 -9999 -9999 -9999 -9999 -9999 -9999
12.29 8.74 16.58 16.81 18.82 19.79 9.89 17.91 18.00 10.33 14.26 15.20 11.54 10.97 11.99 13.53 15.09 10.96 10.03 9.54 9.86 10.69 11.67 13.02 12.15 12.10 12.95 12.74 -9999 -9999 -9999 -9999 -9999 -9999 -9999 -9999 -9999 -9999 -9999 -9999 -9999 -9999 -9999 -9999 -9999 -9999 -9999 -9999 -9999 -9999 -9999 -9999 -9999 -9999 -9999 -9999 -9999 -9999 -9999 -9999 -9999 -9999 -9999 -9999 -9999 -9999 -9999 -9999 -9999 -9999 -9999 -9999 -9999 -9999 -9999 -9999 -9999 -9999
10.45 16.88 12.79 17.48 19.77 16.84 14.35 18.59 18.64 11.29 10.64 9.48 9.98 11.05 12.05 15.80 17.43 13.90 11.72 10.01 9.76 11.19 10.66 11.12 11.76 14.03 15.06 13.17 -9999 -9999 -9999 -9999 -9999 -9999 -9999 -9999 -9999 -9999 -9999 -9999 -9999 -9999 -9999 -9999 -9999 -9999 -9999 -9999 -9999 -9999 -9999 -9999 -9999 -9999 -9999 -9999 -9999 -9999 -9999 -9999 -9999 -9999 -9999 -9999 -9999 -9999 -9999 -9999 -9999 -9999 -9999 -9999 -9999 -9999 -9999 -9999 -9999 -9999
12.77 16.61 13.10 17.16 16.62 18.55 12.68 11.19 13.12 12.81 12.19 12.01 9.49 19.16 19.00 17.25 17.33 13.58 10.39 10.18 9.85 9.76 9.43 9.56 10.93 10.63 -9999 -9999 -9999 -9999 -9999 13.18 12.35 12.59 11.95 -9999 -9999 -9999 -9999 -9999 -9999 -9999 -9999 -9999 -9999 -9999 -9999 -9999 -9999 -9999 -9999 -9999 -9999 -9999 -9999 -9999 -9999 -9999 -9999 -9999 -9999 -9999 -9999 -9999 -9999 -9999 -9999 -9999 -9999 -9999 -9999 -9999 -9999 -9999 -9999 -9999 -9999 -9999
13.18 18.31 13.09 10.68 21.55 12.49 12.18 11.10 10.45 12.20 14.29 17.38 13.29 13.06 11.43 11.41 10.77 11.41 11.70 12.04 11.55 10.47 10.75 11.15 10.64 10.20 10.78 11.84 -9999 -9999 11.25 11.09 11.07 9.88 10.25 11.07 11.81 -9999 -9999 -9999 -9999 -9999 -9999 -9999 -9999 -9999 -9999 -9999 -9999 -9999 -9999 -9999 -9999 -9999 -9999 -9999 -9999 -9999 -9999 -9999 -9999 -9999 -9999 -9999 -9999 -9999 -9999 -9999 -9999 -9999 -9999 -9999 -9999 -9999 -9999 -9999 -9999 -9999
15.71 13.22 14.44 15.98 17.61 12.21 13.31 15.37 14.78 13.89 11.33 11.37 12.19 11.30 11.17 10.81 10.70 11.48 12.55 12.35 11.24 12.42 12.66 10.15 9.01 9.30 9.96 11.72 10.62 10.78 11.28 10.26 8.59 9.45 12.37 12.91 14.92 11.29 -9999 -9999 -9999 -9999 -9999 -9999 -9999 -9999 -9999 -9999 -9999 -9999 -9999 -9999 -9999 -9999 -9999 -9999 -9999 -9999 -9999 -9999 -9999 -9999 -9999 -9999 -9999 -9999 -9999 -9999 -9999 -9999 -9999 -9999 -9999 -9999 -9999 -9999 -9999 -9999
13.27 16.91 15.62 12.90 12.23 -9999 15.58 18.13 14.35 12.63 10.74 10.26 10.43 10.97 11.54 11.16 11.22 13.20 13.15 13.07 11.91 10.83 10.41 9.08 9.45 10.25 12.01 10.61 9.33 11.40 10.31 9.89 9.03 10.91 13.40 13.99 15.19 13.48 14.90 16.06 12.47 -9999 -9999 -9999 -9999 -9999 -9999 -9999 -9999 -9999 -9999 -9999 -9999 -9999 -9999 -9999 -9999 -9999 -9999 -9999 -9999 -9999 -9999 -9999 -9999 -9999 -9999 -9999 -9999 -9999 -9999 -9999 -9999 -9999 -9999 -9999 -9999 -9999
14.21 -9999 14.32 15.82 12.67 -9999 16.63 20.52 15.22 13.75 11.28 11.03 10.58 10.75 10.00 10.07 10.39 11.55 13.80 13.58 13.46 11.44 10.68 11.32 12.47 14.76 12.92 9.88 8.46 10.12 10.28 10.40 15.43 16.40 13.86 13.98 13.26 13.44 13.80 11.77 12.74 -9999 -9999 -9999 -9999 -9999 -9999 -9999 -9999 -9999 -9999 -9999 -9999 -9999 -9999 -9999 -9999 -9999 -9999 -9999 -9999 -9999 -9999 -9999 -9999 -9999 -9999 -9999 -9999 -9999 -9999 -9999 -9999 -9999 -9999 -9999 -9999 -9999
13.82 -9999 -9999 15.87 13.78 13.63 16.16 17.83 12.32 12.61 14.48 12.63 11.73 11.25 13.87 11.24 9.66 10.68 11.58 13.24 13.92 14.72 12.42 14.43 15.07 12.95 11.65 11.36 10.29 10.98 12.47 13.45 13.27 15.95 14.08 13.48 13.50 10.58 10.60 11.88 13.21 13.61 -9999 -9999 -9999 -9999 -9999 -9999 -9999 -9999 -9999 -9999 -9999 -9999 -9999 -9999 -9999 -9999 -9999 -9999 -9999 -9999 -9999 -9999 -9999 -9999 -9999 -9999 -9999 -9999 -9999 -9999 -9999 -9999 -9999 -9999 -9999 -9999
-9999 -9999 -9999 -9999 14.48 13.36 17.04 13.82 11.05 12.14 13.50 14.80 13.38 12.33 13.66 14.02 12.13 9.96 12.24 14.77 13.62 13.20 13.46 14.95 13.34 11.51 11.95 11.96 14.90 14.11 12.53 12.08 10.96 13.66 13.31 12.66 13.51 11.12 10.47 10.54 10.54 11.07 -9999 -9999 -9999 -9999 -9999 -9999 -9999 -9999 -9999 -9999 -9999 -9999 -9999 -9999 -9999 -9999 -9999 -9999 -9999 -9999 -9999 -9999 -9999 -9999 -9999 -9999 -9999 -9999 -9999 -9999 -9999 -9999 -9999 -9999 -9999 -9999
16.71 17.99 -9999 -9999 -9999 14.41 15.47 12.97 12.04 11.66 12.21 13.89 14.58 15.05 15.44 14.28 13.73 12.64 10.05 14.32 13.08 12.66 12.89 11.73 11.10 13.26 11.54 14.87 18.35 16.44 13.80 13.84 10.94 12.16 12.04 12.60 13.12 11.03 10.24 10.09 10.05 10.95 11.53 -9999 -9999 -9999 -9999 -9999 -9999 -9999 -9999 -9999 -9999 -9999 -9999 -9999 -9999 -9999 -9999 -9999 -9999 -9999 -9999 -9999 -9999 -9999 -9999 -9999 -9999 -9999 -9999 -9999 -9999 -9999 -9999 -9999 -9999 -9999
18.43 20.20 14.56 -9999 -9999 -9999 14.05 13.20 11.70 11.16 11.22 11.52 13.29 13.62 13.37 12.44 12.83 13.34 13.55 12.25 12.38 12.34 13.79 12.64 15.17 10.32 11.43 10.95 11.55 16.06 15.83 13.49 12.48 11.00 10.92 11.42 11.70 10.24 9.98 9.46 10.26 10.83 10.44 10.60 -9999 -9999 -9999 -9999 -9999 -9999 -9999 -9999 -9999 -9999 -9999 -9999 -9999 -9999 -9999 -9999 -9999 -9999 -9999 -9999 -9999 -9999 -9999 -9999 -9999 -9999 -9999 -9999 -9999 -9999 -9999 -9999 -9999 -9999
16.59 17.72 13.11 -9999 -9999 -9999 -9999 -9999 12.66 11.50 10.13 9.79 10.23 10.54 12.21 15.51 15.60 14.21 13.34 12.49 13.86 13.02 12.57 11.61 14.14 9.68 11.20 12.18 10.82 8.46 10.88 10.32 11.80 10.17 11.60 11.01 9.59 9.40 9.15 9.13 8.63 10.99 10.99 10.21 9.98 -9999 -9999 -9999 -9999 -9999 -9999 -9999 -9999 -9999 -9999 -9999 -9999 -9999 -9999 -9999 -9999 -9999 -9999 -9999 -9999 -9999 -9999 -9999 -9999 -9999 -9999 -9999 -9999 -9999 -9999 -9999 -9999 -9999
12.70 20.57 14.93 -9999 -9999 -9999 -9999 -9999 13.20 12.58 12.51 10.65 12.30 14.46 13.72 15.77 16.57 15.77 13.47 14.75 13.56 12.37 13.94 14.36 9.47 18.58 12.15 15.30 11.30 13.83 13.61 9.40 12.00 10.58 9.96 9.33 9.81 11.26 11.52 9.95 9.84 7.88 10.17 11.96 9.72 11.11 11.72 -9999 -9999 -9999 -9999 -9999 -9999 -9999 -9999 -9999 -9999 -9999 -9999 -9999 -9999 -9999 -9999 -9999 -9999 -9999 -9999 -9999 -9999 -9999 -9999 -9999 -9999 -9999 -9999 -9999 -9999 -9999
16.85 19.92 19.22 -9999 -9999 -9999 -9999 -9999 13.01 11.76 11.83 10.94 11.51 13.33 11.60 12.71 13.07 15.41 14.20 13.81 12.61 15.08 18.70 15.38 12.81 19.79 17.18 12.09 12.92 10.83 9.02 10.95 11.83 10.44 10.90 10.84 9.12 9.48 9.51 11.17 14.05 10.84 9.71 10.87 11.16 10.07 10.91 -9999 -9999 -9999 -9999 -9999 -9999 -9999 -9999 -9999 -9999 -9999 -9999 -9999 -9999 -9999 -9999 -9999 -9999 -9999 -9999 -9999 -9999 -9999 -9999 -9999 -9999 -9999 -9999 -9999 -9999 -9999
14.19 15.94 17.76 -9999 -9999 -9999 -9999 -9999 12.33 11.20 10.91 10.81 10.84 11.27 12.15 15.80 17.65 15.03 15.67 12.24 12.28 12.36 14.94 10.15 15.78 13.88 11.34 12.80 14.05 9.11 11.99 10.34 11.41 11.25 8.96 10.32 10.59 9.80 8.92 15.55 15.86 14.24 9.47 10.34 11.02 10.25 11.24 -9999 -9999 -9999 -9999 -9999 -9999 -9999 -9999 -9999 -9999 -9999 -9999 -9999 -9999 -9999 -9999 -9999 -9999 -9999 -9999 -9999 -9999 -9999 -9999 -9999 -9999 -9999 -9999 -9999 -9999 -9999
-9999 -9999 -9999 -9999 -9999 -9999 -9999 14.80 12.46 11.87 10.84 11.32 11.96 10.98 12.45 13.11 15.83 13.85 13.58 16.10 13.88 15.08 14.68 14.19 16.76 15.03 9.67 11.16 12.61 11.96 10.92 11.55 9.03 10.48 11.20 8.72 10.03 9.42 12.61 13.77 16.93 14.48 9.49 9.11 8.75 10.12 11.27 -9999 -9999 -9999 -9999 -9999 -9999 -9999 -9999 -9999 -9999 -9999 -9999 -9999 -9999 -9999 -9999 -9999 -9999 -9999 -9999 -9999 -9999 -9999 -9999 -9999 -9999 -9999 -9999 -9999 -9999 -9999
-9999 -9999 -9999 -9999 -9999 -9999 -9999 16.25 10.52 10.88 12.68 14.30 13.42 11.46 11.42 11.99 9.72 11.08 15.65 16.43 13.97 12.64 10.22 8.48 15.49 8.99 10.15 10.03 10.83 10.64 9.47 7.60 10.92 10.58 10.14 9.04 9.46 11.84 13.27 12.08 13.75 13.65 9.60 7.95 8.60 11.18 10.29 -9999 -9999 -9999 -9999 -9999 -9999 -9999 -9999 -9999 -9999 -9999 -9999 -9999 -9999 -9999 -9999 -9999 -9999 -9999 -9999 -9999 -9999 -9999 -9999 -9999 -9999 -9999 -9999 -9999 -9999 -9999
-9999 -9999 -9999 -9999 -9999 -9999 14.13 13.13 8.93 11.04 12.91 11.36 14.05 16.18 14.87 17.05 14.53 12.05 10.67 11.30 14.15 12.76 10.61 6.65 9.11 13.56 9.97 12.62 9.59 9.75 7.19 8.13 10.54 9.62 9.76 10.97 12.80 14.54 13.49 11.27 9.96 9.85 8.88 11.57 12.62 11.13 10.60 -9999 -9999 -9999 -9999 -9999 -9999 -9999 -9999 -9999 -9999 -9999 -9999 -9999 -9999 -9999 -9999 -9999 -9999 -9999 -9999 -9999 -9999 -9999 -9999 -9999 -9999 -9999 -9999 -9999 -9999 -9999
-9999 -9999 -9999 -9999 -9999 -9999 12.38 8.98 12.65 10.87 13.03 10.69 14.08 14.45 17.45 16.23 16.26 14.57 12.57 9.20 18.18 17.15 10.96 6.39 10.23 12.77 9.16 9.77 11.73 8.29 10.79 12.52 10.64 12.28 12.62 16.22 10.87 10.23 11.02 11.77 11.75 9.09 7.76 9.89 10.06 9.56 9.76 10.86 -9999 -9999 -9999 -9999 -9999 -9999 -9999 -9999 -9999 -9999 -9999 -9999 -9999 -9999 -9999 -9999 -9999 -9999 -9999 -9999 -9999 -9999 -9999 -9999 -9999 -9999 -9999 -9999 -9999 -9999
-9999 -9999 -9999 -9999 -9999 11.57 13.82 13.52 12.66 13.44 13.16 11.42 10.04 15.18 14.67 16.03 15.59 15.43 11.11 7.50 11.24 13.10 12.12 8.28 7.66 9.53 9.15 9.01 9.73 13.76 9.61 9.43 9.78 8.72 14.90 12.55 14.63 12.73 9.14 10.30 10.99 11.75 12.72 9.23 8.57 8.29 8.84 9.67 -9999 -9999 -9999 -9999 -9999 -9999 -9999 -9999 -9999 -9999 -9999 -9999 -9999 -9999 -9999 -9999 -9999 -9999 -9999 -9999 -9999 -9999 -9999 -9999 -9999 -9999 -9999 -9999 -9999 -9999
-9999 -9999 -9999 -9999 -9999 13.56 13.07 11.68 16.00 14.92 12.34 11.93 15.35 10.62 12.05 14.68 12.92 12.94 9.11 7.34 9.74 11.06 13.38 8.11 8.01 7.60 8.57 6.95 11.61 7.73 12.46 10.39 7.91 14.80 8.66 10.49 11.83 11.13 12.11 9.02 9.21 12.24 11.63 9.42 9.81 9.11 8.67 9.67 -9999 -9999 -9999 -9999 -9999 -9999 -9999 -9999 -9999 -9999 -9999 -9999 -9999 -9999 -9999 -9999 -9999 -9999 -9999 -9999 -9999 -9999 -9999 -9999 -9999 -9999 -9999 -9999 -9999 -9999
-9999 -9999 -9999 -9999 13.80 11.61 10.81 13.74 11.57 11.74 18.77 14.48 14.23 10.47 12.15 12.96 11.11 12.82 11.99 10.01 11.77 11.11 8.34 7.22 7.86 9.51 9.53 12.48 9.49 8.03 12.65 8.62 9.65 14.88 9.92 8.59 7.79 10.11 11.88 11.07 11.52 11.59 9.53 9.10 8.95 8.25 8.42 9.44 -9999 -9999 -9999 -9999 -9999 -9999 -9999 -9999 -9999 -9999 -9999 -9999 -9999 -9999 -9999 -9999 -9999 -9999 -9999 -9999 -9999 -9999 -9999 -9999 -9999 -9999 -9999 -9999 -9999 -9999
-9999 -9999 -9999 11.68 12.46 13.09 10.22 10.86 11.21 10.02 12.87 12.14 18.53 10.34 9.96 11.20 11.69 12.21 12.69 11.02 9.15 7.91 10.75 7.93 7.35 9.38 10.00 10.00 9.77 8.11 10.11 7.06 9.15 13.59 12.25 12.52 11.21 10.54 9.43 9.49 11.93 10.49 9.49 9.27 8.96 8.86 8.09 8.82 9.92 -9999 -9999 -9999 -9999 -9999 -9999 -9999 -9999 -9999 -9999 -9999 -9999 -9999 -9999 -9999 -9999 -9999 -9999 -9999 -9999 -9999 -9999 -9999 -9999 -9999 -9999 -9999 -9999 -9999
-9999 -9999 -9999 13.81 16.82 13.23 12.16 10.69 9.55 8.28 17.94 14.45 12.01 12.29 9.68 9.73 10.97 10.79 15.51 10.45 8.42 7.89 8.30 11.41 8.33 10.73 9.93 10.56 9.73 9.30 8.55 10.13 7.98 10.47 11.46 10.81 12.07 10.60 9.33 8.97 10.36 9.41 10.69 9.74 8.41 7.43 8.40 9.00 9.71 -9999 -9999 -9999 -9999 -9999 -9999 -9999 -9999 -9999 -9999 -9999 -9999 -9999 -9999 -9999 -9999 -9999 -9999 -9999 -9999 -9999 -9999 -9999 -9999 -9999 -9999 -9999 -9999 -9999
-9999 13.17 12.53 14.84 13.12 12.40 13.38 11.26 10.68 8.78 13.83 12.60 12.94 12.00 11.38 8.89 11.28 11.79 10.82 10.91 10.36 7.95 8.42 9.98 9.59 9.35 9.81 10.15 9.27 8.73 9.64 8.75 8.05 11.49 10.19 9.93 10.32 12.56 11.03 9.83 7.58 8.79 9.43 8.96 8.32 7.55 8.02 8.68 9.65 -9999 -9999 -9999 -9999 -9999 -9999 -9999 -9999 -9999 -9999 -9999 -9999 -9999 -9999 -9999 -9999 -9999 -9999 -9999 -9999 -9999 -9999 -9999 -9999 -9999 -9999 -9999 -9999 -9999
-9999 14.11 12.59 10.55 13.15 11.78 13.35 11.54 10.45 9.18 8.85 10.09 15.06 12.34 11.45 9.38 9.10 9.22 8.90 9.69 10.76 9.23 10.31 9.16 9.55 9.24 9.20 9.04 8.84 8.54 8.65 9.38 8.49 7.03 7.95 8.87 9.21 10.15 10.21 7.02 8.07 10.70 9.55 7.96 8.07 7.62 7.97 7.45 8.28 9.21 -9999 -9999 -9999 -9999 -9999 -9999 -9999 -9999 -9999 -9999 -9999 -9999 -9999 -9999 -9999 -9999 -9999 -9999 -9999 -9999 -9999 -9999 -9999 -9999 -9999 -9999 -9999 -9999
-9999 14.31 12.80 9.58 12.51 10.63 11.70 10.96 10.42 10.11 8.32 11.90 11.78 11.29 13.39 10.23 9.08 8.97 7.92 10.48 14.98 11.11 -9999 -9999 -9999 9.58 9.34 -9999 8.67 8.78 8.85 8.18 7.48 8.07 9.32 8.31 8.51 10.04 9.46 10.83 10.23 7.53 6.22 6.39 6.73 7.17 5.03 6.00 6.61 8.22 -9999 -9999 -9999 -9999 -9999 -9999 -9999 -9999 -9999 -9999 -9999 -9999 -9999 -9999 -9999 -9999 -9999 -9999 -9999 -9999 -9999 -9999 -9999 -9999 -9999 -9999 -9999 -9999
-9999 12.85 14.97 11.09 10.71 11.37 12.21 11.83 11.08 10.14 9.28 9.70 15.16 12.13 12.86 10.00 9.60 11.53 8.74 9.99 11.00 11.46 -9999 -9999 -9999 9.78 9.05 9.06 9.08 8.55 8.14 7.22 8.78 11.54 11.73 9.52 12.98 9.78 9.54 12.23 9.12 9.33 9.00 8.51 5.78 6.54 7.71 6.13 5.45 7.09 -9999 -9999 -9999 -9999 -9999 -9999 -9999 -9999 -9999 -9999 -9999 -9999 -9999 -9999 -9999 -9999 -9999 -9999 -9999 -9999 -9999 -9999 -9999 -9999 -9999 -9999 -9999 -9999
-9999 -9999 13.95 13.91 11.68 -9999 12.87 12.98 11.92 11.06 10.14 -9999 11.57 10.33 11.33 9.45 10.99 11.79 10.51 10.81 -9999 -9999 -9999 -9999 10.77 9.26 8.60 8.41 9.07 9.20 8.26 7.90 8.43 12.84 16.95 9.86 15.17 11.19 12.81 13.76 10.68 11.73 9.12 6.70 7.68 7.43 5.80 3.65 4.67 7.24 7.94 -9999 -9999 -9999 -9999 -9999 -9999 -9999 -9999 -9999 -9999 -9999 -9999 -9999 -9999 -9999 -9999 -9999 -9999 -9999 -9999 -9999 -9999 -9999 -9999 -9999 -9999 -9999
