ML/MeanWindSpeed_1993-12_Actual.txt
ncols         180
nrows         290
xllcorner     -200000
yllcorner     -200000
cellsize      5000
NODATA_value  -9999
[rows 170 to 203 of 290, columns 77 to 153 of 180]
-9999 -9999 -9999 -9999 -9999 -9999 -9999 -9999 -9999 -9999 -9999 -9999 -9999 -9999 -9999 -9999 -9999 -9999 -9999 -9999 -9999 -9999 -9999 -9999 -9999 -9999 -9999 -9999 -9999 12.30 11.05 10.37 10.58 10.87 10.88 10.56 10.07 10.12 9.64 9.31 9.13 9.12 10.08 10.50 16.80 19.96 20.82 18.94 17.19 15.71 13.69 13.11 11.78 12.46 10.93 10.76 10.57 10.70 10.87 11.02 11.68 12.05 11.80 10.92 11.34 13.56 13.31 13.75 12.56 12.72 14.03 16.07 -9999 -9999 -9999 -9999 -9999
-9999 -9999 -9999 -9999 -9999 -9999 -9999 -9999 -9999 20.08 18.88 19.44 20.75 -9999 -9999 -9999 -9999 -9999 -9999 -9999 -9999 -9999 -9999 -9999 -9999 -9999 -9999 -9999 13.46 11.72 11.60 10.82 11.63 11.22 10.56 10.31 10.23 9.90 9.76 9.47 9.19 9.12 9.05 12.87 17.06 18.00 16.37 19.89 18.96 15.07 14.24 11.49 13.66 13.16 11.24 10.93 10.66 10.77 10.94 11.12 11.70 12.43 12.30 11.29 11.16 11.71 13.70 13.81 14.26 12.44 12.25 14.16 16.60 -9999 -9999 -9999 -9999
-9999 -9999 -9999 -9999 -9999 -9999 -9999 -9999 -9999 18.57 17.13 17.11 18.12 -9999 -9999 -9999 -9999 -9999 -9999 -9999 -9999 -9999 -9999 -9999 -9999 -9999 -9999 13.54 12.68 11.59 11.88 12.88 11.53 11.36 10.15 9.94 9.96 9.69 9.86 9.91 9.01 8.54 8.93 11.64 18.80 19.68 16.19 18.31 17.71 16.82 13.16 11.50 12.90 13.07 11.72 10.65 10.50 10.84 11.45 11.51 11.78 12.29 12.79 11.95 11.51 11.47 13.28 13.58 13.72 12.64 12.25 12.95 15.35 -9999 -9999 -9999 -9999
-9999 -9999 -9999 -9999 -9999 -9999 -9999 23.32 19.08 16.42 16.12 15.77 17.06 16.82 18.14 19.11 -9999 -9999 18.82 17.41 -9999 -9999 -9999 14.75 15.97 15.31 -9999 11.43 12.61 11.84 11.65 12.11 11.39 11.48 11.03 11.25 10.59 10.46 9.61 9.82 8.97 9.31 13.28 11.55 14.80 17.90 13.11 15.16 20.08 14.46 15.17 12.37 12.82 12.64 11.62 11.08 10.98 11.19 11.64 11.45 11.90 12.13 12.98 12.08 11.58 11.53 12.00 12.86 14.09 13.65 12.33 12.23 14.16 16.83 -9999 -9999 -9999
-9999 -9999 -9999 -9999 -9999 -9999 -9999 -9999 19.80 17.27 15.94 15.00 15.02 16.11 17.54 15.41 -9999 15.40 14.90 16.27 15.74 16.66 12.92 11.15 14.84 15.39 14.09 -9999 10.60 12.10 11.98 11.22 11.13 11.80 10.95 10.36 10.10 9.82 9.89 9.31 9.20 9.36 13.54 14.97 15.27 16.31 15.41 17.38 18.03 16.13 12.96 11.84 13.47 13.09 11.36 11.65 11.22 11.86 11.96 11.55 11.77 12.01 13.07 12.25 11.68 11.54 11.37 12.27 13.27 14.06 13.05 12.18 13.12 15.67 -9999 -9999 -9999
-9999 -9999 -9999 -9999 -9999 -9999 -9999 -9999 -9999 19.02 17.48 15.75 14.63 13.80 11.09 10.51 17.87 23.27 11.75 15.17 16.31 16.08 14.00 10.37 9.87 12.73 15.54 13.10 10.67 10.72 11.47 10.84 11.06 12.31 11.38 10.63 9.94 9.86 9.73 9.20 8.87 9.13 14.78 16.71 15.19 15.91 13.99 13.38 15.17 15.10 12.45 11.68 12.81 11.97 11.23 11.71 11.38 12.46 11.85 11.75 11.60 11.57 12.98 11.92 11.54 11.54 11.31 11.85 12.52 12.69 12.95 13.25 12.23 14.60 17.46 -9999 -9999
-9999 -9999 -9999 -9999 -9999 -9999 -9999 -9999 -9999 -9999 19.90 16.37 13.71 10.88 8.65 11.38 25.62 18.12 8.97 15.16 12.44 16.40 16.38 12.02 9.12 15.24 13.89 14.55 12.69 10.70 10.47 10.28 9.77 11.17 11.60 11.02 10.43 9.90 9.96 9.55 9.12 10.83 12.64 17.09 15.46 16.56 15.56 11.49 13.87 15.43 11.97 11.65 12.36 11.60 11.31 11.38 11.34 12.47 11.65 11.46 11.52 11.04 11.95 11.92 11.53 11.54 11.47 11.65 12.30 13.51 12.53 11.89 11.94 14.00 16.96 -9999 -9999
-9999 -9999 -9999 -9999 -9999 -9999 -9999 -9999 -9999 -9999 -9999 16.48 12.50 10.79 11.29 21.35 25.12 18.11 12.75 12.52 14.19 16.51 17.47 16.50 11.41 10.60 16.54 14.52 13.18 11.76 10.45 10.12 10.41 10.91 11.26 10.65 10.06 10.19 10.13 9.97 10.17 11.04 13.54 15.27 13.47 13.94 15.37 13.29 10.97 14.70 11.53 11.20 11.81 11.08 10.99 10.95 11.61 12.33 11.68 11.53 11.38 10.85 12.50 12.03 11.77 11.83 11.84 12.19 12.14 12.22 11.86 11.72 12.11 14.51 17.23 -9999 -9999
-9999 -9999 -9999 -9999 -9999 -9999 -9999 -9999 -9999 -9999 -9999 15.57 12.37 12.97 14.43 17.43 22.42 14.74 10.35 12.30 15.33 16.20 17.75 16.07 11.89 9.56 16.60 16.80 14.02 12.45 10.32 9.85 10.44 11.65 11.30 10.79 10.44 9.91 9.70 10.27 12.15 12.12 10.81 15.65 13.30 13.69 15.23 14.97 12.81 11.78 10.69 9.39 10.81 11.51 10.64 10.71 10.77 11.54 11.43 11.88 11.62 11.53 12.36 13.06 12.63 12.60 12.35 12.31 12.10 11.75 11.59 12.17 13.58 15.83 -9999 -9999 -9999
-9999 -9999 -9999 -9999 -9999 -9999 -9999 -9999 -9999 -9999 -9999 13.66 11.95 12.52 12.18 17.27 16.73 13.32 13.74 11.68 13.34 16.48 15.70 17.74 14.37 10.58 15.39 16.80 15.88 12.28 10.79 9.69 10.75 12.12 11.88 10.92 10.33 9.98 10.35 11.75 12.16 10.79 10.69 13.77 13.52 13.07 13.06 12.41 12.35 12.74 9.35 10.02 10.30 10.03 10.49 10.29 11.34 10.86 11.35 11.82 11.90 12.55 14.89 14.09 13.26 12.85 12.65 12.39 12.05 11.72 11.81 13.33 15.42 -9999 -9999 -9999 -9999
-9999 -9999 -9999 -9999 -9999 -9999 -9999 -9999 -9999 -9999 15.10 20.42 13.10 13.89 14.92 11.14 20.64 18.09 16.70 15.21 17.60 15.05 16.16 14.64 12.91 13.89 17.89 16.91 15.77 12.24 10.68 9.72 11.32 11.75 11.34 10.85 10.14 10.29 11.80 11.40 10.98 12.11 12.89 11.08 15.22 14.15 11.55 12.15 11.36 10.38 9.99 9.16 9.18 9.40 10.46 10.19 9.95 11.60 11.27 11.73 12.27 13.22 15.13 14.20 13.41 13.03 12.57 12.31 11.76 11.48 12.72 14.70 -9999 -9999 -9999 -9999 -9999
-9999 -9999 -9999 -9999 -9999 -9999 -9999 -9999 16.81 15.46 18.25 15.85 13.65 14.31 14.94 11.07 12.09 13.71 17.48 16.97 18.09 17.31 17.65 12.21 14.80 14.62 12.58 13.71 12.68 12.44 11.09 10.21 11.17 11.61 11.45 10.57 10.57 11.94 11.45 11.72 10.84 12.44 13.13 12.88 11.85 10.87 12.21 11.71 11.00 10.60 10.25 9.91 8.77 9.73 9.70 9.32 9.83 10.51 11.22 11.89 12.16 13.24 14.92 14.07 13.18 12.84 12.25 11.91 11.42 11.80 13.42 -9999 -9999 -9999 -9999 -9999 17.27
-9999 -9999 -9999 -9999 -9999 -9999 -9999 16.89 16.04 15.80 16.10 15.92 15.91 14.39 11.71 10.77 11.99 13.11 16.30 23.13 15.52 13.77 12.94 9.80 15.90 17.28 17.07 14.39 12.64 12.25 11.63 11.01 11.30 11.87 11.29 10.70 10.77 11.75 12.29 10.87 10.68 12.47 12.71 12.30 11.79 11.77 11.84 10.65 10.92 9.80 9.65 10.14 9.54 9.07 8.77 9.37 10.41 10.45 11.02 11.55 11.97 12.79 14.69 14.03 12.95 12.31 11.84 11.55 11.24 11.65 13.00 -9999 -9999 -9999 -9999 -9999 15.32
-9999 -9999 -9999 -9999 -9999 -9999 17.49 17.62 16.66 16.76 -9999 -9999 -9999 -9999 11.91 17.47 14.80 14.17 17.39 15.99 13.57 15.78 14.43 12.74 21.72 19.43 16.92 17.41 13.88 11.42 11.68 11.59 11.08 11.18 10.91 10.35 10.98 10.91 12.42 11.17 10.88 11.43 12.03 12.18 11.94 10.94 10.92 10.65 10.51 10.15 9.77 9.32 9.01 8.75 9.18 10.14 10.15 10.11 10.95 11.71 12.06 12.39 13.47 13.33 12.93 11.87 11.57 11.28 10.93 11.03 12.10 14.20 -9999 -9999 -9999 -9999 13.89
-9999 -9999 -9999 -9999 -9999 -9999 19.22 20.12 17.19 18.09 -9999 -9999 -9999 -9999 12.04 14.94 16.10 11.56 16.51 15.76 14.49 17.63 19.35 16.31 20.50 14.09 14.92 14.69 13.06 11.46 11.25 11.36 11.07 11.27 11.64 10.53 11.11 11.16 11.55 12.08 11.08 11.32 10.87 11.56 12.13 12.38 12.20 10.59 10.09 10.01 9.89 10.17 9.44 9.30 9.73 10.20 10.87 10.27 12.11 12.29 12.67 12.06 12.61 12.65 12.40 11.53 11.48 11.25 10.84 10.65 10.83 12.18 13.50 -9999 -9999 14.41 13.50
-9999 -9999 -9999 -9999 -9999 -9999 -9999 -9999 -9999 -9999 -9999 -9999 -9999 -9999 13.49 18.03 15.83 11.76 13.78 12.00 18.25 18.40 14.22 17.56 17.27 15.59 15.98 13.65 12.40 11.26 11.72 11.28 11.50 11.18 10.76 10.76 10.76 10.75 11.15 11.74 11.01 10.82 11.31 11.63 11.06 11.64 11.61 9.65 10.87 11.84 10.80 10.94 10.53 9.26 9.90 10.92 11.93 11.75 11.38 11.84 12.55 12.12 12.53 12.39 12.25 11.40 11.46 11.32 11.02 10.67 10.24 10.59 11.55 12.87 13.52 13.17 12.92
-9999 -9999 -9999 -9999 -9999 -9999 -9999 -9999 -9999 -9999 -9999 -9999 -9999 -9999 -9999 18.23 10.22 9.71 13.15 17.08 16.50 19.08 18.45 14.50 15.56 16.68 13.26 12.51 11.61 11.20 10.97 11.34 11.31 11.18 10.85 10.68 10.63 10.86 10.72 11.41 10.98 10.54 12.86 12.36 11.04 10.70 10.38 10.21 10.06 11.10 11.32 11.07 12.20 10.34 9.98 10.77 10.61 11.11 11.34 11.18 12.33 12.35 12.10 11.99 12.40 11.60 11.58 11.40 11.08 10.85 10.71 10.74 10.82 11.51 12.07 12.36 12.21
-9999 -9999 -9999 -9999 -9999 -9999 -9999 -9999 -9999 -9999 -9999 -9999 -9999 -9999 -9999 13.43 17.20 17.56 15.32 13.89 13.88 16.98 15.34 15.41 13.47 12.82 14.26 11.33 11.19 12.82 12.33 11.97 11.29 10.46 10.24 10.87 10.75 11.66 11.58 11.45 10.78 10.24 12.41 13.40 12.04 10.84 10.22 10.32 10.27 10.15 10.43 11.44 13.79 12.33 10.40 10.08 10.56 11.70 12.71 12.65 12.20 12.66 12.48 12.61 12.39 11.95 11.84 11.58 11.44 11.24 11.13 11.17 11.28 11.57 11.91 12.41 12.36
-9999 -9999 -9999 -9999 -9999 -9999 -9999 -9999 -9999 -9999 -9999 -9999 -9999 -9999 15.68 14.70 12.14 20.03 14.50 12.57 15.46 15.55 14.40 17.15 13.49 12.82 14.44 10.45 16.48 13.77 12.09 12.21 12.91 10.91 10.33 13.14 12.83 11.72 10.61 11.13 11.00 10.68 11.51 12.24 11.95 11.10 10.52 10.29 10.46 10.71 10.47 11.88 11.97 11.29 10.56 10.20 10.91 11.96 12.99 13.05 12.07 12.38 13.00 13.11 12.64 12.23 12.00 11.83 11.71 11.54 11.39 11.43 11.55 11.55 11.83 12.60 12.55
-9999 -9999 -9999 -9999 -9999 -9999 -9999 -9999 -9999 -9999 -9999 -9999 -9999 -9999 14.53 14.96 20.22 14.90 10.67 12.64 12.60 14.40 16.93 16.52 13.85 13.41 12.99 10.90 11.33 12.24 13.90 13.80 11.63 11.33 11.16 11.82 12.31 10.67 10.40 11.09 10.99 11.59 12.07 11.66 11.82 11.33 10.72 10.53 10.56 10.54 10.60 11.65 12.07 11.37 10.20 10.46 11.71 12.99 12.50 13.30 13.33 13.05 12.96 13.54 12.66 12.72 12.21 12.03 11.75 11.65 11.58 11.49 11.51 11.57 11.74 12.74 12.58
-9999 -9999 -9999 -9999 -9999 -9999 -9999 -9999 -9999 -9999 -9999 -9999 -9999 -9999 16.47 17.72 11.04 12.70 11.77 13.15 13.06 17.80 16.01 17.81 15.08 14.01 11.89 10.01 10.26 13.03 15.18 16.40 11.45 12.85 12.10 12.66 12.12 10.13 10.31 10.63 10.95 11.60 11.27 11.44 12.59 11.70 10.58 10.63 11.91 10.42 10.83 11.39 11.34 10.76 10.41 11.08 11.77 12.25 12.59 12.70 12.19 12.42 13.13 13.30 12.29 12.22 12.18 11.96 11.82 11.58 11.36 11.39 11.45 11.55 11.75 12.15 12.05
-9999 -9999 -9999 -9999 -9999 -9999 -9999 -9999 -9999 -9999 -9999 -9999 -9999 -9999 -9999 11.73 12.45 14.33 16.98 18.35 16.29 16.64 14.83 12.49 12.25 11.24 11.86 11.43 10.07 11.06 11.79 14.98 12.42 11.29 11.75 13.44 12.60 10.23 11.07 10.07 10.34 12.93 11.56 11.37 11.22 11.28 10.32 10.41 12.16 11.37 10.68 11.29 10.96 10.68 11.04 12.06 11.88 11.91 11.65 12.32 11.68 13.02 13.16 12.24 12.13 12.60 12.26 11.79 11.63 11.36 11.27 11.34 11.40 11.52 11.60 11.69 11.80
-9999 -9999 -9999 -9999 -9999 -9999 -9999 -9999 -9999 -9999 -9999 -9999 -9999 -9999 -9999 12.76 12.84 14.04 17.08 20.74 19.45 15.57 12.60 11.13 12.31 14.00 15.69 17.07 13.48 11.03 11.49 12.57 11.44 9.49 13.54 13.16 12.53 10.99 11.72 10.35 10.06 11.22 12.89 12.40 11.58 10.85 10.21 10.64 11.67 11.20 10.73 10.82 11.22 11.41 11.76 12.54 11.99 11.63 12.81 12.92 12.86 12.79 13.00 12.09 12.51 12.96 11.87 11.59 11.48 11.31 11.30 11.29 11.33 11.41 11.48 11.59 11.56
-9999 -9999 -9999 -9999 -9999 -9999 -9999 -9999 -9999 -9999 -9999 -9999 -9999 -9999 15.13 11.88 11.91 14.66 16.98 17.04 16.54 13.51 13.75 18.06 14.98 14.98 14.95 12.71 11.50 11.90 12.05 10.42 9.19 9.89 12.61 12.90 12.23 10.94 11.88 9.88 9.85 11.68 11.50 11.90 11.87 10.98 10.19 10.59 11.59 11.28 10.47 10.79 10.85 10.81 11.75 11.66 12.74 12.09 12.93 12.37 12.71 12.92 12.09 11.94 12.83 12.66 11.54 11.37 11.59 11.29 11.39 11.36 11.47 11.44 11.39 11.42 11.24
-9999 -9999 -9999 -9999 -9999 -9999 -9999 -9999 -9999 -9999 -9999 -9999 -9999 -9999 17.45 14.08 11.86 11.76 14.95 19.30 18.36 16.02 13.73 14.33 15.44 16.50 16.64 12.32 13.76 14.27 10.07 12.15 7.98 8.94 11.74 14.01 11.17 11.82 10.46 9.27 9.47 10.50 13.52 12.08 11.96 11.32 10.86 11.02 11.30 10.94 10.43 10.65 10.61 10.60 10.70 12.12 12.66 12.64 13.44 12.63 12.23 12.29 11.96 12.40 12.84 12.49 11.83 12.04 11.79 11.99 11.55 11.53 11.76 11.68 11.41 11.29 11.12
-9999 -9999 -9999 -9999 -9999 -9999 -9999 -9999 -9999 -9999 -9999 -9999 -9999 -9999 15.59 13.23 9.23 10.80 14.60 19.44 17.69 17.27 14.16 15.53 14.58 13.11 13.96 13.70 12.65 10.54 8.85 9.44 11.93 9.20 10.33 10.89 11.39 12.86 11.23 9.52 9.61 10.54 11.22 11.22 12.07 11.50 11.20 11.41 10.70 10.15 10.70 10.93 11.08 10.62 11.31 12.66 12.68 11.86 12.27 13.24 12.33 12.73 11.93 12.87 13.08 12.23 11.97 12.13 11.55 11.74 11.57 11.52 11.56 11.37 11.30 11.33 11.29
-9999 -9999 -9999 -9999 -9999 -9999 -9999 -9999 -9999 -9999 -9999 -9999 -9999 14.76 15.02 15.78 12.61 10.97 15.39 17.41 19.73 19.04 13.32 13.11 11.70 12.97 14.49 11.72 10.75 11.93 9.93 9.20 9.05 9.03 9.55 10.30 11.43 11.44 10.96 10.51 9.97 9.96 10.87 11.36 10.74 11.13 10.96 11.51 10.64 10.59 10.75 10.31 10.33 10.84 12.04 12.08 12.16 11.51 12.55 12.89 12.56 11.88 12.72 12.87 13.09 13.08 12.47 12.05 11.85 11.62 11.61 11.54 11.33 11.17 11.05 11.08 11.28
-9999 -9999 -9999 -9999 -9999 -9999 -9999 -9999 -9999 -9999 -9999 -9999 16.30 15.27 15.27 12.72 10.81 13.95 17.32 18.56 16.87 18.28 13.83 14.40 12.17 11.85 18.06 12.51 12.13 9.47 9.42 7.97 7.82 9.16 11.37 11.02 13.10 11.50 11.65 10.15 9.95 10.11 10.61 11.16 10.71 10.85 11.23 11.33 10.02 10.55 10.49 10.57 10.80 11.38 12.16 11.62 12.36 11.91 12.35 11.75 11.65 12.86 13.25 12.82 13.07 12.82 11.85 12.22 12.20 12.05 11.79 11.36 11.05 10.72 10.94 11.03 11.67
-9999 -9999 -9999 -9999 -9999 -9999 -9999 -9999 -9999 -9999 17.85 15.92 14.18 12.01 11.35 11.25 11.53 14.90 16.54 18.74 20.34 18.30 15.64 11.41 13.28 12.63 16.32 12.50 10.69 10.15 8.56 8.17 7.49 9.90 12.63 12.39 12.74 10.88 10.87 10.30 10.32 10.86 10.68 11.20 10.46 10.66 11.02 10.23 9.97 10.30 11.14 10.84 11.60 12.52 12.27 11.86 11.40 11.19 12.04 12.65 12.47 12.99 12.16 12.86 13.02 12.29 11.43 11.43 12.24 12.01 11.90 11.03 10.64 10.35 10.67 11.75 12.11
-9999 -9999 -9999 -9999 -9999 -9999 18.24 16.39 14.37 16.86 16.49 16.33 16.15 13.57 12.43 11.26 16.15 14.90 17.23 18.36 18.33 15.40 13.81 11.11 11.81 11.38 17.51 15.30 12.46 9.53 9.36 8.91 11.65 10.18 12.32 12.84 12.44 11.87 10.87 10.03 10.95 10.53 10.26 11.43 10.44 10.55 10.24 10.30 10.53 11.21 10.58 11.22 10.83 11.50 12.56 12.44 12.18 11.88 12.43 12.61 12.41 12.34 13.16 12.22 12.15 11.83 11.28 11.93 12.20 12.25 11.50 10.85 10.71 10.76 11.88 12.12 11.72
-9999 -9999 -9999 -9999 -9999 18.95 16.02 15.71 14.22 13.39 14.95 14.54 15.05 13.03 11.26 14.18 15.34 15.95 12.90 18.77 15.33 12.97 17.53 14.02 10.50 17.06 15.17 14.35 10.03 8.84 9.19 12.83 11.00 10.87 10.97 11.16 12.58 12.44 12.05 10.46 10.65 10.21 10.34 11.10 10.74 10.61 10.48 10.40 10.79 10.84 12.73 10.79 10.49 11.18 12.12 11.61 11.60 11.24 11.58 12.19 12.11 13.08 12.59 12.01 12.03 12.05 11.40 11.69 11.85 11.44 11.19 10.98 10.89 10.93 11.52 12.37 12.30
-9999 -9999 -9999 -9999 19.00 17.73 13.92 12.96 12.91 13.97 13.44 13.71 12.77 13.41 17.41 14.38 13.37 16.55 11.19 14.18 13.95 16.98 16.39 17.04 14.79 14.21 12.93 10.92 14.94 13.57 9.94 10.86 11.03 10.85 11.32 10.62 10.69 12.52 12.61 10.12 9.70 9.93 10.64 10.05 9.83 10.59 12.81 10.51 10.29 11.18 12.03 11.11 10.53 11.27 11.89 11.92 12.48 11.94 11.41 11.40 11.43 12.68 12.35 11.72 12.49 12.23 11.47 11.56 11.51 11.26 11.40 11.44 11.33 11.51 11.68 12.39 11.68
18.15 18.98 16.39 17.84 14.96 14.28 14.55 13.24 12.87 14.97 13.53 13.15 13.46 16.35 15.72 13.94 15.19 14.37 12.36 12.72 15.97 16.26 14.77 15.20 16.54 12.22 9.22 15.35 16.63 13.28 13.03 10.96 11.55 10.59 11.02 12.88 10.98 13.14 11.23 9.90 9.41 9.88 11.68 9.36 9.90 14.03 11.35 10.47 10.53 11.48 12.42 10.89 10.80 11.23 11.01 11.63 11.69 11.25 11.09 11.52 11.17 11.71 12.15 12.17 11.81 11.43 10.94 10.76 11.26 12.60 12.00 12.94 12.26 11.28 12.43 12.07 12.07
16.58 14.31 13.26 16.03 18.85 17.53 16.90 13.50 14.57 16.32 14.85 14.19 16.44 14.78 14.27 16.70 13.82 11.36 12.56 13.64 16.32 16.26 16.10 15.48 13.32 9.55 11.61 21.76 18.07 13.97 11.22 11.95 11.55 12.94 11.40 12.13 11.29 11.05 10.70 10.37 9.55 9.37 9.54 9.07 12.77 13.54 12.47 10.77 10.30 13.20 11.86 10.93 10.97 10.64 11.39 11.36 11.10 10.45 11.64 11.28 10.69 12.36 12.30 11.41 11.27 11.07 10.67 11.04 12.04 12.54 12.49 13.10 12.39 12.04 12.66 12.12 11.34
