ML/MeanWindSpeed_1996-03_Actual.txt
ncols         180
nrows         290
xllcorner     -200000
yllcorner     -200000
cellsize      5000
NODATA_value  -9999
[rows 210 to 244 of 290, columns 79 to 157 of 180]
13.22 11.38 13.33 12.80 -9999 -9999 -9999 -9999 -9999 -9999 -9999 6.89 7.01 8.34 7.58 8.24 8.89 10.75 12.77 15.25 14.18 12.07 10.30 10.17 8.80 11.87 12.10 7.97 6.67 10.87 10.66 11.62 7.88 7.03 7.15 6.79 7.78 8.57 8.46 8.83 8.42 7.94 7.64 7.40 7.23 7.32 7.03 7.61 6.92 6.63 6.29 6.18 6.42 6.07 6.30 7.30 6.95 6.04 7.66 7.44 6.42 6.19 5.84 6.38 7.52 8.05 7.59 7.07 6.88 8.12 7.00 7.34 8.32 7.56 7.42 7.33 6.31 5.82 6.19
13.08 -9999 -9999 -9999 -9999 -9999 -9999 -9999 -9999 11.67 10.10 9.66 10.96 10.27 9.21 8.56 9.35 9.75 12.35 14.02 13.07 8.70 8.54 12.73 11.05 10.80 8.77 7.55 7.13 9.96 9.87 9.55 7.69 7.27 7.45 6.01 9.21 9.56 8.33 8.61 8.19 7.92 7.64 7.22 7.70 7.03 6.98 6.25 6.09 5.85 5.80 5.72 6.37 5.82 7.15 8.90 7.06 7.43 5.66 7.23 6.67 6.44 8.18 8.13 8.24 8.70 7.75 6.92 6.92 6.88 7.55 8.15 7.32 7.82 7.47 6.61 6.16 7.32 6.54
-9999 -9999 -9999 -9999 -9999 -9999 -9999 -9999 -9999 13.08 12.42 10.22 11.68 12.30 -9999 -9999 9.16 12.63 7.88 9.74 9.19 9.27 10.18 11.97 8.97 8.47 8.95 8.57 9.26 9.56 9.39 8.63 7.91 8.45 6.91 7.14 9.24 8.12 7.84 7.85 8.05 8.43 7.95 7.05 7.01 6.40 6.49 7.12 7.54 6.85 7.13 5.79 5.63 6.71 9.26 7.28 7.17 6.55 5.24 7.35 7.45 7.80 8.04 8.08 7.92 7.70 8.96 7.34 6.93 6.68 6.68 6.90 6.66 6.26 7.79 6.98 7.22 8.16 7.97
-9999 -9999 -9999 -9999 -9999 -9999 -9999 -9999 -9999 -9999 -9999 -9999 -9999 -9999 -9999 -9999 10.55 9.61 9.48 8.23 7.06 7.12 7.70 9.06 9.06 9.55 10.18 10.77 11.26 10.79 -9999 8.55 7.95 7.58 7.01 7.26 8.99 8.16 8.38 8.00 7.31 7.14 7.82 6.89 7.05 8.31 8.48 8.13 8.92 9.61 7.79 7.21 6.96 7.15 8.51 7.11 6.97 6.80 6.20 6.55 7.22 8.29 8.44 8.00 7.67 7.62 7.40 6.87 6.59 6.33 6.29 6.40 6.61 6.65 6.95 6.90 7.27 7.70 -9999
-9999 -9999 -9999 -9999 -9999 -9999 -9999 -9999 -9999 -9999 -9999 -9999 -9999 -9999 -9999 -9999 -9999 10.52 9.16 7.91 8.01 8.68 7.47 7.88 9.11 10.88 -9999 -9999 -9999 -9999 9.81 8.07 7.67 7.18 7.04 7.55 9.26 8.35 8.79 8.16 7.01 7.85 7.33 8.72 8.09 10.04 8.54 8.73 8.23 8.57 8.14 7.14 7.89 5.96 6.75 7.26 5.81 6.08 5.84 6.25 7.00 7.58 7.94 8.00 7.13 6.79 6.43 6.21 5.90 7.12 7.31 6.08 6.01 6.13 6.46 6.89 7.85 9.24 9.01
-9999 -9999 -9999 -9999 -9999 -9999 -9999 -9999 -9999 -9999 -9999 -9999 -9999 -9999 -9999 -9999 -9999 -9999 10.29 11.23 9.90 8.76 9.29 9.65 11.41 -9999 -9999 -9999 -9999 11.19 10.13 9.43 6.22 6.08 6.37 8.95 9.60 9.15 8.64 7.57 7.54 7.26 8.76 10.06 8.73 8.74 7.97 8.03 7.68 6.68 7.23 7.13 6.55 6.43 6.56 6.46 5.92 6.07 6.66 7.35 8.14 7.45 7.66 7.54 6.82 6.84 6.24 6.28 5.49 6.23 6.10 6.03 6.90 5.94 7.11 7.35 7.70 7.12 7.68
-9999 -9999 -9999 -9999 -9999 -9999 -9999 -9999 -9999 -9999 -9999 -9999 -9999 -9999 -9999 -9999 -9999 -9999 -9999 11.05 11.00 10.07 10.67 10.47 13.39 -9999 -9999 -9999 10.86 8.47 7.00 8.45 8.05 7.25 6.05 7.68 7.03 9.04 8.39 6.80 8.27 9.20 8.97 8.37 8.90 7.79 7.21 6.78 6.16 6.08 5.99 6.21 6.76 6.52 6.10 6.15 6.29 6.33 7.08 7.01 7.66 7.67 7.20 7.07 6.22 5.53 5.16 5.51 5.39 5.66 5.71 6.77 6.96 7.34 7.35 6.36 7.94 6.14 6.90
-9999 -9999 -9999 -9999 -9999 -9999 -9999 -9999 -9999 -9999 -9999 -9999 -9999 -9999 -9999 -9999 -9999 -9999 -9999 -9999 -9999 -9999 -9999 -9999 -9999 -9999 -9999 13.59 9.69 7.59 6.55 7.83 5.97 6.87 7.80 7.78 7.82 8.17 6.49 6.07 6.54 7.58 7.33 7.70 7.69 7.90 7.60 7.35 8.94 7.11 7.14 6.38 6.86 6.91 6.16 6.27 5.93 6.35 7.08 6.56 6.38 6.54 6.45 6.23 6.46 5.64 6.11 5.79 6.92 7.49 7.10 5.89 8.47 9.32 7.95 6.54 9.22 7.78 6.90
-9999 -9999 -9999 -9999 -9999 -9999 -9999 -9999 -9999 -9999 -9999 -9999 -9999 -9999 -9999 -9999 -9999 -9999 -9999 -9999 -9999 -9999 -9999 -9999 -9999 -9999 -9999 11.05 9.97 8.27 13.28 10.71 6.41 6.74 7.44 8.02 8.54 6.65 5.98 5.76 5.78 7.11 6.95 6.86 8.75 8.54 9.82 8.37 8.56 9.83 7.91 7.07 6.69 6.05 5.91 5.74 5.78 6.29 6.27 6.49 6.15 5.86 5.62 5.46 6.10 8.10 7.35 8.11 8.51 9.53 7.89 6.52 7.65 7.98 6.81 6.21 6.92 8.35 8.65
-9999 -9999 -9999 -9999 -9999 -9999 -9999 -9999 -9999 -9999 -9999 -9999 -9999 -9999 -9999 -9999 -9999 -9999 -9999 -9999 -9999 -9999 -9999 -9999 -9999 -9999 -9999 10.27 7.90 6.80 9.05 12.55 10.69 9.05 7.56 8.89 7.07 6.55 5.90 7.81 7.95 8.59 8.11 7.34 7.54 7.43 7.97 8.66 8.77 7.84 7.60 7.30 7.04 6.22 5.85 5.96 6.13 6.81 6.53 6.31 5.76 5.86 6.66 7.42 6.77 7.95 7.50 7.30 7.40 8.28 10.09 9.52 6.94 6.69 7.24 7.62 7.60 7.77 7.56
-9999 -9999 -9999 -9999 -9999 -9999 -9999 -9999 -9999 -9999 13.27 13.40 10.75 15.46 13.88 12.68 11.92 13.84 5.67 12.10 7.50 -9999 -9999 -9999 -9999 -9999 -9999 9.21 7.73 7.34 6.39 7.60 9.62 10.80 9.63 7.94 6.83 6.67 7.37 8.70 7.88 7.04 7.09 6.68 6.92 7.34 7.09 6.91 6.76 7.31 6.77 7.51 7.92 8.45 7.05 6.61 7.31 7.18 6.24 7.05 6.19 5.97 7.29 8.22 6.83 6.34 6.73 6.52 6.25 6.07 6.40 6.18 5.41 5.25 5.35 5.49 5.50 6.14 6.33
-9999 -9999 -9999 -9999 -9999 -9999 -9999 -9999 -9999 -9999 15.96 14.88 14.52 11.49 13.17 14.27 12.26 12.06 12.10 8.76 7.02 5.99 8.11 11.69 9.63 8.92 8.23 8.07 7.28 6.72 6.34 6.04 6.64 9.18 8.92 7.73 6.58 9.67 7.76 6.62 7.23 7.71 6.83 6.72 8.00 7.49 7.61 7.34 7.15 5.94 6.44 7.27 7.46 7.24 7.68 8.01 6.65 6.28 5.58 5.51 6.92 6.16 10.27 8.20 7.58 6.84 6.31 6.45 6.14 6.98 6.91 5.42 6.92 6.30 6.97 5.58 5.83 5.81 5.92
-9999 -9999 -9999 -9999 -9999 -9999 -9999 -9999 -9999 13.74 12.27 11.43 10.82 9.46 11.73 14.09 12.57 10.71 10.56 10.45 8.72 7.06 7.24 9.08 10.78 7.85 7.39 6.95 6.99 7.83 6.30 6.25 7.86 7.75 7.32 7.62 10.07 7.97 9.06 8.19 7.26 6.26 6.92 7.07 8.15 8.10 7.50 7.99 6.65 6.84 6.78 6.80 6.79 8.17 8.59 6.45 6.10 6.34 8.55 6.76 6.41 6.76 6.82 7.22 7.38 6.86 6.65 7.38 8.35 7.15 5.92 5.69 7.42 6.80 6.74 7.18 7.01 6.60 6.71
-9999 -9999 -9999 -9999 -9999 -9999 -9999 -9999 -9999 -9999 10.89 9.32 8.54 10.46 10.05 10.24 12.51 10.39 8.23 7.17 9.52 11.36 9.45 7.53 7.98 10.04 7.94 6.22 6.32 6.27 6.94 7.05 6.28 6.21 6.62 7.57 8.86 7.34 8.60 7.16 7.05 6.95 7.45 7.11 8.13 8.31 8.16 6.72 6.60 7.27 6.39 5.81 5.70 6.84 7.84 7.72 6.29 6.69 7.75 7.51 6.70 5.92 6.00 6.00 6.50 8.35 7.97 7.66 8.33 9.34 8.24 7.30 7.70 7.59 6.59 7.58 6.44 7.32 6.26
-9999 -9999 -9999 -9999 -9999 -9999 13.26 -9999 -9999 11.80 10.32 10.95 7.44 9.60 8.08 7.42 7.19 7.20 8.04 6.70 8.86 10.18 7.63 6.30 4.87 4.98 5.27 5.41 5.71 6.14 6.96 5.95 5.86 6.27 8.14 6.84 8.06 6.87 7.41 6.68 7.83 8.72 8.02 7.12 6.64 6.63 6.60 6.45 7.94 6.91 6.19 8.19 6.50 6.42 8.10 9.25 5.62 6.03 6.45 6.19 5.88 5.83 5.78 6.42 7.34 7.86 6.75 6.28 6.42 7.20 7.16 6.91 7.45 6.60 6.42 6.36 5.79 5.88 5.81
-9999 -9999 -9999 -9999 -9999 12.93 13.92 13.74 13.26 10.34 9.37 11.40 8.54 7.27 8.14 7.16 8.19 8.20 8.90 7.48 7.29 7.91 6.37 4.66 3.82 4.11 5.10 5.84 5.12 5.29 5.69 5.47 5.68 7.39 7.45 6.53 7.45 7.87 9.15 8.04 8.12 9.47 7.93 7.72 6.27 6.70 6.47 7.07 6.46 6.33 5.77 7.15 7.23 6.22 7.18 6.58 5.68 5.36 5.09 5.79 5.90 5.98 5.49 5.20 5.56 5.59 5.73 5.86 5.88 5.50 6.27 6.74 7.61 7.95 7.36 5.94 6.84 6.63 6.59
-9999 -9999 -9999 -9999 -9999 12.65 12.44 11.17 11.50 10.41 9.60 8.43 10.30 10.08 8.95 10.22 9.60 8.69 9.82 8.45 8.27 8.32 5.57 6.22 8.10 7.22 6.01 5.30 4.71 5.43 6.09 6.50 5.97 7.25 6.47 7.17 6.26 5.61 7.58 9.03 7.66 7.62 7.39 6.81 6.60 7.14 6.41 5.91 6.78 7.12 5.74 6.35 6.58 6.47 7.43 7.89 7.81 9.36 6.28 6.26 5.45 5.28 5.35 5.48 5.36 5.33 5.57 6.06 5.65 5.52 5.35 6.43 6.69 6.92 7.06 7.25 5.92 6.38 7.44
-9999 -9999 -9999 -9999 -9999 13.02 11.46 10.70 10.92 10.06 10.11 8.84 9.28 9.30 7.84 9.25 9.24 9.59 9.69 8.98 6.28 5.36 5.03 7.45 7.29 7.71 8.52 6.03 5.62 5.87 5.19 6.20 5.50 6.58 6.14 6.34 6.05 5.46 7.60 7.18 7.23 6.93 6.69 6.64 6.54 7.04 7.14 5.95 5.78 6.20 7.27 6.02 6.43 6.20 6.75 6.97 7.17 8.16 7.43 8.22 9.20 5.40 9.15 7.51 5.74 6.21 9.73 9.38 8.59 5.27 5.09 5.29 5.30 6.30 6.09 7.46 8.49 11.01 9.73
-9999 -9999 -9999 -9999 -9999 10.66 10.30 10.12 9.71 8.75 8.59 8.18 7.66 8.74 8.08 8.16 8.88 7.84 7.90 7.65 7.72 5.10 6.04 8.16 6.96 8.53 8.73 6.68 6.90 7.54 6.35 6.41 6.42 6.52 6.60 6.71 7.28 8.24 6.16 7.05 6.72 6.53 6.33 6.37 6.50 6.84 6.09 6.32 6.17 6.70 7.14 7.81 7.13 8.12 7.56 6.97 6.74 6.46 6.07 6.11 6.58 6.03 8.08 7.95 8.81 8.45 9.13 9.61 10.12 6.08 6.05 5.65 5.64 6.28 7.39 8.74 9.02 -9999 -9999
-9999 -9999 -9999 -9999 -9999 9.11 9.30 9.53 9.84 10.11 8.97 8.04 6.78 7.17 8.95 8.36 7.68 6.78 7.30 7.17 6.98 6.55 5.49 5.66 5.11 8.18 7.08 5.04 8.63 8.55 7.25 9.88 8.04 8.73 9.68 8.94 8.26 8.68 7.16 6.18 6.53 6.26 5.69 6.07 6.21 6.77 6.03 6.49 7.41 8.08 7.77 7.75 8.02 8.09 8.34 8.26 7.78 7.01 6.70 7.13 7.67 7.97 8.49 8.78 9.03 -9999 -9999 8.83 9.28 8.80 8.11 6.97 10.06 7.85 -9999 -9999 -9999 -9999 -9999
-9999 -9999 -9999 -9999 11.06 9.24 9.47 8.90 10.14 10.20 11.06 8.46 7.93 7.29 8.58 8.00 6.98 6.44 6.65 6.66 6.52 6.36 6.55 6.97 7.39 7.48 5.80 8.83 9.86 7.36 6.85 7.82 7.48 8.83 8.93 7.73 7.48 7.07 6.69 7.41 6.94 6.87 6.41 6.45 6.93 7.82 7.58 7.28 7.33 7.38 7.69 -9999 -9999 9.06 9.97 10.05 9.48 8.98 8.55 8.76 -9999 -9999 -9999 -9999 -9999 -9999 -9999 -9999 -9999 -9999 8.95 9.38 11.21 9.54 -9999 -9999 -9999 -9999 -9999
-9999 -9999 -9999 12.37 10.32 8.70 9.69 8.68 8.81 8.69 8.97 7.87 10.14 10.57 9.26 8.49 8.37 8.76 7.21 6.47 6.62 7.18 7.41 10.22 10.91 10.17 9.42 11.25 8.38 8.73 8.90 9.78 10.47 8.51 7.11 7.69 6.66 6.72 6.32 6.30 6.05 7.66 8.90 8.91 8.58 8.61 8.98 8.23 -9999 6.91 7.69 7.52 8.20 9.24 -9999 -9999 -9999 -9999 10.18 -9999 -9999 -9999 -9999 -9999 -9999 -9999 -9999 -9999 -9999 -9999 -9999 -9999 -9999 -9999 -9999 -9999 -9999 -9999 -9999
-9999 -9999 14.38 12.65 11.67 10.02 8.42 8.29 8.15 7.29 7.66 8.88 13.24 14.46 9.12 7.93 11.33 8.30 9.79 6.84 6.76 10.17 8.88 8.63 8.93 9.27 -9999 -9999 -9999 -9999 -9999 9.84 11.44 10.76 8.73 8.41 7.71 6.88 6.72 6.25 6.68 8.06 -9999 -9999 -9999 -9999 -9999 9.80 9.99 8.74 7.48 7.18 9.47 9.51 -9999 -9999 -9999 -9999 -9999 -9999 -9999 -9999 -9999 -9999 -9999 -9999 -9999 -9999 -9999 -9999 -9999 -9999 -9999 -9999 -9999 -9999 -9999 -9999 -9999
-9999 9.82 10.88 12.38 12.07 10.02 9.62 9.14 7.06 8.40 9.11 11.40 13.34 14.34 12.63 11.35 9.39 10.91 8.52 8.51 8.08 10.41 10.20 -9999 -9999 -9999 -9999 -9999 -9999 -9999 -9999 -9999 9.99 10.44 8.99 10.31 11.23 11.50 8.83 10.80 10.26 10.86 -9999 -9999 -9999 -9999 -9999 -9999 -9999 8.70 9.14 7.52 8.56 -9999 -9999 -9999 -9999 -9999 -9999 -9999 -9999 -9999 -9999 -9999 -9999 -9999 -9999 -9999 -9999 -9999 -9999 -9999 -9999 -9999 -9999 -9999 -9999 -9999 -9999
11.14 9.43 10.18 11.77 13.08 12.85 10.59 8.32 8.06 9.28 9.71 10.77 13.16 10.73 10.77 10.95 12.51 6.24 8.66 12.29 9.66 -9999 -9999 -9999 -9999 -9999 -9999 -9999 -9999 -9999 -9999 -9999 -9999 -9999 10.87 -9999 -9999 -9999 -9999 9.59 12.07 12.41 -9999 -9999 -9999 -9999 -9999 -9999 -9999 -9999 9.13 11.26 9.56 -9999 -9999 -9999 -9999 -9999 -9999 -9999 -9999 -9999 -9999 -9999 -9999 -9999 -9999 -9999 -9999 -9999 -9999 -9999 -9999 -9999 -9999 -9999 -9999 -9999 -9999
9.55 8.06 9.83 12.13 12.45 12.96 11.34 9.79 10.69 7.74 6.88 8.87 11.93 11.24 9.04 8.03 10.32 7.27 6.76 8.62 -9999 -9999 -9999 -9999 -9999 -9999 -9999 -9999 -9999 -9999 -9999 -9999 -9999 -9999 12.14 -9999 -9999 -9999 -9999 -9999 -9999 -9999 -9999 -9999 -9999 -9999 -9999 -9999 -9999 -9999 -9999 -9999 -9999 -9999 -9999 -9999 -9999 -9999 -9999 -9999 -9999 -9999 -9999 -9999 -9999 -9999 -9999 -9999 -9999 -9999 -9999 -9999 -9999 -9999 -9999 -9999 -9999 -9999 -9999
9.82 7.84 9.86 10.75 10.70 11.26 10.44 9.76 10.83 6.88 6.75 8.44 10.84 14.83 14.85 7.42 7.84 7.36 8.21 11.24 -9999 -9999 -9999 -9999 -9999 -9999 -9999 -9999 -9999 -9999 -9999 -9999 -9999 -9999 -9999 -9999 -9999 -9999 -9999 -9999 -9999 -9999 -9999 -9999 -9999 -9999 -9999 -9999 -9999 -9999 -9999 -9999 -9999 -9999 -9999 -9999 -9999 -9999 -9999 -9999 -9999 -9999 -9999 -9999 -9999 -9999 -9999 -9999 -9999 -9999 -9999 -9999 -9999 -9999 -9999 -9999 -9999 -9999 -9999
11.77 10.56 11.00 10.54 11.22 10.25 9.62 8.99 7.42 7.65 7.12 7.29 10.60 12.76 11.93 9.33 6.60 6.69 10.44 9.68 -9999 -9999 -9999 -9999 -9999 -9999 -9999 -9999 -9999 -9999 -9999 -9999 -9999 -9999 -9999 -9999 -9999 -9999 -9999 -9999 -9999 -9999 -9999 -9999 -9999 -9999 -9999 -9999 -9999 -9999 -9999 -9999 -9999 -9999 -9999 -9999 -9999 -9999 -9999 -9999 -9999 -9999 -9999 -9999 -9999 -9999 -9999 -9999 -9999 -9999 -9999 -9999 -9999 -9999 -9999 -9999 -9999 -9999 -9999
13.24 12.32 12.30 10.47 11.04 10.21 12.50 11.00 8.83 8.24 9.09 7.44 8.29 9.42 8.94 7.71 7.21 8.13 9.53 10.12 -9999 -9999 -9999 -9999 -9999 -9999 -9999 -9999 -9999 -9999 -9999 -9999 -9999 -9999 -9999 -9999 -9999 -9999 -9999 -9999 -9999 -9999 -9999 -9999 -9999 -9999 -9999 -9999 -9999 -9999 -9999 -9999 -9999 -9999 -9999 -9999 -9999 -9999 -9999 -9999 -9999 -9999 -9999 -9999 -9999 -9999 -9999 -9999 -9999 -9999 -9999 -9999 -9999 -9999 -9999 -9999 -9999 -9999 -9999
10.79 11.26 10.60 11.83 13.69 13.02 10.84 10.67 10.46 10.37 9.14 9.83 8.96 7.85 7.79 8.72 9.65 10.15 9.69 10.95 -9999 -9999 -9999 -9999 -9999 -9999 -9999 -9999 -9999 -9999 -9999 -9999 -9999 -9999 -9999 -9999 -9999 -9999 -9999 -9999 -9999 -9999 -9999 -9999 -9999 -9999 -9999 -9999 -9999 -9999 -9999 -9999 -9999 -9999 -9999 -9999 -9999 -9999 -9999 -9999 -9999 -9999 -9999 -9999 -9999 -9999 -9999 -9999 -9999 -9999 -9999 -9999 -9999 -9999 -9999 -9999 -9999 -9999 -9999
11.51 12.07 -9999 -9999 -9999 -9999 -9999 -9999 -9999 -9999 -9999 10.84 11.65 10.02 8.94 7.98 9.20 10.16 10.00 -9999 -9999 -9999 -9999 -9999 -9999 -9999 -9999 -9999 -9999 -9999 -9999 -9999 -9999 -9999 -9999 -9999 -9999 -9999 -9999 -9999 -9999 -9999 -9999 -9999 -9999 -9999 -9999 -9999 -9999 -9999 -9999 -9999 -9999 -9999 -9999 -9999 -9999 -9999 -9999 -9999 -9999 -9999 -9999 -9999 -9999 -9999 -9999 -9999 -9999 -9999 -9999 -9999 -9999 -9999 -9999 -9999 -9999 -9999 -9999
12.25 13.06 -9999 -9999 -9999 -9999 -9999 -9999 -9999 -9999 -9999 -9999 -9999 -9999 9.76 8.87 9.07 9.75 -9999 -9999 -9999 -9999 -9999 -9999 -9999 -9999 -9999 -9999 -9999 -9999 -9999 -9999 -9999 -9999 -9999 -9999 -9999 -9999 -9999 -9999 -9999 -9999 -9999 -9999 -9999 -9999 -9999 -9999 -9999 -9999 -9999 -9999 -9999 -9999 -9999 -9999 -9999 -9999 -9999 -9999 -9999 -9999 -9999 -9999 -9999 -9999 -9999 -9999 -9999 -9999 -9999 -9999 -9999 -9999 -9999 -9999 -9999 -9999 -9999
-9999 -9999 -9999 -9999 -9999 -9999 -9999 -9999 -9999 -9999 -9999 -9999 -9999 -9999 11.14 12.54 13.22 12.49 -9999 -9999 -9999 -9999 -9999 -9999 -9999 -9999 -9999 -9999 -9999 -9999 -9999 -9999 -9999 -9999 -9999 -9999 -9999 -9999 -9999 -9999 -9999 -9999 -9999 -9999 -9999 -9999 -9999 -9999 -9999 -9999 -9999 -9999 -9999 -9999 -9999 -9999 -9999 -9999 -9999 -9999 -9999 -9999 -9999 -9999 -9999 -9999 -9999 -9999 -9999 -9999 -9999 -9999 -9999 -9999 -9999 -9999 -9999 -9999 -9999
-9999 -9999 -9999 -9999 -9999 -9999 -9999 -9999 -9999 -9999 -9999 -9999 -9999 -9999 -9999 -9999 -9999 -9999 -9999 -9999 -9999 -9999 -9999 -9999 -9999 -9999 -9999 -9999 -9999 -9999 -9999 -9999 -9999 -9999 -9999 -9999 -9999 -9999 -9999 -9999 -9999 -9999 -9999 -9999 -9999 -9999 -9999 -9999 -9999 -9999 -9999 -9999 -9999 -9999 -9999 -9999 -9999 -9999 -9999 -9999 -9999 -9999 -9999 -9999 -9999 -9999 -9999 -9999 -9999 -9999 -9999 -9999 -9999 -9999 -9999 -9999 -9999 -9999 -9999
-9999 -9999 -9999 -9999 -9999 -9999 -9999 -9999 -9999 -9999 -9999 -9999 -9999 -9999 -9999 -9999 -9999 -9999 -9999 -9999 -9999 -9999 -9999 -9999 -9999 -9999 -9999 -9999 -9999 -9999 -9999 -9999 -9999 -9999 -9999 -9999 -9999 -9999 -9999 -9999 -9999 -9999 -9999 -9999 -9999 -9999 -9999 -9999 -9999 -9999 -9999 -9999 -9999 -9999 -9999 -9999 -9999 -9999 -9999 -9999 -9999 -9999 -9999 -9999 -9999 -9999 -9999 -9999 -9999 -9999 -9999 -9999 -9999 -9999 -9999 -9999 -9999 -9999 -9999
