ML/MeanWindSpeed_1992-05_Actual.txt
ncols         180
nrows         290
xllcorner     -200000
yllcorner     -200000
cellsize      5000
NODATA_value  -9999
[rows 175 to 209 of 290, columns 78 to 155 of 180]
-9999 -9999 -9999 -9999 -9999 -9999 -9999 -9999 10.34 9.30 8.24 7.77 7.85 7.17 7.19 12.21 16.57 7.61 9.80 10.17 9.49 7.95 5.54 5.39 7.55 9.84 8.49 6.95 7.02 7.61 7.31 7.47 8.46 7.90 7.60 7.39 7.64 7.87 7.95 8.33 8.78 12.85 13.83 12.07 11.78 9.74 8.89 9.79 9.55 7.79 7.46 8.56 8.16 7.62 8.06 7.75 8.56 8.10 8.01 8.02 8.05 9.15 8.32 8.01 8.03 7.99 8.45 8.85 8.88 8.87 8.96 8.12 9.84 11.94 -9999 -9999 -9999 -9999
-9999 -9999 -9999 -9999 -9999 -9999 -9999 -9999 -9999 11.11 8.82 7.61 6.85 6.87 8.86 18.73 13.12 6.01 10.47 7.91 10.31 9.88 6.86 5.24 10.10 9.20 9.81 8.45 7.02 6.86 6.87 6.58 7.65 8.00 7.72 7.47 7.31 7.66 7.83 8.08 9.80 11.14 14.26 12.36 12.48 11.51 8.15 9.53 10.62 8.13 7.99 8.64 8.14 7.89 7.92 7.71 8.52 7.89 7.75 7.99 7.82 8.57 8.45 7.98 7.88 7.87 8.10 8.59 9.47 8.59 8.00 7.98 9.46 11.61 -9999 -9999 -9999 -9999
-9999 -9999 -9999 -9999 -9999 -9999 -9999 -9999 -9999 -9999 9.45 7.62 7.75 9.13 16.71 19.11 13.75 9.53 9.27 10.19 11.24 11.29 10.54 7.25 6.92 11.78 10.10 8.80 7.75 6.80 6.67 6.99 7.44 7.72 7.28 6.91 7.17 7.43 7.65 8.15 9.44 11.55 12.80 11.06 10.83 11.58 9.78 7.82 10.69 8.31 8.12 8.67 8.05 7.84 7.68 7.94 8.37 7.81 7.68 7.80 7.64 8.98 8.48 7.96 7.83 7.83 8.19 8.27 8.36 8.09 8.00 8.22 9.94 11.90 -9999 -9999 -9999 -9999
-9999 -9999 -9999 -9999 -9999 -9999 -9999 -9999 -9999 -9999 9.59 8.25 9.94 11.37 13.69 17.61 11.64 8.05 9.62 11.79 11.88 12.38 10.59 7.81 6.60 12.27 12.08 9.60 8.26 6.71 6.54 7.02 8.00 7.78 7.34 7.06 6.82 6.94 7.52 9.14 9.78 9.15 12.90 10.96 11.02 11.74 11.17 9.50 8.82 8.04 7.13 8.25 8.62 7.72 7.56 7.35 7.77 7.50 7.73 7.63 7.58 8.10 8.43 7.97 7.98 7.90 8.02 8.08 8.01 7.97 8.43 9.45 11.05 -9999 -9999 -9999 -9999 -9999
-9999 -9999 -9999 -9999 -9999 -9999 -9999 -9999 -9999 -9999 8.82 8.24 9.33 9.60 13.94 13.42 10.45 10.48 8.97 10.39 12.56 11.42 12.58 10.17 7.83 11.66 12.19 11.14 8.15 7.13 6.49 7.31 8.40 8.20 7.40 6.95 6.79 7.20 8.45 8.98 8.42 8.67 11.17 10.76 10.34 10.18 9.35 9.22 9.65 7.11 7.69 7.89 7.57 7.72 7.29 7.83 7.22 7.32 7.51 7.47 7.58 9.01 8.32 7.81 7.77 7.90 7.98 8.02 8.02 8.23 9.41 10.96 -9999 -9999 -9999 -9999 -9999 -9999
-9999 -9999 -9999 -9999 -9999 -9999 -9999 -9999 -9999 9.70 14.44 8.98 10.23 11.88 9.36 16.71 14.31 12.94 11.72 13.65 11.48 12.09 10.88 9.54 10.51 13.59 12.36 11.14 8.20 7.09 6.54 7.90 8.31 7.94 7.46 6.86 6.98 8.14 8.19 8.13 9.17 9.99 8.72 11.81 10.93 8.85 9.21 8.49 7.75 7.49 6.88 6.94 7.08 7.71 7.25 6.78 7.77 7.22 7.39 7.59 7.88 9.12 8.36 7.79 7.77 7.75 7.92 7.87 7.95 9.07 10.61 -9999 -9999 -9999 -9999 -9999 -9999 -9999
-9999 -9999 -9999 -9999 -9999 -9999 -9999 11.07 9.98 12.06 10.53 9.16 10.13 11.27 8.81 10.04 11.18 13.71 13.14 13.95 13.04 13.49 9.53 11.26 10.86 9.20 9.97 8.93 8.52 7.57 7.11 8.12 8.55 8.38 7.55 7.32 8.23 7.85 8.38 7.86 9.15 9.75 9.69 8.98 8.15 9.10 8.66 8.13 7.84 7.52 7.27 6.42 7.16 6.99 6.55 6.66 6.91 7.22 7.58 7.57 8.02 9.08 8.35 7.70 7.67 7.57 7.72 7.77 8.37 9.75 -9999 -9999 -9999 -9999 -9999 12.05 11.42 10.77
-9999 -9999 -9999 -9999 -9999 -9999 11.18 10.38 10.08 10.42 10.43 10.59 10.12 8.43 8.14 9.87 10.77 12.76 17.76 11.94 10.60 10.49 8.14 12.42 13.25 12.74 10.56 9.08 8.61 8.24 8.03 8.56 9.13 8.66 8.11 7.79 8.20 8.56 7.67 7.61 9.08 9.23 8.96 8.70 8.57 8.56 7.64 7.83 7.02 6.88 7.27 6.81 6.47 6.20 6.50 7.08 6.91 7.20 7.54 7.72 8.04 9.25 8.58 7.75 7.46 7.41 7.59 7.77 8.38 9.53 -9999 -9999 -9999 -9999 -9999 10.70 9.66 9.12
-9999 -9999 -9999 -9999 -9999 11.81 11.74 10.79 10.85 -9999 -9999 -9999 -9999 8.64 12.90 11.62 11.39 13.54 12.54 10.97 12.91 12.08 10.29 16.95 15.15 12.74 12.71 9.94 8.09 8.51 8.74 8.66 8.88 8.70 8.23 8.36 7.81 8.74 7.81 7.66 8.18 8.64 8.70 8.47 7.62 7.62 7.42 7.29 7.02 6.77 6.48 6.28 6.15 6.40 6.98 6.93 6.84 7.39 7.90 8.09 8.18 8.80 8.43 8.03 7.33 7.34 7.47 7.60 7.96 8.88 10.45 -9999 -9999 -9999 -9999 9.61 8.60 8.37
-9999 -9999 -9999 -9999 -9999 12.94 13.62 11.26 11.82 -9999 -9999 -9999 -9999 8.61 10.83 12.45 9.20 13.22 12.94 11.94 14.15 15.21 12.52 15.81 10.84 11.11 10.61 9.29 8.21 8.41 8.80 8.82 9.05 9.37 8.49 8.74 8.41 8.32 8.54 7.73 8.04 7.79 8.28 8.58 8.65 8.51 7.29 6.91 6.85 6.76 7.05 6.54 6.49 6.76 7.08 7.64 7.13 8.49 8.57 8.82 8.28 8.53 8.24 7.88 7.21 7.33 7.44 7.49 7.63 7.90 8.93 9.89 -9999 -9999 10.04 9.22 8.54 8.71
-9999 -9999 -9999 -9999 -9999 -9999 -9999 -9999 -9999 -9999 -9999 -9999 -9999 9.51 13.13 11.94 9.35 11.39 9.99 14.51 14.39 11.02 13.44 13.14 11.55 11.54 9.69 8.81 8.09 8.83 8.80 9.08 8.87 8.59 8.60 8.50 8.30 8.22 8.38 7.73 7.58 7.99 8.24 7.73 8.05 8.04 6.66 7.60 8.29 7.42 7.49 7.24 6.40 6.89 7.66 8.41 8.23 8.02 8.43 8.91 8.48 8.59 8.16 7.87 7.13 7.28 7.41 7.49 7.51 7.35 7.66 8.34 9.17 9.39 8.84 8.62 7.93 8.70
-9999 -9999 -9999 -9999 -9999 -9999 -9999 -9999 -9999 -9999 -9999 -9999 -9999 -9999 13.46 7.73 7.50 10.38 13.67 13.03 14.90 14.38 11.02 11.37 11.83 9.05 8.61 8.05 7.94 8.14 8.74 8.85 8.81 8.59 8.49 8.37 8.34 7.95 8.26 7.92 7.51 9.10 8.64 7.61 7.35 7.18 7.13 7.05 7.90 8.05 7.69 8.45 7.08 6.84 7.49 7.33 7.75 8.09 8.04 8.83 8.67 8.25 7.83 7.91 7.20 7.26 7.32 7.35 7.43 7.49 7.57 7.56 7.89 8.02 7.99 7.89 7.93 8.84
-9999 -9999 -9999 -9999 -9999 -9999 -9999 -9999 -9999 -9999 -9999 -9999 -9999 -9999 10.19 13.21 13.00 11.37 11.03 10.92 12.97 11.48 11.27 9.51 8.67 9.86 7.77 7.64 9.13 9.07 9.04 8.72 8.27 8.16 8.62 8.38 8.88 8.57 8.31 7.83 7.42 8.89 9.43 8.29 7.43 7.01 7.11 7.20 7.35 7.64 8.16 9.68 8.49 7.10 7.03 7.47 8.34 9.12 9.10 8.66 8.86 8.42 8.07 7.69 7.32 7.32 7.30 7.42 7.48 7.55 7.62 7.64 7.68 7.71 7.91 7.90 7.77 8.55
-9999 -9999 -9999 -9999 -9999 -9999 -9999 -9999 -9999 -9999 -9999 -9999 -9999 10.91 10.48 8.43 14.49 10.60 9.76 11.92 11.84 10.66 12.52 9.60 8.86 10.26 7.16 11.83 9.99 8.85 9.07 9.79 8.55 8.21 10.22 9.75 8.81 7.79 8.06 7.96 7.70 8.28 8.68 8.26 7.56 7.15 7.05 7.30 7.69 7.57 8.52 8.40 7.77 7.29 7.18 7.79 8.54 9.21 9.23 8.42 8.51 8.49 8.20 7.73 7.42 7.33 7.36 7.45 7.51 7.52 7.57 7.61 7.53 7.58 8.03 8.03 7.83 8.19
-9999 -9999 -9999 -9999 -9999 -9999 -9999 -9999 -9999 -9999 -9999 -9999 -9999 9.69 10.19 14.40 10.60 7.60 9.29 9.49 11.12 12.60 11.98 9.64 9.15 9.16 7.73 8.45 9.33 10.39 10.37 8.74 8.67 8.55 8.91 9.16 7.89 7.58 8.03 7.91 8.34 8.74 8.40 8.30 7.76 7.26 7.15 7.27 7.40 7.50 8.31 8.59 7.99 7.07 7.37 8.34 9.28 8.83 9.32 9.20 8.77 8.28 8.51 7.72 7.75 7.43 7.42 7.36 7.44 7.49 7.45 7.45 7.44 7.47 8.14 8.02 7.72 7.94
-9999 -9999 -9999 -9999 -9999 -9999 -9999 -9999 -9999 -9999 -9999 -9999 -9999 10.66 12.17 7.50 9.15 8.58 9.55 9.62 13.49 11.81 12.96 10.66 9.74 8.43 7.59 8.27 10.47 11.82 12.70 8.81 9.85 9.09 9.39 8.91 7.30 7.38 7.67 7.81 8.31 8.12 8.24 8.93 8.13 7.26 7.23 8.24 7.23 7.58 8.01 7.95 7.48 7.20 7.73 8.25 8.63 8.81 8.77 8.17 8.10 8.36 8.35 7.47 7.39 7.40 7.33 7.35 7.29 7.21 7.27 7.31 7.33 7.41 7.69 7.62 7.75 7.75
-9999 -9999 -9999 -9999 -9999 -9999 -9999 -9999 -9999 -9999 -9999 -9999 -9999 -9999 8.06 9.14 10.71 12.53 13.52 11.71 12.01 10.76 9.01 8.79 8.18 8.69 8.53 7.98 9.07 9.53 11.89 9.72 8.76 8.83 9.88 9.13 7.14 7.75 7.16 7.35 9.31 8.25 8.08 7.88 7.91 7.13 7.05 8.38 7.90 7.41 7.94 7.69 7.44 7.64 8.35 8.21 8.25 7.98 8.41 7.70 8.47 8.40 7.63 7.41 7.72 7.48 7.18 7.16 7.05 7.05 7.15 7.20 7.26 7.28 7.35 7.42 7.58 7.65
-9999 -9999 -9999 -9999 -9999 -9999 -9999 -9999 -9999 -9999 -9999 -9999 -9999 -9999 8.69 9.43 10.59 12.62 15.28 14.22 11.50 9.45 8.44 9.45 10.91 12.15 13.06 10.57 9.11 9.51 10.30 9.47 7.83 10.43 9.72 9.09 7.66 8.07 7.19 7.12 8.07 9.23 8.86 8.26 7.81 7.22 7.11 8.03 7.81 7.49 7.63 7.96 8.07 8.23 8.71 8.29 8.01 8.81 8.76 8.52 8.25 8.34 7.59 7.72 8.00 7.18 7.01 7.00 6.95 7.01 7.05 7.09 7.13 7.15 7.21 7.18 7.13 7.12
-9999 -9999 -9999 -9999 -9999 -9999 -9999 -9999 -9999 -9999 -9999 -9999 -9999 9.48 7.59 8.49 11.28 12.93 12.79 12.34 10.39 10.62 14.01 11.72 11.79 11.85 10.21 9.33 9.81 9.98 8.81 8.02 8.29 9.77 9.62 8.83 7.53 8.12 6.75 6.94 8.43 8.21 8.52 8.52 7.99 7.55 7.33 8.06 7.89 7.29 7.61 7.64 7.63 8.32 8.17 8.91 8.25 8.72 8.18 8.27 8.31 7.62 7.39 7.93 7.79 6.92 6.80 7.03 6.89 7.04 7.07 7.16 7.11 7.05 7.05 6.93 7.20 7.47
-9999 -9999 -9999 -9999 -9999 -9999 -9999 -9999 -9999 -9999 -9999 -9999 -9999 11.20 9.23 8.33 9.02 11.60 14.90 13.95 12.22 10.42 11.20 12.37 13.30 13.68 10.55 11.56 11.92 8.65 10.21 7.10 7.61 9.27 10.67 7.92 8.04 6.97 6.27 6.55 7.42 9.80 8.70 8.57 8.15 7.80 7.74 7.89 7.61 7.21 7.43 7.41 7.50 7.62 8.58 8.84 8.63 9.04 8.30 7.80 7.70 7.35 7.53 7.83 7.60 7.09 7.28 7.14 7.39 7.14 7.16 7.35 7.29 7.06 6.95 6.85 6.90 7.54
-9999 -9999 -9999 -9999 -9999 -9999 -9999 -9999 -9999 -9999 -9999 -9999 -9999 9.95 8.58 6.26 8.12 11.29 15.02 13.36 13.03 10.69 12.13 11.83 10.90 11.84 11.85 10.94 9.37 8.02 8.24 9.99 7.53 8.10 8.24 7.97 8.71 7.42 6.14 6.36 7.24 7.88 7.93 8.54 8.14 7.83 7.91 7.37 6.93 7.34 7.59 7.79 7.50 7.97 8.86 8.80 8.05 8.12 8.64 7.74 7.89 7.09 7.69 7.81 7.18 7.02 7.23 6.90 7.15 7.10 7.12 7.18 7.06 7.00 7.00 6.97 7.28 7.02
-9999 -9999 -9999 -9999 -9999 -9999 -9999 -9999 -9999 -9999 -9999 -9999 9.53 9.72 10.57 8.86 8.19 11.76 13.33 14.81 14.33 9.88 10.05 9.62 10.91 12.27 10.34 9.73 10.73 8.99 8.18 7.78 7.21 7.31 7.56 7.90 7.52 6.99 6.59 6.31 6.53 7.36 7.77 7.27 7.60 7.35 7.77 7.14 7.11 7.25 7.04 7.16 7.53 8.39 8.33 8.35 7.71 8.23 8.25 7.80 7.11 7.55 7.58 7.70 7.71 7.32 7.12 7.13 7.05 7.11 7.12 7.03 6.96 6.92 6.95 7.07 7.35 7.40
-9999 -9999 -9999 -9999 -9999 -9999 -9999 -9999 -9999 -9999 -9999 10.80 9.96 10.08 8.60 7.70 10.53 13.47 14.46 12.80 13.52 10.08 10.96 9.93 9.80 14.75 10.75 10.67 8.68 8.44 7.38 7.11 7.23 8.30 7.58 8.85 7.44 7.36 6.11 6.01 6.32 6.81 7.26 6.98 7.10 7.28 7.43 6.50 6.99 7.06 7.28 7.48 7.85 8.38 7.90 8.36 7.82 7.97 7.37 7.06 7.78 7.94 7.52 7.63 7.49 6.86 7.31 7.44 7.39 7.27 7.00 6.88 6.76 7.02 7.13 7.61 7.78 7.94
-9999 -9999 -9999 -9999 -9999 -9999 -9999 -9999 -9999 11.89 10.39 9.09 7.47 7.55 8.07 8.45 11.35 12.99 14.67 15.37 13.36 11.38 8.52 10.44 10.05 13.34 10.64 9.28 8.94 7.71 7.46 6.54 7.07 8.52 8.07 8.26 6.77 6.67 6.10 6.09 6.65 6.58 7.06 6.54 6.69 6.97 6.54 6.41 6.75 7.61 7.53 8.10 8.75 8.47 8.02 7.56 7.26 7.76 8.04 7.59 7.82 7.13 7.56 7.59 7.11 6.59 6.77 7.51 7.39 7.41 6.83 6.68 6.64 6.97 7.84 8.13 7.92 8.46
-9999 -9999 -9999 -9999 -9999 11.91 10.71 9.48 11.52 11.22 10.94 10.78 9.10 8.80 8.11 11.85 11.23 13.20 13.85 13.56 11.09 9.92 8.12 9.11 8.97 14.01 12.34 10.25 8.17 7.99 7.34 8.41 6.42 7.98 8.32 7.94 7.39 6.53 5.77 6.45 6.27 6.08 7.08 6.34 6.47 6.37 6.55 6.83 7.49 7.15 7.77 7.53 8.06 8.75 8.51 8.19 7.83 8.03 7.97 7.55 7.31 7.85 7.04 6.97 6.82 6.55 7.21 7.54 7.69 7.21 6.81 6.87 7.07 8.00 8.23 7.95 8.43 7.76
-9999 -9999 -9999 -9999 12.66 10.52 10.42 9.44 8.93 10.19 9.75 10.27 8.84 7.74 10.13 11.21 12.13 9.63 14.12 11.58 9.57 12.77 10.10 7.73 12.86 11.60 11.03 7.86 7.10 7.09 9.21 6.92 6.55 6.84 7.09 8.08 7.70 7.31 6.01 6.16 5.91 6.03 6.75 6.59 6.56 6.54 6.61 7.12 7.31 8.79 7.42 7.29 7.82 8.44 7.89 7.75 7.32 7.39 7.79 7.51 7.96 7.43 6.96 7.00 7.09 6.69 7.07 7.36 7.17 7.06 7.00 7.07 7.24 7.76 8.50 8.46 8.43 8.02
-9999 -9999 -9999 12.86 11.75 8.90 8.24 8.31 9.30 9.09 9.48 8.88 9.14 12.25 10.08 9.38 12.26 8.15 10.72 10.62 12.64 11.75 12.04 10.42 10.40 9.98 8.35 11.17 9.94 6.87 7.11 6.77 6.49 6.90 6.59 6.62 7.71 7.68 5.78 5.54 5.64 6.24 6.07 6.07 6.64 8.33 6.81 6.88 7.56 8.24 7.69 7.29 7.89 8.34 8.22 8.45 7.91 7.37 7.30 7.14 7.89 7.54 6.97 7.51 7.37 6.90 7.20 7.32 7.24 7.37 7.43 7.45 7.71 7.95 8.56 8.00 7.81 7.96
13.11 11.14 12.20 10.07 9.52 9.66 8.73 8.49 10.18 9.32 9.27 9.32 11.17 10.83 9.48 10.36 10.16 9.04 9.53 11.82 11.89 10.67 10.60 11.73 9.38 7.49 11.59 12.08 9.21 8.83 6.99 7.20 6.34 6.54 8.16 6.68 8.21 6.65 5.62 5.37 5.67 7.30 5.90 6.31 9.35 7.33 6.92 7.07 7.79 8.56 7.49 7.43 7.79 7.59 7.95 7.89 7.48 7.23 7.52 7.14 7.47 7.69 7.55 7.24 7.04 6.83 6.93 7.42 8.49 7.98 8.64 8.18 7.52 8.53 8.37 8.38 8.04 7.80
10.00 9.29 11.28 13.40 12.39 11.80 9.17 9.95 11.21 10.21 9.72 11.38 9.97 9.55 11.26 9.23 7.83 8.86 9.78 11.81 11.74 11.65 11.04 9.86 7.83 9.12 16.31 13.15 9.66 7.31 7.61 7.02 8.02 6.70 7.30 6.62 6.51 6.22 5.87 5.41 5.48 6.06 5.98 8.62 9.15 8.49 7.31 6.93 9.20 8.18 7.48 7.51 7.26 7.81 7.74 7.56 7.01 7.78 7.53 7.02 8.22 8.07 7.31 7.17 7.11 6.93 7.33 8.14 8.54 8.42 8.84 8.32 8.03 8.64 8.45 7.91 8.05 7.84
9.05 9.24 10.30 10.64 10.01 8.98 10.23 9.05 10.53 8.10 8.96 11.04 10.50 9.07 9.56 7.39 7.33 10.33 11.54 11.02 10.08 11.64 9.30 8.18 7.25 10.83 13.75 14.00 8.14 8.13 8.00 8.10 7.33 6.31 7.66 6.99 6.54 5.86 5.87 5.11 5.36 6.57 6.58 8.78 8.84 8.20 7.09 7.66 9.01 8.49 7.93 7.38 7.55 7.49 7.28 7.06 7.08 7.47 7.77 7.48 7.46 7.59 7.45 8.13 8.47 7.25 7.51 8.21 8.57 8.27 8.70 8.61 8.55 8.62 7.98 7.98 7.81 7.75
10.06 9.13 9.80 9.72 10.06 9.39 9.22 9.79 8.65 9.23 8.09 8.03 8.00 7.51 6.88 8.78 7.97 11.07 16.38 10.14 10.24 10.66 13.96 13.62 7.49 7.75 16.08 12.07 9.14 9.00 9.64 7.97 6.44 5.95 7.88 7.75 6.28 5.59 5.43 5.28 5.63 6.84 8.86 9.33 8.46 7.84 7.41 7.32 7.46 8.14 7.43 7.17 7.03 6.82 6.70 6.77 7.56 7.48 7.39 7.52 7.15 7.41 8.03 7.81 8.24 7.64 7.65 7.79 8.05 8.44 8.65 8.65 8.63 8.70 7.84 7.48 7.77 7.65
9.53 8.83 9.56 8.86 9.06 8.86 8.71 7.79 7.54 8.15 7.50 8.89 7.87 9.25 6.78 9.51 11.18 11.69 13.13 13.64 11.48 13.12 14.52 10.49 12.02 11.16 8.30 11.80 10.25 6.97 7.31 6.25 7.55 7.21 9.49 8.45 6.17 5.53 5.15 5.34 6.53 9.08 8.21 9.50 8.23 7.82 8.21 7.32 8.28 7.11 7.18 6.78 6.61 6.55 6.71 6.82 7.02 6.95 7.15 7.14 7.40 8.18 8.77 8.27 7.68 7.94 7.49 8.31 7.75 7.67 7.97 8.23 8.40 8.41 8.10 7.33 7.57 7.54
10.04 8.90 8.43 9.45 10.15 11.38 10.27 8.87 7.90 7.01 7.24 9.61 7.27 8.10 6.19 8.32 9.22 9.25 8.99 11.28 10.75 12.55 12.53 13.95 11.91 12.35 11.57 14.46 8.64 7.15 6.71 7.73 7.25 8.90 8.42 8.59 5.90 5.54 5.14 8.10 8.88 8.90 9.35 7.89 8.13 8.13 7.78 6.92 6.94 6.94 6.70 6.51 6.46 6.40 6.89 7.09 7.50 7.28 7.06 7.19 7.72 9.09 7.90 8.17 8.04 7.53 7.39 7.48 7.18 7.27 7.86 7.68 8.05 8.09 7.86 7.68 7.64 7.24
10.51 9.28 8.61 8.67 10.11 10.49 11.01 10.03 9.02 8.07 7.34 7.57 9.45 6.76 10.04 9.68 10.05 11.48 10.74 9.57 9.91 11.31 10.46 11.71 11.22 9.64 13.02 12.36 7.15 7.61 6.02 6.70 7.98 8.37 8.03 7.37 5.83 5.63 7.00 6.62 8.39 8.39 7.85 8.01 7.68 7.27 7.15 6.49 6.24 6.21 6.16 7.31 6.29 6.87 6.55 6.73 6.76 6.85 7.05 7.84 8.81 8.56 8.25 8.14 7.79 7.41 7.43 7.60 7.75 6.75 7.59 8.27 7.81 7.66 7.87 7.15 7.32 7.87
10.59 9.81 9.99 10.85 12.09 -9999 -9999 -9999 -9999 9.69 8.98 9.30 7.45 6.60 7.71 8.09 8.03 8.00 5.91 13.25 14.03 10.15 9.12 9.37 10.77 11.30 12.40 9.19 7.01 6.10 5.55 8.72 7.79 9.20 7.00 6.51 5.80 5.87 7.82 6.77 8.29 8.21 7.47 7.42 7.12 6.80 6.41 6.13 6.00 6.00 6.05 6.98 6.39 6.69 6.88 6.83 6.98 6.97 8.12 8.07 8.45 8.59 8.52 7.24 7.04 6.76 7.46 7.68 7.33 6.43 7.19 7.86 7.80 7.53 8.02 7.59 7.37 7.70
