ML/MeanWindSpeed_1992-01_Actual.txt
ncols         180
nrows         290
xllcorner     -200000
yllcorner     -200000
cellsize      5000
NODATA_value  -9999
[rows 210 to 244 of 290, columns 79 to 157 of 180]
11.66 10.52 12.09 11.96 -9999 -9999 -9999 -9999 -9999 -9999 -9999 7.02 7.07 7.89 6.70 6.17 5.94 7.71 9.77 12.10 11.84 10.05 8.58 7.93 7.37 10.16 9.95 6.54 5.51 8.75 9.14 10.26 7.73 7.09 6.60 6.15 7.33 7.97 7.71 7.88 7.68 7.46 7.31 7.12 6.92 6.96 7.00 7.54 7.06 7.03 6.92 6.73 6.53 6.09 6.70 7.62 7.25 6.55 7.61 7.64 7.48 7.24 6.29 5.74 6.25 6.88 6.67 5.98 5.80 6.70 5.90 6.26 7.18 6.87 7.10 7.22 6.83 6.82 7.23
12.03 -9999 -9999 -9999 -9999 -9999 -9999 -9999 -9999 10.67 9.28 8.91 10.14 9.67 8.20 6.79 6.70 6.69 8.92 10.32 10.20 7.11 6.87 9.64 8.93 9.07 7.25 6.09 6.07 8.49 8.85 8.68 7.52 7.23 6.78 5.73 8.52 8.78 7.75 7.75 7.46 7.43 7.31 7.12 7.47 7.24 7.53 7.12 7.05 7.07 7.11 6.79 6.52 5.88 7.17 8.36 7.19 7.45 6.03 7.07 6.83 6.24 6.40 5.98 6.10 6.82 6.37 5.76 5.80 5.83 6.27 6.82 6.50 7.15 7.14 6.63 6.67 7.85 7.55
-9999 -9999 -9999 -9999 -9999 -9999 -9999 -9999 -9999 11.92 11.36 9.89 11.11 11.61 -9999 -9999 7.60 9.57 6.00 7.57 7.40 7.43 8.09 9.41 7.48 7.19 7.54 7.46 8.18 8.68 8.73 8.08 7.61 7.88 6.40 6.86 8.82 7.94 7.53 7.16 7.25 7.77 7.74 7.41 7.27 6.81 6.90 7.27 7.62 7.45 7.92 6.80 6.01 6.62 8.63 7.22 7.28 6.78 5.51 6.58 6.11 5.72 5.74 5.67 5.46 5.68 6.96 6.15 6.13 6.18 6.22 6.36 6.23 6.15 7.37 6.99 7.70 8.70 8.79
-9999 -9999 -9999 -9999 -9999 -9999 -9999 -9999 -9999 -9999 -9999 -9999 -9999 -9999 -9999 -9999 9.39 8.41 7.96 7.32 6.59 6.44 6.87 7.82 7.74 8.08 8.68 9.29 9.86 9.72 -9999 8.24 7.58 6.81 6.26 7.08 8.62 7.97 7.91 7.27 6.73 6.81 7.65 7.03 6.90 7.65 7.69 7.42 8.05 8.75 7.80 7.41 6.91 7.10 8.09 7.07 7.05 6.83 6.10 5.74 5.38 5.52 5.92 5.56 5.25 5.65 6.02 6.16 6.23 6.32 6.36 6.40 6.60 6.90 7.35 7.41 7.91 8.45 -9999
-9999 -9999 -9999 -9999 -9999 -9999 -9999 -9999 -9999 -9999 -9999 -9999 -9999 -9999 -9999 -9999 -9999 9.54 8.28 7.30 7.28 7.68 6.85 7.02 7.80 9.07 -9999 -9999 -9999 -9999 9.11 8.17 7.40 6.38 6.10 6.98 8.45 7.95 8.01 7.26 6.44 7.08 6.98 7.98 7.50 8.80 7.71 7.79 7.50 7.78 7.69 7.22 7.76 6.49 6.93 7.17 6.17 6.29 5.88 5.41 4.94 4.46 4.40 4.77 4.79 5.13 5.46 5.81 5.94 7.13 7.43 6.62 6.78 7.11 7.26 7.56 8.54 9.72 9.70
-9999 -9999 -9999 -9999 -9999 -9999 -9999 -9999 -9999 -9999 -9999 -9999 -9999 -9999 -9999 -9999 -9999 -9999 9.38 9.91 8.83 7.84 7.89 8.27 9.42 -9999 -9999 -9999 -9999 9.31 9.19 8.93 6.43 5.86 5.91 7.88 8.63 8.32 7.64 6.59 6.46 6.45 7.70 8.78 8.01 8.06 7.64 7.88 7.75 6.91 7.22 7.28 6.99 6.90 6.80 6.57 6.05 6.04 6.37 6.25 5.80 4.58 4.47 4.61 4.74 5.58 5.91 6.35 6.21 6.93 6.91 6.80 7.64 7.12 7.53 7.77 8.73 8.49 8.80
-9999 -9999 -9999 -9999 -9999 -9999 -9999 -9999 -9999 -9999 -9999 -9999 -9999 -9999 -9999 -9999 -9999 -9999 -9999 10.45 10.35 9.45 9.11 9.12 10.89 -9999 -9999 -9999 8.80 7.07 7.01 8.49 7.97 7.15 6.21 7.39 6.97 8.13 7.34 5.97 6.78 7.67 7.77 7.46 8.19 7.69 7.45 7.42 6.99 6.85 6.76 6.89 7.27 6.90 6.35 6.22 6.17 6.22 6.80 6.38 5.96 5.31 4.76 4.91 5.09 5.63 5.92 6.33 6.44 6.64 6.34 6.83 7.28 7.63 7.28 6.58 8.24 7.53 8.37
-9999 -9999 -9999 -9999 -9999 -9999 -9999 -9999 -9999 -9999 -9999 -9999 -9999 -9999 -9999 -9999 -9999 -9999 -9999 -9999 -9999 -9999 -9999 -9999 -9999 -9999 -9999 10.79 7.56 6.05 6.34 8.27 7.01 7.38 7.77 7.73 7.78 7.79 6.54 6.20 6.34 7.08 6.99 7.10 7.21 7.35 7.14 7.15 8.39 7.26 7.37 6.95 7.35 7.25 6.50 6.43 6.07 6.54 7.21 6.61 5.81 5.40 5.35 5.18 5.68 5.73 6.16 6.00 6.82 7.20 6.65 5.77 7.96 8.53 7.02 6.06 8.41 7.98 7.89
-9999 -9999 -9999 -9999 -9999 -9999 -9999 -9999 -9999 -9999 -9999 -9999 -9999 -9999 -9999 -9999 -9999 -9999 -9999 -9999 -9999 -9999 -9999 -9999 -9999 -9999 -9999 8.59 7.02 5.75 9.91 8.96 6.74 7.43 7.98 8.22 8.31 7.02 6.72 6.47 6.22 7.01 6.65 6.39 7.60 7.39 8.18 7.12 7.42 8.40 7.31 7.19 7.27 6.89 6.70 6.51 6.37 6.72 6.82 6.85 6.13 5.52 5.41 5.10 5.29 6.66 6.20 6.83 7.24 8.01 6.77 5.88 7.03 7.35 6.10 5.45 5.95 7.27 7.91
-9999 -9999 -9999 -9999 -9999 -9999 -9999 -9999 -9999 -9999 -9999 -9999 -9999 -9999 -9999 -9999 -9999 -9999 -9999 -9999 -9999 -9999 -9999 -9999 -9999 -9999 -9999 8.37 5.83 4.26 6.07 9.08 8.64 8.45 7.92 8.80 7.26 6.80 6.38 7.50 7.43 7.97 7.48 6.83 6.97 6.91 7.17 7.42 7.41 6.77 6.80 7.04 7.21 6.91 6.76 6.65 6.58 6.91 6.81 6.49 5.64 5.42 6.04 6.62 6.05 6.69 6.42 6.47 6.61 7.26 8.59 8.36 6.84 6.71 6.81 6.71 6.36 6.38 6.36
-9999 -9999 -9999 -9999 -9999 -9999 -9999 -9999 -9999 -9999 11.30 11.33 9.37 12.90 12.56 12.99 13.74 15.55 10.04 14.43 10.95 -9999 -9999 -9999 -9999 -9999 -9999 7.99 6.68 5.78 4.65 5.33 7.22 8.87 8.78 7.83 7.07 6.86 7.43 8.34 7.65 7.08 7.00 6.56 6.85 7.21 6.80 6.43 6.29 6.58 6.09 6.65 7.18 7.96 7.32 6.89 7.20 7.18 6.87 7.06 5.62 5.03 6.28 7.21 6.30 5.94 6.25 6.40 6.32 6.24 6.44 6.46 6.29 6.17 5.94 5.86 5.76 5.90 5.78
-9999 -9999 -9999 -9999 -9999 -9999 -9999 -9999 -9999 -9999 11.90 10.81 10.04 8.04 9.90 11.60 11.71 12.89 13.48 11.54 10.58 9.12 9.55 11.47 10.09 9.29 8.00 7.30 6.67 6.26 5.65 4.85 5.15 7.53 7.90 7.18 6.61 8.81 7.72 6.90 7.24 7.54 6.78 6.46 6.85 6.98 7.12 6.76 6.72 5.87 5.94 6.32 6.49 6.84 7.75 8.09 6.80 6.61 6.45 6.02 6.15 5.15 8.14 7.00 6.77 6.41 6.08 6.23 6.19 6.94 6.92 5.91 7.21 6.88 7.25 6.22 6.29 5.98 5.86
-9999 -9999 -9999 -9999 -9999 -9999 -9999 -9999 -9999 11.46 9.94 8.74 7.53 6.29 8.13 10.71 10.81 10.49 10.61 10.78 10.13 8.62 7.73 8.63 9.78 7.79 7.17 6.55 6.56 7.19 6.00 5.71 6.55 6.65 6.51 6.60 8.39 7.10 8.34 7.84 7.21 6.50 6.78 6.28 6.80 7.16 6.80 7.06 6.32 6.60 6.33 6.19 6.18 7.50 8.46 6.88 5.94 6.21 8.09 6.76 6.02 5.99 5.88 6.13 6.36 6.06 5.96 6.42 7.26 6.69 5.89 5.87 7.27 6.83 6.62 6.93 6.79 6.44 6.42
-9999 -9999 -9999 -9999 -9999 -9999 -9999 -9999 -9999 -9999 9.64 7.97 6.88 7.80 7.35 8.13 10.75 10.04 8.51 7.51 9.75 11.37 9.03 6.98 7.44 9.18 7.65 6.18 6.11 6.01 6.54 6.47 5.69 5.91 6.29 6.76 7.46 6.61 8.14 7.44 7.35 7.20 7.19 6.45 7.06 7.41 7.12 5.90 6.07 6.64 5.96 5.57 5.38 6.42 7.79 7.50 5.78 6.16 7.35 7.14 6.40 5.62 5.42 5.13 5.35 6.66 6.48 6.26 6.67 7.45 6.87 6.63 7.32 7.36 6.62 7.27 6.49 7.14 6.36
-9999 -9999 -9999 -9999 -9999 -9999 13.24 -9999 -9999 10.92 9.48 9.51 7.01 8.16 6.87 6.84 7.47 8.28 9.02 7.54 9.17 10.33 8.21 7.02 6.22 6.61 6.47 5.86 5.89 6.13 6.83 5.93 5.60 6.27 7.70 6.62 6.99 6.19 7.20 7.02 7.63 8.25 7.53 6.52 6.28 6.52 6.15 5.74 6.99 6.21 5.57 6.99 5.68 5.96 7.83 8.67 5.94 6.28 6.77 6.64 6.12 5.62 5.50 5.69 6.04 6.49 5.95 5.62 5.52 5.91 6.11 6.34 7.07 6.68 6.70 6.65 6.24 6.24 6.15
-9999 -9999 -9999 -9999 -9999 11.35 12.53 12.43 11.98 9.52 8.56 9.64 7.74 6.70 6.97 6.45 7.85 8.75 9.46 7.95 7.59 7.85 6.88 6.14 5.87 6.27 6.74 6.71 6.04 6.00 6.09 5.62 5.53 7.12 7.35 6.50 6.68 6.81 7.96 7.48 7.52 8.55 7.48 7.10 6.30 6.98 6.58 6.64 6.17 5.87 5.35 6.23 6.14 5.69 6.81 6.60 6.11 6.09 5.99 6.69 6.53 6.18 5.95 5.73 5.52 5.48 5.99 6.31 6.01 5.20 5.52 5.94 6.74 7.19 6.93 6.08 6.87 6.86 6.80
-9999 -9999 -9999 -9999 -9999 10.29 10.44 9.80 10.24 9.21 8.21 7.24 8.64 8.39 7.45 8.30 8.24 8.32 9.47 8.34 7.90 7.16 5.21 6.21 7.91 7.72 6.97 6.31 5.80 6.21 6.62 6.76 6.25 7.43 7.11 7.47 6.54 5.86 7.12 8.17 7.38 7.48 7.20 6.60 6.82 7.47 6.72 6.15 6.71 6.80 5.65 5.85 5.78 5.72 6.46 6.78 6.90 8.09 6.21 6.46 5.80 5.55 5.88 6.06 5.54 5.32 5.78 6.52 6.22 5.67 5.42 6.03 6.10 6.26 6.44 6.72 5.97 6.57 7.45
-9999 -9999 -9999 -9999 -9999 10.46 9.53 9.13 9.56 9.19 8.82 7.58 8.01 8.02 6.94 7.81 7.84 8.47 8.86 8.41 6.01 4.39 3.89 5.96 6.37 7.13 7.67 6.20 6.23 6.44 6.21 7.05 6.56 7.44 7.15 7.11 6.88 6.27 7.54 7.13 7.20 7.17 6.89 6.58 6.85 7.55 7.44 6.45 6.25 6.44 7.00 5.95 6.05 5.85 6.12 6.11 6.20 6.73 6.47 7.28 7.76 4.96 7.84 6.67 5.09 5.23 8.00 8.25 8.01 5.67 5.69 5.97 5.85 6.08 5.87 6.90 7.87 9.96 9.27
-9999 -9999 -9999 -9999 -9999 9.43 8.95 8.85 8.83 8.62 8.48 7.87 7.49 8.33 7.74 7.70 8.07 7.37 7.43 7.22 6.65 3.93 4.46 6.52 6.11 7.11 7.18 6.19 6.54 6.81 6.07 6.57 6.87 6.92 6.73 6.73 7.39 8.11 6.64 7.31 7.20 7.20 6.88 6.68 7.00 7.46 6.83 6.82 6.59 6.89 7.22 7.64 7.03 7.68 7.28 6.80 6.55 6.26 5.92 5.98 6.14 5.61 7.22 7.15 7.60 7.19 7.69 8.30 8.68 6.01 6.12 6.13 6.29 6.52 7.31 8.35 8.73 -9999 -9999
-9999 -9999 -9999 -9999 -9999 8.82 8.35 8.27 8.71 9.25 8.64 8.35 8.23 8.66 9.33 8.72 8.18 7.40 7.62 7.13 6.57 5.87 4.72 5.12 5.15 6.80 5.94 4.71 6.92 6.70 5.90 8.24 7.49 8.04 8.39 7.88 7.77 8.28 7.34 6.76 7.15 7.13 6.61 6.61 6.81 7.24 6.64 6.88 7.64 8.23 8.14 8.14 8.28 8.27 8.38 8.26 7.83 7.16 6.87 7.21 7.59 7.81 8.21 8.45 8.63 -9999 -9999 8.22 8.38 7.90 7.43 6.94 9.29 7.86 -9999 -9999 -9999 -9999 -9999
-9999 -9999 -9999 -9999 11.30 9.20 8.56 7.56 8.22 8.52 9.42 8.81 10.05 9.75 9.66 8.83 8.31 7.85 7.67 7.09 6.56 6.40 5.87 5.96 6.43 6.10 4.97 7.34 8.11 6.02 5.49 6.58 6.95 8.13 8.17 7.34 7.22 7.10 6.92 7.56 7.43 7.56 7.18 7.04 7.45 8.11 8.00 7.79 7.87 8.24 8.54 -9999 -9999 9.20 9.83 9.86 9.37 8.92 8.54 8.70 -9999 -9999 -9999 -9999 -9999 -9999 -9999 -9999 -9999 -9999 8.37 8.91 10.35 9.32 -9999 -9999 -9999 -9999 -9999
-9999 -9999 -9999 12.16 10.87 9.16 9.11 7.75 7.50 7.31 7.10 7.33 11.08 11.91 10.51 9.66 9.27 9.38 8.36 7.37 6.58 6.81 6.55 8.54 8.99 8.41 8.28 9.72 7.76 7.56 7.22 7.89 8.73 7.59 6.81 7.34 6.86 7.08 6.97 7.21 7.28 8.51 9.31 9.27 9.08 9.10 9.29 8.59 -9999 7.62 8.36 8.33 8.71 9.28 -9999 -9999 -9999 -9999 9.98 -9999 -9999 -9999 -9999 -9999 -9999 -9999 -9999 -9999 -9999 -9999 -9999 -9999 -9999 -9999 -9999 -9999 -9999 -9999 -9999
-9999 -9999 11.76 11.65 11.59 10.45 8.73 7.84 7.23 5.74 4.85 6.68 12.23 13.72 9.74 9.25 11.07 8.42 9.85 7.60 6.90 9.32 8.36 8.26 8.53 8.82 -9999 -9999 -9999 -9999 -9999 8.38 9.51 9.07 7.76 7.61 7.39 6.98 7.08 7.19 7.85 8.95 -9999 -9999 -9999 -9999 -9999 9.44 9.31 8.40 7.60 7.73 9.47 9.45 -9999 -9999 -9999 -9999 -9999 -9999 -9999 -9999 -9999 -9999 -9999 -9999 -9999 -9999 -9999 -9999 -9999 -9999 -9999 -9999 -9999 -9999 -9999 -9999 -9999
-9999 7.76 8.72 10.66 11.29 10.37 9.67 8.30 6.33 6.00 5.23 7.65 10.96 12.68 11.62 10.78 9.08 9.60 8.60 8.75 8.23 10.07 10.03 -9999 -9999 -9999 -9999 -9999 -9999 -9999 -9999 -9999 9.17 9.32 8.25 9.13 9.85 9.99 8.16 9.88 10.06 10.77 -9999 -9999 -9999 -9999 -9999 -9999 -9999 8.19 8.50 7.70 8.52 -9999 -9999 -9999 -9999 -9999 -9999 -9999 -9999 -9999 -9999 -9999 -9999 -9999 -9999 -9999 -9999 -9999 -9999 -9999 -9999 -9999 -9999 -9999 -9999 -9999 -9999
9.73 7.68 7.91 9.40 11.12 11.48 9.89 7.63 7.01 6.69 5.85 7.31 10.61 10.07 10.64 10.36 10.74 6.31 8.83 11.57 9.64 -9999 -9999 -9999 -9999 -9999 -9999 -9999 -9999 -9999 -9999 -9999 -9999 -9999 10.19 -9999 -9999 -9999 -9999 9.24 11.38 11.89 -9999 -9999 -9999 -9999 -9999 -9999 -9999 -9999 8.81 10.57 9.49 -9999 -9999 -9999 -9999 -9999 -9999 -9999 -9999 -9999 -9999 -9999 -9999 -9999 -9999 -9999 -9999 -9999 -9999 -9999 -9999 -9999 -9999 -9999 -9999 -9999 -9999
8.57 7.19 7.91 9.21 10.05 10.90 9.70 8.62 8.87 5.69 4.22 5.75 9.19 10.36 9.28 8.29 9.41 7.29 7.54 8.87 -9999 -9999 -9999 -9999 -9999 -9999 -9999 -9999 -9999 -9999 -9999 -9999 -9999 -9999 11.41 -9999 -9999 -9999 -9999 -9999 -9999 -9999 -9999 -9999 -9999 -9999 -9999 -9999 -9999 -9999 -9999 -9999 -9999 -9999 -9999 -9999 -9999 -9999 -9999 -9999 -9999 -9999 -9999 -9999 -9999 -9999 -9999 -9999 -9999 -9999 -9999 -9999 -9999 -9999 -9999 -9999 -9999 -9999 -9999
8.94 7.69 8.43 8.76 9.02 9.72 9.00 8.58 8.95 5.31 4.08 4.57 7.10 11.87 12.79 7.53 7.71 7.58 8.62 10.75 -9999 -9999 -9999 -9999 -9999 -9999 -9999 -9999 -9999 -9999 -9999 -9999 -9999 -9999 -9999 -9999 -9999 -9999 -9999 -9999 -9999 -9999 -9999 -9999 -9999 -9999 -9999 -9999 -9999 -9999 -9999 -9999 -9999 -9999 -9999 -9999 -9999 -9999 -9999 -9999 -9999 -9999 -9999 -9999 -9999 -9999 -9999 -9999 -9999 -9999 -9999 -9999 -9999 -9999 -9999 -9999 -9999 -9999 -9999
9.66 9.20 9.10 8.82 9.59 8.93 8.39 8.07 6.61 6.18 5.05 4.43 7.06 9.82 10.15 8.76 7.12 7.60 10.34 9.78 -9999 -9999 -9999 -9999 -9999 -9999 -9999 -9999 -9999 -9999 -9999 -9999 -9999 -9999 -9999 -9999 -9999 -9999 -9999 -9999 -9999 -9999 -9999 -9999 -9999 -9999 -9999 -9999 -9999 -9999 -9999 -9999 -9999 -9999 -9999 -9999 -9999 -9999 -9999 -9999 -9999 -9999 -9999 -9999 -9999 -9999 -9999 -9999 -9999 -9999 -9999 -9999 -9999 -9999 -9999 -9999 -9999 -9999 -9999
10.36 10.08 9.87 8.70 9.30 8.78 10.46 9.53 7.90 7.26 7.46 5.97 6.34 7.50 7.64 7.25 7.40 8.29 9.33 9.87 -9999 -9999 -9999 -9999 -9999 -9999 -9999 -9999 -9999 -9999 -9999 -9999 -9999 -9999 -9999 -9999 -9999 -9999 -9999 -9999 -9999 -9999 -9999 -9999 -9999 -9999 -9999 -9999 -9999 -9999 -9999 -9999 -9999 -9999 -9999 -9999 -9999 -9999 -9999 -9999 -9999 -9999 -9999 -9999 -9999 -9999 -9999 -9999 -9999 -9999 -9999 -9999 -9999 -9999 -9999 -9999 -9999 -9999 -9999
9.21 9.67 9.14 10.24 11.76 11.34 9.85 9.69 9.46 9.17 7.99 8.26 7.33 6.30 6.45 7.45 8.53 9.23 9.25 10.48 -9999 -9999 -9999 -9999 -9999 -9999 -9999 -9999 -9999 -9999 -9999 -9999 -9999 -9999 -9999 -9999 -9999 -9999 -9999 -9999 -9999 -9999 -9999 -9999 -9999 -9999 -9999 -9999 -9999 -9999 -9999 -9999 -9999 -9999 -9999 -9999 -9999 -9999 -9999 -9999 -9999 -9999 -9999 -9999 -9999 -9999 -9999 -9999 -9999 -9999 -9999 -9999 -9999 -9999 -9999 -9999 -9999 -9999 -9999
10.08 10.70 -9999 -9999 -9999 -9999 -9999 -9999 -9999 -9999 -9999 9.47 9.72 8.32 7.47 7.06 8.45 9.48 9.59 -9999 -9999 -9999 -9999 -9999 -9999 -9999 -9999 -9999 -9999 -9999 -9999 -9999 -9999 -9999 -9999 -9999 -9999 -9999 -9999 -9999 -9999 -9999 -9999 -9999 -9999 -9999 -9999 -9999 -9999 -9999 -9999 -9999 -9999 -9999 -9999 -9999 -9999 -9999 -9999 -9999 -9999 -9999 -9999 -9999 -9999 -9999 -9999 -9999 -9999 -9999 -9999 -9999 -9999 -9999 -9999 -9999 -9999 -9999 -9999
11.16 11.95 -9999 -9999 -9999 -9999 -9999 -9999 -9999 -9999 -9999 -9999 -9999 -9999 8.55 8.03 8.59 9.28 -9999 -9999 -9999 -9999 -9999 -9999 -9999 -9999 -9999 -9999 -9999 -9999 -9999 -9999 -9999 -9999 -9999 -9999 -9999 -9999 -9999 -9999 -9999 -9999 -9999 -9999 -9999 -9999 -9999 -9999 -9999 -9999 -9999 -9999 -9999 -9999 -9999 -9999 -9999 -9999 -9999 -9999 -9999 -9999 -9999 -9999 -9999 -9999 -9999 -9999 -9999 -9999 -9999 -9999 -9999 -9999 -9999 -9999 -9999 -9999 -9999
-9999 -9999 -9999 -9999 -9999 -9999 -9999 -9999 -9999 -9999 -9999 -9999 -9999 -9999 10.02 11.03 11.73 11.46 -9999 -9999 -9999 -9999 -9999 -9999 -9999 -9999 -9999 -9999 -9999 -9999 -9999 -9999 -9999 -9999 -9999 -9999 -9999 -9999 -9999 -9999 -9999 -9999 -9999 -9999 -9999 -9999 -9999 -9999 -9999 -9999 -9999 -9999 -9999 -9999 -9999 -9999 -9999 -9999 -9999 -9999 -9999 -9999 -9999 -9999 -9999 -9999 -9999 -9999 -9999 -9999 -9999 -9999 -9999 -9999 -9999 -9999 -9999 -9999 -9999
-9999 -9999 -9999 -9999 -9999 -9999 -9999 -9999 -9999 -9999 -9999 -9999 -9999 -9999 -9999 -9999 -9999 -9999 -9999 -9999 -9999 -9999 -9999 -9999 -9999 -9999 -9999 -9999 -9999 -9999 -9999 -9999 -9999 -9999 -9999 -9999 -9999 -9999 -9999 -9999 -9999 -9999 -9999 -9999 -9999 -9999 -9999 -9999 -9999 -9999 -9999 -9999 -9999 -9999 -9999 -9999 -9999 -9999 -9999 -9999 -9999 -9999 -9999 -9999 -9999 -9999 -9999 -9999 -9999 -9999 -9999 -9999 -9999 -9999 -9999 -9999 -9999 -9999 -9999
-9999 -9999 -9999 -9999 -9999 -9999 -9999 -9999 -9999 -9999 -9999 -9999 -9999 -9999 -9999 -9999 -9999 -9999 -9999 -9999 -9999 -9999 -9999 -9999 -9999 -9999 -9999 -9999 -9999 -9999 -9999 -9999 -9999 -9999 -9999 -9999 -9999 -9999 -9999 -9999 -9999 -9999 -9999 -9999 -9999 -9999 -9999 -9999 -9999 -9999 -9999 -9999 -9999 -9999 -9999 -9999 -9999 -9999 -9999 -9999 -9999 -9999 -9999 -9999 -9999 -9999 -9999 -9999 -9999 -9999 -9999 -9999 -9999 -9999 -9999 -9999 -9999 -9999 -9999
