ML/MeanWindSpeed_2000-11_Actual.txt
ncols         180
nrows         290
xllcorner     -200000
yllcorner     -200000
cellsize      5000
NODATA_value  -9999
[rows 105 to 139 of 290, columns 78 to 155 of 180]
11.90 15.64 9.04 5.05 9.92 16.25 15.06 12.02 10.77 11.88 17.36 10.51 14.63 7.99 10.78 14.92 7.71 3.98 5.43 8.93 7.89 7.33 9.01 9.73 7.68 8.77 7.65 7.74 10.83 9.40 9.31 9.07 -9999 -9999 -9999 -9999 -9999 -9999 -9999 -9999 -9999 -9999 -9999 -9999 -9999 -9999 -9999 -9999 -9999 -9999 -9999 -9999 -9999 -9999 -9999 -9999 -9999 -9999 -9999 -9999 -9999 -9999 -9999 -9999 -9999 -9999 -9999 -9999 -9999 -9999 -9999 -9999 -9999 -9999 -9999 -9999 -9999 -9999
13.75 10.74 12.02 18.30 17.68 20.10 8.79 14.56 7.13 18.49 7.98 20.90 10.53 14.43 23.34 13.26 8.60 11.53 10.18 6.64 6.53 5.82 5.99 8.55 7.55 6.48 8.41 9.67 9.34 8.90 7.11 8.71 10.02 -9999 -9999 -9999 -9999 -9999 -9999 -9999 -9999 -9999 -9999 -9999 -9999 -9999 -9999 -9999 -9999 -9999 -9999 -9999 -9999 -9999 -9999 -9999 -9999 -9999 -9999 -9999 -9999 -9999 -9999 -9999 -9999 -9999 -9999 -9999 -9999 -9999 -9999 -9999 -9999 -9999 -9999 -9999 -9999 -9999
13.65 6.02 16.21 12.98 7.05 12.22 16.48 15.53 6.01 17.29 14.40 16.14 12.24 18.89 15.55 17.01 21.18 15.83 12.59 9.59 8.04 9.32 11.78 12.76 14.49 12.52 9.83 8.46 7.84 11.02 9.19 12.06 11.91 13.19 -9999 -9999 -9999 -9999 -9999 -9999 -9999 -9999 -9999 -9999 -9999 -9999 -9999 -9999 -9999 -9999 -9999 -9999 -9999 -9999 -9999 -9999 -9999 -9999 -9999 -9999 -9999 -9999 -9999 -9999 -9999 -9999 -9999 -9999 -9999 -9999 -9999 -9999 -9999 -9999 -9999 -9999 -9999 -9999
9.89 14.42 14.84 10.58 5.90 13.93 15.86 20.93 8.08 16.12 12.02 14.02 13.76 15.21 8.12 10.73 13.08 13.17 9.90 12.16 15.34 19.82 17.75 15.37 12.60 11.37 13.07 8.16 10.35 12.18 12.68 12.95 13.03 13.49 13.56 -9999 -9999 -9999 -9999 -9999 -9999 -9999 -9999 -9999 -9999 -9999 -9999 -9999 -9999 -9999 -9999 -9999 -9999 -9999 -9999 -9999 -9999 -9999 -9999 -9999 -9999 -9999 -9999 -9999 -9999 -9999 -9999 -9999 -9999 -9999 -9999 -9999 -9999 -9999 -9999 -9999 -9999 -9999
15.71 18.71 8.09 5.17 12.01 20.05 13.29 3.83 8.91 27.53 10.69 9.62 11.74 11.85 8.65 7.37 6.36 9.18 15.54 22.79 21.00 16.69 13.75 9.91 9.51 10.06 12.08 10.42 11.71 11.04 10.17 11.04 11.76 12.45 -9999 -9999 -9999 -9999 -9999 -9999 -9999 -9999 -9999 -9999 -9999 -9999 -9999 -9999 -9999 -9999 -9999 -9999 -9999 -9999 -9999 -9999 -9999 -9999 -9999 -9999 -9999 -9999 -9999 -9999 -9999 -9999 -9999 -9999 -9999 -9999 -9999 -9999 -9999 -9999 -9999 -9999 -9999 -9999
12.63 10.75 9.47 17.59 7.89 16.43 16.98 16.35 11.73 9.37 21.82 11.41 8.28 5.99 5.77 4.86 4.94 6.85 13.53 10.57 9.12 7.81 9.62 12.21 10.56 10.51 9.75 10.47 12.44 11.74 -9999 -9999 -9999 -9999 -9999 -9999 -9999 -9999 -9999 -9999 -9999 -9999 -9999 -9999 -9999 -9999 -9999 -9999 -9999 -9999 -9999 -9999 -9999 -9999 -9999 -9999 -9999 -9999 -9999 -9999 -9999 -9999 -9999 -9999 -9999 -9999 -9999 -9999 -9999 -9999 -9999 -9999 -9999 -9999 -9999 -9999 -9999 -9999
11.77 7.18 17.06 16.40 17.81 20.36 8.58 17.01 17.49 7.72 12.07 13.19 9.27 8.59 9.66 11.12 13.17 8.62 7.67 6.91 7.83 9.71 11.06 12.77 11.75 11.26 12.06 12.12 -9999 -9999 -9999 -9999 -9999 -9999 -9999 -9999 -9999 -9999 -9999 -9999 -9999 -9999 -9999 -9999 -9999 -9999 -9999 -9999 -9999 -9999 -9999 -9999 -9999 -9999 -9999 -9999 -9999 -9999 -9999 -9999 -9999 -9999 -9999 -9999 -9999 -9999 -9999 -9999 -9999 -9999 -9999 -9999 -9999 -9999 -9999 -9999 -9999 -9999
9.81 17.71 12.45 16.52 18.31 16.10 13.83 17.57 17.50 8.47 7.29 6.35 8.14 10.19 11.20 15.13 16.90 12.55 9.70 7.51 7.63 9.98 9.52 10.22 11.20 14.03 15.40 13.32 -9999 -9999 -9999 -9999 -9999 -9999 -9999 -9999 -9999 -9999 -9999 -9999 -9999 -9999 -9999 -9999 -9999 -9999 -9999 -9999 -9999 -9999 -9999 -9999 -9999 -9999 -9999 -9999 -9999 -9999 -9999 -9999 -9999 -9999 -9999 -9999 -9999 -9999 -9999 -9999 -9999 -9999 -9999 -9999 -9999 -9999 -9999 -9999 -9999 -9999
13.07 17.60 12.49 15.80 14.60 17.80 10.62 7.75 10.50 11.29 10.39 10.64 8.17 20.21 19.50 16.61 16.39 11.87 8.00 8.01 7.91 7.86 7.37 7.71 9.76 9.64 -9999 -9999 -9999 -9999 -9999 12.57 11.00 10.89 9.72 -9999 -9999 -9999 -9999 -9999 -9999 -9999 -9999 -9999 -9999 -9999 -9999 -9999 -9999 -9999 -9999 -9999 -9999 -9999 -9999 -9999 -9999 -9999 -9999 -9999 -9999 -9999 -9999 -9999 -9999 -9999 -9999 -9999 -9999 -9999 -9999 -9999 -9999 -9999 -9999 -9999 -9999 -9999
13.95 20.08 12.75 8.39 21.44 10.62 9.63 7.13 7.16 10.92 13.42 17.12 12.08 11.34 8.87 8.53 7.97 9.19 9.71 10.46 10.34 9.06 9.46 9.96 9.31 8.69 9.53 11.50 -9999 -9999 10.41 9.58 8.87 6.71 6.60 7.51 8.81 -9999 -9999 -9999 -9999 -9999 -9999 -9999 -9999 -9999 -9999 -9999 -9999 -9999 -9999 -9999 -9999 -9999 -9999 -9999 -9999 -9999 -9999 -9999 -9999 -9999 -9999 -9999 -9999 -9999 -9999 -9999 -9999 -9999 -9999 -9999 -9999 -9999 -9999 -9999 -9999 -9999
16.84 13.40 14.59 15.29 17.65 11.73 11.47 12.48 12.17 11.90 8.62 8.57 9.66 8.10 7.96 8.07 8.53 9.82 11.07 11.03 10.08 11.46 11.81 8.65 7.05 7.28 8.29 11.20 10.07 9.90 10.00 8.11 5.56 6.14 9.27 9.78 12.47 8.30 -9999 -9999 -9999 -9999 -9999 -9999 -9999 -9999 -9999 -9999 -9999 -9999 -9999 -9999 -9999 -9999 -9999 -9999 -9999 -9999 -9999 -9999 -9999 -9999 -9999 -9999 -9999 -9999 -9999 -9999 -9999 -9999 -9999 -9999 -9999 -9999 -9999 -9999 -9999 -9999
13.77 17.77 15.68 11.61 11.72 -9999 14.93 16.40 11.94 9.82 6.93 6.10 7.05 7.96 8.68 8.86 9.79 12.32 11.81 11.48 10.14 9.05 8.78 7.24 7.71 8.62 10.94 9.58 7.96 10.12 8.37 7.71 6.43 8.17 10.82 11.29 12.95 11.14 12.92 14.53 10.40 -9999 -9999 -9999 -9999 -9999 -9999 -9999 -9999 -9999 -9999 -9999 -9999 -9999 -9999 -9999 -9999 -9999 -9999 -9999 -9999 -9999 -9999 -9999 -9999 -9999 -9999 -9999 -9999 -9999 -9999 -9999 -9999 -9999 -9999 -9999 -9999 -9999
15.00 -9999 14.55 16.12 13.06 -9999 16.49 19.63 13.52 11.57 8.01 7.37 7.03 7.49 6.72 7.38 8.58 10.18 12.54 11.78 11.80 9.97 9.53 10.64 12.16 14.57 12.08 8.30 6.37 8.50 8.88 9.09 14.86 14.84 10.99 10.80 9.95 10.68 11.32 8.92 10.53 -9999 -9999 -9999 -9999 -9999 -9999 -9999 -9999 -9999 -9999 -9999 -9999 -9999 -9999 -9999 -9999 -9999 -9999 -9999 -9999 -9999 -9999 -9999 -9999 -9999 -9999 -9999 -9999 -9999 -9999 -9999 -9999 -9999 -9999 -9999 -9999 -9999
13.65 -9999 -9999 16.84 15.09 14.93 15.57 16.43 10.35 10.87 12.83 10.26 9.01 8.13 11.16 8.30 7.04 8.68 9.73 11.49 12.60 14.39 12.06 14.48 15.11 12.15 10.39 9.91 8.37 9.23 11.53 12.80 11.97 14.06 10.97 9.77 9.63 6.57 7.02 8.71 10.72 11.89 -9999 -9999 -9999 -9999 -9999 -9999 -9999 -9999 -9999 -9999 -9999 -9999 -9999 -9999 -9999 -9999 -9999 -9999 -9999 -9999 -9999 -9999 -9999 -9999 -9999 -9999 -9999 -9999 -9999 -9999 -9999 -9999 -9999 -9999 -9999 -9999
-9999 -9999 -9999 -9999 16.15 14.24 16.67 11.71 9.02 10.95 12.55 13.76 11.79 10.23 11.44 11.82 9.72 7.40 10.09 12.97 11.85 11.86 12.27 13.99 11.91 10.09 11.35 11.31 14.19 12.61 10.61 9.99 7.87 10.51 9.78 8.70 9.69 7.14 6.63 6.96 7.09 8.31 -9999 -9999 -9999 -9999 -9999 -9999 -9999 -9999 -9999 -9999 -9999 -9999 -9999 -9999 -9999 -9999 -9999 -9999 -9999 -9999 -9999 -9999 -9999 -9999 -9999 -9999 -9999 -9999 -9999 -9999 -9999 -9999 -9999 -9999 -9999 -9999
18.16 18.89 -9999 -9999 -9999 15.36 15.17 11.31 10.67 10.55 11.23 13.24 13.81 13.91 13.85 11.86 11.02 10.08 6.91 11.85 10.15 10.00 10.50 9.22 8.60 12.25 11.08 15.02 18.61 15.46 11.77 11.50 7.32 8.27 7.97 8.60 9.43 7.05 6.39 6.42 6.29 7.85 9.36 -9999 -9999 -9999 -9999 -9999 -9999 -9999 -9999 -9999 -9999 -9999 -9999 -9999 -9999 -9999 -9999 -9999 -9999 -9999 -9999 -9999 -9999 -9999 -9999 -9999 -9999 -9999 -9999 -9999 -9999 -9999 -9999 -9999 -9999 -9999
20.91 21.39 15.53 -9999 -9999 -9999 13.81 12.34 10.61 9.73 9.75 10.08 11.83 11.65 11.09 9.50 9.74 10.57 11.01 9.00 9.00 9.35 11.19 9.71 13.11 7.48 9.38 8.95 9.40 14.56 14.24 11.08 9.48 7.23 6.86 7.33 7.64 5.92 5.95 5.57 6.78 7.92 8.01 8.87 -9999 -9999 -9999 -9999 -9999 -9999 -9999 -9999 -9999 -9999 -9999 -9999 -9999 -9999 -9999 -9999 -9999 -9999 -9999 -9999 -9999 -9999 -9999 -9999 -9999 -9999 -9999 -9999 -9999 -9999 -9999 -9999 -9999 -9999
17.98 17.77 13.41 -9999 -9999 -9999 -9999 -9999 12.10 10.19 8.36 7.88 8.05 8.23 10.31 13.82 13.32 11.69 11.02 9.63 11.09 9.92 9.09 8.29 11.68 5.88 8.14 9.74 7.80 4.83 8.03 7.17 8.71 6.54 7.94 7.12 5.34 5.20 4.76 4.68 4.50 8.11 8.88 8.27 8.45 -9999 -9999 -9999 -9999 -9999 -9999 -9999 -9999 -9999 -9999 -9999 -9999 -9999 -9999 -9999 -9999 -9999 -9999 -9999 -9999 -9999 -9999 -9999 -9999 -9999 -9999 -9999 -9999 -9999 -9999 -9999 -9999 -9999
13.61 21.89 15.89 -9999 -9999 -9999 -9999 -9999 13.48 12.14 11.82 9.61 11.29 13.71 12.54 14.34 14.33 13.50 11.23 12.60 11.22 9.60 11.27 12.60 6.79 17.85 10.40 14.44 8.99 11.70 11.52 6.06 9.15 7.32 6.25 5.61 6.21 8.01 7.82 5.10 5.10 4.04 8.14 10.58 8.01 10.42 11.83 -9999 -9999 -9999 -9999 -9999 -9999 -9999 -9999 -9999 -9999 -9999 -9999 -9999 -9999 -9999 -9999 -9999 -9999 -9999 -9999 -9999 -9999 -9999 -9999 -9999 -9999 -9999 -9999 -9999 -9999 -9999
20.08 22.31 22.02 -9999 -9999 -9999 -9999 -9999 13.30 11.23 10.86 9.65 9.92 11.98 9.85 10.44 10.00 13.02 11.76 11.33 10.33 13.42 18.18 15.02 11.18 19.74 16.93 10.74 11.72 8.71 6.45 8.62 9.51 7.53 7.78 7.87 6.05 6.54 6.18 7.17 10.43 8.05 7.91 9.57 9.95 8.94 10.53 -9999 -9999 -9999 -9999 -9999 -9999 -9999 -9999 -9999 -9999 -9999 -9999 -9999 -9999 -9999 -9999 -9999 -9999 -9999 -9999 -9999 -9999 -9999 -9999 -9999 -9999 -9999 -9999 -9999 -9999 -9999
16.93 17.88 20.50 -9999 -9999 -9999 -9999 -9999 12.26 10.32 9.19 8.66 8.58 9.32 10.53 14.39 16.30 13.28 13.99 9.23 9.71 10.15 14.01 8.95 15.19 12.60 9.44 11.60 13.42 7.28 10.72 8.44 9.50 9.02 6.14 7.91 8.58 7.83 6.59 13.94 13.80 12.93 8.11 9.14 9.72 8.90 10.79 -9999 -9999 -9999 -9999 -9999 -9999 -9999 -9999 -9999 -9999 -9999 -9999 -9999 -9999 -9999 -9999 -9999 -9999 -9999 -9999 -9999 -9999 -9999 -9999 -9999 -9999 -9999 -9999 -9999 -9999 -9999
-9999 -9999 -9999 -9999 -9999 -9999 -9999 15.84 12.85 11.51 9.54 9.65 9.96 8.68 10.31 10.69 14.22 12.50 12.26 14.76 11.88 13.58 14.40 15.01 17.42 14.29 7.93 10.18 12.02 11.26 9.68 10.18 6.82 8.52 9.51 6.49 8.33 7.93 11.82 12.53 15.92 13.52 8.12 7.28 6.54 8.45 10.71 -9999 -9999 -9999 -9999 -9999 -9999 -9999 -9999 -9999 -9999 -9999 -9999 -9999 -9999 -9999 -9999 -9999 -9999 -9999 -9999 -9999 -9999 -9999 -9999 -9999 -9999 -9999 -9999 -9999 -9999 -9999
-9999 -9999 -9999 -9999 -9999 -9999 -9999 17.69 10.44 10.67 12.53 14.07 12.47 9.47 8.51 8.68 6.21 9.13 15.48 16.23 12.32 10.63 9.22 8.58 16.64 7.40 9.56 9.39 9.91 9.50 7.85 5.28 9.40 9.05 8.32 7.07 8.01 11.16 12.74 10.24 11.84 12.53 8.26 6.07 6.49 9.89 9.46 -9999 -9999 -9999 -9999 -9999 -9999 -9999 -9999 -9999 -9999 -9999 -9999 -9999 -9999 -9999 -9999 -9999 -9999 -9999 -9999 -9999 -9999 -9999 -9999 -9999 -9999 -9999 -9999 -9999 -9999 -9999
-9999 -9999 -9999 -9999 -9999 -9999 15.43 13.51 7.98 10.39 12.81 10.94 14.36 16.54 13.77 15.65 12.30 10.32 9.95 10.88 13.30 10.89 9.51 6.35 8.88 13.74 9.76 12.82 8.63 8.74 5.44 6.76 10.00 8.91 8.85 10.19 12.31 14.18 12.65 9.11 7.23 7.96 7.45 11.09 12.04 10.09 9.88 -9999 -9999 -9999 -9999 -9999 -9999 -9999 -9999 -9999 -9999 -9999 -9999 -9999 -9999 -9999 -9999 -9999 -9999 -9999 -9999 -9999 -9999 -9999 -9999 -9999 -9999 -9999 -9999 -9999 -9999 -9999
-9999 -9999 -9999 -9999 -9999 -9999 13.49 8.36 12.48 9.60 12.23 9.82 14.35 15.12 18.17 15.74 15.28 13.71 12.64 8.82 18.94 16.77 10.32 6.33 10.35 13.16 9.02 9.82 12.30 8.07 10.78 13.20 11.22 13.00 13.28 17.29 10.25 9.09 9.43 10.20 10.24 7.33 6.24 9.09 9.19 8.59 9.61 11.92 -9999 -9999 -9999 -9999 -9999 -9999 -9999 -9999 -9999 -9999 -9999 -9999 -9999 -9999 -9999 -9999 -9999 -9999 -9999 -9999 -9999 -9999 -9999 -9999 -9999 -9999 -9999 -9999 -9999 -9999
-9999 -9999 -9999 -9999 -9999 13.30 15.69 14.55 13.14 12.99 11.72 9.88 8.32 15.40 14.46 15.01 14.30 14.39 10.30 6.58 10.63 12.26 12.17 9.06 7.66 9.35 9.21 8.95 10.19 15.23 9.23 9.42 9.80 8.22 16.15 12.86 15.04 12.52 7.84 9.57 10.44 11.30 12.81 8.60 7.99 8.05 9.78 11.79 -9999 -9999 -9999 -9999 -9999 -9999 -9999 -9999 -9999 -9999 -9999 -9999 -9999 -9999 -9999 -9999 -9999 -9999 -9999 -9999 -9999 -9999 -9999 -9999 -9999 -9999 -9999 -9999 -9999 -9999
-9999 -9999 -9999 -9999 -9999 15.63 14.85 13.04 17.95 15.66 11.37 10.23 14.40 9.18 10.96 13.34 11.02 10.97 7.37 6.36 8.80 9.94 13.60 8.54 8.30 7.04 8.56 6.48 12.46 7.40 12.58 10.48 7.20 15.12 7.42 9.61 11.58 10.89 12.33 8.73 8.76 12.54 11.93 9.45 10.28 9.95 10.08 12.03 -9999 -9999 -9999 -9999 -9999 -9999 -9999 -9999 -9999 -9999 -9999 -9999 -9999 -9999 -9999 -9999 -9999 -9999 -9999 -9999 -9999 -9999 -9999 -9999 -9999 -9999 -9999 -9999 -9999 -9999
-9999 -9999 -9999 -9999 15.32 12.45 11.43 15.36 12.85 12.47 19.87 13.26 13.21 9.12 11.31 12.09 9.38 11.42 10.89 9.37 11.37 10.26 7.30 6.98 8.16 9.94 9.83 13.23 9.63 7.50 13.07 8.90 10.12 15.71 9.06 7.24 6.60 9.81 12.49 11.64 11.77 11.60 9.09 9.16 9.58 9.18 9.74 11.57 -9999 -9999 -9999 -9999 -9999 -9999 -9999 -9999 -9999 -9999 -9999 -9999 -9999 -9999 -9999 -9999 -9999 -9999 -9999 -9999 -9999 -9999 -9999 -9999 -9999 -9999 -9999 -9999 -9999 -9999
-9999 -9999 -9999 13.69 13.44 13.68 9.91 10.96 12.07 10.06 12.45 10.57 18.10 9.00 9.07 10.59 10.88 11.33 11.83 10.19 8.12 6.65 10.51 7.83 7.40 9.85 10.33 9.88 9.53 7.40 9.95 7.34 10.57 15.20 13.00 13.09 11.14 10.38 9.39 9.83 12.64 10.31 9.18 9.48 9.59 9.85 9.20 10.58 12.45 -9999 -9999 -9999 -9999 -9999 -9999 -9999 -9999 -9999 -9999 -9999 -9999 -9999 -9999 -9999 -9999 -9999 -9999 -9999 -9999 -9999 -9999 -9999 -9999 -9999 -9999 -9999 -9999 -9999
-9999 -9999 -9999 16.78 18.97 13.84 12.16 10.32 9.83 8.10 19.02 13.46 9.65 11.31 8.62 8.75 10.51 9.98 15.56 9.14 6.89 6.92 7.80 12.13 8.32 10.97 9.60 9.86 8.92 8.70 7.75 10.99 9.19 11.65 12.70 11.85 12.95 10.94 9.35 9.07 10.86 9.47 11.18 10.41 9.22 8.25 9.61 10.72 12.04 -9999 -9999 -9999 -9999 -9999 -9999 -9999 -9999 -9999 -9999 -9999 -9999 -9999 -9999 -9999 -9999 -9999 -9999 -9999 -9999 -9999 -9999 -9999 -9999 -9999 -9999 -9999 -9999 -9999
-9999 16.22 15.47 17.79 14.51 12.86 13.75 11.20 11.16 8.87 14.60 12.01 11.47 10.98 10.52 7.51 10.82 11.17 9.94 9.79 8.90 6.82 7.97 9.97 9.50 8.81 8.90 8.90 7.90 7.60 8.93 8.84 8.78 12.57 10.73 10.66 10.95 13.35 11.25 9.80 7.26 9.01 10.06 9.68 9.19 8.60 9.33 10.28 11.87 -9999 -9999 -9999 -9999 -9999 -9999 -9999 -9999 -9999 -9999 -9999 -9999 -9999 -9999 -9999 -9999 -9999 -9999 -9999 -9999 -9999 -9999 -9999 -9999 -9999 -9999 -9999 -9999 -9999
-9999 16.97 14.81 11.64 14.30 12.10 13.76 11.31 10.15 9.33 8.89 9.29 14.71 11.56 10.63 8.19 7.72 7.94 7.92 8.65 9.86 8.48 10.13 8.66 9.19 8.41 7.89 7.42 7.13 7.06 7.38 8.81 8.50 6.23 6.91 8.50 8.47 9.49 9.53 5.71 7.32 10.80 9.72 8.29 8.92 8.67 9.36 8.93 10.20 11.71 -9999 -9999 -9999 -9999 -9999 -9999 -9999 -9999 -9999 -9999 -9999 -9999 -9999 -9999 -9999 -9999 -9999 -9999 -9999 -9999 -9999 -9999 -9999 -9999 -9999 -9999 -9999 -9999
-9999 16.88 14.59 10.01 13.50 11.00 11.87 10.58 9.85 10.04 8.08 11.88 11.46 10.79 13.22 9.47 7.62 7.80 7.50 10.35 15.44 11.07 -9999 -9999 -9999 8.86 8.20 -9999 6.94 7.18 7.39 7.03 6.76 6.90 8.12 7.30 7.18 8.88 7.88 9.68 9.31 6.44 5.55 6.51 7.57 8.45 6.31 7.93 8.60 10.62 -9999 -9999 -9999 -9999 -9999 -9999 -9999 -9999 -9999 -9999 -9999 -9999 -9999 -9999 -9999 -9999 -9999 -9999 -9999 -9999 -9999 -9999 -9999 -9999 -9999 -9999 -9999 -9999
-9999 15.10 17.16 11.90 11.31 12.25 12.98 12.06 10.79 9.98 9.61 9.43 15.87 12.15 12.88 9.53 8.58 11.13 8.32 9.61 10.54 11.66 -9999 -9999 -9999 9.27 7.99 7.62 7.42 6.81 6.65 6.55 9.16 11.79 11.48 8.71 12.80 8.34 7.71 11.21 7.85 8.69 9.21 9.71 7.14 8.61 10.61 9.07 7.89 9.57 -9999 -9999 -9999 -9999 -9999 -9999 -9999 -9999 -9999 -9999 -9999 -9999 -9999 -9999 -9999 -9999 -9999 -9999 -9999 -9999 -9999 -9999 -9999 -9999 -9999 -9999 -9999 -9999
-9999 -9999 15.90 15.63 12.71 -9999 14.37 14.08 12.34 11.03 10.19 -9999 11.63 10.18 11.40 9.07 10.66 11.72 10.30 10.54 -9999 -9999 -9999 -9999 10.84 8.50 7.24 6.51 7.20 7.60 7.01 7.95 9.43 14.03 17.84 8.45 14.88 9.50 11.43 13.02 9.93 12.01 9.70 8.00 9.98 10.30 9.10 6.98 7.64 10.12 10.79 -9999 -9999 -9999 -9999 -9999 -9999 -9999 -9999 -9999 -9999 -9999 -9999 -9999 -9999 -9999 -9999 -9999 -9999 -9999 -9999 -9999 -9999 -9999 -9999 -9999 -9999 -9999
