ML/MeanWindSpeed_1991-10_Actual.txt
ncols         180
nrows         290
xllcorner     -200000
yllcorner     -200000
cellsize      5000
NODATA_value  -9999
[rows 105 to 139 of 290, columns 78 to 155 of 180]
9.75 12.33 9.07 5.52 6.88 11.00 11.76 10.20 7.83 9.05 13.30 9.43 11.65 7.24 9.77 13.73 9.97 7.64 7.41 8.73 7.72 7.57 8.34 8.43 7.52 8.72 8.44 8.49 10.80 10.42 10.71 10.98 -9999 -9999 -9999 -9999 -9999 -9999 -9999 -9999 -9999 -9999 -9999 -9999 -9999 -9999 -9999 -9999 -9999 -9999 -9999 -9999 -9999 -9999 -9999 -9999 -9999 -9999 -9999 -9999 -9999 -9999 -9999 -9999 -9999 -9999 -9999 -9999 -9999 -9999 -9999 -9999 -9999 -9999 -9999 -9999 -9999 -9999
10.93 9.13 10.36 12.45 11.28 13.97 8.83 11.47 5.21 13.00 7.30 15.25 7.11 9.99 16.06 10.88 8.84 11.04 10.13 7.79 7.46 6.72 6.71 7.78 6.95 7.08 8.60 9.16 9.27 9.51 8.67 10.21 11.36 -9999 -9999 -9999 -9999 -9999 -9999 -9999 -9999 -9999 -9999 -9999 -9999 -9999 -9999 -9999 -9999 -9999 -9999 -9999 -9999 -9999 -9999 -9999 -9999 -9999 -9999 -9999 -9999 -9999 -9999 -9999 -9999 -9999 -9999 -9999 -9999 -9999 -9999 -9999 -9999 -9999 -9999 -9999 -9999 -9999
10.99 6.87 12.82 9.21 5.47 9.33 13.39 12.93 5.97 13.18 11.21 11.74 8.64 12.29 9.75 11.15 14.40 11.27 10.18 8.76 7.52 7.32 8.60 9.15 10.45 10.49 9.29 8.13 7.49 9.49 8.58 10.90 11.39 12.92 -9999 -9999 -9999 -9999 -9999 -9999 -9999 -9999 -9999 -9999 -9999 -9999 -9999 -9999 -9999 -9999 -9999 -9999 -9999 -9999 -9999 -9999 -9999 -9999 -9999 -9999 -9999 -9999 -9999 -9999 -9999 -9999 -9999 -9999 -9999 -9999 -9999 -9999 -9999 -9999 -9999 -9999 -9999 -9999
8.19 11.81 12.12 8.81 5.24 11.19 13.01 16.22 7.84 12.93 10.80 10.98 10.37 10.89 6.57 8.21 9.29 8.36 6.06 7.36 9.21 12.35 11.88 10.92 9.32 9.16 10.46 7.23 8.55 9.77 10.62 11.25 11.86 12.90 13.53 -9999 -9999 -9999 -9999 -9999 -9999 -9999 -9999 -9999 -9999 -9999 -9999 -9999 -9999 -9999 -9999 -9999 -9999 -9999 -9999 -9999 -9999 -9999 -9999 -9999 -9999 -9999 -9999 -9999 -9999 -9999 -9999 -9999 -9999 -9999 -9999 -9999 -9999 -9999 -9999 -9999 -9999 -9999
12.06 14.72 7.84 6.07 10.10 14.83 11.04 5.80 8.47 19.39 9.83 9.40 10.58 10.58 8.69 8.02 5.86 4.90 7.73 12.95 12.74 11.12 10.46 8.41 7.75 8.57 10.11 8.86 10.14 10.25 10.45 11.48 12.05 12.64 -9999 -9999 -9999 -9999 -9999 -9999 -9999 -9999 -9999 -9999 -9999 -9999 -9999 -9999 -9999 -9999 -9999 -9999 -9999 -9999 -9999 -9999 -9999 -9999 -9999 -9999 -9999 -9999 -9999 -9999 -9999 -9999 -9999 -9999 -9999 -9999 -9999 -9999 -9999 -9999 -9999 -9999 -9999 -9999
10.49 9.65 8.47 13.51 8.24 12.41 12.93 13.27 9.59 8.23 16.63 10.35 8.50 7.61 7.51 7.18 6.38 5.50 8.72 7.38 6.76 5.95 7.67 9.80 8.84 9.19 9.03 9.55 11.46 11.86 -9999 -9999 -9999 -9999 -9999 -9999 -9999 -9999 -9999 -9999 -9999 -9999 -9999 -9999 -9999 -9999 -9999 -9999 -9999 -9999 -9999 -9999 -9999 -9999 -9999 -9999 -9999 -9999 -9999 -9999 -9999 -9999 -9999 -9999 -9999 -9999 -9999 -9999 -9999 -9999 -9999 -9999 -9999 -9999 -9999 -9999 -9999 -9999
9.43 6.53 12.23 12.89 14.80 14.59 6.60 13.75 13.64 7.69 11.03 11.49 8.02 7.64 8.77 10.43 11.67 8.17 7.32 7.04 7.08 7.34 8.13 9.25 8.81 9.30 10.61 11.00 -9999 -9999 -9999 -9999 -9999 -9999 -9999 -9999 -9999 -9999 -9999 -9999 -9999 -9999 -9999 -9999 -9999 -9999 -9999 -9999 -9999 -9999 -9999 -9999 -9999 -9999 -9999 -9999 -9999 -9999 -9999 -9999 -9999 -9999 -9999 -9999 -9999 -9999 -9999 -9999 -9999 -9999 -9999 -9999 -9999 -9999 -9999 -9999 -9999 -9999
8.25 12.65 9.18 13.44 15.96 12.91 10.58 14.66 14.64 8.46 8.04 6.54 5.91 6.33 7.49 11.11 12.77 10.24 8.81 7.72 7.54 8.58 8.28 8.74 9.47 11.57 13.10 12.23 -9999 -9999 -9999 -9999 -9999 -9999 -9999 -9999 -9999 -9999 -9999 -9999 -9999 -9999 -9999 -9999 -9999 -9999 -9999 -9999 -9999 -9999 -9999 -9999 -9999 -9999 -9999 -9999 -9999 -9999 -9999 -9999 -9999 -9999 -9999 -9999 -9999 -9999 -9999 -9999 -9999 -9999 -9999 -9999 -9999 -9999 -9999 -9999 -9999 -9999
10.20 12.63 9.53 13.52 13.73 14.83 10.33 9.49 10.27 9.10 8.25 7.41 4.91 12.39 12.81 12.15 12.71 10.01 7.76 7.81 7.73 8.03 8.09 8.30 9.50 9.56 -9999 -9999 -9999 -9999 -9999 11.97 10.99 11.43 11.58 -9999 -9999 -9999 -9999 -9999 -9999 -9999 -9999 -9999 -9999 -9999 -9999 -9999 -9999 -9999 -9999 -9999 -9999 -9999 -9999 -9999 -9999 -9999 -9999 -9999 -9999 -9999 -9999 -9999 -9999 -9999 -9999 -9999 -9999 -9999 -9999 -9999 -9999 -9999 -9999 -9999 -9999 -9999
10.70 13.91 9.64 8.41 17.39 10.04 10.38 9.75 7.99 7.96 9.30 11.60 8.40 8.49 7.68 8.00 7.61 8.06 8.49 8.86 8.67 8.31 8.89 9.40 9.31 9.44 10.45 11.47 -9999 -9999 10.26 9.47 9.06 8.52 9.60 10.98 12.04 -9999 -9999 -9999 -9999 -9999 -9999 -9999 -9999 -9999 -9999 -9999 -9999 -9999 -9999 -9999 -9999 -9999 -9999 -9999 -9999 -9999 -9999 -9999 -9999 -9999 -9999 -9999 -9999 -9999 -9999 -9999 -9999 -9999 -9999 -9999 -9999 -9999 -9999 -9999 -9999 -9999
13.21 10.97 11.29 13.08 14.13 9.25 10.81 12.84 11.42 9.81 7.73 7.79 8.34 7.89 7.81 7.26 6.96 7.61 8.77 8.75 7.98 9.33 9.93 8.40 7.82 8.38 9.07 10.30 9.35 9.50 9.56 8.29 6.72 7.49 10.18 11.13 13.12 10.69 -9999 -9999 -9999 -9999 -9999 -9999 -9999 -9999 -9999 -9999 -9999 -9999 -9999 -9999 -9999 -9999 -9999 -9999 -9999 -9999 -9999 -9999 -9999 -9999 -9999 -9999 -9999 -9999 -9999 -9999 -9999 -9999 -9999 -9999 -9999 -9999 -9999 -9999 -9999 -9999
11.79 14.70 13.43 11.36 9.87 -9999 11.86 13.90 10.60 9.14 7.95 7.64 7.31 7.55 8.01 7.34 6.91 8.53 8.98 9.30 8.71 8.12 8.05 7.22 7.63 8.39 9.69 8.52 7.63 9.28 8.21 7.46 6.64 8.25 10.29 10.83 11.98 10.93 12.55 14.05 12.03 -9999 -9999 -9999 -9999 -9999 -9999 -9999 -9999 -9999 -9999 -9999 -9999 -9999 -9999 -9999 -9999 -9999 -9999 -9999 -9999 -9999 -9999 -9999 -9999 -9999 -9999 -9999 -9999 -9999 -9999 -9999 -9999 -9999 -9999 -9999 -9999 -9999
13.40 -9999 13.16 14.07 10.24 -9999 12.57 15.52 10.80 9.72 8.19 8.20 7.70 7.67 6.99 6.69 6.35 7.10 9.16 9.46 9.58 8.01 7.58 8.28 9.35 11.51 10.25 7.87 6.78 7.75 7.46 7.16 11.01 12.32 10.64 10.84 10.30 10.24 10.62 9.62 11.28 -9999 -9999 -9999 -9999 -9999 -9999 -9999 -9999 -9999 -9999 -9999 -9999 -9999 -9999 -9999 -9999 -9999 -9999 -9999 -9999 -9999 -9999 -9999 -9999 -9999 -9999 -9999 -9999 -9999 -9999 -9999 -9999 -9999 -9999 -9999 -9999 -9999
14.22 -9999 -9999 14.45 11.49 10.08 12.43 13.40 8.27 8.38 10.14 8.90 8.30 8.12 10.25 7.91 6.07 6.40 7.04 8.54 9.12 9.58 8.03 10.19 11.17 9.91 9.07 8.91 8.16 8.49 9.02 9.37 9.32 11.90 10.79 10.55 10.74 8.21 8.04 9.15 11.05 12.37 -9999 -9999 -9999 -9999 -9999 -9999 -9999 -9999 -9999 -9999 -9999 -9999 -9999 -9999 -9999 -9999 -9999 -9999 -9999 -9999 -9999 -9999 -9999 -9999 -9999 -9999 -9999 -9999 -9999 -9999 -9999 -9999 -9999 -9999 -9999 -9999
-9999 -9999 -9999 -9999 12.58 10.78 13.49 10.26 7.26 7.67 8.79 10.08 9.12 8.48 9.74 9.93 8.08 5.84 7.47 9.54 8.56 8.16 8.84 10.68 9.94 8.47 8.51 8.68 11.47 11.11 9.67 8.98 8.23 10.47 10.24 9.92 10.69 8.65 8.05 8.10 8.63 10.01 -9999 -9999 -9999 -9999 -9999 -9999 -9999 -9999 -9999 -9999 -9999 -9999 -9999 -9999 -9999 -9999 -9999 -9999 -9999 -9999 -9999 -9999 -9999 -9999 -9999 -9999 -9999 -9999 -9999 -9999 -9999 -9999 -9999 -9999 -9999 -9999
15.69 17.04 -9999 -9999 -9999 12.47 12.77 9.88 8.05 7.29 7.59 8.91 9.66 10.30 10.86 10.15 9.56 8.12 5.91 9.33 8.50 8.09 8.52 8.03 7.99 9.42 7.75 10.62 13.87 12.83 10.86 10.77 8.56 9.54 9.42 9.92 10.26 8.59 7.87 7.74 8.05 9.48 10.74 -9999 -9999 -9999 -9999 -9999 -9999 -9999 -9999 -9999 -9999 -9999 -9999 -9999 -9999 -9999 -9999 -9999 -9999 -9999 -9999 -9999 -9999 -9999 -9999 -9999 -9999 -9999 -9999 -9999 -9999 -9999 -9999 -9999 -9999 -9999
15.90 18.14 13.84 -9999 -9999 -9999 12.50 10.81 8.48 7.41 7.15 7.31 8.92 9.50 9.29 8.61 8.80 8.81 8.69 7.84 8.07 7.87 9.21 8.84 11.27 7.80 8.66 8.35 9.11 12.83 12.54 10.63 9.76 8.54 8.49 8.96 9.23 8.14 7.81 7.37 8.11 8.84 9.23 10.26 -9999 -9999 -9999 -9999 -9999 -9999 -9999 -9999 -9999 -9999 -9999 -9999 -9999 -9999 -9999 -9999 -9999 -9999 -9999 -9999 -9999 -9999 -9999 -9999 -9999 -9999 -9999 -9999 -9999 -9999 -9999 -9999 -9999 -9999
14.88 16.39 12.82 -9999 -9999 -9999 -9999 -9999 9.97 8.25 6.58 6.17 6.60 6.79 7.80 10.49 10.74 9.42 8.32 7.83 9.07 8.59 8.64 8.13 10.58 7.92 9.30 9.98 9.19 7.40 9.02 8.41 9.41 7.93 9.08 8.58 7.48 7.36 7.37 7.57 7.21 9.02 9.18 9.36 10.11 -9999 -9999 -9999 -9999 -9999 -9999 -9999 -9999 -9999 -9999 -9999 -9999 -9999 -9999 -9999 -9999 -9999 -9999 -9999 -9999 -9999 -9999 -9999 -9999 -9999 -9999 -9999 -9999 -9999 -9999 -9999 -9999 -9999
11.92 18.20 14.09 -9999 -9999 -9999 -9999 -9999 10.86 9.32 8.34 6.56 7.86 9.47 8.80 10.63 11.65 10.71 8.42 9.50 8.54 7.79 9.49 9.78 6.53 14.41 9.70 12.31 9.61 11.78 11.40 8.05 9.78 8.39 7.87 7.09 7.44 8.60 9.32 8.88 9.06 7.12 8.62 10.41 9.41 11.20 12.46 -9999 -9999 -9999 -9999 -9999 -9999 -9999 -9999 -9999 -9999 -9999 -9999 -9999 -9999 -9999 -9999 -9999 -9999 -9999 -9999 -9999 -9999 -9999 -9999 -9999 -9999 -9999 -9999 -9999 -9999 -9999
15.03 17.56 17.20 -9999 -9999 -9999 -9999 -9999 11.08 8.96 8.22 7.25 7.65 8.92 7.30 8.39 9.01 10.54 9.36 8.94 7.65 9.73 12.76 10.23 9.57 15.80 14.04 10.31 11.04 9.56 7.96 9.28 9.73 8.46 8.73 8.37 6.75 7.00 7.45 9.77 12.64 9.55 8.31 9.48 9.99 9.88 11.40 -9999 -9999 -9999 -9999 -9999 -9999 -9999 -9999 -9999 -9999 -9999 -9999 -9999 -9999 -9999 -9999 -9999 -9999 -9999 -9999 -9999 -9999 -9999 -9999 -9999 -9999 -9999 -9999 -9999 -9999 -9999
13.95 15.42 16.73 -9999 -9999 -9999 -9999 -9999 10.50 8.71 8.03 7.91 7.67 7.57 7.89 10.87 12.33 9.99 10.47 8.11 7.88 8.04 10.15 6.71 12.57 12.02 10.45 11.51 12.34 8.31 10.39 8.93 9.55 9.25 7.23 8.00 7.85 7.02 6.57 12.59 13.67 12.11 8.07 9.06 9.97 9.77 11.32 -9999 -9999 -9999 -9999 -9999 -9999 -9999 -9999 -9999 -9999 -9999 -9999 -9999 -9999 -9999 -9999 -9999 -9999 -9999 -9999 -9999 -9999 -9999 -9999 -9999 -9999 -9999 -9999 -9999 -9999 -9999
-9999 -9999 -9999 -9999 -9999 -9999 -9999 13.20 10.00 8.84 7.81 8.23 8.82 7.80 8.82 9.39 11.15 8.96 8.65 11.04 9.63 10.83 10.28 10.11 13.55 13.48 9.48 10.46 11.53 10.76 9.87 10.19 7.99 8.86 9.07 6.90 7.63 6.83 9.42 11.07 14.25 12.35 8.31 8.43 8.47 9.64 11.25 -9999 -9999 -9999 -9999 -9999 -9999 -9999 -9999 -9999 -9999 -9999 -9999 -9999 -9999 -9999 -9999 -9999 -9999 -9999 -9999 -9999 -9999 -9999 -9999 -9999 -9999 -9999 -9999 -9999 -9999 -9999
-9999 -9999 -9999 -9999 -9999 -9999 -9999 13.56 7.97 7.59 8.96 10.31 9.75 8.40 8.79 9.38 7.14 7.23 10.33 11.21 10.25 9.81 7.64 6.22 12.78 8.96 9.62 9.61 10.48 10.25 9.15 7.49 9.70 9.11 8.65 7.53 7.45 9.10 10.34 10.25 12.11 11.83 8.51 7.46 8.30 10.39 10.37 -9999 -9999 -9999 -9999 -9999 -9999 -9999 -9999 -9999 -9999 -9999 -9999 -9999 -9999 -9999 -9999 -9999 -9999 -9999 -9999 -9999 -9999 -9999 -9999 -9999 -9999 -9999 -9999 -9999 -9999 -9999
-9999 -9999 -9999 -9999 -9999 -9999 12.60 10.74 6.70 8.17 9.30 7.91 9.71 11.39 11.07 13.18 11.28 8.56 6.62 7.17 10.60 10.68 8.87 5.36 8.09 12.26 9.34 11.63 9.55 9.52 7.30 7.57 8.97 7.99 8.07 8.97 10.40 11.88 11.21 10.07 9.40 8.96 7.99 9.99 11.11 10.24 10.49 -9999 -9999 -9999 -9999 -9999 -9999 -9999 -9999 -9999 -9999 -9999 -9999 -9999 -9999 -9999 -9999 -9999 -9999 -9999 -9999 -9999 -9999 -9999 -9999 -9999 -9999 -9999 -9999 -9999 -9999 -9999
-9999 -9999 -9999 -9999 -9999 -9999 10.66 7.21 9.76 8.71 10.22 7.84 10.04 9.95 12.53 12.14 12.56 10.95 8.42 5.71 13.83 14.31 9.37 5.24 9.15 11.54 8.60 9.11 10.54 7.66 9.55 10.40 8.45 9.70 9.99 13.05 9.15 8.79 9.78 10.51 10.52 8.37 7.18 8.80 9.08 8.77 9.46 11.08 -9999 -9999 -9999 -9999 -9999 -9999 -9999 -9999 -9999 -9999 -9999 -9999 -9999 -9999 -9999 -9999 -9999 -9999 -9999 -9999 -9999 -9999 -9999 -9999 -9999 -9999 -9999 -9999 -9999 -9999
-9999 -9999 -9999 -9999 -9999 10.50 10.98 10.16 9.50 10.66 10.99 9.28 7.90 11.25 10.81 12.63 12.52 12.33 8.22 5.03 8.65 11.10 10.18 6.65 6.94 8.95 8.49 8.46 8.68 11.57 8.70 8.00 8.14 7.43 12.04 10.49 12.33 10.85 8.17 8.85 9.41 10.19 10.87 8.18 7.67 7.32 7.92 9.26 -9999 -9999 -9999 -9999 -9999 -9999 -9999 -9999 -9999 -9999 -9999 -9999 -9999 -9999 -9999 -9999 -9999 -9999 -9999 -9999 -9999 -9999 -9999 -9999 -9999 -9999 -9999 -9999 -9999 -9999
-9999 -9999 -9999 -9999 -9999 11.49 9.95 8.17 11.65 11.32 10.10 10.18 12.68 8.38 9.31 11.97 10.78 10.96 7.39 5.39 7.77 9.49 11.27 6.73 7.01 7.33 8.00 6.76 10.00 6.98 10.83 8.71 6.99 12.82 8.24 9.68 10.49 9.76 10.25 7.60 7.90 10.31 9.84 8.06 8.28 7.55 7.35 8.93 -9999 -9999 -9999 -9999 -9999 -9999 -9999 -9999 -9999 -9999 -9999 -9999 -9999 -9999 -9999 -9999 -9999 -9999 -9999 -9999 -9999 -9999 -9999 -9999 -9999 -9999 -9999 -9999 -9999 -9999
-9999 -9999 -9999 -9999 12.77 9.82 8.24 10.00 7.94 8.41 14.70 12.34 11.91 8.45 9.60 10.41 9.30 10.79 9.95 7.97 9.55 9.48 7.38 6.18 6.65 8.18 8.41 10.79 8.16 7.06 10.54 6.89 7.99 12.88 9.54 8.64 7.72 9.19 10.05 9.17 9.77 10.01 8.48 7.87 7.49 6.76 6.98 8.59 -9999 -9999 -9999 -9999 -9999 -9999 -9999 -9999 -9999 -9999 -9999 -9999 -9999 -9999 -9999 -9999 -9999 -9999 -9999 -9999 -9999 -9999 -9999 -9999 -9999 -9999 -9999 -9999 -9999 -9999
-9999 -9999 -9999 11.14 11.13 10.82 8.38 8.52 8.07 7.37 10.31 10.55 15.74 8.74 8.04 8.93 9.52 10.16 10.72 9.25 7.69 6.81 9.01 6.52 6.03 7.66 8.34 8.54 8.21 6.85 8.32 5.42 7.03 11.35 10.90 11.34 10.50 9.76 8.41 8.03 9.98 9.21 8.47 8.03 7.56 7.31 6.73 7.93 9.76 -9999 -9999 -9999 -9999 -9999 -9999 -9999 -9999 -9999 -9999 -9999 -9999 -9999 -9999 -9999 -9999 -9999 -9999 -9999 -9999 -9999 -9999 -9999 -9999 -9999 -9999 -9999 -9999 -9999
-9999 -9999 -9999 11.81 13.84 10.76 10.06 8.79 7.07 6.06 14.12 12.38 11.12 10.62 8.24 8.12 8.94 9.01 12.91 9.18 7.47 6.63 6.84 9.01 6.65 8.67 8.19 8.86 8.03 7.45 7.02 7.82 6.16 8.88 9.97 9.58 10.85 9.69 8.42 7.81 8.72 8.15 9.20 8.32 7.06 6.20 6.93 7.89 9.35 -9999 -9999 -9999 -9999 -9999 -9999 -9999 -9999 -9999 -9999 -9999 -9999 -9999 -9999 -9999 -9999 -9999 -9999 -9999 -9999 -9999 -9999 -9999 -9999 -9999 -9999 -9999 -9999 -9999
-9999 12.95 11.29 12.30 10.73 10.08 11.03 9.21 8.15 6.57 10.70 10.58 11.59 10.58 9.99 7.95 9.53 10.08 9.30 9.59 9.35 6.88 6.85 8.03 7.70 7.66 8.17 8.48 7.61 6.94 7.65 6.80 6.53 9.99 9.27 8.96 9.40 11.24 9.92 8.71 6.70 7.54 8.06 7.75 7.20 6.44 6.76 7.53 9.11 -9999 -9999 -9999 -9999 -9999 -9999 -9999 -9999 -9999 -9999 -9999 -9999 -9999 -9999 -9999 -9999 -9999 -9999 -9999 -9999 -9999 -9999 -9999 -9999 -9999 -9999 -9999 -9999 -9999
-9999 13.55 11.21 8.99 10.91 9.60 10.95 9.64 8.64 7.05 6.69 8.55 12.97 10.87 10.23 8.59 8.40 8.35 7.72 8.48 9.40 7.89 8.64 7.90 8.14 7.82 7.75 7.59 7.30 6.84 6.86 7.44 7.14 7.02 8.24 8.70 9.21 9.78 9.59 6.83 7.41 9.47 8.62 7.36 7.41 7.07 7.27 6.81 8.04 9.70 -9999 -9999 -9999 -9999 -9999 -9999 -9999 -9999 -9999 -9999 -9999 -9999 -9999 -9999 -9999 -9999 -9999 -9999 -9999 -9999 -9999 -9999 -9999 -9999 -9999 -9999 -9999 -9999
-9999 13.57 11.38 8.30 10.49 8.82 9.72 9.25 8.88 8.28 6.84 10.18 10.23 9.82 11.69 9.28 8.62 8.20 6.56 8.71 12.51 9.65 -9999 -9999 -9999 8.32 7.86 -9999 7.18 7.16 7.12 6.45 6.18 7.78 9.32 8.31 8.52 9.52 9.03 9.99 9.42 7.32 6.28 6.43 6.78 7.27 5.58 6.13 6.92 9.13 -9999 -9999 -9999 -9999 -9999 -9999 -9999 -9999 -9999 -9999 -9999 -9999 -9999 -9999 -9999 -9999 -9999 -9999 -9999 -9999 -9999 -9999 -9999 -9999 -9999 -9999 -9999 -9999
-9999 12.49 13.40 9.89 9.56 9.95 10.60 10.12 9.38 8.70 7.80 8.89 13.60 10.86 11.25 8.86 8.88 10.22 7.83 9.06 10.34 10.78 -9999 -9999 -9999 8.52 7.52 7.49 7.55 7.06 6.49 5.12 6.19 9.30 10.01 8.34 10.92 8.55 8.55 10.66 8.34 8.67 8.49 8.12 6.22 7.09 8.01 6.63 6.32 8.45 -9999 -9999 -9999 -9999 -9999 -9999 -9999 -9999 -9999 -9999 -9999 -9999 -9999 -9999 -9999 -9999 -9999 -9999 -9999 -9999 -9999 -9999 -9999 -9999 -9999 -9999 -9999 -9999
-9999 -9999 13.11 12.73 10.95 -9999 11.83 11.57 10.30 9.56 9.10 -9999 11.61 10.37 10.60 8.59 10.10 11.11 10.47 10.97 -9999 -9999 -9999 -9999 9.85 7.91 7.10 7.19 7.72 7.61 6.48 5.23 5.08 9.02 12.84 7.51 11.50 8.72 10.25 11.14 9.04 10.18 8.52 6.79 7.97 8.11 6.75 4.82 5.91 8.68 9.84 -9999 -9999 -9999 -9999 -9999 -9999 -9999 -9999 -9999 -9999 -9999 -9999 -9999 -9999 -9999 -9999 -9999 -9999 -9999 -9999 -9999 -9999 -9999 -9999 -9999 -9999 -9999
