ML/MeanWindSpeed_2000-05_Actual.txt
ncols         180
nrows         290
xllcorner     -200000
yllcorner     -200000
cellsize      5000
NODATA_value  -9999
[rows 175 to 209 of 290, columns 79 to 157 of 180]
-9999 -9999 -9999 -9999 -9999 -9999 -9999 11.02 10.63 10.08 9.39 8.38 6.19 4.75 8.20 12.54 6.81 8.31 7.51 6.85 5.67 4.26 4.96 6.51 7.37 6.29 5.33 5.84 6.52 6.11 6.34 7.29 7.04 7.09 7.02 7.17 7.19 6.90 6.50 6.35 9.51 9.87 8.95 9.27 7.77 7.73 8.75 8.40 7.13 6.88 7.55 7.24 6.90 7.34 7.14 7.86 7.59 7.49 7.34 7.37 8.16 7.49 7.49 7.68 7.74 8.23 8.69 8.84 9.06 9.37 8.68 9.64 10.76 -9999 -9999 -9999 -9999 -9999 -9999
-9999 -9999 -9999 -9999 -9999 -9999 -9999 -9999 11.65 10.04 8.44 6.41 4.90 5.71 14.79 11.04 5.97 8.99 5.53 7.12 6.86 4.63 4.09 8.58 6.76 6.75 6.07 5.62 5.93 5.96 5.60 6.48 7.03 7.08 6.97 6.78 6.87 6.48 5.98 7.18 8.43 10.52 9.16 9.85 9.02 6.36 8.05 9.15 7.18 7.10 7.44 6.97 6.89 7.15 7.20 7.98 7.55 7.40 7.50 7.42 7.90 7.79 7.61 7.69 7.79 8.10 8.75 9.68 9.11 8.76 8.79 9.56 10.70 -9999 -9999 -9999 -9999 -9999 -9999
-9999 -9999 -9999 -9999 -9999 -9999 -9999 -9999 -9999 9.58 7.24 6.25 6.75 13.29 15.91 11.75 8.58 8.12 7.95 8.27 8.23 7.65 5.39 5.46 8.59 6.45 5.93 6.09 5.81 5.81 5.83 6.15 6.69 6.61 6.40 6.47 6.32 6.03 6.16 6.99 8.87 9.64 8.09 8.39 9.33 7.79 6.45 9.10 7.20 7.05 7.40 6.88 6.91 6.97 7.47 8.05 7.66 7.50 7.50 7.24 8.14 7.86 7.74 7.83 7.95 8.38 8.67 8.95 8.86 8.90 9.05 9.97 10.96 -9999 -9999 -9999 -9999 -9999 -9999
-9999 -9999 -9999 -9999 -9999 -9999 -9999 -9999 -9999 8.36 6.99 7.89 9.77 11.96 14.97 9.93 6.44 7.68 8.98 8.89 9.49 8.28 5.98 4.62 8.76 8.07 6.69 6.65 5.75 5.67 5.89 6.71 6.74 6.58 6.35 5.90 5.56 5.76 7.15 7.24 6.74 9.97 8.25 8.67 9.69 9.22 8.06 7.66 6.95 6.13 7.08 7.46 6.85 6.93 7.11 7.67 7.52 7.71 7.55 7.37 7.74 8.28 8.12 8.20 8.20 8.43 8.66 8.85 8.96 9.31 9.88 10.71 -9999 -9999 -9999 -9999 -9999 -9999 -9999
-9999 -9999 -9999 -9999 -9999 -9999 -9999 -9999 -9999 7.50 7.61 8.83 9.43 13.22 12.43 9.17 8.18 6.75 7.85 9.54 8.77 10.22 7.63 4.88 8.18 8.96 8.63 6.79 6.08 5.54 6.15 7.04 6.99 6.49 6.02 5.58 5.67 6.58 7.07 6.25 6.40 8.81 8.72 8.60 8.63 8.03 8.01 8.49 6.25 6.63 6.94 6.76 7.00 6.86 7.62 7.30 7.51 7.67 7.58 7.67 8.95 8.65 8.36 8.27 8.37 8.53 8.75 9.01 9.30 10.02 10.87 -9999 -9999 -9999 -9999 -9999 -9999 -9999 -9999
-9999 -9999 -9999 -9999 -9999 -9999 -9999 -9999 8.56 12.93 9.09 10.43 11.92 9.42 14.80 12.28 10.05 8.85 11.09 9.49 9.74 8.43 6.07 6.26 9.41 9.05 8.87 6.93 5.94 5.46 6.60 6.97 6.71 6.40 5.80 5.56 6.43 6.45 6.43 7.04 7.63 6.99 9.99 9.42 7.80 8.28 7.65 7.05 6.77 6.16 6.33 6.57 7.18 6.89 6.72 7.84 7.49 7.59 7.68 7.88 8.93 8.59 8.35 8.42 8.42 8.65 8.83 9.16 9.94 10.86 -9999 -9999 -9999 -9999 -9999 -9999 -9999 10.41 -9999
-9999 -9999 -9999 -9999 -9999 -9999 8.74 8.65 11.06 10.14 9.31 10.21 10.93 7.66 8.17 9.45 10.59 9.98 11.45 10.49 10.07 6.12 6.92 6.96 6.29 7.30 7.09 7.27 6.40 5.91 6.76 7.16 6.96 6.35 6.14 6.66 6.34 6.84 6.44 7.38 7.83 8.05 7.79 7.33 8.29 8.09 7.61 7.30 7.04 6.78 6.12 6.73 6.59 6.23 6.61 7.18 7.40 7.60 7.51 7.94 8.93 8.54 8.20 8.41 8.45 8.69 8.98 9.56 10.46 -9999 -9999 -9999 -9999 -9999 10.90 10.38 9.89 9.34 9.30
-9999 -9999 -9999 -9999 -9999 8.89 8.89 9.12 9.74 9.78 9.87 9.45 7.73 6.18 7.26 8.79 9.92 13.83 9.09 7.37 6.57 4.72 8.81 10.13 10.25 8.62 7.61 7.48 7.01 6.65 6.99 7.45 7.03 6.66 6.51 6.86 7.13 6.35 6.35 7.64 7.87 7.72 7.56 7.61 7.78 7.27 7.47 6.66 6.51 6.80 6.44 6.14 5.87 6.15 6.93 7.08 7.31 7.56 7.73 8.12 9.26 8.86 8.38 8.40 8.50 8.78 9.12 9.69 10.42 -9999 -9999 -9999 -9999 -9999 10.10 9.38 8.98 8.57 8.44
-9999 -9999 -9999 -9999 9.25 9.84 9.51 9.75 -9999 -9999 -9999 -9999 7.24 9.80 8.73 9.52 11.21 9.22 7.37 8.83 8.09 7.22 13.36 12.46 10.91 11.09 8.86 7.22 7.24 7.20 6.97 7.14 7.08 6.75 7.01 6.73 7.48 6.59 6.50 7.05 7.48 7.65 7.59 7.00 7.09 7.14 6.98 6.44 6.22 6.07 5.96 5.94 6.14 6.63 6.85 7.15 7.86 8.49 8.71 8.85 9.44 9.20 8.99 8.57 8.61 8.82 9.10 9.49 10.10 10.98 -9999 -9999 -9999 -9999 9.41 8.76 8.44 8.29 8.19
-9999 -9999 -9999 -9999 10.20 11.29 9.58 9.96 -9999 -9999 -9999 -9999 7.05 9.06 10.20 7.38 10.48 9.58 8.59 10.12 11.38 9.86 13.01 9.33 9.98 9.85 8.55 7.31 7.20 7.29 7.15 7.32 7.64 6.97 7.29 7.13 7.12 7.33 6.69 7.00 6.59 7.09 7.74 8.06 8.08 7.06 6.58 6.29 6.12 6.32 5.89 6.15 6.69 7.09 7.83 7.82 9.38 9.81 10.16 9.78 10.02 9.69 9.29 8.71 8.73 8.85 9.02 9.29 9.56 10.17 10.68 -9999 -9999 9.85 9.09 8.69 8.66 8.31 8.08
-9999 -9999 -9999 -9999 -9999 -9999 -9999 -9999 -9999 -9999 -9999 -9999 7.77 10.71 9.27 6.53 8.39 7.74 11.45 10.84 8.65 11.40 11.59 10.47 10.52 9.14 7.88 6.78 7.39 7.24 7.43 7.31 7.05 6.87 6.76 6.72 6.89 7.16 6.75 6.72 6.80 6.91 6.89 7.58 7.74 6.47 7.15 7.64 6.79 6.64 6.31 6.02 7.03 8.00 8.87 8.99 9.21 10.01 10.79 10.56 10.68 10.10 9.58 8.79 8.76 8.84 8.98 9.14 9.18 9.41 9.73 10.02 9.74 8.91 8.54 8.04 8.52 8.45 8.43
-9999 -9999 -9999 -9999 -9999 -9999 -9999 -9999 -9999 -9999 -9999 -9999 -9999 10.86 5.76 5.59 8.59 11.59 10.71 11.67 11.52 9.24 9.99 10.63 8.26 7.94 6.85 6.49 6.69 6.99 7.14 7.24 7.05 6.61 6.40 6.72 6.78 7.07 6.82 6.57 7.86 7.48 6.90 6.97 6.96 6.89 6.71 7.33 7.40 7.03 7.73 6.94 7.22 8.05 8.08 8.70 9.35 9.85 10.95 11.00 10.68 9.84 9.49 8.76 8.73 8.76 8.82 8.96 9.08 9.15 9.05 9.00 8.64 8.13 7.81 7.89 8.53 8.48 8.30
-9999 -9999 -9999 -9999 -9999 -9999 -9999 -9999 -9999 -9999 -9999 -9999 -9999 8.14 10.58 11.07 10.27 9.71 9.29 10.71 9.19 9.04 8.23 7.80 8.94 7.27 6.57 7.31 6.80 6.71 6.84 6.48 6.43 6.67 6.59 7.45 7.50 7.24 6.78 6.42 7.69 8.28 7.50 6.93 6.76 6.89 6.89 6.98 7.15 7.59 9.06 8.39 7.57 7.67 8.13 9.11 10.27 10.76 10.78 11.20 10.56 9.41 8.85 8.59 8.64 8.67 8.77 8.84 8.90 8.90 8.78 8.53 8.16 7.95 7.78 7.71 8.31 8.37 8.76
-9999 -9999 -9999 -9999 -9999 -9999 -9999 -9999 -9999 -9999 -9999 -9999 9.14 9.04 7.78 12.70 9.18 7.85 9.25 9.42 8.61 10.31 8.36 8.03 9.19 6.67 10.05 7.47 6.02 6.21 7.22 6.31 6.07 7.88 7.91 7.64 7.00 7.20 7.00 6.69 7.38 7.78 7.44 6.96 6.85 6.78 6.82 7.21 7.22 8.04 8.17 7.91 7.68 7.72 8.39 9.38 10.47 10.81 10.48 10.49 9.58 8.85 8.62 8.50 8.54 8.63 8.71 8.74 8.70 8.66 8.53 8.19 7.92 8.07 7.96 7.79 8.05 8.37 8.12
-9999 -9999 -9999 -9999 -9999 -9999 -9999 -9999 -9999 -9999 -9999 -9999 8.47 9.53 12.85 8.46 5.47 6.43 6.77 8.55 10.61 10.43 8.62 8.26 7.97 6.40 6.83 7.30 7.80 7.51 6.53 6.56 6.49 6.97 7.66 7.11 6.95 7.35 7.18 7.30 7.73 7.65 7.66 7.31 7.00 6.86 6.66 6.83 7.16 7.92 8.35 7.99 7.29 7.68 8.81 10.12 10.15 10.71 10.57 9.77 8.82 9.11 8.56 8.64 8.55 8.64 8.60 8.60 8.55 8.43 8.27 8.04 7.83 8.23 8.02 7.69 7.86 8.34 8.30
-9999 -9999 -9999 -9999 -9999 -9999 -9999 -9999 -9999 -9999 -9999 -9999 9.35 10.87 6.60 6.91 5.48 6.15 7.02 10.97 10.19 10.82 8.65 7.81 6.40 5.31 6.04 8.28 9.42 10.12 7.09 7.92 6.90 7.24 7.60 6.77 6.75 7.09 7.40 7.55 7.22 7.40 8.24 7.65 6.92 6.78 7.40 6.67 7.19 7.61 7.67 7.37 7.20 7.81 8.64 9.42 9.79 9.78 9.18 8.89 8.94 9.01 8.30 8.24 8.51 8.56 8.53 8.45 8.30 8.25 8.12 7.96 7.84 7.96 7.79 7.83 7.80 8.19 8.27
-9999 -9999 -9999 -9999 -9999 -9999 -9999 -9999 -9999 -9999 -9999 -9999 -9999 7.13 7.78 8.29 8.99 9.54 8.80 9.71 8.84 6.77 6.26 5.69 6.16 6.18 5.97 7.19 7.93 9.96 8.33 7.39 6.81 7.89 7.98 6.69 7.21 6.81 7.12 8.45 7.30 7.28 7.35 7.39 6.68 6.49 7.52 7.30 7.11 7.58 7.39 7.25 7.55 8.29 8.43 8.75 8.70 9.14 8.64 9.21 9.13 8.49 8.25 8.57 8.55 8.35 8.28 8.20 8.15 8.10 8.00 7.90 7.80 7.77 7.74 7.83 7.81 7.92 8.20
-9999 -9999 -9999 -9999 -9999 -9999 -9999 -9999 -9999 -9999 -9999 -9999 -9999 7.66 8.14 8.55 9.62 11.26 10.81 8.73 7.04 5.89 6.66 7.78 8.87 10.08 8.26 7.39 8.31 9.08 8.35 6.92 8.56 8.03 8.04 7.12 7.74 7.18 7.04 7.40 8.10 7.91 7.61 7.32 6.77 6.48 7.39 7.39 7.23 7.38 7.64 7.79 8.05 8.49 8.22 8.29 9.13 9.24 9.23 9.03 9.13 8.46 8.56 8.88 8.28 8.11 8.06 8.02 8.05 7.98 7.88 7.83 7.77 7.74 7.67 7.58 7.49 7.53 7.82
-9999 -9999 -9999 -9999 -9999 -9999 -9999 -9999 -9999 -9999 -9999 -9999 8.04 6.62 7.49 9.38 9.96 9.33 9.02 7.44 7.83 10.50 8.70 8.89 8.89 7.90 7.45 8.15 8.98 8.08 7.25 7.67 8.79 8.68 8.16 7.03 7.93 7.03 7.03 8.09 7.63 7.84 7.93 7.53 7.31 6.93 7.66 7.64 7.15 7.37 7.43 7.42 8.02 7.93 8.72 8.53 9.02 8.63 8.94 9.10 8.49 8.25 8.76 8.72 8.09 7.99 8.13 7.97 8.00 7.94 7.92 7.84 7.72 7.65 7.48 7.69 7.88 7.93 7.54
-9999 -9999 -9999 -9999 -9999 -9999 -9999 -9999 -9999 -9999 -9999 -9999 9.17 7.74 7.43 7.63 8.86 10.99 10.23 9.03 7.96 8.53 9.72 10.54 10.32 8.06 9.57 10.20 7.92 9.38 6.78 7.34 8.76 9.89 7.50 7.61 7.04 6.70 6.87 7.56 9.32 8.29 8.20 7.87 7.60 7.51 7.78 7.58 7.20 7.34 7.36 7.32 7.37 8.35 8.77 8.84 9.30 8.74 8.56 8.57 8.21 8.35 8.71 8.56 8.19 8.33 8.17 8.29 7.99 7.94 8.01 7.98 7.70 7.51 7.30 7.27 7.82 7.92 7.96
-9999 -9999 -9999 -9999 -9999 -9999 -9999 -9999 -9999 -9999 -9999 -9999 8.15 7.57 5.77 6.54 8.30 10.95 9.44 9.32 7.93 9.75 9.49 8.48 8.67 9.31 9.54 8.59 7.83 8.27 9.72 7.37 7.50 7.47 7.31 8.28 7.59 6.80 6.96 7.64 8.08 7.91 8.44 8.17 7.81 7.87 7.55 7.12 7.33 7.47 7.55 7.19 7.69 8.73 8.88 8.42 8.63 9.17 8.53 8.62 7.95 8.51 8.68 8.26 8.17 8.21 7.80 7.86 7.77 7.83 7.85 7.73 7.54 7.36 7.16 7.33 7.09 7.41 7.60
-9999 -9999 -9999 -9999 -9999 -9999 -9999 -9999 -9999 -9999 -9999 7.86 8.55 9.68 7.48 5.93 8.47 9.42 10.43 10.22 7.39 8.09 7.36 8.19 9.18 8.35 8.61 9.94 8.99 8.60 8.16 7.20 6.60 6.70 7.26 7.48 7.43 7.33 7.09 7.26 7.94 8.09 7.68 7.95 7.72 8.07 7.53 7.25 7.24 6.99 6.89 7.11 8.00 8.26 8.50 8.14 8.71 8.77 8.45 7.97 8.48 8.54 8.59 8.72 8.46 8.09 7.90 7.70 7.73 7.79 7.68 7.53 7.27 7.04 7.03 7.27 7.30 7.41 7.61
-9999 -9999 -9999 -9999 -9999 -9999 -9999 -9999 -9999 -9999 8.44 8.50 9.16 7.66 5.93 7.64 9.94 10.32 9.01 10.15 7.71 8.61 7.40 7.05 11.24 8.76 9.68 8.72 8.71 7.80 7.44 7.03 7.33 6.64 7.94 7.30 7.73 7.04 7.03 7.27 7.70 7.91 7.69 7.80 7.97 7.96 6.99 7.19 7.05 7.11 7.22 7.50 8.03 7.81 8.41 8.13 8.36 7.92 7.86 8.56 8.85 8.63 8.74 8.63 8.02 8.16 8.06 7.99 7.94 7.71 7.45 7.16 7.10 6.97 7.37 7.59 7.80 7.90 7.57
-9999 -9999 -9999 -9999 -9999 -9999 -9999 -9999 9.58 8.50 7.76 7.00 6.82 6.72 6.38 8.22 9.25 10.06 10.95 9.58 7.68 5.51 7.40 7.36 10.46 9.34 9.08 9.29 8.28 7.82 6.76 6.64 7.49 7.12 7.42 6.45 6.92 7.11 7.26 7.71 7.64 7.92 7.50 7.57 7.64 7.13 6.88 6.96 7.34 7.22 7.84 8.32 8.16 7.95 7.73 7.62 8.18 8.55 8.39 8.56 8.11 8.74 8.81 8.32 7.78 7.74 8.22 8.08 8.03 7.45 7.15 6.85 6.91 7.50 7.83 7.80 8.39 8.32 8.26
-9999 -9999 -9999 -9999 9.90 9.29 8.31 10.11 9.99 9.96 9.81 8.03 7.20 6.54 9.28 8.19 9.70 9.60 9.17 6.82 5.56 4.35 5.94 6.82 11.85 10.96 9.22 7.99 8.34 7.74 7.93 5.78 6.94 7.23 7.22 6.92 6.73 6.92 7.69 7.35 7.03 8.02 7.36 7.13 6.75 6.94 7.20 7.39 6.88 7.57 7.49 7.82 8.43 8.31 8.11 7.99 8.43 8.49 8.32 8.16 8.70 8.19 8.08 7.91 7.66 8.08 8.20 8.12 7.57 7.02 6.90 6.95 7.61 7.79 7.68 8.30 7.96 8.25 8.58
-9999 -9999 -9999 10.39 8.84 9.13 8.61 8.20 9.45 9.16 9.09 7.30 6.28 8.35 8.75 9.13 7.11 10.01 7.03 5.15 8.00 6.06 4.75 10.39 9.98 8.71 6.00 6.43 7.11 8.81 6.37 5.79 5.91 6.03 7.34 7.32 7.56 7.19 7.49 7.09 6.94 7.63 7.13 6.54 6.55 6.92 7.31 7.15 8.38 7.42 7.46 7.80 8.26 7.88 7.82 7.63 7.80 8.16 8.12 8.55 8.16 7.85 7.94 8.03 7.64 7.78 7.71 7.19 6.89 6.68 6.71 6.90 7.29 7.97 8.08 8.25 8.15 8.18 8.38
-9999 -9999 9.71 9.52 7.80 7.62 7.76 8.41 8.33 8.68 7.78 7.81 10.24 8.42 7.73 9.72 5.58 6.66 6.14 7.89 7.47 8.27 7.54 8.27 7.42 5.04 8.24 8.59 6.67 6.87 6.07 5.65 6.11 5.82 6.36 7.78 8.22 7.00 6.95 7.04 7.20 6.78 6.11 6.13 7.96 6.99 6.92 7.35 8.00 7.75 7.56 7.95 8.27 8.23 8.51 8.10 7.59 7.52 7.55 8.13 7.86 7.56 8.11 7.97 7.55 7.52 7.25 6.89 6.86 6.80 6.84 7.11 7.32 7.99 7.68 7.68 7.97 7.81 8.08
9.03 9.82 8.15 8.23 8.79 8.20 7.93 9.36 8.72 8.67 8.42 9.99 9.48 8.34 8.99 8.03 5.70 5.09 7.18 7.52 6.77 7.35 8.83 6.97 4.80 7.66 8.97 7.87 8.26 6.69 6.59 5.98 6.43 7.78 6.83 8.59 7.61 6.91 6.79 6.99 7.62 5.84 6.03 8.66 7.36 7.20 7.22 7.67 8.43 7.68 7.71 7.98 7.81 8.13 8.06 7.65 7.34 7.46 7.24 7.58 7.78 7.68 7.38 7.14 7.00 6.91 7.06 7.77 7.25 7.72 7.33 6.81 7.73 7.81 7.96 7.80 7.74 7.90 7.88
8.14 9.84 11.91 11.33 10.86 8.68 9.45 10.57 9.75 9.47 10.72 9.69 9.22 10.25 7.60 5.19 4.66 4.67 6.63 6.85 6.61 6.33 6.21 5.35 6.64 12.67 10.46 8.49 6.92 7.26 7.02 8.16 7.45 7.78 7.12 7.43 7.48 7.25 6.83 6.68 6.32 5.67 8.08 8.98 8.76 7.94 7.68 9.34 8.49 7.86 7.93 7.75 8.22 8.11 7.81 7.15 7.66 7.32 6.94 8.10 7.92 7.08 6.98 6.90 6.74 7.05 7.64 7.81 7.60 7.87 7.40 7.16 7.76 7.91 7.62 7.80 7.74 7.93 8.03
8.64 9.61 10.01 9.60 8.75 9.89 9.19 10.42 8.35 9.10 10.67 10.16 8.69 8.68 5.61 4.28 5.91 6.65 6.18 5.35 6.60 4.74 4.21 4.11 7.93 11.35 12.23 7.65 7.86 8.09 8.42 7.97 7.18 7.96 7.51 7.74 7.37 7.28 6.28 5.88 6.48 6.53 8.71 9.25 9.04 8.13 8.56 9.54 8.99 8.48 8.04 8.17 8.06 7.65 7.27 7.10 7.33 7.56 7.28 7.21 7.07 6.81 7.56 7.95 7.00 7.20 7.78 8.00 7.61 7.82 7.66 7.56 7.68 7.57 7.75 7.66 7.68 7.57 7.83
8.81 9.51 9.36 9.50 8.92 8.96 9.85 9.12 9.39 8.37 8.21 7.90 7.23 6.35 6.83 5.51 7.91 11.96 6.41 6.35 6.72 9.64 9.26 4.24 4.97 12.78 10.54 8.99 9.20 9.92 8.69 7.20 6.56 8.14 8.51 7.82 7.21 6.66 5.87 5.57 6.66 8.76 9.66 9.46 9.18 8.80 8.62 8.47 8.90 8.24 8.01 7.82 7.47 7.10 6.90 7.37 7.24 7.11 6.99 6.45 6.64 7.24 7.28 7.80 7.38 7.44 7.54 7.67 7.89 7.87 7.70 7.62 7.74 7.47 7.39 7.70 7.67 7.36 7.61
8.58 9.34 8.74 8.96 8.93 8.95 8.43 8.43 8.79 8.06 8.81 7.76 8.83 6.18 7.49 8.80 9.09 9.96 10.07 8.09 9.39 10.84 7.52 8.85 8.47 6.18 9.82 9.99 7.78 8.13 6.91 7.70 7.55 9.76 9.34 7.74 7.03 6.20 5.69 6.47 8.90 8.64 10.18 9.52 9.37 9.75 8.88 9.22 8.09 8.06 7.66 7.39 7.14 7.17 7.01 6.88 6.59 6.36 6.00 6.22 7.20 7.96 7.76 7.42 7.80 7.41 7.94 7.41 7.32 7.31 7.30 7.43 7.55 7.60 7.26 7.57 7.53 7.40 7.77
8.53 8.27 9.12 9.89 11.09 10.28 9.19 8.58 7.98 8.02 9.70 7.77 8.39 6.32 7.76 8.30 7.96 7.17 8.25 7.41 9.39 9.81 10.83 9.19 10.05 9.57 12.51 8.90 8.09 7.63 7.90 7.35 9.24 9.41 9.66 7.27 6.53 5.89 8.16 8.82 9.21 9.99 9.09 9.53 9.71 9.34 7.87 7.69 7.74 7.54 7.32 7.26 7.11 7.34 7.15 6.96 6.21 5.54 5.60 6.50 8.05 7.36 7.80 7.89 7.54 7.31 7.32 7.12 7.14 7.23 6.92 7.27 7.36 7.30 7.37 7.47 7.16 7.07 7.84
8.76 8.46 8.61 9.75 9.96 10.34 9.61 9.05 8.52 8.14 8.52 9.96 7.43 9.91 9.59 9.79 10.40 8.89 6.92 7.07 8.70 8.46 9.86 9.48 8.44 11.17 11.27 7.95 8.31 6.65 7.05 8.43 9.35 9.32 8.65 6.96 6.09 7.10 7.15 8.84 9.18 9.00 9.28 9.08 8.63 8.00 7.07 6.87 6.97 7.06 8.08 7.33 7.79 7.28 6.77 5.69 5.01 5.05 5.93 7.44 7.85 7.87 8.01 7.78 7.39 7.39 7.62 7.81 6.83 7.21 7.64 7.20 7.06 7.33 6.87 7.12 7.75 7.40 7.27
9.22 9.56 10.20 11.05 -9999 -9999 -9999 -9999 9.42 9.17 9.73 8.16 7.35 8.33 8.74 8.48 7.60 5.06 10.81 11.16 8.35 7.88 8.47 9.70 10.35 11.44 9.40 8.16 7.13 6.40 9.30 8.91 10.20 8.29 7.66 6.88 6.53 8.10 7.68 9.28 9.35 8.78 8.77 8.41 7.89 7.19 6.76 6.66 6.79 6.98 7.90 7.59 7.92 7.79 6.81 5.59 4.85 5.80 6.07 7.37 8.15 8.28 7.36 7.24 7.09 7.72 7.92 7.63 6.72 7.12 7.53 7.37 7.06 7.51 7.24 7.22 7.50 7.53 7.29
