ML/MeanWindSpeed_1998-05_Actual.txt
ncols         180
nrows         290
xllcorner     -200000
yllcorner     -200000
cellsize      5000
NODATA_value  -9999
[rows 210 to 244 of 290, columns 79 to 157 of 180]
11.15 9.76 11.25 10.68 -9999 -9999 -9999 -9999 -9999 -9999 -9999 6.91 6.93 7.99 7.30 7.19 7.21 8.77 10.69 12.93 12.42 10.75 9.52 9.21 8.46 11.47 11.27 7.14 5.83 9.28 9.74 10.65 7.73 6.87 6.39 5.89 7.01 7.94 8.29 8.79 8.43 7.94 7.50 7.04 6.69 6.58 6.28 6.71 6.25 6.26 6.37 6.57 6.84 6.37 6.37 6.29 5.19 4.55 6.07 6.33 5.76 5.48 5.06 5.46 6.34 6.89 6.57 5.95 5.67 6.63 5.80 6.04 6.83 6.32 6.32 6.36 5.77 5.51 5.76
10.82 -9999 -9999 -9999 -9999 -9999 -9999 -9999 -9999 9.60 8.76 8.65 9.59 9.12 7.91 6.93 7.47 7.94 10.50 12.12 11.34 7.84 7.87 11.07 10.03 10.27 8.33 6.64 6.29 8.73 9.04 8.85 7.27 6.73 6.53 5.55 8.46 9.04 8.32 8.67 8.29 7.97 7.57 7.03 7.14 6.48 6.42 5.87 5.85 5.95 6.30 6.40 6.75 6.20 7.29 8.08 5.78 5.96 4.75 6.15 5.87 5.65 7.06 6.99 6.98 7.43 6.66 5.84 5.76 5.82 6.35 6.79 6.26 6.80 6.57 5.93 5.75 6.72 6.05
-9999 -9999 -9999 -9999 -9999 -9999 -9999 -9999 -9999 10.44 10.16 8.69 9.82 10.24 -9999 -9999 7.36 10.54 7.38 9.01 8.44 8.30 8.93 10.43 8.28 8.16 8.11 7.30 7.82 8.31 8.35 7.66 7.00 7.40 6.28 6.72 8.94 8.36 8.13 8.08 8.15 8.38 7.93 7.11 6.75 6.05 6.06 6.50 6.91 6.67 7.25 6.35 6.05 6.96 9.13 7.39 6.66 5.71 4.59 6.23 6.29 6.75 7.34 7.25 6.81 6.58 7.51 6.17 5.89 5.83 5.88 6.08 5.97 5.77 6.90 6.20 6.40 7.11 6.88
-9999 -9999 -9999 -9999 -9999 -9999 -9999 -9999 -9999 -9999 -9999 -9999 -9999 -9999 -9999 -9999 8.40 8.25 8.42 7.83 6.82 6.76 7.25 8.38 8.22 8.36 8.33 8.38 8.84 8.77 -9999 7.22 6.86 6.76 6.39 6.93 8.78 8.44 8.57 8.13 7.54 7.36 7.85 6.94 6.76 7.51 7.52 7.18 7.84 8.59 7.51 7.21 6.99 7.37 8.65 7.35 6.75 6.17 5.42 5.47 5.66 6.31 7.25 6.95 6.31 6.28 6.24 5.86 5.73 5.66 5.68 5.79 6.03 6.12 6.31 6.18 6.40 6.68 -9999
-9999 -9999 -9999 -9999 -9999 -9999 -9999 -9999 -9999 -9999 -9999 -9999 -9999 -9999 -9999 -9999 -9999 8.45 7.57 6.76 7.09 7.81 7.29 7.58 7.90 8.53 -9999 -9999 -9999 -9999 7.72 6.76 6.73 6.49 6.42 7.16 8.90 8.49 8.77 8.12 7.14 7.70 7.31 8.24 7.61 8.98 7.85 8.00 7.62 7.96 7.78 7.13 7.72 6.41 7.16 7.25 5.72 5.61 5.10 4.99 4.96 4.58 4.42 5.03 5.18 5.37 5.43 5.35 5.20 6.28 6.48 5.57 5.64 5.75 5.95 6.18 6.78 7.72 7.39
-9999 -9999 -9999 -9999 -9999 -9999 -9999 -9999 -9999 -9999 -9999 -9999 -9999 -9999 -9999 -9999 -9999 -9999 7.71 8.40 7.50 7.21 8.66 8.67 8.88 -9999 -9999 -9999 -9999 8.21 8.04 7.99 5.81 5.66 5.96 8.32 9.24 9.02 8.56 7.53 7.33 7.14 8.35 9.34 8.29 8.31 7.83 7.91 7.65 6.87 7.29 7.23 6.78 6.67 6.76 6.35 5.61 5.52 5.72 5.81 5.71 4.49 4.34 4.53 4.66 5.31 5.32 5.48 4.97 5.64 5.56 5.52 6.26 5.60 6.43 6.53 6.76 6.27 6.53
-9999 -9999 -9999 -9999 -9999 -9999 -9999 -9999 -9999 -9999 -9999 -9999 -9999 -9999 -9999 -9999 -9999 -9999 -9999 7.95 7.85 7.73 9.65 8.89 9.49 -9999 -9999 -9999 7.65 6.22 5.86 7.42 7.30 6.72 5.96 7.56 7.40 8.90 8.23 6.76 7.74 8.56 8.54 8.18 8.66 7.88 7.43 7.10 6.57 6.46 6.37 6.50 6.87 6.55 6.08 5.91 5.84 5.86 6.35 5.97 5.74 5.12 4.54 4.65 4.58 4.63 4.68 5.03 4.98 5.27 5.24 5.93 6.18 6.57 6.52 5.77 7.09 5.72 6.26
-9999 -9999 -9999 -9999 -9999 -9999 -9999 -9999 -9999 -9999 -9999 -9999 -9999 -9999 -9999 -9999 -9999 -9999 -9999 -9999 -9999 -9999 -9999 -9999 -9999 -9999 -9999 9.58 6.89 5.74 5.56 6.99 5.71 6.51 7.39 7.79 8.09 8.29 6.82 6.28 6.58 7.46 7.40 7.67 7.63 7.68 7.38 7.25 8.49 7.08 7.08 6.47 6.81 6.71 5.98 5.98 5.68 6.12 6.82 6.23 5.51 5.02 4.72 4.61 5.15 4.89 5.28 5.07 5.96 6.50 6.10 5.16 7.44 8.16 6.85 5.72 7.87 6.86 6.28
-9999 -9999 -9999 -9999 -9999 -9999 -9999 -9999 -9999 -9999 -9999 -9999 -9999 -9999 -9999 -9999 -9999 -9999 -9999 -9999 -9999 -9999 -9999 -9999 -9999 -9999 -9999 7.71 7.06 6.08 10.55 9.09 6.01 6.43 7.21 7.96 8.48 7.02 6.43 6.12 6.16 7.32 7.17 6.95 8.21 7.92 8.86 7.72 7.90 8.82 7.39 6.86 6.61 6.07 5.87 5.73 5.76 6.27 6.42 6.47 5.78 5.06 4.66 4.46 5.09 6.69 5.99 6.62 7.10 8.03 6.79 5.82 6.97 7.37 6.20 5.47 5.95 7.10 7.42
-9999 -9999 -9999 -9999 -9999 -9999 -9999 -9999 -9999 -9999 -9999 -9999 -9999 -9999 -9999 -9999 -9999 -9999 -9999 -9999 -9999 -9999 -9999 -9999 -9999 -9999 -9999 7.57 5.83 4.84 7.06 10.21 9.14 8.24 7.39 8.55 7.14 6.58 6.03 7.45 7.67 8.42 8.06 7.23 7.23 7.22 7.69 8.21 8.26 7.38 7.09 6.91 6.75 6.15 5.83 5.87 6.05 6.65 6.56 6.22 5.34 5.15 5.77 6.49 6.21 7.19 6.66 6.42 6.64 7.42 8.90 8.52 6.72 6.55 6.62 6.68 6.70 6.75 6.47
-9999 -9999 -9999 -9999 -9999 -9999 -9999 -9999 -9999 -9999 9.22 9.40 7.39 11.15 10.42 10.21 10.40 12.31 6.21 11.02 7.11 -9999 -9999 -9999 -9999 -9999 -9999 7.34 6.47 6.19 5.60 6.58 8.25 9.53 8.97 7.73 6.76 6.46 7.07 8.24 7.73 7.35 7.56 7.27 6.95 7.47 7.28 7.15 6.95 7.16 6.55 7.00 7.27 7.63 6.61 6.32 6.91 6.87 6.27 6.68 5.50 5.16 6.54 7.72 7.03 6.99 7.35 6.97 6.58 6.37 6.48 6.24 5.76 5.53 5.30 5.23 5.33 5.83 5.90
-9999 -9999 -9999 -9999 -9999 -9999 -9999 -9999 -9999 -9999 10.92 10.22 9.82 7.63 9.52 11.18 10.58 11.15 11.48 9.11 7.52 6.02 7.17 9.83 8.23 7.56 6.97 6.91 6.52 6.27 6.16 6.02 6.38 8.45 8.34 7.35 6.48 8.83 7.58 6.92 7.47 7.99 7.48 7.45 7.54 7.41 7.61 7.36 7.13 6.06 6.28 6.77 6.82 6.69 7.16 7.52 6.45 6.21 5.70 5.48 6.24 5.59 9.18 8.06 7.93 7.60 7.20 7.22 6.72 7.10 6.81 5.52 6.64 6.12 6.55 5.45 5.66 5.64 5.77
-9999 -9999 -9999 -9999 -9999 -9999 -9999 -9999 -9999 9.50 8.69 8.27 7.68 6.71 9.05 11.93 11.69 10.72 10.44 10.31 8.92 7.01 6.68 8.19 9.65 7.38 6.86 6.47 6.53 7.23 6.09 6.19 7.54 7.55 7.11 7.14 8.93 7.50 8.65 8.18 7.52 6.77 7.21 6.90 7.44 7.68 7.27 7.56 6.57 6.66 6.50 6.40 6.36 7.58 8.10 6.42 5.87 6.09 7.88 6.49 6.11 6.47 6.89 7.48 7.68 7.22 7.08 7.60 8.17 6.98 5.76 5.41 6.72 6.17 6.02 6.42 6.37 6.09 6.17
-9999 -9999 -9999 -9999 -9999 -9999 -9999 -9999 -9999 -9999 8.29 7.30 6.67 8.29 8.47 9.63 12.31 11.11 9.17 7.90 9.67 10.97 9.05 7.61 8.12 9.63 7.79 6.29 6.26 6.15 6.66 6.65 6.08 6.29 6.65 7.26 8.14 7.15 8.33 7.32 7.29 7.27 7.48 6.90 7.62 7.90 7.69 6.41 6.37 6.87 6.15 5.66 5.47 6.50 7.57 7.34 5.86 6.17 7.24 7.10 6.50 5.96 6.20 6.37 6.78 8.17 7.85 7.53 7.84 8.39 7.33 6.55 6.95 6.88 6.02 6.76 5.91 6.59 5.78
-9999 -9999 -9999 -9999 -9999 -9999 9.98 -9999 -9999 8.62 7.87 8.56 6.10 7.99 7.16 7.47 8.30 8.81 9.40 8.06 9.83 10.87 8.73 7.75 6.75 6.56 6.31 6.04 6.11 6.30 6.88 5.88 5.69 6.22 7.80 6.89 7.74 6.88 7.44 6.94 7.77 8.51 7.89 6.99 6.62 6.74 6.55 6.20 7.40 6.54 5.88 7.37 5.94 6.10 7.75 8.52 5.52 5.88 6.50 6.30 5.95 5.83 5.90 6.44 7.24 7.81 7.01 6.55 6.42 6.70 6.48 6.29 6.87 6.28 6.10 6.04 5.61 5.61 5.49
-9999 -9999 -9999 -9999 -9999 9.32 10.38 10.39 10.01 7.68 7.15 8.90 6.82 6.01 6.83 6.58 8.39 9.23 9.88 8.64 8.75 9.48 8.25 6.83 6.30 6.43 6.72 6.77 5.97 5.92 6.06 5.57 5.52 7.07 7.31 6.59 7.12 7.32 8.49 7.77 7.85 8.92 7.72 7.39 6.37 6.88 6.56 6.82 6.38 6.18 5.56 6.52 6.47 5.90 7.01 6.56 5.72 5.56 5.56 6.07 5.93 5.92 5.69 5.59 5.91 6.08 6.32 6.41 6.20 5.54 5.88 6.16 6.88 7.21 6.75 5.64 6.36 6.16 5.98
-9999 -9999 -9999 -9999 -9999 9.16 9.54 8.63 8.94 8.10 7.43 6.66 8.06 7.87 7.09 8.34 8.59 8.80 10.09 9.07 9.20 9.43 7.27 7.61 9.08 8.60 7.47 6.53 5.78 6.07 6.39 6.44 5.86 7.05 6.67 7.10 6.14 5.53 7.28 8.49 7.52 7.54 7.26 6.61 6.57 7.15 6.48 5.95 6.63 6.85 5.61 6.04 6.12 6.06 7.00 7.30 7.11 8.29 6.14 6.22 5.41 5.23 5.48 5.72 5.60 5.61 5.92 6.30 5.82 5.49 5.25 6.01 6.13 6.27 6.33 6.48 5.46 5.75 6.33
-9999 -9999 -9999 -9999 -9999 9.71 9.28 8.74 8.90 8.27 8.07 7.08 7.45 7.38 6.30 7.65 8.14 9.19 9.78 9.40 7.48 6.86 6.53 8.28 8.25 8.74 9.16 7.01 6.49 6.36 5.70 6.30 5.64 6.63 6.36 6.32 6.02 5.59 7.50 7.28 7.29 7.04 6.68 6.39 6.40 6.98 6.99 5.94 5.75 5.99 6.69 5.80 6.18 6.00 6.46 6.46 6.42 7.03 6.62 7.35 7.96 4.98 8.04 6.84 5.32 5.60 8.50 8.43 7.82 5.14 4.98 5.25 5.29 5.90 5.54 6.38 7.11 8.98 7.75
-9999 -9999 -9999 -9999 -9999 8.33 8.64 8.61 8.29 7.60 7.27 6.80 6.49 7.31 6.82 7.24 8.17 7.85 8.28 8.22 8.23 6.32 7.32 9.22 8.49 9.69 9.47 7.42 7.29 7.41 6.33 6.28 6.17 6.31 6.26 6.25 6.81 7.66 6.37 7.21 6.89 6.70 6.33 6.15 6.38 6.79 6.13 6.17 5.97 6.25 6.46 6.96 6.57 7.47 7.06 6.53 6.32 6.14 5.86 5.89 5.96 5.29 6.99 6.88 7.35 6.93 7.53 8.13 8.52 5.44 5.55 5.46 5.51 5.77 6.41 7.19 7.27 -9999 -9999
-9999 -9999 -9999 -9999 -9999 7.42 7.90 8.10 8.34 8.61 7.68 6.83 6.07 6.53 7.89 7.78 7.66 7.27 7.85 7.61 7.25 7.02 6.90 7.62 7.49 9.63 8.36 6.26 8.52 8.00 6.66 8.57 7.09 7.66 8.32 7.77 7.50 8.01 7.01 6.37 6.59 6.39 5.82 5.92 6.14 6.70 6.06 6.21 6.73 7.09 6.83 6.79 6.99 7.07 7.25 7.19 6.92 6.51 6.36 6.65 6.83 6.84 7.27 7.51 7.51 -9999 -9999 7.38 7.56 7.04 6.60 6.03 8.42 6.54 -9999 -9999 -9999 -9999 -9999
-9999 -9999 -9999 -9999 8.58 7.60 7.97 7.42 8.28 8.32 8.96 7.07 7.05 6.83 7.87 7.62 7.23 7.09 7.32 7.11 6.74 6.42 7.06 8.37 8.96 8.65 7.07 9.06 9.52 7.06 6.29 7.06 6.79 7.87 7.98 7.06 7.07 6.88 6.54 7.07 6.71 6.66 6.19 6.04 6.45 7.23 6.95 6.64 6.61 6.56 6.75 -9999 -9999 7.53 8.04 8.04 7.71 7.45 7.20 7.31 -9999 -9999 -9999 -9999 -9999 -9999 -9999 -9999 -9999 -9999 7.00 7.50 8.88 7.41 -9999 -9999 -9999 -9999 -9999
-9999 -9999 -9999 9.42 8.30 7.40 8.20 7.33 7.37 7.08 6.85 6.11 8.56 9.31 8.50 8.09 8.17 8.67 7.55 6.73 6.55 6.82 7.13 10.02 10.83 10.09 9.37 10.52 8.05 7.79 7.58 8.36 9.12 7.79 6.76 7.18 6.53 6.63 6.23 6.15 5.92 7.03 7.79 7.66 7.41 7.49 7.70 7.11 -9999 6.17 6.74 6.60 7.05 7.54 -9999 -9999 -9999 -9999 7.99 -9999 -9999 -9999 -9999 -9999 -9999 -9999 -9999 -9999 -9999 -9999 -9999 -9999 -9999 -9999 -9999 -9999 -9999 -9999 -9999
-9999 -9999 10.22 9.78 9.74 8.72 7.49 7.20 6.98 5.86 5.44 6.58 10.90 12.32 8.32 7.70 10.42 8.21 9.44 6.81 6.54 9.15 8.23 8.40 8.86 8.94 -9999 -9999 -9999 -9999 -9999 7.94 9.49 9.11 7.66 7.35 6.87 6.35 6.32 6.03 6.38 7.20 -9999 -9999 -9999 -9999 -9999 7.75 7.98 7.28 6.65 6.59 8.05 7.67 -9999 -9999 -9999 -9999 -9999 -9999 -9999 -9999 -9999 -9999 -9999 -9999 -9999 -9999 -9999 -9999 -9999 -9999 -9999 -9999 -9999 -9999 -9999 -9999 -9999
-9999 6.59 7.77 9.86 10.23 8.80 8.41 7.70 5.96 6.52 6.43 8.58 11.14 12.44 11.18 10.40 8.91 10.03 8.51 8.11 7.53 9.35 9.20 -9999 -9999 -9999 -9999 -9999 -9999 -9999 -9999 -9999 8.15 8.53 7.33 8.27 8.90 9.13 7.20 8.95 8.65 9.00 -9999 -9999 -9999 -9999 -9999 -9999 -9999 7.05 7.74 6.70 7.32 -9999 -9999 -9999 -9999 -9999 -9999 -9999 -9999 -9999 -9999 -9999 -9999 -9999 -9999 -9999 -9999 -9999 -9999 -9999 -9999 -9999 -9999 -9999 -9999 -9999 -9999
8.21 6.76 7.71 9.58 10.99 10.90 9.08 7.05 6.69 7.23 7.07 8.61 11.61 10.07 10.14 10.41 11.50 6.55 8.61 10.99 8.59 -9999 -9999 -9999 -9999 -9999 -9999 -9999 -9999 -9999 -9999 -9999 -9999 -9999 8.56 -9999 -9999 -9999 -9999 7.61 9.69 9.89 -9999 -9999 -9999 -9999 -9999 -9999 -9999 -9999 7.54 9.27 7.82 -9999 -9999 -9999 -9999 -9999 -9999 -9999 -9999 -9999 -9999 -9999 -9999 -9999 -9999 -9999 -9999 -9999 -9999 -9999 -9999 -9999 -9999 -9999 -9999 -9999 -9999
7.46 6.30 7.81 9.83 10.45 10.97 9.57 8.37 8.98 6.41 5.37 7.29 10.75 10.86 9.20 8.50 10.01 7.40 7.16 8.22 -9999 -9999 -9999 -9999 -9999 -9999 -9999 -9999 -9999 -9999 -9999 -9999 -9999 -9999 9.15 -9999 -9999 -9999 -9999 -9999 -9999 -9999 -9999 -9999 -9999 -9999 -9999 -9999 -9999 -9999 -9999 -9999 -9999 -9999 -9999 -9999 -9999 -9999 -9999 -9999 -9999 -9999 -9999 -9999 -9999 -9999 -9999 -9999 -9999 -9999 -9999 -9999 -9999 -9999 -9999 -9999 -9999 -9999 -9999
7.93 6.48 8.08 9.07 9.32 9.88 9.05 8.48 9.17 5.91 5.30 6.58 9.42 13.41 13.70 8.04 7.92 7.27 7.98 10.02 -9999 -9999 -9999 -9999 -9999 -9999 -9999 -9999 -9999 -9999 -9999 -9999 -9999 -9999 -9999 -9999 -9999 -9999 -9999 -9999 -9999 -9999 -9999 -9999 -9999 -9999 -9999 -9999 -9999 -9999 -9999 -9999 -9999 -9999 -9999 -9999 -9999 -9999 -9999 -9999 -9999 -9999 -9999 -9999 -9999 -9999 -9999 -9999 -9999 -9999 -9999 -9999 -9999 -9999 -9999 -9999 -9999 -9999 -9999
9.44 8.63 9.04 9.01 9.83 9.25 8.65 8.09 6.71 6.51 5.73 5.88 9.15 11.66 11.20 9.03 6.80 6.71 9.48 8.59 -9999 -9999 -9999 -9999 -9999 -9999 -9999 -9999 -9999 -9999 -9999 -9999 -9999 -9999 -9999 -9999 -9999 -9999 -9999 -9999 -9999 -9999 -9999 -9999 -9999 -9999 -9999 -9999 -9999 -9999 -9999 -9999 -9999 -9999 -9999 -9999 -9999 -9999 -9999 -9999 -9999 -9999 -9999 -9999 -9999 -9999 -9999 -9999 -9999 -9999 -9999 -9999 -9999 -9999 -9999 -9999 -9999 -9999 -9999
10.72 10.00 9.89 8.64 9.32 8.72 10.52 9.35 7.63 7.00 7.63 6.55 7.82 9.28 8.83 7.38 6.88 7.70 8.66 8.68 -9999 -9999 -9999 -9999 -9999 -9999 -9999 -9999 -9999 -9999 -9999 -9999 -9999 -9999 -9999 -9999 -9999 -9999 -9999 -9999 -9999 -9999 -9999 -9999 -9999 -9999 -9999 -9999 -9999 -9999 -9999 -9999 -9999 -9999 -9999 -9999 -9999 -9999 -9999 -9999 -9999 -9999 -9999 -9999 -9999 -9999 -9999 -9999 -9999 -9999 -9999 -9999 -9999 -9999 -9999 -9999 -9999 -9999 -9999
9.14 9.32 8.48 9.38 11.02 10.51 8.82 8.65 8.43 8.24 7.46 8.33 8.05 7.56 7.51 7.88 8.51 8.96 8.46 9.01 -9999 -9999 -9999 -9999 -9999 -9999 -9999 -9999 -9999 -9999 -9999 -9999 -9999 -9999 -9999 -9999 -9999 -9999 -9999 -9999 -9999 -9999 -9999 -9999 -9999 -9999 -9999 -9999 -9999 -9999 -9999 -9999 -9999 -9999 -9999 -9999 -9999 -9999 -9999 -9999 -9999 -9999 -9999 -9999 -9999 -9999 -9999 -9999 -9999 -9999 -9999 -9999 -9999 -9999 -9999 -9999 -9999 -9999 -9999
9.83 9.97 -9999 -9999 -9999 -9999 -9999 -9999 -9999 -9999 -9999 8.58 9.39 8.44 7.76 7.21 8.29 8.89 8.49 -9999 -9999 -9999 -9999 -9999 -9999 -9999 -9999 -9999 -9999 -9999 -9999 -9999 -9999 -9999 -9999 -9999 -9999 -9999 -9999 -9999 -9999 -9999 -9999 -9999 -9999 -9999 -9999 -9999 -9999 -9999 -9999 -9999 -9999 -9999 -9999 -9999 -9999 -9999 -9999 -9999 -9999 -9999 -9999 -9999 -9999 -9999 -9999 -9999 -9999 -9999 -9999 -9999 -9999 -9999 -9999 -9999 -9999 -9999 -9999
9.98 10.24 -9999 -9999 -9999 -9999 -9999 -9999 -9999 -9999 -9999 -9999 -9999 -9999 7.98 7.75 8.15 8.45 -9999 -9999 -9999 -9999 -9999 -9999 -9999 -9999 -9999 -9999 -9999 -9999 -9999 -9999 -9999 -9999 -9999 -9999 -9999 -9999 -9999 -9999 -9999 -9999 -9999 -9999 -9999 -9999 -9999 -9999 -9999 -9999 -9999 -9999 -9999 -9999 -9999 -9999 -9999 -9999 -9999 -9999 -9999 -9999 -9999 -9999 -9999 -9999 -9999 -9999 -9999 -9999 -9999 -9999 -9999 -9999 -9999 -9999 -9999 -9999 -9999
-9999 -9999 -9999 -9999 -9999 -9999 -9999 -9999 -9999 -9999 -9999 -9999 -9999 -9999 8.76 10.17 10.90 10.16 -9999 -9999 -9999 -9999 -9999 -9999 -9999 -9999 -9999 -9999 -9999 -9999 -9999 -9999 -9999 -9999 -9999 -9999 -9999 -9999 -9999 -9999 -9999 -9999 -9999 -9999 -9999 -9999 -9999 -9999 -9999 -9999 -9999 -9999 -9999 -9999 -9999 -9999 -9999 -9999 -9999 -9999 -9999 -9999 -9999 -9999 -9999 -9999 -9999 -9999 -9999 -9999 -9999 -9999 -9999 -9999 -9999 -9999 -9999 -9999 -9999
-9999 -9999 -9999 -9999 -9999 -9999 -9999 -9999 -9999 -9999 -9999 -9999 -9999 -9999 -9999 -9999 -9999 -9999 -9999 -9999 -9999 -9999 -9999 -9999 -9999 -9999 -9999 -9999 -9999 -9999 -9999 -9999 -9999 -9999 -9999 -9999 -9999 -9999 -9999 -9999 -9999 -9999 -9999 -9999 -9999 -9999 -9999 -9999 -9999 -9999 -9999 -9999 -9999 -9999 -9999 -9999 -9999 -9999 -9999 -9999 -9999 -9999 -9999 -9999 -9999 -9999 -9999 -9999 -9999 -9999 -9999 -9999 -9999 -9999 -9999 -9999 -9999 -9999 -9999
-9999 -9999 -9999 -9999 -9999 -9999 -9999 -9999 -9999 -9999 -9999 -9999 -9999 -9999 -9999 -9999 -9999 -9999 -9999 -9999 -9999 -9999 -9999 -9999 -9999 -9999 -9999 -9999 -9999 -9999 -9999 -9999 -9999 -9999 -9999 -9999 -9999 -9999 -9999 -9999 -9999 -9999 -9999 -9999 -9999 -9999 -9999 -9999 -9999 -9999 -9999 -9999 -9999 -9999 -9999 -9999 -9999 -9999 -9999 -9999 -9999 -9999 -9999 -9999 -9999 -9999 -9999 -9999 -9999 -9999 -9999 -9999 -9999 -9999 -9999 -9999 -9999 -9999 -9999
