ML/MeanWindSpeed_1991-02_Actual.txt
ncols         180
nrows         290
xllcorner     -200000
yllcorner     -200000
cellsize      5000
NODATA_value  -9999
[rows 105 to 139 of 290, columns 78 to 155 of 180]
7.39 10.14 6.92 3.63 5.10 9.22 9.96 8.47 6.27 7.72 12.19 8.07 10.13 5.56 8.28 12.63 9.01 6.79 6.60 7.80 6.65 6.30 6.79 6.71 5.80 7.11 6.83 6.77 8.99 8.56 8.82 8.93 -9999 -9999 -9999 -9999 -9999 -9999 -9999 -9999 -9999 -9999 -9999 -9999 -9999 -9999 -9999 -9999 -9999 -9999 -9999 -9999 -9999 -9999 -9999 -9999 -9999 -9999 -9999 -9999 -9999 -9999 -9999 -9999 -9999 -9999 -9999 -9999 -9999 -9999 -9999 -9999 -9999 -9999 -9999 -9999 -9999 -9999
8.76 6.94 8.22 10.66 9.31 12.06 7.06 10.05 3.59 11.50 5.88 13.98 5.58 8.59 14.94 9.70 7.64 10.05 9.16 6.54 5.99 5.03 4.91 5.97 5.18 5.41 6.88 7.26 7.30 7.61 6.77 8.21 9.24 -9999 -9999 -9999 -9999 -9999 -9999 -9999 -9999 -9999 -9999 -9999 -9999 -9999 -9999 -9999 -9999 -9999 -9999 -9999 -9999 -9999 -9999 -9999 -9999 -9999 -9999 -9999 -9999 -9999 -9999 -9999 -9999 -9999 -9999 -9999 -9999 -9999 -9999 -9999 -9999 -9999 -9999 -9999 -9999 -9999
8.95 4.76 10.77 7.03 3.22 7.52 12.03 11.63 4.37 11.77 9.96 10.54 7.32 11.01 8.48 9.99 13.18 9.81 8.59 6.90 5.60 5.46 6.85 7.43 8.80 8.83 7.47 6.27 5.68 7.76 6.80 9.06 9.47 10.85 -9999 -9999 -9999 -9999 -9999 -9999 -9999 -9999 -9999 -9999 -9999 -9999 -9999 -9999 -9999 -9999 -9999 -9999 -9999 -9999 -9999 -9999 -9999 -9999 -9999 -9999 -9999 -9999 -9999 -9999 -9999 -9999 -9999 -9999 -9999 -9999 -9999 -9999 -9999 -9999 -9999 -9999 -9999 -9999
6.06 9.79 10.16 6.84 3.09 9.53 11.67 14.79 6.16 11.65 9.55 9.70 9.06 9.69 5.56 7.16 8.09 6.90 4.34 5.46 7.33 10.64 10.26 9.28 7.64 7.49 8.85 5.54 6.90 8.05 8.90 9.51 10.05 10.89 11.37 -9999 -9999 -9999 -9999 -9999 -9999 -9999 -9999 -9999 -9999 -9999 -9999 -9999 -9999 -9999 -9999 -9999 -9999 -9999 -9999 -9999 -9999 -9999 -9999 -9999 -9999 -9999 -9999 -9999 -9999 -9999 -9999 -9999 -9999 -9999 -9999 -9999 -9999 -9999 -9999 -9999 -9999 -9999
10.03 12.67 5.80 3.87 7.88 13.04 9.59 4.21 6.70 18.08 8.36 8.08 9.44 9.46 7.43 6.72 4.55 3.45 6.15 11.45 11.26 9.72 9.12 6.95 6.22 7.04 8.60 7.26 8.46 8.49 8.70 9.73 10.21 10.64 -9999 -9999 -9999 -9999 -9999 -9999 -9999 -9999 -9999 -9999 -9999 -9999 -9999 -9999 -9999 -9999 -9999 -9999 -9999 -9999 -9999 -9999 -9999 -9999 -9999 -9999 -9999 -9999 -9999 -9999 -9999 -9999 -9999 -9999 -9999 -9999 -9999 -9999 -9999 -9999 -9999 -9999 -9999 -9999
8.38 7.57 6.45 11.29 6.02 10.68 11.62 11.80 7.75 6.60 15.30 9.02 7.07 6.08 5.81 5.48 4.78 3.86 7.19 5.98 5.48 4.76 6.55 8.55 7.44 7.83 7.67 8.01 9.79 10.08 -9999 -9999 -9999 -9999 -9999 -9999 -9999 -9999 -9999 -9999 -9999 -9999 -9999 -9999 -9999 -9999 -9999 -9999 -9999 -9999 -9999 -9999 -9999 -9999 -9999 -9999 -9999 -9999 -9999 -9999 -9999 -9999 -9999 -9999 -9999 -9999 -9999 -9999 -9999 -9999 -9999 -9999 -9999 -9999 -9999 -9999 -9999 -9999
7.29 4.34 10.07 10.65 13.03 12.99 4.80 12.25 12.01 6.06 9.51 9.92 6.25 5.71 6.81 8.54 9.93 6.48 5.94 6.01 6.09 6.10 6.81 7.91 7.39 7.99 9.33 9.43 -9999 -9999 -9999 -9999 -9999 -9999 -9999 -9999 -9999 -9999 -9999 -9999 -9999 -9999 -9999 -9999 -9999 -9999 -9999 -9999 -9999 -9999 -9999 -9999 -9999 -9999 -9999 -9999 -9999 -9999 -9999 -9999 -9999 -9999 -9999 -9999 -9999 -9999 -9999 -9999 -9999 -9999 -9999 -9999 -9999 -9999 -9999 -9999 -9999 -9999
5.90 10.32 6.85 11.46 14.33 11.19 8.64 13.11 13.09 6.79 6.40 4.63 3.90 4.28 5.47 9.25 11.02 8.49 7.21 6.25 6.08 7.03 6.75 7.33 8.04 10.10 11.52 10.43 -9999 -9999 -9999 -9999 -9999 -9999 -9999 -9999 -9999 -9999 -9999 -9999 -9999 -9999 -9999 -9999 -9999 -9999 -9999 -9999 -9999 -9999 -9999 -9999 -9999 -9999 -9999 -9999 -9999 -9999 -9999 -9999 -9999 -9999 -9999 -9999 -9999 -9999 -9999 -9999 -9999 -9999 -9999 -9999 -9999 -9999 -9999 -9999 -9999 -9999
7.66 10.27 7.43 11.86 12.05 13.02 8.25 7.66 8.62 7.12 6.44 5.61 2.99 10.68 11.27 10.78 11.30 8.28 5.88 5.88 5.88 6.27 6.48 6.87 8.05 7.99 -9999 -9999 -9999 -9999 -9999 10.05 9.18 9.61 9.67 -9999 -9999 -9999 -9999 -9999 -9999 -9999 -9999 -9999 -9999 -9999 -9999 -9999 -9999 -9999 -9999 -9999 -9999 -9999 -9999 -9999 -9999 -9999 -9999 -9999 -9999 -9999 -9999 -9999 -9999 -9999 -9999 -9999 -9999 -9999 -9999 -9999 -9999 -9999 -9999 -9999 -9999 -9999
8.04 11.66 7.56 6.58 15.78 8.04 8.07 7.64 6.08 5.89 7.39 9.89 6.71 7.02 6.31 6.77 6.28 6.43 6.65 6.96 6.80 6.48 7.16 7.76 7.69 7.76 8.65 9.52 -9999 -9999 8.33 7.71 7.43 6.84 7.83 9.14 10.15 -9999 -9999 -9999 -9999 -9999 -9999 -9999 -9999 -9999 -9999 -9999 -9999 -9999 -9999 -9999 -9999 -9999 -9999 -9999 -9999 -9999 -9999 -9999 -9999 -9999 -9999 -9999 -9999 -9999 -9999 -9999 -9999 -9999 -9999 -9999 -9999 -9999 -9999 -9999 -9999 -9999
10.53 8.61 9.10 11.16 12.22 6.94 8.41 10.57 9.41 7.93 5.95 6.14 6.83 6.62 6.62 6.01 5.55 5.95 6.95 6.86 6.07 7.54 8.20 6.60 5.98 6.52 7.22 8.47 7.49 7.62 7.77 6.58 5.03 5.80 8.55 9.53 11.53 8.99 -9999 -9999 -9999 -9999 -9999 -9999 -9999 -9999 -9999 -9999 -9999 -9999 -9999 -9999 -9999 -9999 -9999 -9999 -9999 -9999 -9999 -9999 -9999 -9999 -9999 -9999 -9999 -9999 -9999 -9999 -9999 -9999 -9999 -9999 -9999 -9999 -9999 -9999 -9999 -9999
9.07 12.32 11.17 9.26 7.69 -9999 9.52 11.83 8.64 7.26 6.22 6.11 5.70 5.94 6.47 5.77 5.26 6.84 7.27 7.59 6.95 6.38 6.34 5.40 5.78 6.61 8.03 6.79 5.83 7.52 6.49 5.80 4.95 6.58 8.77 9.46 10.60 9.47 11.16 12.63 10.42 -9999 -9999 -9999 -9999 -9999 -9999 -9999 -9999 -9999 -9999 -9999 -9999 -9999 -9999 -9999 -9999 -9999 -9999 -9999 -9999 -9999 -9999 -9999 -9999 -9999 -9999 -9999 -9999 -9999 -9999 -9999 -9999 -9999 -9999 -9999 -9999 -9999
10.50 -9999 10.60 11.64 7.82 -9999 10.41 13.85 9.04 7.86 6.30 6.38 5.85 5.83 5.15 4.81 4.53 5.42 7.59 7.87 7.96 6.37 5.93 6.51 7.61 9.90 8.67 6.16 4.97 6.02 5.81 5.55 9.58 11.02 9.50 9.85 9.24 9.10 9.52 8.42 9.91 -9999 -9999 -9999 -9999 -9999 -9999 -9999 -9999 -9999 -9999 -9999 -9999 -9999 -9999 -9999 -9999 -9999 -9999 -9999 -9999 -9999 -9999 -9999 -9999 -9999 -9999 -9999 -9999 -9999 -9999 -9999 -9999 -9999 -9999 -9999 -9999 -9999
11.06 -9999 -9999 11.73 8.75 7.51 10.51 11.96 6.60 6.52 8.21 6.88 6.27 6.13 8.42 6.04 4.23 4.69 5.45 6.98 7.52 7.98 6.37 8.59 9.68 8.46 7.63 7.29 6.40 6.84 7.50 7.92 8.04 10.93 10.01 9.83 10.00 7.32 7.14 8.24 9.91 10.97 -9999 -9999 -9999 -9999 -9999 -9999 -9999 -9999 -9999 -9999 -9999 -9999 -9999 -9999 -9999 -9999 -9999 -9999 -9999 -9999 -9999 -9999 -9999 -9999 -9999 -9999 -9999 -9999 -9999 -9999 -9999 -9999 -9999 -9999 -9999 -9999
-9999 -9999 -9999 -9999 9.72 8.14 11.66 8.91 5.65 5.81 6.91 8.18 7.12 6.45 7.83 8.05 6.18 4.00 5.86 8.05 7.03 6.59 7.31 9.29 8.67 7.22 7.20 7.17 9.96 9.69 8.37 7.83 7.29 9.80 9.62 9.23 9.99 7.87 7.21 7.19 7.60 8.74 -9999 -9999 -9999 -9999 -9999 -9999 -9999 -9999 -9999 -9999 -9999 -9999 -9999 -9999 -9999 -9999 -9999 -9999 -9999 -9999 -9999 -9999 -9999 -9999 -9999 -9999 -9999 -9999 -9999 -9999 -9999 -9999 -9999 -9999 -9999 -9999
12.57 13.95 -9999 -9999 -9999 9.76 10.75 8.27 6.29 5.43 5.84 7.17 7.82 8.44 9.08 8.30 7.61 6.23 4.17 7.83 7.04 6.64 7.16 6.79 6.83 8.19 6.34 9.26 12.69 11.71 9.85 9.89 7.80 8.97 8.85 9.25 9.57 7.78 6.93 6.74 7.11 8.39 9.43 -9999 -9999 -9999 -9999 -9999 -9999 -9999 -9999 -9999 -9999 -9999 -9999 -9999 -9999 -9999 -9999 -9999 -9999 -9999 -9999 -9999 -9999 -9999 -9999 -9999 -9999 -9999 -9999 -9999 -9999 -9999 -9999 -9999 -9999 -9999
12.98 15.37 10.83 -9999 -9999 -9999 10.22 8.78 6.44 5.51 5.38 5.61 7.24 7.74 7.54 6.82 6.91 6.91 6.96 6.28 6.57 6.35 7.81 7.56 10.04 6.38 7.21 7.02 8.03 11.88 11.61 9.73 8.90 7.81 7.79 8.23 8.51 7.22 6.75 6.27 7.08 7.84 8.10 8.96 -9999 -9999 -9999 -9999 -9999 -9999 -9999 -9999 -9999 -9999 -9999 -9999 -9999 -9999 -9999 -9999 -9999 -9999 -9999 -9999 -9999 -9999 -9999 -9999 -9999 -9999 -9999 -9999 -9999 -9999 -9999 -9999 -9999 -9999
12.36 13.98 9.90 -9999 -9999 -9999 -9999 -9999 7.77 6.25 4.72 4.41 4.95 5.13 6.13 8.84 9.01 7.58 6.53 6.18 7.53 7.00 7.07 6.64 9.12 6.37 7.90 8.84 8.28 6.47 8.03 7.41 8.46 7.01 8.24 7.73 6.59 6.30 6.22 6.37 6.03 8.00 8.18 8.22 8.82 -9999 -9999 -9999 -9999 -9999 -9999 -9999 -9999 -9999 -9999 -9999 -9999 -9999 -9999 -9999 -9999 -9999 -9999 -9999 -9999 -9999 -9999 -9999 -9999 -9999 -9999 -9999 -9999 -9999 -9999 -9999 -9999 -9999
9.52 16.15 11.39 -9999 -9999 -9999 -9999 -9999 8.43 7.15 6.39 4.65 6.12 7.85 7.13 8.94 9.99 9.02 6.69 7.85 6.91 6.16 7.92 8.28 4.94 12.96 8.20 11.04 8.55 10.90 10.44 6.99 8.83 7.42 6.91 6.10 6.39 7.46 8.13 7.61 7.84 6.01 7.63 9.41 8.25 9.94 11.07 -9999 -9999 -9999 -9999 -9999 -9999 -9999 -9999 -9999 -9999 -9999 -9999 -9999 -9999 -9999 -9999 -9999 -9999 -9999 -9999 -9999 -9999 -9999 -9999 -9999 -9999 -9999 -9999 -9999 -9999 -9999
12.34 15.30 14.52 -9999 -9999 -9999 -9999 -9999 8.51 6.65 6.11 5.18 5.76 7.18 5.56 6.76 7.50 8.99 7.73 7.27 6.05 8.20 11.23 8.60 7.94 14.35 12.63 8.91 9.73 8.36 6.75 8.13 8.67 7.41 7.68 7.29 5.53 5.72 6.16 8.52 11.53 8.50 7.38 8.58 9.02 8.73 10.10 -9999 -9999 -9999 -9999 -9999 -9999 -9999 -9999 -9999 -9999 -9999 -9999 -9999 -9999 -9999 -9999 -9999 -9999 -9999 -9999 -9999 -9999 -9999 -9999 -9999 -9999 -9999 -9999 -9999 -9999 -9999
10.97 12.86 13.94 -9999 -9999 -9999 -9999 -9999 7.94 6.40 5.88 5.80 5.71 5.81 6.19 9.34 11.00 8.58 8.94 6.47 6.33 6.52 8.70 5.12 11.11 10.67 9.21 10.32 11.09 7.04 9.22 7.73 8.41 8.08 6.02 6.79 6.61 5.76 5.30 11.57 12.73 11.15 7.12 8.21 9.09 8.74 10.12 -9999 -9999 -9999 -9999 -9999 -9999 -9999 -9999 -9999 -9999 -9999 -9999 -9999 -9999 -9999 -9999 -9999 -9999 -9999 -9999 -9999 -9999 -9999 -9999 -9999 -9999 -9999 -9999 -9999 -9999 -9999
-9999 -9999 -9999 -9999 -9999 -9999 -9999 10.46 7.48 6.52 5.61 6.09 6.76 5.85 6.94 7.61 9.67 7.50 7.14 9.58 8.06 9.40 9.03 8.81 12.33 12.40 8.23 9.15 10.21 9.47 8.60 8.96 6.74 7.58 7.81 5.56 6.33 5.56 8.39 10.35 13.71 11.67 7.42 7.60 7.65 8.70 10.09 -9999 -9999 -9999 -9999 -9999 -9999 -9999 -9999 -9999 -9999 -9999 -9999 -9999 -9999 -9999 -9999 -9999 -9999 -9999 -9999 -9999 -9999 -9999 -9999 -9999 -9999 -9999 -9999 -9999 -9999 -9999
-9999 -9999 -9999 -9999 -9999 -9999 -9999 10.96 5.43 5.19 6.71 8.19 7.67 6.30 6.86 7.68 5.60 5.69 8.88 9.85 8.75 8.31 6.27 4.82 11.61 7.76 8.29 8.21 9.08 8.88 7.78 6.11 8.39 7.76 7.34 6.16 6.18 8.04 9.59 9.86 11.98 11.47 7.75 6.65 7.58 9.59 9.29 -9999 -9999 -9999 -9999 -9999 -9999 -9999 -9999 -9999 -9999 -9999 -9999 -9999 -9999 -9999 -9999 -9999 -9999 -9999 -9999 -9999 -9999 -9999 -9999 -9999 -9999 -9999 -9999 -9999 -9999 -9999
-9999 -9999 -9999 -9999 -9999 -9999 9.84 8.28 4.24 5.78 7.07 5.77 7.72 9.43 9.22 11.62 9.83 7.10 5.14 5.85 9.31 9.30 7.50 3.95 6.95 11.17 8.04 10.32 8.12 8.12 5.85 6.14 7.64 6.64 6.81 7.73 9.35 11.13 10.72 9.88 9.31 8.56 7.30 9.28 10.48 9.52 9.53 -9999 -9999 -9999 -9999 -9999 -9999 -9999 -9999 -9999 -9999 -9999 -9999 -9999 -9999 -9999 -9999 -9999 -9999 -9999 -9999 -9999 -9999 -9999 -9999 -9999 -9999 -9999 -9999 -9999 -9999 -9999
-9999 -9999 -9999 -9999 -9999 -9999 7.94 4.77 7.42 6.36 8.09 5.81 8.15 8.11 10.87 10.57 11.00 9.40 6.93 4.42 12.74 13.12 8.03 3.81 8.00 10.40 7.32 7.73 9.14 6.16 8.08 9.04 7.18 8.48 8.88 12.11 8.24 8.13 9.40 10.28 10.34 7.93 6.54 8.20 8.57 8.28 8.76 10.19 -9999 -9999 -9999 -9999 -9999 -9999 -9999 -9999 -9999 -9999 -9999 -9999 -9999 -9999 -9999 -9999 -9999 -9999 -9999 -9999 -9999 -9999 -9999 -9999 -9999 -9999 -9999 -9999 -9999 -9999
-9999 -9999 -9999 -9999 -9999 7.55 8.42 7.82 7.14 8.44 8.89 7.23 6.03 9.69 9.40 11.32 11.08 10.80 6.60 3.52 7.48 10.00 8.88 5.04 5.52 7.71 7.16 7.05 7.29 10.23 7.35 6.78 7.04 6.29 11.11 9.73 11.76 10.41 7.73 8.38 8.96 9.71 10.46 7.86 7.46 7.17 7.69 8.85 -9999 -9999 -9999 -9999 -9999 -9999 -9999 -9999 -9999 -9999 -9999 -9999 -9999 -9999 -9999 -9999 -9999 -9999 -9999 -9999 -9999 -9999 -9999 -9999 -9999 -9999 -9999 -9999 -9999 -9999
-9999 -9999 -9999 -9999 -9999 8.67 7.47 5.88 9.55 9.29 8.02 8.15 10.93 6.84 7.97 10.69 9.40 9.50 5.67 3.66 6.58 8.52 10.05 5.04 5.51 6.04 6.55 5.28 8.74 5.76 9.88 7.82 6.09 12.03 7.42 9.10 10.00 9.23 9.77 7.06 7.35 9.83 9.52 7.86 8.21 7.52 7.29 8.69 -9999 -9999 -9999 -9999 -9999 -9999 -9999 -9999 -9999 -9999 -9999 -9999 -9999 -9999 -9999 -9999 -9999 -9999 -9999 -9999 -9999 -9999 -9999 -9999 -9999 -9999 -9999 -9999 -9999 -9999
-9999 -9999 -9999 -9999 9.85 7.16 5.91 7.87 5.93 6.48 12.86 10.43 10.06 6.71 8.05 8.88 7.76 9.16 8.15 6.11 8.14 8.34 6.06 4.51 5.08 6.81 7.01 9.51 7.03 6.06 9.79 5.99 7.07 12.12 8.75 8.02 7.12 8.55 9.45 8.63 9.36 9.74 8.31 7.71 7.43 6.76 6.99 8.41 -9999 -9999 -9999 -9999 -9999 -9999 -9999 -9999 -9999 -9999 -9999 -9999 -9999 -9999 -9999 -9999 -9999 -9999 -9999 -9999 -9999 -9999 -9999 -9999 -9999 -9999 -9999 -9999 -9999 -9999
-9999 -9999 -9999 8.13 8.44 8.50 6.18 6.49 6.15 5.58 8.56 8.72 14.01 6.70 6.09 7.14 7.76 8.33 8.90 7.39 6.02 5.38 7.62 4.87 4.43 6.29 7.06 7.39 7.21 5.96 7.61 4.46 6.01 10.60 10.14 10.63 9.83 9.06 7.74 7.43 9.60 9.02 8.35 7.94 7.55 7.38 6.77 7.81 9.45 -9999 -9999 -9999 -9999 -9999 -9999 -9999 -9999 -9999 -9999 -9999 -9999 -9999 -9999 -9999 -9999 -9999 -9999 -9999 -9999 -9999 -9999 -9999 -9999 -9999 -9999 -9999 -9999 -9999
-9999 -9999 -9999 9.01 11.45 8.58 7.94 6.79 5.09 4.20 12.66 10.75 9.31 8.48 6.05 6.12 6.98 7.07 11.14 7.29 5.62 4.95 5.24 7.41 5.13 7.41 7.11 7.99 7.19 6.60 6.30 6.91 5.20 8.21 9.23 8.74 10.07 8.88 7.74 7.21 8.33 7.90 9.04 8.19 7.00 6.18 6.96 7.82 9.10 -9999 -9999 -9999 -9999 -9999 -9999 -9999 -9999 -9999 -9999 -9999 -9999 -9999 -9999 -9999 -9999 -9999 -9999 -9999 -9999 -9999 -9999 -9999 -9999 -9999 -9999 -9999 -9999 -9999
-9999 9.94 8.42 9.77 8.53 8.03 8.98 7.12 6.05 4.52 9.00 8.81 9.68 8.38 7.63 5.70 7.43 8.08 7.39 7.63 7.35 4.95 5.19 6.48 6.26 6.47 7.20 7.70 6.84 6.09 6.86 5.90 5.63 9.35 8.66 8.24 8.61 10.48 9.18 8.05 6.25 7.26 7.87 7.59 7.10 6.38 6.77 7.51 8.94 -9999 -9999 -9999 -9999 -9999 -9999 -9999 -9999 -9999 -9999 -9999 -9999 -9999 -9999 -9999 -9999 -9999 -9999 -9999 -9999 -9999 -9999 -9999 -9999 -9999 -9999 -9999 -9999 -9999
-9999 10.72 8.55 6.71 8.99 7.74 9.00 7.56 6.49 4.86 4.73 6.62 10.92 8.61 7.79 6.11 6.06 6.09 5.64 6.44 7.39 5.93 6.95 6.34 6.67 6.58 6.73 6.68 6.44 5.93 5.99 6.59 6.19 6.12 7.48 7.92 8.40 9.01 8.81 6.02 6.83 9.11 8.44 7.21 7.29 6.98 7.30 6.86 7.98 9.45 -9999 -9999 -9999 -9999 -9999 -9999 -9999 -9999 -9999 -9999 -9999 -9999 -9999 -9999 -9999 -9999 -9999 -9999 -9999 -9999 -9999 -9999 -9999 -9999 -9999 -9999 -9999 -9999
-9999 10.95 8.93 6.13 8.55 6.88 7.79 7.19 6.68 6.04 4.66 8.08 8.07 7.53 9.25 6.70 6.10 5.73 4.23 6.56 10.63 7.70 -9999 -9999 -9999 6.97 6.73 -9999 6.20 6.18 6.20 5.54 5.16 6.75 8.36 7.37 7.65 8.73 8.27 9.22 8.75 6.83 5.96 6.26 6.70 7.25 5.63 6.28 7.04 9.03 -9999 -9999 -9999 -9999 -9999 -9999 -9999 -9999 -9999 -9999 -9999 -9999 -9999 -9999 -9999 -9999 -9999 -9999 -9999 -9999 -9999 -9999 -9999 -9999 -9999 -9999 -9999 -9999
-9999 9.92 11.04 7.66 7.45 7.81 8.51 8.01 7.20 6.31 5.26 6.53 11.42 8.43 8.78 6.23 6.24 7.68 5.30 6.78 8.30 8.69 -9999 -9999 -9999 7.07 6.28 6.35 6.47 6.00 5.46 4.04 5.08 8.23 8.91 7.26 10.01 7.57 7.59 9.79 7.54 8.09 8.12 7.92 6.15 7.18 8.23 6.89 6.55 8.49 -9999 -9999 -9999 -9999 -9999 -9999 -9999 -9999 -9999 -9999 -9999 -9999 -9999 -9999 -9999 -9999 -9999 -9999 -9999 -9999 -9999 -9999 -9999 -9999 -9999 -9999 -9999 -9999
-9999 -9999 10.76 10.39 8.67 -9999 9.49 9.30 8.03 7.19 6.50 -9999 9.06 7.65 7.99 5.94 7.42 8.43 7.78 8.51 -9999 -9999 -9999 -9999 8.10 6.40 5.75 5.90 6.52 6.50 5.36 4.03 3.88 8.02 11.89 6.36 10.57 7.69 9.32 10.38 8.27 9.58 8.09 6.58 8.06 8.36 7.06 5.12 6.23 8.88 9.85 -9999 -9999 -9999 -9999 -9999 -9999 -9999 -9999 -9999 -9999 -9999 -9999 -9999 -9999 -9999 -9999 -9999 -9999 -9999 -9999 -9999 -9999 -9999 -9999 -9999 -9999 -9999
