ML/MeanWindSpeed_1994-07_Actual.txt
ncols         180
nrows         290
xllcorner     -200000
yllcorner     -200000
cellsize      5000
NODATA_value  -9999
[rows 210 to 244 of 290, columns 79 to 157 of 180]
9.46 8.16 9.49 9.24 -9999 -9999 -9999 -9999 -9999 -9999 -9999 5.60 5.70 6.27 5.43 6.49 7.68 9.23 10.29 11.73 10.67 9.03 7.48 7.53 6.23 7.54 8.00 6.28 5.82 8.60 7.72 7.99 5.43 5.28 6.13 6.35 7.02 7.21 6.38 6.23 5.98 5.77 5.65 5.56 5.46 5.55 5.50 6.03 5.58 5.44 5.20 5.08 5.23 5.38 5.94 7.07 7.15 6.27 6.96 6.66 6.28 6.26 5.74 5.44 5.89 6.08 5.74 5.57 5.67 6.62 5.83 6.15 6.90 6.34 6.24 6.16 5.40 5.14 5.44
9.34 -9999 -9999 -9999 -9999 -9999 -9999 -9999 -9999 9.62 8.23 7.68 8.47 7.59 6.96 6.85 7.45 7.75 8.91 9.59 9.26 6.41 6.06 9.09 7.70 6.92 5.82 5.98 5.88 7.61 6.91 6.59 5.73 5.95 6.57 5.76 7.72 7.55 6.30 6.26 6.02 6.05 6.01 5.81 6.21 5.81 5.86 5.38 5.28 5.09 4.94 4.91 5.51 5.31 6.30 7.58 6.55 6.72 5.14 6.12 5.79 5.50 5.97 5.69 5.77 6.01 5.51 5.29 5.56 5.52 6.08 6.63 6.02 6.30 6.13 5.55 5.18 6.07 5.63
-9999 -9999 -9999 -9999 -9999 -9999 -9999 -9999 -9999 10.55 9.94 8.10 8.83 9.00 -9999 -9999 6.91 8.84 4.87 5.95 5.94 6.45 7.35 8.53 6.19 5.38 6.17 6.67 7.15 7.03 6.73 6.52 6.49 7.16 6.24 6.34 7.26 6.08 5.90 5.87 6.17 6.69 6.55 6.08 6.21 5.85 5.83 6.27 6.53 5.95 6.03 5.13 5.21 5.84 7.30 5.69 5.77 5.57 4.50 5.63 5.31 5.09 5.06 5.14 5.06 4.98 6.20 5.51 5.45 5.35 5.45 5.60 5.42 5.13 6.29 5.83 6.09 6.78 6.66
-9999 -9999 -9999 -9999 -9999 -9999 -9999 -9999 -9999 -9999 -9999 -9999 -9999 -9999 -9999 -9999 7.59 6.28 6.04 4.89 4.34 4.77 5.46 6.39 6.38 6.68 7.63 8.54 8.74 8.18 -9999 7.13 6.80 6.55 6.23 6.38 7.12 6.11 6.30 6.16 5.82 5.94 6.69 6.25 6.47 7.40 7.45 7.22 7.72 8.06 6.60 6.19 6.10 5.88 6.35 5.26 5.31 5.38 4.90 4.73 4.69 5.16 5.29 4.93 4.75 4.94 5.13 5.28 5.31 5.22 5.27 5.34 5.46 5.48 5.79 5.87 6.14 6.41 -9999
-9999 -9999 -9999 -9999 -9999 -9999 -9999 -9999 -9999 -9999 -9999 -9999 -9999 -9999 -9999 -9999 -9999 7.21 6.19 5.28 5.23 5.89 5.15 5.48 6.68 8.40 -9999 -9999 -9999 -9999 8.35 7.23 6.79 6.29 6.19 6.44 7.26 6.33 6.69 6.46 5.90 6.75 6.55 7.68 7.26 8.61 7.30 7.30 6.91 7.03 6.65 5.96 6.54 4.92 5.03 5.46 4.68 4.93 4.67 4.49 4.46 4.55 4.72 4.83 4.48 4.56 4.68 5.07 5.15 6.08 6.28 5.41 5.37 5.52 5.75 6.03 6.67 7.57 7.47
-9999 -9999 -9999 -9999 -9999 -9999 -9999 -9999 -9999 -9999 -9999 -9999 -9999 -9999 -9999 -9999 -9999 -9999 7.48 8.18 7.07 6.31 6.77 7.05 8.91 -9999 -9999 -9999 -9999 9.55 8.78 8.21 5.73 5.67 5.83 7.27 7.37 6.93 6.60 6.11 6.44 6.39 7.48 8.46 7.54 7.44 6.67 6.63 6.35 5.49 5.79 5.69 5.33 5.19 5.05 5.19 5.03 5.14 5.47 5.49 5.46 4.62 4.69 4.76 4.62 5.20 5.22 5.67 5.34 5.87 5.78 5.75 6.45 5.73 6.32 6.46 6.89 6.47 6.79
-9999 -9999 -9999 -9999 -9999 -9999 -9999 -9999 -9999 -9999 -9999 -9999 -9999 -9999 -9999 -9999 -9999 -9999 -9999 8.09 7.99 7.28 7.85 7.96 10.98 -9999 -9999 -9999 9.55 7.96 6.82 7.63 7.04 6.47 5.50 6.26 5.39 6.83 6.58 5.82 7.09 7.79 7.54 6.99 7.40 6.60 6.21 5.92 5.44 5.28 5.11 5.22 5.58 5.39 5.09 5.30 5.52 5.51 5.94 5.54 5.51 5.18 4.76 4.89 4.77 5.00 5.16 5.60 5.62 5.71 5.69 6.53 6.69 6.82 6.66 5.83 6.97 5.80 6.43
-9999 -9999 -9999 -9999 -9999 -9999 -9999 -9999 -9999 -9999 -9999 -9999 -9999 -9999 -9999 -9999 -9999 -9999 -9999 -9999 -9999 -9999 -9999 -9999 -9999 -9999 -9999 11.42 8.75 7.19 6.38 7.37 5.96 6.38 6.80 6.26 5.95 6.27 5.48 5.64 6.07 6.77 6.48 6.65 6.73 7.01 6.86 6.55 7.53 6.17 6.13 5.59 5.88 5.94 5.46 5.61 5.45 5.69 6.00 5.40 4.99 4.99 5.01 5.10 5.63 5.52 6.14 5.92 6.72 6.97 6.74 5.94 7.49 7.96 7.14 6.17 8.02 7.03 6.48
-9999 -9999 -9999 -9999 -9999 -9999 -9999 -9999 -9999 -9999 -9999 -9999 -9999 -9999 -9999 -9999 -9999 -9999 -9999 -9999 -9999 -9999 -9999 -9999 -9999 -9999 -9999 9.68 9.09 7.78 10.81 8.83 6.05 6.45 6.71 6.62 6.74 5.57 5.45 5.65 5.59 6.32 6.15 6.15 7.65 7.68 8.56 7.41 7.45 8.31 6.86 6.19 5.92 5.50 5.48 5.39 5.40 5.61 5.34 5.47 5.17 4.98 5.07 5.30 5.83 7.34 7.02 7.51 7.57 8.11 6.95 5.90 6.42 6.47 5.87 5.76 6.40 7.47 7.66
-9999 -9999 -9999 -9999 -9999 -9999 -9999 -9999 -9999 -9999 -9999 -9999 -9999 -9999 -9999 -9999 -9999 -9999 -9999 -9999 -9999 -9999 -9999 -9999 -9999 -9999 -9999 8.83 7.38 6.83 7.88 9.99 8.75 7.70 6.61 7.37 6.12 6.13 5.89 7.33 7.34 7.52 7.13 6.62 6.81 6.72 6.95 7.25 7.23 6.69 6.63 6.45 6.25 5.73 5.56 5.65 5.64 5.93 5.54 5.51 5.35 5.39 5.99 6.71 6.19 6.90 6.59 6.41 6.31 6.85 8.03 7.60 5.65 5.49 6.24 6.67 6.49 6.64 6.70
-9999 -9999 -9999 -9999 -9999 -9999 -9999 -9999 -9999 -9999 9.25 9.62 8.13 11.94 11.24 10.72 10.14 11.25 5.23 9.62 6.50 -9999 -9999 -9999 -9999 -9999 -9999 7.69 6.61 6.34 5.40 6.24 7.85 8.60 7.73 6.74 6.33 6.61 7.16 7.98 7.29 6.46 6.42 6.22 6.24 6.32 5.99 5.64 5.58 6.13 5.88 6.48 6.86 7.45 6.55 6.09 6.39 6.27 5.61 6.23 5.87 5.67 6.32 6.78 5.69 5.14 5.30 5.22 5.00 4.81 5.12 5.06 4.50 4.57 4.91 5.18 4.99 5.25 5.35
-9999 -9999 -9999 -9999 -9999 -9999 -9999 -9999 -9999 -9999 11.40 10.87 11.01 9.30 10.73 11.77 10.43 10.11 9.91 7.20 6.16 5.83 7.24 9.46 8.10 7.64 6.99 6.68 6.01 5.53 4.97 4.49 5.11 7.11 7.19 6.69 6.13 8.48 7.09 6.09 6.48 6.73 6.04 6.09 6.58 6.24 6.28 6.06 6.08 5.37 5.70 6.32 6.52 6.49 6.88 6.97 5.81 5.55 5.22 5.15 6.11 5.51 8.07 6.45 6.02 5.46 5.15 5.28 5.08 5.77 5.87 4.88 6.00 5.61 6.12 5.10 5.18 4.98 4.85
-9999 -9999 -9999 -9999 -9999 -9999 -9999 -9999 -9999 9.43 8.41 7.93 7.55 6.70 8.29 9.96 9.08 8.00 8.32 8.29 7.14 6.53 6.62 7.42 8.34 6.33 6.06 5.69 5.73 6.36 5.23 4.93 5.86 5.88 5.94 6.52 8.54 6.98 7.69 6.98 6.34 5.70 6.16 6.20 6.78 6.67 6.37 6.84 5.91 6.13 6.02 6.07 6.04 6.88 7.19 5.64 5.44 5.57 7.15 5.79 5.45 5.52 5.24 5.51 5.91 5.88 5.79 6.19 6.88 6.20 5.52 5.51 6.70 6.27 6.24 6.40 6.10 5.66 5.68
-9999 -9999 -9999 -9999 -9999 -9999 -9999 -9999 -9999 -9999 6.93 5.79 5.15 6.12 5.66 5.95 7.97 6.72 5.70 5.42 7.26 8.75 7.53 5.74 5.80 7.44 6.12 4.99 5.12 5.14 5.66 5.84 5.22 5.05 5.42 6.22 7.33 6.24 7.31 6.45 6.35 6.16 6.51 6.29 6.86 6.86 6.88 6.02 5.92 6.37 5.66 5.31 5.32 5.95 6.48 6.47 5.64 5.90 6.41 6.13 5.48 4.85 4.79 4.76 5.30 6.85 6.70 6.50 6.97 7.70 7.06 6.52 6.78 6.68 6.01 6.64 5.74 6.32 5.49
-9999 -9999 -9999 -9999 -9999 -9999 9.27 -9999 -9999 8.18 6.75 6.95 3.82 4.61 3.42 3.43 3.82 4.23 5.17 4.40 5.68 6.67 5.07 4.06 3.06 3.63 4.20 4.32 4.53 4.93 5.60 5.14 5.13 5.33 6.57 5.47 6.36 5.59 6.23 5.94 6.76 7.29 6.77 6.17 5.79 5.70 5.71 5.77 6.75 6.04 5.53 6.96 5.88 5.63 6.59 7.54 5.19 5.40 5.27 5.10 4.92 4.87 4.86 5.39 5.99 6.25 5.55 5.27 5.41 6.05 6.18 6.06 6.29 5.65 5.61 5.53 5.06 5.14 5.08
-9999 -9999 -9999 -9999 -9999 9.38 10.03 9.69 9.15 7.03 5.90 6.44 3.79 2.56 3.19 3.12 4.50 4.82 5.68 4.75 4.16 4.32 3.62 3.00 2.44 2.80 3.88 4.60 4.18 4.32 4.61 4.76 5.06 6.07 5.94 5.26 6.11 6.64 7.53 6.77 6.81 7.75 6.69 6.65 5.54 5.77 5.63 6.09 5.50 5.41 5.17 6.19 6.34 5.39 5.69 5.30 4.97 4.71 4.24 4.91 5.19 5.19 4.87 4.68 4.78 4.65 4.78 4.92 4.88 4.64 5.29 5.71 6.27 6.46 6.10 5.17 5.81 5.73 5.69
-9999 -9999 -9999 -9999 -9999 9.10 8.69 7.69 7.64 6.48 5.37 3.66 4.82 4.73 3.98 5.43 5.77 5.41 6.46 5.78 5.40 5.10 3.54 4.71 6.13 5.21 4.49 4.22 3.96 4.60 5.08 5.58 5.30 5.95 5.18 5.82 5.59 5.34 6.35 7.30 6.32 6.27 6.21 6.01 5.84 6.12 5.60 5.26 5.71 5.84 4.99 5.41 5.63 5.48 5.88 6.26 6.46 7.61 5.22 5.15 4.84 4.77 4.80 4.87 4.72 4.62 4.75 5.20 5.00 4.84 4.72 5.44 5.64 5.79 5.98 6.16 5.23 5.57 6.32
-9999 -9999 -9999 -9999 -9999 9.14 7.39 6.74 6.71 5.71 5.41 3.88 3.94 4.13 3.31 4.75 5.49 6.09 6.43 6.29 4.33 3.43 3.39 5.57 5.54 5.62 6.24 4.71 4.59 4.98 4.56 5.43 4.97 5.45 5.02 5.38 5.41 5.01 6.05 5.62 5.75 5.66 5.70 5.93 5.90 6.12 6.16 5.36 5.17 5.37 6.10 5.06 5.25 5.04 5.31 5.62 6.06 6.95 6.33 6.78 7.60 4.99 7.56 6.37 5.26 5.62 7.93 7.56 7.12 4.83 4.75 4.77 4.62 5.24 5.17 6.32 7.04 8.76 7.93
-9999 -9999 -9999 -9999 -9999 7.43 6.55 6.12 5.61 4.67 4.39 3.81 3.06 3.92 3.73 4.14 5.39 5.31 5.74 5.88 6.01 3.76 4.02 5.44 4.55 5.47 5.92 5.17 5.53 6.08 5.16 5.37 5.50 5.32 5.40 5.62 6.02 6.72 4.94 5.49 5.50 5.52 5.62 5.85 5.86 5.98 5.51 5.69 5.46 5.74 6.07 6.45 5.80 6.34 5.78 5.42 5.35 5.20 5.00 5.02 5.61 5.48 6.77 6.65 7.46 7.30 7.65 7.77 8.21 5.44 5.37 4.97 4.93 5.26 6.02 7.08 7.30 -9999 -9999
-9999 -9999 -9999 -9999 -9999 6.56 6.15 6.00 6.01 5.90 4.91 4.41 3.54 3.75 5.09 4.95 5.14 5.25 6.17 6.49 6.64 6.04 3.97 3.33 2.69 4.81 4.44 3.65 6.38 6.55 5.75 7.76 6.61 6.89 7.44 6.91 6.31 6.64 5.61 5.03 5.54 5.50 5.27 5.69 5.64 5.84 5.39 5.81 6.39 6.78 6.52 6.49 6.59 6.51 6.60 6.52 6.13 5.50 5.23 5.44 6.03 6.47 6.70 6.81 7.21 -9999 -9999 6.90 7.50 7.49 7.01 6.00 8.16 6.60 -9999 -9999 -9999 -9999 -9999
-9999 -9999 -9999 -9999 9.12 7.16 6.77 6.09 6.75 6.67 7.21 5.77 5.75 5.12 5.79 5.68 5.61 5.82 6.40 6.74 6.91 7.16 6.05 4.52 4.38 4.68 3.63 5.96 6.71 5.20 5.02 5.64 5.52 6.35 6.25 5.42 5.11 5.00 5.20 6.06 5.94 6.02 5.82 5.99 6.20 6.67 6.55 6.35 6.41 6.49 6.64 -9999 -9999 7.39 8.01 8.11 7.68 7.27 6.92 7.07 -9999 -9999 -9999 -9999 -9999 -9999 -9999 -9999 -9999 -9999 7.48 7.71 9.03 7.94 -9999 -9999 -9999 -9999 -9999
-9999 -9999 -9999 10.42 8.78 7.10 7.32 6.31 6.20 6.33 6.98 6.59 8.33 8.41 7.30 7.00 7.40 8.04 7.42 7.30 7.37 7.98 7.53 7.93 7.60 7.03 6.50 7.73 5.62 6.00 6.14 6.47 6.77 5.23 4.21 4.77 4.13 4.49 4.80 5.36 5.55 6.75 7.64 7.73 7.38 7.27 7.59 7.06 -9999 6.21 6.80 6.62 7.00 7.63 -9999 -9999 -9999 -9999 8.34 -9999 -9999 -9999 -9999 -9999 -9999 -9999 -9999 -9999 -9999 -9999 -9999 -9999 -9999 -9999 -9999 -9999 -9999 -9999 -9999
-9999 -9999 11.92 10.50 9.44 7.94 6.43 6.22 6.04 5.87 6.81 7.95 10.87 11.41 7.67 7.11 9.64 7.58 9.16 7.76 7.59 9.75 8.39 7.22 6.61 6.74 -9999 -9999 -9999 -9999 -9999 6.49 7.22 6.72 5.25 5.13 4.81 4.50 4.82 5.08 5.80 6.93 -9999 -9999 -9999 -9999 -9999 8.41 8.51 7.50 6.59 6.37 7.92 7.85 -9999 -9999 -9999 -9999 -9999 -9999 -9999 -9999 -9999 -9999 -9999 -9999 -9999 -9999 -9999 -9999 -9999 -9999 -9999 -9999 -9999 -9999 -9999 -9999 -9999
-9999 8.50 9.29 9.83 9.24 7.85 7.48 7.23 5.88 7.12 8.24 9.85 10.69 11.20 10.08 9.12 8.03 9.34 7.84 8.53 8.19 9.47 8.91 -9999 -9999 -9999 -9999 -9999 -9999 -9999 -9999 -9999 6.05 6.42 5.65 6.75 7.50 7.95 6.42 8.20 8.13 8.76 -9999 -9999 -9999 -9999 -9999 -9999 -9999 7.55 7.65 6.30 7.04 -9999 -9999 -9999 -9999 -9999 -9999 -9999 -9999 -9999 -9999 -9999 -9999 -9999 -9999 -9999 -9999 -9999 -9999 -9999 -9999 -9999 -9999 -9999 -9999 -9999 -9999
9.09 8.05 8.22 8.76 9.45 9.42 8.05 6.76 6.88 8.07 8.90 9.07 9.98 8.52 8.65 8.27 9.50 5.69 7.74 10.72 8.97 -9999 -9999 -9999 -9999 -9999 -9999 -9999 -9999 -9999 -9999 -9999 -9999 -9999 6.87 -9999 -9999 -9999 -9999 7.23 9.28 9.81 -9999 -9999 -9999 -9999 -9999 -9999 -9999 -9999 7.41 8.87 7.70 -9999 -9999 -9999 -9999 -9999 -9999 -9999 -9999 -9999 -9999 -9999 -9999 -9999 -9999 -9999 -9999 -9999 -9999 -9999 -9999 -9999 -9999 -9999 -9999 -9999 -9999
7.85 6.79 7.64 8.77 8.73 9.14 8.37 7.56 8.52 6.70 6.62 7.75 8.94 8.30 6.84 5.74 7.65 6.22 5.97 7.47 -9999 -9999 -9999 -9999 -9999 -9999 -9999 -9999 -9999 -9999 -9999 -9999 -9999 -9999 8.00 -9999 -9999 -9999 -9999 -9999 -9999 -9999 -9999 -9999 -9999 -9999 -9999 -9999 -9999 -9999 -9999 -9999 -9999 -9999 -9999 -9999 -9999 -9999 -9999 -9999 -9999 -9999 -9999 -9999 -9999 -9999 -9999 -9999 -9999 -9999 -9999 -9999 -9999 -9999 -9999 -9999 -9999 -9999 -9999
7.98 6.47 7.44 7.46 7.18 7.62 7.50 7.53 8.69 6.19 6.62 7.76 8.38 10.60 10.52 5.16 6.17 6.52 7.00 9.10 -9999 -9999 -9999 -9999 -9999 -9999 -9999 -9999 -9999 -9999 -9999 -9999 -9999 -9999 -9999 -9999 -9999 -9999 -9999 -9999 -9999 -9999 -9999 -9999 -9999 -9999 -9999 -9999 -9999 -9999 -9999 -9999 -9999 -9999 -9999 -9999 -9999 -9999 -9999 -9999 -9999 -9999 -9999 -9999 -9999 -9999 -9999 -9999 -9999 -9999 -9999 -9999 -9999 -9999 -9999 -9999 -9999 -9999 -9999
9.03 8.05 7.96 7.17 7.43 6.64 6.58 6.79 6.20 6.96 6.96 6.97 8.44 9.10 8.56 7.20 5.66 6.13 8.73 8.08 -9999 -9999 -9999 -9999 -9999 -9999 -9999 -9999 -9999 -9999 -9999 -9999 -9999 -9999 -9999 -9999 -9999 -9999 -9999 -9999 -9999 -9999 -9999 -9999 -9999 -9999 -9999 -9999 -9999 -9999 -9999 -9999 -9999 -9999 -9999 -9999 -9999 -9999 -9999 -9999 -9999 -9999 -9999 -9999 -9999 -9999 -9999 -9999 -9999 -9999 -9999 -9999 -9999 -9999 -9999 -9999 -9999 -9999 -9999
9.60 8.89 8.78 7.32 7.54 7.03 8.92 8.40 7.24 7.25 7.96 6.60 6.43 6.46 6.43 6.47 6.53 7.03 7.77 8.30 -9999 -9999 -9999 -9999 -9999 -9999 -9999 -9999 -9999 -9999 -9999 -9999 -9999 -9999 -9999 -9999 -9999 -9999 -9999 -9999 -9999 -9999 -9999 -9999 -9999 -9999 -9999 -9999 -9999 -9999 -9999 -9999 -9999 -9999 -9999 -9999 -9999 -9999 -9999 -9999 -9999 -9999 -9999 -9999 -9999 -9999 -9999 -9999 -9999 -9999 -9999 -9999 -9999 -9999 -9999 -9999 -9999 -9999 -9999
7.49 7.82 7.52 8.47 9.63 9.36 8.18 8.50 8.73 8.98 8.00 8.17 7.07 5.79 5.99 7.39 8.29 8.37 7.81 8.95 -9999 -9999 -9999 -9999 -9999 -9999 -9999 -9999 -9999 -9999 -9999 -9999 -9999 -9999 -9999 -9999 -9999 -9999 -9999 -9999 -9999 -9999 -9999 -9999 -9999 -9999 -9999 -9999 -9999 -9999 -9999 -9999 -9999 -9999 -9999 -9999 -9999 -9999 -9999 -9999 -9999 -9999 -9999 -9999 -9999 -9999 -9999 -9999 -9999 -9999 -9999 -9999 -9999 -9999 -9999 -9999 -9999 -9999 -9999
7.58 8.12 -9999 -9999 -9999 -9999 -9999 -9999 -9999 -9999 -9999 9.23 9.65 8.21 7.45 6.86 7.60 8.17 8.04 -9999 -9999 -9999 -9999 -9999 -9999 -9999 -9999 -9999 -9999 -9999 -9999 -9999 -9999 -9999 -9999 -9999 -9999 -9999 -9999 -9999 -9999 -9999 -9999 -9999 -9999 -9999 -9999 -9999 -9999 -9999 -9999 -9999 -9999 -9999 -9999 -9999 -9999 -9999 -9999 -9999 -9999 -9999 -9999 -9999 -9999 -9999 -9999 -9999 -9999 -9999 -9999 -9999 -9999 -9999 -9999 -9999 -9999 -9999 -9999
8.56 9.33 -9999 -9999 -9999 -9999 -9999 -9999 -9999 -9999 -9999 -9999 -9999 -9999 8.23 7.26 7.13 7.61 -9999 -9999 -9999 -9999 -9999 -9999 -9999 -9999 -9999 -9999 -9999 -9999 -9999 -9999 -9999 -9999 -9999 -9999 -9999 -9999 -9999 -9999 -9999 -9999 -9999 -9999 -9999 -9999 -9999 -9999 -9999 -9999 -9999 -9999 -9999 -9999 -9999 -9999 -9999 -9999 -9999 -9999 -9999 -9999 -9999 -9999 -9999 -9999 -9999 -9999 -9999 -9999 -9999 -9999 -9999 -9999 -9999 -9999 -9999 -9999 -9999
-9999 -9999 -9999 -9999 -9999 -9999 -9999 -9999 -9999 -9999 -9999 -9999 -9999 -9999 9.24 9.99 10.18 9.73 -9999 -9999 -9999 -9999 -9999 -9999 -9999 -9999 -9999 -9999 -9999 -9999 -9999 -9999 -9999 -9999 -9999 -9999 -9999 -9999 -9999 -9999 -9999 -9999 -9999 -9999 -9999 -9999 -9999 -9999 -9999 -9999 -9999 -9999 -9999 -9999 -9999 -9999 -9999 -9999 -9999 -9999 -9999 -9999 -9999 -9999 -9999 -9999 -9999 -9999 -9999 -9999 -9999 -9999 -9999 -9999 -9999 -9999 -9999 -9999 -9999
-9999 -9999 -9999 -9999 -9999 -9999 -9999 -9999 -9999 -9999 -9999 -9999 -9999 -9999 -9999 -9999 -9999 -9999 -9999 -9999 -9999 -9999 -9999 -9999 -9999 -9999 -9999 -9999 -9999 -9999 -9999 -9999 -9999 -9999 -9999 -9999 -9999 -9999 -9999 -9999 -9999 -9999 -9999 -9999 -9999 -9999 -9999 -9999 -9999 -9999 -9999 -9999 -9999 -9999 -9999 -9999 -9999 -9999 -9999 -9999 -9999 -9999 -9999 -9999 -9999 -9999 -9999 -9999 -9999 -9999 -9999 -9999 -9999 -9999 -9999 -9999 -9999 -9999 -9999
-9999 -9999 -9999 -9999 -9999 -9999 -9999 -9999 -9999 -9999 -9999 -9999 -9999 -9999 -9999 -9999 -9999 -9999 -9999 -9999 -9999 -9999 -9999 -9999 -9999 -9999 -9999 -9999 -9999 -9999 -9999 -9999 -9999 -9999 -9999 -9999 -9999 -9999 -9999 -9999 -9999 -9999 -9999 -9999 -9999 -9999 -9999 -9999 -9999 -9999 -9999 -9999 -9999 -9999 -9999 -9999 -9999 -9999 -9999 -9999 -9999 -9999 -9999 -9999 -9999 -9999 -9999 -9999 -9999 -9999 -9999 -9999 -9999 -9999 -9999 -9999 -9999 -9999 -9999
