ML/MeanWindSpeed_1995-05_Actual.txt
ncols         180
nrows         290
xllcorner     -200000
yllcorner     -200000
cellsize      5000
NODATA_value  -9999
[rows 105 to 139 of 290, columns 78 to 155 of 180]
9.51 11.83 8.38 4.38 6.24 11.55 12.57 10.89 8.01 8.90 13.16 9.06 12.11 7.28 9.33 12.62 7.80 4.41 3.79 5.42 4.54 4.80 6.41 6.99 5.55 6.29 5.48 5.15 7.51 6.90 7.26 7.20 -9999 -9999 -9999 -9999 -9999 -9999 -9999 -9999 -9999 -9999 -9999 -9999 -9999 -9999 -9999 -9999 -9999 -9999 -9999 -9999 -9999 -9999 -9999 -9999 -9999 -9999 -9999 -9999 -9999 -9999 -9999 -9999 -9999 -9999 -9999 -9999 -9999 -9999 -9999 -9999 -9999 -9999 -9999 -9999 -9999 -9999
10.64 8.86 10.31 12.33 11.73 15.04 8.91 11.69 4.78 13.38 6.23 15.35 7.11 9.92 15.80 9.41 6.88 8.48 7.07 5.04 5.36 5.17 5.37 6.46 5.18 4.83 6.32 6.68 6.60 6.77 5.76 7.01 7.50 -9999 -9999 -9999 -9999 -9999 -9999 -9999 -9999 -9999 -9999 -9999 -9999 -9999 -9999 -9999 -9999 -9999 -9999 -9999 -9999 -9999 -9999 -9999 -9999 -9999 -9999 -9999 -9999 -9999 -9999 -9999 -9999 -9999 -9999 -9999 -9999 -9999 -9999 -9999 -9999 -9999 -9999 -9999 -9999 -9999
10.74 6.03 12.39 8.86 5.70 9.69 12.99 12.31 4.85 13.05 10.61 11.03 7.49 11.77 8.95 10.01 13.41 9.96 9.00 8.37 7.26 6.79 7.77 8.13 9.20 8.88 7.56 5.94 5.10 7.10 5.83 8.05 7.91 8.72 -9999 -9999 -9999 -9999 -9999 -9999 -9999 -9999 -9999 -9999 -9999 -9999 -9999 -9999 -9999 -9999 -9999 -9999 -9999 -9999 -9999 -9999 -9999 -9999 -9999 -9999 -9999 -9999 -9999 -9999 -9999 -9999 -9999 -9999 -9999 -9999 -9999 -9999 -9999 -9999 -9999 -9999 -9999 -9999
7.78 11.00 11.12 8.21 5.41 11.14 12.05 16.28 6.92 12.02 9.56 9.70 8.63 9.14 3.93 5.83 7.28 6.95 5.08 7.26 9.42 12.27 11.23 10.11 8.13 7.40 8.65 5.01 6.16 7.16 7.66 8.11 8.36 8.79 8.91 -9999 -9999 -9999 -9999 -9999 -9999 -9999 -9999 -9999 -9999 -9999 -9999 -9999 -9999 -9999 -9999 -9999 -9999 -9999 -9999 -9999 -9999 -9999 -9999 -9999 -9999 -9999 -9999 -9999 -9999 -9999 -9999 -9999 -9999 -9999 -9999 -9999 -9999 -9999 -9999 -9999 -9999 -9999
11.43 14.17 6.89 5.83 10.58 15.16 10.06 4.53 8.08 19.20 8.23 7.54 8.33 8.26 6.54 6.09 4.05 3.70 7.22 12.58 11.97 9.70 8.69 6.63 6.07 6.59 8.04 6.56 7.21 6.71 6.29 7.03 7.60 8.12 -9999 -9999 -9999 -9999 -9999 -9999 -9999 -9999 -9999 -9999 -9999 -9999 -9999 -9999 -9999 -9999 -9999 -9999 -9999 -9999 -9999 -9999 -9999 -9999 -9999 -9999 -9999 -9999 -9999 -9999 -9999 -9999 -9999 -9999 -9999 -9999 -9999 -9999 -9999 -9999 -9999 -9999 -9999 -9999
9.30 8.74 7.97 14.52 8.23 12.47 11.94 12.67 9.48 6.77 15.58 8.63 6.79 6.10 6.38 6.08 5.08 4.18 7.44 5.11 4.09 3.28 5.04 7.47 6.64 6.81 6.28 6.52 7.79 7.45 -9999 -9999 -9999 -9999 -9999 -9999 -9999 -9999 -9999 -9999 -9999 -9999 -9999 -9999 -9999 -9999 -9999 -9999 -9999 -9999 -9999 -9999 -9999 -9999 -9999 -9999 -9999 -9999 -9999 -9999 -9999 -9999 -9999 -9999 -9999 -9999 -9999 -9999 -9999 -9999 -9999 -9999 -9999 -9999 -9999 -9999 -9999 -9999
8.33 5.93 12.77 13.71 14.92 14.54 5.65 12.68 13.08 6.32 9.90 10.99 8.09 8.37 9.48 10.59 11.25 6.66 4.75 3.55 3.61 4.72 5.88 7.24 6.73 6.62 7.31 7.43 -9999 -9999 -9999 -9999 -9999 -9999 -9999 -9999 -9999 -9999 -9999 -9999 -9999 -9999 -9999 -9999 -9999 -9999 -9999 -9999 -9999 -9999 -9999 -9999 -9999 -9999 -9999 -9999 -9999 -9999 -9999 -9999 -9999 -9999 -9999 -9999 -9999 -9999 -9999 -9999 -9999 -9999 -9999 -9999 -9999 -9999 -9999 -9999 -9999 -9999
7.12 13.24 9.66 14.00 15.59 12.19 9.91 13.44 13.53 7.26 7.18 6.99 7.03 7.80 8.76 11.82 12.79 9.35 7.11 5.35 4.95 6.34 5.97 6.13 6.69 8.75 9.83 8.37 -9999 -9999 -9999 -9999 -9999 -9999 -9999 -9999 -9999 -9999 -9999 -9999 -9999 -9999 -9999 -9999 -9999 -9999 -9999 -9999 -9999 -9999 -9999 -9999 -9999 -9999 -9999 -9999 -9999 -9999 -9999 -9999 -9999 -9999 -9999 -9999 -9999 -9999 -9999 -9999 -9999 -9999 -9999 -9999 -9999 -9999 -9999 -9999 -9999 -9999
9.31 12.80 9.43 12.65 12.45 13.88 9.36 8.22 9.27 9.07 8.34 8.28 6.03 14.19 13.81 11.98 12.16 9.42 6.91 6.74 6.16 6.02 5.64 5.25 6.35 6.24 -9999 -9999 -9999 -9999 -9999 9.02 8.22 8.73 8.78 -9999 -9999 -9999 -9999 -9999 -9999 -9999 -9999 -9999 -9999 -9999 -9999 -9999 -9999 -9999 -9999 -9999 -9999 -9999 -9999 -9999 -9999 -9999 -9999 -9999 -9999 -9999 -9999 -9999 -9999 -9999 -9999 -9999 -9999 -9999 -9999 -9999 -9999 -9999 -9999 -9999 -9999 -9999
9.72 13.67 9.05 6.67 16.01 8.58 9.81 9.35 7.79 8.86 10.16 12.53 8.92 8.55 7.08 6.88 6.42 7.53 8.28 8.58 7.90 6.87 7.02 7.23 6.86 6.77 7.57 8.31 -9999 -9999 7.69 7.38 7.46 7.08 8.10 9.06 9.57 -9999 -9999 -9999 -9999 -9999 -9999 -9999 -9999 -9999 -9999 -9999 -9999 -9999 -9999 -9999 -9999 -9999 -9999 -9999 -9999 -9999 -9999 -9999 -9999 -9999 -9999 -9999 -9999 -9999 -9999 -9999 -9999 -9999 -9999 -9999 -9999 -9999 -9999 -9999 -9999 -9999
12.19 9.21 10.21 11.47 12.75 8.54 11.06 13.79 12.13 10.35 7.83 7.61 7.99 6.90 6.75 6.33 6.32 7.51 9.02 8.99 7.94 8.83 8.99 7.17 6.60 7.05 7.39 8.35 7.26 7.64 8.11 7.45 6.39 7.62 10.26 10.42 11.97 8.65 -9999 -9999 -9999 -9999 -9999 -9999 -9999 -9999 -9999 -9999 -9999 -9999 -9999 -9999 -9999 -9999 -9999 -9999 -9999 -9999 -9999 -9999 -9999 -9999 -9999 -9999 -9999 -9999 -9999 -9999 -9999 -9999 -9999 -9999 -9999 -9999 -9999 -9999 -9999 -9999
9.91 12.57 11.38 8.98 8.35 -9999 12.76 15.47 11.25 9.39 7.85 7.15 7.08 7.48 7.96 7.34 7.04 8.86 9.18 9.43 8.69 7.74 7.45 6.84 7.49 7.90 8.93 7.59 6.61 8.61 7.81 7.53 7.15 9.17 11.11 11.04 11.87 10.17 11.01 11.92 9.07 -9999 -9999 -9999 -9999 -9999 -9999 -9999 -9999 -9999 -9999 -9999 -9999 -9999 -9999 -9999 -9999 -9999 -9999 -9999 -9999 -9999 -9999 -9999 -9999 -9999 -9999 -9999 -9999 -9999 -9999 -9999 -9999 -9999 -9999 -9999 -9999 -9999
11.20 -9999 10.66 11.88 8.98 -9999 13.23 16.32 11.27 10.31 8.60 8.57 8.22 8.19 7.47 7.34 6.89 7.35 9.40 9.74 9.84 8.00 7.59 8.66 9.57 11.37 9.76 7.48 6.69 7.96 7.81 7.75 12.01 13.12 10.66 10.39 9.75 9.57 9.49 7.76 8.83 -9999 -9999 -9999 -9999 -9999 -9999 -9999 -9999 -9999 -9999 -9999 -9999 -9999 -9999 -9999 -9999 -9999 -9999 -9999 -9999 -9999 -9999 -9999 -9999 -9999 -9999 -9999 -9999 -9999 -9999 -9999 -9999 -9999 -9999 -9999 -9999 -9999
12.46 -9999 -9999 12.26 10.35 10.06 12.14 13.13 8.39 9.09 11.23 10.12 9.66 9.30 11.32 8.63 6.58 6.76 7.34 9.10 9.86 10.52 8.81 10.81 11.23 9.53 8.58 9.11 8.84 9.12 9.67 10.23 9.80 11.84 9.99 9.37 9.36 6.56 6.38 7.43 8.96 9.69 -9999 -9999 -9999 -9999 -9999 -9999 -9999 -9999 -9999 -9999 -9999 -9999 -9999 -9999 -9999 -9999 -9999 -9999 -9999 -9999 -9999 -9999 -9999 -9999 -9999 -9999 -9999 -9999 -9999 -9999 -9999 -9999 -9999 -9999 -9999 -9999
-9999 -9999 -9999 -9999 11.15 9.91 12.45 9.09 6.96 8.37 9.88 11.46 10.75 10.11 11.05 10.98 9.01 6.63 8.13 10.27 9.38 9.13 9.57 11.04 9.72 8.01 8.34 8.98 12.26 11.62 9.67 8.77 7.46 9.33 8.93 8.48 9.09 6.77 6.14 6.28 6.62 7.50 -9999 -9999 -9999 -9999 -9999 -9999 -9999 -9999 -9999 -9999 -9999 -9999 -9999 -9999 -9999 -9999 -9999 -9999 -9999 -9999 -9999 -9999 -9999 -9999 -9999 -9999 -9999 -9999 -9999 -9999 -9999 -9999 -9999 -9999 -9999 -9999
14.75 16.27 -9999 -9999 -9999 10.99 11.15 8.46 7.88 7.79 8.25 9.94 11.17 11.92 12.18 11.37 11.04 9.46 6.61 10.11 9.27 8.84 8.87 7.88 7.58 9.61 8.30 11.35 14.30 12.87 10.25 9.83 7.05 7.82 7.68 8.21 8.48 6.75 6.22 6.21 6.20 7.23 8.06 -9999 -9999 -9999 -9999 -9999 -9999 -9999 -9999 -9999 -9999 -9999 -9999 -9999 -9999 -9999 -9999 -9999 -9999 -9999 -9999 -9999 -9999 -9999 -9999 -9999 -9999 -9999 -9999 -9999 -9999 -9999 -9999 -9999 -9999 -9999
15.64 17.77 12.17 -9999 -9999 -9999 10.25 9.20 7.95 7.52 7.53 7.84 9.79 10.67 10.44 9.72 10.23 10.38 9.91 8.63 8.96 8.86 10.22 9.27 11.65 8.14 9.50 8.80 8.65 12.49 11.99 9.60 8.56 6.89 6.73 7.12 7.37 6.61 6.64 6.26 6.73 6.95 6.79 7.12 -9999 -9999 -9999 -9999 -9999 -9999 -9999 -9999 -9999 -9999 -9999 -9999 -9999 -9999 -9999 -9999 -9999 -9999 -9999 -9999 -9999 -9999 -9999 -9999 -9999 -9999 -9999 -9999 -9999 -9999 -9999 -9999 -9999 -9999
13.30 15.08 11.03 -9999 -9999 -9999 -9999 -9999 8.94 7.87 6.68 6.34 6.80 7.36 8.86 11.82 12.29 11.09 9.95 9.09 10.21 9.91 10.15 9.15 11.72 8.74 9.70 9.87 8.11 5.81 7.80 7.11 8.24 6.42 7.50 6.94 5.84 6.15 6.51 6.93 6.36 7.63 7.03 6.67 6.61 -9999 -9999 -9999 -9999 -9999 -9999 -9999 -9999 -9999 -9999 -9999 -9999 -9999 -9999 -9999 -9999 -9999 -9999 -9999 -9999 -9999 -9999 -9999 -9999 -9999 -9999 -9999 -9999 -9999 -9999 -9999 -9999 -9999
9.20 16.24 11.98 -9999 -9999 -9999 -9999 -9999 9.67 8.94 8.79 7.16 8.51 10.39 10.04 12.30 13.39 12.51 10.13 11.25 10.22 9.46 11.32 11.57 8.00 16.60 10.50 12.76 8.84 10.72 10.39 6.67 8.47 6.92 6.41 5.83 6.51 8.17 9.11 8.69 8.71 5.76 6.53 7.99 6.25 7.16 7.52 -9999 -9999 -9999 -9999 -9999 -9999 -9999 -9999 -9999 -9999 -9999 -9999 -9999 -9999 -9999 -9999 -9999 -9999 -9999 -9999 -9999 -9999 -9999 -9999 -9999 -9999 -9999 -9999 -9999 -9999 -9999
12.91 15.26 15.17 -9999 -9999 -9999 -9999 -9999 9.99 8.58 8.68 8.06 8.45 9.79 8.33 9.56 10.03 12.03 10.94 10.90 9.67 11.74 15.32 12.79 11.63 17.89 15.20 10.44 10.91 8.79 6.94 8.19 8.53 7.14 7.64 7.60 6.44 7.22 7.79 10.03 12.55 8.46 6.19 6.68 6.94 6.01 6.73 -9999 -9999 -9999 -9999 -9999 -9999 -9999 -9999 -9999 -9999 -9999 -9999 -9999 -9999 -9999 -9999 -9999 -9999 -9999 -9999 -9999 -9999 -9999 -9999 -9999 -9999 -9999 -9999 -9999 -9999 -9999
11.02 12.12 14.04 -9999 -9999 -9999 -9999 -9999 9.61 8.39 8.45 8.70 8.52 8.37 9.09 12.29 13.38 10.97 12.02 9.90 9.70 9.57 11.95 8.25 14.12 12.64 10.25 11.17 12.10 7.44 9.50 7.75 8.56 8.41 6.41 7.62 8.03 7.77 7.47 13.15 13.37 11.10 5.90 6.11 6.71 6.11 6.85 -9999 -9999 -9999 -9999 -9999 -9999 -9999 -9999 -9999 -9999 -9999 -9999 -9999 -9999 -9999 -9999 -9999 -9999 -9999 -9999 -9999 -9999 -9999 -9999 -9999 -9999 -9999 -9999 -9999 -9999 -9999
-9999 -9999 -9999 -9999 -9999 -9999 -9999 12.15 9.62 9.21 8.59 9.19 10.02 9.09 10.51 11.09 12.40 10.02 9.84 12.61 11.44 12.45 11.50 10.94 14.21 13.39 8.89 10.08 11.23 10.13 8.96 9.33 7.12 8.37 8.86 6.97 8.16 7.76 10.27 10.61 13.01 10.49 5.87 5.43 4.95 6.01 6.83 -9999 -9999 -9999 -9999 -9999 -9999 -9999 -9999 -9999 -9999 -9999 -9999 -9999 -9999 -9999 -9999 -9999 -9999 -9999 -9999 -9999 -9999 -9999 -9999 -9999 -9999 -9999 -9999 -9999 -9999 -9999
-9999 -9999 -9999 -9999 -9999 -9999 -9999 13.40 8.47 8.79 10.34 11.60 11.21 10.06 10.13 10.28 7.60 8.27 11.55 12.17 11.55 10.97 8.08 6.00 12.86 8.25 9.03 9.07 9.99 9.58 8.52 6.81 9.46 9.03 8.71 8.04 8.09 9.50 10.19 8.63 9.47 9.17 5.96 4.48 4.65 6.58 5.83 -9999 -9999 -9999 -9999 -9999 -9999 -9999 -9999 -9999 -9999 -9999 -9999 -9999 -9999 -9999 -9999 -9999 -9999 -9999 -9999 -9999 -9999 -9999 -9999 -9999 -9999 -9999 -9999 -9999 -9999 -9999
-9999 -9999 -9999 -9999 -9999 -9999 11.65 10.71 7.46 9.46 10.83 9.10 11.25 13.48 12.53 14.06 11.70 8.90 7.00 7.14 10.81 10.65 8.64 4.59 6.99 11.67 8.62 11.09 9.01 8.99 6.84 7.27 8.76 8.00 8.15 9.50 10.83 11.50 9.95 7.57 6.24 6.41 5.77 7.65 8.09 6.54 6.10 -9999 -9999 -9999 -9999 -9999 -9999 -9999 -9999 -9999 -9999 -9999 -9999 -9999 -9999 -9999 -9999 -9999 -9999 -9999 -9999 -9999 -9999 -9999 -9999 -9999 -9999 -9999 -9999 -9999 -9999 -9999
-9999 -9999 -9999 -9999 -9999 -9999 10.26 7.28 10.77 9.78 11.37 8.80 11.35 11.16 13.66 12.86 12.97 10.98 8.74 5.25 13.72 13.84 8.58 4.29 7.79 10.64 7.70 8.48 10.41 7.51 9.87 10.64 8.37 10.17 10.27 13.21 8.52 7.48 7.80 8.02 7.97 6.15 4.98 6.40 6.18 5.53 5.76 6.95 -9999 -9999 -9999 -9999 -9999 -9999 -9999 -9999 -9999 -9999 -9999 -9999 -9999 -9999 -9999 -9999 -9999 -9999 -9999 -9999 -9999 -9999 -9999 -9999 -9999 -9999 -9999 -9999 -9999 -9999
-9999 -9999 -9999 -9999 -9999 9.59 11.17 11.05 10.61 11.65 11.81 10.05 8.27 11.26 10.55 12.21 12.05 11.84 7.90 4.27 7.52 9.57 9.05 5.88 5.64 7.65 7.70 7.92 8.36 11.62 8.30 7.37 7.54 7.27 12.12 9.53 11.09 9.06 6.06 7.05 7.75 8.54 9.03 5.59 4.84 4.60 5.30 6.31 -9999 -9999 -9999 -9999 -9999 -9999 -9999 -9999 -9999 -9999 -9999 -9999 -9999 -9999 -9999 -9999 -9999 -9999 -9999 -9999 -9999 -9999 -9999 -9999 -9999 -9999 -9999 -9999 -9999 -9999
-9999 -9999 -9999 -9999 -9999 11.50 10.36 8.89 12.62 11.97 10.59 10.31 12.62 7.28 7.93 10.67 9.42 9.68 6.53 4.55 5.90 7.02 9.84 5.87 5.80 5.80 7.16 5.96 9.56 5.74 9.58 7.44 5.55 12.26 7.05 8.03 8.74 7.83 8.49 5.88 6.39 8.96 8.07 5.82 6.06 5.54 5.33 6.41 -9999 -9999 -9999 -9999 -9999 -9999 -9999 -9999 -9999 -9999 -9999 -9999 -9999 -9999 -9999 -9999 -9999 -9999 -9999 -9999 -9999 -9999 -9999 -9999 -9999 -9999 -9999 -9999 -9999 -9999
-9999 -9999 -9999 -9999 12.39 9.99 8.38 10.40 8.11 8.41 15.53 12.13 11.38 7.39 8.20 8.96 7.69 9.57 9.24 7.20 7.93 7.00 5.29 5.05 5.55 7.08 7.44 9.91 6.91 5.16 8.90 5.55 6.71 11.90 8.07 6.48 5.52 7.41 8.54 7.59 8.02 8.04 6.27 5.80 5.48 4.85 5.15 6.30 -9999 -9999 -9999 -9999 -9999 -9999 -9999 -9999 -9999 -9999 -9999 -9999 -9999 -9999 -9999 -9999 -9999 -9999 -9999 -9999 -9999 -9999 -9999 -9999 -9999 -9999 -9999 -9999 -9999 -9999
-9999 -9999 -9999 10.06 10.75 10.72 7.90 7.87 7.56 6.48 9.71 9.48 15.10 7.74 6.73 7.44 8.10 8.87 9.50 8.00 6.05 4.55 7.16 5.32 4.89 6.48 7.06 6.96 6.39 4.65 6.26 4.00 6.08 10.28 9.57 9.75 8.67 8.09 6.77 6.28 8.11 6.95 6.19 5.96 5.58 5.41 4.87 5.78 6.96 -9999 -9999 -9999 -9999 -9999 -9999 -9999 -9999 -9999 -9999 -9999 -9999 -9999 -9999 -9999 -9999 -9999 -9999 -9999 -9999 -9999 -9999 -9999 -9999 -9999 -9999 -9999 -9999 -9999
-9999 -9999 -9999 11.30 13.90 10.38 9.36 7.67 6.17 4.65 12.81 10.82 9.46 9.42 6.84 6.33 7.31 7.28 11.40 7.48 5.91 4.86 5.03 7.90 5.25 7.16 6.33 6.62 5.77 5.37 4.70 6.43 4.77 7.05 8.42 8.09 9.31 8.05 6.52 5.82 6.69 5.91 7.13 6.28 5.07 4.25 5.14 5.81 6.65 -9999 -9999 -9999 -9999 -9999 -9999 -9999 -9999 -9999 -9999 -9999 -9999 -9999 -9999 -9999 -9999 -9999 -9999 -9999 -9999 -9999 -9999 -9999 -9999 -9999 -9999 -9999 -9999 -9999
-9999 11.02 10.23 11.61 9.98 9.25 10.14 8.11 7.27 5.26 9.14 8.73 9.82 8.94 8.66 6.01 7.56 8.00 7.16 7.87 8.16 5.49 5.04 6.40 6.06 5.65 5.87 5.96 5.18 4.84 5.67 5.11 4.77 8.06 7.30 7.21 7.84 9.74 8.28 7.07 4.50 5.27 5.87 5.65 5.23 4.46 4.86 5.48 6.52 -9999 -9999 -9999 -9999 -9999 -9999 -9999 -9999 -9999 -9999 -9999 -9999 -9999 -9999 -9999 -9999 -9999 -9999 -9999 -9999 -9999 -9999 -9999 -9999 -9999 -9999 -9999 -9999 -9999
-9999 11.64 10.22 7.62 9.31 8.09 9.73 8.30 7.21 5.80 4.91 6.28 11.48 9.03 8.44 6.49 6.01 6.14 5.47 6.40 7.78 6.28 6.69 5.66 6.02 5.58 5.38 5.21 5.09 4.91 4.96 5.70 5.53 5.24 6.47 7.02 7.70 8.23 8.14 5.29 5.66 7.71 6.52 5.17 5.38 5.02 5.09 4.45 5.36 6.40 -9999 -9999 -9999 -9999 -9999 -9999 -9999 -9999 -9999 -9999 -9999 -9999 -9999 -9999 -9999 -9999 -9999 -9999 -9999 -9999 -9999 -9999 -9999 -9999 -9999 -9999 -9999 -9999
-9999 11.46 10.06 6.75 8.69 6.97 7.99 7.68 7.39 6.81 4.82 7.84 8.00 7.58 9.70 7.08 6.29 6.15 4.59 6.76 10.65 7.52 -9999 -9999 -9999 6.05 5.71 -9999 5.28 5.43 5.47 4.95 4.94 6.76 8.55 7.21 7.39 8.52 7.80 9.01 8.29 5.68 4.25 4.18 4.48 5.02 2.83 3.18 3.88 5.78 -9999 -9999 -9999 -9999 -9999 -9999 -9999 -9999 -9999 -9999 -9999 -9999 -9999 -9999 -9999 -9999 -9999 -9999 -9999 -9999 -9999 -9999 -9999 -9999 -9999 -9999 -9999 -9999
-9999 10.08 11.68 8.10 7.38 7.88 8.50 8.28 7.79 7.11 6.24 6.17 10.62 8.20 8.98 6.68 6.63 8.14 5.44 6.38 7.27 7.98 -9999 -9999 -9999 6.47 5.76 5.89 6.06 5.63 5.28 4.40 5.93 9.25 10.47 8.30 10.95 8.49 8.36 10.68 7.85 7.80 7.24 6.50 3.97 4.51 5.24 3.48 3.04 4.99 -9999 -9999 -9999 -9999 -9999 -9999 -9999 -9999 -9999 -9999 -9999 -9999 -9999 -9999 -9999 -9999 -9999 -9999 -9999 -9999 -9999 -9999 -9999 -9999 -9999 -9999 -9999 -9999
-9999 -9999 10.76 10.74 8.61 -9999 9.43 9.38 8.41 7.90 7.32 -9999 7.97 6.97 7.66 6.03 7.58 8.28 7.24 7.41 -9999 -9999 -9999 -9999 7.70 6.35 5.95 6.24 6.79 6.64 5.73 5.23 5.41 9.19 13.85 8.19 12.28 9.44 10.99 11.57 8.99 9.86 7.65 5.28 5.86 5.35 3.59 1.41 2.54 5.24 5.91 -9999 -9999 -9999 -9999 -9999 -9999 -9999 -9999 -9999 -9999 -9999 -9999 -9999 -9999 -9999 -9999 -9999 -9999 -9999 -9999 -9999 -9999 -9999 -9999 -9999 -9999 -9999
