ML/MeanWindSpeed_2000-06_Actual.txt
ncols         180
nrows         290
xllcorner     -200000
yllcorner     -200000
cellsize      5000
NODATA_value  -9999
[rows 175 to 209 of 290, columns 79 to 157 of 180]
-9999 -9999 -9999 -9999 -9999 -9999 -9999 11.46 11.09 10.64 10.05 9.43 7.69 6.42 10.45 15.62 8.42 9.94 8.77 7.75 6.36 4.76 5.38 7.14 8.36 7.08 5.82 6.36 7.17 6.72 6.98 8.07 7.68 7.62 7.48 7.64 7.70 7.47 7.29 7.14 10.70 11.02 9.53 9.69 8.05 7.79 8.80 8.59 7.20 6.95 7.70 7.25 6.86 7.36 7.06 7.82 7.43 7.32 7.15 7.14 8.03 7.25 7.23 7.40 7.41 7.87 8.30 8.43 8.66 9.01 8.12 9.09 10.26 -9999 -9999 -9999 -9999 -9999 -9999
-9999 -9999 -9999 -9999 -9999 -9999 -9999 -9999 12.18 10.56 9.24 7.68 6.91 8.21 18.56 13.75 7.58 10.90 6.52 8.22 7.78 5.24 4.38 9.48 7.51 7.70 6.80 6.11 6.46 6.60 6.19 7.10 7.73 7.75 7.63 7.39 7.52 7.18 6.79 8.20 9.27 11.69 9.87 10.41 9.51 6.39 8.17 9.54 7.35 7.29 7.60 6.99 6.92 7.16 7.11 7.92 7.38 7.21 7.35 7.22 7.70 7.58 7.35 7.39 7.46 7.71 8.29 9.27 8.55 8.09 8.14 8.92 10.12 -9999 -9999 -9999 -9999 -9999 -9999
-9999 -9999 -9999 -9999 -9999 -9999 -9999 -9999 -9999 10.28 8.31 8.06 9.32 17.05 19.27 14.11 10.83 9.98 9.42 9.52 9.26 8.77 6.11 5.83 9.61 7.22 6.66 6.72 6.31 6.35 6.41 6.68 7.35 7.33 7.18 7.35 7.28 7.03 7.15 8.03 9.77 10.44 8.63 8.83 9.97 8.23 6.38 9.52 7.48 7.31 7.61 6.95 6.98 6.96 7.43 7.98 7.50 7.31 7.34 7.03 8.03 7.65 7.49 7.54 7.60 7.97 8.10 8.24 8.05 8.02 8.22 9.19 10.26 -9999 -9999 -9999 -9999 -9999 -9999
-9999 -9999 -9999 -9999 -9999 -9999 -9999 -9999 -9999 9.28 8.40 10.23 12.47 14.59 17.34 11.56 8.41 9.76 10.92 10.46 10.78 9.31 6.88 5.08 9.81 9.09 7.42 7.34 6.30 6.22 6.50 7.38 7.43 7.41 7.33 6.98 6.77 7.03 8.53 8.52 7.46 10.92 8.87 9.27 10.42 9.93 8.27 7.64 7.09 6.19 7.24 7.66 6.91 6.90 6.94 7.48 7.32 7.55 7.40 7.20 7.55 8.13 7.92 7.96 7.85 7.95 7.98 7.97 7.99 8.31 8.89 9.79 -9999 -9999 -9999 -9999 -9999 -9999 -9999
-9999 -9999 -9999 -9999 -9999 -9999 -9999 -9999 -9999 8.58 9.14 10.76 11.31 15.52 14.22 10.71 10.36 8.56 9.37 11.07 9.80 11.51 8.88 5.67 9.17 9.96 9.56 7.41 6.75 6.15 6.86 7.87 7.84 7.43 7.10 6.81 7.01 8.09 8.48 7.37 7.33 9.70 9.40 9.16 9.03 8.29 8.17 8.66 6.15 6.70 6.97 6.75 7.02 6.75 7.52 7.04 7.29 7.51 7.46 7.57 9.00 8.53 8.20 8.02 8.02 8.00 8.00 8.04 8.19 8.86 9.72 -9999 -9999 -9999 -9999 -9999 -9999 -9999 -9999
-9999 -9999 -9999 -9999 -9999 -9999 -9999 -9999 9.47 15.18 10.49 11.97 13.77 10.66 17.52 14.83 12.63 10.88 12.87 10.53 10.64 9.21 6.91 7.48 10.73 9.87 9.66 7.52 6.59 6.10 7.41 7.78 7.56 7.41 6.95 6.86 7.90 7.85 7.64 8.29 8.91 7.59 10.86 10.09 7.92 8.35 7.65 6.99 6.76 6.09 6.20 6.43 7.14 6.76 6.47 7.71 7.27 7.42 7.59 7.83 8.98 8.47 8.17 8.18 8.02 8.04 7.97 8.05 8.67 9.53 -9999 -9999 -9999 -9999 -9999 -9999 -9999 10.36 -9999
-9999 -9999 -9999 -9999 -9999 -9999 9.43 9.45 12.40 11.35 10.11 10.90 11.99 8.60 9.65 11.28 12.93 12.05 13.28 11.72 11.22 6.66 7.89 7.93 6.67 7.50 7.36 7.92 7.13 6.67 7.60 7.99 7.90 7.37 7.36 8.12 7.67 8.19 7.62 8.62 8.99 8.83 8.19 7.50 8.57 8.14 7.57 7.31 7.06 6.77 5.91 6.60 6.44 5.97 6.33 6.92 7.17 7.43 7.38 7.83 8.89 8.38 7.97 8.11 7.97 7.96 7.96 8.27 9.03 -9999 -9999 -9999 -9999 -9999 10.17 9.98 9.75 9.31 9.43
-9999 -9999 -9999 -9999 -9999 9.49 9.57 9.79 10.34 10.27 10.17 9.68 8.13 6.74 8.27 10.15 11.35 16.01 10.13 8.06 7.41 5.30 10.13 11.45 11.19 8.95 8.00 8.25 7.91 7.58 7.93 8.42 8.00 7.72 7.70 8.20 8.48 7.52 7.52 8.80 8.82 8.40 7.95 7.88 8.03 7.24 7.46 6.56 6.41 6.75 6.30 5.93 5.60 5.86 6.72 6.80 7.04 7.33 7.54 7.90 9.16 8.66 8.07 7.97 7.89 7.92 7.96 8.28 8.89 -9999 -9999 -9999 -9999 -9999 9.39 9.00 8.89 8.58 8.60
-9999 -9999 -9999 -9999 9.81 10.60 10.18 10.29 -9999 -9999 -9999 -9999 7.86 11.24 10.12 10.78 12.38 10.14 8.11 9.96 9.21 8.19 15.25 13.85 11.85 12.05 9.62 7.97 8.18 8.20 7.91 8.05 7.99 7.71 8.07 7.75 8.68 7.65 7.55 7.97 8.28 8.30 8.04 7.20 7.19 7.12 6.89 6.32 6.04 5.84 5.75 5.73 5.93 6.42 6.62 6.85 7.60 8.24 8.43 8.48 9.11 8.83 8.58 7.98 7.88 7.85 7.86 8.02 8.54 9.39 -9999 -9999 -9999 -9999 8.75 8.39 8.23 8.22 8.27
-9999 -9999 -9999 -9999 10.80 12.15 9.99 10.37 -9999 -9999 -9999 -9999 7.89 10.19 11.69 8.21 11.62 10.64 9.75 11.60 12.84 10.74 14.04 9.45 10.36 10.32 9.20 8.06 8.04 8.22 8.08 8.25 8.62 7.84 8.25 8.00 8.03 8.33 7.56 7.75 7.13 7.62 8.28 8.48 8.35 7.11 6.49 6.17 5.96 6.19 5.71 6.02 6.58 6.94 7.72 7.56 9.25 9.56 9.84 9.25 9.45 9.10 8.69 7.98 7.91 7.84 7.78 7.85 8.01 8.58 9.10 -9999 -9999 9.02 8.64 8.43 8.49 8.17 8.00
-9999 -9999 -9999 -9999 -9999 -9999 -9999 -9999 -9999 -9999 -9999 -9999 8.52 11.69 10.15 7.34 9.30 8.35 13.04 12.08 8.98 11.89 11.80 10.58 10.86 9.36 8.33 7.43 8.27 8.13 8.36 8.19 7.85 7.67 7.56 7.46 7.66 8.01 7.51 7.31 7.27 7.34 7.19 7.86 8.00 6.51 7.29 7.83 6.80 6.59 6.23 5.84 6.89 7.86 8.77 8.80 8.81 9.55 10.32 9.96 10.05 9.38 8.83 7.94 7.86 7.82 7.80 7.77 7.69 7.87 8.23 8.68 8.74 8.33 8.30 7.82 8.40 8.36 8.36
-9999 -9999 -9999 -9999 -9999 -9999 -9999 -9999 -9999 -9999 -9999 -9999 -9999 11.76 5.80 6.04 9.28 12.79 11.69 12.56 12.11 9.28 10.20 11.09 8.45 8.19 7.22 7.11 7.43 7.83 8.00 8.08 7.83 7.38 7.16 7.47 7.47 7.79 7.54 7.14 8.51 7.88 7.01 6.99 7.00 6.98 6.78 7.48 7.54 7.01 7.78 6.75 6.92 7.73 7.63 8.21 8.78 9.19 10.38 10.38 9.98 8.99 8.63 7.82 7.78 7.75 7.70 7.72 7.74 7.78 7.75 7.92 7.95 7.78 7.64 7.75 8.48 8.39 8.16
-9999 -9999 -9999 -9999 -9999 -9999 -9999 -9999 -9999 -9999 -9999 -9999 -9999 8.72 11.77 12.51 11.28 10.34 9.59 11.16 9.30 9.27 8.37 7.96 9.54 7.72 7.08 8.16 7.61 7.52 7.63 7.25 7.24 7.55 7.41 8.34 8.27 7.88 7.37 6.91 8.24 8.76 7.70 6.93 6.69 6.88 6.89 6.93 7.15 7.61 9.23 8.35 7.23 7.18 7.64 8.66 9.85 10.26 10.12 10.55 9.80 8.47 7.83 7.58 7.63 7.65 7.71 7.71 7.72 7.74 7.74 7.72 7.68 7.71 7.66 7.60 8.24 8.26 8.69
-9999 -9999 -9999 -9999 -9999 -9999 -9999 -9999 -9999 -9999 -9999 -9999 10.11 10.00 8.36 14.17 9.88 8.28 9.95 9.86 8.84 10.98 8.67 8.34 10.05 7.20 11.36 8.45 6.79 6.99 8.17 7.15 6.91 9.02 8.94 8.48 7.60 7.77 7.51 7.08 7.65 7.99 7.59 6.99 6.84 6.73 6.73 7.12 7.07 7.94 7.96 7.65 7.39 7.32 8.01 9.00 10.09 10.32 9.76 9.70 8.63 7.79 7.54 7.42 7.49 7.60 7.68 7.69 7.65 7.67 7.67 7.55 7.52 7.89 7.88 7.70 7.94 8.27 7.88
-9999 -9999 -9999 -9999 -9999 -9999 -9999 -9999 -9999 -9999 -9999 -9999 9.14 10.15 13.98 8.77 5.39 6.85 7.31 9.11 11.43 11.31 9.16 8.74 8.62 7.00 7.59 8.16 8.83 8.55 7.34 7.42 7.33 7.71 8.39 7.65 7.43 7.85 7.62 7.70 7.98 7.69 7.71 7.34 6.99 6.78 6.53 6.68 6.96 7.67 8.02 7.65 6.94 7.35 8.50 9.78 9.58 10.10 9.88 8.90 7.75 8.11 7.47 7.59 7.49 7.60 7.57 7.59 7.59 7.53 7.50 7.45 7.43 8.05 7.91 7.56 7.70 8.16 7.99
-9999 -9999 -9999 -9999 -9999 -9999 -9999 -9999 -9999 -9999 -9999 -9999 9.83 11.68 6.59 7.30 6.01 6.93 7.69 12.02 10.92 11.79 9.31 8.35 6.81 5.88 6.72 9.39 10.78 11.59 7.96 9.02 7.76 7.91 8.14 7.12 7.17 7.48 7.73 7.86 7.35 7.42 8.36 7.68 6.89 6.71 7.41 6.48 6.99 7.34 7.32 6.98 6.82 7.43 8.16 8.82 9.06 9.01 8.29 7.89 7.93 8.00 7.17 7.12 7.43 7.51 7.52 7.47 7.37 7.40 7.37 7.35 7.37 7.60 7.49 7.59 7.49 7.79 7.72
-9999 -9999 -9999 -9999 -9999 -9999 -9999 -9999 -9999 -9999 -9999 -9999 -9999 7.48 8.41 9.45 10.54 11.09 9.77 10.55 9.33 6.92 6.60 6.06 6.75 6.90 6.54 7.94 8.60 11.05 9.26 8.19 7.52 8.59 8.58 7.05 7.68 7.09 7.33 8.83 7.35 7.22 7.22 7.30 6.59 6.39 7.56 7.25 6.92 7.37 7.09 6.91 7.21 7.89 7.80 7.98 7.81 8.31 7.67 8.30 8.16 7.37 7.10 7.50 7.49 7.28 7.26 7.23 7.23 7.25 7.23 7.23 7.21 7.23 7.24 7.34 7.21 7.13 7.27
-9999 -9999 -9999 -9999 -9999 -9999 -9999 -9999 -9999 -9999 -9999 -9999 -9999 8.27 9.21 9.83 10.94 12.68 11.88 9.50 7.58 6.32 7.47 8.95 10.24 11.57 9.19 7.76 8.61 9.58 9.05 7.47 9.39 8.64 8.68 7.59 8.23 7.45 7.19 7.54 8.31 7.97 7.50 7.17 6.68 6.37 7.32 7.30 7.09 7.17 7.46 7.61 7.80 8.13 7.63 7.56 8.48 8.51 8.43 8.11 8.18 7.39 7.51 7.88 7.18 7.03 7.04 7.04 7.12 7.11 7.07 7.08 7.06 7.05 6.93 6.73 6.44 6.28 6.49
-9999 -9999 -9999 -9999 -9999 -9999 -9999 -9999 -9999 -9999 -9999 -9999 8.48 7.17 8.30 10.24 10.80 9.94 9.72 8.19 8.99 12.36 10.16 10.29 10.13 8.67 7.98 8.68 9.39 8.28 7.68 8.26 9.50 9.30 8.76 7.48 8.40 7.24 7.21 8.28 7.65 7.88 7.93 7.47 7.24 6.79 7.51 7.48 6.93 7.15 7.17 7.11 7.72 7.45 8.27 7.93 8.41 7.83 8.07 8.14 7.41 7.15 7.74 7.66 6.97 6.90 7.12 6.97 7.06 7.06 7.09 7.03 6.91 6.79 6.53 6.61 6.63 6.54 5.99
-9999 -9999 -9999 -9999 -9999 -9999 -9999 -9999 -9999 -9999 -9999 -9999 9.87 8.41 7.98 8.03 9.27 11.92 11.41 10.38 9.27 9.86 11.11 11.91 11.53 8.56 10.22 11.02 8.16 9.91 7.08 7.86 9.32 10.63 7.94 8.11 7.25 6.83 7.05 7.66 9.63 8.33 8.25 7.86 7.54 7.36 7.57 7.33 6.92 7.02 6.98 6.90 6.89 7.88 8.28 8.27 8.66 7.85 7.51 7.44 7.00 7.18 7.57 7.37 7.04 7.30 7.15 7.35 7.06 7.05 7.16 7.15 6.82 6.55 6.23 6.03 6.49 6.48 6.49
-9999 -9999 -9999 -9999 -9999 -9999 -9999 -9999 -9999 -9999 -9999 -9999 8.78 8.18 6.04 6.88 8.81 12.00 10.53 10.79 9.18 11.03 10.59 9.25 9.42 10.00 10.01 8.87 7.95 8.44 10.42 7.75 7.79 7.89 7.81 8.89 7.88 6.83 7.02 7.64 7.99 7.79 8.45 8.11 7.70 7.71 7.24 6.77 7.05 7.18 7.22 6.74 7.22 8.25 8.30 7.66 7.75 8.26 7.42 7.46 6.61 7.24 7.36 6.87 6.87 7.03 6.65 6.83 6.81 6.91 6.97 6.84 6.61 6.38 6.06 6.11 5.64 5.89 6.10
-9999 -9999 -9999 -9999 -9999 -9999 -9999 -9999 -9999 -9999 -9999 8.52 9.30 10.71 8.25 6.37 9.25 10.30 11.86 11.93 8.49 9.14 8.33 9.13 10.01 8.78 8.84 10.33 9.22 8.70 8.37 7.56 6.98 7.19 7.92 7.95 7.73 7.47 7.07 7.05 7.69 7.88 7.41 7.75 7.46 7.87 7.21 6.95 6.93 6.60 6.45 6.62 7.56 7.63 7.76 7.26 7.79 7.75 7.31 6.62 7.15 7.16 7.16 7.35 7.12 6.80 6.72 6.63 6.77 6.89 6.80 6.66 6.38 6.09 5.99 6.11 5.95 5.96 6.17
-9999 -9999 -9999 -9999 -9999 -9999 -9999 -9999 -9999 -9999 9.31 9.39 10.00 8.29 6.49 8.62 11.29 11.88 10.57 12.06 9.25 10.24 8.80 8.03 12.54 9.20 9.99 8.66 8.76 7.74 7.57 7.71 8.44 7.63 9.02 7.84 8.12 7.11 6.91 7.08 7.41 7.61 7.37 7.48 7.69 7.69 6.59 6.88 6.72 6.74 6.81 7.00 7.50 7.05 7.67 7.26 7.38 6.72 6.57 7.31 7.55 7.20 7.30 7.21 6.61 6.94 6.99 7.02 7.06 6.86 6.62 6.35 6.34 6.16 6.56 6.65 6.73 6.74 6.32
-9999 -9999 -9999 -9999 -9999 -9999 -9999 -9999 10.30 9.22 8.49 7.48 7.22 7.34 7.27 9.75 11.07 12.29 13.54 12.02 9.97 7.19 9.26 8.63 11.57 9.74 9.20 9.32 8.16 7.77 7.05 7.85 9.17 8.60 8.60 7.00 7.20 7.15 7.14 7.61 7.40 7.67 7.16 7.23 7.33 6.76 6.53 6.63 7.11 6.90 7.53 7.95 7.59 7.24 6.90 6.71 7.23 7.50 7.18 7.29 6.64 7.29 7.37 6.86 6.35 6.47 7.20 7.17 7.23 6.63 6.40 6.15 6.24 6.91 7.20 7.01 7.59 7.47 7.40
-9999 -9999 -9999 -9999 10.16 9.60 8.67 11.02 10.98 10.99 10.85 8.73 7.93 7.45 11.06 10.02 11.98 12.10 11.72 9.08 7.81 6.40 7.88 8.07 13.15 11.73 9.67 8.10 8.51 8.04 9.21 7.29 8.67 8.84 8.46 7.68 7.02 6.88 7.60 7.17 6.73 7.80 7.01 6.80 6.38 6.60 6.95 7.16 6.47 7.20 6.99 7.26 7.90 7.72 7.45 7.23 7.60 7.51 7.15 6.78 7.32 6.63 6.53 6.43 6.29 6.91 7.16 7.22 6.73 6.24 6.25 6.40 7.17 7.30 7.04 7.66 7.13 7.46 7.89
-9999 -9999 -9999 10.95 9.24 9.75 9.24 8.79 10.21 9.75 9.85 7.99 7.04 9.88 10.57 11.28 9.09 12.86 9.56 7.47 11.07 8.68 6.51 12.27 10.94 9.31 6.08 6.57 7.49 9.92 7.75 7.36 7.41 7.49 8.73 8.22 8.04 7.17 7.34 6.82 6.64 7.39 6.84 6.23 6.24 6.65 7.11 6.79 8.11 6.88 6.78 7.10 7.63 7.17 7.08 6.79 6.88 7.19 6.98 7.32 6.79 6.37 6.45 6.67 6.36 6.63 6.68 6.22 6.06 5.99 6.12 6.40 6.81 7.52 7.57 7.67 7.45 7.44 7.65
-9999 -9999 10.39 10.12 8.10 7.90 8.07 8.78 8.53 9.02 8.21 8.52 11.78 9.84 9.11 11.99 7.59 9.29 8.95 11.23 10.65 11.26 9.69 9.72 8.23 5.29 9.04 9.42 7.19 7.71 7.29 7.10 7.60 7.13 7.37 8.55 8.70 6.97 6.75 6.74 6.96 6.46 5.77 5.80 7.90 6.68 6.51 6.85 7.46 7.09 6.80 7.21 7.58 7.52 7.83 7.33 6.66 6.51 6.47 7.05 6.69 6.29 6.93 6.83 6.44 6.51 6.33 6.08 6.22 6.26 6.36 6.68 6.87 7.58 7.19 7.13 7.41 7.15 7.39
9.75 10.73 8.74 8.71 9.28 8.56 8.18 9.83 9.06 9.12 8.98 11.05 10.67 9.52 10.50 9.98 7.96 7.55 10.26 10.68 9.51 9.73 11.09 8.57 5.63 8.87 10.21 8.76 9.19 7.40 7.59 7.08 7.48 8.90 7.40 9.11 7.73 6.84 6.59 6.73 7.59 5.54 5.69 8.63 6.86 6.59 6.52 6.92 7.67 6.76 6.87 7.16 6.96 7.35 7.30 6.85 6.46 6.61 6.32 6.61 6.80 6.71 6.37 6.12 6.07 6.08 6.39 7.38 6.83 7.42 6.98 6.32 7.39 7.46 7.67 7.48 7.34 7.43 7.27
9.09 11.03 13.33 12.38 11.79 9.29 10.14 11.43 10.46 10.14 11.70 10.42 9.94 11.58 8.98 6.80 6.92 7.09 9.44 9.47 8.96 8.36 8.12 7.04 8.13 14.83 11.72 9.25 7.52 7.95 7.57 8.81 7.65 7.94 7.17 7.37 7.35 7.13 6.59 6.30 5.97 5.30 7.87 8.47 7.92 6.90 6.59 8.49 7.40 6.80 7.00 6.76 7.35 7.27 7.00 6.31 6.98 6.62 6.16 7.44 7.19 6.24 6.09 6.05 6.00 6.44 7.20 7.45 7.22 7.53 6.97 6.67 7.40 7.64 7.35 7.59 7.47 7.62 7.60
9.50 10.48 10.80 10.20 9.10 10.49 9.61 10.99 8.58 9.49 11.35 10.67 9.16 9.70 6.69 5.88 8.38 9.27 8.52 7.37 8.75 6.30 5.59 5.54 9.58 12.63 13.20 7.95 8.41 8.60 8.79 8.08 6.98 7.85 7.39 7.56 7.12 7.10 5.98 5.47 6.05 5.93 8.05 8.10 7.66 6.68 7.25 8.39 7.82 7.39 7.00 7.20 7.13 6.75 6.41 6.34 6.65 6.93 6.65 6.55 6.41 6.14 7.00 7.50 6.41 6.65 7.31 7.53 7.07 7.33 7.17 7.09 7.23 7.25 7.53 7.43 7.44 7.21 7.44
9.37 9.96 9.63 9.82 9.10 9.11 10.10 9.06 9.48 8.30 8.11 7.90 7.48 6.98 8.29 7.33 10.36 15.18 8.60 8.58 8.75 11.90 11.29 5.15 5.37 13.78 10.98 9.39 9.74 10.53 8.82 7.02 6.31 8.07 8.48 7.62 6.93 6.33 5.51 5.15 6.13 8.21 8.66 7.85 7.48 7.14 6.95 6.87 7.52 6.94 6.84 6.69 6.40 6.11 6.02 6.70 6.55 6.39 6.36 5.76 5.99 6.75 6.79 7.36 6.87 6.90 6.94 7.07 7.35 7.35 7.19 7.11 7.24 7.12 7.11 7.46 7.40 6.97 7.20
9.08 9.84 8.98 9.17 9.02 9.01 8.26 8.21 8.75 7.99 8.95 7.87 9.49 6.83 8.99 10.79 11.08 12.08 12.48 10.21 11.61 13.06 8.82 10.09 9.01 5.69 10.06 10.39 7.87 8.22 6.69 7.80 7.60 10.00 9.38 7.49 6.73 5.85 5.29 6.03 8.45 7.59 8.99 7.89 7.65 8.14 7.14 7.69 6.47 6.61 6.33 6.18 6.05 6.21 6.15 6.09 5.79 5.58 5.32 5.64 6.74 7.60 7.28 6.82 7.29 6.79 7.41 6.79 6.68 6.70 6.73 6.88 7.03 7.24 6.90 7.29 7.24 7.04 7.38
9.14 8.82 9.82 10.55 11.64 10.48 9.21 8.54 7.91 8.12 10.19 7.97 8.96 6.67 8.42 9.08 8.59 7.62 9.25 8.36 10.53 10.85 12.22 10.30 10.88 9.83 13.19 8.92 8.02 7.52 7.99 7.40 9.52 9.36 9.56 6.90 6.22 5.54 8.13 8.60 8.51 8.95 7.58 7.95 8.10 7.72 6.29 6.07 6.14 6.00 5.95 6.07 6.07 6.46 6.34 6.23 5.48 4.80 4.94 6.02 7.78 6.80 7.27 7.35 6.94 6.70 6.71 6.45 6.49 6.66 6.31 6.72 6.83 6.86 7.01 7.14 6.78 6.60 7.44
9.46 9.08 9.14 10.24 10.14 10.41 9.61 9.01 8.57 8.23 8.64 10.47 7.61 10.66 10.10 10.23 10.94 9.25 7.04 7.13 8.96 8.51 10.23 10.01 8.68 11.77 11.79 7.72 8.35 6.49 6.98 8.53 9.38 8.97 8.19 6.52 5.69 6.86 6.57 8.15 8.14 7.66 7.85 7.51 6.99 6.40 5.43 5.18 5.31 5.51 6.94 6.16 6.83 6.27 5.84 4.86 4.31 4.41 5.42 7.11 7.41 7.32 7.48 7.26 6.87 6.86 7.12 7.36 6.21 6.69 7.21 6.68 6.52 6.88 6.38 6.69 7.41 6.98 6.77
9.90 10.22 10.73 11.42 -9999 -9999 -9999 -9999 9.36 9.16 9.90 8.08 7.23 8.48 8.86 8.64 7.86 4.88 11.59 11.86 8.31 7.62 8.13 9.60 10.33 11.52 9.21 7.99 7.02 6.22 9.55 8.75 10.03 7.64 7.11 6.42 6.01 7.67 6.67 8.13 8.01 7.27 7.23 6.82 6.25 5.50 5.05 4.95 5.18 5.50 6.75 6.45 6.88 6.78 5.84 4.83 4.21 5.32 5.50 6.87 7.67 7.77 6.72 6.67 6.55 7.30 7.52 7.20 6.14 6.60 7.11 6.92 6.57 7.14 6.84 6.82 7.13 7.18 6.85
