ML/MeanWindSpeed_2000-01_Actual.txt
ncols         180
nrows         290
xllcorner     -200000
yllcorner     -200000
cellsize      5000
NODATA_value  -9999
[rows 204 to 237 of 290, columns 78 to 155 of 180]
10.15 10.63 12.40 13.16 12.44 10.84 13.04 11.63 13.91 10.00 11.39 14.29 13.22 10.70 11.01 5.80 4.03 7.88 9.25 8.09 6.54 9.04 5.52 4.12 3.53 10.24 15.73 16.99 8.67 9.23 9.61 10.10 9.07 7.49 9.21 8.41 8.35 7.56 7.55 5.76 5.20 6.41 6.41 10.05 10.39 9.66 8.03 8.96 10.90 10.07 9.27 8.53 8.76 8.55 7.95 7.34 7.17 7.70 8.14 7.69 7.60 7.53 7.20 8.56 9.26 7.44 7.80 8.81 9.14 8.44 8.84 8.55 8.44 8.80 9.20 9.74 9.56 9.52
11.69 10.68 11.76 11.49 12.03 11.12 11.18 12.61 11.06 11.77 10.02 9.70 9.26 8.06 6.54 7.99 5.83 10.35 17.91 7.53 7.55 8.47 14.10 13.44 3.96 4.58 18.22 13.62 10.67 11.18 12.57 10.12 7.46 6.48 9.51 10.00 8.33 7.23 6.45 5.24 4.90 6.67 10.13 11.10 10.03 9.45 8.84 8.61 8.62 9.68 8.68 8.37 8.03 7.46 6.92 6.70 7.69 7.44 7.24 7.24 6.35 6.76 7.94 7.96 8.86 8.07 8.08 8.16 8.37 8.79 8.79 8.54 8.46 8.70 8.92 9.02 9.56 9.40
10.95 10.27 11.52 10.38 10.90 10.93 10.97 9.80 9.70 10.56 9.39 10.97 9.17 10.99 6.29 9.30 11.58 11.78 13.25 13.72 10.19 12.78 15.51 9.43 11.96 10.69 5.98 12.62 12.45 8.29 8.96 6.89 8.62 8.36 12.37 11.30 8.12 6.88 5.55 4.92 6.37 10.36 9.23 11.61 9.97 9.59 10.35 8.89 10.03 8.19 8.33 7.71 7.25 6.90 6.99 6.82 6.73 6.26 6.06 5.68 6.15 7.84 9.16 8.67 7.93 8.63 7.92 8.96 7.96 7.72 7.79 7.87 8.11 8.41 8.99 8.61 9.20 9.06
11.75 10.28 9.70 11.36 12.75 14.91 13.34 11.32 10.14 9.03 9.29 12.64 9.06 10.05 6.32 8.91 9.62 8.69 7.29 9.94 8.66 11.78 12.19 14.60 11.93 13.30 12.32 17.55 10.27 8.65 7.86 8.83 7.99 11.34 11.23 11.51 7.20 6.06 4.95 9.24 10.33 10.43 11.34 9.35 10.00 10.24 9.73 7.95 7.80 7.86 7.49 7.13 7.01 6.77 7.28 7.09 6.98 5.83 4.82 5.06 6.65 9.39 7.87 8.57 8.65 8.02 7.75 7.83 7.35 7.34 7.72 7.22 7.86 8.15 8.38 8.69 8.88 8.23
12.37 10.82 10.14 10.39 12.51 12.90 13.70 12.42 11.28 10.21 9.47 10.12 12.80 7.98 12.70 11.63 11.60 12.76 10.39 7.28 7.54 10.08 9.15 11.69 11.21 9.42 15.16 15.15 8.31 9.06 6.27 7.23 9.67 11.01 10.58 9.40 6.69 5.47 7.33 6.98 9.72 9.89 9.31 9.73 9.36 8.76 8.22 6.95 6.56 6.62 6.67 8.50 7.01 7.84 6.93 6.34 4.90 3.96 4.06 5.70 8.34 8.80 8.64 8.81 8.39 7.78 7.85 8.31 8.59 6.78 7.67 8.55 7.79 7.67 8.34 7.55 7.99 8.99
12.25 11.55 12.13 13.29 14.85 -9999 -9999 -9999 -9999 11.96 11.46 12.49 9.40 7.81 9.46 9.68 8.96 7.64 3.17 14.13 14.97 9.18 7.91 8.69 10.91 12.22 14.67 10.88 8.54 6.84 5.70 11.06 10.01 12.18 8.58 7.65 6.48 6.02 8.76 7.32 9.79 9.76 8.75 8.83 8.40 7.79 6.92 6.35 6.17 6.31 6.54 8.09 7.29 7.76 7.60 6.31 4.76 3.70 5.43 5.74 7.88 9.15 9.30 7.53 7.29 7.02 8.30 8.76 8.17 6.55 7.43 8.27 8.03 7.60 8.53 8.01 7.85 8.24
14.85 15.11 13.28 15.57 15.22 -9999 -9999 -9999 -9999 -9999 -9999 -9999 8.73 8.56 9.78 8.41 7.87 7.56 9.61 12.27 15.40 14.73 12.37 10.56 10.06 9.07 13.24 13.03 7.58 5.88 10.69 11.28 12.81 8.86 7.73 7.05 6.27 7.70 8.80 8.96 9.48 9.05 8.51 8.09 7.62 7.10 6.83 6.40 7.06 6.52 6.72 6.98 7.23 7.47 6.83 7.02 7.10 5.54 4.53 6.63 8.27 8.82 8.57 7.41 6.86 7.65 8.37 7.93 7.04 6.65 7.94 6.74 7.15 8.36 7.76 7.85 7.84 6.92
-9999 15.19 -9999 -9999 -9999 -9999 -9999 -9999 -9999 -9999 13.59 11.85 11.31 12.64 11.80 9.80 8.03 8.24 8.39 11.71 13.86 13.02 8.28 8.26 12.69 11.36 11.64 9.01 6.92 6.56 10.04 10.59 10.39 8.30 7.58 7.15 5.54 9.48 10.07 8.80 9.06 8.53 8.22 7.87 7.37 7.68 6.87 6.86 6.14 6.19 6.43 6.94 7.02 7.33 6.54 8.13 9.30 6.21 6.39 4.85 7.66 8.05 7.46 8.07 7.51 7.74 8.68 7.83 6.79 6.70 6.73 7.40 8.05 7.36 8.13 7.86 6.91 6.60
-9999 -9999 -9999 -9999 -9999 -9999 -9999 -9999 -9999 -9999 15.02 14.24 11.89 13.42 13.91 -9999 -9999 8.54 12.15 7.25 9.50 8.89 8.86 9.87 11.99 9.05 8.83 9.05 8.30 9.21 9.95 10.02 9.03 8.07 8.46 6.54 7.07 9.95 8.85 8.32 8.04 8.08 8.53 8.14 7.32 7.09 6.27 6.36 7.00 7.64 7.40 8.25 6.95 6.39 7.56 10.56 8.17 7.34 6.20 4.87 7.52 7.60 7.26 6.99 6.98 7.05 7.30 8.92 7.27 6.96 6.86 6.85 7.06 6.83 6.52 8.15 7.25 7.70
-9999 -9999 -9999 -9999 -9999 -9999 -9999 -9999 -9999 -9999 -9999 -9999 -9999 -9999 -9999 -9999 -9999 10.38 9.41 9.06 8.03 6.77 6.81 7.66 9.29 9.19 9.65 10.04 10.47 11.24 11.06 -9999 8.63 7.84 7.23 6.54 7.28 9.61 8.84 8.80 8.00 7.12 6.96 7.84 6.85 6.88 8.12 8.26 7.87 8.85 9.94 8.49 8.06 7.66 8.12 9.79 8.08 7.51 6.97 6.22 6.55 6.90 7.53 7.43 6.98 6.81 7.16 7.30 6.95 6.79 6.68 6.65 6.70 6.95 7.10 7.46 7.32 7.76
-9999 -9999 -9999 -9999 -9999 -9999 -9999 -9999 -9999 -9999 -9999 -9999 -9999 -9999 -9999 -9999 -9999 -9999 10.20 8.43 6.94 7.14 8.31 7.79 8.30 9.11 10.51 -9999 -9999 -9999 -9999 9.63 8.03 7.48 6.70 6.48 7.46 9.67 8.87 9.02 7.95 6.56 7.39 6.99 8.55 8.00 10.12 8.65 8.90 8.44 8.93 8.73 7.89 8.72 6.87 7.83 8.09 6.23 6.35 5.97 6.14 6.55 6.81 7.13 7.18 6.36 6.32 6.35 6.31 6.14 7.61 7.84 6.48 6.49 6.68 6.92 7.29 8.42
-9999 -9999 -9999 -9999 -9999 -9999 -9999 -9999 -9999 -9999 -9999 -9999 -9999 -9999 -9999 -9999 -9999 -9999 -9999 9.19 9.79 8.14 7.76 10.12 10.32 11.05 -9999 -9999 -9999 -9999 10.29 9.75 9.34 5.99 5.60 5.88 8.98 10.08 9.59 8.70 7.12 6.79 6.58 8.41 10.11 8.99 9.20 8.61 8.83 8.52 7.41 7.99 7.98 7.41 7.30 7.38 6.97 6.12 6.17 6.75 7.26 7.68 6.67 6.80 6.66 6.07 6.50 6.39 6.64 5.98 6.83 6.62 6.37 7.32 6.34 7.36 7.59 8.28
-9999 -9999 -9999 -9999 -9999 -9999 -9999 -9999 -9999 -9999 -9999 -9999 -9999 -9999 -9999 -9999 -9999 -9999 -9999 -9999 9.76 9.27 9.10 12.20 11.30 12.52 -9999 -9999 -9999 9.53 7.07 6.37 8.42 8.09 7.17 5.97 8.00 7.57 9.49 8.40 6.27 7.54 8.76 8.95 8.71 9.65 8.73 8.19 7.85 7.13 6.97 6.84 7.04 7.60 7.18 6.55 6.39 6.38 6.47 7.32 7.08 7.33 7.02 6.41 6.32 5.78 5.63 5.66 6.17 6.10 6.32 6.00 6.71 6.98 7.41 7.21 6.17 8.17
-9999 -9999 -9999 -9999 -9999 -9999 -9999 -9999 -9999 -9999 -9999 -9999 -9999 -9999 -9999 -9999 -9999 -9999 -9999 -9999 -9999 -9999 -9999 -9999 -9999 -9999 -9999 -9999 12.38 8.02 5.96 5.71 7.83 6.02 6.99 8.03 8.37 8.65 8.83 6.79 6.10 6.49 7.80 7.86 8.32 8.38 8.52 8.13 7.98 9.71 7.79 7.81 7.01 7.53 7.44 6.45 6.47 6.05 6.67 7.65 6.97 6.33 6.12 5.96 5.63 6.08 5.70 6.38 6.15 7.33 7.87 7.01 5.42 8.40 9.26 7.34 5.79 8.92
-9999 -9999 -9999 -9999 -9999 -9999 -9999 -9999 -9999 -9999 -9999 -9999 -9999 -9999 -9999 -9999 -9999 -9999 -9999 -9999 -9999 -9999 -9999 -9999 -9999 -9999 -9999 -9999 9.42 7.80 6.11 12.26 10.31 6.23 6.91 7.91 8.77 9.35 7.34 6.63 6.28 6.32 7.92 7.73 7.41 9.19 8.83 10.13 8.54 8.80 10.09 8.13 7.49 7.25 6.56 6.34 6.16 6.16 6.80 6.97 7.08 6.30 5.59 5.21 4.77 5.38 7.71 7.13 8.10 8.69 9.75 7.70 6.07 7.49 7.93 6.24 5.24 5.90
-9999 -9999 -9999 -9999 -9999 -9999 -9999 -9999 -9999 -9999 -9999 -9999 -9999 -9999 -9999 -9999 -9999 -9999 -9999 -9999 -9999 -9999 -9999 -9999 -9999 -9999 -9999 -9999 8.99 5.91 4.20 7.14 11.54 10.22 9.17 8.06 9.63 7.61 6.91 6.25 8.24 8.52 9.57 9.03 7.84 7.83 7.86 8.50 9.13 9.15 7.94 7.59 7.43 7.31 6.57 6.23 6.28 6.47 7.21 7.06 6.60 5.48 5.27 6.08 6.82 6.13 7.48 7.36 7.49 7.71 8.54 10.34 9.64 7.04 6.72 6.85 6.88 6.73
-9999 -9999 -9999 -9999 -9999 -9999 -9999 -9999 -9999 -9999 -9999 12.71 12.72 9.69 14.65 13.28 12.66 12.66 15.06 6.61 13.52 8.55 -9999 -9999 -9999 -9999 -9999 -9999 8.34 6.71 6.01 4.97 6.27 8.74 10.70 10.07 8.45 7.21 6.89 7.81 9.44 8.73 8.17 8.40 7.97 7.47 8.24 7.93 7.64 7.32 7.59 6.69 7.31 7.75 8.43 7.16 6.76 7.54 7.50 6.74 7.26 5.54 4.90 6.57 7.77 6.32 5.86 6.39 6.60 6.64 6.50 6.68 6.38 5.73 5.40 5.08 4.97 5.01
-9999 -9999 -9999 -9999 -9999 -9999 -9999 -9999 -9999 -9999 -9999 14.58 13.18 12.30 8.98 11.10 12.72 11.46 12.11 12.57 9.52 7.90 6.36 8.17 11.90 9.81 8.88 7.73 7.33 6.59 6.13 5.79 5.38 5.93 9.03 9.10 7.85 6.77 10.13 8.46 7.52 8.29 9.00 8.23 8.16 8.38 8.22 8.42 7.98 7.64 6.10 6.25 6.81 6.87 6.86 7.72 8.29 6.78 6.49 5.88 5.50 6.32 5.14 9.68 7.65 7.00 6.25 5.66 5.89 5.89 6.98 6.89 5.24 6.91 6.22 6.80 5.24 5.47
-9999 -9999 -9999 -9999 -9999 -9999 -9999 -9999 -9999 -9999 13.08 11.31 10.09 8.92 7.24 9.84 12.92 11.89 10.35 10.05 10.04 8.65 6.62 6.42 8.57 10.63 7.59 6.92 6.32 6.41 7.39 5.79 5.84 7.62 7.72 7.30 7.45 10.06 8.13 9.83 9.19 8.32 7.32 7.93 7.48 8.25 8.59 7.97 8.30 6.87 6.91 6.50 6.20 6.06 7.78 8.70 6.45 5.67 6.06 8.63 6.66 5.94 6.14 6.23 6.55 6.52 5.74 5.50 6.31 7.56 6.52 5.25 5.01 6.96 6.23 6.00 6.51 6.38
-9999 -9999 -9999 -9999 -9999 -9999 -9999 -9999 -9999 -9999 -9999 10.59 8.68 7.54 9.43 9.00 9.58 12.40 10.45 7.83 6.23 9.13 11.48 9.01 6.97 7.79 10.12 7.77 5.77 5.80 5.72 6.52 6.57 5.77 6.11 6.72 7.62 8.88 7.58 9.42 8.13 8.11 8.05 8.31 7.48 8.46 8.85 8.48 6.62 6.48 7.01 5.79 4.91 4.53 5.93 7.57 7.33 5.31 5.86 7.44 7.21 6.27 5.28 5.23 5.01 5.25 7.03 6.59 6.27 7.03 8.25 7.20 6.42 7.14 7.07 5.91 6.91 5.71
-9999 -9999 -9999 -9999 -9999 -9999 -9999 14.05 -9999 -9999 11.56 9.99 10.55 7.01 9.37 7.74 7.22 7.23 7.49 8.27 6.42 9.11 10.96 8.22 6.88 5.60 5.66 5.52 5.18 5.41 5.81 6.78 5.52 5.31 6.18 8.44 7.18 8.30 7.16 8.17 7.61 8.75 9.77 8.87 7.57 7.08 7.24 6.86 6.25 7.76 6.30 5.07 6.89 4.76 4.97 7.41 8.68 4.69 5.29 6.17 5.96 5.41 5.04 4.92 5.36 6.13 6.75 5.68 5.17 5.24 5.97 6.05 6.04 6.93 6.14 5.95 5.85 5.23
-9999 -9999 -9999 -9999 -9999 -9999 12.57 13.92 13.77 13.20 9.80 8.77 11.01 8.21 6.96 7.76 6.71 8.08 8.54 9.25 7.47 7.65 8.70 7.16 5.42 4.79 5.14 5.80 6.06 5.14 5.24 5.57 5.04 5.09 7.37 7.78 6.83 7.57 7.92 9.62 8.74 8.89 10.42 8.77 8.28 6.86 7.54 6.97 7.11 6.19 5.48 4.25 5.24 4.98 4.21 5.90 5.59 4.74 4.68 4.70 5.53 5.38 5.23 4.82 4.49 4.64 4.70 5.12 5.42 5.30 4.56 5.22 5.73 6.79 7.27 6.67 5.17 6.18
-9999 -9999 -9999 -9999 -9999 -9999 11.82 11.94 10.68 11.19 9.93 8.92 7.85 9.89 9.59 8.34 9.58 9.05 8.61 10.06 8.55 8.58 8.55 5.49 6.18 8.37 7.85 6.54 5.52 4.74 5.39 6.06 6.34 5.69 7.46 7.02 7.73 6.52 5.74 8.13 9.88 8.67 8.79 8.44 7.54 7.48 8.16 6.99 5.95 6.47 6.22 3.96 4.02 3.88 3.90 5.50 6.38 6.53 8.33 5.38 5.56 4.50 4.22 4.55 4.79 4.43 4.32 4.82 5.56 5.12 4.75 4.52 5.58 5.74 5.93 6.04 6.25 4.90
-9999 -9999 -9999 -9999 -9999 -9999 12.35 11.17 10.39 10.75 10.01 9.77 8.36 8.96 8.88 7.27 8.70 8.70 9.51 10.00 9.34 6.33 4.87 4.18 6.73 6.84 7.71 8.51 5.90 5.57 5.74 5.15 6.27 5.53 7.00 6.72 6.80 6.52 5.97 8.57 8.34 8.55 8.41 8.03 7.64 7.64 8.28 7.93 6.04 5.20 4.85 5.13 3.25 3.38 3.29 4.58 5.46 5.84 6.70 6.08 7.05 7.86 3.70 7.95 6.23 4.08 4.47 8.55 8.59 7.95 4.40 4.31 4.68 4.67 5.41 5.02 6.35 7.54
-9999 -9999 -9999 -9999 -9999 -9999 10.37 10.21 10.08 9.79 9.02 8.72 8.07 7.63 8.78 7.95 8.10 8.84 7.92 8.23 8.02 7.66 4.28 5.18 7.84 6.90 8.62 8.61 6.31 6.54 7.02 5.83 6.12 6.27 6.54 6.54 6.63 7.57 8.87 7.13 8.45 8.29 8.25 7.87 7.65 7.92 8.30 6.98 6.46 5.44 5.03 4.62 4.70 3.64 4.80 5.32 6.33 6.33 5.83 5.16 5.06 5.20 4.34 6.75 6.67 7.42 6.91 7.77 8.62 9.19 4.97 5.10 4.93 5.04 5.54 6.66 8.00 8.33
-9999 -9999 -9999 -9999 -9999 -9999 8.99 9.12 9.30 9.75 10.27 9.11 8.15 7.27 7.86 9.45 8.88 8.28 7.40 8.04 7.64 7.03 6.17 4.97 5.62 5.47 8.44 6.99 4.56 8.01 7.65 6.20 9.23 7.53 8.42 9.34 8.66 8.43 9.28 8.09 7.43 8.05 7.99 7.28 7.42 7.67 8.24 6.96 6.60 6.66 6.35 5.17 4.47 4.33 4.23 5.12 8.09 7.76 6.77 6.19 6.51 6.84 6.98 7.64 8.06 8.24 -9999 -9999 8.12 8.39 7.64 6.93 6.02 9.42 7.06 -9999 -9999 -9999
-9999 -9999 -9999 -9999 -9999 11.13 9.09 9.16 8.30 9.52 9.72 10.74 8.49 8.83 8.40 9.38 8.65 7.85 7.42 7.61 7.26 6.74 6.27 6.23 7.07 7.73 7.39 5.51 8.73 9.76 6.66 5.83 7.12 7.06 8.71 8.90 7.68 7.71 7.61 7.41 8.52 8.37 8.53 7.99 7.84 8.43 9.35 8.69 7.61 6.64 5.70 5.15 -9999 -9999 5.15 6.33 9.19 9.28 8.61 7.93 7.98 -9999 -9999 -9999 -9999 -9999 -9999 -9999 -9999 -9999 -9999 7.98 8.61 10.61 8.79 -9999 -9999 -9999
-9999 -9999 -9999 -9999 12.23 10.32 8.60 9.50 8.21 8.27 7.97 7.72 6.98 10.77 11.75 10.27 9.38 9.19 9.69 8.15 7.00 6.60 6.95 7.02 10.42 11.26 10.29 9.64 11.60 8.51 8.41 8.19 9.25 10.30 8.42 7.09 7.74 6.92 7.22 7.00 7.35 7.45 9.39 10.69 10.62 10.31 10.24 10.15 8.53 -9999 5.00 5.02 4.27 4.58 5.43 -9999 -9999 -9999 -9999 9.34 -9999 -9999 -9999 -9999 -9999 -9999 -9999 -9999 -9999 -9999 -9999 -9999 -9999 -9999 -9999 -9999 -9999 -9999
-9999 -9999 -9999 12.99 12.07 11.76 10.28 8.50 8.06 7.78 6.19 5.55 7.36 13.75 15.64 9.85 8.84 12.25 8.88 10.69 7.20 6.74 10.46 9.12 9.12 9.61 9.81 -9999 -9999 -9999 -9999 -9999 9.39 11.29 10.59 8.52 8.17 7.60 6.93 7.09 7.11 8.06 9.74 -9999 -9999 -9999 -9999 -9999 9.70 8.87 6.67 4.67 4.03 6.20 6.13 -9999 -9999 -9999 -9999 -9999 -9999 -9999 -9999 -9999 -9999 -9999 -9999 -9999 -9999 -9999 -9999 -9999 -9999 -9999 -9999 -9999 -9999 -9999
-9999 -9999 7.70 8.91 11.45 11.98 10.20 9.72 8.75 6.46 7.16 6.94 10.02 13.72 15.52 13.65 12.34 9.99 11.27 9.23 9.02 8.40 11.14 11.04 -9999 -9999 -9999 -9999 -9999 -9999 -9999 -9999 -9999 10.06 10.39 8.67 9.96 10.95 11.24 8.59 11.23 11.32 12.31 -9999 -9999 -9999 -9999 -9999 -9999 -9999 6.56 6.53 4.65 5.52 -9999 -9999 -9999 -9999 -9999 -9999 -9999 -9999 -9999 -9999 -9999 -9999 -9999 -9999 -9999 -9999 -9999 -9999 -9999 -9999 -9999 -9999 -9999 -9999
10.83 10.25 7.48 8.23 10.55 12.63 12.75 10.49 7.88 7.65 8.41 8.12 10.20 14.33 12.29 12.37 12.34 13.44 6.47 9.47 13.22 10.23 -9999 -9999 -9999 -9999 -9999 -9999 -9999 -9999 -9999 -9999 -9999 -9999 -9999 10.98 -9999 -9999 -9999 -9999 9.73 12.90 13.60 -9999 -9999 -9999 -9999 -9999 -9999 -9999 -9999 7.05 9.09 7.09 -9999 -9999 -9999 -9999 -9999 -9999 -9999 -9999 -9999 -9999 -9999 -9999 -9999 -9999 -9999 -9999 -9999 -9999 -9999 -9999 -9999 -9999 -9999 -9999
10.18 8.79 6.50 8.15 10.69 11.62 12.57 10.95 9.74 10.97 7.49 6.06 8.58 13.25 13.53 11.14 9.76 11.52 7.81 7.59 9.41 -9999 -9999 -9999 -9999 -9999 -9999 -9999 -9999 -9999 -9999 -9999 -9999 -9999 -9999 12.29 -9999 -9999 -9999 -9999 -9999 -9999 -9999 -9999 -9999 -9999 -9999 -9999 -9999 -9999 -9999 -9999 -9999 -9999 -9999 -9999 -9999 -9999 -9999 -9999 -9999 -9999 -9999 -9999 -9999 -9999 -9999 -9999 -9999 -9999 -9999 -9999 -9999 -9999 -9999 -9999 -9999 -9999
11.55 9.47 6.85 8.59 9.70 10.04 10.99 10.22 10.07 11.56 7.18 6.28 7.78 11.47 17.12 17.47 9.26 8.93 7.96 9.09 12.22 -9999 -9999 -9999 -9999 -9999 -9999 -9999 -9999 -9999 -9999 -9999 -9999 -9999 -9999 -9999 -9999 -9999 -9999 -9999 -9999 -9999 -9999 -9999 -9999 -9999 -9999 -9999 -9999 -9999 -9999 -9999 -9999 -9999 -9999 -9999 -9999 -9999 -9999 -9999 -9999 -9999 -9999 -9999 -9999 -9999 -9999 -9999 -9999 -9999 -9999 -9999 -9999 -9999 -9999 -9999 -9999 -9999
9.89 11.40 9.81 9.92 9.68 10.83 10.13 9.81 9.81 8.47 8.43 7.32 7.18 11.37 14.76 14.13 11.03 7.75 7.60 11.47 10.50 -9999 -9999 -9999 -9999 -9999 -9999 -9999 -9999 -9999 -9999 -9999 -9999 -9999 -9999 -9999 -9999 -9999 -9999 -9999 -9999 -9999 -9999 -9999 -9999 -9999 -9999 -9999 -9999 -9999 -9999 -9999 -9999 -9999 -9999 -9999 -9999 -9999 -9999 -9999 -9999 -9999 -9999 -9999 -9999 -9999 -9999 -9999 -9999 -9999 -9999 -9999 -9999 -9999 -9999 -9999 -9999 -9999
