ML/MeanWindSpeed_1998-09_Actual.txt
ncols         180
nrows         290
xllcorner     -200000
yllcorner     -200000
cellsize      5000
NODATA_value  -9999
[rows 140 to 174 of 290, columns 79 to 157 of 180]
-9999 -9999 11.66 -9999 -9999 -9999 10.36 10.35 8.93 8.79 9.57 -9999 -9999 9.73 8.09 10.22 11.22 -9999 -9999 -9999 -9999 -9999 8.75 7.43 5.22 5.33 5.09 5.78 5.76 6.51 6.86 5.20 7.09 9.65 11.00 8.27 9.94 10.67 10.92 8.59 8.99 8.99 7.58 5.32 5.05 5.40 3.17 3.85 6.04 7.87 -9999 -9999 -9999 -9999 -9999 -9999 -9999 -9999 -9999 -9999 -9999 -9999 -9999 -9999 -9999 -9999 -9999 -9999 -9999 -9999 -9999 -9999 -9999 -9999 -9999 -9999 -9999 -9999 -9999
-9999 -9999 11.70 11.67 -9999 -9999 -9999 10.48 10.80 10.34 10.62 -9999 -9999 -9999 -9999 10.21 -9999 -9999 -9999 -9999 -9999 -9999 7.64 6.56 5.66 6.16 6.78 6.85 6.32 6.60 6.21 5.71 5.85 8.65 10.23 6.81 11.59 11.13 12.08 9.02 8.94 10.20 7.65 5.86 5.04 3.76 2.86 3.90 5.81 7.65 -9999 -9999 -9999 -9999 -9999 -9999 -9999 -9999 -9999 -9999 -9999 -9999 -9999 -9999 -9999 -9999 -9999 -9999 -9999 -9999 -9999 -9999 -9999 -9999 -9999 -9999 -9999 -9999 -9999
-9999 -9999 -9999 13.02 -9999 -9999 -9999 -9999 10.91 11.68 11.39 -9999 -9999 -9999 -9999 -9999 -9999 -9999 -9999 -9999 -9999 8.80 7.45 7.16 7.03 7.05 8.14 7.89 7.28 7.32 6.80 6.81 5.77 6.82 12.40 12.32 11.56 11.22 8.86 7.91 8.08 6.43 4.56 6.32 6.28 3.59 3.30 4.47 5.85 7.64 9.05 -9999 -9999 -9999 -9999 -9999 -9999 -9999 -9999 -9999 -9999 -9999 -9999 -9999 -9999 -9999 -9999 -9999 -9999 -9999 -9999 -9999 -9999 -9999 -9999 -9999 -9999 -9999 -9999
-9999 -9999 -9999 14.16 -9999 -9999 -9999 -9999 -9999 -9999 -9999 -9999 -9999 -9999 -9999 -9999 -9999 -9999 -9999 -9999 -9999 8.81 6.84 5.59 4.96 4.42 10.88 8.44 7.38 9.23 6.89 8.05 4.76 5.09 10.23 13.80 10.41 8.95 12.87 14.37 12.57 9.84 8.18 4.41 4.88 4.62 5.53 5.07 5.68 7.65 8.92 9.51 -9999 -9999 -9999 -9999 -9999 -9999 -9999 -9999 -9999 -9999 -9999 -9999 -9999 -9999 -9999 -9999 -9999 -9999 -9999 -9999 -9999 -9999 -9999 -9999 -9999 -9999 -9999
-9999 -9999 -9999 -9999 -9999 -9999 -9999 -9999 -9999 -9999 -9999 -9999 -9999 -9999 -9999 -9999 -9999 -9999 -9999 -9999 9.41 8.10 6.29 4.92 7.64 3.56 14.69 13.48 6.62 7.67 6.82 6.29 6.80 4.68 5.85 14.00 13.52 11.49 10.07 9.10 10.99 10.17 8.78 6.72 5.51 5.24 5.03 5.10 6.26 6.62 7.15 8.18 -9999 -9999 -9999 -9999 -9999 -9999 -9999 -9999 -9999 -9999 -9999 -9999 -9999 -9999 -9999 -9999 -9999 -9999 -9999 -9999 -9999 -9999 -9999 -9999 -9999 -9999 -9999
-9999 -9999 -9999 -9999 -9999 -9999 -9999 -9999 -9999 -9999 -9999 -9999 -9999 -9999 -9999 -9999 -9999 -9999 -9999 -9999 8.63 8.73 5.78 6.97 13.55 6.91 3.72 8.70 9.75 7.69 7.28 6.64 6.40 5.91 6.62 8.67 16.20 13.15 11.55 9.21 8.78 8.63 6.90 6.53 6.35 6.99 5.60 6.45 5.96 6.24 6.20 6.78 7.62 8.29 8.54 -9999 -9999 -9999 -9999 -9999 -9999 -9999 -9999 -9999 -9999 -9999 -9999 -9999 -9999 -9999 -9999 -9999 -9999 -9999 -9999 -9999 -9999 -9999 -9999
-9999 -9999 -9999 -9999 -9999 -9999 -9999 -9999 -9999 -9999 -9999 -9999 -9999 -9999 -9999 -9999 -9999 -9999 -9999 -9999 8.65 7.91 7.16 9.96 5.85 5.85 7.01 10.83 7.94 6.57 9.91 5.09 7.28 6.59 7.46 7.18 9.83 11.57 10.97 9.87 8.97 6.77 6.78 6.24 5.82 5.62 5.94 5.91 6.19 5.73 5.71 5.98 8.79 7.43 8.53 9.39 9.31 -9999 -9999 -9999 -9999 -9999 -9999 -9999 -9999 -9999 -9999 -9999 -9999 -9999 -9999 -9999 -9999 -9999 -9999 -9999 -9999 -9999 -9999
-9999 -9999 -9999 -9999 -9999 -9999 -9999 -9999 -9999 -9999 -9999 -9999 -9999 -9999 -9999 -9999 -9999 -9999 -9999 -9999 8.71 7.96 8.45 13.13 13.84 9.76 6.46 7.55 8.49 10.87 6.28 9.38 7.63 6.96 8.25 8.15 6.33 6.78 10.78 10.17 9.10 8.07 7.13 6.65 6.63 6.53 6.08 6.30 6.10 5.62 6.04 6.09 6.77 9.15 8.67 8.78 9.97 10.06 8.60 -9999 -9999 -9999 -9999 -9999 -9999 -9999 -9999 -9999 -9999 -9999 -9999 -9999 -9999 -9999 -9999 -9999 -9999 -9999 -9999
-9999 -9999 -9999 -9999 -9999 -9999 -9999 -9999 -9999 -9999 -9999 -9999 -9999 -9999 -9999 -9999 -9999 -9999 -9999 -9999 9.10 7.54 9.25 10.45 6.13 16.84 13.73 6.91 9.12 7.13 10.44 11.10 7.57 6.26 7.63 8.45 6.41 13.10 11.62 11.20 11.59 11.72 10.69 7.51 8.47 7.27 6.87 6.77 6.55 6.36 6.04 5.37 5.87 8.07 7.01 6.61 7.37 8.82 7.54 10.39 -9999 -9999 -9999 -9999 -9999 -9999 -9999 -9999 -9999 -9999 -9999 -9999 -9999 -9999 -9999 -9999 -9999 -9999 -9999
-9999 -9999 -9999 -9999 -9999 -9999 -9999 -9999 11.59 12.19 12.97 -9999 -9999 -9999 -9999 -9999 -9999 -9999 -9999 -9999 -9999 8.54 7.13 5.75 7.67 9.31 12.10 6.33 3.95 8.76 8.04 7.35 6.40 8.24 8.73 7.80 8.46 10.82 10.72 13.95 12.71 10.52 9.85 10.31 8.82 7.71 7.36 7.05 7.06 6.42 5.83 9.65 8.44 11.11 11.35 10.15 9.09 6.70 9.45 10.06 9.40 -9999 -9999 -9999 -9999 -9999 -9999 -9999 -9999 -9999 -9999 -9999 -9999 -9999 -9999 -9999 -9999 -9999 -9999
-9999 -9999 -9999 -9999 -9999 -9999 -9999 -9999 9.27 9.84 -9999 -9999 -9999 -9999 -9999 -9999 -9999 -9999 -9999 -9999 -9999 -9999 7.37 4.72 8.23 8.45 15.40 8.02 8.07 7.11 5.16 4.57 5.26 5.32 12.97 7.46 8.42 12.78 10.33 7.66 7.05 11.15 7.57 10.24 8.52 7.55 7.17 7.14 6.79 7.11 9.05 9.80 8.78 8.17 7.55 8.54 9.49 8.97 9.23 9.02 11.26 -9999 -9999 -9999 -9999 -9999 -9999 -9999 -9999 -9999 -9999 -9999 -9999 -9999 -9999 -9999 -9999 -9999 -9999
-9999 -9999 -9999 -9999 -9999 -9999 -9999 9.00 10.93 10.65 10.86 -9999 -9999 -9999 -9999 -9999 -9999 -9999 -9999 -9999 -9999 -9999 8.15 9.05 9.40 9.44 7.26 8.87 6.97 6.38 5.41 4.77 6.63 5.47 4.25 12.49 8.52 7.62 11.07 9.20 11.82 9.15 9.49 8.16 7.97 7.67 7.68 7.05 6.64 7.59 8.55 7.55 8.14 8.85 8.34 8.74 8.58 8.81 8.97 7.57 10.55 9.92 -9999 -9999 -9999 -9999 -9999 -9999 -9999 -9999 -9999 -9999 -9999 -9999 -9999 -9999 -9999 -9999 -9999
-9999 -9999 -9999 -9999 -9999 -9999 8.60 11.78 12.70 15.80 10.59 -9999 -9999 -9999 -9999 -9999 -9999 -9999 -9999 -9999 -9999 -9999 9.34 12.63 9.57 5.54 7.04 6.63 7.26 5.60 4.90 5.78 6.90 4.65 10.42 7.71 10.64 7.86 12.25 7.18 8.51 6.77 8.93 7.57 7.94 8.24 7.25 7.17 6.38 6.23 8.87 9.14 8.60 7.43 7.54 7.18 7.30 7.64 9.07 9.03 8.72 9.84 -9999 -9999 -9999 -9999 -9999 -9999 -9999 -9999 -9999 -9999 -9999 -9999 -9999 -9999 -9999 -9999 -9999
-9999 -9999 -9999 -9999 -9999 10.16 9.05 14.69 11.54 11.31 -9999 -9999 -9999 -9999 -9999 -9999 -9999 -9999 -9999 -9999 -9999 -9999 -9999 8.83 6.62 5.91 8.09 5.85 7.85 6.22 5.67 5.40 6.27 4.94 10.57 10.28 11.31 10.77 11.70 11.64 11.64 10.25 9.68 9.83 9.25 7.50 7.25 6.94 6.04 5.85 6.45 10.56 9.34 6.85 6.31 6.35 6.07 6.13 6.13 6.45 6.34 7.50 9.34 10.36 -9999 -9999 -9999 -9999 -9999 -9999 -9999 -9999 -9999 -9999 -9999 -9999 -9999 -9999 -9999
-9999 -9999 -9999 -9999 -9999 12.27 13.11 9.16 9.48 10.28 -9999 -9999 -9999 -9999 -9999 -9999 -9999 -9999 -9999 -9999 -9999 -9999 -9999 -9999 7.46 7.71 7.00 6.21 7.47 6.97 6.92 6.22 6.82 4.93 10.43 9.55 8.70 10.90 9.95 9.30 13.36 13.14 9.58 11.04 9.77 9.14 7.32 6.76 6.22 5.94 6.18 7.03 7.42 6.73 6.64 6.46 6.34 5.99 5.82 5.93 6.20 9.03 9.59 9.60 -9999 -9999 -9999 -9999 -9999 -9999 -9999 -9999 -9999 -9999 -9999 -9999 -9999 -9999 -9999
-9999 -9999 -9999 -9999 -9999 12.88 11.05 11.35 10.54 -9999 -9999 -9999 -9999 -9999 -9999 -9999 -9999 -9999 -9999 -9999 -9999 -9999 -9999 -9999 8.67 8.33 7.66 -9999 7.91 -9999 7.40 6.14 5.34 4.48 4.57 9.64 9.06 9.47 12.77 6.59 7.54 12.83 10.88 10.14 9.94 8.77 7.59 7.32 7.38 6.83 6.58 6.62 7.39 8.40 7.29 7.71 6.67 5.88 6.79 7.94 7.57 7.07 7.25 9.15 11.23 12.13 -9999 -9999 -9999 -9999 -9999 -9999 -9999 -9999 -9999 -9999 -9999 -9999 -9999
-9999 -9999 -9999 -9999 12.91 11.49 10.91 -9999 -9999 -9999 -9999 -9999 -9999 -9999 -9999 -9999 -9999 -9999 -9999 -9999 -9999 -9999 -9999 -9999 9.89 8.72 7.83 -9999 -9999 -9999 7.39 7.58 4.57 5.41 6.50 5.48 5.75 7.52 11.42 11.37 6.54 10.51 12.08 9.35 10.48 9.44 8.45 6.94 7.19 6.95 6.79 6.72 6.89 7.26 7.22 7.50 6.28 6.68 7.68 8.42 8.65 8.44 7.69 7.91 9.43 11.07 -9999 -9999 -9999 -9999 -9999 -9999 -9999 -9999 -9999 -9999 -9999 -9999 -9999
-9999 -9999 -9999 -9999 -9999 -9999 -9999 -9999 -9999 -9999 -9999 -9999 -9999 -9999 -9999 -9999 -9999 -9999 -9999 -9999 -9999 -9999 -9999 -9999 -9999 -9999 -9999 -9999 -9999 8.39 6.79 6.29 7.77 8.64 9.08 8.87 7.46 7.86 10.48 10.28 8.48 6.53 9.69 10.97 9.37 8.61 7.97 7.44 7.30 7.46 6.95 6.74 6.76 6.75 6.69 6.26 7.08 9.42 7.76 8.27 7.49 7.57 6.86 7.81 9.20 -9999 -9999 -9999 -9999 -9999 -9999 -9999 -9999 -9999 -9999 -9999 -9999 -9999 -9999
-9999 -9999 -9999 -9999 -9999 -9999 -9999 -9999 -9999 -9999 -9999 -9999 -9999 -9999 -9999 -9999 -9999 -9999 -9999 -9999 -9999 -9999 -9999 -9999 -9999 -9999 -9999 -9999 -9999 7.86 6.58 7.61 9.81 12.22 10.86 7.88 9.00 6.42 6.97 6.56 8.27 8.89 9.53 9.86 9.57 8.45 8.13 7.89 7.26 7.44 6.93 6.87 6.91 6.93 6.78 6.29 6.73 10.08 9.00 7.22 6.84 6.68 6.64 7.75 9.51 -9999 -9999 -9999 -9999 -9999 -9999 -9999 -9999 -9999 -9999 -9999 -9999 -9999 -9999
-9999 -9999 -9999 -9999 -9999 -9999 -9999 -9999 -9999 -9999 -9999 -9999 -9999 -9999 -9999 -9999 -9999 -9999 -9999 -9999 -9999 -9999 -9999 -9999 -9999 -9999 -9999 -9999 -9999 7.03 5.92 6.16 8.57 9.61 9.07 8.18 7.85 6.95 7.51 6.55 6.50 7.38 5.94 9.81 8.61 9.55 8.38 8.16 7.10 6.96 7.13 7.10 7.14 7.04 6.93 6.65 6.34 7.93 8.42 7.38 6.71 6.73 6.65 7.61 9.25 -9999 -9999 -9999 -9999 -9999 -9999 -9999 -9999 -9999 -9999 -9999 -9999 -9999 -9999
-9999 -9999 -9999 -9999 -9999 -9999 -9999 -9999 -9999 -9999 -9999 -9999 -9999 -9999 -9999 -9999 -9999 -9999 -9999 -9999 -9999 -9999 -9999 -9999 -9999 -9999 -9999 9.40 7.83 6.33 5.73 7.94 9.30 11.83 8.67 10.24 5.90 7.06 6.99 7.95 8.43 8.19 9.91 6.72 7.10 7.21 7.25 6.92 7.78 7.06 7.13 7.47 7.20 7.14 7.11 6.78 6.51 6.46 7.88 7.26 6.63 6.59 6.65 7.20 8.67 10.20 -9999 -9999 -9999 -9999 -9999 -9999 -9999 -9999 -9999 -9999 -9999 -9999 -9999
-9999 -9999 -9999 -9999 -9999 -9999 -9999 -9999 -9999 -9999 -9999 -9999 -9999 -9999 -9999 -9999 -9999 -9999 -9999 -9999 -9999 -9999 -9999 -9999 -9999 -9999 -9999 8.69 6.97 6.10 5.74 6.15 8.71 6.59 6.69 5.41 6.88 9.82 7.65 8.86 8.29 9.37 6.20 9.75 7.81 8.95 8.70 8.81 7.79 7.49 7.26 7.19 7.19 7.24 7.14 6.95 6.58 6.27 6.61 7.58 6.99 6.62 6.73 6.91 8.01 9.62 -9999 -9999 -9999 -9999 -9999 -9999 -9999 -9999 -9999 -9999 -9999 -9999 -9999
-9999 -9999 -9999 -9999 -9999 -9999 -9999 -9999 -9999 -9999 -9999 -9999 -9999 -9999 -9999 -9999 -9999 -9999 -9999 -9999 -9999 -9999 -9999 -9999 -9999 -9999 -9999 8.70 6.86 6.29 6.00 6.18 6.55 6.82 6.21 5.45 6.89 7.44 6.95 8.44 10.48 8.19 7.66 6.47 8.23 6.75 7.46 8.17 8.53 7.78 7.58 7.19 7.18 7.29 7.21 7.02 6.75 6.47 6.51 7.43 8.01 7.06 6.71 6.93 7.46 8.60 10.04 -9999 -9999 -9999 -9999 -9999 -9999 -9999 -9999 -9999 -9999 -9999 -9999
-9999 -9999 -9999 -9999 -9999 -9999 -9999 -9999 -9999 -9999 -9999 -9999 -9999 -9999 -9999 -9999 -9999 -9999 -9999 -9999 -9999 -9999 -9999 -9999 -9999 -9999 -9999 8.44 6.99 6.57 6.56 6.33 6.16 5.86 6.55 7.64 5.62 5.81 6.84 10.85 10.69 11.53 10.09 8.18 7.91 8.37 7.17 6.76 7.86 8.32 7.51 7.21 7.26 7.15 7.17 7.12 7.02 6.81 6.70 7.93 8.92 7.87 7.49 7.57 7.43 7.76 9.09 10.45 -9999 -9999 -9999 -9999 -9999 -9999 -9999 -9999 -9999 -9999 -9999
-9999 -9999 -9999 -9999 -9999 -9999 -9999 -9999 -9999 -9999 -9999 -9999 -9999 -9999 -9999 -9999 -9999 -9999 -9999 -9999 -9999 -9999 -9999 -9999 -9999 -9999 -9999 8.41 6.81 6.43 6.31 6.09 5.70 6.20 5.90 7.10 7.60 9.21 10.41 11.07 8.48 10.04 8.80 8.70 7.38 8.49 7.96 7.33 6.87 6.85 7.18 7.10 7.19 7.20 7.24 7.19 7.24 7.26 7.21 7.41 8.30 8.12 7.82 7.97 8.04 7.88 8.07 9.54 -9999 -9999 -9999 -9999 -9999 -9999 -9999 -9999 -9999 -9999 -9999
-9999 -9999 -9999 -9999 -9999 -9999 -9999 -9999 -9999 -9999 -9999 -9999 -9999 -9999 -9999 -9999 -9999 -9999 -9999 -9999 -9999 -9999 -9999 -9999 -9999 -9999 -9999 -9999 6.84 6.50 6.24 5.83 6.31 7.98 8.00 8.78 7.88 7.56 9.33 8.86 9.86 8.96 7.19 6.01 6.62 6.54 7.78 7.15 6.98 7.52 7.36 6.93 7.16 7.07 7.16 7.10 7.22 7.40 7.52 7.62 7.49 7.78 8.04 8.33 -9999 8.43 8.79 9.66 11.22 -9999 -9999 -9999 -9999 -9999 -9999 -9999 -9999 -9999 -9999
-9999 -9999 -9999 -9999 -9999 -9999 -9999 -9999 -9999 -9999 -9999 -9999 -9999 -9999 -9999 -9999 -9999 -9999 -9999 -9999 -9999 -9999 -9999 -9999 -9999 -9999 -9999 8.23 6.79 6.41 5.87 5.65 6.00 9.42 9.85 8.16 10.57 10.02 8.45 8.07 11.44 9.47 9.62 7.40 5.82 7.57 6.52 6.19 6.97 7.15 6.81 7.00 6.80 6.82 6.88 7.05 7.04 7.12 8.41 7.81 7.24 8.42 7.82 8.03 8.20 -9999 9.42 10.22 11.49 12.47 -9999 -9999 -9999 -9999 -9999 -9999 -9999 -9999 -9999
-9999 -9999 -9999 -9999 -9999 -9999 -9999 -9999 -9999 -9999 -9999 -9999 -9999 -9999 -9999 -9999 -9999 -9999 -9999 -9999 -9999 -9999 -9999 -9999 -9999 -9999 -9999 8.03 6.63 6.33 5.90 7.28 6.52 7.40 9.92 7.18 7.56 7.92 6.43 6.46 9.59 8.81 8.71 6.07 7.71 8.50 6.59 7.60 7.00 7.52 7.26 6.92 6.59 6.60 6.69 6.77 6.74 6.73 6.90 7.35 6.62 6.90 7.51 7.11 7.95 8.56 -9999 -9999 -9999 -9999 -9999 -9999 -9999 -9999 -9999 -9999 -9999 -9999 -9999
-9999 -9999 -9999 -9999 -9999 -9999 -9999 -9999 -9999 -9999 -9999 -9999 -9999 -9999 -9999 -9999 -9999 -9999 -9999 -9999 -9999 -9999 -9999 -9999 -9999 -9999 9.67 7.53 6.50 7.12 6.71 6.84 6.53 7.27 7.37 6.95 6.82 6.53 6.42 6.87 9.07 10.92 10.92 7.10 9.20 8.63 6.63 7.03 6.33 6.96 7.17 6.67 6.37 6.64 6.66 6.65 6.79 6.67 6.77 6.88 6.81 6.70 7.93 7.40 7.41 7.83 9.05 10.36 -9999 -9999 -9999 -9999 -9999 -9999 -9999 -9999 -9999 -9999 -9999
-9999 -9999 -9999 -9999 -9999 -9999 -9999 -9999 -9999 -9999 -9999 -9999 -9999 -9999 -9999 -9999 -9999 -9999 -9999 -9999 -9999 -9999 -9999 -9999 -9999 -9999 -9999 7.73 6.61 6.55 6.83 8.38 6.59 6.31 6.25 6.71 7.03 6.64 6.50 6.50 6.55 9.65 10.53 11.28 8.88 9.07 8.21 7.36 7.76 6.06 6.17 6.99 6.39 6.50 6.49 6.52 6.76 6.69 6.70 6.93 6.74 6.51 6.66 8.65 7.66 7.36 7.84 8.84 10.07 11.39 -9999 -9999 -9999 -9999 -9999 -9999 -9999 -9999 -9999
-9999 -9999 -9999 -9999 -9999 -9999 -9999 -9999 -9999 -9999 -9999 -9999 -9999 -9999 -9999 -9999 -9999 -9999 -9999 -9999 -9999 -9999 -9999 -9999 -9999 -9999 -9999 7.73 7.00 6.52 6.63 6.79 6.87 6.54 6.09 6.27 6.06 5.95 6.08 6.20 6.83 6.24 10.01 12.19 12.50 10.22 8.81 8.20 7.05 7.32 6.45 7.39 6.56 6.61 6.49 6.52 6.61 6.68 6.92 6.89 6.73 6.50 6.92 8.63 8.07 8.19 7.30 7.60 8.66 10.08 -9999 -9999 -9999 -9999 -9999 -9999 -9999 -9999 -9999
-9999 -9999 -9999 -9999 -9999 -9999 -9999 12.60 11.65 11.96 13.01 -9999 -9999 -9999 -9999 -9999 -9999 -9999 -9999 -9999 -9999 -9999 -9999 -9999 -9999 -9999 8.37 7.24 7.47 6.82 7.44 6.99 6.46 6.29 6.28 6.12 6.16 6.06 6.13 6.07 6.09 8.53 10.51 10.58 8.56 11.06 10.01 7.24 7.35 5.85 8.13 8.00 6.80 6.75 6.58 6.55 6.61 6.69 6.84 7.08 6.91 6.51 6.67 7.11 8.66 8.45 8.80 7.38 7.44 8.87 10.49 -9999 -9999 -9999 -9999 -9999 -9999 -9999 -9999
-9999 -9999 -9999 -9999 -9999 -9999 -9999 11.87 10.83 10.56 11.17 -9999 -9999 -9999 -9999 -9999 -9999 -9999 -9999 -9999 -9999 -9999 -9999 -9999 -9999 8.50 8.03 7.17 7.40 8.24 7.07 6.96 6.18 6.17 6.35 6.22 6.39 6.51 5.96 5.66 5.67 7.01 11.82 11.84 8.36 9.64 9.10 8.82 6.51 5.91 7.35 7.75 7.06 6.41 6.38 6.53 6.93 6.83 6.76 6.82 7.14 6.73 6.82 6.93 8.45 8.47 8.36 7.54 7.46 8.03 9.71 -9999 -9999 -9999 -9999 -9999 -9999 -9999 -9999
-9999 -9999 -9999 -9999 -9999 14.94 11.94 10.21 10.21 9.85 10.82 10.61 11.72 12.43 -9999 -9999 12.16 10.49 -9999 -9999 -9999 9.22 10.01 9.06 -9999 6.64 8.08 7.34 6.99 7.44 6.94 7.08 7.02 7.47 7.06 7.06 6.30 6.68 6.15 6.03 8.81 6.30 7.98 10.41 6.22 7.65 11.77 7.09 8.69 6.85 7.22 7.30 6.89 6.72 6.69 6.66 6.94 6.63 6.76 6.61 7.24 6.71 6.78 7.02 7.49 8.12 8.89 8.51 7.60 7.53 8.95 10.75 -9999 -9999 -9999 -9999 -9999 -9999 -9999
-9999 -9999 -9999 -9999 -9999 -9999 12.38 10.71 9.86 9.34 9.55 10.52 11.84 9.72 -9999 8.74 9.97 10.64 9.38 10.08 7.48 6.91 10.34 9.81 8.18 -9999 6.06 7.45 7.41 6.86 6.80 7.32 6.69 6.57 6.58 6.49 6.67 6.47 6.87 6.51 9.07 9.27 8.81 9.26 8.67 10.20 10.19 8.65 6.89 6.48 7.84 7.78 6.64 7.13 6.73 7.06 7.16 6.74 6.73 6.57 7.26 6.81 6.90 7.15 7.14 7.83 8.44 9.07 8.33 7.70 8.36 10.07 -9999 -9999 -9999 -9999 -9999 -9999 -9999
