ML/MeanWindSpeed_1992-05_Actual.txt
ncols         180
nrows         290
xllcorner     -200000
yllcorner     -200000
cellsize      5000
NODATA_value  -9999
[rows 140 to 174 of 290, columns 78 to 155 of 180]
-9999 -9999 -9999 13.09 -9999 -9999 -9999 12.06 11.75 10.39 10.61 12.09 -9999 -9999 13.19 11.49 13.40 14.51 -9999 -9999 -9999 -9999 -9999 11.00 9.73 7.76 8.39 9.09 10.08 9.73 10.09 9.79 7.94 9.98 13.43 15.47 13.39 14.73 15.18 15.06 12.50 12.42 12.05 10.45 8.26 7.85 7.60 5.24 5.99 8.15 9.62 -9999 -9999 -9999 -9999 -9999 -9999 -9999 -9999 -9999 -9999 -9999 -9999 -9999 -9999 -9999 -9999 -9999 -9999 -9999 -9999 -9999 -9999 -9999 -9999 -9999 -9999 -9999
-9999 -9999 -9999 13.26 13.07 -9999 -9999 -9999 12.10 12.07 11.80 12.65 -9999 -9999 -9999 -9999 13.99 -9999 -9999 -9999 -9999 -9999 -9999 9.65 8.53 7.77 8.82 10.72 11.18 10.10 9.97 9.04 8.24 8.85 12.23 14.58 12.64 16.69 15.81 16.40 13.58 13.20 13.56 10.57 8.58 7.74 6.20 5.01 5.97 7.78 8.95 -9999 -9999 -9999 -9999 -9999 -9999 -9999 -9999 -9999 -9999 -9999 -9999 -9999 -9999 -9999 -9999 -9999 -9999 -9999 -9999 -9999 -9999 -9999 -9999 -9999 -9999 -9999
-9999 -9999 -9999 -9999 14.12 -9999 -9999 -9999 -9999 12.37 13.13 13.19 -9999 -9999 -9999 -9999 -9999 -9999 -9999 -9999 -9999 -9999 10.56 9.15 8.91 9.23 9.67 11.42 11.49 10.65 10.38 9.37 8.97 8.21 10.08 15.68 16.99 17.12 16.45 13.86 12.54 12.43 10.59 8.18 9.20 8.79 6.11 5.42 6.34 7.43 8.17 8.85 -9999 -9999 -9999 -9999 -9999 -9999 -9999 -9999 -9999 -9999 -9999 -9999 -9999 -9999 -9999 -9999 -9999 -9999 -9999 -9999 -9999 -9999 -9999 -9999 -9999 -9999
-9999 -9999 -9999 -9999 15.14 -9999 -9999 -9999 -9999 -9999 -9999 -9999 -9999 -9999 -9999 -9999 -9999 -9999 -9999 -9999 -9999 -9999 10.31 8.69 7.94 8.08 7.57 13.51 12.23 11.17 12.03 9.60 10.15 6.97 8.09 13.49 17.54 15.95 14.61 17.20 17.80 15.79 13.28 11.37 7.46 7.43 6.86 7.24 6.69 6.79 7.50 8.18 8.97 -9999 -9999 -9999 -9999 -9999 -9999 -9999 -9999 -9999 -9999 -9999 -9999 -9999 -9999 -9999 -9999 -9999 -9999 -9999 -9999 -9999 -9999 -9999 -9999 -9999
-9999 -9999 -9999 -9999 -9999 -9999 -9999 -9999 -9999 -9999 -9999 -9999 -9999 -9999 -9999 -9999 -9999 -9999 -9999 -9999 -9999 10.31 9.27 8.15 7.92 11.09 7.62 18.00 18.01 11.33 11.19 9.93 8.63 8.73 7.48 9.66 17.20 17.27 15.76 14.29 13.04 14.15 12.94 11.25 9.06 7.70 7.02 6.50 6.43 6.91 6.37 6.47 7.62 -9999 -9999 -9999 -9999 -9999 -9999 -9999 -9999 -9999 -9999 -9999 -9999 -9999 -9999 -9999 -9999 -9999 -9999 -9999 -9999 -9999 -9999 -9999 -9999 -9999
-9999 -9999 -9999 -9999 -9999 -9999 -9999 -9999 -9999 -9999 -9999 -9999 -9999 -9999 -9999 -9999 -9999 -9999 -9999 -9999 -9999 9.02 9.30 7.52 10.21 16.82 11.23 9.41 14.34 14.32 11.58 10.60 9.04 8.29 7.96 9.28 11.39 18.11 16.19 15.47 13.57 12.91 12.01 9.61 8.65 8.13 8.34 6.86 7.26 6.35 6.02 5.62 6.19 7.53 8.89 9.59 -9999 -9999 -9999 -9999 -9999 -9999 -9999 -9999 -9999 -9999 -9999 -9999 -9999 -9999 -9999 -9999 -9999 -9999 -9999 -9999 -9999 -9999
-9999 -9999 -9999 -9999 -9999 -9999 -9999 -9999 -9999 -9999 -9999 -9999 -9999 -9999 -9999 -9999 -9999 -9999 -9999 -9999 -9999 8.70 8.13 8.22 12.19 10.07 10.60 11.95 14.70 11.52 10.06 12.38 7.67 8.86 8.06 9.21 9.97 12.98 15.22 15.02 13.99 13.12 10.98 10.19 8.90 7.82 7.25 7.09 6.66 6.50 5.62 5.21 5.41 8.38 7.94 9.43 10.77 11.19 -9999 -9999 -9999 -9999 -9999 -9999 -9999 -9999 -9999 -9999 -9999 -9999 -9999 -9999 -9999 -9999 -9999 -9999 -9999 -9999
-9999 -9999 -9999 -9999 -9999 -9999 -9999 -9999 -9999 -9999 -9999 -9999 -9999 -9999 -9999 -9999 -9999 -9999 -9999 -9999 -9999 8.76 8.02 9.00 14.25 16.38 13.42 10.13 10.72 10.97 12.48 8.35 10.92 9.08 8.48 10.05 10.60 10.25 11.50 14.73 13.95 12.67 11.52 10.27 9.20 8.54 7.97 7.17 7.07 6.60 5.84 6.09 6.28 7.40 10.08 10.01 10.58 11.82 12.08 11.23 -9999 -9999 -9999 -9999 -9999 -9999 -9999 -9999 -9999 -9999 -9999 -9999 -9999 -9999 -9999 -9999 -9999 -9999
-9999 -9999 -9999 -9999 -9999 -9999 -9999 -9999 -9999 -9999 -9999 -9999 -9999 -9999 -9999 -9999 -9999 -9999 -9999 -9999 -9999 9.50 8.11 10.07 12.12 9.48 19.48 16.52 10.48 11.56 8.95 11.86 11.93 8.92 8.18 9.58 10.47 9.62 16.28 15.15 14.63 14.72 14.35 12.96 9.64 10.02 8.40 7.72 7.50 7.21 7.00 7.01 6.72 7.55 9.99 9.34 9.27 9.87 11.01 10.10 12.75 -9999 -9999 -9999 -9999 -9999 -9999 -9999 -9999 -9999 -9999 -9999 -9999 -9999 -9999 -9999 -9999 -9999
-9999 -9999 -9999 -9999 -9999 -9999 -9999 -9999 -9999 12.53 12.97 13.23 -9999 -9999 -9999 -9999 -9999 -9999 -9999 -9999 -9999 -9999 9.95 9.12 9.17 11.41 12.62 15.09 9.77 7.14 10.84 10.05 8.83 7.95 9.65 10.27 9.66 10.75 13.43 14.04 17.00 15.71 13.35 12.10 12.03 10.28 8.72 8.02 7.64 7.62 7.22 7.29 10.92 10.09 12.99 13.34 12.37 11.43 9.17 11.47 12.01 11.50 -9999 -9999 -9999 -9999 -9999 -9999 -9999 -9999 -9999 -9999 -9999 -9999 -9999 -9999 -9999 -9999
-9999 -9999 -9999 -9999 -9999 -9999 -9999 -9999 -9999 11.31 11.24 -9999 -9999 -9999 -9999 -9999 -9999 -9999 -9999 -9999 -9999 -9999 -9999 9.35 8.00 11.53 11.67 17.78 10.27 10.18 9.43 7.35 6.61 6.96 7.01 14.29 9.70 11.19 15.97 13.99 11.62 10.82 14.19 10.58 12.32 10.11 8.68 7.88 7.65 7.29 7.80 10.14 11.24 10.50 10.31 9.69 10.52 11.31 10.87 11.29 11.06 12.88 -9999 -9999 -9999 -9999 -9999 -9999 -9999 -9999 -9999 -9999 -9999 -9999 -9999 -9999 -9999 -9999
-9999 -9999 -9999 -9999 -9999 -9999 -9999 -9999 10.45 12.17 11.57 11.43 -9999 -9999 -9999 -9999 -9999 -9999 -9999 -9999 -9999 -9999 -9999 9.49 10.66 11.17 12.18 10.29 10.29 8.34 7.80 6.78 6.41 8.12 7.37 7.57 15.19 12.04 11.99 15.16 13.60 15.73 12.91 12.96 11.11 9.90 8.83 8.33 7.54 7.14 8.29 9.87 9.73 10.58 11.17 10.49 10.77 10.36 10.50 10.92 9.57 11.99 11.53 -9999 -9999 -9999 -9999 -9999 -9999 -9999 -9999 -9999 -9999 -9999 -9999 -9999 -9999 -9999
-9999 -9999 -9999 -9999 -9999 -9999 -9999 9.83 12.15 12.79 15.75 11.32 -9999 -9999 -9999 -9999 -9999 -9999 -9999 -9999 -9999 -9999 -9999 10.57 13.67 11.10 8.23 9.54 8.07 8.21 6.62 5.87 6.72 7.94 6.52 12.71 11.23 14.14 12.13 16.32 11.75 12.98 11.23 12.53 10.69 10.24 9.47 7.97 7.64 7.12 7.42 10.47 11.32 11.13 9.98 9.81 9.44 9.33 9.48 10.93 10.89 10.57 11.54 -9999 -9999 -9999 -9999 -9999 -9999 -9999 -9999 -9999 -9999 -9999 -9999 -9999 -9999 -9999
-9999 -9999 -9999 -9999 -9999 -9999 11.04 9.69 14.59 12.33 12.51 -9999 -9999 -9999 -9999 -9999 -9999 -9999 -9999 -9999 -9999 -9999 -9999 -9999 10.78 8.73 7.65 9.47 7.00 8.67 7.01 6.34 6.22 7.06 5.99 11.76 12.73 14.33 14.13 15.34 15.07 15.07 14.12 12.93 12.45 11.49 9.01 8.10 7.69 7.29 7.28 8.37 12.36 11.35 9.17 8.47 8.38 8.04 8.21 8.55 8.77 8.47 9.35 11.01 12.27 -9999 -9999 -9999 -9999 -9999 -9999 -9999 -9999 -9999 -9999 -9999 -9999 -9999
-9999 -9999 -9999 -9999 -9999 -9999 12.33 12.90 10.15 11.41 12.25 -9999 -9999 -9999 -9999 -9999 -9999 -9999 -9999 -9999 -9999 -9999 -9999 -9999 -9999 9.15 8.61 7.98 7.12 8.38 7.82 7.60 7.11 7.83 6.39 12.01 11.72 11.37 14.06 13.51 12.59 15.83 15.79 12.71 13.41 11.72 10.63 8.43 7.69 7.43 7.28 7.79 8.84 9.08 8.41 8.22 8.02 8.00 7.98 8.31 8.33 8.27 10.49 10.94 11.13 -9999 -9999 -9999 -9999 -9999 -9999 -9999 -9999 -9999 -9999 -9999 -9999 -9999
-9999 -9999 -9999 -9999 -9999 -9999 13.03 11.63 12.35 12.15 -9999 -9999 -9999 -9999 -9999 -9999 -9999 -9999 -9999 -9999 -9999 -9999 -9999 -9999 -9999 9.74 9.19 8.61 -9999 8.92 -9999 8.15 7.49 7.39 6.97 8.13 12.66 11.71 12.55 15.93 10.16 10.96 15.52 14.05 13.10 11.93 10.24 8.63 7.95 7.74 7.42 7.57 8.05 8.78 9.42 8.33 8.72 8.05 7.79 8.77 9.66 9.16 8.59 8.62 10.35 12.52 13.65 -9999 -9999 -9999 -9999 -9999 -9999 -9999 -9999 -9999 -9999 -9999
-9999 -9999 -9999 -9999 -9999 13.44 12.55 12.15 -9999 -9999 -9999 -9999 -9999 -9999 -9999 -9999 -9999 -9999 -9999 -9999 -9999 -9999 -9999 -9999 -9999 10.82 9.79 8.88 -9999 -9999 -9999 8.15 8.87 6.83 8.04 9.70 8.99 8.67 10.30 14.12 13.94 10.10 13.80 14.96 12.50 12.70 11.00 9.47 7.65 7.61 7.38 7.41 7.74 8.16 8.39 8.23 8.45 7.59 8.49 9.50 10.05 10.17 9.96 9.14 9.34 10.94 12.68 -9999 -9999 -9999 -9999 -9999 -9999 -9999 -9999 -9999 -9999 -9999
-9999 -9999 -9999 -9999 -9999 -9999 -9999 -9999 -9999 -9999 -9999 -9999 -9999 -9999 -9999 -9999 -9999 -9999 -9999 -9999 -9999 -9999 -9999 -9999 -9999 -9999 -9999 -9999 -9999 -9999 8.98 7.31 7.28 9.20 10.24 10.85 11.16 9.93 10.43 13.12 12.72 11.28 10.13 12.59 13.49 11.85 10.52 9.27 8.21 7.79 7.84 7.52 7.62 7.94 8.02 7.89 7.42 8.26 10.87 9.87 10.33 9.46 9.35 8.51 9.51 10.98 -9999 -9999 -9999 -9999 -9999 -9999 -9999 -9999 -9999 -9999 -9999 -9999
-9999 -9999 -9999 -9999 -9999 -9999 -9999 -9999 -9999 -9999 -9999 -9999 -9999 -9999 -9999 -9999 -9999 -9999 -9999 -9999 -9999 -9999 -9999 -9999 -9999 -9999 -9999 -9999 -9999 -9999 8.38 6.96 8.34 11.31 13.50 12.29 9.85 10.71 9.13 10.14 9.60 10.86 11.60 12.47 12.41 11.58 10.26 9.35 8.68 7.94 8.08 7.72 7.89 8.09 8.18 8.05 7.52 8.03 11.50 11.14 9.61 9.04 8.66 8.33 9.37 11.16 -9999 -9999 -9999 -9999 -9999 -9999 -9999 -9999 -9999 -9999 -9999 -9999
-9999 -9999 -9999 -9999 -9999 -9999 -9999 -9999 -9999 -9999 -9999 -9999 -9999 -9999 -9999 -9999 -9999 -9999 -9999 -9999 -9999 -9999 -9999 -9999 -9999 -9999 -9999 -9999 -9999 -9999 7.47 6.31 7.15 10.34 11.65 11.24 10.21 9.95 9.71 10.33 9.46 9.52 9.95 8.96 12.37 10.58 11.06 9.73 9.31 8.33 8.22 8.37 8.44 8.52 8.42 8.26 7.92 7.86 9.79 10.60 9.79 8.98 8.64 8.27 9.05 10.61 -9999 -9999 -9999 -9999 -9999 -9999 -9999 -9999 -9999 -9999 -9999 -9999
-9999 -9999 -9999 -9999 -9999 -9999 -9999 -9999 -9999 -9999 -9999 -9999 -9999 -9999 -9999 -9999 -9999 -9999 -9999 -9999 -9999 -9999 -9999 -9999 -9999 -9999 -9999 -9999 10.18 8.39 6.69 6.11 8.75 10.98 13.68 10.89 11.91 8.19 9.14 9.15 10.56 11.50 11.03 12.23 9.43 9.25 9.10 8.89 8.53 9.34 8.80 8.83 9.07 8.81 8.68 8.56 8.14 8.08 8.57 10.06 9.65 8.88 8.43 8.22 8.51 9.79 11.42 -9999 -9999 -9999 -9999 -9999 -9999 -9999 -9999 -9999 -9999 -9999
-9999 -9999 -9999 -9999 -9999 -9999 -9999 -9999 -9999 -9999 -9999 -9999 -9999 -9999 -9999 -9999 -9999 -9999 -9999 -9999 -9999 -9999 -9999 -9999 -9999 -9999 -9999 -9999 9.29 7.35 6.40 6.10 7.06 10.17 8.71 8.64 7.36 8.68 11.25 9.66 11.40 11.07 12.13 9.15 12.01 10.00 10.83 10.27 10.20 9.39 9.31 9.12 8.94 8.88 8.85 8.63 8.32 8.03 8.11 8.71 9.75 9.15 8.38 8.24 8.12 8.89 10.57 -9999 -9999 -9999 -9999 -9999 -9999 -9999 -9999 -9999 -9999 -9999
-9999 -9999 -9999 -9999 -9999 -9999 -9999 -9999 -9999 -9999 -9999 -9999 -9999 -9999 -9999 -9999 -9999 -9999 -9999 -9999 -9999 -9999 -9999 -9999 -9999 -9999 -9999 -9999 9.20 7.14 6.50 6.33 7.11 8.39 8.84 8.16 7.65 9.01 9.75 9.51 11.05 12.73 10.68 10.21 8.94 10.06 8.67 9.14 9.68 10.04 9.52 9.35 8.93 8.88 8.88 8.69 8.37 8.08 7.94 8.26 9.24 9.71 8.63 8.13 8.04 8.17 9.36 11.04 -9999 -9999 -9999 -9999 -9999 -9999 -9999 -9999 -9999 -9999
-9999 -9999 -9999 -9999 -9999 -9999 -9999 -9999 -9999 -9999 -9999 -9999 -9999 -9999 -9999 -9999 -9999 -9999 -9999 -9999 -9999 -9999 -9999 -9999 -9999 -9999 -9999 -9999 8.91 7.22 6.77 6.81 7.00 7.47 7.86 8.67 9.65 8.24 8.75 9.71 13.25 13.24 13.50 11.93 10.08 9.48 9.86 8.82 8.48 9.53 10.05 9.28 8.88 8.85 8.68 8.58 8.43 8.30 8.12 8.32 9.67 10.52 9.46 8.93 8.69 8.25 8.41 9.86 11.47 -9999 -9999 -9999 -9999 -9999 -9999 -9999 -9999 -9999
-9999 -9999 -9999 -9999 -9999 -9999 -9999 -9999 -9999 -9999 -9999 -9999 -9999 -9999 -9999 -9999 -9999 -9999 -9999 -9999 -9999 -9999 -9999 -9999 -9999 -9999 -9999 -9999 8.91 7.10 6.69 6.60 6.63 6.72 7.96 8.15 8.99 9.71 11.45 12.63 13.64 11.95 12.94 10.99 10.31 8.87 9.93 9.37 8.84 8.62 8.74 8.95 8.71 8.66 8.60 8.57 8.47 8.51 8.57 8.79 9.41 10.21 9.89 9.32 9.18 9.00 8.64 8.73 10.34 -9999 -9999 -9999 -9999 -9999 -9999 -9999 -9999 -9999
-9999 -9999 -9999 -9999 -9999 -9999 -9999 -9999 -9999 -9999 -9999 -9999 -9999 -9999 -9999 -9999 -9999 -9999 -9999 -9999 -9999 -9999 -9999 -9999 -9999 -9999 -9999 -9999 -9999 7.13 6.80 6.58 6.37 7.00 9.08 9.61 10.17 9.38 9.38 11.37 11.68 13.18 12.44 10.29 8.33 8.49 8.32 9.03 8.33 8.35 9.07 8.90 8.36 8.42 8.33 8.40 8.32 8.43 8.64 8.96 9.42 9.36 9.38 9.49 9.58 -9999 9.32 9.61 10.50 12.21 -9999 -9999 -9999 -9999 -9999 -9999 -9999 -9999
-9999 -9999 -9999 -9999 -9999 -9999 -9999 -9999 -9999 -9999 -9999 -9999 -9999 -9999 -9999 -9999 -9999 -9999 -9999 -9999 -9999 -9999 -9999 -9999 -9999 -9999 -9999 -9999 8.59 7.04 6.74 6.33 6.18 6.59 10.17 11.08 9.74 12.09 11.91 10.70 10.72 13.94 12.58 12.64 9.83 7.96 9.20 7.81 7.24 7.86 8.22 8.12 8.24 7.97 7.99 8.05 8.22 8.20 8.28 9.53 9.22 8.72 9.61 9.04 9.38 9.39 -9999 10.44 11.26 12.63 13.69 -9999 -9999 -9999 -9999 -9999 -9999 -9999
-9999 -9999 -9999 -9999 -9999 -9999 -9999 -9999 -9999 -9999 -9999 -9999 -9999 -9999 -9999 -9999 -9999 -9999 -9999 -9999 -9999 -9999 -9999 -9999 -9999 -9999 -9999 -9999 8.24 6.73 6.56 6.34 7.74 7.26 8.64 11.38 9.29 9.72 10.16 8.97 9.00 12.10 11.83 11.53 8.63 9.53 9.69 7.60 8.21 7.56 8.19 8.24 8.05 7.72 7.75 7.83 7.90 7.85 7.83 8.07 8.50 7.81 7.98 8.54 8.40 9.30 9.74 -9999 -9999 -9999 -9999 -9999 -9999 -9999 -9999 -9999 -9999 -9999
-9999 -9999 -9999 -9999 -9999 -9999 -9999 -9999 -9999 -9999 -9999 -9999 -9999 -9999 -9999 -9999 -9999 -9999 -9999 -9999 -9999 -9999 -9999 -9999 -9999 -9999 -9999 9.99 7.68 6.52 7.20 7.04 7.41 7.44 8.84 9.49 9.07 8.90 8.79 8.75 9.02 11.48 13.43 13.32 9.68 10.97 10.00 7.54 7.42 6.73 7.48 8.10 7.96 7.60 7.82 7.82 7.79 7.90 7.79 8.03 8.20 8.04 7.94 9.03 8.74 8.74 9.08 10.24 11.47 -9999 -9999 -9999 -9999 -9999 -9999 -9999 -9999 -9999
-9999 -9999 -9999 -9999 -9999 -9999 -9999 -9999 -9999 -9999 -9999 -9999 -9999 -9999 -9999 -9999 -9999 -9999 -9999 -9999 -9999 -9999 -9999 -9999 -9999 -9999 -9999 -9999 7.90 6.77 6.79 7.29 8.94 7.56 7.87 8.21 8.53 8.78 8.49 8.39 8.48 9.18 12.25 13.23 13.29 10.57 10.46 8.85 7.49 7.60 6.43 7.22 8.39 7.68 7.68 7.64 7.69 7.91 7.83 7.99 8.36 8.07 7.76 7.93 9.80 8.98 8.62 9.03 9.82 11.02 12.45 -9999 -9999 -9999 -9999 -9999 -9999 -9999
-9999 -9999 -9999 -9999 -9999 -9999 -9999 -9999 -9999 -9999 -9999 -9999 -9999 -9999 -9999 -9999 -9999 -9999 -9999 -9999 -9999 -9999 -9999 -9999 -9999 -9999 -9999 -9999 7.94 7.23 6.92 7.21 7.60 7.79 7.86 7.81 8.05 7.87 7.86 8.05 8.46 9.42 9.41 13.11 14.08 13.57 11.39 9.53 8.14 6.84 7.31 7.38 8.73 7.83 7.77 7.63 7.71 7.80 7.84 8.22 8.42 8.25 7.79 8.21 9.82 9.41 9.49 8.48 8.51 9.43 10.90 -9999 -9999 -9999 -9999 -9999 -9999 -9999
-9999 -9999 -9999 -9999 -9999 -9999 -9999 -9999 11.47 10.56 10.99 12.17 -9999 -9999 -9999 -9999 -9999 -9999 -9999 -9999 -9999 -9999 -9999 -9999 -9999 -9999 -9999 8.61 7.52 7.64 7.20 7.94 7.84 7.52 7.59 7.83 7.83 7.93 7.95 8.10 8.44 8.89 11.44 13.39 12.82 10.26 12.14 10.88 7.66 7.29 5.96 8.65 9.13 7.99 7.88 7.67 7.72 7.79 7.85 8.19 8.67 8.57 7.95 8.04 8.57 9.98 9.72 9.85 8.33 8.12 9.49 11.28 -9999 -9999 -9999 -9999 -9999 -9999
-9999 -9999 -9999 -9999 -9999 -9999 -9999 -9999 10.31 9.24 9.14 10.04 -9999 -9999 -9999 -9999 -9999 -9999 -9999 -9999 -9999 -9999 -9999 -9999 -9999 -9999 8.41 8.05 7.46 7.82 8.70 7.79 7.91 7.23 7.34 7.64 7.68 7.99 8.25 7.98 8.11 8.78 10.20 14.51 14.31 10.56 11.14 10.11 9.19 6.62 6.03 7.97 8.90 8.21 7.57 7.48 7.67 8.06 8.04 8.22 8.55 8.93 8.33 8.24 8.45 9.78 9.70 9.55 8.51 8.15 8.60 10.36 -9999 -9999 -9999 -9999 -9999 -9999
-9999 -9999 -9999 -9999 -9999 -9999 13.71 10.57 8.63 8.47 8.20 9.34 9.40 10.74 11.81 -9999 -9999 11.73 10.44 -9999 -9999 -9999 8.38 9.21 8.95 -9999 6.92 8.07 7.67 7.63 8.11 7.75 8.04 7.91 8.34 8.11 8.30 7.82 8.31 8.08 8.54 11.81 9.97 11.57 13.10 8.51 9.20 12.39 7.73 8.47 6.94 8.01 8.52 7.98 7.74 7.70 7.77 8.06 7.89 8.29 8.41 9.05 8.37 8.16 8.34 8.78 9.33 10.01 9.37 8.23 8.08 9.49 11.43 -9999 -9999 -9999 -9999 -9999
-9999 -9999 -9999 -9999 -9999 -9999 -9999 11.03 9.21 8.25 7.70 7.98 9.03 10.68 9.68 -9999 9.79 9.28 9.96 9.19 9.70 7.16 6.04 8.73 9.07 8.52 -9999 6.77 7.96 7.96 7.55 7.50 8.14 7.67 7.53 7.67 7.78 8.12 8.08 8.56 8.77 11.88 12.67 12.30 12.06 10.48 11.39 11.38 9.56 7.38 7.00 8.75 8.90 7.69 8.04 7.73 8.17 8.23 7.92 8.18 8.31 9.10 8.47 8.13 8.15 8.21 8.91 9.46 9.82 8.83 8.08 8.74 10.60 -9999 -9999 -9999 -9999 -9999
