ML/MeanWindSpeed_1998-12_Actual.txt
ncols         180
nrows         290
xllcorner     -200000
yllcorner     -200000
cellsize      5000
NODATA_value  -9999
[rows 170 to 203 of 290, columns 78 to 155 of 180]
-9999 -9999 -9999 -9999 -9999 -9999 -9999 -9999 -9999 -9999 -9999 -9999 -9999 -9999 -9999 -9999 -9999 -9999 -9999 -9999 -9999 -9999 -9999 -9999 -9999 -9999 -9999 -9999 9.93 8.77 8.09 8.28 8.57 8.61 8.23 7.68 7.77 7.29 6.93 6.77 6.67 7.41 7.15 13.03 16.04 16.73 14.28 12.42 11.20 9.37 9.35 8.44 9.66 8.35 8.29 8.08 8.12 8.17 8.11 8.48 8.59 8.24 7.46 8.01 10.46 10.07 10.50 9.32 9.59 10.93 12.88 -9999 -9999 -9999 -9999 -9999 -9999 -9999
-9999 -9999 -9999 -9999 -9999 -9999 -9999 -9999 18.38 17.24 17.81 19.18 -9999 -9999 -9999 -9999 -9999 -9999 -9999 -9999 -9999 -9999 -9999 -9999 -9999 -9999 -9999 10.84 9.12 9.16 8.35 9.27 8.78 8.08 7.84 7.80 7.49 7.39 7.06 6.81 6.58 6.27 9.92 13.53 13.97 11.82 15.37 14.23 10.26 9.80 7.41 10.43 10.36 8.63 8.42 8.14 8.13 8.13 8.04 8.25 8.73 8.46 7.55 7.61 8.31 10.53 10.60 11.15 9.27 9.21 11.10 13.38 -9999 -9999 -9999 -9999 -9999 -9999
-9999 -9999 -9999 -9999 -9999 -9999 -9999 -9999 17.12 15.81 15.75 16.67 -9999 -9999 -9999 -9999 -9999 -9999 -9999 -9999 -9999 -9999 -9999 -9999 -9999 -9999 10.99 10.06 8.82 9.09 10.17 8.77 8.68 7.56 7.46 7.61 7.34 7.52 7.54 6.55 5.90 5.92 8.31 15.45 15.84 11.62 13.69 12.97 12.24 8.69 7.46 9.48 10.10 9.00 7.97 7.86 8.07 8.49 8.20 8.09 8.34 8.76 8.00 7.83 8.00 10.11 10.42 10.54 9.44 9.21 9.93 12.24 -9999 -9999 -9999 -9999 -9999 -9999
-9999 -9999 -9999 -9999 -9999 -9999 21.50 17.35 14.93 14.88 14.58 15.91 15.71 17.22 18.25 -9999 -9999 17.50 15.32 -9999 -9999 -9999 12.42 13.72 12.72 -9999 8.55 9.90 8.86 8.49 9.02 8.38 8.60 8.40 8.89 8.32 8.23 7.26 7.49 6.54 6.59 10.42 7.88 10.92 14.03 8.56 10.65 15.92 9.83 11.21 8.59 9.37 9.51 8.73 8.29 8.19 8.24 8.49 7.96 8.08 8.03 8.86 8.01 7.84 8.09 8.78 9.76 11.04 10.61 9.31 9.23 11.12 13.64 -9999 -9999 -9999 -9999 -9999
-9999 -9999 -9999 -9999 -9999 -9999 -9999 17.99 15.70 14.56 13.80 14.01 15.41 17.20 14.72 -9999 14.07 14.17 14.90 13.41 14.20 10.31 8.89 13.24 13.28 11.27 -9999 7.31 8.86 8.71 7.92 7.94 8.79 8.06 7.76 7.67 7.45 7.57 6.99 6.94 6.74 10.71 11.67 11.64 12.46 11.41 13.52 13.93 11.85 8.95 8.15 10.13 9.99 8.34 8.77 8.27 8.80 8.78 8.11 8.02 7.93 8.94 8.23 8.10 8.26 8.23 9.25 10.28 11.16 10.15 9.30 10.20 12.60 -9999 -9999 -9999 -9999 -9999
-9999 -9999 -9999 -9999 -9999 -9999 -9999 -9999 17.24 15.94 14.54 13.67 13.24 10.96 10.32 17.84 24.25 11.96 14.73 14.58 13.75 11.54 8.07 7.89 10.60 12.76 9.74 7.01 7.19 8.12 7.47 7.83 9.34 8.50 7.90 7.32 7.34 7.28 6.76 6.43 6.48 12.24 13.73 11.73 12.23 10.01 9.34 11.14 11.14 8.70 8.20 9.55 8.79 8.14 8.76 8.36 9.44 8.73 8.52 8.26 8.19 9.76 8.75 8.46 8.51 8.32 8.92 9.62 9.83 10.19 10.61 9.44 11.63 14.28 -9999 -9999 -9999 -9999
-9999 -9999 -9999 -9999 -9999 -9999 -9999 -9999 -9999 18.24 15.01 12.78 10.54 9.15 12.20 27.78 19.81 9.87 15.50 10.78 14.24 13.95 9.49 6.76 13.37 10.87 10.95 8.90 7.01 7.00 6.97 6.45 7.97 8.63 8.19 7.65 7.11 7.20 6.71 6.19 8.05 9.78 14.21 12.11 13.14 11.99 7.52 10.17 12.11 8.69 8.58 9.33 8.52 8.31 8.46 8.38 9.55 8.67 8.47 8.70 8.52 9.58 9.46 8.86 8.71 8.59 8.78 9.49 10.85 9.81 9.14 9.23 11.10 13.83 -9999 -9999 -9999 -9999
-9999 -9999 -9999 -9999 -9999 -9999 -9999 -9999 -9999 -9999 15.09 11.67 10.94 12.50 23.93 27.66 19.96 14.45 13.39 13.67 14.99 15.40 14.42 9.20 8.01 13.64 10.58 9.17 8.08 6.89 6.70 7.01 7.54 8.14 7.63 7.03 7.08 6.93 6.63 6.82 7.86 10.47 12.08 9.99 10.52 12.21 9.95 7.39 11.79 8.68 8.46 9.09 8.25 8.19 8.12 8.79 9.53 8.83 8.69 8.73 8.37 10.16 9.59 9.15 9.07 8.99 9.35 9.31 9.41 9.07 8.95 9.35 11.58 14.08 -9999 -9999 -9999 -9999
-9999 -9999 -9999 -9999 -9999 -9999 -9999 -9999 -9999 -9999 14.12 11.80 13.71 16.29 19.66 24.50 16.12 11.58 13.31 15.47 15.37 16.34 14.24 9.82 6.79 13.73 13.18 10.15 8.89 6.83 6.47 7.12 8.45 8.17 7.68 7.21 6.47 6.07 6.54 8.64 8.64 7.18 12.49 9.95 10.56 12.41 12.14 9.82 8.85 7.99 6.70 8.27 9.00 7.99 7.98 7.96 8.74 8.60 9.09 8.89 8.79 9.57 10.30 9.85 9.79 9.50 9.45 9.24 8.94 8.83 9.40 10.71 12.80 -9999 -9999 -9999 -9999 -9999
-9999 -9999 -9999 -9999 -9999 -9999 -9999 -9999 -9999 -9999 12.46 11.83 13.44 13.78 19.74 18.72 14.65 14.92 12.22 13.23 15.84 14.28 16.39 12.50 7.82 12.57 13.67 12.63 8.88 7.49 6.42 7.61 9.11 8.84 7.74 6.89 6.25 6.48 7.96 8.42 6.93 6.95 10.46 10.33 10.07 10.15 9.49 9.54 10.17 6.62 7.46 7.80 7.50 7.96 7.63 8.70 8.06 8.54 9.01 9.05 9.55 11.88 11.03 10.31 9.94 9.77 9.53 9.23 8.96 9.07 10.49 12.41 -9999 -9999 -9999 -9999 -9999 -9999
-9999 -9999 -9999 -9999 -9999 -9999 -9999 -9999 -9999 13.65 20.58 13.11 14.62 16.54 12.52 23.11 20.07 18.00 15.69 17.83 14.31 14.85 12.82 10.35 11.17 15.28 13.82 12.73 9.06 7.50 6.61 8.44 8.90 8.38 7.70 6.62 6.41 7.90 7.50 7.04 8.25 9.29 7.43 12.26 11.33 8.53 9.32 8.59 7.71 7.44 6.56 6.61 6.86 7.98 7.58 7.20 8.95 8.47 8.88 9.35 10.13 12.03 11.08 10.38 10.12 9.69 9.47 8.99 8.77 9.94 11.76 -9999 -9999 -9999 -9999 -9999 -9999 -9999
-9999 -9999 -9999 -9999 -9999 -9999 -9999 14.50 13.65 17.29 15.14 12.96 13.87 15.07 10.96 12.53 14.63 18.21 17.14 18.10 16.34 16.07 9.69 12.12 11.87 9.45 10.40 9.49 9.61 8.29 7.46 8.62 9.07 8.80 7.63 7.21 8.24 7.49 7.87 6.92 8.64 9.49 9.38 8.51 7.70 9.41 8.97 8.33 8.06 7.79 7.44 6.17 7.20 7.10 6.56 7.05 7.79 8.40 9.00 9.16 10.13 11.83 10.94 10.11 9.93 9.42 9.13 8.71 9.08 10.58 -9999 -9999 -9999 -9999 -9999 14.09 13.69 13.16
-9999 -9999 -9999 -9999 -9999 -9999 14.40 13.91 13.95 14.50 14.40 14.34 12.96 10.40 9.25 11.08 12.98 15.89 23.01 14.24 11.67 10.58 7.16 13.92 15.44 14.97 11.71 9.94 9.84 9.27 8.71 9.09 9.72 9.01 8.21 7.78 8.27 8.55 6.95 6.83 8.81 9.15 8.85 8.46 8.64 8.97 7.82 8.27 7.13 7.03 7.59 6.94 6.40 6.01 6.54 7.67 7.68 8.18 8.70 9.09 9.81 11.78 11.06 9.99 9.47 9.07 8.83 8.56 8.95 10.19 -9999 -9999 -9999 -9999 -9999 12.31 11.43 11.05
-9999 -9999 -9999 -9999 -9999 14.86 15.40 14.55 14.74 -9999 -9999 -9999 -9999 10.31 16.14 13.72 13.60 16.67 14.43 11.46 13.78 12.32 10.57 20.52 18.05 15.18 15.58 11.80 9.23 9.57 9.56 9.07 9.20 8.94 8.26 8.50 7.75 8.96 7.40 7.15 7.80 8.54 8.88 8.79 7.84 7.97 7.84 7.73 7.29 6.93 6.52 6.27 6.07 6.46 7.36 7.43 7.45 8.39 9.21 9.54 9.77 10.84 10.62 10.22 9.14 8.85 8.59 8.27 8.37 9.36 11.29 -9999 -9999 -9999 -9999 10.97 10.06 9.94
-9999 -9999 -9999 -9999 -9999 16.56 17.90 14.73 15.67 -9999 -9999 -9999 -9999 10.45 13.67 15.26 10.24 15.42 14.24 12.73 15.80 17.55 14.24 18.79 11.80 12.91 12.73 11.06 9.37 9.24 9.44 9.20 9.43 9.87 8.62 9.00 8.46 8.37 8.72 7.58 7.87 7.38 8.31 9.23 9.67 9.57 7.87 7.27 7.12 6.98 7.31 6.56 6.60 7.16 7.64 8.46 7.88 10.00 10.23 10.61 9.83 10.32 10.21 9.86 8.89 8.80 8.56 8.18 8.02 8.20 9.44 10.65 -9999 -9999 11.44 10.67 10.04 10.35
-9999 -9999 -9999 -9999 -9999 -9999 -9999 -9999 -9999 -9999 -9999 -9999 -9999 11.75 16.51 14.17 9.89 12.16 10.17 16.95 16.44 11.71 15.49 15.17 13.40 13.91 11.49 10.17 8.97 9.72 9.36 9.65 9.34 8.85 8.74 8.55 8.18 8.26 8.67 7.83 7.60 8.04 8.45 8.10 8.95 9.09 7.00 8.31 9.31 8.08 8.08 7.62 6.46 7.39 8.55 9.69 9.53 9.19 9.83 10.68 10.18 10.53 10.12 9.80 8.76 8.77 8.62 8.35 8.04 7.65 7.98 8.85 10.06 10.64 10.26 10.11 9.22 10.29
-9999 -9999 -9999 -9999 -9999 -9999 -9999 -9999 -9999 -9999 -9999 -9999 -9999 -9999 16.63 7.84 7.66 11.55 15.95 14.84 17.01 16.23 11.96 13.24 14.57 10.85 10.20 9.12 8.82 8.80 9.27 9.33 9.27 8.90 8.54 8.31 8.41 8.08 8.60 8.12 7.62 10.06 9.47 8.15 7.96 7.79 7.73 7.54 8.64 8.83 8.37 9.57 7.66 7.43 8.34 8.13 8.73 9.10 9.12 10.52 10.52 10.17 9.65 9.81 8.87 8.84 8.67 8.39 8.19 8.07 8.10 8.16 8.79 9.27 9.44 9.27 9.29 10.47
-9999 -9999 -9999 -9999 -9999 -9999 -9999 -9999 -9999 -9999 -9999 -9999 -9999 -9999 11.60 15.84 16.51 14.08 12.31 11.77 14.73 12.61 12.69 10.89 10.28 12.18 9.19 8.82 10.58 9.92 9.60 9.13 8.33 8.16 8.75 8.52 9.50 9.26 8.86 8.11 7.51 9.80 10.84 9.39 8.18 7.63 7.83 7.80 7.68 7.98 8.92 11.43 9.90 7.89 7.55 8.08 9.36 10.62 10.72 10.29 10.82 10.37 9.87 9.44 9.02 8.97 8.78 8.70 8.53 8.44 8.47 8.58 8.81 9.08 9.46 9.38 9.12 10.08
-9999 -9999 -9999 -9999 -9999 -9999 -9999 -9999 -9999 -9999 -9999 -9999 -9999 13.99 13.18 10.43 18.98 12.70 10.36 13.21 13.12 11.77 14.87 11.08 10.49 12.61 8.37 14.86 11.48 9.43 9.58 10.63 8.64 8.09 11.15 10.80 9.66 8.32 8.72 8.49 8.08 8.97 9.72 9.40 8.52 8.04 7.82 7.91 8.23 7.99 9.41 9.44 8.78 8.10 7.74 8.55 9.74 10.97 11.07 10.03 10.23 10.23 9.94 9.50 9.16 9.02 8.96 8.91 8.79 8.67 8.71 8.82 8.79 8.98 9.70 9.64 9.29 9.67
-9999 -9999 -9999 -9999 -9999 -9999 -9999 -9999 -9999 -9999 -9999 -9999 -9999 12.53 13.23 18.85 12.35 7.57 9.75 9.91 11.96 14.94 14.64 11.66 11.18 10.89 8.66 9.29 10.24 11.81 11.58 9.35 9.13 8.92 9.52 10.14 8.50 8.14 8.82 8.65 9.15 9.63 9.20 9.40 8.92 8.32 8.06 7.94 7.96 8.07 9.12 9.53 8.84 7.64 7.99 9.40 10.87 10.34 11.15 11.06 10.39 9.80 10.43 9.48 9.60 9.18 9.12 8.92 8.88 8.84 8.76 8.79 8.83 8.93 9.93 9.70 9.21 9.41
-9999 -9999 -9999 -9999 -9999 -9999 -9999 -9999 -9999 -9999 -9999 -9999 -9999 14.09 15.83 8.37 9.96 8.72 10.21 10.41 15.86 14.01 15.81 12.67 11.49 9.26 7.56 8.18 11.55 13.84 15.09 9.64 11.15 9.93 10.31 9.92 7.91 8.06 8.40 8.74 9.30 8.81 8.99 10.32 9.38 8.20 8.14 9.40 7.81 8.30 8.82 8.71 8.10 7.76 8.50 9.27 9.86 10.18 10.22 9.50 9.48 10.04 10.20 9.07 9.02 9.15 9.05 8.99 8.82 8.64 8.70 8.76 8.85 9.00 9.37 9.21 9.40 9.37
-9999 -9999 -9999 -9999 -9999 -9999 -9999 -9999 -9999 -9999 -9999 -9999 -9999 -9999 9.26 10.21 12.18 14.73 15.98 13.72 14.29 12.32 9.48 9.29 8.41 9.34 9.24 8.13 9.58 10.42 13.94 11.18 9.76 9.69 11.33 10.60 8.06 8.93 7.85 8.14 10.77 9.06 8.86 8.77 8.88 7.85 7.83 9.66 8.90 8.18 8.79 8.37 8.05 8.43 9.45 9.20 9.23 8.93 9.66 8.87 10.16 10.19 9.12 8.93 9.50 9.27 8.86 8.77 8.60 8.57 8.67 8.75 8.87 8.95 9.05 9.16 9.51 9.70
-9999 -9999 -9999 -9999 -9999 -9999 -9999 -9999 -9999 -9999 -9999 -9999 -9999 -9999 10.36 10.89 12.08 14.82 18.29 16.88 12.88 9.81 8.21 9.79 11.93 14.01 15.85 12.18 9.70 10.45 11.71 10.60 8.30 12.07 11.27 10.72 8.98 9.75 8.28 7.89 8.90 10.52 10.00 9.17 8.48 7.81 7.98 9.16 8.79 8.31 8.37 8.77 8.95 9.27 9.94 9.25 8.91 10.20 10.28 10.20 9.98 10.16 9.10 9.50 10.02 8.92 8.68 8.63 8.53 8.60 8.64 8.70 8.84 8.96 9.14 9.23 9.36 9.57
-9999 -9999 -9999 -9999 -9999 -9999 -9999 -9999 -9999 -9999 -9999 -9999 -9999 12.16 9.18 9.69 12.52 14.45 14.01 13.54 10.62 11.30 16.25 13.07 13.34 13.49 11.39 10.42 11.23 11.72 9.93 8.66 9.27 11.62 11.52 10.62 8.96 9.98 7.87 7.78 9.59 9.16 9.58 9.60 8.74 8.06 8.13 9.16 8.90 8.04 8.34 8.36 8.27 9.21 8.99 10.15 9.50 10.35 9.65 10.02 10.20 9.26 9.06 10.01 9.84 8.70 8.55 8.83 8.56 8.70 8.73 8.90 8.94 8.99 9.14 9.14 9.81 10.51
-9999 -9999 -9999 -9999 -9999 -9999 -9999 -9999 -9999 -9999 -9999 -9999 -9999 14.52 11.34 9.42 9.27 12.11 16.53 15.60 13.41 11.26 12.08 13.69 15.16 15.45 11.23 13.48 14.56 10.19 12.51 7.91 8.69 11.04 13.05 9.50 9.94 8.38 7.22 7.44 8.42 11.57 9.90 9.81 9.16 8.69 8.69 8.95 8.56 7.98 8.16 8.07 8.00 8.04 9.53 10.12 10.12 10.90 9.93 9.51 9.57 9.19 9.65 10.16 9.77 9.11 9.36 9.08 9.32 8.87 8.89 9.20 9.26 9.08 9.10 9.12 9.47 10.69
-9999 -9999 -9999 -9999 -9999 -9999 -9999 -9999 -9999 -9999 -9999 -9999 -9999 12.59 10.56 6.53 8.03 11.64 16.58 14.47 14.23 11.18 13.16 12.55 11.27 12.54 13.18 12.88 11.12 9.58 10.22 12.79 9.05 9.36 9.48 9.63 11.07 9.24 7.39 7.50 8.41 9.02 8.95 9.93 9.36 8.96 9.10 8.32 7.68 8.23 8.43 8.53 7.93 8.65 10.11 10.15 9.25 9.64 10.66 9.68 10.09 9.19 10.23 10.43 9.52 9.28 9.40 8.73 8.92 8.80 8.85 8.99 8.92 8.95 9.12 9.25 9.93 9.74
-9999 -9999 -9999 -9999 -9999 -9999 -9999 -9999 -9999 -9999 -9999 -9999 11.95 12.40 13.63 10.10 7.91 12.36 14.03 16.22 15.61 9.74 10.09 9.12 11.04 13.27 11.32 11.15 13.09 11.25 10.44 9.92 8.95 8.39 8.64 9.65 9.52 8.95 8.42 7.76 7.64 8.57 9.04 8.38 8.84 8.59 9.19 8.24 8.08 8.19 7.69 7.61 8.05 9.37 9.40 9.51 8.83 9.91 10.23 9.91 9.18 10.15 10.29 10.44 10.49 9.87 9.30 9.03 8.77 8.82 8.85 8.74 8.68 8.65 8.78 9.17 9.86 10.09
-9999 -9999 -9999 -9999 -9999 -9999 -9999 -9999 -9999 -9999 -9999 13.82 12.78 12.84 10.09 7.79 11.01 14.41 15.09 12.80 14.40 9.89 11.13 9.38 9.53 17.08 12.13 12.80 10.54 10.73 9.17 8.70 8.95 10.21 9.23 11.31 9.43 9.60 7.95 7.63 7.77 8.24 8.74 8.29 8.44 8.83 8.91 7.45 8.00 7.87 7.94 8.13 8.63 9.42 8.78 9.63 9.17 9.61 8.95 8.93 10.30 10.77 10.29 10.52 10.27 9.22 9.55 9.45 9.28 9.08 8.68 8.41 8.16 8.48 8.69 9.60 10.17 10.64
-9999 -9999 -9999 -9999 -9999 -9999 -9999 -9999 -9999 16.23 14.03 11.98 9.46 8.52 8.33 8.40 11.78 12.98 14.53 15.94 13.66 10.97 6.94 10.03 10.10 15.09 12.22 11.27 11.30 9.75 9.28 7.89 8.87 10.99 10.44 10.67 8.49 8.54 8.04 7.98 8.57 8.30 8.79 8.00 8.17 8.49 7.64 7.37 7.68 8.54 8.22 9.07 9.92 9.53 9.06 8.58 8.38 9.32 10.00 9.84 10.40 9.52 10.35 10.52 9.72 8.79 8.74 9.57 9.29 9.19 8.26 7.92 7.70 8.12 9.42 10.02 10.01 11.07
-9999 -9999 -9999 -9999 -9999 16.42 14.86 12.98 15.99 15.59 15.21 14.58 11.18 9.56 8.17 13.16 11.12 12.99 13.30 12.85 9.47 8.00 5.86 7.82 8.47 16.32 14.92 12.55 10.02 10.24 9.46 10.99 8.05 10.12 10.63 10.21 9.48 8.42 7.67 8.65 8.11 7.68 9.03 7.92 7.91 7.47 7.62 7.99 8.60 7.80 8.62 8.21 8.80 9.89 9.73 9.43 9.14 9.79 9.96 9.76 9.62 10.54 9.54 9.45 9.14 8.61 9.25 9.43 9.39 8.54 7.83 7.78 7.98 9.31 9.69 9.44 10.43 9.75
-9999 -9999 -9999 -9999 17.20 14.36 14.46 13.15 12.30 13.98 13.16 13.21 10.40 8.19 11.27 11.82 11.82 7.78 13.52 9.30 6.64 12.01 8.74 5.76 14.25 13.13 12.66 8.56 8.24 8.97 12.37 9.12 8.42 8.45 8.67 10.41 10.13 9.76 8.12 8.29 7.70 7.70 8.60 8.09 7.71 7.60 7.74 8.26 8.13 10.15 8.13 7.82 8.45 9.41 8.83 8.80 8.43 8.77 9.43 9.37 10.33 9.80 9.20 9.25 9.35 8.64 8.84 8.84 8.20 7.86 7.65 7.68 7.93 8.69 9.81 9.96 10.22 9.91
-9999 -9999 -9999 16.56 15.78 12.15 11.43 11.48 12.53 11.81 12.00 10.59 10.85 14.91 11.15 9.27 12.25 5.61 8.36 8.02 11.46 10.89 12.02 10.21 10.60 9.84 7.78 13.12 12.54 8.71 9.27 8.76 8.31 8.83 8.11 8.34 10.30 10.46 7.77 7.31 7.45 8.08 7.40 6.93 7.51 10.15 7.85 7.60 8.41 9.31 8.45 7.86 8.58 9.21 9.19 9.76 9.14 8.45 8.42 8.51 9.79 9.46 8.84 9.71 9.43 8.59 8.56 8.29 7.86 7.93 7.92 7.88 8.26 8.66 9.76 9.26 9.25 9.69
15.47 13.14 15.14 12.47 12.27 12.93 11.73 11.27 13.54 11.94 11.49 11.39 14.18 13.04 10.57 11.22 9.67 6.72 6.51 10.19 10.66 9.09 9.84 12.12 8.52 5.70 12.52 14.57 11.58 11.53 8.93 9.25 8.19 8.64 10.69 8.56 10.97 8.91 7.54 7.04 7.43 9.18 6.50 6.97 11.42 8.55 7.77 7.78 8.65 9.68 8.11 8.10 8.52 8.24 8.86 8.88 8.33 8.04 8.46 8.13 8.70 9.18 9.21 8.78 8.34 7.88 7.64 8.02 9.35 8.49 9.34 8.58 7.62 9.27 9.47 9.88 9.62 9.44
10.65 10.05 13.44 17.05 15.96 15.49 11.97 13.21 15.10 13.44 12.65 14.85 12.65 11.59 13.65 9.64 6.15 6.64 7.19 10.17 10.12 9.89 9.54 8.46 5.92 8.65 19.89 15.96 11.93 9.12 9.77 9.17 10.71 8.96 9.62 8.64 8.55 8.30 8.01 7.15 6.85 6.81 6.19 10.14 10.94 9.84 8.10 7.62 10.64 9.11 8.16 8.30 7.89 8.69 8.60 8.23 7.40 8.60 8.18 7.55 9.43 9.31 8.24 8.06 7.88 7.52 7.91 8.88 9.18 8.82 9.23 8.32 7.95 9.16 9.70 9.40 9.79 9.58
