ML/MeanWindSpeed_1995-08_Actual.txt
ncols         180
nrows         290
xllcorner     -200000
yllcorner     -200000
cellsize      5000
NODATA_value  -9999
[rows 140 to 174 of 290, columns 79 to 157 of 180]
-9999 -9999 8.61 -9999 -9999 -9999 7.59 7.47 6.63 6.62 7.34 -9999 -9999 7.48 6.51 7.88 8.59 -9999 -9999 -9999 -9999 -9999 6.87 5.91 4.47 4.54 4.51 4.99 5.01 5.24 4.83 3.36 4.92 6.67 7.05 5.62 6.51 7.02 7.27 5.92 6.12 5.90 4.80 3.32 3.13 3.05 1.55 2.23 4.08 5.86 -9999 -9999 -9999 -9999 -9999 -9999 -9999 -9999 -9999 -9999 -9999 -9999 -9999 -9999 -9999 -9999 -9999 -9999 -9999 -9999 -9999 -9999 -9999 -9999 -9999 -9999 -9999 -9999 -9999
-9999 -9999 8.69 8.49 -9999 -9999 -9999 7.59 7.71 7.51 7.83 -9999 -9999 -9999 -9999 8.17 -9999 -9999 -9999 -9999 -9999 -9999 5.91 4.95 4.10 4.42 5.03 5.25 5.05 5.26 4.87 3.94 4.18 6.23 6.60 4.76 7.66 7.51 8.17 6.38 6.25 6.67 4.90 3.68 3.17 2.08 1.24 2.10 3.97 5.99 -9999 -9999 -9999 -9999 -9999 -9999 -9999 -9999 -9999 -9999 -9999 -9999 -9999 -9999 -9999 -9999 -9999 -9999 -9999 -9999 -9999 -9999 -9999 -9999 -9999 -9999 -9999 -9999 -9999
-9999 -9999 -9999 9.22 -9999 -9999 -9999 -9999 7.86 8.35 8.24 -9999 -9999 -9999 -9999 -9999 -9999 -9999 -9999 -9999 -9999 6.61 5.46 4.89 4.28 4.27 5.32 5.45 5.38 5.61 5.41 4.81 3.70 4.70 7.75 7.80 7.87 7.95 6.86 6.30 6.27 4.97 3.44 4.15 3.87 1.98 1.53 2.45 4.22 6.53 8.08 -9999 -9999 -9999 -9999 -9999 -9999 -9999 -9999 -9999 -9999 -9999 -9999 -9999 -9999 -9999 -9999 -9999 -9999 -9999 -9999 -9999 -9999 -9999 -9999 -9999 -9999 -9999 -9999
-9999 -9999 -9999 9.85 -9999 -9999 -9999 -9999 -9999 -9999 -9999 -9999 -9999 -9999 -9999 -9999 -9999 -9999 -9999 -9999 -9999 6.57 5.08 3.90 2.70 2.38 6.73 5.70 5.40 6.66 5.52 5.92 3.21 3.30 6.60 8.81 7.39 6.63 8.79 9.84 8.91 7.30 5.99 3.42 3.21 2.76 3.11 3.28 4.79 7.09 8.25 8.77 -9999 -9999 -9999 -9999 -9999 -9999 -9999 -9999 -9999 -9999 -9999 -9999 -9999 -9999 -9999 -9999 -9999 -9999 -9999 -9999 -9999 -9999 -9999 -9999 -9999 -9999 -9999
-9999 -9999 -9999 -9999 -9999 -9999 -9999 -9999 -9999 -9999 -9999 -9999 -9999 -9999 -9999 -9999 -9999 -9999 -9999 -9999 7.24 6.15 4.56 3.52 4.63 2.38 9.22 8.85 5.14 5.86 5.48 5.14 4.97 3.35 4.35 9.29 9.48 8.54 7.61 6.92 7.96 7.42 6.39 4.89 3.95 3.59 3.51 4.16 5.84 6.83 7.32 7.94 -9999 -9999 -9999 -9999 -9999 -9999 -9999 -9999 -9999 -9999 -9999 -9999 -9999 -9999 -9999 -9999 -9999 -9999 -9999 -9999 -9999 -9999 -9999 -9999 -9999 -9999 -9999
-9999 -9999 -9999 -9999 -9999 -9999 -9999 -9999 -9999 -9999 -9999 -9999 -9999 -9999 -9999 -9999 -9999 -9999 -9999 -9999 6.49 6.23 3.96 4.74 8.59 4.43 3.17 6.52 6.85 5.73 5.49 5.18 4.97 4.46 5.04 6.68 11.18 9.73 8.91 7.59 7.28 6.96 5.60 5.05 4.80 5.16 4.60 5.56 5.97 6.61 6.62 6.93 7.47 7.93 8.16 -9999 -9999 -9999 -9999 -9999 -9999 -9999 -9999 -9999 -9999 -9999 -9999 -9999 -9999 -9999 -9999 -9999 -9999 -9999 -9999 -9999 -9999 -9999 -9999
-9999 -9999 -9999 -9999 -9999 -9999 -9999 -9999 -9999 -9999 -9999 -9999 -9999 -9999 -9999 -9999 -9999 -9999 -9999 -9999 6.34 5.56 4.70 6.32 4.23 3.52 4.52 7.18 5.36 4.88 6.63 3.95 5.22 5.05 5.83 6.20 7.90 8.83 8.51 7.95 7.49 6.24 5.98 5.45 5.08 5.00 5.32 5.58 6.06 5.97 5.89 5.92 7.54 6.88 7.71 8.57 8.90 -9999 -9999 -9999 -9999 -9999 -9999 -9999 -9999 -9999 -9999 -9999 -9999 -9999 -9999 -9999 -9999 -9999 -9999 -9999 -9999 -9999 -9999
-9999 -9999 -9999 -9999 -9999 -9999 -9999 -9999 -9999 -9999 -9999 -9999 -9999 -9999 -9999 -9999 -9999 -9999 -9999 -9999 6.35 5.31 5.39 8.03 8.60 5.88 3.84 4.94 5.40 6.89 4.50 6.19 5.22 5.10 6.38 6.55 5.70 6.07 8.17 7.75 7.22 6.77 6.19 5.90 5.94 5.96 5.75 5.95 5.88 5.61 5.68 5.51 6.01 7.51 7.46 7.97 9.17 9.58 8.98 -9999 -9999 -9999 -9999 -9999 -9999 -9999 -9999 -9999 -9999 -9999 -9999 -9999 -9999 -9999 -9999 -9999 -9999 -9999 -9999
-9999 -9999 -9999 -9999 -9999 -9999 -9999 -9999 -9999 -9999 -9999 -9999 -9999 -9999 -9999 -9999 -9999 -9999 -9999 -9999 6.90 5.48 5.98 6.46 4.36 10.80 8.82 5.12 6.16 4.81 7.07 7.36 5.26 4.63 5.49 5.68 4.73 8.80 8.13 7.90 8.21 8.41 8.02 6.39 7.11 6.53 6.33 6.27 6.07 5.84 5.47 4.94 5.50 7.12 6.89 7.05 7.71 8.74 8.33 10.10 -9999 -9999 -9999 -9999 -9999 -9999 -9999 -9999 -9999 -9999 -9999 -9999 -9999 -9999 -9999 -9999 -9999 -9999 -9999
-9999 -9999 -9999 -9999 -9999 -9999 -9999 -9999 7.72 7.94 8.42 -9999 -9999 -9999 -9999 -9999 -9999 -9999 -9999 -9999 -9999 6.67 5.54 4.46 5.69 7.36 9.04 5.65 4.03 6.54 6.28 5.47 4.51 5.58 5.73 4.85 5.40 7.09 7.56 9.60 8.98 7.86 7.70 8.20 7.54 6.94 6.71 6.43 6.14 5.46 4.92 7.00 6.73 8.75 9.46 9.23 8.73 7.48 9.21 9.85 9.59 -9999 -9999 -9999 -9999 -9999 -9999 -9999 -9999 -9999 -9999 -9999 -9999 -9999 -9999 -9999 -9999 -9999 -9999
-9999 -9999 -9999 -9999 -9999 -9999 -9999 -9999 6.70 6.83 -9999 -9999 -9999 -9999 -9999 -9999 -9999 -9999 -9999 -9999 -9999 -9999 5.58 4.00 6.26 7.11 11.17 6.53 6.49 6.21 4.92 4.11 3.95 3.74 7.93 4.80 5.58 8.60 7.55 6.28 6.13 8.66 6.79 8.52 7.63 7.09 6.76 6.51 5.78 5.58 6.59 7.11 6.96 7.15 7.30 8.27 8.88 8.74 9.09 9.29 10.62 -9999 -9999 -9999 -9999 -9999 -9999 -9999 -9999 -9999 -9999 -9999 -9999 -9999 -9999 -9999 -9999 -9999 -9999
-9999 -9999 -9999 -9999 -9999 -9999 -9999 6.08 7.58 7.73 7.83 -9999 -9999 -9999 -9999 -9999 -9999 -9999 -9999 -9999 -9999 -9999 5.61 6.51 6.93 7.65 6.48 6.90 5.75 5.48 4.79 4.38 5.12 4.15 3.41 8.22 6.27 6.15 8.15 7.34 9.03 7.64 8.02 7.51 7.46 7.27 7.19 6.62 5.75 5.93 6.65 6.32 7.14 8.06 8.13 8.66 8.57 8.84 9.22 8.63 10.30 9.79 -9999 -9999 -9999 -9999 -9999 -9999 -9999 -9999 -9999 -9999 -9999 -9999 -9999 -9999 -9999 -9999 -9999
-9999 -9999 -9999 -9999 -9999 -9999 5.23 7.23 8.48 10.72 7.88 -9999 -9999 -9999 -9999 -9999 -9999 -9999 -9999 -9999 -9999 -9999 6.58 8.96 7.31 5.41 6.22 5.70 5.98 4.97 4.34 4.62 5.05 3.85 7.02 5.64 7.75 6.44 9.07 6.36 7.21 6.37 7.72 7.11 7.44 7.59 7.02 6.82 5.71 5.27 7.16 7.67 7.75 7.48 7.85 7.95 8.00 8.27 9.35 9.42 9.21 9.61 -9999 -9999 -9999 -9999 -9999 -9999 -9999 -9999 -9999 -9999 -9999 -9999 -9999 -9999 -9999 -9999 -9999
-9999 -9999 -9999 -9999 -9999 6.58 5.73 9.45 8.54 8.70 -9999 -9999 -9999 -9999 -9999 -9999 -9999 -9999 -9999 -9999 -9999 -9999 -9999 7.14 5.80 5.39 6.54 5.24 6.47 5.33 4.73 4.40 4.30 3.48 6.86 6.94 7.73 7.47 8.09 8.26 8.30 7.79 7.80 8.12 7.97 7.02 6.84 6.44 5.42 5.14 5.85 8.59 8.14 7.05 6.99 7.27 7.29 7.53 7.73 7.77 7.52 7.99 8.84 9.32 -9999 -9999 -9999 -9999 -9999 -9999 -9999 -9999 -9999 -9999 -9999 -9999 -9999 -9999 -9999
-9999 -9999 -9999 -9999 -9999 7.97 8.66 7.10 7.94 8.42 -9999 -9999 -9999 -9999 -9999 -9999 -9999 -9999 -9999 -9999 -9999 -9999 -9999 -9999 6.25 6.28 5.92 5.49 6.30 5.82 5.58 5.12 4.98 3.59 7.04 6.65 6.22 7.60 6.88 6.51 8.95 9.05 7.39 8.54 7.98 7.62 6.41 5.88 5.65 5.40 5.59 6.41 6.81 6.61 6.74 6.90 7.05 6.99 7.04 6.99 6.92 8.33 8.52 8.46 -9999 -9999 -9999 -9999 -9999 -9999 -9999 -9999 -9999 -9999 -9999 -9999 -9999 -9999 -9999
-9999 -9999 -9999 -9999 -9999 8.68 8.01 8.54 8.34 -9999 -9999 -9999 -9999 -9999 -9999 -9999 -9999 -9999 -9999 -9999 -9999 -9999 -9999 -9999 6.89 6.78 6.50 -9999 6.63 -9999 5.99 5.34 4.66 3.84 4.28 7.02 6.44 7.01 8.89 5.14 6.00 9.19 8.26 8.10 7.98 7.21 6.25 5.81 5.62 5.43 5.57 5.95 6.56 7.15 6.68 7.08 6.53 6.17 6.79 7.45 7.19 6.80 6.76 7.78 8.95 9.44 -9999 -9999 -9999 -9999 -9999 -9999 -9999 -9999 -9999 -9999 -9999 -9999 -9999
-9999 -9999 -9999 -9999 8.95 8.48 8.31 -9999 -9999 -9999 -9999 -9999 -9999 -9999 -9999 -9999 -9999 -9999 -9999 -9999 -9999 -9999 -9999 -9999 7.68 7.15 6.66 -9999 -9999 -9999 5.83 5.90 4.06 4.52 5.56 4.92 4.58 5.92 8.45 8.23 5.53 8.12 9.08 7.60 8.27 7.53 6.67 5.56 5.59 5.49 5.62 5.89 6.18 6.41 6.41 6.56 5.82 6.18 6.89 7.44 7.68 7.57 7.00 6.99 7.73 8.58 -9999 -9999 -9999 -9999 -9999 -9999 -9999 -9999 -9999 -9999 -9999 -9999 -9999
-9999 -9999 -9999 -9999 -9999 -9999 -9999 -9999 -9999 -9999 -9999 -9999 -9999 -9999 -9999 -9999 -9999 -9999 -9999 -9999 -9999 -9999 -9999 -9999 -9999 -9999 -9999 -9999 -9999 6.36 4.89 4.48 5.20 5.83 6.64 6.77 5.86 6.41 8.15 7.91 6.75 5.91 7.82 8.56 7.73 7.08 6.42 5.89 5.80 5.93 5.76 5.83 6.02 6.10 5.95 5.55 6.08 7.67 7.03 7.53 7.19 7.20 6.61 6.97 7.54 -9999 -9999 -9999 -9999 -9999 -9999 -9999 -9999 -9999 -9999 -9999 -9999 -9999 -9999
-9999 -9999 -9999 -9999 -9999 -9999 -9999 -9999 -9999 -9999 -9999 -9999 -9999 -9999 -9999 -9999 -9999 -9999 -9999 -9999 -9999 -9999 -9999 -9999 -9999 -9999 -9999 -9999 -9999 5.92 4.57 4.94 6.37 8.04 7.70 6.32 6.94 5.89 6.25 5.82 6.65 6.96 7.72 7.87 7.65 6.98 6.58 6.26 5.88 6.03 5.78 5.83 5.93 6.04 5.90 5.40 5.84 8.20 8.01 7.18 7.00 6.84 6.55 6.86 7.47 -9999 -9999 -9999 -9999 -9999 -9999 -9999 -9999 -9999 -9999 -9999 -9999 -9999 -9999
-9999 -9999 -9999 -9999 -9999 -9999 -9999 -9999 -9999 -9999 -9999 -9999 -9999 -9999 -9999 -9999 -9999 -9999 -9999 -9999 -9999 -9999 -9999 -9999 -9999 -9999 -9999 -9999 -9999 5.52 4.35 4.56 6.52 7.35 7.28 6.89 6.51 6.13 6.54 5.78 5.73 6.15 5.55 7.76 6.93 7.46 6.77 6.55 5.91 5.81 5.86 5.85 5.92 5.97 5.95 5.70 5.74 7.18 7.82 7.38 7.03 6.95 6.67 6.74 6.99 -9999 -9999 -9999 -9999 -9999 -9999 -9999 -9999 -9999 -9999 -9999 -9999 -9999 -9999
-9999 -9999 -9999 -9999 -9999 -9999 -9999 -9999 -9999 -9999 -9999 -9999 -9999 -9999 -9999 -9999 -9999 -9999 -9999 -9999 -9999 -9999 -9999 -9999 -9999 -9999 -9999 7.57 6.48 5.10 4.20 5.87 7.32 8.96 7.31 7.95 5.30 5.77 5.80 6.35 6.73 6.63 7.81 6.18 6.27 6.25 6.17 5.91 6.30 5.82 5.78 5.96 5.85 5.92 6.04 5.93 5.98 6.47 7.60 7.33 6.97 6.90 6.80 6.50 6.29 6.88 -9999 -9999 -9999 -9999 -9999 -9999 -9999 -9999 -9999 -9999 -9999 -9999 -9999
-9999 -9999 -9999 -9999 -9999 -9999 -9999 -9999 -9999 -9999 -9999 -9999 -9999 -9999 -9999 -9999 -9999 -9999 -9999 -9999 -9999 -9999 -9999 -9999 -9999 -9999 -9999 7.11 5.97 5.19 4.74 5.18 7.12 6.21 5.79 4.74 5.62 7.04 5.71 6.70 6.48 7.19 5.62 7.73 6.62 7.21 6.96 6.92 6.26 6.02 5.85 5.80 5.82 5.93 6.03 6.11 6.06 6.20 6.77 7.50 7.18 6.92 6.90 6.28 5.62 6.37 -9999 -9999 -9999 -9999 -9999 -9999 -9999 -9999 -9999 -9999 -9999 -9999 -9999
-9999 -9999 -9999 -9999 -9999 -9999 -9999 -9999 -9999 -9999 -9999 -9999 -9999 -9999 -9999 -9999 -9999 -9999 -9999 -9999 -9999 -9999 -9999 -9999 -9999 -9999 -9999 7.08 5.90 5.43 5.16 5.49 6.14 6.28 5.42 4.89 5.58 5.52 5.14 6.32 7.76 6.67 6.55 5.91 6.79 5.89 6.15 6.48 6.67 6.21 6.03 5.82 5.82 5.95 6.06 6.17 6.17 6.08 6.42 7.28 7.69 7.13 6.79 6.08 5.22 5.72 6.68 -9999 -9999 -9999 -9999 -9999 -9999 -9999 -9999 -9999 -9999 -9999 -9999
-9999 -9999 -9999 -9999 -9999 -9999 -9999 -9999 -9999 -9999 -9999 -9999 -9999 -9999 -9999 -9999 -9999 -9999 -9999 -9999 -9999 -9999 -9999 -9999 -9999 -9999 -9999 6.94 6.00 5.69 5.62 5.56 5.51 5.40 5.62 6.00 4.78 4.67 5.16 7.58 7.79 8.41 7.80 6.86 6.74 6.99 6.20 5.85 6.41 6.61 6.04 5.84 5.89 5.92 6.09 6.28 6.40 6.27 6.38 7.51 8.19 7.51 7.02 6.34 5.42 5.31 6.14 7.13 -9999 -9999 -9999 -9999 -9999 -9999 -9999 -9999 -9999 -9999 -9999
-9999 -9999 -9999 -9999 -9999 -9999 -9999 -9999 -9999 -9999 -9999 -9999 -9999 -9999 -9999 -9999 -9999 -9999 -9999 -9999 -9999 -9999 -9999 -9999 -9999 -9999 -9999 7.00 5.96 5.67 5.49 5.21 4.91 5.13 4.78 5.24 5.62 6.60 7.44 8.20 7.01 7.92 7.17 7.07 6.33 7.06 6.77 6.35 6.01 5.92 5.96 5.85 5.94 6.08 6.27 6.43 6.62 6.70 6.77 7.25 7.83 7.52 7.01 6.58 6.07 5.66 5.69 6.69 -9999 -9999 -9999 -9999 -9999 -9999 -9999 -9999 -9999 -9999 -9999
-9999 -9999 -9999 -9999 -9999 -9999 -9999 -9999 -9999 -9999 -9999 -9999 -9999 -9999 -9999 -9999 -9999 -9999 -9999 -9999 -9999 -9999 -9999 -9999 -9999 -9999 -9999 -9999 5.99 5.71 5.34 4.76 4.83 5.72 5.82 6.21 5.61 5.70 6.99 7.24 8.10 7.75 6.78 5.94 6.16 6.12 6.71 6.23 6.09 6.41 6.25 5.95 6.14 6.22 6.42 6.52 6.65 6.86 7.01 7.24 7.25 7.19 7.05 6.89 -9999 6.33 6.45 7.03 8.12 -9999 -9999 -9999 -9999 -9999 -9999 -9999 -9999 -9999 -9999
-9999 -9999 -9999 -9999 -9999 -9999 -9999 -9999 -9999 -9999 -9999 -9999 -9999 -9999 -9999 -9999 -9999 -9999 -9999 -9999 -9999 -9999 -9999 -9999 -9999 -9999 -9999 6.86 5.91 5.56 5.06 4.45 4.38 6.61 7.13 6.18 7.63 7.59 6.53 6.44 8.61 7.82 7.99 6.62 5.74 6.79 6.13 5.80 6.13 6.28 6.14 6.25 6.22 6.33 6.45 6.62 6.59 6.68 7.45 7.11 6.84 7.43 6.90 6.86 6.72 -9999 7.22 7.74 8.61 9.35 -9999 -9999 -9999 -9999 -9999 -9999 -9999 -9999 -9999
-9999 -9999 -9999 -9999 -9999 -9999 -9999 -9999 -9999 -9999 -9999 -9999 -9999 -9999 -9999 -9999 -9999 -9999 -9999 -9999 -9999 -9999 -9999 -9999 -9999 -9999 -9999 6.63 5.67 5.37 5.03 5.53 5.09 6.06 7.77 6.35 6.57 6.72 5.55 5.38 7.38 7.23 7.12 5.56 6.59 7.19 6.15 6.65 6.29 6.65 6.61 6.44 6.33 6.41 6.50 6.57 6.50 6.49 6.70 6.89 6.42 6.58 6.81 6.47 6.86 7.11 -9999 -9999 -9999 -9999 -9999 -9999 -9999 -9999 -9999 -9999 -9999 -9999 -9999
-9999 -9999 -9999 -9999 -9999 -9999 -9999 -9999 -9999 -9999 -9999 -9999 -9999 -9999 -9999 -9999 -9999 -9999 -9999 -9999 -9999 -9999 -9999 -9999 -9999 -9999 7.60 6.16 5.40 5.70 5.52 5.60 5.49 6.37 6.78 6.47 6.25 5.92 5.59 5.43 6.76 8.17 8.12 6.02 7.45 7.34 6.26 6.45 6.03 6.45 6.71 6.46 6.31 6.52 6.54 6.56 6.62 6.54 6.76 6.89 6.74 6.63 7.24 6.86 6.76 6.96 7.66 8.47 -9999 -9999 -9999 -9999 -9999 -9999 -9999 -9999 -9999 -9999 -9999
-9999 -9999 -9999 -9999 -9999 -9999 -9999 -9999 -9999 -9999 -9999 -9999 -9999 -9999 -9999 -9999 -9999 -9999 -9999 -9999 -9999 -9999 -9999 -9999 -9999 -9999 -9999 6.23 5.43 5.35 5.67 6.72 5.80 5.91 6.06 6.22 6.28 5.87 5.47 5.02 5.16 7.16 7.74 8.31 7.25 7.61 7.22 6.77 6.96 6.03 6.21 6.71 6.37 6.47 6.46 6.50 6.67 6.65 6.85 7.16 6.95 6.64 6.68 7.77 7.15 6.91 7.15 7.75 8.51 9.40 -9999 -9999 -9999 -9999 -9999 -9999 -9999 -9999 -9999
-9999 -9999 -9999 -9999 -9999 -9999 -9999 -9999 -9999 -9999 -9999 -9999 -9999 -9999 -9999 -9999 -9999 -9999 -9999 -9999 -9999 -9999 -9999 -9999 -9999 -9999 -9999 6.15 5.65 5.41 5.62 5.90 6.03 6.00 5.87 5.94 5.70 5.50 5.34 5.19 5.31 5.02 7.49 8.81 9.34 8.31 7.56 7.28 6.56 6.64 6.35 6.97 6.48 6.54 6.47 6.51 6.60 6.74 7.13 7.37 7.22 6.79 6.96 7.96 7.58 7.64 7.03 7.16 7.80 8.73 -9999 -9999 -9999 -9999 -9999 -9999 -9999 -9999 -9999
-9999 -9999 -9999 -9999 -9999 -9999 -9999 9.04 8.49 8.78 9.42 -9999 -9999 -9999 -9999 -9999 -9999 -9999 -9999 -9999 -9999 -9999 -9999 -9999 -9999 -9999 6.48 5.73 5.81 5.56 6.10 6.02 5.77 5.75 5.83 5.78 5.73 5.54 5.33 5.09 4.69 6.37 7.96 8.13 7.37 8.95 8.48 6.87 6.68 5.71 7.23 7.32 6.63 6.59 6.51 6.54 6.66 6.89 7.26 7.71 7.62 7.13 7.02 7.24 8.05 7.93 8.06 7.17 7.18 8.09 9.16 -9999 -9999 -9999 -9999 -9999 -9999 -9999 -9999
-9999 -9999 -9999 -9999 -9999 -9999 -9999 8.43 7.80 7.84 8.28 -9999 -9999 -9999 -9999 -9999 -9999 -9999 -9999 -9999 -9999 -9999 -9999 -9999 -9999 6.54 6.11 5.56 5.75 6.36 5.85 5.88 5.50 5.58 5.73 5.65 5.73 5.69 5.13 4.64 4.36 5.54 8.95 9.16 7.31 8.40 8.05 7.79 6.25 5.79 6.83 7.26 6.84 6.40 6.41 6.59 6.96 7.16 7.41 7.75 7.96 7.56 7.32 7.26 8.04 8.04 7.96 7.38 7.29 7.66 8.77 -9999 -9999 -9999 -9999 -9999 -9999 -9999 -9999
-9999 -9999 -9999 -9999 -9999 10.52 8.61 7.50 7.44 7.36 7.94 7.78 8.42 8.78 -9999 -9999 8.70 7.95 -9999 -9999 -9999 7.16 7.75 7.15 -9999 5.27 6.01 5.59 5.47 5.79 5.57 5.71 5.77 6.19 6.06 6.05 5.59 5.61 5.04 4.94 6.40 5.31 7.06 8.49 6.04 7.17 9.40 6.72 7.43 6.37 6.87 7.09 6.78 6.60 6.63 6.80 7.13 7.20 7.53 7.75 8.15 7.69 7.42 7.35 7.52 7.85 8.32 8.04 7.45 7.44 8.37 9.58 -9999 -9999 -9999 -9999 -9999 -9999 -9999
-9999 -9999 -9999 -9999 -9999 -9999 8.94 7.92 7.40 7.05 7.09 7.56 8.06 6.50 -9999 6.02 6.81 7.51 7.12 7.68 5.87 5.31 7.42 7.38 6.30 -9999 4.73 5.53 5.52 5.18 5.29 5.75 5.58 5.68 5.78 5.71 5.72 5.36 5.13 4.93 6.63 7.11 7.38 7.80 7.31 8.51 8.67 7.63 6.48 6.24 7.26 7.34 6.66 6.88 6.72 7.12 7.32 7.25 7.44 7.69 8.20 7.74 7.44 7.33 7.23 7.64 8.04 8.36 7.94 7.60 8.06 9.21 -9999 -9999 -9999 -9999 -9999 -9999 -9999
