ML/MeanWindSpeed_1991-07_Actual.txt
ncols         180
nrows         290
xllcorner     -200000
yllcorner     -200000
cellsize      5000
NODATA_value  -9999
[rows 175 to 209 of 290, columns 79 to 157 of 180]
-9999 -9999 -9999 -9999 -9999 -9999 -9999 10.21 9.70 9.15 8.78 8.74 7.44 7.06 11.84 15.96 8.46 10.94 11.50 11.23 9.91 7.72 7.41 9.20 10.99 9.35 7.67 7.77 8.28 7.77 7.96 8.94 8.40 7.99 7.68 7.77 7.78 7.46 7.26 7.16 10.59 11.39 9.78 9.93 8.56 7.99 9.08 9.27 7.78 7.52 8.39 7.85 7.46 7.84 7.58 8.25 7.79 7.74 7.64 7.63 8.56 7.86 7.60 7.51 7.24 7.50 7.88 7.99 8.25 8.53 7.67 8.60 9.73 -9999 -9999 -9999 -9999 -9999 -9999
-9999 -9999 -9999 -9999 -9999 -9999 -9999 -9999 10.86 9.23 8.27 7.13 6.33 8.32 18.07 12.78 6.69 10.92 8.85 11.56 11.51 8.67 6.68 10.82 9.73 10.26 9.03 7.73 7.69 7.66 7.28 8.10 8.47 8.18 7.89 7.59 7.68 7.37 7.02 8.03 8.78 11.50 10.05 10.55 9.80 6.98 8.60 9.91 7.84 7.84 8.31 7.77 7.64 7.68 7.59 8.26 7.68 7.59 7.72 7.54 8.13 8.08 7.69 7.51 7.34 7.36 7.75 8.58 7.95 7.55 7.60 8.37 9.56 -9999 -9999 -9999 -9999 -9999 -9999
-9999 -9999 -9999 -9999 -9999 -9999 -9999 -9999 -9999 9.28 7.66 7.49 8.43 15.47 17.31 12.28 9.23 8.97 9.98 11.50 12.06 11.65 8.30 7.48 11.41 9.96 9.26 8.48 7.65 7.49 7.63 7.79 8.11 7.82 7.51 7.60 7.52 7.33 7.36 7.82 9.11 9.96 8.65 8.93 10.01 8.66 6.94 9.75 7.95 7.87 8.24 7.69 7.65 7.53 7.85 8.20 7.71 7.61 7.61 7.40 8.54 8.14 7.77 7.61 7.51 7.67 7.61 7.64 7.46 7.38 7.60 8.59 9.67 -9999 -9999 -9999 -9999 -9999 -9999
-9999 -9999 -9999 -9999 -9999 -9999 -9999 -9999 -9999 8.93 7.94 9.33 10.60 12.20 14.69 9.50 7.34 8.76 10.72 11.30 12.26 11.22 8.68 6.79 11.38 11.48 9.75 8.96 7.63 7.33 7.65 8.31 8.05 7.82 7.64 7.26 7.07 7.35 8.57 8.37 7.12 10.24 8.62 8.94 10.14 10.09 8.49 7.83 7.51 6.78 7.75 8.23 7.59 7.49 7.31 7.64 7.49 7.73 7.54 7.44 7.86 8.21 7.91 7.88 7.71 7.68 7.53 7.35 7.33 7.61 8.21 9.14 -9999 -9999 -9999 -9999 -9999 -9999 -9999
-9999 -9999 -9999 -9999 -9999 -9999 -9999 -9999 -9999 8.32 8.19 9.11 8.71 11.90 10.96 8.68 9.52 8.11 9.07 11.22 10.60 12.28 10.29 7.51 10.53 11.52 11.07 8.80 7.99 7.22 7.85 8.65 8.43 7.84 7.48 7.21 7.40 8.30 8.44 7.33 7.16 9.06 8.89 8.65 8.64 8.30 8.34 8.73 6.64 7.27 7.45 7.28 7.58 7.28 7.80 7.20 7.40 7.58 7.45 7.58 8.84 8.23 7.90 7.79 7.78 7.68 7.55 7.43 7.50 8.15 9.01 -9999 -9999 -9999 -9999 -9999 -9999 -9999 -9999
-9999 -9999 -9999 -9999 -9999 -9999 -9999 -9999 9.33 14.06 9.32 9.91 10.53 7.43 14.19 12.52 11.73 10.46 11.92 10.01 10.72 9.81 8.81 9.69 12.21 11.33 10.82 8.68 7.80 7.15 8.14 8.27 7.98 7.74 7.31 7.36 8.33 7.96 7.51 8.20 8.77 7.23 10.12 9.46 7.58 8.06 7.71 7.25 7.21 6.73 6.71 6.84 7.56 7.26 6.88 7.80 7.33 7.43 7.56 7.89 8.93 8.27 7.90 7.87 7.70 7.66 7.47 7.41 7.94 8.75 -9999 -9999 -9999 -9999 -9999 -9999 -9999 9.89 -9999
-9999 -9999 -9999 -9999 -9999 -9999 10.42 9.94 12.26 10.89 9.30 9.45 10.04 7.33 8.19 9.48 12.12 11.72 12.45 11.60 11.77 8.00 9.93 9.94 8.29 8.82 8.43 8.75 7.99 7.38 7.90 8.04 7.98 7.50 7.59 8.49 8.02 8.15 7.46 8.46 8.89 8.53 7.75 7.16 8.23 7.89 7.55 7.52 7.46 7.30 6.46 7.08 7.04 6.64 6.80 7.07 7.31 7.53 7.47 7.91 8.83 8.24 7.80 7.78 7.59 7.51 7.38 7.57 8.25 -9999 -9999 -9999 -9999 -9999 9.70 9.68 9.46 8.91 8.80
-9999 -9999 -9999 -9999 -9999 10.88 10.67 10.52 10.51 10.18 9.92 8.95 7.66 7.12 8.03 9.02 10.87 15.65 10.29 9.02 8.66 6.67 11.07 11.97 11.58 9.42 8.49 8.67 8.32 7.84 7.87 8.15 7.77 7.52 7.67 8.32 8.58 7.52 7.42 8.50 8.56 8.20 7.77 7.83 8.03 7.24 7.58 6.96 6.99 7.39 6.98 6.63 6.36 6.61 7.18 7.00 7.17 7.35 7.47 7.76 8.89 8.43 7.82 7.57 7.43 7.40 7.33 7.53 8.08 -9999 -9999 -9999 -9999 -9999 8.93 8.72 8.66 8.25 8.03
-9999 -9999 -9999 -9999 11.16 11.78 11.28 11.03 -9999 -9999 -9999 -9999 7.93 12.06 10.46 9.92 11.64 10.44 8.89 10.65 9.92 8.98 15.19 13.40 11.59 11.92 9.65 8.11 8.27 8.10 7.60 7.56 7.40 7.15 7.66 7.59 8.61 7.69 7.53 7.78 8.12 8.20 8.04 7.38 7.41 7.29 7.26 7.10 6.91 6.68 6.56 6.42 6.62 7.09 6.97 6.79 7.23 7.61 7.72 7.75 8.35 8.24 8.06 7.44 7.35 7.30 7.22 7.28 7.73 8.58 -9999 -9999 -9999 -9999 8.38 8.14 8.13 8.06 7.86
-9999 -9999 -9999 -9999 12.17 13.23 11.09 11.28 -9999 -9999 -9999 -9999 8.12 10.50 11.57 8.12 11.19 10.59 10.05 12.26 13.35 11.18 13.76 9.17 9.97 9.94 9.08 8.08 7.85 7.81 7.53 7.60 7.86 7.14 7.61 7.60 7.88 8.29 7.61 7.69 7.27 7.79 8.32 8.51 8.40 7.33 6.97 6.96 6.93 7.16 6.72 6.71 6.99 7.15 7.49 6.95 8.12 8.12 8.27 7.70 7.97 7.98 7.86 7.32 7.34 7.28 7.16 7.13 7.22 7.77 8.30 -9999 -9999 8.66 8.44 8.26 8.44 8.14 7.81
-9999 -9999 -9999 -9999 -9999 -9999 -9999 -9999 -9999 -9999 -9999 -9999 8.77 11.97 10.75 8.16 9.37 8.16 12.89 12.64 9.43 11.62 11.23 10.19 10.65 9.13 8.46 7.80 8.11 7.71 7.79 7.53 7.20 7.19 7.21 7.21 7.56 8.05 7.61 7.40 7.60 7.82 7.53 8.00 8.09 6.77 7.62 8.29 7.58 7.62 7.36 6.55 7.00 7.55 8.14 7.90 7.48 7.72 8.17 7.82 8.06 7.90 7.81 7.27 7.34 7.31 7.24 7.13 6.97 7.12 7.51 8.07 8.38 8.28 8.36 7.87 8.51 8.52 8.41
-9999 -9999 -9999 -9999 -9999 -9999 -9999 -9999 -9999 -9999 -9999 -9999 -9999 11.90 6.56 6.74 9.03 11.87 11.39 12.74 12.13 9.40 10.31 11.27 8.97 8.53 7.93 7.75 7.56 7.70 7.62 7.51 7.25 7.11 7.09 7.32 7.32 7.82 7.63 7.31 8.84 8.36 7.43 7.24 7.15 7.15 7.06 7.77 7.93 7.67 8.43 7.15 6.86 7.27 7.02 7.25 7.29 7.15 7.96 7.96 7.81 7.63 7.87 7.36 7.39 7.34 7.25 7.18 7.15 7.17 7.22 7.55 7.88 8.06 8.00 8.01 8.70 8.67 8.38
-9999 -9999 -9999 -9999 -9999 -9999 -9999 -9999 -9999 -9999 -9999 -9999 -9999 8.73 11.76 12.48 10.85 9.55 9.26 11.24 9.93 10.12 9.04 8.74 9.99 8.07 7.89 8.97 8.42 8.04 7.59 7.01 6.91 7.36 7.31 8.05 8.02 7.88 7.50 7.15 8.56 9.16 8.18 7.35 6.98 7.13 7.11 6.98 7.21 7.86 9.46 8.45 7.06 6.69 6.92 7.62 8.27 8.17 7.78 8.10 7.94 7.92 7.76 7.53 7.49 7.39 7.38 7.32 7.30 7.35 7.45 7.62 7.86 8.16 8.14 7.96 8.50 8.54 8.88
-9999 -9999 -9999 -9999 -9999 -9999 -9999 -9999 -9999 -9999 -9999 -9999 10.24 10.06 8.58 14.07 10.03 8.51 10.45 10.33 9.54 11.62 9.21 8.87 10.32 7.66 11.80 9.64 8.27 8.22 8.74 7.39 7.05 9.03 8.87 8.18 7.40 7.75 7.67 7.41 7.85 8.28 8.13 7.57 7.24 7.08 7.11 7.26 7.09 7.99 8.00 7.61 7.17 6.83 7.24 7.88 8.54 8.45 7.68 7.82 8.08 8.12 7.88 7.67 7.55 7.49 7.46 7.42 7.39 7.45 7.57 7.62 7.81 8.33 8.33 8.11 8.28 8.53 8.13
-9999 -9999 -9999 -9999 -9999 -9999 -9999 -9999 -9999 -9999 -9999 -9999 9.37 10.00 13.84 9.78 6.87 8.46 8.60 9.70 11.62 11.54 9.70 9.40 9.26 7.92 8.23 8.75 9.79 9.59 8.07 7.88 7.73 8.07 8.46 7.43 7.29 7.78 7.70 8.03 8.20 7.82 7.99 7.75 7.38 7.20 7.12 7.10 7.12 7.71 7.92 7.55 6.87 7.04 7.81 8.56 8.10 8.52 8.46 8.14 7.98 8.50 7.91 7.98 7.66 7.58 7.46 7.44 7.46 7.46 7.54 7.63 7.77 8.47 8.37 8.07 8.13 8.45 8.25
-9999 -9999 -9999 -9999 -9999 -9999 -9999 -9999 -9999 -9999 -9999 -9999 10.29 11.73 7.25 8.51 8.02 9.07 9.01 12.19 11.01 12.28 10.40 9.69 8.29 7.27 7.51 9.58 11.07 11.81 8.31 9.27 8.53 8.68 8.34 7.11 7.31 7.50 7.70 8.05 7.67 7.69 8.53 7.97 7.28 7.27 8.06 7.01 7.27 7.55 7.46 7.12 6.96 7.36 7.69 7.90 8.01 8.04 7.64 7.71 8.21 8.35 7.67 7.63 7.65 7.54 7.49 7.41 7.34 7.42 7.49 7.59 7.74 8.00 7.94 8.07 7.95 8.17 8.05
-9999 -9999 -9999 -9999 -9999 -9999 -9999 -9999 -9999 -9999 -9999 -9999 -9999 7.69 8.62 10.24 12.12 12.85 11.20 11.36 9.99 8.25 8.32 7.80 8.46 8.42 7.54 8.33 8.74 10.96 9.29 8.40 8.44 9.41 8.89 7.33 7.93 7.18 7.30 8.94 7.79 7.59 7.49 7.58 7.05 7.13 8.26 7.72 7.21 7.56 7.30 7.13 7.38 7.94 7.64 7.53 7.29 7.78 7.32 8.22 8.29 7.64 7.55 7.92 7.73 7.43 7.38 7.29 7.28 7.36 7.42 7.52 7.59 7.63 7.69 7.84 7.78 7.70 7.77
-9999 -9999 -9999 -9999 -9999 -9999 -9999 -9999 -9999 -9999 -9999 -9999 -9999 8.65 9.39 10.32 12.04 14.13 13.07 10.52 8.58 7.63 8.76 10.17 11.52 12.66 10.18 8.30 8.59 9.39 8.82 7.41 9.88 9.36 9.03 7.99 8.46 7.45 7.13 7.72 8.73 8.31 7.69 7.22 6.95 7.29 7.89 7.61 7.29 7.29 7.57 7.71 7.89 8.25 7.72 7.42 8.22 8.24 8.21 8.10 8.22 7.59 7.88 8.20 7.48 7.32 7.30 7.24 7.27 7.29 7.33 7.39 7.44 7.49 7.43 7.33 7.21 7.12 7.29
-9999 -9999 -9999 -9999 -9999 -9999 -9999 -9999 -9999 -9999 -9999 -9999 9.71 8.31 8.80 10.30 11.47 11.15 10.93 9.17 9.79 13.03 10.99 11.10 11.14 9.67 9.00 9.41 9.54 8.32 7.64 8.04 9.53 9.46 8.96 8.01 8.61 7.20 7.09 8.12 7.81 8.04 7.98 7.38 6.90 7.18 7.79 7.61 7.10 7.28 7.31 7.26 7.82 7.62 8.31 7.87 8.38 7.90 8.09 8.16 7.58 7.50 8.11 7.99 7.29 7.21 7.40 7.21 7.27 7.27 7.36 7.36 7.32 7.29 7.12 7.28 7.47 7.47 7.00
-9999 -9999 -9999 -9999 -9999 -9999 -9999 -9999 -9999 -9999 -9999 -9999 11.46 9.83 8.59 8.21 9.86 12.72 12.38 11.19 9.93 10.33 11.21 12.05 12.18 9.38 10.79 11.55 8.71 10.15 7.27 7.73 9.07 10.31 8.24 8.63 7.56 6.78 6.92 7.41 9.32 8.20 8.13 7.69 7.38 7.43 7.57 7.36 7.05 7.14 7.08 7.04 7.04 7.92 8.27 8.24 8.69 8.00 7.67 7.66 7.42 7.73 8.04 7.77 7.43 7.67 7.50 7.62 7.33 7.31 7.45 7.46 7.26 7.13 6.97 6.93 7.48 7.48 7.51
-9999 -9999 -9999 -9999 -9999 -9999 -9999 -9999 -9999 -9999 -9999 -9999 10.48 9.45 6.82 7.58 9.71 12.85 11.76 11.84 9.91 10.91 10.38 9.50 10.31 10.63 10.38 9.30 8.35 8.73 10.42 8.01 8.02 8.10 8.36 9.32 8.11 6.90 6.97 7.42 7.68 7.62 8.24 7.84 7.61 7.71 7.19 6.84 7.24 7.36 7.42 7.02 7.45 8.28 8.24 7.63 7.81 8.40 7.73 7.94 7.34 7.97 8.04 7.48 7.40 7.56 7.22 7.36 7.28 7.27 7.30 7.20 7.13 7.12 7.02 7.22 6.88 7.10 7.26
-9999 -9999 -9999 -9999 -9999 -9999 -9999 -9999 -9999 -9999 -9999 9.86 10.51 11.49 9.20 7.68 10.36 11.36 13.03 12.82 9.07 9.12 8.43 9.52 10.82 9.48 9.28 10.50 9.41 8.89 8.59 7.98 7.49 7.62 8.38 8.29 7.95 7.62 7.16 6.93 7.41 7.71 7.29 7.58 7.45 7.83 7.22 7.19 7.28 6.95 6.90 7.15 7.96 7.85 7.81 7.35 7.97 8.11 7.86 7.31 7.87 7.93 7.98 8.03 7.69 7.41 7.35 7.26 7.30 7.28 7.17 7.07 6.97 6.95 7.01 7.23 7.16 7.18 7.35
-9999 -9999 -9999 -9999 -9999 -9999 -9999 -9999 -9999 -9999 10.88 10.65 10.89 9.19 7.78 9.78 11.82 12.33 11.14 12.30 9.50 10.15 8.90 8.82 13.37 10.04 10.33 8.84 9.09 8.11 7.83 8.06 8.81 8.17 9.50 8.23 8.39 7.37 7.12 7.13 7.31 7.61 7.32 7.40 7.67 7.73 6.83 7.22 7.15 7.16 7.26 7.54 7.99 7.49 7.98 7.64 7.83 7.29 7.21 8.01 8.23 7.88 8.01 7.86 7.27 7.59 7.65 7.62 7.52 7.26 7.03 6.82 6.96 6.97 7.37 7.53 7.63 7.60 7.10
-9999 -9999 -9999 -9999 -9999 -9999 -9999 -9999 11.70 10.78 9.95 8.63 8.08 8.03 8.28 10.55 11.32 12.51 13.64 12.36 10.75 7.98 9.70 9.40 12.09 10.01 9.35 9.35 8.43 8.19 7.36 8.02 9.35 8.98 9.09 7.68 7.74 7.44 7.38 7.71 7.46 7.73 7.21 7.31 7.53 6.98 6.86 7.08 7.64 7.40 7.91 8.40 8.08 7.73 7.39 7.21 7.70 7.99 7.80 8.08 7.44 7.91 8.03 7.56 7.04 7.11 7.75 7.65 7.63 7.06 6.82 6.63 6.82 7.50 7.70 7.48 8.00 7.74 7.47
-9999 -9999 -9999 -9999 11.40 10.52 9.51 11.64 11.66 11.77 11.68 9.66 8.78 8.11 11.56 10.40 11.72 12.17 12.04 10.04 9.20 7.75 8.60 8.45 12.85 11.80 10.37 8.72 8.86 8.39 9.41 7.45 8.69 9.00 8.72 8.34 7.72 7.23 7.83 7.46 7.16 7.93 7.23 7.26 6.98 7.05 7.31 7.72 7.21 7.67 7.36 7.68 8.34 8.25 8.03 7.78 8.08 8.06 7.82 7.60 8.10 7.43 7.39 7.25 6.99 7.48 7.68 7.74 7.27 6.88 6.85 6.93 7.65 7.72 7.37 7.80 7.20 7.35 7.52
-9999 -9999 -9999 12.26 10.66 10.85 10.12 9.64 10.82 10.37 10.67 9.20 8.06 10.28 10.83 10.98 8.65 12.53 10.00 8.44 11.98 9.81 7.44 12.20 10.95 10.62 8.01 7.72 8.17 10.33 8.24 7.71 7.60 7.74 8.88 8.80 8.61 7.54 7.62 7.22 7.23 7.72 7.43 7.24 7.15 7.19 7.53 7.43 8.70 7.37 7.09 7.44 8.05 7.69 7.67 7.37 7.49 7.79 7.63 8.13 7.74 7.32 7.33 7.46 7.11 7.31 7.39 7.08 6.97 6.91 6.92 6.99 7.32 7.83 7.74 7.75 7.39 7.24 7.22
-9999 -9999 12.36 11.92 9.73 9.30 9.29 9.88 9.35 9.55 8.93 9.45 12.37 10.21 9.19 11.38 7.56 9.52 9.46 11.79 11.44 11.95 10.34 9.96 9.07 7.74 11.07 10.59 8.06 8.34 8.02 7.69 7.92 7.45 7.58 8.87 9.03 7.34 7.02 7.08 7.49 7.03 6.81 7.22 8.84 7.32 7.15 7.66 8.19 7.59 7.17 7.59 7.97 7.94 8.29 7.87 7.36 7.25 7.24 7.96 7.71 7.27 7.81 7.69 7.21 7.25 7.17 7.02 7.18 7.24 7.19 7.31 7.36 7.81 7.33 7.21 7.38 7.01 7.03
10.86 12.03 10.28 10.06 10.40 9.52 9.17 10.55 9.52 9.32 9.50 11.58 11.11 9.78 10.46 9.86 8.43 8.48 10.96 11.27 10.10 10.35 11.49 8.77 6.66 11.00 12.19 10.12 9.92 8.14 8.37 7.69 7.91 9.18 7.77 9.24 7.98 7.21 6.88 7.12 8.29 6.60 6.93 9.74 7.84 7.31 7.32 7.86 8.45 7.41 7.41 7.62 7.41 7.79 7.80 7.44 7.23 7.45 7.18 7.43 7.69 7.72 7.44 7.19 6.92 6.82 7.16 8.12 7.68 8.29 7.80 7.06 7.85 7.63 7.70 7.45 7.30 7.35 7.06
9.55 11.49 13.57 12.57 12.15 9.87 10.59 11.76 10.72 10.25 11.77 10.47 9.97 11.69 9.57 7.79 8.60 9.07 10.95 10.77 10.47 10.10 9.18 7.26 8.75 15.68 12.91 10.21 8.43 8.80 8.38 9.33 8.15 8.54 7.91 7.72 7.57 7.52 7.00 6.77 6.79 6.50 9.00 9.39 8.60 7.51 7.25 9.12 8.10 7.54 7.62 7.28 7.75 7.67 7.44 6.95 7.74 7.45 7.00 8.08 7.96 7.27 7.13 7.01 6.82 7.11 7.79 8.07 7.96 8.29 7.75 7.47 7.94 7.72 7.27 7.50 7.40 7.54 7.46
9.52 10.42 10.79 10.36 9.36 10.67 9.83 11.14 8.87 9.72 11.42 10.77 9.65 10.30 7.79 7.39 10.33 11.09 10.14 9.16 10.69 8.55 7.42 6.82 10.39 12.75 13.14 8.55 9.04 9.21 9.41 8.69 7.67 8.76 8.32 7.90 7.39 7.53 6.56 6.30 7.04 7.06 8.93 8.69 8.10 7.24 7.83 8.92 8.50 8.11 7.70 7.75 7.59 7.33 7.05 7.05 7.41 7.64 7.36 7.25 7.25 7.08 7.80 8.16 7.04 7.21 7.73 7.89 7.59 7.95 7.90 7.92 7.92 7.30 7.35 7.26 7.32 7.10 7.35
9.40 9.76 9.53 10.02 9.64 9.66 10.38 9.32 9.88 8.99 8.80 8.70 8.20 7.62 9.05 8.19 10.93 15.27 9.19 9.27 9.93 13.29 12.89 7.26 6.94 13.98 11.08 9.48 9.91 10.73 9.18 7.68 7.23 9.00 9.15 7.92 7.31 7.04 6.53 6.46 7.32 9.07 9.16 8.09 7.79 7.52 7.42 7.53 8.30 7.82 7.68 7.43 7.11 6.89 6.89 7.53 7.36 7.22 7.28 6.68 6.84 7.49 7.40 7.84 7.35 7.25 7.23 7.37 7.75 7.91 7.95 7.98 8.01 7.22 6.95 7.27 7.24 6.89 7.17
9.22 9.76 9.05 9.44 9.55 9.58 8.76 8.61 9.23 8.68 9.69 8.81 9.91 7.54 9.88 11.24 11.15 11.85 12.37 10.45 12.05 13.65 10.18 11.59 10.29 7.05 10.85 10.55 8.17 8.51 7.39 8.54 8.41 10.61 9.77 7.81 7.17 6.56 6.44 7.30 9.22 8.13 9.24 8.03 7.79 8.25 7.49 8.49 7.58 7.73 7.39 7.09 6.94 7.04 7.06 7.13 6.91 6.85 6.67 6.78 7.50 8.08 7.64 7.10 7.50 7.08 7.72 7.19 7.14 7.37 7.61 7.77 7.79 7.52 6.87 7.17 7.18 7.01 7.31
9.37 8.93 9.96 10.73 11.90 10.94 9.77 9.07 8.44 8.71 10.78 8.79 9.41 7.48 9.05 9.35 8.65 7.85 9.89 9.35 10.75 10.70 12.50 11.29 11.84 11.06 13.87 9.35 8.32 7.84 8.66 8.26 10.09 9.67 9.66 7.29 6.86 6.32 8.90 9.44 9.04 9.17 7.86 8.16 8.25 8.11 7.80 7.82 7.76 7.45 7.21 7.07 6.97 7.35 7.41 7.56 7.10 6.61 6.64 7.18 8.38 7.18 7.46 7.42 7.05 6.99 7.10 6.80 6.86 7.33 7.18 7.52 7.54 7.37 7.26 7.26 6.95 6.80 7.54
9.80 9.31 9.43 10.60 10.76 11.22 10.55 9.83 9.22 8.80 9.16 10.75 7.99 10.97 10.18 9.99 10.77 9.75 8.37 8.50 9.63 8.74 10.18 10.07 9.14 12.84 12.68 8.24 8.67 7.20 7.82 9.10 9.59 8.95 8.32 7.14 6.76 7.90 7.46 8.72 8.49 8.00 8.20 8.02 7.87 8.05 7.65 7.39 7.28 7.13 8.07 7.10 7.58 7.09 7.05 6.73 6.55 6.64 7.35 8.18 7.79 7.44 7.49 7.25 6.96 7.03 7.32 7.47 6.50 7.19 7.80 7.36 7.20 7.42 6.81 7.00 7.60 7.22 7.02
10.14 10.41 10.98 11.77 -9999 -9999 -9999 -9999 10.16 9.92 10.60 8.75 7.96 9.02 8.97 8.60 8.24 5.90 12.46 13.08 9.32 8.28 8.41 9.54 10.31 11.95 9.81 8.46 7.56 6.96 9.98 9.02 10.01 7.82 7.52 7.14 7.09 8.59 7.34 8.40 8.29 7.74 7.85 7.77 7.69 7.50 7.35 7.23 7.18 7.13 7.86 7.23 7.40 7.37 7.02 6.82 6.67 7.71 7.57 7.75 7.81 7.79 6.75 6.61 6.44 7.22 7.52 7.14 6.29 6.94 7.48 7.35 7.11 7.59 7.22 7.11 7.44 7.54 7.21
