ML/MeanWindSpeed_1995-05_Actual.txt
ncols         180
nrows         290
xllcorner     -200000
yllcorner     -200000
cellsize      5000
NODATA_value  -9999
[rows 175 to 209 of 290, columns 78 to 155 of 180]
-9999 -9999 -9999 -9999 -9999 -9999 -9999 -9999 10.26 9.41 8.55 7.99 8.22 7.41 7.48 13.51 18.70 8.15 11.31 12.27 11.75 10.07 7.23 6.43 8.62 11.14 8.82 6.40 6.35 7.02 6.59 6.85 8.11 7.31 6.69 6.31 6.57 6.82 6.78 7.19 7.34 11.63 12.63 9.92 9.64 7.86 6.71 7.81 8.36 6.68 6.59 7.94 7.38 7.04 7.69 7.38 8.21 7.55 7.54 7.47 7.43 8.62 7.74 7.38 7.32 7.06 7.42 7.89 8.12 8.47 8.84 7.73 9.09 10.73 -9999 -9999 -9999 -9999
-9999 -9999 -9999 -9999 -9999 -9999 -9999 -9999 -9999 10.98 8.75 7.72 6.92 6.97 9.72 21.31 13.91 5.76 11.36 8.97 12.47 12.24 8.71 5.78 10.68 9.45 10.24 8.37 6.38 6.22 6.39 6.02 7.05 7.46 7.02 6.67 6.39 6.69 6.72 6.83 8.34 8.92 12.56 10.38 10.55 9.71 6.07 7.77 9.56 7.10 7.23 7.94 7.36 7.32 7.42 7.28 8.11 7.35 7.26 7.44 7.06 7.74 7.74 7.32 7.22 7.14 7.25 7.67 8.78 8.02 7.55 7.69 8.82 10.53 -9999 -9999 -9999 -9999
-9999 -9999 -9999 -9999 -9999 -9999 -9999 -9999 -9999 -9999 9.20 7.60 8.04 9.70 18.41 19.57 12.82 9.31 8.94 10.39 12.34 12.83 12.53 8.17 6.55 11.72 9.98 8.84 7.46 6.21 6.12 6.48 6.66 7.02 6.62 6.23 6.46 6.63 6.72 6.95 7.78 9.11 10.20 8.62 8.73 10.08 8.50 5.96 9.58 7.48 7.42 7.88 7.22 7.24 7.14 7.52 7.96 7.36 7.25 7.27 6.95 8.36 7.84 7.42 7.34 7.30 7.59 7.48 7.56 7.43 7.38 7.77 9.23 10.77 -9999 -9999 -9999 -9999
-9999 -9999 -9999 -9999 -9999 -9999 -9999 -9999 -9999 -9999 9.29 8.32 10.53 11.60 12.95 15.42 8.95 7.29 9.20 11.73 12.32 13.09 11.58 8.62 6.08 11.84 11.98 9.39 8.03 6.28 6.01 6.55 7.36 6.92 6.64 6.45 6.16 6.21 6.72 8.27 8.33 6.55 10.43 8.51 8.88 10.29 10.33 7.97 6.96 6.84 5.99 7.17 7.80 7.01 6.92 6.68 7.18 7.09 7.45 7.27 7.20 7.69 8.10 7.73 7.75 7.58 7.59 7.43 7.26 7.39 7.88 8.80 10.14 -9999 -9999 -9999 -9999 -9999
-9999 -9999 -9999 -9999 -9999 -9999 -9999 -9999 -9999 -9999 8.51 8.20 9.09 8.10 11.83 10.30 7.91 10.07 8.37 9.39 12.06 10.85 12.85 10.86 7.59 10.95 11.77 10.88 7.77 6.89 6.04 6.90 7.92 7.55 6.77 6.36 6.21 6.59 7.86 7.96 6.78 6.65 8.84 8.56 8.31 8.21 7.76 7.71 8.11 5.55 6.51 6.60 6.39 6.79 6.46 7.22 6.61 7.01 7.38 7.34 7.62 9.22 8.31 7.83 7.71 7.74 7.70 7.63 7.60 7.84 8.86 10.11 -9999 -9999 -9999 -9999 -9999 -9999
-9999 -9999 -9999 -9999 -9999 -9999 -9999 -9999 -9999 9.20 15.50 8.72 9.14 9.94 5.85 15.21 13.44 13.15 11.39 12.63 9.78 10.64 9.71 9.25 10.88 13.39 11.46 10.43 7.63 6.76 6.10 7.38 7.48 7.09 6.78 6.26 6.46 7.70 7.30 6.64 7.73 8.68 6.35 9.92 9.18 6.63 7.17 6.76 6.19 6.19 5.64 5.52 5.66 6.60 6.35 6.06 7.48 7.06 7.38 7.66 8.13 9.40 8.41 7.88 7.84 7.69 7.77 7.69 7.78 8.67 9.90 -9999 -9999 -9999 -9999 -9999 -9999 -9999
-9999 -9999 -9999 -9999 -9999 -9999 -9999 10.32 9.55 12.34 10.42 7.93 7.85 8.90 6.23 7.95 9.61 13.56 13.00 13.34 11.95 12.52 8.06 10.93 10.76 7.87 7.99 7.31 7.84 7.13 6.56 7.22 7.32 7.31 6.69 6.74 7.92 7.19 7.38 6.49 7.86 8.50 7.88 6.75 6.06 7.48 6.91 6.49 6.55 6.45 6.26 5.09 5.93 5.95 5.61 6.05 6.70 7.31 7.82 7.81 8.24 9.25 8.41 7.82 7.79 7.61 7.66 7.67 8.14 9.24 -9999 -9999 -9999 -9999 -9999 10.82 10.58 10.17
-9999 -9999 -9999 -9999 -9999 -9999 10.44 10.00 9.66 9.40 8.88 8.36 7.21 6.10 6.21 7.84 8.94 11.29 17.61 10.53 9.14 9.35 6.89 12.32 13.01 11.80 8.56 7.43 7.91 7.72 7.31 7.39 7.75 7.31 7.03 7.02 7.63 7.83 6.51 6.46 7.78 7.79 7.38 6.86 7.01 7.34 6.18 6.60 5.89 5.88 6.37 5.81 5.42 5.20 5.74 6.81 6.95 7.54 8.02 8.19 8.28 9.46 8.76 7.94 7.60 7.48 7.58 7.69 8.17 9.07 -9999 -9999 -9999 -9999 -9999 9.68 9.09 8.88
-9999 -9999 -9999 -9999 -9999 10.74 11.32 10.46 10.02 -9999 -9999 -9999 -9999 7.08 12.92 11.08 9.90 11.73 10.75 9.23 11.83 11.15 9.70 17.31 14.47 11.67 11.86 9.00 7.27 7.74 7.72 7.19 7.16 6.95 6.71 7.15 6.67 7.83 6.71 6.58 6.83 7.27 7.46 7.28 6.49 6.57 6.35 6.30 6.24 5.94 5.58 5.46 5.37 5.78 6.68 6.97 7.14 8.08 8.78 8.95 8.76 9.20 8.80 8.43 7.53 7.45 7.49 7.56 7.83 8.58 9.83 -9999 -9999 -9999 -9999 8.61 7.89 7.80
-9999 -9999 -9999 -9999 -9999 11.90 13.09 10.13 10.46 -9999 -9999 -9999 -9999 7.66 10.46 12.12 7.65 11.52 11.20 10.93 14.00 15.07 11.74 14.57 8.27 9.16 8.99 8.21 7.27 7.17 7.35 7.11 7.24 7.60 6.72 7.20 6.90 7.03 7.54 6.67 6.78 6.41 7.22 7.88 8.08 7.90 6.60 6.17 6.26 6.24 6.55 6.07 6.13 6.57 7.10 8.01 7.78 9.66 9.88 10.17 9.27 9.21 8.78 8.33 7.47 7.47 7.46 7.45 7.57 7.80 8.63 9.38 -9999 -9999 9.03 8.21 7.56 7.75
-9999 -9999 -9999 -9999 -9999 -9999 -9999 -9999 -9999 -9999 -9999 -9999 -9999 8.35 12.06 10.77 8.18 9.62 7.85 14.31 13.98 9.18 11.49 10.55 9.20 9.88 7.87 7.48 7.10 7.62 7.24 7.40 7.09 6.70 6.83 6.87 6.68 6.89 7.45 6.85 6.56 6.98 7.45 7.04 7.55 7.72 6.20 7.36 8.23 7.33 7.46 7.28 6.29 6.88 7.82 9.04 9.29 9.14 9.69 10.33 9.77 9.68 8.88 8.29 7.37 7.40 7.43 7.46 7.45 7.33 7.58 8.10 8.67 8.63 7.87 7.53 6.60 7.44
-9999 -9999 -9999 -9999 -9999 -9999 -9999 -9999 -9999 -9999 -9999 -9999 -9999 -9999 12.00 5.27 5.96 8.56 12.29 11.77 13.53 12.44 8.62 9.63 10.85 7.96 7.43 7.03 7.12 6.94 7.29 7.20 7.05 6.75 6.82 6.85 6.95 6.69 7.32 7.18 6.79 8.77 8.19 6.91 6.65 6.63 6.83 6.82 7.80 8.05 7.68 8.70 7.09 6.77 7.56 7.70 8.52 9.00 9.05 10.09 10.01 9.48 8.45 8.16 7.31 7.32 7.32 7.31 7.35 7.39 7.42 7.35 7.47 7.31 7.00 6.64 6.47 7.41
-9999 -9999 -9999 -9999 -9999 -9999 -9999 -9999 -9999 -9999 -9999 -9999 -9999 -9999 8.22 12.23 13.05 10.57 8.97 8.53 11.09 9.45 9.82 8.26 7.83 9.60 7.20 7.18 8.87 8.35 7.94 7.24 6.62 6.59 7.30 7.15 7.90 7.65 7.47 7.17 6.86 8.64 9.36 8.05 7.00 6.54 6.86 6.92 6.82 7.25 8.07 10.05 8.80 7.13 6.96 7.75 9.12 10.26 10.34 9.83 10.13 9.39 8.18 7.52 7.21 7.24 7.22 7.32 7.34 7.35 7.35 7.27 7.10 6.86 6.80 6.61 6.31 6.98
-9999 -9999 -9999 -9999 -9999 -9999 -9999 -9999 -9999 -9999 -9999 -9999 -9999 10.20 9.83 7.52 14.66 9.55 7.96 10.65 10.23 9.09 11.87 8.60 8.10 10.28 6.87 12.43 10.07 8.46 8.42 8.98 7.37 7.01 9.55 9.09 8.00 6.87 7.36 7.42 7.25 7.71 8.25 8.16 7.47 7.03 6.89 6.99 7.20 6.97 8.13 8.04 7.70 7.44 7.33 8.23 9.34 10.33 10.40 9.35 9.24 8.41 7.64 7.25 7.11 7.12 7.19 7.28 7.31 7.26 7.24 7.14 6.85 6.64 6.92 6.78 6.46 6.66
-9999 -9999 -9999 -9999 -9999 -9999 -9999 -9999 -9999 -9999 -9999 -9999 -9999 8.80 9.11 13.94 9.12 5.75 8.34 8.63 9.77 11.86 11.74 9.26 8.84 8.98 7.58 8.11 8.86 10.32 10.23 8.11 7.98 7.79 8.05 8.31 6.85 6.71 7.42 7.49 8.12 8.28 7.72 7.99 7.73 7.27 7.04 7.07 7.08 6.99 7.68 7.89 7.66 7.18 7.72 8.85 9.87 9.30 9.91 9.73 8.77 7.65 8.00 7.24 7.46 7.17 7.20 7.17 7.21 7.21 7.08 6.94 6.75 6.56 7.12 6.83 6.40 6.48
-9999 -9999 -9999 -9999 -9999 -9999 -9999 -9999 -9999 -9999 -9999 -9999 -9999 9.65 11.46 5.74 8.08 8.13 9.67 9.14 12.80 10.90 12.77 10.43 9.56 8.00 7.25 7.55 10.13 12.01 12.97 8.34 9.70 8.82 8.79 8.01 6.35 6.80 7.14 7.38 8.08 7.71 7.75 8.76 8.07 7.21 7.20 8.30 6.95 7.22 7.53 7.44 7.21 7.29 8.01 8.41 8.67 8.80 8.87 8.21 7.81 7.91 7.85 6.98 7.04 7.14 7.11 7.16 7.08 6.95 6.93 6.82 6.69 6.59 6.64 6.40 6.54 6.43
-9999 -9999 -9999 -9999 -9999 -9999 -9999 -9999 -9999 -9999 -9999 -9999 -9999 -9999 6.83 8.26 10.99 13.82 14.70 11.86 11.60 9.62 7.63 8.09 7.61 8.56 8.62 7.41 8.36 8.56 11.46 9.39 8.35 8.59 9.62 8.70 6.68 7.60 6.72 6.89 9.24 7.90 7.66 7.49 7.64 6.97 6.99 8.51 7.86 7.15 7.62 7.38 7.32 7.77 8.54 8.12 7.97 7.68 8.33 7.52 8.34 8.09 7.07 6.95 7.49 7.30 7.01 7.02 6.90 6.83 6.83 6.76 6.69 6.56 6.42 6.39 6.62 6.71
-9999 -9999 -9999 -9999 -9999 -9999 -9999 -9999 -9999 -9999 -9999 -9999 -9999 -9999 8.31 9.69 11.19 13.32 15.91 14.04 10.79 8.37 7.36 9.10 11.14 12.86 14.10 10.67 7.87 7.88 8.96 8.60 6.92 10.18 9.39 8.90 7.61 8.15 6.93 6.69 7.71 9.20 8.69 7.89 7.43 7.05 7.05 7.90 7.66 7.31 7.35 7.83 8.14 8.39 8.89 8.25 7.83 8.89 8.82 8.57 8.18 8.15 7.25 7.58 7.98 7.08 6.95 6.97 6.87 6.84 6.77 6.72 6.65 6.57 6.53 6.46 6.42 6.46
-9999 -9999 -9999 -9999 -9999 -9999 -9999 -9999 -9999 -9999 -9999 -9999 -9999 9.42 7.97 8.76 10.68 12.22 11.71 11.41 9.42 10.44 14.85 12.14 12.21 12.17 9.94 8.89 9.30 9.06 7.48 7.06 7.57 9.38 9.22 8.65 7.62 8.28 6.56 6.67 8.11 7.87 8.35 8.39 7.85 7.44 7.24 7.76 7.58 7.05 7.35 7.45 7.49 8.30 8.07 8.98 8.36 8.99 8.28 8.32 8.23 7.44 7.34 8.06 7.84 6.93 6.85 7.09 6.83 6.87 6.81 6.83 6.71 6.58 6.53 6.38 6.68 7.01
-9999 -9999 -9999 -9999 -9999 -9999 -9999 -9999 -9999 -9999 -9999 -9999 -9999 11.79 9.91 8.24 7.87 10.04 13.88 13.55 12.17 10.45 10.95 11.97 12.97 13.29 9.43 10.99 12.00 8.09 9.96 6.50 7.10 8.52 10.10 7.58 8.25 6.80 5.97 6.44 7.10 9.70 8.41 8.48 8.08 7.75 7.60 7.49 7.22 6.92 7.08 7.03 7.14 7.25 8.33 8.78 8.71 9.20 8.25 7.65 7.59 7.32 7.75 8.06 7.66 7.24 7.55 7.27 7.42 7.01 6.92 7.03 6.96 6.67 6.54 6.44 6.46 7.18
-9999 -9999 -9999 -9999 -9999 -9999 -9999 -9999 -9999 -9999 -9999 -9999 -9999 10.62 9.26 5.97 7.30 10.14 14.18 12.75 12.93 10.18 11.07 10.44 9.42 10.76 11.02 10.25 8.85 7.55 7.93 10.30 7.23 7.11 7.36 7.80 9.01 7.40 5.93 6.28 6.91 7.28 7.43 8.37 7.96 7.72 7.77 6.93 6.57 7.18 7.40 7.54 7.16 7.70 8.62 8.55 7.75 7.88 8.60 7.70 8.03 7.27 8.09 8.08 7.28 7.19 7.42 6.97 7.15 7.02 6.91 6.89 6.72 6.66 6.72 6.69 6.99 6.52
-9999 -9999 -9999 -9999 -9999 -9999 -9999 -9999 -9999 -9999 -9999 -9999 9.80 10.45 11.75 9.36 7.77 11.12 12.13 14.19 13.90 8.59 8.44 8.04 9.63 11.32 9.38 8.83 10.32 8.82 8.02 7.73 7.09 6.52 6.75 7.75 7.51 7.08 6.76 6.31 6.03 6.63 7.22 6.78 7.27 7.11 7.62 6.88 7.01 7.22 6.88 6.94 7.32 8.31 7.97 7.86 7.28 8.02 8.21 7.95 7.24 7.94 7.99 8.02 8.04 7.57 7.22 7.17 7.04 7.06 6.96 6.79 6.68 6.66 6.75 6.88 7.10 6.95
-9999 -9999 -9999 -9999 -9999 -9999 -9999 -9999 -9999 -9999 -9999 11.11 10.63 10.68 8.83 7.68 10.56 12.94 13.33 11.42 12.58 8.89 9.91 8.83 8.83 14.60 10.00 10.01 7.87 8.27 7.14 6.94 7.41 8.45 7.56 9.23 7.39 7.64 6.40 6.15 6.23 6.41 6.88 6.59 6.74 7.10 7.30 6.33 7.03 7.09 7.21 7.37 7.70 8.22 7.46 8.04 7.64 7.84 7.18 7.10 8.16 8.40 7.85 7.97 7.81 7.11 7.58 7.68 7.54 7.33 6.95 6.71 6.56 6.90 7.00 7.52 7.64 7.69
-9999 -9999 -9999 -9999 -9999 -9999 -9999 -9999 -9999 11.59 10.50 9.45 7.50 6.98 7.45 8.25 11.42 12.12 13.42 14.44 12.61 10.94 7.51 10.05 9.52 12.70 9.57 8.46 8.35 7.29 7.26 6.41 7.35 9.05 8.49 8.56 6.71 6.85 6.46 6.42 6.97 6.59 6.99 6.36 6.53 6.92 6.38 6.42 6.87 7.83 7.62 8.21 8.77 8.26 7.74 7.27 7.09 7.70 8.06 7.80 8.24 7.37 7.83 7.95 7.42 6.83 6.96 7.75 7.55 7.50 6.77 6.58 6.51 6.86 7.78 8.00 7.63 8.25
-9999 -9999 -9999 -9999 -9999 10.50 9.45 8.40 11.34 11.38 11.43 11.31 8.86 8.17 7.56 12.18 10.64 11.89 12.30 12.02 9.64 9.06 7.61 8.71 8.04 13.18 11.73 10.12 7.93 8.02 7.49 9.00 6.43 7.99 8.38 7.93 7.58 6.88 6.16 6.97 6.66 6.30 7.24 6.38 6.64 6.44 6.60 7.07 7.82 7.26 7.85 7.36 7.77 8.59 8.46 8.21 7.87 8.17 8.14 7.79 7.50 8.13 7.18 7.18 7.07 6.78 7.38 7.56 7.64 7.10 6.73 6.84 7.04 7.99 8.01 7.46 7.92 7.12
-9999 -9999 -9999 -9999 11.78 9.73 10.04 9.16 8.59 9.98 9.26 9.98 8.47 7.18 10.18 10.82 10.85 7.34 12.54 9.67 7.89 12.74 10.16 6.94 12.48 10.44 10.54 7.42 6.86 7.26 10.03 7.34 6.65 6.50 6.84 8.27 8.19 8.00 6.54 6.66 6.31 6.43 7.04 6.91 6.96 6.87 6.91 7.50 7.48 9.08 7.30 6.83 7.26 8.08 7.62 7.61 7.22 7.33 7.79 7.54 8.16 7.68 7.13 7.11 7.32 6.89 7.11 7.24 6.95 6.93 6.99 7.08 7.16 7.52 8.03 7.81 7.73 7.27
-9999 -9999 -9999 12.30 11.42 8.36 7.73 7.76 8.61 7.80 8.20 7.75 8.60 12.56 9.68 7.94 10.87 6.08 9.14 9.46 12.64 12.07 12.56 10.17 9.41 8.63 7.48 11.65 10.65 7.07 7.34 7.07 6.70 6.92 6.48 6.59 8.15 8.40 6.32 6.00 6.07 6.79 6.39 6.53 7.26 9.20 7.22 7.11 7.74 8.32 7.47 6.84 7.39 7.91 7.83 8.26 7.73 7.11 7.05 7.04 8.03 7.78 7.17 7.82 7.67 7.04 7.16 7.15 7.09 7.42 7.56 7.50 7.59 7.52 7.89 7.14 6.89 7.13
12.21 10.25 11.83 9.52 8.92 9.14 8.00 7.56 9.37 8.09 8.03 8.40 11.09 10.55 8.65 9.20 8.76 7.64 8.13 11.40 11.80 10.08 10.04 11.53 8.51 6.24 12.13 13.32 10.15 9.57 7.19 7.62 6.81 6.92 8.76 6.82 8.51 6.90 6.15 5.87 6.22 8.19 6.44 6.96 10.51 7.85 7.21 7.26 7.90 8.46 7.05 7.07 7.29 7.00 7.50 7.54 7.15 6.93 7.34 7.03 7.32 7.70 7.79 7.44 7.15 6.84 6.83 7.39 8.75 8.21 8.98 8.35 7.28 8.15 7.62 7.56 7.16 6.93
9.13 8.71 11.14 13.60 12.03 11.46 8.67 9.55 11.05 9.76 9.15 11.17 9.25 8.47 10.82 8.42 6.72 8.44 9.21 11.49 11.03 10.68 10.22 9.32 7.32 9.18 17.93 13.91 10.08 7.79 8.29 7.65 8.96 7.26 7.86 7.04 6.53 6.29 6.47 6.00 5.89 6.47 6.61 9.71 9.92 8.80 7.44 7.03 9.30 7.74 7.07 7.17 6.66 7.25 7.19 7.00 6.50 7.62 7.35 6.79 8.08 7.95 7.19 6.98 6.92 6.81 7.26 8.20 8.64 8.51 8.92 8.24 7.79 8.23 7.63 6.88 7.11 6.95
8.02 8.26 9.30 9.61 8.96 7.65 9.42 8.23 9.93 7.10 8.23 10.44 9.44 8.03 9.22 6.61 6.85 11.00 11.83 10.36 9.02 11.11 8.48 7.41 7.13 11.40 13.47 13.46 7.69 8.54 8.69 8.89 8.05 6.73 8.23 7.64 6.78 6.08 6.51 5.68 5.81 7.01 7.15 9.37 8.80 8.08 7.15 7.79 8.88 8.11 7.59 7.06 7.10 6.91 6.71 6.49 6.63 7.13 7.43 7.11 6.96 7.09 6.97 7.84 8.35 6.98 7.25 7.94 8.15 7.82 8.36 8.34 8.37 8.21 6.98 6.88 6.68 6.72
8.85 7.60 7.89 7.56 8.33 7.86 7.90 8.71 7.19 8.11 7.02 6.78 6.83 6.50 6.18 8.82 8.19 11.59 17.15 9.38 9.65 10.35 14.58 14.37 7.35 6.59 14.91 10.79 8.79 9.43 10.54 8.44 6.78 6.41 8.61 8.61 6.80 6.08 6.06 5.98 6.38 7.44 9.57 9.39 7.79 7.56 7.42 7.08 6.81 7.52 6.89 6.75 6.48 6.20 6.11 6.27 7.22 6.96 6.73 6.92 6.25 6.44 7.29 7.13 7.70 7.14 7.07 7.07 7.30 7.88 8.19 8.35 8.37 8.29 6.82 6.27 6.59 6.49
8.02 7.32 7.92 6.94 7.44 7.49 7.58 6.41 6.22 7.22 6.73 8.24 7.26 9.00 6.45 10.13 11.93 11.61 12.51 13.49 11.24 13.33 15.26 10.72 12.50 10.39 5.87 10.73 10.11 7.03 7.55 6.30 8.24 8.08 10.61 9.28 6.70 6.08 5.76 6.09 7.35 9.61 7.91 9.21 7.67 7.54 8.23 6.85 7.46 6.08 6.40 6.16 6.00 6.00 6.23 6.38 6.55 6.30 6.34 6.32 6.44 7.11 7.69 7.06 6.39 7.03 6.60 7.59 7.00 7.01 7.42 7.86 8.03 7.91 7.23 6.13 6.39 6.38
8.69 7.65 7.12 8.51 9.40 10.65 9.34 7.93 7.09 6.34 6.96 9.80 7.25 8.28 6.00 8.01 8.38 7.44 6.54 9.79 9.42 11.13 11.03 13.71 12.28 12.51 11.08 14.54 8.41 7.10 6.71 8.22 7.94 10.05 9.03 8.96 6.19 6.10 5.80 9.30 9.91 9.01 8.89 7.11 7.62 7.85 7.51 6.14 5.84 5.91 5.81 5.87 5.94 6.01 6.62 6.81 7.17 6.78 6.35 6.38 6.77 7.93 6.07 6.41 6.46 6.21 6.37 6.66 6.33 6.52 7.32 7.19 7.54 7.44 7.03 6.66 6.50 6.02
9.32 8.26 7.60 7.68 9.14 9.25 9.85 9.10 8.23 7.56 7.08 7.41 9.67 6.34 10.28 9.01 8.69 9.86 8.95 7.65 7.92 9.33 8.11 10.05 10.30 8.93 13.52 13.04 6.97 7.83 6.25 7.17 8.72 8.99 7.83 7.16 6.18 6.29 7.98 7.15 8.51 7.89 7.09 7.30 7.02 6.61 6.23 5.34 5.06 5.14 5.33 6.96 5.89 6.64 6.11 6.32 6.39 6.51 6.68 7.38 7.86 6.68 5.94 6.05 6.08 6.12 6.42 6.87 7.15 6.01 7.01 7.85 7.21 6.88 7.00 6.07 6.12 6.69
9.02 8.62 8.90 9.53 10.51 -9999 -9999 -9999 -9999 8.72 8.39 9.17 6.88 5.98 7.40 7.21 6.98 7.13 4.52 13.04 13.89 8.88 7.45 7.44 9.05 9.96 11.86 8.97 7.32 6.58 6.05 9.78 8.16 9.26 6.45 6.44 6.35 6.58 8.57 6.54 7.60 7.31 6.58 6.66 6.44 6.05 5.39 5.01 4.92 5.11 5.39 6.70 6.01 6.29 6.41 6.37 6.70 6.80 8.07 7.63 7.01 6.31 6.09 4.88 5.27 5.47 6.63 7.06 6.66 5.65 6.52 7.25 7.05 6.67 7.14 6.52 6.13 6.34
