ML/MeanWindSpeed_1992-03_Actual.txt
ncols         180
nrows         290
xllcorner     -200000
yllcorner     -200000
cellsize      5000
NODATA_value  -9999
[rows 102 to 135 of 290, columns 77 to 153 of 180]
-9999 17.41 18.74 20.50 7.98 24.73 18.12 17.05 13.09 27.50 16.40 27.29 16.02 15.15 25.27 13.32 7.47 18.97 26.07 25.88 14.85 15.30 16.69 15.13 12.13 10.99 10.79 11.00 16.68 14.29 14.23 13.91 14.37 14.38 13.73 13.86 -9999 -9999 -9999 -9999 -9999 -9999 -9999 -9999 -9999 -9999 -9999 -9999 -9999 -9999 -9999 -9999 -9999 -9999 -9999 -9999 -9999 -9999 -9999 -9999 -9999 -9999 -9999 -9999 -9999 -9999 -9999 -9999 -9999 -9999 -9999 -9999 -9999 -9999 -9999 -9999 -9999
14.46 12.97 9.50 9.56 16.38 26.11 9.56 13.72 26.30 18.25 18.04 24.26 25.18 20.23 8.82 18.59 19.49 24.97 20.76 16.20 21.63 22.68 16.80 13.37 10.71 10.67 12.72 17.97 14.42 12.73 13.59 12.74 12.62 12.86 -9999 -9999 -9999 -9999 -9999 -9999 -9999 -9999 -9999 -9999 -9999 -9999 -9999 -9999 -9999 -9999 -9999 -9999 -9999 -9999 -9999 -9999 -9999 -9999 -9999 -9999 -9999 -9999 -9999 -9999 -9999 -9999 -9999 -9999 -9999 -9999 -9999 -9999 -9999 -9999 -9999 -9999 -9999
13.91 14.89 16.41 12.86 17.10 9.05 7.75 13.02 18.86 15.57 11.69 11.52 14.25 17.46 22.86 14.55 18.92 16.68 19.77 21.97 17.90 17.00 14.09 12.11 10.89 10.85 14.36 13.91 11.39 11.30 11.51 13.00 12.60 -9999 -9999 -9999 -9999 -9999 -9999 -9999 -9999 -9999 -9999 -9999 -9999 -9999 -9999 -9999 -9999 -9999 -9999 -9999 -9999 -9999 -9999 -9999 -9999 -9999 -9999 -9999 -9999 -9999 -9999 -9999 -9999 -9999 -9999 -9999 -9999 -9999 -9999 -9999 -9999 -9999 -9999 -9999 -9999
17.73 15.22 18.90 13.49 8.79 12.28 19.26 19.72 17.11 14.13 15.53 21.52 15.03 18.96 11.99 15.07 20.06 13.41 9.25 9.24 11.75 10.37 10.14 11.78 12.36 10.47 11.92 11.09 10.98 14.31 13.36 13.65 13.07 -9999 -9999 -9999 -9999 -9999 -9999 -9999 -9999 -9999 -9999 -9999 -9999 -9999 -9999 -9999 -9999 -9999 -9999 -9999 -9999 -9999 -9999 -9999 -9999 -9999 -9999 -9999 -9999 -9999 -9999 -9999 -9999 -9999 -9999 -9999 -9999 -9999 -9999 -9999 -9999 -9999 -9999 -9999 -9999
16.15 17.03 14.36 16.20 20.61 19.54 23.50 14.15 19.05 9.78 21.62 11.50 24.42 12.95 17.00 25.80 16.46 12.58 15.40 13.67 10.21 10.12 9.39 9.46 11.35 10.01 9.71 12.00 12.85 12.81 13.14 11.67 13.01 13.42 -9999 -9999 -9999 -9999 -9999 -9999 -9999 -9999 -9999 -9999 -9999 -9999 -9999 -9999 -9999 -9999 -9999 -9999 -9999 -9999 -9999 -9999 -9999 -9999 -9999 -9999 -9999 -9999 -9999 -9999 -9999 -9999 -9999 -9999 -9999 -9999 -9999 -9999 -9999 -9999 -9999 -9999 -9999
16.90 17.13 10.18 19.52 14.95 9.95 15.95 21.01 20.03 9.43 20.99 17.93 18.93 14.15 20.42 16.70 18.39 22.87 17.57 15.42 13.42 11.76 11.82 13.70 14.45 16.22 15.49 13.46 11.79 11.21 14.42 12.60 15.42 14.87 15.41 -9999 -9999 -9999 -9999 -9999 -9999 -9999 -9999 -9999 -9999 -9999 -9999 -9999 -9999 -9999 -9999 -9999 -9999 -9999 -9999 -9999 -9999 -9999 -9999 -9999 -9999 -9999 -9999 -9999 -9999 -9999 -9999 -9999 -9999 -9999 -9999 -9999 -9999 -9999 -9999 -9999 -9999
17.51 12.95 17.61 17.85 13.74 9.31 17.96 19.86 25.28 11.87 19.77 16.14 16.90 15.76 16.89 9.95 12.58 14.53 13.90 10.71 13.22 16.27 20.65 19.11 17.27 14.57 13.71 15.80 10.98 13.08 14.63 15.30 15.76 15.73 15.60 15.09 -9999 -9999 -9999 -9999 -9999 -9999 -9999 -9999 -9999 -9999 -9999 -9999 -9999 -9999 -9999 -9999 -9999 -9999 -9999 -9999 -9999 -9999 -9999 -9999 -9999 -9999 -9999 -9999 -9999 -9999 -9999 -9999 -9999 -9999 -9999 -9999 -9999 -9999 -9999 -9999 -9999
11.75 18.33 21.78 11.50 9.31 15.93 23.41 16.93 8.37 13.04 30.16 14.11 13.39 15.07 15.09 12.23 11.34 9.13 9.57 14.76 22.25 21.11 17.68 15.86 12.53 11.87 12.69 14.91 13.10 14.06 13.26 12.60 13.52 14.04 14.31 -9999 -9999 -9999 -9999 -9999 -9999 -9999 -9999 -9999 -9999 -9999 -9999 -9999 -9999 -9999 -9999 -9999 -9999 -9999 -9999 -9999 -9999 -9999 -9999 -9999 -9999 -9999 -9999 -9999 -9999 -9999 -9999 -9999 -9999 -9999 -9999 -9999 -9999 -9999 -9999 -9999 -9999
13.91 15.07 13.97 12.92 21.42 12.32 19.77 20.01 20.16 15.11 12.05 24.79 14.97 12.10 10.54 10.50 9.94 9.20 8.95 14.35 11.39 10.11 9.11 11.50 14.47 13.00 13.28 12.60 12.79 14.33 13.54 -9999 -9999 -9999 -9999 -9999 -9999 -9999 -9999 -9999 -9999 -9999 -9999 -9999 -9999 -9999 -9999 -9999 -9999 -9999 -9999 -9999 -9999 -9999 -9999 -9999 -9999 -9999 -9999 -9999 -9999 -9999 -9999 -9999 -9999 -9999 -9999 -9999 -9999 -9999 -9999 -9999 -9999 -9999 -9999 -9999 -9999
16.10 13.75 9.91 19.66 20.20 22.43 23.07 10.56 20.27 20.53 11.02 15.93 17.32 13.13 12.94 14.28 15.91 17.41 11.75 10.09 9.21 9.64 11.03 12.54 14.46 13.55 13.40 14.23 13.77 -9999 -9999 -9999 -9999 -9999 -9999 -9999 -9999 -9999 -9999 -9999 -9999 -9999 -9999 -9999 -9999 -9999 -9999 -9999 -9999 -9999 -9999 -9999 -9999 -9999 -9999 -9999 -9999 -9999 -9999 -9999 -9999 -9999 -9999 -9999 -9999 -9999 -9999 -9999 -9999 -9999 -9999 -9999 -9999 -9999 -9999 -9999 -9999
14.60 11.56 19.96 14.95 20.90 23.34 19.18 15.90 20.92 20.97 12.05 11.62 10.81 11.39 12.73 13.99 18.37 20.05 15.42 12.61 10.46 10.18 12.19 11.80 12.40 13.18 15.90 16.96 14.35 -9999 -9999 -9999 -9999 -9999 -9999 -9999 -9999 -9999 -9999 -9999 -9999 -9999 -9999 -9999 -9999 -9999 -9999 -9999 -9999 -9999 -9999 -9999 -9999 -9999 -9999 -9999 -9999 -9999 -9999 -9999 -9999 -9999 -9999 -9999 -9999 -9999 -9999 -9999 -9999 -9999 -9999 -9999 -9999 -9999 -9999 -9999 -9999
-9999 14.30 19.38 15.08 19.78 18.98 21.07 13.99 12.30 14.49 14.14 13.47 13.59 10.54 22.41 22.05 19.64 19.69 15.26 11.48 11.29 10.89 10.94 10.70 10.73 12.33 11.90 -9999 -9999 -9999 -9999 -9999 14.53 13.55 13.90 13.20 -9999 -9999 -9999 -9999 -9999 -9999 -9999 -9999 -9999 -9999 -9999 -9999 -9999 -9999 -9999 -9999 -9999 -9999 -9999 -9999 -9999 -9999 -9999 -9999 -9999 -9999 -9999 -9999 -9999 -9999 -9999 -9999 -9999 -9999 -9999 -9999 -9999 -9999 -9999 -9999 -9999
-9999 14.66 21.11 14.73 11.42 24.52 13.40 13.66 12.73 11.68 13.75 16.10 19.82 14.81 14.52 12.46 12.35 11.60 12.68 13.32 13.85 13.29 12.06 12.54 13.09 12.47 11.94 12.58 13.50 -9999 -9999 12.58 12.44 12.59 11.35 11.89 12.73 13.26 -9999 -9999 -9999 -9999 -9999 -9999 -9999 -9999 -9999 -9999 -9999 -9999 -9999 -9999 -9999 -9999 -9999 -9999 -9999 -9999 -9999 -9999 -9999 -9999 -9999 -9999 -9999 -9999 -9999 -9999 -9999 -9999 -9999 -9999 -9999 -9999 -9999 -9999 -9999
13.46 17.82 14.42 16.10 17.81 19.67 13.17 15.32 18.45 17.30 15.80 12.52 12.47 13.35 12.16 12.06 11.62 11.53 12.73 14.36 14.34 13.18 14.83 15.29 12.45 11.30 11.67 12.21 13.92 12.36 12.57 13.23 12.19 10.41 11.66 15.09 15.24 17.34 12.52 -9999 -9999 -9999 -9999 -9999 -9999 -9999 -9999 -9999 -9999 -9999 -9999 -9999 -9999 -9999 -9999 -9999 -9999 -9999 -9999 -9999 -9999 -9999 -9999 -9999 -9999 -9999 -9999 -9999 -9999 -9999 -9999 -9999 -9999 -9999 -9999 -9999 -9999
18.88 14.53 18.76 17.20 13.83 13.11 -9999 18.18 21.79 16.56 14.24 12.05 11.39 11.50 12.18 12.94 12.35 12.21 14.64 14.76 14.96 13.92 12.93 12.80 11.68 12.39 13.16 15.00 13.09 11.39 13.95 12.65 12.21 11.29 13.70 16.50 16.74 17.90 15.44 16.75 17.93 13.44 -9999 -9999 -9999 -9999 -9999 -9999 -9999 -9999 -9999 -9999 -9999 -9999 -9999 -9999 -9999 -9999 -9999 -9999 -9999 -9999 -9999 -9999 -9999 -9999 -9999 -9999 -9999 -9999 -9999 -9999 -9999 -9999 -9999 -9999 -9999
23.37 15.68 -9999 15.49 17.31 13.68 -9999 19.36 24.21 17.43 15.73 12.88 12.71 12.21 12.34 11.38 11.36 11.32 12.37 15.16 15.23 15.42 13.32 13.02 14.42 15.87 18.52 16.18 12.56 10.95 12.86 12.87 12.87 18.89 20.01 16.58 16.41 15.38 15.30 15.44 12.76 13.79 -9999 -9999 -9999 -9999 -9999 -9999 -9999 -9999 -9999 -9999 -9999 -9999 -9999 -9999 -9999 -9999 -9999 -9999 -9999 -9999 -9999 -9999 -9999 -9999 -9999 -9999 -9999 -9999 -9999 -9999 -9999 -9999 -9999 -9999 -9999
18.30 15.93 -9999 -9999 17.32 15.00 15.12 18.39 20.50 13.79 14.36 16.86 14.83 13.94 13.36 16.39 12.79 10.33 11.07 12.01 14.23 15.32 16.74 14.57 17.60 18.51 16.05 14.55 14.59 13.55 14.18 15.57 16.54 16.00 18.95 16.38 15.44 15.30 11.45 11.38 12.90 14.44 14.88 -9999 -9999 -9999 -9999 -9999 -9999 -9999 -9999 -9999 -9999 -9999 -9999 -9999 -9999 -9999 -9999 -9999 -9999 -9999 -9999 -9999 -9999 -9999 -9999 -9999 -9999 -9999 -9999 -9999 -9999 -9999 -9999 -9999 -9999
-9999 -9999 -9999 -9999 -9999 15.80 14.57 19.13 15.29 12.09 13.70 15.56 17.38 15.90 14.69 16.05 16.00 13.22 10.09 12.55 15.58 14.34 14.18 15.03 17.47 15.97 13.95 14.61 14.92 18.87 17.84 15.46 14.58 12.86 15.81 15.18 14.24 15.09 11.94 11.07 11.21 11.29 11.98 -9999 -9999 -9999 -9999 -9999 -9999 -9999 -9999 -9999 -9999 -9999 -9999 -9999 -9999 -9999 -9999 -9999 -9999 -9999 -9999 -9999 -9999 -9999 -9999 -9999 -9999 -9999 -9999 -9999 -9999 -9999 -9999 -9999 -9999
13.62 19.75 21.45 -9999 -9999 -9999 15.69 17.00 14.08 13.27 13.02 13.79 16.01 17.13 17.77 17.96 16.24 15.25 13.34 9.69 14.83 13.51 13.15 13.64 12.76 12.64 15.86 14.11 18.37 22.55 20.25 16.70 16.39 12.52 13.76 13.44 13.98 14.43 11.82 10.89 10.80 10.83 12.01 12.88 -9999 -9999 -9999 -9999 -9999 -9999 -9999 -9999 -9999 -9999 -9999 -9999 -9999 -9999 -9999 -9999 -9999 -9999 -9999 -9999 -9999 -9999 -9999 -9999 -9999 -9999 -9999 -9999 -9999 -9999 -9999 -9999 -9999
18.91 21.99 24.36 16.56 -9999 -9999 -9999 15.12 14.25 12.75 12.37 12.58 13.02 15.36 15.90 15.34 13.84 14.00 14.21 14.03 12.35 12.69 12.72 14.86 13.87 17.55 12.39 14.39 13.85 14.24 19.73 19.19 15.94 14.45 12.29 11.98 12.42 12.70 11.11 10.93 10.39 11.35 12.07 11.80 12.18 -9999 -9999 -9999 -9999 -9999 -9999 -9999 -9999 -9999 -9999 -9999 -9999 -9999 -9999 -9999 -9999 -9999 -9999 -9999 -9999 -9999 -9999 -9999 -9999 -9999 -9999 -9999 -9999 -9999 -9999 -9999 -9999
13.85 19.43 21.21 15.00 -9999 -9999 -9999 -9999 -9999 13.73 12.61 11.18 10.77 11.31 11.75 13.62 17.34 17.25 15.29 13.95 12.82 14.47 13.73 13.77 12.88 16.68 12.08 14.10 15.25 13.34 10.22 13.07 12.13 13.74 11.34 12.86 12.01 10.26 10.26 10.26 10.56 10.07 12.85 12.83 12.21 11.99 -9999 -9999 -9999 -9999 -9999 -9999 -9999 -9999 -9999 -9999 -9999 -9999 -9999 -9999 -9999 -9999 -9999 -9999 -9999 -9999 -9999 -9999 -9999 -9999 -9999 -9999 -9999 -9999 -9999 -9999 -9999
14.10 14.22 24.17 17.05 -9999 -9999 -9999 -9999 -9999 14.35 13.90 14.13 11.87 13.82 16.39 15.41 17.85 18.67 17.39 14.26 15.81 14.38 13.13 15.57 16.53 11.37 23.44 15.37 19.24 14.12 17.06 16.61 11.22 14.05 11.96 11.08 10.25 10.95 12.94 13.64 12.28 12.46 9.75 12.29 14.72 12.07 13.43 13.75 -9999 -9999 -9999 -9999 -9999 -9999 -9999 -9999 -9999 -9999 -9999 -9999 -9999 -9999 -9999 -9999 -9999 -9999 -9999 -9999 -9999 -9999 -9999 -9999 -9999 -9999 -9999 -9999 -9999
-9999 19.23 22.97 22.02 -9999 -9999 -9999 -9999 -9999 14.34 13.02 13.45 12.48 13.03 15.05 12.78 14.07 14.34 17.02 15.35 15.06 13.63 16.72 21.73 18.36 16.20 25.30 22.03 15.62 16.53 13.78 11.30 13.30 14.04 12.10 12.62 12.53 10.60 11.39 11.78 14.32 18.08 13.82 12.13 13.47 13.92 12.35 13.00 -9999 -9999 -9999 -9999 -9999 -9999 -9999 -9999 -9999 -9999 -9999 -9999 -9999 -9999 -9999 -9999 -9999 -9999 -9999 -9999 -9999 -9999 -9999 -9999 -9999 -9999 -9999 -9999 -9999
-9999 15.75 17.81 20.05 -9999 -9999 -9999 -9999 -9999 13.73 12.57 12.60 12.67 12.56 12.80 13.79 18.12 19.88 16.39 17.32 13.54 13.62 13.74 17.46 12.33 20.20 18.24 15.17 16.83 18.23 11.86 15.07 12.70 13.89 13.59 10.69 12.38 12.91 12.40 11.71 19.89 20.32 18.16 12.02 12.96 13.83 12.77 13.50 -9999 -9999 -9999 -9999 -9999 -9999 -9999 -9999 -9999 -9999 -9999 -9999 -9999 -9999 -9999 -9999 -9999 -9999 -9999 -9999 -9999 -9999 -9999 -9999 -9999 -9999 -9999 -9999 -9999
-9999 -9999 -9999 -9999 -9999 -9999 -9999 -9999 16.93 14.17 13.81 12.85 13.43 14.32 13.03 14.87 15.52 18.18 15.31 14.90 18.31 16.12 17.88 17.65 17.44 21.51 19.95 13.41 15.17 16.82 15.59 14.03 14.64 11.48 13.20 14.01 11.13 12.90 12.45 16.46 17.55 21.34 18.25 12.11 11.74 11.23 12.71 13.57 -9999 -9999 -9999 -9999 -9999 -9999 -9999 -9999 -9999 -9999 -9999 -9999 -9999 -9999 -9999 -9999 -9999 -9999 -9999 -9999 -9999 -9999 -9999 -9999 -9999 -9999 -9999 -9999 -9999
-9999 -9999 -9999 -9999 -9999 -9999 -9999 -9999 19.16 12.49 13.18 15.41 17.22 16.27 14.07 13.92 14.32 11.11 12.61 17.83 18.74 16.65 15.65 12.76 10.72 20.13 12.73 13.97 13.82 14.81 14.33 12.80 10.41 14.37 13.85 13.38 12.28 12.76 15.47 17.10 15.44 17.26 17.11 12.38 10.41 10.98 13.85 12.32 -9999 -9999 -9999 -9999 -9999 -9999 -9999 -9999 -9999 -9999 -9999 -9999 -9999 -9999 -9999 -9999 -9999 -9999 -9999 -9999 -9999 -9999 -9999 -9999 -9999 -9999 -9999 -9999 -9999
-9999 -9999 -9999 -9999 -9999 -9999 -9999 16.46 15.70 11.03 13.78 16.00 13.85 17.13 19.91 18.15 20.50 17.23 13.88 11.92 12.55 16.79 15.78 13.53 8.74 12.17 18.17 13.68 16.94 13.39 13.46 10.30 11.24 13.88 12.84 13.11 14.85 17.04 18.75 17.21 14.34 12.75 12.90 11.89 15.00 15.97 13.82 12.80 -9999 -9999 -9999 -9999 -9999 -9999 -9999 -9999 -9999 -9999 -9999 -9999 -9999 -9999 -9999 -9999 -9999 -9999 -9999 -9999 -9999 -9999 -9999 -9999 -9999 -9999 -9999 -9999 -9999
-9999 -9999 -9999 -9999 -9999 -9999 -9999 14.73 10.98 15.83 13.89 16.46 13.39 17.44 17.55 21.08 19.56 19.43 17.03 14.60 10.34 21.82 21.08 13.86 8.43 13.37 16.92 12.56 13.39 15.93 11.69 14.84 16.60 14.01 16.39 16.74 21.06 14.40 13.41 14.24 15.01 15.14 12.24 10.64 13.05 13.08 12.30 12.24 13.31 -9999 -9999 -9999 -9999 -9999 -9999 -9999 -9999 -9999 -9999 -9999 -9999 -9999 -9999 -9999 -9999 -9999 -9999 -9999 -9999 -9999 -9999 -9999 -9999 -9999 -9999 -9999 -9999
-9999 -9999 -9999 -9999 -9999 -9999 13.55 16.72 16.79 15.90 16.99 16.84 14.65 12.70 18.25 17.46 19.26 18.62 18.28 13.06 8.56 13.32 15.85 15.01 10.59 10.08 12.71 12.53 12.51 13.32 18.11 13.04 12.51 13.02 12.24 19.69 16.43 18.85 16.30 11.97 13.48 14.52 15.59 16.68 12.24 11.41 11.14 11.80 12.62 -9999 -9999 -9999 -9999 -9999 -9999 -9999 -9999 -9999 -9999 -9999 -9999 -9999 -9999 -9999 -9999 -9999 -9999 -9999 -9999 -9999 -9999 -9999 -9999 -9999 -9999 -9999 -9999
-9999 -9999 -9999 -9999 -9999 -9999 16.48 15.96 14.43 19.80 18.52 15.71 15.14 19.08 12.67 14.13 17.50 15.36 15.42 10.84 8.58 11.31 12.97 16.37 10.31 10.33 10.14 11.64 9.76 15.38 10.23 15.95 13.44 10.63 19.70 12.25 14.22 15.61 14.47 15.60 11.93 12.42 16.21 15.41 12.64 13.17 12.44 11.91 12.87 -9999 -9999 -9999 -9999 -9999 -9999 -9999 -9999 -9999 -9999 -9999 -9999 -9999 -9999 -9999 -9999 -9999 -9999 -9999 -9999 -9999 -9999 -9999 -9999 -9999 -9999 -9999 -9999
-9999 -9999 -9999 -9999 -9999 16.93 14.47 13.35 16.86 14.11 14.38 23.59 18.18 17.58 12.70 14.42 15.37 13.21 15.43 14.62 12.04 13.88 12.93 9.98 9.09 10.00 12.24 12.42 16.01 12.22 10.10 15.82 11.21 12.72 19.67 13.85 11.97 10.83 13.54 15.49 14.39 15.02 15.20 12.83 12.41 12.23 11.45 11.71 12.72 -9999 -9999 -9999 -9999 -9999 -9999 -9999 -9999 -9999 -9999 -9999 -9999 -9999 -9999 -9999 -9999 -9999 -9999 -9999 -9999 -9999 -9999 -9999 -9999 -9999 -9999 -9999 -9999
-9999 -9999 -9999 -9999 13.93 15.33 16.22 12.62 13.20 13.51 12.09 15.98 15.08 22.99 12.76 11.96 13.34 14.05 14.71 15.36 13.22 10.83 9.14 12.78 9.72 9.15 11.69 12.48 12.39 11.96 9.80 12.42 9.18 12.18 18.04 16.60 16.83 15.16 14.25 12.66 12.39 15.32 13.73 12.72 12.61 12.30 12.22 11.31 12.05 13.08 -9999 -9999 -9999 -9999 -9999 -9999 -9999 -9999 -9999 -9999 -9999 -9999 -9999 -9999 -9999 -9999 -9999 -9999 -9999 -9999 -9999 -9999 -9999 -9999 -9999 -9999 -9999
-9999 -9999 -9999 -9999 16.59 20.68 16.22 14.84 12.91 11.44 9.73 21.60 17.73 15.04 15.17 11.83 11.68 13.18 12.90 18.67 12.55 10.21 9.29 9.68 13.69 9.98 12.93 11.90 12.53 11.45 10.98 10.23 12.73 10.60 13.99 15.47 14.71 16.19 14.22 12.34 11.66 13.31 12.31 14.10 13.09 11.57 10.47 11.70 12.27 12.85 -9999 -9999 -9999 -9999 -9999 -9999 -9999 -9999 -9999 -9999 -9999 -9999 -9999 -9999 -9999 -9999 -9999 -9999 -9999 -9999 -9999 -9999 -9999 -9999 -9999 -9999 -9999
-9999 -9999 15.35 14.86 17.73 15.86 15.04 16.20 13.51 12.80 10.37 16.50 15.26 16.03 14.75 14.15 10.87 13.58 14.15 12.92 13.24 12.90 9.62 9.77 11.71 11.25 10.91 11.39 11.74 10.67 10.12 11.38 10.72 10.49 15.24 13.91 13.62 14.10 16.61 14.45 12.89 9.88 11.41 12.42 12.14 11.60 10.69 11.30 12.01 12.91 -9999 -9999 -9999 -9999 -9999 -9999 -9999 -9999 -9999 -9999 -9999 -9999 -9999 -9999 -9999 -9999 -9999 -9999 -9999 -9999 -9999 -9999 -9999 -9999 -9999 -9999 -9999
