ML/MeanWindSpeed_1995-04_Actual.txt
ncols         180
nrows         290
xllcorner     -200000
yllcorner     -200000
cellsize      5000
NODATA_value  -9999
[rows 140 to 174 of 290, columns 78 to 155 of 180]
-9999 -9999 -9999 13.00 -9999 -9999 -9999 11.15 11.64 10.24 10.10 10.79 -9999 -9999 11.00 9.04 12.15 13.45 -9999 -9999 -9999 -9999 -9999 10.47 9.61 7.27 7.74 7.90 8.94 8.55 9.24 8.91 5.84 8.59 12.99 15.46 11.83 14.13 15.11 15.29 11.84 12.16 11.89 9.56 6.19 5.65 5.64 2.21 3.49 6.77 9.17 -9999 -9999 -9999 -9999 -9999 -9999 -9999 -9999 -9999 -9999 -9999 -9999 -9999 -9999 -9999 -9999 -9999 -9999 -9999 -9999 -9999 -9999 -9999 -9999 -9999 -9999 -9999
-9999 -9999 -9999 12.76 12.65 -9999 -9999 -9999 11.27 12.26 11.81 11.91 -9999 -9999 -9999 -9999 11.56 -9999 -9999 -9999 -9999 -9999 -9999 9.12 8.48 7.68 8.85 10.70 10.89 9.51 9.48 8.30 6.70 6.76 11.25 14.08 10.09 16.72 15.87 17.11 12.84 12.58 13.78 9.67 6.77 5.45 3.27 1.75 3.37 6.53 9.34 -9999 -9999 -9999 -9999 -9999 -9999 -9999 -9999 -9999 -9999 -9999 -9999 -9999 -9999 -9999 -9999 -9999 -9999 -9999 -9999 -9999 -9999 -9999 -9999 -9999 -9999 -9999
-9999 -9999 -9999 -9999 14.23 -9999 -9999 -9999 -9999 11.87 13.15 12.56 -9999 -9999 -9999 -9999 -9999 -9999 -9999 -9999 -9999 -9999 9.85 8.95 9.44 9.75 10.17 12.41 12.18 10.91 10.53 9.25 8.39 6.25 8.05 16.29 17.28 16.89 16.28 12.85 11.33 11.47 8.87 5.65 7.63 7.18 3.08 2.37 4.10 6.80 10.00 11.91 -9999 -9999 -9999 -9999 -9999 -9999 -9999 -9999 -9999 -9999 -9999 -9999 -9999 -9999 -9999 -9999 -9999 -9999 -9999 -9999 -9999 -9999 -9999 -9999 -9999 -9999
-9999 -9999 -9999 -9999 15.60 -9999 -9999 -9999 -9999 -9999 -9999 -9999 -9999 -9999 -9999 -9999 -9999 -9999 -9999 -9999 -9999 -9999 10.17 8.67 7.85 7.27 6.52 15.87 13.21 11.56 13.26 9.56 10.54 5.03 5.29 12.94 18.72 15.10 13.11 18.10 19.96 17.37 13.56 10.89 5.10 5.28 4.62 5.65 5.28 7.13 10.75 12.26 12.56 -9999 -9999 -9999 -9999 -9999 -9999 -9999 -9999 -9999 -9999 -9999 -9999 -9999 -9999 -9999 -9999 -9999 -9999 -9999 -9999 -9999 -9999 -9999 -9999 -9999
-9999 -9999 -9999 -9999 -9999 -9999 -9999 -9999 -9999 -9999 -9999 -9999 -9999 -9999 -9999 -9999 -9999 -9999 -9999 -9999 -9999 9.84 9.15 7.93 7.18 11.62 6.02 21.86 21.05 11.02 11.36 9.68 8.25 8.43 5.06 6.90 18.55 18.59 16.20 14.17 12.63 15.08 13.74 11.51 8.27 6.32 5.71 5.40 6.01 8.52 9.70 10.25 11.32 -9999 -9999 -9999 -9999 -9999 -9999 -9999 -9999 -9999 -9999 -9999 -9999 -9999 -9999 -9999 -9999 -9999 -9999 -9999 -9999 -9999 -9999 -9999 -9999 -9999
-9999 -9999 -9999 -9999 -9999 -9999 -9999 -9999 -9999 -9999 -9999 -9999 -9999 -9999 -9999 -9999 -9999 -9999 -9999 -9999 -9999 8.42 9.57 6.71 10.28 20.46 11.11 7.12 14.51 15.18 11.37 10.21 8.68 8.02 7.07 7.95 10.81 21.50 18.08 16.47 13.30 12.59 12.07 9.18 8.25 7.82 8.58 6.76 8.35 8.31 9.16 9.12 9.74 10.81 11.69 11.71 -9999 -9999 -9999 -9999 -9999 -9999 -9999 -9999 -9999 -9999 -9999 -9999 -9999 -9999 -9999 -9999 -9999 -9999 -9999 -9999 -9999 -9999
-9999 -9999 -9999 -9999 -9999 -9999 -9999 -9999 -9999 -9999 -9999 -9999 -9999 -9999 -9999 -9999 -9999 -9999 -9999 -9999 -9999 8.17 8.02 7.99 13.50 9.32 9.45 11.24 16.09 11.33 9.07 13.15 6.22 8.92 7.97 9.38 9.25 13.23 16.25 15.82 14.43 13.21 10.16 9.79 8.61 7.67 7.26 7.69 7.86 8.59 8.18 8.19 8.53 12.57 10.81 11.98 12.73 12.16 -9999 -9999 -9999 -9999 -9999 -9999 -9999 -9999 -9999 -9999 -9999 -9999 -9999 -9999 -9999 -9999 -9999 -9999 -9999 -9999
-9999 -9999 -9999 -9999 -9999 -9999 -9999 -9999 -9999 -9999 -9999 -9999 -9999 -9999 -9999 -9999 -9999 -9999 -9999 -9999 -9999 8.09 7.54 9.14 16.61 18.97 14.05 9.38 10.26 10.71 13.66 7.24 11.54 9.04 8.42 10.89 10.87 8.71 9.87 15.35 14.62 13.16 11.74 10.33 9.47 9.19 8.86 8.18 8.52 8.34 7.79 8.49 8.65 9.90 13.34 12.40 12.29 13.52 13.21 10.92 -9999 -9999 -9999 -9999 -9999 -9999 -9999 -9999 -9999 -9999 -9999 -9999 -9999 -9999 -9999 -9999 -9999 -9999
-9999 -9999 -9999 -9999 -9999 -9999 -9999 -9999 -9999 -9999 -9999 -9999 -9999 -9999 -9999 -9999 -9999 -9999 -9999 -9999 -9999 8.75 7.09 10.03 12.49 7.60 23.58 19.25 9.19 11.38 7.99 12.75 13.50 8.75 7.42 9.69 10.79 8.35 18.08 16.20 15.63 16.32 16.52 15.12 10.64 11.93 10.04 9.38 9.20 8.90 8.69 8.49 7.64 8.51 11.67 10.06 9.38 10.20 11.90 9.97 13.36 -9999 -9999 -9999 -9999 -9999 -9999 -9999 -9999 -9999 -9999 -9999 -9999 -9999 -9999 -9999 -9999 -9999
-9999 -9999 -9999 -9999 -9999 -9999 -9999 -9999 -9999 12.93 13.82 14.29 -9999 -9999 -9999 -9999 -9999 -9999 -9999 -9999 -9999 -9999 8.83 7.46 6.53 9.81 12.64 16.82 8.39 4.53 10.69 9.56 8.34 6.95 9.68 10.56 9.42 10.83 14.35 14.69 19.44 17.83 14.86 13.94 14.66 12.57 10.84 10.17 9.60 9.38 8.37 7.79 13.12 11.51 15.36 15.65 13.87 12.23 8.91 12.80 13.23 11.59 -9999 -9999 -9999 -9999 -9999 -9999 -9999 -9999 -9999 -9999 -9999 -9999 -9999 -9999 -9999 -9999
-9999 -9999 -9999 -9999 -9999 -9999 -9999 -9999 -9999 10.90 11.49 -9999 -9999 -9999 -9999 -9999 -9999 -9999 -9999 -9999 -9999 -9999 -9999 7.42 4.90 10.29 10.94 21.01 10.23 10.17 8.82 5.70 4.60 5.39 5.50 16.45 9.05 10.92 17.56 14.27 10.78 10.04 15.91 11.06 14.84 12.37 10.87 10.12 9.79 8.82 8.97 11.87 13.09 11.70 10.87 9.86 11.13 12.34 11.73 12.41 12.09 14.47 -9999 -9999 -9999 -9999 -9999 -9999 -9999 -9999 -9999 -9999 -9999 -9999 -9999 -9999 -9999 -9999
-9999 -9999 -9999 -9999 -9999 -9999 -9999 -9999 9.45 13.22 12.69 11.83 -9999 -9999 -9999 -9999 -9999 -9999 -9999 -9999 -9999 -9999 -9999 7.80 10.37 11.41 12.17 9.48 11.05 8.39 7.47 5.80 5.04 7.60 5.97 5.02 16.84 11.58 10.82 15.82 13.46 17.32 13.65 14.33 12.47 11.90 11.23 11.01 9.84 8.62 9.49 11.08 10.07 11.10 11.96 11.01 11.40 10.96 11.35 11.87 10.06 13.68 12.06 -9999 -9999 -9999 -9999 -9999 -9999 -9999 -9999 -9999 -9999 -9999 -9999 -9999 -9999 -9999
-9999 -9999 -9999 -9999 -9999 -9999 -9999 7.89 13.10 15.25 19.38 11.35 -9999 -9999 -9999 -9999 -9999 -9999 -9999 -9999 -9999 -9999 -9999 9.35 15.10 11.56 6.64 8.83 7.83 8.67 6.16 4.98 6.22 7.75 4.78 13.38 10.26 14.66 11.19 17.70 10.81 12.92 10.70 13.66 11.71 12.08 12.13 10.51 10.11 8.19 7.42 11.45 12.28 11.87 10.18 10.10 9.44 9.33 9.73 11.95 12.06 11.50 12.46 -9999 -9999 -9999 -9999 -9999 -9999 -9999 -9999 -9999 -9999 -9999 -9999 -9999 -9999 -9999
-9999 -9999 -9999 -9999 -9999 -9999 9.49 8.67 17.59 13.75 13.03 -9999 -9999 -9999 -9999 -9999 -9999 -9999 -9999 -9999 -9999 -9999 -9999 -9999 9.70 7.27 6.81 9.83 6.64 9.31 6.76 5.87 5.67 6.47 4.62 12.98 13.32 15.15 14.73 16.43 16.39 16.55 15.19 14.40 14.55 13.79 10.99 10.29 9.31 7.22 6.71 7.93 14.11 12.69 9.32 8.44 8.37 7.82 7.94 8.22 8.65 8.39 9.57 11.38 12.15 -9999 -9999 -9999 -9999 -9999 -9999 -9999 -9999 -9999 -9999 -9999 -9999 -9999
-9999 -9999 -9999 -9999 -9999 -9999 12.43 14.41 9.77 10.46 11.18 -9999 -9999 -9999 -9999 -9999 -9999 -9999 -9999 -9999 -9999 -9999 -9999 -9999 -9999 8.10 9.01 8.19 7.03 8.58 7.59 7.48 6.92 7.77 4.99 13.14 12.14 11.08 14.74 13.75 12.71 18.38 18.50 13.93 15.92 14.06 12.94 9.87 8.51 7.50 6.97 7.43 8.94 9.64 8.75 8.63 8.37 8.20 7.82 7.81 7.87 8.09 11.82 12.00 11.42 -9999 -9999 -9999 -9999 -9999 -9999 -9999 -9999 -9999 -9999 -9999 -9999 -9999
-9999 -9999 -9999 -9999 -9999 -9999 13.21 11.35 12.06 10.86 -9999 -9999 -9999 -9999 -9999 -9999 -9999 -9999 -9999 -9999 -9999 -9999 -9999 -9999 -9999 9.44 9.66 9.09 -9999 8.84 -9999 8.13 7.18 6.70 5.41 5.97 12.86 11.62 12.65 17.58 8.71 10.28 17.87 15.51 14.67 14.02 12.03 9.92 9.15 9.04 8.22 7.90 8.18 9.37 10.71 9.21 9.80 8.44 7.58 8.92 10.41 9.83 8.97 8.90 11.01 13.08 13.56 -9999 -9999 -9999 -9999 -9999 -9999 -9999 -9999 -9999 -9999 -9999
-9999 -9999 -9999 -9999 -9999 12.62 11.29 10.83 -9999 -9999 -9999 -9999 -9999 -9999 -9999 -9999 -9999 -9999 -9999 -9999 -9999 -9999 -9999 -9999 -9999 10.78 9.75 8.85 -9999 -9999 -9999 8.01 9.16 5.72 7.15 8.94 7.25 7.03 9.64 15.42 15.21 8.81 14.73 17.01 13.44 14.71 12.91 11.12 8.67 8.82 8.42 8.21 8.25 8.60 9.08 8.98 9.30 7.69 8.67 10.17 11.11 11.39 11.01 9.76 9.47 10.66 11.98 -9999 -9999 -9999 -9999 -9999 -9999 -9999 -9999 -9999 -9999 -9999
-9999 -9999 -9999 -9999 -9999 -9999 -9999 -9999 -9999 -9999 -9999 -9999 -9999 -9999 -9999 -9999 -9999 -9999 -9999 -9999 -9999 -9999 -9999 -9999 -9999 -9999 -9999 -9999 -9999 -9999 8.85 6.68 6.81 9.52 11.01 11.83 11.65 9.50 10.19 14.08 13.76 11.30 8.99 13.49 15.37 13.14 11.82 10.55 9.41 9.02 9.16 8.47 8.26 8.39 8.38 8.17 7.39 8.69 12.44 10.53 11.30 10.15 10.10 8.81 9.39 10.28 -9999 -9999 -9999 -9999 -9999 -9999 -9999 -9999 -9999 -9999 -9999 -9999
-9999 -9999 -9999 -9999 -9999 -9999 -9999 -9999 -9999 -9999 -9999 -9999 -9999 -9999 -9999 -9999 -9999 -9999 -9999 -9999 -9999 -9999 -9999 -9999 -9999 -9999 -9999 -9999 -9999 -9999 8.16 6.44 8.50 12.44 15.93 14.13 10.21 11.66 8.49 9.37 8.77 11.06 11.92 13.23 13.68 13.03 11.38 10.63 10.03 9.05 9.24 8.49 8.45 8.53 8.58 8.28 7.38 8.19 13.41 12.51 10.22 9.62 9.20 8.76 9.32 10.40 -9999 -9999 -9999 -9999 -9999 -9999 -9999 -9999 -9999 -9999 -9999 -9999
-9999 -9999 -9999 -9999 -9999 -9999 -9999 -9999 -9999 -9999 -9999 -9999 -9999 -9999 -9999 -9999 -9999 -9999 -9999 -9999 -9999 -9999 -9999 -9999 -9999 -9999 -9999 -9999 -9999 -9999 7.41 5.77 6.59 10.78 12.55 11.90 10.63 10.32 9.46 10.21 8.86 8.93 9.87 8.07 13.48 11.49 12.72 11.02 10.60 9.04 8.72 8.83 8.75 8.81 8.69 8.51 8.00 7.78 10.54 11.80 10.71 9.76 9.53 9.04 9.27 9.80 -9999 -9999 -9999 -9999 -9999 -9999 -9999 -9999 -9999 -9999 -9999 -9999
-9999 -9999 -9999 -9999 -9999 -9999 -9999 -9999 -9999 -9999 -9999 -9999 -9999 -9999 -9999 -9999 -9999 -9999 -9999 -9999 -9999 -9999 -9999 -9999 -9999 -9999 -9999 -9999 10.52 8.81 6.75 5.56 9.23 11.83 15.61 11.35 13.32 7.46 9.06 9.05 10.86 11.81 11.28 13.57 9.09 9.43 9.49 9.40 8.91 10.04 8.94 8.88 9.25 8.87 8.79 8.80 8.34 8.16 8.62 11.11 10.68 9.85 9.51 9.30 8.93 8.76 9.63 -9999 -9999 -9999 -9999 -9999 -9999 -9999 -9999 -9999 -9999 -9999
-9999 -9999 -9999 -9999 -9999 -9999 -9999 -9999 -9999 -9999 -9999 -9999 -9999 -9999 -9999 -9999 -9999 -9999 -9999 -9999 -9999 -9999 -9999 -9999 -9999 -9999 -9999 -9999 9.75 7.96 6.77 6.13 6.91 10.93 8.32 8.28 6.28 8.48 12.56 9.74 12.10 11.44 12.99 8.61 13.35 10.46 11.90 11.30 11.34 9.92 9.52 9.10 8.87 8.83 8.90 8.81 8.64 8.29 8.22 9.20 11.04 10.38 9.57 9.47 8.53 7.69 8.92 -9999 -9999 -9999 -9999 -9999 -9999 -9999 -9999 -9999 -9999 -9999
-9999 -9999 -9999 -9999 -9999 -9999 -9999 -9999 -9999 -9999 -9999 -9999 -9999 -9999 -9999 -9999 -9999 -9999 -9999 -9999 -9999 -9999 -9999 -9999 -9999 -9999 -9999 -9999 9.78 7.82 7.14 6.66 7.14 8.11 8.68 7.62 6.64 8.75 9.44 8.81 11.21 14.18 11.13 10.46 8.68 10.90 8.74 9.57 10.41 10.86 9.83 9.49 8.86 8.81 8.94 8.88 8.73 8.49 8.25 8.72 10.48 11.50 10.04 9.24 8.18 7.06 7.82 9.28 -9999 -9999 -9999 -9999 -9999 -9999 -9999 -9999 -9999 -9999
-9999 -9999 -9999 -9999 -9999 -9999 -9999 -9999 -9999 -9999 -9999 -9999 -9999 -9999 -9999 -9999 -9999 -9999 -9999 -9999 -9999 -9999 -9999 -9999 -9999 -9999 -9999 -9999 9.41 7.97 7.51 7.48 7.31 7.32 7.29 8.34 9.83 7.00 7.20 8.74 14.35 14.33 15.47 13.43 10.75 10.32 10.96 9.21 8.50 9.98 10.63 9.42 8.87 8.90 8.75 8.81 8.81 8.78 8.49 8.59 10.72 12.23 10.66 9.60 8.54 7.12 7.03 8.41 9.81 -9999 -9999 -9999 -9999 -9999 -9999 -9999 -9999 -9999
-9999 -9999 -9999 -9999 -9999 -9999 -9999 -9999 -9999 -9999 -9999 -9999 -9999 -9999 -9999 -9999 -9999 -9999 -9999 -9999 -9999 -9999 -9999 -9999 -9999 -9999 -9999 -9999 9.40 7.72 7.32 7.10 6.80 6.40 7.52 7.27 8.64 9.31 11.74 13.60 14.75 11.68 13.87 11.82 11.41 9.51 11.16 10.37 9.37 8.71 8.68 9.02 8.77 8.82 8.84 8.90 8.89 9.01 9.03 9.13 9.67 10.97 10.53 9.55 8.84 8.07 7.43 7.50 9.09 -9999 -9999 -9999 -9999 -9999 -9999 -9999 -9999 -9999
-9999 -9999 -9999 -9999 -9999 -9999 -9999 -9999 -9999 -9999 -9999 -9999 -9999 -9999 -9999 -9999 -9999 -9999 -9999 -9999 -9999 -9999 -9999 -9999 -9999 -9999 -9999 -9999 -9999 7.76 7.38 6.93 6.24 6.89 9.44 9.66 10.53 9.12 8.91 11.65 11.56 13.68 12.75 10.14 8.06 8.79 8.70 10.20 9.10 8.83 9.63 9.33 8.61 8.85 8.72 8.84 8.79 8.91 9.14 9.39 9.65 9.46 9.65 9.55 9.28 -9999 8.36 8.57 9.49 11.22 -9999 -9999 -9999 -9999 -9999 -9999 -9999 -9999
-9999 -9999 -9999 -9999 -9999 -9999 -9999 -9999 -9999 -9999 -9999 -9999 -9999 -9999 -9999 -9999 -9999 -9999 -9999 -9999 -9999 -9999 -9999 -9999 -9999 -9999 -9999 -9999 9.16 7.68 7.28 6.48 5.86 6.10 11.14 11.99 9.57 12.92 12.37 10.16 10.03 15.30 13.24 13.74 10.27 7.99 10.34 8.54 7.82 8.76 9.03 8.66 8.88 8.51 8.55 8.64 8.82 8.69 8.75 10.51 9.61 8.84 10.30 9.31 9.13 8.89 -9999 9.60 10.35 11.69 12.79 -9999 -9999 -9999 -9999 -9999 -9999 -9999
-9999 -9999 -9999 -9999 -9999 -9999 -9999 -9999 -9999 -9999 -9999 -9999 -9999 -9999 -9999 -9999 -9999 -9999 -9999 -9999 -9999 -9999 -9999 -9999 -9999 -9999 -9999 -9999 8.88 7.42 7.07 6.46 8.21 7.02 8.49 12.19 8.46 8.95 9.43 7.20 7.36 12.32 12.10 12.27 8.51 10.74 11.66 8.75 9.90 8.87 9.56 9.34 8.91 8.41 8.44 8.52 8.58 8.44 8.32 8.57 9.15 8.02 8.30 9.08 8.39 9.01 9.29 -9999 -9999 -9999 -9999 -9999 -9999 -9999 -9999 -9999 -9999 -9999
-9999 -9999 -9999 -9999 -9999 -9999 -9999 -9999 -9999 -9999 -9999 -9999 -9999 -9999 -9999 -9999 -9999 -9999 -9999 -9999 -9999 -9999 -9999 -9999 -9999 -9999 -9999 10.48 8.18 7.18 8.07 7.58 7.74 7.22 8.44 8.74 8.05 7.74 7.22 6.98 7.52 11.04 14.43 14.98 10.08 13.07 12.17 9.03 9.24 8.04 8.84 9.33 8.79 8.31 8.62 8.59 8.52 8.59 8.28 8.45 8.61 8.36 8.04 9.70 9.05 8.85 8.89 9.95 11.09 -9999 -9999 -9999 -9999 -9999 -9999 -9999 -9999 -9999
-9999 -9999 -9999 -9999 -9999 -9999 -9999 -9999 -9999 -9999 -9999 -9999 -9999 -9999 -9999 -9999 -9999 -9999 -9999 -9999 -9999 -9999 -9999 -9999 -9999 -9999 -9999 -9999 8.44 7.27 7.29 7.79 9.98 7.37 7.05 6.98 7.47 7.79 7.13 6.78 6.66 7.18 12.23 14.36 15.79 12.52 12.86 11.27 9.74 9.98 7.58 8.05 9.40 8.45 8.51 8.42 8.42 8.61 8.34 8.39 8.80 8.36 7.75 7.91 10.75 9.40 8.86 9.07 9.79 10.93 12.27 -9999 -9999 -9999 -9999 -9999 -9999 -9999
-9999 -9999 -9999 -9999 -9999 -9999 -9999 -9999 -9999 -9999 -9999 -9999 -9999 -9999 -9999 -9999 -9999 -9999 -9999 -9999 -9999 -9999 -9999 -9999 -9999 -9999 -9999 -9999 8.49 7.81 7.36 7.53 7.76 7.74 7.28 6.63 6.77 6.36 6.14 6.21 6.39 7.50 7.34 13.57 16.77 17.24 14.34 12.23 10.89 9.02 9.25 8.40 9.96 8.69 8.68 8.43 8.44 8.44 8.35 8.71 8.83 8.51 7.80 8.29 10.69 9.99 10.19 8.73 8.68 9.62 11.04 -9999 -9999 -9999 -9999 -9999 -9999 -9999
-9999 -9999 -9999 -9999 -9999 -9999 -9999 -9999 11.80 11.04 11.71 13.05 -9999 -9999 -9999 -9999 -9999 -9999 -9999 -9999 -9999 -9999 -9999 -9999 -9999 -9999 -9999 9.14 7.98 8.43 7.71 8.68 8.01 7.18 6.88 6.79 6.48 6.45 6.26 6.24 6.25 6.37 10.37 14.05 14.46 11.79 15.46 14.09 9.80 9.53 7.17 10.60 10.70 8.97 8.84 8.54 8.46 8.42 8.34 8.62 9.17 8.94 8.05 8.04 8.58 10.74 10.50 10.91 8.73 8.50 9.87 11.52 -9999 -9999 -9999 -9999 -9999 -9999
-9999 -9999 -9999 -9999 -9999 -9999 -9999 -9999 11.03 10.27 10.21 10.79 -9999 -9999 -9999 -9999 -9999 -9999 -9999 -9999 -9999 -9999 -9999 -9999 -9999 -9999 9.23 8.95 8.18 8.51 9.57 8.05 7.97 6.72 6.54 6.66 6.40 6.65 6.83 6.00 5.64 5.99 8.48 15.99 16.37 11.61 13.54 12.72 12.00 8.33 7.22 9.49 10.29 9.27 8.28 8.18 8.33 8.75 8.52 8.57 8.92 9.43 8.61 8.37 8.33 10.37 10.41 10.32 9.02 8.70 9.09 10.78 -9999 -9999 -9999 -9999 -9999 -9999
-9999 -9999 -9999 -9999 -9999 -9999 14.29 10.65 8.96 9.54 9.36 10.52 10.16 11.45 12.40 -9999 -9999 12.73 10.81 -9999 -9999 -9999 8.93 10.57 9.98 -9999 7.44 9.52 8.63 8.15 8.65 7.90 8.12 7.81 8.22 7.49 7.43 6.43 6.90 6.14 6.31 10.72 7.86 10.85 14.30 8.34 10.39 16.15 9.47 11.17 8.46 9.29 9.55 8.85 8.51 8.42 8.40 8.66 8.22 8.60 8.68 9.64 8.68 8.34 8.38 8.90 9.76 10.95 10.34 8.88 8.65 10.04 11.88 -9999 -9999 -9999 -9999 -9999
-9999 -9999 -9999 -9999 -9999 -9999 -9999 11.14 9.54 8.94 8.55 8.90 10.37 12.24 9.57 -9999 9.25 10.05 11.42 9.99 11.02 7.24 6.21 11.21 11.37 9.88 -9999 7.27 9.04 8.83 7.95 7.79 8.53 7.52 7.07 6.84 6.63 6.86 6.48 6.85 6.71 11.00 11.98 11.77 12.59 11.52 13.66 13.96 11.73 8.73 7.97 10.10 10.01 8.29 8.88 8.32 8.82 8.82 8.23 8.43 8.55 9.70 8.79 8.35 8.34 8.19 9.16 10.13 11.01 9.87 8.88 9.44 11.20 -9999 -9999 -9999 -9999 -9999
