ML/MeanWindSpeed_1997-10_Actual.txt
ncols         180
nrows         290
xllcorner     -200000
yllcorner     -200000
cellsize      5000
NODATA_value  -9999
[rows 175 to 209 of 290, columns 79 to 157 of 180]
-9999 -9999 -9999 -9999 -9999 -9999 -9999 11.39 10.44 9.45 8.78 8.45 6.68 5.81 11.77 17.95 7.72 10.21 9.77 8.81 6.93 4.30 4.47 6.87 8.98 7.06 5.11 5.51 6.46 5.90 6.12 7.32 6.50 6.05 5.66 5.80 5.86 5.56 5.47 5.44 10.21 11.09 9.07 9.32 7.37 6.80 8.18 8.15 6.20 5.84 6.92 6.24 5.67 6.22 5.78 6.67 6.07 5.96 5.80 5.79 7.09 6.16 5.95 5.99 5.81 6.31 6.85 7.06 7.40 7.86 6.83 8.63 10.79 -9999 -9999 -9999 -9999 -9999 -9999
-9999 -9999 -9999 -9999 -9999 -9999 -9999 -9999 12.33 9.80 8.10 6.39 5.61 7.86 21.13 14.31 5.96 10.93 6.49 9.32 8.91 5.33 3.43 9.62 7.65 8.17 6.72 5.34 5.51 5.59 5.03 6.11 6.62 6.29 5.90 5.49 5.65 5.31 4.97 6.71 8.01 11.58 9.44 10.16 9.17 5.23 7.46 9.25 6.39 6.34 6.87 6.09 5.90 6.01 5.82 6.75 5.97 5.82 6.11 6.06 6.91 6.77 6.21 6.00 5.89 6.08 6.72 7.98 7.12 6.60 6.75 8.28 10.51 -9999 -9999 -9999 -9999 -9999 -9999
-9999 -9999 -9999 -9999 -9999 -9999 -9999 -9999 -9999 9.99 7.37 7.07 8.67 18.53 21.16 14.33 10.01 9.20 9.39 10.33 10.41 9.78 5.78 5.04 10.30 7.75 6.83 6.27 5.40 5.32 5.44 5.64 6.14 5.75 5.29 5.39 5.32 5.09 5.29 6.34 8.49 9.64 7.65 8.00 9.55 7.55 5.16 9.17 6.61 6.45 6.92 6.09 6.01 5.82 6.22 6.74 6.03 5.86 6.00 5.84 7.41 6.84 6.27 6.06 6.00 6.39 6.46 6.66 6.48 6.49 6.90 8.74 10.77 -9999 -9999 -9999 -9999 -9999 -9999
-9999 -9999 -9999 -9999 -9999 -9999 -9999 -9999 -9999 9.30 7.76 9.81 12.09 14.61 18.18 10.83 7.27 9.08 11.10 11.02 11.71 9.91 6.59 4.20 10.51 10.07 7.68 6.99 5.38 5.13 5.50 6.44 6.13 5.76 5.41 4.84 4.57 4.95 6.82 6.88 5.49 10.05 7.72 8.30 9.91 9.60 7.47 6.66 6.12 5.06 6.42 7.00 6.00 5.81 5.57 6.02 5.70 5.97 5.75 5.58 6.07 6.58 6.19 6.26 6.16 6.30 6.33 6.28 6.38 6.97 8.09 9.80 -9999 -9999 -9999 -9999 -9999 -9999 -9999
-9999 -9999 -9999 -9999 -9999 -9999 -9999 -9999 -9999 8.32 8.26 9.77 9.94 15.00 13.53 9.69 10.04 7.86 9.00 11.49 10.07 12.21 9.13 5.23 9.59 10.66 9.98 6.93 5.93 5.02 5.86 6.98 6.65 5.76 5.11 4.63 4.86 6.20 6.60 5.28 5.31 8.32 8.13 7.94 7.95 7.29 7.30 7.96 4.93 5.78 6.08 5.79 6.12 5.63 6.32 5.41 5.55 5.69 5.44 5.39 6.99 6.24 5.92 5.98 6.19 6.30 6.37 6.44 6.74 7.99 9.58 -9999 -9999 -9999 -9999 -9999 -9999 -9999 -9999
-9999 -9999 -9999 -9999 -9999 -9999 -9999 -9999 9.48 16.21 9.58 10.96 12.76 8.74 17.97 15.04 13.05 11.02 13.24 10.27 10.76 9.16 7.00 8.02 11.81 10.50 9.88 6.92 5.69 4.92 6.42 6.66 6.18 5.70 4.89 4.73 6.03 5.79 5.39 6.40 7.35 5.58 9.84 9.04 6.45 7.15 6.52 5.84 5.71 4.98 5.05 5.28 6.20 5.66 5.03 6.25 5.44 5.45 5.47 5.64 7.00 6.20 5.81 6.00 6.05 6.30 6.31 6.48 7.61 9.17 -9999 -9999 -9999 -9999 -9999 -9999 -9999 11.76 -9999
-9999 -9999 -9999 -9999 -9999 -9999 10.04 9.54 12.95 11.27 9.34 10.11 11.28 7.34 8.72 10.64 13.54 12.63 13.84 12.15 11.96 6.43 8.53 8.47 6.41 7.24 6.77 7.25 6.20 5.47 6.42 6.71 6.50 5.63 5.43 6.37 5.68 6.14 5.33 6.74 7.40 7.22 6.44 5.73 7.29 6.86 6.34 6.22 6.05 5.78 4.66 5.55 5.38 4.71 4.87 5.21 5.33 5.50 5.28 5.72 6.94 6.18 5.67 5.92 5.94 6.16 6.27 6.89 8.26 -9999 -9999 -9999 -9999 -9999 10.97 10.67 10.32 9.81 10.02
-9999 -9999 -9999 -9999 -9999 10.01 9.71 9.80 10.33 10.29 10.22 9.31 7.28 5.97 7.67 9.52 11.58 17.89 10.32 8.10 7.51 4.73 10.80 12.19 11.62 8.59 7.24 7.43 6.96 6.42 6.69 7.18 6.58 6.09 5.89 6.39 6.64 5.29 5.25 6.91 7.07 6.71 6.32 6.45 6.80 5.82 6.26 5.31 5.28 5.81 5.25 4.77 4.34 4.58 5.33 5.03 5.12 5.32 5.43 5.76 7.28 6.62 5.88 5.78 5.84 6.09 6.30 6.91 8.02 -9999 -9999 -9999 -9999 -9999 9.59 8.90 8.66 8.33 8.39
-9999 -9999 -9999 -9999 10.50 11.10 10.34 10.47 -9999 -9999 -9999 -9999 7.55 12.34 10.41 10.46 12.67 10.49 8.16 10.61 9.65 8.19 17.00 14.79 12.08 12.31 9.07 6.89 7.14 7.06 6.57 6.64 6.46 6.03 6.40 5.82 6.94 5.59 5.44 5.96 6.50 6.74 6.60 5.71 5.85 5.78 5.67 5.24 4.97 4.69 4.57 4.45 4.67 5.19 5.05 4.85 5.45 5.99 6.12 6.14 6.96 6.72 6.51 5.82 5.87 6.02 6.15 6.49 7.39 8.95 -9999 -9999 -9999 -9999 8.50 7.78 7.65 7.74 7.83
-9999 -9999 -9999 -9999 11.91 13.23 10.36 11.13 -9999 -9999 -9999 -9999 7.86 10.51 12.10 7.51 11.90 10.95 10.01 12.77 14.29 11.29 15.21 8.98 9.99 9.81 8.40 6.94 6.79 6.92 6.67 6.83 7.25 6.22 6.68 6.28 6.26 6.64 5.65 5.91 5.37 6.18 7.07 7.42 7.33 5.84 5.24 5.05 4.92 5.24 4.62 4.78 5.24 5.45 6.02 5.31 7.00 7.03 7.23 6.45 6.84 6.74 6.53 5.85 5.98 6.06 6.07 6.19 6.45 7.48 8.44 -9999 -9999 8.88 8.24 7.74 7.94 7.65 7.46
-9999 -9999 -9999 -9999 -9999 -9999 -9999 -9999 -9999 -9999 -9999 -9999 8.85 12.69 10.59 7.04 9.21 7.73 14.03 13.27 8.98 12.33 11.96 10.35 10.76 8.63 7.46 6.39 7.16 6.82 7.03 6.75 6.30 6.18 6.07 5.87 6.05 6.50 5.83 5.61 5.86 6.18 5.97 6.78 6.99 5.18 6.30 7.11 5.92 5.80 5.37 4.49 5.36 6.23 7.02 6.65 6.15 6.62 7.31 6.81 7.14 6.85 6.69 5.91 6.05 6.13 6.15 6.12 5.94 6.26 6.95 7.86 8.22 7.81 7.73 6.97 7.85 7.93 7.97
-9999 -9999 -9999 -9999 -9999 -9999 -9999 -9999 -9999 -9999 -9999 -9999 -9999 12.80 4.97 5.15 8.81 13.10 12.06 13.64 12.92 9.11 10.23 11.37 7.99 7.46 6.38 6.16 6.24 6.63 6.69 6.67 6.33 5.96 5.78 6.03 5.89 6.39 6.10 5.67 7.69 7.06 5.92 5.84 5.82 5.86 5.68 6.61 6.73 6.13 7.09 5.44 5.22 5.89 5.45 5.76 5.94 5.92 7.15 7.12 6.84 6.52 6.84 6.11 6.16 6.15 6.09 6.11 6.15 6.23 6.27 6.72 7.01 7.04 6.90 6.97 7.98 7.97 7.71
-9999 -9999 -9999 -9999 -9999 -9999 -9999 -9999 -9999 -9999 -9999 -9999 -9999 8.71 12.47 13.20 11.22 9.85 9.20 11.60 9.50 9.57 8.14 7.57 9.42 6.86 6.27 7.72 7.01 6.70 6.45 5.83 5.76 6.27 6.10 7.13 7.00 6.63 6.09 5.62 7.53 8.34 7.04 6.02 5.64 5.89 5.89 5.83 6.10 6.74 8.78 7.38 5.56 5.14 5.43 6.36 7.34 7.38 6.91 7.38 7.05 6.87 6.64 6.33 6.31 6.22 6.26 6.26 6.28 6.37 6.45 6.60 6.74 7.00 6.97 6.81 7.64 7.75 8.36
-9999 -9999 -9999 -9999 -9999 -9999 -9999 -9999 -9999 -9999 -9999 -9999 10.89 10.25 7.74 15.25 9.73 7.80 10.27 10.13 8.88 11.67 8.44 7.91 10.00 6.23 11.78 8.44 6.43 6.52 7.64 6.07 5.68 8.39 8.16 7.34 6.21 6.58 6.42 6.06 6.82 7.40 7.09 6.34 6.03 5.87 5.91 6.24 6.03 7.13 7.01 6.41 5.80 5.39 5.96 6.83 7.77 7.75 6.78 6.98 7.20 7.15 6.82 6.52 6.39 6.36 6.37 6.36 6.34 6.41 6.51 6.49 6.62 7.22 7.21 6.95 7.27 7.73 7.31
-9999 -9999 -9999 -9999 -9999 -9999 -9999 -9999 -9999 -9999 -9999 -9999 9.57 10.22 15.00 8.86 4.69 6.80 7.24 9.22 11.95 11.76 9.02 8.48 8.33 6.35 6.97 7.71 8.83 8.52 6.64 6.59 6.42 6.87 7.53 6.32 6.10 6.75 6.63 7.02 7.42 7.04 7.21 6.80 6.33 6.07 5.87 5.93 6.04 6.83 7.09 6.46 5.39 5.65 6.76 7.94 7.34 7.93 7.83 7.33 7.00 7.69 6.85 6.92 6.54 6.48 6.34 6.35 6.37 6.35 6.39 6.45 6.53 7.41 7.24 6.82 7.00 7.64 7.54
-9999 -9999 -9999 -9999 -9999 -9999 -9999 -9999 -9999 -9999 -9999 -9999 10.68 12.48 5.78 7.12 5.95 7.26 7.68 12.72 11.10 12.54 9.59 8.44 6.50 5.27 6.03 9.17 11.05 12.07 7.25 8.60 7.27 7.45 7.33 5.80 6.01 6.41 6.77 7.21 6.73 6.87 8.08 7.27 6.29 6.15 7.16 5.79 6.24 6.57 6.38 5.80 5.44 6.00 6.56 7.01 7.16 7.14 6.53 6.61 7.24 7.48 6.46 6.35 6.49 6.40 6.34 6.23 6.13 6.22 6.28 6.37 6.50 6.85 6.74 6.92 6.85 7.37 7.44
-9999 -9999 -9999 -9999 -9999 -9999 -9999 -9999 -9999 -9999 -9999 -9999 -9999 7.14 8.11 9.81 11.75 12.58 10.47 11.03 9.29 6.55 6.40 5.70 6.59 6.67 5.88 7.37 8.04 11.16 8.80 7.48 7.09 8.43 8.03 5.94 6.81 5.99 6.30 8.53 6.88 6.72 6.68 6.82 6.00 5.90 7.43 6.82 6.19 6.65 6.19 5.84 6.07 6.77 6.39 6.35 6.02 6.70 6.04 7.24 7.36 6.49 6.26 6.72 6.53 6.15 6.07 5.97 5.99 6.10 6.19 6.30 6.37 6.47 6.56 6.83 6.87 6.98 7.30
-9999 -9999 -9999 -9999 -9999 -9999 -9999 -9999 -9999 -9999 -9999 -9999 -9999 8.33 9.18 10.10 11.95 14.50 13.11 9.76 7.15 5.69 7.24 9.22 10.99 12.61 9.39 7.21 7.95 9.14 8.42 6.41 9.35 8.47 8.24 6.80 7.55 6.43 6.15 6.90 8.20 7.75 7.06 6.54 6.02 5.99 7.03 6.80 6.39 6.38 6.68 6.76 6.89 7.23 6.46 6.13 7.24 7.27 7.22 7.01 7.25 6.36 6.63 7.07 6.09 5.86 5.84 5.82 5.94 6.01 6.07 6.19 6.28 6.41 6.43 6.41 6.38 6.44 6.82
-9999 -9999 -9999 -9999 -9999 -9999 -9999 -9999 -9999 -9999 -9999 -9999 9.38 7.20 8.05 10.45 11.60 10.71 10.25 7.96 8.82 13.25 10.42 10.63 10.62 8.68 7.80 8.57 9.11 7.57 6.76 7.39 9.18 8.98 8.27 6.78 7.80 6.14 6.16 7.67 7.13 7.51 7.56 6.87 6.41 6.24 7.09 6.92 6.17 6.37 6.33 6.17 6.87 6.47 7.38 6.75 7.37 6.65 6.93 7.05 6.23 6.02 6.83 6.69 5.73 5.64 5.94 5.76 5.95 6.02 6.18 6.21 6.21 6.27 6.17 6.58 6.96 7.07 6.46
-9999 -9999 -9999 -9999 -9999 -9999 -9999 -9999 -9999 -9999 -9999 -9999 11.36 8.96 7.67 7.59 9.57 13.14 12.30 10.59 8.83 9.53 11.04 12.25 12.27 8.49 10.55 11.61 7.77 9.91 6.11 6.92 8.77 10.48 7.25 7.62 6.35 5.60 5.93 6.74 9.44 7.90 7.84 7.30 6.89 6.77 6.96 6.62 6.10 6.19 6.06 5.92 5.85 7.01 7.43 7.31 7.82 6.78 6.29 6.23 5.78 6.10 6.56 6.28 5.84 6.18 6.01 6.33 6.02 6.09 6.37 6.43 6.20 6.12 6.01 6.12 6.99 7.10 7.18
-9999 -9999 -9999 -9999 -9999 -9999 -9999 -9999 -9999 -9999 -9999 -9999 9.81 8.41 5.19 6.43 9.19 13.24 11.13 11.03 8.46 10.38 9.92 8.66 9.58 10.32 10.16 8.69 7.42 7.96 10.42 7.02 7.09 7.22 7.29 8.62 7.14 5.65 5.90 6.68 7.17 7.06 7.96 7.49 7.07 7.12 6.43 5.85 6.30 6.43 6.46 5.84 6.37 7.53 7.46 6.55 6.65 7.34 6.27 6.41 5.41 6.23 6.37 5.68 5.66 5.94 5.50 5.80 5.83 5.98 6.14 6.09 6.03 6.04 5.99 6.41 6.05 6.47 6.75
-9999 -9999 -9999 -9999 -9999 -9999 -9999 -9999 -9999 -9999 -9999 9.33 9.91 11.32 8.30 6.16 9.78 10.80 12.43 11.96 6.92 7.46 6.82 8.46 10.25 8.71 8.69 10.52 8.98 8.24 7.81 6.86 6.21 6.44 7.38 7.29 6.90 6.52 6.00 5.89 6.68 7.05 6.48 6.92 6.63 7.15 6.32 6.13 6.19 5.74 5.61 5.86 6.95 6.84 6.85 6.12 6.81 6.82 6.30 5.41 6.09 6.11 6.17 6.34 5.98 5.65 5.62 5.57 5.79 5.95 5.90 5.86 5.77 5.74 5.93 6.37 6.41 6.55 6.84
-9999 -9999 -9999 -9999 -9999 -9999 -9999 -9999 -9999 -9999 10.65 10.09 10.36 8.12 6.11 8.86 11.69 11.82 9.46 10.82 6.98 8.36 7.09 7.03 13.55 9.34 10.15 8.27 8.46 7.12 6.83 7.07 8.09 7.09 8.88 7.20 7.47 6.11 5.83 5.98 6.35 6.70 6.36 6.47 6.77 6.84 5.55 6.04 5.92 5.99 6.09 6.37 6.95 6.25 6.91 6.34 6.47 5.60 5.37 6.33 6.59 6.08 6.24 6.11 5.36 5.86 6.00 6.05 6.07 5.83 5.64 5.45 5.68 5.76 6.48 6.85 7.13 7.24 6.68
-9999 -9999 -9999 -9999 -9999 -9999 -9999 -9999 12.34 10.58 9.06 7.09 6.46 6.55 6.58 9.46 10.23 11.07 12.02 9.89 7.60 4.30 7.48 7.50 11.89 9.58 8.90 9.00 7.61 7.21 6.18 7.14 8.91 8.25 8.31 6.28 6.45 6.18 6.13 6.68 6.38 6.76 6.08 6.17 6.39 5.67 5.48 5.75 6.52 6.27 7.01 7.59 7.10 6.55 6.02 5.70 6.31 6.61 6.17 6.36 5.46 6.16 6.28 5.64 5.01 5.20 6.18 6.15 6.23 5.51 5.29 5.12 5.44 6.51 7.00 6.92 7.81 7.69 7.55
-9999 -9999 -9999 -9999 12.30 11.22 9.82 12.66 12.36 12.04 11.55 8.56 7.32 6.30 10.63 8.54 9.88 9.55 8.86 5.71 4.54 3.11 5.37 6.15 13.19 11.97 9.88 7.79 8.14 7.50 8.98 6.39 8.15 8.46 7.98 7.20 6.33 5.86 6.74 6.23 5.74 6.97 5.97 5.87 5.43 5.63 6.07 6.56 5.82 6.65 6.29 6.69 7.52 7.27 6.88 6.49 6.84 6.69 6.18 5.72 6.37 5.41 5.32 5.18 4.95 5.75 6.11 6.25 5.65 5.12 5.17 5.41 6.51 6.77 6.50 7.37 6.79 7.30 7.85
-9999 -9999 -9999 13.17 10.76 11.10 10.16 9.45 10.97 10.16 10.23 7.74 6.00 8.94 9.18 8.99 5.08 9.76 5.76 3.32 8.24 5.61 3.28 11.12 10.16 9.46 5.87 6.08 6.97 10.03 7.19 6.59 6.59 6.76 8.31 7.87 7.60 6.26 6.42 5.83 5.73 6.56 6.05 5.55 5.49 5.79 6.37 6.17 7.94 6.24 5.99 6.42 7.16 6.55 6.41 5.94 6.01 6.37 6.03 6.52 5.83 5.23 5.28 5.53 5.12 5.49 5.63 5.17 5.01 4.95 5.08 5.36 5.92 6.82 6.90 7.11 6.92 7.06 7.40
-9999 -9999 12.69 11.98 8.91 8.39 8.52 9.41 8.81 9.14 7.96 8.17 11.89 8.58 6.65 9.27 3.08 5.28 4.97 8.03 7.46 8.54 7.08 7.73 7.07 4.86 9.86 9.84 6.66 7.22 6.77 6.44 6.92 6.32 6.54 8.14 8.32 6.03 5.67 5.68 6.14 5.54 5.02 5.34 7.80 5.97 5.80 6.41 7.20 6.57 6.08 6.64 7.12 7.00 7.38 6.69 5.85 5.63 5.51 6.33 5.86 5.25 6.02 5.87 5.31 5.45 5.31 5.06 5.25 5.30 5.33 5.66 5.87 6.70 6.18 6.16 6.63 6.48 6.92
10.91 12.34 9.74 9.41 9.95 8.92 8.44 10.46 9.17 8.96 8.74 11.15 10.18 7.93 8.27 6.81 4.00 3.52 6.84 7.32 5.87 6.49 8.83 6.27 3.76 9.39 11.32 9.03 9.24 6.91 7.22 6.43 6.81 8.65 6.69 8.77 6.98 5.87 5.51 5.74 7.20 4.79 5.13 8.97 6.48 5.98 5.98 6.65 7.56 6.27 6.34 6.65 6.34 6.81 6.74 6.14 5.70 5.92 5.49 5.80 6.05 5.96 5.52 5.19 4.99 4.96 5.40 6.68 5.96 6.71 6.06 5.14 6.44 6.41 6.63 6.39 6.30 6.63 6.61
9.21 11.83 14.69 13.38 12.72 9.54 10.56 12.15 10.71 10.05 11.93 9.91 8.88 10.60 6.83 3.60 3.71 3.84 6.50 6.40 6.09 5.83 5.72 4.51 6.87 16.46 12.80 9.44 7.17 7.76 7.23 8.70 7.10 7.58 6.63 6.60 6.47 6.29 5.61 5.31 5.24 4.68 8.06 8.68 7.78 6.37 6.01 8.59 7.21 6.45 6.62 6.19 6.86 6.72 6.35 5.52 6.46 6.00 5.35 6.87 6.59 5.47 5.24 5.14 4.97 5.45 6.37 6.68 6.35 6.71 5.95 5.55 6.41 6.53 6.07 6.40 6.31 6.65 6.83
9.30 10.59 11.02 10.31 8.89 10.68 9.42 11.17 7.97 9.07 11.37 10.30 8.22 8.60 4.47 3.18 6.30 7.06 5.77 4.37 6.55 3.91 3.32 3.53 9.11 13.09 13.95 7.48 8.20 8.46 8.74 7.80 6.38 7.71 7.07 6.86 6.21 6.30 5.00 4.61 5.57 5.51 8.16 8.00 7.26 6.03 6.84 8.44 7.84 7.29 6.73 6.84 6.64 6.17 5.73 5.66 6.08 6.38 5.98 5.81 5.72 5.41 6.42 6.96 5.45 5.68 6.41 6.58 5.97 6.31 6.11 6.05 6.19 5.97 6.24 6.10 6.16 5.95 6.46
9.11 9.77 9.39 9.80 8.96 8.89 9.91 8.43 9.07 7.66 7.37 7.10 6.32 5.32 6.85 5.21 8.61 14.48 5.91 5.99 6.71 11.40 11.25 3.87 4.26 14.92 11.20 9.10 9.68 10.80 8.63 6.47 5.71 8.04 8.36 6.91 6.05 5.54 4.79 4.62 5.89 8.44 8.77 7.41 6.86 6.44 6.33 6.56 7.62 6.91 6.67 6.33 5.86 5.49 5.40 6.26 6.01 5.77 5.79 5.00 5.25 6.16 6.07 6.70 6.00 5.90 5.84 5.91 6.23 6.26 6.13 6.08 6.20 5.79 5.66 6.10 6.05 5.58 6.06
8.85 9.73 8.62 8.88 8.68 8.57 7.40 7.23 8.02 7.18 8.56 7.22 8.97 5.46 8.26 10.05 9.89 10.87 11.41 8.67 10.86 13.14 8.28 10.42 9.12 4.99 10.57 10.54 7.26 7.78 6.07 7.65 7.40 10.42 9.41 6.82 5.92 5.01 4.68 5.82 8.77 7.45 9.06 7.40 6.96 7.56 6.56 7.98 6.64 6.77 6.23 5.83 5.56 5.67 5.60 5.58 5.21 5.05 4.78 5.06 6.22 7.13 6.59 5.89 6.41 5.74 6.51 5.62 5.39 5.46 5.60 5.79 5.92 6.02 5.43 5.89 5.88 5.69 6.21
9.09 8.58 9.86 10.76 12.17 10.62 8.87 7.84 6.91 7.27 10.10 7.27 8.33 5.42 7.49 7.98 7.05 5.83 8.34 7.49 10.04 10.43 12.76 10.82 11.67 10.54 14.75 8.79 7.51 6.92 7.87 7.23 9.80 9.38 9.58 6.24 5.57 4.78 8.31 9.02 8.72 9.10 7.25 7.63 7.70 7.43 6.89 6.91 6.81 6.34 5.96 5.78 5.60 6.05 5.97 5.99 5.20 4.45 4.55 5.57 7.48 5.97 6.45 6.46 5.91 5.66 5.65 5.16 5.12 5.47 5.07 5.54 5.66 5.65 5.72 5.83 5.42 5.28 6.51
9.66 9.04 9.12 10.68 10.72 11.18 10.07 9.03 8.14 7.51 7.94 10.29 6.57 10.58 9.60 9.51 10.51 8.76 6.47 6.73 8.84 8.09 10.30 10.21 8.69 13.20 13.07 7.31 8.08 5.89 6.66 8.52 9.38 8.78 7.88 5.99 5.29 6.83 6.33 8.28 8.14 7.48 7.75 7.42 7.09 7.23 6.57 6.20 6.08 5.88 7.23 5.84 6.48 5.73 5.41 4.58 4.12 4.25 5.36 6.94 6.80 6.45 6.57 6.28 5.85 5.85 6.13 6.29 4.77 5.46 6.16 5.48 5.27 5.70 5.00 5.37 6.29 5.85 5.70
10.34 10.77 11.59 12.67 -9999 -9999 -9999 -9999 9.72 9.14 9.84 7.40 6.32 7.87 8.12 7.79 7.16 3.75 12.75 13.45 8.65 7.57 8.04 9.85 10.83 12.63 9.53 7.72 6.52 5.62 9.83 8.66 10.30 7.28 6.76 6.03 5.74 7.87 6.37 8.09 7.96 7.12 7.20 6.95 6.70 6.37 6.10 5.93 5.92 5.86 6.92 6.08 6.39 6.28 5.46 4.68 4.16 5.57 5.56 6.47 6.93 6.94 5.53 5.49 5.32 6.30 6.57 6.04 4.67 5.32 5.95 5.70 5.30 6.02 5.61 5.53 6.02 6.26 5.93
