ML/MeanWindSpeed_1997-07_Actual.txt
ncols         180
nrows         290
xllcorner     -200000
yllcorner     -200000
cellsize      5000
NODATA_value  -9999
[rows 210 to 244 of 290, columns 79 to 157 of 180]
8.96 7.94 9.22 8.97 -9999 -9999 -9999 -9999 -9999 -9999 -9999 5.87 5.92 6.73 6.03 5.84 5.78 7.12 8.79 10.69 10.39 9.03 7.95 7.53 6.95 9.34 9.15 5.98 4.94 7.64 7.96 8.72 6.44 5.76 5.31 4.87 5.74 6.34 6.39 6.66 6.39 6.06 5.78 5.44 5.09 4.92 4.69 5.08 4.78 4.92 5.08 5.21 5.30 4.90 5.00 4.97 3.97 3.36 4.58 5.82 6.33 6.19 5.64 5.59 6.13 6.51 6.16 5.52 5.22 5.88 5.16 5.38 6.05 5.71 5.77 5.79 5.29 5.05 5.22
8.88 -9999 -9999 -9999 -9999 -9999 -9999 -9999 -9999 8.29 7.47 7.35 8.23 7.87 6.81 5.93 6.25 6.52 8.58 9.90 9.52 6.83 6.75 9.16 8.38 8.50 6.90 5.65 5.41 7.34 7.53 7.32 6.12 5.72 5.42 4.54 6.79 7.10 6.36 6.49 6.19 6.01 5.77 5.42 5.54 5.05 5.05 4.65 4.68 4.84 5.13 5.13 5.23 4.75 5.67 6.30 4.44 4.49 3.69 5.58 6.02 5.88 6.67 6.49 6.48 6.83 6.18 5.45 5.31 5.25 5.59 5.94 5.55 6.00 5.85 5.31 5.15 5.91 5.42
-9999 -9999 -9999 -9999 -9999 -9999 -9999 -9999 -9999 9.07 8.81 7.65 8.62 9.01 -9999 -9999 6.55 8.86 6.24 7.62 7.34 7.30 7.81 8.93 7.18 6.92 6.91 6.42 6.84 7.17 7.12 6.51 6.00 6.26 5.18 5.45 7.08 6.45 6.14 5.96 5.99 6.25 6.02 5.53 5.31 4.78 4.80 5.14 5.51 5.41 5.90 5.12 4.71 5.37 7.10 5.72 5.22 4.57 3.90 5.64 5.98 6.29 6.67 6.60 6.25 6.10 6.82 5.75 5.48 5.37 5.33 5.43 5.30 5.14 6.04 5.49 5.72 6.31 6.16
-9999 -9999 -9999 -9999 -9999 -9999 -9999 -9999 -9999 -9999 -9999 -9999 -9999 -9999 -9999 -9999 7.67 7.43 7.49 7.06 6.40 6.35 6.73 7.52 7.26 7.27 7.32 7.47 7.82 7.68 -9999 6.34 5.93 5.62 5.18 5.60 6.92 6.48 6.46 5.99 5.49 5.40 5.90 5.29 5.22 5.85 5.89 5.65 6.21 6.84 6.03 5.76 5.49 5.76 6.71 5.73 5.43 5.17 4.84 5.16 5.48 6.02 6.68 6.42 5.93 5.92 5.86 5.56 5.40 5.30 5.25 5.27 5.40 5.49 5.67 5.58 5.77 6.00 -9999
-9999 -9999 -9999 -9999 -9999 -9999 -9999 -9999 -9999 -9999 -9999 -9999 -9999 -9999 -9999 -9999 -9999 7.91 7.22 6.60 6.82 7.39 6.92 7.00 7.08 7.53 -9999 -9999 -9999 -9999 6.90 6.08 5.81 5.33 5.13 5.70 6.94 6.51 6.60 5.98 5.18 5.62 5.39 6.24 5.88 7.04 6.17 6.29 6.02 6.28 6.18 5.70 6.16 5.12 5.64 5.79 4.78 4.90 4.76 4.88 5.00 4.81 4.74 5.16 5.18 5.23 5.19 5.10 4.97 5.81 5.94 5.18 5.21 5.32 5.42 5.60 6.15 6.91 6.68
-9999 -9999 -9999 -9999 -9999 -9999 -9999 -9999 -9999 -9999 -9999 -9999 -9999 -9999 -9999 -9999 -9999 -9999 7.62 8.23 7.48 7.15 8.12 8.04 7.88 -9999 -9999 -9999 -9999 7.24 7.10 6.97 5.05 4.73 4.83 6.57 7.19 6.93 6.42 5.51 5.30 5.17 6.20 7.14 6.48 6.57 6.23 6.35 6.16 5.51 5.82 5.82 5.50 5.42 5.45 5.21 4.73 4.78 5.16 5.46 5.57 4.76 4.69 4.80 4.80 5.18 5.10 5.19 4.83 5.35 5.26 5.15 5.72 5.19 5.74 5.85 6.20 5.82 6.00
-9999 -9999 -9999 -9999 -9999 -9999 -9999 -9999 -9999 -9999 -9999 -9999 -9999 -9999 -9999 -9999 -9999 -9999 -9999 8.14 8.07 7.85 9.04 8.41 8.35 -9999 -9999 -9999 6.78 5.54 5.31 6.51 6.25 5.65 4.93 6.05 5.80 6.88 6.23 5.00 5.70 6.38 6.48 6.32 6.87 6.35 6.05 5.87 5.45 5.34 5.25 5.35 5.65 5.39 4.99 4.86 4.81 4.87 5.39 5.32 5.41 5.13 4.75 4.80 4.66 4.63 4.60 4.85 4.83 5.01 4.88 5.33 5.53 5.82 5.70 5.11 6.26 5.31 5.79
-9999 -9999 -9999 -9999 -9999 -9999 -9999 -9999 -9999 -9999 -9999 -9999 -9999 -9999 -9999 -9999 -9999 -9999 -9999 -9999 -9999 -9999 -9999 -9999 -9999 -9999 -9999 8.33 6.03 5.00 4.94 6.16 5.09 5.60 6.13 6.29 6.45 6.54 5.37 4.95 5.14 5.86 5.86 6.11 6.15 6.22 6.01 5.95 6.94 5.85 5.85 5.38 5.66 5.58 4.96 4.90 4.59 4.93 5.52 5.19 4.89 4.79 4.72 4.57 4.87 4.62 4.90 4.74 5.43 5.80 5.38 4.57 6.37 6.90 5.76 4.89 6.69 6.04 5.69
-9999 -9999 -9999 -9999 -9999 -9999 -9999 -9999 -9999 -9999 -9999 -9999 -9999 -9999 -9999 -9999 -9999 -9999 -9999 -9999 -9999 -9999 -9999 -9999 -9999 -9999 -9999 6.74 5.96 5.06 8.56 7.45 5.15 5.54 6.09 6.55 6.86 5.71 5.31 5.07 5.05 5.93 5.78 5.59 6.60 6.40 7.14 6.25 6.40 7.14 6.03 5.69 5.55 5.12 4.92 4.74 4.66 5.00 5.12 5.22 4.86 4.55 4.41 4.18 4.51 5.72 5.26 5.78 6.15 6.83 5.76 4.95 5.86 6.14 5.16 4.58 4.96 5.94 6.30
-9999 -9999 -9999 -9999 -9999 -9999 -9999 -9999 -9999 -9999 -9999 -9999 -9999 -9999 -9999 -9999 -9999 -9999 -9999 -9999 -9999 -9999 -9999 -9999 -9999 -9999 -9999 6.62 4.95 3.92 5.56 8.04 7.32 6.76 6.16 7.04 5.86 5.43 5.06 6.16 6.28 6.86 6.53 5.88 5.90 5.92 6.30 6.64 6.64 5.94 5.75 5.67 5.60 5.15 4.89 4.82 4.85 5.24 5.17 4.94 4.36 4.38 4.98 5.48 5.12 5.81 5.57 5.54 5.68 6.23 7.35 7.05 5.64 5.50 5.57 5.57 5.45 5.48 5.33
-9999 -9999 -9999 -9999 -9999 -9999 -9999 -9999 -9999 -9999 8.44 8.52 6.82 9.66 8.96 8.73 8.85 10.29 5.56 9.55 6.79 -9999 -9999 -9999 -9999 -9999 -9999 6.36 5.51 5.04 4.32 4.99 6.40 7.55 7.24 6.32 5.60 5.40 5.93 6.85 6.44 6.09 6.17 5.86 5.75 6.23 6.05 5.87 5.67 5.79 5.26 5.59 5.84 6.21 5.44 5.13 5.50 5.44 5.03 5.35 4.42 4.19 5.33 6.17 5.45 5.23 5.53 5.50 5.38 5.29 5.42 5.29 4.98 4.81 4.63 4.57 4.58 4.87 4.86
-9999 -9999 -9999 -9999 -9999 -9999 -9999 -9999 -9999 -9999 9.53 8.85 8.35 6.45 7.69 8.67 8.05 8.53 8.86 7.19 6.34 5.43 6.40 8.50 7.29 6.71 6.05 5.83 5.44 5.16 4.86 4.50 4.77 6.57 6.63 5.92 5.32 7.24 6.31 5.77 6.21 6.60 6.11 5.98 6.51 6.38 6.44 6.14 5.93 5.03 5.07 5.35 5.37 5.38 5.86 6.13 5.18 4.98 4.65 4.47 4.99 4.43 7.17 6.19 5.96 5.60 5.28 5.37 5.23 5.74 5.64 4.69 5.67 5.31 5.65 4.78 4.91 4.80 4.83
-9999 -9999 -9999 -9999 -9999 -9999 -9999 -9999 -9999 8.67 7.83 7.26 6.55 5.52 6.94 8.73 8.20 7.41 7.27 7.35 6.64 5.46 5.26 6.49 7.68 5.95 5.53 5.19 5.24 5.80 4.86 4.82 5.76 5.79 5.54 5.62 7.12 6.05 7.05 6.71 6.24 5.70 6.08 5.92 6.50 6.66 6.23 6.36 5.53 5.54 5.29 5.09 5.00 6.00 6.55 5.22 4.66 4.86 6.35 5.29 4.94 5.15 5.29 5.59 5.69 5.31 5.18 5.62 6.25 5.56 4.75 4.60 5.72 5.32 5.18 5.49 5.43 5.18 5.21
-9999 -9999 -9999 -9999 -9999 -9999 -9999 -9999 -9999 -9999 7.54 6.52 5.84 6.83 6.50 6.82 8.47 7.42 5.94 5.06 6.80 8.16 6.60 5.32 5.79 7.16 5.84 4.72 4.76 4.74 5.22 5.22 4.71 4.88 5.21 5.73 6.43 5.71 6.81 6.12 6.15 6.18 6.36 5.94 6.57 6.79 6.51 5.40 5.32 5.63 4.95 4.46 4.23 5.07 6.06 5.90 4.66 4.97 5.91 5.80 5.29 4.78 4.81 4.73 4.94 6.00 5.77 5.56 5.90 6.51 5.85 5.41 5.82 5.80 5.16 5.75 5.09 5.63 4.99
-9999 -9999 -9999 -9999 -9999 -9999 9.30 -9999 -9999 8.04 7.28 7.65 5.61 6.87 5.88 5.57 5.60 5.82 6.28 5.20 6.70 7.67 5.92 4.99 4.24 4.36 4.34 4.20 4.39 4.69 5.29 4.56 4.42 4.93 6.21 5.49 6.07 5.42 6.04 5.78 6.46 7.10 6.64 5.95 5.72 5.82 5.56 5.17 6.05 5.24 4.57 5.65 4.47 4.65 6.14 6.89 4.61 4.94 5.43 5.30 4.97 4.75 4.70 4.98 5.44 5.84 5.25 4.92 4.88 5.21 5.21 5.20 5.72 5.30 5.22 5.18 4.84 4.85 4.77
-9999 -9999 -9999 -9999 -9999 8.37 9.29 9.32 9.04 7.13 6.62 7.89 6.26 5.51 5.93 5.31 6.10 6.43 6.83 5.75 5.70 6.03 4.91 3.82 3.46 3.77 4.27 4.54 4.14 4.29 4.53 4.22 4.25 5.59 5.83 5.26 5.62 5.79 6.77 6.31 6.43 7.34 6.45 6.22 5.47 5.91 5.59 5.67 5.18 4.81 4.17 4.81 4.71 4.37 5.44 5.34 4.90 4.87 4.83 5.27 5.13 4.99 4.76 4.58 4.65 4.69 4.95 5.11 4.96 4.43 4.73 5.01 5.62 5.93 5.62 4.80 5.40 5.30 5.19
-9999 -9999 -9999 -9999 -9999 7.99 8.26 7.65 7.97 7.27 6.65 6.02 7.19 6.99 6.26 6.95 6.62 6.40 7.20 6.22 5.97 5.53 3.51 3.84 5.15 5.03 4.47 4.07 3.79 4.27 4.74 4.93 4.57 5.61 5.38 5.77 5.02 4.54 5.88 6.85 6.16 6.23 6.02 5.53 5.59 6.07 5.47 4.95 5.32 5.26 4.08 4.20 4.18 4.27 5.29 5.90 6.07 7.08 5.39 5.44 4.74 4.51 4.67 4.80 4.55 4.46 4.74 5.17 4.87 4.57 4.39 4.96 5.05 5.18 5.26 5.42 4.68 4.99 5.53
-9999 -9999 -9999 -9999 -9999 8.34 7.85 7.49 7.72 7.33 7.15 6.31 6.67 6.63 5.70 6.48 6.43 6.87 7.08 6.57 4.53 3.21 2.52 3.93 4.09 4.75 5.39 4.14 4.17 4.41 4.19 4.89 4.49 5.34 5.17 5.21 5.03 4.68 6.09 5.90 5.95 5.83 5.56 5.31 5.40 5.91 5.86 4.93 4.59 4.53 4.79 3.81 3.97 3.98 4.84 5.50 5.80 6.28 5.90 6.39 6.72 4.25 6.61 5.60 4.30 4.45 6.77 6.84 6.47 4.42 4.35 4.56 4.54 4.92 4.66 5.38 6.05 7.61 6.75
-9999 -9999 -9999 -9999 -9999 7.32 7.36 7.33 7.18 6.78 6.60 6.20 5.95 6.62 6.14 6.19 6.54 5.96 6.06 5.85 5.36 2.90 3.06 4.56 4.09 5.17 5.35 4.29 4.63 5.03 4.46 4.70 4.82 4.99 4.96 5.01 5.57 6.29 5.23 5.89 5.72 5.63 5.35 5.20 5.41 5.75 5.19 5.10 4.70 4.62 4.49 4.59 4.04 4.76 5.20 6.09 6.18 5.91 5.50 5.35 5.26 4.63 5.90 5.76 6.09 5.72 6.16 6.68 7.02 4.67 4.78 4.73 4.78 4.97 5.51 6.20 6.33 -9999 -9999
-9999 -9999 -9999 -9999 -9999 6.69 6.81 6.90 7.16 7.47 6.82 6.29 5.82 6.17 7.04 6.69 6.30 5.75 6.07 5.83 5.39 4.52 3.20 3.41 3.38 5.15 4.49 3.32 5.41 5.33 4.59 6.38 5.47 5.99 6.49 6.12 6.02 6.49 5.76 5.30 5.56 5.46 5.01 5.06 5.24 5.63 5.08 5.10 5.32 5.30 4.76 4.41 4.31 4.22 4.81 7.07 6.96 6.44 6.08 6.11 6.13 6.07 6.31 6.44 6.46 -9999 -9999 6.22 6.38 5.99 5.65 5.24 7.15 5.74 -9999 -9999 -9999 -9999 -9999
-9999 -9999 -9999 -9999 8.02 6.94 6.95 6.36 6.99 7.09 7.67 6.46 6.74 6.50 7.01 6.56 6.10 5.85 5.97 5.78 5.48 5.12 4.59 4.60 4.89 4.71 3.74 5.69 6.39 4.71 4.33 5.17 5.19 6.14 6.26 5.58 5.59 5.52 5.37 5.88 5.69 5.72 5.37 5.24 5.56 6.15 5.91 5.54 5.27 4.95 4.76 -9999 -9999 4.66 5.29 7.42 7.67 7.31 6.89 6.81 -9999 -9999 -9999 -9999 -9999 -9999 -9999 -9999 -9999 -9999 6.08 6.52 7.66 6.57 -9999 -9999 -9999 -9999 -9999
-9999 -9999 -9999 8.72 7.79 6.85 7.26 6.40 6.32 6.06 5.81 5.44 7.74 8.34 7.48 6.97 6.85 7.18 6.36 5.70 5.43 5.61 5.41 6.93 7.13 6.49 6.16 7.33 5.64 5.61 5.54 6.24 6.96 5.97 5.24 5.63 5.18 5.35 5.18 5.27 5.20 6.16 6.79 6.71 6.51 6.53 6.63 5.97 -9999 4.58 4.75 4.38 4.53 4.87 -9999 -9999 -9999 -9999 7.50 -9999 -9999 -9999 -9999 -9999 -9999 -9999 -9999 -9999 -9999 -9999 -9999 -9999 -9999 -9999 -9999 -9999 -9999 -9999 -9999
-9999 -9999 9.03 8.79 8.76 7.92 6.81 6.40 6.08 4.98 4.40 5.46 9.28 10.43 7.14 6.62 8.56 6.69 7.79 5.80 5.51 7.55 6.61 6.33 6.33 6.32 -9999 -9999 -9999 -9999 -9999 6.18 7.37 7.09 5.98 5.79 5.50 5.16 5.23 5.17 5.59 6.35 -9999 -9999 -9999 -9999 -9999 6.48 6.34 5.45 4.63 4.42 5.53 5.33 -9999 -9999 -9999 -9999 -9999 -9999 -9999 -9999 -9999 -9999 -9999 -9999 -9999 -9999 -9999 -9999 -9999 -9999 -9999 -9999 -9999 -9999 -9999 -9999 -9999
-9999 6.02 6.88 8.53 8.92 7.93 7.56 6.81 5.32 5.47 5.11 6.85 9.07 10.19 9.21 8.55 7.23 7.98 6.94 6.79 6.37 7.80 7.56 -9999 -9999 -9999 -9999 -9999 -9999 -9999 -9999 -9999 6.57 6.84 5.91 6.67 7.22 7.41 5.93 7.42 7.37 7.77 -9999 -9999 -9999 -9999 -9999 -9999 -9999 5.34 5.60 4.67 5.15 -9999 -9999 -9999 -9999 -9999 -9999 -9999 -9999 -9999 -9999 -9999 -9999 -9999 -9999 -9999 -9999 -9999 -9999 -9999 -9999 -9999 -9999 -9999 -9999 -9999 -9999
7.54 6.10 6.60 8.00 9.26 9.37 8.00 6.32 5.97 6.14 5.74 6.90 9.31 8.26 8.46 8.55 9.16 5.24 7.04 9.07 7.25 -9999 -9999 -9999 -9999 -9999 -9999 -9999 -9999 -9999 -9999 -9999 -9999 -9999 7.11 -9999 -9999 -9999 -9999 6.47 8.23 8.50 -9999 -9999 -9999 -9999 -9999 -9999 -9999 -9999 5.68 6.99 5.87 -9999 -9999 -9999 -9999 -9999 -9999 -9999 -9999 -9999 -9999 -9999 -9999 -9999 -9999 -9999 -9999 -9999 -9999 -9999 -9999 -9999 -9999 -9999 -9999 -9999 -9999
6.89 5.72 6.65 8.08 8.67 9.25 8.21 7.35 7.79 5.54 4.51 5.89 8.62 8.95 7.73 7.06 8.09 6.03 5.93 6.82 -9999 -9999 -9999 -9999 -9999 -9999 -9999 -9999 -9999 -9999 -9999 -9999 -9999 -9999 7.75 -9999 -9999 -9999 -9999 -9999 -9999 -9999 -9999 -9999 -9999 -9999 -9999 -9999 -9999 -9999 -9999 -9999 -9999 -9999 -9999 -9999 -9999 -9999 -9999 -9999 -9999 -9999 -9999 -9999 -9999 -9999 -9999 -9999 -9999 -9999 -9999 -9999 -9999 -9999 -9999 -9999 -9999 -9999 -9999
7.31 5.98 6.99 7.60 7.81 8.35 7.76 7.44 7.99 5.26 4.55 5.29 7.47 10.93 11.30 6.72 6.60 6.14 6.72 8.31 -9999 -9999 -9999 -9999 -9999 -9999 -9999 -9999 -9999 -9999 -9999 -9999 -9999 -9999 -9999 -9999 -9999 -9999 -9999 -9999 -9999 -9999 -9999 -9999 -9999 -9999 -9999 -9999 -9999 -9999 -9999 -9999 -9999 -9999 -9999 -9999 -9999 -9999 -9999 -9999 -9999 -9999 -9999 -9999 -9999 -9999 -9999 -9999 -9999 -9999 -9999 -9999 -9999 -9999 -9999 -9999 -9999 -9999 -9999
8.35 7.63 7.73 7.63 8.28 7.82 7.43 7.16 6.09 5.91 5.16 5.01 7.44 9.55 9.36 7.72 5.95 5.94 8.06 7.32 -9999 -9999 -9999 -9999 -9999 -9999 -9999 -9999 -9999 -9999 -9999 -9999 -9999 -9999 -9999 -9999 -9999 -9999 -9999 -9999 -9999 -9999 -9999 -9999 -9999 -9999 -9999 -9999 -9999 -9999 -9999 -9999 -9999 -9999 -9999 -9999 -9999 -9999 -9999 -9999 -9999 -9999 -9999 -9999 -9999 -9999 -9999 -9999 -9999 -9999 -9999 -9999 -9999 -9999 -9999 -9999 -9999 -9999 -9999
9.20 8.64 8.43 7.42 7.96 7.54 9.03 8.27 6.99 6.52 6.92 5.90 6.63 7.70 7.45 6.52 6.18 6.75 7.42 7.47 -9999 -9999 -9999 -9999 -9999 -9999 -9999 -9999 -9999 -9999 -9999 -9999 -9999 -9999 -9999 -9999 -9999 -9999 -9999 -9999 -9999 -9999 -9999 -9999 -9999 -9999 -9999 -9999 -9999 -9999 -9999 -9999 -9999 -9999 -9999 -9999 -9999 -9999 -9999 -9999 -9999 -9999 -9999 -9999 -9999 -9999 -9999 -9999 -9999 -9999 -9999 -9999 -9999 -9999 -9999 -9999 -9999 -9999 -9999
7.96 8.11 7.45 8.24 9.55 9.20 7.97 7.94 7.84 7.71 6.98 7.52 7.09 6.50 6.45 6.87 7.41 7.74 7.35 7.86 -9999 -9999 -9999 -9999 -9999 -9999 -9999 -9999 -9999 -9999 -9999 -9999 -9999 -9999 -9999 -9999 -9999 -9999 -9999 -9999 -9999 -9999 -9999 -9999 -9999 -9999 -9999 -9999 -9999 -9999 -9999 -9999 -9999 -9999 -9999 -9999 -9999 -9999 -9999 -9999 -9999 -9999 -9999 -9999 -9999 -9999 -9999 -9999 -9999 -9999 -9999 -9999 -9999 -9999 -9999 -9999 -9999 -9999 -9999
8.40 8.62 -9999 -9999 -9999 -9999 -9999 -9999 -9999 -9999 -9999 7.98 8.48 7.56 6.90 6.44 7.31 7.81 7.49 -9999 -9999 -9999 -9999 -9999 -9999 -9999 -9999 -9999 -9999 -9999 -9999 -9999 -9999 -9999 -9999 -9999 -9999 -9999 -9999 -9999 -9999 -9999 -9999 -9999 -9999 -9999 -9999 -9999 -9999 -9999 -9999 -9999 -9999 -9999 -9999 -9999 -9999 -9999 -9999 -9999 -9999 -9999 -9999 -9999 -9999 -9999 -9999 -9999 -9999 -9999 -9999 -9999 -9999 -9999 -9999 -9999 -9999 -9999 -9999
8.54 8.95 -9999 -9999 -9999 -9999 -9999 -9999 -9999 -9999 -9999 -9999 -9999 -9999 7.32 7.00 7.28 7.51 -9999 -9999 -9999 -9999 -9999 -9999 -9999 -9999 -9999 -9999 -9999 -9999 -9999 -9999 -9999 -9999 -9999 -9999 -9999 -9999 -9999 -9999 -9999 -9999 -9999 -9999 -9999 -9999 -9999 -9999 -9999 -9999 -9999 -9999 -9999 -9999 -9999 -9999 -9999 -9999 -9999 -9999 -9999 -9999 -9999 -9999 -9999 -9999 -9999 -9999 -9999 -9999 -9999 -9999 -9999 -9999 -9999 -9999 -9999 -9999 -9999
-9999 -9999 -9999 -9999 -9999 -9999 -9999 -9999 -9999 -9999 -9999 -9999 -9999 -9999 8.09 9.08 9.58 9.01 -9999 -9999 -9999 -9999 -9999 -9999 -9999 -9999 -9999 -9999 -9999 -9999 -9999 -9999 -9999 -9999 -9999 -9999 -9999 -9999 -9999 -9999 -9999 -9999 -9999 -9999 -9999 -9999 -9999 -9999 -9999 -9999 -9999 -9999 -9999 -9999 -9999 -9999 -9999 -9999 -9999 -9999 -9999 -9999 -9999 -9999 -9999 -9999 -9999 -9999 -9999 -9999 -9999 -9999 -9999 -9999 -9999 -9999 -9999 -9999 -9999
-9999 -9999 -9999 -9999 -9999 -9999 -9999 -9999 -9999 -9999 -9999 -9999 -9999 -9999 -9999 -9999 -9999 -9999 -9999 -9999 -9999 -9999 -9999 -9999 -9999 -9999 -9999 -9999 -9999 -9999 -9999 -9999 -9999 -9999 -9999 -9999 -9999 -9999 -9999 -9999 -9999 -9999 -9999 -9999 -9999 -9999 -9999 -9999 -9999 -9999 -9999 -9999 -9999 -9999 -9999 -9999 -9999 -9999 -9999 -9999 -9999 -9999 -9999 -9999 -9999 -9999 -9999 -9999 -9999 -9999 -9999 -9999 -9999 -9999 -9999 -9999 -9999 -9999 -9999
-9999 -9999 -9999 -9999 -9999 -9999 -9999 -9999 -9999 -9999 -9999 -9999 -9999 -9999 -9999 -9999 -9999 -9999 -9999 -9999 -9999 -9999 -9999 -9999 -9999 -9999 -9999 -9999 -9999 -9999 -9999 -9999 -9999 -9999 -9999 -9999 -9999 -9999 -9999 -9999 -9999 -9999 -9999 -9999 -9999 -9999 -9999 -9999 -9999 -9999 -9999 -9999 -9999 -9999 -9999 -9999 -9999 -9999 -9999 -9999 -9999 -9999 -9999 -9999 -9999 -9999 -9999 -9999 -9999 -9999 -9999 -9999 -9999 -9999 -9999 -9999 -9999 -9999 -9999
