ML/MeanWindSpeed_1998-08_Actual.txt
ncols         180
nrows         290
xllcorner     -200000
yllcorner     -200000
cellsize      5000
NODATA_value  -9999
[rows 175 to 209 of 290, columns 79 to 157 of 180]
-9999 -9999 -9999 -9999 -9999 -9999 -9999 10.58 9.77 9.00 8.91 8.85 7.57 7.20 10.48 13.01 8.81 9.50 9.00 8.75 7.79 6.37 6.78 8.06 8.81 8.04 7.40 7.72 8.18 7.81 7.84 8.17 7.69 7.35 6.88 6.58 6.23 5.67 4.96 4.89 7.44 8.13 8.04 8.59 7.51 7.62 8.62 8.31 7.27 7.03 7.58 7.44 7.23 7.51 7.48 8.06 7.95 7.83 7.66 7.64 8.23 7.79 7.78 7.89 7.88 8.20 8.56 8.60 8.69 8.83 8.53 9.86 11.47 -9999 -9999 -9999 -9999 -9999 -9999
-9999 -9999 -9999 -9999 -9999 -9999 -9999 -9999 11.16 9.64 8.47 7.24 6.04 7.25 14.29 11.96 8.28 9.95 7.44 8.51 8.50 6.68 6.15 9.29 8.29 8.31 7.91 7.57 7.67 7.45 7.09 7.67 7.82 7.56 7.18 6.77 6.56 5.98 5.29 5.96 7.23 8.83 8.27 9.06 8.36 6.54 7.93 8.58 7.09 7.00 7.35 7.11 7.06 7.29 7.50 8.18 7.94 7.83 7.82 7.70 8.13 8.07 7.97 8.05 8.05 8.19 8.60 9.14 8.69 8.39 8.37 9.54 11.17 -9999 -9999 -9999 -9999 -9999 -9999
-9999 -9999 -9999 -9999 -9999 -9999 -9999 -9999 -9999 9.78 7.76 6.95 7.44 12.40 15.42 12.84 9.99 9.40 8.96 9.16 9.42 8.70 6.81 7.15 9.38 8.15 7.84 7.83 7.58 7.40 7.32 7.57 7.74 7.46 7.13 7.05 6.77 6.41 6.36 6.62 8.10 8.75 7.69 7.99 8.50 7.34 6.70 8.36 6.85 6.72 7.05 6.80 6.85 7.04 7.61 8.20 8.04 7.97 7.87 7.58 8.23 8.11 8.17 8.30 8.34 8.54 8.62 8.69 8.47 8.39 8.52 9.80 11.31 -9999 -9999 -9999 -9999 -9999 -9999
-9999 -9999 -9999 -9999 -9999 -9999 -9999 -9999 -9999 9.15 7.66 7.97 9.90 12.35 15.39 11.90 8.59 8.97 9.51 9.31 9.98 9.22 7.13 6.30 9.32 9.13 8.32 8.17 7.42 7.20 7.33 7.91 7.88 7.62 7.37 6.97 6.62 6.75 7.62 7.39 7.09 9.24 7.92 8.05 8.68 8.29 7.69 7.46 6.64 5.98 6.66 6.97 6.67 6.92 7.34 7.94 7.99 8.23 8.11 8.01 8.43 8.92 8.82 8.81 8.70 8.69 8.65 8.50 8.32 8.58 9.30 10.51 -9999 -9999 -9999 -9999 -9999 -9999 -9999
-9999 -9999 -9999 -9999 -9999 -9999 -9999 -9999 -9999 8.43 8.02 8.96 10.12 13.25 13.45 11.23 9.86 8.54 8.99 9.87 9.51 10.32 8.07 6.10 8.69 9.60 9.49 8.22 7.48 6.97 7.42 8.08 8.07 7.65 7.27 6.91 6.96 7.52 7.86 7.12 7.02 8.63 8.46 8.15 8.12 7.68 7.66 7.90 6.21 6.29 6.56 6.45 6.69 6.82 7.58 7.67 8.01 8.26 8.33 8.68 9.89 9.77 9.37 9.09 8.91 8.75 8.54 8.33 8.33 9.12 10.24 -9999 -9999 -9999 -9999 -9999 -9999 -9999 -9999
-9999 -9999 -9999 -9999 -9999 -9999 -9999 -9999 9.55 11.49 9.15 10.31 11.56 10.61 14.06 12.40 10.62 9.79 11.18 10.09 10.21 9.05 7.10 6.87 9.41 9.78 9.70 8.28 7.38 6.94 7.73 8.09 7.91 7.61 7.13 6.97 7.62 7.53 7.54 7.84 7.97 7.65 9.50 8.87 7.79 8.02 7.47 6.90 6.54 6.04 6.18 6.35 6.83 6.79 6.93 7.92 7.97 8.21 8.47 8.95 9.92 9.74 9.43 9.20 8.91 8.69 8.31 8.09 8.74 9.81 -9999 -9999 -9999 -9999 -9999 -9999 -9999 11.78 -9999
-9999 -9999 -9999 -9999 -9999 -9999 10.37 9.78 11.11 10.30 9.97 10.95 11.20 8.97 9.12 9.94 10.62 10.12 11.00 10.56 9.99 7.10 7.52 7.61 7.64 8.77 8.58 8.40 7.64 7.23 7.85 8.25 8.05 7.51 7.31 7.69 7.61 7.84 7.55 8.18 8.38 8.51 8.22 7.69 8.10 7.93 7.44 7.00 6.71 6.47 6.08 6.50 6.45 6.34 6.83 7.44 7.83 8.13 8.28 8.91 9.83 9.60 9.23 9.09 8.74 8.45 8.08 8.21 9.07 -9999 -9999 -9999 -9999 -9999 11.09 10.60 10.22 10.06 10.25
-9999 -9999 -9999 -9999 -9999 10.64 10.21 10.27 10.86 11.11 11.47 10.85 8.95 7.53 7.93 8.94 10.21 12.69 9.45 8.11 6.88 5.38 8.16 9.32 10.00 9.44 8.68 8.35 7.97 7.74 8.06 8.45 8.12 7.66 7.50 7.83 8.12 7.55 7.45 8.36 8.54 8.33 8.09 7.94 7.82 7.40 7.37 6.64 6.45 6.60 6.35 6.14 6.00 6.34 7.02 7.33 7.68 7.97 8.22 8.79 9.78 9.56 9.11 8.85 8.54 8.24 7.95 8.09 8.80 -9999 -9999 -9999 -9999 -9999 9.92 9.13 8.71 8.62 8.72
-9999 -9999 -9999 -9999 11.14 11.03 10.65 11.01 -9999 -9999 -9999 -9999 8.21 9.46 8.20 8.95 10.78 9.43 7.72 8.15 7.24 6.67 10.94 10.71 10.16 10.64 9.20 8.08 8.14 8.20 8.13 8.31 8.22 7.79 7.90 7.82 8.37 7.74 7.56 7.94 8.21 8.21 8.06 7.53 7.43 7.32 7.14 6.64 6.43 6.23 6.06 5.95 6.16 6.67 6.91 7.25 7.87 8.42 8.71 9.00 9.55 9.45 9.20 8.70 8.42 8.09 7.75 7.72 8.27 9.42 -9999 -9999 -9999 -9999 9.09 8.34 8.16 8.22 8.24
-9999 -9999 -9999 -9999 12.07 12.31 11.29 11.89 -9999 -9999 -9999 -9999 7.97 8.88 8.99 7.36 9.69 8.88 7.72 8.61 9.64 8.92 11.35 9.20 9.75 9.88 8.96 8.14 8.18 8.33 8.30 8.46 8.63 8.08 8.19 8.10 8.13 8.21 7.73 7.86 7.51 7.67 7.93 8.09 8.00 7.19 6.83 6.55 6.37 6.43 6.04 6.10 6.50 6.89 7.45 7.58 8.77 9.24 9.63 9.53 9.79 9.59 9.21 8.64 8.41 8.10 7.71 7.50 7.56 8.29 9.01 -9999 -9999 9.37 8.73 8.26 8.36 8.22 8.16
-9999 -9999 -9999 -9999 -9999 -9999 -9999 -9999 -9999 -9999 -9999 -9999 8.85 10.62 9.04 6.65 7.88 7.41 9.47 9.36 8.34 10.41 10.84 10.13 10.22 9.45 8.56 7.81 8.29 8.31 8.54 8.48 8.31 8.12 7.94 7.83 7.89 7.98 7.60 7.53 7.55 7.47 7.31 7.69 7.60 6.58 6.97 7.29 6.73 6.66 6.37 6.06 6.75 7.54 8.23 8.45 8.79 9.46 10.10 10.05 10.19 9.79 9.31 8.61 8.41 8.14 7.82 7.52 7.23 7.40 7.91 8.61 8.90 8.58 8.28 7.88 8.29 8.28 8.34
-9999 -9999 -9999 -9999 -9999 -9999 -9999 -9999 -9999 -9999 -9999 -9999 -9999 10.81 6.94 6.18 8.20 9.89 9.34 10.31 10.40 9.07 9.64 10.09 8.62 8.45 7.82 7.60 7.86 8.17 8.36 8.45 8.32 7.93 7.68 7.77 7.70 7.79 7.38 7.13 8.02 7.79 7.36 7.28 7.05 6.79 6.58 6.94 6.96 6.86 7.39 6.84 7.07 7.74 7.92 8.46 9.02 9.44 10.29 10.41 10.19 9.56 9.21 8.58 8.42 8.19 7.88 7.65 7.50 7.48 7.49 7.82 8.02 8.01 7.85 7.88 8.33 8.33 8.24
-9999 -9999 -9999 -9999 -9999 -9999 -9999 -9999 -9999 -9999 -9999 -9999 -9999 8.59 9.66 9.76 9.31 8.81 8.77 9.91 9.11 8.94 8.33 8.10 8.66 7.55 7.34 7.96 7.86 7.97 8.10 7.79 7.66 7.72 7.61 8.05 8.01 7.76 7.18 6.76 7.66 8.11 7.60 7.12 6.88 6.82 6.73 6.68 6.69 7.13 8.27 7.87 7.36 7.49 7.86 8.64 9.56 10.04 10.26 10.61 10.15 9.17 8.70 8.44 8.40 8.23 8.08 7.88 7.75 7.71 7.70 7.78 7.84 7.97 7.87 7.73 8.17 8.23 8.48
-9999 -9999 -9999 -9999 -9999 -9999 -9999 -9999 -9999 -9999 -9999 -9999 9.82 9.06 7.96 11.14 8.79 7.67 8.59 8.91 8.50 9.53 8.23 8.05 8.50 6.91 9.29 7.84 7.16 7.48 8.19 7.45 7.18 8.34 8.36 8.02 7.53 7.55 7.23 6.89 7.39 7.70 7.43 7.04 6.85 6.72 6.73 6.91 6.90 7.56 7.80 7.59 7.33 7.36 7.87 8.69 9.61 10.06 10.01 10.04 9.32 8.67 8.46 8.35 8.34 8.31 8.22 8.06 7.90 7.84 7.83 7.72 7.77 8.04 7.95 7.77 7.97 8.18 8.06
-9999 -9999 -9999 -9999 -9999 -9999 -9999 -9999 -9999 -9999 -9999 -9999 9.57 9.85 11.69 8.84 6.64 6.86 6.82 8.04 9.51 9.34 8.30 8.16 7.74 6.58 6.82 7.29 7.92 7.89 7.38 7.32 7.29 7.75 8.17 7.61 7.34 7.46 7.20 7.19 7.52 7.49 7.48 7.16 6.87 6.77 6.64 6.67 6.92 7.56 7.96 7.61 6.99 7.21 8.08 9.14 9.38 9.94 9.93 9.36 8.63 8.69 8.34 8.39 8.35 8.36 8.21 8.10 7.98 7.86 7.79 7.72 7.71 8.09 7.96 7.71 7.84 8.18 8.21
-9999 -9999 -9999 -9999 -9999 -9999 -9999 -9999 -9999 -9999 -9999 -9999 10.74 10.85 7.56 7.28 5.98 6.32 6.96 9.64 9.29 9.72 8.39 7.88 6.79 5.57 5.92 7.37 8.36 9.02 7.19 7.76 7.31 7.80 8.02 7.27 7.05 7.12 7.28 7.29 7.07 7.21 7.79 7.33 6.71 6.63 7.08 6.57 6.94 7.33 7.42 7.14 6.94 7.38 8.11 8.77 9.19 9.23 8.85 8.64 8.59 8.59 8.14 8.12 8.29 8.29 8.20 8.04 7.86 7.80 7.78 7.74 7.77 7.93 7.83 7.84 7.86 8.19 8.32
-9999 -9999 -9999 -9999 -9999 -9999 -9999 -9999 -9999 -9999 -9999 -9999 -9999 7.83 7.48 7.28 7.69 8.30 8.26 9.05 8.58 7.26 6.70 6.13 6.29 6.09 5.82 6.51 7.27 8.68 7.60 7.09 6.99 7.97 7.99 7.03 7.23 6.80 6.96 7.84 7.16 7.17 7.23 7.18 6.47 6.33 7.08 6.90 6.82 7.17 7.04 6.92 7.13 7.79 8.06 8.39 8.42 8.66 8.35 8.74 8.67 8.21 8.09 8.30 8.28 8.12 8.02 7.86 7.79 7.77 7.75 7.75 7.76 7.81 7.84 7.93 8.00 8.22 8.52
-9999 -9999 -9999 -9999 -9999 -9999 -9999 -9999 -9999 -9999 -9999 -9999 -9999 7.86 7.08 7.02 8.21 9.78 9.80 8.21 6.93 6.06 6.26 6.78 7.49 8.34 7.18 6.75 7.49 7.99 7.23 6.35 7.87 7.85 7.77 7.11 7.53 7.01 6.81 7.08 7.63 7.55 7.39 7.11 6.52 6.29 6.99 6.92 6.80 6.91 7.04 7.11 7.39 7.86 7.81 7.90 8.47 8.61 8.63 8.57 8.61 8.13 8.25 8.48 8.07 7.92 7.83 7.75 7.77 7.74 7.71 7.75 7.79 7.86 7.89 7.94 8.06 8.26 8.56
-9999 -9999 -9999 -9999 -9999 -9999 -9999 -9999 -9999 -9999 -9999 -9999 9.15 6.95 6.59 7.87 8.68 8.68 8.43 6.92 6.77 8.31 7.12 7.25 7.32 6.78 6.47 6.86 7.50 6.95 6.07 6.50 7.77 8.02 7.70 6.97 7.58 6.80 6.65 7.42 7.25 7.37 7.47 7.15 6.89 6.64 7.21 7.14 6.73 6.86 6.88 6.85 7.29 7.36 7.95 7.87 8.30 8.14 8.43 8.61 8.17 7.98 8.36 8.35 7.88 7.78 7.86 7.74 7.79 7.76 7.80 7.80 7.80 7.86 7.84 8.15 8.50 8.66 8.49
-9999 -9999 -9999 -9999 -9999 -9999 -9999 -9999 -9999 -9999 -9999 -9999 9.66 7.61 6.73 6.77 7.99 9.51 8.83 7.64 6.75 7.10 7.81 8.39 8.24 6.73 7.62 7.78 6.33 7.29 5.43 6.01 7.62 8.70 7.30 7.41 7.04 6.54 6.44 6.98 8.22 7.61 7.56 7.31 7.11 7.11 7.33 7.13 6.79 6.89 6.90 6.79 6.82 7.59 7.93 8.05 8.51 8.24 8.23 8.28 8.04 8.14 8.40 8.30 7.97 7.98 7.90 8.00 7.81 7.82 7.96 7.93 7.84 7.81 7.76 7.94 8.48 8.67 8.73
-9999 -9999 -9999 -9999 -9999 -9999 -9999 -9999 -9999 -9999 -9999 -9999 8.50 7.26 5.55 5.97 7.44 9.35 8.37 7.96 6.94 8.13 7.81 7.12 7.10 7.25 7.31 6.42 5.81 6.23 7.19 6.13 6.91 7.14 7.21 7.92 7.42 6.74 6.62 7.09 7.48 7.34 7.68 7.48 7.28 7.36 7.16 6.78 6.86 6.92 6.93 6.66 7.02 7.87 8.01 7.77 8.07 8.54 8.19 8.28 7.92 8.31 8.52 8.23 8.08 8.05 7.71 7.74 7.68 7.75 7.82 7.76 7.71 7.68 7.68 7.97 7.98 8.31 8.42
-9999 -9999 -9999 -9999 -9999 -9999 -9999 -9999 -9999 -9999 -9999 8.42 8.28 8.36 6.54 5.50 7.44 8.41 9.11 8.70 6.82 7.14 6.22 6.68 7.32 6.50 6.45 7.06 6.32 6.18 6.10 6.07 6.39 6.79 7.26 7.50 7.36 7.16 6.87 6.99 7.49 7.55 7.26 7.38 7.28 7.50 7.10 6.83 6.80 6.55 6.44 6.63 7.24 7.57 7.80 7.59 8.13 8.29 8.11 7.87 8.28 8.38 8.51 8.55 8.30 8.02 7.79 7.61 7.63 7.69 7.62 7.55 7.42 7.33 7.47 7.84 8.04 8.21 8.35
-9999 -9999 -9999 -9999 -9999 -9999 -9999 -9999 -9999 -9999 9.11 8.42 8.41 6.98 5.49 6.49 8.10 8.58 7.85 8.61 6.84 7.14 5.93 5.82 8.66 6.82 7.15 6.33 6.17 5.48 5.36 5.92 6.93 6.92 7.88 7.53 7.60 6.97 6.88 6.96 7.32 7.49 7.28 7.32 7.46 7.40 6.67 6.70 6.53 6.50 6.58 6.86 7.29 7.26 7.70 7.57 7.86 7.68 7.69 8.22 8.48 8.43 8.58 8.45 7.93 7.90 7.74 7.68 7.62 7.47 7.32 7.09 7.05 7.04 7.43 7.79 8.11 8.27 8.10
-9999 -9999 -9999 -9999 -9999 -9999 -9999 -9999 10.88 9.50 8.30 7.32 6.77 6.19 5.66 6.64 7.38 8.06 8.83 8.00 6.49 4.89 5.79 5.98 8.18 7.28 6.86 6.77 5.96 5.53 5.18 6.39 7.65 7.65 7.88 7.15 7.15 7.01 7.04 7.22 7.24 7.45 7.15 7.20 7.24 6.79 6.50 6.47 6.58 6.41 6.82 7.27 7.30 7.25 7.15 7.10 7.58 7.98 8.02 8.22 7.99 8.47 8.55 8.14 7.65 7.49 7.74 7.63 7.58 7.18 6.93 6.67 6.75 7.23 7.56 7.72 8.24 8.26 8.25
-9999 -9999 -9999 -9999 12.10 11.18 9.93 10.58 10.10 9.72 9.31 7.88 6.83 5.93 7.50 6.70 7.73 7.88 7.72 6.17 5.06 3.86 4.72 5.60 9.20 8.55 7.09 6.00 6.09 5.91 7.11 6.81 7.82 8.04 7.96 7.52 7.03 6.89 7.28 6.99 6.85 7.50 7.05 6.85 6.56 6.59 6.58 6.63 6.24 6.59 6.53 6.83 7.32 7.28 7.19 7.16 7.60 7.82 7.88 7.97 8.41 8.13 8.03 7.78 7.44 7.64 7.71 7.64 7.22 6.78 6.61 6.58 7.10 7.36 7.44 7.99 7.88 8.09 8.32
-9999 -9999 -9999 11.84 10.36 10.07 9.31 8.81 9.43 9.27 8.91 7.37 6.23 7.09 7.26 7.33 6.09 7.98 5.94 4.65 6.32 4.91 4.17 8.22 8.33 7.50 5.49 5.43 5.90 7.60 7.05 7.17 7.32 7.26 7.91 7.73 7.54 7.05 7.16 6.85 6.78 7.21 6.80 6.39 6.36 6.45 6.49 6.37 7.17 6.47 6.50 6.81 7.15 6.93 6.94 6.88 7.15 7.46 7.60 8.14 7.97 7.79 7.84 7.74 7.36 7.41 7.34 6.97 6.71 6.46 6.40 6.51 6.91 7.52 7.73 7.97 7.99 8.03 8.19
-9999 -9999 10.95 10.57 9.03 8.65 8.65 9.03 8.98 8.92 7.95 7.72 8.89 7.42 7.00 7.83 4.92 5.36 4.77 5.81 5.71 6.45 6.32 7.04 6.56 5.16 7.17 7.29 6.27 6.95 7.00 7.00 7.38 6.97 7.09 7.92 7.92 6.84 6.64 6.77 6.86 6.46 5.88 5.93 7.10 6.26 6.06 6.40 6.85 6.59 6.46 6.76 7.00 7.05 7.32 7.10 6.90 6.91 7.02 7.58 7.44 7.28 7.66 7.48 7.12 7.02 6.82 6.51 6.42 6.36 6.36 6.59 6.91 7.56 7.50 7.59 7.82 7.70 7.92
9.61 10.12 8.89 8.87 9.21 8.78 8.63 9.54 8.94 8.57 8.31 9.21 8.59 7.69 8.07 6.91 4.83 4.28 5.50 5.67 5.41 6.21 7.23 5.61 4.27 6.55 7.63 7.04 7.51 6.90 7.07 6.74 7.16 7.80 7.16 8.33 7.51 6.72 6.43 6.60 6.84 5.45 5.54 7.33 6.48 6.13 6.08 6.47 7.05 6.51 6.46 6.70 6.65 6.90 6.89 6.64 6.52 6.62 6.51 6.87 7.07 7.04 6.88 6.66 6.44 6.24 6.31 6.73 6.44 6.81 6.55 6.32 7.12 7.42 7.69 7.62 7.60 7.70 7.72
7.63 8.95 10.42 10.29 10.11 8.61 9.16 9.92 9.27 8.99 9.74 9.12 8.75 9.17 7.07 4.91 4.16 4.18 5.44 5.75 5.78 5.75 5.16 3.85 5.07 9.65 8.76 7.64 6.62 7.01 7.03 7.64 7.24 7.48 7.13 7.42 7.36 6.95 6.42 6.21 5.68 4.92 6.56 7.23 6.95 6.22 6.03 7.32 6.94 6.47 6.50 6.47 6.83 6.78 6.56 6.10 6.45 6.18 5.94 6.81 6.78 6.28 6.27 6.15 5.92 6.07 6.48 6.64 6.59 6.83 6.51 6.43 7.05 7.51 7.52 7.65 7.59 7.66 7.70
7.80 8.65 9.21 9.17 8.72 9.46 9.08 9.96 8.51 8.98 9.97 9.72 8.67 8.16 5.56 4.04 4.90 5.49 5.34 4.98 5.89 4.73 3.95 3.23 6.02 9.15 10.22 7.18 7.19 7.50 7.82 7.41 6.90 7.55 7.27 7.46 7.16 6.87 5.82 5.28 5.53 5.38 6.81 7.21 6.86 6.05 6.38 7.25 7.05 6.73 6.48 6.66 6.64 6.37 6.08 5.88 6.03 6.16 5.94 5.91 5.83 5.66 6.22 6.47 5.86 6.06 6.56 6.82 6.66 6.80 6.66 6.59 6.84 7.36 7.67 7.62 7.58 7.43 7.51
8.27 8.95 9.06 9.27 9.05 9.15 9.77 9.47 9.58 8.94 8.82 8.45 7.52 6.27 5.80 4.33 5.88 8.54 4.88 4.77 5.44 7.76 7.46 4.06 4.83 10.54 9.21 7.95 8.05 8.59 7.93 6.83 6.34 7.55 7.85 7.38 6.89 6.33 5.36 4.82 5.45 6.73 7.36 7.26 6.94 6.50 6.46 6.51 6.91 6.53 6.44 6.40 6.21 5.91 5.71 5.93 5.86 5.81 5.63 5.18 5.26 5.62 5.70 6.12 5.96 6.13 6.37 6.60 6.82 6.81 6.64 6.61 6.77 7.22 7.42 7.62 7.55 7.23 7.28
8.19 8.82 8.58 8.90 9.16 9.26 9.04 9.07 9.20 8.63 9.03 8.19 8.26 5.93 6.18 6.72 6.89 7.40 7.22 5.81 6.85 8.11 6.28 7.43 7.63 6.57 8.83 8.72 7.19 7.44 6.69 6.90 6.81 8.58 8.44 7.33 6.63 5.67 5.01 5.36 6.93 6.77 7.69 7.17 6.97 7.16 6.67 7.02 6.39 6.42 6.22 6.03 5.87 5.86 5.72 5.64 5.44 5.24 4.82 4.80 5.42 5.92 5.88 5.76 6.12 6.06 6.58 6.39 6.43 6.45 6.41 6.49 6.69 7.15 7.22 7.46 7.34 7.12 7.23
8.09 7.85 8.43 9.27 10.73 10.53 9.76 9.13 8.52 8.32 9.37 8.03 7.95 6.37 7.21 7.37 7.07 6.54 6.94 6.27 7.44 7.67 8.27 7.28 8.36 8.64 10.61 8.12 7.49 7.05 7.08 6.62 7.99 8.51 8.81 6.96 6.05 5.12 6.41 6.85 7.21 7.73 7.04 7.15 7.17 6.91 6.01 5.99 6.10 6.02 5.89 5.84 5.70 5.85 5.75 5.63 5.07 4.53 4.43 4.84 5.81 5.43 5.77 5.93 5.83 5.85 6.06 6.11 6.23 6.33 6.16 6.43 6.63 6.83 7.09 7.20 6.90 6.75 7.24
8.29 8.03 8.35 9.72 10.65 11.40 10.83 10.10 9.17 8.53 8.74 9.40 7.40 8.89 8.67 8.68 8.99 7.91 6.54 6.65 7.54 7.28 8.05 7.50 7.07 9.46 9.67 7.47 7.40 6.18 6.48 7.41 8.26 8.74 8.24 6.67 5.64 5.90 5.91 7.10 7.39 7.20 7.23 6.97 6.64 6.20 5.58 5.43 5.51 5.59 6.24 5.84 6.11 5.80 5.48 4.67 4.09 4.03 4.61 5.44 5.64 5.68 5.81 5.68 5.49 5.67 6.07 6.33 5.82 6.21 6.56 6.36 6.42 6.75 6.51 6.71 7.03 6.70 6.51
8.82 9.21 10.18 11.46 -9999 -9999 -9999 -9999 10.61 9.89 9.87 8.54 7.73 8.12 8.21 7.67 6.64 4.84 8.77 9.19 7.32 6.96 7.43 8.09 8.66 9.82 8.51 7.42 6.42 5.85 7.88 8.04 9.26 8.09 7.36 6.41 5.87 6.65 6.51 7.66 7.70 7.23 7.07 6.69 6.24 5.71 5.37 5.24 5.29 5.48 6.11 5.95 6.14 5.99 5.31 4.42 3.88 4.55 4.78 5.43 5.79 5.91 5.29 5.14 5.10 5.72 6.09 6.01 5.58 6.03 6.36 6.33 6.24 6.61 6.46 6.39 6.50 6.41 6.16
