ML/MeanWindSpeed_1999-04_Actual.txt
ncols         180
nrows         290
xllcorner     -200000
yllcorner     -200000
cellsize      5000
NODATA_value  -9999
[rows 105 to 139 of 290, columns 78 to 155 of 180]
9.59 12.23 8.46 5.82 8.31 12.43 12.41 10.81 9.61 10.94 15.10 10.62 12.79 8.21 10.55 14.30 10.24 8.03 8.45 10.06 8.98 8.40 8.90 8.94 7.84 9.00 8.54 8.52 10.54 9.81 9.81 9.56 -9999 -9999 -9999 -9999 -9999 -9999 -9999 -9999 -9999 -9999 -9999 -9999 -9999 -9999 -9999 -9999 -9999 -9999 -9999 -9999 -9999 -9999 -9999 -9999 -9999 -9999 -9999 -9999 -9999 -9999 -9999 -9999 -9999 -9999 -9999 -9999 -9999 -9999 -9999 -9999 -9999 -9999 -9999 -9999 -9999 -9999
11.15 9.24 10.29 13.90 12.92 15.11 9.06 12.80 7.13 14.83 8.69 17.00 9.28 12.09 18.29 12.33 9.71 12.02 11.12 8.39 7.82 6.88 6.74 8.09 7.44 7.34 8.70 9.23 9.08 9.14 8.09 9.14 9.86 -9999 -9999 -9999 -9999 -9999 -9999 -9999 -9999 -9999 -9999 -9999 -9999 -9999 -9999 -9999 -9999 -9999 -9999 -9999 -9999 -9999 -9999 -9999 -9999 -9999 -9999 -9999 -9999 -9999 -9999 -9999 -9999 -9999 -9999 -9999 -9999 -9999 -9999 -9999 -9999 -9999 -9999 -9999 -9999 -9999
11.47 6.84 13.16 10.21 6.35 10.54 14.51 14.07 7.18 14.67 12.95 13.85 10.87 14.87 12.51 13.81 16.61 12.97 11.11 8.98 7.72 8.12 9.67 10.30 11.58 10.97 9.32 8.34 7.93 10.07 8.91 10.83 10.79 11.64 -9999 -9999 -9999 -9999 -9999 -9999 -9999 -9999 -9999 -9999 -9999 -9999 -9999 -9999 -9999 -9999 -9999 -9999 -9999 -9999 -9999 -9999 -9999 -9999 -9999 -9999 -9999 -9999 -9999 -9999 -9999 -9999 -9999 -9999 -9999 -9999 -9999 -9999 -9999 -9999 -9999 -9999 -9999 -9999
8.91 12.29 12.63 9.62 6.11 12.30 14.26 17.37 8.72 14.37 11.98 12.70 12.25 13.11 8.88 10.47 11.52 10.73 8.12 9.20 11.09 14.29 13.43 12.13 10.38 9.95 11.26 8.02 9.45 10.56 11.08 11.40 11.50 11.78 11.75 -9999 -9999 -9999 -9999 -9999 -9999 -9999 -9999 -9999 -9999 -9999 -9999 -9999 -9999 -9999 -9999 -9999 -9999 -9999 -9999 -9999 -9999 -9999 -9999 -9999 -9999 -9999 -9999 -9999 -9999 -9999 -9999 -9999 -9999 -9999 -9999 -9999 -9999 -9999 -9999 -9999 -9999 -9999
12.95 15.17 8.35 6.29 10.47 16.02 12.43 6.57 9.27 21.35 10.86 10.48 11.94 11.98 9.75 8.89 7.49 7.79 11.04 16.00 15.25 13.09 11.81 9.37 8.83 9.43 10.86 9.61 10.53 10.23 9.99 10.72 11.02 11.24 -9999 -9999 -9999 -9999 -9999 -9999 -9999 -9999 -9999 -9999 -9999 -9999 -9999 -9999 -9999 -9999 -9999 -9999 -9999 -9999 -9999 -9999 -9999 -9999 -9999 -9999 -9999 -9999 -9999 -9999 -9999 -9999 -9999 -9999 -9999 -9999 -9999 -9999 -9999 -9999 -9999 -9999 -9999 -9999
11.15 10.16 9.25 14.08 8.30 13.86 14.88 14.59 10.78 9.62 18.15 11.63 9.51 8.10 7.67 7.14 6.87 7.03 10.90 9.40 8.72 7.98 9.47 11.17 9.93 10.12 9.75 9.96 11.30 11.07 -9999 -9999 -9999 -9999 -9999 -9999 -9999 -9999 -9999 -9999 -9999 -9999 -9999 -9999 -9999 -9999 -9999 -9999 -9999 -9999 -9999 -9999 -9999 -9999 -9999 -9999 -9999 -9999 -9999 -9999 -9999 -9999 -9999 -9999 -9999 -9999 -9999 -9999 -9999 -9999 -9999 -9999 -9999 -9999 -9999 -9999 -9999 -9999
10.42 7.40 13.49 13.44 15.46 16.49 8.49 15.11 15.02 8.93 12.06 12.55 9.26 8.57 9.32 10.61 12.00 8.83 8.48 8.53 8.86 9.29 9.98 11.06 10.35 10.52 11.37 11.12 -9999 -9999 -9999 -9999 -9999 -9999 -9999 -9999 -9999 -9999 -9999 -9999 -9999 -9999 -9999 -9999 -9999 -9999 -9999 -9999 -9999 -9999 -9999 -9999 -9999 -9999 -9999 -9999 -9999 -9999 -9999 -9999 -9999 -9999 -9999 -9999 -9999 -9999 -9999 -9999 -9999 -9999 -9999 -9999 -9999 -9999 -9999 -9999 -9999 -9999
8.94 13.75 10.32 14.20 16.44 14.18 12.03 15.74 15.70 9.57 8.98 7.55 7.68 8.45 9.27 12.42 13.85 11.12 9.59 8.48 8.42 9.57 9.27 9.89 10.47 12.31 13.25 11.75 -9999 -9999 -9999 -9999 -9999 -9999 -9999 -9999 -9999 -9999 -9999 -9999 -9999 -9999 -9999 -9999 -9999 -9999 -9999 -9999 -9999 -9999 -9999 -9999 -9999 -9999 -9999 -9999 -9999 -9999 -9999 -9999 -9999 -9999 -9999 -9999 -9999 -9999 -9999 -9999 -9999 -9999 -9999 -9999 -9999 -9999 -9999 -9999 -9999 -9999
10.77 13.70 10.87 14.50 14.13 15.60 10.66 9.64 11.19 10.47 9.97 9.65 7.41 15.23 15.32 14.16 14.16 10.85 8.18 8.10 8.09 8.32 8.36 8.80 9.97 9.74 -9999 -9999 -9999 -9999 -9999 10.88 9.97 10.04 9.47 -9999 -9999 -9999 -9999 -9999 -9999 -9999 -9999 -9999 -9999 -9999 -9999 -9999 -9999 -9999 -9999 -9999 -9999 -9999 -9999 -9999 -9999 -9999 -9999 -9999 -9999 -9999 -9999 -9999 -9999 -9999 -9999 -9999 -9999 -9999 -9999 -9999 -9999 -9999 -9999 -9999 -9999 -9999
11.19 15.34 11.09 9.39 18.33 10.69 10.06 9.20 8.67 9.72 11.40 13.97 10.73 10.75 9.57 9.69 9.06 9.19 9.19 9.49 9.34 8.79 9.29 9.81 9.49 9.18 9.68 10.56 -9999 -9999 9.39 8.90 8.56 7.40 7.61 8.36 9.12 -9999 -9999 -9999 -9999 -9999 -9999 -9999 -9999 -9999 -9999 -9999 -9999 -9999 -9999 -9999 -9999 -9999 -9999 -9999 -9999 -9999 -9999 -9999 -9999 -9999 -9999 -9999 -9999 -9999 -9999 -9999 -9999 -9999 -9999 -9999 -9999 -9999 -9999 -9999 -9999 -9999
13.34 11.58 12.36 13.82 15.12 10.31 10.80 12.27 11.86 11.21 9.21 9.35 10.11 9.65 9.58 9.19 8.87 9.17 9.81 9.63 8.88 10.14 10.59 8.65 7.71 7.96 8.56 10.08 9.10 9.00 9.09 7.87 6.19 6.64 8.94 9.52 11.27 8.48 -9999 -9999 -9999 -9999 -9999 -9999 -9999 -9999 -9999 -9999 -9999 -9999 -9999 -9999 -9999 -9999 -9999 -9999 -9999 -9999 -9999 -9999 -9999 -9999 -9999 -9999 -9999 -9999 -9999 -9999 -9999 -9999 -9999 -9999 -9999 -9999 -9999 -9999 -9999 -9999
11.61 14.78 13.63 11.51 10.76 -9999 12.57 14.40 11.49 10.18 8.79 8.60 8.60 8.98 9.44 9.06 8.95 10.41 10.32 10.28 9.42 8.79 8.67 7.58 7.82 8.53 10.02 8.84 7.67 9.13 7.97 7.36 6.38 7.69 9.65 10.20 11.21 9.92 11.28 12.41 9.67 -9999 -9999 -9999 -9999 -9999 -9999 -9999 -9999 -9999 -9999 -9999 -9999 -9999 -9999 -9999 -9999 -9999 -9999 -9999 -9999 -9999 -9999 -9999 -9999 -9999 -9999 -9999 -9999 -9999 -9999 -9999 -9999 -9999 -9999 -9999 -9999 -9999
12.54 -9999 12.71 13.85 11.05 -9999 13.68 16.82 12.41 11.07 9.04 8.87 8.42 8.53 7.86 7.81 8.03 9.01 10.83 10.61 10.57 9.16 8.75 9.27 10.27 12.22 10.75 8.09 6.67 7.86 7.83 7.72 11.61 12.33 10.37 10.55 9.83 9.90 10.26 8.76 9.71 -9999 -9999 -9999 -9999 -9999 -9999 -9999 -9999 -9999 -9999 -9999 -9999 -9999 -9999 -9999 -9999 -9999 -9999 -9999 -9999 -9999 -9999 -9999 -9999 -9999 -9999 -9999 -9999 -9999 -9999 -9999 -9999 -9999 -9999 -9999 -9999 -9999
12.10 -9999 -9999 13.86 11.86 11.42 13.62 15.06 10.25 10.21 11.54 9.91 9.12 8.73 10.87 8.67 7.29 8.11 8.84 10.10 10.63 11.41 9.76 11.64 12.42 10.82 9.75 9.18 7.98 8.47 9.57 10.18 10.00 12.30 10.92 10.43 10.37 7.89 7.87 8.88 10.00 10.52 -9999 -9999 -9999 -9999 -9999 -9999 -9999 -9999 -9999 -9999 -9999 -9999 -9999 -9999 -9999 -9999 -9999 -9999 -9999 -9999 -9999 -9999 -9999 -9999 -9999 -9999 -9999 -9999 -9999 -9999 -9999 -9999 -9999 -9999 -9999 -9999
-9999 -9999 -9999 -9999 12.55 11.40 14.60 12.07 9.39 9.88 10.86 11.80 10.47 9.53 10.58 10.75 9.03 7.19 9.09 11.15 10.18 9.89 10.33 11.93 10.96 9.64 9.91 9.61 11.77 11.08 9.78 9.39 8.53 10.82 10.47 9.80 10.42 8.44 7.83 7.80 7.78 8.36 -9999 -9999 -9999 -9999 -9999 -9999 -9999 -9999 -9999 -9999 -9999 -9999 -9999 -9999 -9999 -9999 -9999 -9999 -9999 -9999 -9999 -9999 -9999 -9999 -9999 -9999 -9999 -9999 -9999 -9999 -9999 -9999 -9999 -9999 -9999 -9999
14.42 15.30 -9999 -9999 -9999 12.43 13.45 11.37 10.08 9.54 10.01 11.28 11.59 11.83 12.06 10.85 10.03 9.06 7.08 10.63 9.64 9.36 9.78 9.22 9.00 10.76 9.23 11.88 14.75 13.18 11.05 11.07 8.72 9.74 9.52 9.80 10.15 8.33 7.51 7.31 7.35 8.19 8.77 -9999 -9999 -9999 -9999 -9999 -9999 -9999 -9999 -9999 -9999 -9999 -9999 -9999 -9999 -9999 -9999 -9999 -9999 -9999 -9999 -9999 -9999 -9999 -9999 -9999 -9999 -9999 -9999 -9999 -9999 -9999 -9999 -9999 -9999 -9999
15.76 17.13 12.74 -9999 -9999 -9999 12.46 11.52 9.82 9.19 9.23 9.46 10.75 10.77 10.38 9.37 9.29 9.51 9.78 8.88 8.98 8.94 10.26 9.66 11.89 7.97 8.86 8.64 9.38 12.98 12.71 10.75 9.81 8.66 8.50 8.82 8.98 7.55 7.14 6.67 7.38 8.00 7.79 8.12 -9999 -9999 -9999 -9999 -9999 -9999 -9999 -9999 -9999 -9999 -9999 -9999 -9999 -9999 -9999 -9999 -9999 -9999 -9999 -9999 -9999 -9999 -9999 -9999 -9999 -9999 -9999 -9999 -9999 -9999 -9999 -9999 -9999 -9999
14.86 15.57 11.67 -9999 -9999 -9999 -9999 -9999 10.74 9.55 8.30 8.04 8.36 8.42 9.49 11.89 11.62 10.26 9.52 8.95 10.10 9.35 9.01 8.50 10.67 7.17 8.65 9.76 8.95 7.02 8.74 8.15 9.20 7.83 8.92 8.38 7.13 6.75 6.37 6.26 5.91 8.03 8.17 7.62 7.63 -9999 -9999 -9999 -9999 -9999 -9999 -9999 -9999 -9999 -9999 -9999 -9999 -9999 -9999 -9999 -9999 -9999 -9999 -9999 -9999 -9999 -9999 -9999 -9999 -9999 -9999 -9999 -9999 -9999 -9999 -9999 -9999 -9999
12.15 18.34 13.41 -9999 -9999 -9999 -9999 -9999 11.25 10.43 10.12 8.56 9.90 11.55 10.68 12.03 12.46 11.66 9.70 10.72 9.76 8.79 10.11 10.65 6.82 14.25 9.27 12.08 9.15 11.30 10.94 7.40 9.42 8.15 7.53 6.90 7.13 8.11 8.19 6.83 6.80 5.50 7.54 9.01 7.25 8.65 9.41 -9999 -9999 -9999 -9999 -9999 -9999 -9999 -9999 -9999 -9999 -9999 -9999 -9999 -9999 -9999 -9999 -9999 -9999 -9999 -9999 -9999 -9999 -9999 -9999 -9999 -9999 -9999 -9999 -9999 -9999 -9999
15.41 17.90 17.00 -9999 -9999 -9999 -9999 -9999 11.06 9.72 9.47 8.61 9.08 10.52 8.93 9.71 9.94 11.58 10.43 9.99 9.05 11.10 13.98 11.39 9.47 15.31 13.39 9.45 10.17 8.61 7.08 8.57 9.23 8.01 8.23 8.04 6.42 6.56 6.51 7.85 10.30 7.94 7.27 8.27 8.39 7.65 8.57 -9999 -9999 -9999 -9999 -9999 -9999 -9999 -9999 -9999 -9999 -9999 -9999 -9999 -9999 -9999 -9999 -9999 -9999 -9999 -9999 -9999 -9999 -9999 -9999 -9999 -9999 -9999 -9999 -9999 -9999 -9999
13.42 14.97 16.08 -9999 -9999 -9999 -9999 -9999 10.45 9.28 8.74 8.50 8.49 8.90 9.45 12.33 13.86 11.59 11.80 8.86 8.95 9.10 11.29 7.51 12.19 10.96 9.11 10.32 11.21 7.23 9.53 8.11 8.86 8.58 6.60 7.56 7.62 6.89 6.13 11.65 12.02 10.81 7.11 7.93 8.38 7.71 8.74 -9999 -9999 -9999 -9999 -9999 -9999 -9999 -9999 -9999 -9999 -9999 -9999 -9999 -9999 -9999 -9999 -9999 -9999 -9999 -9999 -9999 -9999 -9999 -9999 -9999 -9999 -9999 -9999 -9999 -9999 -9999
-9999 -9999 -9999 -9999 -9999 -9999 -9999 12.66 10.42 9.66 8.63 8.91 9.31 8.47 9.53 10.00 12.36 10.72 10.35 12.28 10.36 11.52 11.52 11.28 13.46 12.31 7.88 8.97 10.05 9.51 8.63 9.07 6.91 7.91 8.37 6.21 7.18 6.65 9.41 10.72 13.45 11.41 7.24 6.98 6.65 7.60 8.73 -9999 -9999 -9999 -9999 -9999 -9999 -9999 -9999 -9999 -9999 -9999 -9999 -9999 -9999 -9999 -9999 -9999 -9999 -9999 -9999 -9999 -9999 -9999 -9999 -9999 -9999 -9999 -9999 -9999 -9999 -9999
-9999 -9999 -9999 -9999 -9999 -9999 -9999 13.63 8.59 8.66 10.08 11.35 10.51 8.78 8.77 9.36 7.62 8.58 12.23 12.91 10.74 9.73 8.10 6.87 12.67 7.49 8.25 8.04 8.59 8.42 7.38 5.80 8.35 7.94 7.51 6.48 6.84 8.93 10.37 9.88 11.51 11.20 7.53 6.12 6.66 8.62 7.99 -9999 -9999 -9999 -9999 -9999 -9999 -9999 -9999 -9999 -9999 -9999 -9999 -9999 -9999 -9999 -9999 -9999 -9999 -9999 -9999 -9999 -9999 -9999 -9999 -9999 -9999 -9999 -9999 -9999 -9999 -9999
-9999 -9999 -9999 -9999 -9999 -9999 12.20 11.07 7.26 8.82 10.31 9.11 11.25 12.78 11.73 13.67 11.69 9.64 8.49 9.15 11.37 10.20 8.58 5.53 7.77 11.28 8.18 10.21 7.60 7.69 5.50 6.18 8.09 7.24 7.34 8.22 9.80 11.51 10.96 9.56 8.64 8.19 7.06 9.14 10.00 8.73 8.35 -9999 -9999 -9999 -9999 -9999 -9999 -9999 -9999 -9999 -9999 -9999 -9999 -9999 -9999 -9999 -9999 -9999 -9999 -9999 -9999 -9999 -9999 -9999 -9999 -9999 -9999 -9999 -9999 -9999 -9999 -9999
-9999 -9999 -9999 -9999 -9999 -9999 10.68 7.69 10.37 8.82 10.64 8.82 11.52 11.76 14.18 13.20 13.14 11.76 10.15 7.72 14.97 14.05 9.04 5.36 8.69 10.65 7.58 7.91 9.34 6.44 8.31 9.74 8.27 9.50 9.80 12.79 8.56 8.30 9.21 9.98 9.99 7.58 6.32 8.05 8.28 7.89 8.20 9.42 -9999 -9999 -9999 -9999 -9999 -9999 -9999 -9999 -9999 -9999 -9999 -9999 -9999 -9999 -9999 -9999 -9999 -9999 -9999 -9999 -9999 -9999 -9999 -9999 -9999 -9999 -9999 -9999 -9999 -9999
-9999 -9999 -9999 -9999 -9999 10.24 11.79 11.30 10.41 11.05 10.86 9.48 8.48 12.85 12.47 13.55 12.95 12.65 9.06 6.30 9.56 11.11 10.08 6.71 6.39 8.01 7.53 7.26 7.78 10.95 7.55 7.50 7.80 6.79 11.84 10.17 11.97 10.59 7.70 8.55 9.10 9.69 10.56 7.99 7.65 7.59 8.31 9.35 -9999 -9999 -9999 -9999 -9999 -9999 -9999 -9999 -9999 -9999 -9999 -9999 -9999 -9999 -9999 -9999 -9999 -9999 -9999 -9999 -9999 -9999 -9999 -9999 -9999 -9999 -9999 -9999 -9999 -9999
-9999 -9999 -9999 -9999 -9999 11.66 11.13 9.93 13.43 12.54 10.38 10.06 12.98 9.45 10.70 12.75 11.14 10.97 7.55 6.08 8.52 9.78 11.23 6.52 6.59 6.45 6.95 5.57 9.41 6.37 10.30 8.65 6.58 12.00 7.07 8.75 9.87 9.25 10.02 7.50 7.60 10.10 9.87 8.38 8.92 8.55 8.44 9.53 -9999 -9999 -9999 -9999 -9999 -9999 -9999 -9999 -9999 -9999 -9999 -9999 -9999 -9999 -9999 -9999 -9999 -9999 -9999 -9999 -9999 -9999 -9999 -9999 -9999 -9999 -9999 -9999 -9999 -9999
-9999 -9999 -9999 -9999 12.03 10.02 9.38 11.77 10.09 10.26 15.78 12.31 12.14 9.25 10.74 11.34 9.76 10.89 9.90 8.19 10.00 9.74 7.23 5.87 6.42 7.88 7.78 10.19 7.93 6.88 10.70 7.26 7.94 12.15 8.13 7.26 6.59 8.32 9.70 9.12 9.62 9.87 8.41 8.20 8.31 7.95 8.23 9.29 -9999 -9999 -9999 -9999 -9999 -9999 -9999 -9999 -9999 -9999 -9999 -9999 -9999 -9999 -9999 -9999 -9999 -9999 -9999 -9999 -9999 -9999 -9999 -9999 -9999 -9999 -9999 -9999 -9999 -9999
-9999 -9999 -9999 10.61 10.93 11.36 9.09 9.72 10.01 9.18 11.38 10.73 15.81 9.03 8.78 9.89 10.19 10.42 10.66 9.17 7.77 6.97 9.13 6.50 6.01 7.80 8.32 8.41 8.34 7.10 8.77 5.97 7.43 11.16 10.02 10.26 9.21 8.59 7.69 7.79 9.97 9.07 8.42 8.39 8.34 8.47 7.93 8.69 9.81 -9999 -9999 -9999 -9999 -9999 -9999 -9999 -9999 -9999 -9999 -9999 -9999 -9999 -9999 -9999 -9999 -9999 -9999 -9999 -9999 -9999 -9999 -9999 -9999 -9999 -9999 -9999 -9999 -9999
-9999 -9999 -9999 12.26 14.48 11.57 10.72 9.67 8.72 7.84 15.87 12.92 10.77 10.66 8.52 8.74 9.68 9.44 13.18 8.88 7.14 6.77 7.05 9.37 6.92 9.04 8.52 9.21 8.53 8.11 7.57 8.48 6.61 8.84 9.45 8.79 9.78 8.53 7.60 7.38 8.68 8.12 9.26 8.65 7.75 7.14 8.02 8.67 9.46 -9999 -9999 -9999 -9999 -9999 -9999 -9999 -9999 -9999 -9999 -9999 -9999 -9999 -9999 -9999 -9999 -9999 -9999 -9999 -9999 -9999 -9999 -9999 -9999 -9999 -9999 -9999 -9999 -9999
-9999 12.28 11.42 13.18 11.76 11.09 11.79 10.04 9.52 8.13 12.49 11.48 11.58 10.58 9.90 8.05 10.04 10.44 9.56 9.36 8.62 6.65 7.18 8.40 8.07 8.09 8.62 9.05 8.30 7.72 8.40 7.45 6.76 9.68 8.60 8.24 8.39 10.12 8.83 7.91 6.35 7.51 8.14 7.87 7.47 7.00 7.49 8.12 9.10 -9999 -9999 -9999 -9999 -9999 -9999 -9999 -9999 -9999 -9999 -9999 -9999 -9999 -9999 -9999 -9999 -9999 -9999 -9999 -9999 -9999 -9999 -9999 -9999 -9999 -9999 -9999 -9999 -9999
-9999 13.02 11.42 9.84 12.12 10.83 11.89 10.28 9.35 8.33 8.38 9.48 13.24 10.96 10.09 8.43 8.29 8.35 8.10 8.53 9.13 7.78 8.82 7.96 8.24 8.07 8.14 8.07 7.88 7.53 7.58 8.06 7.05 5.82 6.61 7.29 7.43 8.12 8.04 5.42 6.46 8.79 8.08 6.90 7.03 6.75 7.15 6.80 7.58 8.54 -9999 -9999 -9999 -9999 -9999 -9999 -9999 -9999 -9999 -9999 -9999 -9999 -9999 -9999 -9999 -9999 -9999 -9999 -9999 -9999 -9999 -9999 -9999 -9999 -9999 -9999 -9999 -9999
-9999 13.24 11.68 9.08 11.60 9.94 10.69 9.87 9.29 9.08 7.90 10.95 10.81 10.28 11.79 9.18 8.24 8.08 7.22 9.22 12.81 9.60 -9999 -9999 -9999 8.37 8.19 -9999 7.61 7.65 7.69 7.05 6.16 6.42 7.36 6.56 6.67 7.84 7.30 8.30 7.90 5.98 5.15 5.45 5.78 6.13 4.51 5.39 5.92 7.38 -9999 -9999 -9999 -9999 -9999 -9999 -9999 -9999 -9999 -9999 -9999 -9999 -9999 -9999 -9999 -9999 -9999 -9999 -9999 -9999 -9999 -9999 -9999 -9999 -9999 -9999 -9999 -9999
-9999 12.16 13.58 10.33 10.14 10.58 11.21 10.68 9.86 9.05 8.39 9.19 13.89 11.11 11.50 9.02 8.62 10.17 7.93 9.06 9.98 10.20 -9999 -9999 -9999 8.48 7.81 7.80 7.80 7.34 6.97 6.06 7.02 8.99 8.88 7.07 9.82 7.09 6.83 9.04 6.69 7.15 7.12 6.90 4.81 5.52 6.51 5.28 4.74 6.22 -9999 -9999 -9999 -9999 -9999 -9999 -9999 -9999 -9999 -9999 -9999 -9999 -9999 -9999 -9999 -9999 -9999 -9999 -9999 -9999 -9999 -9999 -9999 -9999 -9999 -9999 -9999 -9999
-9999 -9999 12.97 12.71 10.93 -9999 11.83 11.77 10.66 9.81 9.07 -9999 11.03 9.84 10.53 8.75 9.87 10.62 9.65 10.05 -9999 -9999 -9999 -9999 9.33 7.86 7.20 7.03 7.59 7.75 6.90 6.35 6.49 9.87 12.77 6.69 10.96 7.62 9.03 10.09 7.79 8.89 7.02 5.32 6.31 6.21 4.93 3.20 4.00 6.22 7.04 -9999 -9999 -9999 -9999 -9999 -9999 -9999 -9999 -9999 -9999 -9999 -9999 -9999 -9999 -9999 -9999 -9999 -9999 -9999 -9999 -9999 -9999 -9999 -9999 -9999 -9999 -9999
