ML/MeanWindSpeed_1995-06_Actual.txt
ncols         180
nrows         290
xllcorner     -200000
yllcorner     -200000
cellsize      5000
NODATA_value  -9999
[rows 210 to 244 of 290, columns 79 to 157 of 180]
10.54 8.96 10.94 10.65 -9999 -9999 -9999 -9999 -9999 -9999 -9999 6.77 6.95 8.01 6.77 7.13 7.65 9.75 11.94 14.55 13.69 11.53 9.68 9.31 8.23 11.41 11.65 7.87 6.70 10.83 10.68 11.48 7.89 7.14 7.15 6.89 8.12 8.74 8.29 8.44 8.07 7.70 7.45 7.21 6.98 7.01 6.86 7.51 6.91 6.84 6.75 6.71 6.79 6.41 6.91 8.24 8.15 7.20 8.49 7.49 6.18 5.87 5.24 5.36 6.36 6.99 6.63 6.04 5.94 7.15 6.08 6.45 7.50 6.83 6.82 6.75 5.83 5.40 5.67
10.24 -9999 -9999 -9999 -9999 -9999 -9999 -9999 -9999 10.94 9.56 9.29 10.57 9.70 8.26 7.30 7.94 8.36 10.92 12.52 12.02 7.95 7.71 11.72 10.45 10.37 8.40 7.45 7.28 10.06 9.76 9.31 7.73 7.50 7.54 6.29 9.46 9.62 8.20 8.27 7.85 7.72 7.53 7.20 7.67 7.13 7.24 6.60 6.53 6.49 6.59 6.49 6.79 6.15 7.58 9.34 7.92 8.27 6.23 7.08 6.14 5.61 6.80 6.56 6.67 7.26 6.49 5.79 5.91 5.87 6.53 7.17 6.48 7.04 6.78 5.92 5.54 6.69 5.92
-9999 -9999 -9999 -9999 -9999 -9999 -9999 -9999 -9999 12.09 11.67 9.69 10.98 11.40 -9999 -9999 7.90 11.19 6.50 8.36 8.08 8.31 9.34 11.22 8.58 8.13 8.71 8.64 9.29 9.46 9.19 8.49 8.04 8.71 7.20 7.45 9.42 8.14 7.74 7.53 7.71 8.24 7.97 7.32 7.27 6.66 6.74 7.33 7.81 7.38 7.87 6.57 6.13 7.05 9.51 7.55 7.64 7.06 5.39 6.77 6.29 6.24 6.46 6.39 6.09 6.02 7.50 6.20 5.99 5.85 5.91 6.08 5.87 5.56 6.99 6.14 6.46 7.31 7.02
-9999 -9999 -9999 -9999 -9999 -9999 -9999 -9999 -9999 -9999 -9999 -9999 -9999 -9999 -9999 -9999 9.29 8.43 8.39 7.34 6.37 6.45 7.13 8.62 8.77 9.25 9.98 10.68 11.03 10.53 -9999 8.72 8.21 7.82 7.16 7.60 9.17 8.17 8.26 7.71 7.03 7.00 7.87 7.06 7.14 8.31 8.44 8.12 8.96 9.77 8.23 7.74 7.39 7.51 8.68 7.25 7.20 6.96 6.04 5.73 5.66 6.26 6.69 6.20 5.75 5.90 6.04 5.91 5.83 5.69 5.69 5.73 5.92 5.97 6.28 6.17 6.44 6.70 -9999
-9999 -9999 -9999 -9999 -9999 -9999 -9999 -9999 -9999 -9999 -9999 -9999 -9999 -9999 -9999 -9999 -9999 9.32 8.22 7.23 7.43 8.05 6.87 7.38 8.82 10.69 -9999 -9999 -9999 -9999 9.99 8.64 8.18 7.40 7.06 7.69 9.26 8.33 8.61 7.86 6.75 7.59 7.24 8.65 8.10 9.97 8.48 8.62 8.19 8.56 8.31 7.53 8.30 6.42 6.96 7.37 6.03 6.17 5.66 5.34 5.22 5.08 5.16 5.44 5.11 5.17 5.23 5.37 5.32 6.62 6.88 5.67 5.68 5.79 5.97 6.21 6.96 8.04 7.70
-9999 -9999 -9999 -9999 -9999 -9999 -9999 -9999 -9999 -9999 -9999 -9999 -9999 -9999 -9999 -9999 -9999 -9999 9.24 10.41 9.31 8.12 8.16 8.73 11.12 -9999 -9999 -9999 -9999 11.15 10.62 10.20 6.96 6.49 6.58 8.96 9.55 9.05 8.37 7.21 7.14 6.94 8.49 9.88 8.75 8.77 8.05 8.17 7.90 6.87 7.41 7.42 6.99 6.84 6.78 6.63 6.05 6.06 6.45 6.52 6.41 5.10 5.05 5.09 4.92 5.54 5.49 5.78 5.25 6.03 5.91 5.78 6.71 5.76 6.55 6.65 7.09 6.43 6.71
-9999 -9999 -9999 -9999 -9999 -9999 -9999 -9999 -9999 -9999 -9999 -9999 -9999 -9999 -9999 -9999 -9999 -9999 -9999 10.19 10.39 9.33 8.99 9.24 13.26 -9999 -9999 -9999 10.98 8.86 8.01 9.50 8.82 7.83 6.52 7.91 7.15 8.93 8.14 6.53 7.83 8.81 8.72 8.22 8.93 8.00 7.53 7.24 6.65 6.53 6.44 6.65 7.21 6.89 6.36 6.33 6.39 6.39 7.05 6.59 6.42 5.80 5.13 5.17 4.95 4.99 5.00 5.38 5.34 5.54 5.43 6.33 6.63 6.94 6.70 5.61 7.24 5.62 6.37
-9999 -9999 -9999 -9999 -9999 -9999 -9999 -9999 -9999 -9999 -9999 -9999 -9999 -9999 -9999 -9999 -9999 -9999 -9999 -9999 -9999 -9999 -9999 -9999 -9999 -9999 -9999 13.68 9.96 8.07 7.44 8.98 7.10 7.73 8.37 8.14 8.07 8.30 6.71 6.34 6.70 7.68 7.46 7.75 7.82 8.01 7.72 7.54 9.11 7.42 7.50 6.82 7.34 7.34 6.53 6.56 6.19 6.63 7.33 6.57 5.85 5.52 5.33 5.15 5.68 5.26 5.71 5.32 6.38 6.86 6.38 5.24 7.87 8.58 6.95 5.51 8.18 6.95 6.29
-9999 -9999 -9999 -9999 -9999 -9999 -9999 -9999 -9999 -9999 -9999 -9999 -9999 -9999 -9999 -9999 -9999 -9999 -9999 -9999 -9999 -9999 -9999 -9999 -9999 -9999 -9999 11.16 10.06 8.42 13.23 10.95 7.17 7.67 8.28 8.60 8.89 7.10 6.61 6.40 6.27 7.45 7.15 6.96 8.73 8.50 9.67 8.22 8.45 9.71 7.98 7.40 7.22 6.64 6.50 6.31 6.25 6.67 6.63 6.72 6.06 5.45 5.21 5.00 5.54 7.33 6.47 7.10 7.47 8.43 6.84 5.57 6.77 7.02 5.67 4.96 5.60 7.07 7.50
-9999 -9999 -9999 -9999 -9999 -9999 -9999 -9999 -9999 -9999 -9999 -9999 -9999 -9999 -9999 -9999 -9999 -9999 -9999 -9999 -9999 -9999 -9999 -9999 -9999 -9999 -9999 10.47 8.11 6.69 8.69 12.10 10.67 9.49 8.27 9.46 7.55 7.06 6.53 8.28 8.32 8.93 8.39 7.55 7.70 7.57 7.97 8.44 8.46 7.60 7.52 7.47 7.40 6.75 6.48 6.50 6.54 7.06 6.77 6.45 5.68 5.56 6.36 7.18 6.55 7.44 6.73 6.34 6.38 7.21 8.98 8.50 6.09 5.80 6.25 6.38 6.05 6.07 5.93
-9999 -9999 -9999 -9999 -9999 -9999 -9999 -9999 -9999 -9999 10.62 11.05 8.79 13.82 13.14 13.08 13.27 15.49 7.76 13.70 8.92 -9999 -9999 -9999 -9999 -9999 -9999 9.54 8.20 7.50 6.13 7.09 9.26 10.71 9.88 8.37 7.37 7.24 7.98 9.25 8.42 7.60 7.65 7.28 7.28 7.57 7.13 6.77 6.61 7.11 6.58 7.32 7.87 8.63 7.50 6.99 7.54 7.41 6.63 7.19 5.98 5.54 6.99 8.11 6.90 6.39 6.68 6.26 5.73 5.42 5.69 5.50 4.86 4.66 4.65 4.65 4.46 4.75 4.71
-9999 -9999 -9999 -9999 -9999 -9999 -9999 -9999 -9999 -9999 12.77 12.04 11.79 9.35 11.79 13.88 13.10 13.78 14.17 11.02 9.26 7.64 8.96 12.12 10.30 9.60 8.75 8.48 7.78 7.23 6.48 5.67 6.17 8.93 8.97 7.92 6.98 10.01 8.27 7.13 7.70 8.16 7.31 7.25 7.45 7.30 7.53 7.21 7.12 5.97 6.32 7.00 7.22 7.28 8.03 8.37 6.87 6.51 5.99 5.70 6.65 5.69 9.72 8.02 7.69 7.06 6.55 6.54 6.00 6.59 6.38 4.83 6.33 5.71 6.26 4.80 4.89 4.56 4.43
-9999 -9999 -9999 -9999 -9999 -9999 -9999 -9999 -9999 10.79 9.57 8.95 8.22 7.10 9.81 13.06 12.68 11.71 11.90 12.03 10.53 8.60 8.03 9.51 11.13 8.42 7.88 7.37 7.44 8.28 6.70 6.36 7.60 7.50 7.19 7.51 9.97 8.03 9.27 8.45 7.61 6.70 7.22 6.85 7.50 7.70 7.32 7.84 6.68 6.94 6.77 6.67 6.63 8.09 8.82 6.71 6.05 6.31 8.58 6.79 6.23 6.44 6.44 6.93 7.37 7.01 6.80 7.30 8.08 6.78 5.42 5.11 6.76 6.06 5.86 6.15 5.88 5.31 5.27
-9999 -9999 -9999 -9999 -9999 -9999 -9999 -9999 -9999 -9999 8.56 7.07 6.30 8.21 8.04 9.05 12.32 10.98 9.10 8.19 10.76 12.57 10.06 7.63 8.06 10.30 8.29 6.58 6.65 6.61 7.30 7.32 6.34 6.26 6.63 7.50 8.67 7.29 8.84 7.64 7.55 7.40 7.66 6.98 7.79 8.05 7.91 6.52 6.56 7.25 6.36 5.77 5.59 6.72 7.96 7.75 6.07 6.50 7.70 7.42 6.56 5.72 5.74 5.67 6.25 8.11 7.78 7.32 7.71 8.44 7.28 6.41 6.85 6.68 5.66 6.50 5.34 6.08 4.95
-9999 -9999 -9999 -9999 -9999 -9999 11.46 -9999 -9999 9.78 8.41 9.09 5.92 7.95 6.52 6.50 7.26 8.08 9.14 7.68 9.64 10.83 8.05 6.43 5.10 5.56 5.85 5.76 6.01 6.45 7.34 6.30 6.05 6.55 8.32 6.92 7.83 6.69 7.54 7.06 8.10 8.94 8.15 7.06 6.60 6.66 6.50 6.28 7.82 6.81 6.06 7.97 6.28 6.26 8.14 9.27 5.76 6.13 6.51 6.29 5.90 5.67 5.66 6.22 7.03 7.54 6.56 5.94 5.78 6.22 6.14 5.93 6.46 5.62 5.49 5.33 4.70 4.67 4.49
-9999 -9999 -9999 -9999 -9999 10.61 12.03 12.04 11.54 8.68 7.85 9.83 7.23 5.91 6.61 6.07 7.88 8.75 9.74 8.16 7.57 7.71 6.11 4.70 4.03 4.52 5.62 6.28 5.62 5.77 6.09 5.76 5.86 7.61 7.67 6.65 7.30 7.65 8.98 8.08 8.18 9.51 8.06 7.76 6.44 6.98 6.67 7.12 6.49 6.24 5.70 6.98 6.98 6.03 7.05 6.56 5.84 5.57 5.24 6.03 6.13 6.03 5.66 5.41 5.54 5.45 5.71 5.80 5.49 4.64 5.11 5.47 6.30 6.62 6.09 4.72 5.59 5.37 5.15
-9999 -9999 -9999 -9999 -9999 10.16 10.47 9.56 9.99 8.92 8.00 6.86 8.78 8.54 7.42 8.88 8.90 8.73 10.17 8.82 8.19 7.40 4.55 5.52 7.59 7.06 6.16 5.64 5.16 5.90 6.53 6.88 6.32 7.58 6.86 7.51 6.52 5.84 7.59 8.98 7.77 7.80 7.55 6.94 6.92 7.54 6.74 6.16 6.92 7.13 5.78 6.28 6.36 6.21 7.05 7.48 7.55 9.04 6.15 6.23 5.48 5.26 5.49 5.64 5.31 5.10 5.38 5.94 5.41 4.84 4.46 5.27 5.40 5.53 5.67 5.84 4.58 4.92 5.67
-9999 -9999 -9999 -9999 -9999 10.48 9.37 8.93 9.33 8.70 8.62 7.24 7.76 7.87 6.53 8.05 8.45 9.31 9.76 9.19 6.04 4.16 3.43 6.00 6.20 6.97 7.94 5.93 5.86 6.24 5.73 6.78 6.07 7.05 6.57 6.76 6.52 5.88 7.71 7.22 7.32 7.17 6.93 6.79 6.88 7.50 7.55 6.35 6.10 6.40 7.33 6.03 6.35 6.03 6.40 6.52 6.76 7.64 7.05 7.88 8.71 4.99 8.72 7.11 5.22 5.47 8.90 8.69 8.03 4.70 4.48 4.55 4.37 4.96 4.57 5.73 6.66 8.91 7.47
-9999 -9999 -9999 -9999 -9999 8.55 8.40 8.42 8.21 7.61 7.53 7.03 6.49 7.68 7.13 7.40 8.43 7.87 8.21 8.13 7.68 4.02 4.29 6.53 5.61 7.20 7.65 6.27 6.76 7.37 6.26 6.52 6.64 6.63 6.57 6.70 7.44 8.43 6.36 7.21 7.04 6.96 6.73 6.70 6.92 7.31 6.61 6.77 6.49 6.86 7.22 7.77 7.07 7.98 7.24 6.57 6.37 6.12 5.81 5.80 6.11 5.48 7.43 7.21 7.91 7.37 7.92 8.41 8.94 5.15 5.18 4.84 4.78 4.94 5.69 6.72 6.85 -9999 -9999
-9999 -9999 -9999 -9999 -9999 7.45 7.60 7.85 8.34 8.83 7.90 7.32 6.49 7.03 8.65 8.29 8.03 7.60 8.41 8.43 8.10 6.91 4.45 4.28 3.94 6.79 5.98 4.47 7.90 7.83 6.64 9.34 7.80 8.43 9.15 8.49 8.07 8.64 7.30 6.47 6.97 6.83 6.24 6.50 6.64 7.11 6.43 6.85 7.59 8.08 7.80 7.74 7.89 7.83 7.93 7.77 7.31 6.61 6.32 6.53 6.96 7.18 7.53 7.68 7.88 -9999 -9999 7.22 7.68 7.26 6.68 5.74 8.63 6.25 -9999 -9999 -9999 -9999 -9999
-9999 -9999 -9999 -9999 9.78 7.98 7.99 7.26 8.41 8.71 9.75 8.01 8.37 7.91 8.85 8.46 8.04 8.01 8.48 8.53 8.37 8.17 6.98 6.12 6.34 6.33 4.81 7.91 8.91 6.39 5.88 7.01 6.94 8.29 8.34 7.23 7.04 6.85 6.76 7.60 7.28 7.32 6.84 6.76 7.14 7.95 7.72 7.44 7.53 7.62 7.88 -9999 -9999 8.67 9.30 9.30 8.80 8.32 7.91 7.98 -9999 -9999 -9999 -9999 -9999 -9999 -9999 -9999 -9999 -9999 7.10 7.63 9.36 7.57 -9999 -9999 -9999 -9999 -9999
-9999 -9999 -9999 10.90 9.36 7.83 8.47 7.29 7.32 7.31 7.53 7.14 10.46 11.25 9.95 9.44 9.65 10.47 9.44 8.76 8.55 9.07 8.58 10.19 10.12 9.17 8.55 10.24 7.41 7.48 7.43 8.31 9.24 7.54 6.29 6.97 6.17 6.48 6.42 6.66 6.59 8.03 9.02 8.93 8.49 8.45 8.82 8.11 -9999 7.13 7.95 7.77 8.26 8.82 -9999 -9999 -9999 -9999 9.25 -9999 -9999 -9999 -9999 -9999 -9999 -9999 -9999 -9999 -9999 -9999 -9999 -9999 -9999 -9999 -9999 -9999 -9999 -9999 -9999
-9999 -9999 11.73 11.00 10.59 9.16 7.44 7.12 6.86 5.78 5.74 7.55 13.02 14.62 9.62 9.01 12.42 9.72 11.73 9.10 8.76 11.84 10.13 9.12 8.67 8.70 -9999 -9999 -9999 -9999 -9999 8.10 9.73 9.32 7.54 7.29 6.84 6.34 6.53 6.47 7.11 8.23 -9999 -9999 -9999 -9999 -9999 9.15 9.45 8.53 7.71 7.64 9.49 9.02 -9999 -9999 -9999 -9999 -9999 -9999 -9999 -9999 -9999 -9999 -9999 -9999 -9999 -9999 -9999 -9999 -9999 -9999 -9999 -9999 -9999 -9999 -9999 -9999 -9999
-9999 6.94 8.28 10.32 10.48 8.98 8.60 7.92 5.89 6.78 7.01 9.65 12.35 13.93 12.66 11.81 10.17 11.78 10.16 10.40 9.80 11.76 11.11 -9999 -9999 -9999 -9999 -9999 -9999 -9999 -9999 -9999 8.18 8.74 7.51 8.86 9.77 10.17 7.92 10.23 9.98 10.51 -9999 -9999 -9999 -9999 -9999 -9999 -9999 8.28 8.94 7.52 8.35 -9999 -9999 -9999 -9999 -9999 -9999 -9999 -9999 -9999 -9999 -9999 -9999 -9999 -9999 -9999 -9999 -9999 -9999 -9999 -9999 -9999 -9999 -9999 -9999 -9999 -9999
8.78 6.86 7.42 9.11 10.80 11.11 9.25 7.14 7.00 7.86 7.89 9.12 11.95 10.33 10.98 11.26 12.69 7.08 10.10 13.63 10.87 -9999 -9999 -9999 -9999 -9999 -9999 -9999 -9999 -9999 -9999 -9999 -9999 -9999 9.15 -9999 -9999 -9999 -9999 8.68 11.37 11.75 -9999 -9999 -9999 -9999 -9999 -9999 -9999 -9999 8.49 10.68 8.96 -9999 -9999 -9999 -9999 -9999 -9999 -9999 -9999 -9999 -9999 -9999 -9999 -9999 -9999 -9999 -9999 -9999 -9999 -9999 -9999 -9999 -9999 -9999 -9999 -9999 -9999
7.65 5.89 7.18 9.15 9.78 10.77 9.55 8.54 9.62 6.50 5.40 7.32 10.60 10.79 9.14 8.27 10.55 8.05 7.94 9.56 -9999 -9999 -9999 -9999 -9999 -9999 -9999 -9999 -9999 -9999 -9999 -9999 -9999 -9999 10.25 -9999 -9999 -9999 -9999 -9999 -9999 -9999 -9999 -9999 -9999 -9999 -9999 -9999 -9999 -9999 -9999 -9999 -9999 -9999 -9999 -9999 -9999 -9999 -9999 -9999 -9999 -9999 -9999 -9999 -9999 -9999 -9999 -9999 -9999 -9999 -9999 -9999 -9999 -9999 -9999 -9999 -9999 -9999 -9999
8.18 6.02 7.45 8.07 8.16 9.07 8.65 8.61 9.88 5.94 5.40 6.66 9.12 13.91 14.48 7.46 8.18 8.24 9.10 11.66 -9999 -9999 -9999 -9999 -9999 -9999 -9999 -9999 -9999 -9999 -9999 -9999 -9999 -9999 -9999 -9999 -9999 -9999 -9999 -9999 -9999 -9999 -9999 -9999 -9999 -9999 -9999 -9999 -9999 -9999 -9999 -9999 -9999 -9999 -9999 -9999 -9999 -9999 -9999 -9999 -9999 -9999 -9999 -9999 -9999 -9999 -9999 -9999 -9999 -9999 -9999 -9999 -9999 -9999 -9999 -9999 -9999 -9999 -9999
9.75 8.52 8.51 8.01 8.82 8.09 7.88 7.96 6.69 6.98 6.22 6.03 9.16 11.73 11.50 9.46 7.18 7.70 11.18 10.05 -9999 -9999 -9999 -9999 -9999 -9999 -9999 -9999 -9999 -9999 -9999 -9999 -9999 -9999 -9999 -9999 -9999 -9999 -9999 -9999 -9999 -9999 -9999 -9999 -9999 -9999 -9999 -9999 -9999 -9999 -9999 -9999 -9999 -9999 -9999 -9999 -9999 -9999 -9999 -9999 -9999 -9999 -9999 -9999 -9999 -9999 -9999 -9999 -9999 -9999 -9999 -9999 -9999 -9999 -9999 -9999 -9999 -9999 -9999
10.85 9.94 9.61 7.90 8.61 8.04 10.61 9.78 8.01 7.65 8.47 6.78 7.41 8.51 8.43 7.88 7.83 8.84 9.90 10.17 -9999 -9999 -9999 -9999 -9999 -9999 -9999 -9999 -9999 -9999 -9999 -9999 -9999 -9999 -9999 -9999 -9999 -9999 -9999 -9999 -9999 -9999 -9999 -9999 -9999 -9999 -9999 -9999 -9999 -9999 -9999 -9999 -9999 -9999 -9999 -9999 -9999 -9999 -9999 -9999 -9999 -9999 -9999 -9999 -9999 -9999 -9999 -9999 -9999 -9999 -9999 -9999 -9999 -9999 -9999 -9999 -9999 -9999 -9999
8.49 8.78 7.91 9.21 11.16 10.79 9.08 9.35 9.45 9.56 8.42 9.13 8.17 6.98 7.19 8.63 9.85 10.35 9.66 10.74 -9999 -9999 -9999 -9999 -9999 -9999 -9999 -9999 -9999 -9999 -9999 -9999 -9999 -9999 -9999 -9999 -9999 -9999 -9999 -9999 -9999 -9999 -9999 -9999 -9999 -9999 -9999 -9999 -9999 -9999 -9999 -9999 -9999 -9999 -9999 -9999 -9999 -9999 -9999 -9999 -9999 -9999 -9999 -9999 -9999 -9999 -9999 -9999 -9999 -9999 -9999 -9999 -9999 -9999 -9999 -9999 -9999 -9999 -9999
8.88 9.32 -9999 -9999 -9999 -9999 -9999 -9999 -9999 -9999 -9999 10.00 10.79 9.27 8.38 7.90 9.29 10.14 9.76 -9999 -9999 -9999 -9999 -9999 -9999 -9999 -9999 -9999 -9999 -9999 -9999 -9999 -9999 -9999 -9999 -9999 -9999 -9999 -9999 -9999 -9999 -9999 -9999 -9999 -9999 -9999 -9999 -9999 -9999 -9999 -9999 -9999 -9999 -9999 -9999 -9999 -9999 -9999 -9999 -9999 -9999 -9999 -9999 -9999 -9999 -9999 -9999 -9999 -9999 -9999 -9999 -9999 -9999 -9999 -9999 -9999 -9999 -9999 -9999
9.44 10.19 -9999 -9999 -9999 -9999 -9999 -9999 -9999 -9999 -9999 -9999 -9999 -9999 9.10 8.53 8.85 9.35 -9999 -9999 -9999 -9999 -9999 -9999 -9999 -9999 -9999 -9999 -9999 -9999 -9999 -9999 -9999 -9999 -9999 -9999 -9999 -9999 -9999 -9999 -9999 -9999 -9999 -9999 -9999 -9999 -9999 -9999 -9999 -9999 -9999 -9999 -9999 -9999 -9999 -9999 -9999 -9999 -9999 -9999 -9999 -9999 -9999 -9999 -9999 -9999 -9999 -9999 -9999 -9999 -9999 -9999 -9999 -9999 -9999 -9999 -9999 -9999 -9999
-9999 -9999 -9999 -9999 -9999 -9999 -9999 -9999 -9999 -9999 -9999 -9999 -9999 -9999 10.23 11.81 12.50 11.75 -9999 -9999 -9999 -9999 -9999 -9999 -9999 -9999 -9999 -9999 -9999 -9999 -9999 -9999 -9999 -9999 -9999 -9999 -9999 -9999 -9999 -9999 -9999 -9999 -9999 -9999 -9999 -9999 -9999 -9999 -9999 -9999 -9999 -9999 -9999 -9999 -9999 -9999 -9999 -9999 -9999 -9999 -9999 -9999 -9999 -9999 -9999 -9999 -9999 -9999 -9999 -9999 -9999 -9999 -9999 -9999 -9999 -9999 -9999 -9999 -9999
-9999 -9999 -9999 -9999 -9999 -9999 -9999 -9999 -9999 -9999 -9999 -9999 -9999 -9999 -9999 -9999 -9999 -9999 -9999 -9999 -9999 -9999 -9999 -9999 -9999 -9999 -9999 -9999 -9999 -9999 -9999 -9999 -9999 -9999 -9999 -9999 -9999 -9999 -9999 -9999 -9999 -9999 -9999 -9999 -9999 -9999 -9999 -9999 -9999 -9999 -9999 -9999 -9999 -9999 -9999 -9999 -9999 -9999 -9999 -9999 -9999 -9999 -9999 -9999 -9999 -9999 -9999 -9999 -9999 -9999 -9999 -9999 -9999 -9999 -9999 -9999 -9999 -9999 -9999
-9999 -9999 -9999 -9999 -9999 -9999 -9999 -9999 -9999 -9999 -9999 -9999 -9999 -9999 -9999 -9999 -9999 -9999 -9999 -9999 -9999 -9999 -9999 -9999 -9999 -9999 -9999 -9999 -9999 -9999 -9999 -9999 -9999 -9999 -9999 -9999 -9999 -9999 -9999 -9999 -9999 -9999 -9999 -9999 -9999 -9999 -9999 -9999 -9999 -9999 -9999 -9999 -9999 -9999 -9999 -9999 -9999 -9999 -9999 -9999 -9999 -9999 -9999 -9999 -9999 -9999 -9999 -9999 -9999 -9999 -9999 -9999 -9999 -9999 -9999 -9999 -9999 -9999 -9999
