ML/MeanWindSpeed_1998-03_Actual.txt
ncols         180
nrows         290
xllcorner     -200000
yllcorner     -200000
cellsize      5000
NODATA_value  -9999
[rows 105 to 139 of 290, columns 78 to 155 of 180]
9.85 12.80 9.08 5.96 8.17 12.63 12.98 11.30 9.47 10.95 15.59 10.88 13.14 8.16 10.86 15.25 11.06 8.60 8.64 10.09 8.83 8.29 8.79 8.80 7.77 9.19 8.82 8.76 10.99 10.30 10.38 10.23 -9999 -9999 -9999 -9999 -9999 -9999 -9999 -9999 -9999 -9999 -9999 -9999 -9999 -9999 -9999 -9999 -9999 -9999 -9999 -9999 -9999 -9999 -9999 -9999 -9999 -9999 -9999 -9999 -9999 -9999 -9999 -9999 -9999 -9999 -9999 -9999 -9999 -9999 -9999 -9999 -9999 -9999 -9999 -9999 -9999 -9999
11.40 9.44 10.74 14.10 12.86 15.53 9.54 13.23 6.64 15.04 8.64 17.52 8.81 11.93 18.70 12.59 9.99 12.47 11.41 8.45 7.80 6.73 6.56 7.90 7.17 7.33 8.89 9.37 9.27 9.45 8.37 9.64 10.48 -9999 -9999 -9999 -9999 -9999 -9999 -9999 -9999 -9999 -9999 -9999 -9999 -9999 -9999 -9999 -9999 -9999 -9999 -9999 -9999 -9999 -9999 -9999 -9999 -9999 -9999 -9999 -9999 -9999 -9999 -9999 -9999 -9999 -9999 -9999 -9999 -9999 -9999 -9999 -9999 -9999 -9999 -9999 -9999 -9999
11.65 6.92 13.60 10.02 5.93 10.58 15.16 14.69 7.01 15.07 13.17 13.96 10.57 14.73 12.08 13.57 16.71 12.82 11.06 8.94 7.53 7.65 9.22 9.89 11.36 11.10 9.49 8.34 7.80 10.07 8.86 11.05 11.16 12.26 -9999 -9999 -9999 -9999 -9999 -9999 -9999 -9999 -9999 -9999 -9999 -9999 -9999 -9999 -9999 -9999 -9999 -9999 -9999 -9999 -9999 -9999 -9999 -9999 -9999 -9999 -9999 -9999 -9999 -9999 -9999 -9999 -9999 -9999 -9999 -9999 -9999 -9999 -9999 -9999 -9999 -9999 -9999 -9999
8.67 12.52 12.94 9.58 5.70 12.56 14.77 18.14 8.76 14.81 12.37 12.83 12.20 13.01 8.51 10.19 11.19 10.06 7.20 8.33 10.33 13.83 13.12 11.91 10.09 9.80 11.27 7.76 9.27 10.47 11.15 11.60 11.86 12.37 12.50 -9999 -9999 -9999 -9999 -9999 -9999 -9999 -9999 -9999 -9999 -9999 -9999 -9999 -9999 -9999 -9999 -9999 -9999 -9999 -9999 -9999 -9999 -9999 -9999 -9999 -9999 -9999 -9999 -9999 -9999 -9999 -9999 -9999 -9999 -9999 -9999 -9999 -9999 -9999 -9999 -9999 -9999 -9999
12.94 15.57 8.25 6.12 10.55 16.38 12.61 6.52 9.30 22.01 11.03 10.69 12.21 12.23 9.90 9.03 7.10 6.66 9.81 15.30 14.73 12.70 11.66 9.17 8.49 9.26 10.87 9.48 10.59 10.42 10.36 11.26 11.62 11.90 -9999 -9999 -9999 -9999 -9999 -9999 -9999 -9999 -9999 -9999 -9999 -9999 -9999 -9999 -9999 -9999 -9999 -9999 -9999 -9999 -9999 -9999 -9999 -9999 -9999 -9999 -9999 -9999 -9999 -9999 -9999 -9999 -9999 -9999 -9999 -9999 -9999 -9999 -9999 -9999 -9999 -9999 -9999 -9999
11.03 10.10 9.08 14.30 8.31 13.91 15.01 14.91 10.65 9.37 18.70 11.77 9.56 8.25 7.83 7.35 6.83 6.41 10.26 8.75 8.09 7.30 9.05 11.02 9.71 10.02 9.71 9.97 11.62 11.61 -9999 -9999 -9999 -9999 -9999 -9999 -9999 -9999 -9999 -9999 -9999 -9999 -9999 -9999 -9999 -9999 -9999 -9999 -9999 -9999 -9999 -9999 -9999 -9999 -9999 -9999 -9999 -9999 -9999 -9999 -9999 -9999 -9999 -9999 -9999 -9999 -9999 -9999 -9999 -9999 -9999 -9999 -9999 -9999 -9999 -9999 -9999 -9999
10.03 6.86 13.29 13.55 15.97 16.55 7.78 15.36 15.18 8.67 12.23 12.71 8.96 8.29 9.26 10.86 12.33 8.73 8.24 8.31 8.52 8.74 9.45 10.61 9.89 10.27 11.40 11.27 -9999 -9999 -9999 -9999 -9999 -9999 -9999 -9999 -9999 -9999 -9999 -9999 -9999 -9999 -9999 -9999 -9999 -9999 -9999 -9999 -9999 -9999 -9999 -9999 -9999 -9999 -9999 -9999 -9999 -9999 -9999 -9999 -9999 -9999 -9999 -9999 -9999 -9999 -9999 -9999 -9999 -9999 -9999 -9999 -9999 -9999 -9999 -9999 -9999 -9999
8.38 13.50 9.80 14.40 17.17 14.25 11.69 16.10 16.07 9.35 8.85 7.13 6.82 7.46 8.53 12.24 13.93 11.05 9.50 8.37 8.21 9.32 8.98 9.60 10.25 12.30 13.50 12.04 -9999 -9999 -9999 -9999 -9999 -9999 -9999 -9999 -9999 -9999 -9999 -9999 -9999 -9999 -9999 -9999 -9999 -9999 -9999 -9999 -9999 -9999 -9999 -9999 -9999 -9999 -9999 -9999 -9999 -9999 -9999 -9999 -9999 -9999 -9999 -9999 -9999 -9999 -9999 -9999 -9999 -9999 -9999 -9999 -9999 -9999 -9999 -9999 -9999 -9999
10.27 13.38 10.38 14.75 14.63 15.92 10.65 9.80 11.20 9.99 9.38 8.80 6.18 14.58 14.94 14.02 14.26 10.79 8.00 7.92 7.88 8.19 8.29 8.72 9.94 9.72 -9999 -9999 -9999 -9999 -9999 11.32 10.35 10.60 10.26 -9999 -9999 -9999 -9999 -9999 -9999 -9999 -9999 -9999 -9999 -9999 -9999 -9999 -9999 -9999 -9999 -9999 -9999 -9999 -9999 -9999 -9999 -9999 -9999 -9999 -9999 -9999 -9999 -9999 -9999 -9999 -9999 -9999 -9999 -9999 -9999 -9999 -9999 -9999 -9999 -9999 -9999 -9999
10.68 14.97 10.55 9.08 18.89 10.53 10.17 9.50 8.43 8.93 10.66 13.41 9.95 10.14 9.12 9.42 8.79 8.91 8.98 9.28 9.07 8.56 9.14 9.73 9.46 9.29 9.96 10.85 -9999 -9999 9.58 9.02 8.70 7.73 8.30 9.34 10.21 -9999 -9999 -9999 -9999 -9999 -9999 -9999 -9999 -9999 -9999 -9999 -9999 -9999 -9999 -9999 -9999 -9999 -9999 -9999 -9999 -9999 -9999 -9999 -9999 -9999 -9999 -9999 -9999 -9999 -9999 -9999 -9999 -9999 -9999 -9999 -9999 -9999 -9999 -9999 -9999 -9999
13.16 11.22 11.96 13.90 15.18 9.71 10.75 12.72 11.93 10.80 8.66 8.84 9.64 9.30 9.27 8.73 8.29 8.64 9.48 9.31 8.44 9.89 10.44 8.48 7.60 7.98 8.62 10.09 9.00 9.01 9.16 7.89 6.16 6.81 9.48 10.25 12.21 9.25 -9999 -9999 -9999 -9999 -9999 -9999 -9999 -9999 -9999 -9999 -9999 -9999 -9999 -9999 -9999 -9999 -9999 -9999 -9999 -9999 -9999 -9999 -9999 -9999 -9999 -9999 -9999 -9999 -9999 -9999 -9999 -9999 -9999 -9999 -9999 -9999 -9999 -9999 -9999 -9999
11.42 14.92 13.70 11.53 10.35 -9999 12.33 14.60 11.30 9.85 8.55 8.42 8.20 8.53 9.08 8.51 8.17 9.79 9.94 10.06 9.22 8.54 8.42 7.29 7.59 8.38 9.91 8.58 7.38 9.08 7.91 7.23 6.24 7.83 10.03 10.66 11.76 10.38 11.93 13.27 10.48 -9999 -9999 -9999 -9999 -9999 -9999 -9999 -9999 -9999 -9999 -9999 -9999 -9999 -9999 -9999 -9999 -9999 -9999 -9999 -9999 -9999 -9999 -9999 -9999 -9999 -9999 -9999 -9999 -9999 -9999 -9999 -9999 -9999 -9999 -9999 -9999 -9999
12.65 -9999 12.84 14.02 10.52 -9999 13.42 17.03 12.04 10.66 8.71 8.67 8.14 8.19 7.47 7.26 7.24 8.26 10.39 10.40 10.39 8.76 8.28 8.85 9.94 12.19 10.68 7.86 6.41 7.63 7.51 7.34 11.62 12.77 10.85 11.11 10.32 10.23 10.57 9.08 10.28 -9999 -9999 -9999 -9999 -9999 -9999 -9999 -9999 -9999 -9999 -9999 -9999 -9999 -9999 -9999 -9999 -9999 -9999 -9999 -9999 -9999 -9999 -9999 -9999 -9999 -9999 -9999 -9999 -9999 -9999 -9999 -9999 -9999 -9999 -9999 -9999 -9999
12.69 -9999 -9999 14.04 11.41 10.56 13.44 15.06 9.57 9.49 11.11 9.50 8.75 8.46 10.85 8.38 6.65 7.36 8.15 9.64 10.20 10.87 9.08 11.27 12.24 10.68 9.62 9.10 7.93 8.44 9.40 9.99 9.94 12.74 11.46 11.06 11.05 8.20 8.03 9.12 10.49 11.23 -9999 -9999 -9999 -9999 -9999 -9999 -9999 -9999 -9999 -9999 -9999 -9999 -9999 -9999 -9999 -9999 -9999 -9999 -9999 -9999 -9999 -9999 -9999 -9999 -9999 -9999 -9999 -9999 -9999 -9999 -9999 -9999 -9999 -9999 -9999 -9999
-9999 -9999 -9999 -9999 12.27 10.84 14.56 11.79 8.59 8.93 10.06 11.25 9.96 9.08 10.38 10.58 8.62 6.46 8.49 10.78 9.69 9.29 9.88 11.80 10.92 9.41 9.52 9.30 11.93 11.40 9.98 9.51 8.74 11.35 11.02 10.39 11.07 8.80 8.05 7.97 8.08 8.88 -9999 -9999 -9999 -9999 -9999 -9999 -9999 -9999 -9999 -9999 -9999 -9999 -9999 -9999 -9999 -9999 -9999 -9999 -9999 -9999 -9999 -9999 -9999 -9999 -9999 -9999 -9999 -9999 -9999 -9999 -9999 -9999 -9999 -9999 -9999 -9999
14.84 16.04 -9999 -9999 -9999 12.24 13.40 11.02 9.28 8.54 9.05 10.46 10.97 11.42 11.88 10.76 9.91 8.65 6.45 10.35 9.38 9.00 9.49 8.98 8.87 10.55 8.69 11.67 15.04 13.64 11.47 11.52 9.11 10.31 10.08 10.40 10.69 8.69 7.72 7.46 7.60 8.64 9.38 -9999 -9999 -9999 -9999 -9999 -9999 -9999 -9999 -9999 -9999 -9999 -9999 -9999 -9999 -9999 -9999 -9999 -9999 -9999 -9999 -9999 -9999 -9999 -9999 -9999 -9999 -9999 -9999 -9999 -9999 -9999 -9999 -9999 -9999 -9999
15.86 17.87 12.98 -9999 -9999 -9999 12.52 11.29 9.15 8.36 8.35 8.62 10.21 10.47 10.14 9.17 9.14 9.24 9.41 8.56 8.75 8.61 10.10 9.62 12.13 7.99 8.91 8.68 9.59 13.61 13.30 11.22 10.27 9.07 8.93 9.30 9.48 7.95 7.42 6.86 7.60 8.27 8.16 8.68 -9999 -9999 -9999 -9999 -9999 -9999 -9999 -9999 -9999 -9999 -9999 -9999 -9999 -9999 -9999 -9999 -9999 -9999 -9999 -9999 -9999 -9999 -9999 -9999 -9999 -9999 -9999 -9999 -9999 -9999 -9999 -9999 -9999 -9999
15.08 16.32 11.93 -9999 -9999 -9999 -9999 -9999 10.32 8.92 7.46 7.18 7.65 7.79 8.92 11.66 11.55 10.02 9.05 8.54 9.88 9.17 9.00 8.47 10.94 7.51 9.10 10.21 9.44 7.40 9.16 8.53 9.66 8.14 9.37 8.78 7.43 7.02 6.70 6.67 6.23 8.37 8.43 8.03 8.22 -9999 -9999 -9999 -9999 -9999 -9999 -9999 -9999 -9999 -9999 -9999 -9999 -9999 -9999 -9999 -9999 -9999 -9999 -9999 -9999 -9999 -9999 -9999 -9999 -9999 -9999 -9999 -9999 -9999 -9999 -9999 -9999 -9999
12.07 19.03 13.72 -9999 -9999 -9999 -9999 -9999 10.92 9.85 9.34 7.59 9.12 10.96 10.09 11.78 12.54 11.57 9.25 10.41 9.37 8.42 10.05 10.53 6.59 14.89 9.54 12.58 9.63 12.06 11.61 7.83 9.93 8.48 7.86 7.08 7.32 8.39 8.72 7.63 7.67 5.91 7.79 9.43 7.72 9.28 10.17 -9999 -9999 -9999 -9999 -9999 -9999 -9999 -9999 -9999 -9999 -9999 -9999 -9999 -9999 -9999 -9999 -9999 -9999 -9999 -9999 -9999 -9999 -9999 -9999 -9999 -9999 -9999 -9999 -9999 -9999 -9999
15.33 18.31 17.34 -9999 -9999 -9999 -9999 -9999 10.84 9.18 8.81 7.86 8.45 10.01 8.28 9.34 9.84 11.53 10.19 9.71 8.55 10.80 13.95 11.10 9.60 16.14 14.08 9.89 10.69 9.12 7.42 9.00 9.67 8.35 8.62 8.30 6.45 6.60 6.75 8.68 11.53 8.56 7.50 8.58 8.76 8.09 9.19 -9999 -9999 -9999 -9999 -9999 -9999 -9999 -9999 -9999 -9999 -9999 -9999 -9999 -9999 -9999 -9999 -9999 -9999 -9999 -9999 -9999 -9999 -9999 -9999 -9999 -9999 -9999 -9999 -9999 -9999 -9999
13.42 15.32 16.48 -9999 -9999 -9999 -9999 -9999 10.21 8.81 8.27 8.11 8.08 8.39 8.91 12.16 13.87 11.32 11.60 8.65 8.63 8.78 11.10 7.05 12.69 11.68 9.83 11.05 11.91 7.58 10.00 8.46 9.26 8.96 6.79 7.73 7.66 6.82 6.11 12.41 13.12 11.54 7.27 8.20 8.80 8.13 9.30 -9999 -9999 -9999 -9999 -9999 -9999 -9999 -9999 -9999 -9999 -9999 -9999 -9999 -9999 -9999 -9999 -9999 -9999 -9999 -9999 -9999 -9999 -9999 -9999 -9999 -9999 -9999 -9999 -9999 -9999 -9999
-9999 -9999 -9999 -9999 -9999 -9999 -9999 12.72 9.98 9.10 8.09 8.50 9.09 8.16 9.34 9.94 12.33 10.27 9.85 12.19 10.29 11.61 11.37 11.02 13.96 13.28 8.54 9.60 10.73 10.04 9.11 9.58 7.24 8.28 8.66 6.29 7.23 6.55 9.55 11.26 14.46 12.16 7.49 7.36 7.09 8.06 9.29 -9999 -9999 -9999 -9999 -9999 -9999 -9999 -9999 -9999 -9999 -9999 -9999 -9999 -9999 -9999 -9999 -9999 -9999 -9999 -9999 -9999 -9999 -9999 -9999 -9999 -9999 -9999 -9999 -9999 -9999 -9999
-9999 -9999 -9999 -9999 -9999 -9999 -9999 13.57 7.92 7.87 9.48 10.98 10.23 8.56 8.84 9.60 7.55 8.13 11.81 12.66 10.83 9.98 7.92 6.36 13.07 8.09 8.72 8.52 9.25 9.06 7.93 6.23 8.87 8.34 7.89 6.72 6.94 9.09 10.68 10.54 12.49 11.97 7.87 6.42 7.09 9.12 8.47 -9999 -9999 -9999 -9999 -9999 -9999 -9999 -9999 -9999 -9999 -9999 -9999 -9999 -9999 -9999 -9999 -9999 -9999 -9999 -9999 -9999 -9999 -9999 -9999 -9999 -9999 -9999 -9999 -9999 -9999 -9999
-9999 -9999 -9999 -9999 -9999 -9999 12.16 10.79 6.59 8.28 9.82 8.48 10.71 12.47 11.75 14.08 12.02 9.43 7.75 8.46 11.44 10.68 8.75 5.10 7.85 11.96 8.52 10.81 8.17 8.24 5.85 6.43 8.31 7.34 7.49 8.49 10.21 12.10 11.57 10.35 9.51 8.82 7.44 9.56 10.55 9.21 8.86 -9999 -9999 -9999 -9999 -9999 -9999 -9999 -9999 -9999 -9999 -9999 -9999 -9999 -9999 -9999 -9999 -9999 -9999 -9999 -9999 -9999 -9999 -9999 -9999 -9999 -9999 -9999 -9999 -9999 -9999 -9999
-9999 -9999 -9999 -9999 -9999 -9999 10.34 7.08 10.00 8.59 10.55 8.36 11.12 11.21 14.00 13.28 13.42 11.78 9.60 6.91 15.22 14.80 9.24 4.90 8.87 11.17 7.80 8.17 9.69 6.52 8.59 9.94 8.17 9.57 9.93 13.29 8.88 8.70 9.87 10.77 10.81 8.18 6.70 8.49 8.76 8.35 8.69 10.10 -9999 -9999 -9999 -9999 -9999 -9999 -9999 -9999 -9999 -9999 -9999 -9999 -9999 -9999 -9999 -9999 -9999 -9999 -9999 -9999 -9999 -9999 -9999 -9999 -9999 -9999 -9999 -9999 -9999 -9999
-9999 -9999 -9999 -9999 -9999 9.83 11.25 10.72 9.89 10.94 11.09 9.47 8.30 12.66 12.31 13.89 13.36 13.00 8.77 5.61 9.44 11.52 10.24 6.26 6.25 8.28 7.69 7.46 7.87 11.18 7.79 7.51 7.84 6.89 12.21 10.54 12.59 11.13 8.11 8.95 9.58 10.32 11.20 8.44 8.07 7.97 8.71 9.92 -9999 -9999 -9999 -9999 -9999 -9999 -9999 -9999 -9999 -9999 -9999 -9999 -9999 -9999 -9999 -9999 -9999 -9999 -9999 -9999 -9999 -9999 -9999 -9999 -9999 -9999 -9999 -9999 -9999 -9999
-9999 -9999 -9999 -9999 -9999 11.23 10.39 8.95 12.87 12.24 10.37 10.24 13.36 9.26 10.57 13.10 11.49 11.39 7.43 5.51 8.37 10.02 11.51 6.15 6.37 6.55 7.04 5.59 9.57 6.32 10.71 8.74 6.66 12.78 7.58 9.39 10.45 9.70 10.43 7.65 7.88 10.63 10.39 8.78 9.35 8.91 8.79 10.08 -9999 -9999 -9999 -9999 -9999 -9999 -9999 -9999 -9999 -9999 -9999 -9999 -9999 -9999 -9999 -9999 -9999 -9999 -9999 -9999 -9999 -9999 -9999 -9999 -9999 -9999 -9999 -9999 -9999 -9999
-9999 -9999 -9999 -9999 12.01 9.55 8.62 11.03 9.12 9.52 15.95 12.70 12.42 9.08 10.62 11.36 9.86 11.19 10.05 7.97 10.01 9.91 7.22 5.56 6.10 7.80 7.80 10.44 7.91 6.83 10.94 7.04 7.91 12.87 8.81 7.92 7.05 8.77 10.03 9.33 10.04 10.45 8.96 8.64 8.66 8.23 8.55 9.83 -9999 -9999 -9999 -9999 -9999 -9999 -9999 -9999 -9999 -9999 -9999 -9999 -9999 -9999 -9999 -9999 -9999 -9999 -9999 -9999 -9999 -9999 -9999 -9999 -9999 -9999 -9999 -9999 -9999 -9999
-9999 -9999 -9999 10.24 10.68 11.02 8.58 9.14 9.17 8.44 11.24 10.94 16.55 8.93 8.47 9.65 10.12 10.50 10.88 9.20 7.66 6.83 9.13 6.16 5.60 7.55 8.21 8.43 8.30 6.96 8.76 5.51 7.07 11.50 10.56 10.91 9.87 9.13 7.97 7.91 10.32 9.61 8.97 8.85 8.73 8.82 8.24 9.17 10.55 -9999 -9999 -9999 -9999 -9999 -9999 -9999 -9999 -9999 -9999 -9999 -9999 -9999 -9999 -9999 -9999 -9999 -9999 -9999 -9999 -9999 -9999 -9999 -9999 -9999 -9999 -9999 -9999 -9999
-9999 -9999 -9999 11.65 14.26 11.17 10.40 9.25 7.88 6.95 15.90 13.24 11.28 10.76 8.30 8.48 9.44 9.32 13.49 9.02 7.13 6.53 6.77 9.15 6.54 8.90 8.43 9.27 8.46 7.90 7.42 8.20 6.18 8.95 9.75 9.08 10.28 8.96 7.87 7.53 8.90 8.43 9.72 9.03 8.00 7.33 8.28 9.08 10.08 -9999 -9999 -9999 -9999 -9999 -9999 -9999 -9999 -9999 -9999 -9999 -9999 -9999 -9999 -9999 -9999 -9999 -9999 -9999 -9999 -9999 -9999 -9999 -9999 -9999 -9999 -9999 -9999 -9999
-9999 11.96 10.79 12.56 11.21 10.60 11.53 9.59 8.80 7.25 12.08 11.42 11.93 10.67 9.90 7.87 9.89 10.44 9.55 9.51 8.89 6.49 6.86 8.17 7.83 7.93 8.58 9.08 8.18 7.44 8.18 7.10 6.48 10.00 8.98 8.53 8.75 10.68 9.30 8.25 6.48 7.69 8.38 8.13 7.70 7.14 7.65 8.40 9.59 -9999 -9999 -9999 -9999 -9999 -9999 -9999 -9999 -9999 -9999 -9999 -9999 -9999 -9999 -9999 -9999 -9999 -9999 -9999 -9999 -9999 -9999 -9999 -9999 -9999 -9999 -9999 -9999 -9999
-9999 12.77 10.86 9.09 11.64 10.31 11.58 9.93 8.88 7.50 7.54 9.14 13.51 11.02 10.10 8.29 8.19 8.24 7.85 8.46 9.23 7.66 8.73 7.88 8.16 8.00 8.08 7.99 7.73 7.24 7.27 7.82 6.95 6.16 7.25 7.83 8.12 8.84 8.69 5.79 6.80 9.30 8.52 7.20 7.29 6.97 7.35 6.93 7.87 9.08 -9999 -9999 -9999 -9999 -9999 -9999 -9999 -9999 -9999 -9999 -9999 -9999 -9999 -9999 -9999 -9999 -9999 -9999 -9999 -9999 -9999 -9999 -9999 -9999 -9999 -9999 -9999 -9999
-9999 13.01 11.19 8.35 11.09 9.32 10.26 9.49 8.92 8.51 7.19 10.70 10.65 10.08 11.82 9.02 8.19 7.92 6.65 8.94 13.02 9.62 -9999 -9999 -9999 8.38 8.11 -9999 7.43 7.42 7.44 6.73 5.97 6.87 8.17 7.18 7.37 8.61 8.06 9.10 8.59 6.47 5.47 5.69 5.99 6.38 4.53 5.32 5.98 7.81 -9999 -9999 -9999 -9999 -9999 -9999 -9999 -9999 -9999 -9999 -9999 -9999 -9999 -9999 -9999 -9999 -9999 -9999 -9999 -9999 -9999 -9999 -9999 -9999 -9999 -9999 -9999 -9999
-9999 11.84 13.32 9.80 9.64 10.11 10.86 10.34 9.49 8.59 7.72 8.87 14.09 10.99 11.41 8.70 8.47 10.09 7.57 8.95 10.21 10.47 -9999 -9999 -9999 8.51 7.68 7.67 7.68 7.16 6.65 5.42 6.49 9.19 9.44 7.53 10.50 7.70 7.53 9.88 7.29 7.74 7.59 7.19 4.88 5.63 6.59 5.13 4.65 6.52 -9999 -9999 -9999 -9999 -9999 -9999 -9999 -9999 -9999 -9999 -9999 -9999 -9999 -9999 -9999 -9999 -9999 -9999 -9999 -9999 -9999 -9999 -9999 -9999 -9999 -9999 -9999 -9999
-9999 -9999 12.79 12.49 10.66 -9999 11.65 11.56 10.33 9.45 8.70 -9999 11.19 9.81 10.43 8.39 9.77 10.69 9.77 10.36 -9999 -9999 -9999 -9999 9.59 7.88 7.13 7.04 7.62 7.67 6.59 5.62 5.64 9.70 13.35 7.04 11.60 8.20 9.78 10.85 8.33 9.47 7.44 5.45 6.51 6.37 4.83 2.78 3.81 6.50 7.54 -9999 -9999 -9999 -9999 -9999 -9999 -9999 -9999 -9999 -9999 -9999 -9999 -9999 -9999 -9999 -9999 -9999 -9999 -9999 -9999 -9999 -9999 -9999 -9999 -9999 -9999 -9999
