ML/MeanWindSpeed_1999-08_Actual.txt
ncols         180
nrows         290
xllcorner     -200000
yllcorner     -200000
cellsize      5000
NODATA_value  -9999
[rows 210 to 244 of 290, columns 79 to 157 of 180]
9.79 8.70 10.02 9.85 -9999 -9999 -9999 -9999 -9999 -9999 -9999 5.99 5.92 6.76 6.30 6.39 6.44 7.45 8.81 10.43 9.86 8.60 7.59 7.43 6.67 8.82 8.84 5.87 4.93 7.60 7.77 8.58 6.28 5.60 5.38 4.94 5.49 6.06 6.21 6.52 6.21 5.79 5.43 5.03 4.64 4.43 4.05 4.36 4.09 4.23 4.45 4.73 5.04 4.73 4.63 4.59 3.76 3.19 4.45 5.52 5.90 5.83 5.23 4.89 5.27 5.54 5.25 4.90 4.75 5.52 4.88 5.11 5.79 5.43 5.46 5.52 5.03 4.81 5.13
9.84 -9999 -9999 -9999 -9999 -9999 -9999 -9999 -9999 9.00 7.96 7.62 8.37 7.99 7.20 6.58 6.93 7.07 8.88 10.08 9.38 6.60 6.55 9.06 8.04 8.04 6.64 5.54 5.23 7.12 7.38 7.28 5.99 5.53 5.43 4.40 6.45 6.78 6.12 6.36 6.05 5.77 5.46 5.00 5.03 4.37 4.18 3.72 3.77 3.92 4.28 4.49 4.96 4.57 5.34 6.03 4.23 4.32 3.51 5.23 5.50 5.23 5.60 5.25 5.36 5.79 5.27 4.74 4.74 4.80 5.25 5.64 5.22 5.65 5.52 5.09 4.97 5.80 5.38
-9999 -9999 -9999 -9999 -9999 -9999 -9999 -9999 -9999 9.86 9.35 7.95 8.87 9.27 -9999 -9999 6.99 9.18 6.42 7.67 7.22 7.10 7.53 8.59 6.72 6.49 6.62 6.16 6.65 7.03 7.06 6.50 5.89 6.07 5.00 5.16 6.63 6.05 5.85 5.85 5.91 6.05 5.64 4.94 4.71 4.14 4.12 4.50 4.87 4.67 5.13 4.47 4.41 5.14 6.78 5.40 4.87 4.22 3.55 5.15 5.25 5.08 4.90 4.92 4.99 5.05 5.92 4.94 4.74 4.67 4.71 4.93 4.85 4.69 5.73 5.33 5.63 6.36 6.36
-9999 -9999 -9999 -9999 -9999 -9999 -9999 -9999 -9999 -9999 -9999 -9999 -9999 -9999 -9999 -9999 7.99 7.54 7.44 6.77 5.96 5.88 6.11 6.85 6.70 6.95 7.17 7.41 7.86 7.71 -9999 6.18 5.75 5.46 5.06 5.24 6.47 6.08 6.17 5.86 5.38 5.19 5.51 4.84 4.84 5.51 5.56 5.32 5.86 6.44 5.51 5.27 5.17 5.42 6.37 5.37 4.99 4.67 4.25 4.48 4.78 5.22 5.15 4.89 4.80 4.91 4.89 4.58 4.47 4.38 4.42 4.58 4.80 4.91 5.17 5.22 5.62 6.08 -9999
-9999 -9999 -9999 -9999 -9999 -9999 -9999 -9999 -9999 -9999 -9999 -9999 -9999 -9999 -9999 -9999 -9999 8.10 7.22 6.42 6.49 6.87 6.09 6.20 6.62 7.42 -9999 -9999 -9999 -9999 6.77 5.64 5.42 5.15 5.10 5.47 6.66 6.17 6.39 5.89 5.09 5.51 5.14 5.97 5.59 6.77 5.89 6.03 5.72 5.99 5.81 5.24 5.73 4.62 5.21 5.38 4.27 4.28 4.01 4.19 4.54 4.80 5.01 5.01 4.47 4.36 4.26 4.12 3.95 4.76 4.94 4.26 4.29 4.43 4.71 5.07 5.86 6.95 6.94
-9999 -9999 -9999 -9999 -9999 -9999 -9999 -9999 -9999 -9999 -9999 -9999 -9999 -9999 -9999 -9999 -9999 -9999 7.87 8.41 7.58 6.88 7.28 7.35 7.73 -9999 -9999 -9999 -9999 7.36 6.73 6.33 4.47 4.42 4.65 6.39 6.93 6.68 6.32 5.52 5.36 5.13 6.07 6.93 6.17 6.23 5.81 5.83 5.59 4.99 5.36 5.29 4.92 4.85 4.96 4.77 4.30 4.30 4.54 4.86 5.22 4.70 4.79 4.68 4.25 4.32 4.05 4.07 3.57 4.06 4.05 4.08 4.66 4.14 4.99 5.20 5.48 5.26 5.79
-9999 -9999 -9999 -9999 -9999 -9999 -9999 -9999 -9999 -9999 -9999 -9999 -9999 -9999 -9999 -9999 -9999 -9999 -9999 8.42 8.35 7.81 8.31 7.91 8.56 -9999 -9999 -9999 6.90 5.41 4.58 5.62 5.58 5.15 4.51 5.68 5.45 6.67 6.17 5.03 5.84 6.41 6.39 6.17 6.54 5.87 5.48 5.15 4.72 4.64 4.57 4.67 5.00 4.83 4.56 4.52 4.56 4.59 4.98 4.81 5.04 4.88 4.52 4.40 3.89 3.49 3.30 3.51 3.41 3.61 3.70 4.40 4.60 4.93 5.01 4.46 5.47 4.40 4.96
-9999 -9999 -9999 -9999 -9999 -9999 -9999 -9999 -9999 -9999 -9999 -9999 -9999 -9999 -9999 -9999 -9999 -9999 -9999 -9999 -9999 -9999 -9999 -9999 -9999 -9999 -9999 8.51 6.07 4.82 4.31 5.18 4.17 4.87 5.58 5.80 5.98 6.18 5.02 4.61 4.90 5.61 5.58 5.88 5.86 5.93 5.70 5.53 6.47 5.29 5.24 4.71 4.98 4.97 4.50 4.58 4.40 4.70 5.20 4.79 4.45 4.28 4.06 3.86 4.03 3.55 3.85 3.66 4.35 4.74 4.51 3.83 5.60 6.20 5.31 4.43 6.11 5.26 4.75
-9999 -9999 -9999 -9999 -9999 -9999 -9999 -9999 -9999 -9999 -9999 -9999 -9999 -9999 -9999 -9999 -9999 -9999 -9999 -9999 -9999 -9999 -9999 -9999 -9999 -9999 -9999 6.91 6.15 5.19 8.58 7.16 4.53 4.77 5.34 5.92 6.38 5.20 4.71 4.50 4.60 5.56 5.51 5.40 6.47 6.28 7.08 6.18 6.25 6.94 5.69 5.12 4.83 4.40 4.31 4.26 4.35 4.74 4.81 4.87 4.44 3.96 3.56 3.33 3.77 5.07 4.61 5.10 5.41 6.08 5.10 4.37 5.24 5.55 4.75 4.26 4.64 5.49 5.72
-9999 -9999 -9999 -9999 -9999 -9999 -9999 -9999 -9999 -9999 -9999 -9999 -9999 -9999 -9999 -9999 -9999 -9999 -9999 -9999 -9999 -9999 -9999 -9999 -9999 -9999 -9999 6.61 5.02 4.31 5.98 8.36 7.30 6.33 5.50 6.44 5.37 4.98 4.58 5.79 5.99 6.53 6.25 5.62 5.64 5.64 6.08 6.53 6.56 5.83 5.53 5.24 5.01 4.46 4.23 4.35 4.57 5.07 4.95 4.72 4.12 3.94 4.26 4.62 4.25 5.06 4.83 4.75 4.86 5.41 6.59 6.32 4.88 4.75 4.96 5.13 5.17 5.25 5.07
-9999 -9999 -9999 -9999 -9999 -9999 -9999 -9999 -9999 -9999 8.04 7.98 6.28 9.16 8.21 7.46 7.05 8.32 3.45 7.67 5.11 -9999 -9999 -9999 -9999 -9999 -9999 6.16 5.22 5.02 4.61 5.44 6.71 7.54 6.91 5.88 5.13 4.97 5.47 6.40 6.01 5.64 5.75 5.49 5.32 5.78 5.71 5.63 5.44 5.60 5.09 5.40 5.54 5.76 4.89 4.72 5.27 5.23 4.64 5.05 4.28 3.96 4.72 5.29 4.45 4.21 4.48 4.37 4.25 4.18 4.40 4.31 3.92 3.80 3.77 3.79 3.86 4.31 4.45
-9999 -9999 -9999 -9999 -9999 -9999 -9999 -9999 -9999 -9999 9.38 8.53 8.21 6.36 7.48 8.15 6.85 6.74 6.82 5.03 4.20 3.82 5.43 7.85 6.58 6.10 5.67 5.60 5.15 4.86 4.79 4.75 5.12 6.68 6.51 5.73 5.01 6.93 5.86 5.30 5.77 6.16 5.71 5.66 6.48 6.10 6.12 5.88 5.61 4.68 4.85 5.21 5.21 4.99 5.24 5.54 4.81 4.61 4.12 4.01 4.75 4.15 6.67 5.38 4.96 4.47 4.12 4.20 4.05 4.59 4.56 3.69 4.66 4.30 4.71 3.86 4.05 4.09 4.23
-9999 -9999 -9999 -9999 -9999 -9999 -9999 -9999 -9999 8.22 7.14 6.45 6.08 5.37 6.96 8.48 7.42 6.11 5.84 5.79 4.94 4.15 4.64 6.16 7.40 5.62 5.33 5.08 5.11 5.63 4.73 4.83 5.95 5.91 5.58 5.70 7.18 5.99 6.77 6.35 5.84 5.26 5.71 5.82 6.54 6.49 6.01 6.17 5.22 5.15 4.98 4.82 4.72 5.56 5.82 4.54 4.35 4.52 5.86 4.73 4.45 4.61 4.67 4.85 4.80 4.33 4.18 4.66 5.29 4.56 3.83 3.70 4.83 4.47 4.44 4.76 4.72 4.51 4.60
-9999 -9999 -9999 -9999 -9999 -9999 -9999 -9999 -9999 -9999 6.42 5.37 4.97 6.45 6.41 6.53 7.72 6.25 4.72 3.93 5.52 7.00 6.22 5.49 6.00 7.26 5.93 4.83 4.86 4.80 5.20 5.24 4.83 4.88 5.17 5.76 6.56 5.71 6.51 5.64 5.64 5.66 5.99 5.78 6.46 6.57 6.37 5.32 5.12 5.36 4.65 4.12 3.91 4.60 5.28 5.20 4.28 4.56 5.29 5.14 4.61 4.08 4.11 4.06 4.25 5.27 4.99 4.79 5.24 5.93 5.30 4.74 5.04 5.00 4.38 5.00 4.32 4.86 4.25
-9999 -9999 -9999 -9999 -9999 -9999 8.36 -9999 -9999 6.93 6.00 6.43 4.62 6.31 5.49 5.00 4.63 4.41 4.78 3.96 5.66 6.95 5.82 5.33 4.58 4.50 4.52 4.54 4.67 4.85 5.30 4.58 4.52 4.84 6.07 5.39 6.20 5.52 5.84 5.39 6.14 6.75 6.36 5.79 5.49 5.48 5.37 5.10 5.88 5.04 4.38 5.41 4.21 4.18 5.31 6.00 3.74 4.05 4.46 4.28 4.04 3.97 3.88 4.20 4.75 5.08 4.37 4.06 4.19 4.71 4.72 4.61 5.02 4.52 4.37 4.33 3.99 4.02 3.99
-9999 -9999 -9999 -9999 -9999 8.26 8.62 8.35 7.98 6.09 5.57 7.17 5.69 5.05 5.62 4.89 5.36 5.24 5.55 4.82 5.27 6.33 5.72 4.69 4.22 4.31 4.69 4.97 4.40 4.42 4.60 4.33 4.40 5.53 5.67 5.17 5.75 6.00 6.88 6.25 6.37 7.23 6.29 6.12 5.23 5.47 5.23 5.44 4.93 4.59 3.94 4.55 4.45 3.88 4.67 4.37 3.79 3.65 3.59 3.95 3.93 3.96 3.63 3.41 3.66 3.71 3.79 3.88 3.96 3.79 4.31 4.61 5.18 5.40 5.00 4.09 4.62 4.45 4.45
-9999 -9999 -9999 -9999 -9999 8.15 7.81 6.86 7.04 6.40 6.06 5.66 6.87 6.71 6.03 6.73 6.26 5.75 6.51 5.87 6.32 6.97 5.48 5.75 6.86 6.35 5.43 4.77 4.22 4.50 4.81 4.94 4.56 5.43 5.06 5.50 4.88 4.49 5.94 6.94 6.18 6.21 6.05 5.61 5.45 5.74 5.16 4.66 5.01 4.96 3.74 3.86 3.87 3.84 4.69 5.15 5.13 6.10 4.28 4.25 3.65 3.50 3.53 3.60 3.53 3.53 3.70 4.00 3.78 3.79 3.75 4.45 4.61 4.73 4.78 4.86 4.03 4.33 5.05
-9999 -9999 -9999 -9999 -9999 8.58 7.54 6.90 6.97 6.48 6.56 5.96 6.30 6.25 5.33 6.20 6.22 6.63 6.93 6.72 5.46 5.33 5.25 6.62 6.47 6.73 7.08 5.31 4.84 4.78 4.23 4.72 4.23 4.98 4.78 4.87 4.71 4.45 6.06 5.97 6.07 5.93 5.75 5.62 5.49 5.73 5.63 4.63 4.24 4.15 4.45 3.44 3.57 3.51 4.21 4.68 4.86 5.39 4.93 5.38 5.90 3.51 5.83 4.81 3.68 3.98 6.23 6.07 5.59 3.60 3.52 3.70 3.75 4.39 4.25 5.06 5.71 7.32 6.58
-9999 -9999 -9999 -9999 -9999 7.28 6.99 6.79 6.48 5.86 5.72 5.50 5.27 5.92 5.49 5.65 6.21 5.79 6.10 6.15 6.39 5.09 5.93 7.28 6.55 7.51 7.41 5.75 5.64 5.83 4.99 4.87 4.77 4.89 4.94 5.01 5.46 6.19 5.20 5.94 5.80 5.73 5.57 5.52 5.59 5.72 5.03 4.85 4.40 4.32 4.18 4.32 3.75 4.39 4.61 5.02 4.97 4.68 4.29 4.22 4.38 3.93 5.25 5.19 5.69 5.46 5.95 6.33 6.63 4.13 4.14 3.92 3.94 4.42 5.18 6.02 6.22 -9999 -9999
-9999 -9999 -9999 -9999 -9999 6.35 6.43 6.51 6.64 6.78 6.03 5.34 4.52 4.82 6.01 5.83 5.62 5.29 5.80 5.80 5.69 5.57 5.45 5.85 5.58 7.42 6.48 4.85 6.80 6.49 5.48 6.93 5.66 6.11 6.74 6.35 6.09 6.50 5.77 5.36 5.66 5.55 5.18 5.35 5.46 5.77 5.09 4.99 5.15 5.11 4.49 4.15 4.15 4.15 4.63 5.98 5.76 5.17 4.84 5.07 5.30 5.39 5.76 6.00 6.11 -9999 -9999 6.12 6.31 5.90 5.44 4.77 6.70 5.40 -9999 -9999 -9999 -9999 -9999
-9999 -9999 -9999 -9999 7.39 6.31 6.48 6.13 6.85 6.82 7.27 5.47 5.02 4.75 5.77 5.62 5.19 5.08 5.38 5.42 5.27 5.04 5.59 6.49 6.89 6.81 5.65 7.32 7.77 5.94 5.35 5.79 5.43 6.25 6.37 5.66 5.66 5.55 5.42 6.04 5.91 5.94 5.65 5.64 5.98 6.50 6.15 5.58 5.10 4.58 4.35 -9999 -9999 4.72 5.46 6.79 6.73 6.33 5.94 6.00 -9999 -9999 -9999 -9999 -9999 -9999 -9999 -9999 -9999 -9999 6.14 6.40 7.52 6.51 -9999 -9999 -9999 -9999 -9999
-9999 -9999 -9999 8.15 6.80 5.87 6.60 6.03 6.12 5.90 5.85 5.00 6.35 6.76 6.17 5.88 6.00 6.47 5.59 5.11 5.23 5.49 5.83 8.12 8.83 8.35 7.83 8.85 6.93 6.87 6.73 7.15 7.48 6.22 5.36 5.69 5.13 5.24 5.09 5.24 5.25 6.42 7.27 7.28 7.11 7.08 7.07 6.22 -9999 4.25 4.29 3.91 4.21 4.91 -9999 -9999 -9999 -9999 6.88 -9999 -9999 -9999 -9999 -9999 -9999 -9999 -9999 -9999 -9999 -9999 -9999 -9999 -9999 -9999 -9999 -9999 -9999 -9999 -9999
-9999 -9999 9.36 8.18 7.62 6.72 5.88 5.86 5.80 5.12 5.08 5.72 8.46 9.38 6.19 5.58 7.89 6.27 7.21 5.27 5.28 7.51 6.89 7.09 7.56 7.76 -9999 -9999 -9999 -9999 -9999 7.22 8.16 7.62 6.32 6.11 5.69 5.23 5.25 5.13 5.60 6.67 -9999 -9999 -9999 -9999 -9999 7.15 6.76 5.46 4.19 3.72 5.13 5.29 -9999 -9999 -9999 -9999 -9999 -9999 -9999 -9999 -9999 -9999 -9999 -9999 -9999 -9999 -9999 -9999 -9999 -9999 -9999 -9999 -9999 -9999 -9999 -9999 -9999
-9999 6.67 7.04 8.01 7.95 6.72 6.57 6.33 5.09 5.87 6.12 7.54 8.93 9.63 8.60 7.96 6.84 7.89 6.51 6.42 6.26 7.90 7.96 -9999 -9999 -9999 -9999 -9999 -9999 -9999 -9999 -9999 7.39 7.54 6.50 7.24 7.83 8.00 6.43 7.84 7.78 8.37 -9999 -9999 -9999 -9999 -9999 -9999 -9999 5.52 5.44 4.27 4.85 -9999 -9999 -9999 -9999 -9999 -9999 -9999 -9999 -9999 -9999 -9999 -9999 -9999 -9999 -9999 -9999 -9999 -9999 -9999 -9999 -9999 -9999 -9999 -9999 -9999 -9999
7.94 6.29 6.63 7.76 8.68 8.56 7.22 5.87 5.77 6.52 6.68 7.56 9.31 7.71 7.69 8.01 9.03 5.11 6.62 8.90 7.39 -9999 -9999 -9999 -9999 -9999 -9999 -9999 -9999 -9999 -9999 -9999 -9999 -9999 7.82 -9999 -9999 -9999 -9999 7.08 8.81 9.21 -9999 -9999 -9999 -9999 -9999 -9999 -9999 -9999 5.81 6.92 5.81 -9999 -9999 -9999 -9999 -9999 -9999 -9999 -9999 -9999 -9999 -9999 -9999 -9999 -9999 -9999 -9999 -9999 -9999 -9999 -9999 -9999 -9999 -9999 -9999 -9999 -9999
7.04 5.42 6.45 8.03 8.35 8.73 7.77 6.95 7.64 5.91 5.30 6.64 8.84 8.42 6.98 6.48 7.81 5.77 5.55 6.82 -9999 -9999 -9999 -9999 -9999 -9999 -9999 -9999 -9999 -9999 -9999 -9999 -9999 -9999 8.64 -9999 -9999 -9999 -9999 -9999 -9999 -9999 -9999 -9999 -9999 -9999 -9999 -9999 -9999 -9999 -9999 -9999 -9999 -9999 -9999 -9999 -9999 -9999 -9999 -9999 -9999 -9999 -9999 -9999 -9999 -9999 -9999 -9999 -9999 -9999 -9999 -9999 -9999 -9999 -9999 -9999 -9999 -9999 -9999
7.45 5.42 6.55 7.30 7.39 7.82 7.36 7.08 7.90 5.56 5.38 6.44 8.26 10.86 10.83 6.24 6.23 5.73 6.43 8.49 -9999 -9999 -9999 -9999 -9999 -9999 -9999 -9999 -9999 -9999 -9999 -9999 -9999 -9999 -9999 -9999 -9999 -9999 -9999 -9999 -9999 -9999 -9999 -9999 -9999 -9999 -9999 -9999 -9999 -9999 -9999 -9999 -9999 -9999 -9999 -9999 -9999 -9999 -9999 -9999 -9999 -9999 -9999 -9999 -9999 -9999 -9999 -9999 -9999 -9999 -9999 -9999 -9999 -9999 -9999 -9999 -9999 -9999 -9999
8.94 7.45 7.47 7.28 7.82 7.38 7.13 6.88 6.05 6.12 5.71 5.84 8.13 9.70 9.09 7.26 5.39 5.31 7.72 7.46 -9999 -9999 -9999 -9999 -9999 -9999 -9999 -9999 -9999 -9999 -9999 -9999 -9999 -9999 -9999 -9999 -9999 -9999 -9999 -9999 -9999 -9999 -9999 -9999 -9999 -9999 -9999 -9999 -9999 -9999 -9999 -9999 -9999 -9999 -9999 -9999 -9999 -9999 -9999 -9999 -9999 -9999 -9999 -9999 -9999 -9999 -9999 -9999 -9999 -9999 -9999 -9999 -9999 -9999 -9999 -9999 -9999 -9999 -9999
10.01 8.96 8.60 7.41 7.83 7.47 9.08 8.33 7.11 6.69 7.15 6.17 6.89 7.79 7.32 6.16 5.65 6.24 7.28 7.75 -9999 -9999 -9999 -9999 -9999 -9999 -9999 -9999 -9999 -9999 -9999 -9999 -9999 -9999 -9999 -9999 -9999 -9999 -9999 -9999 -9999 -9999 -9999 -9999 -9999 -9999 -9999 -9999 -9999 -9999 -9999 -9999 -9999 -9999 -9999 -9999 -9999 -9999 -9999 -9999 -9999 -9999 -9999 -9999 -9999 -9999 -9999 -9999 -9999 -9999 -9999 -9999 -9999 -9999 -9999 -9999 -9999 -9999 -9999
8.61 8.62 7.93 8.55 9.75 9.42 8.22 8.26 8.20 8.08 7.31 7.79 7.35 6.75 6.53 6.74 7.17 7.56 7.47 8.27 -9999 -9999 -9999 -9999 -9999 -9999 -9999 -9999 -9999 -9999 -9999 -9999 -9999 -9999 -9999 -9999 -9999 -9999 -9999 -9999 -9999 -9999 -9999 -9999 -9999 -9999 -9999 -9999 -9999 -9999 -9999 -9999 -9999 -9999 -9999 -9999 -9999 -9999 -9999 -9999 -9999 -9999 -9999 -9999 -9999 -9999 -9999 -9999 -9999 -9999 -9999 -9999 -9999 -9999 -9999 -9999 -9999 -9999 -9999
9.14 9.35 -9999 -9999 -9999 -9999 -9999 -9999 -9999 -9999 -9999 8.43 8.90 7.89 7.10 6.34 7.07 7.74 7.72 -9999 -9999 -9999 -9999 -9999 -9999 -9999 -9999 -9999 -9999 -9999 -9999 -9999 -9999 -9999 -9999 -9999 -9999 -9999 -9999 -9999 -9999 -9999 -9999 -9999 -9999 -9999 -9999 -9999 -9999 -9999 -9999 -9999 -9999 -9999 -9999 -9999 -9999 -9999 -9999 -9999 -9999 -9999 -9999 -9999 -9999 -9999 -9999 -9999 -9999 -9999 -9999 -9999 -9999 -9999 -9999 -9999 -9999 -9999 -9999
9.42 9.88 -9999 -9999 -9999 -9999 -9999 -9999 -9999 -9999 -9999 -9999 -9999 -9999 7.66 7.07 7.23 7.68 -9999 -9999 -9999 -9999 -9999 -9999 -9999 -9999 -9999 -9999 -9999 -9999 -9999 -9999 -9999 -9999 -9999 -9999 -9999 -9999 -9999 -9999 -9999 -9999 -9999 -9999 -9999 -9999 -9999 -9999 -9999 -9999 -9999 -9999 -9999 -9999 -9999 -9999 -9999 -9999 -9999 -9999 -9999 -9999 -9999 -9999 -9999 -9999 -9999 -9999 -9999 -9999 -9999 -9999 -9999 -9999 -9999 -9999 -9999 -9999 -9999
-9999 -9999 -9999 -9999 -9999 -9999 -9999 -9999 -9999 -9999 -9999 -9999 -9999 -9999 8.60 9.41 9.87 9.42 -9999 -9999 -9999 -9999 -9999 -9999 -9999 -9999 -9999 -9999 -9999 -9999 -9999 -9999 -9999 -9999 -9999 -9999 -9999 -9999 -9999 -9999 -9999 -9999 -9999 -9999 -9999 -9999 -9999 -9999 -9999 -9999 -9999 -9999 -9999 -9999 -9999 -9999 -9999 -9999 -9999 -9999 -9999 -9999 -9999 -9999 -9999 -9999 -9999 -9999 -9999 -9999 -9999 -9999 -9999 -9999 -9999 -9999 -9999 -9999 -9999
-9999 -9999 -9999 -9999 -9999 -9999 -9999 -9999 -9999 -9999 -9999 -9999 -9999 -9999 -9999 -9999 -9999 -9999 -9999 -9999 -9999 -9999 -9999 -9999 -9999 -9999 -9999 -9999 -9999 -9999 -9999 -9999 -9999 -9999 -9999 -9999 -9999 -9999 -9999 -9999 -9999 -9999 -9999 -9999 -9999 -9999 -9999 -9999 -9999 -9999 -9999 -9999 -9999 -9999 -9999 -9999 -9999 -9999 -9999 -9999 -9999 -9999 -9999 -9999 -9999 -9999 -9999 -9999 -9999 -9999 -9999 -9999 -9999 -9999 -9999 -9999 -9999 -9999 -9999
-9999 -9999 -9999 -9999 -9999 -9999 -9999 -9999 -9999 -9999 -9999 -9999 -9999 -9999 -9999 -9999 -9999 -9999 -9999 -9999 -9999 -9999 -9999 -9999 -9999 -9999 -9999 -9999 -9999 -9999 -9999 -9999 -9999 -9999 -9999 -9999 -9999 -9999 -9999 -9999 -9999 -9999 -9999 -9999 -9999 -9999 -9999 -9999 -9999 -9999 -9999 -9999 -9999 -9999 -9999 -9999 -9999 -9999 -9999 -9999 -9999 -9999 -9999 -9999 -9999 -9999 -9999 -9999 -9999 -9999 -9999 -9999 -9999 -9999 -9999 -9999 -9999 -9999 -9999
