ML/MeanWindSpeed_1999-06_Actual.txt
ncols         180
nrows         290
xllcorner     -200000
yllcorner     -200000
cellsize      5000
NODATA_value  -9999
[rows 175 to 209 of 290, columns 79 to 157 of 180]
-9999 -9999 -9999 -9999 -9999 -9999 -9999 10.04 9.62 9.13 8.57 7.89 6.10 4.81 8.49 13.36 7.21 9.08 8.47 7.80 6.57 5.10 5.73 7.18 8.00 6.75 5.66 6.20 6.96 6.48 6.54 7.21 6.46 6.03 5.58 5.49 5.38 5.08 4.84 4.75 8.15 8.55 7.42 7.72 6.25 6.11 7.09 6.82 5.54 5.30 5.98 5.58 5.24 5.72 5.48 6.21 5.90 5.81 5.65 5.64 6.44 5.71 5.73 5.91 5.94 6.37 6.76 6.86 7.05 7.37 6.58 7.59 8.81 -9999 -9999 -9999 -9999 -9999 -9999
-9999 -9999 -9999 -9999 -9999 -9999 -9999 -9999 10.71 9.13 7.76 6.11 5.14 6.18 15.75 11.53 6.15 9.59 6.12 8.02 7.74 5.42 4.69 9.28 7.21 7.25 6.51 5.97 6.31 6.37 5.84 6.41 6.62 6.30 5.90 5.49 5.48 5.06 4.62 5.95 7.10 9.33 7.77 8.39 7.57 4.73 6.43 7.66 5.63 5.55 5.83 5.27 5.22 5.49 5.51 6.31 5.86 5.71 5.82 5.68 6.11 5.99 5.83 5.91 5.99 6.23 6.76 7.64 6.96 6.52 6.56 7.38 8.64 -9999 -9999 -9999 -9999 -9999 -9999
-9999 -9999 -9999 -9999 -9999 -9999 -9999 -9999 -9999 8.86 6.81 6.30 7.27 14.31 16.54 11.90 8.89 8.44 8.46 8.99 8.97 8.50 6.05 5.78 9.06 6.78 6.33 6.49 6.16 6.15 6.04 6.03 6.33 6.00 5.64 5.65 5.49 5.19 5.27 6.07 7.77 8.39 6.72 6.96 8.00 6.38 4.75 7.61 5.68 5.50 5.78 5.17 5.22 5.26 5.77 6.36 5.96 5.81 5.83 5.50 6.39 6.06 5.99 6.08 6.15 6.48 6.59 6.69 6.48 6.44 6.61 7.62 8.75 -9999 -9999 -9999 -9999 -9999 -9999
-9999 -9999 -9999 -9999 -9999 -9999 -9999 -9999 -9999 7.86 6.81 8.24 10.29 12.33 14.98 9.64 6.53 7.96 9.44 9.47 10.08 8.82 6.52 4.85 9.16 8.46 7.03 7.05 6.11 5.98 6.06 6.63 6.40 6.11 5.84 5.41 5.14 5.34 6.73 6.67 5.75 8.95 7.02 7.40 8.46 7.95 6.49 5.93 5.33 4.46 5.41 5.80 5.13 5.17 5.31 5.89 5.80 6.05 5.94 5.75 6.10 6.68 6.52 6.54 6.42 6.47 6.47 6.41 6.37 6.66 7.25 8.18 -9999 -9999 -9999 -9999 -9999 -9999 -9999
-9999 -9999 -9999 -9999 -9999 -9999 -9999 -9999 -9999 7.17 7.54 8.93 9.48 13.39 12.22 8.86 8.30 6.79 7.89 9.78 8.90 10.58 8.07 5.10 8.44 9.25 8.97 7.06 6.41 5.77 6.25 6.96 6.70 6.10 5.63 5.25 5.40 6.37 6.76 5.72 5.67 7.89 7.62 7.37 7.26 6.53 6.41 6.84 4.47 4.92 5.18 4.98 5.23 5.02 5.80 5.45 5.75 6.02 6.05 6.24 7.64 7.26 6.91 6.67 6.60 6.51 6.43 6.40 6.49 7.15 8.02 -9999 -9999 -9999 -9999 -9999 -9999 -9999 -9999
-9999 -9999 -9999 -9999 -9999 -9999 -9999 -9999 8.19 13.20 8.90 10.26 11.90 9.05 15.13 12.55 10.38 8.94 11.12 9.25 9.50 8.22 5.98 6.43 9.63 9.05 8.97 7.02 6.09 5.53 6.60 6.78 6.40 6.07 5.48 5.28 6.21 6.19 6.03 6.60 7.13 6.01 9.02 8.28 6.30 6.67 5.96 5.30 5.03 4.37 4.49 4.71 5.36 5.04 4.81 6.00 5.67 5.90 6.16 6.49 7.63 7.21 6.91 6.83 6.59 6.51 6.33 6.32 6.90 7.76 -9999 -9999 -9999 -9999 -9999 -9999 -9999 9.18 -9999
-9999 -9999 -9999 -9999 -9999 -9999 8.37 8.27 10.87 9.84 8.73 9.52 10.42 7.10 7.91 9.39 10.78 10.05 11.44 10.16 9.70 5.52 6.58 6.72 5.81 6.76 6.71 7.20 6.39 5.86 6.64 6.91 6.70 6.06 5.88 6.45 6.04 6.54 6.03 6.94 7.27 7.17 6.62 5.97 6.90 6.50 5.92 5.59 5.31 5.02 4.25 4.88 4.72 4.29 4.63 5.21 5.46 5.77 5.85 6.43 7.51 7.08 6.66 6.72 6.49 6.37 6.26 6.49 7.22 -9999 -9999 -9999 -9999 -9999 8.68 8.52 8.35 8.06 8.29
-9999 -9999 -9999 -9999 -9999 8.56 8.53 8.66 9.14 9.05 8.99 8.52 6.91 5.39 6.69 8.44 9.54 13.79 8.52 6.61 5.91 3.98 8.47 9.85 9.83 7.96 7.14 7.31 6.93 6.56 6.85 7.27 6.81 6.45 6.27 6.60 6.82 5.94 5.94 7.14 7.18 6.80 6.40 6.30 6.39 5.67 5.81 4.91 4.72 5.01 4.60 4.25 3.94 4.16 4.92 4.96 5.15 5.44 5.75 6.27 7.58 7.18 6.62 6.48 6.33 6.26 6.21 6.46 7.05 -9999 -9999 -9999 -9999 -9999 7.87 7.50 7.41 7.24 7.36
-9999 -9999 -9999 -9999 8.97 9.60 9.15 9.22 -9999 -9999 -9999 -9999 6.60 9.42 8.33 9.07 10.61 8.47 6.54 8.18 7.44 6.53 13.09 12.00 10.33 10.63 8.46 6.94 7.09 7.08 6.82 6.94 6.88 6.54 6.76 6.33 7.09 6.10 5.99 6.41 6.70 6.72 6.47 5.68 5.65 5.56 5.30 4.68 4.39 4.18 4.08 4.06 4.22 4.62 4.72 4.85 5.43 5.96 6.16 6.34 7.12 7.01 6.86 6.34 6.23 6.16 6.09 6.19 6.69 7.56 -9999 -9999 -9999 -9999 7.24 6.90 6.79 6.84 6.98
-9999 -9999 -9999 -9999 9.93 11.09 9.11 9.43 -9999 -9999 -9999 -9999 6.59 8.57 9.84 6.69 9.85 8.89 7.98 9.60 10.78 8.95 12.10 8.04 8.95 9.02 7.99 6.94 6.95 7.11 6.99 7.15 7.49 6.75 7.03 6.69 6.60 6.80 6.06 6.24 5.65 6.07 6.68 6.87 6.74 5.55 4.93 4.56 4.32 4.48 4.01 4.28 4.78 5.04 5.63 5.31 6.68 6.82 7.00 6.52 6.93 6.89 6.73 6.21 6.19 6.13 6.02 6.03 6.16 6.74 7.28 -9999 -9999 7.46 7.14 6.95 7.04 6.79 6.69
-9999 -9999 -9999 -9999 -9999 -9999 -9999 -9999 -9999 -9999 -9999 -9999 7.23 10.05 8.48 5.78 7.64 6.83 11.01 10.10 7.41 10.17 10.20 9.09 9.36 8.08 7.12 6.28 7.11 7.03 7.26 7.11 6.80 6.60 6.43 6.24 6.32 6.55 6.05 5.85 5.79 5.80 5.68 6.31 6.43 5.02 5.67 6.12 5.12 4.85 4.46 4.08 5.03 5.84 6.49 6.28 6.07 6.56 7.18 6.86 7.16 6.92 6.76 6.13 6.15 6.13 6.07 5.99 5.88 6.05 6.43 6.95 7.13 6.83 6.83 6.42 6.97 6.95 6.99
-9999 -9999 -9999 -9999 -9999 -9999 -9999 -9999 -9999 -9999 -9999 -9999 -9999 10.15 4.58 4.66 7.72 10.94 9.89 10.67 10.32 7.79 8.64 9.44 7.04 6.88 5.99 5.92 6.30 6.72 6.91 7.01 6.79 6.31 6.04 6.25 6.18 6.38 6.08 5.68 6.92 6.34 5.56 5.56 5.54 5.49 5.25 5.84 5.84 5.30 5.94 4.96 5.07 5.69 5.40 5.67 5.95 6.14 7.16 7.17 6.98 6.60 6.70 6.13 6.14 6.11 6.03 6.00 6.00 6.03 6.04 6.28 6.41 6.33 6.24 6.37 7.04 6.98 6.79
-9999 -9999 -9999 -9999 -9999 -9999 -9999 -9999 -9999 -9999 -9999 -9999 -9999 7.34 9.98 10.61 9.57 8.75 8.07 9.48 7.75 7.68 6.88 6.51 7.97 6.35 5.78 6.79 6.35 6.34 6.53 6.19 6.17 6.40 6.23 7.04 6.92 6.48 5.94 5.47 6.67 7.15 6.20 5.51 5.30 5.45 5.42 5.43 5.56 5.91 7.35 6.47 5.37 5.19 5.40 6.08 6.94 7.15 6.96 7.37 7.01 6.58 6.31 6.11 6.14 6.10 6.11 6.08 6.07 6.09 6.12 6.18 6.22 6.31 6.27 6.24 6.84 6.88 7.28
-9999 -9999 -9999 -9999 -9999 -9999 -9999 -9999 -9999 -9999 -9999 -9999 8.69 8.46 6.90 12.17 8.25 6.75 8.23 8.21 7.29 9.21 7.14 6.85 8.38 5.81 9.62 6.94 5.46 5.72 6.89 5.98 5.76 7.66 7.58 7.15 6.30 6.37 6.07 5.63 6.18 6.49 6.11 5.57 5.45 5.35 5.33 5.67 5.58 6.32 6.29 5.91 5.53 5.32 5.77 6.48 7.30 7.39 6.84 6.95 6.76 6.52 6.33 6.15 6.12 6.15 6.16 6.14 6.08 6.11 6.14 6.08 6.11 6.49 6.49 6.33 6.57 6.89 6.58
-9999 -9999 -9999 -9999 -9999 -9999 -9999 -9999 -9999 -9999 -9999 -9999 7.83 8.71 12.09 7.21 4.04 5.26 5.69 7.43 9.62 9.51 7.55 7.18 7.03 5.53 6.10 6.67 7.30 7.07 6.05 6.14 6.06 6.43 7.06 6.38 6.11 6.44 6.18 6.20 6.49 6.26 6.28 5.94 5.62 5.44 5.18 5.30 5.54 6.16 6.43 5.97 5.15 5.38 6.31 7.37 7.09 7.52 7.39 6.87 6.40 6.90 6.32 6.36 6.19 6.21 6.12 6.11 6.09 6.05 6.05 6.04 6.06 6.65 6.52 6.21 6.36 6.83 6.73
-9999 -9999 -9999 -9999 -9999 -9999 -9999 -9999 -9999 -9999 -9999 -9999 8.51 10.07 5.29 5.74 4.38 5.16 5.98 10.07 9.14 9.88 7.57 6.70 5.27 4.36 5.21 7.73 9.03 9.81 6.55 7.52 6.34 6.52 6.79 5.85 5.82 6.08 6.31 6.38 5.90 5.99 6.88 6.27 5.56 5.40 6.02 5.16 5.61 5.89 5.80 5.38 5.09 5.54 6.13 6.68 6.86 6.80 6.27 6.22 6.57 6.77 6.01 5.92 6.14 6.16 6.11 6.03 5.93 5.97 5.97 5.99 6.04 6.28 6.19 6.28 6.23 6.59 6.61
-9999 -9999 -9999 -9999 -9999 -9999 -9999 -9999 -9999 -9999 -9999 -9999 -9999 6.16 6.85 7.59 8.42 8.90 7.82 8.64 7.58 5.33 4.96 4.46 5.09 5.24 5.01 6.37 7.08 9.34 7.70 6.72 6.06 7.08 7.12 5.72 6.25 5.71 5.94 7.27 5.91 5.81 5.84 5.93 5.31 5.15 6.19 5.88 5.57 5.94 5.61 5.34 5.52 6.06 5.92 6.05 5.87 6.35 5.88 6.66 6.73 6.12 5.88 6.21 6.16 5.93 5.87 5.82 5.84 5.88 5.89 5.92 5.94 6.01 6.04 6.18 6.13 6.18 6.41
-9999 -9999 -9999 -9999 -9999 -9999 -9999 -9999 -9999 -9999 -9999 -9999 -9999 6.82 7.49 7.92 8.88 10.42 9.74 7.54 5.76 4.58 5.59 6.93 8.16 9.45 7.39 6.24 7.13 8.04 7.51 6.06 7.77 7.10 7.16 6.16 6.75 6.05 5.81 6.09 6.77 6.48 6.08 5.76 5.34 5.17 6.02 5.96 5.74 5.77 5.96 6.01 6.12 6.35 5.84 5.76 6.58 6.65 6.67 6.50 6.68 6.03 6.15 6.49 5.84 5.67 5.65 5.66 5.76 5.79 5.78 5.84 5.87 5.92 5.89 5.80 5.65 5.63 5.91
-9999 -9999 -9999 -9999 -9999 -9999 -9999 -9999 -9999 -9999 -9999 -9999 7.09 5.72 6.66 8.46 8.89 8.02 7.70 6.19 6.83 9.85 7.90 8.09 8.04 6.84 6.31 7.02 7.81 6.83 6.21 6.77 7.91 7.75 7.24 6.03 6.90 5.86 5.81 6.80 6.21 6.41 6.45 5.99 5.75 5.48 6.20 6.15 5.61 5.75 5.72 5.60 6.09 5.79 6.50 6.17 6.61 6.11 6.41 6.55 5.94 5.73 6.29 6.24 5.60 5.53 5.74 5.62 5.74 5.78 5.85 5.85 5.80 5.77 5.63 5.84 6.00 6.02 5.57
-9999 -9999 -9999 -9999 -9999 -9999 -9999 -9999 -9999 -9999 -9999 -9999 8.28 6.81 6.41 6.49 7.55 9.79 9.11 7.98 6.91 7.48 8.74 9.59 9.32 6.78 8.41 9.17 6.64 8.26 5.65 6.38 7.79 9.00 6.49 6.61 5.87 5.48 5.66 6.24 8.04 6.86 6.76 6.38 6.09 5.98 6.23 6.01 5.60 5.66 5.59 5.45 5.38 6.26 6.59 6.57 6.94 6.23 5.97 5.95 5.56 5.73 6.11 5.96 5.65 5.89 5.77 5.99 5.76 5.80 5.96 6.00 5.76 5.61 5.42 5.37 5.93 6.01 6.05
-9999 -9999 -9999 -9999 -9999 -9999 -9999 -9999 -9999 -9999 -9999 -9999 7.19 6.59 4.63 5.37 7.05 9.76 8.11 8.09 6.58 8.42 8.16 7.10 7.37 8.09 8.29 7.29 6.48 6.96 8.74 6.30 6.39 6.46 6.35 7.34 6.46 5.51 5.66 6.24 6.59 6.38 6.98 6.67 6.29 6.31 5.93 5.47 5.70 5.79 5.79 5.30 5.71 6.65 6.69 6.10 6.19 6.68 5.94 5.98 5.21 5.80 5.94 5.51 5.52 5.67 5.33 5.51 5.54 5.69 5.80 5.75 5.60 5.46 5.26 5.44 5.14 5.47 5.69
-9999 -9999 -9999 -9999 -9999 -9999 -9999 -9999 -9999 -9999 -9999 6.93 7.61 8.87 6.56 4.77 7.28 7.97 8.96 8.74 5.61 6.37 5.80 6.79 7.86 7.00 7.24 8.67 7.67 7.23 6.91 6.14 5.62 5.81 6.46 6.52 6.33 6.08 5.72 5.73 6.34 6.49 6.05 6.35 6.09 6.46 5.87 5.59 5.56 5.24 5.06 5.19 6.03 6.12 6.25 5.78 6.28 6.25 5.85 5.23 5.73 5.75 5.77 5.96 5.76 5.47 5.40 5.34 5.51 5.68 5.66 5.58 5.37 5.16 5.16 5.40 5.37 5.48 5.72
-9999 -9999 -9999 -9999 -9999 -9999 -9999 -9999 -9999 -9999 7.52 7.57 8.15 6.57 4.80 6.59 8.77 8.81 7.15 8.29 5.74 6.86 5.84 5.54 10.07 7.38 8.32 7.22 7.29 6.33 6.16 6.25 6.91 6.18 7.46 6.43 6.68 5.76 5.58 5.74 6.07 6.24 6.02 6.12 6.30 6.29 5.27 5.51 5.33 5.36 5.40 5.57 6.01 5.61 6.18 5.80 5.92 5.33 5.20 5.88 6.11 5.82 5.92 5.85 5.30 5.59 5.64 5.70 5.78 5.66 5.48 5.27 5.28 5.18 5.63 5.82 5.99 6.08 5.71
-9999 -9999 -9999 -9999 -9999 -9999 -9999 -9999 8.53 7.44 6.68 5.75 5.47 5.45 5.16 7.06 7.75 8.22 8.95 7.44 5.61 3.41 5.80 5.83 9.12 7.91 7.65 7.85 6.77 6.37 5.67 6.39 7.60 7.09 7.10 5.65 5.83 5.80 5.79 6.21 6.04 6.29 5.82 5.88 5.95 5.41 5.17 5.25 5.66 5.47 6.06 6.44 6.12 5.80 5.49 5.30 5.79 6.05 5.78 5.87 5.29 5.92 6.00 5.53 5.05 5.16 5.84 5.86 5.95 5.44 5.25 5.05 5.16 5.82 6.17 6.09 6.68 6.60 6.50
-9999 -9999 -9999 -9999 8.61 8.05 7.12 9.18 9.07 9.01 8.81 6.78 5.87 5.20 8.10 6.59 7.74 7.24 6.61 4.11 3.04 2.09 4.10 5.10 10.50 9.65 7.93 6.62 7.05 6.61 7.65 5.93 7.21 7.36 7.03 6.28 5.66 5.56 6.22 5.80 5.40 6.41 5.68 5.45 5.04 5.24 5.55 5.71 5.08 5.77 5.60 5.84 6.42 6.25 5.98 5.78 6.14 6.07 5.76 5.43 5.94 5.33 5.23 5.13 5.00 5.58 5.85 5.93 5.50 5.07 5.09 5.25 5.99 6.18 6.02 6.65 6.21 6.52 6.86
-9999 -9999 -9999 9.21 7.58 7.99 7.49 7.05 8.35 7.94 7.91 6.00 4.88 7.11 7.22 7.21 4.58 7.53 4.28 2.32 5.68 3.85 2.57 8.75 8.34 7.20 4.47 5.12 6.05 8.30 6.33 6.00 6.08 6.13 7.27 6.78 6.60 5.84 5.99 5.49 5.31 6.01 5.48 4.85 4.86 5.26 5.68 5.38 6.60 5.52 5.46 5.75 6.21 5.77 5.67 5.40 5.50 5.78 5.61 5.94 5.45 5.07 5.16 5.36 5.08 5.35 5.40 5.00 4.85 4.80 4.95 5.25 5.67 6.39 6.50 6.64 6.48 6.46 6.63
-9999 -9999 8.54 8.29 6.42 6.23 6.39 7.05 6.89 7.33 6.45 6.52 9.15 6.95 5.73 7.62 2.93 4.05 3.58 5.61 5.19 6.13 5.39 6.29 5.59 3.28 7.02 7.63 5.75 6.30 5.92 5.76 6.25 5.80 6.04 7.13 7.25 5.66 5.45 5.45 5.61 5.14 4.42 4.40 6.37 5.28 5.12 5.45 6.04 5.75 5.50 5.88 6.20 6.13 6.40 5.92 5.30 5.16 5.13 5.66 5.32 4.98 5.58 5.49 5.15 5.23 5.07 4.85 4.98 5.03 5.16 5.51 5.74 6.48 6.18 6.16 6.43 6.20 6.39
7.82 8.75 6.95 6.96 7.52 6.88 6.56 8.11 7.45 7.51 7.25 8.93 8.24 6.72 7.02 5.77 3.19 2.42 4.76 5.16 4.28 4.89 6.74 5.13 3.04 6.39 7.98 6.96 7.54 6.00 6.17 5.72 6.13 7.40 6.07 7.68 6.41 5.56 5.32 5.43 6.13 4.20 4.31 7.00 5.44 5.22 5.16 5.54 6.29 5.50 5.59 5.86 5.67 6.00 5.93 5.49 5.12 5.23 4.97 5.25 5.42 5.33 5.02 4.81 4.78 4.80 5.09 6.01 5.53 6.09 5.72 5.17 6.22 6.39 6.63 6.49 6.37 6.46 6.30
7.01 8.88 11.10 10.37 9.89 7.64 8.48 9.73 8.90 8.62 9.94 8.62 7.85 8.79 5.70 2.92 2.30 2.08 4.12 4.23 3.93 3.75 4.09 3.74 5.32 11.90 9.45 7.46 6.00 6.45 6.16 7.30 6.28 6.54 5.84 6.10 6.10 5.85 5.33 5.05 4.65 3.94 6.31 6.91 6.44 5.52 5.26 7.05 6.13 5.59 5.76 5.55 6.07 5.97 5.68 5.00 5.57 5.21 4.80 6.00 5.77 4.88 4.76 4.74 4.70 5.13 5.85 6.11 5.92 6.23 5.73 5.49 6.22 6.59 6.40 6.63 6.53 6.66 6.63
7.32 8.37 8.84 8.46 7.61 9.00 8.34 9.71 7.55 8.37 9.96 9.15 7.38 7.30 3.83 2.33 3.97 4.46 3.68 2.67 4.10 2.22 2.05 2.50 6.75 10.13 11.02 6.35 6.83 7.08 7.30 6.66 5.67 6.44 6.03 6.28 5.90 5.84 4.75 4.23 4.71 4.58 6.54 6.63 6.22 5.29 5.86 7.02 6.58 6.19 5.83 6.00 5.89 5.48 5.12 5.00 5.26 5.51 5.25 5.16 5.02 4.77 5.58 6.05 5.08 5.34 5.99 6.25 5.85 6.09 5.93 5.85 6.04 6.28 6.62 6.53 6.53 6.32 6.51
7.19 7.90 7.81 8.19 7.77 8.03 9.17 8.40 8.80 7.67 7.37 6.91 6.12 5.13 5.63 4.12 6.43 10.52 4.37 4.33 4.67 7.87 7.67 2.46 3.16 11.34 9.06 7.74 8.13 8.90 7.39 5.71 5.02 6.64 7.06 6.34 5.72 5.12 4.28 3.87 4.79 6.73 7.19 6.47 6.06 5.71 5.63 5.73 6.43 5.91 5.77 5.58 5.24 4.90 4.75 5.32 5.17 5.02 4.97 4.42 4.64 5.34 5.40 5.95 5.53 5.60 5.70 5.86 6.14 6.14 5.97 5.89 6.05 6.17 6.25 6.59 6.54 6.14 6.33
6.86 7.70 7.14 7.63 7.88 8.22 7.82 7.92 8.42 7.65 8.37 7.12 8.23 5.29 6.66 7.85 7.78 8.45 8.62 6.52 7.93 9.50 5.94 7.40 6.79 4.07 8.23 8.70 6.47 6.84 5.43 6.37 6.19 8.43 7.94 6.25 5.53 4.67 4.08 4.74 7.02 6.29 7.58 6.53 6.23 6.66 5.91 6.70 5.67 5.74 5.38 5.14 4.91 4.98 4.85 4.75 4.45 4.23 3.95 4.27 5.33 6.16 5.90 5.51 5.95 5.53 6.13 5.61 5.54 5.56 5.56 5.71 5.89 6.24 6.05 6.43 6.38 6.20 6.52
6.85 6.66 7.77 8.87 10.45 9.84 8.90 8.37 7.78 7.89 9.65 7.42 8.00 5.51 6.71 6.98 6.26 5.17 6.44 5.58 7.72 8.21 9.55 7.93 8.70 7.96 11.18 7.43 6.67 6.23 6.58 6.01 7.99 7.97 8.21 5.74 5.05 4.37 6.72 7.18 7.20 7.67 6.41 6.69 6.77 6.49 5.62 5.56 5.55 5.30 5.08 5.04 4.91 5.19 5.01 4.84 4.09 3.42 3.56 4.63 6.31 5.49 5.95 6.04 5.66 5.45 5.49 5.31 5.39 5.54 5.21 5.61 5.77 5.88 6.10 6.27 5.94 5.81 6.62
7.12 6.87 7.17 8.69 9.25 9.99 9.44 8.93 8.46 8.09 8.39 9.87 6.97 9.41 8.64 8.52 8.93 7.18 5.00 5.09 6.88 6.62 8.28 8.10 6.97 9.85 9.98 6.41 6.96 5.24 5.67 7.12 7.99 7.75 7.04 5.40 4.56 5.60 5.41 6.94 7.02 6.61 6.77 6.47 6.07 5.81 5.09 4.86 4.88 4.90 5.99 5.11 5.60 5.02 4.53 3.50 2.90 2.98 3.95 5.64 6.07 6.06 6.20 5.97 5.57 5.57 5.86 6.14 5.13 5.58 6.07 5.61 5.51 5.90 5.50 5.84 6.53 6.18 6.03
7.59 8.00 8.77 9.94 -9999 -9999 -9999 -9999 9.32 9.04 9.58 7.77 6.73 7.60 7.74 7.31 6.34 3.48 9.57 9.82 6.69 6.15 6.72 8.09 8.79 9.91 7.83 6.71 5.77 5.02 8.10 7.48 8.74 6.59 6.05 5.34 4.92 6.46 5.69 7.14 7.07 6.39 6.34 5.98 5.56 5.06 4.74 4.64 4.75 4.87 5.78 5.34 5.64 5.49 4.53 3.44 2.78 3.79 4.03 5.50 6.40 6.53 5.55 5.43 5.28 5.97 6.21 5.99 5.07 5.52 6.01 5.87 5.58 6.14 5.92 5.96 6.29 6.38 6.14
