ML/MeanWindSpeed_1994-05_Actual.txt
ncols         180
nrows         290
xllcorner     -200000
yllcorner     -200000
cellsize      5000
NODATA_value  -9999
[rows 105 to 139 of 290, columns 78 to 155 of 180]
8.18 10.62 7.75 6.39 8.77 12.17 11.79 10.63 10.03 11.38 14.90 10.66 12.21 8.24 10.14 13.56 10.23 8.09 8.14 9.09 7.90 7.09 7.17 7.23 6.67 8.39 8.81 9.33 11.22 10.61 10.62 10.63 -9999 -9999 -9999 -9999 -9999 -9999 -9999 -9999 -9999 -9999 -9999 -9999 -9999 -9999 -9999 -9999 -9999 -9999 -9999 -9999 -9999 -9999 -9999 -9999 -9999 -9999 -9999 -9999 -9999 -9999 -9999 -9999 -9999 -9999 -9999 -9999 -9999 -9999 -9999 -9999 -9999 -9999 -9999 -9999 -9999 -9999
10.15 8.72 9.62 13.44 12.45 14.05 9.11 12.97 8.02 14.33 9.14 16.20 9.71 12.02 17.22 11.87 9.26 10.95 9.91 7.14 6.35 5.28 5.05 6.37 6.38 7.08 8.79 9.53 9.65 9.74 8.82 9.94 10.97 -9999 -9999 -9999 -9999 -9999 -9999 -9999 -9999 -9999 -9999 -9999 -9999 -9999 -9999 -9999 -9999 -9999 -9999 -9999 -9999 -9999 -9999 -9999 -9999 -9999 -9999 -9999 -9999 -9999 -9999 -9999 -9999 -9999 -9999 -9999 -9999 -9999 -9999 -9999 -9999 -9999 -9999 -9999 -9999 -9999
10.97 6.98 12.08 9.72 6.67 10.86 14.33 14.08 7.96 14.51 13.25 13.94 11.11 14.35 12.36 13.30 14.97 11.16 9.16 7.02 5.96 6.38 7.81 8.54 10.13 10.07 9.01 8.63 8.65 10.71 9.68 11.34 11.55 12.75 -9999 -9999 -9999 -9999 -9999 -9999 -9999 -9999 -9999 -9999 -9999 -9999 -9999 -9999 -9999 -9999 -9999 -9999 -9999 -9999 -9999 -9999 -9999 -9999 -9999 -9999 -9999 -9999 -9999 -9999 -9999 -9999 -9999 -9999 -9999 -9999 -9999 -9999 -9999 -9999 -9999 -9999 -9999 -9999
8.87 11.50 12.07 9.79 6.93 12.56 14.22 16.78 9.25 14.51 12.35 12.72 12.00 12.76 9.59 10.55 10.85 9.68 7.05 7.62 9.14 11.87 11.26 10.55 9.51 9.47 11.00 8.55 10.10 11.30 11.82 12.02 12.20 12.81 13.15 -9999 -9999 -9999 -9999 -9999 -9999 -9999 -9999 -9999 -9999 -9999 -9999 -9999 -9999 -9999 -9999 -9999 -9999 -9999 -9999 -9999 -9999 -9999 -9999 -9999 -9999 -9999 -9999 -9999 -9999 -9999 -9999 -9999 -9999 -9999 -9999 -9999 -9999 -9999 -9999 -9999 -9999 -9999
12.20 14.01 8.85 7.00 10.36 15.59 12.81 8.02 9.90 20.36 11.13 10.73 12.00 11.86 9.71 8.81 7.76 7.98 10.28 14.04 13.16 11.42 10.57 8.97 8.90 9.57 10.98 9.90 11.07 11.20 11.30 12.08 12.36 12.61 -9999 -9999 -9999 -9999 -9999 -9999 -9999 -9999 -9999 -9999 -9999 -9999 -9999 -9999 -9999 -9999 -9999 -9999 -9999 -9999 -9999 -9999 -9999 -9999 -9999 -9999 -9999 -9999 -9999 -9999 -9999 -9999 -9999 -9999 -9999 -9999 -9999 -9999 -9999 -9999 -9999 -9999 -9999 -9999
10.75 10.23 9.83 13.51 8.47 13.95 15.39 14.95 11.36 10.46 17.59 11.78 9.74 8.30 7.50 6.91 6.85 6.93 10.11 8.86 8.46 8.10 9.63 11.22 10.27 10.65 10.43 10.62 12.19 12.44 -9999 -9999 -9999 -9999 -9999 -9999 -9999 -9999 -9999 -9999 -9999 -9999 -9999 -9999 -9999 -9999 -9999 -9999 -9999 -9999 -9999 -9999 -9999 -9999 -9999 -9999 -9999 -9999 -9999 -9999 -9999 -9999 -9999 -9999 -9999 -9999 -9999 -9999 -9999 -9999 -9999 -9999 -9999 -9999 -9999 -9999 -9999 -9999
10.52 8.24 13.28 12.87 15.05 16.65 9.88 15.36 15.33 10.29 12.83 12.85 9.67 8.91 9.23 9.92 10.96 8.23 8.38 9.03 9.65 9.98 10.54 11.53 11.03 11.44 12.43 12.27 -9999 -9999 -9999 -9999 -9999 -9999 -9999 -9999 -9999 -9999 -9999 -9999 -9999 -9999 -9999 -9999 -9999 -9999 -9999 -9999 -9999 -9999 -9999 -9999 -9999 -9999 -9999 -9999 -9999 -9999 -9999 -9999 -9999 -9999 -9999 -9999 -9999 -9999 -9999 -9999 -9999 -9999 -9999 -9999 -9999 -9999 -9999 -9999 -9999 -9999
9.47 13.42 10.48 13.75 16.10 14.68 12.89 16.21 16.15 10.76 10.42 8.86 8.65 9.24 9.74 12.03 12.91 10.43 9.34 8.76 8.99 10.16 10.25 11.18 11.81 13.36 14.39 13.31 -9999 -9999 -9999 -9999 -9999 -9999 -9999 -9999 -9999 -9999 -9999 -9999 -9999 -9999 -9999 -9999 -9999 -9999 -9999 -9999 -9999 -9999 -9999 -9999 -9999 -9999 -9999 -9999 -9999 -9999 -9999 -9999 -9999 -9999 -9999 -9999 -9999 -9999 -9999 -9999 -9999 -9999 -9999 -9999 -9999 -9999 -9999 -9999 -9999 -9999
10.86 13.53 11.19 14.54 14.41 15.78 11.62 11.17 12.63 11.58 11.27 11.09 8.97 15.58 15.64 14.48 14.01 10.55 8.00 8.05 8.39 9.03 9.56 10.38 11.50 11.37 -9999 -9999 -9999 -9999 -9999 11.93 10.84 10.84 10.47 -9999 -9999 -9999 -9999 -9999 -9999 -9999 -9999 -9999 -9999 -9999 -9999 -9999 -9999 -9999 -9999 -9999 -9999 -9999 -9999 -9999 -9999 -9999 -9999 -9999 -9999 -9999 -9999 -9999 -9999 -9999 -9999 -9999 -9999 -9999 -9999 -9999 -9999 -9999 -9999 -9999 -9999 -9999
11.36 15.27 11.65 10.34 18.36 11.62 10.93 10.43 10.23 10.95 12.18 14.43 11.83 12.07 11.07 11.13 10.28 9.75 9.30 9.51 9.65 9.49 10.23 10.91 10.82 10.70 11.27 12.17 -9999 -9999 10.67 9.80 9.15 8.06 8.30 9.15 10.15 -9999 -9999 -9999 -9999 -9999 -9999 -9999 -9999 -9999 -9999 -9999 -9999 -9999 -9999 -9999 -9999 -9999 -9999 -9999 -9999 -9999 -9999 -9999 -9999 -9999 -9999 -9999 -9999 -9999 -9999 -9999 -9999 -9999 -9999 -9999 -9999 -9999 -9999 -9999 -9999 -9999
13.21 12.15 12.78 14.34 15.85 11.53 11.55 12.64 12.41 11.98 10.32 10.56 11.34 11.26 11.27 10.85 10.27 10.04 10.17 9.90 9.35 10.54 11.12 9.60 8.87 9.14 9.73 11.25 10.49 10.26 10.04 8.66 7.09 7.39 9.27 9.83 11.62 9.46 -9999 -9999 -9999 -9999 -9999 -9999 -9999 -9999 -9999 -9999 -9999 -9999 -9999 -9999 -9999 -9999 -9999 -9999 -9999 -9999 -9999 -9999 -9999 -9999 -9999 -9999 -9999 -9999 -9999 -9999 -9999 -9999 -9999 -9999 -9999 -9999 -9999 -9999 -9999 -9999
11.79 14.97 14.00 12.55 12.33 -9999 13.19 14.32 11.86 10.80 9.87 10.05 9.94 10.22 10.69 10.36 10.14 11.17 10.92 10.83 10.07 9.61 9.69 8.75 8.97 9.51 10.79 9.87 8.86 9.99 8.86 8.33 7.49 8.49 10.09 10.47 11.45 10.43 11.71 12.89 10.84 -9999 -9999 -9999 -9999 -9999 -9999 -9999 -9999 -9999 -9999 -9999 -9999 -9999 -9999 -9999 -9999 -9999 -9999 -9999 -9999 -9999 -9999 -9999 -9999 -9999 -9999 -9999 -9999 -9999 -9999 -9999 -9999 -9999 -9999 -9999 -9999 -9999
12.66 -9999 13.30 14.46 12.54 -9999 14.52 16.94 12.93 11.63 9.85 9.80 9.39 9.45 8.86 8.80 9.13 10.12 11.71 11.45 11.35 10.30 10.18 10.56 11.35 12.90 11.64 9.31 7.92 8.97 9.05 8.98 12.25 12.74 11.17 11.35 10.54 10.38 10.69 9.48 10.56 -9999 -9999 -9999 -9999 -9999 -9999 -9999 -9999 -9999 -9999 -9999 -9999 -9999 -9999 -9999 -9999 -9999 -9999 -9999 -9999 -9999 -9999 -9999 -9999 -9999 -9999 -9999 -9999 -9999 -9999 -9999 -9999 -9999 -9999 -9999 -9999 -9999
12.12 -9999 -9999 14.39 13.02 12.67 14.60 15.84 11.45 11.15 12.03 10.51 9.87 9.51 11.29 9.42 8.37 9.32 10.16 11.22 11.63 12.45 11.15 12.74 13.41 12.09 11.22 10.48 9.25 9.70 10.72 11.25 11.09 13.12 12.08 11.59 11.33 8.96 8.95 9.69 10.66 11.39 -9999 -9999 -9999 -9999 -9999 -9999 -9999 -9999 -9999 -9999 -9999 -9999 -9999 -9999 -9999 -9999 -9999 -9999 -9999 -9999 -9999 -9999 -9999 -9999 -9999 -9999 -9999 -9999 -9999 -9999 -9999 -9999 -9999 -9999 -9999 -9999
-9999 -9999 -9999 -9999 13.56 12.47 15.42 13.47 10.84 10.97 11.77 12.46 11.17 10.28 11.07 11.07 9.64 8.38 10.31 12.16 11.39 11.24 11.60 13.11 12.51 11.55 11.77 11.11 12.70 12.06 10.93 10.76 10.12 12.20 11.87 10.98 11.31 9.50 8.90 8.76 8.66 9.31 -9999 -9999 -9999 -9999 -9999 -9999 -9999 -9999 -9999 -9999 -9999 -9999 -9999 -9999 -9999 -9999 -9999 -9999 -9999 -9999 -9999 -9999 -9999 -9999 -9999 -9999 -9999 -9999 -9999 -9999 -9999 -9999 -9999 -9999 -9999 -9999
13.88 14.49 -9999 -9999 -9999 13.33 14.46 12.70 11.11 10.62 11.28 12.41 12.45 12.48 12.57 11.23 10.35 9.75 8.36 11.61 10.94 10.79 11.24 11.03 11.04 12.60 11.21 13.31 15.59 14.13 12.27 12.27 10.33 11.30 10.99 10.90 11.06 9.33 8.46 8.21 8.23 8.97 9.51 -9999 -9999 -9999 -9999 -9999 -9999 -9999 -9999 -9999 -9999 -9999 -9999 -9999 -9999 -9999 -9999 -9999 -9999 -9999 -9999 -9999 -9999 -9999 -9999 -9999 -9999 -9999 -9999 -9999 -9999 -9999 -9999 -9999 -9999 -9999
14.89 15.83 12.56 -9999 -9999 -9999 13.64 12.64 10.70 10.15 10.45 10.86 11.92 11.70 11.29 10.26 9.92 10.07 10.56 10.11 10.32 10.35 11.68 11.32 13.16 9.75 10.64 10.59 11.27 14.15 13.73 11.85 10.94 10.05 9.80 9.88 9.96 8.48 8.00 7.58 8.12 8.55 8.26 8.61 -9999 -9999 -9999 -9999 -9999 -9999 -9999 -9999 -9999 -9999 -9999 -9999 -9999 -9999 -9999 -9999 -9999 -9999 -9999 -9999 -9999 -9999 -9999 -9999 -9999 -9999 -9999 -9999 -9999 -9999 -9999 -9999 -9999 -9999
14.63 14.92 11.62 -9999 -9999 -9999 -9999 -9999 11.52 10.32 9.36 9.43 9.87 9.99 10.89 12.71 12.18 10.88 10.44 10.13 11.18 10.53 10.37 10.08 11.88 8.88 10.24 11.56 11.03 9.14 10.24 9.51 10.25 8.99 9.84 9.33 8.21 7.68 7.25 7.06 6.74 8.44 8.26 7.63 7.80 -9999 -9999 -9999 -9999 -9999 -9999 -9999 -9999 -9999 -9999 -9999 -9999 -9999 -9999 -9999 -9999 -9999 -9999 -9999 -9999 -9999 -9999 -9999 -9999 -9999 -9999 -9999 -9999 -9999 -9999 -9999 -9999 -9999
12.78 17.71 13.29 -9999 -9999 -9999 -9999 -9999 12.05 11.04 10.70 9.69 11.08 12.67 11.91 12.87 13.08 12.37 10.78 11.68 10.98 10.19 11.39 12.11 8.93 15.17 10.76 13.34 11.00 12.75 12.12 8.77 10.38 9.10 8.50 8.01 8.15 8.82 8.72 7.33 7.27 6.14 7.66 8.54 7.00 8.56 9.72 -9999 -9999 -9999 -9999 -9999 -9999 -9999 -9999 -9999 -9999 -9999 -9999 -9999 -9999 -9999 -9999 -9999 -9999 -9999 -9999 -9999 -9999 -9999 -9999 -9999 -9999 -9999 -9999 -9999 -9999 -9999
15.52 17.38 16.40 -9999 -9999 -9999 -9999 -9999 11.79 10.32 9.89 9.33 10.05 11.52 10.29 11.06 11.30 12.58 11.48 11.19 10.74 12.46 14.91 12.91 11.20 16.12 14.44 11.02 11.54 10.20 8.69 9.65 10.08 8.90 9.03 8.85 7.44 7.58 7.45 8.30 10.14 8.11 7.48 7.96 7.74 7.35 8.64 -9999 -9999 -9999 -9999 -9999 -9999 -9999 -9999 -9999 -9999 -9999 -9999 -9999 -9999 -9999 -9999 -9999 -9999 -9999 -9999 -9999 -9999 -9999 -9999 -9999 -9999 -9999 -9999 -9999 -9999 -9999
13.89 15.26 15.95 -9999 -9999 -9999 -9999 -9999 11.03 9.81 9.19 9.07 9.41 10.22 10.91 13.45 14.85 12.85 12.84 10.33 10.71 10.82 12.93 9.83 13.63 12.72 11.25 12.19 12.66 9.13 10.82 9.26 9.77 9.32 7.57 8.37 8.53 8.18 7.52 11.91 11.70 10.41 7.19 7.71 7.86 7.23 8.59 -9999 -9999 -9999 -9999 -9999 -9999 -9999 -9999 -9999 -9999 -9999 -9999 -9999 -9999 -9999 -9999 -9999 -9999 -9999 -9999 -9999 -9999 -9999 -9999 -9999 -9999 -9999 -9999 -9999 -9999 -9999
-9999 -9999 -9999 -9999 -9999 -9999 -9999 12.93 10.77 9.99 9.10 9.46 9.95 9.58 10.69 11.18 13.48 12.23 11.81 13.41 11.78 13.02 13.62 13.40 15.16 14.37 10.36 11.08 11.78 11.05 10.04 10.18 8.18 8.77 9.11 7.25 8.20 8.00 10.55 11.50 13.39 11.10 7.14 6.86 6.51 7.12 8.53 -9999 -9999 -9999 -9999 -9999 -9999 -9999 -9999 -9999 -9999 -9999 -9999 -9999 -9999 -9999 -9999 -9999 -9999 -9999 -9999 -9999 -9999 -9999 -9999 -9999 -9999 -9999 -9999 -9999 -9999 -9999
-9999 -9999 -9999 -9999 -9999 -9999 -9999 13.42 8.94 9.04 10.44 11.61 11.01 9.66 9.78 10.53 9.45 10.50 13.56 14.12 12.16 11.41 10.52 9.53 14.67 10.25 10.59 10.18 10.42 10.09 9.00 7.47 9.40 8.82 8.43 7.57 8.07 9.98 11.42 11.08 12.23 11.26 7.48 6.12 6.57 8.12 7.91 -9999 -9999 -9999 -9999 -9999 -9999 -9999 -9999 -9999 -9999 -9999 -9999 -9999 -9999 -9999 -9999 -9999 -9999 -9999 -9999 -9999 -9999 -9999 -9999 -9999 -9999 -9999 -9999 -9999 -9999 -9999
-9999 -9999 -9999 -9999 -9999 -9999 12.28 11.14 7.72 9.20 10.83 10.08 12.16 13.50 12.52 14.31 12.80 11.25 10.47 11.24 12.90 11.61 10.61 8.35 10.62 13.54 10.61 12.07 9.63 9.62 7.54 7.87 9.31 8.49 8.58 9.31 10.73 12.28 11.91 10.80 9.81 8.77 7.17 8.67 9.30 8.19 8.19 -9999 -9999 -9999 -9999 -9999 -9999 -9999 -9999 -9999 -9999 -9999 -9999 -9999 -9999 -9999 -9999 -9999 -9999 -9999 -9999 -9999 -9999 -9999 -9999 -9999 -9999 -9999 -9999 -9999 -9999 -9999
-9999 -9999 -9999 -9999 -9999 -9999 10.97 8.27 10.50 9.24 11.32 10.24 12.77 12.95 15.00 14.15 13.80 12.60 11.77 10.22 16.14 14.90 10.84 8.06 11.12 12.79 10.13 10.20 11.33 8.67 9.97 11.00 9.75 10.76 10.96 13.41 9.75 9.68 10.49 10.91 10.73 8.09 6.43 7.59 7.70 7.30 7.79 9.22 -9999 -9999 -9999 -9999 -9999 -9999 -9999 -9999 -9999 -9999 -9999 -9999 -9999 -9999 -9999 -9999 -9999 -9999 -9999 -9999 -9999 -9999 -9999 -9999 -9999 -9999 -9999 -9999 -9999 -9999
-9999 -9999 -9999 -9999 -9999 10.67 11.96 11.45 10.65 11.35 11.51 10.66 10.17 14.16 13.99 14.81 13.79 13.20 10.37 8.48 11.48 12.56 11.53 8.63 8.65 10.32 9.98 9.62 10.07 12.49 9.24 9.16 9.44 8.54 12.88 11.46 12.97 11.84 9.19 9.56 9.70 9.65 10.01 7.65 7.18 6.85 7.41 8.60 -9999 -9999 -9999 -9999 -9999 -9999 -9999 -9999 -9999 -9999 -9999 -9999 -9999 -9999 -9999 -9999 -9999 -9999 -9999 -9999 -9999 -9999 -9999 -9999 -9999 -9999 -9999 -9999 -9999 -9999
-9999 -9999 -9999 -9999 -9999 11.67 11.27 10.49 13.75 13.08 11.29 10.97 13.82 11.30 12.58 14.15 12.48 11.99 8.83 7.70 10.38 11.51 12.38 8.06 8.49 8.80 9.05 7.89 11.38 8.51 11.74 10.42 8.50 13.02 8.88 10.50 11.41 10.58 11.06 8.70 8.31 9.92 9.47 7.99 8.12 7.40 7.23 8.55 -9999 -9999 -9999 -9999 -9999 -9999 -9999 -9999 -9999 -9999 -9999 -9999 -9999 -9999 -9999 -9999 -9999 -9999 -9999 -9999 -9999 -9999 -9999 -9999 -9999 -9999 -9999 -9999 -9999 -9999
-9999 -9999 -9999 -9999 11.81 9.99 9.65 12.17 11.27 11.62 16.29 12.94 12.93 10.89 12.39 12.80 11.34 11.90 10.67 9.08 11.05 11.04 8.76 7.31 8.05 9.68 9.48 11.50 9.84 8.74 12.08 9.16 9.47 13.03 9.64 9.07 8.55 9.74 10.74 10.05 10.12 9.98 8.39 7.75 7.45 6.82 6.94 8.22 -9999 -9999 -9999 -9999 -9999 -9999 -9999 -9999 -9999 -9999 -9999 -9999 -9999 -9999 -9999 -9999 -9999 -9999 -9999 -9999 -9999 -9999 -9999 -9999 -9999 -9999 -9999 -9999 -9999 -9999
-9999 -9999 -9999 10.79 10.69 11.03 9.35 10.33 11.22 10.90 12.75 11.93 16.21 10.39 10.36 11.52 11.71 11.46 11.30 9.77 8.79 8.31 10.04 7.61 7.33 9.16 9.58 9.55 9.54 8.48 10.14 7.75 8.98 12.37 11.29 11.41 10.50 9.86 9.06 8.87 10.49 9.47 8.48 7.96 7.57 7.38 6.72 7.60 9.08 -9999 -9999 -9999 -9999 -9999 -9999 -9999 -9999 -9999 -9999 -9999 -9999 -9999 -9999 -9999 -9999 -9999 -9999 -9999 -9999 -9999 -9999 -9999 -9999 -9999 -9999 -9999 -9999 -9999
-9999 -9999 -9999 12.15 13.73 11.18 10.62 10.16 9.95 9.69 16.88 14.23 12.19 11.73 10.08 10.60 11.44 10.88 13.73 9.62 8.09 7.82 7.91 9.73 7.75 9.72 9.31 9.85 9.16 8.76 8.62 9.52 8.29 10.57 10.90 10.12 10.84 9.61 8.86 8.52 9.52 8.72 9.20 8.22 7.15 6.35 6.88 7.58 8.72 -9999 -9999 -9999 -9999 -9999 -9999 -9999 -9999 -9999 -9999 -9999 -9999 -9999 -9999 -9999 -9999 -9999 -9999 -9999 -9999 -9999 -9999 -9999 -9999 -9999 -9999 -9999 -9999 -9999
-9999 12.36 11.43 12.79 11.63 10.92 11.49 10.20 10.24 9.49 13.90 13.09 12.94 11.82 11.25 9.96 11.80 12.04 10.97 10.23 9.16 7.36 7.85 8.75 8.40 8.53 8.97 9.27 8.52 7.96 8.72 8.24 8.16 11.13 10.34 9.88 9.76 10.94 9.66 8.84 7.52 8.22 8.36 7.71 7.07 6.45 6.70 7.21 8.43 -9999 -9999 -9999 -9999 -9999 -9999 -9999 -9999 -9999 -9999 -9999 -9999 -9999 -9999 -9999 -9999 -9999 -9999 -9999 -9999 -9999 -9999 -9999 -9999 -9999 -9999 -9999 -9999 -9999
-9999 12.73 11.12 9.82 12.19 10.89 11.64 10.23 9.63 9.32 10.25 11.34 14.43 12.38 11.59 10.28 10.30 10.39 10.11 9.83 9.73 8.23 9.20 8.45 8.50 8.22 8.14 7.94 7.71 7.35 7.57 8.35 7.96 7.37 8.33 8.86 8.80 9.23 8.91 6.48 7.33 9.17 8.37 7.07 6.89 6.44 6.73 6.37 7.27 8.60 -9999 -9999 -9999 -9999 -9999 -9999 -9999 -9999 -9999 -9999 -9999 -9999 -9999 -9999 -9999 -9999 -9999 -9999 -9999 -9999 -9999 -9999 -9999 -9999 -9999 -9999 -9999 -9999
-9999 12.72 11.14 8.99 11.52 10.03 10.65 9.82 9.36 9.72 9.59 12.56 12.70 12.13 13.22 11.03 10.30 10.23 9.55 10.72 13.20 10.12 -9999 -9999 -9999 8.32 7.91 -9999 7.16 7.18 7.42 7.24 6.90 7.49 8.55 7.91 8.03 9.03 8.31 8.81 8.31 6.67 5.90 5.92 6.02 6.15 4.74 5.52 6.08 7.74 -9999 -9999 -9999 -9999 -9999 -9999 -9999 -9999 -9999 -9999 -9999 -9999 -9999 -9999 -9999 -9999 -9999 -9999 -9999 -9999 -9999 -9999 -9999 -9999 -9999 -9999 -9999 -9999
-9999 11.85 12.73 9.90 10.16 10.62 11.24 10.62 9.79 9.45 9.54 11.02 15.80 13.09 13.30 11.11 10.66 11.98 10.10 10.88 11.40 11.13 -9999 -9999 -9999 8.34 7.45 7.24 7.15 6.79 6.73 6.43 7.70 9.58 9.74 8.23 10.67 8.27 7.83 9.53 7.35 7.70 7.58 7.25 5.28 5.79 6.65 5.59 5.14 6.78 -9999 -9999 -9999 -9999 -9999 -9999 -9999 -9999 -9999 -9999 -9999 -9999 -9999 -9999 -9999 -9999 -9999 -9999 -9999 -9999 -9999 -9999 -9999 -9999 -9999 -9999 -9999 -9999
-9999 -9999 12.38 11.96 10.72 -9999 12.02 11.82 10.64 9.93 9.82 -9999 13.28 12.25 12.97 11.16 11.85 12.65 11.85 12.16 -9999 -9999 -9999 -9999 9.37 7.60 6.75 6.46 6.94 7.16 6.69 6.76 7.39 10.54 13.20 7.94 11.71 8.75 9.91 10.80 8.56 9.25 7.48 5.97 6.69 6.40 5.33 3.89 4.51 6.74 8.14 -9999 -9999 -9999 -9999 -9999 -9999 -9999 -9999 -9999 -9999 -9999 -9999 -9999 -9999 -9999 -9999 -9999 -9999 -9999 -9999 -9999 -9999 -9999 -9999 -9999 -9999 -9999
