ML/MeanWindSpeed_1994-12_Actual.txt
ncols         180
nrows         290
xllcorner     -200000
yllcorner     -200000
cellsize      5000
NODATA_value  -9999
[rows 102 to 135 of 290, columns 77 to 153 of 180]
-9999 18.16 18.90 20.45 6.04 24.84 17.04 15.62 11.38 27.94 15.04 27.23 14.20 13.22 24.85 11.23 4.66 18.14 26.50 26.16 13.58 13.99 15.61 13.80 10.21 8.83 8.49 8.51 14.75 11.86 11.70 11.22 11.72 12.07 12.04 13.03 -9999 -9999 -9999 -9999 -9999 -9999 -9999 -9999 -9999 -9999 -9999 -9999 -9999 -9999 -9999 -9999 -9999 -9999 -9999 -9999 -9999 -9999 -9999 -9999 -9999 -9999 -9999 -9999 -9999 -9999 -9999 -9999 -9999 -9999 -9999 -9999 -9999 -9999 -9999 -9999 -9999
15.19 12.94 8.29 7.89 15.70 26.41 7.27 12.09 26.62 17.17 16.67 23.68 24.62 18.98 6.00 17.15 18.50 24.96 19.97 14.86 21.15 22.43 15.84 12.02 8.99 8.79 10.85 16.45 12.38 10.30 10.99 9.94 9.94 10.82 -9999 -9999 -9999 -9999 -9999 -9999 -9999 -9999 -9999 -9999 -9999 -9999 -9999 -9999 -9999 -9999 -9999 -9999 -9999 -9999 -9999 -9999 -9999 -9999 -9999 -9999 -9999 -9999 -9999 -9999 -9999 -9999 -9999 -9999 -9999 -9999 -9999 -9999 -9999 -9999 -9999 -9999 -9999
14.27 14.74 15.98 11.92 16.80 7.09 5.56 11.51 18.05 14.02 9.36 9.19 12.31 15.91 22.19 12.93 18.04 15.14 18.63 21.40 17.01 16.05 12.82 10.74 9.41 9.14 12.78 12.05 8.97 8.65 8.74 10.41 10.37 -9999 -9999 -9999 -9999 -9999 -9999 -9999 -9999 -9999 -9999 -9999 -9999 -9999 -9999 -9999 -9999 -9999 -9999 -9999 -9999 -9999 -9999 -9999 -9999 -9999 -9999 -9999 -9999 -9999 -9999 -9999 -9999 -9999 -9999 -9999 -9999 -9999 -9999 -9999 -9999 -9999 -9999 -9999 -9999
18.04 14.79 18.93 12.69 6.98 10.80 18.76 19.19 16.12 12.49 13.87 20.53 13.26 17.92 10.07 13.46 18.93 11.33 6.75 6.96 10.08 8.62 8.51 10.59 11.26 8.83 10.07 8.78 8.51 12.23 11.01 11.31 11.23 -9999 -9999 -9999 -9999 -9999 -9999 -9999 -9999 -9999 -9999 -9999 -9999 -9999 -9999 -9999 -9999 -9999 -9999 -9999 -9999 -9999 -9999 -9999 -9999 -9999 -9999 -9999 -9999 -9999 -9999 -9999 -9999 -9999 -9999 -9999 -9999 -9999 -9999 -9999 -9999 -9999 -9999 -9999 -9999
16.01 16.78 13.73 15.78 20.57 19.49 23.84 12.87 18.16 7.66 21.19 9.44 24.16 11.04 15.61 25.55 14.93 10.67 14.04 12.27 8.60 8.69 8.02 8.15 10.21 8.37 7.56 9.85 10.69 10.47 10.47 8.64 10.70 11.90 -9999 -9999 -9999 -9999 -9999 -9999 -9999 -9999 -9999 -9999 -9999 -9999 -9999 -9999 -9999 -9999 -9999 -9999 -9999 -9999 -9999 -9999 -9999 -9999 -9999 -9999 -9999 -9999 -9999 -9999 -9999 -9999 -9999 -9999 -9999 -9999 -9999 -9999 -9999 -9999 -9999 -9999 -9999
16.83 16.84 8.86 19.67 14.55 8.68 15.13 20.51 19.38 7.46 20.58 16.81 17.87 12.44 19.53 15.23 17.15 22.60 17.01 14.81 12.82 10.95 10.95 12.96 13.64 15.37 14.17 11.57 9.31 8.17 11.60 9.51 13.06 12.96 14.55 -9999 -9999 -9999 -9999 -9999 -9999 -9999 -9999 -9999 -9999 -9999 -9999 -9999 -9999 -9999 -9999 -9999 -9999 -9999 -9999 -9999 -9999 -9999 -9999 -9999 -9999 -9999 -9999 -9999 -9999 -9999 -9999 -9999 -9999 -9999 -9999 -9999 -9999 -9999 -9999 -9999 -9999
17.56 12.08 17.45 17.86 13.00 7.98 17.48 19.35 25.70 10.53 19.27 14.93 15.77 14.46 15.59 7.41 10.51 13.04 12.74 9.42 12.54 16.06 20.93 19.00 16.76 13.43 12.11 14.05 8.19 10.32 12.19 12.97 13.56 13.90 14.71 14.99 -9999 -9999 -9999 -9999 -9999 -9999 -9999 -9999 -9999 -9999 -9999 -9999 -9999 -9999 -9999 -9999 -9999 -9999 -9999 -9999 -9999 -9999 -9999 -9999 -9999 -9999 -9999 -9999 -9999 -9999 -9999 -9999 -9999 -9999 -9999 -9999 -9999 -9999 -9999 -9999 -9999
10.79 18.27 22.48 10.60 8.19 15.88 24.14 16.21 6.55 12.12 31.50 13.10 11.92 13.64 13.58 10.39 9.42 6.91 7.64 13.87 22.52 21.19 17.11 14.83 10.97 10.02 10.71 13.01 10.72 12.08 11.44 10.79 12.01 12.86 13.70 -9999 -9999 -9999 -9999 -9999 -9999 -9999 -9999 -9999 -9999 -9999 -9999 -9999 -9999 -9999 -9999 -9999 -9999 -9999 -9999 -9999 -9999 -9999 -9999 -9999 -9999 -9999 -9999 -9999 -9999 -9999 -9999 -9999 -9999 -9999 -9999 -9999 -9999 -9999 -9999 -9999 -9999
13.35 14.75 13.51 12.21 22.23 11.76 19.88 19.83 20.28 14.81 11.18 25.55 13.93 10.61 8.86 8.91 8.23 7.29 7.12 13.31 9.84 8.23 6.80 9.29 12.74 10.98 11.11 10.23 10.81 13.16 12.75 -9999 -9999 -9999 -9999 -9999 -9999 -9999 -9999 -9999 -9999 -9999 -9999 -9999 -9999 -9999 -9999 -9999 -9999 -9999 -9999 -9999 -9999 -9999 -9999 -9999 -9999 -9999 -9999 -9999 -9999 -9999 -9999 -9999 -9999 -9999 -9999 -9999 -9999 -9999 -9999 -9999 -9999 -9999 -9999 -9999 -9999
16.08 13.31 8.95 20.14 20.86 23.01 23.80 9.67 20.69 21.23 10.21 15.74 17.15 12.22 12.07 13.58 15.39 16.98 10.40 8.22 6.89 7.29 8.93 10.47 12.42 11.35 11.14 12.34 12.56 -9999 -9999 -9999 -9999 -9999 -9999 -9999 -9999 -9999 -9999 -9999 -9999 -9999 -9999 -9999 -9999 -9999 -9999 -9999 -9999 -9999 -9999 -9999 -9999 -9999 -9999 -9999 -9999 -9999 -9999 -9999 -9999 -9999 -9999 -9999 -9999 -9999 -9999 -9999 -9999 -9999 -9999 -9999 -9999 -9999 -9999 -9999 -9999
14.75 11.19 20.70 14.85 21.28 24.07 19.71 16.38 21.89 21.95 11.58 11.00 10.07 10.57 12.07 13.44 18.30 20.06 14.70 11.27 8.62 8.21 10.47 9.80 10.25 11.21 14.52 16.34 14.10 -9999 -9999 -9999 -9999 -9999 -9999 -9999 -9999 -9999 -9999 -9999 -9999 -9999 -9999 -9999 -9999 -9999 -9999 -9999 -9999 -9999 -9999 -9999 -9999 -9999 -9999 -9999 -9999 -9999 -9999 -9999 -9999 -9999 -9999 -9999 -9999 -9999 -9999 -9999 -9999 -9999 -9999 -9999 -9999 -9999 -9999 -9999 -9999
-9999 14.67 20.21 14.71 19.86 19.40 22.27 14.60 12.44 14.66 14.50 13.34 13.22 9.65 23.08 22.45 19.41 19.40 14.43 10.07 9.85 9.21 9.08 8.51 8.32 10.29 10.15 -9999 -9999 -9999 -9999 -9999 14.35 12.82 13.37 13.05 -9999 -9999 -9999 -9999 -9999 -9999 -9999 -9999 -9999 -9999 -9999 -9999 -9999 -9999 -9999 -9999 -9999 -9999 -9999 -9999 -9999 -9999 -9999 -9999 -9999 -9999 -9999 -9999 -9999 -9999 -9999 -9999 -9999 -9999 -9999 -9999 -9999 -9999 -9999 -9999 -9999
-9999 15.38 22.17 14.47 10.57 26.03 13.77 14.63 13.25 11.59 13.99 16.34 20.36 14.50 13.89 11.36 10.98 10.05 11.35 12.08 12.59 11.82 10.28 10.63 11.10 10.48 10.17 11.42 13.07 -9999 -9999 11.89 11.15 10.87 9.67 10.83 12.43 13.68 -9999 -9999 -9999 -9999 -9999 -9999 -9999 -9999 -9999 -9999 -9999 -9999 -9999 -9999 -9999 -9999 -9999 -9999 -9999 -9999 -9999 -9999 -9999 -9999 -9999 -9999 -9999 -9999 -9999 -9999 -9999 -9999 -9999 -9999 -9999 -9999 -9999 -9999 -9999
13.96 19.10 14.88 16.48 18.48 21.00 14.05 16.56 19.87 18.04 16.04 12.09 11.89 12.75 11.09 10.79 10.19 10.05 11.47 13.29 13.10 11.54 13.10 13.46 10.27 8.99 9.58 10.39 12.66 11.07 11.42 11.92 10.40 8.24 9.84 14.03 14.65 17.55 12.51 -9999 -9999 -9999 -9999 -9999 -9999 -9999 -9999 -9999 -9999 -9999 -9999 -9999 -9999 -9999 -9999 -9999 -9999 -9999 -9999 -9999 -9999 -9999 -9999 -9999 -9999 -9999 -9999 -9999 -9999 -9999 -9999 -9999 -9999 -9999 -9999 -9999 -9999
19.97 15.42 20.22 18.30 14.44 13.88 -9999 19.66 23.08 16.94 14.19 11.49 10.52 10.69 11.41 12.12 11.33 11.07 13.74 13.70 13.73 12.34 10.93 10.54 9.21 10.02 10.85 12.89 10.94 9.26 12.28 10.75 10.24 9.39 12.33 15.60 15.88 17.53 15.09 16.83 18.54 13.93 -9999 -9999 -9999 -9999 -9999 -9999 -9999 -9999 -9999 -9999 -9999 -9999 -9999 -9999 -9999 -9999 -9999 -9999 -9999 -9999 -9999 -9999 -9999 -9999 -9999 -9999 -9999 -9999 -9999 -9999 -9999 -9999 -9999 -9999 -9999
25.31 17.21 -9999 17.04 19.21 14.96 -9999 20.86 25.50 17.65 15.82 12.57 12.31 11.72 11.80 10.60 10.47 10.19 11.14 14.10 14.05 14.10 11.46 10.89 12.42 14.00 16.95 14.24 10.25 8.56 10.82 10.92 11.07 18.07 19.46 15.54 15.33 14.28 14.33 14.52 11.77 13.64 -9999 -9999 -9999 -9999 -9999 -9999 -9999 -9999 -9999 -9999 -9999 -9999 -9999 -9999 -9999 -9999 -9999 -9999 -9999 -9999 -9999 -9999 -9999 -9999 -9999 -9999 -9999 -9999 -9999 -9999 -9999 -9999 -9999 -9999 -9999
19.66 17.78 -9999 -9999 19.75 17.07 16.69 19.46 21.00 13.35 14.19 17.18 14.90 13.85 13.08 16.32 12.07 9.05 9.66 10.54 12.99 14.17 15.62 12.94 16.18 17.01 14.09 12.38 12.61 11.63 12.38 14.02 15.29 14.75 18.10 15.13 14.09 14.01 9.73 9.64 11.38 13.82 15.13 -9999 -9999 -9999 -9999 -9999 -9999 -9999 -9999 -9999 -9999 -9999 -9999 -9999 -9999 -9999 -9999 -9999 -9999 -9999 -9999 -9999 -9999 -9999 -9999 -9999 -9999 -9999 -9999 -9999 -9999 -9999 -9999 -9999 -9999
-9999 -9999 -9999 -9999 -9999 18.28 16.28 20.27 14.86 11.30 13.39 15.59 17.70 16.03 14.60 15.94 15.71 12.40 8.66 11.24 14.61 13.16 12.91 13.68 16.17 14.14 11.68 12.49 13.05 17.68 16.53 13.85 12.90 10.97 14.32 13.70 12.78 13.81 10.28 9.32 9.50 9.84 11.30 -9999 -9999 -9999 -9999 -9999 -9999 -9999 -9999 -9999 -9999 -9999 -9999 -9999 -9999 -9999 -9999 -9999 -9999 -9999 -9999 -9999 -9999 -9999 -9999 -9999 -9999 -9999 -9999 -9999 -9999 -9999 -9999 -9999 -9999
14.17 21.48 23.59 -9999 -9999 -9999 17.89 18.26 13.91 12.77 12.52 13.32 15.86 17.22 17.88 17.93 15.89 14.77 12.47 8.13 13.85 12.26 11.78 12.16 10.84 10.46 14.09 12.16 17.04 21.78 19.17 15.14 14.85 10.49 11.93 11.72 12.51 13.08 10.20 9.25 9.15 9.04 10.73 12.16 -9999 -9999 -9999 -9999 -9999 -9999 -9999 -9999 -9999 -9999 -9999 -9999 -9999 -9999 -9999 -9999 -9999 -9999 -9999 -9999 -9999 -9999 -9999 -9999 -9999 -9999 -9999 -9999 -9999 -9999 -9999 -9999 -9999
20.29 23.20 25.92 18.08 -9999 -9999 -9999 16.71 14.98 12.72 11.83 11.84 12.28 14.92 15.54 14.80 13.03 13.27 13.52 13.16 11.07 11.40 11.42 13.69 12.32 16.37 10.45 12.68 11.94 12.22 18.51 18.00 14.42 12.86 10.43 10.19 10.81 11.17 9.53 9.43 8.78 9.69 10.31 10.07 10.76 -9999 -9999 -9999 -9999 -9999 -9999 -9999 -9999 -9999 -9999 -9999 -9999 -9999 -9999 -9999 -9999 -9999 -9999 -9999 -9999 -9999 -9999 -9999 -9999 -9999 -9999 -9999 -9999 -9999 -9999 -9999 -9999
14.44 19.73 21.69 15.87 -9999 -9999 -9999 -9999 -9999 14.34 12.31 10.21 9.64 10.11 10.57 12.66 16.90 16.87 14.70 13.13 11.71 13.51 12.68 12.63 11.43 15.65 10.31 12.43 13.49 11.11 7.61 11.05 10.13 12.11 9.49 11.31 10.43 8.51 8.65 8.72 9.02 8.23 10.95 10.49 9.78 9.82 -9999 -9999 -9999 -9999 -9999 -9999 -9999 -9999 -9999 -9999 -9999 -9999 -9999 -9999 -9999 -9999 -9999 -9999 -9999 -9999 -9999 -9999 -9999 -9999 -9999 -9999 -9999 -9999 -9999 -9999 -9999
14.88 13.75 24.64 17.86 -9999 -9999 -9999 -9999 -9999 15.57 14.08 13.60 10.93 12.98 15.80 14.67 17.50 18.44 16.99 13.44 15.15 13.49 12.03 14.73 15.65 9.65 23.34 14.05 18.27 12.20 15.47 15.11 9.11 12.43 10.20 9.32 8.47 9.37 11.76 12.57 10.92 10.82 7.20 9.54 11.94 9.06 11.18 12.33 -9999 -9999 -9999 -9999 -9999 -9999 -9999 -9999 -9999 -9999 -9999 -9999 -9999 -9999 -9999 -9999 -9999 -9999 -9999 -9999 -9999 -9999 -9999 -9999 -9999 -9999 -9999 -9999 -9999
-9999 20.16 23.75 23.64 -9999 -9999 -9999 -9999 -9999 15.68 13.18 12.93 11.70 12.16 14.32 11.70 13.09 13.29 16.43 14.60 14.29 12.57 16.04 21.74 17.85 15.25 25.50 21.66 14.27 15.25 11.98 9.21 11.56 12.45 10.33 11.03 11.04 8.98 9.92 10.29 13.00 16.91 11.53 9.01 10.14 10.48 9.23 10.84 -9999 -9999 -9999 -9999 -9999 -9999 -9999 -9999 -9999 -9999 -9999 -9999 -9999 -9999 -9999 -9999 -9999 -9999 -9999 -9999 -9999 -9999 -9999 -9999 -9999 -9999 -9999 -9999 -9999
-9999 17.00 18.80 21.95 -9999 -9999 -9999 -9999 -9999 14.63 12.44 11.90 11.88 11.61 11.70 12.77 17.62 19.50 15.57 16.76 12.49 12.48 12.57 16.71 10.81 19.68 17.29 13.60 15.48 17.16 9.86 13.52 10.87 12.27 12.02 8.79 10.80 11.45 10.81 9.90 18.92 19.05 16.18 8.69 9.37 10.19 9.25 11.01 -9999 -9999 -9999 -9999 -9999 -9999 -9999 -9999 -9999 -9999 -9999 -9999 -9999 -9999 -9999 -9999 -9999 -9999 -9999 -9999 -9999 -9999 -9999 -9999 -9999 -9999 -9999 -9999 -9999
-9999 -9999 -9999 -9999 -9999 -9999 -9999 -9999 18.68 14.66 13.57 12.06 12.70 13.64 12.08 14.12 14.80 17.63 14.31 13.89 17.79 15.31 17.18 16.66 16.37 20.90 18.95 11.56 13.65 15.60 14.18 12.39 13.09 9.48 11.52 12.47 9.24 11.22 10.60 14.87 15.69 19.62 15.85 8.64 7.88 7.11 8.97 10.94 -9999 -9999 -9999 -9999 -9999 -9999 -9999 -9999 -9999 -9999 -9999 -9999 -9999 -9999 -9999 -9999 -9999 -9999 -9999 -9999 -9999 -9999 -9999 -9999 -9999 -9999 -9999 -9999 -9999
-9999 -9999 -9999 -9999 -9999 -9999 -9999 -9999 20.48 12.18 12.55 14.98 16.98 15.87 13.37 13.07 13.34 9.49 11.20 17.15 18.13 15.82 14.59 11.08 8.67 19.25 10.71 12.28 12.19 13.36 12.81 11.07 8.29 12.79 12.20 11.61 10.36 10.81 13.67 15.17 12.77 14.43 14.19 8.81 6.36 6.80 10.22 9.40 -9999 -9999 -9999 -9999 -9999 -9999 -9999 -9999 -9999 -9999 -9999 -9999 -9999 -9999 -9999 -9999 -9999 -9999 -9999 -9999 -9999 -9999 -9999 -9999 -9999 -9999 -9999 -9999 -9999
-9999 -9999 -9999 -9999 -9999 -9999 -9999 17.71 15.83 10.01 13.13 15.59 13.09 16.72 19.87 17.80 20.28 16.43 12.57 10.31 10.89 15.75 14.62 11.94 6.36 10.03 16.89 11.92 15.71 11.76 11.83 8.23 9.25 12.15 10.89 11.05 12.99 15.33 17.00 14.92 11.21 9.11 9.33 8.22 11.65 12.58 10.23 9.83 -9999 -9999 -9999 -9999 -9999 -9999 -9999 -9999 -9999 -9999 -9999 -9999 -9999 -9999 -9999 -9999 -9999 -9999 -9999 -9999 -9999 -9999 -9999 -9999 -9999 -9999 -9999 -9999 -9999
-9999 -9999 -9999 -9999 -9999 -9999 -9999 15.32 10.04 15.37 13.20 16.07 12.44 16.95 17.03 20.92 19.14 19.02 16.25 13.36 8.26 21.33 20.56 12.31 6.05 11.48 15.55 10.66 11.71 14.67 9.89 13.48 15.33 12.15 14.69 14.91 19.70 11.98 10.61 11.29 11.95 11.92 8.66 6.84 9.48 9.34 8.43 9.17 11.50 -9999 -9999 -9999 -9999 -9999 -9999 -9999 -9999 -9999 -9999 -9999 -9999 -9999 -9999 -9999 -9999 -9999 -9999 -9999 -9999 -9999 -9999 -9999 -9999 -9999 -9999 -9999 -9999
-9999 -9999 -9999 -9999 -9999 -9999 14.55 17.09 16.45 15.42 16.63 16.43 13.87 11.45 17.57 16.47 18.49 17.91 17.62 11.68 6.38 11.58 14.44 13.63 8.75 7.99 10.84 10.70 10.75 11.69 17.18 11.34 10.47 10.74 9.64 17.90 13.96 16.58 13.57 8.60 10.34 11.45 12.62 13.74 8.46 7.38 7.05 8.42 10.41 -9999 -9999 -9999 -9999 -9999 -9999 -9999 -9999 -9999 -9999 -9999 -9999 -9999 -9999 -9999 -9999 -9999 -9999 -9999 -9999 -9999 -9999 -9999 -9999 -9999 -9999 -9999 -9999
-9999 -9999 -9999 -9999 -9999 -9999 17.37 15.84 13.59 19.63 18.17 15.07 14.41 18.66 11.05 12.51 16.39 14.04 14.21 9.18 6.61 9.30 11.05 15.19 8.59 8.43 8.00 9.86 7.73 14.03 8.11 14.38 11.19 7.65 17.69 8.95 10.94 12.52 11.35 12.71 8.58 9.17 13.44 12.31 8.96 9.47 8.64 8.41 10.50 -9999 -9999 -9999 -9999 -9999 -9999 -9999 -9999 -9999 -9999 -9999 -9999 -9999 -9999 -9999 -9999 -9999 -9999 -9999 -9999 -9999 -9999 -9999 -9999 -9999 -9999 -9999 -9999
-9999 -9999 -9999 -9999 -9999 18.24 14.46 12.41 16.26 12.95 13.24 23.82 17.68 16.92 11.12 12.95 14.07 11.62 14.31 13.55 10.69 12.47 11.19 7.99 7.27 8.23 10.60 10.87 14.92 10.47 7.94 14.14 8.57 9.86 17.33 10.44 8.09 6.85 10.18 12.57 11.40 12.09 12.18 9.33 8.77 8.50 7.55 8.03 10.14 -9999 -9999 -9999 -9999 -9999 -9999 -9999 -9999 -9999 -9999 -9999 -9999 -9999 -9999 -9999 -9999 -9999 -9999 -9999 -9999 -9999 -9999 -9999 -9999 -9999 -9999 -9999 -9999
-9999 -9999 -9999 -9999 15.20 15.74 15.81 11.44 11.99 12.21 10.45 14.90 13.97 22.98 11.42 10.43 11.86 12.67 13.57 14.37 12.04 9.19 7.13 11.36 8.11 7.46 10.24 11.12 11.02 10.48 7.88 10.45 6.34 9.15 15.16 13.34 13.57 11.72 10.91 9.29 9.16 12.48 10.52 9.29 9.07 8.63 8.46 7.54 9.15 11.36 -9999 -9999 -9999 -9999 -9999 -9999 -9999 -9999 -9999 -9999 -9999 -9999 -9999 -9999 -9999 -9999 -9999 -9999 -9999 -9999 -9999 -9999 -9999 -9999 -9999 -9999 -9999
-9999 -9999 -9999 -9999 17.73 21.33 15.61 13.98 11.62 9.88 7.79 21.05 16.77 13.79 14.22 10.40 10.02 11.75 11.46 18.06 11.24 8.62 7.55 8.09 12.80 8.58 11.89 10.73 11.48 10.36 9.80 8.45 10.65 7.22 10.26 11.88 11.12 12.91 10.91 8.93 8.33 10.23 9.03 11.03 9.79 7.96 6.61 8.02 9.24 10.86 -9999 -9999 -9999 -9999 -9999 -9999 -9999 -9999 -9999 -9999 -9999 -9999 -9999 -9999 -9999 -9999 -9999 -9999 -9999 -9999 -9999 -9999 -9999 -9999 -9999 -9999 -9999
-9999 -9999 17.50 16.17 18.56 15.57 14.16 15.52 12.43 11.55 8.66 15.35 13.99 14.93 13.69 13.14 9.23 12.23 12.86 11.43 12.00 11.83 8.17 8.31 10.64 10.27 9.91 10.59 11.08 10.05 9.51 10.60 8.96 7.28 11.69 9.99 9.77 10.53 13.66 11.49 9.89 6.45 8.15 9.26 8.87 8.17 7.06 7.72 8.77 10.68 -9999 -9999 -9999 -9999 -9999 -9999 -9999 -9999 -9999 -9999 -9999 -9999 -9999 -9999 -9999 -9999 -9999 -9999 -9999 -9999 -9999 -9999 -9999 -9999 -9999 -9999 -9999
