ML/MeanWindSpeed_1991-10_Actual.txt
ncols         180
nrows         290
xllcorner     -200000
yllcorner     -200000
cellsize      5000
NODATA_value  -9999
[rows 175 to 209 of 290, columns 78 to 155 of 180]
-9999 -9999 -9999 -9999 -9999 -9999 -9999 -9999 11.49 10.25 8.99 8.42 8.19 6.31 5.89 11.97 16.77 7.57 10.46 11.26 11.04 9.34 6.47 6.21 8.53 10.73 8.81 6.89 7.07 7.79 7.28 7.52 8.65 8.06 7.71 7.39 7.52 7.52 7.09 6.70 6.67 11.04 12.19 10.58 10.94 9.18 8.65 10.12 10.16 8.18 7.74 8.76 8.15 7.61 8.06 7.78 8.67 8.21 8.18 8.08 8.09 9.24 8.35 8.04 7.98 7.72 8.11 8.64 8.78 9.07 9.39 8.54 10.43 12.71 -9999 -9999 -9999 -9999
-9999 -9999 -9999 -9999 -9999 -9999 -9999 -9999 -9999 12.29 9.61 7.80 5.90 4.42 6.76 18.80 12.68 5.28 10.36 7.87 11.14 11.15 7.62 5.36 10.56 9.29 9.87 8.46 6.98 6.92 6.83 6.39 7.58 8.11 7.85 7.54 7.23 7.33 6.95 6.45 7.75 9.03 12.42 10.83 11.61 10.63 7.20 9.25 10.72 8.03 7.94 8.54 7.94 7.75 7.82 7.77 8.68 8.01 7.89 8.01 7.71 8.46 8.42 8.03 7.93 7.79 7.90 8.46 9.51 8.76 8.28 8.36 9.99 12.34 -9999 -9999 -9999 -9999
-9999 -9999 -9999 -9999 -9999 -9999 -9999 -9999 -9999 -9999 9.92 7.02 6.04 6.82 15.36 18.37 12.49 8.30 8.05 9.32 11.21 11.99 11.29 7.20 6.55 11.38 9.62 8.73 7.81 6.85 6.63 6.84 7.24 7.68 7.35 6.97 7.11 7.01 6.80 6.91 7.58 9.52 10.76 9.13 9.51 10.70 8.96 7.03 10.33 7.91 7.76 8.28 7.69 7.63 7.55 8.03 8.56 7.98 7.84 7.78 7.46 8.88 8.46 8.09 8.01 7.97 8.28 8.30 8.44 8.24 8.18 8.54 10.45 12.60 -9999 -9999 -9999 -9999
-9999 -9999 -9999 -9999 -9999 -9999 -9999 -9999 -9999 -9999 9.43 7.21 8.09 9.66 12.10 15.89 9.49 6.03 7.68 10.15 10.91 12.24 10.96 7.62 5.58 11.34 11.47 9.37 8.38 6.74 6.39 6.85 7.84 7.63 7.33 7.07 6.60 6.33 6.75 8.33 8.23 7.06 11.04 9.03 9.39 10.75 10.57 8.78 8.04 7.33 6.37 7.60 8.23 7.48 7.46 7.38 7.88 7.67 7.96 7.67 7.54 8.13 8.62 8.28 8.33 8.22 8.30 8.26 8.10 8.11 8.65 9.81 11.59 -9999 -9999 -9999 -9999 -9999
-9999 -9999 -9999 -9999 -9999 -9999 -9999 -9999 -9999 -9999 8.32 7.32 8.03 7.86 12.05 11.33 8.36 8.71 6.98 8.35 11.01 10.41 12.33 9.57 6.28 10.28 11.58 11.01 8.22 7.10 6.20 7.07 8.21 8.04 7.32 6.82 6.46 6.71 7.87 8.20 7.01 6.92 9.50 9.32 8.99 8.98 8.50 8.52 8.98 6.28 6.95 7.25 7.07 7.45 7.21 7.93 7.31 7.52 7.71 7.53 7.73 9.37 8.72 8.28 8.22 8.30 8.32 8.27 8.20 8.42 9.72 11.40 -9999 -9999 -9999 -9999 -9999 -9999
-9999 -9999 -9999 -9999 -9999 -9999 -9999 -9999 -9999 9.86 14.58 8.62 9.35 10.25 6.85 14.70 12.49 11.20 9.87 11.96 9.86 10.77 9.54 7.99 8.82 12.24 11.53 10.85 8.13 6.92 6.16 7.49 7.84 7.52 7.18 6.57 6.62 7.86 7.52 7.15 8.07 8.75 7.26 10.80 9.96 7.76 8.34 7.76 7.09 6.90 6.29 6.35 6.57 7.48 7.18 6.79 7.95 7.41 7.51 7.64 8.09 9.47 8.74 8.27 8.25 8.18 8.28 8.14 8.16 9.31 10.95 -9999 -9999 -9999 -9999 -9999 -9999 -9999
-9999 -9999 -9999 -9999 -9999 -9999 -9999 11.63 10.50 12.93 11.00 9.17 9.68 10.16 6.62 7.39 8.81 11.80 11.35 12.45 11.69 11.84 7.22 9.36 9.37 7.75 8.74 8.15 8.25 7.22 6.52 7.30 7.66 7.55 6.88 6.89 7.98 7.53 7.78 7.06 8.38 8.96 8.78 7.96 7.22 8.41 8.04 7.52 7.32 7.15 6.95 6.02 6.85 6.82 6.40 6.66 7.03 7.32 7.58 7.52 8.14 9.36 8.68 8.12 8.14 7.98 8.05 8.00 8.55 9.98 -9999 -9999 -9999 -9999 -9999 12.58 11.98 11.34
-9999 -9999 -9999 -9999 -9999 -9999 12.07 11.34 11.04 11.22 11.05 11.02 9.75 7.50 6.36 7.21 8.28 10.73 16.41 10.07 8.52 7.79 5.26 10.53 11.82 11.70 9.45 8.18 8.12 7.66 7.15 7.35 7.83 7.36 6.95 7.03 7.84 8.25 7.06 6.95 8.45 8.66 8.34 7.91 7.95 8.10 7.18 7.49 6.64 6.60 7.09 6.63 6.26 5.97 6.35 7.07 6.90 7.13 7.37 7.52 7.99 9.43 8.90 8.15 7.87 7.78 7.87 7.96 8.52 9.70 -9999 -9999 -9999 -9999 -9999 11.02 10.00 9.45
-9999 -9999 -9999 -9999 -9999 12.74 12.85 11.98 11.90 -9999 -9999 -9999 -9999 7.75 12.08 9.74 9.29 11.76 10.32 8.28 10.19 9.13 7.90 15.51 13.67 11.68 12.18 9.38 7.44 7.66 7.57 7.11 7.19 7.01 6.62 7.18 7.12 8.36 7.31 7.11 7.58 8.09 8.27 8.11 7.31 7.32 7.18 7.10 6.82 6.57 6.28 6.10 5.93 6.22 6.88 6.76 6.59 7.17 7.70 7.90 8.05 8.84 8.70 8.45 7.72 7.68 7.72 7.74 8.04 8.98 10.66 -9999 -9999 -9999 -9999 9.85 8.81 8.57
-9999 -9999 -9999 -9999 -9999 14.17 14.89 12.36 12.97 -9999 -9999 -9999 -9999 7.96 10.20 11.03 7.07 11.00 10.23 9.28 11.88 13.35 10.90 14.37 9.07 9.96 9.93 8.71 7.44 7.26 7.34 7.08 7.25 7.59 6.72 7.25 7.28 7.61 8.09 7.28 7.49 7.07 7.71 8.30 8.58 8.46 7.15 6.71 6.65 6.58 6.86 6.28 6.25 6.61 6.89 7.34 6.76 8.25 8.39 8.69 8.13 8.51 8.47 8.24 7.58 7.67 7.70 7.64 7.69 7.93 9.02 10.05 -9999 -9999 10.37 9.49 8.75 8.91
-9999 -9999 -9999 -9999 -9999 -9999 -9999 -9999 -9999 -9999 -9999 -9999 -9999 9.08 12.56 10.51 7.01 8.64 7.23 12.59 12.52 9.02 11.90 11.68 10.36 10.81 9.00 8.03 7.13 7.58 7.23 7.41 7.17 6.82 6.82 6.83 6.86 7.24 7.79 7.23 7.08 7.43 7.70 7.34 7.95 7.99 6.36 7.38 8.19 7.31 7.39 7.03 6.05 6.64 7.42 8.17 7.95 7.60 8.05 8.70 8.36 8.66 8.40 8.19 7.47 7.61 7.68 7.68 7.60 7.37 7.68 8.42 9.37 9.75 9.27 8.96 8.13 8.90
-9999 -9999 -9999 -9999 -9999 -9999 -9999 -9999 -9999 -9999 -9999 -9999 -9999 -9999 12.65 5.75 5.40 8.31 11.67 11.09 13.01 12.47 9.26 10.29 11.35 8.56 8.05 7.29 7.04 6.91 7.20 7.20 7.14 6.88 6.70 6.65 6.94 6.91 7.52 7.20 6.87 8.78 8.35 7.30 7.11 6.91 6.82 6.69 7.55 7.73 7.48 8.41 6.89 6.60 7.20 6.96 7.33 7.51 7.48 8.55 8.61 8.37 8.02 8.19 7.52 7.59 7.61 7.58 7.59 7.61 7.66 7.69 8.15 8.45 8.52 8.30 8.22 9.07
-9999 -9999 -9999 -9999 -9999 -9999 -9999 -9999 -9999 -9999 -9999 -9999 -9999 -9999 8.66 11.71 12.18 10.34 8.98 8.83 11.30 9.84 9.95 8.53 8.11 9.48 7.18 7.02 8.38 7.88 7.58 7.11 6.45 6.32 6.85 6.80 7.70 7.69 7.56 7.02 6.60 8.39 9.24 8.13 7.18 6.73 6.87 6.83 6.72 6.94 7.77 9.72 8.53 6.90 6.54 6.84 7.75 8.64 8.70 8.41 8.85 8.55 8.20 7.88 7.59 7.63 7.60 7.71 7.73 7.77 7.84 7.91 8.06 8.22 8.51 8.40 8.09 8.78
-9999 -9999 -9999 -9999 -9999 -9999 -9999 -9999 -9999 -9999 -9999 -9999 -9999 10.85 9.92 7.71 14.22 9.48 7.69 10.02 10.06 9.14 11.52 8.61 8.18 9.71 6.52 11.55 9.10 7.59 7.69 8.38 6.77 6.34 8.75 8.60 7.80 6.91 7.35 7.22 6.94 7.63 8.25 8.04 7.39 6.98 6.82 6.92 7.14 6.95 8.10 8.15 7.62 7.00 6.62 7.14 7.99 8.89 8.99 8.22 8.40 8.45 8.24 7.89 7.65 7.61 7.67 7.78 7.82 7.83 7.90 8.01 7.95 8.10 8.66 8.57 8.23 8.47
-9999 -9999 -9999 -9999 -9999 -9999 -9999 -9999 -9999 -9999 -9999 -9999 -9999 9.88 10.16 14.33 9.49 5.87 7.51 7.58 9.11 11.42 11.22 9.04 8.74 8.47 6.79 7.23 7.99 9.32 9.17 7.43 7.22 7.09 7.65 8.16 6.94 6.74 7.33 7.23 7.68 8.05 7.74 7.93 7.60 7.15 6.99 6.94 6.95 7.03 7.87 8.18 7.62 6.62 6.79 7.78 8.83 8.41 9.05 9.01 8.52 8.10 8.55 7.85 7.97 7.71 7.75 7.71 7.80 7.86 7.85 7.88 7.91 8.00 8.77 8.59 8.16 8.25
-9999 -9999 -9999 -9999 -9999 -9999 -9999 -9999 -9999 -9999 -9999 -9999 -9999 11.38 12.35 6.53 7.68 6.77 7.93 8.01 12.08 10.72 12.20 9.92 9.10 7.39 5.97 6.33 8.85 10.70 11.70 7.57 8.74 7.96 8.37 8.05 6.53 6.67 6.96 7.24 7.71 7.37 7.53 8.57 7.89 6.99 7.03 8.05 6.84 7.22 7.65 7.57 7.07 6.75 7.25 7.75 8.13 8.35 8.38 7.84 7.83 8.25 8.36 7.53 7.54 7.68 7.68 7.73 7.68 7.62 7.71 7.79 7.85 7.99 8.27 8.14 8.22 8.10
-9999 -9999 -9999 -9999 -9999 -9999 -9999 -9999 -9999 -9999 -9999 -9999 -9999 -9999 7.32 7.80 9.23 11.29 12.33 10.68 11.10 9.61 7.55 7.44 6.74 7.46 7.34 6.40 7.42 8.11 10.81 8.71 7.68 7.83 9.18 8.58 6.67 7.35 6.50 6.72 8.80 7.56 7.44 7.38 7.49 6.71 6.78 8.22 7.64 7.10 7.59 7.27 7.01 7.26 8.02 7.77 7.73 7.45 7.97 7.35 8.35 8.36 7.54 7.44 7.91 7.78 7.53 7.54 7.46 7.50 7.61 7.70 7.79 7.84 7.87 7.92 8.07 8.05
-9999 -9999 -9999 -9999 -9999 -9999 -9999 -9999 -9999 -9999 -9999 -9999 -9999 -9999 8.22 8.25 9.07 11.38 14.21 13.19 10.07 7.70 6.51 7.68 9.29 10.92 12.37 9.57 7.65 8.19 9.15 8.22 6.51 9.59 9.12 8.65 7.37 7.97 6.81 6.49 7.33 8.65 8.28 7.66 7.13 6.63 6.90 7.81 7.51 7.16 7.22 7.52 7.65 7.88 8.40 7.83 7.49 8.43 8.47 8.38 8.22 8.33 7.53 7.89 8.33 7.52 7.40 7.42 7.39 7.48 7.53 7.59 7.67 7.72 7.78 7.72 7.62 7.55
-9999 -9999 -9999 -9999 -9999 -9999 -9999 -9999 -9999 -9999 -9999 -9999 -9999 10.11 7.40 7.38 9.43 11.09 10.96 10.65 8.31 8.77 12.53 10.14 10.36 10.54 8.98 8.26 8.86 9.19 7.82 6.74 7.22 9.17 9.21 8.54 7.35 8.12 6.45 6.34 7.78 7.54 7.90 7.93 7.28 6.72 6.94 7.77 7.58 6.93 7.18 7.20 7.12 7.82 7.64 8.48 7.94 8.56 8.03 8.28 8.40 7.66 7.52 8.28 8.18 7.34 7.28 7.54 7.38 7.53 7.56 7.69 7.67 7.63 7.62 7.42 7.68 7.97
-9999 -9999 -9999 -9999 -9999 -9999 -9999 -9999 -9999 -9999 -9999 -9999 -9999 11.92 9.07 7.23 6.97 9.30 12.80 12.19 10.51 8.87 9.49 10.65 11.78 12.06 8.85 10.56 11.37 8.06 9.81 6.21 6.78 8.69 10.28 7.70 8.12 6.90 5.93 6.05 6.84 9.29 8.08 8.04 7.58 7.24 7.34 7.57 7.31 6.88 7.05 6.99 6.91 6.91 8.04 8.45 8.41 9.01 8.25 7.89 7.91 7.60 7.97 8.37 8.10 7.62 7.86 7.72 7.96 7.65 7.68 7.91 7.87 7.63 7.48 7.28 7.29 7.98
-9999 -9999 -9999 -9999 -9999 -9999 -9999 -9999 -9999 -9999 -9999 -9999 -9999 10.31 8.39 5.03 6.08 8.96 12.90 11.54 11.42 9.10 10.50 9.93 8.95 9.93 10.32 10.07 8.71 7.53 8.06 9.96 7.18 7.50 7.61 7.82 8.97 7.55 6.10 6.13 6.84 7.34 7.34 8.11 7.71 7.47 7.65 7.07 6.63 7.08 7.25 7.33 6.88 7.40 8.50 8.47 7.76 8.03 8.78 7.99 8.26 7.57 8.36 8.54 7.87 7.73 7.90 7.46 7.67 7.61 7.64 7.72 7.58 7.50 7.46 7.35 7.63 7.26
-9999 -9999 -9999 -9999 -9999 -9999 -9999 -9999 -9999 -9999 -9999 -9999 9.72 9.94 10.60 7.77 6.10 9.62 11.18 13.19 12.83 8.37 8.47 7.51 8.87 10.53 8.93 8.72 10.16 8.77 8.21 7.83 7.15 6.77 6.98 7.80 7.76 7.32 6.91 6.38 6.30 7.02 7.43 6.96 7.33 7.21 7.71 7.01 6.95 7.08 6.70 6.65 7.01 7.99 7.99 8.02 7.47 8.25 8.46 8.14 7.53 8.23 8.35 8.51 8.56 8.12 7.79 7.67 7.54 7.63 7.65 7.52 7.39 7.26 7.20 7.31 7.62 7.60
-9999 -9999 -9999 -9999 -9999 -9999 -9999 -9999 -9999 -9999 -9999 10.90 10.13 10.13 7.90 6.10 8.56 11.32 12.26 10.94 12.33 8.85 9.54 7.89 7.90 13.55 9.62 10.00 8.25 8.42 7.24 6.83 7.06 8.06 7.42 9.06 7.69 7.82 6.56 6.31 6.41 6.79 7.23 6.90 7.04 7.39 7.50 6.42 6.88 6.81 6.87 7.03 7.46 8.06 7.57 8.18 7.77 8.06 7.47 7.36 8.33 8.65 8.30 8.51 8.33 7.57 7.91 7.95 7.91 7.80 7.50 7.27 6.98 7.12 7.14 7.65 7.91 8.12
-9999 -9999 -9999 -9999 -9999 -9999 -9999 -9999 -9999 12.23 10.60 9.19 7.42 6.74 6.56 6.71 9.44 10.72 12.44 13.91 12.33 10.17 6.80 8.71 8.52 12.07 9.66 8.84 8.84 7.68 7.33 6.20 6.95 8.63 8.32 8.58 7.01 7.03 6.62 6.58 7.02 6.84 7.27 6.69 6.86 7.15 6.52 6.34 6.63 7.30 7.06 7.72 8.43 8.16 7.79 7.40 7.19 7.83 8.26 8.06 8.42 7.70 8.32 8.47 7.88 7.21 7.26 8.02 7.92 7.91 7.22 6.92 6.65 6.88 7.74 8.04 7.87 8.57
-9999 -9999 -9999 -9999 -9999 12.75 11.24 9.55 11.62 11.28 11.10 10.89 8.59 7.52 6.58 10.66 9.49 11.41 12.20 12.13 9.65 8.38 6.36 7.32 7.40 13.04 11.80 9.93 7.92 8.04 7.45 8.57 6.34 7.95 8.42 8.19 7.75 6.95 6.35 7.08 6.69 6.42 7.46 6.65 6.70 6.40 6.51 6.78 7.32 6.77 7.37 7.07 7.56 8.41 8.31 8.06 7.78 8.21 8.27 8.04 7.87 8.52 7.75 7.69 7.46 7.09 7.69 7.97 8.07 7.50 6.98 6.89 6.93 7.85 8.00 7.68 8.29 7.69
-9999 -9999 -9999 -9999 13.34 10.88 10.65 9.44 8.66 9.93 9.50 9.83 8.02 6.57 9.13 9.99 10.42 7.89 12.62 9.56 7.57 11.55 8.78 6.06 12.03 10.84 10.40 7.15 6.68 7.14 9.72 7.24 6.70 6.71 6.90 8.27 8.22 7.96 6.70 6.82 6.40 6.46 7.15 6.81 6.61 6.53 6.60 6.98 6.97 8.57 7.02 6.79 7.31 8.07 7.65 7.62 7.30 7.52 7.94 7.81 8.52 8.06 7.57 7.59 7.68 7.22 7.50 7.65 7.30 7.14 6.99 6.95 7.01 7.48 8.17 8.13 8.21 7.90
-9999 -9999 -9999 13.24 12.21 9.08 8.27 8.20 8.95 8.45 8.66 7.82 8.36 11.76 9.25 8.34 11.01 6.43 8.74 8.51 11.13 10.71 11.38 9.65 9.44 8.48 6.86 10.71 10.03 7.02 7.41 7.02 6.65 7.03 6.48 6.68 8.31 8.46 6.41 6.03 6.20 6.73 6.22 5.93 6.49 8.47 6.66 6.49 7.23 7.96 7.29 6.84 7.43 7.93 7.94 8.40 7.91 7.38 7.29 7.28 8.22 7.90 7.39 8.05 7.88 7.30 7.39 7.33 7.13 7.28 7.33 7.25 7.41 7.53 8.13 7.56 7.44 7.73
13.58 11.38 12.47 10.00 9.40 9.64 8.51 8.12 9.81 8.59 8.27 8.47 10.92 10.38 8.91 9.94 9.18 7.31 7.39 10.22 10.54 9.29 9.76 11.09 7.70 5.21 10.40 11.82 9.35 9.17 7.17 7.39 6.54 6.90 8.46 6.89 8.80 7.27 6.23 5.82 6.18 7.55 5.52 5.95 9.43 7.26 6.63 6.69 7.47 8.31 7.11 7.09 7.44 7.24 7.75 7.78 7.37 7.16 7.45 7.12 7.51 7.83 7.84 7.53 7.21 6.87 6.75 7.16 8.30 7.80 8.56 7.98 7.13 8.10 7.84 7.88 7.55 7.42
9.77 8.90 11.12 13.44 12.25 11.67 8.79 9.67 11.08 9.82 9.27 11.12 9.70 9.24 11.25 8.70 6.47 7.28 7.99 10.29 10.25 10.02 9.57 8.15 5.46 7.31 15.84 12.80 9.59 7.32 7.79 7.33 8.46 7.16 7.72 7.04 6.97 6.80 6.62 5.94 5.73 5.70 5.25 8.36 9.04 8.19 6.87 6.56 8.99 7.90 7.21 7.30 7.01 7.63 7.59 7.32 6.73 7.67 7.32 6.79 8.17 8.06 7.25 7.11 6.95 6.67 7.01 7.86 8.25 8.17 8.62 8.00 7.66 8.21 7.87 7.27 7.48 7.38
8.83 8.88 9.94 10.37 9.78 8.52 9.96 8.91 10.51 7.74 8.75 10.86 10.24 8.89 9.47 6.35 5.67 9.11 10.26 9.39 8.37 10.19 7.62 6.01 4.87 9.23 12.70 13.43 7.70 8.06 8.29 8.59 7.73 6.59 8.03 7.50 7.13 6.52 6.60 5.32 5.02 5.96 5.98 8.39 8.38 7.66 6.53 7.26 8.74 8.31 7.84 7.35 7.52 7.40 7.13 6.80 6.78 7.23 7.54 7.20 7.12 7.15 6.94 7.84 8.25 6.91 7.15 7.87 8.16 7.87 8.33 8.25 8.25 8.23 7.34 7.33 7.18 7.22
10.13 9.07 9.56 9.27 9.67 9.07 8.99 9.78 8.59 9.17 8.08 7.90 7.75 6.97 6.02 7.45 6.23 9.65 15.08 7.91 7.97 8.91 13.04 12.49 5.64 5.58 14.56 11.04 8.77 9.13 10.12 8.37 6.55 5.99 8.25 8.47 7.06 6.32 5.96 5.21 5.09 6.22 8.45 8.82 7.79 7.37 6.96 6.89 7.11 8.05 7.47 7.31 7.11 6.79 6.55 6.54 7.31 7.18 7.08 7.12 6.43 6.64 7.39 7.30 7.86 7.29 7.25 7.33 7.59 8.08 8.29 8.30 8.33 8.36 7.22 6.82 7.16 7.11
9.76 8.96 9.60 8.68 8.97 9.00 8.90 7.90 7.68 8.31 7.56 8.78 7.66 8.76 5.70 8.26 9.90 10.05 11.09 11.59 9.22 11.19 13.21 9.14 10.95 9.78 6.33 10.72 10.08 7.07 7.50 6.22 7.45 7.30 10.17 9.30 6.98 6.12 5.26 5.03 6.11 8.62 7.56 9.00 7.64 7.34 7.89 7.02 8.22 7.15 7.34 6.97 6.66 6.52 6.67 6.72 6.86 6.66 6.64 6.37 6.50 7.41 8.14 7.68 7.07 7.53 7.09 7.92 7.34 7.32 7.61 7.87 8.05 8.06 7.59 6.72 7.03 7.01
10.46 9.14 8.47 9.53 10.42 12.03 10.90 9.32 8.20 7.22 7.37 9.84 7.41 7.99 5.67 7.70 8.19 7.57 6.78 9.04 8.33 10.04 10.01 11.96 10.38 11.33 10.77 14.19 8.63 7.31 6.71 7.61 7.10 9.35 9.20 9.42 6.44 5.72 4.86 7.93 8.73 8.53 8.91 7.38 7.74 7.84 7.65 7.12 7.21 7.24 6.94 6.68 6.56 6.45 6.95 7.09 7.36 6.83 6.26 6.28 6.92 8.45 7.13 7.50 7.47 7.03 6.95 7.12 6.82 6.93 7.48 7.30 7.69 7.70 7.40 7.18 7.14 6.72
11.05 9.70 8.96 9.09 10.73 11.28 11.99 10.96 9.72 8.48 7.60 7.95 9.75 6.38 9.95 9.22 9.15 10.20 8.99 7.31 7.53 8.87 7.83 9.42 9.06 7.98 12.62 12.49 7.21 7.60 5.78 6.56 8.15 8.96 8.72 7.98 6.26 5.59 6.80 6.38 8.14 8.07 7.55 7.77 7.54 7.31 7.42 6.87 6.61 6.55 6.45 7.62 6.55 7.15 6.65 6.66 6.29 6.04 6.17 7.07 8.15 7.82 7.49 7.54 7.23 6.83 6.93 7.30 7.50 6.35 7.21 7.95 7.41 7.22 7.43 6.63 6.83 7.53
11.15 10.38 10.70 11.70 13.01 -9999 -9999 -9999 -9999 10.41 9.54 9.93 7.58 6.52 7.73 7.76 7.26 6.63 3.82 11.78 12.63 8.21 6.99 7.28 8.63 9.62 11.73 9.09 7.27 6.06 5.36 9.08 8.32 9.94 7.48 6.92 6.18 5.97 7.76 6.53 8.07 8.02 7.35 7.42 7.23 7.03 6.73 6.51 6.37 6.35 6.39 7.35 6.69 6.95 6.95 6.55 6.30 6.12 7.43 7.37 7.71 7.87 7.89 6.62 6.39 6.15 7.10 7.47 7.02 6.02 6.83 7.46 7.30 7.01 7.54 7.07 6.89 7.33
