ML/MeanWindSpeed_1994-01_Actual.txt
ncols         180
nrows         290
xllcorner     -200000
yllcorner     -200000
cellsize      5000
NODATA_value  -9999
[rows 136 to 169 of 290, columns 77 to 153 of 180]
-9999 -9999 17.69 14.86 11.48 14.92 12.80 14.95 12.53 10.91 8.88 8.58 10.95 18.20 14.33 13.13 10.29 9.97 10.16 9.45 10.55 12.14 9.84 11.30 10.14 10.86 10.72 11.01 11.12 11.01 10.52 10.59 11.44 10.41 9.61 11.52 12.35 13.00 13.83 13.48 8.95 10.09 13.73 12.39 10.44 10.71 10.20 10.57 9.69 11.19 13.13 -9999 -9999 -9999 -9999 -9999 -9999 -9999 -9999 -9999 -9999 -9999 -9999 -9999 -9999 -9999 -9999 -9999 -9999 -9999 -9999 -9999 -9999 -9999 -9999 -9999 -9999
-9999 -9999 17.68 14.95 10.19 13.96 11.17 12.63 11.69 10.99 10.35 8.13 13.30 13.43 12.55 15.41 11.25 10.08 9.81 7.74 11.17 17.34 12.45 -9999 -9999 -9999 11.41 11.27 -9999 10.88 11.01 11.10 10.06 9.17 11.13 13.54 11.74 11.99 13.73 12.63 14.23 13.39 10.04 8.54 9.00 9.79 10.76 7.85 8.77 9.69 12.49 -9999 -9999 -9999 -9999 -9999 -9999 -9999 -9999 -9999 -9999 -9999 -9999 -9999 -9999 -9999 -9999 -9999 -9999 -9999 -9999 -9999 -9999 -9999 -9999 -9999 -9999
-9999 -9999 15.79 17.91 12.34 11.84 12.55 13.62 12.88 11.72 10.56 9.40 10.59 18.34 13.82 14.62 10.69 10.48 12.93 9.05 10.99 12.88 13.70 -9999 -9999 -9999 11.73 10.82 11.22 11.55 10.88 10.26 8.52 10.23 14.61 15.66 12.50 16.78 12.64 12.34 15.95 11.98 12.70 12.70 12.43 9.34 10.91 12.58 10.16 9.17 11.77 -9999 -9999 -9999 -9999 -9999 -9999 -9999 -9999 -9999 -9999 -9999 -9999 -9999 -9999 -9999 -9999 -9999 -9999 -9999 -9999 -9999 -9999 -9999 -9999 -9999 -9999
-9999 -9999 -9999 16.96 16.53 13.57 -9999 15.12 14.83 12.95 11.77 10.90 -9999 14.09 12.12 13.08 10.05 12.25 13.66 12.33 13.13 -9999 -9999 -9999 -9999 13.12 10.79 10.15 10.65 11.82 11.88 10.34 9.04 8.91 14.75 20.96 11.60 18.27 13.39 15.86 17.32 13.63 15.64 13.08 10.65 12.82 13.03 10.91 7.73 9.06 12.64 13.19 -9999 -9999 -9999 -9999 -9999 -9999 -9999 -9999 -9999 -9999 -9999 -9999 -9999 -9999 -9999 -9999 -9999 -9999 -9999 -9999 -9999 -9999 -9999 -9999 -9999
-9999 -9999 -9999 -9999 17.45 -9999 -9999 -9999 14.91 14.91 12.79 12.85 14.32 -9999 -9999 14.83 12.16 15.89 17.68 -9999 -9999 -9999 -9999 -9999 14.40 12.64 9.31 10.01 10.51 11.93 11.46 12.22 11.68 7.90 11.06 16.43 19.55 15.26 17.98 19.15 19.41 15.58 16.39 16.73 14.80 11.64 11.62 11.82 7.77 9.12 12.63 14.66 -9999 -9999 -9999 -9999 -9999 -9999 -9999 -9999 -9999 -9999 -9999 -9999 -9999 -9999 -9999 -9999 -9999 -9999 -9999 -9999 -9999 -9999 -9999 -9999 -9999
-9999 -9999 -9999 -9999 17.41 17.25 -9999 -9999 -9999 14.94 15.54 15.01 15.72 -9999 -9999 -9999 -9999 16.05 -9999 -9999 -9999 -9999 -9999 -9999 12.38 10.82 9.45 10.94 13.49 13.95 12.32 12.30 10.79 8.73 8.67 14.02 17.64 13.16 20.93 19.83 21.36 16.62 16.84 18.95 14.97 12.43 11.47 9.14 7.36 9.14 12.13 13.92 -9999 -9999 -9999 -9999 -9999 -9999 -9999 -9999 -9999 -9999 -9999 -9999 -9999 -9999 -9999 -9999 -9999 -9999 -9999 -9999 -9999 -9999 -9999 -9999 -9999
-9999 -9999 -9999 -9999 -9999 19.16 -9999 -9999 -9999 -9999 15.55 17.01 16.71 -9999 -9999 -9999 -9999 -9999 -9999 -9999 -9999 -9999 -9999 13.85 11.85 11.62 11.69 12.15 14.97 14.89 13.59 13.28 11.77 10.63 7.91 10.06 20.00 21.54 21.15 20.23 16.11 14.51 15.21 12.96 10.07 13.31 13.41 8.86 8.04 9.78 11.58 12.99 14.13 -9999 -9999 -9999 -9999 -9999 -9999 -9999 -9999 -9999 -9999 -9999 -9999 -9999 -9999 -9999 -9999 -9999 -9999 -9999 -9999 -9999 -9999 -9999 -9999
-9999 -9999 -9999 -9999 -9999 20.89 -9999 -9999 -9999 -9999 -9999 -9999 -9999 -9999 -9999 -9999 -9999 -9999 -9999 -9999 -9999 -9999 -9999 14.03 11.27 9.57 8.66 7.56 18.59 15.77 14.17 16.41 12.21 13.27 6.50 6.72 15.95 23.09 18.88 16.27 22.02 24.33 21.75 18.05 15.80 9.80 10.68 10.25 11.43 10.31 10.42 12.18 13.46 14.33 -9999 -9999 -9999 -9999 -9999 -9999 -9999 -9999 -9999 -9999 -9999 -9999 -9999 -9999 -9999 -9999 -9999 -9999 -9999 -9999 -9999 -9999 -9999
-9999 -9999 -9999 -9999 -9999 -9999 -9999 -9999 -9999 -9999 -9999 -9999 -9999 -9999 -9999 -9999 -9999 -9999 -9999 -9999 -9999 -9999 14.38 12.70 10.28 8.87 13.80 7.02 25.74 25.12 13.61 14.36 12.69 10.87 10.71 6.32 8.48 22.25 21.98 19.16 16.96 15.42 18.76 17.76 15.86 12.73 10.99 10.52 9.94 9.67 10.65 10.19 10.56 12.30 -9999 -9999 -9999 -9999 -9999 -9999 -9999 -9999 -9999 -9999 -9999 -9999 -9999 -9999 -9999 -9999 -9999 -9999 -9999 -9999 -9999 -9999 -9999
-9999 -9999 -9999 -9999 -9999 -9999 -9999 -9999 -9999 -9999 -9999 -9999 -9999 -9999 -9999 -9999 -9999 -9999 -9999 -9999 -9999 -9999 12.52 13.11 9.03 12.83 24.46 13.21 8.50 17.47 18.63 14.71 13.87 12.01 10.78 8.62 8.43 11.16 24.00 20.63 19.34 16.04 15.66 15.51 12.53 11.87 11.68 12.63 10.13 11.11 9.71 9.52 9.07 10.01 11.80 13.45 14.07 -9999 -9999 -9999 -9999 -9999 -9999 -9999 -9999 -9999 -9999 -9999 -9999 -9999 -9999 -9999 -9999 -9999 -9999 -9999 -9999
-9999 -9999 -9999 -9999 -9999 -9999 -9999 -9999 -9999 -9999 -9999 -9999 -9999 -9999 -9999 -9999 -9999 -9999 -9999 -9999 -9999 -9999 12.12 11.16 10.66 16.84 11.52 11.43 13.48 19.26 14.13 12.31 17.68 9.66 12.61 10.38 10.04 9.38 14.23 18.38 18.49 17.32 16.31 13.06 12.87 11.62 10.53 9.91 10.08 9.71 9.80 8.59 8.15 8.47 13.50 11.89 13.90 15.50 15.47 -9999 -9999 -9999 -9999 -9999 -9999 -9999 -9999 -9999 -9999 -9999 -9999 -9999 -9999 -9999 -9999 -9999 -9999
-9999 -9999 -9999 -9999 -9999 -9999 -9999 -9999 -9999 -9999 -9999 -9999 -9999 -9999 -9999 -9999 -9999 -9999 -9999 -9999 -9999 -9999 12.06 10.60 12.05 20.80 23.27 17.27 11.59 12.58 13.50 17.69 10.64 15.88 12.90 11.69 12.79 11.82 9.33 11.12 17.98 17.52 16.10 14.62 13.05 11.99 11.48 10.85 9.79 9.92 9.39 8.39 8.97 9.07 10.65 15.00 14.30 14.67 16.61 16.71 14.51 -9999 -9999 -9999 -9999 -9999 -9999 -9999 -9999 -9999 -9999 -9999 -9999 -9999 -9999 -9999 -9999
-9999 -9999 -9999 -9999 -9999 -9999 -9999 -9999 -9999 -9999 -9999 -9999 -9999 -9999 -9999 -9999 -9999 -9999 -9999 -9999 -9999 -9999 13.16 10.55 13.70 16.53 10.59 29.18 23.79 11.79 14.54 10.95 16.92 17.97 12.39 10.57 12.16 12.53 9.48 21.13 19.14 18.70 19.72 20.02 18.29 12.81 14.05 11.48 10.48 10.19 9.83 9.61 9.42 8.43 9.55 13.48 11.85 11.31 12.41 14.65 12.80 17.33 -9999 -9999 -9999 -9999 -9999 -9999 -9999 -9999 -9999 -9999 -9999 -9999 -9999 -9999 -9999
-9999 -9999 -9999 -9999 -9999 -9999 -9999 -9999 -9999 -9999 16.08 16.69 17.32 -9999 -9999 -9999 -9999 -9999 -9999 -9999 -9999 -9999 -9999 13.76 11.73 10.32 13.99 16.84 21.42 11.28 6.71 14.13 12.97 11.60 9.98 12.89 13.30 11.41 12.88 16.98 17.49 23.25 21.42 17.86 16.56 17.11 14.27 11.82 10.79 10.12 10.06 9.16 8.78 15.21 13.36 18.06 18.57 16.62 14.76 10.85 15.58 16.56 15.23 -9999 -9999 -9999 -9999 -9999 -9999 -9999 -9999 -9999 -9999 -9999 -9999 -9999 -9999
-9999 -9999 -9999 -9999 -9999 -9999 -9999 -9999 -9999 -9999 14.30 14.26 -9999 -9999 -9999 -9999 -9999 -9999 -9999 -9999 -9999 -9999 -9999 -9999 12.33 8.88 14.87 15.19 26.71 13.72 13.52 11.90 8.21 6.89 7.81 7.72 20.33 11.26 13.32 21.12 17.18 13.07 12.14 18.93 12.96 17.04 13.66 11.45 10.28 9.88 9.04 9.74 13.66 15.35 13.76 12.85 11.74 13.31 14.78 14.10 14.96 14.80 18.20 -9999 -9999 -9999 -9999 -9999 -9999 -9999 -9999 -9999 -9999 -9999 -9999 -9999 -9999
-9999 -9999 -9999 -9999 -9999 -9999 -9999 -9999 -9999 13.11 17.07 16.36 15.57 -9999 -9999 -9999 -9999 -9999 -9999 -9999 -9999 -9999 -9999 -9999 13.10 15.49 16.14 16.85 13.30 14.78 11.46 10.22 8.14 7.22 10.19 8.11 6.96 20.73 14.33 13.38 19.27 16.41 20.89 16.33 16.87 14.23 12.99 11.68 11.08 9.63 8.64 10.49 12.90 11.98 13.25 14.24 13.11 13.60 13.09 13.56 14.21 12.07 16.81 15.67 -9999 -9999 -9999 -9999 -9999 -9999 -9999 -9999 -9999 -9999 -9999 -9999 -9999
-9999 -9999 -9999 -9999 -9999 -9999 -9999 -9999 11.67 16.96 19.03 24.37 15.54 -9999 -9999 -9999 -9999 -9999 -9999 -9999 -9999 -9999 -9999 -9999 15.26 21.31 16.35 10.28 12.56 10.94 11.72 8.65 7.09 8.48 10.15 6.54 16.71 12.99 18.04 13.88 21.57 13.35 15.75 12.95 16.12 13.42 13.34 12.82 10.48 9.94 8.64 8.70 13.70 14.78 14.32 12.25 12.10 11.31 11.16 11.62 14.27 14.44 14.04 15.83 -9999 -9999 -9999 -9999 -9999 -9999 -9999 -9999 -9999 -9999 -9999 -9999 -9999
-9999 -9999 -9999 -9999 -9999 -9999 -9999 14.45 12.54 22.06 17.47 17.22 -9999 -9999 -9999 -9999 -9999 -9999 -9999 -9999 -9999 -9999 -9999 -9999 -9999 15.15 11.46 10.33 13.57 9.45 12.57 9.47 8.23 7.76 8.50 6.17 16.03 16.47 18.57 18.06 20.07 19.87 19.96 18.29 17.08 16.93 15.71 11.96 10.84 10.19 8.98 8.47 9.85 17.11 15.39 11.33 10.23 10.11 9.43 9.59 9.98 10.52 10.29 12.11 14.98 16.68 -9999 -9999 -9999 -9999 -9999 -9999 -9999 -9999 -9999 -9999 -9999
-9999 -9999 -9999 -9999 -9999 -9999 -9999 17.91 19.54 13.64 14.56 15.79 -9999 -9999 -9999 -9999 -9999 -9999 -9999 -9999 -9999 -9999 -9999 -9999 -9999 -9999 12.51 12.79 11.45 9.91 11.86 10.68 10.40 9.37 10.03 6.66 16.25 15.00 13.66 18.03 16.89 15.49 22.04 22.13 16.66 18.80 16.44 15.06 11.61 10.53 9.51 8.87 9.40 11.10 11.81 10.66 10.47 10.13 9.94 9.53 9.61 9.70 10.01 14.56 15.34 15.33 -9999 -9999 -9999 -9999 -9999 -9999 -9999 -9999 -9999 -9999 -9999
-9999 -9999 -9999 -9999 -9999 -9999 -9999 19.15 16.60 17.46 16.25 -9999 -9999 -9999 -9999 -9999 -9999 -9999 -9999 -9999 -9999 -9999 -9999 -9999 -9999 -9999 14.13 13.60 12.47 -9999 12.50 -9999 11.31 9.81 8.95 7.35 7.98 15.99 14.31 15.52 21.34 10.70 12.50 21.38 18.62 17.59 16.76 14.53 12.32 11.76 11.80 10.69 10.08 10.25 11.50 12.95 11.11 11.80 10.25 9.36 11.01 12.80 12.19 11.26 11.42 14.48 17.87 19.27 -9999 -9999 -9999 -9999 -9999 -9999 -9999 -9999 -9999
-9999 -9999 -9999 -9999 -9999 -9999 19.27 17.40 16.66 -9999 -9999 -9999 -9999 -9999 -9999 -9999 -9999 -9999 -9999 -9999 -9999 -9999 -9999 -9999 -9999 -9999 15.89 14.04 12.52 -9999 -9999 -9999 11.11 12.08 7.79 9.49 11.54 9.38 8.92 11.90 18.68 18.34 10.79 17.76 20.45 16.30 17.81 15.82 13.94 11.26 11.53 10.97 10.50 10.32 10.54 10.96 10.78 11.16 9.36 10.71 12.58 13.73 14.13 13.78 12.45 12.68 15.04 17.57 -9999 -9999 -9999 -9999 -9999 -9999 -9999 -9999 -9999
-9999 -9999 -9999 -9999 -9999 -9999 -9999 -9999 -9999 -9999 -9999 -9999 -9999 -9999 -9999 -9999 -9999 -9999 -9999 -9999 -9999 -9999 -9999 -9999 -9999 -9999 -9999 -9999 -9999 -9999 -9999 12.42 9.35 9.05 12.17 13.93 14.80 14.50 11.85 12.55 17.09 16.65 13.71 10.99 16.32 18.60 16.06 14.62 13.27 12.03 11.60 11.68 10.66 10.16 10.10 9.98 9.70 8.80 10.48 15.15 13.08 14.05 12.75 12.76 11.42 12.82 14.86 -9999 -9999 -9999 -9999 -9999 -9999 -9999 -9999 -9999 -9999
-9999 -9999 -9999 -9999 -9999 -9999 -9999 -9999 -9999 -9999 -9999 -9999 -9999 -9999 -9999 -9999 -9999 -9999 -9999 -9999 -9999 -9999 -9999 -9999 -9999 -9999 -9999 -9999 -9999 -9999 -9999 11.34 8.75 10.87 15.60 19.67 17.44 12.77 14.38 10.61 11.61 10.86 13.49 14.46 16.06 16.63 15.86 14.00 13.17 12.51 11.34 11.41 10.26 9.95 9.88 9.90 9.61 8.67 9.84 16.26 15.43 12.82 12.12 11.66 11.30 12.78 15.29 -9999 -9999 -9999 -9999 -9999 -9999 -9999 -9999 -9999 -9999
-9999 -9999 -9999 -9999 -9999 -9999 -9999 -9999 -9999 -9999 -9999 -9999 -9999 -9999 -9999 -9999 -9999 -9999 -9999 -9999 -9999 -9999 -9999 -9999 -9999 -9999 -9999 -9999 -9999 -9999 -9999 10.02 7.71 8.54 13.52 15.60 14.78 13.19 12.86 11.87 12.67 11.05 11.13 12.11 9.97 16.38 13.98 15.44 13.44 12.87 10.88 10.20 9.97 9.65 9.66 9.63 9.63 9.27 9.30 12.85 14.58 13.40 12.25 11.95 11.48 12.57 14.65 -9999 -9999 -9999 -9999 -9999 -9999 -9999 -9999 -9999 -9999
-9999 -9999 -9999 -9999 -9999 -9999 -9999 -9999 -9999 -9999 -9999 -9999 -9999 -9999 -9999 -9999 -9999 -9999 -9999 -9999 -9999 -9999 -9999 -9999 -9999 -9999 -9999 -9999 -9999 14.48 11.80 8.87 7.33 11.55 14.69 19.16 14.09 16.34 9.47 11.32 11.29 13.52 14.65 13.89 16.47 11.13 11.46 11.48 11.27 10.51 11.55 9.86 9.45 9.72 9.31 9.39 9.70 9.54 9.70 10.58 13.74 13.36 12.33 11.84 11.62 11.92 13.44 15.62 -9999 -9999 -9999 -9999 -9999 -9999 -9999 -9999 -9999
-9999 -9999 -9999 -9999 -9999 -9999 -9999 -9999 -9999 -9999 -9999 -9999 -9999 -9999 -9999 -9999 -9999 -9999 -9999 -9999 -9999 -9999 -9999 -9999 -9999 -9999 -9999 -9999 -9999 13.22 10.35 8.69 7.86 8.80 13.59 10.53 10.44 8.03 10.62 15.43 12.15 15.05 14.23 15.99 10.72 16.17 12.64 14.21 13.26 13.03 11.02 10.18 9.46 9.10 9.08 9.32 9.53 9.77 9.81 10.08 11.46 13.73 12.94 11.89 11.77 11.36 12.09 14.50 -9999 -9999 -9999 -9999 -9999 -9999 -9999 -9999 -9999
-9999 -9999 -9999 -9999 -9999 -9999 -9999 -9999 -9999 -9999 -9999 -9999 -9999 -9999 -9999 -9999 -9999 -9999 -9999 -9999 -9999 -9999 -9999 -9999 -9999 -9999 -9999 -9999 -9999 13.15 10.09 9.05 8.49 9.08 10.26 10.99 9.73 8.55 11.07 11.89 11.15 13.97 17.41 13.74 12.87 10.62 13.09 10.38 11.13 11.79 11.95 10.44 9.87 9.07 9.03 9.31 9.56 9.83 10.03 10.09 10.87 13.03 14.24 12.46 11.60 11.17 11.08 12.74 15.16 -9999 -9999 -9999 -9999 -9999 -9999 -9999 -9999
-9999 -9999 -9999 -9999 -9999 -9999 -9999 -9999 -9999 -9999 -9999 -9999 -9999 -9999 -9999 -9999 -9999 -9999 -9999 -9999 -9999 -9999 -9999 -9999 -9999 -9999 -9999 -9999 -9999 12.69 10.27 9.55 9.51 9.29 9.34 9.41 10.68 12.42 9.07 9.28 11.12 17.67 17.60 18.84 16.29 13.01 12.34 12.93 10.67 9.53 10.94 11.44 9.84 9.12 9.18 9.16 9.57 10.02 10.45 10.50 10.90 13.55 15.42 13.64 12.65 12.06 11.13 11.37 13.54 15.82 -9999 -9999 -9999 -9999 -9999 -9999 -9999
-9999 -9999 -9999 -9999 -9999 -9999 -9999 -9999 -9999 -9999 -9999 -9999 -9999 -9999 -9999 -9999 -9999 -9999 -9999 -9999 -9999 -9999 -9999 -9999 -9999 -9999 -9999 -9999 -9999 12.70 10.01 9.36 9.08 8.70 8.24 9.70 9.48 10.99 11.75 14.63 16.83 18.15 14.58 17.10 14.48 13.82 11.43 13.27 12.12 10.67 9.63 9.34 9.55 9.17 9.26 9.49 9.94 10.31 10.86 11.26 11.69 12.59 14.25 13.91 13.02 12.69 12.28 11.69 11.88 14.30 -9999 -9999 -9999 -9999 -9999 -9999 -9999
-9999 -9999 -9999 -9999 -9999 -9999 -9999 -9999 -9999 -9999 -9999 -9999 -9999 -9999 -9999 -9999 -9999 -9999 -9999 -9999 -9999 -9999 -9999 -9999 -9999 -9999 -9999 -9999 -9999 -9999 10.08 9.49 8.91 8.06 8.78 11.88 12.21 13.15 11.42 11.18 14.42 14.36 16.98 15.87 12.65 9.99 10.73 10.54 12.11 10.58 10.03 10.77 10.25 9.32 9.66 9.75 10.19 10.39 10.83 11.40 12.01 12.57 12.50 12.91 13.16 13.26 -9999 12.74 13.18 14.55 17.12 -9999 -9999 -9999 -9999 -9999 -9999
-9999 -9999 -9999 -9999 -9999 -9999 -9999 -9999 -9999 -9999 -9999 -9999 -9999 -9999 -9999 -9999 -9999 -9999 -9999 -9999 -9999 -9999 -9999 -9999 -9999 -9999 -9999 -9999 -9999 12.31 9.97 9.36 8.36 7.57 7.80 13.81 14.88 11.98 15.91 15.27 12.65 12.56 18.86 16.51 17.08 12.79 9.99 12.65 10.34 9.31 10.22 10.38 9.85 10.07 9.72 9.91 10.17 10.55 10.56 10.81 13.16 12.38 11.56 13.47 12.51 12.82 12.83 -9999 14.37 15.58 17.62 19.19 -9999 -9999 -9999 -9999 -9999
-9999 -9999 -9999 -9999 -9999 -9999 -9999 -9999 -9999 -9999 -9999 -9999 -9999 -9999 -9999 -9999 -9999 -9999 -9999 -9999 -9999 -9999 -9999 -9999 -9999 -9999 -9999 -9999 -9999 11.81 9.50 9.01 8.29 10.36 8.90 10.67 15.09 10.69 11.26 11.82 9.17 9.38 15.34 15.22 15.42 10.89 13.42 14.36 10.80 12.01 10.62 11.28 10.94 10.44 9.90 9.99 10.15 10.26 10.16 10.14 10.60 11.41 10.20 10.63 11.74 11.28 12.59 13.27 -9999 -9999 -9999 -9999 -9999 -9999 -9999 -9999 -9999
-9999 -9999 -9999 -9999 -9999 -9999 -9999 -9999 -9999 -9999 -9999 -9999 -9999 -9999 -9999 -9999 -9999 -9999 -9999 -9999 -9999 -9999 -9999 -9999 -9999 -9999 -9999 -9999 14.36 10.80 9.06 10.11 9.55 9.74 9.14 10.66 11.03 10.21 9.84 9.22 8.94 9.55 13.76 17.87 18.61 12.85 16.30 15.15 11.29 11.39 9.82 10.62 11.12 10.48 9.88 10.28 10.26 10.18 10.33 10.06 10.40 10.70 10.46 10.17 12.29 11.72 11.72 12.19 13.98 15.84 -9999 -9999 -9999 -9999 -9999 -9999 -9999
-9999 -9999 -9999 -9999 -9999 -9999 -9999 -9999 -9999 -9999 -9999 -9999 -9999 -9999 -9999 -9999 -9999 -9999 -9999 -9999 -9999 -9999 -9999 -9999 -9999 -9999 -9999 -9999 -9999 11.09 9.24 9.15 9.77 12.37 9.32 8.99 8.96 9.56 9.95 9.16 8.74 8.57 9.27 15.28 17.94 19.60 15.67 16.03 14.00 12.04 12.18 9.24 9.73 11.29 10.08 10.11 10.01 10.04 10.36 10.14 10.30 10.88 10.41 9.72 10.00 13.51 12.06 11.51 12.10 13.36 15.19 17.29 -9999 -9999 -9999 -9999 -9999
