ML/MeanWindSpeed_1996-04_Actual.txt
ncols         180
nrows         290
xllcorner     -200000
yllcorner     -200000
cellsize      5000
NODATA_value  -9999
[rows 210 to 244 of 290, columns 78 to 155 of 180]
11.28 11.53 9.87 11.49 10.89 -9999 -9999 -9999 -9999 -9999 -9999 -9999 5.84 5.98 6.85 5.71 6.22 6.96 8.96 10.81 13.07 12.15 10.07 8.24 7.95 6.70 9.23 9.43 6.19 5.26 9.04 8.73 9.44 6.20 5.68 5.97 5.86 6.98 7.50 6.91 6.97 6.64 6.34 6.16 5.98 5.74 5.71 5.55 6.20 5.71 5.71 5.63 5.57 5.65 5.48 6.12 7.55 7.56 6.64 7.83 7.72 7.24 7.07 6.40 6.27 7.01 7.42 6.94 6.29 6.07 7.09 6.01 6.31 7.24 6.56 6.47 6.30 5.30
-9999 11.24 -9999 -9999 -9999 -9999 -9999 -9999 -9999 -9999 10.01 8.60 8.19 9.33 8.44 7.23 6.49 7.11 7.52 9.70 11.00 10.54 6.74 6.40 10.04 8.59 8.15 6.32 5.65 5.51 8.05 7.72 7.40 6.09 6.04 6.29 5.22 8.09 8.15 6.76 6.77 6.39 6.34 6.24 6.00 6.46 5.96 6.05 5.49 5.45 5.44 5.49 5.38 5.74 5.26 6.62 8.38 7.20 7.56 5.78 7.18 6.86 6.49 7.38 7.11 7.19 7.62 6.81 6.09 6.10 5.94 6.48 7.02 6.30 6.72 6.40 5.51 4.98
-9999 -9999 -9999 -9999 -9999 -9999 -9999 -9999 -9999 -9999 11.15 10.63 8.65 9.78 10.11 -9999 -9999 6.96 9.85 5.39 7.02 6.79 7.06 7.95 9.46 6.67 5.93 6.46 6.52 7.17 7.35 7.18 6.73 6.47 7.18 5.90 6.18 7.91 6.64 6.26 6.06 6.27 6.84 6.68 6.17 6.22 5.72 5.78 6.35 6.78 6.34 6.71 5.51 5.20 6.03 8.24 6.51 6.78 6.46 5.18 6.86 6.69 6.66 6.76 6.78 6.58 6.46 7.74 6.48 6.17 5.95 5.92 6.00 5.72 5.35 6.62 5.78 5.93
-9999 -9999 -9999 -9999 -9999 -9999 -9999 -9999 -9999 -9999 -9999 -9999 -9999 -9999 -9999 -9999 -9999 8.15 7.13 7.05 5.99 5.12 5.27 5.88 6.98 6.74 6.89 7.56 8.30 8.70 8.31 -9999 6.98 6.57 6.30 5.82 6.27 7.65 6.62 6.68 6.23 5.65 5.72 6.64 6.02 6.21 7.36 7.49 7.22 7.97 8.66 7.14 6.66 6.36 6.38 7.39 6.21 6.36 6.43 5.89 5.95 6.12 6.79 7.04 6.62 6.29 6.40 6.40 6.22 6.03 5.84 5.77 5.74 5.84 5.84 6.08 5.91 6.04
-9999 -9999 -9999 -9999 -9999 -9999 -9999 -9999 -9999 -9999 -9999 -9999 -9999 -9999 -9999 -9999 -9999 -9999 8.04 6.94 5.97 6.10 6.73 5.67 5.85 6.67 8.08 -9999 -9999 -9999 -9999 8.01 6.90 6.51 5.90 5.71 6.31 7.70 6.75 7.00 6.39 5.48 6.39 6.16 7.57 7.12 8.90 7.49 7.62 7.22 7.53 7.23 6.47 7.18 5.39 5.88 6.42 5.39 5.77 5.59 5.62 5.81 5.95 6.15 6.32 5.84 5.75 5.63 5.72 5.62 6.76 6.94 5.78 5.73 5.83 5.97 6.14 6.74
-9999 -9999 -9999 -9999 -9999 -9999 -9999 -9999 -9999 -9999 -9999 -9999 -9999 -9999 -9999 -9999 -9999 -9999 -9999 8.02 9.02 7.88 6.87 7.20 7.35 8.56 -9999 -9999 -9999 -9999 8.84 8.48 8.17 5.28 5.06 5.26 7.42 7.90 7.39 6.77 5.80 5.89 5.81 7.29 8.66 7.67 7.73 7.04 7.17 6.93 5.95 6.39 6.37 5.95 5.85 5.81 5.83 5.48 5.67 6.26 6.62 6.86 5.95 6.03 6.05 5.72 6.12 5.87 6.13 5.63 6.32 6.17 6.03 6.86 5.97 6.63 6.71 7.15
-9999 -9999 -9999 -9999 -9999 -9999 -9999 -9999 -9999 -9999 -9999 -9999 -9999 -9999 -9999 -9999 -9999 -9999 -9999 -9999 8.82 8.88 7.98 8.23 8.01 10.18 -9999 -9999 -9999 8.40 6.69 6.03 7.52 6.99 6.24 5.12 6.39 5.60 7.28 6.63 5.28 6.59 7.57 7.51 7.07 7.78 6.97 6.57 6.34 5.81 5.69 5.57 5.76 6.26 5.99 5.53 5.62 5.75 5.80 6.52 6.36 6.60 6.39 5.92 5.97 5.60 5.49 5.40 5.78 5.79 5.97 5.84 6.67 6.90 7.14 6.88 5.86 7.38
-9999 -9999 -9999 -9999 -9999 -9999 -9999 -9999 -9999 -9999 -9999 -9999 -9999 -9999 -9999 -9999 -9999 -9999 -9999 -9999 -9999 -9999 -9999 -9999 -9999 -9999 -9999 -9999 10.56 7.38 5.83 5.45 7.12 5.51 6.17 6.82 6.54 6.42 6.68 5.35 5.19 5.60 6.57 6.39 6.67 6.79 7.08 6.88 6.72 8.13 6.57 6.62 6.01 6.47 6.48 5.75 5.81 5.46 5.84 6.47 5.94 5.65 5.79 5.86 5.75 6.12 5.66 6.12 5.81 6.82 7.26 6.83 5.74 8.00 8.62 7.24 5.97 8.42
-9999 -9999 -9999 -9999 -9999 -9999 -9999 -9999 -9999 -9999 -9999 -9999 -9999 -9999 -9999 -9999 -9999 -9999 -9999 -9999 -9999 -9999 -9999 -9999 -9999 -9999 -9999 -9999 8.36 7.60 6.27 10.80 8.87 5.56 6.19 6.76 6.99 7.24 5.68 5.35 5.33 5.25 6.31 6.06 5.93 7.64 7.57 8.72 7.41 7.63 8.80 7.17 6.59 6.40 5.89 5.74 5.54 5.44 5.79 5.69 5.89 5.58 5.43 5.51 5.46 5.86 7.52 6.86 7.52 7.81 8.66 7.18 5.92 6.88 7.07 5.95 5.46 6.14
-9999 -9999 -9999 -9999 -9999 -9999 -9999 -9999 -9999 -9999 -9999 -9999 -9999 -9999 -9999 -9999 -9999 -9999 -9999 -9999 -9999 -9999 -9999 -9999 -9999 -9999 -9999 -9999 7.80 5.85 4.87 6.77 9.97 8.76 7.80 6.72 7.82 6.15 5.88 5.46 7.16 7.21 7.71 7.19 6.41 6.57 6.58 7.04 7.53 7.58 6.84 6.77 6.72 6.63 6.03 5.77 5.75 5.70 6.14 5.84 5.69 5.29 5.47 6.36 7.18 6.50 7.34 6.85 6.63 6.67 7.43 9.01 8.52 6.23 6.00 6.53 6.77 6.52
-9999 -9999 -9999 -9999 -9999 -9999 -9999 -9999 -9999 -9999 -9999 10.34 10.71 8.61 13.17 12.32 11.92 11.69 13.40 6.06 11.53 7.28 -9999 -9999 -9999 -9999 -9999 -9999 7.05 5.87 5.43 4.34 5.40 7.51 8.89 8.15 6.89 6.13 6.19 6.92 8.08 7.29 6.47 6.45 6.07 6.08 6.55 6.26 5.93 5.81 6.35 5.91 6.64 7.14 7.88 6.79 6.24 6.65 6.52 5.84 6.49 5.66 5.45 6.74 7.65 6.42 5.90 6.18 6.04 5.73 5.51 5.79 5.66 5.06 4.96 5.05 5.15 4.99
-9999 -9999 -9999 -9999 -9999 -9999 -9999 -9999 -9999 -9999 -9999 12.46 11.72 11.54 9.21 11.14 12.62 11.42 11.61 11.72 8.67 7.21 6.05 7.34 10.06 8.26 7.51 6.57 6.23 5.58 5.12 4.54 3.95 4.56 7.20 7.35 6.54 5.78 8.66 7.09 6.04 6.57 6.99 6.14 6.04 7.09 6.74 6.77 6.42 6.35 5.35 5.67 6.35 6.57 6.64 7.30 7.53 6.06 5.75 5.36 5.20 6.21 5.47 9.11 7.41 7.00 6.42 6.00 6.12 5.82 6.57 6.52 5.17 6.58 6.04 6.58 5.27 5.37
-9999 -9999 -9999 -9999 -9999 -9999 -9999 -9999 -9999 -9999 10.52 9.32 8.69 7.99 6.85 9.01 11.41 10.54 9.36 9.52 9.55 8.21 6.80 6.46 7.67 9.02 6.45 5.92 5.39 5.45 6.27 4.86 4.60 5.83 5.87 5.76 6.20 8.58 6.79 7.97 7.25 6.50 5.71 6.30 6.32 7.23 7.25 6.71 7.12 5.99 6.25 6.07 6.06 6.04 7.34 7.98 6.03 5.45 5.69 7.81 6.20 5.74 5.97 5.91 6.34 6.73 6.49 6.36 6.89 7.74 6.76 5.70 5.55 7.09 6.48 6.34 6.61 6.33
-9999 -9999 -9999 -9999 -9999 -9999 -9999 -9999 -9999 -9999 -9999 8.14 6.72 5.94 7.50 7.05 7.43 9.91 8.41 6.74 5.94 8.35 10.22 8.22 6.03 6.35 8.36 6.48 4.86 4.90 4.85 5.49 5.58 4.76 4.76 5.21 6.08 7.27 6.04 7.55 6.54 6.49 6.38 6.76 6.38 7.24 7.42 7.23 5.91 5.86 6.47 5.62 5.16 5.07 6.10 7.18 7.04 5.58 5.97 6.99 6.76 6.01 5.27 5.27 5.23 5.77 7.57 7.32 7.02 7.52 8.36 7.43 6.75 7.20 7.09 6.18 6.97 5.89
-9999 -9999 -9999 -9999 -9999 -9999 -9999 11.15 -9999 -9999 9.44 7.96 8.46 5.36 6.99 5.46 5.07 5.21 5.63 6.60 5.29 7.15 8.50 6.30 5.05 3.89 4.33 4.55 4.34 4.47 4.82 5.61 4.75 4.58 5.05 6.72 5.44 6.37 5.39 6.29 5.95 6.95 7.76 7.11 6.26 5.90 5.96 5.79 5.60 6.95 6.02 5.34 7.15 5.68 5.66 7.32 8.44 5.27 5.63 5.89 5.73 5.41 5.25 5.25 5.83 6.55 7.01 6.17 5.74 5.74 6.32 6.37 6.27 6.77 6.04 5.96 5.85 5.28
-9999 -9999 -9999 -9999 -9999 -9999 10.50 11.70 11.55 10.99 8.29 7.33 8.89 6.36 5.05 5.60 4.86 6.04 6.38 7.22 5.81 5.37 5.85 4.88 3.94 3.36 3.72 4.61 5.03 4.28 4.30 4.52 4.31 4.45 6.01 6.05 5.16 5.91 6.38 7.63 6.82 6.91 8.19 6.90 6.73 5.53 6.06 5.78 6.19 5.56 5.38 4.94 6.18 6.26 5.37 6.23 5.81 5.24 5.04 4.72 5.55 5.69 5.63 5.31 5.12 5.22 5.17 5.46 5.66 5.46 4.84 5.41 5.86 6.65 6.98 6.52 5.33 6.17
-9999 -9999 -9999 -9999 -9999 -9999 10.02 10.12 9.13 9.40 8.26 7.32 6.02 7.74 7.54 6.45 7.62 7.29 6.66 7.84 6.69 6.39 6.19 4.16 5.41 7.27 6.44 5.36 4.65 4.04 4.59 5.08 5.43 4.91 6.01 5.29 5.95 5.25 4.72 6.24 7.52 6.38 6.41 6.24 5.79 5.78 6.38 5.68 5.19 5.87 6.09 4.90 5.42 5.59 5.49 6.25 6.70 6.84 8.30 5.59 5.68 5.08 4.95 5.17 5.36 5.08 4.95 5.26 5.86 5.48 5.08 4.82 5.66 5.83 6.00 6.19 6.41 5.27
-9999 -9999 -9999 -9999 -9999 -9999 10.21 8.90 8.35 8.62 7.86 7.75 6.33 6.72 6.83 5.55 6.78 6.85 7.21 7.40 6.96 4.51 3.54 3.52 6.13 6.23 6.60 7.19 5.06 4.75 4.98 4.39 5.36 4.70 5.54 5.09 5.32 5.18 4.61 6.18 5.70 5.79 5.66 5.50 5.51 5.62 6.21 6.30 5.27 5.08 5.39 6.29 5.11 5.43 5.20 5.58 5.81 6.14 7.09 6.52 7.29 8.16 4.82 8.25 6.81 5.19 5.53 8.67 8.49 7.95 4.98 4.86 4.99 4.86 5.47 5.21 6.42 7.33
-9999 -9999 -9999 -9999 -9999 -9999 8.38 7.95 7.76 7.46 6.76 6.66 6.14 5.55 6.59 6.00 5.99 6.63 5.72 5.75 5.61 5.65 3.30 4.32 6.46 5.54 6.72 6.89 5.44 5.66 6.07 4.89 5.14 5.28 5.21 5.18 5.33 5.94 6.85 4.84 5.59 5.45 5.40 5.27 5.34 5.54 5.95 5.36 5.60 5.39 5.79 6.19 6.75 6.09 6.94 6.31 5.79 5.66 5.49 5.24 5.30 5.75 5.33 7.13 7.00 7.77 7.41 7.95 8.39 8.92 5.48 5.52 5.24 5.24 5.50 6.29 7.40 7.60
-9999 -9999 -9999 -9999 -9999 -9999 7.33 7.23 7.26 7.57 7.87 6.94 6.42 5.66 6.02 7.30 6.59 5.95 5.11 5.50 5.28 5.13 4.92 3.97 4.11 3.65 6.06 5.12 3.58 6.58 6.44 5.28 7.81 6.41 6.92 7.57 6.93 6.42 6.92 5.64 4.86 5.34 5.24 4.77 5.11 5.23 5.70 5.14 5.64 6.41 6.97 6.75 6.75 6.93 6.91 7.05 6.97 6.57 5.94 5.69 5.98 6.51 6.86 7.23 7.43 7.73 -9999 -9999 7.36 7.89 7.64 7.12 6.19 8.93 6.85 -9999 -9999 -9999
-9999 -9999 -9999 -9999 -9999 9.94 7.90 7.66 6.82 7.76 7.91 8.81 7.22 7.58 6.93 7.42 6.64 5.79 5.21 5.18 4.95 4.74 4.89 4.84 4.88 5.28 5.29 3.75 6.47 7.26 4.93 4.46 5.46 5.42 6.64 6.63 5.60 5.35 5.17 5.11 5.93 5.64 5.71 5.33 5.37 5.74 6.51 6.38 6.21 6.38 6.59 6.87 -9999 -9999 7.79 8.45 8.55 8.09 7.70 7.34 7.50 -9999 -9999 -9999 -9999 -9999 -9999 -9999 -9999 -9999 -9999 7.60 8.09 9.75 8.23 -9999 -9999 -9999
-9999 -9999 -9999 -9999 11.20 9.55 7.79 8.16 6.87 6.77 6.76 7.11 6.74 9.65 10.05 8.46 7.53 7.21 7.33 5.95 5.15 4.87 5.45 5.44 7.63 8.10 7.47 6.89 8.42 5.74 5.87 5.85 6.58 7.34 5.70 4.53 5.19 4.45 4.77 4.76 5.09 5.07 6.45 7.41 7.42 7.06 7.06 7.47 6.90 -9999 6.14 6.96 6.84 7.32 7.94 -9999 -9999 -9999 -9999 8.74 -9999 -9999 -9999 -9999 -9999 -9999 -9999 -9999 -9999 -9999 -9999 -9999 -9999 -9999 -9999 -9999 -9999 -9999
-9999 -9999 -9999 12.26 11.30 10.65 9.04 7.20 6.71 6.37 5.49 5.72 7.32 12.05 13.12 8.16 7.15 9.70 6.55 8.03 5.53 5.08 7.92 6.63 6.18 6.26 6.64 -9999 -9999 -9999 -9999 -9999 6.42 7.80 7.38 5.69 5.49 5.09 4.64 4.84 4.87 5.52 6.66 -9999 -9999 -9999 -9999 -9999 8.06 8.35 7.46 6.67 6.64 8.45 8.15 -9999 -9999 -9999 -9999 -9999 -9999 -9999 -9999 -9999 -9999 -9999 -9999 -9999 -9999 -9999 -9999 -9999 -9999 -9999 -9999 -9999 -9999 -9999
-9999 -9999 7.81 9.02 10.60 10.50 8.90 8.34 7.57 5.61 6.47 6.91 9.24 11.41 12.51 10.94 9.58 7.60 8.58 6.60 6.76 6.10 7.93 7.56 -9999 -9999 -9999 -9999 -9999 -9999 -9999 -9999 -9999 6.35 6.87 5.79 7.09 7.96 8.39 6.31 8.44 8.22 8.80 -9999 -9999 -9999 -9999 -9999 -9999 -9999 7.30 7.83 6.50 7.35 -9999 -9999 -9999 -9999 -9999 -9999 -9999 -9999 -9999 -9999 -9999 -9999 -9999 -9999 -9999 -9999 -9999 -9999 -9999 -9999 -9999 -9999 -9999 -9999
9.13 9.31 7.63 8.10 9.40 10.74 10.80 8.92 6.83 6.63 7.44 7.66 8.58 10.89 9.24 9.39 8.93 9.85 4.34 6.75 9.90 7.32 -9999 -9999 -9999 -9999 -9999 -9999 -9999 -9999 -9999 -9999 -9999 -9999 -9999 7.31 -9999 -9999 -9999 -9999 7.10 9.58 10.02 -9999 -9999 -9999 -9999 -9999 -9999 -9999 -9999 7.48 9.52 8.01 -9999 -9999 -9999 -9999 -9999 -9999 -9999 -9999 -9999 -9999 -9999 -9999 -9999 -9999 -9999 -9999 -9999 -9999 -9999 -9999 -9999 -9999 -9999 -9999
8.61 8.06 6.56 7.71 9.35 9.73 10.39 9.13 7.96 8.84 5.96 5.15 6.84 9.53 9.41 7.56 6.17 7.93 5.37 4.93 6.30 -9999 -9999 -9999 -9999 -9999 -9999 -9999 -9999 -9999 -9999 -9999 -9999 -9999 -9999 8.40 -9999 -9999 -9999 -9999 -9999 -9999 -9999 -9999 -9999 -9999 -9999 -9999 -9999 -9999 -9999 -9999 -9999 -9999 -9999 -9999 -9999 -9999 -9999 -9999 -9999 -9999 -9999 -9999 -9999 -9999 -9999 -9999 -9999 -9999 -9999 -9999 -9999 -9999 -9999 -9999 -9999 -9999
9.83 8.42 6.52 7.77 8.12 8.05 8.68 8.16 7.92 8.99 5.35 5.08 6.30 8.21 12.15 12.36 5.53 6.01 5.80 6.29 8.54 -9999 -9999 -9999 -9999 -9999 -9999 -9999 -9999 -9999 -9999 -9999 -9999 -9999 -9999 -9999 -9999 -9999 -9999 -9999 -9999 -9999 -9999 -9999 -9999 -9999 -9999 -9999 -9999 -9999 -9999 -9999 -9999 -9999 -9999 -9999 -9999 -9999 -9999 -9999 -9999 -9999 -9999 -9999 -9999 -9999 -9999 -9999 -9999 -9999 -9999 -9999 -9999 -9999 -9999 -9999 -9999 -9999
8.32 9.69 8.55 8.51 7.85 8.46 7.55 7.19 7.09 5.90 6.23 5.67 5.53 8.16 10.08 9.63 7.59 5.28 5.50 8.49 7.32 -9999 -9999 -9999 -9999 -9999 -9999 -9999 -9999 -9999 -9999 -9999 -9999 -9999 -9999 -9999 -9999 -9999 -9999 -9999 -9999 -9999 -9999 -9999 -9999 -9999 -9999 -9999 -9999 -9999 -9999 -9999 -9999 -9999 -9999 -9999 -9999 -9999 -9999 -9999 -9999 -9999 -9999 -9999 -9999 -9999 -9999 -9999 -9999 -9999 -9999 -9999 -9999 -9999 -9999 -9999 -9999 -9999
8.58 10.53 9.64 9.38 7.68 8.18 7.47 9.69 8.76 7.07 6.74 7.49 5.88 6.25 6.99 6.83 6.27 6.06 6.68 7.43 7.63 -9999 -9999 -9999 -9999 -9999 -9999 -9999 -9999 -9999 -9999 -9999 -9999 -9999 -9999 -9999 -9999 -9999 -9999 -9999 -9999 -9999 -9999 -9999 -9999 -9999 -9999 -9999 -9999 -9999 -9999 -9999 -9999 -9999 -9999 -9999 -9999 -9999 -9999 -9999 -9999 -9999 -9999 -9999 -9999 -9999 -9999 -9999 -9999 -9999 -9999 -9999 -9999 -9999 -9999 -9999 -9999 -9999
7.65 8.13 8.38 7.66 8.80 10.45 9.98 8.29 8.43 8.48 8.56 7.42 7.91 6.89 5.62 5.77 7.05 8.01 8.18 7.35 8.33 -9999 -9999 -9999 -9999 -9999 -9999 -9999 -9999 -9999 -9999 -9999 -9999 -9999 -9999 -9999 -9999 -9999 -9999 -9999 -9999 -9999 -9999 -9999 -9999 -9999 -9999 -9999 -9999 -9999 -9999 -9999 -9999 -9999 -9999 -9999 -9999 -9999 -9999 -9999 -9999 -9999 -9999 -9999 -9999 -9999 -9999 -9999 -9999 -9999 -9999 -9999 -9999 -9999 -9999 -9999 -9999 -9999
7.24 8.31 8.74 -9999 -9999 -9999 -9999 -9999 -9999 -9999 -9999 -9999 8.82 9.46 7.89 6.98 6.34 7.41 8.02 7.57 -9999 -9999 -9999 -9999 -9999 -9999 -9999 -9999 -9999 -9999 -9999 -9999 -9999 -9999 -9999 -9999 -9999 -9999 -9999 -9999 -9999 -9999 -9999 -9999 -9999 -9999 -9999 -9999 -9999 -9999 -9999 -9999 -9999 -9999 -9999 -9999 -9999 -9999 -9999 -9999 -9999 -9999 -9999 -9999 -9999 -9999 -9999 -9999 -9999 -9999 -9999 -9999 -9999 -9999 -9999 -9999 -9999 -9999
9.02 8.84 9.57 -9999 -9999 -9999 -9999 -9999 -9999 -9999 -9999 -9999 -9999 -9999 -9999 7.64 6.84 6.92 7.30 -9999 -9999 -9999 -9999 -9999 -9999 -9999 -9999 -9999 -9999 -9999 -9999 -9999 -9999 -9999 -9999 -9999 -9999 -9999 -9999 -9999 -9999 -9999 -9999 -9999 -9999 -9999 -9999 -9999 -9999 -9999 -9999 -9999 -9999 -9999 -9999 -9999 -9999 -9999 -9999 -9999 -9999 -9999 -9999 -9999 -9999 -9999 -9999 -9999 -9999 -9999 -9999 -9999 -9999 -9999 -9999 -9999 -9999 -9999
9.10 -9999 -9999 -9999 -9999 -9999 -9999 -9999 -9999 -9999 -9999 -9999 -9999 -9999 -9999 8.72 9.95 10.39 9.64 -9999 -9999 -9999 -9999 -9999 -9999 -9999 -9999 -9999 -9999 -9999 -9999 -9999 -9999 -9999 -9999 -9999 -9999 -9999 -9999 -9999 -9999 -9999 -9999 -9999 -9999 -9999 -9999 -9999 -9999 -9999 -9999 -9999 -9999 -9999 -9999 -9999 -9999 -9999 -9999 -9999 -9999 -9999 -9999 -9999 -9999 -9999 -9999 -9999 -9999 -9999 -9999 -9999 -9999 -9999 -9999 -9999 -9999 -9999
-9999 -9999 -9999 -9999 -9999 -9999 -9999 -9999 -9999 -9999 -9999 -9999 -9999 -9999 -9999 -9999 -9999 -9999 -9999 -9999 -9999 -9999 -9999 -9999 -9999 -9999 -9999 -9999 -9999 -9999 -9999 -9999 -9999 -9999 -9999 -9999 -9999 -9999 -9999 -9999 -9999 -9999 -9999 -9999 -9999 -9999 -9999 -9999 -9999 -9999 -9999 -9999 -9999 -9999 -9999 -9999 -9999 -9999 -9999 -9999 -9999 -9999 -9999 -9999 -9999 -9999 -9999 -9999 -9999 -9999 -9999 -9999 -9999 -9999 -9999 -9999 -9999 -9999
-9999 -9999 -9999 -9999 -9999 -9999 -9999 -9999 -9999 -9999 -9999 -9999 -9999 -9999 -9999 -9999 -9999 -9999 -9999 -9999 -9999 -9999 -9999 -9999 -9999 -9999 -9999 -9999 -9999 -9999 -9999 -9999 -9999 -9999 -9999 -9999 -9999 -9999 -9999 -9999 -9999 -9999 -9999 -9999 -9999 -9999 -9999 -9999 -9999 -9999 -9999 -9999 -9999 -9999 -9999 -9999 -9999 -9999 -9999 -9999 -9999 -9999 -9999 -9999 -9999 -9999 -9999 -9999 -9999 -9999 -9999 -9999 -9999 -9999 -9999 -9999 -9999 -9999
