ML/MeanWindSpeed_1998-04_Actual.txt
ncols         180
nrows         290
xllcorner     -200000
yllcorner     -200000
cellsize      5000
NODATA_value  -9999
[rows 140 to 174 of 290, columns 78 to 155 of 180]
-9999 -9999 -9999 12.43 -9999 -9999 -9999 11.00 11.33 9.94 9.68 10.44 -9999 -9999 11.01 9.34 11.81 12.86 -9999 -9999 -9999 -9999 -9999 10.13 9.13 6.96 6.97 6.26 6.97 7.17 8.10 8.61 6.80 9.21 11.68 12.37 9.24 11.11 11.99 12.45 9.73 10.16 9.95 8.04 5.09 4.55 4.95 2.38 3.12 5.63 7.86 -9999 -9999 -9999 -9999 -9999 -9999 -9999 -9999 -9999 -9999 -9999 -9999 -9999 -9999 -9999 -9999 -9999 -9999 -9999 -9999 -9999 -9999 -9999 -9999 -9999 -9999 -9999
-9999 -9999 -9999 12.22 12.00 -9999 -9999 -9999 11.01 11.74 11.27 11.41 -9999 -9999 -9999 -9999 11.28 -9999 -9999 -9999 -9999 -9999 -9999 9.04 8.45 7.75 8.18 8.21 8.10 7.80 8.24 7.97 7.59 8.12 11.29 12.11 7.59 13.24 12.90 14.05 10.30 10.01 11.34 8.15 5.80 4.70 3.03 1.84 3.11 5.56 7.99 -9999 -9999 -9999 -9999 -9999 -9999 -9999 -9999 -9999 -9999 -9999 -9999 -9999 -9999 -9999 -9999 -9999 -9999 -9999 -9999 -9999 -9999 -9999 -9999 -9999 -9999 -9999
-9999 -9999 -9999 -9999 13.46 -9999 -9999 -9999 -9999 11.30 12.33 11.89 -9999 -9999 -9999 -9999 -9999 -9999 -9999 -9999 -9999 -9999 9.72 8.96 9.37 9.42 9.51 10.52 10.05 9.32 9.34 8.81 8.92 8.03 9.45 15.40 14.37 13.31 13.21 10.71 9.60 9.51 7.16 4.66 6.39 6.14 2.81 2.40 3.93 6.08 8.75 10.50 -9999 -9999 -9999 -9999 -9999 -9999 -9999 -9999 -9999 -9999 -9999 -9999 -9999 -9999 -9999 -9999 -9999 -9999 -9999 -9999 -9999 -9999 -9999 -9999 -9999 -9999
-9999 -9999 -9999 -9999 14.58 -9999 -9999 -9999 -9999 -9999 -9999 -9999 -9999 -9999 -9999 -9999 -9999 -9999 -9999 -9999 -9999 -9999 9.55 8.14 7.53 6.99 6.89 14.69 11.23 9.58 11.73 8.85 10.23 6.57 7.34 13.27 16.73 12.35 10.70 15.47 17.39 15.16 11.58 9.23 4.53 4.73 4.17 5.22 5.01 6.50 9.50 10.82 11.07 -9999 -9999 -9999 -9999 -9999 -9999 -9999 -9999 -9999 -9999 -9999 -9999 -9999 -9999 -9999 -9999 -9999 -9999 -9999 -9999 -9999 -9999 -9999 -9999 -9999
-9999 -9999 -9999 -9999 -9999 -9999 -9999 -9999 -9999 -9999 -9999 -9999 -9999 -9999 -9999 -9999 -9999 -9999 -9999 -9999 -9999 9.46 8.56 7.34 6.61 10.20 5.91 19.10 17.02 8.68 9.79 8.47 8.07 8.73 6.65 8.42 17.84 17.08 14.44 12.57 11.32 13.37 12.22 10.28 7.59 5.93 5.40 5.20 5.65 7.68 8.64 9.06 9.75 -9999 -9999 -9999 -9999 -9999 -9999 -9999 -9999 -9999 -9999 -9999 -9999 -9999 -9999 -9999 -9999 -9999 -9999 -9999 -9999 -9999 -9999 -9999 -9999 -9999
-9999 -9999 -9999 -9999 -9999 -9999 -9999 -9999 -9999 -9999 -9999 -9999 -9999 -9999 -9999 -9999 -9999 -9999 -9999 -9999 -9999 8.50 9.12 6.32 8.39 16.75 9.47 6.17 11.71 12.37 9.51 8.58 8.16 8.12 7.88 9.51 12.58 21.17 16.92 14.43 11.55 10.88 10.46 8.23 7.58 7.18 7.92 6.48 7.72 7.57 8.16 8.00 8.32 8.78 9.06 9.17 -9999 -9999 -9999 -9999 -9999 -9999 -9999 -9999 -9999 -9999 -9999 -9999 -9999 -9999 -9999 -9999 -9999 -9999 -9999 -9999 -9999 -9999
-9999 -9999 -9999 -9999 -9999 -9999 -9999 -9999 -9999 -9999 -9999 -9999 -9999 -9999 -9999 -9999 -9999 -9999 -9999 -9999 -9999 8.60 8.26 7.83 11.74 7.66 7.92 9.62 14.43 10.55 8.18 11.70 6.17 9.06 8.59 10.14 10.45 13.53 14.82 13.54 12.00 10.79 8.07 7.96 7.30 6.85 6.73 7.25 7.37 7.86 7.41 7.34 7.48 10.40 8.42 9.54 10.40 10.18 -9999 -9999 -9999 -9999 -9999 -9999 -9999 -9999 -9999 -9999 -9999 -9999 -9999 -9999 -9999 -9999 -9999 -9999 -9999 -9999
-9999 -9999 -9999 -9999 -9999 -9999 -9999 -9999 -9999 -9999 -9999 -9999 -9999 -9999 -9999 -9999 -9999 -9999 -9999 -9999 -9999 8.71 8.52 9.71 15.62 16.98 12.15 8.48 10.60 11.62 13.75 8.14 11.63 9.64 8.83 10.45 10.80 8.83 8.97 13.31 12.18 10.78 9.57 8.40 7.84 8.00 8.09 7.67 7.96 7.76 7.16 7.45 7.28 7.87 10.43 9.87 9.92 11.25 11.19 9.13 -9999 -9999 -9999 -9999 -9999 -9999 -9999 -9999 -9999 -9999 -9999 -9999 -9999 -9999 -9999 -9999 -9999 -9999
-9999 -9999 -9999 -9999 -9999 -9999 -9999 -9999 -9999 -9999 -9999 -9999 -9999 -9999 -9999 -9999 -9999 -9999 -9999 -9999 -9999 9.09 8.02 10.65 12.24 7.45 20.00 16.68 9.63 12.37 9.79 13.58 14.20 9.92 8.06 9.52 10.50 8.18 15.88 14.10 13.47 13.70 13.76 12.56 8.95 10.19 9.05 8.70 8.62 8.33 7.94 7.23 6.27 6.85 9.39 8.18 7.63 8.52 10.06 8.23 11.25 -9999 -9999 -9999 -9999 -9999 -9999 -9999 -9999 -9999 -9999 -9999 -9999 -9999 -9999 -9999 -9999 -9999
-9999 -9999 -9999 -9999 -9999 -9999 -9999 -9999 -9999 10.51 10.84 11.94 -9999 -9999 -9999 -9999 -9999 -9999 -9999 -9999 -9999 -9999 8.91 7.90 6.39 8.67 11.27 14.87 8.67 6.16 11.87 11.20 10.18 8.74 10.78 11.16 9.70 10.20 13.19 13.17 16.80 15.21 12.56 11.81 12.35 10.72 9.58 9.26 8.94 8.94 8.10 7.08 11.39 10.14 13.29 13.61 12.18 10.88 7.96 10.89 11.30 10.25 -9999 -9999 -9999 -9999 -9999 -9999 -9999 -9999 -9999 -9999 -9999 -9999 -9999 -9999 -9999 -9999
-9999 -9999 -9999 -9999 -9999 -9999 -9999 -9999 -9999 8.50 8.94 -9999 -9999 -9999 -9999 -9999 -9999 -9999 -9999 -9999 -9999 -9999 -9999 7.77 4.82 9.33 10.33 18.60 10.17 10.51 9.83 7.86 7.10 7.50 7.34 15.96 9.35 10.27 15.43 12.83 9.69 8.95 13.66 9.39 12.44 10.47 9.37 8.95 8.96 8.67 9.11 11.14 11.87 10.87 10.29 9.60 10.67 11.63 10.85 10.95 10.49 12.74 -9999 -9999 -9999 -9999 -9999 -9999 -9999 -9999 -9999 -9999 -9999 -9999 -9999 -9999 -9999 -9999
-9999 -9999 -9999 -9999 -9999 -9999 -9999 -9999 9.06 11.75 11.72 11.45 -9999 -9999 -9999 -9999 -9999 -9999 -9999 -9999 -9999 -9999 -9999 8.26 9.70 10.74 11.18 8.83 10.90 8.84 8.59 7.83 7.07 9.04 7.54 5.60 14.99 10.49 9.46 13.28 11.12 14.06 10.92 11.20 9.74 9.67 9.34 9.39 8.74 8.52 9.99 11.14 9.77 10.49 11.46 10.85 11.22 10.85 10.97 11.08 9.38 12.45 11.13 -9999 -9999 -9999 -9999 -9999 -9999 -9999 -9999 -9999 -9999 -9999 -9999 -9999 -9999 -9999
-9999 -9999 -9999 -9999 -9999 -9999 -9999 8.38 12.93 14.60 18.09 11.48 -9999 -9999 -9999 -9999 -9999 -9999 -9999 -9999 -9999 -9999 -9999 9.37 13.87 11.01 6.54 8.48 8.33 9.16 7.47 6.89 7.87 9.25 6.73 13.01 9.54 13.08 9.77 14.60 8.67 10.05 7.90 10.45 8.92 9.46 9.89 8.82 8.82 8.54 9.00 12.14 12.18 11.29 9.89 9.97 9.46 9.49 9.77 11.36 11.16 10.51 11.24 -9999 -9999 -9999 -9999 -9999 -9999 -9999 -9999 -9999 -9999 -9999 -9999 -9999 -9999 -9999
-9999 -9999 -9999 -9999 -9999 -9999 10.04 9.31 16.77 13.51 12.97 -9999 -9999 -9999 -9999 -9999 -9999 -9999 -9999 -9999 -9999 -9999 -9999 -9999 9.42 7.50 6.87 9.67 7.36 9.76 7.97 7.44 7.24 8.44 6.98 13.34 12.75 13.90 12.98 13.79 13.84 13.71 11.77 11.24 11.56 10.89 9.06 8.98 9.12 9.13 9.10 9.66 14.07 12.26 9.17 8.38 8.30 7.94 7.93 7.78 7.98 7.77 8.81 10.59 11.41 -9999 -9999 -9999 -9999 -9999 -9999 -9999 -9999 -9999 -9999 -9999 -9999 -9999
-9999 -9999 -9999 -9999 -9999 -9999 12.90 14.50 10.46 10.89 11.42 -9999 -9999 -9999 -9999 -9999 -9999 -9999 -9999 -9999 -9999 -9999 -9999 -9999 -9999 8.25 8.91 8.43 7.68 9.13 8.57 8.53 7.92 8.81 6.67 13.05 12.04 11.15 13.32 11.74 11.11 15.86 15.36 11.11 13.00 11.65 11.08 9.32 9.22 9.42 9.18 9.19 9.93 10.07 9.03 8.68 8.32 8.10 7.57 7.27 7.39 7.70 10.95 11.40 11.12 -9999 -9999 -9999 -9999 -9999 -9999 -9999 -9999 -9999 -9999 -9999 -9999 -9999
-9999 -9999 -9999 -9999 -9999 -9999 13.63 11.96 12.44 11.36 -9999 -9999 -9999 -9999 -9999 -9999 -9999 -9999 -9999 -9999 -9999 -9999 -9999 -9999 -9999 9.39 9.59 9.22 -9999 9.31 -9999 8.81 7.46 6.48 5.49 5.86 11.89 11.46 11.85 15.45 8.36 9.47 15.50 13.06 12.11 12.05 10.80 9.54 9.16 8.96 8.72 8.97 9.16 9.95 10.86 9.38 9.74 8.34 7.21 8.30 9.78 9.45 9.00 9.23 11.15 13.07 13.61 -9999 -9999 -9999 -9999 -9999 -9999 -9999 -9999 -9999 -9999 -9999
-9999 -9999 -9999 -9999 -9999 13.02 11.88 11.46 -9999 -9999 -9999 -9999 -9999 -9999 -9999 -9999 -9999 -9999 -9999 -9999 -9999 -9999 -9999 -9999 -9999 10.57 9.77 9.11 -9999 -9999 -9999 8.74 8.98 5.31 6.15 7.75 6.99 7.49 9.73 14.30 14.24 8.45 12.99 14.70 11.30 12.76 11.56 10.38 8.52 8.72 8.59 8.79 8.94 9.18 9.47 9.27 9.55 7.96 8.15 9.44 10.61 11.11 11.00 10.14 10.04 11.20 12.48 -9999 -9999 -9999 -9999 -9999 -9999 -9999 -9999 -9999 -9999 -9999
-9999 -9999 -9999 -9999 -9999 -9999 -9999 -9999 -9999 -9999 -9999 -9999 -9999 -9999 -9999 -9999 -9999 -9999 -9999 -9999 -9999 -9999 -9999 -9999 -9999 -9999 -9999 -9999 -9999 -9999 9.67 8.07 7.58 8.99 9.92 10.79 10.88 9.45 10.16 13.30 12.99 10.82 8.55 12.07 13.37 11.52 10.52 9.71 9.10 9.00 9.28 8.83 8.69 8.77 8.73 8.63 8.14 9.06 11.64 9.85 10.75 10.10 10.27 9.35 9.98 10.97 -9999 -9999 -9999 -9999 -9999 -9999 -9999 -9999 -9999 -9999 -9999 -9999
-9999 -9999 -9999 -9999 -9999 -9999 -9999 -9999 -9999 -9999 -9999 -9999 -9999 -9999 -9999 -9999 -9999 -9999 -9999 -9999 -9999 -9999 -9999 -9999 -9999 -9999 -9999 -9999 -9999 -9999 9.18 8.01 9.17 11.35 14.30 13.04 9.68 11.12 8.26 9.04 8.43 10.36 11.15 11.86 12.10 11.83 10.47 10.05 9.71 8.98 9.24 8.67 8.60 8.65 8.71 8.61 8.14 8.79 12.80 11.69 9.82 9.59 9.44 9.25 9.95 11.20 -9999 -9999 -9999 -9999 -9999 -9999 -9999 -9999 -9999 -9999 -9999 -9999
-9999 -9999 -9999 -9999 -9999 -9999 -9999 -9999 -9999 -9999 -9999 -9999 -9999 -9999 -9999 -9999 -9999 -9999 -9999 -9999 -9999 -9999 -9999 -9999 -9999 -9999 -9999 -9999 -9999 -9999 8.48 7.43 7.79 10.59 11.80 11.31 10.38 9.64 8.45 9.35 8.09 7.89 9.13 7.55 12.00 10.62 11.66 10.24 9.90 8.64 8.47 8.65 8.59 8.65 8.59 8.59 8.46 8.41 10.60 11.30 10.12 9.50 9.57 9.36 9.89 10.87 -9999 -9999 -9999 -9999 -9999 -9999 -9999 -9999 -9999 -9999 -9999 -9999
-9999 -9999 -9999 -9999 -9999 -9999 -9999 -9999 -9999 -9999 -9999 -9999 -9999 -9999 -9999 -9999 -9999 -9999 -9999 -9999 -9999 -9999 -9999 -9999 -9999 -9999 -9999 -9999 10.74 9.33 7.88 7.28 10.06 11.73 14.70 11.03 12.78 7.37 8.58 8.52 9.26 9.79 9.75 12.02 8.51 8.89 8.91 8.91 8.40 9.26 8.34 8.38 8.79 8.50 8.50 8.64 8.50 8.57 9.00 10.83 10.00 9.28 9.38 9.43 9.57 10.24 11.28 -9999 -9999 -9999 -9999 -9999 -9999 -9999 -9999 -9999 -9999 -9999
-9999 -9999 -9999 -9999 -9999 -9999 -9999 -9999 -9999 -9999 -9999 -9999 -9999 -9999 -9999 -9999 -9999 -9999 -9999 -9999 -9999 -9999 -9999 -9999 -9999 -9999 -9999 -9999 10.15 8.61 7.74 7.39 7.98 11.12 8.64 8.50 6.94 8.51 11.73 8.97 10.03 9.43 10.82 7.29 11.68 9.53 10.88 10.63 10.64 9.24 8.70 8.41 8.37 8.37 8.49 8.54 8.59 8.56 8.68 9.38 10.44 9.66 9.35 9.52 9.29 9.57 10.80 -9999 -9999 -9999 -9999 -9999 -9999 -9999 -9999 -9999 -9999 -9999
-9999 -9999 -9999 -9999 -9999 -9999 -9999 -9999 -9999 -9999 -9999 -9999 -9999 -9999 -9999 -9999 -9999 -9999 -9999 -9999 -9999 -9999 -9999 -9999 -9999 -9999 -9999 -9999 10.23 8.57 8.04 7.72 8.05 8.62 8.69 7.69 6.69 8.13 8.65 7.98 9.72 12.19 9.60 9.10 7.88 9.95 8.22 8.98 9.77 10.12 9.08 8.77 8.35 8.33 8.49 8.56 8.61 8.65 8.73 9.15 10.32 10.95 9.87 9.42 9.17 9.11 9.90 11.09 -9999 -9999 -9999 -9999 -9999 -9999 -9999 -9999 -9999 -9999
-9999 -9999 -9999 -9999 -9999 -9999 -9999 -9999 -9999 -9999 -9999 -9999 -9999 -9999 -9999 -9999 -9999 -9999 -9999 -9999 -9999 -9999 -9999 -9999 -9999 -9999 -9999 -9999 9.94 8.72 8.33 8.30 8.08 7.82 7.18 7.72 8.80 6.54 6.81 7.81 12.60 12.52 13.54 12.10 10.02 9.72 10.20 8.72 8.19 9.37 9.72 8.67 8.32 8.40 8.34 8.51 8.66 8.82 8.85 9.00 10.65 11.81 10.47 9.86 9.57 9.03 9.18 10.32 11.42 -9999 -9999 -9999 -9999 -9999 -9999 -9999 -9999 -9999
-9999 -9999 -9999 -9999 -9999 -9999 -9999 -9999 -9999 -9999 -9999 -9999 -9999 -9999 -9999 -9999 -9999 -9999 -9999 -9999 -9999 -9999 -9999 -9999 -9999 -9999 -9999 -9999 9.88 8.47 8.14 7.98 7.67 7.13 7.29 6.64 8.12 8.95 10.75 12.10 13.11 9.94 11.71 10.45 10.49 9.01 10.23 9.62 8.90 8.23 8.05 8.31 8.21 8.39 8.47 8.62 8.72 8.95 9.13 9.24 9.66 10.75 10.32 9.83 9.77 9.62 9.34 9.45 10.73 -9999 -9999 -9999 -9999 -9999 -9999 -9999 -9999 -9999
-9999 -9999 -9999 -9999 -9999 -9999 -9999 -9999 -9999 -9999 -9999 -9999 -9999 -9999 -9999 -9999 -9999 -9999 -9999 -9999 -9999 -9999 -9999 -9999 -9999 -9999 -9999 -9999 -9999 8.44 8.12 7.77 7.21 7.71 9.40 9.32 10.40 9.49 9.16 11.29 10.80 11.59 10.42 8.51 7.33 8.02 7.84 9.30 8.59 8.34 8.89 8.63 8.12 8.49 8.43 8.59 8.62 8.84 9.14 9.34 9.59 9.60 9.76 9.81 9.97 -9999 9.85 10.12 10.89 12.27 -9999 -9999 -9999 -9999 -9999 -9999 -9999 -9999
-9999 -9999 -9999 -9999 -9999 -9999 -9999 -9999 -9999 -9999 -9999 -9999 -9999 -9999 -9999 -9999 -9999 -9999 -9999 -9999 -9999 -9999 -9999 -9999 -9999 -9999 -9999 -9999 9.63 8.31 7.88 7.22 6.93 7.39 11.34 11.81 9.97 12.90 12.34 10.50 9.84 13.43 10.84 10.89 8.56 6.79 8.92 7.89 7.52 8.41 8.59 8.13 8.36 8.23 8.28 8.38 8.59 8.60 8.76 10.27 9.57 9.08 10.41 9.57 9.49 9.61 -9999 10.66 11.34 12.45 13.29 -9999 -9999 -9999 -9999 -9999 -9999 -9999
-9999 -9999 -9999 -9999 -9999 -9999 -9999 -9999 -9999 -9999 -9999 -9999 -9999 -9999 -9999 -9999 -9999 -9999 -9999 -9999 -9999 -9999 -9999 -9999 -9999 -9999 -9999 -9999 9.41 8.14 7.78 7.20 8.76 8.04 9.24 12.21 9.09 9.54 10.00 8.27 8.07 11.38 9.96 9.58 6.59 8.62 9.83 7.83 9.10 8.50 9.15 8.81 8.38 8.08 8.11 8.20 8.29 8.26 8.28 8.54 9.07 8.30 8.69 9.29 8.53 9.21 9.78 -9999 -9999 -9999 -9999 -9999 -9999 -9999 -9999 -9999 -9999 -9999
-9999 -9999 -9999 -9999 -9999 -9999 -9999 -9999 -9999 -9999 -9999 -9999 -9999 -9999 -9999 -9999 -9999 -9999 -9999 -9999 -9999 -9999 -9999 -9999 -9999 -9999 -9999 10.76 8.83 7.97 8.66 8.15 8.32 8.07 9.18 9.46 8.93 8.73 8.41 8.21 8.57 10.99 12.79 12.30 7.61 10.19 9.80 7.79 8.44 7.78 8.58 8.77 8.08 7.82 8.16 8.16 8.15 8.29 8.16 8.32 8.44 8.42 8.37 9.69 8.81 8.67 8.98 10.15 11.40 -9999 -9999 -9999 -9999 -9999 -9999 -9999 -9999 -9999
-9999 -9999 -9999 -9999 -9999 -9999 -9999 -9999 -9999 -9999 -9999 -9999 -9999 -9999 -9999 -9999 -9999 -9999 -9999 -9999 -9999 -9999 -9999 -9999 -9999 -9999 -9999 -9999 8.94 7.94 7.96 8.28 10.15 8.19 8.02 8.03 8.48 8.81 8.34 8.12 8.03 8.03 11.40 11.83 12.53 9.97 10.34 9.66 8.91 9.57 7.59 7.54 8.36 7.79 7.98 7.97 7.96 8.20 8.11 8.16 8.42 8.18 7.99 8.14 10.23 8.93 8.53 8.94 9.96 11.13 12.29 -9999 -9999 -9999 -9999 -9999 -9999 -9999
-9999 -9999 -9999 -9999 -9999 -9999 -9999 -9999 -9999 -9999 -9999 -9999 -9999 -9999 -9999 -9999 -9999 -9999 -9999 -9999 -9999 -9999 -9999 -9999 -9999 -9999 -9999 -9999 8.86 8.33 7.95 8.13 8.37 8.47 8.12 7.63 7.80 7.53 7.36 7.49 7.62 8.21 7.35 11.41 13.96 14.59 11.85 10.27 9.93 8.71 9.01 7.86 8.84 7.97 8.10 7.95 7.90 7.99 8.07 8.36 8.33 8.10 7.85 8.35 10.29 9.43 9.43 8.42 8.76 9.83 11.12 -9999 -9999 -9999 -9999 -9999 -9999 -9999
-9999 -9999 -9999 -9999 -9999 -9999 -9999 -9999 13.20 12.28 12.60 13.61 -9999 -9999 -9999 -9999 -9999 -9999 -9999 -9999 -9999 -9999 -9999 -9999 -9999 -9999 -9999 9.23 8.31 8.85 8.27 9.09 8.54 7.84 7.59 7.61 7.47 7.51 7.34 7.40 7.22 7.10 10.08 12.29 12.42 10.28 13.00 11.68 8.71 8.93 7.21 9.77 9.55 8.23 8.20 8.01 7.90 7.96 8.10 8.26 8.53 8.25 7.80 8.01 8.53 10.20 9.79 10.13 8.51 8.65 10.02 11.45 -9999 -9999 -9999 -9999 -9999 -9999
-9999 -9999 -9999 -9999 -9999 -9999 -9999 -9999 12.75 11.84 11.53 11.90 -9999 -9999 -9999 -9999 -9999 -9999 -9999 -9999 -9999 -9999 -9999 -9999 -9999 -9999 9.31 9.12 8.36 8.70 9.72 8.45 8.30 7.45 7.44 7.67 7.51 7.68 7.74 7.04 6.50 6.22 7.90 13.78 14.00 10.03 11.56 10.81 10.56 7.98 7.27 8.83 9.27 8.51 7.73 7.74 7.84 8.30 8.24 8.17 8.22 8.50 8.02 8.17 8.34 10.05 9.92 9.66 8.64 8.65 9.19 10.76 -9999 -9999 -9999 -9999 -9999 -9999
-9999 -9999 -9999 -9999 -9999 -9999 15.55 12.58 11.13 11.42 11.10 11.92 11.34 12.24 12.64 -9999 -9999 12.07 9.93 -9999 -9999 -9999 8.90 9.97 8.88 -9999 7.24 9.44 8.70 8.26 8.79 8.22 8.28 8.26 8.89 8.47 8.45 7.52 7.88 7.15 6.78 9.63 6.72 9.21 12.31 7.61 9.45 13.97 8.47 10.49 8.33 8.64 8.74 8.27 8.04 8.02 7.97 8.31 7.99 8.13 7.97 8.63 7.97 8.09 8.41 8.96 9.61 10.36 9.81 8.79 8.68 10.04 11.66 -9999 -9999 -9999 -9999 -9999
-9999 -9999 -9999 -9999 -9999 -9999 -9999 13.01 11.63 11.03 10.63 10.77 11.52 12.52 9.32 -9999 7.50 9.94 10.57 8.73 9.55 6.65 6.43 10.85 10.15 8.36 -9999 7.13 8.88 8.86 8.18 8.07 8.55 7.78 7.80 7.87 7.76 7.93 7.65 7.99 7.31 9.98 10.19 10.09 10.79 10.25 12.36 12.14 10.06 8.22 7.75 9.24 9.21 7.90 8.44 7.96 8.36 8.55 8.09 8.06 7.89 8.63 8.03 8.18 8.50 8.54 9.32 9.91 10.52 9.69 8.98 9.56 11.08 -9999 -9999 -9999 -9999 -9999
