ML/MeanWindSpeed_1996-03_Actual.txt
ncols         180
nrows         290
xllcorner     -200000
yllcorner     -200000
cellsize      5000
NODATA_value  -9999
[rows 175 to 209 of 290, columns 79 to 157 of 180]
-9999 -9999 -9999 -9999 -9999 -9999 -9999 9.66 8.86 8.17 7.59 7.27 5.75 4.16 9.52 17.63 7.67 10.79 9.95 8.64 6.76 4.69 5.54 7.75 9.44 7.92 6.33 7.26 8.61 8.08 8.17 9.24 8.15 7.76 7.45 7.72 7.91 7.86 8.12 7.97 12.77 12.81 10.02 9.78 7.40 6.77 7.90 7.84 6.28 6.28 7.50 6.94 6.50 7.33 6.86 7.92 7.43 7.38 7.20 7.14 8.43 7.39 7.40 7.66 7.65 8.19 8.60 8.68 8.92 9.36 8.03 9.66 11.63 -9999 -9999 -9999 -9999 -9999 -9999
-9999 -9999 -9999 -9999 -9999 -9999 -9999 -9999 10.75 8.45 6.95 5.49 5.52 7.14 21.23 14.15 5.76 11.46 6.12 9.10 8.45 5.15 4.00 11.14 8.27 8.92 7.83 6.93 7.53 7.88 7.07 7.85 8.33 8.11 7.83 7.47 7.76 7.51 7.31 9.51 10.59 13.82 10.71 11.05 9.81 5.32 7.68 9.91 7.15 7.32 7.80 6.94 6.92 7.25 7.06 8.18 7.46 7.34 7.75 7.71 8.39 8.18 7.76 7.72 7.77 8.02 8.59 9.85 8.69 7.94 7.99 9.32 11.37 -9999 -9999 -9999 -9999 -9999 -9999
-9999 -9999 -9999 -9999 -9999 -9999 -9999 -9999 -9999 8.80 6.51 6.80 9.11 19.84 21.67 14.01 10.20 9.58 9.80 10.65 10.29 10.00 6.48 5.76 11.32 8.07 7.55 7.84 7.29 7.43 7.29 7.11 7.75 7.55 7.30 7.60 7.69 7.49 7.74 9.17 11.24 11.84 9.11 9.16 10.87 8.52 5.61 10.44 7.97 7.94 8.35 7.34 7.37 7.20 7.66 8.37 7.71 7.55 7.83 7.54 8.94 8.31 7.99 7.95 7.93 8.31 8.24 8.24 7.89 7.76 8.09 9.77 11.61 -9999 -9999 -9999 -9999 -9999 -9999
-9999 -9999 -9999 -9999 -9999 -9999 -9999 -9999 -9999 8.21 7.36 10.39 13.20 15.34 18.10 9.91 6.54 9.11 11.58 11.64 12.18 10.18 7.30 4.69 11.58 10.68 8.48 8.64 7.29 7.21 7.30 8.05 7.73 7.65 7.60 7.32 7.26 7.67 9.81 9.88 7.97 12.67 9.64 10.21 11.86 11.25 8.71 7.92 7.70 6.67 8.19 8.75 7.54 7.28 7.04 7.67 7.46 7.86 7.84 7.61 7.99 8.75 8.46 8.49 8.22 8.19 8.00 7.76 7.72 8.19 9.20 10.77 -9999 -9999 -9999 -9999 -9999 -9999 -9999
-9999 -9999 -9999 -9999 -9999 -9999 -9999 -9999 -9999 7.89 8.82 10.78 11.02 16.54 13.80 8.82 9.14 6.97 8.65 11.72 9.99 12.83 9.72 5.45 10.47 11.68 11.35 8.48 7.81 6.92 7.57 8.58 8.24 7.66 7.37 7.19 7.63 9.26 9.73 8.14 8.00 11.04 10.44 10.12 9.87 8.84 8.74 9.67 6.42 7.52 7.87 7.54 7.84 7.17 7.98 7.05 7.38 7.78 7.85 7.99 9.88 9.14 8.73 8.50 8.42 8.24 8.03 7.88 8.02 9.13 10.61 -9999 -9999 -9999 -9999 -9999 -9999 -9999 -9999
-9999 -9999 -9999 -9999 -9999 -9999 -9999 -9999 9.35 18.03 10.59 12.37 14.85 9.58 19.64 15.74 12.89 10.39 13.37 10.02 10.28 8.62 5.90 7.46 12.15 10.75 10.84 8.11 7.05 6.32 7.91 8.06 7.64 7.58 7.21 7.28 8.81 8.85 8.46 9.38 10.32 7.93 12.51 11.43 8.13 8.82 8.02 7.38 7.38 6.59 6.73 7.05 8.01 7.29 6.52 8.06 7.29 7.59 7.98 8.30 9.83 9.05 8.66 8.67 8.35 8.22 7.90 7.84 8.79 10.22 -9999 -9999 -9999 -9999 -9999 -9999 -9999 11.45 -9999
-9999 -9999 -9999 -9999 -9999 -9999 9.36 9.27 13.54 12.05 9.96 10.89 12.47 7.36 8.92 11.20 13.62 12.28 13.97 11.22 10.54 4.20 6.34 6.80 5.00 6.27 6.63 8.10 7.24 6.58 7.69 8.00 7.94 7.47 7.79 9.10 8.41 9.27 8.42 9.75 10.16 9.61 8.50 7.53 9.19 8.56 7.96 7.92 7.81 7.55 6.29 7.29 6.98 6.09 6.27 6.84 7.00 7.42 7.50 8.17 9.65 8.89 8.32 8.48 8.16 7.98 7.77 8.14 9.36 -9999 -9999 -9999 -9999 -9999 11.71 11.19 10.62 9.78 9.74
-9999 -9999 -9999 -9999 -9999 9.34 9.21 9.44 10.24 10.33 10.30 9.87 7.92 5.64 7.68 10.12 11.08 17.60 8.68 5.36 4.72 1.83 9.02 11.14 10.81 7.70 7.06 8.13 7.90 7.43 7.78 8.36 7.83 7.82 8.13 9.05 9.50 8.19 8.26 9.92 9.68 8.91 8.14 8.03 8.39 7.29 7.80 6.76 6.74 7.37 6.78 6.27 5.70 5.79 6.69 6.42 6.48 6.89 7.33 7.90 9.78 9.10 8.25 8.08 7.86 7.78 7.69 8.10 9.10 -9999 -9999 -9999 -9999 -9999 10.57 9.72 9.30 8.67 8.49
-9999 -9999 -9999 -9999 10.05 10.85 9.94 10.07 -9999 -9999 -9999 -9999 8.69 13.09 11.24 11.56 12.60 8.75 5.52 8.00 6.91 5.30 15.55 13.65 11.05 11.86 9.11 7.34 7.90 7.97 7.49 7.59 7.57 7.48 8.29 8.01 9.53 8.16 8.10 8.56 8.82 8.78 8.31 7.04 7.10 7.09 6.85 6.22 5.97 5.83 5.87 5.93 6.07 6.40 6.35 6.24 6.93 7.56 7.73 7.83 8.93 8.74 8.58 7.80 7.67 7.58 7.50 7.69 8.52 9.99 -9999 -9999 -9999 -9999 9.61 8.83 8.40 8.24 8.18
-9999 -9999 -9999 -9999 11.39 13.08 9.72 10.53 -9999 -9999 -9999 -9999 9.33 11.77 13.77 8.03 11.90 9.74 8.01 10.09 11.29 7.80 12.31 5.80 7.85 8.60 8.04 7.13 7.44 7.82 7.61 7.80 8.37 7.40 8.20 8.04 8.26 8.89 7.81 8.05 7.09 7.81 8.81 9.04 8.85 7.14 6.28 5.94 5.75 6.19 5.62 6.18 6.83 6.97 7.70 6.92 8.79 8.67 8.72 7.74 8.30 8.29 8.19 7.48 7.56 7.51 7.38 7.42 7.64 8.62 9.52 -9999 -9999 10.03 9.52 9.01 8.97 8.39 7.96
-9999 -9999 -9999 -9999 -9999 -9999 -9999 -9999 -9999 -9999 -9999 -9999 10.11 13.53 10.86 6.84 8.81 6.30 12.45 10.01 4.75 8.64 8.27 6.82 7.98 6.70 6.36 5.95 7.64 7.59 7.92 7.65 7.16 6.98 6.97 7.04 7.53 8.24 7.62 7.30 7.18 7.30 7.15 8.13 8.45 6.48 7.65 8.45 6.95 6.61 6.14 5.63 6.98 7.97 8.77 8.18 7.46 7.93 8.67 8.03 8.44 8.14 8.07 7.26 7.43 7.48 7.46 7.37 7.19 7.48 8.13 9.01 9.37 9.00 9.12 8.32 9.09 8.93 8.74
-9999 -9999 -9999 -9999 -9999 -9999 -9999 -9999 -9999 -9999 -9999 -9999 -9999 13.62 4.42 4.75 8.46 12.66 9.90 10.12 9.02 4.72 6.07 7.67 4.46 5.04 4.59 5.33 6.27 7.05 7.33 7.46 7.11 6.55 6.37 6.99 7.18 7.81 7.71 7.16 9.01 8.01 6.71 6.75 6.95 7.18 6.96 8.02 8.12 7.16 8.17 6.61 6.63 7.37 6.65 6.82 6.96 7.03 8.49 8.41 8.08 7.58 7.94 7.20 7.36 7.40 7.36 7.38 7.40 7.46 7.48 7.92 8.23 8.21 8.16 8.32 9.34 9.12 8.63
-9999 -9999 -9999 -9999 -9999 -9999 -9999 -9999 -9999 -9999 -9999 -9999 -9999 9.56 13.47 14.09 11.35 8.95 6.55 7.92 4.76 4.75 3.67 3.39 6.59 4.88 4.63 6.89 6.42 6.46 6.75 6.34 6.45 7.00 6.86 8.38 8.37 7.88 7.43 6.91 8.71 9.32 7.74 6.68 6.48 6.94 7.04 7.17 7.58 8.04 10.18 8.75 6.90 6.46 6.63 7.50 8.56 8.69 8.15 8.71 8.17 7.65 7.37 7.18 7.31 7.36 7.48 7.50 7.53 7.60 7.67 7.82 7.97 8.19 8.25 8.21 9.08 9.05 9.58
-9999 -9999 -9999 -9999 -9999 -9999 -9999 -9999 -9999 -9999 -9999 -9999 12.18 11.41 8.14 16.06 9.17 6.17 7.66 6.59 4.64 7.78 4.61 4.48 7.96 4.55 11.22 7.39 5.21 5.64 7.54 6.31 6.13 9.23 9.13 8.62 7.42 7.76 7.56 7.04 7.75 8.17 7.65 6.87 6.79 6.74 6.74 7.36 7.25 8.35 8.13 7.66 7.21 6.82 7.39 8.23 9.20 9.12 8.00 8.14 7.96 7.69 7.43 7.23 7.26 7.41 7.53 7.58 7.57 7.64 7.73 7.74 7.88 8.52 8.61 8.38 8.68 9.14 8.51
-9999 -9999 -9999 -9999 -9999 -9999 -9999 -9999 -9999 -9999 -9999 -9999 10.60 11.27 16.00 7.85 2.61 4.45 4.63 6.48 9.37 9.16 6.00 5.62 6.22 4.61 6.09 7.27 8.37 8.11 6.44 6.79 6.70 7.14 8.17 7.32 7.16 7.93 7.74 7.91 8.23 7.74 7.84 7.45 7.08 6.82 6.45 6.72 7.02 7.84 8.14 7.65 6.64 7.04 8.28 9.60 8.80 9.31 9.06 8.24 7.55 8.39 7.48 7.60 7.38 7.51 7.48 7.56 7.61 7.59 7.63 7.72 7.80 8.78 8.63 8.17 8.35 9.02 8.78
-9999 -9999 -9999 -9999 -9999 -9999 -9999 -9999 -9999 -9999 -9999 -9999 11.49 13.89 5.91 6.88 4.84 5.66 6.00 11.55 9.34 10.42 6.76 5.57 3.86 3.47 5.25 9.54 11.65 12.87 7.64 9.32 7.33 7.33 7.74 6.51 6.83 7.44 7.85 8.09 7.32 7.40 8.80 7.97 7.08 6.88 7.84 6.46 7.11 7.41 7.24 6.74 6.47 7.14 7.78 8.36 8.36 8.22 7.40 7.32 7.86 8.19 7.00 6.90 7.34 7.46 7.49 7.45 7.37 7.47 7.52 7.60 7.73 8.12 8.03 8.24 8.10 8.60 8.57
-9999 -9999 -9999 -9999 -9999 -9999 -9999 -9999 -9999 -9999 -9999 -9999 -9999 9.07 10.25 11.74 12.84 12.77 9.67 9.96 7.57 3.73 3.50 3.05 4.45 5.17 5.03 7.43 8.30 12.01 9.62 8.12 6.98 8.37 8.48 6.47 7.59 6.91 7.30 9.46 7.22 7.00 7.00 7.28 6.75 6.65 8.20 7.69 7.08 7.61 7.13 6.83 7.13 7.79 7.30 7.30 6.91 7.72 6.92 8.11 8.17 7.20 6.82 7.42 7.43 7.17 7.17 7.17 7.24 7.36 7.41 7.49 7.57 7.70 7.80 8.06 7.98 7.98 8.28
-9999 -9999 -9999 -9999 -9999 -9999 -9999 -9999 -9999 -9999 -9999 -9999 -9999 11.06 12.65 13.22 13.89 15.32 13.09 9.19 6.07 4.02 5.93 8.35 10.36 12.37 8.99 6.83 8.04 9.62 9.37 7.23 9.73 8.45 8.77 7.37 8.35 7.41 7.14 7.58 8.62 8.07 7.31 6.87 6.65 6.80 7.86 7.78 7.43 7.45 7.85 8.04 8.13 8.30 7.34 7.11 8.41 8.44 8.41 8.01 8.31 7.29 7.46 8.02 7.06 6.88 6.93 6.99 7.19 7.25 7.27 7.36 7.44 7.57 7.57 7.46 7.23 7.16 7.56
-9999 -9999 -9999 -9999 -9999 -9999 -9999 -9999 -9999 -9999 -9999 -9999 11.19 9.60 11.31 13.78 13.77 11.48 10.49 8.08 9.16 13.94 10.56 10.70 10.41 8.19 7.24 8.35 9.34 7.79 7.49 8.46 9.95 9.55 8.94 7.21 8.60 7.16 7.28 8.75 7.68 8.01 7.98 7.23 6.89 6.87 7.92 7.90 7.16 7.43 7.44 7.35 8.11 7.52 8.60 8.05 8.65 7.77 8.14 8.31 7.41 7.16 8.03 7.92 6.96 6.88 7.21 7.04 7.25 7.31 7.42 7.41 7.34 7.34 7.21 7.59 7.83 7.86 7.10
-9999 -9999 -9999 -9999 -9999 -9999 -9999 -9999 -9999 -9999 -9999 -9999 13.13 11.19 10.59 10.63 11.66 14.76 13.48 11.67 9.70 10.19 11.90 12.95 12.35 8.04 10.53 11.96 7.76 10.40 6.69 7.94 9.65 11.50 7.64 8.01 6.84 6.56 7.14 7.92 10.68 8.71 8.55 7.93 7.50 7.36 7.76 7.54 7.03 7.19 7.11 7.04 6.97 8.28 8.80 8.76 9.21 8.03 7.58 7.64 7.16 7.54 8.11 7.83 7.38 7.73 7.43 7.76 7.37 7.40 7.63 7.68 7.30 7.11 6.92 6.91 7.80 7.91 7.98
-9999 -9999 -9999 -9999 -9999 -9999 -9999 -9999 -9999 -9999 -9999 -9999 11.52 10.76 7.82 9.04 11.19 14.98 11.92 11.82 9.02 11.35 10.74 8.80 9.18 10.28 10.34 8.88 7.64 8.30 11.46 7.49 7.23 7.48 7.44 9.06 7.72 6.39 6.93 7.79 8.18 7.91 8.88 8.39 7.78 7.82 7.21 6.68 7.20 7.42 7.52 6.84 7.47 8.83 8.89 7.97 8.05 8.85 7.78 8.05 6.94 7.96 8.10 7.35 7.35 7.50 6.83 7.08 7.08 7.28 7.42 7.31 7.09 6.90 6.67 7.02 6.56 7.09 7.49
-9999 -9999 -9999 -9999 -9999 -9999 -9999 -9999 -9999 -9999 -9999 10.80 12.05 14.32 11.10 8.21 11.65 11.88 13.04 12.59 7.11 8.00 7.33 8.69 10.03 8.53 8.73 11.06 9.54 8.72 8.32 7.13 6.12 6.46 7.63 7.66 7.48 7.26 6.81 6.73 7.59 7.90 7.27 7.83 7.38 8.02 7.15 6.90 6.96 6.60 6.43 6.65 7.96 7.94 8.12 7.47 8.24 8.28 7.88 7.06 7.96 8.01 7.97 8.26 7.87 7.27 7.03 6.85 7.08 7.29 7.22 7.11 6.83 6.55 6.57 6.91 6.87 7.07 7.49
-9999 -9999 -9999 -9999 -9999 -9999 -9999 -9999 -9999 -9999 10.63 11.28 12.38 10.37 8.11 11.01 13.97 13.32 10.11 11.58 7.45 9.28 7.90 6.95 13.60 9.00 10.32 8.47 8.75 7.37 7.33 7.65 8.65 7.32 9.30 7.46 8.04 6.74 6.49 6.79 7.16 7.42 7.16 7.36 7.64 7.73 6.26 6.84 6.71 6.90 7.01 7.20 7.83 7.09 8.02 7.53 7.75 6.94 6.95 8.23 8.65 8.11 8.25 8.18 7.33 7.72 7.64 7.57 7.60 7.33 7.07 6.80 6.89 6.73 7.43 7.64 7.82 7.92 7.18
-9999 -9999 -9999 -9999 -9999 -9999 -9999 -9999 10.42 9.09 8.51 7.40 7.54 8.34 8.38 11.52 12.09 12.27 12.98 10.36 7.76 4.25 8.21 7.59 12.03 9.67 9.10 9.38 7.78 7.40 6.66 7.98 9.80 8.78 8.60 6.18 6.65 6.78 6.78 7.56 7.17 7.54 6.83 6.93 7.09 6.40 6.24 6.53 7.41 7.26 8.21 8.70 8.04 7.49 7.01 6.86 7.69 8.20 7.87 8.19 7.32 8.26 8.36 7.70 7.01 7.11 8.03 7.88 7.94 7.09 6.86 6.65 6.83 7.81 8.26 7.97 8.77 8.49 8.01
-9999 -9999 -9999 -9999 9.87 9.18 8.01 11.51 11.38 11.33 11.37 8.63 8.03 7.64 12.58 10.02 11.33 10.08 8.86 4.94 3.69 2.63 5.76 6.48 14.10 12.40 9.77 7.70 8.46 7.89 9.83 7.02 8.93 9.05 8.35 7.21 6.40 6.35 7.46 6.88 6.16 7.73 6.59 6.35 5.78 6.22 6.97 7.40 6.49 7.72 7.45 7.78 8.64 8.38 8.02 7.78 8.33 8.29 7.84 7.34 8.20 7.23 7.12 7.08 6.93 7.73 7.92 7.93 7.25 6.65 6.82 7.15 8.20 8.29 7.81 8.60 7.70 8.00 8.24
-9999 -9999 -9999 11.06 8.42 9.21 8.57 7.84 9.77 9.04 9.58 7.22 6.15 10.34 10.52 10.44 5.85 10.54 5.55 2.58 8.31 5.55 3.07 12.03 10.40 8.46 4.19 5.41 6.96 10.60 7.48 6.93 6.95 7.13 8.95 8.10 7.96 6.78 7.04 6.32 6.01 7.14 6.45 5.57 5.63 6.43 7.36 6.95 8.93 7.30 7.17 7.56 8.30 7.63 7.53 7.13 7.26 7.83 7.58 8.07 7.37 6.82 6.95 7.37 6.92 7.20 7.15 6.48 6.34 6.41 6.76 7.21 7.64 8.46 8.38 8.37 7.91 7.69 7.66
-9999 -9999 10.34 9.54 6.32 5.94 6.25 7.25 6.90 7.94 7.13 7.73 12.58 9.38 7.21 10.65 3.39 5.56 5.18 8.67 7.82 8.98 7.15 7.89 6.46 2.57 8.51 9.51 6.38 7.20 6.69 6.52 7.21 6.66 7.02 8.61 8.93 6.59 6.35 6.24 6.56 5.98 5.12 5.12 8.24 6.71 6.65 7.14 8.06 7.69 7.31 7.87 8.38 8.23 8.64 7.92 6.90 6.77 6.80 7.67 7.25 6.73 7.65 7.53 6.96 7.05 6.76 6.52 6.88 7.07 7.31 7.75 7.76 8.50 7.73 7.49 7.79 7.29 7.34
10.05 11.26 8.07 7.58 8.16 7.11 6.51 8.94 8.03 8.50 8.33 11.27 10.59 8.34 8.77 7.41 4.08 3.11 7.07 7.77 6.00 6.38 9.16 6.87 3.33 8.28 10.47 8.62 9.40 6.77 7.17 6.63 7.12 9.31 7.01 9.37 7.44 6.44 6.25 6.38 7.80 5.05 5.32 9.54 6.96 6.87 6.88 7.42 8.47 7.27 7.54 7.89 7.51 8.03 7.94 7.30 6.69 6.97 6.61 7.02 7.32 7.24 6.72 6.40 6.45 6.61 7.15 8.78 8.10 9.04 8.49 7.42 8.66 8.34 8.37 8.02 7.75 7.79 7.32
9.45 12.05 15.08 13.31 12.33 8.79 10.01 11.89 10.65 10.27 12.50 10.31 9.19 11.15 6.77 3.14 2.87 2.52 5.74 5.59 4.87 4.38 5.45 5.64 7.65 17.33 12.64 9.25 7.08 7.78 7.22 9.19 7.37 7.74 6.56 6.79 6.88 6.84 6.29 5.95 5.75 5.13 8.82 9.58 8.87 7.64 7.31 9.98 8.29 7.57 7.90 7.42 8.16 7.99 7.60 6.61 7.57 7.10 6.45 8.23 7.81 6.42 6.16 6.24 6.38 7.22 8.46 9.00 8.79 9.39 8.72 8.23 8.88 8.55 7.79 8.12 7.97 8.16 8.00
9.73 10.97 11.21 10.17 8.52 10.66 9.40 11.39 8.02 9.33 11.92 10.53 8.01 8.69 4.04 2.65 5.70 6.30 4.72 2.84 5.05 1.95 2.18 3.64 9.91 13.88 14.56 7.33 8.43 8.73 8.96 8.02 6.37 7.48 6.84 7.13 6.62 6.87 5.67 5.20 6.15 6.17 9.18 9.11 8.62 7.48 8.40 10.07 9.26 8.70 8.08 8.19 7.91 7.29 6.81 6.79 7.21 7.58 7.14 6.89 6.61 6.23 7.46 8.33 6.90 7.40 8.51 9.02 8.56 9.17 9.15 9.09 9.00 7.86 7.94 7.80 7.88 7.56 7.83
9.03 9.69 9.10 9.41 8.39 8.53 10.11 8.50 9.23 7.42 7.00 6.59 6.10 5.52 7.53 6.00 9.75 16.19 6.38 6.43 6.49 11.18 10.95 2.73 3.23 15.17 11.33 9.61 10.40 11.61 8.98 6.47 5.50 7.87 8.48 7.34 6.48 5.87 5.17 5.00 6.49 9.59 10.08 8.69 8.19 7.92 7.79 7.99 9.13 8.30 7.97 7.49 6.86 6.41 6.32 7.40 7.13 6.75 6.67 5.68 5.85 6.94 6.99 7.91 7.36 7.58 7.83 8.25 8.96 9.25 9.25 9.17 9.22 7.79 7.33 7.87 7.85 7.24 7.53
8.55 9.57 8.23 8.51 8.32 8.51 7.49 7.48 8.42 7.35 8.69 7.04 9.71 5.98 9.18 11.52 11.36 12.45 13.12 9.98 12.06 14.22 8.15 10.15 8.39 3.26 10.05 11.05 7.64 8.20 5.91 7.86 7.57 10.75 9.82 7.26 6.43 5.58 5.12 6.38 9.91 8.57 10.58 8.89 8.48 9.26 8.15 9.69 8.05 8.10 7.35 6.84 6.40 6.57 6.51 6.50 6.08 5.72 5.26 5.50 6.74 7.80 7.29 6.75 7.68 7.17 8.33 7.74 7.91 8.23 8.49 8.78 8.79 8.24 7.20 7.70 7.67 7.37 7.80
8.82 8.40 9.95 11.05 12.65 11.04 9.36 8.44 7.53 7.98 10.94 7.59 9.26 5.74 7.90 8.57 7.49 5.79 8.40 7.28 10.74 11.55 13.95 11.38 11.87 9.83 14.82 8.90 7.79 7.25 8.07 7.32 10.29 9.75 10.14 6.65 6.11 5.53 9.53 10.21 9.96 10.54 8.60 9.22 9.42 9.15 8.43 8.39 8.21 7.58 6.99 6.71 6.41 6.90 6.78 6.82 5.96 5.05 4.99 5.99 7.88 6.10 6.84 7.19 6.90 6.86 7.16 7.11 7.52 8.06 7.69 8.33 8.24 7.79 7.59 7.62 7.05 6.72 7.88
9.36 8.78 8.91 10.68 10.70 11.26 10.25 9.39 8.81 8.30 8.66 11.42 7.35 11.62 10.43 10.41 11.26 8.73 5.55 5.72 8.73 8.36 11.21 11.40 9.31 13.27 13.24 7.41 8.66 6.06 6.71 8.92 9.97 9.19 8.24 6.29 5.57 7.54 7.11 9.36 9.30 8.70 9.16 8.89 8.52 8.62 7.83 7.47 7.38 7.13 8.51 6.64 7.23 6.32 5.91 5.07 4.82 5.15 6.17 7.41 6.78 6.36 6.74 6.86 6.76 7.06 7.70 8.44 7.07 7.94 8.81 8.01 7.53 7.77 6.79 7.06 7.93 7.17 6.74
10.07 10.50 11.23 12.40 -9999 -9999 -9999 -9999 10.01 9.46 10.24 7.63 6.43 8.30 8.82 8.73 7.95 3.69 13.33 13.56 8.51 7.68 8.37 10.72 11.68 12.99 9.68 8.22 7.12 6.00 10.65 9.16 10.95 7.45 7.07 6.49 6.08 8.61 7.06 9.12 9.03 8.16 8.33 8.09 7.79 7.45 7.19 7.12 7.22 7.02 7.94 6.69 6.91 6.74 5.74 5.22 5.08 6.83 6.74 6.94 6.73 6.75 5.47 6.04 6.36 7.72 8.25 8.19 6.88 7.66 8.46 8.19 7.51 8.14 7.54 7.28 7.47 7.37 6.73
