ML/MeanWindSpeed_1995-06_Actual.txt
ncols         180
nrows         290
xllcorner     -200000
yllcorner     -200000
cellsize      5000
NODATA_value  -9999
[rows 140 to 174 of 290, columns 79 to 157 of 180]
-9999 -9999 11.60 -9999 -9999 -9999 9.80 10.29 9.00 8.71 9.04 -9999 -9999 8.82 7.14 9.90 10.97 -9999 -9999 -9999 -9999 -9999 8.96 8.13 5.96 6.12 5.81 6.60 6.49 7.30 7.39 4.93 7.19 10.40 12.03 8.60 10.65 11.55 11.85 9.02 9.52 9.44 7.51 4.55 4.11 4.38 1.53 2.57 5.40 7.66 -9999 -9999 -9999 -9999 -9999 -9999 -9999 -9999 -9999 -9999 -9999 -9999 -9999 -9999 -9999 -9999 -9999 -9999 -9999 -9999 -9999 -9999 -9999 -9999 -9999 -9999 -9999 -9999 -9999
-9999 -9999 11.37 11.30 -9999 -9999 -9999 9.90 10.84 10.34 10.21 -9999 -9999 -9999 -9999 9.17 -9999 -9999 -9999 -9999 -9999 -9999 7.85 7.23 6.42 7.14 8.05 8.08 7.29 7.55 6.85 5.67 5.48 8.95 10.88 6.72 12.62 12.00 13.15 9.38 9.32 10.80 7.52 5.12 3.98 2.24 1.08 2.49 5.22 7.91 -9999 -9999 -9999 -9999 -9999 -9999 -9999 -9999 -9999 -9999 -9999 -9999 -9999 -9999 -9999 -9999 -9999 -9999 -9999 -9999 -9999 -9999 -9999 -9999 -9999 -9999 -9999 -9999 -9999
-9999 -9999 -9999 12.80 -9999 -9999 -9999 -9999 10.43 11.51 10.87 -9999 -9999 -9999 -9999 -9999 -9999 -9999 -9999 -9999 -9999 8.65 7.79 8.06 8.03 8.15 9.71 9.43 8.60 8.55 7.77 7.23 5.24 6.40 13.42 13.52 12.57 11.98 9.05 7.93 8.23 6.18 3.73 5.76 5.53 2.03 1.62 3.21 5.61 8.72 10.63 -9999 -9999 -9999 -9999 -9999 -9999 -9999 -9999 -9999 -9999 -9999 -9999 -9999 -9999 -9999 -9999 -9999 -9999 -9999 -9999 -9999 -9999 -9999 -9999 -9999 -9999 -9999 -9999
-9999 -9999 -9999 14.02 -9999 -9999 -9999 -9999 -9999 -9999 -9999 -9999 -9999 -9999 -9999 -9999 -9999 -9999 -9999 -9999 -9999 8.99 7.38 6.32 5.38 4.73 12.94 10.12 8.86 11.03 8.05 9.13 4.25 4.12 10.67 15.31 11.02 8.82 13.55 15.63 13.66 10.44 8.37 3.54 3.91 3.48 4.61 4.32 6.05 9.56 11.06 11.26 -9999 -9999 -9999 -9999 -9999 -9999 -9999 -9999 -9999 -9999 -9999 -9999 -9999 -9999 -9999 -9999 -9999 -9999 -9999 -9999 -9999 -9999 -9999 -9999 -9999 -9999 -9999
-9999 -9999 -9999 -9999 -9999 -9999 -9999 -9999 -9999 -9999 -9999 -9999 -9999 -9999 -9999 -9999 -9999 -9999 -9999 -9999 9.11 8.28 6.73 5.40 8.85 3.81 17.65 16.35 7.94 9.20 8.24 7.41 7.36 3.67 4.80 14.88 13.91 11.41 9.83 8.89 11.60 10.86 9.24 6.60 5.02 4.67 4.53 5.07 7.40 8.66 9.26 10.13 -9999 -9999 -9999 -9999 -9999 -9999 -9999 -9999 -9999 -9999 -9999 -9999 -9999 -9999 -9999 -9999 -9999 -9999 -9999 -9999 -9999 -9999 -9999 -9999 -9999 -9999 -9999
-9999 -9999 -9999 -9999 -9999 -9999 -9999 -9999 -9999 -9999 -9999 -9999 -9999 -9999 -9999 -9999 -9999 -9999 -9999 -9999 8.18 8.95 5.79 7.89 16.39 7.96 3.96 10.30 11.66 9.33 9.14 8.50 7.76 5.50 4.38 6.03 15.69 12.77 11.47 9.01 8.88 9.07 7.12 6.70 6.52 7.37 5.85 7.34 7.37 8.21 8.24 8.76 9.45 9.97 10.04 -9999 -9999 -9999 -9999 -9999 -9999 -9999 -9999 -9999 -9999 -9999 -9999 -9999 -9999 -9999 -9999 -9999 -9999 -9999 -9999 -9999 -9999 -9999 -9999
-9999 -9999 -9999 -9999 -9999 -9999 -9999 -9999 -9999 -9999 -9999 -9999 -9999 -9999 -9999 -9999 -9999 -9999 -9999 -9999 8.15 7.85 7.27 11.20 6.55 6.38 7.85 12.65 9.16 8.01 12.66 7.08 9.80 7.55 5.77 4.52 7.86 10.64 10.64 9.93 9.31 7.00 7.29 6.79 6.37 6.23 6.81 7.07 7.76 7.45 7.51 7.79 11.17 9.38 10.54 11.47 11.24 -9999 -9999 -9999 -9999 -9999 -9999 -9999 -9999 -9999 -9999 -9999 -9999 -9999 -9999 -9999 -9999 -9999 -9999 -9999 -9999 -9999 -9999
-9999 -9999 -9999 -9999 -9999 -9999 -9999 -9999 -9999 -9999 -9999 -9999 -9999 -9999 -9999 -9999 -9999 -9999 -9999 -9999 8.08 7.55 8.55 14.50 15.72 10.93 7.00 8.30 9.54 13.20 8.17 12.36 10.30 8.99 8.15 6.53 3.98 4.92 10.42 10.32 9.58 8.76 7.94 7.65 7.83 7.85 7.44 7.83 7.69 7.19 7.73 7.74 8.64 11.62 11.06 11.28 12.76 12.69 10.56 -9999 -9999 -9999 -9999 -9999 -9999 -9999 -9999 -9999 -9999 -9999 -9999 -9999 -9999 -9999 -9999 -9999 -9999 -9999 -9999
-9999 -9999 -9999 -9999 -9999 -9999 -9999 -9999 -9999 -9999 -9999 -9999 -9999 -9999 -9999 -9999 -9999 -9999 -9999 -9999 8.45 6.86 9.11 10.71 5.71 19.59 15.94 7.37 10.30 8.37 13.15 14.34 10.04 8.02 8.20 7.73 4.72 13.11 11.65 11.58 12.63 13.33 12.54 8.99 10.49 9.19 8.81 8.69 8.37 8.06 7.60 6.65 7.33 10.15 9.05 8.79 9.92 11.68 9.91 12.90 -9999 -9999 -9999 -9999 -9999 -9999 -9999 -9999 -9999 -9999 -9999 -9999 -9999 -9999 -9999 -9999 -9999 -9999 -9999
-9999 -9999 -9999 -9999 -9999 -9999 -9999 -9999 11.27 12.01 12.71 -9999 -9999 -9999 -9999 -9999 -9999 -9999 -9999 -9999 -9999 7.76 6.22 4.69 7.33 10.01 13.85 6.78 4.06 10.36 9.90 9.34 8.06 9.92 9.57 7.46 7.96 10.77 10.87 15.26 14.18 11.98 11.70 12.73 11.23 10.10 9.76 9.31 9.06 7.98 7.05 11.64 10.20 13.65 14.29 13.11 11.93 9.11 12.62 13.02 11.55 -9999 -9999 -9999 -9999 -9999 -9999 -9999 -9999 -9999 -9999 -9999 -9999 -9999 -9999 -9999 -9999 -9999 -9999
-9999 -9999 -9999 -9999 -9999 -9999 -9999 -9999 9.09 9.80 -9999 -9999 -9999 -9999 -9999 -9999 -9999 -9999 -9999 -9999 -9999 -9999 6.13 3.30 7.91 8.61 17.69 8.85 9.20 8.37 6.14 5.44 6.16 5.87 14.71 7.38 8.32 13.64 10.71 7.75 7.41 12.95 9.02 12.84 11.12 10.19 9.83 9.66 8.77 8.68 10.83 11.68 10.49 9.88 9.47 11.03 12.36 11.84 12.30 12.01 14.21 -9999 -9999 -9999 -9999 -9999 -9999 -9999 -9999 -9999 -9999 -9999 -9999 -9999 -9999 -9999 -9999 -9999 -9999
-9999 -9999 -9999 -9999 -9999 -9999 -9999 8.36 11.57 11.29 10.76 -9999 -9999 -9999 -9999 -9999 -9999 -9999 -9999 -9999 -9999 -9999 6.77 8.73 9.55 9.83 7.52 9.83 7.85 7.35 6.21 5.53 7.70 5.86 3.96 13.91 8.81 7.64 12.02 9.97 13.62 10.73 11.60 10.43 10.59 10.52 10.66 9.76 8.65 9.14 10.09 8.80 9.65 10.73 10.42 11.22 11.19 11.62 11.93 10.30 13.58 12.01 -9999 -9999 -9999 -9999 -9999 -9999 -9999 -9999 -9999 -9999 -9999 -9999 -9999 -9999 -9999 -9999 -9999
-9999 -9999 -9999 -9999 -9999 -9999 7.28 12.00 13.89 17.51 10.37 -9999 -9999 -9999 -9999 -9999 -9999 -9999 -9999 -9999 -9999 -9999 8.15 13.06 9.82 5.13 7.20 7.03 8.15 6.20 5.39 6.51 7.72 4.67 11.51 8.02 11.60 8.19 13.79 7.77 9.70 7.93 10.98 9.69 10.53 11.22 10.19 9.99 8.07 7.04 10.24 10.65 10.20 9.00 9.43 9.27 9.56 10.10 11.97 11.99 11.40 12.12 -9999 -9999 -9999 -9999 -9999 -9999 -9999 -9999 -9999 -9999 -9999 -9999 -9999 -9999 -9999 -9999 -9999
-9999 -9999 -9999 -9999 -9999 9.04 8.32 16.07 12.34 11.58 -9999 -9999 -9999 -9999 -9999 -9999 -9999 -9999 -9999 -9999 -9999 -9999 -9999 8.09 5.94 5.72 8.57 6.09 8.68 6.67 6.06 5.85 6.56 4.78 11.66 11.18 12.35 11.75 13.03 13.16 13.36 12.05 11.78 12.31 11.93 10.00 9.80 8.94 6.72 6.21 7.03 12.33 11.08 8.24 7.85 8.19 8.02 8.22 8.30 8.63 8.36 9.31 10.77 11.16 -9999 -9999 -9999 -9999 -9999 -9999 -9999 -9999 -9999 -9999 -9999 -9999 -9999 -9999 -9999
-9999 -9999 -9999 -9999 -9999 12.03 13.77 9.17 9.21 9.77 -9999 -9999 -9999 -9999 -9999 -9999 -9999 -9999 -9999 -9999 -9999 -9999 -9999 -9999 6.89 8.02 7.36 6.52 7.95 7.26 7.30 6.71 7.35 4.76 11.54 10.34 9.15 11.95 10.87 10.17 15.43 15.48 11.41 13.54 12.20 11.50 9.05 7.90 6.92 6.43 6.70 7.90 8.60 7.96 8.10 8.11 8.14 7.77 7.55 7.57 7.76 11.03 11.09 10.42 -9999 -9999 -9999 -9999 -9999 -9999 -9999 -9999 -9999 -9999 -9999 -9999 -9999 -9999 -9999
-9999 -9999 -9999 -9999 -9999 12.72 10.90 11.29 9.93 -9999 -9999 -9999 -9999 -9999 -9999 -9999 -9999 -9999 -9999 -9999 -9999 -9999 -9999 -9999 8.36 8.65 8.16 -9999 8.11 -9999 7.71 6.57 5.76 4.44 4.41 10.51 9.63 10.26 14.39 6.71 8.15 14.96 12.75 12.14 12.07 10.62 8.97 8.44 8.43 7.68 7.29 7.37 8.45 9.84 8.68 9.33 8.12 7.19 8.28 9.59 9.02 8.18 8.09 9.92 11.69 12.02 -9999 -9999 -9999 -9999 -9999 -9999 -9999 -9999 -9999 -9999 -9999 -9999 -9999
-9999 -9999 -9999 -9999 12.10 10.70 10.21 -9999 -9999 -9999 -9999 -9999 -9999 -9999 -9999 -9999 -9999 -9999 -9999 -9999 -9999 -9999 -9999 -9999 9.65 8.70 7.97 -9999 -9999 -9999 7.54 8.21 4.74 5.75 7.03 5.49 5.60 7.89 12.83 12.74 6.84 12.01 14.15 10.96 12.49 11.25 9.94 7.95 8.20 7.89 7.68 7.58 7.81 8.33 8.36 8.74 7.23 7.78 8.99 9.78 9.96 9.54 8.47 8.28 9.36 10.55 -9999 -9999 -9999 -9999 -9999 -9999 -9999 -9999 -9999 -9999 -9999 -9999 -9999
-9999 -9999 -9999 -9999 -9999 -9999 -9999 -9999 -9999 -9999 -9999 -9999 -9999 -9999 -9999 -9999 -9999 -9999 -9999 -9999 -9999 -9999 -9999 -9999 -9999 -9999 -9999 -9999 -9999 8.34 6.50 6.33 8.36 9.53 10.16 9.79 7.90 8.44 11.72 11.55 9.31 6.97 11.11 12.87 10.99 10.11 9.29 8.56 8.36 8.55 7.90 7.61 7.61 7.60 7.48 6.86 7.92 10.88 8.81 9.35 8.31 8.30 7.30 7.91 8.83 -9999 -9999 -9999 -9999 -9999 -9999 -9999 -9999 -9999 -9999 -9999 -9999 -9999 -9999
-9999 -9999 -9999 -9999 -9999 -9999 -9999 -9999 -9999 -9999 -9999 -9999 -9999 -9999 -9999 -9999 -9999 -9999 -9999 -9999 -9999 -9999 -9999 -9999 -9999 -9999 -9999 -9999 -9999 7.75 6.34 7.88 10.80 13.87 12.28 8.69 10.05 6.89 7.44 6.99 9.15 9.85 10.84 11.40 11.10 9.79 9.41 9.09 8.31 8.49 7.80 7.66 7.67 7.69 7.44 6.70 7.28 11.51 10.21 7.98 7.45 7.17 7.01 7.75 8.98 -9999 -9999 -9999 -9999 -9999 -9999 -9999 -9999 -9999 -9999 -9999 -9999 -9999 -9999
-9999 -9999 -9999 -9999 -9999 -9999 -9999 -9999 -9999 -9999 -9999 -9999 -9999 -9999 -9999 -9999 -9999 -9999 -9999 -9999 -9999 -9999 -9999 -9999 -9999 -9999 -9999 -9999 -9999 7.09 5.74 6.14 9.29 10.67 10.06 9.04 8.70 7.63 8.27 7.07 7.06 8.11 6.37 11.19 9.78 11.04 9.65 9.37 8.01 7.72 7.82 7.71 7.74 7.65 7.52 7.10 6.70 8.72 9.40 8.16 7.32 7.27 7.07 7.67 8.64 -9999 -9999 -9999 -9999 -9999 -9999 -9999 -9999 -9999 -9999 -9999 -9999 -9999 -9999
-9999 -9999 -9999 -9999 -9999 -9999 -9999 -9999 -9999 -9999 -9999 -9999 -9999 -9999 -9999 -9999 -9999 -9999 -9999 -9999 -9999 -9999 -9999 -9999 -9999 -9999 -9999 9.60 8.20 6.53 5.55 8.46 10.24 13.38 9.59 11.52 6.20 7.63 7.57 8.85 9.43 9.10 11.32 7.35 7.90 8.06 8.11 7.69 8.66 7.63 7.60 7.96 7.64 7.60 7.66 7.28 6.92 6.87 8.71 8.03 7.27 7.16 7.16 7.34 7.98 8.96 -9999 -9999 -9999 -9999 -9999 -9999 -9999 -9999 -9999 -9999 -9999 -9999 -9999
-9999 -9999 -9999 -9999 -9999 -9999 -9999 -9999 -9999 -9999 -9999 -9999 -9999 -9999 -9999 -9999 -9999 -9999 -9999 -9999 -9999 -9999 -9999 -9999 -9999 -9999 -9999 9.00 7.52 6.54 5.99 6.42 9.59 7.06 7.09 5.40 7.31 10.93 8.19 9.87 9.19 10.52 6.70 11.09 8.68 10.07 9.71 9.82 8.51 8.04 7.68 7.54 7.54 7.64 7.62 7.49 7.05 6.62 7.09 8.40 7.72 7.21 7.28 7.05 7.29 8.50 -9999 -9999 -9999 -9999 -9999 -9999 -9999 -9999 -9999 -9999 -9999 -9999 -9999
-9999 -9999 -9999 -9999 -9999 -9999 -9999 -9999 -9999 -9999 -9999 -9999 -9999 -9999 -9999 -9999 -9999 -9999 -9999 -9999 -9999 -9999 -9999 -9999 -9999 -9999 -9999 9.06 7.44 6.88 6.44 6.60 7.00 7.40 6.52 5.56 7.36 7.84 7.15 9.12 11.77 9.04 8.42 6.94 9.14 7.27 8.11 8.93 9.33 8.35 8.04 7.53 7.51 7.67 7.68 7.57 7.28 6.83 6.88 8.15 8.95 7.73 7.19 6.92 6.82 7.61 8.79 -9999 -9999 -9999 -9999 -9999 -9999 -9999 -9999 -9999 -9999 -9999 -9999
-9999 -9999 -9999 -9999 -9999 -9999 -9999 -9999 -9999 -9999 -9999 -9999 -9999 -9999 -9999 -9999 -9999 -9999 -9999 -9999 -9999 -9999 -9999 -9999 -9999 -9999 -9999 8.75 7.58 7.20 7.16 6.85 6.56 6.20 7.02 8.33 5.65 5.66 6.95 11.90 11.76 12.94 11.22 8.90 8.66 9.25 7.72 7.14 8.46 9.00 7.97 7.56 7.62 7.54 7.66 7.68 7.59 7.18 6.94 8.51 9.76 8.40 7.71 7.37 6.76 6.90 8.07 9.16 -9999 -9999 -9999 -9999 -9999 -9999 -9999 -9999 -9999 -9999 -9999
-9999 -9999 -9999 -9999 -9999 -9999 -9999 -9999 -9999 -9999 -9999 -9999 -9999 -9999 -9999 -9999 -9999 -9999 -9999 -9999 -9999 -9999 -9999 -9999 -9999 -9999 -9999 8.72 7.33 7.01 6.82 6.47 5.92 6.52 6.07 7.43 7.93 9.90 11.42 12.18 9.02 11.06 9.56 9.43 7.83 9.26 8.65 7.85 7.27 7.24 7.61 7.50 7.62 7.70 7.81 7.83 7.88 7.75 7.56 7.69 8.74 8.42 7.85 7.67 7.42 7.10 7.24 8.55 -9999 -9999 -9999 -9999 -9999 -9999 -9999 -9999 -9999 -9999 -9999
-9999 -9999 -9999 -9999 -9999 -9999 -9999 -9999 -9999 -9999 -9999 -9999 -9999 -9999 -9999 -9999 -9999 -9999 -9999 -9999 -9999 -9999 -9999 -9999 -9999 -9999 -9999 -9999 7.36 7.03 6.64 6.00 6.52 8.51 8.49 9.39 8.16 7.80 9.95 9.40 10.77 9.72 7.55 6.05 6.78 6.73 8.32 7.55 7.38 8.11 7.94 7.44 7.79 7.75 7.91 7.89 7.94 8.03 8.01 7.95 7.70 7.96 8.04 8.07 -9999 7.74 8.00 8.80 10.22 -9999 -9999 -9999 -9999 -9999 -9999 -9999 -9999 -9999 -9999
-9999 -9999 -9999 -9999 -9999 -9999 -9999 -9999 -9999 -9999 -9999 -9999 -9999 -9999 -9999 -9999 -9999 -9999 -9999 -9999 -9999 -9999 -9999 -9999 -9999 -9999 -9999 8.55 7.30 6.92 6.21 5.70 5.96 10.23 10.77 8.61 11.51 10.84 8.72 8.26 12.56 10.24 10.45 7.59 5.63 7.80 6.50 6.16 7.27 7.66 7.43 7.81 7.68 7.82 7.96 8.10 7.94 7.89 9.29 8.29 7.53 8.88 8.05 7.92 7.89 -9999 8.73 9.38 10.50 11.40 -9999 -9999 -9999 -9999 -9999 -9999 -9999 -9999 -9999
-9999 -9999 -9999 -9999 -9999 -9999 -9999 -9999 -9999 -9999 -9999 -9999 -9999 -9999 -9999 -9999 -9999 -9999 -9999 -9999 -9999 -9999 -9999 -9999 -9999 -9999 -9999 8.37 7.15 6.80 6.23 7.78 6.72 7.84 10.96 7.56 7.98 8.33 6.22 6.16 10.09 9.26 9.11 5.71 7.70 8.66 6.29 7.63 7.11 8.05 8.09 7.98 7.80 7.95 8.07 8.09 7.90 7.69 7.75 8.15 7.11 7.36 8.03 7.32 7.90 8.26 -9999 -9999 -9999 -9999 -9999 -9999 -9999 -9999 -9999 -9999 -9999 -9999 -9999
-9999 -9999 -9999 -9999 -9999 -9999 -9999 -9999 -9999 -9999 -9999 -9999 -9999 -9999 -9999 -9999 -9999 -9999 -9999 -9999 -9999 -9999 -9999 -9999 -9999 -9999 9.74 7.80 6.99 7.75 7.27 7.37 6.89 7.75 7.87 7.37 7.18 6.65 6.32 6.67 9.19 11.53 11.47 6.72 9.28 8.52 6.06 6.64 6.01 7.20 8.04 7.90 7.83 8.26 8.26 8.17 8.15 7.76 7.72 7.74 7.51 7.20 8.63 7.91 7.73 7.84 8.83 9.88 -9999 -9999 -9999 -9999 -9999 -9999 -9999 -9999 -9999 -9999 -9999
-9999 -9999 -9999 -9999 -9999 -9999 -9999 -9999 -9999 -9999 -9999 -9999 -9999 -9999 -9999 -9999 -9999 -9999 -9999 -9999 -9999 -9999 -9999 -9999 -9999 -9999 -9999 8.02 7.02 7.04 7.42 9.34 7.07 6.68 6.58 7.17 7.54 6.94 6.55 6.22 5.98 9.68 10.70 11.59 8.54 8.75 7.72 6.78 7.49 5.88 6.78 8.42 8.00 8.21 8.16 8.12 8.21 7.86 7.72 7.93 7.56 7.06 7.13 9.52 8.24 7.76 8.00 8.74 9.76 10.86 -9999 -9999 -9999 -9999 -9999 -9999 -9999 -9999 -9999
-9999 -9999 -9999 -9999 -9999 -9999 -9999 -9999 -9999 -9999 -9999 -9999 -9999 -9999 -9999 -9999 -9999 -9999 -9999 -9999 -9999 -9999 -9999 -9999 -9999 -9999 -9999 8.04 7.46 7.04 7.18 7.39 7.48 7.07 6.50 6.71 6.43 6.21 6.19 6.05 6.45 5.37 9.82 12.37 12.70 9.96 8.34 7.66 6.42 7.21 7.01 8.91 8.23 8.36 8.17 8.12 8.05 7.87 8.03 7.98 7.69 7.17 7.53 9.54 8.78 8.89 7.68 7.75 8.64 9.84 -9999 -9999 -9999 -9999 -9999 -9999 -9999 -9999 -9999
-9999 -9999 -9999 -9999 -9999 -9999 -9999 11.17 10.43 10.90 11.96 -9999 -9999 -9999 -9999 -9999 -9999 -9999 -9999 -9999 -9999 -9999 -9999 -9999 -9999 -9999 8.56 7.56 8.01 7.35 8.20 7.60 6.96 6.78 6.77 6.57 6.59 6.39 6.32 6.01 5.56 8.23 10.43 10.26 7.73 10.93 9.81 6.44 6.68 5.26 8.93 9.52 8.43 8.46 8.25 8.11 7.98 7.84 7.95 8.30 8.06 7.38 7.34 7.67 9.47 9.19 9.58 7.73 7.65 8.86 10.21 -9999 -9999 -9999 -9999 -9999 -9999 -9999 -9999
-9999 -9999 -9999 -9999 -9999 -9999 -9999 10.67 9.95 9.77 10.11 -9999 -9999 -9999 -9999 -9999 -9999 -9999 -9999 -9999 -9999 -9999 -9999 -9999 -9999 8.78 8.47 7.68 7.94 8.89 7.55 7.50 6.58 6.59 6.83 6.66 6.86 6.96 6.12 5.50 5.17 6.60 12.32 11.91 7.45 9.18 8.63 8.40 5.68 5.36 7.89 9.03 8.55 7.86 7.84 7.91 8.20 7.93 7.88 8.09 8.49 7.84 7.64 7.45 9.17 9.14 9.01 7.93 7.78 8.15 9.59 -9999 -9999 -9999 -9999 -9999 -9999 -9999 -9999
-9999 -9999 -9999 -9999 -9999 13.43 10.32 8.90 9.38 9.14 10.01 9.45 10.32 10.83 -9999 -9999 11.28 9.76 -9999 -9999 -9999 8.97 10.30 9.39 -9999 6.99 8.91 8.01 7.49 7.96 7.33 7.56 7.53 8.13 7.63 7.63 6.70 7.07 6.27 6.03 9.22 5.91 7.74 10.34 4.94 6.74 11.96 6.36 8.56 6.69 7.73 8.30 8.08 7.98 7.96 7.86 8.04 7.61 7.88 7.88 8.69 7.90 7.63 7.55 7.91 8.58 9.55 9.10 7.92 7.74 8.95 10.48 -9999 -9999 -9999 -9999 -9999 -9999 -9999
-9999 -9999 -9999 -9999 -9999 -9999 10.74 9.37 8.84 8.45 8.62 9.62 10.79 7.75 -9999 6.89 8.82 10.39 9.29 10.41 7.21 6.61 11.18 10.82 8.97 -9999 6.60 8.23 8.07 7.30 7.22 7.90 7.16 7.03 6.99 6.87 7.06 6.70 6.95 6.43 9.52 9.60 8.80 9.21 8.29 10.14 10.28 8.62 6.65 6.49 8.61 8.82 7.62 8.28 7.78 8.12 8.12 7.58 7.71 7.77 8.72 7.93 7.60 7.57 7.34 8.09 8.88 9.69 8.79 7.99 8.46 9.91 -9999 -9999 -9999 -9999 -9999 -9999 -9999
