ML/MeanWindSpeed_1997-09_Actual.txt
ncols         180
nrows         290
xllcorner     -200000
yllcorner     -200000
cellsize      5000
NODATA_value  -9999
[rows 140 to 174 of 290, columns 78 to 155 of 180]
-9999 -9999 -9999 13.15 -9999 -9999 -9999 11.02 11.60 10.22 10.05 10.67 -9999 -9999 10.86 8.88 12.08 13.34 -9999 -9999 -9999 -9999 -9999 9.85 8.81 6.23 6.41 6.18 7.06 6.74 7.52 7.39 4.37 7.20 11.38 13.58 9.69 12.08 13.13 13.47 10.16 10.84 10.98 9.08 6.05 5.87 6.15 2.70 3.82 6.65 8.24 -9999 -9999 -9999 -9999 -9999 -9999 -9999 -9999 -9999 -9999 -9999 -9999 -9999 -9999 -9999 -9999 -9999 -9999 -9999 -9999 -9999 -9999 -9999 -9999 -9999 -9999 -9999
-9999 -9999 -9999 12.83 12.68 -9999 -9999 -9999 11.04 12.19 11.76 11.83 -9999 -9999 -9999 -9999 11.31 -9999 -9999 -9999 -9999 -9999 -9999 8.55 7.74 6.73 7.64 9.03 9.05 7.83 7.93 6.92 5.37 5.34 9.71 12.24 7.69 14.59 13.82 15.21 10.89 10.94 12.76 9.20 6.78 5.78 3.74 2.25 3.80 6.44 8.13 -9999 -9999 -9999 -9999 -9999 -9999 -9999 -9999 -9999 -9999 -9999 -9999 -9999 -9999 -9999 -9999 -9999 -9999 -9999 -9999 -9999 -9999 -9999 -9999 -9999 -9999 -9999
-9999 -9999 -9999 -9999 14.32 -9999 -9999 -9999 -9999 11.56 12.92 12.36 -9999 -9999 -9999 -9999 -9999 -9999 -9999 -9999 -9999 -9999 9.53 8.46 8.72 8.70 8.88 10.92 10.58 9.41 9.14 8.04 7.24 4.96 6.57 14.86 15.36 14.64 14.06 10.67 9.31 9.73 7.48 4.84 7.52 7.51 3.47 2.85 4.48 6.42 8.21 9.21 -9999 -9999 -9999 -9999 -9999 -9999 -9999 -9999 -9999 -9999 -9999 -9999 -9999 -9999 -9999 -9999 -9999 -9999 -9999 -9999 -9999 -9999 -9999 -9999 -9999 -9999
-9999 -9999 -9999 -9999 15.68 -9999 -9999 -9999 -9999 -9999 -9999 -9999 -9999 -9999 -9999 -9999 -9999 -9999 -9999 -9999 -9999 -9999 9.95 8.13 6.88 5.79 4.93 14.58 11.52 9.91 12.02 8.35 9.48 3.78 3.79 11.51 17.16 12.84 10.63 16.04 18.27 15.92 12.30 10.07 4.65 5.30 4.86 6.02 5.24 5.98 8.33 9.28 9.36 -9999 -9999 -9999 -9999 -9999 -9999 -9999 -9999 -9999 -9999 -9999 -9999 -9999 -9999 -9999 -9999 -9999 -9999 -9999 -9999 -9999 -9999 -9999 -9999 -9999
-9999 -9999 -9999 -9999 -9999 -9999 -9999 -9999 -9999 -9999 -9999 -9999 -9999 -9999 -9999 -9999 -9999 -9999 -9999 -9999 -9999 9.96 9.08 7.42 6.00 10.07 4.13 20.41 19.20 9.08 9.91 8.40 7.16 7.34 3.52 5.11 17.04 16.70 14.02 11.99 10.58 13.47 12.47 10.61 7.66 5.99 5.57 5.18 5.19 6.68 6.93 7.12 8.06 -9999 -9999 -9999 -9999 -9999 -9999 -9999 -9999 -9999 -9999 -9999 -9999 -9999 -9999 -9999 -9999 -9999 -9999 -9999 -9999 -9999 -9999 -9999 -9999 -9999
-9999 -9999 -9999 -9999 -9999 -9999 -9999 -9999 -9999 -9999 -9999 -9999 -9999 -9999 -9999 -9999 -9999 -9999 -9999 -9999 -9999 8.67 9.71 6.29 9.12 19.12 9.19 4.76 12.29 13.37 9.86 8.95 7.68 7.06 5.69 6.01 8.69 19.79 16.09 14.30 11.06 10.55 10.39 7.84 7.22 7.00 7.87 5.81 6.94 6.14 6.34 5.99 6.47 7.39 8.15 8.26 -9999 -9999 -9999 -9999 -9999 -9999 -9999 -9999 -9999 -9999 -9999 -9999 -9999 -9999 -9999 -9999 -9999 -9999 -9999 -9999 -9999 -9999
-9999 -9999 -9999 -9999 -9999 -9999 -9999 -9999 -9999 -9999 -9999 -9999 -9999 -9999 -9999 -9999 -9999 -9999 -9999 -9999 -9999 8.51 8.27 7.94 12.93 7.74 7.43 9.17 14.49 9.87 7.75 12.26 5.25 8.26 6.98 7.68 7.07 11.00 13.95 13.51 12.18 11.05 8.01 7.93 6.97 6.19 5.76 6.11 6.00 6.32 5.47 5.20 5.38 9.39 7.44 8.74 9.62 9.08 -9999 -9999 -9999 -9999 -9999 -9999 -9999 -9999 -9999 -9999 -9999 -9999 -9999 -9999 -9999 -9999 -9999 -9999 -9999 -9999
-9999 -9999 -9999 -9999 -9999 -9999 -9999 -9999 -9999 -9999 -9999 -9999 -9999 -9999 -9999 -9999 -9999 -9999 -9999 -9999 -9999 8.42 7.86 9.51 16.87 18.50 12.79 7.90 9.01 9.74 13.05 6.48 10.98 8.46 7.62 9.44 8.89 6.24 7.20 13.05 12.40 11.03 9.63 8.25 7.44 7.22 6.87 6.09 6.32 5.96 5.17 5.64 5.56 6.67 10.14 9.27 9.19 10.54 10.20 7.69 -9999 -9999 -9999 -9999 -9999 -9999 -9999 -9999 -9999 -9999 -9999 -9999 -9999 -9999 -9999 -9999 -9999 -9999
-9999 -9999 -9999 -9999 -9999 -9999 -9999 -9999 -9999 -9999 -9999 -9999 -9999 -9999 -9999 -9999 -9999 -9999 -9999 -9999 -9999 9.14 7.65 10.96 13.27 7.53 23.46 18.69 8.14 10.62 7.32 12.29 13.21 8.20 6.50 8.38 9.09 6.15 16.00 14.03 13.49 14.25 14.52 13.07 8.39 9.64 7.63 6.90 6.68 6.37 6.11 5.68 4.58 5.35 8.52 6.87 6.13 7.02 8.81 6.73 10.19 -9999 -9999 -9999 -9999 -9999 -9999 -9999 -9999 -9999 -9999 -9999 -9999 -9999 -9999 -9999 -9999 -9999
-9999 -9999 -9999 -9999 -9999 -9999 -9999 -9999 -9999 11.73 12.27 12.86 -9999 -9999 -9999 -9999 -9999 -9999 -9999 -9999 -9999 -9999 10.22 9.04 7.60 10.48 12.99 16.80 7.75 3.67 10.08 8.93 7.77 6.24 8.89 9.45 7.89 9.05 12.47 12.61 17.45 15.76 12.63 11.67 12.26 9.92 8.01 7.27 6.70 6.65 5.75 5.05 10.48 8.72 12.52 12.79 10.88 9.14 5.67 9.72 10.16 8.47 -9999 -9999 -9999 -9999 -9999 -9999 -9999 -9999 -9999 -9999 -9999 -9999 -9999 -9999 -9999 -9999
-9999 -9999 -9999 -9999 -9999 -9999 -9999 -9999 -9999 10.07 10.37 -9999 -9999 -9999 -9999 -9999 -9999 -9999 -9999 -9999 -9999 -9999 -9999 9.44 6.39 11.60 11.83 21.67 10.25 9.85 8.22 4.99 3.79 4.55 4.49 15.48 7.51 9.12 15.64 12.14 8.42 7.60 13.54 8.37 12.12 9.39 7.64 6.77 6.49 5.83 6.41 9.54 10.72 9.19 8.13 7.01 8.23 9.41 8.71 9.32 8.98 11.52 -9999 -9999 -9999 -9999 -9999 -9999 -9999 -9999 -9999 -9999 -9999 -9999 -9999 -9999 -9999 -9999
-9999 -9999 -9999 -9999 -9999 -9999 -9999 -9999 9.30 13.23 12.76 11.64 -9999 -9999 -9999 -9999 -9999 -9999 -9999 -9999 -9999 -9999 -9999 10.01 12.49 13.33 13.42 10.02 11.51 8.40 7.17 5.33 4.34 6.84 4.89 3.33 15.32 9.65 8.53 13.57 10.95 14.85 10.93 11.42 9.32 8.65 7.76 7.40 6.20 5.50 7.27 9.12 7.84 8.69 9.41 8.30 8.56 8.06 8.41 8.84 6.97 10.80 9.14 -9999 -9999 -9999 -9999 -9999 -9999 -9999 -9999 -9999 -9999 -9999 -9999 -9999 -9999 -9999
-9999 -9999 -9999 -9999 -9999 -9999 -9999 7.95 13.41 15.71 19.94 11.45 -9999 -9999 -9999 -9999 -9999 -9999 -9999 -9999 -9999 -9999 -9999 11.58 17.44 13.53 7.82 9.58 8.35 8.91 6.04 4.63 5.71 7.09 3.71 12.13 8.45 12.83 8.96 15.48 8.21 10.19 7.71 10.69 8.52 8.76 8.67 6.84 6.45 5.72 6.07 10.10 10.51 9.72 7.73 7.49 6.60 6.41 6.77 8.99 9.08 8.54 9.60 -9999 -9999 -9999 -9999 -9999 -9999 -9999 -9999 -9999 -9999 -9999 -9999 -9999 -9999 -9999
-9999 -9999 -9999 -9999 -9999 -9999 10.18 9.26 18.30 14.09 13.18 -9999 -9999 -9999 -9999 -9999 -9999 -9999 -9999 -9999 -9999 -9999 -9999 -9999 11.53 8.83 8.10 10.82 7.20 9.64 6.74 5.64 5.19 5.84 3.75 12.05 11.87 13.44 12.76 14.26 14.14 14.12 12.39 11.58 11.67 10.75 7.85 7.20 7.02 6.81 6.36 6.96 12.75 10.88 7.07 5.97 5.71 5.02 5.00 5.14 5.58 5.43 6.78 8.80 9.63 -9999 -9999 -9999 -9999 -9999 -9999 -9999 -9999 -9999 -9999 -9999 -9999 -9999
-9999 -9999 -9999 -9999 -9999 -9999 13.71 15.80 10.59 10.73 11.23 -9999 -9999 -9999 -9999 -9999 -9999 -9999 -9999 -9999 -9999 -9999 -9999 -9999 -9999 9.48 10.31 9.09 7.57 8.82 7.54 7.27 6.45 7.10 3.99 12.11 10.79 9.46 12.86 11.56 10.43 16.27 16.15 11.23 13.32 11.47 10.46 7.77 7.25 7.34 6.74 6.46 7.48 7.91 6.74 6.43 5.98 5.64 5.05 4.87 4.96 5.36 9.42 9.78 9.26 -9999 -9999 -9999 -9999 -9999 -9999 -9999 -9999 -9999 -9999 -9999 -9999 -9999
-9999 -9999 -9999 -9999 -9999 -9999 14.63 12.65 13.19 11.59 -9999 -9999 -9999 -9999 -9999 -9999 -9999 -9999 -9999 -9999 -9999 -9999 -9999 -9999 -9999 10.63 10.67 9.78 -9999 8.95 -9999 7.86 6.56 5.70 4.10 4.26 11.27 10.00 10.80 15.62 6.35 7.88 15.62 12.96 12.07 11.69 9.88 7.98 7.18 6.72 6.28 6.36 6.52 7.60 8.89 7.22 7.69 6.10 5.01 6.36 8.01 7.58 6.84 6.92 9.19 11.33 11.77 -9999 -9999 -9999 -9999 -9999 -9999 -9999 -9999 -9999 -9999 -9999
-9999 -9999 -9999 -9999 -9999 13.94 12.47 11.96 -9999 -9999 -9999 -9999 -9999 -9999 -9999 -9999 -9999 -9999 -9999 -9999 -9999 -9999 -9999 -9999 -9999 11.63 10.34 9.23 -9999 -9999 -9999 7.67 8.52 4.60 5.80 7.39 5.47 5.29 7.87 13.64 13.32 6.42 12.37 14.70 10.90 12.46 10.82 9.11 6.48 6.51 6.23 6.34 6.45 6.73 7.17 7.02 7.29 5.51 6.36 7.96 9.08 9.53 9.24 8.06 7.81 9.02 10.32 -9999 -9999 -9999 -9999 -9999 -9999 -9999 -9999 -9999 -9999 -9999
-9999 -9999 -9999 -9999 -9999 -9999 -9999 -9999 -9999 -9999 -9999 -9999 -9999 -9999 -9999 -9999 -9999 -9999 -9999 -9999 -9999 -9999 -9999 -9999 -9999 -9999 -9999 -9999 -9999 -9999 8.60 6.28 6.14 8.63 9.98 10.72 10.30 7.97 8.53 12.36 11.96 9.23 6.54 11.21 13.14 10.86 9.63 8.45 7.31 6.91 7.14 6.56 6.36 6.44 6.38 6.16 5.35 6.70 10.50 8.51 9.45 8.44 8.49 7.25 7.82 8.70 -9999 -9999 -9999 -9999 -9999 -9999 -9999 -9999 -9999 -9999 -9999 -9999
-9999 -9999 -9999 -9999 -9999 -9999 -9999 -9999 -9999 -9999 -9999 -9999 -9999 -9999 -9999 -9999 -9999 -9999 -9999 -9999 -9999 -9999 -9999 -9999 -9999 -9999 -9999 -9999 -9999 -9999 7.81 6.00 7.86 11.54 15.08 13.17 8.96 10.41 6.81 7.46 6.75 9.09 9.81 11.01 11.49 10.94 9.27 8.62 8.05 7.05 7.27 6.54 6.47 6.52 6.55 6.25 5.37 6.28 11.68 10.74 8.49 8.03 7.69 7.31 7.87 8.95 -9999 -9999 -9999 -9999 -9999 -9999 -9999 -9999 -9999 -9999 -9999 -9999
-9999 -9999 -9999 -9999 -9999 -9999 -9999 -9999 -9999 -9999 -9999 -9999 -9999 -9999 -9999 -9999 -9999 -9999 -9999 -9999 -9999 -9999 -9999 -9999 -9999 -9999 -9999 -9999 -9999 -9999 6.99 5.27 5.86 9.85 11.49 10.75 9.41 8.96 7.79 8.44 6.91 6.84 7.83 5.80 11.33 9.43 10.75 9.03 8.60 6.99 6.65 6.78 6.66 6.70 6.58 6.45 6.01 5.87 8.78 10.16 9.11 8.25 8.11 7.66 7.91 8.48 -9999 -9999 -9999 -9999 -9999 -9999 -9999 -9999 -9999 -9999 -9999 -9999
-9999 -9999 -9999 -9999 -9999 -9999 -9999 -9999 -9999 -9999 -9999 -9999 -9999 -9999 -9999 -9999 -9999 -9999 -9999 -9999 -9999 -9999 -9999 -9999 -9999 -9999 -9999 -9999 10.08 8.38 6.28 5.00 8.58 10.96 14.68 10.22 12.26 6.04 7.59 7.48 9.03 9.77 9.20 11.63 6.92 7.36 7.43 7.37 6.83 7.96 6.77 6.70 7.06 6.66 6.59 6.68 6.34 6.28 6.84 9.54 9.14 8.36 8.12 7.96 7.62 7.53 8.37 -9999 -9999 -9999 -9999 -9999 -9999 -9999 -9999 -9999 -9999 -9999
-9999 -9999 -9999 -9999 -9999 -9999 -9999 -9999 -9999 -9999 -9999 -9999 -9999 -9999 -9999 -9999 -9999 -9999 -9999 -9999 -9999 -9999 -9999 -9999 -9999 -9999 -9999 -9999 9.31 7.53 6.29 5.59 6.20 10.12 7.24 7.15 5.03 7.23 11.34 8.21 10.32 9.50 10.98 6.44 11.38 8.43 9.91 9.34 9.38 7.85 7.32 6.86 6.61 6.57 6.64 6.63 6.62 6.44 6.51 7.64 9.57 8.92 8.19 8.14 7.25 6.54 7.74 -9999 -9999 -9999 -9999 -9999 -9999 -9999 -9999 -9999 -9999 -9999
-9999 -9999 -9999 -9999 -9999 -9999 -9999 -9999 -9999 -9999 -9999 -9999 -9999 -9999 -9999 -9999 -9999 -9999 -9999 -9999 -9999 -9999 -9999 -9999 -9999 -9999 -9999 -9999 9.35 7.40 6.68 6.14 6.43 7.15 7.62 6.49 5.34 7.42 7.94 7.14 9.47 12.50 9.26 8.51 6.64 9.02 6.72 7.57 8.42 8.83 7.67 7.27 6.60 6.53 6.66 6.69 6.68 6.66 6.59 7.21 9.09 10.18 8.71 7.92 6.92 5.94 6.67 8.05 -9999 -9999 -9999 -9999 -9999 -9999 -9999 -9999 -9999 -9999
-9999 -9999 -9999 -9999 -9999 -9999 -9999 -9999 -9999 -9999 -9999 -9999 -9999 -9999 -9999 -9999 -9999 -9999 -9999 -9999 -9999 -9999 -9999 -9999 -9999 -9999 -9999 -9999 8.98 7.55 7.05 6.98 6.66 6.46 6.18 7.16 8.62 5.53 5.55 7.04 12.77 12.64 13.86 11.76 8.96 8.55 9.13 7.25 6.44 7.90 8.47 7.18 6.61 6.64 6.49 6.63 6.75 6.90 6.79 7.01 9.27 10.90 9.29 8.25 7.26 5.94 5.88 7.22 8.51 -9999 -9999 -9999 -9999 -9999 -9999 -9999 -9999 -9999
-9999 -9999 -9999 -9999 -9999 -9999 -9999 -9999 -9999 -9999 -9999 -9999 -9999 -9999 -9999 -9999 -9999 -9999 -9999 -9999 -9999 -9999 -9999 -9999 -9999 -9999 -9999 -9999 8.95 7.28 6.84 6.58 6.16 5.60 6.47 6.03 7.47 8.09 10.44 12.26 13.24 9.77 12.04 10.08 9.73 7.76 9.37 8.51 7.40 6.60 6.46 6.78 6.54 6.61 6.62 6.74 6.81 7.07 7.23 7.44 8.01 9.43 9.02 8.12 7.49 6.80 6.20 6.29 7.80 -9999 -9999 -9999 -9999 -9999 -9999 -9999 -9999 -9999
-9999 -9999 -9999 -9999 -9999 -9999 -9999 -9999 -9999 -9999 -9999 -9999 -9999 -9999 -9999 -9999 -9999 -9999 -9999 -9999 -9999 -9999 -9999 -9999 -9999 -9999 -9999 -9999 -9999 7.31 6.88 6.37 5.57 6.17 8.61 8.70 9.65 8.17 7.83 10.48 10.07 11.95 10.81 8.17 6.18 6.94 6.78 8.39 7.22 6.83 7.52 7.17 6.42 6.69 6.54 6.67 6.66 6.87 7.23 7.57 7.86 7.76 8.05 8.02 7.82 -9999 7.02 7.23 8.12 9.77 -9999 -9999 -9999 -9999 -9999 -9999 -9999 -9999
-9999 -9999 -9999 -9999 -9999 -9999 -9999 -9999 -9999 -9999 -9999 -9999 -9999 -9999 -9999 -9999 -9999 -9999 -9999 -9999 -9999 -9999 -9999 -9999 -9999 -9999 -9999 -9999 8.72 7.23 6.75 5.88 5.18 5.43 10.52 11.30 8.77 12.19 11.49 9.06 8.67 13.90 11.46 11.83 8.36 6.03 8.46 6.69 5.95 6.89 7.06 6.56 6.73 6.34 6.32 6.40 6.59 6.52 6.69 8.62 7.73 7.04 8.66 7.69 7.49 7.33 -9999 8.10 8.82 10.09 11.11 -9999 -9999 -9999 -9999 -9999 -9999 -9999
-9999 -9999 -9999 -9999 -9999 -9999 -9999 -9999 -9999 -9999 -9999 -9999 -9999 -9999 -9999 -9999 -9999 -9999 -9999 -9999 -9999 -9999 -9999 -9999 -9999 -9999 -9999 -9999 8.46 6.99 6.55 5.87 7.64 6.41 7.84 11.61 7.70 8.19 8.60 6.14 6.13 10.98 10.37 10.39 6.47 8.83 9.86 6.93 8.15 7.08 7.69 7.31 6.74 6.15 6.10 6.15 6.21 6.14 6.11 6.47 7.15 6.09 6.47 7.32 6.57 7.24 7.58 -9999 -9999 -9999 -9999 -9999 -9999 -9999 -9999 -9999 -9999 -9999
-9999 -9999 -9999 -9999 -9999 -9999 -9999 -9999 -9999 -9999 -9999 -9999 -9999 -9999 -9999 -9999 -9999 -9999 -9999 -9999 -9999 -9999 -9999 -9999 -9999 -9999 -9999 10.01 7.70 6.73 7.60 7.06 7.19 6.67 7.86 8.12 7.47 7.19 6.55 6.17 6.56 9.82 12.95 13.24 7.99 11.12 10.26 7.19 7.51 6.27 6.98 7.29 6.50 5.93 6.18 6.12 6.05 6.18 5.94 6.18 6.40 6.22 5.95 7.73 7.03 6.88 6.98 8.10 9.27 -9999 -9999 -9999 -9999 -9999 -9999 -9999 -9999 -9999
-9999 -9999 -9999 -9999 -9999 -9999 -9999 -9999 -9999 -9999 -9999 -9999 -9999 -9999 -9999 -9999 -9999 -9999 -9999 -9999 -9999 -9999 -9999 -9999 -9999 -9999 -9999 -9999 7.88 6.72 6.73 7.24 9.52 6.91 6.57 6.53 7.12 7.50 6.75 6.26 5.89 5.98 10.75 12.51 13.88 10.54 10.89 9.48 8.06 8.38 5.75 5.91 7.03 5.99 6.01 5.90 5.87 6.12 5.92 6.01 6.43 6.02 5.45 5.66 8.62 7.27 6.78 7.05 7.86 9.04 10.34 -9999 -9999 -9999 -9999 -9999 -9999 -9999
-9999 -9999 -9999 -9999 -9999 -9999 -9999 -9999 -9999 -9999 -9999 -9999 -9999 -9999 -9999 -9999 -9999 -9999 -9999 -9999 -9999 -9999 -9999 -9999 -9999 -9999 -9999 -9999 7.82 7.17 6.71 6.94 7.24 7.37 6.96 6.36 6.56 6.16 5.86 5.82 5.72 6.44 5.70 11.62 14.89 15.47 12.42 10.39 9.26 7.40 7.53 6.31 7.60 6.23 6.18 5.90 5.87 5.92 5.90 6.27 6.31 5.97 5.32 5.87 8.41 7.73 7.99 6.61 6.66 7.67 9.08 -9999 -9999 -9999 -9999 -9999 -9999 -9999
-9999 -9999 -9999 -9999 -9999 -9999 -9999 -9999 12.91 12.09 12.67 13.93 -9999 -9999 -9999 -9999 -9999 -9999 -9999 -9999 -9999 -9999 -9999 -9999 -9999 -9999 -9999 8.32 7.17 7.71 6.99 8.07 7.46 6.76 6.60 6.63 6.35 6.33 6.05 5.92 5.64 5.32 8.94 12.24 12.48 9.77 13.58 12.22 7.99 7.84 5.37 8.65 8.44 6.56 6.35 6.03 5.92 5.93 5.90 6.10 6.51 6.21 5.37 5.46 6.08 8.40 8.24 8.77 6.62 6.49 7.89 9.51 -9999 -9999 -9999 -9999 -9999 -9999
-9999 -9999 -9999 -9999 -9999 -9999 -9999 -9999 12.26 11.46 11.30 11.75 -9999 -9999 -9999 -9999 -9999 -9999 -9999 -9999 -9999 -9999 -9999 -9999 -9999 -9999 8.36 8.11 7.26 7.60 8.73 7.26 7.30 6.27 6.30 6.60 6.37 6.59 6.67 5.68 5.01 4.90 7.01 14.34 14.41 9.47 11.55 10.81 10.24 6.59 5.44 7.55 8.10 6.95 5.85 5.73 5.88 6.36 6.08 5.95 6.10 6.54 5.78 5.70 5.77 8.00 8.14 8.11 6.85 6.64 7.07 8.76 -9999 -9999 -9999 -9999 -9999 -9999
-9999 -9999 -9999 -9999 -9999 -9999 15.57 11.88 10.19 10.77 10.52 11.59 11.07 12.25 12.99 -9999 -9999 12.63 10.21 -9999 -9999 -9999 7.87 9.56 8.80 -9999 6.36 8.61 7.61 7.05 7.60 6.93 7.30 7.31 8.03 7.48 7.45 6.37 6.75 5.82 5.67 9.71 6.27 8.97 12.35 6.21 8.39 14.42 7.62 9.61 6.76 7.39 7.45 6.68 6.26 6.15 6.10 6.37 5.79 5.92 5.76 6.67 5.76 5.68 5.90 6.55 7.49 8.75 8.21 6.81 6.60 8.00 9.80 -9999 -9999 -9999 -9999 -9999
-9999 -9999 -9999 -9999 -9999 -9999 -9999 12.38 10.76 10.15 9.70 9.98 11.39 13.13 9.98 -9999 9.01 10.10 11.02 9.04 9.91 5.97 5.04 10.36 10.34 8.66 -9999 6.06 7.89 7.66 6.74 6.69 7.61 6.86 6.73 6.71 6.56 6.77 6.29 6.53 6.06 10.02 10.52 9.98 10.70 9.68 11.91 12.15 9.91 7.03 6.26 8.31 8.11 6.31 6.86 6.23 6.68 6.67 5.94 5.86 5.66 6.72 5.96 5.90 6.09 5.98 6.98 7.98 8.93 7.83 6.85 7.40 9.11 -9999 -9999 -9999 -9999 -9999
