ML/MeanWindSpeed_2000-03_Actual.txt
ncols         180
nrows         290
xllcorner     -200000
yllcorner     -200000
cellsize      5000
NODATA_value  -9999
[rows 210 to 244 of 290, columns 78 to 155 of 180]
11.54 11.69 10.77 12.18 12.17 -9999 -9999 -9999 -9999 -9999 -9999 -9999 8.05 8.06 8.82 7.89 7.37 6.92 8.11 9.82 11.78 11.56 10.24 9.18 8.71 8.33 10.93 10.88 7.89 6.94 9.72 10.17 11.21 9.04 8.36 7.84 7.39 8.27 8.90 8.95 9.27 9.10 8.84 8.61 8.27 7.82 7.53 7.25 7.63 7.37 7.51 7.60 7.59 7.53 7.03 7.21 7.55 6.87 6.27 7.40 8.19 8.46 8.30 7.63 7.38 7.91 8.42 8.18 7.59 7.35 8.02 7.28 7.52 8.24 7.94 8.08 8.11 7.64
-9999 12.00 -9999 -9999 -9999 -9999 -9999 -9999 -9999 -9999 11.16 10.01 9.73 10.73 10.37 9.11 7.89 7.79 7.63 9.56 10.87 10.63 8.06 8.02 10.44 9.90 10.21 8.72 7.62 7.54 9.62 10.02 9.91 8.77 8.40 7.98 6.98 9.33 9.71 9.01 9.15 8.92 8.78 8.55 8.20 8.26 7.73 7.71 7.29 7.30 7.42 7.61 7.45 7.35 6.78 7.73 8.59 7.15 7.26 6.35 7.88 8.08 7.74 8.16 7.89 8.01 8.57 8.09 7.47 7.40 7.34 7.64 8.00 7.65 8.12 8.01 7.49 7.38
-9999 -9999 -9999 -9999 -9999 -9999 -9999 -9999 -9999 -9999 12.23 11.76 10.52 11.57 12.01 -9999 -9999 8.54 10.25 7.26 8.62 8.43 8.48 9.12 10.39 8.87 8.76 9.01 8.80 9.40 9.86 9.90 9.27 8.74 8.92 7.64 7.95 9.65 9.08 8.84 8.66 8.72 9.01 8.81 8.31 8.02 7.42 7.38 7.68 8.02 7.89 8.32 7.40 6.80 7.41 9.15 7.90 7.69 7.14 6.35 7.83 7.92 7.81 7.77 7.71 7.63 7.77 8.72 7.83 7.67 7.56 7.49 7.56 7.37 7.20 8.15 7.68 8.10
-9999 -9999 -9999 -9999 -9999 -9999 -9999 -9999 -9999 -9999 -9999 -9999 -9999 -9999 -9999 -9999 -9999 10.05 9.25 8.79 8.17 7.55 7.58 8.11 9.10 9.13 9.50 9.91 10.34 10.84 10.70 -9999 9.21 8.67 8.08 7.60 8.14 9.50 9.13 9.18 8.70 8.20 8.12 8.63 7.97 7.80 8.36 8.35 8.06 8.58 9.17 8.33 7.97 7.58 7.83 8.77 7.87 7.74 7.55 7.16 7.35 7.58 7.97 8.02 7.71 7.54 7.74 7.86 7.72 7.64 7.55 7.47 7.43 7.51 7.62 7.88 7.82 8.15
-9999 -9999 -9999 -9999 -9999 -9999 -9999 -9999 -9999 -9999 -9999 -9999 -9999 -9999 -9999 -9999 -9999 -9999 10.08 8.89 7.91 7.92 8.61 8.35 8.66 9.25 10.24 -9999 -9999 -9999 -9999 9.91 8.94 8.42 7.72 7.53 8.21 9.52 9.18 9.32 8.67 7.84 8.24 8.01 8.81 8.41 9.52 8.61 8.65 8.34 8.54 8.40 7.91 8.33 7.28 7.75 7.94 7.03 7.17 7.05 7.17 7.39 7.50 7.66 7.71 7.30 7.28 7.33 7.35 7.28 8.12 8.22 7.38 7.35 7.46 7.54 7.78 8.56
-9999 -9999 -9999 -9999 -9999 -9999 -9999 -9999 -9999 -9999 -9999 -9999 -9999 -9999 -9999 -9999 -9999 -9999 -9999 9.63 9.87 8.81 8.52 9.76 10.00 10.56 -9999 -9999 -9999 -9999 10.20 9.87 9.57 7.54 7.14 7.26 9.05 9.75 9.57 9.08 8.14 7.88 7.72 8.73 9.64 8.98 9.02 8.64 8.73 8.50 7.78 8.04 8.01 7.69 7.58 7.55 7.31 6.83 6.86 7.31 7.71 8.01 7.44 7.50 7.40 7.10 7.38 7.40 7.58 7.25 7.70 7.52 7.27 7.74 7.16 7.67 7.85 8.41
-9999 -9999 -9999 -9999 -9999 -9999 -9999 -9999 -9999 -9999 -9999 -9999 -9999 -9999 -9999 -9999 -9999 -9999 -9999 -9999 10.22 9.87 9.67 11.17 10.81 11.63 -9999 -9999 -9999 9.73 8.12 7.79 9.01 8.77 8.16 7.44 8.58 8.39 9.50 8.84 7.60 8.22 8.87 8.96 8.77 9.31 8.79 8.49 8.31 7.86 7.67 7.52 7.55 7.82 7.51 7.06 6.86 6.75 6.78 7.35 7.38 7.70 7.61 7.28 7.22 6.98 7.00 7.09 7.37 7.32 7.36 7.00 7.22 7.34 7.56 7.39 6.81 8.05
-9999 -9999 -9999 -9999 -9999 -9999 -9999 -9999 -9999 -9999 -9999 -9999 -9999 -9999 -9999 -9999 -9999 -9999 -9999 -9999 -9999 -9999 -9999 -9999 -9999 -9999 -9999 -9999 11.46 8.68 7.34 7.30 8.63 7.65 8.17 8.69 8.86 9.08 9.20 8.04 7.61 7.76 8.41 8.35 8.50 8.50 8.54 8.32 8.28 9.27 8.15 8.09 7.55 7.78 7.64 6.94 6.78 6.38 6.69 7.29 7.02 6.87 6.94 6.97 6.76 7.05 6.93 7.33 7.18 7.81 8.02 7.35 6.30 7.98 8.40 7.13 6.26 8.16
-9999 -9999 -9999 -9999 -9999 -9999 -9999 -9999 -9999 -9999 -9999 -9999 -9999 -9999 -9999 -9999 -9999 -9999 -9999 -9999 -9999 -9999 -9999 -9999 -9999 -9999 -9999 -9999 9.60 8.28 7.21 10.76 9.76 7.62 8.11 8.72 9.20 9.51 8.41 8.07 7.81 7.74 8.56 8.28 7.89 8.78 8.58 9.36 8.49 8.64 9.31 8.17 7.80 7.62 7.11 6.84 6.56 6.39 6.67 6.80 6.91 6.64 6.46 6.40 6.13 6.46 7.81 7.53 8.06 8.40 8.93 7.62 6.56 7.34 7.53 6.45 5.79 6.13
-9999 -9999 -9999 -9999 -9999 -9999 -9999 -9999 -9999 -9999 -9999 -9999 -9999 -9999 -9999 -9999 -9999 -9999 -9999 -9999 -9999 -9999 -9999 -9999 -9999 -9999 -9999 -9999 9.43 7.28 6.00 7.65 10.24 9.67 9.26 8.75 9.68 8.49 8.07 7.76 8.85 8.96 9.56 9.14 8.13 7.93 8.09 8.55 8.86 8.80 8.04 7.79 7.67 7.54 7.02 6.71 6.54 6.50 6.83 6.76 6.50 5.95 6.05 6.72 7.18 6.81 7.54 7.55 7.69 7.77 8.15 9.07 8.59 7.04 6.79 6.83 6.73 6.48
-9999 -9999 -9999 -9999 -9999 -9999 -9999 -9999 -9999 -9999 -9999 11.87 11.76 9.91 12.65 12.01 11.99 12.42 14.04 9.44 13.33 10.42 -9999 -9999 -9999 -9999 -9999 -9999 9.15 8.04 7.36 6.52 7.14 8.65 9.94 9.77 8.90 8.20 8.03 8.61 9.58 9.22 8.94 9.15 8.94 7.91 8.53 8.36 8.12 7.87 7.87 7.20 7.40 7.57 7.89 7.13 6.75 7.08 7.00 6.61 6.87 5.89 5.67 6.89 7.72 6.89 6.51 6.81 7.03 7.08 6.99 7.05 6.82 6.41 6.15 5.92 5.79 5.72
-9999 -9999 -9999 -9999 -9999 -9999 -9999 -9999 -9999 -9999 -9999 12.54 11.53 10.76 8.77 10.08 11.28 11.08 11.98 12.53 10.97 10.07 8.91 9.67 11.68 10.48 9.86 9.02 8.64 8.13 7.78 7.34 6.79 7.04 8.94 9.10 8.42 7.89 9.84 8.96 8.45 8.96 9.44 9.12 9.23 8.70 8.66 8.75 8.41 8.14 7.10 6.96 7.03 6.92 6.89 7.41 7.67 6.70 6.48 6.18 5.95 6.41 5.79 8.50 7.50 7.18 6.69 6.33 6.44 6.51 7.16 7.06 6.06 7.01 6.61 6.90 5.98 6.05
-9999 -9999 -9999 -9999 -9999 -9999 -9999 -9999 -9999 -9999 12.09 10.77 9.72 8.76 7.57 9.01 11.09 10.98 10.49 10.49 10.68 10.06 8.77 8.39 9.56 10.72 9.01 8.55 8.13 8.12 8.61 7.60 7.42 8.22 8.19 7.95 8.05 9.59 8.57 9.62 9.30 8.92 8.45 8.82 8.33 8.58 8.86 8.51 8.61 7.72 7.59 7.13 6.68 6.40 7.33 7.92 6.58 5.96 6.20 7.74 6.70 6.33 6.50 6.56 6.76 6.81 6.34 6.17 6.60 7.37 6.81 6.03 5.85 6.96 6.52 6.34 6.59 6.50
-9999 -9999 -9999 -9999 -9999 -9999 -9999 -9999 -9999 -9999 -9999 10.45 9.02 8.12 8.91 8.52 9.10 11.17 10.39 8.97 8.17 10.02 11.46 9.84 8.53 9.07 10.53 9.18 7.94 7.85 7.73 8.12 8.01 7.36 7.43 7.70 8.21 8.88 8.18 9.36 8.74 8.81 8.84 8.95 8.33 8.81 9.05 8.75 7.57 7.43 7.55 6.63 5.87 5.42 6.13 7.16 6.98 5.70 6.09 7.16 7.07 6.58 6.06 6.03 5.83 5.96 6.95 6.69 6.47 6.86 7.52 6.92 6.49 6.92 6.86 6.21 6.77 6.10
-9999 -9999 -9999 -9999 -9999 -9999 -9999 12.81 -9999 -9999 11.17 10.12 10.18 7.92 8.99 7.98 7.88 8.33 8.88 9.40 8.30 9.88 11.08 9.60 8.80 8.12 8.28 8.15 7.77 7.76 7.88 8.35 7.46 7.17 7.63 8.85 8.06 8.52 7.87 8.56 8.35 9.03 9.68 9.17 8.36 8.08 8.16 7.81 7.30 8.03 6.96 6.01 6.79 5.37 5.43 6.95 7.72 5.50 5.89 6.47 6.42 6.16 5.94 5.90 6.10 6.48 6.83 6.25 5.88 5.83 6.17 6.22 6.22 6.74 6.30 6.23 6.16 5.80
-9999 -9999 -9999 -9999 -9999 -9999 11.45 12.24 12.18 11.89 9.86 9.12 10.15 8.40 7.56 7.94 7.50 8.66 9.37 9.91 8.86 8.96 9.66 9.02 8.27 7.95 8.16 8.47 8.48 7.81 7.69 7.71 7.18 7.06 8.35 8.53 7.88 8.10 8.24 9.22 8.81 8.96 9.87 8.99 8.68 7.92 8.30 7.87 7.78 7.06 6.32 5.34 5.63 5.28 4.84 5.94 5.91 5.58 5.62 5.64 6.19 6.18 6.10 5.93 5.75 5.76 5.73 6.01 6.17 6.01 5.40 5.65 5.90 6.50 6.80 6.50 5.65 6.24
-9999 -9999 -9999 -9999 -9999 -9999 10.72 10.66 10.04 10.42 9.62 8.83 8.11 9.24 8.98 8.25 9.05 9.02 9.15 10.17 9.39 9.47 9.48 7.97 8.59 9.96 9.76 8.96 8.24 7.61 7.78 8.01 7.98 7.47 8.43 8.15 8.49 7.64 7.11 8.42 9.40 8.77 8.87 8.65 8.10 8.15 8.56 7.80 7.06 7.13 6.65 5.04 4.72 4.42 4.43 5.47 6.19 6.49 7.55 5.97 6.15 5.60 5.46 5.75 5.91 5.63 5.48 5.79 6.27 5.98 5.59 5.36 5.85 5.90 5.99 6.07 6.20 5.49
-9999 -9999 -9999 -9999 -9999 -9999 10.95 10.07 9.64 9.92 9.58 9.29 8.34 8.70 8.65 7.74 8.61 8.76 9.47 9.95 9.75 8.12 7.36 7.17 8.76 8.98 9.57 9.91 8.35 8.06 7.97 7.53 8.02 7.48 8.20 7.96 7.96 7.75 7.34 8.72 8.51 8.61 8.57 8.31 8.00 8.09 8.52 8.26 7.05 6.33 5.79 5.58 4.14 3.98 3.96 4.94 5.82 6.22 6.64 6.31 6.89 7.29 4.93 7.44 6.49 5.22 5.38 7.74 7.85 7.51 5.46 5.38 5.52 5.43 5.72 5.52 6.29 7.06
-9999 -9999 -9999 -9999 -9999 -9999 9.94 9.55 9.46 9.34 9.02 8.81 8.32 8.03 8.73 8.29 8.42 8.91 8.49 8.72 8.74 8.61 6.90 7.76 9.43 8.95 9.86 9.75 8.43 8.43 8.47 7.65 7.71 7.73 7.78 7.64 7.66 8.28 8.99 7.92 8.60 8.52 8.49 8.22 8.04 8.23 8.45 7.68 7.24 6.38 5.79 5.21 4.92 4.06 4.64 5.42 6.81 6.92 6.49 5.97 5.83 5.86 5.37 6.82 6.82 7.26 6.94 7.41 7.90 8.18 5.79 5.82 5.68 5.72 5.99 6.67 7.48 7.74
-9999 -9999 -9999 -9999 -9999 -9999 9.27 9.00 9.00 9.28 9.64 9.00 8.50 8.06 8.45 9.35 9.09 8.80 8.29 8.58 8.34 7.99 7.77 7.62 8.20 8.18 9.67 8.72 7.28 8.99 8.54 7.59 9.19 8.23 8.68 9.08 8.70 8.68 9.18 8.49 8.08 8.44 8.39 7.93 7.94 8.10 8.37 7.59 7.26 7.10 6.59 5.55 4.82 4.51 4.32 5.10 8.26 8.08 7.30 6.77 6.85 7.04 7.15 7.56 7.84 8.03 -9999 -9999 7.79 7.87 7.35 6.88 6.38 8.30 7.03 -9999 -9999 -9999
-9999 -9999 -9999 -9999 -9999 10.92 9.42 9.11 8.42 9.00 9.13 9.73 8.65 9.08 8.89 9.39 9.01 8.63 8.39 8.39 8.03 7.64 7.42 7.73 8.68 9.24 8.95 7.85 9.64 10.09 8.03 7.29 7.90 7.87 8.78 8.87 8.20 8.21 8.17 8.09 8.72 8.67 8.78 8.45 8.31 8.65 9.14 8.75 7.99 7.12 6.25 5.59 -9999 -9999 4.95 5.79 8.79 9.11 8.56 8.00 7.92 -9999 -9999 -9999 -9999 -9999 -9999 -9999 -9999 -9999 -9999 7.66 8.02 9.17 8.20 -9999 -9999 -9999
-9999 -9999 -9999 -9999 11.62 10.45 9.24 9.47 8.52 8.35 8.02 7.65 7.39 9.95 10.68 9.86 9.41 9.32 9.65 8.76 7.96 7.56 7.72 7.88 10.31 11.09 10.65 10.43 11.49 9.60 9.20 8.71 9.10 9.63 8.54 7.82 8.22 7.79 7.99 7.94 8.18 8.27 9.44 10.22 10.17 9.99 9.91 9.77 8.59 -9999 5.74 5.44 4.76 4.76 5.25 -9999 -9999 -9999 -9999 8.89 -9999 -9999 -9999 -9999 -9999 -9999 -9999 -9999 -9999 -9999 -9999 -9999 -9999 -9999 -9999 -9999 -9999 -9999
-9999 -9999 -9999 11.73 11.31 11.14 10.28 9.09 8.57 8.12 6.77 5.90 7.07 11.23 12.55 9.35 8.98 10.94 9.08 10.17 8.13 7.80 10.00 9.41 9.73 10.31 10.65 -9999 -9999 -9999 -9999 -9999 9.42 10.32 9.84 8.68 8.52 8.28 7.92 8.04 8.10 8.70 9.76 -9999 -9999 -9999 -9999 -9999 9.25 8.37 6.69 5.12 4.55 5.81 5.89 -9999 -9999 -9999 -9999 -9999 -9999 -9999 -9999 -9999 -9999 -9999 -9999 -9999 -9999 -9999 -9999 -9999 -9999 -9999 -9999 -9999 -9999 -9999
-9999 -9999 8.60 9.21 10.70 11.12 10.26 9.84 8.91 7.27 7.14 6.47 8.22 10.63 11.96 11.20 10.74 9.49 10.22 9.30 9.30 9.04 10.75 10.89 -9999 -9999 -9999 -9999 -9999 -9999 -9999 -9999 -9999 9.95 10.02 9.00 9.71 10.34 10.45 8.92 10.44 10.65 11.31 -9999 -9999 -9999 -9999 -9999 -9999 -9999 6.67 6.29 5.11 5.58 -9999 -9999 -9999 -9999 -9999 -9999 -9999 -9999 -9999 -9999 -9999 -9999 -9999 -9999 -9999 -9999 -9999 -9999 -9999 -9999 -9999 -9999 -9999 -9999
10.60 10.20 8.45 8.66 9.95 11.34 11.59 10.23 8.41 7.89 7.77 7.06 8.18 10.65 9.80 10.37 10.70 11.31 7.48 9.49 11.86 10.36 -9999 -9999 -9999 -9999 -9999 -9999 -9999 -9999 -9999 -9999 -9999 -9999 -9999 10.66 -9999 -9999 -9999 -9999 9.81 11.68 12.14 -9999 -9999 -9999 -9999 -9999 -9999 -9999 -9999 6.91 7.98 6.84 -9999 -9999 -9999 -9999 -9999 -9999 -9999 -9999 -9999 -9999 -9999 -9999 -9999 -9999 -9999 -9999 -9999 -9999 -9999 -9999 -9999 -9999 -9999 -9999
10.00 9.20 7.90 8.67 9.98 10.66 11.37 10.32 9.41 9.67 7.12 5.81 7.04 9.82 10.45 9.52 9.09 10.22 8.32 8.50 9.76 -9999 -9999 -9999 -9999 -9999 -9999 -9999 -9999 -9999 -9999 -9999 -9999 -9999 -9999 11.65 -9999 -9999 -9999 -9999 -9999 -9999 -9999 -9999 -9999 -9999 -9999 -9999 -9999 -9999 -9999 -9999 -9999 -9999 -9999 -9999 -9999 -9999 -9999 -9999 -9999 -9999 -9999 -9999 -9999 -9999 -9999 -9999 -9999 -9999 -9999 -9999 -9999 -9999 -9999 -9999 -9999 -9999
10.53 9.50 8.23 9.12 9.66 9.87 10.46 9.83 9.43 9.80 6.83 5.81 6.28 8.47 12.33 12.99 8.60 8.68 8.48 9.44 11.43 -9999 -9999 -9999 -9999 -9999 -9999 -9999 -9999 -9999 -9999 -9999 -9999 -9999 -9999 -9999 -9999 -9999 -9999 -9999 -9999 -9999 -9999 -9999 -9999 -9999 -9999 -9999 -9999 -9999 -9999 -9999 -9999 -9999 -9999 -9999 -9999 -9999 -9999 -9999 -9999 -9999 -9999 -9999 -9999 -9999 -9999 -9999 -9999 -9999 -9999 -9999 -9999 -9999 -9999 -9999 -9999 -9999
9.35 10.41 9.84 9.91 9.78 10.42 9.93 9.49 9.13 7.90 7.54 6.60 6.16 8.49 10.85 10.96 9.57 8.04 8.36 10.81 10.54 -9999 -9999 -9999 -9999 -9999 -9999 -9999 -9999 -9999 -9999 -9999 -9999 -9999 -9999 -9999 -9999 -9999 -9999 -9999 -9999 -9999 -9999 -9999 -9999 -9999 -9999 -9999 -9999 -9999 -9999 -9999 -9999 -9999 -9999 -9999 -9999 -9999 -9999 -9999 -9999 -9999 -9999 -9999 -9999 -9999 -9999 -9999 -9999 -9999 -9999 -9999 -9999 -9999 -9999 -9999 -9999 -9999
9.45 11.21 10.87 10.73 9.76 10.28 9.87 11.30 10.46 9.06 8.49 8.68 7.45 7.91 8.99 8.94 8.33 8.26 9.07 10.15 10.71 -9999 -9999 -9999 -9999 -9999 -9999 -9999 -9999 -9999 -9999 -9999 -9999 -9999 -9999 -9999 -9999 -9999 -9999 -9999 -9999 -9999 -9999 -9999 -9999 -9999 -9999 -9999 -9999 -9999 -9999 -9999 -9999 -9999 -9999 -9999 -9999 -9999 -9999 -9999 -9999 -9999 -9999 -9999 -9999 -9999 -9999 -9999 -9999 -9999 -9999 -9999 -9999 -9999 -9999 -9999 -9999 -9999
9.28 10.15 10.54 10.09 11.01 12.33 11.97 10.67 10.53 10.34 10.10 9.15 9.46 8.79 8.00 7.97 8.58 9.38 10.06 10.21 11.23 -9999 -9999 -9999 -9999 -9999 -9999 -9999 -9999 -9999 -9999 -9999 -9999 -9999 -9999 -9999 -9999 -9999 -9999 -9999 -9999 -9999 -9999 -9999 -9999 -9999 -9999 -9999 -9999 -9999 -9999 -9999 -9999 -9999 -9999 -9999 -9999 -9999 -9999 -9999 -9999 -9999 -9999 -9999 -9999 -9999 -9999 -9999 -9999 -9999 -9999 -9999 -9999 -9999 -9999 -9999 -9999 -9999
9.43 10.80 11.35 -9999 -9999 -9999 -9999 -9999 -9999 -9999 -9999 -9999 10.43 10.69 9.57 8.77 8.29 9.42 10.34 10.49 -9999 -9999 -9999 -9999 -9999 -9999 -9999 -9999 -9999 -9999 -9999 -9999 -9999 -9999 -9999 -9999 -9999 -9999 -9999 -9999 -9999 -9999 -9999 -9999 -9999 -9999 -9999 -9999 -9999 -9999 -9999 -9999 -9999 -9999 -9999 -9999 -9999 -9999 -9999 -9999 -9999 -9999 -9999 -9999 -9999 -9999 -9999 -9999 -9999 -9999 -9999 -9999 -9999 -9999 -9999 -9999 -9999 -9999
10.85 11.30 12.08 -9999 -9999 -9999 -9999 -9999 -9999 -9999 -9999 -9999 -9999 -9999 -9999 9.67 9.22 9.68 10.28 -9999 -9999 -9999 -9999 -9999 -9999 -9999 -9999 -9999 -9999 -9999 -9999 -9999 -9999 -9999 -9999 -9999 -9999 -9999 -9999 -9999 -9999 -9999 -9999 -9999 -9999 -9999 -9999 -9999 -9999 -9999 -9999 -9999 -9999 -9999 -9999 -9999 -9999 -9999 -9999 -9999 -9999 -9999 -9999 -9999 -9999 -9999 -9999 -9999 -9999 -9999 -9999 -9999 -9999 -9999 -9999 -9999 -9999 -9999
11.24 -9999 -9999 -9999 -9999 -9999 -9999 -9999 -9999 -9999 -9999 -9999 -9999 -9999 -9999 10.88 11.75 12.36 12.10 -9999 -9999 -9999 -9999 -9999 -9999 -9999 -9999 -9999 -9999 -9999 -9999 -9999 -9999 -9999 -9999 -9999 -9999 -9999 -9999 -9999 -9999 -9999 -9999 -9999 -9999 -9999 -9999 -9999 -9999 -9999 -9999 -9999 -9999 -9999 -9999 -9999 -9999 -9999 -9999 -9999 -9999 -9999 -9999 -9999 -9999 -9999 -9999 -9999 -9999 -9999 -9999 -9999 -9999 -9999 -9999 -9999 -9999 -9999
-9999 -9999 -9999 -9999 -9999 -9999 -9999 -9999 -9999 -9999 -9999 -9999 -9999 -9999 -9999 -9999 -9999 -9999 -9999 -9999 -9999 -9999 -9999 -9999 -9999 -9999 -9999 -9999 -9999 -9999 -9999 -9999 -9999 -9999 -9999 -9999 -9999 -9999 -9999 -9999 -9999 -9999 -9999 -9999 -9999 -9999 -9999 -9999 -9999 -9999 -9999 -9999 -9999 -9999 -9999 -9999 -9999 -9999 -9999 -9999 -9999 -9999 -9999 -9999 -9999 -9999 -9999 -9999 -9999 -9999 -9999 -9999 -9999 -9999 -9999 -9999 -9999 -9999
-9999 -9999 -9999 -9999 -9999 -9999 -9999 -9999 -9999 -9999 -9999 -9999 -9999 -9999 -9999 -9999 -9999 -9999 -9999 -9999 -9999 -9999 -9999 -9999 -9999 -9999 -9999 -9999 -9999 -9999 -9999 -9999 -9999 -9999 -9999 -9999 -9999 -9999 -9999 -9999 -9999 -9999 -9999 -9999 -9999 -9999 -9999 -9999 -9999 -9999 -9999 -9999 -9999 -9999 -9999 -9999 -9999 -9999 -9999 -9999 -9999 -9999 -9999 -9999 -9999 -9999 -9999 -9999 -9999 -9999 -9999 -9999 -9999 -9999 -9999 -9999 -9999 -9999
