ML/MeanWindSpeed_1996-11_Actual.txt
ncols         180
nrows         290
xllcorner     -200000
yllcorner     -200000
cellsize      5000
NODATA_value  -9999
[rows 210 to 244 of 290, columns 78 to 155 of 180]
16.25 16.56 14.39 17.19 16.95 -9999 -9999 -9999 -9999 -9999 -9999 -9999 8.91 8.95 10.23 8.20 8.14 8.59 11.71 14.80 18.49 17.41 14.10 11.26 10.50 8.90 13.08 13.05 7.72 6.23 12.05 12.09 13.71 9.03 8.19 8.11 7.62 9.42 10.24 9.29 9.31 8.84 8.42 8.19 7.90 7.52 7.47 7.37 8.34 7.55 7.56 7.45 7.26 7.19 6.78 7.69 8.42 6.84 5.23 7.12 8.10 8.11 7.72 6.65 6.65 7.94 8.87 8.31 7.19 6.84 8.40 6.82 7.34 8.81 7.90 7.91 7.69 6.38
-9999 16.88 -9999 -9999 -9999 -9999 -9999 -9999 -9999 -9999 15.79 13.25 12.41 14.30 13.10 10.82 8.96 9.17 9.35 12.77 14.86 14.36 8.63 8.03 13.29 11.40 11.00 8.04 6.69 6.66 10.83 11.00 10.72 8.79 8.59 8.45 6.61 11.20 11.27 9.07 8.89 8.28 8.26 8.17 7.90 8.64 8.06 8.39 7.58 7.50 7.52 7.62 7.31 7.45 6.56 8.70 10.22 6.81 6.86 4.44 7.37 7.49 7.00 8.51 8.17 8.31 9.13 8.02 6.85 6.83 6.66 7.42 8.28 7.35 8.13 7.75 6.42 5.83
-9999 -9999 -9999 -9999 -9999 -9999 -9999 -9999 -9999 -9999 17.83 16.75 13.74 15.61 16.23 -9999 -9999 9.74 13.40 6.55 9.10 8.75 8.98 10.17 12.37 8.33 7.40 8.26 8.45 9.76 10.48 10.55 9.75 9.21 10.01 7.65 8.27 11.18 9.18 8.35 7.71 7.89 8.86 8.82 8.29 8.38 7.65 7.77 8.52 9.15 8.62 9.32 7.46 6.61 7.75 11.09 7.91 7.23 6.15 4.34 7.34 7.51 7.68 7.96 7.88 7.47 7.38 9.34 7.54 7.20 6.99 6.94 7.02 6.59 6.10 8.08 6.98 7.60
-9999 -9999 -9999 -9999 -9999 -9999 -9999 -9999 -9999 -9999 -9999 -9999 -9999 -9999 -9999 -9999 -9999 12.22 10.20 9.54 8.06 6.71 6.63 7.34 8.86 8.50 8.96 10.20 11.55 12.53 12.22 -9999 10.13 9.21 8.23 7.40 8.48 10.75 9.12 8.92 7.88 6.92 7.10 8.69 7.85 8.09 9.74 9.90 9.45 10.54 11.63 9.57 8.85 8.21 8.27 9.71 7.54 7.23 6.98 6.27 6.62 7.08 8.07 8.45 7.73 7.18 7.44 7.56 7.40 7.20 7.05 6.96 6.88 7.05 7.24 7.76 7.56 7.96
-9999 -9999 -9999 -9999 -9999 -9999 -9999 -9999 -9999 -9999 -9999 -9999 -9999 -9999 -9999 -9999 -9999 -9999 12.09 9.94 8.25 8.21 8.83 6.95 7.10 8.48 10.86 -9999 -9999 -9999 -9999 11.61 9.97 8.90 7.49 7.14 8.35 10.59 9.19 9.25 8.01 6.60 7.95 7.79 9.95 9.37 12.01 9.94 10.08 9.49 9.89 9.53 8.47 9.46 6.85 7.44 7.90 6.13 6.60 6.42 6.52 6.80 6.91 7.15 7.37 6.63 6.55 6.48 6.70 6.64 8.50 8.86 7.16 7.20 7.56 7.73 8.03 9.31
-9999 -9999 -9999 -9999 -9999 -9999 -9999 -9999 -9999 -9999 -9999 -9999 -9999 -9999 -9999 -9999 -9999 -9999 -9999 12.08 13.32 11.45 9.38 8.91 9.42 11.48 -9999 -9999 -9999 -9999 12.18 11.84 11.41 6.98 6.43 6.67 9.99 10.89 10.04 8.78 7.01 7.00 6.99 9.35 11.58 10.34 10.51 9.61 9.90 9.56 7.95 8.47 8.41 7.78 7.54 7.32 7.11 6.44 6.68 7.64 8.14 8.38 6.96 7.05 7.04 6.54 7.23 7.02 7.48 6.93 8.03 7.86 7.58 8.97 7.76 8.52 8.74 10.00
-9999 -9999 -9999 -9999 -9999 -9999 -9999 -9999 -9999 -9999 -9999 -9999 -9999 -9999 -9999 -9999 -9999 -9999 -9999 -9999 13.91 13.95 12.06 10.84 10.89 14.22 -9999 -9999 -9999 11.17 8.39 7.92 10.50 9.68 8.51 6.84 8.79 7.67 9.85 8.58 6.29 8.03 9.65 9.84 9.40 10.75 9.72 9.22 8.98 8.12 7.81 7.54 7.72 8.35 7.73 6.86 6.84 6.97 7.07 8.22 7.88 8.06 7.65 6.93 6.97 6.56 6.65 6.59 7.14 7.25 7.52 7.10 8.13 8.69 9.10 8.49 7.01 9.68
-9999 -9999 -9999 -9999 -9999 -9999 -9999 -9999 -9999 -9999 -9999 -9999 -9999 -9999 -9999 -9999 -9999 -9999 -9999 -9999 -9999 -9999 -9999 -9999 -9999 -9999 -9999 -9999 14.47 9.13 6.64 6.81 10.12 7.87 8.75 9.59 9.25 9.09 9.24 7.16 6.82 7.29 8.79 8.71 9.08 9.31 9.67 9.33 9.12 11.21 8.90 8.97 8.06 8.70 8.56 7.32 7.30 6.74 7.43 8.45 7.53 6.82 6.88 7.07 6.75 7.22 6.66 7.27 6.83 8.32 8.94 8.13 6.47 10.01 10.92 8.54 6.68 10.65
-9999 -9999 -9999 -9999 -9999 -9999 -9999 -9999 -9999 -9999 -9999 -9999 -9999 -9999 -9999 -9999 -9999 -9999 -9999 -9999 -9999 -9999 -9999 -9999 -9999 -9999 -9999 -9999 10.81 8.81 6.71 14.03 11.93 7.65 8.92 9.85 10.13 10.34 8.02 7.60 7.49 7.26 8.80 8.34 7.98 10.37 10.15 11.71 9.66 10.03 11.71 9.40 8.77 8.67 7.89 7.61 7.26 7.03 7.53 7.44 7.60 6.86 6.42 6.59 6.28 6.52 8.79 7.81 8.83 9.34 10.61 8.38 6.55 8.19 8.53 6.59 5.69 6.67
-9999 -9999 -9999 -9999 -9999 -9999 -9999 -9999 -9999 -9999 -9999 -9999 -9999 -9999 -9999 -9999 -9999 -9999 -9999 -9999 -9999 -9999 -9999 -9999 -9999 -9999 -9999 -9999 10.19 6.43 4.44 7.61 12.86 11.72 11.01 9.78 11.38 8.78 8.29 7.65 10.02 10.05 10.90 10.05 8.73 8.89 8.88 9.45 9.97 9.94 8.75 8.68 8.80 8.84 8.10 7.76 7.59 7.41 7.94 7.53 7.14 6.21 6.26 7.58 8.73 7.55 8.60 7.89 7.70 7.82 8.96 11.30 10.66 7.49 7.15 7.67 7.76 7.22
-9999 -9999 -9999 -9999 -9999 -9999 -9999 -9999 -9999 -9999 -9999 16.43 16.75 13.38 19.97 18.73 18.43 18.49 21.09 10.39 18.61 12.51 -9999 -9999 -9999 -9999 -9999 -9999 9.26 7.16 6.14 4.45 6.04 9.52 12.15 11.60 9.91 8.81 8.79 9.90 11.59 10.39 9.24 9.18 8.51 8.38 9.09 8.48 7.80 7.56 8.21 7.40 8.42 9.25 10.52 9.11 8.18 8.67 8.49 7.70 8.35 6.50 5.86 7.91 9.33 7.51 6.71 7.15 7.14 6.79 6.50 6.84 6.71 6.08 5.89 5.74 5.73 5.47
-9999 -9999 -9999 -9999 -9999 -9999 -9999 -9999 -9999 -9999 -9999 18.59 16.99 16.17 12.56 15.29 17.35 15.95 16.76 17.18 13.15 11.53 9.79 11.29 15.00 12.39 11.08 9.05 8.04 6.97 6.33 5.47 4.46 5.36 9.66 10.27 9.16 8.18 12.41 10.28 8.75 9.45 10.05 8.74 8.43 9.27 9.08 9.15 8.48 8.40 6.87 7.11 7.93 8.22 8.57 9.88 10.26 7.85 7.40 7.00 6.46 7.31 5.86 11.26 8.85 8.29 7.52 6.90 7.09 6.79 8.00 7.93 5.95 8.14 7.37 8.07 6.09 6.18
-9999 -9999 -9999 -9999 -9999 -9999 -9999 -9999 -9999 -9999 16.71 14.29 12.65 11.01 8.95 11.82 15.16 13.86 12.38 12.61 12.79 11.43 9.53 8.72 10.39 12.37 8.66 7.73 6.77 6.89 8.17 6.13 5.79 7.60 7.90 7.89 8.42 11.95 9.44 11.51 10.51 9.37 8.12 8.81 8.27 9.31 9.60 8.84 9.34 7.79 8.21 7.77 7.62 7.57 9.66 10.99 8.00 6.67 7.02 10.31 7.82 6.76 6.86 6.66 7.20 7.72 7.31 7.11 7.86 9.21 7.94 6.42 6.26 8.62 7.70 7.35 7.75 7.34
-9999 -9999 -9999 -9999 -9999 -9999 -9999 -9999 -9999 -9999 -9999 12.98 10.36 8.78 10.67 9.55 9.75 13.14 11.04 8.44 7.01 11.06 14.31 10.99 7.55 8.20 11.33 8.61 6.12 6.15 6.11 7.17 7.32 6.13 6.49 7.33 8.45 10.09 8.44 11.06 9.70 9.56 9.25 9.49 8.47 9.58 9.96 9.52 7.40 7.46 8.37 7.05 6.35 6.12 7.77 9.74 9.33 6.65 7.20 8.94 8.50 7.24 5.94 5.74 5.43 6.05 8.60 8.25 7.80 8.50 9.79 8.53 7.79 8.72 8.62 7.21 8.31 6.71
-9999 -9999 -9999 -9999 -9999 -9999 -9999 18.60 -9999 -9999 15.33 12.70 13.04 8.43 10.63 8.07 7.11 6.82 7.39 8.75 6.52 9.58 12.00 8.69 6.82 5.29 6.09 6.22 5.51 5.70 6.28 7.63 6.34 6.05 7.11 9.78 7.84 8.96 7.55 9.27 8.90 10.17 11.26 10.04 8.41 7.87 8.07 7.57 7.02 9.11 7.65 6.49 9.10 6.82 6.98 9.86 11.44 6.56 7.06 7.56 7.28 6.52 5.90 5.80 6.40 7.24 7.92 6.79 6.17 6.05 6.78 6.96 7.07 8.06 7.09 7.03 6.84 5.98
-9999 -9999 -9999 -9999 -9999 -9999 16.22 18.24 18.05 17.26 13.04 11.35 13.45 9.90 8.01 8.57 7.12 8.42 8.83 9.95 7.59 7.09 7.89 6.48 5.28 4.67 5.37 6.55 6.88 5.79 5.87 6.22 5.84 6.00 8.66 8.97 7.59 8.46 9.03 11.06 10.02 10.09 11.93 9.94 9.41 7.71 8.66 8.02 8.29 7.29 6.81 5.97 7.65 7.62 6.44 7.99 7.43 6.57 6.36 5.96 7.22 7.15 6.71 6.27 5.90 5.73 5.59 6.28 6.69 6.20 4.92 5.63 6.31 7.59 8.17 7.57 5.88 7.20
-9999 -9999 -9999 -9999 -9999 -9999 14.72 14.85 13.60 14.28 12.52 10.96 9.12 11.79 11.53 9.82 11.23 10.36 9.37 11.10 9.29 8.73 7.89 4.62 6.63 9.58 8.70 7.29 6.27 5.49 6.43 7.28 7.86 7.13 9.07 8.27 9.19 8.00 7.08 9.31 11.24 9.67 9.77 9.40 8.51 8.61 9.53 8.19 7.18 8.07 8.19 6.18 6.65 6.69 6.49 7.66 8.24 8.45 10.60 6.77 6.99 5.97 5.61 6.06 6.34 5.62 5.28 5.90 7.00 6.41 5.53 5.08 6.21 6.36 6.57 6.85 7.24 5.67
-9999 -9999 -9999 -9999 -9999 -9999 14.87 12.87 12.20 12.92 12.11 11.82 9.69 10.43 10.62 8.69 10.24 9.99 10.48 10.85 10.17 6.06 3.59 2.95 6.86 7.33 8.27 9.30 6.51 6.47 7.03 6.53 8.21 7.39 8.88 8.32 8.53 8.33 7.39 9.68 8.97 9.19 9.13 8.83 8.58 8.83 9.73 9.49 7.63 7.15 7.39 8.46 6.47 6.70 6.30 6.80 6.95 7.28 8.47 7.73 8.96 10.07 4.99 10.14 7.95 5.31 5.70 10.50 10.49 9.83 5.40 5.32 5.63 5.35 5.96 5.61 7.52 9.11
-9999 -9999 -9999 -9999 -9999 -9999 12.42 11.54 11.36 11.27 10.72 10.67 9.87 9.12 10.72 9.71 9.54 10.21 8.86 9.02 8.78 8.13 3.31 4.02 7.46 6.42 8.23 8.58 6.87 7.53 8.26 6.83 7.69 8.24 8.25 8.13 8.29 9.35 10.73 7.90 9.15 9.09 9.13 8.83 8.71 9.07 9.64 8.41 8.33 7.74 8.14 8.65 9.35 8.17 9.30 8.45 7.60 7.23 6.75 6.18 6.23 6.79 6.03 8.83 8.64 9.70 9.07 9.89 10.61 11.29 6.14 6.18 5.88 6.03 6.47 7.86 9.75 10.31
-9999 -9999 -9999 -9999 -9999 -9999 10.94 10.34 10.40 11.19 12.06 10.97 10.55 10.06 10.75 12.20 11.00 10.03 8.88 9.66 9.23 8.62 7.28 4.33 4.39 4.06 7.44 6.15 4.14 8.60 8.51 7.09 11.35 9.79 10.69 11.51 10.54 10.02 10.89 9.16 8.16 9.03 9.02 8.27 8.52 8.70 9.31 8.14 8.50 9.60 10.40 10.02 9.94 10.14 10.05 10.23 10.00 9.22 7.98 7.43 7.97 8.79 9.30 9.93 10.29 10.73 -9999 -9999 9.95 10.45 9.75 8.80 7.48 11.68 8.87 -9999 -9999 -9999
-9999 -9999 -9999 -9999 -9999 15.23 11.58 10.76 9.37 10.84 11.42 13.11 11.69 13.39 12.62 12.71 11.33 10.37 9.76 9.87 9.42 8.90 8.87 7.34 6.27 6.70 6.49 4.44 8.83 10.28 6.87 6.20 8.04 8.49 10.53 10.52 8.98 8.65 8.45 8.38 9.78 9.60 9.84 9.27 9.20 9.81 10.88 10.53 9.96 9.90 10.24 10.59 -9999 -9999 11.72 12.84 12.92 12.02 11.19 10.49 10.75 -9999 -9999 -9999 -9999 -9999 -9999 -9999 -9999 -9999 -9999 10.24 10.96 13.49 11.47 -9999 -9999 -9999
-9999 -9999 -9999 -9999 16.87 14.31 11.29 11.55 9.48 9.35 9.48 9.91 10.15 15.96 17.02 14.45 13.01 12.58 12.97 11.33 10.10 9.19 9.88 9.21 11.71 11.93 10.81 10.27 12.85 9.16 9.29 9.09 10.23 11.52 9.19 7.59 8.58 7.59 8.08 8.14 8.86 9.14 11.44 12.97 12.97 12.51 12.40 12.72 11.35 -9999 9.29 10.46 10.22 10.87 11.92 -9999 -9999 -9999 -9999 13.10 -9999 -9999 -9999 -9999 -9999 -9999 -9999 -9999 -9999 -9999 -9999 -9999 -9999 -9999 -9999 -9999 -9999 -9999
-9999 -9999 -9999 17.17 16.15 15.50 13.26 10.34 9.32 8.70 7.08 6.88 10.02 18.75 20.89 13.56 12.48 16.13 11.46 14.20 10.63 9.65 13.98 11.91 10.94 10.79 11.13 -9999 -9999 -9999 -9999 -9999 10.86 12.77 11.94 9.40 9.11 8.61 7.90 8.24 8.58 9.93 12.02 -9999 -9999 -9999 -9999 -9999 13.23 12.97 11.04 9.40 9.34 12.37 12.25 -9999 -9999 -9999 -9999 -9999 -9999 -9999 -9999 -9999 -9999 -9999 -9999 -9999 -9999 -9999 -9999 -9999 -9999 -9999 -9999 -9999 -9999 -9999
-9999 -9999 10.05 11.61 14.39 14.88 12.97 12.00 10.38 7.35 8.01 8.03 12.22 16.95 19.41 17.26 15.49 12.62 14.00 11.79 12.42 11.55 14.63 14.20 -9999 -9999 -9999 -9999 -9999 -9999 -9999 -9999 -9999 11.57 12.01 10.21 11.97 13.29 13.73 10.52 13.78 13.99 15.30 -9999 -9999 -9999 -9999 -9999 -9999 -9999 10.82 11.16 9.23 10.64 -9999 -9999 -9999 -9999 -9999 -9999 -9999 -9999 -9999 -9999 -9999 -9999 -9999 -9999 -9999 -9999 -9999 -9999 -9999 -9999 -9999 -9999 -9999 -9999
13.91 13.22 9.54 9.83 12.10 14.69 15.19 12.51 9.15 8.70 9.32 9.05 11.18 16.01 14.50 15.09 14.31 15.51 7.63 11.96 17.18 13.67 -9999 -9999 -9999 -9999 -9999 -9999 -9999 -9999 -9999 -9999 -9999 -9999 -9999 13.31 -9999 -9999 -9999 -9999 12.31 16.24 17.23 -9999 -9999 -9999 -9999 -9999 -9999 -9999 -9999 11.41 14.38 12.26 -9999 -9999 -9999 -9999 -9999 -9999 -9999 -9999 -9999 -9999 -9999 -9999 -9999 -9999 -9999 -9999 -9999 -9999 -9999 -9999 -9999 -9999 -9999 -9999
12.91 11.23 8.05 9.34 11.78 12.85 14.23 12.41 10.80 11.95 7.16 5.53 8.34 13.48 14.54 12.20 10.12 12.61 9.07 9.18 11.75 -9999 -9999 -9999 -9999 -9999 -9999 -9999 -9999 -9999 -9999 -9999 -9999 -9999 -9999 15.45 -9999 -9999 -9999 -9999 -9999 -9999 -9999 -9999 -9999 -9999 -9999 -9999 -9999 -9999 -9999 -9999 -9999 -9999 -9999 -9999 -9999 -9999 -9999 -9999 -9999 -9999 -9999 -9999 -9999 -9999 -9999 -9999 -9999 -9999 -9999 -9999 -9999 -9999 -9999 -9999 -9999 -9999
14.46 12.15 8.53 9.76 10.29 10.55 11.80 11.00 10.75 12.18 6.36 5.31 6.85 10.45 17.65 18.66 8.79 9.55 9.51 11.06 15.02 -9999 -9999 -9999 -9999 -9999 -9999 -9999 -9999 -9999 -9999 -9999 -9999 -9999 -9999 -9999 -9999 -9999 -9999 -9999 -9999 -9999 -9999 -9999 -9999 -9999 -9999 -9999 -9999 -9999 -9999 -9999 -9999 -9999 -9999 -9999 -9999 -9999 -9999 -9999 -9999 -9999 -9999 -9999 -9999 -9999 -9999 -9999 -9999 -9999 -9999 -9999 -9999 -9999 -9999 -9999 -9999 -9999
11.85 13.89 11.60 10.95 10.12 11.35 10.20 9.69 9.67 7.75 7.87 6.60 6.04 10.31 14.09 14.07 11.46 8.42 9.22 14.20 13.08 -9999 -9999 -9999 -9999 -9999 -9999 -9999 -9999 -9999 -9999 -9999 -9999 -9999 -9999 -9999 -9999 -9999 -9999 -9999 -9999 -9999 -9999 -9999 -9999 -9999 -9999 -9999 -9999 -9999 -9999 -9999 -9999 -9999 -9999 -9999 -9999 -9999 -9999 -9999 -9999 -9999 -9999 -9999 -9999 -9999 -9999 -9999 -9999 -9999 -9999 -9999 -9999 -9999 -9999 -9999 -9999 -9999
11.94 15.03 13.44 12.61 10.16 11.07 10.26 13.73 12.52 9.97 9.31 10.09 7.54 8.02 9.56 9.65 9.06 9.21 10.59 12.29 13.27 -9999 -9999 -9999 -9999 -9999 -9999 -9999 -9999 -9999 -9999 -9999 -9999 -9999 -9999 -9999 -9999 -9999 -9999 -9999 -9999 -9999 -9999 -9999 -9999 -9999 -9999 -9999 -9999 -9999 -9999 -9999 -9999 -9999 -9999 -9999 -9999 -9999 -9999 -9999 -9999 -9999 -9999 -9999 -9999 -9999 -9999 -9999 -9999 -9999 -9999 -9999 -9999 -9999 -9999 -9999 -9999 -9999
10.86 11.93 12.25 11.03 12.83 15.44 14.88 12.50 12.74 12.76 12.65 10.67 11.21 9.49 7.52 7.82 9.85 11.65 12.52 12.12 14.34 -9999 -9999 -9999 -9999 -9999 -9999 -9999 -9999 -9999 -9999 -9999 -9999 -9999 -9999 -9999 -9999 -9999 -9999 -9999 -9999 -9999 -9999 -9999 -9999 -9999 -9999 -9999 -9999 -9999 -9999 -9999 -9999 -9999 -9999 -9999 -9999 -9999 -9999 -9999 -9999 -9999 -9999 -9999 -9999 -9999 -9999 -9999 -9999 -9999 -9999 -9999 -9999 -9999 -9999 -9999 -9999 -9999
10.46 12.55 13.47 -9999 -9999 -9999 -9999 -9999 -9999 -9999 -9999 -9999 13.27 13.90 11.35 9.85 8.94 11.06 12.64 12.64 -9999 -9999 -9999 -9999 -9999 -9999 -9999 -9999 -9999 -9999 -9999 -9999 -9999 -9999 -9999 -9999 -9999 -9999 -9999 -9999 -9999 -9999 -9999 -9999 -9999 -9999 -9999 -9999 -9999 -9999 -9999 -9999 -9999 -9999 -9999 -9999 -9999 -9999 -9999 -9999 -9999 -9999 -9999 -9999 -9999 -9999 -9999 -9999 -9999 -9999 -9999 -9999 -9999 -9999 -9999 -9999 -9999 -9999
13.45 13.77 15.29 -9999 -9999 -9999 -9999 -9999 -9999 -9999 -9999 -9999 -9999 -9999 -9999 11.52 10.27 10.85 11.98 -9999 -9999 -9999 -9999 -9999 -9999 -9999 -9999 -9999 -9999 -9999 -9999 -9999 -9999 -9999 -9999 -9999 -9999 -9999 -9999 -9999 -9999 -9999 -9999 -9999 -9999 -9999 -9999 -9999 -9999 -9999 -9999 -9999 -9999 -9999 -9999 -9999 -9999 -9999 -9999 -9999 -9999 -9999 -9999 -9999 -9999 -9999 -9999 -9999 -9999 -9999 -9999 -9999 -9999 -9999 -9999 -9999 -9999 -9999
14.25 -9999 -9999 -9999 -9999 -9999 -9999 -9999 -9999 -9999 -9999 -9999 -9999 -9999 -9999 13.85 15.58 16.55 15.91 -9999 -9999 -9999 -9999 -9999 -9999 -9999 -9999 -9999 -9999 -9999 -9999 -9999 -9999 -9999 -9999 -9999 -9999 -9999 -9999 -9999 -9999 -9999 -9999 -9999 -9999 -9999 -9999 -9999 -9999 -9999 -9999 -9999 -9999 -9999 -9999 -9999 -9999 -9999 -9999 -9999 -9999 -9999 -9999 -9999 -9999 -9999 -9999 -9999 -9999 -9999 -9999 -9999 -9999 -9999 -9999 -9999 -9999 -9999
-9999 -9999 -9999 -9999 -9999 -9999 -9999 -9999 -9999 -9999 -9999 -9999 -9999 -9999 -9999 -9999 -9999 -9999 -9999 -9999 -9999 -9999 -9999 -9999 -9999 -9999 -9999 -9999 -9999 -9999 -9999 -9999 -9999 -9999 -9999 -9999 -9999 -9999 -9999 -9999 -9999 -9999 -9999 -9999 -9999 -9999 -9999 -9999 -9999 -9999 -9999 -9999 -9999 -9999 -9999 -9999 -9999 -9999 -9999 -9999 -9999 -9999 -9999 -9999 -9999 -9999 -9999 -9999 -9999 -9999 -9999 -9999 -9999 -9999 -9999 -9999 -9999 -9999
-9999 -9999 -9999 -9999 -9999 -9999 -9999 -9999 -9999 -9999 -9999 -9999 -9999 -9999 -9999 -9999 -9999 -9999 -9999 -9999 -9999 -9999 -9999 -9999 -9999 -9999 -9999 -9999 -9999 -9999 -9999 -9999 -9999 -9999 -9999 -9999 -9999 -9999 -9999 -9999 -9999 -9999 -9999 -9999 -9999 -9999 -9999 -9999 -9999 -9999 -9999 -9999 -9999 -9999 -9999 -9999 -9999 -9999 -9999 -9999 -9999 -9999 -9999 -9999 -9999 -9999 -9999 -9999 -9999 -9999 -9999 -9999 -9999 -9999 -9999 -9999 -9999 -9999
