ML/MeanWindSpeed_1998-02_Actual.txt
ncols         180
nrows         290
xllcorner     -200000
yllcorner     -200000
cellsize      5000
NODATA_value  -9999
[rows 170 to 203 of 290, columns 77 to 153 of 180]
-9999 -9999 -9999 -9999 -9999 -9999 -9999 -9999 -9999 -9999 -9999 -9999 -9999 -9999 -9999 -9999 -9999 -9999 -9999 -9999 -9999 -9999 -9999 -9999 -9999 -9999 -9999 -9999 -9999 10.83 10.07 9.50 9.64 9.87 10.01 9.53 8.86 9.13 8.83 8.59 8.59 8.47 9.15 8.23 14.05 17.55 18.12 15.05 13.15 12.11 10.33 10.54 9.24 10.58 9.29 9.26 9.00 8.98 9.06 9.09 9.45 9.41 9.14 8.61 9.13 11.62 10.93 11.19 9.82 9.91 10.99 12.46 -9999 -9999 -9999 -9999 -9999
-9999 -9999 -9999 -9999 -9999 -9999 -9999 -9999 -9999 18.05 17.07 17.43 18.42 -9999 -9999 -9999 -9999 -9999 -9999 -9999 -9999 -9999 -9999 -9999 -9999 -9999 -9999 -9999 11.39 10.09 10.54 9.69 10.68 10.00 9.35 9.23 9.25 8.99 9.01 8.79 8.72 8.42 8.10 11.41 14.49 14.80 12.05 16.03 14.75 10.63 10.70 8.36 11.62 11.37 9.55 9.39 9.08 8.98 9.02 9.05 9.24 9.57 9.30 8.59 8.69 9.21 11.54 11.40 11.97 9.85 9.74 11.21 12.92 -9999 -9999 -9999 -9999
-9999 -9999 -9999 -9999 -9999 -9999 -9999 -9999 -9999 17.49 16.53 16.10 16.25 -9999 -9999 -9999 -9999 -9999 -9999 -9999 -9999 -9999 -9999 -9999 -9999 -9999 -9999 11.53 11.06 10.05 10.31 11.40 9.84 9.85 8.85 8.95 9.30 9.12 9.36 9.48 8.52 7.89 7.74 9.54 16.52 16.46 11.56 13.70 13.18 12.82 9.36 8.36 10.46 10.94 9.88 8.85 8.76 8.93 9.45 9.20 9.04 9.10 9.57 8.88 8.86 8.84 11.08 11.24 11.25 10.08 9.89 10.36 12.13 -9999 -9999 -9999 -9999
-9999 -9999 -9999 -9999 -9999 -9999 -9999 20.84 17.12 15.32 15.79 15.28 16.04 14.93 15.43 15.64 -9999 -9999 15.38 13.42 -9999 -9999 -9999 12.00 13.51 12.49 -9999 9.34 11.35 10.21 9.57 10.13 9.45 9.86 9.93 10.68 10.16 10.19 9.12 9.58 8.70 8.47 12.44 8.68 10.85 14.27 8.26 10.45 16.82 10.16 12.42 9.64 10.16 10.17 9.54 9.24 9.16 9.10 9.41 8.85 8.95 8.68 9.59 8.78 8.78 8.98 9.59 10.54 11.83 11.40 10.05 9.85 11.32 13.22 -9999 -9999 -9999
-9999 -9999 -9999 -9999 -9999 -9999 -9999 -9999 17.59 15.83 15.09 14.42 14.27 14.93 15.83 12.06 -9999 10.79 12.42 14.07 12.69 13.87 10.09 9.24 14.44 14.03 11.86 -9999 8.54 10.34 10.11 9.23 9.20 10.14 9.40 9.28 9.30 9.21 9.49 9.08 9.48 8.92 12.64 12.81 11.88 12.66 11.90 14.08 14.35 12.44 9.74 9.07 11.05 10.85 9.17 9.84 9.24 9.67 9.70 8.98 8.88 8.57 9.59 8.93 8.98 9.24 9.08 10.03 11.05 12.10 11.07 10.11 10.70 12.50 -9999 -9999 -9999
-9999 -9999 -9999 -9999 -9999 -9999 -9999 -9999 -9999 16.87 16.00 14.95 13.62 12.46 9.60 7.90 14.97 23.04 10.45 14.67 15.02 14.13 11.93 8.75 8.63 11.32 13.78 10.96 8.18 8.63 9.83 9.12 9.42 11.00 9.86 9.13 8.61 8.85 9.01 8.73 8.84 8.66 14.37 15.29 12.23 12.43 10.30 9.43 11.06 11.48 9.31 9.07 10.48 9.58 9.02 9.83 9.32 10.41 9.60 9.47 9.17 9.03 10.64 9.58 9.39 9.48 9.25 9.78 10.39 10.65 11.15 11.73 10.20 11.80 13.76 -9999 -9999
-9999 -9999 -9999 -9999 -9999 -9999 -9999 -9999 -9999 -9999 17.75 14.73 12.37 9.55 8.06 10.45 26.68 17.52 7.36 14.66 10.25 14.64 14.29 9.90 7.00 14.29 11.57 12.26 10.27 8.37 8.63 8.90 8.19 9.37 9.96 9.46 8.95 8.42 8.65 8.27 7.94 10.00 11.01 15.52 12.69 13.48 12.45 7.63 10.39 12.96 9.66 9.78 10.42 9.44 9.38 9.59 9.41 10.58 9.62 9.49 9.83 9.67 10.60 10.47 9.86 9.69 9.58 9.71 10.31 11.80 10.68 9.97 10.12 11.43 13.48 -9999 -9999
-9999 -9999 -9999 -9999 -9999 -9999 -9999 -9999 -9999 -9999 -9999 14.38 11.00 10.12 11.50 23.30 25.15 16.15 11.81 11.35 12.74 14.93 15.37 15.05 9.83 8.10 14.47 11.31 10.32 9.56 8.40 8.39 8.56 8.57 9.19 8.71 8.14 8.22 8.12 7.82 7.97 9.12 11.21 12.45 10.20 10.78 13.03 10.85 7.60 12.87 10.08 9.99 10.48 9.44 9.50 9.34 9.93 10.63 9.88 9.76 9.93 9.54 11.29 10.60 10.20 10.10 9.98 10.27 10.06 10.06 9.76 9.63 10.07 11.80 13.64 -9999 -9999
-9999 -9999 -9999 -9999 -9999 -9999 -9999 -9999 -9999 -9999 -9999 13.14 11.16 13.34 15.05 16.84 19.82 10.80 8.03 10.90 14.23 15.03 16.21 14.31 10.51 6.92 14.45 14.04 11.13 10.39 8.42 8.14 8.60 9.58 9.03 8.62 8.18 7.44 7.08 7.49 9.72 9.61 7.33 12.88 10.19 11.14 13.49 13.51 10.54 9.41 9.27 8.09 9.73 10.54 9.39 9.23 8.99 9.73 9.66 10.24 10.14 10.01 10.63 11.44 11.04 10.96 10.53 10.35 9.95 9.57 9.57 10.07 11.12 12.71 -9999 -9999 -9999
-9999 -9999 -9999 -9999 -9999 -9999 -9999 -9999 -9999 -9999 -9999 11.76 11.53 12.61 11.35 16.52 13.79 9.47 11.38 9.08 10.81 14.60 13.10 16.35 13.18 8.15 13.07 14.44 13.75 10.10 9.12 7.99 9.02 10.28 9.72 8.58 7.70 7.04 7.26 8.89 9.15 7.33 7.26 10.73 10.64 10.63 10.73 10.19 10.28 11.11 7.56 8.83 9.10 8.80 9.32 8.79 9.84 8.98 9.61 10.23 10.39 10.92 13.29 12.27 11.61 11.14 10.85 10.45 10.07 9.80 9.89 10.99 12.44 -9999 -9999 -9999 -9999
-9999 -9999 -9999 -9999 -9999 -9999 -9999 -9999 -9999 -9999 13.16 22.05 12.90 13.58 14.79 8.49 20.45 17.22 15.60 13.09 15.75 12.12 13.04 11.54 9.67 11.52 15.77 13.75 13.23 9.89 8.72 7.85 9.66 9.79 9.13 8.51 7.38 7.08 8.59 8.12 7.33 8.62 9.96 7.27 12.73 11.98 8.65 9.66 9.15 8.50 8.57 7.75 7.71 7.98 9.24 8.72 8.18 10.13 9.57 10.11 10.74 11.51 13.38 12.27 11.64 11.39 10.80 10.46 9.97 9.78 10.65 12.01 -9999 -9999 -9999 -9999 -9999
-9999 -9999 -9999 -9999 -9999 -9999 -9999 -9999 14.15 13.55 17.70 15.14 11.82 11.78 12.97 7.81 9.56 12.03 16.29 15.34 16.74 14.47 14.46 7.75 11.03 11.26 8.19 8.90 8.76 10.15 9.25 8.53 9.62 9.82 9.61 8.49 8.06 9.06 7.92 8.35 7.19 8.95 9.84 9.37 8.29 7.65 9.89 9.36 8.89 9.03 9.00 8.72 7.18 8.30 8.19 7.48 7.96 8.84 9.47 10.18 10.41 11.34 13.01 12.04 11.26 11.14 10.55 10.15 9.75 9.98 11.10 -9999 -9999 -9999 -9999 -9999 13.51
-9999 -9999 -9999 -9999 -9999 -9999 -9999 14.49 14.21 13.88 13.61 12.74 11.91 10.46 8.53 7.13 9.01 11.14 13.44 21.68 11.92 9.23 8.91 5.65 13.64 15.35 14.36 10.31 9.26 10.40 10.26 9.80 10.09 10.66 9.92 9.29 8.76 9.02 9.02 7.18 7.18 9.10 9.23 8.81 8.29 8.69 9.42 8.19 8.93 7.93 8.00 8.71 7.98 7.40 6.92 7.36 8.67 8.66 9.15 9.77 10.26 10.86 12.91 12.14 11.07 10.58 10.15 9.87 9.59 9.87 10.78 -9999 -9999 -9999 -9999 -9999 12.18
-9999 -9999 -9999 -9999 -9999 -9999 14.95 16.09 15.04 14.39 -9999 -9999 -9999 -9999 9.45 16.10 13.57 12.83 14.77 11.92 9.12 12.41 11.37 9.78 20.89 17.79 14.52 15.21 11.75 9.67 10.43 10.57 9.99 10.05 9.84 9.33 9.48 8.22 9.34 7.54 7.39 7.89 8.56 8.98 8.90 7.94 8.22 8.23 8.19 7.86 7.55 7.23 7.17 7.11 7.47 8.29 8.44 8.48 9.51 10.35 10.61 10.64 11.73 11.54 11.26 10.14 9.84 9.58 9.32 9.38 10.15 11.59 -9999 -9999 -9999 -9999 11.02
-9999 -9999 -9999 -9999 -9999 -9999 16.49 18.46 14.45 14.65 -9999 -9999 -9999 -9999 10.15 13.72 15.82 9.38 14.15 12.70 11.80 15.33 16.93 12.87 17.26 9.19 11.08 11.49 10.72 9.65 9.84 10.29 10.09 10.32 10.86 9.57 9.94 8.92 8.56 8.97 7.69 7.90 7.20 8.41 9.75 10.26 10.19 8.44 7.74 7.65 7.57 8.03 7.37 7.71 8.40 8.81 9.77 9.12 11.41 11.43 11.63 10.49 10.92 10.89 10.70 9.75 9.69 9.47 9.17 9.09 9.25 10.20 11.09 -9999 -9999 11.38 10.82
-9999 -9999 -9999 -9999 -9999 -9999 -9999 -9999 -9999 -9999 -9999 -9999 -9999 -9999 10.94 15.58 13.16 8.96 10.94 8.54 16.85 15.40 9.23 13.09 12.23 10.59 11.79 9.67 9.22 8.83 10.24 10.06 10.46 10.13 9.54 9.44 9.17 8.52 8.46 8.96 8.08 7.68 7.95 8.48 8.32 9.43 9.87 7.73 9.22 10.33 8.92 8.83 8.42 7.41 8.57 9.74 10.98 10.73 10.07 10.60 11.42 10.71 11.06 10.65 10.46 9.48 9.55 9.43 9.24 9.03 8.77 9.03 9.66 10.51 10.79 10.30 10.27
-9999 -9999 -9999 -9999 -9999 -9999 -9999 -9999 -9999 -9999 -9999 -9999 -9999 -9999 -9999 15.39 5.57 6.35 10.27 15.31 13.66 15.07 13.74 8.85 10.54 12.45 8.66 8.52 7.96 8.50 8.99 9.74 9.93 9.93 9.51 9.11 8.80 8.85 8.41 8.92 8.59 7.99 10.51 9.64 8.14 8.08 8.24 8.53 8.42 9.66 9.91 9.18 10.49 8.49 8.24 9.14 8.77 9.31 9.53 9.48 11.01 10.97 10.63 10.05 10.37 9.49 9.53 9.40 9.19 9.06 8.98 8.99 8.99 9.37 9.57 9.48 9.23
-9999 -9999 -9999 -9999 -9999 -9999 -9999 -9999 -9999 -9999 -9999 -9999 -9999 -9999 -9999 10.27 15.40 16.72 13.57 10.90 9.42 12.19 9.38 9.78 8.27 7.95 10.91 8.20 8.05 10.48 9.88 9.71 9.48 8.80 8.82 9.51 9.17 10.29 9.85 9.21 8.57 8.00 10.33 11.31 9.62 8.33 7.91 8.41 8.46 8.35 8.84 9.77 12.45 10.81 8.56 8.07 8.61 9.95 11.25 11.26 10.57 11.16 10.67 10.19 9.85 9.56 9.54 9.40 9.33 9.20 9.11 9.11 9.13 9.18 9.22 9.38 9.28
-9999 -9999 -9999 -9999 -9999 -9999 -9999 -9999 -9999 -9999 -9999 -9999 -9999 -9999 13.34 12.76 9.58 19.02 11.50 8.54 11.42 10.71 9.04 12.88 8.91 8.57 11.95 7.69 15.26 11.39 9.10 9.40 10.93 9.08 8.69 12.14 11.67 10.43 8.77 9.14 8.93 8.46 9.20 9.90 9.67 8.81 8.47 8.30 8.30 8.69 8.44 9.89 9.79 9.34 8.87 8.46 9.33 10.53 11.75 11.65 10.28 10.43 10.41 10.23 9.91 9.65 9.53 9.48 9.42 9.30 9.16 9.15 9.16 9.02 9.03 9.65 9.60
-9999 -9999 -9999 -9999 -9999 -9999 -9999 -9999 -9999 -9999 -9999 -9999 -9999 -9999 11.48 12.18 18.23 10.13 4.82 7.74 8.15 10.01 13.44 13.46 10.10 9.62 9.89 7.93 8.99 10.13 11.92 11.77 9.47 9.56 9.35 9.73 10.40 8.75 8.42 9.23 9.10 9.59 9.85 9.21 9.59 9.28 8.76 8.41 8.13 8.22 8.31 9.22 9.54 9.14 8.25 8.79 10.24 11.67 10.83 11.54 11.37 10.56 9.94 10.90 9.92 10.09 9.64 9.56 9.35 9.26 9.18 9.06 9.00 8.95 8.93 9.92 9.65
-9999 -9999 -9999 -9999 -9999 -9999 -9999 -9999 -9999 -9999 -9999 -9999 -9999 -9999 12.40 14.92 6.38 8.42 7.35 9.09 9.07 14.80 12.55 14.59 11.03 9.80 7.62 6.65 7.70 11.95 14.63 16.06 10.02 11.94 10.22 10.14 9.76 7.86 8.27 8.72 9.11 9.69 8.95 9.04 10.63 9.74 8.62 8.47 9.72 7.96 8.51 8.87 8.70 8.28 8.20 9.05 9.67 10.16 10.28 10.34 9.60 9.58 10.32 10.63 9.40 9.35 9.57 9.46 9.35 9.15 8.93 8.93 8.87 8.86 8.90 9.19 8.98
-9999 -9999 -9999 -9999 -9999 -9999 -9999 -9999 -9999 -9999 -9999 -9999 -9999 -9999 -9999 8.30 9.86 12.64 15.42 16.17 12.78 12.97 10.35 6.85 7.15 6.55 8.05 8.50 7.43 9.36 10.07 14.24 11.60 10.06 9.60 11.12 10.54 8.01 9.21 8.08 8.39 11.20 8.99 8.74 8.69 8.96 8.12 8.05 9.98 9.23 8.40 8.98 8.53 8.33 8.85 9.76 9.19 9.08 8.72 9.73 8.92 10.42 10.51 9.36 9.13 9.82 9.63 9.16 9.04 8.86 8.77 8.78 8.75 8.77 8.75 8.75 8.79
-9999 -9999 -9999 -9999 -9999 -9999 -9999 -9999 -9999 -9999 -9999 -9999 -9999 -9999 -9999 10.14 11.88 13.23 15.26 18.03 15.76 11.49 8.17 6.42 8.79 11.60 14.04 16.20 11.88 8.58 9.30 10.98 10.60 8.26 12.03 10.84 10.72 9.09 10.03 8.54 8.12 9.00 10.67 10.03 9.09 8.53 8.09 8.09 9.29 9.08 8.64 8.65 9.18 9.51 9.78 10.24 9.25 8.88 10.44 10.52 10.51 10.21 10.48 9.37 9.78 10.38 9.16 8.89 8.84 8.71 8.71 8.66 8.61 8.63 8.65 8.71 8.69
-9999 -9999 -9999 -9999 -9999 -9999 -9999 -9999 -9999 -9999 -9999 -9999 -9999 -9999 11.04 9.05 10.35 12.73 13.87 12.43 11.98 9.40 10.98 16.90 13.26 13.49 13.38 10.68 9.52 10.44 10.87 8.85 8.32 9.27 11.50 11.22 10.55 8.92 10.18 8.09 8.10 9.86 9.12 9.69 9.75 8.98 8.53 8.28 9.18 9.03 8.25 8.57 8.63 8.59 9.57 9.11 10.40 9.78 10.68 9.80 10.18 10.34 9.36 9.25 10.30 10.09 8.91 8.76 9.03 8.65 8.70 8.64 8.70 8.64 8.54 8.53 8.37
-9999 -9999 -9999 -9999 -9999 -9999 -9999 -9999 -9999 -9999 -9999 -9999 -9999 -9999 13.69 11.20 9.50 8.88 10.86 15.41 14.86 13.20 11.21 11.88 13.60 15.01 14.91 9.92 12.64 14.31 9.33 12.11 7.55 8.66 10.63 12.77 9.03 9.79 8.10 7.27 7.85 8.68 12.00 10.02 10.08 9.49 9.04 8.82 8.91 8.57 8.07 8.21 8.11 8.09 8.10 9.64 10.34 10.40 11.13 9.91 9.40 9.51 9.15 9.76 10.32 9.86 9.31 9.67 9.23 9.39 8.79 8.69 8.86 8.88 8.50 8.34 8.19
-9999 -9999 -9999 -9999 -9999 -9999 -9999 -9999 -9999 -9999 -9999 -9999 -9999 -9999 11.92 10.50 6.31 7.55 10.57 15.59 13.27 13.64 10.40 12.39 11.64 9.96 11.19 12.18 11.98 10.33 8.85 9.57 12.97 8.57 8.20 8.49 8.97 10.85 8.96 7.15 7.62 8.43 8.84 8.80 10.08 9.55 9.09 9.13 8.17 7.58 8.28 8.50 8.60 7.90 8.66 10.13 10.18 9.21 9.51 10.63 9.57 10.08 9.06 10.29 10.37 9.38 9.28 9.42 8.61 8.75 8.56 8.53 8.56 8.41 8.26 8.26 8.16
-9999 -9999 -9999 -9999 -9999 -9999 -9999 -9999 -9999 -9999 -9999 -9999 -9999 11.30 12.23 14.30 10.44 7.38 11.55 12.46 14.84 14.59 8.12 8.61 7.91 9.90 12.02 10.08 10.02 12.50 10.79 9.88 9.47 8.32 7.16 7.47 9.00 8.97 8.61 8.27 7.62 7.23 8.05 8.63 8.00 8.67 8.37 9.08 8.06 7.99 8.15 7.64 7.52 7.89 9.35 9.16 9.22 8.58 9.70 10.04 9.83 9.02 10.17 10.30 10.31 10.48 9.87 9.14 8.81 8.48 8.51 8.49 8.29 8.15 7.99 7.94 8.12
-9999 -9999 -9999 -9999 -9999 -9999 -9999 -9999 -9999 -9999 -9999 -9999 13.21 12.59 12.78 9.94 7.48 10.88 14.07 14.00 11.15 13.08 8.41 10.17 8.61 8.31 16.28 10.77 11.74 9.38 9.98 8.39 8.18 8.71 9.92 8.59 10.95 8.69 9.26 7.70 7.31 7.43 7.68 8.14 7.77 7.97 8.42 8.60 7.09 7.89 7.81 7.92 8.08 8.43 9.17 8.27 9.28 8.87 9.27 8.51 8.69 10.33 10.85 10.24 10.44 10.27 9.22 9.59 9.42 9.15 8.90 8.41 8.00 7.71 7.99 8.03 8.86
-9999 -9999 -9999 -9999 -9999 -9999 -9999 -9999 -9999 -9999 15.31 13.36 11.56 8.80 7.63 7.78 8.12 11.88 12.48 13.43 14.80 12.34 9.80 5.48 9.57 9.14 14.00 10.82 10.04 10.27 8.71 8.43 7.37 8.81 11.04 10.13 10.09 7.46 7.86 7.73 7.67 8.40 7.86 8.30 7.46 7.61 7.95 7.12 7.06 7.53 8.60 8.32 9.28 9.96 9.25 8.66 8.16 8.06 9.08 9.79 9.68 10.35 9.35 10.28 10.49 9.71 8.80 8.76 9.61 9.22 9.06 7.97 7.62 7.39 7.73 8.99 9.47
-9999 -9999 -9999 -9999 -9999 -9999 14.48 13.44 12.05 16.06 15.89 15.56 14.76 10.53 8.78 7.67 13.42 10.59 12.00 11.54 10.73 6.99 5.95 4.44 7.09 7.33 15.41 13.82 11.49 8.92 9.53 8.88 10.99 7.59 9.68 10.05 9.40 8.58 7.68 7.22 8.39 7.76 7.07 8.56 7.32 7.32 6.77 7.09 7.84 8.55 7.60 8.68 8.18 8.62 9.71 9.57 9.27 9.00 9.69 9.81 9.55 9.26 10.29 9.19 9.15 9.01 8.60 9.25 9.24 9.08 8.13 7.41 7.48 7.78 9.07 9.21 8.66
-9999 -9999 -9999 -9999 -9999 15.91 13.25 14.02 13.08 12.19 14.03 12.67 12.69 9.52 7.32 11.29 11.40 10.91 5.81 11.90 6.98 4.17 10.97 7.80 4.29 13.50 11.47 10.70 6.34 6.80 8.13 12.18 8.57 7.72 7.49 7.77 9.89 9.49 9.33 7.70 7.91 7.18 7.06 8.06 7.52 6.99 6.93 7.39 8.27 7.97 10.19 8.03 7.59 8.09 9.10 8.49 8.49 8.10 8.38 9.12 9.01 9.94 9.38 8.77 8.83 9.18 8.50 8.57 8.35 7.50 7.20 7.16 7.32 7.65 8.21 9.15 9.09
-9999 -9999 -9999 -9999 15.40 14.82 11.20 10.68 10.81 11.71 10.55 10.86 9.44 9.86 14.78 10.48 7.64 11.12 3.52 6.59 6.54 10.86 10.24 11.44 8.93 8.95 7.65 4.92 11.55 11.71 7.62 8.31 7.83 7.45 7.94 7.23 7.56 9.69 10.10 7.35 6.93 6.93 7.55 6.82 6.33 6.81 9.96 7.66 7.47 8.20 9.11 8.29 7.63 8.29 8.93 8.83 9.44 8.73 7.81 7.77 7.96 9.31 9.05 8.45 9.45 9.23 8.32 8.18 7.71 7.28 7.51 7.58 7.59 7.94 8.04 8.93 8.21
13.28 15.53 13.01 15.09 12.03 11.71 12.45 11.11 10.37 12.76 10.93 10.63 10.38 13.59 12.30 9.31 9.58 8.01 4.94 4.46 9.06 9.82 7.68 8.15 10.94 7.44 3.93 11.25 13.76 10.82 10.97 7.85 8.39 7.54 7.94 10.34 7.72 10.28 8.14 7.09 6.73 7.04 9.05 6.11 6.62 11.52 8.24 7.68 7.70 8.46 9.43 7.76 7.92 8.22 7.78 8.44 8.43 7.81 7.36 7.86 7.57 8.11 8.67 8.82 8.31 7.85 7.51 7.33 7.77 9.38 8.41 9.33 8.49 7.22 8.76 8.61 8.90
13.36 11.74 11.36 14.73 18.42 16.53 15.75 11.87 13.09 15.00 13.06 12.10 14.43 11.58 10.07 12.50 7.92 4.16 4.89 4.99 8.37 7.97 7.30 6.89 6.95 5.64 8.41 20.33 15.17 10.90 8.25 9.07 8.39 10.41 8.26 8.83 7.61 7.39 7.31 7.50 6.80 6.42 6.46 6.10 10.41 11.04 9.82 8.18 7.77 10.82 8.81 7.95 8.20 7.51 8.29 8.11 7.67 6.75 8.10 7.67 6.99 9.00 8.78 7.55 7.28 7.23 7.11 7.71 8.83 9.17 8.71 9.13 8.16 7.64 8.67 8.79 8.24
