ML/MeanWindSpeed_1992-09_Actual.txt
ncols         180
nrows         290
xllcorner     -200000
yllcorner     -200000
cellsize      5000
NODATA_value  -9999
[rows 140 to 174 of 290, columns 78 to 155 of 180]
-9999 -9999 -9999 13.51 -9999 -9999 -9999 11.86 11.71 9.97 9.94 11.31 -9999 -9999 11.95 9.92 12.57 13.94 -9999 -9999 -9999 -9999 -9999 11.14 9.48 6.76 7.02 6.94 7.89 7.83 8.54 8.47 6.14 8.88 12.34 13.72 10.67 12.54 13.43 13.82 11.07 11.75 11.98 10.58 8.24 8.20 8.46 5.57 6.44 9.06 10.98 -9999 -9999 -9999 -9999 -9999 -9999 -9999 -9999 -9999 -9999 -9999 -9999 -9999 -9999 -9999 -9999 -9999 -9999 -9999 -9999 -9999 -9999 -9999 -9999 -9999 -9999 -9999
-9999 -9999 -9999 13.57 13.33 -9999 -9999 -9999 11.88 12.15 11.69 12.32 -9999 -9999 -9999 -9999 12.89 -9999 -9999 -9999 -9999 -9999 -9999 9.58 8.13 6.91 7.66 8.78 9.03 8.34 8.61 7.91 6.89 7.43 11.29 12.88 9.06 14.78 14.18 15.37 11.83 11.94 13.59 10.79 8.99 8.34 6.57 5.14 6.45 8.82 10.58 -9999 -9999 -9999 -9999 -9999 -9999 -9999 -9999 -9999 -9999 -9999 -9999 -9999 -9999 -9999 -9999 -9999 -9999 -9999 -9999 -9999 -9999 -9999 -9999 -9999 -9999 -9999
-9999 -9999 -9999 -9999 14.83 -9999 -9999 -9999 -9999 12.29 13.30 13.09 -9999 -9999 -9999 -9999 -9999 -9999 -9999 -9999 -9999 -9999 10.92 9.13 8.64 8.31 8.46 10.18 10.08 9.42 9.47 8.72 8.24 6.84 8.72 15.38 15.53 15.06 14.67 11.92 10.83 11.21 9.42 7.33 9.65 9.72 6.34 5.67 7.06 8.70 10.29 11.59 -9999 -9999 -9999 -9999 -9999 -9999 -9999 -9999 -9999 -9999 -9999 -9999 -9999 -9999 -9999 -9999 -9999 -9999 -9999 -9999 -9999 -9999 -9999 -9999 -9999 -9999
-9999 -9999 -9999 -9999 16.11 -9999 -9999 -9999 -9999 -9999 -9999 -9999 -9999 -9999 -9999 -9999 -9999 -9999 -9999 -9999 -9999 -9999 10.87 8.42 6.85 5.82 5.30 13.52 10.94 9.72 11.79 8.93 9.94 5.43 6.19 12.91 17.35 13.81 11.89 16.25 18.15 16.30 13.47 11.72 7.36 7.86 7.41 8.24 7.67 8.23 10.02 11.22 11.98 -9999 -9999 -9999 -9999 -9999 -9999 -9999 -9999 -9999 -9999 -9999 -9999 -9999 -9999 -9999 -9999 -9999 -9999 -9999 -9999 -9999 -9999 -9999 -9999 -9999
-9999 -9999 -9999 -9999 -9999 -9999 -9999 -9999 -9999 -9999 -9999 -9999 -9999 -9999 -9999 -9999 -9999 -9999 -9999 -9999 -9999 11.66 9.97 7.66 6.24 9.47 4.82 18.61 17.53 9.22 10.20 8.99 8.05 8.10 5.52 7.67 17.57 17.00 14.63 12.85 11.71 14.10 13.40 11.97 9.67 8.33 7.88 7.49 7.55 8.71 8.74 9.09 10.27 -9999 -9999 -9999 -9999 -9999 -9999 -9999 -9999 -9999 -9999 -9999 -9999 -9999 -9999 -9999 -9999 -9999 -9999 -9999 -9999 -9999 -9999 -9999 -9999 -9999
-9999 -9999 -9999 -9999 -9999 -9999 -9999 -9999 -9999 -9999 -9999 -9999 -9999 -9999 -9999 -9999 -9999 -9999 -9999 -9999 -9999 10.44 10.44 6.84 8.76 16.92 9.00 6.02 12.36 13.03 10.27 9.53 8.57 7.92 6.75 7.44 10.06 19.19 16.08 14.60 12.18 11.90 11.71 9.54 9.03 8.85 9.61 7.97 8.85 8.12 8.19 7.84 8.40 9.51 10.46 10.90 -9999 -9999 -9999 -9999 -9999 -9999 -9999 -9999 -9999 -9999 -9999 -9999 -9999 -9999 -9999 -9999 -9999 -9999 -9999 -9999 -9999 -9999
-9999 -9999 -9999 -9999 -9999 -9999 -9999 -9999 -9999 -9999 -9999 -9999 -9999 -9999 -9999 -9999 -9999 -9999 -9999 -9999 -9999 10.30 9.29 8.37 12.15 7.88 7.64 9.42 14.18 10.38 8.76 12.47 6.73 9.15 7.84 8.08 8.28 11.83 14.13 13.71 12.70 11.97 9.62 9.51 8.71 8.07 7.80 8.08 7.92 8.11 7.31 6.97 7.09 10.48 9.03 10.53 11.82 12.00 -9999 -9999 -9999 -9999 -9999 -9999 -9999 -9999 -9999 -9999 -9999 -9999 -9999 -9999 -9999 -9999 -9999 -9999 -9999 -9999
-9999 -9999 -9999 -9999 -9999 -9999 -9999 -9999 -9999 -9999 -9999 -9999 -9999 -9999 -9999 -9999 -9999 -9999 -9999 -9999 -9999 10.38 9.23 9.97 15.89 17.28 12.22 8.07 9.81 10.76 13.41 8.13 11.74 9.60 8.62 9.44 9.23 7.66 8.63 13.36 12.68 11.62 10.67 9.59 8.92 8.83 8.63 7.96 8.09 7.71 6.94 7.18 7.05 7.99 10.94 10.54 10.94 12.63 12.91 11.35 -9999 -9999 -9999 -9999 -9999 -9999 -9999 -9999 -9999 -9999 -9999 -9999 -9999 -9999 -9999 -9999 -9999 -9999
-9999 -9999 -9999 -9999 -9999 -9999 -9999 -9999 -9999 -9999 -9999 -9999 -9999 -9999 -9999 -9999 -9999 -9999 -9999 -9999 -9999 11.17 9.20 11.31 12.97 8.35 21.26 17.32 9.56 11.84 9.07 13.30 13.87 9.60 7.90 8.87 9.16 7.05 15.47 14.05 13.69 14.29 14.52 13.37 9.59 10.69 9.14 8.56 8.35 8.00 7.63 7.14 6.28 7.13 10.04 9.01 8.70 9.63 11.33 9.97 13.42 -9999 -9999 -9999 -9999 -9999 -9999 -9999 -9999 -9999 -9999 -9999 -9999 -9999 -9999 -9999 -9999 -9999
-9999 -9999 -9999 -9999 -9999 -9999 -9999 -9999 -9999 11.93 12.33 13.23 -9999 -9999 -9999 -9999 -9999 -9999 -9999 -9999 -9999 -9999 11.26 9.77 8.37 10.79 13.05 16.31 9.34 6.21 11.66 10.95 9.63 8.10 10.08 10.17 8.41 9.20 12.49 13.05 17.16 15.79 13.19 12.36 12.86 11.02 9.49 8.89 8.40 8.22 7.32 6.63 11.16 10.09 13.70 14.31 13.07 11.78 8.84 12.05 12.85 12.12 -9999 -9999 -9999 -9999 -9999 -9999 -9999 -9999 -9999 -9999 -9999 -9999 -9999 -9999 -9999 -9999
-9999 -9999 -9999 -9999 -9999 -9999 -9999 -9999 -9999 10.07 10.22 -9999 -9999 -9999 -9999 -9999 -9999 -9999 -9999 -9999 -9999 -9999 -9999 10.05 7.17 11.65 12.34 20.44 10.93 10.86 10.00 7.54 6.45 6.67 6.36 15.19 8.43 9.73 15.54 13.02 10.06 9.45 14.37 10.04 13.04 10.76 9.34 8.62 8.36 7.65 7.89 10.29 11.35 10.53 10.25 9.76 11.06 12.12 11.48 11.87 11.68 14.26 -9999 -9999 -9999 -9999 -9999 -9999 -9999 -9999 -9999 -9999 -9999 -9999 -9999 -9999 -9999 -9999
-9999 -9999 -9999 -9999 -9999 -9999 -9999 -9999 9.71 12.36 12.20 12.15 -9999 -9999 -9999 -9999 -9999 -9999 -9999 -9999 -9999 -9999 -9999 10.46 11.91 12.60 13.35 10.63 11.59 9.08 8.45 7.23 6.45 8.36 6.73 5.38 15.14 10.66 10.04 14.16 12.16 15.33 12.07 12.44 10.72 10.16 9.45 9.22 8.26 7.44 8.52 10.01 9.16 10.30 11.48 10.99 11.55 11.16 11.39 11.78 10.11 13.46 12.52 -9999 -9999 -9999 -9999 -9999 -9999 -9999 -9999 -9999 -9999 -9999 -9999 -9999 -9999 -9999
-9999 -9999 -9999 -9999 -9999 -9999 -9999 8.68 12.68 14.31 18.39 12.24 -9999 -9999 -9999 -9999 -9999 -9999 -9999 -9999 -9999 -9999 -9999 11.98 16.35 12.89 8.47 10.07 8.92 9.32 7.23 6.21 7.07 8.31 5.82 12.75 9.73 13.55 10.49 15.80 9.84 11.45 9.33 11.73 9.93 10.16 10.11 8.72 8.44 7.30 7.16 10.79 11.46 11.09 9.89 10.11 9.79 9.79 10.10 11.95 11.84 11.33 12.36 -9999 -9999 -9999 -9999 -9999 -9999 -9999 -9999 -9999 -9999 -9999 -9999 -9999 -9999 -9999
-9999 -9999 -9999 -9999 -9999 -9999 10.62 9.19 16.46 13.62 13.68 -9999 -9999 -9999 -9999 -9999 -9999 -9999 -9999 -9999 -9999 -9999 -9999 -9999 12.15 9.48 8.34 10.72 7.78 10.06 7.84 6.90 6.46 7.17 5.53 12.46 12.53 14.04 13.39 14.58 14.57 14.54 13.00 12.27 12.36 11.56 9.20 8.67 8.19 7.14 6.88 8.00 13.14 11.76 8.96 8.35 8.45 8.17 8.32 8.47 8.63 8.25 9.36 11.39 12.61 -9999 -9999 -9999 -9999 -9999 -9999 -9999 -9999 -9999 -9999 -9999 -9999 -9999
-9999 -9999 -9999 -9999 -9999 -9999 13.07 14.26 10.46 11.73 12.76 -9999 -9999 -9999 -9999 -9999 -9999 -9999 -9999 -9999 -9999 -9999 -9999 -9999 -9999 10.16 10.03 9.15 8.06 9.56 8.74 8.41 7.53 8.00 5.62 12.54 11.67 10.82 13.61 12.29 11.41 16.17 15.96 11.89 13.59 11.96 11.02 8.61 7.81 7.41 7.05 7.44 8.68 9.12 8.32 8.22 8.08 8.05 7.74 7.72 7.69 7.73 10.82 11.37 11.36 -9999 -9999 -9999 -9999 -9999 -9999 -9999 -9999 -9999 -9999 -9999 -9999 -9999
-9999 -9999 -9999 -9999 -9999 -9999 14.06 12.29 13.10 12.55 -9999 -9999 -9999 -9999 -9999 -9999 -9999 -9999 -9999 -9999 -9999 -9999 -9999 -9999 -9999 11.16 10.71 9.95 -9999 10.05 -9999 8.98 7.60 6.61 5.47 6.22 12.17 11.23 12.02 15.99 8.40 9.67 15.92 13.69 12.77 12.17 10.47 8.70 8.03 7.81 7.32 7.40 7.83 8.81 9.83 8.51 9.04 7.83 6.98 8.15 9.44 8.89 8.19 8.30 10.52 13.10 14.25 -9999 -9999 -9999 -9999 -9999 -9999 -9999 -9999 -9999 -9999 -9999
-9999 -9999 -9999 -9999 -9999 14.23 13.01 12.53 -9999 -9999 -9999 -9999 -9999 -9999 -9999 -9999 -9999 -9999 -9999 -9999 -9999 -9999 -9999 -9999 -9999 12.43 11.14 10.04 -9999 -9999 -9999 8.81 9.11 5.53 6.59 8.43 7.35 7.23 9.56 14.48 14.23 8.58 13.47 15.21 11.86 12.93 11.28 9.66 7.51 7.61 7.34 7.39 7.63 8.03 8.37 8.23 8.49 7.00 7.58 8.86 9.78 10.11 9.85 8.88 9.07 10.93 12.93 -9999 -9999 -9999 -9999 -9999 -9999 -9999 -9999 -9999 -9999 -9999
-9999 -9999 -9999 -9999 -9999 -9999 -9999 -9999 -9999 -9999 -9999 -9999 -9999 -9999 -9999 -9999 -9999 -9999 -9999 -9999 -9999 -9999 -9999 -9999 -9999 -9999 -9999 -9999 -9999 -9999 9.92 7.60 7.00 8.74 9.87 10.87 11.01 9.33 10.08 13.45 13.00 10.78 8.77 12.37 13.69 11.72 10.36 9.14 8.14 7.86 8.02 7.53 7.47 7.68 7.69 7.50 6.81 7.79 10.75 9.06 9.76 8.84 8.85 7.88 9.03 10.76 -9999 -9999 -9999 -9999 -9999 -9999 -9999 -9999 -9999 -9999 -9999 -9999
-9999 -9999 -9999 -9999 -9999 -9999 -9999 -9999 -9999 -9999 -9999 -9999 -9999 -9999 -9999 -9999 -9999 -9999 -9999 -9999 -9999 -9999 -9999 -9999 -9999 -9999 -9999 -9999 -9999 -9999 9.10 7.16 8.34 11.25 14.30 13.00 9.71 11.00 8.44 9.31 8.58 10.38 11.13 12.17 12.31 11.71 10.16 9.39 8.77 7.92 8.12 7.52 7.52 7.63 7.71 7.48 6.71 7.34 11.65 10.73 8.64 8.09 7.75 7.51 8.81 10.99 -9999 -9999 -9999 -9999 -9999 -9999 -9999 -9999 -9999 -9999 -9999 -9999
-9999 -9999 -9999 -9999 -9999 -9999 -9999 -9999 -9999 -9999 -9999 -9999 -9999 -9999 -9999 -9999 -9999 -9999 -9999 -9999 -9999 -9999 -9999 -9999 -9999 -9999 -9999 -9999 -9999 -9999 8.06 6.41 6.95 10.49 11.97 11.51 10.42 9.79 8.90 9.73 8.37 8.26 9.15 7.65 12.18 10.37 11.29 9.72 9.24 7.89 7.66 7.77 7.71 7.77 7.68 7.56 7.13 6.96 9.28 10.06 8.77 7.84 7.63 7.35 8.46 10.48 -9999 -9999 -9999 -9999 -9999 -9999 -9999 -9999 -9999 -9999 -9999 -9999
-9999 -9999 -9999 -9999 -9999 -9999 -9999 -9999 -9999 -9999 -9999 -9999 -9999 -9999 -9999 -9999 -9999 -9999 -9999 -9999 -9999 -9999 -9999 -9999 -9999 -9999 -9999 -9999 11.39 9.31 7.14 6.12 9.26 11.63 14.91 11.22 12.76 7.40 8.55 8.51 9.70 10.47 10.15 12.23 8.57 8.70 8.60 8.44 7.87 8.75 7.79 7.75 8.07 7.75 7.69 7.73 7.34 7.21 7.60 9.40 8.51 7.55 7.29 7.22 7.83 9.69 11.61 -9999 -9999 -9999 -9999 -9999 -9999 -9999 -9999 -9999 -9999 -9999
-9999 -9999 -9999 -9999 -9999 -9999 -9999 -9999 -9999 -9999 -9999 -9999 -9999 -9999 -9999 -9999 -9999 -9999 -9999 -9999 -9999 -9999 -9999 -9999 -9999 -9999 -9999 -9999 10.41 8.18 6.93 6.40 7.24 10.90 8.67 8.36 6.56 8.27 11.52 8.89 10.59 10.03 11.40 7.72 11.91 9.49 10.70 10.17 10.07 8.70 8.23 7.88 7.71 7.68 7.74 7.69 7.53 7.22 7.11 7.72 8.79 7.90 7.23 7.25 7.41 8.80 10.78 -9999 -9999 -9999 -9999 -9999 -9999 -9999 -9999 -9999 -9999 -9999
-9999 -9999 -9999 -9999 -9999 -9999 -9999 -9999 -9999 -9999 -9999 -9999 -9999 -9999 -9999 -9999 -9999 -9999 -9999 -9999 -9999 -9999 -9999 -9999 -9999 -9999 -9999 -9999 10.36 8.00 7.21 6.84 7.44 8.50 8.79 7.61 6.64 8.22 8.70 8.07 10.08 12.62 10.00 9.47 8.01 9.83 7.95 8.56 9.23 9.56 8.56 8.22 7.70 7.64 7.75 7.73 7.59 7.36 7.05 7.29 8.45 9.02 7.70 7.20 7.42 8.05 9.44 11.27 -9999 -9999 -9999 -9999 -9999 -9999 -9999 -9999 -9999 -9999
-9999 -9999 -9999 -9999 -9999 -9999 -9999 -9999 -9999 -9999 -9999 -9999 -9999 -9999 -9999 -9999 -9999 -9999 -9999 -9999 -9999 -9999 -9999 -9999 -9999 -9999 -9999 -9999 10.02 8.14 7.58 7.54 7.44 7.45 7.25 7.93 9.01 6.73 6.95 8.06 12.92 12.96 13.84 12.19 9.96 9.49 9.92 8.36 7.69 8.87 9.27 8.14 7.67 7.70 7.58 7.68 7.71 7.68 7.37 7.37 9.06 10.18 8.75 8.20 8.22 8.02 8.33 9.97 11.68 -9999 -9999 -9999 -9999 -9999 -9999 -9999 -9999 -9999
-9999 -9999 -9999 -9999 -9999 -9999 -9999 -9999 -9999 -9999 -9999 -9999 -9999 -9999 -9999 -9999 -9999 -9999 -9999 -9999 -9999 -9999 -9999 -9999 -9999 -9999 -9999 -9999 10.02 7.95 7.45 7.23 6.92 6.52 7.20 6.78 8.00 8.83 10.84 12.38 13.59 10.83 12.53 10.76 10.43 8.76 10.08 9.35 8.47 7.81 7.64 7.81 7.57 7.64 7.70 7.83 7.86 8.00 8.02 8.05 8.59 9.64 9.18 8.66 8.77 8.80 8.49 8.65 10.46 -9999 -9999 -9999 -9999 -9999 -9999 -9999 -9999 -9999
-9999 -9999 -9999 -9999 -9999 -9999 -9999 -9999 -9999 -9999 -9999 -9999 -9999 -9999 -9999 -9999 -9999 -9999 -9999 -9999 -9999 -9999 -9999 -9999 -9999 -9999 -9999 -9999 -9999 7.96 7.49 7.03 6.35 6.84 8.89 9.09 9.96 8.88 8.75 11.18 11.19 12.64 11.65 9.42 7.64 8.14 7.93 9.14 8.18 7.88 8.48 8.13 7.46 7.71 7.66 7.84 7.82 7.98 8.22 8.44 8.75 8.67 8.76 8.94 9.22 -9999 9.18 9.57 10.60 12.54 -9999 -9999 -9999 -9999 -9999 -9999 -9999 -9999
-9999 -9999 -9999 -9999 -9999 -9999 -9999 -9999 -9999 -9999 -9999 -9999 -9999 -9999 -9999 -9999 -9999 -9999 -9999 -9999 -9999 -9999 -9999 -9999 -9999 -9999 -9999 -9999 9.66 7.80 7.27 6.51 5.96 6.24 10.63 11.44 9.51 12.51 12.13 10.23 9.92 14.07 11.97 12.17 9.27 7.26 9.26 7.82 7.16 7.87 8.03 7.60 7.72 7.48 7.51 7.61 7.81 7.76 7.85 9.42 8.74 8.12 9.42 8.62 8.87 9.02 -9999 10.42 11.36 12.93 14.09 -9999 -9999 -9999 -9999 -9999 -9999 -9999
-9999 -9999 -9999 -9999 -9999 -9999 -9999 -9999 -9999 -9999 -9999 -9999 -9999 -9999 -9999 -9999 -9999 -9999 -9999 -9999 -9999 -9999 -9999 -9999 -9999 -9999 -9999 -9999 9.23 7.42 6.99 6.44 7.95 7.14 8.68 12.00 8.92 9.38 9.82 7.93 7.81 11.70 10.97 10.73 7.44 9.32 10.25 7.91 8.90 8.03 8.58 8.26 7.76 7.34 7.34 7.42 7.49 7.40 7.37 7.67 8.15 7.25 7.56 8.22 7.72 8.75 9.41 -9999 -9999 -9999 -9999 -9999 -9999 -9999 -9999 -9999 -9999 -9999
-9999 -9999 -9999 -9999 -9999 -9999 -9999 -9999 -9999 -9999 -9999 -9999 -9999 -9999 -9999 -9999 -9999 -9999 -9999 -9999 -9999 -9999 -9999 -9999 -9999 -9999 -9999 11.17 8.43 7.06 7.79 7.37 7.60 7.37 8.83 9.36 8.75 8.44 8.05 7.78 8.01 10.88 13.36 13.24 8.66 11.20 10.59 8.09 8.35 7.39 8.04 8.28 7.58 7.12 7.40 7.38 7.34 7.48 7.34 7.63 7.81 7.65 7.49 8.87 8.15 8.08 8.52 9.98 11.53 -9999 -9999 -9999 -9999 -9999 -9999 -9999 -9999 -9999
-9999 -9999 -9999 -9999 -9999 -9999 -9999 -9999 -9999 -9999 -9999 -9999 -9999 -9999 -9999 -9999 -9999 -9999 -9999 -9999 -9999 -9999 -9999 -9999 -9999 -9999 -9999 -9999 8.56 7.13 7.06 7.56 9.59 7.60 7.61 7.76 8.15 8.40 7.84 7.48 7.27 7.70 11.68 12.80 13.62 10.90 11.25 10.08 8.88 9.18 7.04 7.13 7.99 7.13 7.20 7.14 7.15 7.45 7.40 7.64 8.09 7.76 7.33 7.46 9.70 8.44 7.94 8.45 9.57 11.03 12.63 -9999 -9999 -9999 -9999 -9999 -9999 -9999
-9999 -9999 -9999 -9999 -9999 -9999 -9999 -9999 -9999 -9999 -9999 -9999 -9999 -9999 -9999 -9999 -9999 -9999 -9999 -9999 -9999 -9999 -9999 -9999 -9999 -9999 -9999 -9999 8.46 7.58 7.10 7.39 7.76 7.90 7.68 7.29 7.46 7.11 6.89 6.95 7.10 7.91 7.51 12.39 14.84 15.34 12.71 10.85 9.92 8.35 8.45 7.46 8.48 7.32 7.31 7.12 7.13 7.28 7.47 8.06 8.28 8.04 7.46 7.88 9.84 9.04 9.03 7.78 7.98 9.19 10.88 -9999 -9999 -9999 -9999 -9999 -9999 -9999
-9999 -9999 -9999 -9999 -9999 -9999 -9999 -9999 13.54 12.39 12.88 14.20 -9999 -9999 -9999 -9999 -9999 -9999 -9999 -9999 -9999 -9999 -9999 -9999 -9999 -9999 -9999 9.09 7.76 8.05 7.42 8.35 7.98 7.35 7.19 7.26 7.11 7.11 6.91 6.88 6.81 6.80 10.21 13.08 13.22 10.95 13.85 12.50 8.96 8.71 6.63 9.34 9.17 7.59 7.43 7.18 7.15 7.33 7.63 8.17 8.76 8.56 7.76 7.74 8.17 9.84 9.39 9.60 7.68 7.59 9.26 11.26 -9999 -9999 -9999 -9999 -9999 -9999
-9999 -9999 -9999 -9999 -9999 -9999 -9999 -9999 12.43 11.15 11.00 11.84 -9999 -9999 -9999 -9999 -9999 -9999 -9999 -9999 -9999 -9999 -9999 -9999 -9999 -9999 9.01 8.53 7.60 8.02 9.16 7.91 7.84 6.91 6.91 7.14 6.99 7.20 7.29 6.54 6.10 6.16 8.26 14.69 15.01 10.86 12.44 11.52 10.86 7.73 6.70 8.43 8.96 7.96 7.03 6.96 7.19 7.84 8.03 8.32 8.69 9.07 8.31 8.10 8.06 9.67 9.46 9.14 7.85 7.56 8.13 10.19 -9999 -9999 -9999 -9999 -9999 -9999
-9999 -9999 -9999 -9999 -9999 -9999 16.35 12.59 10.43 10.38 10.06 11.26 10.95 12.24 13.05 -9999 -9999 12.67 10.82 -9999 -9999 -9999 9.05 10.17 9.26 -9999 6.68 8.54 7.83 7.58 8.18 7.63 7.81 7.71 8.30 7.87 7.86 6.97 7.32 6.58 6.55 10.01 7.49 10.33 13.30 8.15 9.94 14.51 8.66 10.14 7.76 8.35 8.49 7.77 7.39 7.36 7.47 8.00 7.93 8.44 8.56 9.31 8.41 8.09 8.09 8.46 9.01 9.77 8.99 7.65 7.42 9.12 11.33 -9999 -9999 -9999 -9999 -9999
-9999 -9999 -9999 -9999 -9999 -9999 -9999 13.17 11.13 10.10 9.46 9.63 10.61 11.94 9.22 -9999 8.15 9.46 10.46 9.20 10.09 6.75 5.84 10.01 9.86 8.33 -9999 6.25 7.99 7.98 7.33 7.31 8.00 7.31 7.22 7.28 7.17 7.35 6.98 7.20 6.90 10.33 11.09 11.13 11.72 10.71 12.71 12.72 10.45 8.00 7.31 9.04 8.97 7.44 7.88 7.44 8.02 8.30 8.00 8.28 8.43 9.35 8.47 8.07 8.00 7.84 8.54 9.12 9.57 8.44 7.49 8.24 10.34 -9999 -9999 -9999 -9999 -9999
