ML/MeanWindSpeed_1996-08_Actual.txt
ncols         180
nrows         290
xllcorner     -200000
yllcorner     -200000
cellsize      5000
NODATA_value  -9999
[rows 175 to 209 of 290, columns 79 to 157 of 180]
-9999 -9999 -9999 -9999 -9999 -9999 -9999 9.34 8.71 8.11 7.60 7.41 6.26 5.41 9.85 15.41 7.46 10.01 9.94 9.19 7.78 5.91 6.06 7.69 9.04 7.35 5.72 6.13 7.00 6.58 6.68 7.52 6.59 6.01 5.54 5.59 5.65 5.54 5.75 5.75 9.49 9.97 8.01 8.05 6.54 6.00 6.94 7.07 5.73 5.61 6.52 6.02 5.72 6.36 6.08 6.87 6.45 6.43 6.30 6.25 7.26 6.54 6.48 6.62 6.56 6.97 7.37 7.55 7.85 8.27 7.34 8.60 10.09 -9999 -9999 -9999 -9999 -9999 -9999
-9999 -9999 -9999 -9999 -9999 -9999 -9999 -9999 10.08 8.27 7.14 6.03 5.89 7.48 17.93 12.24 5.75 10.27 7.00 9.58 9.23 6.55 5.04 9.88 7.85 8.19 7.02 5.97 6.23 6.45 5.92 6.55 6.80 6.41 6.01 5.61 5.74 5.54 5.43 6.95 7.70 10.48 8.47 8.86 8.11 4.90 6.60 8.20 6.03 6.07 6.43 5.82 5.86 6.14 6.10 6.98 6.45 6.40 6.67 6.58 7.14 7.06 6.73 6.70 6.72 6.91 7.34 8.36 7.63 7.20 7.33 8.37 9.93 -9999 -9999 -9999 -9999 -9999 -9999
-9999 -9999 -9999 -9999 -9999 -9999 -9999 -9999 -9999 8.51 6.79 6.93 8.46 16.32 17.54 11.75 8.92 8.53 9.14 10.22 10.26 10.04 6.93 5.93 9.95 7.65 7.03 6.77 6.13 6.17 6.20 6.11 6.45 6.12 5.76 5.87 5.88 5.73 5.88 6.78 8.18 8.84 7.14 7.33 8.67 7.08 4.86 8.24 6.32 6.19 6.46 5.77 5.88 5.90 6.41 7.02 6.62 6.57 6.74 6.51 7.62 7.18 6.95 6.94 6.93 7.23 7.17 7.25 7.08 7.06 7.40 8.71 10.12 -9999 -9999 -9999 -9999 -9999 -9999
-9999 -9999 -9999 -9999 -9999 -9999 -9999 -9999 -9999 8.13 7.35 9.39 11.06 12.45 14.44 8.51 6.47 8.33 10.35 10.64 11.21 9.82 7.47 5.24 10.10 9.56 7.67 7.36 6.18 6.05 6.26 6.82 6.46 6.23 6.04 5.71 5.61 5.92 7.41 7.38 5.88 9.37 7.38 7.84 9.15 8.88 6.85 6.04 5.79 4.93 5.97 6.45 5.72 5.73 5.77 6.43 6.45 6.85 6.82 6.71 7.06 7.61 7.38 7.42 7.23 7.23 7.09 6.95 7.00 7.43 8.23 9.44 -9999 -9999 -9999 -9999 -9999 -9999 -9999
-9999 -9999 -9999 -9999 -9999 -9999 -9999 -9999 -9999 7.69 8.02 9.19 8.94 12.68 10.83 7.71 8.59 7.05 8.22 10.60 9.47 11.52 9.36 6.11 9.37 10.09 9.62 7.28 6.69 5.99 6.57 7.33 6.98 6.34 5.93 5.67 5.93 7.07 7.30 6.11 5.99 8.15 7.84 7.65 7.51 6.87 6.72 7.15 4.67 5.40 5.56 5.35 5.69 5.44 6.32 5.94 6.42 6.85 6.94 7.16 8.61 8.00 7.66 7.50 7.44 7.34 7.21 7.15 7.30 8.17 9.28 -9999 -9999 -9999 -9999 -9999 -9999 -9999 -9999
-9999 -9999 -9999 -9999 -9999 -9999 -9999 -9999 8.60 14.74 9.04 9.96 11.34 7.46 15.20 12.81 11.38 9.68 11.59 9.21 9.68 8.62 7.10 8.23 11.10 9.70 9.37 7.18 6.39 5.83 6.98 7.05 6.64 6.37 5.84 5.79 6.85 6.70 6.27 7.04 7.79 5.93 9.30 8.59 6.19 6.64 6.04 5.43 5.32 4.68 4.68 4.88 5.69 5.41 5.22 6.70 6.42 6.80 7.15 7.51 8.67 8.01 7.68 7.66 7.44 7.38 7.19 7.19 7.91 8.98 -9999 -9999 -9999 -9999 -9999 -9999 -9999 10.96 -9999
-9999 -9999 -9999 -9999 -9999 -9999 8.88 8.65 11.61 10.27 8.44 8.80 9.84 6.50 7.78 9.46 11.91 11.20 12.31 10.72 10.66 6.23 8.11 8.19 6.24 6.69 6.56 7.42 6.76 6.25 6.98 7.11 7.00 6.41 6.35 7.15 6.52 6.95 6.25 7.31 7.73 7.30 6.44 5.79 7.02 6.48 5.96 5.84 5.65 5.38 4.38 5.12 5.03 4.64 5.13 5.92 6.41 6.89 6.99 7.50 8.54 7.94 7.50 7.58 7.35 7.26 7.14 7.44 8.34 -9999 -9999 -9999 -9999 -9999 10.38 10.26 10.07 9.70 9.92
-9999 -9999 -9999 -9999 -9999 8.88 8.74 8.77 9.05 8.88 8.65 8.02 6.73 5.62 7.10 8.73 10.05 15.35 9.12 7.34 7.24 5.17 10.30 11.39 10.62 7.86 7.05 7.65 7.43 7.05 7.23 7.60 7.14 6.89 6.77 7.15 7.29 6.20 6.21 7.42 7.34 6.88 6.35 6.37 6.64 5.69 5.98 5.14 5.03 5.40 4.90 4.54 4.26 4.63 5.68 5.89 6.32 6.78 7.10 7.42 8.69 8.18 7.53 7.35 7.20 7.16 7.11 7.43 8.17 -9999 -9999 -9999 -9999 -9999 9.49 9.10 9.02 8.78 8.89
-9999 -9999 -9999 -9999 9.29 9.92 9.25 9.17 -9999 -9999 -9999 -9999 7.38 11.29 9.84 9.76 11.03 9.14 7.48 9.83 9.30 8.20 15.44 13.44 11.07 11.24 8.79 7.24 7.57 7.56 7.15 7.19 7.09 6.86 7.15 6.56 7.45 6.35 6.27 6.57 6.85 6.93 6.67 5.81 5.84 5.72 5.52 5.10 4.79 4.53 4.48 4.50 4.78 5.40 5.74 6.02 6.86 7.52 7.71 7.70 8.34 8.12 7.91 7.25 7.13 7.06 7.00 7.14 7.76 8.86 -9999 -9999 -9999 -9999 8.73 8.31 8.20 8.30 8.46
-9999 -9999 -9999 -9999 10.31 11.53 9.01 9.51 -9999 -9999 -9999 -9999 7.90 9.93 11.40 7.37 10.68 9.96 9.57 11.89 12.99 10.35 13.30 8.02 9.04 9.02 8.21 7.25 7.24 7.42 7.25 7.38 7.76 6.96 7.34 6.88 6.79 7.12 6.29 6.41 5.81 6.43 7.15 7.32 7.15 5.90 5.29 5.08 4.91 5.15 4.71 5.04 5.61 6.04 6.92 6.74 8.44 8.61 8.80 8.06 8.25 8.04 7.79 7.13 7.11 7.05 6.93 6.96 7.13 7.86 8.54 -9999 -9999 8.98 8.62 8.31 8.42 8.19 8.06
-9999 -9999 -9999 -9999 -9999 -9999 -9999 -9999 -9999 -9999 -9999 -9999 8.50 11.25 9.56 6.96 8.67 7.48 13.03 12.05 8.15 10.77 10.25 9.02 9.53 7.92 7.27 6.69 7.52 7.32 7.53 7.30 6.93 6.84 6.74 6.49 6.58 6.96 6.40 6.10 6.12 6.31 6.12 6.76 6.96 5.51 6.40 7.02 5.97 5.81 5.52 5.03 6.00 6.95 7.95 7.98 7.79 8.34 8.99 8.53 8.64 8.12 7.78 7.03 7.07 7.06 7.01 6.95 6.82 7.05 7.54 8.21 8.49 8.24 8.30 7.71 8.38 8.44 8.46
-9999 -9999 -9999 -9999 -9999 -9999 -9999 -9999 -9999 -9999 -9999 -9999 -9999 11.27 4.78 5.36 8.33 12.05 11.08 11.99 11.21 8.00 9.00 10.05 7.35 7.08 6.35 6.44 6.68 7.08 7.19 7.21 6.94 6.64 6.46 6.64 6.47 6.82 6.63 6.17 7.63 6.93 5.89 5.82 5.91 6.07 5.95 6.74 6.85 6.27 7.11 5.93 5.96 6.73 6.63 7.18 7.58 7.77 8.88 8.85 8.49 7.73 7.64 6.97 7.02 7.02 6.97 6.97 6.99 7.05 7.09 7.43 7.66 7.69 7.62 7.70 8.50 8.47 8.24
-9999 -9999 -9999 -9999 -9999 -9999 -9999 -9999 -9999 -9999 -9999 -9999 -9999 8.19 11.39 12.21 10.48 9.22 8.39 10.16 8.25 8.41 7.41 7.04 8.87 6.95 6.45 7.77 7.19 7.00 6.93 6.52 6.56 6.99 6.80 7.65 7.42 6.97 6.55 6.11 7.46 7.95 6.75 5.91 5.66 5.99 6.05 6.06 6.39 6.90 8.61 7.62 6.32 6.19 6.69 7.72 8.77 8.99 8.65 9.05 8.44 7.49 7.03 6.86 6.95 6.98 7.07 7.09 7.11 7.17 7.24 7.36 7.48 7.67 7.69 7.63 8.26 8.33 8.83
-9999 -9999 -9999 -9999 -9999 -9999 -9999 -9999 -9999 -9999 -9999 -9999 10.20 9.72 7.51 13.69 9.02 7.42 9.39 9.07 7.97 10.41 7.85 7.50 9.60 6.60 11.22 8.34 6.62 6.74 7.81 6.70 6.48 8.72 8.47 7.78 6.72 6.91 6.70 6.29 6.70 7.01 6.72 6.13 5.98 5.92 5.94 6.30 6.19 7.11 7.04 6.80 6.62 6.52 7.23 8.14 9.08 9.17 8.36 8.35 7.68 7.11 6.88 6.80 6.87 7.00 7.11 7.16 7.15 7.22 7.30 7.30 7.40 7.89 7.93 7.77 8.00 8.37 7.98
-9999 -9999 -9999 -9999 -9999 -9999 -9999 -9999 -9999 -9999 -9999 -9999 9.01 9.43 13.20 7.82 4.45 6.47 7.03 8.56 10.86 10.84 8.53 8.07 8.15 6.67 7.28 7.87 8.73 8.49 7.01 7.10 6.96 7.20 7.71 6.76 6.53 7.00 6.81 6.97 7.07 6.59 6.71 6.48 6.21 6.04 5.86 5.99 6.12 6.74 7.01 6.80 6.28 6.76 7.85 8.94 8.48 8.99 8.81 7.97 7.06 7.54 6.90 7.07 6.93 7.07 7.08 7.16 7.20 7.20 7.23 7.30 7.36 8.08 7.97 7.67 7.79 8.29 8.17
-9999 -9999 -9999 -9999 -9999 -9999 -9999 -9999 -9999 -9999 -9999 -9999 9.57 11.22 5.55 6.78 5.99 7.16 7.50 11.60 10.20 11.39 8.89 7.93 6.43 5.78 6.53 9.26 10.79 11.60 7.62 8.82 7.53 7.45 7.35 6.18 6.38 6.66 6.83 7.02 6.41 6.38 7.35 6.79 6.20 6.18 6.97 5.86 6.25 6.51 6.45 6.22 6.23 6.89 7.44 7.90 8.02 8.01 7.39 7.12 7.30 7.42 6.60 6.62 6.92 7.03 7.10 7.10 7.04 7.13 7.16 7.23 7.32 7.60 7.53 7.72 7.63 8.02 8.02
-9999 -9999 -9999 -9999 -9999 -9999 -9999 -9999 -9999 -9999 -9999 -9999 -9999 7.16 8.10 9.72 11.30 11.80 9.76 10.13 8.57 6.18 6.23 5.80 6.66 6.89 6.29 7.61 8.02 10.66 8.86 7.77 7.24 8.18 7.92 6.26 6.99 6.27 6.40 8.02 6.39 6.10 6.00 6.23 6.01 6.16 7.31 6.78 6.24 6.65 6.40 6.31 6.70 7.36 7.08 7.12 6.92 7.54 6.90 7.68 7.57 6.76 6.56 7.06 7.06 6.90 6.94 6.94 6.98 7.07 7.11 7.19 7.23 7.30 7.37 7.61 7.58 7.60 7.81
-9999 -9999 -9999 -9999 -9999 -9999 -9999 -9999 -9999 -9999 -9999 -9999 -9999 8.32 9.45 10.20 11.32 13.04 11.72 9.15 7.13 5.95 7.46 9.21 10.64 11.92 9.10 7.06 7.59 8.65 8.41 6.83 9.01 8.11 8.10 6.97 7.55 6.61 6.27 6.63 7.46 6.89 6.15 5.68 5.74 6.46 7.01 6.77 6.46 6.50 6.89 7.15 7.38 7.70 7.12 6.97 7.99 8.02 7.95 7.62 7.73 6.95 7.15 7.58 6.88 6.80 6.85 6.88 6.98 7.02 7.03 7.10 7.15 7.24 7.23 7.18 7.05 7.02 7.30
-9999 -9999 -9999 -9999 -9999 -9999 -9999 -9999 -9999 -9999 -9999 -9999 8.71 7.37 8.34 10.06 10.64 9.61 9.41 7.97 9.09 12.92 10.51 10.57 10.32 8.47 7.61 8.19 8.56 7.28 6.99 7.61 8.87 8.60 8.11 6.91 7.73 6.41 6.38 7.37 6.63 6.77 6.59 5.83 5.37 6.04 6.84 6.76 6.24 6.50 6.59 6.63 7.33 7.06 7.96 7.60 8.16 7.55 7.78 7.86 7.19 7.05 7.71 7.62 6.89 6.85 7.09 6.94 7.05 7.08 7.16 7.14 7.09 7.10 6.99 7.27 7.47 7.51 6.96
-9999 -9999 -9999 -9999 -9999 -9999 -9999 -9999 -9999 -9999 -9999 -9999 10.28 8.64 7.76 7.60 8.80 11.73 11.43 10.53 9.35 9.85 11.01 11.78 11.46 8.09 9.73 10.72 7.46 9.30 6.43 7.22 8.45 9.80 7.16 7.52 6.45 5.98 6.31 6.76 8.74 7.21 6.99 6.40 6.05 6.17 6.53 6.43 6.15 6.32 6.32 6.38 6.45 7.51 8.00 8.06 8.51 7.71 7.37 7.44 7.17 7.53 7.91 7.66 7.31 7.56 7.31 7.51 7.18 7.18 7.33 7.35 7.09 6.97 6.84 6.84 7.48 7.54 7.60
-9999 -9999 -9999 -9999 -9999 -9999 -9999 -9999 -9999 -9999 -9999 -9999 9.14 8.25 5.75 6.67 8.62 11.98 10.52 10.95 9.01 10.51 9.99 8.64 9.10 9.62 9.39 8.23 7.23 7.68 9.94 7.06 6.84 7.01 7.15 8.30 7.11 5.96 6.26 6.76 6.94 6.72 7.35 6.86 6.48 6.58 6.14 5.85 6.36 6.58 6.71 6.32 6.87 7.90 8.00 7.40 7.58 8.29 7.58 7.89 7.19 7.99 8.06 7.45 7.39 7.49 6.98 7.13 7.07 7.13 7.20 7.11 6.98 6.92 6.79 7.05 6.67 7.00 7.28
-9999 -9999 -9999 -9999 -9999 -9999 -9999 -9999 -9999 -9999 -9999 8.96 9.46 10.81 8.41 6.47 9.31 10.10 11.81 11.89 7.85 8.27 7.71 8.70 9.70 8.27 8.14 9.71 8.55 7.93 7.65 6.86 6.14 6.34 7.25 7.19 6.95 6.71 6.31 6.11 6.63 6.88 6.37 6.75 6.47 6.93 6.29 6.23 6.34 6.08 6.05 6.32 7.33 7.30 7.43 7.04 7.75 7.94 7.78 7.25 7.98 8.06 8.06 8.21 7.85 7.38 7.19 7.02 7.11 7.18 7.08 7.00 6.85 6.75 6.80 7.04 6.97 7.07 7.35
-9999 -9999 -9999 -9999 -9999 -9999 -9999 -9999 -9999 -9999 10.06 9.75 9.93 8.17 6.61 8.97 11.42 11.74 10.13 11.54 8.52 9.64 8.44 7.74 12.49 8.71 9.30 7.74 8.03 7.00 6.92 7.23 8.01 7.07 8.55 7.08 7.43 6.42 6.19 6.33 6.52 6.75 6.51 6.66 6.92 6.98 5.91 6.36 6.28 6.40 6.52 6.76 7.28 6.76 7.48 7.24 7.50 7.01 7.12 8.16 8.50 8.10 8.22 8.14 7.49 7.75 7.67 7.55 7.47 7.22 7.00 6.82 6.95 6.91 7.42 7.59 7.71 7.76 7.25
-9999 -9999 -9999 -9999 -9999 -9999 -9999 -9999 11.13 9.89 8.87 7.29 6.80 7.11 7.39 10.10 11.05 12.08 13.17 11.53 9.72 6.79 9.22 8.44 11.24 8.96 8.29 8.37 7.27 7.07 6.45 7.39 8.79 8.12 8.04 6.27 6.54 6.50 6.48 7.01 6.69 6.95 6.40 6.52 6.71 6.17 6.05 6.26 6.92 6.75 7.41 7.85 7.43 7.09 6.80 6.76 7.46 7.92 7.81 8.19 7.55 8.18 8.29 7.81 7.25 7.28 7.90 7.72 7.70 7.05 6.86 6.73 6.91 7.68 7.98 7.77 8.39 8.24 8.03
-9999 -9999 -9999 -9999 10.67 10.05 9.17 11.76 11.62 11.42 11.07 8.60 7.78 7.34 11.30 9.93 11.48 11.43 10.96 8.38 7.51 6.35 7.87 7.63 12.54 11.05 9.17 7.46 7.87 7.44 8.84 6.67 8.04 8.21 7.74 7.07 6.46 6.24 7.02 6.63 6.15 7.18 6.35 6.30 5.94 6.18 6.66 7.02 6.35 7.11 6.83 7.13 7.85 7.77 7.60 7.47 7.94 8.01 7.80 7.55 8.21 7.48 7.44 7.38 7.19 7.70 7.78 7.76 7.23 6.81 6.91 7.13 7.93 7.98 7.60 8.18 7.56 7.91 8.28
-9999 -9999 -9999 11.57 9.74 10.26 9.70 9.14 10.41 9.66 9.87 8.01 6.95 9.95 10.43 10.77 7.95 12.07 8.83 6.86 11.09 8.78 6.23 11.87 10.06 8.84 5.67 6.06 6.95 9.57 7.22 6.71 6.63 6.80 8.15 7.71 7.59 6.58 6.75 6.27 6.14 6.85 6.44 6.00 6.00 6.39 6.98 6.71 8.12 6.77 6.56 6.90 7.56 7.17 7.19 6.97 7.16 7.66 7.55 8.07 7.64 7.24 7.30 7.57 7.19 7.33 7.28 6.81 6.71 6.76 6.95 7.20 7.51 8.06 7.97 8.00 7.70 7.70 7.86
-9999 -9999 11.19 10.69 8.29 7.96 8.12 8.80 8.27 8.75 8.04 8.47 11.98 9.64 8.29 11.21 6.58 8.71 8.66 11.37 10.77 11.32 9.36 9.03 7.63 5.07 9.13 9.29 6.66 7.12 6.76 6.54 6.93 6.50 6.72 7.98 8.22 6.44 6.22 6.18 6.54 6.09 5.66 5.86 7.99 6.62 6.50 6.89 7.48 7.03 6.66 7.12 7.56 7.53 7.95 7.52 6.92 6.91 7.00 7.79 7.56 7.16 7.82 7.71 7.21 7.23 7.02 6.86 7.12 7.27 7.36 7.60 7.56 8.03 7.44 7.30 7.58 7.35 7.56
10.01 11.25 9.14 8.87 9.33 8.52 8.08 9.77 8.84 8.93 8.86 11.08 10.56 9.00 9.62 9.11 7.40 7.19 10.21 10.70 9.24 9.26 10.75 8.26 5.41 9.35 10.67 8.76 8.92 6.87 7.17 6.66 6.93 8.53 6.81 8.47 7.04 6.33 6.13 6.29 7.54 5.61 5.88 9.01 6.94 6.68 6.67 7.08 7.73 6.70 6.85 7.11 6.89 7.36 7.41 7.06 6.77 7.09 6.89 7.23 7.53 7.56 7.21 6.95 6.85 6.88 7.27 8.46 7.95 8.67 8.22 7.37 8.20 7.86 7.85 7.59 7.46 7.63 7.46
9.13 11.29 13.66 12.46 11.92 9.41 10.28 11.64 10.58 10.15 11.79 10.11 9.34 11.12 8.43 6.36 6.99 7.17 9.52 9.29 8.71 8.15 8.11 7.23 8.47 15.60 11.92 9.05 7.26 7.72 7.24 8.58 7.18 7.51 6.68 6.63 6.60 6.64 6.21 5.97 5.98 5.69 8.43 8.87 8.18 7.16 6.85 8.76 7.41 6.85 7.06 6.70 7.30 7.28 7.10 6.55 7.44 7.19 6.77 8.08 7.86 6.97 6.77 6.79 6.80 7.31 8.16 8.53 8.39 8.83 8.32 7.96 8.37 7.95 7.32 7.60 7.54 7.79 7.81
9.02 10.05 10.40 9.84 8.74 10.40 9.47 10.96 8.43 9.40 11.28 10.28 8.65 9.44 6.48 6.04 9.01 9.67 8.49 7.14 8.75 6.23 5.73 6.08 10.18 12.50 12.69 7.38 8.15 8.32 8.48 7.75 6.53 7.50 7.02 6.90 6.43 6.68 5.79 5.52 6.31 6.36 8.51 8.32 7.91 7.08 7.66 8.68 7.97 7.53 7.10 7.22 7.10 6.81 6.60 6.71 7.16 7.50 7.25 7.13 7.06 6.84 7.71 8.27 7.12 7.41 8.10 8.39 8.06 8.56 8.58 8.60 8.48 7.40 7.38 7.30 7.41 7.23 7.57
8.40 8.88 8.60 9.13 8.63 8.81 9.89 8.67 9.31 8.11 7.81 7.60 7.25 6.91 8.75 7.94 10.95 15.85 8.72 8.80 8.96 12.38 11.95 5.57 5.32 13.43 10.27 8.84 9.40 10.30 8.35 6.60 6.00 7.82 8.14 7.04 6.39 6.04 5.61 5.58 6.60 8.76 8.97 7.85 7.62 7.47 7.20 7.01 7.66 7.06 6.92 6.68 6.38 6.23 6.33 7.24 7.12 6.95 7.04 6.39 6.58 7.40 7.37 7.96 7.45 7.47 7.52 7.77 8.29 8.56 8.65 8.66 8.66 7.34 6.91 7.32 7.33 6.95 7.27
8.05 8.79 7.94 8.39 8.47 8.72 7.93 7.92 8.70 8.04 9.11 7.98 9.77 7.17 9.85 11.60 11.47 12.28 12.93 10.69 12.24 13.77 9.26 10.60 8.90 4.84 9.58 9.93 7.34 7.73 6.20 7.71 7.53 9.86 9.01 6.99 6.36 5.79 5.59 6.54 8.90 7.72 9.15 7.94 7.79 8.40 7.27 7.84 6.53 6.71 6.38 6.19 6.09 6.37 6.50 6.66 6.48 6.38 6.22 6.46 7.36 8.10 7.64 7.09 7.65 7.17 7.95 7.45 7.53 7.84 8.13 8.36 8.32 7.74 6.84 7.20 7.22 7.05 7.39
8.28 7.97 9.25 10.23 11.57 10.53 9.35 8.70 8.06 8.47 10.74 8.33 9.39 6.92 8.53 8.93 8.07 6.92 9.14 8.43 10.53 10.78 12.68 10.94 11.16 9.64 13.08 8.38 7.44 7.01 7.83 7.37 9.48 8.92 9.07 6.51 6.18 5.74 8.69 9.17 8.72 8.95 7.50 8.03 8.26 7.94 6.62 6.35 6.37 6.17 6.07 6.11 6.12 6.67 6.79 7.05 6.62 6.10 6.17 6.94 8.36 6.99 7.40 7.47 7.11 7.00 7.14 6.97 7.21 7.72 7.53 7.97 7.88 7.49 7.24 7.23 6.83 6.61 7.45
8.74 8.32 8.51 9.97 10.19 10.80 10.18 9.53 9.07 8.69 8.96 10.94 7.85 11.04 9.97 9.77 10.44 8.85 6.81 6.89 8.70 8.06 9.99 10.13 8.69 12.01 11.88 7.21 8.06 6.28 6.86 8.41 9.03 8.27 7.58 6.31 5.93 7.34 6.83 8.27 8.01 7.47 7.76 7.53 7.12 6.69 5.79 5.54 5.63 5.75 7.14 6.08 6.72 6.20 6.20 5.98 6.02 6.30 7.08 8.07 7.64 7.27 7.42 7.31 7.06 7.15 7.49 7.87 6.82 7.56 8.25 7.68 7.34 7.48 6.70 6.86 7.48 6.93 6.60
9.20 9.57 10.20 11.20 -9999 -9999 -9999 -9999 10.00 9.65 10.27 8.23 7.28 8.53 8.58 8.35 7.88 4.88 12.07 12.34 8.28 7.37 7.66 9.24 10.00 11.27 8.86 7.72 6.95 6.21 9.61 8.39 9.57 6.99 6.77 6.45 6.26 8.00 6.56 7.82 7.66 7.00 7.10 6.85 6.42 5.80 5.42 5.37 5.58 5.76 6.83 6.17 6.43 6.41 6.02 6.14 6.29 7.57 7.42 7.63 7.64 7.64 6.57 6.70 6.66 7.53 7.82 7.60 6.62 7.25 7.86 7.67 7.23 7.68 7.19 6.97 7.13 7.08 6.58
