ML/MeanWindSpeed_1995-03_Actual.txt
ncols         180
nrows         290
xllcorner     -200000
yllcorner     -200000
cellsize      5000
NODATA_value  -9999
[rows 105 to 139 of 290, columns 77 to 153 of 180]
16.59 14.03 18.20 12.28 6.46 9.91 17.78 18.75 15.89 12.12 13.76 20.67 13.70 18.13 10.34 14.01 19.83 12.61 8.24 8.24 11.09 9.57 9.46 11.34 11.86 9.64 11.04 9.83 9.46 13.15 12.14 12.50 12.04 -9999 -9999 -9999 -9999 -9999 -9999 -9999 -9999 -9999 -9999 -9999 -9999 -9999 -9999 -9999 -9999 -9999 -9999 -9999 -9999 -9999 -9999 -9999 -9999 -9999 -9999 -9999 -9999 -9999 -9999 -9999 -9999 -9999 -9999 -9999 -9999 -9999 -9999 -9999 -9999 -9999 -9999 -9999 -9999
14.95 15.87 12.89 15.07 19.38 18.13 22.88 12.78 17.80 7.24 20.75 9.66 24.07 10.82 15.49 25.51 15.49 11.58 15.09 13.36 9.66 9.61 8.80 8.88 10.80 8.99 8.45 10.76 11.52 11.39 11.73 10.09 11.79 12.42 -9999 -9999 -9999 -9999 -9999 -9999 -9999 -9999 -9999 -9999 -9999 -9999 -9999 -9999 -9999 -9999 -9999 -9999 -9999 -9999 -9999 -9999 -9999 -9999 -9999 -9999 -9999 -9999 -9999 -9999 -9999 -9999 -9999 -9999 -9999 -9999 -9999 -9999 -9999 -9999 -9999 -9999 -9999
15.86 15.85 8.30 18.88 13.43 7.69 14.29 20.26 19.20 7.31 20.21 16.67 17.71 12.36 19.29 15.04 17.14 22.70 17.25 15.26 13.25 11.30 11.14 13.13 13.85 15.64 14.83 12.43 10.25 9.27 12.70 10.72 14.08 13.69 14.61 -9999 -9999 -9999 -9999 -9999 -9999 -9999 -9999 -9999 -9999 -9999 -9999 -9999 -9999 -9999 -9999 -9999 -9999 -9999 -9999 -9999 -9999 -9999 -9999 -9999 -9999 -9999 -9999 -9999 -9999 -9999 -9999 -9999 -9999 -9999 -9999 -9999 -9999 -9999 -9999 -9999 -9999
16.28 11.10 16.71 17.01 12.13 6.98 16.74 19.06 25.19 10.27 18.95 15.02 15.75 14.54 15.69 7.80 10.93 13.33 12.70 9.28 12.20 15.60 20.58 18.97 16.84 13.62 12.60 14.71 9.06 11.21 12.91 13.76 14.42 14.59 14.78 14.48 -9999 -9999 -9999 -9999 -9999 -9999 -9999 -9999 -9999 -9999 -9999 -9999 -9999 -9999 -9999 -9999 -9999 -9999 -9999 -9999 -9999 -9999 -9999 -9999 -9999 -9999 -9999 -9999 -9999 -9999 -9999 -9999 -9999 -9999 -9999 -9999 -9999 -9999 -9999 -9999 -9999
9.68 17.31 21.51 9.75 7.35 14.84 23.00 15.74 6.28 11.60 30.58 12.98 12.20 14.04 14.11 11.02 10.14 7.31 7.29 13.08 21.83 20.85 17.18 15.27 11.40 10.37 11.27 13.68 11.54 12.69 11.89 11.26 12.40 13.05 13.51 -9999 -9999 -9999 -9999 -9999 -9999 -9999 -9999 -9999 -9999 -9999 -9999 -9999 -9999 -9999 -9999 -9999 -9999 -9999 -9999 -9999 -9999 -9999 -9999 -9999 -9999 -9999 -9999 -9999 -9999 -9999 -9999 -9999 -9999 -9999 -9999 -9999 -9999 -9999 -9999 -9999 -9999
12.48 13.86 12.61 11.23 20.93 11.05 18.85 19.01 19.48 13.83 10.50 24.94 14.00 10.87 9.32 9.44 8.91 7.86 7.22 13.14 9.98 8.54 7.24 9.87 13.24 11.53 11.79 11.05 11.38 13.31 12.63 -9999 -9999 -9999 -9999 -9999 -9999 -9999 -9999 -9999 -9999 -9999 -9999 -9999 -9999 -9999 -9999 -9999 -9999 -9999 -9999 -9999 -9999 -9999 -9999 -9999 -9999 -9999 -9999 -9999 -9999 -9999 -9999 -9999 -9999 -9999 -9999 -9999 -9999 -9999 -9999 -9999 -9999 -9999 -9999 -9999 -9999
14.90 12.20 7.79 18.66 19.68 22.25 22.42 8.39 19.77 20.03 9.38 15.06 16.62 11.74 11.57 13.28 15.46 17.22 10.80 8.76 7.60 7.83 9.13 10.74 12.78 11.75 11.69 12.81 12.58 -9999 -9999 -9999 -9999 -9999 -9999 -9999 -9999 -9999 -9999 -9999 -9999 -9999 -9999 -9999 -9999 -9999 -9999 -9999 -9999 -9999 -9999 -9999 -9999 -9999 -9999 -9999 -9999 -9999 -9999 -9999 -9999 -9999 -9999 -9999 -9999 -9999 -9999 -9999 -9999 -9999 -9999 -9999 -9999 -9999 -9999 -9999 -9999
13.31 9.80 19.08 13.46 20.45 23.46 18.44 14.72 20.69 20.79 10.69 10.19 9.11 9.40 10.72 12.32 17.63 19.78 14.74 11.61 9.13 8.65 10.71 10.08 10.57 11.44 14.64 16.09 13.43 -9999 -9999 -9999 -9999 -9999 -9999 -9999 -9999 -9999 -9999 -9999 -9999 -9999 -9999 -9999 -9999 -9999 -9999 -9999 -9999 -9999 -9999 -9999 -9999 -9999 -9999 -9999 -9999 -9999 -9999 -9999 -9999 -9999 -9999 -9999 -9999 -9999 -9999 -9999 -9999 -9999 -9999 -9999 -9999 -9999 -9999 -9999 -9999
-9999 13.04 18.51 13.59 19.23 18.69 20.94 13.13 11.29 13.44 12.85 11.90 11.66 8.07 21.33 21.12 18.74 19.13 14.43 10.34 10.12 9.52 9.47 9.06 8.92 10.69 10.32 -9999 -9999 -9999 -9999 -9999 13.84 12.73 13.30 12.83 -9999 -9999 -9999 -9999 -9999 -9999 -9999 -9999 -9999 -9999 -9999 -9999 -9999 -9999 -9999 -9999 -9999 -9999 -9999 -9999 -9999 -9999 -9999 -9999 -9999 -9999 -9999 -9999 -9999 -9999 -9999 -9999 -9999 -9999 -9999 -9999 -9999 -9999 -9999 -9999 -9999
-9999 13.53 20.33 13.21 9.86 24.77 12.40 13.06 12.06 10.30 12.12 14.71 18.81 13.13 12.81 10.66 10.65 9.90 11.23 12.11 12.68 11.93 10.55 11.01 11.56 10.91 10.48 11.39 12.52 -9999 -9999 11.47 11.24 11.41 10.30 11.31 12.58 13.34 -9999 -9999 -9999 -9999 -9999 -9999 -9999 -9999 -9999 -9999 -9999 -9999 -9999 -9999 -9999 -9999 -9999 -9999 -9999 -9999 -9999 -9999 -9999 -9999 -9999 -9999 -9999 -9999 -9999 -9999 -9999 -9999 -9999 -9999 -9999 -9999 -9999 -9999 -9999
12.57 17.30 13.30 15.01 17.21 19.20 11.83 14.71 18.48 16.79 14.71 11.00 10.92 11.83 10.47 10.30 9.69 9.54 11.00 13.03 13.00 11.57 13.42 13.92 10.81 9.58 10.11 10.79 12.61 10.85 11.21 11.97 10.80 8.81 10.38 14.55 15.05 17.56 12.31 -9999 -9999 -9999 -9999 -9999 -9999 -9999 -9999 -9999 -9999 -9999 -9999 -9999 -9999 -9999 -9999 -9999 -9999 -9999 -9999 -9999 -9999 -9999 -9999 -9999 -9999 -9999 -9999 -9999 -9999 -9999 -9999 -9999 -9999 -9999 -9999 -9999 -9999
18.76 13.84 18.54 16.77 13.01 11.78 -9999 17.54 21.76 15.83 13.20 10.77 9.94 9.92 10.60 11.40 10.56 10.22 13.00 13.33 13.63 12.47 11.28 11.02 9.74 10.53 11.46 13.50 11.33 9.54 12.53 11.12 10.57 9.61 12.55 15.88 16.32 17.74 15.12 16.75 18.21 13.32 -9999 -9999 -9999 -9999 -9999 -9999 -9999 -9999 -9999 -9999 -9999 -9999 -9999 -9999 -9999 -9999 -9999 -9999 -9999 -9999 -9999 -9999 -9999 -9999 -9999 -9999 -9999 -9999 -9999 -9999 -9999 -9999 -9999 -9999 -9999
23.87 15.48 -9999 15.17 17.14 12.42 -9999 18.66 24.18 16.47 14.67 11.68 11.54 10.92 11.01 9.89 9.70 9.36 10.42 13.63 13.85 14.05 11.47 10.93 12.44 14.09 17.25 14.70 10.69 8.99 11.07 10.99 10.97 17.88 19.58 15.97 15.91 14.87 14.79 14.96 12.12 13.48 -9999 -9999 -9999 -9999 -9999 -9999 -9999 -9999 -9999 -9999 -9999 -9999 -9999 -9999 -9999 -9999 -9999 -9999 -9999 -9999 -9999 -9999 -9999 -9999 -9999 -9999 -9999 -9999 -9999 -9999 -9999 -9999 -9999 -9999 -9999
18.43 16.25 -9999 -9999 17.34 14.15 13.77 17.63 19.86 12.13 12.83 15.86 13.72 12.74 12.18 15.62 11.49 8.46 9.06 10.00 12.56 13.73 15.03 12.46 15.91 17.02 14.36 12.72 12.88 11.85 12.54 13.95 15.05 14.68 18.37 15.72 14.87 14.88 10.56 10.35 12.07 14.05 14.72 -9999 -9999 -9999 -9999 -9999 -9999 -9999 -9999 -9999 -9999 -9999 -9999 -9999 -9999 -9999 -9999 -9999 -9999 -9999 -9999 -9999 -9999 -9999 -9999 -9999 -9999 -9999 -9999 -9999 -9999 -9999 -9999 -9999 -9999
-9999 -9999 -9999 -9999 -9999 15.27 13.58 18.60 13.92 10.15 11.88 14.01 16.21 14.66 13.41 15.08 15.08 11.86 8.10 10.72 14.13 12.64 12.29 13.26 16.02 14.29 11.85 12.42 12.96 17.69 16.75 14.16 13.17 11.47 14.97 14.42 13.64 14.71 11.15 10.13 10.25 10.45 11.38 -9999 -9999 -9999 -9999 -9999 -9999 -9999 -9999 -9999 -9999 -9999 -9999 -9999 -9999 -9999 -9999 -9999 -9999 -9999 -9999 -9999 -9999 -9999 -9999 -9999 -9999 -9999 -9999 -9999 -9999 -9999 -9999 -9999 -9999
12.50 20.14 22.31 -9999 -9999 -9999 15.24 16.42 12.74 11.55 11.10 11.84 14.31 15.74 16.64 17.04 15.36 14.34 11.97 7.75 13.48 11.97 11.43 11.94 10.82 10.62 13.93 11.76 16.67 21.66 19.38 15.60 15.40 11.28 12.82 12.62 13.43 13.96 11.07 10.01 9.85 9.85 11.23 12.16 -9999 -9999 -9999 -9999 -9999 -9999 -9999 -9999 -9999 -9999 -9999 -9999 -9999 -9999 -9999 -9999 -9999 -9999 -9999 -9999 -9999 -9999 -9999 -9999 -9999 -9999 -9999 -9999 -9999 -9999 -9999 -9999 -9999
18.00 22.11 25.27 16.63 -9999 -9999 -9999 14.65 13.33 11.32 10.62 10.64 11.04 13.79 14.63 14.08 12.56 12.89 13.06 12.70 10.79 11.15 11.06 13.36 12.26 16.39 10.57 12.62 11.95 12.51 18.87 18.41 15.00 13.53 11.25 11.08 11.75 12.11 10.42 10.16 9.45 10.39 11.01 10.59 10.90 -9999 -9999 -9999 -9999 -9999 -9999 -9999 -9999 -9999 -9999 -9999 -9999 -9999 -9999 -9999 -9999 -9999 -9999 -9999 -9999 -9999 -9999 -9999 -9999 -9999 -9999 -9999 -9999 -9999 -9999 -9999 -9999
12.59 19.21 21.63 14.86 -9999 -9999 -9999 -9999 -9999 12.72 11.16 9.25 8.66 9.27 9.74 11.79 16.18 16.35 14.17 12.48 11.23 13.13 12.34 12.39 11.30 15.55 10.55 12.72 13.78 11.70 8.38 11.69 10.82 12.81 10.27 12.15 11.29 9.37 9.42 9.47 9.79 8.99 11.71 11.32 10.50 10.19 -9999 -9999 -9999 -9999 -9999 -9999 -9999 -9999 -9999 -9999 -9999 -9999 -9999 -9999 -9999 -9999 -9999 -9999 -9999 -9999 -9999 -9999 -9999 -9999 -9999 -9999 -9999 -9999 -9999 -9999 -9999
12.96 13.25 24.60 17.01 -9999 -9999 -9999 -9999 -9999 13.56 12.68 12.55 9.79 11.93 14.76 13.70 16.69 17.92 16.43 12.74 14.50 12.84 11.47 14.26 15.05 9.24 22.90 13.94 18.19 12.58 16.03 15.66 9.87 13.15 10.95 10.12 9.15 9.95 12.23 13.19 11.86 11.85 8.17 10.41 12.89 9.90 11.41 11.88 -9999 -9999 -9999 -9999 -9999 -9999 -9999 -9999 -9999 -9999 -9999 -9999 -9999 -9999 -9999 -9999 -9999 -9999 -9999 -9999 -9999 -9999 -9999 -9999 -9999 -9999 -9999 -9999 -9999
-9999 18.83 23.22 22.46 -9999 -9999 -9999 -9999 -9999 13.71 11.83 12.02 10.78 11.33 13.50 10.88 12.45 12.94 15.92 14.05 13.64 11.75 15.24 20.79 16.75 14.66 24.98 21.33 14.24 15.32 12.35 9.67 12.09 13.04 11.01 11.72 11.58 9.33 10.14 10.65 13.77 17.94 12.45 9.88 11.16 11.55 9.89 10.79 -9999 -9999 -9999 -9999 -9999 -9999 -9999 -9999 -9999 -9999 -9999 -9999 -9999 -9999 -9999 -9999 -9999 -9999 -9999 -9999 -9999 -9999 -9999 -9999 -9999 -9999 -9999 -9999 -9999
-9999 15.40 17.78 20.45 -9999 -9999 -9999 -9999 -9999 13.02 11.39 11.27 11.33 11.02 11.01 11.95 16.88 18.92 14.97 16.09 11.97 11.82 11.93 15.86 9.95 19.16 17.12 13.71 15.55 17.16 10.07 13.78 11.31 12.73 12.53 9.32 11.18 11.58 10.74 9.89 19.27 19.90 16.99 9.53 10.37 11.31 10.18 11.18 -9999 -9999 -9999 -9999 -9999 -9999 -9999 -9999 -9999 -9999 -9999 -9999 -9999 -9999 -9999 -9999 -9999 -9999 -9999 -9999 -9999 -9999 -9999 -9999 -9999 -9999 -9999 -9999 -9999
-9999 -9999 -9999 -9999 -9999 -9999 -9999 -9999 16.81 13.24 12.57 11.40 12.08 13.11 11.49 13.46 14.24 17.04 13.56 13.12 17.11 14.70 16.57 15.79 15.40 20.33 18.88 11.66 13.62 15.54 14.22 12.61 13.40 9.91 11.92 12.78 9.50 11.29 10.48 14.77 16.14 20.50 16.84 9.64 9.07 8.40 10.06 11.20 -9999 -9999 -9999 -9999 -9999 -9999 -9999 -9999 -9999 -9999 -9999 -9999 -9999 -9999 -9999 -9999 -9999 -9999 -9999 -9999 -9999 -9999 -9999 -9999 -9999 -9999 -9999 -9999 -9999
-9999 -9999 -9999 -9999 -9999 -9999 -9999 -9999 18.97 11.10 11.58 14.04 16.15 15.13 12.72 12.75 13.22 9.34 10.53 16.22 17.34 15.32 14.23 10.50 7.93 18.64 10.76 12.14 12.09 13.40 12.95 11.28 8.64 13.06 12.48 11.94 10.60 10.88 13.71 15.38 13.65 15.73 15.41 9.92 7.57 8.13 11.29 9.77 -9999 -9999 -9999 -9999 -9999 -9999 -9999 -9999 -9999 -9999 -9999 -9999 -9999 -9999 -9999 -9999 -9999 -9999 -9999 -9999 -9999 -9999 -9999 -9999 -9999 -9999 -9999 -9999 -9999
-9999 -9999 -9999 -9999 -9999 -9999 -9999 16.16 14.88 9.39 12.37 14.67 12.14 15.63 18.75 17.16 19.96 16.29 12.15 9.51 10.13 15.33 14.61 11.69 5.84 9.74 16.69 11.70 15.54 11.76 11.84 8.31 9.30 12.16 10.91 11.18 13.09 15.49 17.40 15.60 12.46 10.67 10.65 9.38 12.70 13.76 11.35 10.34 -9999 -9999 -9999 -9999 -9999 -9999 -9999 -9999 -9999 -9999 -9999 -9999 -9999 -9999 -9999 -9999 -9999 -9999 -9999 -9999 -9999 -9999 -9999 -9999 -9999 -9999 -9999 -9999 -9999
-9999 -9999 -9999 -9999 -9999 -9999 -9999 13.90 9.38 14.73 12.73 15.41 11.61 15.90 15.92 20.00 18.58 18.72 15.92 12.55 7.51 20.80 20.53 12.13 5.53 11.26 15.34 10.41 11.42 14.24 9.50 13.11 14.95 11.83 14.43 14.81 19.78 12.43 11.31 12.32 13.22 13.27 10.01 8.17 10.84 10.84 9.97 10.11 11.68 -9999 -9999 -9999 -9999 -9999 -9999 -9999 -9999 -9999 -9999 -9999 -9999 -9999 -9999 -9999 -9999 -9999 -9999 -9999 -9999 -9999 -9999 -9999 -9999 -9999 -9999 -9999 -9999
-9999 -9999 -9999 -9999 -9999 -9999 12.72 15.71 15.54 14.63 16.08 16.08 13.38 10.98 16.88 15.95 18.32 17.90 17.59 11.30 5.88 11.32 14.54 13.44 8.14 7.70 10.71 10.38 10.43 11.19 16.56 11.16 10.30 10.72 9.80 17.97 14.43 17.23 14.38 9.61 11.27 12.44 13.80 15.03 10.08 9.22 9.07 10.13 11.45 -9999 -9999 -9999 -9999 -9999 -9999 -9999 -9999 -9999 -9999 -9999 -9999 -9999 -9999 -9999 -9999 -9999 -9999 -9999 -9999 -9999 -9999 -9999 -9999 -9999 -9999 -9999 -9999
-9999 -9999 -9999 -9999 -9999 -9999 15.75 14.66 12.56 18.60 17.41 14.61 14.20 18.44 10.88 12.39 16.47 14.26 14.50 9.17 6.27 9.25 11.28 15.08 8.09 8.05 7.90 9.56 7.45 13.50 7.85 14.32 11.16 8.01 18.24 9.87 12.00 13.48 12.29 13.52 9.38 10.10 14.49 13.63 10.61 11.36 10.77 10.43 11.83 -9999 -9999 -9999 -9999 -9999 -9999 -9999 -9999 -9999 -9999 -9999 -9999 -9999 -9999 -9999 -9999 -9999 -9999 -9999 -9999 -9999 -9999 -9999 -9999 -9999 -9999 -9999 -9999
-9999 -9999 -9999 -9999 -9999 16.74 13.45 11.75 15.36 11.99 12.41 23.09 17.63 16.86 11.03 12.86 14.03 11.78 14.46 13.55 10.48 12.42 11.39 8.05 6.91 7.75 10.16 10.46 14.51 10.03 7.73 13.96 8.42 10.14 18.09 11.67 9.55 8.16 11.23 13.33 12.11 13.03 13.42 10.90 10.50 10.43 9.73 10.20 11.65 -9999 -9999 -9999 -9999 -9999 -9999 -9999 -9999 -9999 -9999 -9999 -9999 -9999 -9999 -9999 -9999 -9999 -9999 -9999 -9999 -9999 -9999 -9999 -9999 -9999 -9999 -9999 -9999
-9999 -9999 -9999 -9999 13.30 14.71 15.34 11.19 11.60 11.48 9.88 14.58 14.05 23.04 11.36 10.27 11.72 12.61 13.60 14.49 12.08 9.23 7.24 11.26 7.69 6.91 9.61 10.55 10.55 9.95 7.46 10.15 6.10 9.20 15.85 14.44 14.81 13.06 12.08 10.20 9.92 13.34 11.78 10.81 10.77 10.53 10.58 9.73 10.83 12.28 -9999 -9999 -9999 -9999 -9999 -9999 -9999 -9999 -9999 -9999 -9999 -9999 -9999 -9999 -9999 -9999 -9999 -9999 -9999 -9999 -9999 -9999 -9999 -9999 -9999 -9999 -9999
-9999 -9999 -9999 -9999 15.84 20.37 15.29 13.82 11.49 9.35 7.31 20.73 16.88 14.23 14.23 10.32 9.97 11.58 11.48 18.11 11.48 8.75 7.48 7.88 12.23 7.98 11.23 10.08 10.84 9.55 8.88 7.87 10.21 7.41 11.17 12.95 12.22 14.08 12.03 9.92 9.18 11.04 10.09 12.27 11.25 9.61 8.51 10.03 10.91 11.83 -9999 -9999 -9999 -9999 -9999 -9999 -9999 -9999 -9999 -9999 -9999 -9999 -9999 -9999 -9999 -9999 -9999 -9999 -9999 -9999 -9999 -9999 -9999 -9999 -9999 -9999 -9999
-9999 -9999 15.08 14.09 17.01 14.80 13.90 15.37 12.27 11.10 8.21 14.96 13.94 15.20 13.79 13.09 9.29 12.17 12.91 11.60 12.22 12.02 8.10 8.05 10.19 9.62 9.19 9.74 10.11 8.82 8.09 9.36 8.24 7.56 12.76 11.27 10.95 11.67 14.74 12.49 10.74 7.31 9.05 10.26 10.07 9.53 8.57 9.33 10.31 11.59 -9999 -9999 -9999 -9999 -9999 -9999 -9999 -9999 -9999 -9999 -9999 -9999 -9999 -9999 -9999 -9999 -9999 -9999 -9999 -9999 -9999 -9999 -9999 -9999 -9999 -9999 -9999
-9999 -9999 16.41 14.37 11.13 14.43 12.65 15.09 12.70 11.09 8.99 8.12 10.30 17.99 14.19 13.10 10.12 9.59 9.73 8.95 10.26 12.07 9.72 10.76 9.10 9.62 9.10 8.98 8.73 8.45 8.02 8.09 9.17 8.47 7.43 9.13 10.13 10.88 11.88 11.79 7.32 8.50 12.25 10.84 8.94 9.39 8.97 9.37 8.53 9.67 10.85 -9999 -9999 -9999 -9999 -9999 -9999 -9999 -9999 -9999 -9999 -9999 -9999 -9999 -9999 -9999 -9999 -9999 -9999 -9999 -9999 -9999 -9999 -9999 -9999 -9999 -9999
-9999 -9999 16.60 14.59 9.91 13.55 10.94 12.59 11.86 11.28 10.54 7.72 12.78 12.92 12.34 15.54 11.24 9.88 9.61 7.51 11.07 17.36 12.03 -9999 -9999 -9999 9.70 9.30 -9999 8.46 8.61 8.64 7.69 7.18 9.23 11.60 9.79 10.00 11.87 10.87 12.83 12.01 8.37 6.64 7.05 7.78 8.71 5.60 6.55 7.42 9.72 -9999 -9999 -9999 -9999 -9999 -9999 -9999 -9999 -9999 -9999 -9999 -9999 -9999 -9999 -9999 -9999 -9999 -9999 -9999 -9999 -9999 -9999 -9999 -9999 -9999 -9999
-9999 -9999 14.53 17.46 12.04 11.21 12.05 13.20 12.85 12.07 10.82 9.43 9.87 17.31 13.37 14.60 10.77 10.51 13.03 8.81 10.45 11.87 12.57 -9999 -9999 -9999 10.17 9.12 9.22 9.35 8.59 7.94 6.39 8.58 13.23 14.32 11.03 15.44 11.19 10.96 14.80 10.65 11.13 10.87 10.34 6.81 8.08 9.59 7.09 6.16 8.50 -9999 -9999 -9999 -9999 -9999 -9999 -9999 -9999 -9999 -9999 -9999 -9999 -9999 -9999 -9999 -9999 -9999 -9999 -9999 -9999 -9999 -9999 -9999 -9999 -9999 -9999
-9999 -9999 -9999 16.01 16.01 12.79 -9999 14.14 14.32 13.00 12.09 10.95 -9999 12.62 11.04 12.38 9.85 12.20 13.26 11.45 11.78 -9999 -9999 -9999 -9999 11.84 9.82 9.05 9.09 9.92 9.84 8.33 7.38 7.63 13.65 20.07 10.47 17.30 12.28 14.78 16.17 12.34 14.25 11.22 8.19 9.85 9.65 7.23 3.96 5.48 9.04 9.39 -9999 -9999 -9999 -9999 -9999 -9999 -9999 -9999 -9999 -9999 -9999 -9999 -9999 -9999 -9999 -9999 -9999 -9999 -9999 -9999 -9999 -9999 -9999 -9999 -9999
