ML/MeanWindSpeed_1992-02_Actual.txt
ncols         180
nrows         290
xllcorner     -200000
yllcorner     -200000
cellsize      5000
NODATA_value  -9999
[rows 136 to 169 of 290, columns 78 to 155 of 180]
-9999 15.61 13.64 11.31 13.25 11.94 13.43 11.98 10.91 9.32 8.71 10.36 15.15 12.86 12.20 10.37 10.08 10.10 9.55 10.51 11.72 10.31 11.11 10.31 10.73 10.56 10.64 10.65 10.51 10.17 10.12 10.53 9.77 9.13 10.21 10.76 11.29 11.92 11.81 8.95 9.60 11.88 11.00 9.77 9.99 9.69 9.92 9.39 10.38 11.61 -9999 -9999 -9999 -9999 -9999 -9999 -9999 -9999 -9999 -9999 -9999 -9999 -9999 -9999 -9999 -9999 -9999 -9999 -9999 -9999 -9999 -9999 -9999 -9999 -9999 -9999 -9999 -9999
-9999 15.62 13.73 10.51 12.72 10.97 11.93 11.45 11.08 10.45 8.67 11.99 12.03 11.63 13.66 11.04 10.25 9.94 8.42 10.81 14.95 11.94 -9999 -9999 -9999 11.10 10.92 -9999 10.55 10.59 10.52 9.68 9.02 10.22 11.65 10.50 10.66 11.76 11.20 12.37 11.83 9.56 8.49 8.77 9.26 9.87 8.02 8.57 9.20 11.00 -9999 -9999 -9999 -9999 -9999 -9999 -9999 -9999 -9999 -9999 -9999 -9999 -9999 -9999 -9999 -9999 -9999 -9999 -9999 -9999 -9999 -9999 -9999 -9999 -9999 -9999 -9999 -9999
-9999 14.34 15.68 12.02 11.48 11.91 12.57 12.18 11.54 10.76 9.79 10.41 15.16 12.49 13.08 10.61 10.55 12.06 9.51 10.76 12.03 12.70 -9999 -9999 -9999 11.37 10.69 10.88 11.04 10.55 9.97 8.57 9.51 12.36 12.92 10.93 13.63 11.03 10.98 13.33 10.83 11.18 11.06 10.80 8.81 9.79 10.80 9.27 8.71 10.38 -9999 -9999 -9999 -9999 -9999 -9999 -9999 -9999 -9999 -9999 -9999 -9999 -9999 -9999 -9999 -9999 -9999 -9999 -9999 -9999 -9999 -9999 -9999 -9999 -9999 -9999 -9999 -9999
-9999 -9999 15.02 14.77 12.72 -9999 13.50 13.39 12.27 11.58 10.96 -9999 12.68 11.52 12.00 10.13 11.72 12.60 11.75 12.20 -9999 -9999 -9999 -9999 12.40 10.86 10.35 10.59 11.23 11.16 10.01 8.83 8.53 12.27 16.16 10.26 14.46 11.42 13.03 13.95 11.70 12.98 11.24 9.51 10.82 11.01 9.61 7.55 8.50 10.80 11.04 -9999 -9999 -9999 -9999 -9999 -9999 -9999 -9999 -9999 -9999 -9999 -9999 -9999 -9999 -9999 -9999 -9999 -9999 -9999 -9999 -9999 -9999 -9999 -9999 -9999 -9999 -9999
-9999 -9999 -9999 15.31 -9999 -9999 -9999 13.38 13.43 12.19 12.29 13.14 -9999 -9999 13.21 11.57 13.99 15.09 -9999 -9999 -9999 -9999 -9999 13.29 12.15 9.99 10.33 10.57 11.33 10.94 11.31 10.68 7.88 9.70 13.05 15.05 12.23 14.02 14.83 15.02 12.67 13.18 13.32 11.97 9.90 9.92 10.04 7.46 8.43 10.70 11.84 -9999 -9999 -9999 -9999 -9999 -9999 -9999 -9999 -9999 -9999 -9999 -9999 -9999 -9999 -9999 -9999 -9999 -9999 -9999 -9999 -9999 -9999 -9999 -9999 -9999 -9999 -9999
-9999 -9999 -9999 15.22 15.14 -9999 -9999 -9999 13.31 13.81 13.56 14.03 -9999 -9999 -9999 -9999 14.05 -9999 -9999 -9999 -9999 -9999 -9999 12.01 10.94 9.97 10.90 12.56 12.74 11.58 11.48 10.36 8.53 7.99 11.23 13.52 10.67 15.70 15.11 16.15 13.17 13.29 14.54 11.95 10.29 9.67 8.23 7.16 8.35 10.23 11.14 -9999 -9999 -9999 -9999 -9999 -9999 -9999 -9999 -9999 -9999 -9999 -9999 -9999 -9999 -9999 -9999 -9999 -9999 -9999 -9999 -9999 -9999 -9999 -9999 -9999 -9999 -9999
-9999 -9999 -9999 -9999 16.29 -9999 -9999 -9999 -9999 13.71 14.69 14.57 -9999 -9999 -9999 -9999 -9999 -9999 -9999 -9999 -9999 -9999 13.00 11.66 11.40 11.28 11.52 13.42 13.32 12.44 12.17 11.17 9.99 7.52 8.43 14.70 15.81 15.67 15.22 12.75 11.79 12.23 10.71 8.78 10.81 10.87 7.99 7.52 8.63 9.64 10.20 10.63 -9999 -9999 -9999 -9999 -9999 -9999 -9999 -9999 -9999 -9999 -9999 -9999 -9999 -9999 -9999 -9999 -9999 -9999 -9999 -9999 -9999 -9999 -9999 -9999 -9999 -9999
-9999 -9999 -9999 -9999 17.32 -9999 -9999 -9999 -9999 -9999 -9999 -9999 -9999 -9999 -9999 -9999 -9999 -9999 -9999 -9999 -9999 -9999 13.27 11.40 10.10 9.17 8.32 15.41 13.73 12.81 14.20 11.55 12.01 7.03 6.30 11.92 16.63 14.09 12.59 16.38 17.97 16.39 13.96 12.44 8.54 9.07 8.85 9.63 8.82 8.58 9.32 9.98 10.50 -9999 -9999 -9999 -9999 -9999 -9999 -9999 -9999 -9999 -9999 -9999 -9999 -9999 -9999 -9999 -9999 -9999 -9999 -9999 -9999 -9999 -9999 -9999 -9999 -9999
-9999 -9999 -9999 -9999 -9999 -9999 -9999 -9999 -9999 -9999 -9999 -9999 -9999 -9999 -9999 -9999 -9999 -9999 -9999 -9999 -9999 13.77 12.54 10.68 9.55 12.47 8.02 19.79 19.49 12.37 12.89 11.99 10.80 10.35 6.60 7.25 16.04 16.27 14.71 13.41 12.42 14.57 13.87 12.57 10.44 9.27 9.03 8.64 8.27 8.53 7.89 8.04 9.19 -9999 -9999 -9999 -9999 -9999 -9999 -9999 -9999 -9999 -9999 -9999 -9999 -9999 -9999 -9999 -9999 -9999 -9999 -9999 -9999 -9999 -9999 -9999 -9999 -9999
-9999 -9999 -9999 -9999 -9999 -9999 -9999 -9999 -9999 -9999 -9999 -9999 -9999 -9999 -9999 -9999 -9999 -9999 -9999 -9999 -9999 12.61 12.75 9.74 12.07 19.48 11.94 8.59 14.39 15.32 13.05 12.82 11.76 10.90 8.95 8.13 9.66 17.94 15.97 15.19 12.93 12.58 12.48 10.53 10.01 9.84 10.37 8.67 9.12 7.92 7.49 7.06 7.68 8.87 10.08 10.76 -9999 -9999 -9999 -9999 -9999 -9999 -9999 -9999 -9999 -9999 -9999 -9999 -9999 -9999 -9999 -9999 -9999 -9999 -9999 -9999 -9999 -9999
-9999 -9999 -9999 -9999 -9999 -9999 -9999 -9999 -9999 -9999 -9999 -9999 -9999 -9999 -9999 -9999 -9999 -9999 -9999 -9999 -9999 12.31 11.41 10.66 14.36 10.93 10.52 11.68 15.38 12.23 11.49 15.22 10.31 12.24 10.62 9.95 9.02 11.90 14.62 14.76 14.01 13.24 11.03 10.83 9.96 9.20 8.68 8.68 8.32 8.13 7.06 6.55 6.66 9.93 9.14 10.77 12.26 12.63 -9999 -9999 -9999 -9999 -9999 -9999 -9999 -9999 -9999 -9999 -9999 -9999 -9999 -9999 -9999 -9999 -9999 -9999 -9999 -9999
-9999 -9999 -9999 -9999 -9999 -9999 -9999 -9999 -9999 -9999 -9999 -9999 -9999 -9999 -9999 -9999 -9999 -9999 -9999 -9999 -9999 12.16 10.69 11.07 16.22 17.66 14.01 10.53 10.87 11.45 14.67 10.54 14.02 12.22 11.52 12.09 10.98 8.88 9.89 14.29 14.09 13.17 12.07 10.96 10.25 9.84 9.34 8.59 8.58 8.05 7.20 7.32 7.21 8.26 11.25 11.17 11.87 13.51 13.81 12.51 -9999 -9999 -9999 -9999 -9999 -9999 -9999 -9999 -9999 -9999 -9999 -9999 -9999 -9999 -9999 -9999 -9999 -9999
-9999 -9999 -9999 -9999 -9999 -9999 -9999 -9999 -9999 -9999 -9999 -9999 -9999 -9999 -9999 -9999 -9999 -9999 -9999 -9999 -9999 12.74 10.34 11.38 12.67 8.97 21.31 18.08 10.10 11.97 10.12 14.25 15.19 11.69 10.57 11.49 11.39 9.09 16.26 14.89 14.52 15.18 15.37 14.26 10.75 11.51 9.81 9.13 8.86 8.55 8.27 7.95 7.11 7.82 10.48 9.78 9.82 10.78 12.44 11.46 14.37 -9999 -9999 -9999 -9999 -9999 -9999 -9999 -9999 -9999 -9999 -9999 -9999 -9999 -9999 -9999 -9999 -9999
-9999 -9999 -9999 -9999 -9999 -9999 -9999 -9999 -9999 13.63 13.78 14.07 -9999 -9999 -9999 -9999 -9999 -9999 -9999 -9999 -9999 -9999 11.55 9.39 7.98 10.52 12.96 16.29 9.91 7.16 12.06 11.49 10.85 9.83 11.64 11.76 10.42 11.33 13.59 13.69 17.25 16.04 13.77 13.00 13.39 11.57 10.00 9.32 8.85 8.70 8.00 7.61 11.52 10.31 13.35 13.99 13.06 12.01 9.74 13.02 13.82 12.99 -9999 -9999 -9999 -9999 -9999 -9999 -9999 -9999 -9999 -9999 -9999 -9999 -9999 -9999 -9999 -9999
-9999 -9999 -9999 -9999 -9999 -9999 -9999 -9999 -9999 13.02 12.67 -9999 -9999 -9999 -9999 -9999 -9999 -9999 -9999 -9999 -9999 -9999 -9999 9.46 7.00 10.79 11.41 19.31 11.63 11.72 10.78 8.47 7.59 8.25 8.15 15.96 10.11 11.33 15.99 13.26 10.58 9.94 14.20 10.46 13.17 11.09 9.70 8.95 8.62 7.93 8.29 10.76 11.77 10.70 10.09 9.61 10.87 11.93 11.66 12.38 12.52 14.82 -9999 -9999 -9999 -9999 -9999 -9999 -9999 -9999 -9999 -9999 -9999 -9999 -9999 -9999 -9999 -9999
-9999 -9999 -9999 -9999 -9999 -9999 -9999 -9999 12.23 14.98 14.53 13.73 -9999 -9999 -9999 -9999 -9999 -9999 -9999 -9999 -9999 -9999 -9999 10.02 11.59 11.91 12.48 10.71 12.31 10.62 9.90 8.52 7.95 9.80 8.26 7.30 16.00 11.77 10.93 14.58 12.64 15.49 12.59 12.94 11.33 10.63 9.84 9.42 8.40 7.61 8.79 10.33 9.65 10.42 11.04 10.47 10.93 10.76 11.22 11.73 10.57 13.77 13.14 -9999 -9999 -9999 -9999 -9999 -9999 -9999 -9999 -9999 -9999 -9999 -9999 -9999 -9999 -9999
-9999 -9999 -9999 -9999 -9999 -9999 -9999 11.06 14.53 16.13 19.59 13.88 -9999 -9999 -9999 -9999 -9999 -9999 -9999 -9999 -9999 -9999 -9999 11.62 15.46 12.21 8.51 10.28 9.79 10.75 8.92 7.91 8.80 9.66 7.10 13.32 10.83 13.94 11.18 16.03 10.76 12.20 10.44 12.48 10.82 10.83 10.56 9.06 8.64 7.78 7.82 10.88 11.48 11.23 9.98 9.98 9.55 9.50 9.90 11.69 11.97 11.88 13.18 -9999 -9999 -9999 -9999 -9999 -9999 -9999 -9999 -9999 -9999 -9999 -9999 -9999 -9999 -9999
-9999 -9999 -9999 -9999 -9999 -9999 12.95 11.71 17.81 14.97 14.77 -9999 -9999 -9999 -9999 -9999 -9999 -9999 -9999 -9999 -9999 -9999 -9999 -9999 11.56 9.15 8.88 11.15 8.91 11.22 9.37 8.63 8.27 8.34 6.72 12.87 12.91 14.02 13.68 14.89 14.68 14.65 13.66 13.04 13.01 12.33 10.02 9.34 9.00 8.45 7.93 8.50 13.05 12.07 9.56 8.98 9.01 8.60 8.74 9.05 9.47 9.43 10.74 12.63 13.71 -9999 -9999 -9999 -9999 -9999 -9999 -9999 -9999 -9999 -9999 -9999 -9999 -9999
-9999 -9999 -9999 -9999 -9999 -9999 15.22 16.25 12.34 12.82 13.66 -9999 -9999 -9999 -9999 -9999 -9999 -9999 -9999 -9999 -9999 -9999 -9999 -9999 -9999 10.18 10.79 10.07 9.34 10.75 10.07 10.01 9.32 9.41 6.97 12.94 11.94 10.82 13.52 12.78 11.77 15.96 16.06 12.67 14.15 12.77 11.97 9.82 9.24 8.91 8.35 8.25 9.23 9.83 9.24 9.27 9.17 9.07 8.79 8.79 8.85 9.15 12.17 12.77 12.82 -9999 -9999 -9999 -9999 -9999 -9999 -9999 -9999 -9999 -9999 -9999 -9999 -9999
-9999 -9999 -9999 -9999 -9999 -9999 16.01 14.33 14.77 13.94 -9999 -9999 -9999 -9999 -9999 -9999 -9999 -9999 -9999 -9999 -9999 -9999 -9999 -9999 -9999 11.69 11.48 10.86 -9999 11.17 -9999 10.59 9.63 8.92 7.59 7.60 12.43 11.17 11.90 15.46 8.50 9.69 15.39 13.62 13.17 12.84 11.50 10.07 9.57 9.36 8.80 8.54 8.63 9.57 10.71 9.73 10.24 9.24 8.67 9.69 10.85 10.55 9.98 10.12 12.18 14.38 15.30 -9999 -9999 -9999 -9999 -9999 -9999 -9999 -9999 -9999 -9999 -9999
-9999 -9999 -9999 -9999 -9999 16.24 14.85 14.31 -9999 -9999 -9999 -9999 -9999 -9999 -9999 -9999 -9999 -9999 -9999 -9999 -9999 -9999 -9999 -9999 -9999 13.12 11.95 11.06 -9999 -9999 -9999 10.34 10.91 8.14 9.13 10.15 8.32 7.80 9.63 13.84 13.46 8.54 13.00 14.80 12.27 13.37 12.22 11.01 9.16 9.21 8.92 8.80 8.80 9.05 9.50 9.53 9.78 8.62 9.53 10.71 11.42 11.70 11.50 10.71 10.96 12.53 14.19 -9999 -9999 -9999 -9999 -9999 -9999 -9999 -9999 -9999 -9999 -9999
-9999 -9999 -9999 -9999 -9999 -9999 -9999 -9999 -9999 -9999 -9999 -9999 -9999 -9999 -9999 -9999 -9999 -9999 -9999 -9999 -9999 -9999 -9999 -9999 -9999 -9999 -9999 -9999 -9999 -9999 11.08 8.93 8.67 10.65 11.79 12.30 11.79 9.87 10.18 12.91 12.62 10.57 8.66 12.23 13.80 12.22 11.42 10.58 9.71 9.39 9.51 9.05 8.92 9.01 9.04 8.87 8.21 9.28 12.29 10.94 11.54 10.74 10.79 10.04 10.98 12.31 -9999 -9999 -9999 -9999 -9999 -9999 -9999 -9999 -9999 -9999 -9999 -9999
-9999 -9999 -9999 -9999 -9999 -9999 -9999 -9999 -9999 -9999 -9999 -9999 -9999 -9999 -9999 -9999 -9999 -9999 -9999 -9999 -9999 -9999 -9999 -9999 -9999 -9999 -9999 -9999 -9999 -9999 10.33 8.43 9.65 12.67 15.29 13.88 10.90 11.84 9.25 9.56 9.06 10.70 11.08 12.13 12.62 12.18 11.06 10.60 10.20 9.51 9.68 9.19 9.22 9.30 9.35 9.04 8.22 8.88 12.94 12.39 10.75 10.32 10.07 9.93 10.94 12.59 -9999 -9999 -9999 -9999 -9999 -9999 -9999 -9999 -9999 -9999 -9999 -9999
-9999 -9999 -9999 -9999 -9999 -9999 -9999 -9999 -9999 -9999 -9999 -9999 -9999 -9999 -9999 -9999 -9999 -9999 -9999 -9999 -9999 -9999 -9999 -9999 -9999 -9999 -9999 -9999 -9999 -9999 9.53 7.78 8.12 11.22 12.52 12.00 11.06 10.96 10.25 10.55 9.43 9.46 9.94 8.47 12.51 11.11 12.16 11.00 10.76 9.64 9.46 9.63 9.61 9.66 9.55 9.36 8.83 8.57 10.68 11.77 11.09 10.38 10.23 10.00 10.79 12.19 -9999 -9999 -9999 -9999 -9999 -9999 -9999 -9999 -9999 -9999 -9999 -9999
-9999 -9999 -9999 -9999 -9999 -9999 -9999 -9999 -9999 -9999 -9999 -9999 -9999 -9999 -9999 -9999 -9999 -9999 -9999 -9999 -9999 -9999 -9999 -9999 -9999 -9999 -9999 -9999 12.60 10.86 8.79 7.48 10.03 11.93 14.68 11.56 13.02 8.76 9.93 9.88 11.29 11.83 11.23 12.88 9.39 9.74 9.87 9.87 9.60 10.56 9.81 9.82 10.10 9.80 9.71 9.67 9.25 8.97 9.23 11.21 11.06 10.47 10.18 10.06 10.35 11.41 12.84 -9999 -9999 -9999 -9999 -9999 -9999 -9999 -9999 -9999 -9999 -9999
-9999 -9999 -9999 -9999 -9999 -9999 -9999 -9999 -9999 -9999 -9999 -9999 -9999 -9999 -9999 -9999 -9999 -9999 -9999 -9999 -9999 -9999 -9999 -9999 -9999 -9999 -9999 -9999 11.77 9.94 8.76 8.06 8.44 11.32 9.40 9.33 7.73 9.49 12.54 10.41 12.35 11.75 12.75 9.46 12.86 10.66 11.72 11.27 11.41 10.52 10.32 10.02 9.82 9.78 9.81 9.70 9.54 9.17 8.96 9.72 11.24 10.83 10.19 10.11 9.93 10.51 12.08 -9999 -9999 -9999 -9999 -9999 -9999 -9999 -9999 -9999 -9999 -9999
-9999 -9999 -9999 -9999 -9999 -9999 -9999 -9999 -9999 -9999 -9999 -9999 -9999 -9999 -9999 -9999 -9999 -9999 -9999 -9999 -9999 -9999 -9999 -9999 -9999 -9999 -9999 -9999 11.70 9.75 9.02 8.55 8.72 9.26 9.81 9.01 8.24 9.91 10.22 9.67 11.52 13.81 11.53 10.97 9.52 11.21 9.54 10.17 10.81 11.22 10.53 10.29 9.80 9.75 9.83 9.76 9.62 9.40 9.05 9.34 10.76 11.62 10.52 9.98 9.79 9.82 10.93 12.48 -9999 -9999 -9999 -9999 -9999 -9999 -9999 -9999 -9999 -9999
-9999 -9999 -9999 -9999 -9999 -9999 -9999 -9999 -9999 -9999 -9999 -9999 -9999 -9999 -9999 -9999 -9999 -9999 -9999 -9999 -9999 -9999 -9999 -9999 -9999 -9999 -9999 -9999 11.38 9.83 9.32 9.25 8.99 8.88 8.92 9.78 10.89 8.55 8.42 9.65 13.77 13.74 14.74 13.18 11.15 10.91 11.38 10.03 9.43 10.53 11.08 10.21 9.79 9.79 9.65 9.69 9.68 9.67 9.38 9.40 11.06 12.30 11.23 10.64 10.32 9.79 10.00 11.40 12.86 -9999 -9999 -9999 -9999 -9999 -9999 -9999 -9999 -9999
-9999 -9999 -9999 -9999 -9999 -9999 -9999 -9999 -9999 -9999 -9999 -9999 -9999 -9999 -9999 -9999 -9999 -9999 -9999 -9999 -9999 -9999 -9999 -9999 -9999 -9999 -9999 -9999 11.39 9.66 9.20 8.97 8.61 8.22 9.14 8.99 9.88 10.20 12.00 13.46 14.14 11.91 13.70 12.23 11.90 10.48 11.75 11.12 10.24 9.68 9.64 9.90 9.70 9.70 9.69 9.75 9.74 9.88 9.94 10.04 10.48 11.53 11.41 10.89 10.71 10.48 10.14 10.31 11.86 -9999 -9999 -9999 -9999 -9999 -9999 -9999 -9999 -9999
-9999 -9999 -9999 -9999 -9999 -9999 -9999 -9999 -9999 -9999 -9999 -9999 -9999 -9999 -9999 -9999 -9999 -9999 -9999 -9999 -9999 -9999 -9999 -9999 -9999 -9999 -9999 -9999 -9999 9.70 9.26 8.82 8.13 8.52 10.45 10.64 11.21 10.03 9.88 11.87 11.78 13.62 13.07 11.19 9.65 10.23 10.21 11.30 10.31 9.94 10.43 10.14 9.54 9.65 9.53 9.63 9.59 9.72 10.00 10.30 10.50 10.41 10.76 10.98 11.06 -9999 10.75 11.06 11.96 13.60 -9999 -9999 -9999 -9999 -9999 -9999 -9999 -9999
-9999 -9999 -9999 -9999 -9999 -9999 -9999 -9999 -9999 -9999 -9999 -9999 -9999 -9999 -9999 -9999 -9999 -9999 -9999 -9999 -9999 -9999 -9999 -9999 -9999 -9999 -9999 -9999 11.15 9.65 9.21 8.52 7.81 7.82 11.66 12.37 10.46 12.88 12.45 10.65 10.66 14.92 13.67 14.23 11.64 10.05 11.82 10.35 9.64 10.13 10.13 9.70 9.71 9.30 9.25 9.28 9.45 9.39 9.53 11.00 10.42 9.87 11.14 10.59 10.80 10.81 -9999 11.79 12.57 13.89 14.90 -9999 -9999 -9999 -9999 -9999 -9999 -9999
-9999 -9999 -9999 -9999 -9999 -9999 -9999 -9999 -9999 -9999 -9999 -9999 -9999 -9999 -9999 -9999 -9999 -9999 -9999 -9999 -9999 -9999 -9999 -9999 -9999 -9999 -9999 -9999 10.85 9.36 8.99 8.51 9.69 8.67 9.76 12.59 9.78 10.12 10.39 8.48 8.64 12.63 12.92 13.34 10.66 12.50 13.21 10.95 11.61 10.55 10.69 10.22 9.64 9.04 8.93 8.97 9.04 8.98 9.00 9.33 9.84 9.05 9.34 10.08 9.83 10.66 11.09 -9999 -9999 -9999 -9999 -9999 -9999 -9999 -9999 -9999 -9999 -9999
-9999 -9999 -9999 -9999 -9999 -9999 -9999 -9999 -9999 -9999 -9999 -9999 -9999 -9999 -9999 -9999 -9999 -9999 -9999 -9999 -9999 -9999 -9999 -9999 -9999 -9999 -9999 12.55 10.22 9.10 9.73 9.40 9.48 9.04 9.88 10.07 9.63 9.41 8.85 8.53 8.83 11.42 14.36 15.25 12.01 14.53 13.95 11.58 11.56 10.28 10.36 10.25 9.43 8.78 8.90 8.85 8.82 8.97 8.86 9.15 9.41 9.24 8.99 10.38 10.10 10.13 10.43 11.54 12.70 -9999 -9999 -9999 -9999 -9999 -9999 -9999 -9999 -9999
-9999 -9999 -9999 -9999 -9999 -9999 -9999 -9999 -9999 -9999 -9999 -9999 -9999 -9999 -9999 -9999 -9999 -9999 -9999 -9999 -9999 -9999 -9999 -9999 -9999 -9999 -9999 -9999 10.45 9.24 9.13 9.58 11.24 9.31 9.02 9.00 9.44 9.70 9.09 8.64 8.27 8.52 12.52 14.68 16.28 14.14 14.56 13.42 12.18 12.01 9.64 9.35 9.81 8.77 8.68 8.60 8.63 8.91 8.86 9.08 9.53 9.25 8.70 8.86 11.17 10.32 10.00 10.36 11.14 12.29 13.63 -9999 -9999 -9999 -9999 -9999 -9999 -9999
