ML/MeanWindSpeed_1997-02_Actual.txt
ncols         180
nrows         290
xllcorner     -200000
yllcorner     -200000
cellsize      5000
NODATA_value  -9999
[rows 102 to 135 of 290, columns 77 to 153 of 180]
-9999 20.58 22.73 24.02 7.78 29.59 20.94 19.32 13.35 31.59 17.13 31.38 16.81 15.59 29.02 12.83 4.97 20.21 30.25 30.73 16.76 17.95 19.93 17.82 13.83 12.09 11.65 11.61 18.64 15.65 15.80 15.52 16.36 16.74 16.21 16.68 -9999 -9999 -9999 -9999 -9999 -9999 -9999 -9999 -9999 -9999 -9999 -9999 -9999 -9999 -9999 -9999 -9999 -9999 -9999 -9999 -9999 -9999 -9999 -9999 -9999 -9999 -9999 -9999 -9999 -9999 -9999 -9999 -9999 -9999 -9999 -9999 -9999 -9999 -9999 -9999 -9999
17.68 15.21 9.75 9.66 18.49 31.49 10.05 15.06 30.56 19.57 19.75 28.43 29.47 22.60 6.95 19.26 20.11 27.16 22.68 17.70 25.31 27.39 20.00 15.33 11.37 11.03 13.84 20.81 16.47 14.63 15.99 14.77 14.57 15.15 -9999 -9999 -9999 -9999 -9999 -9999 -9999 -9999 -9999 -9999 -9999 -9999 -9999 -9999 -9999 -9999 -9999 -9999 -9999 -9999 -9999 -9999 -9999 -9999 -9999 -9999 -9999 -9999 -9999 -9999 -9999 -9999 -9999 -9999 -9999 -9999 -9999 -9999 -9999 -9999 -9999 -9999 -9999
16.36 17.44 18.82 14.81 20.27 9.08 6.88 13.90 21.32 16.40 11.79 11.40 14.50 18.38 25.31 14.88 20.17 17.58 22.66 26.21 21.26 20.24 16.61 13.75 11.60 11.58 16.62 16.37 13.19 13.17 13.44 15.29 14.82 -9999 -9999 -9999 -9999 -9999 -9999 -9999 -9999 -9999 -9999 -9999 -9999 -9999 -9999 -9999 -9999 -9999 -9999 -9999 -9999 -9999 -9999 -9999 -9999 -9999 -9999 -9999 -9999 -9999 -9999 -9999 -9999 -9999 -9999 -9999 -9999 -9999 -9999 -9999 -9999 -9999 -9999 -9999 -9999
20.64 17.83 22.71 15.89 8.91 12.43 21.34 22.52 19.00 14.04 15.86 23.87 15.53 20.37 11.16 15.72 23.16 15.39 10.84 10.86 13.95 12.01 11.80 13.74 14.21 11.86 13.83 12.69 12.34 16.72 15.66 16.12 15.59 -9999 -9999 -9999 -9999 -9999 -9999 -9999 -9999 -9999 -9999 -9999 -9999 -9999 -9999 -9999 -9999 -9999 -9999 -9999 -9999 -9999 -9999 -9999 -9999 -9999 -9999 -9999 -9999 -9999 -9999 -9999 -9999 -9999 -9999 -9999 -9999 -9999 -9999 -9999 -9999 -9999 -9999 -9999 -9999
19.02 20.10 16.52 19.03 23.69 21.79 27.36 15.91 21.44 8.44 23.99 11.10 27.63 11.61 17.16 29.11 17.91 13.92 18.57 16.72 12.24 11.95 10.79 10.79 12.96 10.99 10.77 13.65 14.52 14.45 15.01 13.17 15.21 15.96 -9999 -9999 -9999 -9999 -9999 -9999 -9999 -9999 -9999 -9999 -9999 -9999 -9999 -9999 -9999 -9999 -9999 -9999 -9999 -9999 -9999 -9999 -9999 -9999 -9999 -9999 -9999 -9999 -9999 -9999 -9999 -9999 -9999 -9999 -9999 -9999 -9999 -9999 -9999 -9999 -9999 -9999 -9999
20.37 20.21 11.46 23.56 16.70 9.80 17.65 24.96 23.57 9.13 23.92 19.59 20.49 13.95 21.85 16.89 19.72 26.55 20.38 18.26 15.82 13.44 13.07 15.41 16.34 18.64 18.15 15.52 13.02 11.90 15.96 13.69 17.67 17.32 18.48 -9999 -9999 -9999 -9999 -9999 -9999 -9999 -9999 -9999 -9999 -9999 -9999 -9999 -9999 -9999 -9999 -9999 -9999 -9999 -9999 -9999 -9999 -9999 -9999 -9999 -9999 -9999 -9999 -9999 -9999 -9999 -9999 -9999 -9999 -9999 -9999 -9999 -9999 -9999 -9999 -9999 -9999
20.74 14.60 21.28 21.58 15.64 9.25 20.93 23.82 30.68 12.96 23.05 18.36 18.76 17.14 18.40 9.43 13.17 15.94 14.94 10.78 13.98 17.87 23.83 22.25 19.97 16.39 15.52 18.16 11.62 14.16 16.14 17.25 18.11 18.38 18.69 18.39 -9999 -9999 -9999 -9999 -9999 -9999 -9999 -9999 -9999 -9999 -9999 -9999 -9999 -9999 -9999 -9999 -9999 -9999 -9999 -9999 -9999 -9999 -9999 -9999 -9999 -9999 -9999 -9999 -9999 -9999 -9999 -9999 -9999 -9999 -9999 -9999 -9999 -9999 -9999 -9999 -9999
12.92 21.99 26.96 13.18 10.21 18.74 28.30 20.09 9.08 14.87 36.87 16.42 15.48 17.58 17.58 13.91 12.90 9.31 8.61 14.97 25.30 24.35 20.41 18.55 14.17 12.96 14.25 17.18 14.66 16.09 15.26 14.71 16.13 16.86 17.33 -9999 -9999 -9999 -9999 -9999 -9999 -9999 -9999 -9999 -9999 -9999 -9999 -9999 -9999 -9999 -9999 -9999 -9999 -9999 -9999 -9999 -9999 -9999 -9999 -9999 -9999 -9999 -9999 -9999 -9999 -9999 -9999 -9999 -9999 -9999 -9999 -9999 -9999 -9999 -9999 -9999 -9999
16.44 18.06 16.67 14.93 25.99 14.67 23.71 24.16 24.72 17.71 13.97 30.91 18.17 14.37 12.51 12.44 11.80 10.38 9.12 15.80 12.31 10.76 9.32 12.63 16.68 14.71 15.18 14.43 14.75 17.08 16.43 -9999 -9999 -9999 -9999 -9999 -9999 -9999 -9999 -9999 -9999 -9999 -9999 -9999 -9999 -9999 -9999 -9999 -9999 -9999 -9999 -9999 -9999 -9999 -9999 -9999 -9999 -9999 -9999 -9999 -9999 -9999 -9999 -9999 -9999 -9999 -9999 -9999 -9999 -9999 -9999 -9999 -9999 -9999 -9999 -9999 -9999
19.24 16.04 10.84 23.34 24.69 28.18 28.10 11.61 25.43 25.56 13.25 19.99 21.63 15.50 15.05 16.97 19.57 21.56 13.92 11.61 10.48 10.64 11.84 13.70 16.15 14.99 15.20 16.70 16.34 -9999 -9999 -9999 -9999 -9999 -9999 -9999 -9999 -9999 -9999 -9999 -9999 -9999 -9999 -9999 -9999 -9999 -9999 -9999 -9999 -9999 -9999 -9999 -9999 -9999 -9999 -9999 -9999 -9999 -9999 -9999 -9999 -9999 -9999 -9999 -9999 -9999 -9999 -9999 -9999 -9999 -9999 -9999 -9999 -9999 -9999 -9999 -9999
17.18 13.12 23.79 17.23 25.96 30.02 23.86 19.27 26.88 27.05 15.17 14.66 12.98 12.77 13.96 15.77 22.11 24.61 18.69 15.10 12.32 11.70 13.96 13.28 13.97 15.00 18.76 20.52 17.41 -9999 -9999 -9999 -9999 -9999 -9999 -9999 -9999 -9999 -9999 -9999 -9999 -9999 -9999 -9999 -9999 -9999 -9999 -9999 -9999 -9999 -9999 -9999 -9999 -9999 -9999 -9999 -9999 -9999 -9999 -9999 -9999 -9999 -9999 -9999 -9999 -9999 -9999 -9999 -9999 -9999 -9999 -9999 -9999 -9999 -9999 -9999 -9999
-9999 16.78 23.12 17.62 24.99 24.64 27.09 17.94 16.23 18.68 17.49 16.41 15.88 11.37 26.74 26.64 24.07 24.45 18.67 13.72 13.37 12.69 12.75 12.44 12.39 14.41 13.93 -9999 -9999 -9999 -9999 -9999 17.64 16.31 17.01 16.52 -9999 -9999 -9999 -9999 -9999 -9999 -9999 -9999 -9999 -9999 -9999 -9999 -9999 -9999 -9999 -9999 -9999 -9999 -9999 -9999 -9999 -9999 -9999 -9999 -9999 -9999 -9999 -9999 -9999 -9999 -9999 -9999 -9999 -9999 -9999 -9999 -9999 -9999 -9999 -9999 -9999
-9999 17.27 25.29 17.25 13.97 31.72 17.13 18.00 17.22 14.96 16.48 19.56 24.42 17.78 17.59 15.20 15.21 14.07 15.18 15.94 16.43 15.47 13.94 14.57 15.29 14.59 14.15 15.23 16.41 -9999 -9999 14.88 14.53 14.67 13.42 14.70 16.25 17.13 -9999 -9999 -9999 -9999 -9999 -9999 -9999 -9999 -9999 -9999 -9999 -9999 -9999 -9999 -9999 -9999 -9999 -9999 -9999 -9999 -9999 -9999 -9999 -9999 -9999 -9999 -9999 -9999 -9999 -9999 -9999 -9999 -9999 -9999 -9999 -9999 -9999 -9999 -9999
16.18 21.77 17.41 19.47 22.60 24.94 16.05 19.78 24.59 22.59 19.98 15.74 15.73 16.80 15.44 15.18 14.14 13.56 14.90 17.08 16.87 15.04 17.26 17.88 14.28 12.88 13.57 14.36 16.35 14.20 14.59 15.40 13.92 11.47 13.23 18.16 18.85 21.80 15.66 -9999 -9999 -9999 -9999 -9999 -9999 -9999 -9999 -9999 -9999 -9999 -9999 -9999 -9999 -9999 -9999 -9999 -9999 -9999 -9999 -9999 -9999 -9999 -9999 -9999 -9999 -9999 -9999 -9999 -9999 -9999 -9999 -9999 -9999 -9999 -9999 -9999 -9999
23.51 17.84 23.70 21.83 17.81 16.09 -9999 22.89 28.23 21.41 18.41 15.80 15.00 14.69 15.36 16.24 14.95 14.14 17.23 17.65 17.97 16.50 14.99 14.57 12.95 13.81 14.98 17.36 14.73 12.59 16.06 14.32 13.47 12.16 15.55 19.47 20.06 21.68 18.61 20.68 22.50 16.88 -9999 -9999 -9999 -9999 -9999 -9999 -9999 -9999 -9999 -9999 -9999 -9999 -9999 -9999 -9999 -9999 -9999 -9999 -9999 -9999 -9999 -9999 -9999 -9999 -9999 -9999 -9999 -9999 -9999 -9999 -9999 -9999 -9999 -9999 -9999
29.46 19.79 -9999 19.90 22.40 16.62 -9999 24.24 31.24 22.12 20.04 16.70 16.64 15.81 15.81 14.39 13.89 13.20 14.40 18.23 18.56 18.64 15.34 14.44 15.96 17.85 21.71 18.81 14.04 11.96 14.24 13.93 13.67 21.64 23.84 19.81 19.83 18.54 18.28 18.50 15.30 16.97 -9999 -9999 -9999 -9999 -9999 -9999 -9999 -9999 -9999 -9999 -9999 -9999 -9999 -9999 -9999 -9999 -9999 -9999 -9999 -9999 -9999 -9999 -9999 -9999 -9999 -9999 -9999 -9999 -9999 -9999 -9999 -9999 -9999 -9999 -9999
23.16 20.81 -9999 -9999 22.42 18.43 17.91 23.31 26.34 17.02 17.70 21.28 18.80 17.66 17.07 21.14 16.15 12.40 13.02 14.18 17.19 18.39 19.54 16.23 20.18 21.52 18.52 16.61 16.64 15.31 16.02 17.38 18.41 18.01 22.61 19.73 18.84 18.87 13.63 13.27 15.28 17.64 18.46 -9999 -9999 -9999 -9999 -9999 -9999 -9999 -9999 -9999 -9999 -9999 -9999 -9999 -9999 -9999 -9999 -9999 -9999 -9999 -9999 -9999 -9999 -9999 -9999 -9999 -9999 -9999 -9999 -9999 -9999 -9999 -9999 -9999 -9999
-9999 -9999 -9999 -9999 -9999 19.72 17.91 24.56 19.47 14.70 16.41 18.90 21.53 19.69 18.25 20.34 20.35 16.51 12.07 15.26 19.36 17.46 16.78 17.77 20.93 18.88 15.84 16.17 16.62 22.19 21.15 18.02 16.71 14.80 19.02 18.37 17.44 18.69 14.42 13.12 13.19 13.47 14.61 -9999 -9999 -9999 -9999 -9999 -9999 -9999 -9999 -9999 -9999 -9999 -9999 -9999 -9999 -9999 -9999 -9999 -9999 -9999 -9999 -9999 -9999 -9999 -9999 -9999 -9999 -9999 -9999 -9999 -9999 -9999 -9999 -9999 -9999
15.42 24.87 27.72 -9999 -9999 -9999 19.95 21.93 17.88 16.14 15.45 16.34 19.21 20.86 21.98 22.62 20.79 19.60 16.79 12.00 18.87 17.13 16.34 16.82 15.38 14.96 18.33 15.30 20.97 26.94 24.39 19.96 19.65 14.85 16.70 16.38 17.25 17.79 14.32 12.92 12.66 12.81 14.48 15.59 -9999 -9999 -9999 -9999 -9999 -9999 -9999 -9999 -9999 -9999 -9999 -9999 -9999 -9999 -9999 -9999 -9999 -9999 -9999 -9999 -9999 -9999 -9999 -9999 -9999 -9999 -9999 -9999 -9999 -9999 -9999 -9999 -9999
21.27 26.87 31.15 21.05 -9999 -9999 -9999 19.81 18.34 15.76 14.94 15.01 15.50 18.78 19.85 19.27 17.64 18.06 18.23 17.88 15.86 16.32 16.04 18.65 17.32 21.89 14.76 16.79 15.89 16.65 24.04 23.32 19.23 17.40 14.75 14.50 15.26 15.67 13.56 13.07 12.17 13.33 14.15 13.75 14.26 -9999 -9999 -9999 -9999 -9999 -9999 -9999 -9999 -9999 -9999 -9999 -9999 -9999 -9999 -9999 -9999 -9999 -9999 -9999 -9999 -9999 -9999 -9999 -9999 -9999 -9999 -9999 -9999 -9999 -9999 -9999 -9999
15.23 23.90 27.19 19.04 -9999 -9999 -9999 -9999 -9999 17.35 15.58 13.34 12.72 13.56 14.14 16.47 21.78 22.15 19.58 17.53 16.25 18.55 17.60 17.64 16.18 20.88 14.94 17.29 18.41 16.06 12.08 15.61 14.42 16.57 13.50 15.69 14.63 12.34 12.26 12.30 12.67 11.74 14.98 14.61 13.83 13.69 -9999 -9999 -9999 -9999 -9999 -9999 -9999 -9999 -9999 -9999 -9999 -9999 -9999 -9999 -9999 -9999 -9999 -9999 -9999 -9999 -9999 -9999 -9999 -9999 -9999 -9999 -9999 -9999 -9999 -9999 -9999
15.84 17.02 30.67 21.52 -9999 -9999 -9999 -9999 -9999 18.13 17.13 16.94 13.75 16.40 19.80 18.61 22.30 24.08 22.32 17.87 20.00 18.03 16.43 19.68 20.25 13.22 29.02 18.39 23.30 16.93 21.01 20.32 13.41 17.07 14.32 13.29 11.98 12.82 15.37 16.60 15.30 15.38 11.02 13.62 16.72 13.43 15.32 15.95 -9999 -9999 -9999 -9999 -9999 -9999 -9999 -9999 -9999 -9999 -9999 -9999 -9999 -9999 -9999 -9999 -9999 -9999 -9999 -9999 -9999 -9999 -9999 -9999 -9999 -9999 -9999 -9999 -9999
-9999 23.13 28.74 27.68 -9999 -9999 -9999 -9999 -9999 18.17 16.02 16.25 14.83 15.71 18.36 15.31 17.44 18.38 21.81 19.54 19.00 16.65 20.69 26.93 21.77 19.39 31.37 26.98 18.66 19.88 16.49 13.20 15.91 16.88 14.40 15.12 14.76 11.89 12.73 13.43 17.46 22.61 16.06 13.07 14.80 15.42 13.65 14.80 -9999 -9999 -9999 -9999 -9999 -9999 -9999 -9999 -9999 -9999 -9999 -9999 -9999 -9999 -9999 -9999 -9999 -9999 -9999 -9999 -9999 -9999 -9999 -9999 -9999 -9999 -9999 -9999 -9999
-9999 19.20 22.44 25.40 -9999 -9999 -9999 -9999 -9999 17.30 15.47 15.48 15.66 15.44 15.46 16.55 22.58 25.22 20.57 21.83 17.10 16.79 16.81 21.09 13.77 24.62 22.33 18.38 20.39 22.08 13.74 17.97 14.98 16.49 16.12 12.21 14.19 14.42 13.28 12.33 23.69 24.79 21.32 12.63 13.96 15.31 14.11 15.34 -9999 -9999 -9999 -9999 -9999 -9999 -9999 -9999 -9999 -9999 -9999 -9999 -9999 -9999 -9999 -9999 -9999 -9999 -9999 -9999 -9999 -9999 -9999 -9999 -9999 -9999 -9999 -9999 -9999
-9999 -9999 -9999 -9999 -9999 -9999 -9999 -9999 21.51 17.25 16.56 15.35 16.36 17.71 15.95 18.33 19.44 22.86 18.65 18.09 22.89 20.01 22.12 20.82 19.92 25.82 24.47 15.90 17.99 20.15 18.54 16.62 17.45 13.22 15.37 16.15 12.14 14.05 12.94 18.05 20.14 25.59 21.30 12.84 12.57 12.10 14.10 15.43 -9999 -9999 -9999 -9999 -9999 -9999 -9999 -9999 -9999 -9999 -9999 -9999 -9999 -9999 -9999 -9999 -9999 -9999 -9999 -9999 -9999 -9999 -9999 -9999 -9999 -9999 -9999 -9999 -9999
-9999 -9999 -9999 -9999 -9999 -9999 -9999 -9999 23.81 14.51 15.09 18.13 20.78 19.78 17.21 17.61 18.47 13.98 15.01 21.47 22.87 20.63 19.29 14.50 11.05 23.71 14.86 16.19 16.08 17.69 17.16 15.12 11.94 16.87 15.97 15.22 13.44 13.59 16.89 19.02 17.57 20.37 19.81 13.19 10.71 11.76 15.57 13.80 -9999 -9999 -9999 -9999 -9999 -9999 -9999 -9999 -9999 -9999 -9999 -9999 -9999 -9999 -9999 -9999 -9999 -9999 -9999 -9999 -9999 -9999 -9999 -9999 -9999 -9999 -9999 -9999 -9999
-9999 -9999 -9999 -9999 -9999 -9999 -9999 20.44 19.01 12.53 16.08 18.77 15.93 20.02 23.84 22.43 26.12 22.01 16.89 13.41 14.18 20.50 19.78 15.96 8.63 13.40 21.65 15.62 20.11 15.75 15.80 11.56 12.49 15.58 13.90 14.13 16.26 19.08 21.52 19.62 16.38 14.48 14.12 12.40 16.33 17.93 15.40 14.34 -9999 -9999 -9999 -9999 -9999 -9999 -9999 -9999 -9999 -9999 -9999 -9999 -9999 -9999 -9999 -9999 -9999 -9999 -9999 -9999 -9999 -9999 -9999 -9999 -9999 -9999 -9999 -9999 -9999
-9999 -9999 -9999 -9999 -9999 -9999 -9999 17.61 12.50 18.78 16.64 19.89 15.41 20.38 20.35 25.45 24.13 24.50 21.14 16.78 10.93 26.72 26.63 16.43 8.21 15.21 20.01 14.08 15.18 18.37 12.72 16.88 18.81 14.91 17.78 18.16 24.05 15.59 14.48 15.95 17.11 17.15 13.11 10.74 13.84 13.98 13.01 13.00 14.53 -9999 -9999 -9999 -9999 -9999 -9999 -9999 -9999 -9999 -9999 -9999 -9999 -9999 -9999 -9999 -9999 -9999 -9999 -9999 -9999 -9999 -9999 -9999 -9999 -9999 -9999 -9999 -9999
-9999 -9999 -9999 -9999 -9999 -9999 16.02 19.49 19.42 18.42 20.50 20.85 17.68 14.95 21.81 20.94 24.09 23.61 23.16 15.41 8.95 15.60 19.59 17.87 11.08 10.84 14.58 14.00 14.00 14.74 20.92 14.74 13.49 13.78 12.50 21.84 17.87 21.27 18.05 12.53 14.31 15.62 17.15 18.42 12.57 11.36 10.74 11.28 12.39 -9999 -9999 -9999 -9999 -9999 -9999 -9999 -9999 -9999 -9999 -9999 -9999 -9999 -9999 -9999 -9999 -9999 -9999 -9999 -9999 -9999 -9999 -9999 -9999 -9999 -9999 -9999 -9999
-9999 -9999 -9999 -9999 -9999 -9999 19.44 18.17 15.73 22.94 21.89 18.97 18.74 23.83 15.01 16.91 21.96 19.39 19.67 13.00 9.29 13.21 15.86 19.89 11.12 11.19 11.31 13.01 10.54 17.54 11.04 18.71 14.67 10.76 22.56 12.69 15.23 16.88 15.44 16.79 11.84 12.63 17.64 16.49 12.71 13.16 11.86 10.95 12.41 -9999 -9999 -9999 -9999 -9999 -9999 -9999 -9999 -9999 -9999 -9999 -9999 -9999 -9999 -9999 -9999 -9999 -9999 -9999 -9999 -9999 -9999 -9999 -9999 -9999 -9999 -9999 -9999
-9999 -9999 -9999 -9999 -9999 20.81 16.90 14.94 19.10 15.19 15.91 28.71 22.79 21.88 15.02 17.25 18.72 16.22 19.32 18.01 14.18 16.75 15.84 11.73 9.92 10.82 13.77 14.13 18.95 13.74 11.19 18.37 11.27 12.89 22.13 14.63 12.26 10.55 14.01 16.33 14.88 16.06 16.50 13.35 12.39 11.76 10.41 10.60 12.20 -9999 -9999 -9999 -9999 -9999 -9999 -9999 -9999 -9999 -9999 -9999 -9999 -9999 -9999 -9999 -9999 -9999 -9999 -9999 -9999 -9999 -9999 -9999 -9999 -9999 -9999 -9999 -9999
-9999 -9999 -9999 -9999 16.63 18.49 19.35 14.61 15.09 14.78 13.17 18.95 18.65 29.23 15.26 13.89 15.68 16.81 18.00 19.07 16.16 12.90 10.77 15.37 10.87 9.93 13.22 14.46 14.71 14.12 11.24 14.15 8.49 11.33 19.06 17.41 17.92 16.01 14.89 12.66 12.28 16.35 14.63 13.24 12.70 11.91 11.52 10.18 11.34 13.06 -9999 -9999 -9999 -9999 -9999 -9999 -9999 -9999 -9999 -9999 -9999 -9999 -9999 -9999 -9999 -9999 -9999 -9999 -9999 -9999 -9999 -9999 -9999 -9999 -9999 -9999 -9999
-9999 -9999 -9999 -9999 19.39 25.03 19.32 17.75 15.14 12.37 10.13 26.21 22.04 19.10 18.60 13.87 13.57 15.38 15.37 23.23 15.54 12.33 10.79 11.25 16.21 11.39 15.49 14.46 15.75 14.32 13.39 11.97 13.55 9.25 13.51 15.44 14.53 16.87 14.62 12.31 11.49 13.66 12.56 14.86 13.27 10.91 9.24 10.73 11.63 12.73 -9999 -9999 -9999 -9999 -9999 -9999 -9999 -9999 -9999 -9999 -9999 -9999 -9999 -9999 -9999 -9999 -9999 -9999 -9999 -9999 -9999 -9999 -9999 -9999 -9999 -9999 -9999
-9999 -9999 18.65 17.33 20.86 18.61 17.77 19.59 15.96 14.38 11.08 19.23 18.35 20.03 18.09 17.10 12.74 16.05 17.04 15.55 16.31 16.12 11.42 11.42 14.06 13.58 13.52 14.63 15.51 14.15 13.15 14.29 11.87 9.77 15.48 13.68 13.15 14.02 17.80 15.34 13.39 9.42 11.35 12.55 12.05 11.07 9.61 10.26 11.28 12.80 -9999 -9999 -9999 -9999 -9999 -9999 -9999 -9999 -9999 -9999 -9999 -9999 -9999 -9999 -9999 -9999 -9999 -9999 -9999 -9999 -9999 -9999 -9999 -9999 -9999 -9999 -9999
