ML/MeanWindSpeed_1999-05_Actual.txt
ncols         180
nrows         290
xllcorner     -200000
yllcorner     -200000
cellsize      5000
NODATA_value  -9999
[rows 210 to 244 of 290, columns 78 to 155 of 180]
12.53 12.78 11.53 13.33 13.32 -9999 -9999 -9999 -9999 -9999 -9999 -9999 9.60 9.35 10.13 9.07 8.49 8.13 9.61 11.61 13.93 13.52 11.82 10.55 10.14 9.48 12.61 12.35 8.14 6.81 10.27 10.80 11.88 8.99 8.07 7.41 6.75 7.81 8.63 8.84 9.23 8.87 8.38 7.97 7.50 7.07 6.85 6.52 6.95 6.56 6.76 7.12 7.47 7.73 7.21 7.24 7.00 5.64 4.90 6.47 7.67 7.99 7.74 6.99 6.81 7.43 7.90 7.49 6.68 6.28 7.14 6.26 6.53 7.40 6.98 7.08 7.14 6.58
-9999 12.80 -9999 -9999 -9999 -9999 -9999 -9999 -9999 -9999 12.93 11.73 11.33 12.17 11.51 9.95 8.55 8.71 8.88 11.42 13.06 12.40 8.92 8.94 12.09 11.16 11.44 9.44 7.69 7.37 9.88 10.32 10.14 8.53 7.91 7.48 6.30 9.19 9.66 8.79 8.98 8.57 8.26 7.90 7.41 7.54 6.89 6.85 6.32 6.38 6.66 7.22 7.41 7.66 7.04 8.16 8.79 6.28 6.35 5.27 7.32 7.61 7.26 8.04 7.71 7.76 8.28 7.49 6.53 6.33 6.30 6.74 7.18 6.71 7.30 7.14 6.52 6.41
-9999 -9999 -9999 -9999 -9999 -9999 -9999 -9999 -9999 -9999 13.81 13.27 11.58 12.62 12.91 -9999 -9999 9.00 11.77 8.41 10.07 9.55 9.42 10.08 11.59 9.50 9.39 9.42 8.69 9.29 9.83 9.87 9.06 8.28 8.50 7.10 7.48 9.66 8.91 8.52 8.28 8.28 8.53 8.17 7.47 7.16 6.47 6.51 6.95 7.44 7.38 8.16 7.34 6.95 7.80 9.97 8.14 7.32 6.34 5.37 7.34 7.54 7.61 7.72 7.63 7.43 7.36 8.28 6.87 6.50 6.37 6.33 6.47 6.33 6.14 7.34 6.74 7.15
-9999 -9999 -9999 -9999 -9999 -9999 -9999 -9999 -9999 -9999 -9999 -9999 -9999 -9999 -9999 -9999 -9999 10.36 9.86 9.71 9.06 8.08 8.00 8.54 9.69 9.58 9.86 9.98 10.13 10.67 10.54 -9999 8.69 8.10 7.66 7.13 7.68 9.44 8.94 8.89 8.27 7.60 7.43 7.99 7.16 7.04 7.83 7.88 7.57 8.31 9.18 8.28 8.07 7.82 8.20 9.44 8.08 7.50 6.97 6.40 6.69 7.02 7.57 7.88 7.53 7.14 7.17 7.04 6.55 6.31 6.17 6.12 6.16 6.37 6.51 6.79 6.73 7.13
-9999 -9999 -9999 -9999 -9999 -9999 -9999 -9999 -9999 -9999 -9999 -9999 -9999 -9999 -9999 -9999 -9999 -9999 10.34 9.15 8.13 8.32 9.08 8.63 8.96 9.45 10.29 -9999 -9999 -9999 -9999 9.40 8.25 7.89 7.32 7.12 7.83 9.48 8.95 9.04 8.21 7.17 7.70 7.37 8.37 7.87 9.30 8.23 8.40 8.08 8.48 8.43 7.88 8.52 7.22 7.93 7.97 6.48 6.47 6.17 6.32 6.59 6.59 6.66 6.87 6.48 6.36 6.17 5.91 5.67 6.70 6.87 5.92 5.98 6.13 6.32 6.61 7.48
-9999 -9999 -9999 -9999 -9999 -9999 -9999 -9999 -9999 -9999 -9999 -9999 -9999 -9999 -9999 -9999 -9999 -9999 -9999 9.56 10.02 8.91 8.58 10.15 10.27 10.68 -9999 -9999 -9999 -9999 9.86 9.54 9.29 6.89 6.54 6.71 8.97 9.81 9.45 8.79 7.59 7.30 7.11 8.37 9.50 8.61 8.70 8.28 8.43 8.21 7.44 7.90 7.91 7.51 7.41 7.44 6.99 6.25 6.21 6.61 7.00 7.30 6.46 6.46 6.40 6.05 6.21 5.91 5.89 5.35 5.98 5.88 5.77 6.50 5.83 6.58 6.74 7.26
-9999 -9999 -9999 -9999 -9999 -9999 -9999 -9999 -9999 -9999 -9999 -9999 -9999 -9999 -9999 -9999 -9999 -9999 -9999 -9999 9.93 9.64 9.47 11.51 10.82 11.58 -9999 -9999 -9999 9.34 7.61 7.19 8.69 8.44 7.71 6.82 8.30 8.04 9.36 8.52 6.90 7.76 8.61 8.70 8.47 9.09 8.39 7.99 7.72 7.19 7.07 7.00 7.14 7.54 7.17 6.64 6.39 6.27 6.27 6.88 6.76 6.96 6.71 6.24 6.14 5.66 5.31 5.09 5.33 5.26 5.49 5.35 5.94 6.21 6.57 6.42 5.67 7.15
-9999 -9999 -9999 -9999 -9999 -9999 -9999 -9999 -9999 -9999 -9999 -9999 -9999 -9999 -9999 -9999 -9999 -9999 -9999 -9999 -9999 -9999 -9999 -9999 -9999 -9999 -9999 -9999 11.41 8.32 6.89 6.77 8.29 6.95 7.60 8.33 8.60 8.82 8.87 7.31 6.70 6.93 7.81 7.82 8.12 8.13 8.17 7.86 7.74 8.99 7.59 7.61 7.02 7.37 7.23 6.43 6.33 5.92 6.32 7.05 6.58 6.17 6.01 5.87 5.52 5.68 5.14 5.42 5.18 6.04 6.50 6.00 4.98 7.27 7.93 6.50 5.36 7.63
-9999 -9999 -9999 -9999 -9999 -9999 -9999 -9999 -9999 -9999 -9999 -9999 -9999 -9999 -9999 -9999 -9999 -9999 -9999 -9999 -9999 -9999 -9999 -9999 -9999 -9999 -9999 -9999 9.32 8.19 7.00 11.51 10.13 7.13 7.56 8.25 8.87 9.26 7.73 7.12 6.75 6.72 7.83 7.66 7.43 8.69 8.36 9.26 8.09 8.26 9.16 7.76 7.29 7.10 6.54 6.29 6.05 5.98 6.41 6.55 6.61 6.07 5.55 5.23 4.77 5.05 6.51 5.90 6.55 7.01 7.85 6.52 5.51 6.69 7.06 5.78 4.99 5.44
-9999 -9999 -9999 -9999 -9999 -9999 -9999 -9999 -9999 -9999 -9999 -9999 -9999 -9999 -9999 -9999 -9999 -9999 -9999 -9999 -9999 -9999 -9999 -9999 -9999 -9999 -9999 -9999 9.13 6.94 5.64 7.83 11.00 10.03 9.23 8.41 9.48 7.95 7.31 6.73 8.05 8.20 8.91 8.49 7.73 7.79 7.73 8.17 8.60 8.59 7.65 7.35 7.19 7.08 6.49 6.17 6.12 6.21 6.72 6.62 6.24 5.38 5.23 5.79 6.25 5.67 6.53 6.27 6.26 6.45 7.12 8.54 8.17 6.43 6.24 6.24 6.20 6.12
-9999 -9999 -9999 -9999 -9999 -9999 -9999 -9999 -9999 -9999 -9999 10.97 11.03 8.98 12.81 12.24 12.26 12.67 14.64 8.63 13.46 9.63 -9999 -9999 -9999 -9999 -9999 -9999 8.83 7.71 7.18 6.43 7.30 8.99 10.37 9.88 8.62 7.60 7.23 7.81 8.91 8.32 7.84 7.87 7.37 7.53 8.09 7.86 7.63 7.34 7.44 6.72 7.09 7.35 7.76 6.80 6.46 7.00 6.92 6.37 6.69 5.38 4.91 6.15 7.01 5.99 5.68 6.04 6.05 5.99 5.88 6.05 5.89 5.52 5.27 4.98 4.85 4.91
-9999 -9999 -9999 -9999 -9999 -9999 -9999 -9999 -9999 -9999 -9999 12.17 11.21 10.68 8.59 10.66 12.45 12.09 12.89 13.32 11.09 9.66 8.16 9.19 11.75 10.17 9.42 8.58 8.28 7.76 7.41 7.17 6.84 7.12 9.25 9.20 8.17 7.29 9.59 8.34 7.62 8.09 8.50 7.78 7.45 8.56 8.30 8.31 7.89 7.55 6.35 6.38 6.70 6.68 6.61 7.21 7.60 6.48 6.24 5.78 5.46 6.00 5.13 8.45 7.01 6.56 6.04 5.59 5.70 5.59 6.30 6.22 5.05 6.29 5.80 6.21 5.08 5.26
-9999 -9999 -9999 -9999 -9999 -9999 -9999 -9999 -9999 -9999 11.12 9.91 9.11 8.37 7.49 9.97 12.96 12.85 12.00 11.75 11.67 10.48 8.63 8.20 9.65 11.07 8.81 8.24 7.74 7.74 8.38 7.17 7.16 8.39 8.37 7.94 7.88 9.64 8.19 9.38 8.88 8.19 7.38 7.80 7.68 8.53 8.64 8.00 8.08 6.96 6.89 6.51 6.21 6.06 7.28 7.94 6.29 5.67 5.92 7.76 6.33 5.79 5.93 6.05 6.28 6.20 5.58 5.38 5.94 6.78 5.96 5.01 4.83 6.26 5.74 5.56 5.94 5.87
-9999 -9999 -9999 -9999 -9999 -9999 -9999 -9999 -9999 -9999 -9999 9.55 8.25 7.59 9.36 9.59 10.75 13.44 12.30 10.35 9.04 10.97 12.40 10.37 8.83 9.38 10.93 9.11 7.54 7.45 7.28 7.75 7.66 7.00 7.20 7.55 8.06 8.86 7.86 9.13 8.13 8.07 8.01 8.21 7.69 8.50 8.74 8.33 6.83 6.64 6.92 5.95 5.23 4.88 5.88 7.10 6.88 5.35 5.73 6.91 6.74 6.06 5.34 5.31 5.14 5.27 6.49 6.14 5.87 6.37 7.21 6.44 5.88 6.43 6.38 5.53 6.24 5.38
-9999 -9999 -9999 -9999 -9999 -9999 -9999 12.30 -9999 -9999 10.24 9.19 9.74 7.58 9.63 8.74 8.91 9.61 10.14 10.71 9.27 11.10 12.27 10.15 9.15 8.19 8.06 7.75 7.32 7.33 7.46 8.02 6.94 6.67 7.22 8.78 7.80 8.52 7.62 8.29 7.81 8.57 9.30 8.65 7.72 7.40 7.49 7.13 6.53 7.53 6.35 5.34 6.54 4.93 5.08 6.91 7.79 4.89 5.33 6.04 5.87 5.44 5.14 5.05 5.33 5.87 6.32 5.54 5.13 5.14 5.62 5.66 5.66 6.34 5.78 5.62 5.53 5.09
-9999 -9999 -9999 -9999 -9999 -9999 11.34 12.30 12.17 11.72 9.24 8.64 10.57 8.82 8.03 8.68 8.21 9.81 10.61 11.22 9.89 10.00 10.76 9.62 8.32 7.85 7.98 8.22 8.14 7.28 7.16 7.23 6.64 6.52 8.09 8.33 7.55 7.97 8.12 9.31 8.63 8.70 9.76 8.56 8.16 7.16 7.64 7.15 7.12 6.37 5.72 4.66 5.23 4.96 4.43 5.77 5.57 4.95 4.93 5.00 5.55 5.38 5.25 4.95 4.71 4.81 4.87 5.17 5.37 5.26 4.68 5.13 5.49 6.26 6.60 6.15 5.04 5.76
-9999 -9999 -9999 -9999 -9999 -9999 10.92 11.08 10.16 10.53 9.68 9.10 8.56 10.09 9.87 9.00 10.04 10.06 10.18 11.43 10.36 10.47 10.60 8.47 8.93 10.45 10.02 8.89 7.89 7.09 7.32 7.61 7.60 6.97 8.18 7.81 8.20 7.20 6.53 8.25 9.46 8.56 8.61 8.31 7.58 7.54 8.01 7.09 6.22 6.49 6.15 4.34 4.24 4.07 4.09 5.38 6.11 6.24 7.52 5.44 5.54 4.72 4.48 4.73 4.92 4.64 4.56 4.93 5.44 5.10 4.82 4.66 5.40 5.50 5.61 5.66 5.79 4.81
-9999 -9999 -9999 -9999 -9999 -9999 11.44 10.77 10.21 10.46 9.99 9.89 9.00 9.47 9.39 8.24 9.39 9.65 10.56 11.10 10.70 8.71 7.92 7.58 9.38 9.43 9.98 10.36 8.23 7.74 7.59 6.96 7.56 6.88 7.87 7.60 7.51 7.21 6.74 8.63 8.42 8.51 8.35 8.00 7.62 7.60 8.04 7.72 6.23 5.47 5.02 5.02 3.53 3.57 3.53 4.66 5.49 5.80 6.36 5.90 6.56 7.08 4.04 7.12 5.88 4.29 4.54 7.51 7.58 7.12 4.54 4.48 4.77 4.77 5.26 4.92 5.80 6.62
-9999 -9999 -9999 -9999 -9999 -9999 10.18 10.21 10.14 9.93 9.43 9.23 8.81 8.55 9.38 8.80 9.04 9.74 9.25 9.58 9.47 9.36 7.33 8.33 10.31 9.64 10.78 10.52 8.54 8.42 8.48 7.42 7.42 7.39 7.49 7.39 7.34 7.97 8.84 7.60 8.50 8.31 8.21 7.85 7.60 7.79 8.04 7.02 6.49 5.57 5.03 4.49 4.36 3.52 4.37 5.05 6.25 6.32 5.90 5.35 5.19 5.17 4.45 6.20 6.12 6.61 6.20 6.84 7.51 7.92 4.90 5.02 4.94 5.01 5.31 6.06 6.94 7.12
-9999 -9999 -9999 -9999 -9999 -9999 9.29 9.49 9.63 9.96 10.37 9.56 8.85 8.28 8.75 9.93 9.64 9.34 8.77 9.23 8.86 8.40 8.12 7.99 8.76 8.68 10.67 9.37 7.29 9.47 8.90 7.60 9.58 8.21 8.77 9.36 8.80 8.61 9.17 8.27 7.73 8.10 7.99 7.42 7.44 7.62 8.01 7.01 6.57 6.37 5.85 4.76 4.04 3.80 3.65 4.46 7.50 7.33 6.59 6.10 6.23 6.34 6.34 6.81 7.11 7.19 -9999 -9999 7.12 7.28 6.70 6.21 5.62 8.05 6.28 -9999 -9999 -9999
-9999 -9999 -9999 -9999 -9999 10.75 9.42 9.54 8.90 9.77 9.91 10.66 9.04 9.35 9.13 9.90 9.46 8.96 8.67 8.75 8.38 7.91 7.57 8.13 9.43 10.05 9.66 8.12 10.18 10.67 8.13 7.28 8.06 7.90 9.01 9.10 8.16 8.18 8.03 7.78 8.46 8.28 8.33 7.89 7.69 8.10 8.74 8.17 7.24 6.31 5.35 4.70 -9999 -9999 4.21 5.07 7.93 8.23 7.71 7.16 7.09 -9999 -9999 -9999 -9999 -9999 -9999 -9999 -9999 -9999 -9999 6.90 7.37 8.79 7.41 -9999 -9999 -9999
-9999 -9999 -9999 -9999 11.53 10.27 9.13 9.81 8.87 8.89 8.62 8.36 7.83 10.67 11.49 10.52 9.95 9.84 10.20 9.02 8.07 7.71 7.92 8.20 11.18 12.08 11.37 10.79 12.01 9.58 9.22 8.85 9.52 10.24 8.87 7.87 8.27 7.66 7.79 7.51 7.62 7.60 8.89 9.74 9.62 9.37 9.28 9.13 7.83 -9999 4.86 4.64 3.91 3.99 4.46 -9999 -9999 -9999 -9999 7.98 -9999 -9999 -9999 -9999 -9999 -9999 -9999 -9999 -9999 -9999 -9999 -9999 -9999 -9999 -9999 -9999 -9999 -9999
-9999 -9999 -9999 11.97 11.51 11.45 10.44 9.16 8.79 8.55 7.30 6.69 8.02 12.79 14.28 10.18 9.53 12.01 9.60 10.84 8.17 7.79 10.46 9.62 9.92 10.51 10.68 -9999 -9999 -9999 -9999 -9999 9.45 10.84 10.32 8.82 8.51 8.06 7.53 7.56 7.47 8.05 9.12 -9999 -9999 -9999 -9999 -9999 8.53 7.79 6.05 4.50 3.90 5.29 5.10 -9999 -9999 -9999 -9999 -9999 -9999 -9999 -9999 -9999 -9999 -9999 -9999 -9999 -9999 -9999 -9999 -9999 -9999 -9999 -9999 -9999 -9999 -9999
-9999 -9999 8.16 9.14 11.21 11.71 10.44 10.05 9.25 7.53 7.91 7.61 9.90 12.79 14.22 12.92 12.06 10.39 11.30 9.84 9.53 9.01 10.99 11.00 -9999 -9999 -9999 -9999 -9999 -9999 -9999 -9999 -9999 9.87 10.08 8.79 9.66 10.32 10.47 8.52 10.35 10.32 10.92 -9999 -9999 -9999 -9999 -9999 -9999 -9999 5.99 5.89 4.44 4.94 -9999 -9999 -9999 -9999 -9999 -9999 -9999 -9999 -9999 -9999 -9999 -9999 -9999 -9999 -9999 -9999 -9999 -9999 -9999 -9999 -9999 -9999 -9999 -9999
10.41 10.05 8.12 8.81 10.66 12.24 12.32 10.61 8.60 8.31 8.73 8.40 10.06 13.31 11.92 12.01 12.10 12.92 7.87 10.03 12.58 10.33 -9999 -9999 -9999 -9999 -9999 -9999 -9999 -9999 -9999 -9999 -9999 -9999 -9999 10.39 -9999 -9999 -9999 -9999 9.20 11.42 11.80 -9999 -9999 -9999 -9999 -9999 -9999 -9999 -9999 6.30 7.66 6.12 -9999 -9999 -9999 -9999 -9999 -9999 -9999 -9999 -9999 -9999 -9999 -9999 -9999 -9999 -9999 -9999 -9999 -9999 -9999 -9999 -9999 -9999 -9999 -9999
10.01 9.10 7.56 8.85 10.79 11.54 12.22 10.94 9.95 10.69 8.06 6.92 8.82 12.46 12.82 11.15 10.27 11.55 8.83 8.70 9.91 -9999 -9999 -9999 -9999 -9999 -9999 -9999 -9999 -9999 -9999 -9999 -9999 -9999 -9999 11.22 -9999 -9999 -9999 -9999 -9999 -9999 -9999 -9999 -9999 -9999 -9999 -9999 -9999 -9999 -9999 -9999 -9999 -9999 -9999 -9999 -9999 -9999 -9999 -9999 -9999 -9999 -9999 -9999 -9999 -9999 -9999 -9999 -9999 -9999 -9999 -9999 -9999 -9999 -9999 -9999 -9999 -9999
11.03 9.62 7.86 9.21 10.13 10.45 11.13 10.43 10.15 11.03 7.76 6.99 8.09 11.00 15.28 15.64 9.84 9.57 8.83 9.68 11.89 -9999 -9999 -9999 -9999 -9999 -9999 -9999 -9999 -9999 -9999 -9999 -9999 -9999 -9999 -9999 -9999 -9999 -9999 -9999 -9999 -9999 -9999 -9999 -9999 -9999 -9999 -9999 -9999 -9999 -9999 -9999 -9999 -9999 -9999 -9999 -9999 -9999 -9999 -9999 -9999 -9999 -9999 -9999 -9999 -9999 -9999 -9999 -9999 -9999 -9999 -9999 -9999 -9999 -9999 -9999 -9999 -9999
9.86 11.03 10.00 10.17 10.12 11.02 10.52 10.14 9.91 8.75 8.56 7.67 7.61 10.84 13.49 13.12 10.91 8.59 8.49 11.30 10.57 -9999 -9999 -9999 -9999 -9999 -9999 -9999 -9999 -9999 -9999 -9999 -9999 -9999 -9999 -9999 -9999 -9999 -9999 -9999 -9999 -9999 -9999 -9999 -9999 -9999 -9999 -9999 -9999 -9999 -9999 -9999 -9999 -9999 -9999 -9999 -9999 -9999 -9999 -9999 -9999 -9999 -9999 -9999 -9999 -9999 -9999 -9999 -9999 -9999 -9999 -9999 -9999 -9999 -9999 -9999 -9999 -9999
10.24 12.22 11.43 11.17 9.92 10.64 10.22 12.30 11.49 9.99 9.39 9.88 8.65 9.73 11.17 10.72 9.26 8.73 9.49 10.52 10.73 -9999 -9999 -9999 -9999 -9999 -9999 -9999 -9999 -9999 -9999 -9999 -9999 -9999 -9999 -9999 -9999 -9999 -9999 -9999 -9999 -9999 -9999 -9999 -9999 -9999 -9999 -9999 -9999 -9999 -9999 -9999 -9999 -9999 -9999 -9999 -9999 -9999 -9999 -9999 -9999 -9999 -9999 -9999 -9999 -9999 -9999 -9999 -9999 -9999 -9999 -9999 -9999 -9999 -9999 -9999 -9999 -9999
9.89 10.74 10.94 10.12 11.09 12.82 12.48 11.08 11.19 11.14 10.93 10.00 10.70 10.22 9.55 9.39 9.68 10.27 10.76 10.45 11.21 -9999 -9999 -9999 -9999 -9999 -9999 -9999 -9999 -9999 -9999 -9999 -9999 -9999 -9999 -9999 -9999 -9999 -9999 -9999 -9999 -9999 -9999 -9999 -9999 -9999 -9999 -9999 -9999 -9999 -9999 -9999 -9999 -9999 -9999 -9999 -9999 -9999 -9999 -9999 -9999 -9999 -9999 -9999 -9999 -9999 -9999 -9999 -9999 -9999 -9999 -9999 -9999 -9999 -9999 -9999 -9999 -9999
10.02 11.52 11.83 -9999 -9999 -9999 -9999 -9999 -9999 -9999 -9999 -9999 11.30 11.90 10.72 9.83 9.10 10.19 10.90 10.65 -9999 -9999 -9999 -9999 -9999 -9999 -9999 -9999 -9999 -9999 -9999 -9999 -9999 -9999 -9999 -9999 -9999 -9999 -9999 -9999 -9999 -9999 -9999 -9999 -9999 -9999 -9999 -9999 -9999 -9999 -9999 -9999 -9999 -9999 -9999 -9999 -9999 -9999 -9999 -9999 -9999 -9999 -9999 -9999 -9999 -9999 -9999 -9999 -9999 -9999 -9999 -9999 -9999 -9999 -9999 -9999 -9999 -9999
11.60 11.83 12.35 -9999 -9999 -9999 -9999 -9999 -9999 -9999 -9999 -9999 -9999 -9999 -9999 10.34 9.87 10.25 10.64 -9999 -9999 -9999 -9999 -9999 -9999 -9999 -9999 -9999 -9999 -9999 -9999 -9999 -9999 -9999 -9999 -9999 -9999 -9999 -9999 -9999 -9999 -9999 -9999 -9999 -9999 -9999 -9999 -9999 -9999 -9999 -9999 -9999 -9999 -9999 -9999 -9999 -9999 -9999 -9999 -9999 -9999 -9999 -9999 -9999 -9999 -9999 -9999 -9999 -9999 -9999 -9999 -9999 -9999 -9999 -9999 -9999 -9999 -9999
11.75 -9999 -9999 -9999 -9999 -9999 -9999 -9999 -9999 -9999 -9999 -9999 -9999 -9999 -9999 11.39 12.58 13.26 12.58 -9999 -9999 -9999 -9999 -9999 -9999 -9999 -9999 -9999 -9999 -9999 -9999 -9999 -9999 -9999 -9999 -9999 -9999 -9999 -9999 -9999 -9999 -9999 -9999 -9999 -9999 -9999 -9999 -9999 -9999 -9999 -9999 -9999 -9999 -9999 -9999 -9999 -9999 -9999 -9999 -9999 -9999 -9999 -9999 -9999 -9999 -9999 -9999 -9999 -9999 -9999 -9999 -9999 -9999 -9999 -9999 -9999 -9999 -9999
-9999 -9999 -9999 -9999 -9999 -9999 -9999 -9999 -9999 -9999 -9999 -9999 -9999 -9999 -9999 -9999 -9999 -9999 -9999 -9999 -9999 -9999 -9999 -9999 -9999 -9999 -9999 -9999 -9999 -9999 -9999 -9999 -9999 -9999 -9999 -9999 -9999 -9999 -9999 -9999 -9999 -9999 -9999 -9999 -9999 -9999 -9999 -9999 -9999 -9999 -9999 -9999 -9999 -9999 -9999 -9999 -9999 -9999 -9999 -9999 -9999 -9999 -9999 -9999 -9999 -9999 -9999 -9999 -9999 -9999 -9999 -9999 -9999 -9999 -9999 -9999 -9999 -9999
-9999 -9999 -9999 -9999 -9999 -9999 -9999 -9999 -9999 -9999 -9999 -9999 -9999 -9999 -9999 -9999 -9999 -9999 -9999 -9999 -9999 -9999 -9999 -9999 -9999 -9999 -9999 -9999 -9999 -9999 -9999 -9999 -9999 -9999 -9999 -9999 -9999 -9999 -9999 -9999 -9999 -9999 -9999 -9999 -9999 -9999 -9999 -9999 -9999 -9999 -9999 -9999 -9999 -9999 -9999 -9999 -9999 -9999 -9999 -9999 -9999 -9999 -9999 -9999 -9999 -9999 -9999 -9999 -9999 -9999 -9999 -9999 -9999 -9999 -9999 -9999 -9999 -9999
