ML/MeanWindSpeed_1993-04_Actual.txt
ncols         180
nrows         290
xllcorner     -200000
yllcorner     -200000
cellsize      5000
NODATA_value  -9999
[rows 140 to 174 of 290, columns 78 to 155 of 180]
-9999 -9999 -9999 12.27 -9999 -9999 -9999 11.30 11.32 10.26 10.27 11.31 -9999 -9999 12.03 10.72 12.53 13.42 -9999 -9999 -9999 -9999 -9999 10.33 9.17 7.30 7.31 6.98 7.55 7.63 8.11 7.98 6.34 8.44 10.56 10.89 8.83 10.07 10.75 11.13 9.23 9.59 9.45 8.11 6.16 5.93 6.04 4.05 4.78 6.89 8.75 -9999 -9999 -9999 -9999 -9999 -9999 -9999 -9999 -9999 -9999 -9999 -9999 -9999 -9999 -9999 -9999 -9999 -9999 -9999 -9999 -9999 -9999 -9999 -9999 -9999 -9999 -9999
-9999 -9999 -9999 12.27 12.03 -9999 -9999 -9999 11.30 11.65 11.42 11.90 -9999 -9999 -9999 -9999 12.66 -9999 -9999 -9999 -9999 -9999 -9999 9.23 8.25 7.35 7.71 8.10 8.19 7.94 8.22 7.83 7.03 7.55 10.17 10.52 7.61 11.65 11.44 12.33 9.78 9.64 10.50 8.24 6.71 6.09 4.72 3.62 4.69 6.79 8.75 -9999 -9999 -9999 -9999 -9999 -9999 -9999 -9999 -9999 -9999 -9999 -9999 -9999 -9999 -9999 -9999 -9999 -9999 -9999 -9999 -9999 -9999 -9999 -9999 -9999 -9999 -9999
-9999 -9999 -9999 -9999 13.05 -9999 -9999 -9999 -9999 11.58 12.35 12.25 -9999 -9999 -9999 -9999 -9999 -9999 -9999 -9999 -9999 -9999 10.01 8.83 8.54 8.11 8.16 9.28 9.18 8.83 8.94 8.54 8.07 7.02 8.40 12.56 12.17 11.91 11.94 10.32 9.56 9.55 7.88 6.01 7.24 7.05 4.55 4.03 5.21 7.05 9.16 10.59 -9999 -9999 -9999 -9999 -9999 -9999 -9999 -9999 -9999 -9999 -9999 -9999 -9999 -9999 -9999 -9999 -9999 -9999 -9999 -9999 -9999 -9999 -9999 -9999 -9999 -9999
-9999 -9999 -9999 -9999 13.90 -9999 -9999 -9999 -9999 -9999 -9999 -9999 -9999 -9999 -9999 -9999 -9999 -9999 -9999 -9999 -9999 -9999 9.83 8.24 7.22 6.22 6.06 11.98 9.98 9.07 10.61 8.68 9.32 6.02 6.54 11.11 13.82 11.30 10.10 13.24 14.71 13.33 11.06 9.40 6.04 6.00 5.49 6.05 6.04 7.36 9.59 10.67 11.16 -9999 -9999 -9999 -9999 -9999 -9999 -9999 -9999 -9999 -9999 -9999 -9999 -9999 -9999 -9999 -9999 -9999 -9999 -9999 -9999 -9999 -9999 -9999 -9999 -9999
-9999 -9999 -9999 -9999 -9999 -9999 -9999 -9999 -9999 -9999 -9999 -9999 -9999 -9999 -9999 -9999 -9999 -9999 -9999 -9999 -9999 10.30 9.13 7.56 6.69 8.83 5.85 15.46 14.42 8.72 9.47 8.57 8.09 8.00 6.17 7.79 14.60 14.30 12.65 11.30 10.42 11.91 11.21 9.88 7.97 6.79 6.33 6.14 6.66 8.28 9.01 9.36 10.03 -9999 -9999 -9999 -9999 -9999 -9999 -9999 -9999 -9999 -9999 -9999 -9999 -9999 -9999 -9999 -9999 -9999 -9999 -9999 -9999 -9999 -9999 -9999 -9999 -9999
-9999 -9999 -9999 -9999 -9999 -9999 -9999 -9999 -9999 -9999 -9999 -9999 -9999 -9999 -9999 -9999 -9999 -9999 -9999 -9999 -9999 9.38 9.34 6.73 8.13 13.94 8.57 6.79 11.11 11.31 9.32 8.69 8.29 7.97 7.23 8.09 10.38 16.59 14.15 12.79 10.98 10.60 10.22 8.45 7.83 7.52 8.05 7.12 8.11 8.16 8.63 8.45 8.74 9.32 9.80 10.11 -9999 -9999 -9999 -9999 -9999 -9999 -9999 -9999 -9999 -9999 -9999 -9999 -9999 -9999 -9999 -9999 -9999 -9999 -9999 -9999 -9999 -9999
-9999 -9999 -9999 -9999 -9999 -9999 -9999 -9999 -9999 -9999 -9999 -9999 -9999 -9999 -9999 -9999 -9999 -9999 -9999 -9999 -9999 9.32 8.58 7.76 10.36 7.69 7.35 8.80 12.41 9.58 8.27 10.67 6.86 8.73 8.10 8.61 9.15 11.57 12.70 12.08 11.22 10.56 8.78 8.49 7.83 7.37 7.25 7.61 7.74 8.17 7.84 7.65 7.68 9.85 8.75 9.86 10.94 11.25 -9999 -9999 -9999 -9999 -9999 -9999 -9999 -9999 -9999 -9999 -9999 -9999 -9999 -9999 -9999 -9999 -9999 -9999 -9999 -9999
-9999 -9999 -9999 -9999 -9999 -9999 -9999 -9999 -9999 -9999 -9999 -9999 -9999 -9999 -9999 -9999 -9999 -9999 -9999 -9999 -9999 9.40 8.54 8.95 12.92 14.02 10.37 7.62 9.37 10.02 11.68 8.07 10.48 9.07 8.48 9.29 9.40 8.34 8.77 11.77 11.04 10.19 9.47 8.59 8.08 8.10 8.09 7.73 7.94 7.81 7.38 7.48 7.28 7.89 9.91 9.81 10.34 11.78 12.14 11.07 -9999 -9999 -9999 -9999 -9999 -9999 -9999 -9999 -9999 -9999 -9999 -9999 -9999 -9999 -9999 -9999 -9999 -9999
-9999 -9999 -9999 -9999 -9999 -9999 -9999 -9999 -9999 -9999 -9999 -9999 -9999 -9999 -9999 -9999 -9999 -9999 -9999 -9999 -9999 9.94 8.44 9.59 10.47 7.47 16.49 13.98 9.19 10.88 8.93 11.94 12.30 9.26 7.97 8.60 8.71 7.29 12.98 11.98 11.61 11.85 11.92 11.11 8.57 9.37 8.47 8.14 8.08 7.89 7.65 7.18 6.54 7.27 9.46 9.00 9.03 9.85 11.14 10.23 12.60 -9999 -9999 -9999 -9999 -9999 -9999 -9999 -9999 -9999 -9999 -9999 -9999 -9999 -9999 -9999 -9999 -9999
-9999 -9999 -9999 -9999 -9999 -9999 -9999 -9999 -9999 10.82 11.06 11.82 -9999 -9999 -9999 -9999 -9999 -9999 -9999 -9999 -9999 -9999 9.35 8.13 6.90 8.67 10.97 13.56 9.15 7.19 10.99 10.68 9.62 8.30 9.60 9.51 8.03 8.46 10.84 11.32 14.04 12.96 11.10 10.52 10.87 9.63 8.64 8.25 7.96 7.85 7.24 6.64 9.76 9.35 12.10 12.86 12.30 11.51 9.57 11.75 12.37 11.89 -9999 -9999 -9999 -9999 -9999 -9999 -9999 -9999 -9999 -9999 -9999 -9999 -9999 -9999 -9999 -9999
-9999 -9999 -9999 -9999 -9999 -9999 -9999 -9999 -9999 9.30 9.54 -9999 -9999 -9999 -9999 -9999 -9999 -9999 -9999 -9999 -9999 -9999 -9999 7.93 5.83 9.19 10.42 16.28 10.01 10.21 9.98 8.45 7.55 7.38 6.98 12.77 8.05 8.85 12.91 11.34 9.31 8.85 12.13 9.07 11.08 9.47 8.47 7.93 7.76 7.28 7.56 9.20 10.02 9.81 10.00 9.99 11.12 11.89 11.49 11.75 11.72 13.46 -9999 -9999 -9999 -9999 -9999 -9999 -9999 -9999 -9999 -9999 -9999 -9999 -9999 -9999 -9999 -9999
-9999 -9999 -9999 -9999 -9999 -9999 -9999 -9999 9.06 11.04 11.16 11.20 -9999 -9999 -9999 -9999 -9999 -9999 -9999 -9999 -9999 -9999 -9999 7.98 9.14 9.96 10.94 9.40 10.30 8.82 8.70 8.06 7.51 8.62 7.32 6.03 12.60 9.64 9.26 11.93 10.56 12.63 10.35 10.49 9.34 8.97 8.43 8.24 7.59 7.11 8.16 9.38 8.89 9.95 11.17 11.12 11.68 11.44 11.64 11.99 10.95 13.16 12.34 -9999 -9999 -9999 -9999 -9999 -9999 -9999 -9999 -9999 -9999 -9999 -9999 -9999 -9999 -9999
-9999 -9999 -9999 -9999 -9999 -9999 -9999 8.07 11.17 12.71 15.56 11.27 -9999 -9999 -9999 -9999 -9999 -9999 -9999 -9999 -9999 -9999 -9999 9.06 12.40 10.35 7.62 8.97 8.51 9.00 7.77 7.17 7.68 8.48 6.80 11.20 8.96 11.71 9.60 13.06 8.97 9.91 8.36 9.97 8.75 8.90 8.84 7.88 7.73 7.30 7.63 10.33 10.88 10.74 10.21 10.59 10.56 10.59 10.86 12.21 12.15 11.73 12.23 -9999 -9999 -9999 -9999 -9999 -9999 -9999 -9999 -9999 -9999 -9999 -9999 -9999 -9999 -9999
-9999 -9999 -9999 -9999 -9999 -9999 9.31 8.49 14.03 12.57 12.56 -9999 -9999 -9999 -9999 -9999 -9999 -9999 -9999 -9999 -9999 -9999 -9999 -9999 9.72 8.16 7.58 9.45 7.76 9.53 8.12 7.49 7.19 7.55 6.45 11.06 10.96 11.95 11.34 11.96 12.02 11.87 10.65 10.28 10.43 9.87 8.35 8.06 8.07 7.88 7.77 8.66 12.25 11.34 9.58 9.31 9.53 9.45 9.65 9.76 9.82 9.52 10.20 11.49 12.25 -9999 -9999 -9999 -9999 -9999 -9999 -9999 -9999 -9999 -9999 -9999 -9999 -9999
-9999 -9999 -9999 -9999 -9999 -9999 11.04 12.09 9.92 11.16 11.81 -9999 -9999 -9999 -9999 -9999 -9999 -9999 -9999 -9999 -9999 -9999 -9999 -9999 -9999 8.71 8.85 8.52 8.00 9.17 8.64 8.42 7.87 8.09 6.37 11.10 10.49 9.91 11.60 10.36 9.77 13.03 12.78 10.00 11.35 10.36 9.85 8.47 8.30 8.21 7.98 8.32 9.28 9.62 9.14 9.13 9.15 9.22 9.03 9.02 9.03 9.06 11.19 11.55 11.53 -9999 -9999 -9999 -9999 -9999 -9999 -9999 -9999 -9999 -9999 -9999 -9999 -9999
-9999 -9999 -9999 -9999 -9999 -9999 11.78 10.76 11.41 11.15 -9999 -9999 -9999 -9999 -9999 -9999 -9999 -9999 -9999 -9999 -9999 -9999 -9999 -9999 -9999 9.51 9.51 9.26 -9999 9.46 -9999 8.75 7.82 6.98 6.06 6.72 10.76 10.16 10.70 13.23 8.00 8.92 13.15 11.55 10.99 10.77 9.79 8.79 8.55 8.48 8.16 8.29 8.71 9.42 10.12 9.28 9.71 8.84 8.20 9.07 10.08 9.80 9.44 9.57 11.07 12.74 13.45 -9999 -9999 -9999 -9999 -9999 -9999 -9999 -9999 -9999 -9999 -9999
-9999 -9999 -9999 -9999 -9999 11.88 11.18 10.92 -9999 -9999 -9999 -9999 -9999 -9999 -9999 -9999 -9999 -9999 -9999 -9999 -9999 -9999 -9999 -9999 -9999 10.52 9.91 9.36 -9999 -9999 -9999 8.57 8.69 6.06 6.67 8.15 7.55 7.42 9.18 12.58 12.32 8.33 11.69 12.85 10.52 11.45 10.47 9.51 8.19 8.35 8.20 8.30 8.58 8.94 9.20 9.11 9.31 8.21 8.52 9.50 10.36 10.78 10.74 10.12 10.20 11.32 12.55 -9999 -9999 -9999 -9999 -9999 -9999 -9999 -9999 -9999 -9999 -9999
-9999 -9999 -9999 -9999 -9999 -9999 -9999 -9999 -9999 -9999 -9999 -9999 -9999 -9999 -9999 -9999 -9999 -9999 -9999 -9999 -9999 -9999 -9999 -9999 -9999 -9999 -9999 -9999 -9999 -9999 9.27 7.61 7.12 8.06 8.81 9.83 10.09 8.99 9.69 12.06 11.67 10.03 8.69 11.15 12.02 10.78 9.90 9.13 8.58 8.52 8.70 8.43 8.51 8.77 8.85 8.69 8.19 8.84 10.84 9.80 10.51 10.08 10.18 9.52 10.21 11.22 -9999 -9999 -9999 -9999 -9999 -9999 -9999 -9999 -9999 -9999 -9999 -9999
-9999 -9999 -9999 -9999 -9999 -9999 -9999 -9999 -9999 -9999 -9999 -9999 -9999 -9999 -9999 -9999 -9999 -9999 -9999 -9999 -9999 -9999 -9999 -9999 -9999 -9999 -9999 -9999 -9999 -9999 8.75 7.33 7.97 9.74 12.00 11.41 9.29 10.24 8.63 9.23 8.60 9.76 10.28 11.09 11.17 10.89 9.91 9.44 9.08 8.59 8.84 8.55 8.69 8.86 8.97 8.79 8.19 8.66 11.71 11.19 9.91 9.68 9.51 9.31 10.05 11.30 -9999 -9999 -9999 -9999 -9999 -9999 -9999 -9999 -9999 -9999 -9999 -9999
-9999 -9999 -9999 -9999 -9999 -9999 -9999 -9999 -9999 -9999 -9999 -9999 -9999 -9999 -9999 -9999 -9999 -9999 -9999 -9999 -9999 -9999 -9999 -9999 -9999 -9999 -9999 -9999 -9999 -9999 8.19 6.97 7.33 9.84 10.89 10.71 10.09 9.45 8.78 9.44 8.37 8.22 8.94 8.03 11.14 9.99 10.71 9.73 9.48 8.68 8.72 8.98 9.07 9.17 9.12 8.99 8.61 8.54 10.30 10.89 10.04 9.50 9.43 9.22 9.82 10.91 -9999 -9999 -9999 -9999 -9999 -9999 -9999 -9999 -9999 -9999 -9999 -9999
-9999 -9999 -9999 -9999 -9999 -9999 -9999 -9999 -9999 -9999 -9999 -9999 -9999 -9999 -9999 -9999 -9999 -9999 -9999 -9999 -9999 -9999 -9999 -9999 -9999 -9999 -9999 -9999 10.54 9.20 7.65 6.80 9.10 10.89 13.17 10.71 11.68 7.82 8.50 8.47 9.07 9.58 9.53 11.18 8.90 9.03 9.02 9.00 8.72 9.46 9.03 9.19 9.53 9.33 9.27 9.23 8.89 8.80 9.24 10.53 9.85 9.22 9.15 9.14 9.43 10.35 11.48 -9999 -9999 -9999 -9999 -9999 -9999 -9999 -9999 -9999 -9999 -9999
-9999 -9999 -9999 -9999 -9999 -9999 -9999 -9999 -9999 -9999 -9999 -9999 -9999 -9999 -9999 -9999 -9999 -9999 -9999 -9999 -9999 -9999 -9999 -9999 -9999 -9999 -9999 -9999 9.97 8.54 7.64 7.22 7.87 10.52 9.07 8.62 7.29 8.42 10.47 8.51 9.56 9.23 10.27 7.96 11.05 9.55 10.50 10.32 10.41 9.64 9.49 9.39 9.37 9.36 9.39 9.29 9.11 8.85 8.86 9.38 10.08 9.43 9.09 9.16 9.16 9.75 10.96 -9999 -9999 -9999 -9999 -9999 -9999 -9999 -9999 -9999 -9999 -9999
-9999 -9999 -9999 -9999 -9999 -9999 -9999 -9999 -9999 -9999 -9999 -9999 -9999 -9999 -9999 -9999 -9999 -9999 -9999 -9999 -9999 -9999 -9999 -9999 -9999 -9999 -9999 -9999 9.96 8.47 7.93 7.63 8.12 8.99 9.08 8.02 7.27 8.22 8.34 7.83 9.30 11.19 9.52 9.31 8.48 9.82 8.65 9.19 9.87 10.33 9.81 9.67 9.38 9.35 9.42 9.34 9.18 8.95 8.73 9.00 9.88 10.26 9.43 9.10 9.10 9.28 10.13 11.27 -9999 -9999 -9999 -9999 -9999 -9999 -9999 -9999 -9999 -9999
-9999 -9999 -9999 -9999 -9999 -9999 -9999 -9999 -9999 -9999 -9999 -9999 -9999 -9999 -9999 -9999 -9999 -9999 -9999 -9999 -9999 -9999 -9999 -9999 -9999 -9999 -9999 -9999 9.76 8.60 8.22 8.16 8.11 8.08 7.81 8.12 8.71 7.16 7.23 7.87 11.29 11.45 12.18 11.28 9.94 9.75 10.14 9.18 8.90 9.89 10.30 9.59 9.34 9.38 9.29 9.29 9.25 9.17 8.90 8.92 10.24 11.03 10.04 9.63 9.54 9.27 9.45 10.49 11.58 -9999 -9999 -9999 -9999 -9999 -9999 -9999 -9999 -9999
-9999 -9999 -9999 -9999 -9999 -9999 -9999 -9999 -9999 -9999 -9999 -9999 -9999 -9999 -9999 -9999 -9999 -9999 -9999 -9999 -9999 -9999 -9999 -9999 -9999 -9999 -9999 -9999 9.78 8.49 8.15 7.96 7.68 7.33 7.56 7.09 7.93 8.63 9.98 11.05 12.08 10.16 11.34 10.28 10.21 9.18 10.18 9.85 9.43 9.12 9.13 9.30 9.20 9.29 9.31 9.34 9.31 9.36 9.34 9.34 9.84 10.60 10.19 9.80 9.83 9.78 9.58 9.69 10.86 -9999 -9999 -9999 -9999 -9999 -9999 -9999 -9999 -9999
-9999 -9999 -9999 -9999 -9999 -9999 -9999 -9999 -9999 -9999 -9999 -9999 -9999 -9999 -9999 -9999 -9999 -9999 -9999 -9999 -9999 -9999 -9999 -9999 -9999 -9999 -9999 -9999 -9999 8.50 8.17 7.77 7.17 7.42 8.69 8.82 9.54 8.86 8.87 10.60 10.73 11.58 10.87 9.47 8.36 8.72 8.63 9.56 9.06 9.01 9.56 9.42 9.03 9.25 9.20 9.28 9.24 9.31 9.46 9.57 9.84 9.88 9.86 9.90 10.06 -9999 10.02 10.28 10.97 12.21 -9999 -9999 -9999 -9999 -9999 -9999 -9999 -9999
-9999 -9999 -9999 -9999 -9999 -9999 -9999 -9999 -9999 -9999 -9999 -9999 -9999 -9999 -9999 -9999 -9999 -9999 -9999 -9999 -9999 -9999 -9999 -9999 -9999 -9999 -9999 -9999 9.56 8.37 7.96 7.37 6.84 7.02 10.12 10.78 9.57 11.71 11.56 10.18 9.85 12.54 11.00 11.06 9.21 7.91 9.39 8.58 8.25 8.85 9.12 8.92 9.08 8.99 9.03 9.09 9.22 9.13 9.18 10.20 9.69 9.36 10.26 9.66 9.76 9.87 -9999 10.81 11.44 12.44 13.21 -9999 -9999 -9999 -9999 -9999 -9999 -9999
-9999 -9999 -9999 -9999 -9999 -9999 -9999 -9999 -9999 -9999 -9999 -9999 -9999 -9999 -9999 -9999 -9999 -9999 -9999 -9999 -9999 -9999 -9999 -9999 -9999 -9999 -9999 -9999 9.29 8.11 7.77 7.35 8.30 7.87 9.19 11.61 9.63 9.99 10.29 8.85 8.55 11.01 10.26 9.87 7.62 9.00 9.84 8.43 9.24 8.83 9.41 9.32 9.05 8.86 8.91 8.98 9.03 8.92 8.85 9.04 9.30 8.69 8.98 9.39 8.96 9.60 10.09 -9999 -9999 -9999 -9999 -9999 -9999 -9999 -9999 -9999 -9999 -9999
-9999 -9999 -9999 -9999 -9999 -9999 -9999 -9999 -9999 -9999 -9999 -9999 -9999 -9999 -9999 -9999 -9999 -9999 -9999 -9999 -9999 -9999 -9999 -9999 -9999 -9999 -9999 10.47 8.71 7.84 8.32 8.06 8.28 8.27 9.55 10.17 9.81 9.58 9.27 8.92 8.80 10.55 12.03 11.57 8.26 10.10 9.89 8.41 8.76 8.29 8.96 9.29 8.89 8.69 8.97 8.98 8.97 9.01 8.83 8.98 9.05 8.91 8.84 9.75 9.18 9.12 9.45 10.44 11.51 -9999 -9999 -9999 -9999 -9999 -9999 -9999 -9999 -9999
-9999 -9999 -9999 -9999 -9999 -9999 -9999 -9999 -9999 -9999 -9999 -9999 -9999 -9999 -9999 -9999 -9999 -9999 -9999 -9999 -9999 -9999 -9999 -9999 -9999 -9999 -9999 -9999 8.77 7.85 7.84 8.27 9.80 8.63 8.88 9.17 9.48 9.64 9.20 8.78 8.35 8.44 10.89 11.18 11.60 9.89 10.27 9.72 9.12 9.51 8.24 8.43 9.13 8.71 8.86 8.84 8.85 8.99 8.85 8.92 9.16 8.86 8.58 8.68 10.18 9.32 9.03 9.40 10.22 11.21 12.25 -9999 -9999 -9999 -9999 -9999 -9999 -9999
-9999 -9999 -9999 -9999 -9999 -9999 -9999 -9999 -9999 -9999 -9999 -9999 -9999 -9999 -9999 -9999 -9999 -9999 -9999 -9999 -9999 -9999 -9999 -9999 -9999 -9999 -9999 -9999 8.66 8.15 7.92 8.24 8.65 8.92 8.97 8.87 9.07 8.82 8.62 8.53 8.44 8.64 8.00 10.98 12.56 13.09 11.33 10.17 9.83 8.89 9.08 8.59 9.46 8.83 8.93 8.84 8.82 8.85 8.84 9.09 9.18 8.94 8.51 8.85 10.26 9.70 9.72 8.95 9.17 10.02 11.14 -9999 -9999 -9999 -9999 -9999 -9999 -9999
-9999 -9999 -9999 -9999 -9999 -9999 -9999 -9999 13.24 12.44 12.66 13.38 -9999 -9999 -9999 -9999 -9999 -9999 -9999 -9999 -9999 -9999 -9999 -9999 -9999 -9999 -9999 8.94 8.13 8.43 8.13 8.92 8.82 8.53 8.58 8.81 8.83 8.85 8.65 8.51 8.23 7.82 9.97 11.70 11.66 10.30 12.24 11.36 9.14 9.03 7.74 9.80 9.90 9.00 8.97 8.84 8.78 8.80 8.85 9.04 9.38 9.18 8.64 8.68 9.08 10.24 9.98 10.15 8.92 8.96 10.09 11.38 -9999 -9999 -9999 -9999 -9999 -9999
-9999 -9999 -9999 -9999 -9999 -9999 -9999 -9999 12.64 11.78 11.61 11.97 -9999 -9999 -9999 -9999 -9999 -9999 -9999 -9999 -9999 -9999 -9999 -9999 -9999 -9999 8.90 8.61 8.00 8.33 9.20 8.49 8.58 8.17 8.40 8.74 8.72 8.87 8.86 8.21 7.63 7.22 8.54 12.93 13.05 10.23 11.46 10.81 10.45 8.40 7.80 9.14 9.71 9.18 8.60 8.59 8.70 9.02 8.99 9.03 9.23 9.43 8.97 8.89 9.01 10.17 10.08 9.86 9.01 8.91 9.35 10.70 -9999 -9999 -9999 -9999 -9999 -9999
-9999 -9999 -9999 -9999 -9999 -9999 15.29 12.82 11.43 11.40 11.16 11.74 11.21 11.79 11.99 -9999 -9999 11.31 9.91 -9999 -9999 -9999 8.73 9.54 8.79 -9999 7.21 8.64 8.16 7.99 8.45 8.17 8.38 8.56 9.28 9.22 9.31 8.70 8.82 8.14 7.91 9.83 7.94 10.05 12.02 8.49 9.88 12.87 8.93 10.06 8.53 9.05 9.31 8.93 8.71 8.71 8.76 9.03 8.86 9.05 9.10 9.57 9.00 8.92 9.06 9.40 9.82 10.33 9.81 8.96 8.85 9.99 11.44 -9999 -9999 -9999 -9999 -9999
-9999 -9999 -9999 -9999 -9999 -9999 -9999 13.22 11.94 11.30 10.82 10.73 11.03 11.45 8.97 -9999 7.70 9.09 9.69 8.67 9.28 6.92 6.41 9.48 9.30 8.12 -9999 6.97 8.20 8.22 7.76 7.83 8.41 8.17 8.46 8.75 8.78 8.90 8.55 8.45 8.02 10.08 10.42 10.56 10.93 10.21 11.79 11.74 10.08 8.54 8.15 9.40 9.49 8.54 8.87 8.59 9.00 9.19 8.92 8.98 9.02 9.61 9.09 9.03 9.08 9.02 9.54 9.93 10.22 9.52 8.94 9.45 10.81 -9999 -9999 -9999 -9999 -9999
