ML/MeanWindSpeed_1998-09_Actual.txt
ncols         180
nrows         290
xllcorner     -200000
yllcorner     -200000
cellsize      5000
NODATA_value  -9999
[rows 175 to 209 of 290, columns 79 to 157 of 180]
-9999 -9999 -9999 -9999 -9999 -9999 -9999 11.75 10.82 9.91 9.26 8.99 7.77 6.97 11.74 17.46 8.75 11.06 10.74 9.84 8.28 6.21 6.34 8.05 9.44 7.58 5.82 6.23 7.19 6.81 6.97 7.92 7.10 6.67 6.31 6.45 6.54 6.44 6.65 6.65 10.61 11.14 9.09 9.14 7.56 7.01 8.02 8.15 6.69 6.53 7.45 6.90 6.52 7.14 6.80 7.60 7.15 7.10 6.95 6.88 7.97 7.23 7.16 7.31 7.24 7.66 8.06 8.21 8.49 8.87 7.91 9.44 11.27 -9999 -9999 -9999 -9999 -9999 -9999
-9999 -9999 -9999 -9999 -9999 -9999 -9999 -9999 12.47 10.24 8.80 7.50 7.36 9.13 20.19 14.15 7.12 11.51 7.67 10.19 9.77 6.90 5.27 10.33 8.14 8.45 7.18 6.06 6.31 6.54 6.04 6.84 7.28 7.04 6.74 6.41 6.59 6.41 6.29 7.89 8.71 11.66 9.55 9.97 9.19 5.80 7.61 9.29 6.99 7.03 7.41 6.76 6.74 6.98 6.87 7.76 7.17 7.10 7.38 7.30 7.93 7.83 7.47 7.43 7.43 7.60 8.02 9.05 8.24 7.73 7.82 9.11 11.01 -9999 -9999 -9999 -9999 -9999 -9999
-9999 -9999 -9999 -9999 -9999 -9999 -9999 -9999 -9999 10.55 8.43 8.42 10.10 18.47 19.87 13.77 10.62 9.90 10.10 10.96 10.89 10.58 7.23 6.13 10.32 7.87 7.19 6.88 6.20 6.24 6.33 6.37 6.90 6.71 6.46 6.66 6.72 6.59 6.77 7.71 9.21 9.92 8.13 8.33 9.73 8.06 5.75 9.33 7.30 7.19 7.49 6.77 6.84 6.80 7.26 7.85 7.38 7.30 7.47 7.23 8.42 7.95 7.70 7.69 7.67 7.95 7.84 7.87 7.65 7.58 7.92 9.51 11.23 -9999 -9999 -9999 -9999 -9999 -9999
-9999 -9999 -9999 -9999 -9999 -9999 -9999 -9999 -9999 10.06 8.92 10.94 12.82 14.47 16.68 10.40 8.11 9.79 11.50 11.46 11.88 10.31 7.72 5.32 10.43 9.86 7.86 7.50 6.25 6.12 6.41 7.15 6.93 6.85 6.78 6.51 6.46 6.81 8.39 8.37 6.79 10.47 8.36 8.84 10.21 9.94 7.84 7.03 6.78 5.91 7.03 7.55 6.74 6.70 6.65 7.26 7.22 7.61 7.56 7.45 7.84 8.41 8.18 8.21 8.00 7.96 7.77 7.54 7.53 7.99 8.94 10.41 -9999 -9999 -9999 -9999 -9999 -9999 -9999
-9999 -9999 -9999 -9999 -9999 -9999 -9999 -9999 -9999 9.28 9.35 10.53 10.50 14.65 12.82 9.51 10.31 8.41 9.24 11.38 9.95 11.94 9.55 6.10 9.57 10.37 9.88 7.41 6.78 6.08 6.79 7.73 7.52 6.99 6.69 6.51 6.83 8.04 8.30 7.05 6.91 9.17 8.83 8.61 8.48 7.82 7.70 8.21 5.63 6.44 6.63 6.42 6.76 6.45 7.28 6.78 7.22 7.62 7.70 7.94 9.50 8.86 8.48 8.30 8.23 8.07 7.87 7.71 7.83 8.87 10.23 -9999 -9999 -9999 -9999 -9999 -9999 -9999 -9999
-9999 -9999 -9999 -9999 -9999 -9999 -9999 -9999 10.10 16.21 10.02 11.02 12.72 8.93 17.20 14.68 13.03 10.96 12.57 9.66 9.86 8.55 6.89 8.09 11.21 9.86 9.58 7.30 6.50 5.97 7.29 7.50 7.20 7.05 6.62 6.66 7.81 7.67 7.23 8.03 8.80 6.83 10.36 9.59 7.08 7.58 6.99 6.39 6.32 5.69 5.70 5.93 6.77 6.45 6.15 7.61 7.24 7.58 7.93 8.32 9.55 8.86 8.49 8.46 8.21 8.10 7.79 7.69 8.54 9.85 -9999 -9999 -9999 -9999 -9999 -9999 -9999 11.38 -9999
-9999 -9999 -9999 -9999 -9999 -9999 10.41 9.93 12.83 11.19 9.11 9.52 10.68 7.37 8.90 10.70 13.17 12.11 12.83 10.73 10.30 5.46 7.44 7.63 5.80 6.50 6.52 7.51 6.92 6.49 7.37 7.63 7.61 7.09 7.14 8.09 7.46 7.93 7.19 8.31 8.73 8.26 7.33 6.63 7.93 7.39 6.88 6.81 6.65 6.41 5.38 6.17 6.07 5.62 6.07 6.80 7.26 7.72 7.80 8.31 9.41 8.78 8.31 8.37 8.08 7.92 7.66 7.96 9.04 -9999 -9999 -9999 -9999 -9999 11.34 10.91 10.41 9.76 9.73
-9999 -9999 -9999 -9999 -9999 10.28 9.93 9.82 9.99 9.66 9.30 8.47 6.94 5.78 7.48 9.29 10.65 15.90 8.84 6.43 5.91 3.54 9.00 10.38 9.94 7.42 6.84 7.69 7.65 7.42 7.73 8.20 7.77 7.56 7.53 8.04 8.25 7.12 7.14 8.41 8.31 7.79 7.23 7.23 7.51 6.54 6.88 6.05 5.98 6.42 5.92 5.55 5.24 5.59 6.63 6.78 7.19 7.66 7.96 8.28 9.60 9.04 8.35 8.12 7.90 7.76 7.60 7.90 8.79 -9999 -9999 -9999 -9999 -9999 10.21 9.44 9.07 8.59 8.45
-9999 -9999 -9999 -9999 10.85 11.23 10.38 10.22 -9999 -9999 -9999 -9999 7.45 11.41 9.85 9.85 11.13 8.77 6.38 8.22 7.27 5.97 13.71 11.93 9.91 10.60 8.47 7.20 7.84 8.04 7.73 7.82 7.73 7.50 7.87 7.35 8.37 7.25 7.16 7.47 7.75 7.82 7.53 6.62 6.65 6.55 6.37 5.98 5.70 5.47 5.43 5.45 5.74 6.36 6.66 6.93 7.80 8.51 8.71 8.68 9.32 9.05 8.80 8.04 7.84 7.65 7.44 7.53 8.25 9.62 -9999 -9999 -9999 -9999 9.27 8.49 8.20 8.15 8.09
-9999 -9999 -9999 -9999 11.98 13.02 10.30 10.82 -9999 -9999 -9999 -9999 8.01 9.86 11.29 7.08 10.38 9.08 7.92 9.79 10.67 7.82 11.05 5.79 7.36 7.96 7.69 7.18 7.53 7.96 7.88 8.05 8.45 7.61 8.02 7.62 7.60 7.99 7.12 7.25 6.63 7.27 8.00 8.18 8.00 6.69 6.09 5.91 5.77 6.07 5.62 5.97 6.54 6.97 7.88 7.69 9.51 9.73 9.96 9.19 9.36 9.09 8.76 7.99 7.88 7.67 7.39 7.30 7.45 8.34 9.19 -9999 -9999 9.64 9.03 8.46 8.50 8.15 7.87
-9999 -9999 -9999 -9999 -9999 -9999 -9999 -9999 -9999 -9999 -9999 -9999 8.74 11.37 9.39 6.54 8.04 6.12 11.19 9.69 5.40 8.13 7.67 6.60 7.62 6.59 6.59 6.56 7.84 7.86 8.18 7.97 7.58 7.49 7.39 7.16 7.31 7.74 7.17 6.87 6.91 7.11 6.90 7.58 7.76 6.24 7.19 7.89 6.82 6.69 6.41 5.89 6.89 7.89 8.96 9.03 8.89 9.52 10.22 9.75 9.85 9.27 8.86 7.99 7.93 7.76 7.53 7.32 7.07 7.32 7.92 8.73 9.03 8.65 8.56 7.81 8.49 8.49 8.44
-9999 -9999 -9999 -9999 -9999 -9999 -9999 -9999 -9999 -9999 -9999 -9999 -9999 11.46 4.41 4.81 7.55 10.78 9.05 9.59 8.62 5.22 6.30 7.62 5.24 5.62 5.56 6.26 6.93 7.61 7.82 7.87 7.58 7.27 7.09 7.28 7.14 7.54 7.35 6.89 8.45 7.75 6.65 6.58 6.65 6.80 6.69 7.53 7.68 7.11 8.01 6.79 6.82 7.65 7.58 8.22 8.69 8.94 10.13 10.11 9.71 8.92 8.82 8.04 7.98 7.81 7.57 7.42 7.34 7.35 7.36 7.73 7.94 7.90 7.77 7.79 8.62 8.56 8.29
-9999 -9999 -9999 -9999 -9999 -9999 -9999 -9999 -9999 -9999 -9999 -9999 -9999 8.23 11.35 11.97 9.77 7.85 6.34 7.76 5.58 5.69 4.69 4.54 6.91 5.49 5.65 7.60 7.41 7.47 7.50 7.12 7.16 7.62 7.42 8.31 8.09 7.66 7.23 6.79 8.26 8.80 7.55 6.66 6.38 6.71 6.77 6.78 7.14 7.70 9.53 8.51 7.16 7.06 7.63 8.78 9.94 10.24 9.92 10.34 9.72 8.76 8.29 8.05 8.03 7.89 7.79 7.64 7.55 7.55 7.56 7.64 7.70 7.84 7.82 7.69 8.35 8.41 8.94
-9999 -9999 -9999 -9999 -9999 -9999 -9999 -9999 -9999 -9999 -9999 -9999 10.71 9.86 7.26 13.56 8.34 6.15 7.67 6.89 5.49 7.99 5.37 5.26 7.89 5.28 10.71 8.19 6.75 7.11 8.37 7.25 7.04 9.40 9.13 8.41 7.32 7.55 7.38 6.99 7.46 7.83 7.53 6.89 6.69 6.60 6.62 7.00 6.89 7.89 7.85 7.62 7.44 7.37 8.16 9.19 10.24 10.42 9.61 9.62 9.01 8.46 8.21 8.06 8.02 7.99 7.92 7.80 7.67 7.65 7.66 7.58 7.62 8.07 8.06 7.84 8.06 8.45 8.08
-9999 -9999 -9999 -9999 -9999 -9999 -9999 -9999 -9999 -9999 -9999 -9999 9.59 9.72 13.41 7.60 3.78 5.49 5.59 6.79 8.95 8.82 6.48 6.26 6.72 5.60 6.68 7.68 8.89 8.85 7.41 7.58 7.47 7.75 8.31 7.31 7.09 7.63 7.48 7.72 7.89 7.43 7.57 7.27 6.91 6.68 6.49 6.63 6.79 7.49 7.79 7.58 7.04 7.58 8.77 9.98 9.58 10.20 10.08 9.27 8.41 8.91 8.23 8.37 8.12 8.10 7.91 7.84 7.76 7.65 7.60 7.59 7.59 8.28 8.10 7.73 7.85 8.41 8.37
-9999 -9999 -9999 -9999 -9999 -9999 -9999 -9999 -9999 -9999 -9999 -9999 10.44 11.84 5.62 6.72 5.65 6.57 6.57 10.53 8.80 9.97 7.41 6.61 5.32 4.95 6.05 9.19 11.01 12.04 7.96 9.29 8.01 7.97 7.89 6.67 6.91 7.25 7.49 7.79 7.24 7.27 8.31 7.64 6.86 6.72 7.56 6.44 6.90 7.22 7.17 6.95 6.96 7.68 8.29 8.84 9.04 9.10 8.53 8.35 8.61 8.76 7.89 7.86 8.07 8.02 7.92 7.76 7.58 7.58 7.56 7.56 7.61 7.84 7.71 7.88 7.81 8.31 8.46
-9999 -9999 -9999 -9999 -9999 -9999 -9999 -9999 -9999 -9999 -9999 -9999 -9999 7.76 8.49 10.01 11.51 11.82 9.41 9.51 7.67 5.06 5.14 4.81 5.92 6.40 5.98 7.56 8.14 11.03 9.21 8.13 7.64 8.68 8.43 6.72 7.53 6.83 7.05 8.87 7.27 7.08 7.03 7.19 6.58 6.47 7.78 7.36 6.87 7.34 7.09 7.01 7.42 8.14 7.88 7.96 7.80 8.51 7.90 8.81 8.78 7.97 7.75 8.21 8.09 7.77 7.67 7.53 7.49 7.52 7.53 7.57 7.59 7.65 7.72 8.00 8.09 8.27 8.64
-9999 -9999 -9999 -9999 -9999 -9999 -9999 -9999 -9999 -9999 -9999 -9999 -9999 9.10 10.01 10.64 11.77 13.45 11.86 8.90 6.59 5.24 6.82 8.75 10.41 11.92 9.12 7.12 7.77 8.95 8.72 7.10 9.47 8.57 8.58 7.43 8.09 7.16 6.90 7.42 8.43 7.99 7.37 7.02 6.66 6.49 7.40 7.35 7.11 7.18 7.58 7.85 8.08 8.43 7.83 7.69 8.78 8.86 8.83 8.55 8.72 7.93 8.13 8.51 7.66 7.46 7.42 7.37 7.45 7.46 7.47 7.54 7.62 7.75 7.82 7.90 7.97 8.11 8.50
-9999 -9999 -9999 -9999 -9999 -9999 -9999 -9999 -9999 -9999 -9999 -9999 9.81 8.07 8.85 10.63 11.20 10.04 9.65 7.92 8.93 12.86 10.32 10.45 10.32 8.50 7.71 8.41 8.85 7.54 7.23 7.91 9.29 9.05 8.56 7.34 8.25 6.92 6.97 8.16 7.54 7.88 7.92 7.43 7.19 6.83 7.47 7.44 6.92 7.19 7.27 7.28 8.00 7.70 8.62 8.22 8.79 8.15 8.38 8.46 7.74 7.59 8.26 8.12 7.33 7.25 7.49 7.33 7.47 7.51 7.63 7.64 7.65 7.76 7.79 8.27 8.71 8.88 8.34
-9999 -9999 -9999 -9999 -9999 -9999 -9999 -9999 -9999 -9999 -9999 -9999 11.40 9.37 8.25 8.06 9.34 12.34 11.89 10.77 9.40 9.87 11.08 11.95 11.71 8.26 10.07 11.14 7.74 9.69 6.66 7.49 8.84 10.29 7.54 7.96 6.87 6.42 6.84 7.43 9.67 8.26 8.25 7.84 7.52 7.32 7.41 7.20 6.86 7.01 6.98 7.00 7.03 8.11 8.57 8.58 9.00 8.08 7.62 7.59 7.19 7.49 7.88 7.66 7.36 7.70 7.52 7.81 7.54 7.59 7.83 7.90 7.72 7.73 7.76 7.97 8.83 8.98 9.06
-9999 -9999 -9999 -9999 -9999 -9999 -9999 -9999 -9999 -9999 -9999 -9999 10.07 8.87 6.12 7.09 9.16 12.65 11.02 11.34 9.21 10.73 10.18 8.80 9.36 9.96 9.76 8.56 7.52 7.99 10.37 7.34 7.15 7.35 7.51 8.75 7.54 6.36 6.72 7.33 7.64 7.55 8.37 8.00 7.62 7.63 7.01 6.61 7.07 7.26 7.35 6.89 7.41 8.45 8.48 7.76 7.85 8.44 7.52 7.65 6.75 7.48 7.58 7.01 7.10 7.38 6.99 7.29 7.34 7.49 7.66 7.64 7.63 7.70 7.75 8.23 7.99 8.42 8.72
-9999 -9999 -9999 -9999 -9999 -9999 -9999 -9999 -9999 -9999 -9999 9.91 10.24 11.48 8.92 6.88 9.87 10.69 12.43 12.43 8.10 8.49 7.88 8.94 10.05 8.59 8.49 10.15 8.92 8.26 7.97 7.14 6.41 6.64 7.60 7.56 7.33 7.11 6.71 6.54 7.15 7.50 7.05 7.49 7.22 7.70 7.00 6.90 6.99 6.69 6.60 6.84 7.84 7.74 7.79 7.27 7.88 7.89 7.49 6.72 7.32 7.33 7.35 7.57 7.33 7.05 7.04 7.03 7.28 7.47 7.47 7.49 7.46 7.49 7.72 8.15 8.23 8.42 8.73
-9999 -9999 -9999 -9999 -9999 -9999 -9999 -9999 -9999 -9999 11.00 10.51 10.58 8.67 7.03 9.49 12.07 12.39 10.66 12.10 8.86 9.98 8.69 7.98 13.04 9.09 9.72 8.08 8.38 7.30 7.20 7.52 8.35 7.39 8.96 7.43 7.82 6.75 6.52 6.68 6.91 7.20 6.96 7.12 7.38 7.49 6.41 6.91 6.83 6.95 7.04 7.25 7.73 7.11 7.77 7.38 7.50 6.78 6.66 7.54 7.77 7.31 7.45 7.41 6.83 7.31 7.43 7.49 7.55 7.40 7.30 7.22 7.48 7.58 8.27 8.59 8.84 8.94 8.38
-9999 -9999 -9999 -9999 -9999 -9999 -9999 -9999 12.12 10.65 9.47 7.72 7.20 7.52 7.80 10.64 11.64 12.74 13.88 12.12 10.18 7.04 9.54 8.74 11.73 9.36 8.66 8.75 7.59 7.37 6.70 7.68 9.16 8.47 8.41 6.58 6.86 6.81 6.79 7.35 7.02 7.33 6.76 6.87 7.08 6.53 6.45 6.71 7.42 7.24 7.90 8.33 7.82 7.37 6.97 6.80 7.37 7.66 7.33 7.54 6.76 7.39 7.50 7.02 6.55 6.75 7.61 7.60 7.72 7.15 7.05 7.03 7.35 8.29 8.74 8.62 9.36 9.19 8.87
-9999 -9999 -9999 -9999 11.98 11.16 10.07 12.63 12.34 11.99 11.59 9.03 8.20 7.72 11.89 10.46 12.10 12.06 11.58 8.84 7.89 6.60 8.16 7.90 13.09 11.55 9.59 7.78 8.20 7.74 9.20 6.92 8.38 8.58 8.09 7.41 6.77 6.52 7.35 6.94 6.45 7.54 6.68 6.64 6.26 6.53 7.04 7.46 6.77 7.55 7.23 7.51 8.20 8.03 7.74 7.48 7.83 7.74 7.33 6.91 7.50 6.69 6.64 6.62 6.51 7.21 7.48 7.61 7.16 6.81 7.01 7.34 8.32 8.52 8.24 8.94 8.33 8.66 8.95
-9999 -9999 -9999 12.83 10.70 11.07 10.35 9.65 10.89 10.09 10.34 8.40 7.29 10.43 10.96 11.34 8.39 12.74 9.34 7.24 11.66 9.18 6.46 12.38 10.50 9.26 5.93 6.31 7.23 9.98 7.51 6.98 6.91 7.10 8.51 8.08 7.94 6.88 7.06 6.56 6.44 7.20 6.78 6.33 6.33 6.74 7.36 7.10 8.58 7.14 6.89 7.20 7.84 7.34 7.26 6.91 6.99 7.38 7.12 7.54 6.99 6.52 6.58 6.90 6.60 6.88 6.97 6.59 6.55 6.66 6.92 7.29 7.79 8.55 8.60 8.71 8.42 8.37 8.45
-9999 -9999 12.40 11.66 8.91 8.42 8.55 9.24 8.67 9.16 8.41 8.87 12.57 10.11 8.73 11.80 6.94 9.19 9.12 11.95 11.30 11.86 9.78 9.42 7.96 5.31 9.56 9.70 6.93 7.41 7.04 6.82 7.23 6.78 7.01 8.35 8.60 6.73 6.49 6.47 6.85 6.39 5.95 6.18 8.41 6.95 6.82 7.24 7.85 7.36 6.93 7.37 7.78 7.67 8.01 7.45 6.71 6.59 6.58 7.33 7.01 6.55 7.24 7.16 6.71 6.83 6.70 6.58 6.87 7.03 7.16 7.54 7.74 8.51 8.10 8.03 8.33 8.01 8.14
11.09 12.30 9.97 9.52 9.90 9.00 8.52 10.26 9.27 9.34 9.28 11.60 11.07 9.44 10.12 9.59 7.80 7.60 10.75 11.24 9.70 9.71 11.24 8.57 5.58 9.77 11.16 9.13 9.30 7.15 7.48 6.93 7.22 8.90 7.10 8.86 7.36 6.60 6.39 6.57 7.89 5.86 6.13 9.42 7.22 6.92 6.90 7.35 8.05 6.96 7.09 7.32 7.02 7.43 7.38 6.89 6.50 6.75 6.46 6.76 7.04 7.05 6.69 6.44 6.39 6.47 6.93 8.17 7.61 8.29 7.80 7.03 8.27 8.39 8.71 8.52 8.32 8.38 8.08
9.82 12.06 14.50 13.19 12.61 9.93 10.83 12.23 11.10 10.63 12.35 10.58 9.79 11.67 8.86 6.69 7.37 7.59 10.05 9.81 9.20 8.58 8.47 7.45 8.75 16.30 12.46 9.44 7.55 8.04 7.54 8.95 7.49 7.85 6.99 6.93 6.89 6.93 6.46 6.21 6.22 5.88 8.73 9.14 8.36 7.25 6.95 9.03 7.67 7.08 7.28 6.86 7.42 7.29 6.98 6.27 7.10 6.75 6.24 7.59 7.36 6.43 6.25 6.29 6.33 6.90 7.82 8.17 7.92 8.25 7.61 7.27 8.17 8.64 8.44 8.75 8.57 8.66 8.52
9.57 10.64 11.02 10.44 9.28 11.00 10.01 11.56 8.88 9.87 11.86 10.79 9.08 9.89 6.78 6.32 9.47 10.19 8.97 7.54 9.23 6.55 5.97 6.25 10.56 13.05 13.27 7.67 8.47 8.66 8.85 8.08 6.81 7.85 7.35 7.21 6.71 6.96 6.00 5.72 6.52 6.52 8.71 8.41 7.89 7.00 7.67 8.87 8.22 7.78 7.31 7.38 7.16 6.74 6.36 6.33 6.66 6.93 6.62 6.49 6.42 6.22 7.17 7.80 6.64 6.97 7.72 7.96 7.47 7.80 7.64 7.59 7.81 8.24 8.70 8.56 8.54 8.15 8.34
8.91 9.41 9.13 9.70 9.19 9.37 10.51 9.21 9.87 8.58 8.24 7.99 7.59 7.19 9.11 8.25 11.44 16.62 9.13 9.20 9.37 12.97 12.50 5.75 5.50 14.07 10.72 9.18 9.77 10.74 8.72 6.89 6.26 8.19 8.53 7.37 6.67 6.30 5.82 5.77 6.80 9.00 9.11 7.83 7.50 7.32 7.13 7.11 7.92 7.33 7.15 6.83 6.39 6.07 5.98 6.74 6.45 6.17 6.23 5.57 5.80 6.70 6.71 7.38 6.92 6.99 7.07 7.27 7.67 7.74 7.64 7.57 7.70 8.07 8.21 8.59 8.46 7.87 8.05
8.54 9.30 8.41 8.89 9.03 9.31 8.49 8.45 9.25 8.51 9.61 8.39 10.22 7.44 10.25 12.08 11.96 12.82 13.50 11.12 12.76 14.36 9.63 11.04 9.26 5.02 9.99 10.32 7.60 8.04 6.45 8.05 7.86 10.34 9.47 7.34 6.66 6.03 5.80 6.78 9.22 7.91 9.29 7.90 7.65 8.29 7.24 8.13 6.86 7.04 6.63 6.35 6.10 6.19 6.07 5.96 5.55 5.34 5.17 5.48 6.50 7.33 6.89 6.38 7.05 6.63 7.50 6.94 6.90 7.04 7.17 7.33 7.52 8.10 7.90 8.33 8.25 7.92 8.18
8.81 8.43 9.77 10.87 12.43 11.39 10.14 9.35 8.59 8.96 11.33 8.74 9.81 7.19 8.89 9.29 8.40 7.20 9.54 8.78 10.97 11.22 13.20 11.34 11.59 10.03 13.65 8.67 7.69 7.27 8.16 7.69 9.92 9.38 9.59 6.88 6.51 5.98 9.08 9.57 9.07 9.25 7.62 8.07 8.24 7.98 7.01 6.86 6.84 6.57 6.37 6.31 6.17 6.53 6.33 6.20 5.42 4.74 4.87 5.84 7.47 6.08 6.56 6.69 6.40 6.39 6.62 6.46 6.65 7.07 6.75 7.21 7.40 7.66 7.94 8.10 7.68 7.42 8.35
9.33 8.81 9.04 10.76 11.22 11.99 11.30 10.48 9.81 9.26 9.47 11.50 8.20 11.54 10.40 10.18 10.89 9.22 7.08 7.16 9.04 8.35 10.35 10.45 8.93 12.47 12.32 7.40 8.30 6.46 7.11 8.77 9.45 8.76 8.06 6.69 6.28 7.71 7.17 8.70 8.41 7.78 8.01 7.72 7.34 7.15 6.38 6.11 6.15 6.18 7.55 6.36 6.94 6.21 5.78 4.92 4.46 4.58 5.54 6.93 6.71 6.37 6.54 6.46 6.28 6.48 6.95 7.43 6.35 7.08 7.78 7.23 7.11 7.63 7.15 7.52 8.26 7.78 7.54
9.90 10.28 11.06 12.32 -9999 -9999 -9999 -9999 11.06 10.45 10.92 8.69 7.64 8.90 8.93 8.65 8.13 4.97 12.54 12.85 8.57 7.60 7.89 9.53 10.32 11.65 9.09 7.86 7.06 6.33 9.95 8.76 10.13 7.45 7.22 6.86 6.64 8.46 6.98 8.33 8.17 7.44 7.48 7.19 6.80 6.30 5.99 5.93 6.10 6.21 7.29 6.59 6.88 6.77 5.93 5.06 4.49 5.68 5.64 6.42 6.75 6.77 5.63 5.78 5.80 6.82 7.26 7.16 6.22 6.94 7.60 7.49 7.19 7.90 7.63 7.58 7.93 8.06 7.69
