ML/MeanWindSpeed_1998-07_Actual.txt
ncols         180
nrows         290
xllcorner     -200000
yllcorner     -200000
cellsize      5000
NODATA_value  -9999
[rows 210 to 244 of 290, columns 79 to 157 of 180]
12.47 11.61 13.10 13.34 -9999 -9999 -9999 -9999 -9999 -9999 -9999 10.76 10.58 11.08 10.08 9.61 9.20 10.08 11.46 13.09 12.65 11.33 10.28 9.86 9.35 11.67 11.68 8.87 7.93 10.51 10.77 11.53 9.32 8.57 8.12 7.62 8.26 8.67 8.61 8.79 8.49 8.10 7.75 7.29 6.77 6.40 6.02 6.33 6.13 6.41 6.79 7.10 7.28 6.85 6.76 6.43 5.28 4.62 5.73 6.56 6.73 6.56 6.13 6.23 6.86 7.28 7.04 6.60 6.46 7.16 6.49 6.72 7.38 7.05 7.11 7.10 6.57 6.27 6.46
12.58 -9999 -9999 -9999 -9999 -9999 -9999 -9999 -9999 13.68 12.63 12.26 12.90 12.24 10.93 9.76 9.69 9.50 11.16 12.24 11.80 9.23 9.16 11.47 10.80 10.98 9.59 8.56 8.40 10.25 10.44 10.21 9.02 8.57 8.24 7.19 9.18 9.38 8.60 8.65 8.34 8.09 7.78 7.32 7.29 6.62 6.47 6.02 6.11 6.38 6.85 7.02 7.21 6.71 7.49 7.88 5.80 5.71 4.86 6.43 6.64 6.48 7.39 7.27 7.25 7.61 7.07 6.53 6.53 6.53 6.88 7.24 6.86 7.27 7.11 6.58 6.38 7.08 6.62
-9999 -9999 -9999 -9999 -9999 -9999 -9999 -9999 -9999 14.41 13.94 12.58 13.29 13.40 -9999 -9999 9.95 11.67 8.74 9.88 9.58 9.56 10.14 11.31 9.75 9.55 9.72 9.41 9.88 10.17 10.11 9.49 8.95 9.10 7.92 7.98 9.37 8.67 8.36 8.17 8.17 8.33 8.02 7.41 7.09 6.45 6.38 6.68 7.09 7.06 7.66 7.01 6.70 7.32 8.90 7.36 6.61 5.82 5.06 6.56 6.81 7.13 7.55 7.44 7.05 6.92 7.74 6.86 6.72 6.64 6.62 6.74 6.59 6.41 7.29 6.76 6.98 7.54 7.43
-9999 -9999 -9999 -9999 -9999 -9999 -9999 -9999 -9999 -9999 -9999 -9999 -9999 -9999 -9999 -9999 11.02 10.29 9.93 9.21 8.53 8.54 9.01 9.91 9.90 10.10 10.37 10.64 11.01 10.80 -9999 9.35 8.90 8.43 7.90 8.12 9.21 8.70 8.69 8.22 7.69 7.50 7.87 7.19 7.06 7.61 7.60 7.34 7.91 8.56 7.84 7.64 7.43 7.67 8.48 7.35 6.88 6.46 5.99 6.12 6.35 6.85 7.55 7.24 6.74 6.77 6.85 6.72 6.68 6.60 6.56 6.58 6.68 6.74 6.92 6.83 7.03 7.26 -9999
-9999 -9999 -9999 -9999 -9999 -9999 -9999 -9999 -9999 -9999 -9999 -9999 -9999 -9999 -9999 -9999 -9999 10.82 9.76 8.84 8.88 9.52 9.22 9.47 9.91 10.67 -9999 -9999 -9999 -9999 10.01 9.03 8.68 8.11 7.85 8.24 9.31 8.80 8.89 8.23 7.37 7.68 7.36 8.11 7.74 8.83 7.96 8.02 7.76 8.03 7.97 7.54 8.03 6.96 7.37 7.41 6.33 6.28 5.98 5.92 5.89 5.60 5.48 5.89 5.99 6.17 6.34 6.43 6.39 7.18 7.27 6.49 6.44 6.50 6.61 6.82 7.40 8.17 7.99
-9999 -9999 -9999 -9999 -9999 -9999 -9999 -9999 -9999 -9999 -9999 -9999 -9999 -9999 -9999 -9999 -9999 -9999 10.28 10.56 9.60 9.36 10.60 10.67 11.05 -9999 -9999 -9999 -9999 10.49 10.11 9.80 7.87 7.49 7.53 9.09 9.57 9.27 8.77 7.83 7.54 7.27 8.18 9.02 8.36 8.38 7.99 8.02 7.82 7.20 7.57 7.58 7.30 7.19 7.17 6.91 6.41 6.34 6.55 6.63 6.54 5.59 5.47 5.55 5.68 6.27 6.48 6.74 6.39 6.81 6.62 6.42 6.85 6.28 6.89 7.03 7.32 6.95 7.18
-9999 -9999 -9999 -9999 -9999 -9999 -9999 -9999 -9999 -9999 -9999 -9999 -9999 -9999 -9999 -9999 -9999 -9999 -9999 10.60 10.31 10.16 11.75 11.26 11.91 -9999 -9999 -9999 10.12 8.67 8.19 9.22 8.99 8.35 7.59 8.55 8.24 9.25 8.61 7.36 7.97 8.48 8.49 8.29 8.75 8.16 7.81 7.55 7.14 7.02 6.96 7.05 7.39 7.17 6.82 6.71 6.69 6.70 7.09 6.77 6.62 6.12 5.64 5.69 5.73 5.99 6.28 6.62 6.53 6.55 6.28 6.58 6.65 6.88 6.82 6.28 7.31 6.34 6.77
-9999 -9999 -9999 -9999 -9999 -9999 -9999 -9999 -9999 -9999 -9999 -9999 -9999 -9999 -9999 -9999 -9999 -9999 -9999 -9999 -9999 -9999 -9999 -9999 -9999 -9999 -9999 11.77 9.33 8.12 7.84 8.80 7.78 8.26 8.74 8.79 8.88 8.94 7.74 7.24 7.38 7.97 7.90 8.12 8.12 8.12 7.86 7.74 8.68 7.60 7.59 7.11 7.41 7.37 6.86 6.86 6.63 6.95 7.46 6.96 6.39 5.99 5.76 5.65 6.19 6.26 6.81 6.67 7.28 7.46 6.85 5.86 7.46 7.92 6.83 5.99 7.71 7.03 6.62
-9999 -9999 -9999 -9999 -9999 -9999 -9999 -9999 -9999 -9999 -9999 -9999 -9999 -9999 -9999 -9999 -9999 -9999 -9999 -9999 -9999 -9999 -9999 -9999 -9999 -9999 -9999 10.16 9.23 8.24 11.50 10.24 7.91 8.18 8.66 9.06 9.33 8.12 7.66 7.32 7.26 8.05 7.88 7.69 8.66 8.38 9.05 8.15 8.26 8.94 7.86 7.47 7.32 6.91 6.81 6.71 6.72 7.05 7.13 7.13 6.57 5.97 5.62 5.40 5.97 7.47 7.27 7.77 8.07 8.55 7.27 6.25 6.97 7.17 6.24 5.67 6.01 6.92 7.24
-9999 -9999 -9999 -9999 -9999 -9999 -9999 -9999 -9999 -9999 -9999 -9999 -9999 -9999 -9999 -9999 -9999 -9999 -9999 -9999 -9999 -9999 -9999 -9999 -9999 -9999 -9999 10.01 8.26 7.20 8.72 11.02 10.20 9.46 8.76 9.56 8.35 7.84 7.44 8.44 8.49 8.96 8.63 8.04 8.08 7.95 8.23 8.51 8.48 7.79 7.61 7.49 7.41 6.95 6.76 6.79 6.91 7.30 7.20 6.89 6.17 5.92 6.30 6.69 6.43 7.24 7.30 7.40 7.45 7.79 8.67 8.18 6.64 6.42 6.56 6.58 6.42 6.43 6.29
-9999 -9999 -9999 -9999 -9999 -9999 -9999 -9999 -9999 -9999 12.89 12.83 11.09 13.71 12.92 12.57 12.65 14.06 9.48 13.18 10.27 -9999 -9999 -9999 -9999 -9999 -9999 9.77 8.83 8.29 7.53 8.11 9.40 10.36 9.91 8.88 8.08 7.81 8.26 9.08 8.63 8.19 8.21 7.87 7.92 8.18 7.93 7.72 7.52 7.62 7.13 7.44 7.68 8.01 7.30 7.07 7.52 7.46 6.97 7.21 6.21 5.79 6.70 7.37 6.55 6.19 6.47 6.62 6.65 6.55 6.63 6.39 5.94 5.72 5.60 5.55 5.51 5.76 5.75
-9999 -9999 -9999 -9999 -9999 -9999 -9999 -9999 -9999 -9999 13.91 13.10 12.54 10.60 11.74 12.68 12.09 12.62 12.99 11.29 10.23 9.11 9.98 12.00 10.76 10.19 9.59 9.37 8.91 8.54 8.14 7.64 7.85 9.46 9.38 8.57 7.89 9.65 8.62 7.98 8.36 8.65 8.11 7.94 8.41 8.21 8.28 8.01 7.79 6.88 6.98 7.25 7.28 7.23 7.66 7.94 7.13 6.89 6.48 6.24 6.71 5.98 8.42 7.30 6.91 6.38 6.01 6.11 6.14 6.75 6.65 5.70 6.60 6.22 6.56 5.70 5.81 5.69 5.70
-9999 -9999 -9999 -9999 -9999 -9999 -9999 -9999 -9999 13.15 12.10 11.33 10.64 9.61 10.98 12.76 12.33 11.59 11.52 11.61 10.80 9.48 9.23 10.40 11.50 9.76 9.33 8.96 8.93 9.35 8.34 8.14 8.91 8.72 8.34 8.35 9.73 8.57 9.35 8.88 8.37 7.79 8.10 7.92 8.43 8.51 8.13 8.28 7.46 7.46 7.27 7.05 6.93 7.83 8.27 6.98 6.53 6.69 8.06 6.95 6.56 6.61 6.56 6.66 6.65 6.17 5.99 6.41 7.13 6.54 5.78 5.60 6.67 6.27 6.16 6.43 6.36 6.10 6.12
-9999 -9999 -9999 -9999 -9999 -9999 -9999 -9999 -9999 -9999 11.68 10.49 9.82 10.81 10.49 10.83 12.54 11.54 10.15 9.41 11.03 12.25 10.83 9.62 10.06 11.34 10.00 8.80 8.71 8.55 8.87 8.72 8.06 7.95 8.08 8.51 9.11 8.25 9.12 8.32 8.29 8.25 8.41 7.96 8.53 8.68 8.45 7.42 7.37 7.68 7.07 6.55 6.29 6.99 7.81 7.61 6.47 6.73 7.58 7.39 6.82 6.21 6.11 5.87 5.99 6.93 6.65 6.43 6.83 7.48 6.88 6.39 6.72 6.66 6.06 6.65 6.01 6.51 5.90
-9999 -9999 -9999 -9999 -9999 -9999 13.47 -9999 -9999 12.24 11.40 11.65 9.65 10.89 9.92 9.58 9.71 9.98 10.43 9.45 10.90 11.91 10.47 9.64 8.88 8.91 8.84 8.60 8.60 8.66 9.04 8.15 7.86 8.12 9.16 8.32 8.78 8.02 8.42 8.03 8.66 9.21 8.75 8.05 7.77 7.79 7.59 7.28 8.16 7.42 6.86 7.90 6.72 6.73 7.96 8.56 6.30 6.53 6.92 6.74 6.42 6.17 6.02 6.17 6.55 6.84 6.20 5.83 5.84 6.23 6.26 6.19 6.62 6.17 6.09 6.04 5.71 5.72 5.67
-9999 -9999 -9999 -9999 -9999 12.57 13.34 13.36 13.13 11.29 10.76 12.03 10.46 9.66 10.04 9.40 10.19 10.56 10.98 10.02 10.10 10.70 9.96 9.03 8.60 8.71 9.06 9.17 8.53 8.39 8.42 7.91 7.78 8.84 8.88 8.18 8.40 8.44 9.24 8.67 8.75 9.55 8.66 8.40 7.62 7.92 7.67 7.84 7.43 7.14 6.66 7.31 7.18 6.65 7.42 7.08 6.50 6.32 6.18 6.55 6.48 6.35 6.03 5.74 5.77 5.72 5.86 5.96 5.89 5.46 5.77 6.01 6.56 6.83 6.51 5.67 6.23 6.11 6.07
-9999 -9999 -9999 -9999 -9999 12.11 12.19 11.62 11.99 11.36 10.82 10.29 11.42 11.16 10.42 11.06 10.76 10.57 11.39 10.59 10.64 10.70 9.15 9.55 10.77 10.45 9.64 8.95 8.34 8.47 8.67 8.60 8.09 8.84 8.44 8.69 7.82 7.24 8.45 9.29 8.57 8.57 8.34 7.83 7.82 8.20 7.67 7.24 7.71 7.78 6.81 6.98 6.93 6.80 7.39 7.59 7.53 8.37 6.69 6.74 6.13 5.90 5.98 5.98 5.72 5.56 5.76 6.12 5.84 5.59 5.40 5.93 6.02 6.13 6.21 6.33 5.61 5.92 6.53
-9999 -9999 -9999 -9999 -9999 12.31 11.65 11.33 11.62 11.33 11.27 10.52 10.88 10.80 9.87 10.60 10.57 11.02 11.30 11.00 9.43 8.79 8.58 9.99 10.05 10.49 10.83 9.23 8.84 8.71 8.17 8.55 7.96 8.54 8.23 8.17 7.87 7.41 8.69 8.40 8.39 8.22 7.94 7.67 7.69 8.11 8.12 7.31 7.16 7.31 7.82 6.97 7.11 6.88 7.11 7.07 7.06 7.45 7.12 7.64 8.04 5.67 7.93 6.89 5.62 5.73 7.91 7.88 7.48 5.50 5.39 5.50 5.45 5.86 5.66 6.38 7.04 8.58 7.83
-9999 -9999 -9999 -9999 -9999 11.08 11.00 11.05 10.99 10.67 10.59 10.27 10.02 10.66 10.20 10.22 10.57 10.01 10.13 10.09 10.02 8.43 9.20 10.63 10.03 10.92 10.83 9.42 9.36 9.40 8.55 8.42 8.31 8.29 8.14 8.10 8.55 9.09 7.92 8.43 8.20 8.04 7.75 7.58 7.73 7.96 7.49 7.54 7.40 7.63 7.83 8.14 7.70 8.23 7.85 7.38 7.15 6.88 6.58 6.54 6.61 6.08 7.32 7.17 7.50 7.11 7.50 7.91 8.19 5.86 5.89 5.72 5.71 5.98 6.58 7.29 7.46 -9999 -9999
-9999 -9999 -9999 -9999 -9999 10.22 10.33 10.54 10.90 11.28 10.72 10.21 9.62 9.93 10.90 10.58 10.19 9.61 9.85 9.67 9.40 9.17 8.97 9.38 9.22 10.77 9.87 8.41 10.13 9.70 8.70 10.08 8.96 9.33 9.74 9.29 9.09 9.39 8.53 7.94 8.11 7.91 7.43 7.46 7.58 7.88 7.40 7.60 8.15 8.51 8.33 8.24 8.36 8.33 8.42 8.27 7.93 7.40 7.16 7.33 7.53 7.57 7.83 7.94 7.99 -9999 -9999 7.59 7.72 7.29 6.88 6.38 8.20 6.88 -9999 -9999 -9999 -9999 -9999
-9999 -9999 -9999 -9999 11.25 10.21 10.29 9.90 10.66 10.85 11.46 10.18 10.21 9.98 10.67 10.33 9.82 9.53 9.56 9.33 9.03 8.77 9.11 9.95 10.40 10.17 9.05 10.67 11.06 9.10 8.42 8.91 8.71 9.48 9.54 8.80 8.71 8.49 8.23 8.60 8.32 8.26 7.88 7.72 8.00 8.51 8.35 8.13 8.14 8.16 8.35 -9999 -9999 8.90 9.36 9.31 8.92 8.55 8.23 8.26 -9999 -9999 -9999 -9999 -9999 -9999 -9999 -9999 -9999 -9999 7.43 7.77 8.86 7.84 -9999 -9999 -9999 -9999 -9999
-9999 -9999 -9999 11.75 10.71 9.85 10.39 9.76 9.83 9.64 9.47 9.03 11.03 11.60 10.91 10.51 10.45 10.78 9.88 9.17 8.98 9.13 9.31 11.50 12.15 11.65 11.28 12.20 10.31 9.99 9.64 10.04 10.50 9.39 8.61 8.91 8.36 8.38 8.12 8.03 7.86 8.77 9.42 9.31 9.09 9.06 9.21 8.67 -9999 7.77 8.24 8.12 8.48 8.97 -9999 -9999 -9999 -9999 9.16 -9999 -9999 -9999 -9999 -9999 -9999 -9999 -9999 -9999 -9999 -9999 -9999 -9999 -9999 -9999 -9999 -9999 -9999 -9999 -9999
-9999 -9999 12.16 11.59 11.37 10.63 9.75 9.58 9.42 8.42 7.93 8.88 12.37 13.52 10.48 10.02 12.06 10.37 11.32 9.33 9.15 11.18 10.51 10.66 11.07 11.28 -9999 -9999 -9999 -9999 -9999 10.13 11.07 10.64 9.49 9.26 8.91 8.42 8.34 8.06 8.31 9.05 -9999 -9999 -9999 -9999 -9999 9.34 9.38 8.67 7.96 7.84 9.17 9.10 -9999 -9999 -9999 -9999 -9999 -9999 -9999 -9999 -9999 -9999 -9999 -9999 -9999 -9999 -9999 -9999 -9999 -9999 -9999 -9999 -9999 -9999 -9999 -9999 -9999
-9999 9.34 9.86 11.15 11.39 10.51 10.33 9.85 8.53 8.81 8.53 10.07 11.97 13.04 12.32 11.90 10.78 11.63 10.57 10.45 10.17 11.64 11.62 -9999 -9999 -9999 -9999 -9999 -9999 -9999 -9999 -9999 10.44 10.58 9.62 10.29 10.82 10.87 9.28 10.50 10.32 10.64 -9999 -9999 -9999 -9999 -9999 -9999 -9999 8.51 8.83 8.02 8.59 -9999 -9999 -9999 -9999 -9999 -9999 -9999 -9999 -9999 -9999 -9999 -9999 -9999 -9999 -9999 -9999 -9999 -9999 -9999 -9999 -9999 -9999 -9999 -9999 -9999 -9999
10.84 9.17 9.39 10.55 11.73 11.94 10.76 9.33 9.10 9.36 9.00 9.92 11.94 10.85 11.35 11.85 12.64 8.94 10.70 12.82 11.25 -9999 -9999 -9999 -9999 -9999 -9999 -9999 -9999 -9999 -9999 -9999 -9999 -9999 10.95 -9999 -9999 -9999 -9999 9.81 11.36 11.53 -9999 -9999 -9999 -9999 -9999 -9999 -9999 -9999 8.90 10.22 9.20 -9999 -9999 -9999 -9999 -9999 -9999 -9999 -9999 -9999 -9999 -9999 -9999 -9999 -9999 -9999 -9999 -9999 -9999 -9999 -9999 -9999 -9999 -9999 -9999 -9999 -9999
10.08 8.58 9.34 10.66 11.19 11.85 11.01 10.32 10.85 8.72 7.68 8.84 11.22 11.45 10.49 10.23 11.51 9.68 9.67 10.75 -9999 -9999 -9999 -9999 -9999 -9999 -9999 -9999 -9999 -9999 -9999 -9999 -9999 -9999 11.74 -9999 -9999 -9999 -9999 -9999 -9999 -9999 -9999 -9999 -9999 -9999 -9999 -9999 -9999 -9999 -9999 -9999 -9999 -9999 -9999 -9999 -9999 -9999 -9999 -9999 -9999 -9999 -9999 -9999 -9999 -9999 -9999 -9999 -9999 -9999 -9999 -9999 -9999 -9999 -9999 -9999 -9999 -9999 -9999
10.48 8.79 9.68 10.25 10.39 10.98 10.58 10.41 11.02 8.41 7.70 8.30 10.23 13.52 13.99 9.78 9.95 9.75 10.49 12.26 -9999 -9999 -9999 -9999 -9999 -9999 -9999 -9999 -9999 -9999 -9999 -9999 -9999 -9999 -9999 -9999 -9999 -9999 -9999 -9999 -9999 -9999 -9999 -9999 -9999 -9999 -9999 -9999 -9999 -9999 -9999 -9999 -9999 -9999 -9999 -9999 -9999 -9999 -9999 -9999 -9999 -9999 -9999 -9999 -9999 -9999 -9999 -9999 -9999 -9999 -9999 -9999 -9999 -9999 -9999 -9999 -9999 -9999 -9999
11.63 10.61 10.56 10.38 10.95 10.56 10.35 10.19 9.21 9.05 8.32 8.05 10.23 12.23 12.15 10.74 9.22 9.46 11.74 11.31 -9999 -9999 -9999 -9999 -9999 -9999 -9999 -9999 -9999 -9999 -9999 -9999 -9999 -9999 -9999 -9999 -9999 -9999 -9999 -9999 -9999 -9999 -9999 -9999 -9999 -9999 -9999 -9999 -9999 -9999 -9999 -9999 -9999 -9999 -9999 -9999 -9999 -9999 -9999 -9999 -9999 -9999 -9999 -9999 -9999 -9999 -9999 -9999 -9999 -9999 -9999 -9999 -9999 -9999 -9999 -9999 -9999 -9999 -9999
12.50 11.81 11.48 10.43 10.92 10.58 12.11 11.44 10.21 9.74 10.06 8.95 9.48 10.41 10.27 9.60 9.45 10.19 11.13 11.48 -9999 -9999 -9999 -9999 -9999 -9999 -9999 -9999 -9999 -9999 -9999 -9999 -9999 -9999 -9999 -9999 -9999 -9999 -9999 -9999 -9999 -9999 -9999 -9999 -9999 -9999 -9999 -9999 -9999 -9999 -9999 -9999 -9999 -9999 -9999 -9999 -9999 -9999 -9999 -9999 -9999 -9999 -9999 -9999 -9999 -9999 -9999 -9999 -9999 -9999 -9999 -9999 -9999 -9999 -9999 -9999 -9999 -9999 -9999
11.30 11.43 10.78 11.52 12.75 12.46 11.32 11.32 11.22 11.08 10.28 10.67 10.13 9.44 9.40 9.96 10.66 11.20 11.14 11.91 -9999 -9999 -9999 -9999 -9999 -9999 -9999 -9999 -9999 -9999 -9999 -9999 -9999 -9999 -9999 -9999 -9999 -9999 -9999 -9999 -9999 -9999 -9999 -9999 -9999 -9999 -9999 -9999 -9999 -9999 -9999 -9999 -9999 -9999 -9999 -9999 -9999 -9999 -9999 -9999 -9999 -9999 -9999 -9999 -9999 -9999 -9999 -9999 -9999 -9999 -9999 -9999 -9999 -9999 -9999 -9999 -9999 -9999 -9999
11.77 12.05 -9999 -9999 -9999 -9999 -9999 -9999 -9999 -9999 -9999 11.35 11.73 10.75 10.06 9.62 10.59 11.32 11.31 -9999 -9999 -9999 -9999 -9999 -9999 -9999 -9999 -9999 -9999 -9999 -9999 -9999 -9999 -9999 -9999 -9999 -9999 -9999 -9999 -9999 -9999 -9999 -9999 -9999 -9999 -9999 -9999 -9999 -9999 -9999 -9999 -9999 -9999 -9999 -9999 -9999 -9999 -9999 -9999 -9999 -9999 -9999 -9999 -9999 -9999 -9999 -9999 -9999 -9999 -9999 -9999 -9999 -9999 -9999 -9999 -9999 -9999 -9999 -9999
12.03 12.55 -9999 -9999 -9999 -9999 -9999 -9999 -9999 -9999 -9999 -9999 -9999 -9999 10.70 10.33 10.69 11.12 -9999 -9999 -9999 -9999 -9999 -9999 -9999 -9999 -9999 -9999 -9999 -9999 -9999 -9999 -9999 -9999 -9999 -9999 -9999 -9999 -9999 -9999 -9999 -9999 -9999 -9999 -9999 -9999 -9999 -9999 -9999 -9999 -9999 -9999 -9999 -9999 -9999 -9999 -9999 -9999 -9999 -9999 -9999 -9999 -9999 -9999 -9999 -9999 -9999 -9999 -9999 -9999 -9999 -9999 -9999 -9999 -9999 -9999 -9999 -9999 -9999
-9999 -9999 -9999 -9999 -9999 -9999 -9999 -9999 -9999 -9999 -9999 -9999 -9999 -9999 11.63 12.54 13.09 12.71 -9999 -9999 -9999 -9999 -9999 -9999 -9999 -9999 -9999 -9999 -9999 -9999 -9999 -9999 -9999 -9999 -9999 -9999 -9999 -9999 -9999 -9999 -9999 -9999 -9999 -9999 -9999 -9999 -9999 -9999 -9999 -9999 -9999 -9999 -9999 -9999 -9999 -9999 -9999 -9999 -9999 -9999 -9999 -9999 -9999 -9999 -9999 -9999 -9999 -9999 -9999 -9999 -9999 -9999 -9999 -9999 -9999 -9999 -9999 -9999 -9999
-9999 -9999 -9999 -9999 -9999 -9999 -9999 -9999 -9999 -9999 -9999 -9999 -9999 -9999 -9999 -9999 -9999 -9999 -9999 -9999 -9999 -9999 -9999 -9999 -9999 -9999 -9999 -9999 -9999 -9999 -9999 -9999 -9999 -9999 -9999 -9999 -9999 -9999 -9999 -9999 -9999 -9999 -9999 -9999 -9999 -9999 -9999 -9999 -9999 -9999 -9999 -9999 -9999 -9999 -9999 -9999 -9999 -9999 -9999 -9999 -9999 -9999 -9999 -9999 -9999 -9999 -9999 -9999 -9999 -9999 -9999 -9999 -9999 -9999 -9999 -9999 -9999 -9999 -9999
-9999 -9999 -9999 -9999 -9999 -9999 -9999 -9999 -9999 -9999 -9999 -9999 -9999 -9999 -9999 -9999 -9999 -9999 -9999 -9999 -9999 -9999 -9999 -9999 -9999 -9999 -9999 -9999 -9999 -9999 -9999 -9999 -9999 -9999 -9999 -9999 -9999 -9999 -9999 -9999 -9999 -9999 -9999 -9999 -9999 -9999 -9999 -9999 -9999 -9999 -9999 -9999 -9999 -9999 -9999 -9999 -9999 -9999 -9999 -9999 -9999 -9999 -9999 -9999 -9999 -9999 -9999 -9999 -9999 -9999 -9999 -9999 -9999 -9999 -9999 -9999 -9999 -9999 -9999
