ML/MeanWindSpeed_1996-09_Actual.txt
ncols         180
nrows         290
xllcorner     -200000
yllcorner     -200000
cellsize      5000
NODATA_value  -9999
[rows 175 to 209 of 290, columns 79 to 157 of 180]
-9999 -9999 -9999 -9999 -9999 -9999 -9999 10.85 9.89 8.87 8.12 7.84 6.01 5.14 12.10 19.30 7.15 10.16 9.74 8.60 6.44 3.41 3.58 6.57 9.42 7.47 5.29 5.77 6.85 6.24 6.51 7.96 7.00 6.47 6.03 6.26 6.42 6.23 6.33 6.45 12.06 13.07 10.48 10.50 8.01 7.17 8.70 8.73 6.57 6.33 7.82 7.18 6.60 7.34 6.90 8.01 7.30 7.15 6.95 6.93 8.48 7.41 7.20 7.34 7.26 7.92 8.59 8.83 9.19 9.67 8.40 10.32 12.64 -9999 -9999 -9999 -9999 -9999 -9999
-9999 -9999 -9999 -9999 -9999 -9999 -9999 -9999 11.95 9.16 7.38 5.67 5.06 7.75 23.08 14.99 5.11 11.09 6.08 9.44 8.91 4.75 2.56 9.94 8.03 8.94 7.29 5.64 5.80 5.95 5.33 6.62 7.17 6.78 6.35 5.95 6.23 6.01 5.80 7.98 9.49 13.72 11.04 11.66 10.41 5.72 8.23 10.36 7.10 7.15 7.92 7.13 6.97 7.17 7.00 8.16 7.26 7.07 7.38 7.24 8.22 8.09 7.52 7.43 7.42 7.73 8.50 9.96 8.90 8.25 8.37 9.98 12.38 -9999 -9999 -9999 -9999 -9999 -9999
-9999 -9999 -9999 -9999 -9999 -9999 -9999 -9999 -9999 9.36 6.64 6.62 8.62 20.12 23.09 15.08 9.96 9.13 9.53 10.69 10.74 10.06 5.46 4.76 11.32 8.61 7.48 6.74 5.69 5.63 5.84 6.11 6.65 6.19 5.69 5.92 5.97 5.86 6.20 7.58 10.12 11.49 9.08 9.31 10.99 8.63 5.80 10.53 7.57 7.47 8.10 7.19 7.13 6.99 7.53 8.21 7.45 7.27 7.41 7.11 8.87 8.25 7.78 7.71 7.71 8.20 8.28 8.47 8.22 8.18 8.60 10.56 12.72 -9999 -9999 -9999 -9999 -9999 -9999
-9999 -9999 -9999 -9999 -9999 -9999 -9999 -9999 -9999 8.70 7.19 9.87 12.44 15.36 19.65 11.06 6.91 9.15 11.67 11.62 12.37 10.23 6.48 3.96 11.68 11.35 8.49 7.57 5.66 5.42 5.90 7.03 6.65 6.24 5.90 5.38 5.23 5.79 8.03 8.27 6.67 12.00 9.21 9.78 11.52 11.12 8.61 7.70 7.11 5.93 7.57 8.27 7.11 6.97 6.77 7.45 7.20 7.63 7.48 7.35 8.01 8.73 8.29 8.32 8.11 8.21 8.18 8.09 8.15 8.76 9.95 11.76 -9999 -9999 -9999 -9999 -9999 -9999 -9999
-9999 -9999 -9999 -9999 -9999 -9999 -9999 -9999 -9999 7.63 7.73 9.64 9.80 15.75 14.09 9.67 10.20 7.78 9.26 12.27 10.59 13.06 9.64 5.38 10.65 11.92 11.08 7.45 6.30 5.28 6.30 7.64 7.27 6.28 5.63 5.23 5.62 7.30 7.83 6.41 6.47 9.96 9.63 9.34 9.29 8.46 8.47 9.27 5.76 6.80 7.15 6.83 7.23 6.72 7.66 6.81 7.16 7.57 7.57 7.88 10.06 9.18 8.58 8.36 8.37 8.34 8.30 8.32 8.60 9.93 11.63 -9999 -9999 -9999 -9999 -9999 -9999 -9999 -9999
-9999 -9999 -9999 -9999 -9999 -9999 -9999 -9999 8.78 16.94 9.26 10.97 13.12 8.48 19.41 16.01 13.83 11.56 14.21 10.79 11.45 9.71 7.42 8.82 13.30 11.73 10.91 7.38 5.99 5.14 6.92 7.25 6.72 6.24 5.41 5.41 7.01 6.84 6.44 7.71 8.85 6.71 11.60 10.60 7.51 8.31 7.56 6.78 6.65 5.83 5.92 6.21 7.30 6.75 6.17 7.84 7.15 7.48 7.85 8.39 10.18 9.22 8.61 8.57 8.34 8.40 8.27 8.38 9.58 11.26 -9999 -9999 -9999 -9999 -9999 -9999 -9999 13.71 -9999
-9999 -9999 -9999 -9999 -9999 -9999 9.18 8.74 12.86 11.07 8.93 9.91 11.44 7.06 8.79 11.00 14.53 13.55 14.96 13.09 13.11 6.82 9.40 9.31 6.86 7.87 7.23 7.73 6.53 5.74 6.90 7.29 7.11 6.18 6.06 7.32 6.59 7.23 6.32 8.04 8.82 8.58 7.58 6.69 8.45 7.94 7.35 7.22 7.02 6.74 5.43 6.51 6.35 5.69 6.04 6.70 7.16 7.68 7.71 8.47 10.06 9.16 8.42 8.47 8.22 8.26 8.24 8.86 10.34 -9999 -9999 -9999 -9999 -9999 13.00 12.67 12.28 11.66 11.89
-9999 -9999 -9999 -9999 -9999 8.99 8.76 8.99 9.75 9.84 9.86 8.99 6.83 5.66 7.83 9.91 12.36 19.83 11.03 8.62 8.17 4.98 12.02 13.59 12.85 9.32 7.72 7.90 7.38 6.81 7.19 7.83 7.18 6.71 6.57 7.30 7.69 6.21 6.19 8.18 8.33 7.90 7.41 7.51 7.87 6.70 7.23 6.16 6.12 6.77 6.12 5.62 5.18 5.61 6.70 6.63 7.03 7.53 7.87 8.41 10.29 9.50 8.49 8.18 8.04 8.15 8.27 8.90 10.11 -9999 -9999 -9999 -9999 -9999 11.50 10.73 10.50 10.08 10.15
-9999 -9999 -9999 -9999 9.40 10.22 9.42 9.70 -9999 -9999 -9999 -9999 7.17 13.16 11.11 11.07 13.66 11.33 8.78 11.81 10.77 8.98 19.25 16.61 13.33 13.56 9.74 7.20 7.56 7.54 7.03 7.18 7.01 6.59 7.10 6.54 7.97 6.50 6.35 7.00 7.62 7.86 7.64 6.57 6.71 6.64 6.53 6.11 5.81 5.52 5.38 5.31 5.66 6.46 6.55 6.60 7.55 8.39 8.66 8.76 9.73 9.39 9.02 8.07 7.98 8.04 8.11 8.46 9.46 11.16 -9999 -9999 -9999 -9999 10.26 9.44 9.32 9.41 9.55
-9999 -9999 -9999 -9999 10.95 12.64 9.32 10.28 -9999 -9999 -9999 -9999 7.45 10.86 13.01 7.69 12.94 12.02 10.99 14.32 16.06 12.47 17.08 9.75 10.83 10.56 8.92 7.26 7.15 7.38 7.13 7.38 7.91 6.77 7.38 7.05 7.11 7.64 6.51 6.86 6.26 7.19 8.14 8.50 8.39 6.69 6.04 5.91 5.80 6.25 5.58 5.82 6.44 6.92 7.85 7.29 9.51 9.72 10.06 9.17 9.54 9.27 8.87 7.94 8.00 8.03 8.01 8.15 8.46 9.59 10.62 -9999 -9999 10.73 9.91 9.32 9.56 9.23 9.06
-9999 -9999 -9999 -9999 -9999 -9999 -9999 -9999 -9999 -9999 -9999 -9999 8.52 13.38 11.26 7.30 9.93 8.18 15.59 14.82 9.73 13.61 13.14 11.24 11.68 9.17 7.86 6.68 7.60 7.26 7.54 7.25 6.78 6.74 6.69 6.56 6.82 7.40 6.64 6.41 6.75 7.14 6.81 7.71 7.95 5.91 7.29 8.32 7.00 6.97 6.57 5.63 6.73 7.95 9.16 9.01 8.69 9.42 10.31 9.73 9.97 9.35 8.91 7.85 7.96 8.04 8.08 8.07 7.91 8.27 9.00 9.91 10.11 9.43 9.25 8.34 9.37 9.49 9.59
-9999 -9999 -9999 -9999 -9999 -9999 -9999 -9999 -9999 -9999 -9999 -9999 -9999 13.52 4.64 4.95 9.27 14.37 13.23 15.22 14.37 9.83 11.06 12.35 8.39 7.81 6.63 6.43 6.53 7.06 7.15 7.16 6.81 6.50 6.37 6.71 6.57 7.22 6.92 6.43 8.78 8.04 6.67 6.55 6.55 6.66 6.53 7.74 7.97 7.37 8.59 6.77 6.64 7.64 7.40 8.07 8.56 8.72 10.19 10.14 9.66 8.84 8.85 7.87 7.94 7.98 7.96 8.03 8.09 8.17 8.17 8.53 8.63 8.46 8.21 8.26 9.47 9.47 9.22
-9999 -9999 -9999 -9999 -9999 -9999 -9999 -9999 -9999 -9999 -9999 -9999 -9999 8.74 13.40 14.21 11.89 10.50 9.82 12.70 10.27 10.37 8.59 7.89 10.07 7.10 6.49 8.29 7.54 7.23 6.91 6.24 6.19 6.89 6.72 7.95 7.80 7.44 6.86 6.33 8.54 9.46 7.89 6.72 6.29 6.64 6.73 6.81 7.25 8.10 10.56 9.04 7.08 6.85 7.46 8.83 10.20 10.40 9.90 10.44 9.74 8.82 8.24 7.88 7.94 7.95 8.08 8.13 8.17 8.24 8.26 8.27 8.23 8.37 8.27 8.09 9.08 9.21 9.97
-9999 -9999 -9999 -9999 -9999 -9999 -9999 -9999 -9999 -9999 -9999 -9999 10.78 10.37 7.60 16.56 10.23 8.20 11.18 11.02 9.52 12.79 8.95 8.31 10.80 6.39 12.99 9.26 6.97 7.11 8.38 6.60 6.19 9.41 9.11 8.16 6.84 7.32 7.17 6.77 7.61 8.27 7.87 7.02 6.68 6.57 6.72 7.24 7.09 8.51 8.46 7.89 7.38 7.15 8.07 9.31 10.56 10.67 9.56 9.66 9.17 8.60 8.17 7.91 7.90 8.01 8.13 8.18 8.16 8.21 8.24 8.07 8.05 8.62 8.57 8.27 8.66 9.21 8.74
-9999 -9999 -9999 -9999 -9999 -9999 -9999 -9999 -9999 -9999 -9999 -9999 9.15 10.18 16.15 9.27 4.53 7.15 7.69 10.03 13.09 12.81 9.58 8.98 8.91 6.69 7.49 8.43 9.77 9.48 7.23 7.21 7.04 7.61 8.36 6.94 6.69 7.48 7.33 7.82 8.26 7.78 7.93 7.48 6.98 6.78 6.68 6.85 7.05 8.11 8.54 7.98 6.92 7.44 8.94 10.48 9.89 10.64 10.44 9.51 8.55 9.18 8.19 8.35 8.03 8.12 8.07 8.14 8.17 8.11 8.07 8.01 7.97 8.89 8.65 8.16 8.38 9.13 9.03
-9999 -9999 -9999 -9999 -9999 -9999 -9999 -9999 -9999 -9999 -9999 -9999 10.39 12.88 5.41 7.32 6.18 7.79 8.22 14.11 12.11 13.86 10.43 9.13 6.96 5.67 6.59 10.24 12.39 13.62 7.93 9.56 8.07 8.33 8.12 6.29 6.56 7.06 7.42 7.95 7.38 7.52 8.87 7.97 6.94 6.94 8.21 6.67 7.24 7.76 7.68 7.18 6.96 7.81 8.63 9.29 9.53 9.53 8.66 8.45 8.84 8.99 7.79 7.75 8.02 8.05 8.09 8.02 7.89 7.95 7.94 7.92 7.96 8.28 8.11 8.30 8.22 8.83 8.88
-9999 -9999 -9999 -9999 -9999 -9999 -9999 -9999 -9999 -9999 -9999 -9999 -9999 6.74 8.25 10.53 12.98 14.07 11.51 12.15 10.13 7.06 6.93 6.17 7.21 7.30 6.39 8.14 8.87 12.55 9.73 8.25 7.88 9.46 8.91 6.43 7.46 6.53 6.84 9.46 7.51 7.26 7.14 7.37 6.68 6.79 8.59 7.87 7.15 7.82 7.44 7.21 7.65 8.66 8.37 8.45 8.13 8.91 8.00 9.19 9.11 7.99 7.71 8.33 8.19 7.86 7.85 7.76 7.76 7.84 7.85 7.88 7.86 7.90 7.95 8.22 8.25 8.34 8.67
-9999 -9999 -9999 -9999 -9999 -9999 -9999 -9999 -9999 -9999 -9999 -9999 -9999 8.15 9.51 10.88 13.19 16.35 14.75 10.91 7.91 6.30 8.13 10.48 12.51 14.31 10.49 7.95 8.75 10.14 9.32 7.01 10.51 9.49 9.15 7.44 8.27 6.96 6.64 7.55 9.02 8.41 7.49 6.84 6.50 7.08 8.15 7.82 7.37 7.48 7.99 8.26 8.56 9.17 8.43 8.15 9.51 9.55 9.40 9.04 9.20 8.10 8.40 8.96 7.88 7.69 7.70 7.66 7.75 7.75 7.74 7.77 7.78 7.84 7.79 7.71 7.63 7.64 8.04
-9999 -9999 -9999 -9999 -9999 -9999 -9999 -9999 -9999 -9999 -9999 -9999 9.06 6.87 8.21 11.28 12.83 11.99 11.57 9.05 10.09 15.36 12.01 12.19 12.12 9.74 8.60 9.48 10.02 8.26 7.37 8.11 10.21 9.99 9.14 7.41 8.54 6.60 6.64 8.43 7.74 8.10 8.01 7.07 6.40 6.90 8.07 7.90 7.09 7.48 7.56 7.57 8.57 8.28 9.49 8.85 9.65 8.86 9.17 9.31 8.33 8.09 9.02 8.87 7.74 7.63 7.94 7.69 7.81 7.81 7.89 7.82 7.71 7.68 7.49 7.90 8.28 8.36 7.62
-9999 -9999 -9999 -9999 -9999 -9999 -9999 -9999 -9999 -9999 -9999 -9999 11.52 9.04 7.75 7.89 10.47 14.94 14.14 12.31 10.28 11.18 12.89 14.21 14.19 9.61 11.81 12.97 8.38 10.92 6.51 7.49 9.68 11.73 7.92 8.36 6.85 5.99 6.39 7.34 10.48 8.59 8.38 7.67 7.19 7.31 7.75 7.49 6.99 7.25 7.24 7.29 7.39 8.91 9.52 9.49 10.19 9.11 8.60 8.63 8.20 8.64 9.17 8.81 8.19 8.51 8.20 8.45 7.97 7.94 8.13 8.11 7.72 7.53 7.33 7.37 8.33 8.42 8.50
-9999 -9999 -9999 -9999 -9999 -9999 -9999 -9999 -9999 -9999 -9999 -9999 9.81 8.40 4.80 6.54 10.06 15.17 13.02 13.19 10.24 12.45 11.81 10.18 11.14 11.73 11.24 9.43 7.87 8.50 11.42 7.53 7.72 7.94 7.99 9.52 7.76 6.03 6.35 7.32 7.88 7.74 8.69 8.09 7.61 7.81 7.13 6.61 7.26 7.57 7.77 7.24 8.01 9.49 9.55 8.63 8.89 9.86 8.77 9.15 8.12 9.18 9.34 8.45 8.28 8.45 7.78 7.99 7.86 7.88 7.93 7.75 7.58 7.51 7.35 7.76 7.31 7.75 8.06
-9999 -9999 -9999 -9999 -9999 -9999 -9999 -9999 -9999 -9999 -9999 9.10 10.01 11.82 8.53 6.34 10.90 12.61 15.04 14.86 8.93 9.45 8.54 10.18 11.95 9.77 9.47 11.52 9.62 8.74 8.28 7.28 6.68 7.02 8.08 7.93 7.45 7.03 6.48 6.44 7.40 7.87 7.17 7.71 7.38 8.05 7.14 7.05 7.21 6.83 6.83 7.29 8.69 8.70 8.85 8.16 9.14 9.37 8.98 8.17 9.11 9.22 9.30 9.43 8.87 8.31 8.09 7.84 7.90 7.91 7.73 7.57 7.36 7.25 7.36 7.76 7.74 7.87 8.19
-9999 -9999 -9999 -9999 -9999 -9999 -9999 -9999 -9999 -9999 10.38 10.10 10.66 8.27 6.19 9.78 13.62 14.57 12.40 14.24 9.70 11.12 9.29 8.74 15.89 10.48 11.11 8.76 8.94 7.45 7.18 7.53 8.82 7.70 9.80 7.83 8.13 6.55 6.29 6.57 7.06 7.54 7.17 7.39 7.77 7.91 6.42 7.07 7.02 7.21 7.44 7.90 8.71 8.03 8.94 8.44 8.80 8.05 8.00 9.35 9.79 9.25 9.44 9.26 8.27 8.70 8.65 8.49 8.30 7.87 7.53 7.22 7.42 7.40 8.11 8.38 8.59 8.61 7.83
-9999 -9999 -9999 -9999 -9999 -9999 -9999 -9999 11.43 9.79 8.51 6.64 6.33 6.80 7.19 11.17 12.97 14.96 16.56 14.18 11.40 7.17 10.27 9.55 14.03 10.72 9.54 9.54 7.91 7.56 6.42 7.57 9.69 8.97 9.09 6.77 6.96 6.64 6.63 7.40 7.11 7.64 6.87 7.08 7.41 6.66 6.46 6.83 7.84 7.62 8.56 9.37 8.90 8.39 7.90 7.71 8.63 9.24 8.94 9.42 8.49 9.35 9.49 8.75 7.91 7.97 8.89 8.62 8.54 7.57 7.22 6.97 7.27 8.41 8.82 8.52 9.37 8.98 8.53
-9999 -9999 -9999 -9999 10.79 9.61 8.11 11.62 11.53 11.54 11.44 8.53 7.64 6.91 12.56 11.06 13.67 14.19 13.76 10.16 8.64 6.49 8.34 8.27 15.65 13.59 10.82 8.22 8.55 7.84 9.63 6.64 8.78 9.21 8.68 7.84 6.83 6.25 7.34 6.87 6.37 7.88 6.75 6.77 6.36 6.66 7.20 7.88 7.08 8.10 7.75 8.34 9.42 9.25 8.93 8.64 9.22 9.29 8.92 8.62 9.52 8.46 8.38 8.20 7.82 8.58 8.80 8.78 7.95 7.24 7.25 7.47 8.68 8.87 8.38 9.16 8.21 8.45 8.70
-9999 -9999 -9999 11.99 9.25 9.72 8.71 8.03 10.05 9.42 10.02 7.72 6.25 10.33 11.48 12.38 8.71 14.94 10.61 7.80 13.34 9.80 6.25 14.35 12.27 10.94 6.39 6.35 7.22 10.80 7.47 6.85 6.94 7.24 9.06 8.58 8.28 6.72 6.96 6.39 6.36 7.41 6.92 6.49 6.47 6.85 7.60 7.47 9.59 7.65 7.41 8.05 9.01 8.40 8.37 7.97 8.21 8.86 8.66 9.43 8.78 8.17 8.25 8.50 7.89 8.17 8.21 7.57 7.30 7.18 7.29 7.55 8.14 9.09 9.02 9.04 8.51 8.26 8.20
-9999 -9999 11.74 10.87 7.29 6.73 6.93 8.15 7.67 8.40 7.51 8.27 13.24 10.13 8.79 12.99 6.65 9.90 9.74 13.34 12.47 13.27 10.76 10.56 9.04 5.94 11.24 10.82 6.89 7.51 7.01 6.68 7.29 6.71 6.97 8.86 9.08 6.44 6.09 6.18 6.82 6.27 5.81 6.32 9.19 7.10 6.99 7.78 8.75 8.05 7.54 8.31 8.97 8.93 9.48 8.81 7.99 7.94 7.94 9.09 8.69 8.04 8.94 8.73 7.98 8.06 7.83 7.49 7.66 7.71 7.73 8.07 8.25 9.11 8.35 8.14 8.42 7.83 7.85
9.93 11.60 8.54 8.12 8.69 7.49 7.01 9.53 8.27 8.36 8.50 11.76 11.24 9.35 10.65 10.07 7.78 7.84 11.84 12.40 10.55 10.78 12.76 9.00 5.37 11.37 13.04 9.94 9.96 7.20 7.58 6.66 7.11 9.40 7.13 9.59 7.49 6.25 5.90 6.26 8.16 5.54 6.01 10.56 7.65 7.14 7.21 8.07 9.18 7.72 7.84 8.31 8.02 8.68 8.70 8.15 7.77 8.20 7.81 8.31 8.71 8.66 8.18 7.79 7.50 7.44 7.92 9.42 8.57 9.47 8.74 7.64 9.06 8.85 8.97 8.57 8.29 8.31 7.82
8.20 11.22 14.53 12.95 12.14 8.45 9.72 11.73 10.28 9.75 12.27 10.26 9.57 12.30 8.86 6.18 7.24 8.00 11.30 11.20 10.70 9.96 9.09 6.89 8.88 19.53 14.77 10.46 7.59 8.23 7.55 9.31 7.43 8.10 7.05 7.03 6.88 6.72 6.01 5.80 5.95 5.49 9.47 10.23 9.22 7.63 7.22 10.34 8.74 7.90 8.14 7.74 8.58 8.54 8.24 7.42 8.64 8.25 7.58 9.45 9.18 7.96 7.71 7.61 7.41 7.96 9.04 9.43 9.11 9.60 8.76 8.29 9.16 9.02 8.34 8.67 8.46 8.61 8.43
8.36 9.87 10.35 9.51 7.89 10.05 8.64 10.87 7.29 8.75 11.69 10.73 8.70 9.78 5.87 5.36 9.76 11.19 9.96 8.38 10.73 7.24 5.97 5.55 11.38 15.47 16.04 8.15 8.81 9.01 9.29 8.23 6.62 8.30 7.56 7.30 6.55 6.74 5.37 5.13 6.42 6.44 9.59 9.46 8.64 7.25 8.23 10.14 9.45 8.84 8.21 8.43 8.28 7.89 7.53 7.60 8.21 8.68 8.27 8.15 8.12 7.83 9.00 9.64 7.87 8.17 9.05 9.33 8.70 9.21 9.06 9.01 9.08 8.34 8.50 8.32 8.34 7.93 8.24
8.06 8.88 8.50 9.07 8.18 8.22 9.51 7.89 8.78 7.22 7.01 6.93 6.37 5.73 8.30 7.13 11.70 19.13 9.36 9.53 10.14 15.24 14.64 5.54 5.56 17.67 12.83 10.00 10.47 11.70 9.12 6.69 5.88 8.69 9.01 7.30 6.34 5.89 5.21 5.23 6.80 9.85 10.28 8.77 8.15 7.72 7.62 7.90 9.13 8.32 8.07 7.77 7.35 7.08 7.15 8.35 8.20 8.01 8.11 7.26 7.56 8.63 8.50 9.26 8.44 8.37 8.36 8.53 9.01 9.17 9.12 9.09 9.18 8.18 7.82 8.33 8.23 7.55 7.88
7.68 8.77 7.56 7.99 7.88 7.93 6.70 6.58 7.60 6.70 8.46 7.02 9.34 5.67 9.55 12.16 12.48 14.09 14.94 11.79 14.21 16.57 10.51 12.70 10.89 5.88 12.10 11.66 7.59 8.16 6.20 8.16 7.88 11.41 10.19 7.16 6.20 5.34 5.14 6.62 10.14 8.65 10.59 8.71 8.25 9.01 7.82 9.47 7.89 8.09 7.52 7.16 6.96 7.24 7.37 7.59 7.36 7.34 7.09 7.40 8.66 9.68 9.04 8.24 8.87 8.13 9.13 8.17 7.98 8.21 8.48 8.73 8.80 8.55 7.61 8.09 8.04 7.68 8.06
7.88 7.35 8.96 10.13 11.88 10.25 8.36 7.29 6.27 6.79 10.18 6.92 8.34 5.25 8.06 9.06 8.41 7.34 10.53 9.63 12.51 12.80 15.33 12.81 13.55 12.07 16.81 9.52 7.87 7.19 8.39 7.70 10.63 10.08 10.32 6.49 5.86 5.15 9.39 10.31 10.00 10.51 8.39 8.91 9.04 8.75 8.02 8.08 8.01 7.54 7.16 7.03 6.91 7.62 7.80 8.20 7.60 6.92 7.02 8.00 10.06 8.23 8.80 8.84 8.25 8.03 8.08 7.56 7.60 8.16 7.77 8.34 8.39 8.16 8.04 8.06 7.47 7.12 8.29
8.48 7.80 7.95 9.87 10.05 10.74 9.57 8.51 7.61 6.98 7.52 10.39 6.19 11.08 10.17 10.37 11.85 10.10 7.65 8.02 10.42 9.44 11.90 11.74 9.81 15.00 14.66 7.73 8.61 6.09 6.99 9.15 10.05 9.30 8.31 6.23 5.61 7.59 7.03 9.38 9.24 8.53 8.89 8.56 8.19 8.34 7.57 7.21 7.12 6.96 8.57 6.95 7.75 7.07 7.08 6.74 6.67 6.99 8.16 9.62 9.14 8.68 8.82 8.59 8.17 8.25 8.58 8.81 7.11 8.03 8.92 8.13 7.82 8.19 7.20 7.49 8.37 7.61 7.19
9.14 9.64 10.61 11.99 -9999 -9999 -9999 -9999 9.25 8.75 9.70 6.95 5.77 7.69 8.12 7.95 7.47 3.71 14.33 15.20 9.52 8.24 8.76 10.97 12.09 14.15 10.37 8.16 6.80 5.79 10.65 9.20 11.05 7.57 7.02 6.28 6.11 8.76 7.02 9.09 8.96 8.02 8.15 7.92 7.66 7.30 7.02 6.89 6.93 6.90 8.12 7.07 7.40 7.43 6.94 6.91 6.92 8.72 8.61 9.07 9.17 9.16 7.55 7.65 7.54 8.74 9.06 8.47 6.91 7.75 8.54 8.28 7.76 8.49 7.86 7.57 7.90 7.90 7.25
