ML/MeanWindSpeed_1995-09_Actual.txt
ncols         180
nrows         290
xllcorner     -200000
yllcorner     -200000
cellsize      5000
NODATA_value  -9999
[rows 140 to 174 of 290, columns 79 to 157 of 180]
-9999 -9999 10.79 -9999 -9999 -9999 9.10 9.29 7.99 7.92 8.78 -9999 -9999 9.07 7.43 9.91 11.01 -9999 -9999 -9999 -9999 -9999 8.35 7.08 4.72 4.69 4.22 4.81 4.71 5.36 5.27 3.01 5.39 8.32 9.43 6.51 8.31 9.21 9.63 7.23 7.85 7.93 6.43 4.05 3.90 4.17 1.59 2.53 5.16 7.34 -9999 -9999 -9999 -9999 -9999 -9999 -9999 -9999 -9999 -9999 -9999 -9999 -9999 -9999 -9999 -9999 -9999 -9999 -9999 -9999 -9999 -9999 -9999 -9999 -9999 -9999 -9999 -9999 -9999
-9999 -9999 10.68 10.50 -9999 -9999 -9999 9.11 9.74 9.40 9.73 -9999 -9999 -9999 -9999 9.76 -9999 -9999 -9999 -9999 -9999 -9999 7.14 6.09 5.05 5.58 6.24 6.18 5.51 5.73 5.11 3.93 4.05 7.38 8.63 4.88 10.23 9.85 11.01 7.72 7.77 9.22 6.54 4.70 3.94 2.34 1.14 2.46 5.00 7.42 -9999 -9999 -9999 -9999 -9999 -9999 -9999 -9999 -9999 -9999 -9999 -9999 -9999 -9999 -9999 -9999 -9999 -9999 -9999 -9999 -9999 -9999 -9999 -9999 -9999 -9999 -9999 -9999 -9999
-9999 -9999 -9999 11.83 -9999 -9999 -9999 -9999 9.54 10.56 10.28 -9999 -9999 -9999 -9999 -9999 -9999 -9999 -9999 -9999 -9999 8.12 6.86 6.69 6.35 6.43 7.89 7.60 6.85 6.77 6.10 5.44 3.68 5.02 11.01 10.90 10.33 10.13 7.80 6.88 7.17 5.37 3.32 5.31 5.26 2.12 1.63 3.08 5.23 7.93 9.77 -9999 -9999 -9999 -9999 -9999 -9999 -9999 -9999 -9999 -9999 -9999 -9999 -9999 -9999 -9999 -9999 -9999 -9999 -9999 -9999 -9999 -9999 -9999 -9999 -9999 -9999 -9999 -9999
-9999 -9999 -9999 12.92 -9999 -9999 -9999 -9999 -9999 -9999 -9999 -9999 -9999 -9999 -9999 -9999 -9999 -9999 -9999 -9999 -9999 8.19 6.32 5.08 3.91 3.45 11.04 8.46 7.21 9.01 6.29 7.16 2.73 2.82 8.72 12.71 9.18 7.49 11.77 13.74 12.10 9.33 7.56 3.40 3.74 3.34 4.26 4.03 5.50 8.47 9.97 10.46 -9999 -9999 -9999 -9999 -9999 -9999 -9999 -9999 -9999 -9999 -9999 -9999 -9999 -9999 -9999 -9999 -9999 -9999 -9999 -9999 -9999 -9999 -9999 -9999 -9999 -9999 -9999
-9999 -9999 -9999 -9999 -9999 -9999 -9999 -9999 -9999 -9999 -9999 -9999 -9999 -9999 -9999 -9999 -9999 -9999 -9999 -9999 8.66 7.40 5.52 4.30 7.22 2.92 15.40 14.16 6.55 7.34 6.15 5.40 5.46 2.55 3.93 13.01 12.61 10.50 8.94 7.95 10.26 9.61 8.20 5.93 4.60 4.29 4.13 4.62 6.61 7.62 8.23 9.17 -9999 -9999 -9999 -9999 -9999 -9999 -9999 -9999 -9999 -9999 -9999 -9999 -9999 -9999 -9999 -9999 -9999 -9999 -9999 -9999 -9999 -9999 -9999 -9999 -9999 -9999 -9999
-9999 -9999 -9999 -9999 -9999 -9999 -9999 -9999 -9999 -9999 -9999 -9999 -9999 -9999 -9999 -9999 -9999 -9999 -9999 -9999 7.57 7.76 4.51 6.42 14.10 6.60 3.41 9.12 9.77 7.07 6.29 5.61 5.23 4.19 4.52 6.79 15.27 12.34 10.82 8.42 8.13 8.11 6.23 5.79 5.65 6.45 5.15 6.45 6.46 7.17 7.14 7.64 8.39 8.94 9.07 -9999 -9999 -9999 -9999 -9999 -9999 -9999 -9999 -9999 -9999 -9999 -9999 -9999 -9999 -9999 -9999 -9999 -9999 -9999 -9999 -9999 -9999 -9999 -9999
-9999 -9999 -9999 -9999 -9999 -9999 -9999 -9999 -9999 -9999 -9999 -9999 -9999 -9999 -9999 -9999 -9999 -9999 -9999 -9999 7.46 6.67 5.81 9.34 5.44 4.99 6.49 10.93 7.26 5.49 8.79 3.59 6.08 5.28 5.81 5.55 8.52 10.49 10.06 9.15 8.41 6.23 6.29 5.73 5.32 5.20 5.72 5.96 6.57 6.26 6.22 6.38 9.34 7.76 8.87 9.78 9.69 -9999 -9999 -9999 -9999 -9999 -9999 -9999 -9999 -9999 -9999 -9999 -9999 -9999 -9999 -9999 -9999 -9999 -9999 -9999 -9999 -9999 -9999
-9999 -9999 -9999 -9999 -9999 -9999 -9999 -9999 -9999 -9999 -9999 -9999 -9999 -9999 -9999 -9999 -9999 -9999 -9999 -9999 7.45 6.40 7.09 12.42 13.58 9.03 5.41 6.78 7.36 9.76 4.76 8.11 6.28 5.70 7.04 6.69 4.63 5.23 9.68 9.20 8.33 7.50 6.60 6.22 6.34 6.34 5.94 6.28 6.17 5.73 6.08 5.94 6.69 9.26 8.73 8.95 10.42 10.58 8.93 -9999 -9999 -9999 -9999 -9999 -9999 -9999 -9999 -9999 -9999 -9999 -9999 -9999 -9999 -9999 -9999 -9999 -9999 -9999 -9999
-9999 -9999 -9999 -9999 -9999 -9999 -9999 -9999 -9999 -9999 -9999 -9999 -9999 -9999 -9999 -9999 -9999 -9999 -9999 -9999 8.06 6.23 7.96 9.21 4.89 17.08 13.63 6.10 8.13 5.61 9.43 10.15 6.24 4.81 6.09 6.46 4.19 11.65 10.27 9.98 10.68 11.12 10.30 7.07 8.30 7.10 6.71 6.62 6.38 6.13 5.64 4.74 5.43 7.98 6.97 6.66 7.58 9.22 7.93 10.92 -9999 -9999 -9999 -9999 -9999 -9999 -9999 -9999 -9999 -9999 -9999 -9999 -9999 -9999 -9999 -9999 -9999 -9999 -9999
-9999 -9999 -9999 -9999 -9999 -9999 -9999 -9999 9.24 9.60 10.41 -9999 -9999 -9999 -9999 -9999 -9999 -9999 -9999 -9999 -9999 7.77 6.16 4.42 6.66 9.26 12.46 5.98 3.04 7.97 7.20 6.19 4.80 6.76 7.02 5.54 6.31 9.07 9.36 13.14 12.00 9.85 9.44 10.20 8.73 7.57 7.17 6.76 6.55 5.63 4.81 8.87 7.83 11.00 11.61 10.53 9.37 6.85 9.99 10.72 9.85 -9999 -9999 -9999 -9999 -9999 -9999 -9999 -9999 -9999 -9999 -9999 -9999 -9999 -9999 -9999 -9999 -9999 -9999
-9999 -9999 -9999 -9999 -9999 -9999 -9999 -9999 7.58 7.84 -9999 -9999 -9999 -9999 -9999 -9999 -9999 -9999 -9999 -9999 -9999 -9999 6.27 3.40 7.45 8.35 16.10 7.79 7.68 6.70 4.35 3.28 3.59 3.40 11.46 5.34 6.47 11.53 9.13 6.50 6.10 10.81 7.13 10.28 8.52 7.48 6.98 6.76 5.96 6.03 8.06 8.93 8.13 7.77 7.41 8.72 9.76 9.29 9.74 9.71 12.02 -9999 -9999 -9999 -9999 -9999 -9999 -9999 -9999 -9999 -9999 -9999 -9999 -9999 -9999 -9999 -9999 -9999 -9999
-9999 -9999 -9999 -9999 -9999 -9999 -9999 7.17 9.96 9.92 9.63 -9999 -9999 -9999 -9999 -9999 -9999 -9999 -9999 -9999 -9999 -9999 6.75 8.30 8.95 9.43 7.15 8.66 6.52 5.82 4.55 3.74 5.45 3.81 2.23 11.24 7.07 6.30 10.11 8.30 11.41 8.68 9.24 8.04 7.97 7.64 7.59 6.72 5.79 6.59 7.76 6.78 7.76 8.88 8.55 9.14 8.92 9.28 9.66 8.33 11.45 10.41 -9999 -9999 -9999 -9999 -9999 -9999 -9999 -9999 -9999 -9999 -9999 -9999 -9999 -9999 -9999 -9999 -9999
-9999 -9999 -9999 -9999 -9999 -9999 5.96 10.11 12.01 15.63 9.65 -9999 -9999 -9999 -9999 -9999 -9999 -9999 -9999 -9999 -9999 -9999 8.20 12.46 9.37 5.23 6.82 6.29 6.93 4.97 3.95 4.68 5.62 3.08 9.09 6.13 9.62 6.75 11.65 6.30 7.85 6.12 8.64 7.33 7.89 8.25 7.18 6.96 5.65 5.26 8.38 8.85 8.53 7.54 7.86 7.62 7.68 8.08 9.83 9.89 9.50 10.38 -9999 -9999 -9999 -9999 -9999 -9999 -9999 -9999 -9999 -9999 -9999 -9999 -9999 -9999 -9999 -9999 -9999
-9999 -9999 -9999 -9999 -9999 7.66 6.70 13.76 11.12 10.86 -9999 -9999 -9999 -9999 -9999 -9999 -9999 -9999 -9999 -9999 -9999 -9999 -9999 8.37 6.11 5.56 7.85 5.44 7.63 5.60 4.75 4.29 4.63 3.06 9.22 8.92 10.09 9.51 10.57 10.71 10.75 9.46 9.20 9.61 9.15 7.35 7.10 6.66 5.44 5.02 5.82 10.54 9.39 6.90 6.49 6.69 6.46 6.62 6.73 6.98 6.77 7.83 9.51 10.30 -9999 -9999 -9999 -9999 -9999 -9999 -9999 -9999 -9999 -9999 -9999 -9999 -9999 -9999 -9999
-9999 -9999 -9999 -9999 -9999 10.15 11.53 7.89 8.70 9.52 -9999 -9999 -9999 -9999 -9999 -9999 -9999 -9999 -9999 -9999 -9999 -9999 -9999 -9999 6.92 7.45 6.72 5.85 7.13 6.35 6.12 5.35 5.57 3.14 9.28 8.29 7.31 9.74 8.54 7.86 12.45 12.39 8.80 10.72 9.54 8.92 6.88 6.21 5.78 5.34 5.49 6.59 7.17 6.57 6.62 6.59 6.58 6.23 6.09 6.12 6.33 9.33 9.73 9.49 -9999 -9999 -9999 -9999 -9999 -9999 -9999 -9999 -9999 -9999 -9999 -9999 -9999 -9999 -9999
-9999 -9999 -9999 -9999 -9999 10.96 9.38 9.96 9.20 -9999 -9999 -9999 -9999 -9999 -9999 -9999 -9999 -9999 -9999 -9999 -9999 -9999 -9999 -9999 8.16 8.09 7.51 -9999 7.49 -9999 6.68 5.42 4.36 3.03 3.23 8.57 7.74 8.40 11.94 5.00 6.32 12.26 10.24 9.71 9.64 8.37 6.92 6.42 6.26 5.77 5.71 5.98 6.96 8.11 7.06 7.63 6.49 5.65 6.71 8.01 7.65 7.06 7.12 8.97 10.89 11.50 -9999 -9999 -9999 -9999 -9999 -9999 -9999 -9999 -9999 -9999 -9999 -9999 -9999
-9999 -9999 -9999 -9999 10.89 9.67 9.23 -9999 -9999 -9999 -9999 -9999 -9999 -9999 -9999 -9999 -9999 -9999 -9999 -9999 -9999 -9999 -9999 -9999 9.37 8.35 7.51 -9999 -9999 -9999 6.51 6.76 3.39 4.20 5.59 4.28 4.19 6.36 10.82 10.59 5.29 9.88 11.69 8.80 10.17 9.02 7.77 5.94 6.10 5.88 5.91 6.04 6.36 6.81 6.81 7.13 5.76 6.30 7.55 8.53 8.93 8.72 7.78 7.70 8.88 10.18 -9999 -9999 -9999 -9999 -9999 -9999 -9999 -9999 -9999 -9999 -9999 -9999 -9999
-9999 -9999 -9999 -9999 -9999 -9999 -9999 -9999 -9999 -9999 -9999 -9999 -9999 -9999 -9999 -9999 -9999 -9999 -9999 -9999 -9999 -9999 -9999 -9999 -9999 -9999 -9999 -9999 -9999 7.44 5.35 4.81 6.33 7.35 8.23 8.07 6.38 7.02 10.01 9.71 7.59 5.59 9.19 10.64 9.00 8.10 7.24 6.52 6.36 6.58 6.13 6.03 6.18 6.23 6.11 5.53 6.56 9.36 7.85 8.66 7.99 8.06 7.09 7.66 8.55 -9999 -9999 -9999 -9999 -9999 -9999 -9999 -9999 -9999 -9999 -9999 -9999 -9999 -9999
-9999 -9999 -9999 -9999 -9999 -9999 -9999 -9999 -9999 -9999 -9999 -9999 -9999 -9999 -9999 -9999 -9999 -9999 -9999 -9999 -9999 -9999 -9999 -9999 -9999 -9999 -9999 -9999 -9999 6.80 5.05 6.04 8.52 11.36 10.21 7.17 8.37 5.76 6.27 5.69 7.46 8.03 9.02 9.41 9.12 7.92 7.47 7.11 6.42 6.66 6.14 6.13 6.22 6.33 6.14 5.46 6.19 10.31 9.58 7.91 7.63 7.41 7.08 7.62 8.65 -9999 -9999 -9999 -9999 -9999 -9999 -9999 -9999 -9999 -9999 -9999 -9999 -9999 -9999
-9999 -9999 -9999 -9999 -9999 -9999 -9999 -9999 -9999 -9999 -9999 -9999 -9999 -9999 -9999 -9999 -9999 -9999 -9999 -9999 -9999 -9999 -9999 -9999 -9999 -9999 -9999 -9999 -9999 6.10 4.53 4.81 7.80 9.08 8.66 7.79 7.29 6.33 6.94 5.71 5.62 6.51 5.07 9.28 7.95 9.03 7.79 7.50 6.32 6.15 6.31 6.28 6.35 6.33 6.28 5.96 5.89 8.19 9.18 8.33 7.74 7.71 7.36 7.57 8.10 -9999 -9999 -9999 -9999 -9999 -9999 -9999 -9999 -9999 -9999 -9999 -9999 -9999 -9999
-9999 -9999 -9999 -9999 -9999 -9999 -9999 -9999 -9999 -9999 -9999 -9999 -9999 -9999 -9999 -9999 -9999 -9999 -9999 -9999 -9999 -9999 -9999 -9999 -9999 -9999 -9999 8.97 7.36 5.46 4.31 7.01 8.89 11.73 8.43 9.96 5.08 6.18 6.13 7.12 7.64 7.40 9.47 6.10 6.49 6.57 6.57 6.18 7.04 6.19 6.21 6.57 6.31 6.32 6.45 6.25 6.23 6.74 8.75 8.32 7.74 7.70 7.61 7.28 7.16 8.05 -9999 -9999 -9999 -9999 -9999 -9999 -9999 -9999 -9999 -9999 -9999 -9999 -9999
-9999 -9999 -9999 -9999 -9999 -9999 -9999 -9999 -9999 -9999 -9999 -9999 -9999 -9999 -9999 -9999 -9999 -9999 -9999 -9999 -9999 -9999 -9999 -9999 -9999 -9999 -9999 8.28 6.58 5.48 4.87 5.36 8.41 6.28 6.02 4.34 5.98 8.98 6.47 7.97 7.39 8.61 5.37 9.32 7.22 8.43 8.11 8.18 7.02 6.62 6.33 6.24 6.24 6.37 6.43 6.49 6.38 6.46 7.33 8.70 8.16 7.75 7.78 6.95 6.20 7.37 -9999 -9999 -9999 -9999 -9999 -9999 -9999 -9999 -9999 -9999 -9999 -9999 -9999
-9999 -9999 -9999 -9999 -9999 -9999 -9999 -9999 -9999 -9999 -9999 -9999 -9999 -9999 -9999 -9999 -9999 -9999 -9999 -9999 -9999 -9999 -9999 -9999 -9999 -9999 -9999 8.29 6.48 5.83 5.39 5.66 6.25 6.51 5.43 4.49 5.94 6.17 5.49 7.36 9.82 7.50 7.05 5.80 7.68 6.02 6.69 7.42 7.81 6.95 6.68 6.24 6.23 6.40 6.49 6.57 6.57 6.49 6.97 8.41 9.22 8.18 7.61 6.67 5.64 6.38 7.77 -9999 -9999 -9999 -9999 -9999 -9999 -9999 -9999 -9999 -9999 -9999 -9999
-9999 -9999 -9999 -9999 -9999 -9999 -9999 -9999 -9999 -9999 -9999 -9999 -9999 -9999 -9999 -9999 -9999 -9999 -9999 -9999 -9999 -9999 -9999 -9999 -9999 -9999 -9999 8.02 6.64 6.18 6.11 5.85 5.60 5.23 5.80 6.78 4.42 4.35 5.39 9.85 9.89 10.98 9.61 7.67 7.47 7.97 6.57 6.01 7.15 7.60 6.63 6.27 6.34 6.30 6.49 6.69 6.86 6.76 6.91 8.71 9.96 8.75 7.96 7.04 5.79 5.70 6.96 8.31 -9999 -9999 -9999 -9999 -9999 -9999 -9999 -9999 -9999 -9999 -9999
-9999 -9999 -9999 -9999 -9999 -9999 -9999 -9999 -9999 -9999 -9999 -9999 -9999 -9999 -9999 -9999 -9999 -9999 -9999 -9999 -9999 -9999 -9999 -9999 -9999 -9999 -9999 8.04 6.47 6.06 5.83 5.41 4.85 5.24 4.69 5.81 6.36 8.10 9.52 10.45 7.78 9.56 8.28 8.20 6.81 8.09 7.54 6.79 6.20 6.11 6.35 6.23 6.36 6.47 6.67 6.82 7.09 7.25 7.37 7.91 8.99 8.61 7.87 7.33 6.67 6.11 6.18 7.65 -9999 -9999 -9999 -9999 -9999 -9999 -9999 -9999 -9999 -9999 -9999
-9999 -9999 -9999 -9999 -9999 -9999 -9999 -9999 -9999 -9999 -9999 -9999 -9999 -9999 -9999 -9999 -9999 -9999 -9999 -9999 -9999 -9999 -9999 -9999 -9999 -9999 -9999 -9999 6.50 6.10 5.62 4.85 5.18 6.85 6.85 7.65 6.57 6.39 8.45 8.25 9.53 8.69 6.86 5.53 6.14 6.07 7.39 6.62 6.37 6.95 6.72 6.22 6.52 6.52 6.73 6.81 7.03 7.36 7.62 7.86 7.82 7.95 7.87 7.71 -9999 6.99 7.19 8.05 9.64 -9999 -9999 -9999 -9999 -9999 -9999 -9999 -9999 -9999 -9999
-9999 -9999 -9999 -9999 -9999 -9999 -9999 -9999 -9999 -9999 -9999 -9999 -9999 -9999 -9999 -9999 -9999 -9999 -9999 -9999 -9999 -9999 -9999 -9999 -9999 -9999 -9999 7.84 6.40 5.93 5.17 4.49 4.59 8.47 9.07 7.19 9.82 9.38 7.47 7.11 11.00 9.09 9.34 6.91 5.26 7.25 6.09 5.65 6.43 6.65 6.32 6.53 6.38 6.46 6.59 6.83 6.81 6.99 8.46 7.79 7.27 8.48 7.62 7.50 7.36 -9999 8.15 8.89 10.15 11.19 -9999 -9999 -9999 -9999 -9999 -9999 -9999 -9999 -9999
-9999 -9999 -9999 -9999 -9999 -9999 -9999 -9999 -9999 -9999 -9999 -9999 -9999 -9999 -9999 -9999 -9999 -9999 -9999 -9999 -9999 -9999 -9999 -9999 -9999 -9999 -9999 7.58 6.16 5.73 5.15 6.38 5.47 6.70 9.60 6.66 7.04 7.34 5.37 5.24 8.81 8.19 8.08 5.20 7.13 8.16 6.15 7.22 6.58 7.20 6.99 6.64 6.33 6.38 6.48 6.59 6.54 6.58 6.90 7.38 6.57 6.87 7.41 6.75 7.36 7.77 -9999 -9999 -9999 -9999 -9999 -9999 -9999 -9999 -9999 -9999 -9999 -9999 -9999
-9999 -9999 -9999 -9999 -9999 -9999 -9999 -9999 -9999 -9999 -9999 -9999 -9999 -9999 -9999 -9999 -9999 -9999 -9999 -9999 -9999 -9999 -9999 -9999 -9999 -9999 9.11 6.94 5.90 6.52 6.09 6.17 5.80 6.83 7.12 6.61 6.34 5.82 5.43 5.57 7.93 10.22 10.22 6.17 8.71 8.30 6.24 6.69 5.93 6.67 7.01 6.47 6.16 6.47 6.48 6.48 6.63 6.53 6.82 7.03 6.90 6.71 7.96 7.26 7.09 7.33 8.43 9.63 -9999 -9999 -9999 -9999 -9999 -9999 -9999 -9999 -9999 -9999 -9999
-9999 -9999 -9999 -9999 -9999 -9999 -9999 -9999 -9999 -9999 -9999 -9999 -9999 -9999 -9999 -9999 -9999 -9999 -9999 -9999 -9999 -9999 -9999 -9999 -9999 -9999 -9999 7.12 5.96 5.89 6.27 8.04 6.10 5.89 5.89 6.31 6.55 5.94 5.47 5.03 5.02 8.54 9.57 10.60 8.29 8.73 7.96 7.14 7.58 5.75 5.95 6.85 6.21 6.34 6.30 6.34 6.62 6.61 6.84 7.28 7.02 6.59 6.68 8.76 7.60 7.16 7.50 8.40 9.55 10.82 -9999 -9999 -9999 -9999 -9999 -9999 -9999 -9999 -9999
-9999 -9999 -9999 -9999 -9999 -9999 -9999 -9999 -9999 -9999 -9999 -9999 -9999 -9999 -9999 -9999 -9999 -9999 -9999 -9999 -9999 -9999 -9999 -9999 -9999 -9999 -9999 7.10 6.39 5.94 6.12 6.38 6.48 6.16 5.69 5.83 5.49 5.22 5.12 4.97 5.34 4.61 8.92 11.49 12.20 9.97 8.57 8.06 6.80 7.04 6.24 7.31 6.40 6.47 6.31 6.33 6.48 6.70 7.25 7.47 7.27 6.74 7.08 8.89 8.18 8.26 7.17 7.35 8.35 9.71 -9999 -9999 -9999 -9999 -9999 -9999 -9999 -9999 -9999
-9999 -9999 -9999 -9999 -9999 -9999 -9999 10.64 9.82 10.33 11.52 -9999 -9999 -9999 -9999 -9999 -9999 -9999 -9999 -9999 -9999 -9999 -9999 -9999 -9999 -9999 7.66 6.56 6.87 6.28 7.08 6.61 6.00 5.80 5.80 5.62 5.58 5.33 5.16 4.82 4.35 7.13 9.61 9.84 8.06 10.98 10.02 7.06 7.05 5.35 8.01 7.98 6.67 6.59 6.40 6.39 6.57 6.89 7.38 7.94 7.75 7.08 7.01 7.34 8.90 8.63 8.93 7.29 7.28 8.65 10.21 -9999 -9999 -9999 -9999 -9999 -9999 -9999 -9999
-9999 -9999 -9999 -9999 -9999 -9999 -9999 9.85 8.96 8.93 9.62 -9999 -9999 -9999 -9999 -9999 -9999 -9999 -9999 -9999 -9999 -9999 -9999 -9999 -9999 7.79 7.38 6.55 6.84 7.78 6.60 6.48 5.62 5.59 5.78 5.60 5.74 5.75 4.89 4.20 3.82 5.54 11.29 11.42 7.80 9.59 9.06 8.78 6.15 5.45 7.20 7.77 7.01 6.23 6.22 6.46 7.07 7.27 7.52 7.87 8.23 7.61 7.37 7.24 8.74 8.70 8.54 7.54 7.40 7.90 9.54 -9999 -9999 -9999 -9999 -9999 -9999 -9999 -9999
-9999 -9999 -9999 -9999 -9999 12.96 9.81 8.15 8.33 8.18 9.28 9.15 10.44 11.22 -9999 -9999 11.15 9.40 -9999 -9999 -9999 7.98 9.11 8.19 -9999 5.84 7.58 6.83 6.45 6.92 6.35 6.45 6.37 6.91 6.48 6.43 5.56 5.78 4.92 4.67 7.44 4.88 7.28 9.98 5.45 7.34 11.84 6.82 8.53 6.54 7.15 7.35 6.88 6.62 6.63 6.77 7.27 7.21 7.63 7.76 8.47 7.73 7.44 7.38 7.70 8.28 9.11 8.64 7.59 7.46 8.85 10.62 -9999 -9999 -9999 -9999 -9999 -9999 -9999
-9999 -9999 -9999 -9999 -9999 -9999 10.27 8.71 8.00 7.59 7.92 9.17 10.59 8.05 -9999 7.12 8.64 9.51 8.18 9.02 5.94 5.26 9.33 9.10 7.45 -9999 5.42 6.97 6.90 6.20 6.15 6.71 6.04 5.94 5.92 5.77 5.87 5.41 5.41 4.92 7.77 8.16 8.03 8.74 8.10 10.08 10.24 8.55 6.62 6.22 7.90 7.92 6.68 7.16 6.78 7.30 7.56 7.30 7.51 7.66 8.52 7.79 7.47 7.42 7.22 7.90 8.57 9.21 8.40 7.70 8.31 9.99 -9999 -9999 -9999 -9999 -9999 -9999 -9999
