ML/MeanWindSpeed_1997-12_Actual.txt
ncols         180
nrows         290
xllcorner     -200000
yllcorner     -200000
cellsize      5000
NODATA_value  -9999
[rows 170 to 203 of 290, columns 78 to 155 of 180]
-9999 -9999 -9999 -9999 -9999 -9999 -9999 -9999 -9999 -9999 -9999 -9999 -9999 -9999 -9999 -9999 -9999 -9999 -9999 -9999 -9999 -9999 -9999 -9999 -9999 -9999 -9999 -9999 9.93 8.96 8.44 8.74 9.12 9.30 9.12 8.78 8.90 8.47 8.10 7.84 7.56 7.82 7.18 11.71 14.16 14.98 12.92 11.47 10.81 9.41 9.46 8.70 9.70 8.69 8.72 8.57 8.60 8.66 8.63 8.96 9.05 8.71 8.03 8.49 10.51 10.04 10.32 9.34 9.70 10.98 12.77 -9999 -9999 -9999 -9999 -9999 -9999 -9999
-9999 -9999 -9999 -9999 -9999 -9999 -9999 -9999 16.86 15.78 16.30 17.58 -9999 -9999 -9999 -9999 -9999 -9999 -9999 -9999 -9999 -9999 -9999 -9999 -9999 -9999 -9999 10.55 9.17 9.32 8.74 9.63 9.35 8.84 8.73 8.81 8.64 8.55 8.19 7.86 7.41 6.75 9.65 12.41 12.65 11.05 13.98 13.05 9.96 9.65 7.74 10.36 10.32 8.94 8.81 8.60 8.59 8.63 8.61 8.81 9.21 8.94 8.17 8.22 8.84 10.63 10.62 11.04 9.48 9.54 11.30 13.37 -9999 -9999 -9999 -9999 -9999 -9999
-9999 -9999 -9999 -9999 -9999 -9999 -9999 -9999 15.66 14.42 14.43 15.38 -9999 -9999 -9999 -9999 -9999 -9999 -9999 -9999 -9999 -9999 -9999 -9999 -9999 -9999 10.49 9.89 8.91 9.27 10.33 9.23 9.17 8.38 8.44 8.68 8.50 8.62 8.54 7.55 6.69 6.22 8.13 14.16 14.39 10.85 12.75 12.13 11.63 8.76 7.82 9.56 10.15 9.28 8.42 8.36 8.56 8.97 8.80 8.69 8.88 9.17 8.58 8.48 8.69 10.46 10.68 10.69 9.73 9.60 10.33 12.44 -9999 -9999 -9999 -9999 -9999 -9999
-9999 -9999 -9999 -9999 -9999 -9999 19.64 15.99 13.80 13.63 13.42 14.69 14.66 16.17 17.07 -9999 -9999 15.82 13.52 -9999 -9999 -9999 10.66 11.77 10.88 -9999 8.17 9.77 9.06 8.83 9.35 8.84 8.98 8.98 9.62 9.29 9.24 8.37 8.44 7.44 7.21 9.95 7.64 10.41 13.01 8.41 10.37 14.66 9.59 10.94 8.83 9.52 9.72 9.11 8.73 8.68 8.78 9.07 8.65 8.69 8.62 9.27 8.58 8.55 8.86 9.47 10.28 11.27 10.85 9.79 9.75 11.51 13.80 -9999 -9999 -9999 -9999 -9999
-9999 -9999 -9999 -9999 -9999 -9999 -9999 16.57 14.52 13.47 12.81 13.09 14.39 15.91 13.50 -9999 12.35 12.87 12.97 11.21 11.74 8.31 7.22 11.11 11.21 9.77 -9999 7.55 9.11 9.08 8.39 8.43 9.12 8.62 8.61 8.71 8.56 8.61 7.98 7.69 7.26 10.28 10.90 11.02 11.70 10.84 12.86 13.11 11.24 9.03 8.46 10.17 10.16 8.84 9.20 8.79 9.31 9.40 8.86 8.69 8.55 9.34 8.80 8.89 9.13 9.13 9.98 10.77 11.42 10.60 9.91 10.76 12.93 -9999 -9999 -9999 -9999 -9999
-9999 -9999 -9999 -9999 -9999 -9999 -9999 -9999 15.94 14.77 13.54 12.86 12.39 10.13 9.28 15.53 21.08 11.03 12.78 11.88 10.95 9.01 6.19 6.43 8.97 11.06 9.16 7.29 7.68 8.58 7.97 8.27 9.57 9.01 8.73 8.38 8.43 8.32 7.74 7.14 6.98 11.76 12.77 11.20 11.67 9.67 9.28 10.92 10.84 8.89 8.58 9.75 9.21 8.71 9.26 8.96 9.95 9.47 9.33 9.09 9.05 10.40 9.61 9.44 9.50 9.32 9.80 10.37 10.49 10.76 11.13 10.16 12.12 14.48 -9999 -9999 -9999 -9999
-9999 -9999 -9999 -9999 -9999 -9999 -9999 -9999 -9999 16.86 14.07 12.00 9.80 8.26 10.69 24.28 17.93 9.66 13.74 8.76 11.20 10.90 7.19 5.34 11.49 9.68 10.10 8.76 7.48 7.61 7.52 7.02 8.35 9.08 8.92 8.61 8.19 8.22 7.61 6.88 8.36 9.92 13.38 11.59 12.58 11.45 7.65 10.11 11.84 9.03 9.04 9.70 9.05 8.90 9.09 9.10 10.18 9.52 9.41 9.67 9.67 10.63 10.50 9.98 9.81 9.64 9.76 10.36 11.48 10.56 9.97 10.01 11.68 14.11 -9999 -9999 -9999 -9999
-9999 -9999 -9999 -9999 -9999 -9999 -9999 -9999 -9999 -9999 14.11 10.88 9.94 11.20 21.07 24.75 18.39 13.59 12.33 11.74 12.26 12.44 11.53 7.43 7.03 12.08 9.69 8.85 8.32 7.49 7.32 7.47 7.96 8.66 8.44 8.08 8.17 7.95 7.55 7.61 8.38 10.67 11.88 9.93 10.42 11.84 9.84 7.87 11.74 9.17 9.09 9.68 8.99 8.97 8.92 9.55 10.27 9.74 9.68 9.78 9.54 11.06 10.62 10.27 10.17 10.06 10.32 10.27 10.33 9.98 9.86 10.17 12.14 14.36 -9999 -9999 -9999 -9999
-9999 -9999 -9999 -9999 -9999 -9999 -9999 -9999 -9999 -9999 13.07 10.89 12.31 14.96 18.17 22.46 15.29 10.92 12.11 13.39 12.87 13.60 11.87 8.19 5.92 12.11 11.83 9.69 9.03 7.40 7.09 7.56 8.76 8.74 8.52 8.27 7.66 7.24 7.57 9.37 9.17 7.95 12.40 10.06 10.58 12.18 11.90 10.14 9.52 8.80 7.76 9.16 9.81 8.95 8.94 8.99 9.68 9.59 10.05 9.92 9.84 10.52 11.22 10.87 10.82 10.53 10.44 10.23 9.94 9.78 10.26 11.41 13.25 -9999 -9999 -9999 -9999 -9999
-9999 -9999 -9999 -9999 -9999 -9999 -9999 -9999 -9999 -9999 11.71 11.23 12.71 13.41 18.73 17.91 14.08 13.65 11.09 11.66 13.51 12.10 13.95 10.43 6.47 11.01 12.41 11.91 9.02 7.87 6.96 7.97 9.34 9.30 8.59 8.00 7.47 7.65 8.89 9.31 7.90 7.81 10.84 10.68 10.40 10.48 9.93 10.07 10.77 7.80 8.52 8.92 8.68 9.07 8.80 9.70 9.14 9.56 9.97 10.02 10.45 12.46 11.86 11.29 10.97 10.77 10.51 10.18 9.91 9.98 11.23 12.94 -9999 -9999 -9999 -9999 -9999 -9999
-9999 -9999 -9999 -9999 -9999 -9999 -9999 -9999 -9999 13.12 18.78 12.67 14.14 15.97 12.63 21.25 18.39 16.04 13.87 15.70 12.55 12.71 10.77 8.19 8.80 12.93 12.36 11.94 9.09 7.77 7.04 8.68 9.23 8.94 8.55 7.77 7.60 8.89 8.58 8.24 9.12 9.85 8.40 12.50 11.63 9.28 10.02 9.43 8.76 8.59 7.87 8.00 8.26 9.22 8.82 8.44 9.89 9.46 9.79 10.20 10.88 12.54 11.86 11.33 11.11 10.69 10.43 9.93 9.70 10.73 12.37 -9999 -9999 -9999 -9999 -9999 -9999 -9999
-9999 -9999 -9999 -9999 -9999 -9999 -9999 14.12 13.34 16.40 14.55 12.84 13.77 14.65 10.68 11.76 13.56 16.04 14.84 15.66 13.82 13.03 7.28 9.12 9.25 7.93 9.34 9.05 9.43 8.38 7.77 8.89 9.44 9.28 8.43 8.24 9.17 8.63 8.99 8.21 9.59 10.19 10.12 9.41 8.68 10.10 9.81 9.30 9.11 8.95 8.70 7.70 8.58 8.46 7.91 8.27 8.85 9.27 9.73 9.89 10.82 12.36 11.70 11.04 10.90 10.42 10.09 9.65 9.96 11.30 -9999 -9999 -9999 -9999 -9999 14.28 13.77 13.23
-9999 -9999 -9999 -9999 -9999 -9999 14.33 13.84 13.82 14.33 14.23 14.23 13.00 10.46 8.81 10.12 11.88 14.03 19.58 11.79 8.94 7.36 4.34 10.32 12.17 12.50 10.38 9.31 9.53 9.21 8.87 9.34 9.98 9.42 8.81 8.63 9.23 9.57 8.24 8.13 9.81 10.06 9.72 9.32 9.42 9.68 8.82 9.24 8.29 8.28 8.81 8.31 7.85 7.46 7.81 8.67 8.60 8.90 9.29 9.67 10.45 12.26 11.73 10.87 10.45 10.06 9.78 9.50 9.84 10.95 -9999 -9999 -9999 -9999 -9999 12.64 11.71 11.26
-9999 -9999 -9999 -9999 -9999 14.95 15.33 14.56 14.69 -9999 -9999 -9999 -9999 10.14 14.42 12.17 12.34 14.74 11.95 8.57 9.84 8.20 6.80 15.57 14.11 12.41 13.42 10.79 9.00 9.52 9.70 9.40 9.58 9.40 8.83 9.17 8.77 9.90 8.59 8.36 8.93 9.50 9.71 9.59 8.73 8.83 8.79 8.71 8.27 8.05 7.80 7.63 7.47 7.74 8.37 8.31 8.26 8.99 9.67 9.98 10.29 11.34 11.25 10.97 10.10 9.82 9.53 9.22 9.31 10.21 11.95 -9999 -9999 -9999 -9999 11.42 10.48 10.27
-9999 -9999 -9999 -9999 -9999 16.51 17.56 14.90 15.64 -9999 -9999 -9999 -9999 10.22 12.69 13.73 9.33 13.28 11.37 9.19 11.07 12.45 9.88 14.08 8.71 10.30 10.93 10.06 9.08 9.34 9.72 9.60 9.83 10.21 9.15 9.53 9.22 9.27 9.61 8.65 8.89 8.34 9.05 9.86 10.26 10.20 8.75 8.21 8.04 7.93 8.25 7.62 7.72 8.22 8.53 9.11 8.56 10.31 10.52 10.84 10.27 10.83 10.84 10.60 9.81 9.72 9.49 9.13 8.99 9.16 10.29 11.37 -9999 -9999 11.87 11.04 10.41 10.62
-9999 -9999 -9999 -9999 -9999 -9999 -9999 -9999 -9999 -9999 -9999 -9999 -9999 11.45 15.23 12.79 8.62 10.16 7.89 12.67 11.60 7.75 11.23 11.26 10.04 10.96 9.70 9.11 8.55 9.71 9.67 10.03 9.81 9.38 9.20 9.01 8.79 8.99 9.40 8.72 8.54 8.77 9.00 8.77 9.60 9.72 7.88 8.97 9.81 8.75 8.71 8.27 7.41 8.32 9.28 10.13 9.87 9.55 10.13 10.93 10.57 10.98 10.74 10.52 9.66 9.66 9.51 9.26 8.98 8.65 8.96 9.74 10.78 11.19 10.71 10.43 9.66 10.53
-9999 -9999 -9999 -9999 -9999 -9999 -9999 -9999 -9999 -9999 -9999 -9999 -9999 -9999 15.35 7.52 6.92 9.95 12.93 11.08 12.30 11.65 8.21 9.45 10.83 8.15 8.33 7.98 8.31 8.85 9.49 9.71 9.74 9.42 8.96 8.69 8.90 8.77 9.21 8.77 8.35 10.37 9.84 8.80 8.70 8.56 8.44 8.24 9.15 9.30 8.92 9.94 8.42 8.31 9.07 8.77 9.16 9.45 9.54 10.84 10.92 10.69 10.31 10.49 9.71 9.69 9.54 9.27 9.10 8.99 9.02 9.04 9.54 9.85 9.86 9.64 9.68 10.65
-9999 -9999 -9999 -9999 -9999 -9999 -9999 -9999 -9999 -9999 -9999 -9999 -9999 -9999 11.03 14.23 14.60 12.30 10.07 8.84 10.76 8.69 8.67 7.40 7.19 9.29 7.46 7.68 9.64 9.46 9.49 9.40 8.77 8.64 9.05 8.87 9.83 9.73 9.37 8.66 8.11 10.04 10.94 9.76 8.76 8.34 8.50 8.44 8.34 8.56 9.37 11.52 10.31 8.65 8.32 8.64 9.64 10.73 10.91 10.67 11.22 10.87 10.45 10.11 9.79 9.77 9.61 9.53 9.37 9.27 9.28 9.32 9.45 9.57 9.82 9.71 9.50 10.33
-9999 -9999 -9999 -9999 -9999 -9999 -9999 -9999 -9999 -9999 -9999 -9999 -9999 13.43 12.46 9.98 16.85 11.09 8.33 9.96 9.53 8.19 10.73 7.80 7.65 9.83 6.86 12.79 10.14 8.69 9.13 10.34 8.77 8.33 10.93 10.78 9.97 8.91 9.21 8.94 8.53 9.36 10.00 9.70 8.97 8.62 8.43 8.46 8.77 8.61 9.81 9.91 9.38 8.75 8.39 8.99 9.99 11.10 11.26 10.50 10.72 10.72 10.49 10.16 9.89 9.80 9.76 9.70 9.57 9.42 9.41 9.45 9.34 9.43 10.02 9.94 9.64 9.97
-9999 -9999 -9999 -9999 -9999 -9999 -9999 -9999 -9999 -9999 -9999 -9999 -9999 12.39 12.90 17.27 11.15 6.60 7.73 7.38 8.89 11.40 11.13 8.76 8.63 8.66 7.11 8.08 9.24 10.77 10.72 9.15 9.07 8.95 9.56 10.25 9.03 8.73 9.28 9.08 9.40 9.86 9.58 9.76 9.34 8.85 8.61 8.41 8.45 8.65 9.58 10.00 9.38 8.26 8.49 9.70 11.05 10.69 11.41 11.35 10.78 10.31 10.89 10.13 10.22 9.93 9.89 9.69 9.61 9.53 9.41 9.36 9.32 9.35 10.19 9.98 9.55 9.73
-9999 -9999 -9999 -9999 -9999 -9999 -9999 -9999 -9999 -9999 -9999 -9999 -9999 13.95 15.14 8.44 9.12 7.40 8.23 8.36 12.91 11.33 12.59 9.91 9.09 7.40 6.12 7.09 10.38 12.56 13.81 9.42 10.75 9.65 10.09 10.06 8.51 8.56 8.87 9.22 9.58 9.13 9.32 10.54 9.74 8.70 8.61 9.60 8.31 8.81 9.28 9.21 8.66 8.29 8.90 9.63 10.25 10.56 10.57 9.96 9.98 10.49 10.69 9.74 9.69 9.88 9.82 9.72 9.53 9.31 9.31 9.30 9.30 9.38 9.70 9.55 9.69 9.63
-9999 -9999 -9999 -9999 -9999 -9999 -9999 -9999 -9999 -9999 -9999 -9999 -9999 -9999 9.57 9.98 11.08 12.70 13.47 11.66 12.15 10.38 7.66 7.35 6.68 7.68 7.88 7.31 8.88 9.94 13.04 10.82 9.63 9.41 10.94 10.60 8.56 9.28 8.40 8.70 10.82 9.32 9.22 9.23 9.31 8.36 8.28 9.80 9.23 8.71 9.23 8.85 8.55 8.85 9.72 9.57 9.67 9.44 10.05 9.43 10.56 10.64 9.78 9.59 10.08 9.94 9.60 9.48 9.29 9.21 9.23 9.23 9.27 9.29 9.35 9.41 9.64 9.68
-9999 -9999 -9999 -9999 -9999 -9999 -9999 -9999 -9999 -9999 -9999 -9999 -9999 -9999 10.51 10.57 11.19 13.26 15.93 14.76 11.22 8.45 6.87 8.12 9.95 11.86 13.76 10.98 9.25 10.25 11.41 10.43 8.49 11.55 10.95 10.66 9.26 10.01 8.84 8.49 9.22 10.52 10.16 9.56 9.01 8.35 8.36 9.45 9.19 8.82 8.86 9.16 9.28 9.56 10.11 9.53 9.31 10.42 10.54 10.54 10.40 10.60 9.71 10.04 10.52 9.60 9.37 9.28 9.17 9.21 9.17 9.15 9.20 9.23 9.32 9.30 9.28 9.28
-9999 -9999 -9999 -9999 -9999 -9999 -9999 -9999 -9999 -9999 -9999 -9999 -9999 12.25 9.37 9.59 11.87 13.24 12.67 12.14 9.47 9.89 13.89 11.25 11.60 11.85 10.38 9.78 10.66 11.43 10.00 8.81 9.41 11.43 11.40 10.67 9.22 10.23 8.52 8.39 9.90 9.48 9.85 9.93 9.23 8.70 8.63 9.56 9.37 8.61 8.83 8.83 8.72 9.48 9.28 10.28 9.81 10.54 9.99 10.40 10.62 9.82 9.63 10.45 10.35 9.40 9.25 9.45 9.18 9.25 9.21 9.28 9.24 9.18 9.20 9.05 9.45 9.86
-9999 -9999 -9999 -9999 -9999 -9999 -9999 -9999 -9999 -9999 -9999 -9999 -9999 14.03 11.05 9.43 9.22 11.38 14.85 13.93 12.00 10.22 10.87 12.32 13.63 13.77 10.44 12.62 13.63 10.14 12.17 8.26 8.99 11.11 12.83 9.77 10.10 8.90 7.97 8.10 8.97 11.60 10.19 10.15 9.63 9.23 9.21 9.49 9.14 8.59 8.71 8.64 8.50 8.48 9.78 10.31 10.36 11.06 10.26 10.01 10.10 9.75 10.13 10.61 10.31 9.73 9.90 9.63 9.80 9.36 9.32 9.51 9.47 9.19 9.04 8.86 8.97 9.84
-9999 -9999 -9999 -9999 -9999 -9999 -9999 -9999 -9999 -9999 -9999 -9999 -9999 12.26 10.45 7.00 8.02 10.84 14.90 13.03 12.79 10.38 12.29 11.75 10.59 11.46 12.24 12.36 10.97 9.78 10.40 12.55 9.36 9.64 9.70 9.80 11.11 9.68 8.17 8.21 8.99 9.54 9.42 10.28 9.84 9.48 9.60 8.99 8.39 8.77 8.91 8.95 8.38 9.00 10.34 10.41 9.69 10.06 10.95 10.16 10.49 9.73 10.64 10.86 10.13 9.92 9.95 9.28 9.37 9.21 9.23 9.28 9.12 8.99 8.93 8.82 9.22 8.92
-9999 -9999 -9999 -9999 -9999 -9999 -9999 -9999 -9999 -9999 -9999 -9999 11.87 12.16 13.11 9.82 7.66 11.37 12.81 14.63 14.16 9.51 9.97 8.91 10.40 12.23 10.83 10.95 12.72 11.29 10.70 10.23 9.31 8.76 8.97 9.86 9.89 9.49 9.05 8.46 8.38 9.20 9.52 8.98 9.36 9.15 9.67 8.86 8.63 8.68 8.24 8.10 8.43 9.58 9.72 9.89 9.35 10.29 10.57 10.30 9.73 10.59 10.74 10.89 10.96 10.44 9.87 9.51 9.19 9.19 9.19 9.00 8.84 8.63 8.51 8.67 9.13 9.21
-9999 -9999 -9999 -9999 -9999 -9999 -9999 -9999 -9999 -9999 -9999 13.39 12.49 12.57 10.05 7.72 10.23 13.21 13.85 12.08 13.64 9.91 10.90 9.15 9.12 15.49 11.58 12.46 10.77 10.92 9.56 9.12 9.26 10.26 9.45 11.25 9.82 10.02 8.65 8.36 8.45 8.88 9.26 8.88 8.98 9.30 9.35 8.06 8.48 8.33 8.38 8.53 8.95 9.64 9.17 9.95 9.58 9.98 9.44 9.48 10.66 11.12 10.79 11.01 10.80 9.85 10.00 9.79 9.59 9.37 8.98 8.64 8.28 8.35 8.34 9.00 9.43 9.77
-9999 -9999 -9999 -9999 -9999 -9999 -9999 -9999 -9999 15.82 13.74 11.89 9.81 8.89 8.49 8.28 10.99 12.15 13.50 14.93 13.10 10.59 7.13 9.65 9.70 14.03 11.95 11.39 11.53 10.17 9.64 8.42 9.25 11.04 10.58 10.79 8.96 9.05 8.72 8.66 9.11 8.89 9.29 8.62 8.72 8.91 8.15 7.89 8.13 8.78 8.53 9.31 10.04 9.75 9.40 9.03 8.87 9.70 10.33 10.26 10.73 10.05 10.86 11.01 10.30 9.44 9.29 9.89 9.59 9.43 8.56 8.14 7.78 7.98 8.96 9.42 9.40 10.30
-9999 -9999 -9999 -9999 -9999 16.57 15.20 13.43 15.78 15.29 14.83 14.19 11.17 9.58 8.35 12.48 10.76 12.60 12.85 12.48 9.47 7.96 6.03 7.76 8.57 15.46 14.34 12.22 10.20 10.52 9.86 11.09 8.66 10.42 10.82 10.51 9.80 8.91 8.42 9.23 8.67 8.26 9.47 8.53 8.36 7.89 8.03 8.36 8.81 8.13 8.91 8.64 9.13 10.05 9.91 9.65 9.44 10.08 10.27 10.16 10.07 10.90 10.13 10.03 9.72 9.22 9.69 9.75 9.60 8.77 8.03 7.85 7.91 8.93 9.20 8.98 9.86 9.35
-9999 -9999 -9999 -9999 17.04 14.50 14.51 13.36 12.52 13.90 13.19 12.98 10.34 8.44 11.07 11.56 11.69 8.57 13.24 9.38 6.98 11.40 8.57 6.15 13.68 12.90 12.07 8.48 8.52 9.35 12.28 9.56 9.00 9.02 9.12 10.65 10.37 10.08 8.81 8.94 8.33 8.24 9.05 8.49 7.94 7.86 8.09 8.55 8.42 10.20 8.58 8.41 8.92 9.68 9.17 9.14 8.85 9.17 9.73 9.76 10.62 10.18 9.71 9.77 9.82 9.16 9.25 9.11 8.40 7.99 7.70 7.65 7.82 8.39 9.31 9.43 9.69 9.52
-9999 -9999 -9999 16.21 15.53 12.46 11.84 11.87 12.65 12.07 12.14 10.72 10.81 14.18 11.13 9.78 12.35 6.66 8.65 8.16 10.98 10.55 11.59 10.19 10.67 9.71 7.47 12.15 12.09 9.12 9.70 9.21 8.84 9.35 8.67 8.92 10.64 10.78 8.52 8.10 8.19 8.58 7.92 7.29 7.63 10.00 8.19 8.00 8.73 9.58 8.94 8.50 9.06 9.55 9.52 10.00 9.45 8.84 8.79 8.90 9.97 9.68 9.22 9.98 9.71 8.96 8.82 8.44 7.94 7.92 7.84 7.78 8.06 8.33 9.22 8.77 8.79 9.24
16.21 13.99 15.33 12.82 12.58 13.15 12.13 11.68 13.54 12.14 11.64 11.39 13.72 12.76 10.84 11.60 10.19 7.31 6.84 9.96 10.40 9.16 9.95 11.89 8.67 5.93 11.35 13.32 11.23 11.48 9.35 9.56 8.71 9.19 10.84 9.11 11.28 9.57 8.35 7.89 8.17 9.36 6.89 7.29 11.14 8.94 8.38 8.40 9.13 10.08 8.78 8.75 9.07 8.80 9.30 9.26 8.73 8.42 8.70 8.41 8.92 9.30 9.30 8.92 8.50 8.10 7.82 8.04 9.09 8.34 9.05 8.40 7.56 8.85 8.89 9.14 8.93 8.87
12.25 11.49 14.11 16.96 15.94 15.38 12.25 13.25 14.74 13.25 12.54 14.32 12.60 11.80 13.53 9.99 6.77 6.79 7.10 9.74 9.82 9.54 9.20 8.34 6.20 8.45 17.89 14.76 11.66 9.37 9.94 9.51 10.83 9.45 9.94 9.11 9.22 9.11 8.81 8.02 7.69 7.36 6.63 10.16 11.18 10.49 9.12 8.71 11.18 9.86 8.96 9.01 8.63 9.27 9.14 8.73 7.91 8.82 8.36 7.79 9.40 9.25 8.24 8.09 7.91 7.57 7.90 8.70 8.95 8.66 9.03 8.28 7.95 8.82 8.99 8.59 8.91 8.84
