ML/MeanWindSpeed_1995-11_Actual.txt
ncols         180
nrows         290
xllcorner     -200000
yllcorner     -200000
cellsize      5000
NODATA_value  -9999
[rows 140 to 174 of 290, columns 78 to 155 of 180]
-9999 -9999 -9999 14.99 -9999 -9999 -9999 13.29 13.48 11.40 11.21 12.38 -9999 -9999 13.12 10.64 13.88 15.31 -9999 -9999 -9999 -9999 -9999 11.14 9.46 6.30 6.46 5.85 6.77 6.70 7.98 8.98 6.76 9.45 13.11 15.18 10.79 13.37 14.38 14.65 10.82 11.22 11.00 8.60 4.76 4.04 4.60 1.19 2.08 5.41 8.42 -9999 -9999 -9999 -9999 -9999 -9999 -9999 -9999 -9999 -9999 -9999 -9999 -9999 -9999 -9999 -9999 -9999 -9999 -9999 -9999 -9999 -9999 -9999 -9999 -9999 -9999 -9999
-9999 -9999 -9999 14.92 14.91 -9999 -9999 -9999 13.44 14.12 13.46 13.88 -9999 -9999 -9999 -9999 13.50 -9999 -9999 -9999 -9999 -9999 -9999 9.66 8.62 7.73 8.53 9.16 8.98 8.00 8.32 7.77 7.42 7.62 11.60 14.08 8.50 15.86 15.04 16.40 11.45 11.11 12.92 8.67 5.55 4.01 2.01 0.70 2.19 5.12 8.37 -9999 -9999 -9999 -9999 -9999 -9999 -9999 -9999 -9999 -9999 -9999 -9999 -9999 -9999 -9999 -9999 -9999 -9999 -9999 -9999 -9999 -9999 -9999 -9999 -9999 -9999 -9999
-9999 -9999 -9999 -9999 16.97 -9999 -9999 -9999 -9999 13.97 15.26 14.84 -9999 -9999 -9999 -9999 -9999 -9999 -9999 -9999 -9999 -9999 10.91 9.61 10.04 10.61 10.86 12.23 11.48 10.09 9.79 8.71 9.01 7.72 9.07 17.70 17.25 15.70 15.01 11.13 9.52 9.60 6.83 3.74 6.22 6.00 1.78 1.42 3.20 5.50 8.87 11.45 -9999 -9999 -9999 -9999 -9999 -9999 -9999 -9999 -9999 -9999 -9999 -9999 -9999 -9999 -9999 -9999 -9999 -9999 -9999 -9999 -9999 -9999 -9999 -9999 -9999 -9999
-9999 -9999 -9999 -9999 18.64 -9999 -9999 -9999 -9999 -9999 -9999 -9999 -9999 -9999 -9999 -9999 -9999 -9999 -9999 -9999 -9999 -9999 10.61 8.54 7.78 7.94 7.45 17.23 12.88 10.62 13.07 8.99 10.75 5.96 6.55 14.33 19.60 13.88 11.52 17.69 19.82 16.71 12.11 9.32 3.24 3.93 3.46 4.96 4.30 5.68 9.41 11.59 12.32 -9999 -9999 -9999 -9999 -9999 -9999 -9999 -9999 -9999 -9999 -9999 -9999 -9999 -9999 -9999 -9999 -9999 -9999 -9999 -9999 -9999 -9999 -9999 -9999 -9999
-9999 -9999 -9999 -9999 -9999 -9999 -9999 -9999 -9999 -9999 -9999 -9999 -9999 -9999 -9999 -9999 -9999 -9999 -9999 -9999 -9999 10.39 9.06 7.56 6.75 12.07 5.91 23.20 20.85 9.53 10.76 9.08 8.10 8.88 5.67 7.37 19.91 18.74 15.29 13.04 11.49 14.29 12.79 10.40 7.05 5.06 4.56 4.30 4.56 6.86 7.99 8.94 10.39 -9999 -9999 -9999 -9999 -9999 -9999 -9999 -9999 -9999 -9999 -9999 -9999 -9999 -9999 -9999 -9999 -9999 -9999 -9999 -9999 -9999 -9999 -9999 -9999 -9999
-9999 -9999 -9999 -9999 -9999 -9999 -9999 -9999 -9999 -9999 -9999 -9999 -9999 -9999 -9999 -9999 -9999 -9999 -9999 -9999 -9999 9.04 9.80 6.50 9.60 20.79 11.01 5.90 13.23 14.61 11.00 10.21 9.19 8.62 7.43 8.25 11.26 22.86 17.72 15.02 11.32 10.56 10.19 7.43 6.81 6.45 7.43 5.32 6.84 6.47 7.33 7.51 8.38 9.46 10.17 10.15 -9999 -9999 -9999 -9999 -9999 -9999 -9999 -9999 -9999 -9999 -9999 -9999 -9999 -9999 -9999 -9999 -9999 -9999 -9999 -9999 -9999 -9999
-9999 -9999 -9999 -9999 -9999 -9999 -9999 -9999 -9999 -9999 -9999 -9999 -9999 -9999 -9999 -9999 -9999 -9999 -9999 -9999 -9999 9.07 8.49 8.34 13.94 8.43 9.39 11.19 16.81 12.07 9.49 14.90 7.41 10.82 8.91 9.10 8.43 12.56 15.19 14.10 12.23 10.66 7.06 7.05 6.19 5.53 5.25 5.85 5.97 6.73 6.44 6.77 7.34 11.60 9.10 10.35 11.08 10.44 -9999 -9999 -9999 -9999 -9999 -9999 -9999 -9999 -9999 -9999 -9999 -9999 -9999 -9999 -9999 -9999 -9999 -9999 -9999 -9999
-9999 -9999 -9999 -9999 -9999 -9999 -9999 -9999 -9999 -9999 -9999 -9999 -9999 -9999 -9999 -9999 -9999 -9999 -9999 -9999 -9999 9.19 8.84 10.42 18.69 20.62 14.89 9.96 11.65 13.19 16.74 9.56 14.54 11.75 10.10 10.53 9.92 7.12 7.73 14.01 12.91 11.02 9.21 7.63 6.77 6.70 6.57 5.94 6.40 6.37 5.95 7.01 7.34 8.29 11.72 10.59 10.21 11.55 11.32 8.73 -9999 -9999 -9999 -9999 -9999 -9999 -9999 -9999 -9999 -9999 -9999 -9999 -9999 -9999 -9999 -9999 -9999 -9999
-9999 -9999 -9999 -9999 -9999 -9999 -9999 -9999 -9999 -9999 -9999 -9999 -9999 -9999 -9999 -9999 -9999 -9999 -9999 -9999 -9999 9.65 8.07 11.72 14.26 7.75 24.72 20.31 10.01 13.83 10.94 16.13 17.23 11.69 9.14 10.38 11.25 7.83 18.17 15.70 14.91 15.29 15.22 13.35 8.15 9.53 7.62 7.03 6.95 6.77 6.71 6.52 5.73 6.42 9.60 7.60 6.59 7.57 9.59 7.23 11.46 -9999 -9999 -9999 -9999 -9999 -9999 -9999 -9999 -9999 -9999 -9999 -9999 -9999 -9999 -9999 -9999 -9999
-9999 -9999 -9999 -9999 -9999 -9999 -9999 -9999 -9999 14.30 15.24 16.50 -9999 -9999 -9999 -9999 -9999 -9999 -9999 -9999 -9999 -9999 9.45 7.92 6.26 9.39 11.88 16.62 8.08 4.87 12.87 11.95 11.14 9.77 12.34 12.64 10.81 11.39 14.90 14.40 19.21 17.05 13.33 12.00 12.45 9.95 8.18 7.66 7.23 7.47 6.74 6.05 12.26 10.28 14.29 14.34 12.16 10.43 6.49 10.54 11.13 9.87 -9999 -9999 -9999 -9999 -9999 -9999 -9999 -9999 -9999 -9999 -9999 -9999 -9999 -9999 -9999 -9999
-9999 -9999 -9999 -9999 -9999 -9999 -9999 -9999 -9999 10.67 11.63 -9999 -9999 -9999 -9999 -9999 -9999 -9999 -9999 -9999 -9999 -9999 -9999 8.22 4.30 9.91 10.16 21.31 10.24 10.77 9.54 6.91 6.39 7.65 7.61 19.39 10.34 11.42 17.86 13.77 9.27 8.02 14.19 8.27 12.17 9.34 7.77 7.23 7.32 7.13 7.88 10.99 12.19 10.55 9.50 8.38 9.73 11.18 10.16 10.34 9.65 12.92 -9999 -9999 -9999 -9999 -9999 -9999 -9999 -9999 -9999 -9999 -9999 -9999 -9999 -9999 -9999 -9999
-9999 -9999 -9999 -9999 -9999 -9999 -9999 -9999 10.78 13.61 13.06 13.27 -9999 -9999 -9999 -9999 -9999 -9999 -9999 -9999 -9999 -9999 -9999 9.49 10.81 11.50 11.46 8.25 11.27 8.63 8.06 6.96 6.09 9.15 7.40 5.27 17.85 11.27 9.50 14.69 11.47 15.26 10.79 11.06 8.72 8.33 7.84 7.91 7.08 6.85 8.55 9.95 8.27 9.08 10.13 9.32 9.92 9.67 9.88 9.91 7.46 11.93 10.74 -9999 -9999 -9999 -9999 -9999 -9999 -9999 -9999 -9999 -9999 -9999 -9999 -9999 -9999 -9999
-9999 -9999 -9999 -9999 -9999 -9999 -9999 10.75 15.62 16.64 21.17 12.78 -9999 -9999 -9999 -9999 -9999 -9999 -9999 -9999 -9999 -9999 -9999 11.02 16.10 11.56 5.19 7.81 7.57 8.79 6.50 5.80 7.40 9.37 5.81 14.79 10.23 14.44 9.73 16.32 8.07 9.93 6.90 10.08 7.73 8.22 8.68 7.17 7.14 6.34 6.35 10.27 10.45 9.42 7.53 7.76 7.23 7.53 8.00 10.03 9.79 9.14 10.73 -9999 -9999 -9999 -9999 -9999 -9999 -9999 -9999 -9999 -9999 -9999 -9999 -9999 -9999 -9999
-9999 -9999 -9999 -9999 -9999 -9999 13.40 11.77 20.17 14.53 13.91 -9999 -9999 -9999 -9999 -9999 -9999 -9999 -9999 -9999 -9999 -9999 -9999 -9999 9.95 6.82 5.78 9.48 6.17 9.42 7.16 6.63 6.46 8.38 6.33 14.98 14.28 15.69 14.57 15.77 15.43 15.23 12.63 11.38 11.38 10.29 7.50 7.17 6.81 5.86 5.74 6.42 12.50 10.38 6.42 5.62 5.74 5.36 5.38 5.24 5.73 5.58 7.29 10.06 11.50 -9999 -9999 -9999 -9999 -9999 -9999 -9999 -9999 -9999 -9999 -9999 -9999 -9999
-9999 -9999 -9999 -9999 -9999 -9999 17.06 18.44 11.80 11.46 12.32 -9999 -9999 -9999 -9999 -9999 -9999 -9999 -9999 -9999 -9999 -9999 -9999 -9999 -9999 8.04 8.60 7.68 6.57 8.59 8.06 8.19 7.27 8.68 5.99 14.42 12.93 11.55 14.71 13.08 11.95 18.07 17.39 11.38 13.36 11.14 10.07 7.24 6.46 6.00 5.67 5.84 6.88 7.35 6.25 6.15 5.89 5.76 5.21 4.93 5.16 5.65 10.09 10.86 10.69 -9999 -9999 -9999 -9999 -9999 -9999 -9999 -9999 -9999 -9999 -9999 -9999 -9999
-9999 -9999 -9999 -9999 -9999 -9999 17.91 15.03 15.34 13.61 -9999 -9999 -9999 -9999 -9999 -9999 -9999 -9999 -9999 -9999 -9999 -9999 -9999 -9999 -9999 9.81 9.46 8.55 -9999 9.01 -9999 8.58 6.67 5.65 4.58 4.68 12.74 11.98 12.27 17.31 7.67 8.81 16.80 13.47 11.91 11.41 9.41 7.49 6.89 6.80 6.18 6.06 6.10 7.31 8.95 7.24 7.99 6.51 5.34 6.81 8.68 8.13 7.37 7.64 10.39 13.32 14.40 -9999 -9999 -9999 -9999 -9999 -9999 -9999 -9999 -9999 -9999 -9999
-9999 -9999 -9999 -9999 -9999 17.45 15.35 14.50 -9999 -9999 -9999 -9999 -9999 -9999 -9999 -9999 -9999 -9999 -9999 -9999 -9999 -9999 -9999 -9999 -9999 11.56 9.86 8.63 -9999 -9999 -9999 8.52 8.94 4.32 5.64 7.24 5.86 6.59 9.10 14.96 14.92 7.18 13.04 15.26 10.67 12.23 10.40 8.72 6.18 6.46 6.15 6.10 6.09 6.44 7.12 7.17 7.84 6.14 6.81 8.50 9.75 10.13 9.78 8.55 8.62 10.62 12.80 -9999 -9999 -9999 -9999 -9999 -9999 -9999 -9999 -9999 -9999 -9999
-9999 -9999 -9999 -9999 -9999 -9999 -9999 -9999 -9999 -9999 -9999 -9999 -9999 -9999 -9999 -9999 -9999 -9999 -9999 -9999 -9999 -9999 -9999 -9999 -9999 -9999 -9999 -9999 -9999 -9999 9.91 7.90 7.29 9.68 10.92 11.34 10.99 8.92 9.32 13.27 12.88 10.04 6.75 11.39 13.15 10.41 9.06 7.97 7.04 6.73 7.01 6.30 6.03 6.13 6.21 6.38 6.05 7.56 11.29 8.79 9.69 8.53 8.64 7.40 8.52 10.25 -9999 -9999 -9999 -9999 -9999 -9999 -9999 -9999 -9999 -9999 -9999 -9999
-9999 -9999 -9999 -9999 -9999 -9999 -9999 -9999 -9999 -9999 -9999 -9999 -9999 -9999 -9999 -9999 -9999 -9999 -9999 -9999 -9999 -9999 -9999 -9999 -9999 -9999 -9999 -9999 -9999 -9999 9.13 7.69 9.52 12.85 16.44 14.08 9.18 10.93 6.67 7.56 6.89 9.53 10.48 11.12 11.43 10.82 8.88 8.29 7.84 6.77 7.05 6.27 6.21 6.32 6.42 6.46 6.15 7.09 12.45 10.86 8.24 7.78 7.53 7.33 8.57 10.70 -9999 -9999 -9999 -9999 -9999 -9999 -9999 -9999 -9999 -9999 -9999 -9999
-9999 -9999 -9999 -9999 -9999 -9999 -9999 -9999 -9999 -9999 -9999 -9999 -9999 -9999 -9999 -9999 -9999 -9999 -9999 -9999 -9999 -9999 -9999 -9999 -9999 -9999 -9999 -9999 -9999 -9999 7.79 6.55 6.99 10.46 11.97 10.99 9.45 8.85 7.29 8.18 6.70 6.50 7.89 5.45 11.39 9.41 10.70 8.69 8.25 6.54 6.28 6.55 6.49 6.57 6.47 6.52 6.53 6.44 9.16 10.14 8.71 7.81 7.89 7.63 8.53 10.25 -9999 -9999 -9999 -9999 -9999 -9999 -9999 -9999 -9999 -9999 -9999 -9999
-9999 -9999 -9999 -9999 -9999 -9999 -9999 -9999 -9999 -9999 -9999 -9999 -9999 -9999 -9999 -9999 -9999 -9999 -9999 -9999 -9999 -9999 -9999 -9999 -9999 -9999 -9999 -9999 10.86 8.64 6.73 6.25 9.60 11.39 15.27 10.19 12.72 5.82 7.65 7.43 8.81 9.47 9.04 11.58 6.40 6.90 6.94 6.93 6.32 7.59 6.39 6.46 6.96 6.54 6.48 6.63 6.49 6.58 6.90 9.43 8.66 7.81 7.82 7.85 8.05 9.23 11.05 -9999 -9999 -9999 -9999 -9999 -9999 -9999 -9999 -9999 -9999 -9999
-9999 -9999 -9999 -9999 -9999 -9999 -9999 -9999 -9999 -9999 -9999 -9999 -9999 -9999 -9999 -9999 -9999 -9999 -9999 -9999 -9999 -9999 -9999 -9999 -9999 -9999 -9999 -9999 9.82 7.36 6.22 5.87 6.47 10.31 6.78 7.15 5.30 7.45 12.11 8.65 10.20 9.23 10.84 5.64 11.14 8.00 9.73 9.28 9.34 7.60 7.00 6.59 6.45 6.43 6.53 6.54 6.58 6.57 6.65 7.53 9.23 8.39 7.87 8.02 7.62 8.12 10.16 -9999 -9999 -9999 -9999 -9999 -9999 -9999 -9999 -9999 -9999 -9999
-9999 -9999 -9999 -9999 -9999 -9999 -9999 -9999 -9999 -9999 -9999 -9999 -9999 -9999 -9999 -9999 -9999 -9999 -9999 -9999 -9999 -9999 -9999 -9999 -9999 -9999 -9999 -9999 9.87 7.21 6.43 6.08 6.30 6.71 7.05 6.31 5.13 7.33 8.41 7.67 9.72 12.68 8.87 7.87 5.93 8.64 6.25 7.32 8.34 8.77 7.43 7.06 6.42 6.38 6.56 6.61 6.62 6.72 6.94 7.43 8.99 9.99 8.52 7.88 7.47 7.32 8.69 10.71 -9999 -9999 -9999 -9999 -9999 -9999 -9999 -9999 -9999 -9999
-9999 -9999 -9999 -9999 -9999 -9999 -9999 -9999 -9999 -9999 -9999 -9999 -9999 -9999 -9999 -9999 -9999 -9999 -9999 -9999 -9999 -9999 -9999 -9999 -9999 -9999 -9999 -9999 9.45 7.38 6.79 6.79 6.43 6.16 5.57 6.66 8.45 5.37 5.86 7.43 13.61 13.12 14.23 11.79 8.63 8.04 8.67 6.73 6.05 7.68 8.25 6.93 6.42 6.50 6.36 6.55 6.72 6.99 7.22 7.49 9.51 11.14 9.47 8.67 8.17 7.32 7.53 9.38 11.28 -9999 -9999 -9999 -9999 -9999 -9999 -9999 -9999 -9999
-9999 -9999 -9999 -9999 -9999 -9999 -9999 -9999 -9999 -9999 -9999 -9999 -9999 -9999 -9999 -9999 -9999 -9999 -9999 -9999 -9999 -9999 -9999 -9999 -9999 -9999 -9999 -9999 9.33 7.02 6.50 6.37 6.10 5.55 6.27 5.83 7.86 8.68 11.13 12.84 13.68 9.36 11.66 9.60 9.38 7.21 8.78 7.86 6.86 6.07 5.94 6.42 6.28 6.44 6.51 6.70 6.83 7.19 7.56 7.84 8.25 9.72 9.41 8.75 8.58 8.29 7.82 7.98 10.06 -9999 -9999 -9999 -9999 -9999 -9999 -9999 -9999 -9999
-9999 -9999 -9999 -9999 -9999 -9999 -9999 -9999 -9999 -9999 -9999 -9999 -9999 -9999 -9999 -9999 -9999 -9999 -9999 -9999 -9999 -9999 -9999 -9999 -9999 -9999 -9999 -9999 -9999 7.01 6.54 6.25 5.81 6.69 9.31 9.27 10.54 9.23 8.55 11.16 10.08 11.28 9.63 6.72 4.86 5.77 5.53 7.48 6.52 6.24 7.02 6.75 6.09 6.50 6.42 6.66 6.71 7.08 7.54 7.93 8.24 8.10 8.54 8.78 8.97 -9999 8.69 9.10 10.29 12.52 -9999 -9999 -9999 -9999 -9999 -9999 -9999 -9999
-9999 -9999 -9999 -9999 -9999 -9999 -9999 -9999 -9999 -9999 -9999 -9999 -9999 -9999 -9999 -9999 -9999 -9999 -9999 -9999 -9999 -9999 -9999 -9999 -9999 -9999 -9999 -9999 8.95 6.87 6.35 5.60 5.59 6.36 11.56 12.07 9.46 13.26 12.23 9.87 9.07 13.97 10.45 10.47 6.94 4.32 6.96 5.34 4.89 6.20 6.49 5.97 6.33 6.10 6.19 6.35 6.66 6.76 7.01 9.16 8.36 7.52 9.34 8.29 8.37 8.48 -9999 10.02 11.09 12.88 14.25 -9999 -9999 -9999 -9999 -9999 -9999 -9999
-9999 -9999 -9999 -9999 -9999 -9999 -9999 -9999 -9999 -9999 -9999 -9999 -9999 -9999 -9999 -9999 -9999 -9999 -9999 -9999 -9999 -9999 -9999 -9999 -9999 -9999 -9999 -9999 8.59 6.61 6.22 5.57 7.93 6.85 8.03 11.87 7.54 8.14 8.76 6.65 6.68 11.24 9.49 9.10 4.82 7.18 8.28 5.25 6.92 6.10 7.02 6.69 6.29 5.91 5.97 6.11 6.23 6.27 6.33 6.63 7.45 6.40 6.81 7.70 6.90 8.02 8.81 -9999 -9999 -9999 -9999 -9999 -9999 -9999 -9999 -9999 -9999 -9999
-9999 -9999 -9999 -9999 -9999 -9999 -9999 -9999 -9999 -9999 -9999 -9999 -9999 -9999 -9999 -9999 -9999 -9999 -9999 -9999 -9999 -9999 -9999 -9999 -9999 -9999 -9999 10.76 7.76 6.37 7.38 6.70 6.95 6.52 7.58 7.66 7.05 6.95 6.63 6.60 7.48 10.77 13.12 12.75 6.39 9.35 8.25 5.07 5.75 4.85 6.03 6.55 5.96 5.64 6.09 6.10 6.06 6.28 6.16 6.31 6.48 6.50 6.38 8.25 7.28 7.18 7.68 9.41 11.25 -9999 -9999 -9999 -9999 -9999 -9999 -9999 -9999 -9999
-9999 -9999 -9999 -9999 -9999 -9999 -9999 -9999 -9999 -9999 -9999 -9999 -9999 -9999 -9999 -9999 -9999 -9999 -9999 -9999 -9999 -9999 -9999 -9999 -9999 -9999 -9999 -9999 7.87 6.35 6.36 6.73 9.14 6.38 5.96 5.87 6.67 7.28 6.81 6.78 7.03 6.97 11.41 12.27 12.95 8.81 8.83 7.38 6.05 6.86 4.46 4.91 6.46 5.69 5.88 5.85 5.85 6.20 6.11 6.12 6.44 6.22 5.99 6.22 9.19 7.51 6.96 7.60 9.02 10.77 12.63 -9999 -9999 -9999 -9999 -9999 -9999 -9999
-9999 -9999 -9999 -9999 -9999 -9999 -9999 -9999 -9999 -9999 -9999 -9999 -9999 -9999 -9999 -9999 -9999 -9999 -9999 -9999 -9999 -9999 -9999 -9999 -9999 -9999 -9999 -9999 7.70 6.79 6.14 6.31 6.55 6.72 6.24 5.60 5.96 5.75 5.69 6.05 6.38 7.41 6.22 11.52 14.50 14.55 10.61 8.26 7.28 5.62 6.38 5.33 7.08 5.96 6.05 5.83 5.83 5.95 6.08 6.43 6.32 6.13 5.93 6.60 9.17 8.15 8.20 6.75 7.15 8.69 10.71 -9999 -9999 -9999 -9999 -9999 -9999 -9999
-9999 -9999 -9999 -9999 -9999 -9999 -9999 -9999 13.18 11.78 12.25 13.86 -9999 -9999 -9999 -9999 -9999 -9999 -9999 -9999 -9999 -9999 -9999 -9999 -9999 -9999 -9999 8.38 6.89 7.43 6.48 7.47 6.76 5.99 5.82 5.91 5.75 5.90 5.85 6.13 6.15 6.37 9.86 12.30 11.96 8.28 11.87 10.00 5.66 6.08 4.07 7.93 7.98 6.28 6.24 5.96 5.85 5.94 6.09 6.30 6.59 6.32 5.83 6.16 6.79 9.12 8.60 9.07 6.80 6.87 8.92 11.23 -9999 -9999 -9999 -9999 -9999 -9999
-9999 -9999 -9999 -9999 -9999 -9999 -9999 -9999 12.18 10.71 10.22 11.02 -9999 -9999 -9999 -9999 -9999 -9999 -9999 -9999 -9999 -9999 -9999 -9999 -9999 -9999 8.35 7.94 6.80 7.22 8.55 6.74 6.65 5.55 5.67 6.09 5.98 6.31 6.57 5.89 5.59 5.69 7.33 14.19 13.85 8.02 9.59 8.60 8.18 4.79 4.15 6.64 7.49 6.59 5.65 5.63 5.79 6.41 6.30 6.18 6.18 6.65 6.05 6.32 6.49 8.80 8.64 8.35 6.99 6.87 7.65 10.08 -9999 -9999 -9999 -9999 -9999 -9999
-9999 -9999 -9999 -9999 -9999 -9999 16.40 12.01 9.61 9.78 9.21 10.64 10.15 11.62 12.52 -9999 -9999 12.30 9.83 -9999 -9999 -9999 8.41 9.65 8.34 -9999 5.57 8.14 7.10 6.54 7.27 6.55 6.84 6.87 7.70 7.20 7.32 6.19 6.92 6.27 6.04 10.34 6.00 8.01 11.56 4.80 6.68 13.03 5.60 8.35 5.71 6.41 6.71 6.23 6.07 6.06 5.94 6.39 5.93 6.15 5.81 6.76 5.95 6.16 6.58 7.27 8.15 9.19 8.49 7.04 6.88 8.93 11.51 -9999 -9999 -9999 -9999 -9999
-9999 -9999 -9999 -9999 -9999 -9999 -9999 12.58 10.26 9.11 8.45 8.78 10.06 11.87 8.38 -9999 6.65 9.10 10.37 8.44 9.59 5.82 5.22 10.63 9.71 7.51 -9999 5.09 7.34 7.30 6.50 6.36 7.16 6.21 6.17 6.34 6.38 6.79 6.67 7.61 6.93 10.64 10.59 9.45 9.82 8.76 10.90 10.64 8.19 5.68 5.24 7.45 7.49 5.81 6.67 6.05 6.51 6.70 6.08 6.10 5.74 6.76 6.07 6.28 6.72 6.71 7.69 8.50 9.39 8.16 7.14 8.05 10.50 -9999 -9999 -9999 -9999 -9999
