ML/MeanWindSpeed_1995-12_Actual.txt
ncols         180
nrows         290
xllcorner     -200000
yllcorner     -200000
cellsize      5000
NODATA_value  -9999
[rows 175 to 209 of 290, columns 78 to 155 of 180]
-9999 -9999 -9999 -9999 -9999 -9999 -9999 -9999 10.06 8.70 7.50 6.70 6.32 5.24 3.85 8.95 17.22 6.78 9.87 9.18 7.73 5.81 3.78 4.61 6.55 7.78 5.88 4.11 4.99 6.50 6.24 6.34 7.34 6.23 5.94 5.74 6.16 6.54 6.83 7.61 7.81 12.76 12.91 10.14 9.85 7.54 6.89 7.79 7.50 5.76 5.53 6.60 5.96 5.44 6.30 5.81 6.92 6.51 6.52 6.45 6.39 7.71 6.64 6.63 6.92 6.99 7.51 7.83 7.82 7.88 8.20 6.97 9.30 12.14 -9999 -9999 -9999 -9999
-9999 -9999 -9999 -9999 -9999 -9999 -9999 -9999 -9999 11.14 8.25 6.38 5.02 5.68 7.03 20.42 13.29 4.76 10.65 5.39 8.27 7.43 4.29 3.30 10.18 6.73 6.91 5.59 4.66 5.25 5.75 5.04 5.90 6.39 6.25 6.04 5.80 6.28 6.41 6.69 9.30 10.52 13.92 10.68 10.89 9.82 5.30 7.36 9.37 6.38 6.31 6.64 5.74 5.71 6.10 5.88 7.11 6.47 6.42 6.98 6.99 7.70 7.45 6.95 6.89 6.98 7.25 7.70 8.88 7.58 6.72 6.76 8.74 11.67 -9999 -9999 -9999 -9999
-9999 -9999 -9999 -9999 -9999 -9999 -9999 -9999 -9999 -9999 9.14 6.51 6.77 9.24 19.73 21.16 13.43 9.57 9.08 9.46 10.20 9.55 9.23 5.82 4.79 10.04 6.26 5.37 5.58 5.03 5.27 5.26 5.18 5.83 5.63 5.40 5.81 6.13 6.21 6.75 8.69 11.00 11.77 9.04 8.92 10.60 8.18 5.01 9.66 6.91 6.66 6.98 5.90 5.92 5.82 6.33 7.18 6.63 6.54 7.00 6.81 8.27 7.54 7.09 6.99 6.95 7.35 7.19 7.12 6.69 6.53 6.92 9.27 11.95 -9999 -9999 -9999 -9999
-9999 -9999 -9999 -9999 -9999 -9999 -9999 -9999 -9999 -9999 8.91 7.61 10.51 13.01 15.03 17.84 9.57 6.17 8.92 11.57 11.52 11.72 9.35 6.49 3.86 10.54 9.10 6.43 6.39 5.07 5.13 5.29 6.12 5.81 5.69 5.64 5.50 5.67 6.21 8.52 9.11 7.48 12.40 9.42 9.99 11.44 10.60 7.85 6.86 6.41 5.21 6.64 7.10 5.84 5.66 5.55 6.37 6.26 6.73 6.83 6.64 6.97 7.63 7.27 7.34 7.09 7.05 6.85 6.52 6.42 7.02 8.42 10.61 -9999 -9999 -9999 -9999 -9999
-9999 -9999 -9999 -9999 -9999 -9999 -9999 -9999 -9999 -9999 8.46 8.80 10.37 10.65 16.38 13.54 8.42 8.73 6.67 8.58 11.69 9.63 12.17 9.03 4.87 9.66 10.23 9.46 6.32 5.70 4.96 5.64 6.69 6.32 5.69 5.42 5.37 5.92 7.71 8.34 7.11 7.25 10.49 9.85 9.58 9.28 7.97 7.63 8.39 4.90 5.90 6.15 5.75 6.00 5.38 6.36 5.62 6.06 6.54 6.68 6.70 8.46 7.65 7.25 7.15 7.17 7.03 6.79 6.56 6.71 8.24 10.29 -9999 -9999 -9999 -9999 -9999 -9999
-9999 -9999 -9999 -9999 -9999 -9999 -9999 -9999 -9999 9.76 18.11 9.87 11.65 14.59 9.46 19.74 15.61 12.68 10.20 13.25 9.75 9.86 8.13 5.38 7.00 11.44 9.45 9.11 6.09 5.04 4.39 6.06 6.22 5.76 5.68 5.31 5.46 7.03 7.31 7.09 8.19 9.35 7.04 11.70 10.65 7.26 7.80 6.75 5.87 5.68 4.77 4.89 5.20 6.11 5.42 4.79 6.55 5.89 6.31 6.74 6.93 8.40 7.55 7.13 7.19 6.99 6.91 6.53 6.39 7.70 9.68 -9999 -9999 -9999 -9999 -9999 -9999 -9999
-9999 -9999 -9999 -9999 -9999 -9999 -9999 9.90 9.29 13.14 11.36 9.06 10.22 12.03 7.19 9.03 11.25 13.61 12.14 13.75 10.77 10.19 3.92 5.93 6.10 4.00 5.02 5.03 6.24 5.35 4.74 5.93 6.25 6.18 5.69 5.97 7.31 6.63 7.71 6.95 8.38 8.89 8.48 7.45 6.48 8.10 7.33 6.58 6.34 6.00 5.63 4.33 5.36 5.02 4.20 4.53 5.27 5.59 6.14 6.26 6.83 8.24 7.41 6.78 6.97 6.69 6.56 6.28 6.78 8.45 -9999 -9999 -9999 -9999 -9999 12.05 11.18 10.44
-9999 -9999 -9999 -9999 -9999 -9999 9.50 8.85 8.83 9.62 9.76 9.83 9.65 7.57 5.34 7.79 10.18 10.96 17.42 8.35 4.99 4.66 1.70 8.66 10.56 9.84 6.47 5.58 6.40 6.10 5.65 6.06 6.67 6.14 6.19 6.43 7.29 7.76 6.59 6.72 8.49 8.26 7.58 6.96 6.82 7.13 5.92 6.29 5.09 4.90 5.42 4.77 4.29 3.77 3.95 5.01 4.90 5.11 5.65 6.14 6.63 8.44 7.66 6.74 6.55 6.35 6.27 6.16 6.69 8.07 -9999 -9999 -9999 -9999 -9999 10.36 8.95 8.29
-9999 -9999 -9999 -9999 -9999 10.57 10.71 9.35 9.54 -9999 -9999 -9999 -9999 8.77 12.80 11.07 11.45 12.31 8.59 5.47 8.07 7.05 5.02 15.18 13.16 10.12 10.57 7.57 5.63 6.14 6.22 5.78 5.92 5.91 5.90 6.69 6.30 7.81 6.51 6.53 7.09 7.39 7.41 6.96 5.65 5.71 5.64 5.29 4.55 4.17 3.95 3.93 4.05 4.25 4.67 4.82 4.86 5.63 6.30 6.48 6.53 7.60 7.28 7.06 6.26 6.13 6.02 5.87 6.10 7.21 9.26 -9999 -9999 -9999 -9999 8.90 7.54 7.01
-9999 -9999 -9999 -9999 -9999 11.97 13.17 9.62 10.71 -9999 -9999 -9999 -9999 9.64 11.30 13.40 7.78 11.80 9.83 8.02 10.00 11.00 7.15 11.70 5.03 6.81 7.24 6.46 5.43 5.72 6.10 5.92 6.12 6.72 5.79 6.63 6.48 6.63 7.25 6.19 6.57 5.76 6.55 7.50 7.68 7.46 5.72 4.81 4.38 4.08 4.47 3.89 4.50 5.16 5.43 6.37 5.66 7.55 7.37 7.37 6.35 6.88 6.79 6.66 5.94 6.04 5.96 5.75 5.71 5.96 7.28 8.54 -9999 -9999 9.32 8.41 7.44 7.41
-9999 -9999 -9999 -9999 -9999 -9999 -9999 -9999 -9999 -9999 -9999 -9999 -9999 10.56 13.33 10.43 6.71 8.92 6.23 12.22 9.63 4.12 7.90 7.44 5.78 6.73 5.28 4.83 4.30 5.96 5.88 6.17 5.90 5.44 5.33 5.41 5.56 6.00 6.68 6.08 5.82 5.84 6.07 5.89 6.81 7.12 5.22 6.37 7.10 5.45 5.05 4.59 4.13 5.51 6.60 7.50 6.92 6.22 6.63 7.27 6.53 6.90 6.58 6.56 5.74 5.94 5.96 5.86 5.66 5.33 5.68 6.57 7.76 8.22 7.66 7.56 6.53 7.33
-9999 -9999 -9999 -9999 -9999 -9999 -9999 -9999 -9999 -9999 -9999 -9999 -9999 -9999 13.70 4.16 4.41 8.15 12.45 9.48 9.69 8.52 3.93 4.99 6.35 2.98 3.54 3.02 3.66 4.55 5.33 5.58 5.70 5.38 4.93 4.83 5.50 5.68 6.36 6.37 5.86 7.70 6.75 5.43 5.48 5.73 6.02 5.82 6.89 6.95 5.83 6.75 5.21 5.25 6.07 5.37 5.56 5.74 5.74 7.08 6.88 6.45 6.04 6.52 5.77 5.92 5.92 5.78 5.70 5.67 5.69 5.67 6.20 6.50 6.38 6.29 6.38 7.44
-9999 -9999 -9999 -9999 -9999 -9999 -9999 -9999 -9999 -9999 -9999 -9999 -9999 -9999 9.94 13.43 13.49 10.62 8.58 6.04 7.21 3.93 3.78 2.47 1.97 5.21 3.46 3.07 5.30 4.81 4.80 5.05 4.71 4.87 5.50 5.37 6.92 6.92 6.50 6.21 5.80 7.56 8.11 6.48 5.47 5.31 5.81 5.99 6.25 6.68 6.97 8.94 7.43 5.61 5.29 5.54 6.38 7.36 7.44 6.80 7.24 6.68 6.32 6.10 5.85 5.96 5.93 5.99 5.94 5.92 5.92 5.92 6.02 6.08 6.20 6.26 6.18 7.08
-9999 -9999 -9999 -9999 -9999 -9999 -9999 -9999 -9999 -9999 -9999 -9999 -9999 12.70 11.30 7.29 15.15 8.37 5.73 7.17 5.95 3.76 6.80 3.49 3.20 6.77 3.20 9.86 6.03 3.75 4.09 5.96 4.84 4.73 7.84 7.65 7.21 6.04 6.45 6.39 5.96 6.69 7.07 6.47 5.67 5.63 5.65 5.75 6.48 6.37 7.38 7.02 6.46 6.07 5.78 6.41 7.17 7.98 7.88 6.67 6.80 6.83 6.61 6.27 5.99 5.96 6.05 6.13 6.11 6.03 6.02 6.03 5.94 5.99 6.51 6.55 6.29 6.62
-9999 -9999 -9999 -9999 -9999 -9999 -9999 -9999 -9999 -9999 -9999 -9999 -9999 10.92 10.89 15.12 7.04 1.87 3.84 4.10 6.04 8.59 8.16 4.77 4.27 5.05 3.49 5.10 6.28 7.14 6.81 5.01 5.41 5.33 5.72 6.73 5.96 5.87 6.74 6.62 6.88 7.26 6.77 6.76 6.30 5.97 5.77 5.50 5.83 6.12 6.91 7.16 6.62 5.61 6.09 7.33 8.59 7.68 8.16 7.92 7.20 6.61 7.33 6.34 6.39 6.12 6.20 6.10 6.13 6.13 5.99 5.93 5.92 5.89 6.73 6.52 6.03 6.24
-9999 -9999 -9999 -9999 -9999 -9999 -9999 -9999 -9999 -9999 -9999 -9999 -9999 11.69 13.61 5.23 6.33 4.37 5.12 5.42 11.07 8.53 9.51 5.67 4.39 2.82 2.75 4.71 8.95 10.79 11.91 6.48 8.15 6.08 6.02 6.40 5.18 5.58 6.33 6.73 7.06 6.36 6.44 7.73 6.88 6.09 5.94 6.95 5.58 6.19 6.48 6.27 5.76 5.49 6.19 6.81 7.37 7.32 7.13 6.33 6.31 6.81 7.10 5.83 5.68 6.06 6.14 6.13 6.02 5.85 5.86 5.84 5.80 5.84 6.14 5.98 6.15 6.06
-9999 -9999 -9999 -9999 -9999 -9999 -9999 -9999 -9999 -9999 -9999 -9999 -9999 -9999 9.20 10.11 11.53 12.49 12.38 8.97 9.17 6.77 2.92 2.65 2.25 3.61 4.35 4.37 6.87 7.58 11.24 8.67 7.12 5.88 7.16 7.24 5.16 6.36 5.85 6.26 8.48 6.22 5.95 5.87 6.19 5.88 5.88 7.39 6.84 6.17 6.71 6.24 5.92 6.19 6.82 6.32 6.34 5.93 6.74 5.88 7.03 7.08 6.10 5.64 6.16 6.14 5.84 5.81 5.71 5.73 5.78 5.77 5.76 5.76 5.84 5.92 6.17 6.18
-9999 -9999 -9999 -9999 -9999 -9999 -9999 -9999 -9999 -9999 -9999 -9999 -9999 -9999 11.09 12.51 12.98 13.52 14.93 12.53 8.69 5.61 3.57 5.52 7.99 9.87 11.67 8.27 6.21 7.35 8.92 8.72 6.53 8.86 7.39 7.67 6.15 7.10 6.30 6.16 6.67 7.65 7.01 6.15 5.68 5.66 6.16 7.09 6.95 6.56 6.62 7.04 7.23 7.28 7.42 6.47 6.24 7.52 7.52 7.41 6.93 7.25 6.22 6.27 6.76 5.75 5.53 5.54 5.54 5.72 5.72 5.69 5.72 5.74 5.85 5.87 5.81 5.68
-9999 -9999 -9999 -9999 -9999 -9999 -9999 -9999 -9999 -9999 -9999 -9999 -9999 11.12 9.11 10.78 13.66 13.65 11.26 10.18 7.94 8.99 13.80 10.33 10.38 10.01 7.62 6.55 7.66 8.57 7.06 6.95 7.84 9.10 8.57 7.88 6.04 7.40 6.08 6.37 7.90 6.74 6.98 6.81 5.94 5.52 5.89 7.04 7.03 6.28 6.61 6.63 6.59 7.39 6.78 7.86 7.20 7.75 6.84 7.16 7.30 6.42 6.11 6.90 6.73 5.69 5.54 5.83 5.64 5.86 5.88 5.95 5.85 5.76 5.76 5.70 6.14 6.42
-9999 -9999 -9999 -9999 -9999 -9999 -9999 -9999 -9999 -9999 -9999 -9999 -9999 12.79 10.48 9.90 10.46 11.67 14.82 13.38 11.54 9.40 10.00 11.78 12.77 12.21 7.74 9.99 11.29 6.92 9.60 6.02 7.28 8.88 10.69 6.59 6.83 5.67 5.55 6.26 7.08 9.86 7.78 7.44 6.69 6.23 6.20 6.73 6.58 6.11 6.35 6.32 6.35 6.35 7.62 8.10 7.98 8.38 7.17 6.66 6.72 6.25 6.57 7.09 6.80 6.25 6.49 6.13 6.47 6.07 6.07 6.30 6.23 5.83 5.64 5.53 5.57 6.46
-9999 -9999 -9999 -9999 -9999 -9999 -9999 -9999 -9999 -9999 -9999 -9999 -9999 10.99 9.83 7.10 8.83 11.26 15.16 11.87 11.69 8.73 11.14 10.66 8.67 9.09 10.05 9.76 8.16 6.80 7.34 10.58 6.60 6.42 6.71 6.42 7.91 6.57 5.29 5.96 6.93 7.36 7.06 7.89 7.30 6.62 6.68 6.16 5.69 6.29 6.61 6.79 6.19 6.83 8.14 8.20 7.25 7.26 8.03 6.94 7.22 6.09 7.07 7.19 6.37 6.29 6.37 5.59 5.83 5.81 5.97 6.11 5.95 5.72 5.51 5.33 5.72 5.25
-9999 -9999 -9999 -9999 -9999 -9999 -9999 -9999 -9999 -9999 -9999 -9999 10.76 11.26 13.24 10.49 8.05 11.69 11.98 12.96 12.46 6.71 7.63 7.26 8.66 9.90 8.17 8.19 10.42 8.67 7.69 7.28 6.11 5.30 5.68 6.65 6.50 6.27 6.07 5.75 5.83 6.76 7.07 6.36 6.91 6.36 6.99 6.14 5.95 6.06 5.80 5.74 5.98 7.28 7.22 7.43 6.75 7.47 7.49 7.11 6.28 7.14 7.16 7.12 7.35 6.88 6.20 5.87 5.61 5.83 6.00 5.91 5.80 5.55 5.28 5.33 5.64 5.61
-9999 -9999 -9999 -9999 -9999 -9999 -9999 -9999 -9999 -9999 -9999 11.02 10.84 11.41 9.53 7.70 10.97 14.19 13.59 10.07 11.26 6.94 8.95 7.89 6.82 13.38 8.53 9.67 7.63 7.74 6.40 6.47 6.77 7.86 6.42 8.29 6.32 6.83 5.51 5.36 5.82 6.26 6.54 6.29 6.53 6.74 6.85 5.37 5.98 5.91 6.23 6.37 6.53 7.14 6.37 7.29 6.76 6.97 6.19 6.20 7.48 7.88 7.26 7.36 7.30 6.41 6.74 6.55 6.35 6.29 5.97 5.77 5.55 5.71 5.59 6.34 6.49 6.65
-9999 -9999 -9999 -9999 -9999 -9999 -9999 -9999 -9999 11.61 9.57 8.29 6.54 6.77 7.94 8.13 11.53 12.35 12.57 12.91 9.94 7.35 3.95 8.12 7.33 11.78 9.14 8.26 8.40 6.73 6.43 5.82 7.11 8.90 7.76 7.52 5.03 5.47 5.56 5.61 6.53 6.19 6.60 5.91 6.03 6.23 5.62 5.46 5.76 6.77 6.69 7.62 8.09 7.39 6.77 6.26 6.08 6.94 7.46 7.09 7.41 6.55 7.40 7.43 6.77 6.06 6.11 6.93 6.63 6.64 5.75 5.58 5.48 5.73 6.76 7.25 6.93 7.73
-9999 -9999 -9999 -9999 -9999 11.46 10.66 9.40 12.70 12.10 11.36 10.91 8.05 7.66 7.32 12.29 9.93 11.33 9.97 8.59 4.52 3.32 2.37 5.64 6.20 13.76 11.75 8.94 6.78 7.42 6.83 8.87 6.08 8.06 8.12 7.32 6.07 5.22 5.11 6.27 5.82 5.12 6.75 5.59 5.43 4.96 5.47 6.26 6.76 5.90 7.19 6.92 7.26 8.07 7.73 7.34 7.06 7.55 7.52 7.02 6.51 7.38 6.33 6.19 6.14 5.97 6.70 6.80 6.72 5.99 5.38 5.63 6.03 7.14 7.25 6.80 7.58 6.69
-9999 -9999 -9999 -9999 12.35 9.43 10.07 9.29 8.41 10.03 8.92 9.30 6.78 5.68 9.90 10.16 10.36 5.58 10.40 5.51 2.42 8.04 5.23 2.77 11.59 9.77 7.72 3.34 4.50 5.88 9.46 6.33 5.87 6.04 6.29 8.00 6.93 6.73 5.51 5.82 5.20 4.93 6.13 5.53 4.74 4.85 5.69 6.74 6.42 8.41 6.79 6.68 7.07 7.77 7.00 6.82 6.36 6.45 7.09 6.80 7.24 6.49 5.92 6.03 6.40 5.89 6.10 6.02 5.30 5.12 5.20 5.59 6.09 6.55 7.41 7.33 7.28 6.85
-9999 -9999 -9999 11.30 10.12 6.54 6.01 6.37 7.43 7.01 7.93 6.96 7.22 11.99 8.76 6.55 10.31 3.05 5.54 5.24 8.61 7.47 8.45 6.52 7.33 6.11 2.09 7.76 8.52 5.22 6.02 5.54 5.44 6.18 5.77 6.06 7.44 7.69 5.36 5.22 5.08 5.48 5.08 4.38 4.41 7.52 6.09 6.17 6.65 7.56 7.22 6.82 7.40 7.90 7.65 7.95 7.17 6.14 6.04 6.01 6.87 6.43 5.84 6.70 6.51 5.89 6.00 5.70 5.43 5.74 5.89 6.15 6.60 6.65 7.40 6.59 6.31 6.63
13.01 10.25 11.52 8.27 7.60 8.08 7.13 6.53 8.92 7.95 8.33 7.85 10.45 9.77 7.44 7.80 6.77 3.82 3.09 6.97 7.58 5.72 5.78 8.55 6.73 3.35 7.96 9.74 7.58 8.29 5.64 6.09 5.55 5.98 8.34 5.98 8.23 6.22 5.22 5.14 5.27 6.95 4.47 4.76 8.95 6.34 6.41 6.48 6.99 8.04 6.82 7.06 7.38 6.97 7.41 7.27 6.59 5.95 6.25 5.86 6.26 6.51 6.33 5.76 5.41 5.47 5.68 6.22 7.81 7.02 7.87 7.32 6.23 7.53 7.23 7.23 6.81 6.50
9.61 9.07 11.75 14.76 13.05 12.10 8.56 9.69 11.39 10.01 9.44 11.54 9.17 8.01 9.96 5.76 2.55 2.51 2.31 5.55 5.35 4.65 4.04 5.32 5.91 7.67 17.03 12.02 8.34 6.06 6.73 6.09 8.12 6.20 6.63 5.41 5.61 5.66 5.58 5.17 4.99 5.18 4.81 8.45 9.19 8.59 7.42 7.04 9.69 7.90 7.12 7.40 6.87 7.57 7.37 7.00 5.98 6.88 6.44 5.75 7.49 6.99 5.55 5.22 5.31 5.48 6.32 7.53 8.03 7.72 8.23 7.53 6.97 7.68 7.42 6.65 6.89 6.65
8.20 8.89 10.21 10.46 9.38 7.75 9.79 8.23 10.04 6.53 7.73 10.41 9.04 6.45 7.28 3.12 2.19 5.28 5.97 4.50 2.57 4.73 1.61 2.15 3.83 9.91 13.65 14.05 6.49 7.50 7.66 7.82 6.92 5.26 6.40 5.67 5.92 5.35 5.65 4.74 4.61 5.80 5.89 8.97 8.97 8.56 7.44 8.28 9.89 8.93 8.25 7.52 7.59 7.28 6.66 6.21 6.20 6.58 6.92 6.46 6.19 5.92 5.51 6.63 7.45 5.98 6.44 7.54 8.03 7.48 8.02 7.92 7.76 7.69 6.71 6.80 6.55 6.53
9.06 7.86 8.62 8.07 8.30 7.03 6.89 8.17 6.28 6.95 5.05 4.75 4.56 4.43 4.24 6.86 5.69 9.53 16.26 6.53 6.64 6.41 10.84 10.73 2.51 3.16 15.18 10.89 8.82 9.43 10.57 7.88 5.46 4.52 6.82 7.28 6.07 5.22 4.75 4.44 4.60 6.24 9.41 10.01 8.69 8.12 7.86 7.68 7.77 8.77 7.79 7.33 6.80 6.18 5.77 5.70 6.83 6.54 6.10 6.04 5.12 5.27 6.28 6.19 7.01 6.37 6.56 6.80 7.19 7.83 8.05 7.98 7.80 7.82 6.59 6.13 6.57 6.46
8.15 7.29 8.36 6.94 6.95 6.34 6.17 4.84 4.64 5.58 4.56 6.20 4.74 7.96 4.68 8.41 11.05 11.18 12.61 13.39 10.28 12.29 14.21 7.87 9.79 8.02 2.91 9.56 10.18 6.54 7.13 4.92 7.06 6.68 9.70 8.67 6.07 5.34 4.75 4.58 6.01 9.75 8.47 10.54 8.88 8.43 9.19 7.97 9.36 7.55 7.51 6.68 6.17 5.72 5.90 5.86 5.86 5.47 5.18 4.81 5.05 6.20 7.14 6.51 5.85 6.64 6.05 7.22 6.58 6.70 6.97 7.19 7.40 7.38 6.94 5.92 6.32 6.25
9.07 7.68 7.25 8.70 9.54 10.77 8.75 6.75 5.57 4.50 5.04 8.20 4.96 7.11 3.95 6.50 7.60 6.95 5.55 8.41 7.40 11.08 11.94 14.19 11.28 11.44 9.14 14.08 7.80 6.62 6.23 7.24 6.53 9.31 8.62 9.16 5.73 5.41 5.00 9.18 9.92 9.77 10.42 8.46 9.10 9.29 8.92 7.89 7.78 7.59 6.94 6.32 6.03 5.71 6.20 6.10 6.23 5.51 4.73 4.67 5.52 7.32 5.41 6.05 6.24 5.80 5.65 5.90 5.84 6.27 6.80 6.36 6.93 6.84 6.40 6.21 6.19 5.58
9.75 8.28 7.58 7.58 9.31 9.12 9.41 8.08 6.94 6.13 5.42 5.67 8.77 5.15 9.74 8.91 9.31 10.55 8.30 5.33 5.63 8.82 8.54 11.34 11.51 9.02 12.47 12.18 6.15 7.61 5.09 5.80 7.99 8.92 8.27 7.40 5.50 5.07 7.17 6.74 9.10 9.07 8.45 8.91 8.60 8.10 8.04 7.11 6.76 6.70 6.44 7.85 5.88 6.46 5.58 5.26 4.63 4.61 4.99 5.90 6.95 6.21 5.71 5.92 5.86 5.62 5.80 6.34 7.10 5.78 6.66 7.51 6.64 6.14 6.36 5.38 5.62 6.44
9.98 9.19 9.57 10.36 11.57 -9999 -9999 -9999 -9999 7.88 6.87 7.29 4.90 3.96 6.14 7.11 7.51 7.20 3.26 13.06 13.29 8.29 7.50 8.17 10.63 11.36 12.16 8.44 6.81 5.95 4.96 9.58 8.08 10.10 6.69 6.39 5.83 5.54 8.21 6.73 8.90 8.84 7.90 8.00 7.65 7.22 6.77 6.45 6.39 6.52 6.30 7.22 5.90 6.14 6.06 5.22 4.95 4.96 6.69 6.52 6.47 6.12 6.06 4.61 4.98 5.08 6.27 6.73 6.80 5.54 6.33 7.14 6.87 6.17 6.77 6.18 5.86 6.07
