ML/MeanWindSpeed_1994-09_Actual.txt
ncols         180
nrows         290
xllcorner     -200000
yllcorner     -200000
cellsize      5000
NODATA_value  -9999
[rows 210 to 244 of 290, columns 79 to 157 of 180]
12.14 10.81 12.84 13.08 -9999 -9999 -9999 -9999 -9999 -9999 -9999 7.81 7.80 8.77 7.72 7.78 8.01 9.82 11.74 14.06 13.35 11.38 9.73 9.41 8.43 11.16 11.21 7.73 6.69 10.33 10.30 11.45 8.45 7.84 7.77 7.38 8.38 9.01 8.63 8.79 8.49 8.13 7.82 7.46 7.04 6.88 6.68 7.26 6.83 6.96 7.03 7.04 7.10 6.81 7.41 8.65 8.52 7.68 8.87 8.78 8.36 8.12 7.35 7.08 7.71 8.15 7.74 7.08 6.85 7.83 6.81 7.09 7.97 7.33 7.28 7.12 6.29 5.90 6.22
12.64 -9999 -9999 -9999 -9999 -9999 -9999 -9999 -9999 12.67 10.84 10.19 11.43 10.82 9.55 8.47 8.56 8.54 10.70 12.11 11.67 8.05 7.82 11.32 10.16 10.03 8.24 7.31 7.16 9.77 9.97 9.81 8.40 8.13 8.00 6.69 9.61 9.82 8.60 8.67 8.33 8.23 8.02 7.62 7.84 7.25 7.29 6.75 6.75 6.85 7.04 6.94 7.14 6.58 7.91 9.47 8.28 8.61 6.95 8.19 7.87 7.41 8.12 7.76 7.79 8.25 7.52 6.78 6.76 6.67 7.15 7.64 7.00 7.44 7.17 6.33 5.97 6.98 6.43
-9999 -9999 -9999 -9999 -9999 -9999 -9999 -9999 -9999 14.11 13.24 11.23 12.53 13.08 -9999 -9999 8.98 11.20 6.80 8.44 8.16 8.32 9.15 10.71 8.32 7.97 8.66 8.73 9.56 10.01 10.00 9.33 8.73 9.04 7.41 7.78 9.70 8.62 8.25 8.05 8.23 8.77 8.56 7.94 7.76 7.11 7.09 7.56 7.99 7.67 8.15 7.02 6.57 7.33 9.50 7.87 8.05 7.61 6.31 7.78 7.51 7.39 7.52 7.47 7.18 7.07 8.30 7.12 6.90 6.75 6.70 6.77 6.47 6.10 7.41 6.75 7.19 8.05 7.99
-9999 -9999 -9999 -9999 -9999 -9999 -9999 -9999 -9999 -9999 -9999 -9999 -9999 -9999 -9999 -9999 10.68 9.25 8.64 7.59 6.69 6.69 7.23 8.43 8.59 9.35 10.35 11.22 11.86 11.52 -9999 9.56 8.75 7.93 7.36 7.95 9.48 8.65 8.70 8.20 7.64 7.69 8.54 7.81 7.78 8.68 8.69 8.36 9.05 9.75 8.42 7.97 7.62 7.70 8.75 7.59 7.63 7.53 6.89 6.79 6.81 7.32 7.71 7.23 6.82 6.95 7.03 6.87 6.75 6.63 6.58 6.56 6.67 6.78 7.13 7.03 7.40 7.77 -9999
-9999 -9999 -9999 -9999 -9999 -9999 -9999 -9999 -9999 -9999 -9999 -9999 -9999 -9999 -9999 -9999 -9999 10.58 8.96 7.69 7.55 8.00 6.91 7.36 8.93 11.06 -9999 -9999 -9999 -9999 10.85 9.35 8.44 7.48 7.27 7.98 9.48 8.72 8.95 8.31 7.42 8.24 8.02 9.23 8.67 10.21 8.83 8.89 8.48 8.75 8.50 7.79 8.42 6.79 7.30 7.69 6.56 6.78 6.48 6.36 6.37 6.23 6.28 6.53 6.21 6.25 6.25 6.36 6.28 7.43 7.65 6.57 6.56 6.77 6.94 7.22 8.22 9.42 9.23
-9999 -9999 -9999 -9999 -9999 -9999 -9999 -9999 -9999 -9999 -9999 -9999 -9999 -9999 -9999 -9999 -9999 -9999 10.51 11.10 9.73 8.42 8.30 9.03 11.45 -9999 -9999 -9999 -9999 11.71 10.86 10.13 7.13 6.76 6.91 9.07 9.70 9.28 8.67 7.67 7.70 7.63 9.03 10.26 9.26 9.27 8.61 8.71 8.44 7.45 7.81 7.75 7.32 7.18 7.10 6.94 6.43 6.47 6.95 7.19 7.28 6.22 6.22 6.24 6.03 6.54 6.44 6.70 6.27 6.93 6.83 6.66 7.50 6.70 7.35 7.54 8.32 7.78 8.08
-9999 -9999 -9999 -9999 -9999 -9999 -9999 -9999 -9999 -9999 -9999 -9999 -9999 -9999 -9999 -9999 -9999 -9999 -9999 11.69 11.53 10.37 9.86 10.25 13.88 -9999 -9999 -9999 11.41 9.05 8.08 9.41 8.83 8.01 6.91 8.22 7.59 9.12 8.44 7.06 8.24 9.21 9.20 8.79 9.49 8.71 8.29 8.03 7.44 7.24 7.07 7.18 7.57 7.19 6.62 6.51 6.48 6.43 7.08 6.86 7.04 6.73 6.21 6.23 5.99 6.04 6.01 6.35 6.35 6.49 6.29 6.98 7.29 7.55 7.25 6.33 7.95 6.69 7.40
-9999 -9999 -9999 -9999 -9999 -9999 -9999 -9999 -9999 -9999 -9999 -9999 -9999 -9999 -9999 -9999 -9999 -9999 -9999 -9999 -9999 -9999 -9999 -9999 -9999 -9999 -9999 13.90 9.95 7.83 7.41 9.09 7.50 8.03 8.57 8.43 8.39 8.56 7.23 6.99 7.33 8.26 8.16 8.45 8.57 8.75 8.45 8.23 9.50 7.96 7.96 7.32 7.67 7.54 6.68 6.54 6.07 6.39 7.01 6.48 6.13 6.17 6.23 6.08 6.46 6.11 6.55 6.24 7.17 7.54 7.05 5.95 8.16 8.74 7.29 6.06 8.54 7.58 7.02
-9999 -9999 -9999 -9999 -9999 -9999 -9999 -9999 -9999 -9999 -9999 -9999 -9999 -9999 -9999 -9999 -9999 -9999 -9999 -9999 -9999 -9999 -9999 -9999 -9999 -9999 -9999 11.34 9.58 7.87 12.27 10.58 7.49 8.06 8.58 8.84 9.07 7.55 7.19 7.08 6.98 8.01 7.84 7.80 9.42 9.19 10.09 8.71 8.85 9.87 8.31 7.76 7.56 6.94 6.64 6.28 6.06 6.34 6.28 6.41 6.05 5.82 5.89 5.77 6.12 7.68 7.06 7.68 7.99 8.77 7.33 6.12 7.11 7.30 6.09 5.46 6.03 7.28 7.65
-9999 -9999 -9999 -9999 -9999 -9999 -9999 -9999 -9999 -9999 -9999 -9999 -9999 -9999 -9999 -9999 -9999 -9999 -9999 -9999 -9999 -9999 -9999 -9999 -9999 -9999 -9999 10.59 7.80 6.36 8.23 11.39 10.33 9.54 8.56 9.58 7.93 7.56 7.10 8.61 8.64 9.19 8.77 8.34 8.67 8.43 8.61 8.90 8.85 8.02 7.87 7.79 7.67 7.02 6.63 6.42 6.27 6.62 6.36 6.11 5.61 5.75 6.63 7.41 6.78 7.55 7.11 6.94 7.00 7.69 9.16 8.67 6.59 6.31 6.62 6.68 6.39 6.38 6.21
-9999 -9999 -9999 -9999 -9999 -9999 -9999 -9999 -9999 -9999 12.90 12.91 10.60 14.66 13.69 13.32 13.27 15.02 8.29 13.75 10.08 -9999 -9999 -9999 -9999 -9999 -9999 9.54 7.90 7.16 6.07 7.00 8.99 10.42 9.85 8.64 7.84 7.75 8.40 9.47 8.69 7.92 7.81 7.34 8.21 8.33 7.85 7.44 7.25 7.62 7.07 7.65 8.05 8.64 7.53 6.86 7.14 6.96 6.35 6.84 5.86 5.61 6.98 7.93 6.81 6.34 6.61 6.50 6.25 6.02 6.21 6.05 5.54 5.34 5.24 5.19 5.05 5.27 5.19
-9999 -9999 -9999 -9999 -9999 -9999 -9999 -9999 -9999 -9999 14.32 13.04 12.39 9.88 11.48 12.74 11.75 12.20 12.46 9.96 8.99 8.21 9.62 12.34 10.78 10.11 8.95 8.33 7.49 6.96 6.43 5.86 6.35 8.86 9.03 8.20 7.44 10.08 8.63 7.64 8.06 8.37 7.42 7.06 8.10 7.98 8.11 7.75 7.65 6.63 6.82 7.34 7.45 7.46 8.06 8.18 6.66 6.29 5.92 5.67 6.45 5.69 9.25 7.71 7.34 6.79 6.35 6.42 6.17 6.86 6.77 5.44 6.76 6.19 6.62 5.32 5.38 5.05 4.90
-9999 -9999 -9999 -9999 -9999 -9999 -9999 -9999 -9999 13.18 11.38 10.08 9.00 7.54 9.33 11.58 10.81 9.77 9.84 9.91 8.99 7.90 7.75 9.08 10.46 8.16 7.69 7.16 7.19 7.93 6.60 6.41 7.59 7.68 7.53 7.79 9.95 8.29 9.48 8.80 8.00 7.14 7.54 7.36 8.16 8.30 7.85 8.21 7.19 7.41 7.16 7.06 6.99 8.21 8.85 6.87 6.09 6.23 8.24 6.68 6.15 6.34 6.35 6.72 6.99 6.64 6.47 6.94 7.75 6.81 5.78 5.58 7.03 6.40 6.18 6.40 6.13 5.61 5.55
-9999 -9999 -9999 -9999 -9999 -9999 -9999 -9999 -9999 -9999 10.39 8.57 7.40 8.35 7.68 8.10 10.49 9.15 7.44 6.53 8.96 10.96 9.07 7.15 7.63 9.63 7.98 6.48 6.54 6.51 7.12 7.20 6.46 6.60 7.06 7.76 8.79 7.66 9.13 8.14 8.02 7.83 8.03 7.48 8.25 8.49 8.27 6.96 6.97 7.54 6.70 6.22 6.06 7.04 8.15 7.85 6.21 6.49 7.52 7.24 6.49 5.73 5.70 5.57 5.96 7.53 7.25 6.92 7.35 8.12 7.23 6.60 7.09 6.95 6.02 6.68 5.63 6.26 5.26
-9999 -9999 -9999 -9999 -9999 -9999 13.74 -9999 -9999 11.65 9.89 9.89 6.36 7.49 6.05 5.92 6.23 6.70 7.56 6.23 8.19 9.67 7.59 6.46 5.47 5.90 6.09 5.86 6.07 6.45 7.26 6.42 6.26 6.83 8.48 7.28 8.06 7.12 8.00 7.64 8.46 9.16 8.43 7.46 7.11 7.22 6.98 6.69 8.00 7.09 6.37 8.03 6.56 6.60 8.29 9.24 6.09 6.36 6.68 6.44 6.00 5.69 5.64 6.06 6.66 7.07 6.26 5.80 5.75 6.20 6.22 6.15 6.70 5.99 5.86 5.69 5.11 5.03 4.88
-9999 -9999 -9999 -9999 -9999 12.47 13.33 13.00 12.45 9.68 8.32 9.19 6.37 5.16 5.82 5.43 6.92 7.49 8.29 6.93 6.73 7.29 6.25 5.27 4.82 5.26 6.08 6.49 5.87 5.98 6.25 6.02 6.13 7.76 7.90 7.04 7.63 7.96 9.18 8.42 8.45 9.60 8.32 8.01 6.90 7.46 7.11 7.38 6.79 6.54 6.01 7.09 7.09 6.30 7.23 6.80 6.15 5.93 5.66 6.34 6.30 6.08 5.76 5.49 5.49 5.40 5.72 5.89 5.63 4.89 5.35 5.71 6.46 6.74 6.27 5.08 5.84 5.64 5.59
-9999 -9999 -9999 -9999 -9999 11.55 11.09 9.99 10.23 8.90 7.60 6.03 7.47 7.31 6.40 7.78 7.87 7.71 9.01 7.98 7.75 7.36 5.13 6.15 7.96 7.42 6.56 5.99 5.56 6.21 6.78 7.15 6.68 7.87 7.32 7.88 7.08 6.48 7.96 9.16 8.09 8.09 7.85 7.29 7.30 7.87 7.10 6.55 7.22 7.39 6.13 6.46 6.51 6.38 7.14 7.48 7.52 8.83 6.32 6.36 5.66 5.40 5.61 5.73 5.35 5.15 5.47 6.02 5.62 5.13 4.84 5.55 5.63 5.70 5.81 5.95 4.89 5.42 6.52
-9999 -9999 -9999 -9999 -9999 11.76 9.96 9.16 9.32 8.47 7.97 6.38 6.66 6.76 5.66 7.11 7.60 8.46 9.00 8.69 6.17 4.69 4.17 6.49 6.68 7.28 8.02 6.24 6.19 6.55 6.18 7.20 6.64 7.59 7.21 7.33 7.13 6.55 8.08 7.63 7.69 7.54 7.31 7.16 7.26 7.83 7.78 6.71 6.55 6.83 7.62 6.38 6.51 6.28 6.63 6.72 6.87 7.56 7.01 7.70 8.40 5.12 8.33 6.89 5.26 5.54 8.55 8.37 7.82 4.94 4.82 4.94 4.78 5.24 5.06 6.28 7.29 9.60 8.80
-9999 -9999 -9999 -9999 -9999 10.17 9.17 8.74 8.35 7.58 7.19 6.46 5.85 6.85 6.40 6.77 7.83 7.54 8.02 8.05 7.72 4.60 4.89 6.94 6.22 7.49 7.76 6.55 6.97 7.49 6.57 6.98 7.21 7.24 7.19 7.26 7.86 8.69 6.88 7.62 7.45 7.37 7.15 7.07 7.28 7.65 6.95 7.06 6.89 7.36 7.81 8.31 7.54 8.22 7.77 7.23 6.92 6.49 6.01 6.00 6.38 5.89 7.67 7.55 8.27 7.89 8.40 8.74 9.04 5.57 5.46 5.11 5.15 5.60 6.64 7.93 8.33 -9999 -9999
-9999 -9999 -9999 -9999 -9999 9.21 8.54 8.33 8.50 8.70 7.65 7.01 6.38 6.83 8.11 7.85 7.82 7.64 8.52 8.50 8.18 7.17 5.07 5.01 4.77 7.11 6.32 4.96 7.89 7.84 6.87 9.44 8.27 8.83 9.42 8.79 8.38 8.84 7.65 6.91 7.32 7.20 6.70 6.88 7.00 7.43 6.76 7.16 8.17 8.94 8.78 8.76 8.95 8.91 9.08 8.90 8.32 7.37 6.93 7.33 7.89 8.19 8.64 8.89 9.17 -9999 -9999 8.62 8.80 8.17 7.39 6.33 8.99 7.28 -9999 -9999 -9999 -9999 -9999
-9999 -9999 -9999 -9999 12.10 9.59 8.92 7.92 8.64 8.68 9.42 7.98 8.56 8.13 8.69 8.32 8.15 8.25 8.72 8.71 8.49 8.35 7.27 6.49 6.69 6.65 5.42 8.24 9.20 7.02 6.48 7.45 7.53 8.77 8.78 7.78 7.56 7.35 7.16 7.96 7.74 7.81 7.44 7.44 7.88 8.60 8.48 8.25 8.36 8.72 9.08 -9999 -9999 10.09 10.96 10.99 10.31 9.66 9.12 9.28 -9999 -9999 -9999 -9999 -9999 -9999 -9999 -9999 -9999 -9999 8.62 8.88 10.44 9.18 -9999 -9999 -9999 -9999 -9999
-9999 -9999 -9999 13.41 11.46 9.39 9.56 8.17 7.92 7.73 7.79 7.50 10.66 11.33 10.05 9.54 9.74 10.43 9.61 9.05 8.72 9.15 8.76 10.34 10.48 9.75 9.39 11.09 8.74 8.82 8.62 9.16 9.73 8.08 7.00 7.58 6.88 7.09 6.99 7.32 7.40 8.94 10.06 10.11 9.89 9.87 10.13 9.33 -9999 8.05 8.85 8.73 9.26 10.21 -9999 -9999 -9999 -9999 11.00 -9999 -9999 -9999 -9999 -9999 -9999 -9999 -9999 -9999 -9999 -9999 -9999 -9999 -9999 -9999 -9999 -9999 -9999 -9999 -9999
-9999 -9999 14.19 13.06 12.31 10.78 8.92 8.23 7.70 6.57 6.39 8.03 13.04 14.37 9.90 9.39 12.20 9.68 11.55 9.39 9.00 11.93 10.69 10.12 10.06 10.25 -9999 -9999 -9999 -9999 -9999 9.79 10.82 10.06 8.32 8.13 7.73 7.15 7.21 7.24 8.00 9.50 -9999 -9999 -9999 -9999 -9999 10.85 10.70 9.34 8.05 7.89 10.14 10.43 -9999 -9999 -9999 -9999 -9999 -9999 -9999 -9999 -9999 -9999 -9999 -9999 -9999 -9999 -9999 -9999 -9999 -9999 -9999 -9999 -9999 -9999 -9999 -9999 -9999
-9999 9.82 10.67 12.14 12.25 10.81 10.12 9.07 6.99 7.44 7.48 9.89 12.54 13.95 12.64 11.72 10.18 11.44 10.08 10.64 10.35 12.55 12.43 -9999 -9999 -9999 -9999 -9999 -9999 -9999 -9999 -9999 10.27 10.39 9.11 10.18 11.06 11.26 9.05 10.95 11.01 11.92 -9999 -9999 -9999 -9999 -9999 -9999 -9999 9.27 9.34 8.07 9.12 -9999 -9999 -9999 -9999 -9999 -9999 -9999 -9999 -9999 -9999 -9999 -9999 -9999 -9999 -9999 -9999 -9999 -9999 -9999 -9999 -9999 -9999 -9999 -9999 -9999 -9999
11.34 9.32 9.62 11.02 12.52 12.62 10.70 8.40 7.92 8.34 8.22 9.45 12.27 11.02 11.34 11.16 12.26 7.37 10.13 13.79 11.89 -9999 -9999 -9999 -9999 -9999 -9999 -9999 -9999 -9999 -9999 -9999 -9999 -9999 11.35 -9999 -9999 -9999 -9999 10.34 12.73 13.38 -9999 -9999 -9999 -9999 -9999 -9999 -9999 -9999 9.84 11.68 10.42 -9999 -9999 -9999 -9999 -9999 -9999 -9999 -9999 -9999 -9999 -9999 -9999 -9999 -9999 -9999 -9999 -9999 -9999 -9999 -9999 -9999 -9999 -9999 -9999 -9999 -9999
9.67 8.17 9.29 11.00 11.58 12.27 10.87 9.54 10.06 7.04 6.03 7.77 10.91 11.26 9.69 8.59 10.39 8.18 8.39 10.43 -9999 -9999 -9999 -9999 -9999 -9999 -9999 -9999 -9999 -9999 -9999 -9999 -9999 -9999 12.92 -9999 -9999 -9999 -9999 -9999 -9999 -9999 -9999 -9999 -9999 -9999 -9999 -9999 -9999 -9999 -9999 -9999 -9999 -9999 -9999 -9999 -9999 -9999 -9999 -9999 -9999 -9999 -9999 -9999 -9999 -9999 -9999 -9999 -9999 -9999 -9999 -9999 -9999 -9999 -9999 -9999 -9999 -9999 -9999
9.94 8.28 9.50 10.01 10.13 10.77 10.00 9.46 10.17 6.47 5.91 7.00 9.27 13.55 14.05 7.84 8.34 8.31 9.59 12.60 -9999 -9999 -9999 -9999 -9999 -9999 -9999 -9999 -9999 -9999 -9999 -9999 -9999 -9999 -9999 -9999 -9999 -9999 -9999 -9999 -9999 -9999 -9999 -9999 -9999 -9999 -9999 -9999 -9999 -9999 -9999 -9999 -9999 -9999 -9999 -9999 -9999 -9999 -9999 -9999 -9999 -9999 -9999 -9999 -9999 -9999 -9999 -9999 -9999 -9999 -9999 -9999 -9999 -9999 -9999 -9999 -9999 -9999 -9999
11.11 10.20 10.27 9.86 10.59 9.74 9.17 8.75 7.34 7.36 6.63 6.38 9.13 11.43 11.25 9.46 7.49 8.01 11.50 11.28 -9999 -9999 -9999 -9999 -9999 -9999 -9999 -9999 -9999 -9999 -9999 -9999 -9999 -9999 -9999 -9999 -9999 -9999 -9999 -9999 -9999 -9999 -9999 -9999 -9999 -9999 -9999 -9999 -9999 -9999 -9999 -9999 -9999 -9999 -9999 -9999 -9999 -9999 -9999 -9999 -9999 -9999 -9999 -9999 -9999 -9999 -9999 -9999 -9999 -9999 -9999 -9999 -9999 -9999 -9999 -9999 -9999 -9999 -9999
12.00 11.44 11.35 9.91 10.45 9.85 11.83 10.72 8.91 8.38 8.84 7.22 7.56 8.58 8.51 7.95 7.95 8.93 10.41 11.45 -9999 -9999 -9999 -9999 -9999 -9999 -9999 -9999 -9999 -9999 -9999 -9999 -9999 -9999 -9999 -9999 -9999 -9999 -9999 -9999 -9999 -9999 -9999 -9999 -9999 -9999 -9999 -9999 -9999 -9999 -9999 -9999 -9999 -9999 -9999 -9999 -9999 -9999 -9999 -9999 -9999 -9999 -9999 -9999 -9999 -9999 -9999 -9999 -9999 -9999 -9999 -9999 -9999 -9999 -9999 -9999 -9999 -9999 -9999
10.16 10.79 10.41 11.70 13.35 12.89 11.15 11.07 10.93 10.76 9.43 9.72 8.62 7.40 7.45 8.54 9.64 10.38 10.52 12.24 -9999 -9999 -9999 -9999 -9999 -9999 -9999 -9999 -9999 -9999 -9999 -9999 -9999 -9999 -9999 -9999 -9999 -9999 -9999 -9999 -9999 -9999 -9999 -9999 -9999 -9999 -9999 -9999 -9999 -9999 -9999 -9999 -9999 -9999 -9999 -9999 -9999 -9999 -9999 -9999 -9999 -9999 -9999 -9999 -9999 -9999 -9999 -9999 -9999 -9999 -9999 -9999 -9999 -9999 -9999 -9999 -9999 -9999 -9999
10.90 11.83 -9999 -9999 -9999 -9999 -9999 -9999 -9999 -9999 -9999 11.28 11.62 9.93 8.84 8.05 9.39 10.65 10.97 -9999 -9999 -9999 -9999 -9999 -9999 -9999 -9999 -9999 -9999 -9999 -9999 -9999 -9999 -9999 -9999 -9999 -9999 -9999 -9999 -9999 -9999 -9999 -9999 -9999 -9999 -9999 -9999 -9999 -9999 -9999 -9999 -9999 -9999 -9999 -9999 -9999 -9999 -9999 -9999 -9999 -9999 -9999 -9999 -9999 -9999 -9999 -9999 -9999 -9999 -9999 -9999 -9999 -9999 -9999 -9999 -9999 -9999 -9999 -9999
12.02 13.25 -9999 -9999 -9999 -9999 -9999 -9999 -9999 -9999 -9999 -9999 -9999 -9999 10.15 9.18 9.57 10.53 -9999 -9999 -9999 -9999 -9999 -9999 -9999 -9999 -9999 -9999 -9999 -9999 -9999 -9999 -9999 -9999 -9999 -9999 -9999 -9999 -9999 -9999 -9999 -9999 -9999 -9999 -9999 -9999 -9999 -9999 -9999 -9999 -9999 -9999 -9999 -9999 -9999 -9999 -9999 -9999 -9999 -9999 -9999 -9999 -9999 -9999 -9999 -9999 -9999 -9999 -9999 -9999 -9999 -9999 -9999 -9999 -9999 -9999 -9999 -9999 -9999
-9999 -9999 -9999 -9999 -9999 -9999 -9999 -9999 -9999 -9999 -9999 -9999 -9999 -9999 11.91 12.88 13.53 13.29 -9999 -9999 -9999 -9999 -9999 -9999 -9999 -9999 -9999 -9999 -9999 -9999 -9999 -9999 -9999 -9999 -9999 -9999 -9999 -9999 -9999 -9999 -9999 -9999 -9999 -9999 -9999 -9999 -9999 -9999 -9999 -9999 -9999 -9999 -9999 -9999 -9999 -9999 -9999 -9999 -9999 -9999 -9999 -9999 -9999 -9999 -9999 -9999 -9999 -9999 -9999 -9999 -9999 -9999 -9999 -9999 -9999 -9999 -9999 -9999 -9999
-9999 -9999 -9999 -9999 -9999 -9999 -9999 -9999 -9999 -9999 -9999 -9999 -9999 -9999 -9999 -9999 -9999 -9999 -9999 -9999 -9999 -9999 -9999 -9999 -9999 -9999 -9999 -9999 -9999 -9999 -9999 -9999 -9999 -9999 -9999 -9999 -9999 -9999 -9999 -9999 -9999 -9999 -9999 -9999 -9999 -9999 -9999 -9999 -9999 -9999 -9999 -9999 -9999 -9999 -9999 -9999 -9999 -9999 -9999 -9999 -9999 -9999 -9999 -9999 -9999 -9999 -9999 -9999 -9999 -9999 -9999 -9999 -9999 -9999 -9999 -9999 -9999 -9999 -9999
-9999 -9999 -9999 -9999 -9999 -9999 -9999 -9999 -9999 -9999 -9999 -9999 -9999 -9999 -9999 -9999 -9999 -9999 -9999 -9999 -9999 -9999 -9999 -9999 -9999 -9999 -9999 -9999 -9999 -9999 -9999 -9999 -9999 -9999 -9999 -9999 -9999 -9999 -9999 -9999 -9999 -9999 -9999 -9999 -9999 -9999 -9999 -9999 -9999 -9999 -9999 -9999 -9999 -9999 -9999 -9999 -9999 -9999 -9999 -9999 -9999 -9999 -9999 -9999 -9999 -9999 -9999 -9999 -9999 -9999 -9999 -9999 -9999 -9999 -9999 -9999 -9999 -9999 -9999
