ML/MeanWindSpeed_1997-11_Actual.txt
ncols         180
nrows         290
xllcorner     -200000
yllcorner     -200000
cellsize      5000
NODATA_value  -9999
[rows 210 to 244 of 290, columns 79 to 157 of 180]
14.81 13.39 14.85 14.48 -9999 -9999 -9999 -9999 -9999 -9999 -9999 7.67 7.80 9.04 8.81 9.39 9.78 10.90 12.19 13.80 12.83 11.20 9.85 9.75 8.59 10.66 10.84 7.82 6.91 9.97 9.82 10.80 8.14 7.48 7.56 7.12 7.55 8.06 7.99 8.22 7.89 7.43 7.08 6.68 6.22 5.89 5.39 5.76 5.48 5.75 6.20 6.77 7.37 7.22 7.11 6.92 5.95 5.19 6.40 6.43 5.88 5.72 5.35 5.43 6.06 6.30 5.94 5.65 5.55 6.45 5.63 5.87 6.60 6.08 6.03 6.04 5.40 5.14 5.59
15.23 -9999 -9999 -9999 -9999 -9999 -9999 -9999 -9999 12.17 10.57 10.00 11.14 10.91 10.38 9.95 10.25 10.14 11.79 12.88 11.97 8.63 8.42 11.41 9.99 9.67 8.24 7.36 7.06 9.24 9.51 9.47 8.05 7.61 7.66 6.32 8.55 8.77 7.85 8.05 7.70 7.42 7.12 6.64 6.72 5.92 5.66 5.09 5.18 5.44 6.05 6.61 7.49 7.17 8.01 8.57 6.25 6.28 4.98 6.16 5.83 5.59 6.64 6.44 6.42 6.66 5.99 5.46 5.53 5.55 6.07 6.51 5.92 6.29 6.11 5.57 5.34 6.29 5.86
-9999 -9999 -9999 -9999 -9999 -9999 -9999 -9999 -9999 13.65 12.81 11.01 12.30 13.00 -9999 -9999 10.25 12.21 8.40 9.63 9.07 8.98 9.48 10.60 8.22 7.81 8.31 8.15 8.90 9.36 9.45 8.89 8.19 8.34 6.97 7.07 8.55 7.70 7.47 7.47 7.60 7.80 7.36 6.53 6.39 5.77 5.73 6.20 6.67 6.47 7.15 6.67 6.92 7.78 9.51 7.55 6.63 5.75 4.65 6.03 5.95 6.10 6.36 6.35 6.07 5.81 6.80 5.72 5.55 5.43 5.45 5.66 5.48 5.17 6.47 6.05 6.43 7.32 7.39
-9999 -9999 -9999 -9999 -9999 -9999 -9999 -9999 -9999 -9999 -9999 -9999 -9999 -9999 -9999 -9999 11.51 10.23 9.61 8.40 7.41 7.31 7.52 8.29 8.23 8.78 9.49 10.15 10.83 10.59 -9999 8.72 8.08 7.49 7.05 7.15 8.38 7.73 7.86 7.57 7.04 6.84 7.27 6.54 6.65 7.50 7.57 7.31 8.00 8.71 7.68 7.60 7.71 7.88 8.74 7.27 6.55 5.97 5.21 5.13 5.31 5.94 6.45 6.05 5.63 5.61 5.59 5.34 5.28 5.16 5.19 5.34 5.54 5.63 5.99 6.05 6.56 7.12 -9999
-9999 -9999 -9999 -9999 -9999 -9999 -9999 -9999 -9999 -9999 -9999 -9999 -9999 -9999 -9999 -9999 -9999 11.30 9.76 8.44 8.19 8.45 7.25 7.40 8.39 9.94 -9999 -9999 -9999 -9999 9.66 8.07 7.53 7.10 7.10 7.41 8.63 7.89 8.19 7.71 6.84 7.42 6.99 7.99 7.53 8.92 7.80 7.95 7.63 8.01 7.88 7.32 8.02 6.62 7.08 7.11 5.60 5.40 4.82 4.71 4.82 4.75 4.75 5.04 4.82 4.89 4.93 4.96 4.84 5.77 5.95 5.09 5.05 5.21 5.58 6.04 7.11 8.47 8.51
-9999 -9999 -9999 -9999 -9999 -9999 -9999 -9999 -9999 -9999 -9999 -9999 -9999 -9999 -9999 -9999 -9999 -9999 11.18 11.53 10.26 8.96 8.78 9.10 10.36 -9999 -9999 -9999 -9999 10.51 9.36 8.57 6.21 6.26 6.57 8.47 8.92 8.53 8.15 7.34 7.30 7.04 8.11 9.06 8.09 8.07 7.48 7.46 7.21 6.55 7.07 7.06 6.69 6.58 6.57 6.28 5.63 5.47 5.55 5.59 5.68 4.70 4.67 4.70 4.56 5.01 4.93 5.14 4.58 5.09 5.04 5.00 5.66 4.97 5.98 6.26 6.71 6.38 7.03
-9999 -9999 -9999 -9999 -9999 -9999 -9999 -9999 -9999 -9999 -9999 -9999 -9999 -9999 -9999 -9999 -9999 -9999 -9999 12.00 11.76 10.67 10.37 10.29 12.10 -9999 -9999 -9999 10.00 7.92 6.52 7.60 7.52 7.06 6.27 7.50 7.05 8.52 8.05 6.85 7.94 8.57 8.40 7.98 8.33 7.45 6.97 6.56 6.08 6.02 5.99 6.16 6.58 6.38 6.02 5.96 5.98 5.89 6.20 5.71 5.72 5.27 4.71 4.70 4.41 4.33 4.34 4.66 4.54 4.67 4.73 5.53 5.69 5.97 6.04 5.34 6.50 5.20 5.82
-9999 -9999 -9999 -9999 -9999 -9999 -9999 -9999 -9999 -9999 -9999 -9999 -9999 -9999 -9999 -9999 -9999 -9999 -9999 -9999 -9999 -9999 -9999 -9999 -9999 -9999 -9999 12.00 8.77 6.96 6.16 7.17 5.97 6.75 7.54 7.58 7.63 7.90 6.66 6.32 6.70 7.47 7.32 7.60 7.56 7.66 7.41 7.13 8.21 6.79 6.78 6.17 6.49 6.50 5.95 6.03 5.82 6.08 6.52 5.87 5.26 4.90 4.63 4.57 5.06 4.75 5.29 5.04 5.82 6.18 5.88 4.95 6.76 7.37 6.45 5.40 7.36 6.25 5.52
-9999 -9999 -9999 -9999 -9999 -9999 -9999 -9999 -9999 -9999 -9999 -9999 -9999 -9999 -9999 -9999 -9999 -9999 -9999 -9999 -9999 -9999 -9999 -9999 -9999 -9999 -9999 10.01 8.83 7.51 11.34 9.55 6.43 6.70 7.24 7.73 8.19 6.79 6.28 6.14 6.21 7.22 7.15 7.05 8.40 8.22 9.14 8.01 8.06 8.89 7.38 6.63 6.27 5.76 5.68 5.61 5.73 6.11 6.04 6.05 5.47 4.83 4.45 4.45 5.18 6.84 6.36 6.87 7.10 7.77 6.54 5.47 6.21 6.41 5.60 5.14 5.62 6.55 6.67
-9999 -9999 -9999 -9999 -9999 -9999 -9999 -9999 -9999 -9999 -9999 -9999 -9999 -9999 -9999 -9999 -9999 -9999 -9999 -9999 -9999 -9999 -9999 -9999 -9999 -9999 -9999 9.46 7.37 6.66 8.50 11.17 9.81 8.54 7.42 8.43 7.18 6.82 6.35 7.77 7.94 8.39 8.04 7.37 7.44 7.36 7.77 8.25 8.28 7.48 7.17 6.79 6.50 5.85 5.60 5.77 6.01 6.53 6.27 6.00 5.40 5.15 5.58 6.20 5.88 6.84 6.47 6.23 6.26 6.85 8.11 7.60 5.64 5.39 5.80 6.08 6.09 6.17 5.97
-9999 -9999 -9999 -9999 -9999 -9999 -9999 -9999 -9999 -9999 13.20 12.97 10.94 14.39 13.18 12.17 11.49 12.84 6.87 11.70 8.50 -9999 -9999 -9999 -9999 -9999 -9999 8.67 7.29 7.09 6.64 7.68 9.19 9.99 9.08 7.84 7.06 6.96 7.48 8.46 7.89 7.27 7.32 7.01 6.94 7.29 7.14 6.98 6.78 7.06 6.57 6.99 7.19 7.48 6.45 6.23 6.84 6.75 5.98 6.49 5.77 5.42 6.26 6.97 6.07 5.78 6.04 5.71 5.41 5.17 5.34 5.07 4.41 4.23 4.29 4.37 4.37 4.85 5.01
-9999 -9999 -9999 -9999 -9999 -9999 -9999 -9999 -9999 -9999 14.86 13.56 13.21 11.05 12.30 13.04 11.42 11.12 11.06 8.65 7.48 7.01 8.74 11.26 9.55 8.88 8.19 7.89 7.14 6.70 6.61 6.60 7.13 8.93 8.69 7.83 6.97 9.22 7.82 7.00 7.47 7.82 7.20 7.12 8.17 7.61 7.59 7.30 7.02 5.98 6.25 6.75 6.80 6.52 6.79 7.08 6.21 5.95 5.37 5.24 6.22 5.60 8.59 7.10 6.72 6.17 5.75 5.77 5.39 5.84 5.69 4.49 5.50 4.95 5.41 4.34 4.51 4.49 4.58
-9999 -9999 -9999 -9999 -9999 -9999 -9999 -9999 -9999 13.50 11.75 10.56 10.11 9.31 11.16 12.91 11.70 10.17 9.97 9.77 8.51 7.49 7.85 9.13 10.20 7.94 7.59 7.22 7.18 7.73 6.67 6.73 8.03 7.96 7.64 7.88 9.66 8.10 8.85 8.21 7.52 6.78 7.28 7.48 8.31 8.12 7.56 7.78 6.62 6.55 6.36 6.23 6.13 7.03 7.26 5.76 5.69 5.86 7.40 6.00 5.72 5.95 6.08 6.45 6.61 6.21 6.03 6.50 7.06 5.99 4.99 4.69 5.86 5.34 5.27 5.54 5.38 5.03 5.09
-9999 -9999 -9999 -9999 -9999 -9999 -9999 -9999 -9999 -9999 10.48 8.94 8.38 10.02 9.95 10.15 11.74 10.05 8.43 7.61 9.23 10.56 9.42 8.18 8.46 9.83 8.27 6.96 6.97 6.87 7.30 7.39 6.90 6.84 7.15 7.85 8.83 7.69 8.53 7.41 7.33 7.24 7.66 7.47 8.21 8.22 8.04 6.85 6.54 6.78 5.91 5.28 5.10 5.83 6.49 6.47 5.60 5.90 6.61 6.39 5.80 5.24 5.40 5.53 5.97 7.31 6.99 6.69 7.08 7.68 6.75 5.89 6.07 5.91 5.13 5.78 4.89 5.47 4.68
-9999 -9999 -9999 -9999 -9999 -9999 13.25 -9999 -9999 11.44 9.88 10.08 7.62 9.39 8.41 7.98 7.77 7.64 8.20 7.28 8.91 10.00 8.39 7.60 6.54 6.45 6.59 6.64 6.77 6.95 7.45 6.68 6.65 6.88 8.24 7.29 8.28 7.40 7.69 7.09 7.94 8.56 8.06 7.42 7.01 6.89 6.80 6.55 7.40 6.37 5.57 6.77 5.40 5.24 6.41 7.30 4.76 5.10 5.42 5.21 5.03 5.08 5.12 5.69 6.47 6.83 5.96 5.54 5.59 6.06 5.91 5.58 5.88 5.17 4.96 4.85 4.39 4.38 4.34
-9999 -9999 -9999 -9999 -9999 13.18 13.35 12.84 12.37 10.07 9.10 10.63 8.64 7.78 8.49 7.79 8.55 8.44 8.93 8.01 8.10 8.90 8.03 6.81 6.15 6.20 6.76 7.17 6.48 6.45 6.65 6.47 6.61 7.76 7.76 7.10 7.85 8.15 9.06 8.17 8.21 9.14 7.97 7.79 6.64 6.81 6.54 6.81 6.11 5.70 4.93 5.63 5.56 4.75 5.51 5.19 4.64 4.44 4.28 4.75 4.88 5.02 4.71 4.55 4.93 4.97 5.00 4.98 4.97 4.68 5.22 5.48 6.04 6.20 5.68 4.55 5.13 4.87 4.98
-9999 -9999 -9999 -9999 -9999 12.79 11.88 10.64 10.81 9.93 9.41 8.66 10.05 9.90 9.10 10.06 9.67 8.98 9.84 9.01 9.22 9.76 8.02 8.48 9.73 8.86 7.74 6.98 6.34 6.69 7.04 7.26 6.83 7.67 7.04 7.52 6.88 6.41 7.88 8.90 7.86 7.77 7.58 7.11 6.83 7.06 6.39 5.80 6.15 6.02 4.54 4.58 4.61 4.57 5.57 6.23 6.35 7.51 5.20 5.10 4.53 4.44 4.51 4.62 4.64 4.66 4.78 5.01 4.67 4.58 4.44 5.19 5.34 5.44 5.47 5.51 4.49 4.92 6.02
-9999 -9999 -9999 -9999 -9999 13.04 11.16 10.31 10.41 9.72 9.85 9.02 9.33 9.32 8.27 9.37 9.48 9.83 10.03 9.68 8.10 7.96 7.99 9.72 9.45 9.53 9.90 7.78 7.18 7.14 6.45 7.05 6.47 7.18 6.81 6.91 6.68 6.26 7.86 7.56 7.58 7.29 7.12 7.06 6.84 7.00 6.88 5.73 5.26 5.09 5.38 3.97 3.98 3.95 4.97 5.85 6.25 6.91 6.21 6.61 7.34 4.57 7.30 6.12 4.98 5.42 7.95 7.49 6.79 4.30 4.12 4.19 4.18 4.96 4.93 6.04 6.87 8.89 8.27
-9999 -9999 -9999 -9999 -9999 11.13 10.29 9.95 9.60 8.81 8.70 8.47 8.09 8.85 8.40 8.55 9.26 8.68 8.91 8.87 9.24 7.82 8.80 10.28 9.30 10.32 10.26 8.40 8.29 8.55 7.51 7.37 7.24 7.25 7.30 7.33 7.65 8.31 6.81 7.45 7.19 7.00 6.87 6.87 6.86 6.93 6.13 5.97 5.43 5.32 5.14 5.14 4.22 4.84 5.45 6.49 6.49 5.96 5.32 5.17 5.57 5.22 6.81 6.82 7.63 7.49 8.01 8.18 8.37 5.17 4.95 4.45 4.42 5.18 6.30 7.54 7.91 -9999 -9999
-9999 -9999 -9999 -9999 -9999 9.73 9.51 9.58 9.78 9.93 9.07 8.33 7.32 7.58 9.00 8.68 8.37 7.92 8.46 8.46 8.44 8.44 8.18 8.39 7.89 10.06 9.06 7.28 9.72 9.46 8.32 10.05 8.55 8.97 9.67 9.06 8.46 8.68 7.55 6.81 7.05 6.81 6.40 6.66 6.70 6.99 6.19 6.17 6.53 6.54 5.67 5.12 4.99 4.87 5.64 8.16 7.80 6.77 6.14 6.42 6.87 7.15 7.66 8.00 8.34 -9999 -9999 8.25 8.42 7.81 7.03 5.86 8.14 6.78 -9999 -9999 -9999 -9999 -9999
-9999 -9999 -9999 -9999 11.21 9.46 9.48 9.17 10.15 10.17 10.77 8.70 8.11 7.65 8.77 8.51 7.89 7.64 7.93 8.01 7.95 7.85 8.42 9.09 9.42 9.50 8.22 10.30 10.91 8.92 8.27 8.63 8.18 9.07 9.11 8.15 7.92 7.55 7.23 7.82 7.54 7.47 7.16 7.23 7.63 8.17 7.84 7.18 6.58 5.98 5.60 -9999 -9999 5.87 7.02 9.48 9.46 8.74 8.07 8.11 -9999 -9999 -9999 -9999 -9999 -9999 -9999 -9999 -9999 -9999 8.31 8.35 9.66 8.61 -9999 -9999 -9999 -9999 -9999
-9999 -9999 -9999 12.17 10.16 8.69 9.53 8.96 9.18 9.18 9.50 8.57 9.94 10.20 9.37 8.93 9.02 9.40 8.30 7.86 8.09 8.49 8.91 11.41 12.25 11.81 11.26 12.57 10.35 10.47 10.33 10.56 10.65 8.92 7.82 8.15 7.33 7.28 6.98 7.04 6.97 8.41 9.57 9.66 9.48 9.39 9.40 8.29 -9999 5.55 5.48 4.87 5.18 6.27 -9999 -9999 -9999 -9999 9.66 -9999 -9999 -9999 -9999 -9999 -9999 -9999 -9999 -9999 -9999 -9999 -9999 -9999 -9999 -9999 -9999 -9999 -9999 -9999 -9999
-9999 -9999 13.97 11.93 10.75 9.50 8.49 8.62 8.71 8.34 8.88 9.67 12.51 13.32 9.49 8.64 11.28 9.18 10.27 8.21 8.28 11.00 10.36 10.56 11.18 11.58 -9999 -9999 -9999 -9999 -9999 11.19 11.91 10.97 9.26 9.01 8.42 7.64 7.42 7.08 7.53 8.98 -9999 -9999 -9999 -9999 -9999 10.00 9.27 7.23 5.18 4.33 6.32 6.95 -9999 -9999 -9999 -9999 -9999 -9999 -9999 -9999 -9999 -9999 -9999 -9999 -9999 -9999 -9999 -9999 -9999 -9999 -9999 -9999 -9999 -9999 -9999 -9999 -9999
-9999 10.67 10.92 11.45 11.04 9.49 9.34 9.28 7.99 9.32 10.15 11.78 12.97 13.56 12.27 11.33 10.00 11.23 9.39 9.64 9.63 11.73 11.98 -9999 -9999 -9999 -9999 -9999 -9999 -9999 -9999 -9999 11.40 11.39 10.12 10.96 11.69 11.76 9.61 10.92 10.70 11.47 -9999 -9999 -9999 -9999 -9999 -9999 -9999 7.55 6.94 5.28 6.13 -9999 -9999 -9999 -9999 -9999 -9999 -9999 -9999 -9999 -9999 -9999 -9999 -9999 -9999 -9999 -9999 -9999 -9999 -9999 -9999 -9999 -9999 -9999 -9999 -9999 -9999
11.48 9.81 10.08 11.04 11.89 11.67 10.11 8.72 8.80 10.04 10.68 11.45 13.05 11.09 10.96 11.09 12.37 7.83 9.56 12.72 11.31 -9999 -9999 -9999 -9999 -9999 -9999 -9999 -9999 -9999 -9999 -9999 -9999 -9999 12.10 -9999 -9999 -9999 -9999 10.62 12.42 12.89 -9999 -9999 -9999 -9999 -9999 -9999 -9999 -9999 7.90 9.04 7.82 -9999 -9999 -9999 -9999 -9999 -9999 -9999 -9999 -9999 -9999 -9999 -9999 -9999 -9999 -9999 -9999 -9999 -9999 -9999 -9999 -9999 -9999 -9999 -9999 -9999 -9999
9.77 8.34 9.62 11.37 11.52 11.85 10.80 9.87 10.87 9.10 8.75 10.24 12.34 11.55 9.79 9.02 10.75 8.53 8.32 10.28 -9999 -9999 -9999 -9999 -9999 -9999 -9999 -9999 -9999 -9999 -9999 -9999 -9999 -9999 13.55 -9999 -9999 -9999 -9999 -9999 -9999 -9999 -9999 -9999 -9999 -9999 -9999 -9999 -9999 -9999 -9999 -9999 -9999 -9999 -9999 -9999 -9999 -9999 -9999 -9999 -9999 -9999 -9999 -9999 -9999 -9999 -9999 -9999 -9999 -9999 -9999 -9999 -9999 -9999 -9999 -9999 -9999 -9999 -9999
9.87 8.07 9.54 10.26 10.22 10.64 10.22 10.00 11.20 8.65 8.84 10.20 11.81 14.35 14.15 8.67 8.94 8.54 9.56 12.49 -9999 -9999 -9999 -9999 -9999 -9999 -9999 -9999 -9999 -9999 -9999 -9999 -9999 -9999 -9999 -9999 -9999 -9999 -9999 -9999 -9999 -9999 -9999 -9999 -9999 -9999 -9999 -9999 -9999 -9999 -9999 -9999 -9999 -9999 -9999 -9999 -9999 -9999 -9999 -9999 -9999 -9999 -9999 -9999 -9999 -9999 -9999 -9999 -9999 -9999 -9999 -9999 -9999 -9999 -9999 -9999 -9999 -9999 -9999
11.44 10.19 10.46 10.11 10.61 10.00 9.83 9.71 9.00 9.39 9.17 9.35 11.66 12.98 12.14 10.09 8.01 8.08 11.24 11.41 -9999 -9999 -9999 -9999 -9999 -9999 -9999 -9999 -9999 -9999 -9999 -9999 -9999 -9999 -9999 -9999 -9999 -9999 -9999 -9999 -9999 -9999 -9999 -9999 -9999 -9999 -9999 -9999 -9999 -9999 -9999 -9999 -9999 -9999 -9999 -9999 -9999 -9999 -9999 -9999 -9999 -9999 -9999 -9999 -9999 -9999 -9999 -9999 -9999 -9999 -9999 -9999 -9999 -9999 -9999 -9999 -9999 -9999 -9999
12.61 11.82 11.82 10.46 10.86 10.50 12.56 11.88 10.59 10.21 10.73 9.42 9.85 10.57 10.06 8.95 8.48 9.19 10.74 11.87 -9999 -9999 -9999 -9999 -9999 -9999 -9999 -9999 -9999 -9999 -9999 -9999 -9999 -9999 -9999 -9999 -9999 -9999 -9999 -9999 -9999 -9999 -9999 -9999 -9999 -9999 -9999 -9999 -9999 -9999 -9999 -9999 -9999 -9999 -9999 -9999 -9999 -9999 -9999 -9999 -9999 -9999 -9999 -9999 -9999 -9999 -9999 -9999 -9999 -9999 -9999 -9999 -9999 -9999 -9999 -9999 -9999 -9999 -9999
10.91 11.45 11.20 12.20 13.61 13.37 12.14 12.39 12.46 12.38 11.27 11.53 10.69 9.70 9.41 9.81 10.40 10.96 11.24 12.76 -9999 -9999 -9999 -9999 -9999 -9999 -9999 -9999 -9999 -9999 -9999 -9999 -9999 -9999 -9999 -9999 -9999 -9999 -9999 -9999 -9999 -9999 -9999 -9999 -9999 -9999 -9999 -9999 -9999 -9999 -9999 -9999 -9999 -9999 -9999 -9999 -9999 -9999 -9999 -9999 -9999 -9999 -9999 -9999 -9999 -9999 -9999 -9999 -9999 -9999 -9999 -9999 -9999 -9999 -9999 -9999 -9999 -9999 -9999
11.75 12.55 -9999 -9999 -9999 -9999 -9999 -9999 -9999 -9999 -9999 12.89 13.22 11.71 10.58 9.43 10.27 11.35 11.76 -9999 -9999 -9999 -9999 -9999 -9999 -9999 -9999 -9999 -9999 -9999 -9999 -9999 -9999 -9999 -9999 -9999 -9999 -9999 -9999 -9999 -9999 -9999 -9999 -9999 -9999 -9999 -9999 -9999 -9999 -9999 -9999 -9999 -9999 -9999 -9999 -9999 -9999 -9999 -9999 -9999 -9999 -9999 -9999 -9999 -9999 -9999 -9999 -9999 -9999 -9999 -9999 -9999 -9999 -9999 -9999 -9999 -9999 -9999 -9999
12.75 13.83 -9999 -9999 -9999 -9999 -9999 -9999 -9999 -9999 -9999 -9999 -9999 -9999 11.72 10.57 10.67 11.56 -9999 -9999 -9999 -9999 -9999 -9999 -9999 -9999 -9999 -9999 -9999 -9999 -9999 -9999 -9999 -9999 -9999 -9999 -9999 -9999 -9999 -9999 -9999 -9999 -9999 -9999 -9999 -9999 -9999 -9999 -9999 -9999 -9999 -9999 -9999 -9999 -9999 -9999 -9999 -9999 -9999 -9999 -9999 -9999 -9999 -9999 -9999 -9999 -9999 -9999 -9999 -9999 -9999 -9999 -9999 -9999 -9999 -9999 -9999 -9999 -9999
-9999 -9999 -9999 -9999 -9999 -9999 -9999 -9999 -9999 -9999 -9999 -9999 -9999 -9999 13.27 13.90 14.35 14.10 -9999 -9999 -9999 -9999 -9999 -9999 -9999 -9999 -9999 -9999 -9999 -9999 -9999 -9999 -9999 -9999 -9999 -9999 -9999 -9999 -9999 -9999 -9999 -9999 -9999 -9999 -9999 -9999 -9999 -9999 -9999 -9999 -9999 -9999 -9999 -9999 -9999 -9999 -9999 -9999 -9999 -9999 -9999 -9999 -9999 -9999 -9999 -9999 -9999 -9999 -9999 -9999 -9999 -9999 -9999 -9999 -9999 -9999 -9999 -9999 -9999
-9999 -9999 -9999 -9999 -9999 -9999 -9999 -9999 -9999 -9999 -9999 -9999 -9999 -9999 -9999 -9999 -9999 -9999 -9999 -9999 -9999 -9999 -9999 -9999 -9999 -9999 -9999 -9999 -9999 -9999 -9999 -9999 -9999 -9999 -9999 -9999 -9999 -9999 -9999 -9999 -9999 -9999 -9999 -9999 -9999 -9999 -9999 -9999 -9999 -9999 -9999 -9999 -9999 -9999 -9999 -9999 -9999 -9999 -9999 -9999 -9999 -9999 -9999 -9999 -9999 -9999 -9999 -9999 -9999 -9999 -9999 -9999 -9999 -9999 -9999 -9999 -9999 -9999 -9999
-9999 -9999 -9999 -9999 -9999 -9999 -9999 -9999 -9999 -9999 -9999 -9999 -9999 -9999 -9999 -9999 -9999 -9999 -9999 -9999 -9999 -9999 -9999 -9999 -9999 -9999 -9999 -9999 -9999 -9999 -9999 -9999 -9999 -9999 -9999 -9999 -9999 -9999 -9999 -9999 -9999 -9999 -9999 -9999 -9999 -9999 -9999 -9999 -9999 -9999 -9999 -9999 -9999 -9999 -9999 -9999 -9999 -9999 -9999 -9999 -9999 -9999 -9999 -9999 -9999 -9999 -9999 -9999 -9999 -9999 -9999 -9999 -9999 -9999 -9999 -9999 -9999 -9999 -9999
