ML/MeanWindSpeed_1993-06_Actual.txt
ncols         180
nrows         290
xllcorner     -200000
yllcorner     -200000
cellsize      5000
NODATA_value  -9999
[rows 210 to 244 of 290, columns 79 to 157 of 180]
8.19 7.34 8.46 8.46 -9999 -9999 -9999 -9999 -9999 -9999 -9999 5.60 5.66 6.31 5.84 6.01 6.27 7.37 8.51 9.87 9.43 8.27 7.29 7.07 6.40 7.95 7.90 5.72 5.06 7.20 7.20 7.79 5.99 5.62 5.62 5.47 6.16 6.66 6.63 6.83 6.66 6.38 6.09 5.77 5.50 5.44 5.32 5.63 5.29 5.19 5.02 4.87 4.86 4.67 4.98 5.80 5.87 5.43 6.13 5.57 4.87 4.70 4.31 4.23 4.68 5.02 4.89 4.65 4.63 5.32 4.82 5.05 5.63 5.34 5.40 5.45 5.11 5.04 5.33
8.30 -9999 -9999 -9999 -9999 -9999 -9999 -9999 -9999 8.11 7.23 6.96 7.70 7.39 6.76 6.27 6.53 6.70 8.07 8.93 8.60 6.41 6.26 8.25 7.43 7.25 6.10 5.42 5.27 6.78 6.87 6.76 5.93 5.79 5.82 5.20 7.03 7.32 6.79 6.98 6.83 6.71 6.44 6.02 6.02 5.58 5.56 5.18 5.09 4.99 4.92 4.75 4.86 4.53 5.30 6.31 5.74 6.00 4.94 5.28 4.74 4.40 4.84 4.65 4.73 5.10 4.78 4.48 4.59 4.67 5.06 5.43 5.13 5.49 5.43 5.09 5.05 5.80 5.54
-9999 -9999 -9999 -9999 -9999 -9999 -9999 -9999 -9999 8.90 8.51 7.42 8.21 8.57 -9999 -9999 6.66 8.25 5.84 6.82 6.62 6.67 7.11 7.91 6.32 5.95 6.14 5.99 6.42 6.68 6.69 6.35 6.06 6.36 5.59 5.91 7.21 6.78 6.76 6.81 6.97 7.24 6.98 6.36 6.03 5.49 5.40 5.61 5.77 5.44 5.56 4.79 4.52 4.99 6.29 5.39 5.55 5.28 4.39 5.01 4.63 4.45 4.46 4.45 4.37 4.42 5.27 4.68 4.66 4.69 4.77 4.91 4.84 4.73 5.59 5.32 5.68 6.32 6.34
-9999 -9999 -9999 -9999 -9999 -9999 -9999 -9999 -9999 -9999 -9999 -9999 -9999 -9999 -9999 -9999 7.55 6.96 6.81 6.25 5.72 5.76 6.06 6.62 6.38 6.46 6.74 7.09 7.44 7.31 -9999 6.38 6.07 5.83 5.62 6.06 7.16 6.89 7.13 7.00 6.73 6.72 7.10 6.44 6.16 6.49 6.37 6.07 6.39 6.69 5.78 5.43 5.19 5.25 5.92 5.27 5.28 5.15 4.62 4.37 4.22 4.43 4.60 4.35 4.18 4.37 4.55 4.57 4.61 4.63 4.69 4.78 4.94 5.06 5.32 5.38 5.72 6.08 -9999
-9999 -9999 -9999 -9999 -9999 -9999 -9999 -9999 -9999 -9999 -9999 -9999 -9999 -9999 -9999 -9999 -9999 7.56 6.78 6.12 6.15 6.57 6.08 6.12 6.36 6.99 -9999 -9999 -9999 -9999 6.91 6.20 5.93 5.60 5.61 6.14 7.22 6.97 7.32 7.09 6.61 7.08 6.85 7.33 6.69 7.38 6.44 6.39 6.06 6.15 5.91 5.40 5.72 4.75 5.11 5.34 4.63 4.68 4.35 4.11 3.97 3.84 3.87 4.02 3.87 4.02 4.19 4.37 4.41 5.14 5.33 4.76 4.82 4.97 5.14 5.38 6.01 6.85 6.84
-9999 -9999 -9999 -9999 -9999 -9999 -9999 -9999 -9999 -9999 -9999 -9999 -9999 -9999 -9999 -9999 -9999 -9999 7.46 7.83 7.06 6.62 7.21 7.19 7.32 -9999 -9999 -9999 -9999 7.24 6.97 6.77 5.20 5.14 5.36 6.80 7.34 7.28 7.12 6.69 6.77 6.71 7.40 7.83 6.92 6.73 6.24 6.22 6.00 5.38 5.55 5.45 5.15 5.06 5.06 4.97 4.66 4.64 4.79 4.74 4.59 3.87 3.84 3.88 3.85 4.32 4.44 4.69 4.46 4.89 4.87 4.84 5.37 4.93 5.38 5.51 5.94 5.76 6.09
-9999 -9999 -9999 -9999 -9999 -9999 -9999 -9999 -9999 -9999 -9999 -9999 -9999 -9999 -9999 -9999 -9999 -9999 -9999 7.92 7.78 7.42 8.17 7.78 8.05 -9999 -9999 -9999 6.85 5.78 5.42 6.35 6.17 5.82 5.31 6.24 6.03 7.09 6.84 6.14 6.90 7.41 7.19 6.66 6.82 6.23 5.92 5.71 5.34 5.21 5.09 5.14 5.35 5.14 4.86 4.85 4.88 4.88 5.18 4.86 4.68 4.30 3.94 4.00 3.98 4.18 4.31 4.58 4.58 4.70 4.65 5.12 5.31 5.50 5.37 4.85 5.79 5.08 5.61
-9999 -9999 -9999 -9999 -9999 -9999 -9999 -9999 -9999 -9999 -9999 -9999 -9999 -9999 -9999 -9999 -9999 -9999 -9999 -9999 -9999 -9999 -9999 -9999 -9999 -9999 -9999 8.08 6.15 5.22 5.10 6.14 5.32 5.77 6.25 6.31 6.41 6.61 5.87 5.74 5.93 6.36 6.10 6.09 6.04 6.11 5.94 5.82 6.58 5.66 5.65 5.26 5.46 5.42 4.98 5.01 4.83 5.08 5.44 5.00 4.52 4.27 4.18 4.14 4.52 4.45 4.78 4.63 5.19 5.45 5.20 4.60 5.94 6.32 5.51 4.79 6.22 5.65 5.38
-9999 -9999 -9999 -9999 -9999 -9999 -9999 -9999 -9999 -9999 -9999 -9999 -9999 -9999 -9999 -9999 -9999 -9999 -9999 -9999 -9999 -9999 -9999 -9999 -9999 -9999 -9999 6.80 6.16 5.40 8.13 7.20 5.39 5.77 6.19 6.47 6.71 5.84 5.61 5.51 5.41 5.93 5.71 5.53 6.40 6.28 6.87 6.11 6.22 6.83 5.90 5.56 5.43 5.11 5.01 4.92 4.91 5.15 5.14 5.16 4.74 4.35 4.24 4.21 4.56 5.58 5.20 5.58 5.78 6.28 5.47 4.80 5.42 5.57 4.88 4.52 4.86 5.63 5.88
-9999 -9999 -9999 -9999 -9999 -9999 -9999 -9999 -9999 -9999 -9999 -9999 -9999 -9999 -9999 -9999 -9999 -9999 -9999 -9999 -9999 -9999 -9999 -9999 -9999 -9999 -9999 6.60 5.27 4.64 5.88 7.82 7.21 6.73 6.19 6.87 5.96 5.74 5.44 6.31 6.31 6.59 6.28 5.76 5.80 5.76 5.98 6.24 6.26 5.79 5.70 5.63 5.57 5.22 5.06 5.06 5.09 5.38 5.23 5.06 4.62 4.51 4.94 5.44 5.17 5.71 5.38 5.23 5.29 5.73 6.64 6.37 5.15 5.01 5.19 5.27 5.16 5.20 5.13
-9999 -9999 -9999 -9999 -9999 -9999 -9999 -9999 -9999 -9999 9.32 9.34 7.94 10.25 9.62 9.40 9.43 10.53 6.52 9.62 7.24 -9999 -9999 -9999 -9999 -9999 -9999 6.24 5.46 5.19 4.69 5.32 6.52 7.36 7.02 6.32 5.84 5.78 6.14 6.76 6.30 5.88 5.94 5.77 5.58 5.76 5.55 5.39 5.31 5.57 5.27 5.63 5.87 6.23 5.62 5.34 5.62 5.57 5.19 5.46 4.80 4.56 5.33 5.96 5.42 5.24 5.42 5.24 5.00 4.85 4.95 4.84 4.53 4.42 4.37 4.37 4.33 4.54 4.57
-9999 -9999 -9999 -9999 -9999 -9999 -9999 -9999 -9999 -9999 10.46 9.81 9.40 7.78 8.67 9.55 9.10 9.42 9.56 7.94 7.06 6.29 6.92 8.35 7.23 6.70 6.06 5.77 5.36 5.11 4.91 4.70 5.04 6.51 6.58 6.09 5.62 7.17 6.29 5.71 5.96 6.20 5.79 5.80 5.59 5.56 5.72 5.57 5.54 4.97 5.14 5.49 5.58 5.59 5.95 6.11 5.31 5.14 4.89 4.72 5.17 4.70 6.84 6.01 5.88 5.61 5.37 5.39 5.12 5.44 5.33 4.53 5.28 4.95 5.22 4.48 4.56 4.44 4.42
-9999 -9999 -9999 -9999 -9999 -9999 -9999 -9999 -9999 9.66 8.84 8.25 7.59 6.54 7.56 9.12 8.96 8.44 8.45 8.38 7.54 6.50 6.14 6.74 7.41 5.91 5.56 5.24 5.27 5.72 4.99 4.96 5.76 5.83 5.73 5.90 7.17 6.17 6.84 6.43 5.94 5.42 5.65 5.34 5.57 5.72 5.56 5.85 5.28 5.44 5.35 5.33 5.32 6.06 6.43 5.32 4.95 5.07 6.23 5.29 4.99 5.12 5.20 5.51 5.73 5.55 5.46 5.74 6.14 5.48 4.80 4.64 5.48 5.11 5.01 5.18 5.05 4.79 4.80
-9999 -9999 -9999 -9999 -9999 -9999 -9999 -9999 -9999 -9999 8.31 7.37 6.56 6.81 6.40 7.01 8.88 8.23 7.19 6.56 7.73 8.48 7.05 5.72 5.84 6.87 5.80 4.90 4.94 4.93 5.32 5.41 5.04 5.16 5.46 5.90 6.53 5.85 6.66 6.02 5.93 5.79 5.86 5.43 5.80 5.94 5.89 5.18 5.22 5.59 5.13 4.86 4.80 5.40 6.04 5.91 5.00 5.19 5.78 5.63 5.19 4.78 4.83 4.87 5.17 6.13 5.97 5.76 5.97 6.36 5.76 5.33 5.58 5.51 4.97 5.39 4.79 5.19 4.63
-9999 -9999 -9999 -9999 -9999 -9999 9.51 -9999 -9999 8.74 7.91 7.88 5.32 5.66 4.91 5.30 6.12 6.67 7.20 6.35 7.24 7.65 6.03 5.14 4.41 4.53 4.60 4.50 4.65 4.90 5.40 4.94 4.90 5.26 6.28 5.62 6.14 5.59 6.05 5.78 6.25 6.63 6.15 5.52 5.26 5.31 5.22 5.10 5.90 5.39 5.00 5.98 5.13 5.16 6.14 6.70 4.84 5.03 5.25 5.11 4.88 4.76 4.78 5.10 5.55 5.84 5.35 5.07 5.01 5.24 5.18 5.09 5.40 4.99 4.91 4.83 4.52 4.50 4.43
-9999 -9999 -9999 -9999 -9999 8.83 9.43 9.33 9.05 7.43 6.58 6.69 4.55 3.76 4.32 4.53 6.07 6.81 7.38 6.48 6.08 6.01 5.02 4.19 3.83 4.05 4.53 4.80 4.48 4.60 4.82 4.73 4.85 5.84 5.96 5.50 5.90 6.12 6.84 6.37 6.38 7.03 6.22 6.01 5.30 5.59 5.40 5.60 5.27 5.15 4.83 5.48 5.48 5.02 5.58 5.31 4.90 4.77 4.65 5.04 5.02 4.96 4.79 4.69 4.78 4.79 4.97 5.04 4.88 4.45 4.71 4.92 5.35 5.53 5.25 4.55 5.01 4.89 4.84
-9999 -9999 -9999 -9999 -9999 8.38 8.28 7.61 7.69 6.79 5.77 4.45 5.08 4.95 4.50 5.62 6.18 6.45 7.32 6.57 6.18 5.72 4.17 4.60 5.61 5.28 4.79 4.48 4.27 4.71 5.10 5.36 5.14 5.89 5.61 5.97 5.53 5.21 6.16 6.90 6.28 6.29 6.15 5.79 5.74 6.02 5.54 5.19 5.57 5.66 4.91 5.12 5.18 5.11 5.58 5.79 5.78 6.56 5.08 5.10 4.69 4.57 4.70 4.82 4.67 4.61 4.79 5.08 4.81 4.55 4.38 4.83 4.89 4.96 5.02 5.11 4.47 4.74 5.30
-9999 -9999 -9999 -9999 -9999 8.50 7.63 7.14 7.10 6.38 5.83 4.64 4.66 4.66 4.07 5.16 5.79 6.52 6.86 6.52 4.90 3.97 3.59 4.86 4.91 5.25 5.72 4.67 4.66 4.92 4.74 5.37 5.10 5.72 5.55 5.65 5.57 5.28 6.31 6.12 6.21 6.14 6.03 5.95 5.94 6.20 6.10 5.38 5.21 5.32 5.75 5.05 5.18 5.05 5.28 5.34 5.42 5.86 5.54 5.95 6.39 4.48 6.40 5.58 4.65 4.84 6.62 6.51 6.15 4.44 4.35 4.45 4.39 4.72 4.58 5.26 5.80 7.10 6.52
-9999 -9999 -9999 -9999 -9999 7.48 7.10 6.82 6.46 5.78 5.33 4.71 4.24 4.77 4.57 4.96 5.79 5.69 5.92 5.80 5.58 3.82 4.03 5.19 4.72 5.49 5.66 4.89 5.17 5.55 5.08 5.34 5.50 5.57 5.61 5.68 6.06 6.62 5.65 6.19 6.14 6.14 6.03 6.00 6.09 6.24 5.73 5.68 5.46 5.62 5.79 6.07 5.67 6.12 5.84 5.52 5.37 5.18 4.95 4.96 5.16 4.86 5.91 5.85 6.27 6.05 6.37 6.61 6.81 4.78 4.76 4.58 4.60 4.84 5.38 6.06 6.23 -9999 -9999
-9999 -9999 -9999 -9999 -9999 6.87 6.67 6.55 6.55 6.50 5.70 5.10 4.56 4.78 5.64 5.60 5.65 5.50 5.91 5.78 5.56 5.06 4.06 4.08 3.91 5.34 4.87 4.03 5.85 5.89 5.37 6.91 6.21 6.59 7.00 6.67 6.45 6.78 6.16 5.82 6.12 6.10 5.82 5.94 6.01 6.24 5.75 5.83 6.19 6.45 6.27 6.22 6.32 6.32 6.42 6.34 6.06 5.61 5.41 5.63 5.91 6.06 6.32 6.47 6.60 -9999 -9999 6.37 6.52 6.20 5.80 5.24 6.79 5.71 -9999 -9999 -9999 -9999 -9999
-9999 -9999 -9999 -9999 8.31 7.06 6.84 6.28 6.67 6.57 6.87 5.77 5.88 5.59 6.04 5.87 5.72 5.67 5.83 5.74 5.58 5.48 5.11 4.90 5.06 5.04 4.30 5.95 6.57 5.38 5.19 5.83 5.87 6.62 6.67 6.09 6.02 5.94 5.90 6.43 6.36 6.43 6.22 6.21 6.45 6.85 6.66 6.37 6.28 6.28 6.39 -9999 -9999 6.91 7.36 7.38 7.05 6.74 6.49 6.58 -9999 -9999 -9999 -9999 -9999 -9999 -9999 -9999 -9999 -9999 6.36 6.56 7.48 6.67 -9999 -9999 -9999 -9999 -9999
-9999 -9999 -9999 9.04 7.98 6.92 7.14 6.38 6.25 6.07 6.02 5.66 7.29 7.62 6.89 6.57 6.63 6.91 6.27 5.85 5.69 5.93 5.81 6.91 7.09 6.67 6.43 7.45 6.13 6.31 6.36 6.83 7.27 6.34 5.70 6.04 5.63 5.78 5.76 6.00 6.08 6.98 7.60 7.61 7.44 7.40 7.48 6.93 -9999 6.01 6.37 6.26 6.55 7.01 -9999 -9999 -9999 -9999 7.44 -9999 -9999 -9999 -9999 -9999 -9999 -9999 -9999 -9999 -9999 -9999 -9999 -9999 -9999 -9999 -9999 -9999 -9999 -9999 -9999
-9999 -9999 9.61 8.95 8.57 7.70 6.70 6.38 6.12 5.48 5.38 6.19 8.92 9.63 6.94 6.52 8.13 6.55 7.47 6.05 5.83 7.50 6.78 6.51 6.55 6.67 -9999 -9999 -9999 -9999 -9999 7.04 7.81 7.45 6.46 6.32 6.06 5.75 5.85 5.91 6.38 7.20 -9999 -9999 -9999 -9999 -9999 7.71 7.59 6.81 6.11 5.99 7.16 7.17 -9999 -9999 -9999 -9999 -9999 -9999 -9999 -9999 -9999 -9999 -9999 -9999 -9999 -9999 -9999 -9999 -9999 -9999 -9999 -9999 -9999 -9999 -9999 -9999 -9999
-9999 7.19 7.66 8.55 8.59 7.70 7.37 6.87 5.73 6.09 6.17 7.51 8.92 9.62 8.75 8.09 7.08 7.72 6.74 6.85 6.58 7.77 7.65 -9999 -9999 -9999 -9999 -9999 -9999 -9999 -9999 -9999 7.31 7.47 6.73 7.37 7.86 8.02 6.80 8.00 8.03 8.52 -9999 -9999 -9999 -9999 -9999 -9999 -9999 6.80 6.91 6.12 6.65 -9999 -9999 -9999 -9999 -9999 -9999 -9999 -9999 -9999 -9999 -9999 -9999 -9999 -9999 -9999 -9999 -9999 -9999 -9999 -9999 -9999 -9999 -9999 -9999 -9999 -9999
8.33 6.98 7.15 7.99 8.82 8.84 7.75 6.50 6.32 6.68 6.69 7.39 8.98 8.05 8.08 7.92 8.49 5.43 6.85 8.74 7.43 -9999 -9999 -9999 -9999 -9999 -9999 -9999 -9999 -9999 -9999 -9999 -9999 -9999 7.86 -9999 -9999 -9999 -9999 7.43 8.88 9.25 -9999 -9999 -9999 -9999 -9999 -9999 -9999 -9999 7.06 8.11 7.28 -9999 -9999 -9999 -9999 -9999 -9999 -9999 -9999 -9999 -9999 -9999 -9999 -9999 -9999 -9999 -9999 -9999 -9999 -9999 -9999 -9999 -9999 -9999 -9999 -9999 -9999
7.62 6.38 7.01 8.04 8.34 8.72 7.96 7.25 7.69 6.04 5.50 6.55 8.36 8.38 7.30 6.57 7.52 6.03 5.93 6.88 -9999 -9999 -9999 -9999 -9999 -9999 -9999 -9999 -9999 -9999 -9999 -9999 -9999 -9999 8.64 -9999 -9999 -9999 -9999 -9999 -9999 -9999 -9999 -9999 -9999 -9999 -9999 -9999 -9999 -9999 -9999 -9999 -9999 -9999 -9999 -9999 -9999 -9999 -9999 -9999 -9999 -9999 -9999 -9999 -9999 -9999 -9999 -9999 -9999 -9999 -9999 -9999 -9999 -9999 -9999 -9999 -9999 -9999 -9999
7.98 6.49 7.12 7.45 7.51 7.89 7.52 7.30 7.85 5.77 5.52 6.23 7.57 9.92 10.07 6.28 6.41 6.18 6.69 8.22 -9999 -9999 -9999 -9999 -9999 -9999 -9999 -9999 -9999 -9999 -9999 -9999 -9999 -9999 -9999 -9999 -9999 -9999 -9999 -9999 -9999 -9999 -9999 -9999 -9999 -9999 -9999 -9999 -9999 -9999 -9999 -9999 -9999 -9999 -9999 -9999 -9999 -9999 -9999 -9999 -9999 -9999 -9999 -9999 -9999 -9999 -9999 -9999 -9999 -9999 -9999 -9999 -9999 -9999 -9999 -9999 -9999 -9999 -9999
8.89 7.86 7.71 7.42 7.85 7.40 7.16 7.00 6.27 6.32 5.93 5.86 7.54 8.81 8.54 7.30 5.96 6.05 7.91 7.53 -9999 -9999 -9999 -9999 -9999 -9999 -9999 -9999 -9999 -9999 -9999 -9999 -9999 -9999 -9999 -9999 -9999 -9999 -9999 -9999 -9999 -9999 -9999 -9999 -9999 -9999 -9999 -9999 -9999 -9999 -9999 -9999 -9999 -9999 -9999 -9999 -9999 -9999 -9999 -9999 -9999 -9999 -9999 -9999 -9999 -9999 -9999 -9999 -9999 -9999 -9999 -9999 -9999 -9999 -9999 -9999 -9999 -9999 -9999
9.53 8.79 8.47 7.49 7.81 7.46 8.71 8.12 7.12 6.82 7.15 6.26 6.59 7.19 7.02 6.47 6.29 6.73 7.40 7.73 -9999 -9999 -9999 -9999 -9999 -9999 -9999 -9999 -9999 -9999 -9999 -9999 -9999 -9999 -9999 -9999 -9999 -9999 -9999 -9999 -9999 -9999 -9999 -9999 -9999 -9999 -9999 -9999 -9999 -9999 -9999 -9999 -9999 -9999 -9999 -9999 -9999 -9999 -9999 -9999 -9999 -9999 -9999 -9999 -9999 -9999 -9999 -9999 -9999 -9999 -9999 -9999 -9999 -9999 -9999 -9999 -9999 -9999 -9999
8.41 8.45 7.93 8.49 9.43 9.15 8.17 8.18 8.13 8.05 7.35 7.62 7.08 6.43 6.42 6.92 7.42 7.68 7.50 8.22 -9999 -9999 -9999 -9999 -9999 -9999 -9999 -9999 -9999 -9999 -9999 -9999 -9999 -9999 -9999 -9999 -9999 -9999 -9999 -9999 -9999 -9999 -9999 -9999 -9999 -9999 -9999 -9999 -9999 -9999 -9999 -9999 -9999 -9999 -9999 -9999 -9999 -9999 -9999 -9999 -9999 -9999 -9999 -9999 -9999 -9999 -9999 -9999 -9999 -9999 -9999 -9999 -9999 -9999 -9999 -9999 -9999 -9999 -9999
8.78 9.00 -9999 -9999 -9999 -9999 -9999 -9999 -9999 -9999 -9999 8.30 8.60 7.69 7.09 6.61 7.28 7.80 7.75 -9999 -9999 -9999 -9999 -9999 -9999 -9999 -9999 -9999 -9999 -9999 -9999 -9999 -9999 -9999 -9999 -9999 -9999 -9999 -9999 -9999 -9999 -9999 -9999 -9999 -9999 -9999 -9999 -9999 -9999 -9999 -9999 -9999 -9999 -9999 -9999 -9999 -9999 -9999 -9999 -9999 -9999 -9999 -9999 -9999 -9999 -9999 -9999 -9999 -9999 -9999 -9999 -9999 -9999 -9999 -9999 -9999 -9999 -9999 -9999
9.24 9.65 -9999 -9999 -9999 -9999 -9999 -9999 -9999 -9999 -9999 -9999 -9999 -9999 7.67 7.17 7.31 7.68 -9999 -9999 -9999 -9999 -9999 -9999 -9999 -9999 -9999 -9999 -9999 -9999 -9999 -9999 -9999 -9999 -9999 -9999 -9999 -9999 -9999 -9999 -9999 -9999 -9999 -9999 -9999 -9999 -9999 -9999 -9999 -9999 -9999 -9999 -9999 -9999 -9999 -9999 -9999 -9999 -9999 -9999 -9999 -9999 -9999 -9999 -9999 -9999 -9999 -9999 -9999 -9999 -9999 -9999 -9999 -9999 -9999 -9999 -9999 -9999 -9999
-9999 -9999 -9999 -9999 -9999 -9999 -9999 -9999 -9999 -9999 -9999 -9999 -9999 -9999 8.52 9.15 9.50 9.18 -9999 -9999 -9999 -9999 -9999 -9999 -9999 -9999 -9999 -9999 -9999 -9999 -9999 -9999 -9999 -9999 -9999 -9999 -9999 -9999 -9999 -9999 -9999 -9999 -9999 -9999 -9999 -9999 -9999 -9999 -9999 -9999 -9999 -9999 -9999 -9999 -9999 -9999 -9999 -9999 -9999 -9999 -9999 -9999 -9999 -9999 -9999 -9999 -9999 -9999 -9999 -9999 -9999 -9999 -9999 -9999 -9999 -9999 -9999 -9999 -9999
-9999 -9999 -9999 -9999 -9999 -9999 -9999 -9999 -9999 -9999 -9999 -9999 -9999 -9999 -9999 -9999 -9999 -9999 -9999 -9999 -9999 -9999 -9999 -9999 -9999 -9999 -9999 -9999 -9999 -9999 -9999 -9999 -9999 -9999 -9999 -9999 -9999 -9999 -9999 -9999 -9999 -9999 -9999 -9999 -9999 -9999 -9999 -9999 -9999 -9999 -9999 -9999 -9999 -9999 -9999 -9999 -9999 -9999 -9999 -9999 -9999 -9999 -9999 -9999 -9999 -9999 -9999 -9999 -9999 -9999 -9999 -9999 -9999 -9999 -9999 -9999 -9999 -9999 -9999
-9999 -9999 -9999 -9999 -9999 -9999 -9999 -9999 -9999 -9999 -9999 -9999 -9999 -9999 -9999 -9999 -9999 -9999 -9999 -9999 -9999 -9999 -9999 -9999 -9999 -9999 -9999 -9999 -9999 -9999 -9999 -9999 -9999 -9999 -9999 -9999 -9999 -9999 -9999 -9999 -9999 -9999 -9999 -9999 -9999 -9999 -9999 -9999 -9999 -9999 -9999 -9999 -9999 -9999 -9999 -9999 -9999 -9999 -9999 -9999 -9999 -9999 -9999 -9999 -9999 -9999 -9999 -9999 -9999 -9999 -9999 -9999 -9999 -9999 -9999 -9999 -9999 -9999 -9999
