ML/MeanWindSpeed_1991-11_Actual.txt
ncols         180
nrows         290
xllcorner     -200000
yllcorner     -200000
cellsize      5000
NODATA_value  -9999
[rows 105 to 139 of 290, columns 77 to 153 of 180]
14.55 12.78 15.70 11.44 7.40 9.63 14.62 15.05 13.01 10.61 11.79 16.53 11.79 14.68 9.46 12.15 16.26 11.34 8.42 8.48 10.42 9.38 9.22 10.39 10.71 9.44 10.59 9.98 9.95 12.55 11.90 12.14 12.17 -9999 -9999 -9999 -9999 -9999 -9999 -9999 -9999 -9999 -9999 -9999 -9999 -9999 -9999 -9999 -9999 -9999 -9999 -9999 -9999 -9999 -9999 -9999 -9999 -9999 -9999 -9999 -9999 -9999 -9999 -9999 -9999 -9999 -9999 -9999 -9999 -9999 -9999 -9999 -9999 -9999 -9999 -9999 -9999
13.57 14.08 11.87 13.20 16.21 15.17 18.07 11.11 14.49 7.52 16.64 9.35 18.98 9.85 13.11 20.14 13.46 10.69 13.07 11.92 9.25 9.05 8.38 8.45 9.93 8.94 8.72 10.40 11.11 11.09 11.22 10.11 11.62 12.64 -9999 -9999 -9999 -9999 -9999 -9999 -9999 -9999 -9999 -9999 -9999 -9999 -9999 -9999 -9999 -9999 -9999 -9999 -9999 -9999 -9999 -9999 -9999 -9999 -9999 -9999 -9999 -9999 -9999 -9999 -9999 -9999 -9999 -9999 -9999 -9999 -9999 -9999 -9999 -9999 -9999 -9999 -9999
14.42 14.03 8.83 16.12 12.37 7.96 12.25 16.49 15.82 7.84 16.41 14.03 14.85 11.37 15.98 13.08 14.54 18.24 14.44 12.81 11.06 9.68 9.76 11.34 12.01 13.44 13.01 11.40 10.06 9.36 11.71 10.50 13.03 13.22 14.52 -9999 -9999 -9999 -9999 -9999 -9999 -9999 -9999 -9999 -9999 -9999 -9999 -9999 -9999 -9999 -9999 -9999 -9999 -9999 -9999 -9999 -9999 -9999 -9999 -9999 -9999 -9999 -9999 -9999 -9999 -9999 -9999 -9999 -9999 -9999 -9999 -9999 -9999 -9999 -9999 -9999 -9999
14.71 10.83 14.83 15.09 11.40 7.44 14.12 15.95 19.86 9.89 15.83 13.12 13.73 13.14 13.89 8.54 10.55 12.05 11.37 8.76 10.45 12.73 16.31 15.41 14.04 12.05 11.60 13.06 9.23 10.77 12.11 12.87 13.43 13.86 14.60 14.95 -9999 -9999 -9999 -9999 -9999 -9999 -9999 -9999 -9999 -9999 -9999 -9999 -9999 -9999 -9999 -9999 -9999 -9999 -9999 -9999 -9999 -9999 -9999 -9999 -9999 -9999 -9999 -9999 -9999 -9999 -9999 -9999 -9999 -9999 -9999 -9999 -9999 -9999 -9999 -9999 -9999
10.21 15.35 18.22 9.97 7.94 12.92 18.55 13.72 7.15 10.64 23.87 12.02 11.42 12.81 12.85 10.59 9.79 7.71 7.55 11.40 17.40 16.80 14.41 13.16 10.57 9.94 10.74 12.47 11.08 12.26 12.04 11.87 12.84 13.45 14.04 -9999 -9999 -9999 -9999 -9999 -9999 -9999 -9999 -9999 -9999 -9999 -9999 -9999 -9999 -9999 -9999 -9999 -9999 -9999 -9999 -9999 -9999 -9999 -9999 -9999 -9999 -9999 -9999 -9999 -9999 -9999 -9999 -9999 -9999 -9999 -9999 -9999 -9999 -9999 -9999 -9999 -9999
12.36 13.25 12.12 10.84 17.08 10.42 15.71 16.05 16.23 12.22 10.38 20.22 12.66 10.44 9.25 9.20 8.73 8.00 7.64 11.78 9.84 8.91 7.93 9.76 12.15 11.01 11.27 10.92 11.46 13.29 13.25 -9999 -9999 -9999 -9999 -9999 -9999 -9999 -9999 -9999 -9999 -9999 -9999 -9999 -9999 -9999 -9999 -9999 -9999 -9999 -9999 -9999 -9999 -9999 -9999 -9999 -9999 -9999 -9999 -9999 -9999 -9999 -9999 -9999 -9999 -9999 -9999 -9999 -9999 -9999 -9999 -9999 -9999 -9999 -9999 -9999 -9999
14.24 12.12 8.70 15.81 16.30 18.07 18.31 8.88 16.72 16.76 9.52 13.31 14.10 10.48 10.11 11.32 13.02 14.44 10.36 9.21 8.59 8.75 9.48 10.50 11.86 11.23 11.42 12.54 12.78 -9999 -9999 -9999 -9999 -9999 -9999 -9999 -9999 -9999 -9999 -9999 -9999 -9999 -9999 -9999 -9999 -9999 -9999 -9999 -9999 -9999 -9999 -9999 -9999 -9999 -9999 -9999 -9999 -9999 -9999 -9999 -9999 -9999 -9999 -9999 -9999 -9999 -9999 -9999 -9999 -9999 -9999 -9999 -9999 -9999 -9999 -9999 -9999
13.25 10.66 16.31 12.25 16.76 19.06 15.85 13.36 17.50 17.48 10.36 9.76 8.52 8.55 9.41 10.62 14.51 16.27 13.09 11.12 9.56 9.32 10.68 10.24 10.66 11.41 13.75 15.18 13.83 -9999 -9999 -9999 -9999 -9999 -9999 -9999 -9999 -9999 -9999 -9999 -9999 -9999 -9999 -9999 -9999 -9999 -9999 -9999 -9999 -9999 -9999 -9999 -9999 -9999 -9999 -9999 -9999 -9999 -9999 -9999 -9999 -9999 -9999 -9999 -9999 -9999 -9999 -9999 -9999 -9999 -9999 -9999 -9999 -9999 -9999 -9999 -9999
-9999 13.03 16.19 12.49 16.41 16.19 17.79 12.38 10.95 12.24 11.61 10.72 10.18 7.62 16.64 16.76 15.51 15.99 12.84 10.11 10.06 9.79 9.83 9.57 9.63 11.01 10.95 -9999 -9999 -9999 -9999 -9999 13.93 12.98 13.41 13.30 -9999 -9999 -9999 -9999 -9999 -9999 -9999 -9999 -9999 -9999 -9999 -9999 -9999 -9999 -9999 -9999 -9999 -9999 -9999 -9999 -9999 -9999 -9999 -9999 -9999 -9999 -9999 -9999 -9999 -9999 -9999 -9999 -9999 -9999 -9999 -9999 -9999 -9999 -9999 -9999 -9999
-9999 13.59 17.71 12.52 10.37 20.65 12.12 12.25 11.17 9.73 10.70 12.41 15.16 11.30 11.16 9.89 10.11 9.77 10.66 11.26 11.69 11.30 10.44 10.79 11.18 10.86 10.74 11.67 12.86 -9999 -9999 12.04 11.53 11.32 10.55 11.46 12.77 13.82 -9999 -9999 -9999 -9999 -9999 -9999 -9999 -9999 -9999 -9999 -9999 -9999 -9999 -9999 -9999 -9999 -9999 -9999 -9999 -9999 -9999 -9999 -9999 -9999 -9999 -9999 -9999 -9999 -9999 -9999 -9999 -9999 -9999 -9999 -9999 -9999 -9999 -9999 -9999
12.91 16.30 13.54 14.20 15.71 17.02 11.71 13.11 15.16 13.89 12.46 9.94 9.93 10.59 9.77 9.71 9.41 9.48 10.57 11.98 11.94 10.90 12.07 12.38 10.24 9.35 9.82 10.55 12.15 11.13 11.37 11.70 10.56 8.95 9.95 13.00 13.86 16.03 12.91 -9999 -9999 -9999 -9999 -9999 -9999 -9999 -9999 -9999 -9999 -9999 -9999 -9999 -9999 -9999 -9999 -9999 -9999 -9999 -9999 -9999 -9999 -9999 -9999 -9999 -9999 -9999 -9999 -9999 -9999 -9999 -9999 -9999 -9999 -9999 -9999 -9999 -9999
17.40 14.30 17.51 16.02 13.29 12.07 -9999 14.84 17.08 13.22 11.46 9.74 9.20 9.17 9.62 10.22 9.86 9.96 12.14 12.53 12.72 11.75 10.71 10.27 9.10 9.52 10.31 11.89 10.60 9.55 11.58 10.53 10.02 9.28 11.23 13.66 14.26 15.55 14.16 15.76 17.17 14.30 -9999 -9999 -9999 -9999 -9999 -9999 -9999 -9999 -9999 -9999 -9999 -9999 -9999 -9999 -9999 -9999 -9999 -9999 -9999 -9999 -9999 -9999 -9999 -9999 -9999 -9999 -9999 -9999 -9999 -9999 -9999 -9999 -9999 -9999 -9999
21.33 15.80 -9999 15.39 16.50 12.69 -9999 15.70 18.99 13.69 12.36 10.26 10.11 9.63 9.74 9.10 9.23 9.50 10.75 13.19 13.31 13.27 11.18 10.32 10.93 12.03 14.30 12.67 9.92 8.73 10.17 10.18 10.19 14.94 16.20 13.97 14.12 13.54 13.67 14.05 12.49 13.97 -9999 -9999 -9999 -9999 -9999 -9999 -9999 -9999 -9999 -9999 -9999 -9999 -9999 -9999 -9999 -9999 -9999 -9999 -9999 -9999 -9999 -9999 -9999 -9999 -9999 -9999 -9999 -9999 -9999 -9999 -9999 -9999 -9999 -9999 -9999
17.79 16.22 -9999 -9999 16.94 14.17 13.15 15.29 16.35 10.80 11.08 13.04 11.46 10.70 10.39 13.00 10.69 9.27 10.27 11.26 13.02 13.66 14.14 11.86 13.78 14.42 12.55 11.41 11.32 10.52 11.09 12.19 12.98 12.91 15.62 14.02 13.59 13.75 10.96 10.90 12.17 14.00 15.05 -9999 -9999 -9999 -9999 -9999 -9999 -9999 -9999 -9999 -9999 -9999 -9999 -9999 -9999 -9999 -9999 -9999 -9999 -9999 -9999 -9999 -9999 -9999 -9999 -9999 -9999 -9999 -9999 -9999 -9999 -9999 -9999 -9999 -9999
-9999 -9999 -9999 -9999 -9999 15.25 13.48 16.33 12.59 9.62 10.52 11.84 13.23 12.08 11.32 12.87 13.53 12.03 10.05 12.22 14.69 13.57 13.01 13.24 14.62 13.05 11.15 11.39 11.61 14.70 14.11 12.55 11.96 10.97 13.53 13.26 12.84 13.72 11.44 10.82 10.92 11.28 12.42 -9999 -9999 -9999 -9999 -9999 -9999 -9999 -9999 -9999 -9999 -9999 -9999 -9999 -9999 -9999 -9999 -9999 -9999 -9999 -9999 -9999 -9999 -9999 -9999 -9999 -9999 -9999 -9999 -9999 -9999 -9999 -9999 -9999 -9999
13.55 18.62 19.95 -9999 -9999 -9999 15.05 15.30 12.16 10.75 10.17 10.55 12.15 13.07 13.84 14.62 14.12 14.05 13.01 10.57 14.59 13.48 12.95 13.04 11.80 11.11 12.84 11.05 14.27 17.75 16.20 13.77 13.75 11.07 12.21 12.14 12.80 13.28 11.38 10.67 10.56 10.68 11.99 13.08 -9999 -9999 -9999 -9999 -9999 -9999 -9999 -9999 -9999 -9999 -9999 -9999 -9999 -9999 -9999 -9999 -9999 -9999 -9999 -9999 -9999 -9999 -9999 -9999 -9999 -9999 -9999 -9999 -9999 -9999 -9999 -9999 -9999
17.22 19.58 21.60 16.38 -9999 -9999 -9999 14.66 13.13 11.08 10.14 9.96 10.21 12.11 12.86 12.98 12.59 13.37 13.94 14.02 12.83 13.00 12.83 14.10 12.99 15.31 10.79 11.70 11.12 11.68 15.99 15.75 13.56 12.62 11.17 11.15 11.71 12.02 10.80 10.58 10.09 10.88 11.55 11.62 12.33 -9999 -9999 -9999 -9999 -9999 -9999 -9999 -9999 -9999 -9999 -9999 -9999 -9999 -9999 -9999 -9999 -9999 -9999 -9999 -9999 -9999 -9999 -9999 -9999 -9999 -9999 -9999 -9999 -9999 -9999 -9999 -9999
13.81 17.87 19.19 15.08 -9999 -9999 -9999 -9999 -9999 12.60 10.96 9.31 8.93 9.48 9.99 11.75 15.31 15.89 14.74 13.78 13.03 14.36 13.66 13.33 12.29 14.66 10.72 12.00 12.64 11.32 9.14 11.35 10.78 12.12 10.52 11.89 11.35 10.07 10.01 9.96 10.09 9.63 11.75 11.82 11.58 11.93 -9999 -9999 -9999 -9999 -9999 -9999 -9999 -9999 -9999 -9999 -9999 -9999 -9999 -9999 -9999 -9999 -9999 -9999 -9999 -9999 -9999 -9999 -9999 -9999 -9999 -9999 -9999 -9999 -9999 -9999 -9999
14.38 14.20 21.49 16.64 -9999 -9999 -9999 -9999 -9999 13.60 12.34 11.73 9.86 11.48 13.65 13.23 15.64 16.89 16.18 13.87 15.11 13.97 12.91 14.50 14.63 10.12 18.84 12.82 15.64 11.94 14.32 14.06 10.14 12.42 11.01 10.45 9.75 10.24 11.70 12.26 11.26 11.27 9.15 11.08 12.98 11.35 13.08 14.14 -9999 -9999 -9999 -9999 -9999 -9999 -9999 -9999 -9999 -9999 -9999 -9999 -9999 -9999 -9999 -9999 -9999 -9999 -9999 -9999 -9999 -9999 -9999 -9999 -9999 -9999 -9999 -9999 -9999
-9999 18.23 20.95 20.57 -9999 -9999 -9999 -9999 -9999 13.80 11.91 11.53 10.63 11.18 12.93 11.43 12.81 13.51 15.75 14.65 14.29 12.93 15.25 18.63 15.37 13.45 20.16 17.70 12.96 13.72 11.75 9.96 11.68 12.37 11.01 11.43 11.26 9.60 9.98 10.26 12.36 15.34 11.96 10.64 11.85 12.32 11.77 13.10 -9999 -9999 -9999 -9999 -9999 -9999 -9999 -9999 -9999 -9999 -9999 -9999 -9999 -9999 -9999 -9999 -9999 -9999 -9999 -9999 -9999 -9999 -9999 -9999 -9999 -9999 -9999 -9999 -9999
-9999 16.43 17.88 19.64 -9999 -9999 -9999 -9999 -9999 13.22 11.58 11.06 11.03 10.96 11.20 12.02 15.66 17.50 15.08 15.85 12.90 12.73 12.76 15.05 10.54 16.37 14.86 12.54 13.82 14.95 10.20 12.81 11.20 12.10 11.90 9.69 10.85 10.96 10.12 9.45 16.02 16.75 15.07 10.39 11.31 12.17 11.74 13.17 -9999 -9999 -9999 -9999 -9999 -9999 -9999 -9999 -9999 -9999 -9999 -9999 -9999 -9999 -9999 -9999 -9999 -9999 -9999 -9999 -9999 -9999 -9999 -9999 -9999 -9999 -9999 -9999 -9999
-9999 -9999 -9999 -9999 -9999 -9999 -9999 -9999 16.12 13.10 12.11 11.01 11.54 12.25 11.30 12.73 13.51 15.87 13.78 13.59 16.22 14.33 15.43 14.63 14.11 17.09 15.97 11.08 12.42 13.78 13.02 12.00 12.52 10.07 11.35 11.86 9.48 10.56 9.82 12.77 14.10 17.39 15.17 10.52 10.33 10.14 11.54 13.12 -9999 -9999 -9999 -9999 -9999 -9999 -9999 -9999 -9999 -9999 -9999 -9999 -9999 -9999 -9999 -9999 -9999 -9999 -9999 -9999 -9999 -9999 -9999 -9999 -9999 -9999 -9999 -9999 -9999
-9999 -9999 -9999 -9999 -9999 -9999 -9999 -9999 17.07 11.08 11.02 12.67 14.22 13.55 11.93 12.16 12.77 10.41 11.28 15.35 16.20 14.44 13.40 10.74 8.91 15.88 10.39 11.42 11.41 12.31 12.09 10.92 9.07 12.01 11.57 11.11 9.99 10.15 12.18 13.45 12.59 14.35 14.29 10.62 9.21 9.93 12.43 12.08 -9999 -9999 -9999 -9999 -9999 -9999 -9999 -9999 -9999 -9999 -9999 -9999 -9999 -9999 -9999 -9999 -9999 -9999 -9999 -9999 -9999 -9999 -9999 -9999 -9999 -9999 -9999 -9999 -9999
-9999 -9999 -9999 -9999 -9999 -9999 -9999 15.54 13.88 9.54 11.43 12.96 11.40 13.76 15.85 15.05 17.27 14.97 12.29 10.57 11.10 14.40 13.68 11.46 7.40 9.94 14.48 11.15 13.79 11.17 11.24 8.77 9.42 11.42 10.46 10.57 11.71 13.37 14.92 13.89 11.98 10.90 10.81 9.97 12.46 13.55 12.32 12.27 -9999 -9999 -9999 -9999 -9999 -9999 -9999 -9999 -9999 -9999 -9999 -9999 -9999 -9999 -9999 -9999 -9999 -9999 -9999 -9999 -9999 -9999 -9999 -9999 -9999 -9999 -9999 -9999 -9999
-9999 -9999 -9999 -9999 -9999 -9999 -9999 13.59 9.82 13.08 11.62 13.45 10.92 13.85 14.03 16.96 16.16 16.47 14.77 12.37 9.02 17.97 17.69 11.81 7.18 11.11 13.71 10.32 10.98 12.80 9.53 11.87 13.21 11.16 12.71 13.03 16.49 11.60 10.96 11.78 12.52 12.53 10.17 8.98 10.95 11.15 10.72 11.31 12.90 -9999 -9999 -9999 -9999 -9999 -9999 -9999 -9999 -9999 -9999 -9999 -9999 -9999 -9999 -9999 -9999 -9999 -9999 -9999 -9999 -9999 -9999 -9999 -9999 -9999 -9999 -9999 -9999
-9999 -9999 -9999 -9999 -9999 -9999 13.22 14.45 13.73 12.96 13.91 13.88 12.04 10.52 14.87 14.32 16.02 15.87 15.79 11.41 7.75 11.48 13.71 12.79 9.03 8.74 10.69 10.30 10.26 10.76 14.41 10.74 10.23 10.47 9.61 15.25 13.12 15.12 13.27 9.99 11.03 11.73 12.61 13.50 10.21 9.59 9.29 10.03 11.32 -9999 -9999 -9999 -9999 -9999 -9999 -9999 -9999 -9999 -9999 -9999 -9999 -9999 -9999 -9999 -9999 -9999 -9999 -9999 -9999 -9999 -9999 -9999 -9999 -9999 -9999 -9999 -9999
-9999 -9999 -9999 -9999 -9999 -9999 14.75 13.47 11.67 15.69 14.89 12.92 12.74 15.72 10.83 11.98 14.82 13.36 13.56 9.84 7.89 10.13 11.63 13.96 9.02 9.01 8.85 9.81 8.32 12.38 8.72 13.15 10.94 8.79 15.54 9.93 11.54 12.65 11.92 12.71 9.74 10.08 12.99 12.39 10.26 10.59 9.89 9.64 11.13 -9999 -9999 -9999 -9999 -9999 -9999 -9999 -9999 -9999 -9999 -9999 -9999 -9999 -9999 -9999 -9999 -9999 -9999 -9999 -9999 -9999 -9999 -9999 -9999 -9999 -9999 -9999 -9999
-9999 -9999 -9999 -9999 -9999 15.64 12.75 11.27 13.63 11.27 11.56 18.57 15.09 14.69 10.80 12.19 13.08 11.56 13.36 12.64 10.64 12.19 11.68 9.24 8.22 8.77 10.33 10.50 13.26 10.20 8.79 12.98 9.06 10.30 15.66 11.33 10.07 9.15 11.19 12.57 11.67 12.23 12.39 10.53 10.04 9.79 9.05 9.30 10.81 -9999 -9999 -9999 -9999 -9999 -9999 -9999 -9999 -9999 -9999 -9999 -9999 -9999 -9999 -9999 -9999 -9999 -9999 -9999 -9999 -9999 -9999 -9999 -9999 -9999 -9999 -9999 -9999
-9999 -9999 -9999 -9999 13.72 13.94 13.89 10.97 11.25 11.08 9.97 13.01 12.78 18.85 10.95 10.33 11.36 11.96 12.67 13.31 11.74 9.87 8.68 11.36 8.73 8.16 9.97 10.62 10.66 10.28 8.64 10.42 7.51 9.62 14.22 13.33 13.69 12.53 11.78 10.45 10.28 12.55 11.37 10.52 10.25 9.85 9.65 8.98 10.10 11.76 -9999 -9999 -9999 -9999 -9999 -9999 -9999 -9999 -9999 -9999 -9999 -9999 -9999 -9999 -9999 -9999 -9999 -9999 -9999 -9999 -9999 -9999 -9999 -9999 -9999 -9999 -9999
-9999 -9999 -9999 -9999 15.08 17.51 13.85 12.85 11.28 9.69 8.35 17.47 14.77 12.88 12.93 10.29 10.12 11.22 11.21 15.79 11.30 9.38 8.63 8.99 11.82 8.91 11.12 10.36 10.94 10.04 9.53 8.89 10.36 8.53 11.24 12.44 11.95 13.26 11.86 10.42 9.87 11.07 10.31 11.65 10.76 9.42 8.43 9.32 10.19 11.44 -9999 -9999 -9999 -9999 -9999 -9999 -9999 -9999 -9999 -9999 -9999 -9999 -9999 -9999 -9999 -9999 -9999 -9999 -9999 -9999 -9999 -9999 -9999 -9999 -9999 -9999 -9999
-9999 -9999 15.51 14.20 15.74 13.79 12.96 13.96 11.83 10.90 8.96 13.57 12.84 13.59 12.67 12.09 9.61 11.63 12.19 11.32 11.67 11.40 8.86 9.02 10.47 10.06 9.79 10.20 10.44 9.50 8.92 9.79 9.05 8.73 12.36 11.33 11.09 11.57 13.68 12.13 10.83 8.57 9.74 10.49 10.21 9.67 8.86 9.25 10.00 11.42 -9999 -9999 -9999 -9999 -9999 -9999 -9999 -9999 -9999 -9999 -9999 -9999 -9999 -9999 -9999 -9999 -9999 -9999 -9999 -9999 -9999 -9999 -9999 -9999 -9999 -9999 -9999
-9999 -9999 16.24 14.09 11.59 13.74 12.27 13.83 12.19 11.06 9.49 8.90 10.45 15.43 12.94 12.18 10.20 9.89 9.92 9.41 10.34 11.53 10.02 10.93 9.92 10.25 9.82 9.66 9.43 9.15 8.79 8.84 9.61 9.23 8.55 9.68 10.42 10.87 11.59 11.49 8.39 9.27 11.87 11.01 9.74 10.03 9.72 10.01 9.46 10.54 11.91 -9999 -9999 -9999 -9999 -9999 -9999 -9999 -9999 -9999 -9999 -9999 -9999 -9999 -9999 -9999 -9999 -9999 -9999 -9999 -9999 -9999 -9999 -9999 -9999 -9999 -9999
-9999 -9999 16.26 14.18 10.66 13.20 11.30 12.28 11.65 11.19 10.64 8.78 12.31 12.23 11.76 13.89 11.00 10.00 9.73 8.31 10.84 15.24 11.87 -9999 -9999 -9999 10.30 9.85 -9999 9.08 9.13 9.12 8.43 8.10 9.45 10.99 9.92 10.04 11.26 10.65 11.97 11.51 9.20 8.27 8.81 9.54 10.31 8.44 9.20 9.79 11.62 -9999 -9999 -9999 -9999 -9999 -9999 -9999 -9999 -9999 -9999 -9999 -9999 -9999 -9999 -9999 -9999 -9999 -9999 -9999 -9999 -9999 -9999 -9999 -9999 -9999 -9999
-9999 -9999 14.89 16.35 12.34 11.84 12.38 13.09 12.59 11.77 10.94 9.99 10.57 15.76 12.77 13.34 10.62 10.42 12.13 9.44 10.75 11.99 12.67 -9999 -9999 -9999 10.57 9.58 9.53 9.56 9.01 8.48 7.28 8.72 11.88 12.41 10.33 13.36 10.39 10.28 12.94 10.35 10.97 11.18 11.28 9.42 10.74 12.10 10.56 9.78 11.31 -9999 -9999 -9999 -9999 -9999 -9999 -9999 -9999 -9999 -9999 -9999 -9999 -9999 -9999 -9999 -9999 -9999 -9999 -9999 -9999 -9999 -9999 -9999 -9999 -9999 -9999
-9999 -9999 -9999 15.66 15.42 13.22 -9999 14.21 14.04 12.73 11.88 11.17 -9999 12.98 11.68 12.22 10.17 11.81 12.78 11.83 12.25 -9999 -9999 -9999 -9999 11.89 9.98 9.16 9.11 9.70 9.68 8.58 7.73 7.86 12.07 16.12 9.53 14.25 10.75 12.51 13.68 11.38 13.06 11.49 10.07 11.91 12.45 11.23 9.13 9.96 12.08 11.98 -9999 -9999 -9999 -9999 -9999 -9999 -9999 -9999 -9999 -9999 -9999 -9999 -9999 -9999 -9999 -9999 -9999 -9999 -9999 -9999 -9999 -9999 -9999 -9999 -9999
