ML/MeanWindSpeed_1994-11_Actual.txt
ncols         180
nrows         290
xllcorner     -200000
yllcorner     -200000
cellsize      5000
NODATA_value  -9999
[rows 175 to 209 of 290, columns 78 to 155 of 180]
-9999 -9999 -9999 -9999 -9999 -9999 -9999 -9999 11.99 10.91 9.97 9.46 10.11 9.54 9.37 17.11 25.31 10.71 13.67 12.91 11.21 8.79 5.41 5.12 8.21 11.59 9.18 6.41 6.80 8.02 7.40 7.59 9.04 7.66 6.78 6.23 6.56 6.89 6.89 7.54 7.63 13.55 14.45 10.79 10.49 8.06 6.75 8.14 8.60 6.40 6.25 7.89 7.06 6.55 7.51 7.03 8.26 7.51 7.55 7.47 7.39 8.94 7.60 7.25 7.27 6.98 7.43 7.91 8.06 8.39 8.84 7.19 9.11 11.44 -9999 -9999 -9999 -9999
-9999 -9999 -9999 -9999 -9999 -9999 -9999 -9999 -9999 13.17 10.35 9.23 8.73 9.86 13.47 30.00 20.06 8.58 14.91 8.81 12.35 11.53 6.99 3.97 11.71 9.68 10.98 8.89 6.69 6.82 7.15 6.39 7.46 7.87 7.22 6.69 6.20 6.61 6.58 6.71 9.09 9.98 14.72 11.40 11.72 10.61 5.43 7.91 10.48 7.06 7.18 7.92 6.96 6.94 7.19 6.98 8.24 7.30 7.19 7.53 7.08 7.87 7.75 7.21 7.09 7.01 7.13 7.61 9.03 7.72 6.87 6.98 8.56 11.02 -9999 -9999 -9999 -9999
-9999 -9999 -9999 -9999 -9999 -9999 -9999 -9999 -9999 -9999 11.17 9.38 10.86 14.28 27.19 28.74 19.20 14.36 12.82 12.65 13.53 13.21 12.81 7.52 5.81 13.18 10.35 9.17 8.06 6.69 6.66 6.86 6.72 7.16 6.55 5.97 6.20 6.38 6.36 6.70 8.17 10.22 11.46 8.99 9.18 11.30 8.94 5.26 10.63 7.69 7.55 8.05 6.94 6.98 6.82 7.39 8.13 7.35 7.19 7.34 6.88 8.68 7.87 7.34 7.22 7.12 7.44 7.14 7.03 6.62 6.42 6.89 8.94 11.19 -9999 -9999 -9999 -9999
-9999 -9999 -9999 -9999 -9999 -9999 -9999 -9999 -9999 -9999 11.29 10.72 14.95 17.73 20.04 23.21 13.85 11.12 13.38 15.47 14.78 14.89 12.36 8.59 5.20 13.50 13.30 10.02 8.90 6.76 6.46 6.88 7.73 6.98 6.51 6.17 5.67 5.65 6.23 8.56 8.73 6.28 11.90 9.02 9.74 11.85 11.68 8.35 7.01 6.88 5.62 7.27 8.03 6.76 6.56 6.26 7.04 6.93 7.44 7.28 7.07 7.59 8.23 7.75 7.76 7.41 7.27 6.84 6.36 6.29 6.82 8.06 9.98 -9999 -9999 -9999 -9999 -9999
-9999 -9999 -9999 -9999 -9999 -9999 -9999 -9999 -9999 -9999 10.60 11.25 13.48 13.22 19.35 16.70 12.42 14.62 11.58 12.20 14.93 12.27 14.99 11.90 7.11 12.26 13.49 12.56 8.53 7.52 6.33 7.25 8.40 7.70 6.54 5.89 5.55 6.00 7.81 8.07 6.36 6.28 9.63 9.26 9.06 8.96 8.14 8.05 8.78 5.06 6.38 6.54 6.15 6.62 6.00 7.09 6.19 6.77 7.30 7.31 7.54 9.71 8.49 7.89 7.66 7.57 7.28 6.88 6.51 6.56 7.84 9.59 -9999 -9999 -9999 -9999 -9999 -9999
-9999 -9999 -9999 -9999 -9999 -9999 -9999 -9999 -9999 11.42 21.34 12.06 13.59 16.01 10.40 23.71 20.45 18.80 15.46 16.94 11.96 12.18 10.32 8.70 10.97 15.15 12.63 11.78 8.12 6.95 5.98 7.70 7.66 6.96 6.49 5.68 5.75 7.43 7.05 6.24 7.65 9.05 5.89 11.29 10.33 6.64 7.47 6.81 6.02 6.03 5.14 5.02 5.23 6.47 5.91 5.36 7.40 6.74 7.19 7.63 8.11 9.84 8.54 7.89 7.82 7.43 7.21 6.68 6.40 7.37 8.98 -9999 -9999 -9999 -9999 -9999 -9999 -9999
-9999 -9999 -9999 -9999 -9999 -9999 -9999 12.00 11.38 15.88 13.61 10.44 10.88 12.95 8.86 11.65 14.31 18.78 17.13 17.39 14.06 13.78 6.73 10.20 10.22 6.69 7.26 6.90 8.18 7.22 6.37 7.34 7.39 7.27 6.39 6.40 7.84 6.74 7.27 6.06 7.86 8.70 7.95 6.56 5.69 7.86 7.08 6.51 6.58 6.43 6.09 4.41 5.56 5.41 4.71 5.24 6.14 6.83 7.50 7.53 8.13 9.60 8.46 7.67 7.65 7.19 6.87 6.40 6.61 7.90 -9999 -9999 -9999 -9999 -9999 11.26 11.10 10.68
-9999 -9999 -9999 -9999 -9999 -9999 11.90 11.49 11.32 11.41 10.97 10.41 9.27 7.67 7.08 9.91 12.24 14.53 22.68 11.68 8.35 8.02 4.39 12.38 13.90 12.58 8.24 7.10 8.17 7.95 7.32 7.45 7.92 7.24 6.93 6.88 7.60 7.82 6.00 5.99 7.88 7.81 7.20 6.52 6.74 7.36 5.85 6.52 5.45 5.42 6.09 5.27 4.66 4.20 4.70 6.14 6.19 6.80 7.43 7.78 8.02 9.84 8.86 7.72 7.24 6.86 6.58 6.22 6.46 7.51 -9999 -9999 -9999 -9999 -9999 9.83 9.24 9.07
-9999 -9999 -9999 -9999 -9999 12.43 13.33 12.13 11.77 -9999 -9999 -9999 -9999 8.79 16.07 13.87 13.03 14.80 11.80 8.49 11.48 10.16 8.00 19.33 15.93 12.32 12.96 9.36 7.15 7.87 7.83 7.07 7.02 6.80 6.53 7.15 6.34 7.89 6.20 6.08 6.49 7.04 7.30 7.05 5.87 6.07 5.92 5.80 5.50 5.10 4.67 4.58 4.52 4.94 5.88 6.19 6.34 7.51 8.40 8.59 8.37 9.19 8.70 8.26 7.01 6.68 6.35 5.96 5.92 6.78 8.50 -9999 -9999 -9999 -9999 8.63 7.96 7.83
-9999 -9999 -9999 -9999 -9999 13.99 15.85 11.65 12.32 -9999 -9999 -9999 -9999 9.68 13.14 15.68 9.10 13.99 12.30 10.78 13.97 15.12 10.38 14.81 6.30 8.27 8.68 8.04 6.98 7.07 7.37 7.02 7.16 7.72 6.48 7.21 6.68 6.73 7.39 6.11 6.33 5.64 6.79 7.95 8.27 8.07 6.20 5.47 5.40 5.29 5.74 5.07 5.39 6.07 6.61 7.82 7.27 9.78 9.84 10.06 8.72 8.85 8.43 7.97 6.80 6.65 6.32 5.86 5.63 5.74 6.84 7.92 -9999 -9999 9.00 8.57 8.03 8.25
-9999 -9999 -9999 -9999 -9999 -9999 -9999 -9999 -9999 -9999 -9999 -9999 -9999 10.54 15.16 12.86 8.92 10.76 7.44 15.45 13.51 6.51 10.16 9.06 7.33 8.73 6.66 6.53 6.23 7.53 7.13 7.37 6.93 6.33 6.35 6.36 6.12 6.42 7.18 6.37 5.95 6.32 6.88 6.53 7.46 7.81 5.64 7.22 8.35 6.84 6.77 6.42 5.33 6.47 7.73 9.22 9.16 8.66 9.28 10.10 9.24 9.30 8.43 7.89 6.65 6.61 6.39 6.06 5.68 5.28 5.54 6.33 7.47 8.13 7.97 8.19 7.17 8.28
-9999 -9999 -9999 -9999 -9999 -9999 -9999 -9999 -9999 -9999 -9999 -9999 -9999 -9999 15.13 4.97 5.81 9.37 14.06 11.74 12.90 11.23 5.79 7.30 9.23 5.45 5.56 5.31 5.95 6.28 6.91 6.91 6.79 6.34 6.15 6.09 6.40 6.20 7.02 6.90 6.32 8.91 7.94 6.24 6.06 6.20 6.54 6.47 7.80 8.08 7.25 8.59 6.47 6.19 7.21 7.01 7.80 8.25 8.25 9.77 9.59 8.94 7.83 7.78 6.65 6.62 6.42 6.10 5.86 5.71 5.69 5.75 6.39 6.98 7.26 7.24 7.25 8.53
-9999 -9999 -9999 -9999 -9999 -9999 -9999 -9999 -9999 -9999 -9999 -9999 -9999 -9999 10.05 15.32 16.18 12.31 9.29 7.20 9.68 6.59 6.92 5.11 4.73 8.07 5.47 5.57 8.25 7.61 7.22 6.70 5.95 5.98 6.85 6.64 7.96 7.70 7.29 6.90 6.43 8.80 9.69 7.80 6.40 5.92 6.44 6.56 6.53 7.13 8.01 10.70 8.93 6.62 6.28 7.08 8.66 10.10 10.16 9.37 9.82 8.94 7.72 7.05 6.66 6.64 6.46 6.38 6.18 6.07 6.08 6.20 6.49 6.85 7.30 7.37 7.15 8.11
-9999 -9999 -9999 -9999 -9999 -9999 -9999 -9999 -9999 -9999 -9999 -9999 -9999 13.01 12.23 8.47 18.19 10.24 7.16 9.83 8.55 6.45 10.32 6.04 5.67 9.53 5.21 13.37 9.64 7.24 7.34 8.66 6.69 6.31 9.93 9.43 8.23 6.66 7.26 7.27 6.90 7.58 8.21 7.91 6.93 6.54 6.39 6.47 6.92 6.66 8.13 7.91 7.43 7.08 6.82 7.91 9.22 10.47 10.41 8.89 8.83 8.12 7.39 6.93 6.66 6.59 6.57 6.54 6.43 6.29 6.32 6.46 6.53 6.80 7.63 7.70 7.36 7.67
-9999 -9999 -9999 -9999 -9999 -9999 -9999 -9999 -9999 -9999 -9999 -9999 -9999 10.78 11.12 17.31 9.17 3.70 6.77 6.93 8.45 11.40 11.17 7.54 7.08 7.76 6.05 7.39 8.65 10.43 10.20 7.51 7.55 7.31 7.64 8.30 6.64 6.47 7.48 7.48 8.12 8.35 7.56 7.84 7.45 6.91 6.57 6.41 6.52 6.53 7.43 7.72 7.37 6.59 7.30 8.86 10.29 9.35 10.06 9.78 8.59 7.38 8.08 6.97 7.17 6.73 6.70 6.53 6.49 6.46 6.39 6.44 6.57 6.73 7.90 7.71 7.19 7.32
-9999 -9999 -9999 -9999 -9999 -9999 -9999 -9999 -9999 -9999 -9999 -9999 -9999 11.47 14.05 5.20 7.78 6.98 8.67 8.16 13.69 10.81 12.92 9.21 7.97 6.02 5.51 6.73 11.03 13.63 14.98 8.44 10.39 8.62 8.45 7.89 5.89 6.50 7.09 7.47 8.18 7.46 7.45 8.94 7.96 6.90 6.80 8.18 6.29 6.77 7.10 6.94 6.57 6.59 7.55 8.16 8.59 8.66 8.66 7.73 7.37 7.74 7.85 6.51 6.47 6.69 6.62 6.59 6.43 6.25 6.32 6.37 6.48 6.66 7.06 6.94 7.22 7.02
-9999 -9999 -9999 -9999 -9999 -9999 -9999 -9999 -9999 -9999 -9999 -9999 -9999 -9999 7.58 9.35 12.59 15.67 16.38 12.25 12.01 9.07 5.54 5.98 5.48 7.11 7.65 6.60 8.59 9.06 13.31 10.40 8.75 8.36 9.77 8.98 6.28 7.64 6.55 6.84 9.83 7.53 7.13 6.90 7.18 6.57 6.65 8.60 7.69 6.71 7.30 6.89 6.74 7.31 8.25 7.62 7.44 7.02 7.98 6.92 8.20 8.02 6.67 6.37 7.07 6.85 6.40 6.35 6.19 6.16 6.25 6.30 6.40 6.46 6.53 6.63 6.98 6.96
-9999 -9999 -9999 -9999 -9999 -9999 -9999 -9999 -9999 -9999 -9999 -9999 -9999 -9999 9.54 11.60 13.24 15.38 18.30 15.63 11.13 7.66 5.91 8.47 11.50 13.98 15.99 11.41 7.84 8.33 10.00 9.70 7.22 11.12 9.70 9.43 7.63 8.52 7.00 6.64 7.65 9.34 8.50 7.31 6.61 6.42 6.90 7.90 7.54 7.01 7.02 7.65 8.04 8.32 8.79 7.77 7.29 8.84 8.77 8.54 7.98 8.11 6.85 7.17 7.73 6.45 6.20 6.20 6.11 6.17 6.17 6.19 6.25 6.31 6.40 6.38 6.27 6.10
-9999 -9999 -9999 -9999 -9999 -9999 -9999 -9999 -9999 -9999 -9999 -9999 -9999 10.31 8.33 9.86 12.65 14.00 12.58 12.12 9.62 11.28 17.52 13.61 13.73 13.55 10.48 9.10 9.95 10.10 7.96 7.61 8.46 10.58 10.14 9.36 7.63 8.80 6.61 6.76 8.57 7.74 8.18 8.04 7.04 6.40 6.68 7.64 7.43 6.63 7.01 7.12 7.15 8.23 7.74 9.04 8.23 9.04 7.97 8.15 8.11 7.01 6.80 7.79 7.51 6.24 6.11 6.44 6.11 6.24 6.24 6.35 6.28 6.19 6.18 6.00 6.40 6.73
-9999 -9999 -9999 -9999 -9999 -9999 -9999 -9999 -9999 -9999 -9999 -9999 -9999 13.14 10.60 8.86 8.59 10.96 15.99 15.53 13.91 11.72 12.46 14.16 15.48 15.46 10.00 12.49 14.09 8.64 11.49 6.83 7.89 9.71 11.86 7.84 8.57 6.71 5.88 6.58 7.39 10.80 8.59 8.44 7.66 7.12 7.01 7.18 6.88 6.43 6.63 6.59 6.69 6.78 8.31 8.95 8.85 9.45 8.02 7.25 7.19 6.72 7.25 7.74 7.24 6.68 7.10 6.70 6.97 6.44 6.38 6.60 6.59 6.18 6.01 5.85 5.84 6.83
-9999 -9999 -9999 -9999 -9999 -9999 -9999 -9999 -9999 -9999 -9999 -9999 -9999 11.39 9.79 5.60 7.38 10.90 16.46 14.22 14.80 11.29 13.16 12.34 10.49 11.83 12.53 11.78 9.90 8.18 8.75 12.33 7.73 7.34 7.64 7.99 9.74 7.67 5.75 6.34 7.19 7.56 7.46 8.62 7.91 7.37 7.42 6.44 5.92 6.75 7.05 7.25 6.63 7.40 8.79 8.76 7.61 7.72 8.68 7.37 7.75 6.54 7.68 7.69 6.62 6.57 6.84 6.13 6.41 6.32 6.31 6.36 6.18 6.05 6.04 5.92 6.34 5.69
-9999 -9999 -9999 -9999 -9999 -9999 -9999 -9999 -9999 -9999 -9999 -9999 10.91 11.60 13.67 10.18 7.53 12.17 13.46 16.30 16.28 9.22 9.51 8.92 10.84 12.79 10.30 9.83 12.20 10.17 9.02 8.58 7.43 6.37 6.67 8.08 7.79 7.30 6.91 6.32 5.94 6.77 7.37 6.63 7.26 6.86 7.55 6.49 6.51 6.73 6.27 6.27 6.70 8.17 7.80 7.77 6.95 7.92 8.06 7.65 6.58 7.57 7.58 7.56 7.70 7.12 6.53 6.40 6.21 6.34 6.35 6.17 6.05 5.93 5.91 6.05 6.38 6.22
-9999 -9999 -9999 -9999 -9999 -9999 -9999 -9999 -9999 -9999 -9999 12.96 12.16 12.18 9.50 7.55 11.60 15.35 15.87 13.17 15.13 10.09 11.82 10.22 9.52 17.37 11.03 11.56 8.76 9.27 7.64 7.49 8.05 9.38 7.87 10.19 7.59 8.08 6.39 6.04 6.23 6.48 6.94 6.54 6.75 7.16 7.33 5.76 6.61 6.59 6.78 6.96 7.29 8.02 6.96 7.90 7.32 7.55 6.55 6.47 7.94 8.29 7.49 7.64 7.47 6.50 7.12 7.17 7.01 6.83 6.37 6.05 5.83 6.21 6.25 7.04 7.22 7.33
-9999 -9999 -9999 -9999 -9999 -9999 -9999 -9999 -9999 14.43 12.54 10.81 7.94 7.13 7.87 8.73 13.30 14.65 16.41 17.95 15.24 12.64 7.87 11.76 10.60 15.03 10.93 9.59 9.56 7.90 7.74 6.74 8.17 10.45 9.37 9.25 6.42 6.76 6.48 6.44 7.28 6.71 7.16 6.26 6.43 6.83 6.01 5.95 6.42 7.67 7.39 8.31 8.98 8.18 7.45 6.81 6.57 7.46 7.95 7.51 7.99 6.78 7.54 7.68 6.92 6.12 6.31 7.44 7.17 7.15 6.11 5.87 5.76 6.17 7.44 7.83 7.35 8.25
-9999 -9999 -9999 -9999 -9999 13.10 12.00 10.69 14.96 14.82 14.53 13.98 10.10 8.98 8.27 14.80 12.67 14.86 15.02 14.37 10.53 9.48 7.63 9.74 8.93 16.43 14.09 11.42 8.49 8.91 8.19 10.47 6.86 9.04 9.36 8.55 7.67 6.68 6.01 7.25 6.70 6.01 7.48 6.17 6.29 5.85 6.16 6.92 7.71 6.75 7.81 7.23 7.70 8.80 8.56 8.18 7.75 8.22 8.11 7.52 6.95 7.84 6.50 6.44 6.36 6.09 6.99 7.21 7.27 6.47 5.89 6.11 6.48 7.80 7.84 7.11 7.86 6.71
-9999 -9999 -9999 -9999 14.75 11.85 12.61 11.63 10.79 12.75 11.48 12.09 9.43 7.67 12.33 13.16 13.57 8.75 15.79 11.12 8.22 15.13 11.44 7.04 15.43 12.32 11.27 6.48 6.53 7.58 11.66 7.84 6.94 6.76 7.13 9.18 8.64 8.39 6.54 6.77 6.11 6.05 7.05 6.62 6.25 6.18 6.57 7.51 7.22 9.47 7.13 6.62 7.14 8.22 7.50 7.46 6.91 7.03 7.65 7.25 7.91 7.12 6.34 6.35 6.77 6.22 6.52 6.59 6.00 5.91 6.03 6.29 6.59 7.09 7.89 7.65 7.55 6.90
-9999 -9999 -9999 14.77 13.70 9.59 8.93 9.13 10.31 9.28 9.98 9.05 9.90 15.58 11.64 9.23 13.87 6.74 10.74 10.99 15.45 14.45 15.13 11.71 10.83 9.09 6.01 12.27 11.77 7.11 7.66 7.19 6.78 7.24 6.60 6.82 8.82 9.17 6.27 5.89 5.84 6.62 5.99 5.73 6.33 9.45 6.98 6.83 7.50 8.37 7.44 6.70 7.44 8.14 7.99 8.57 7.77 6.73 6.60 6.55 7.75 7.31 6.48 7.44 7.26 6.45 6.58 6.40 6.23 6.66 6.86 6.91 7.19 7.12 7.77 6.77 6.45 6.78
15.49 12.65 14.70 11.28 10.56 11.05 9.64 8.96 11.62 9.99 10.08 10.18 13.76 12.94 10.28 11.10 10.54 8.53 8.74 13.55 14.23 11.73 11.51 13.78 9.81 5.83 12.95 14.77 10.97 10.73 7.33 7.91 6.96 7.21 9.84 6.99 9.44 7.11 6.04 5.73 6.05 8.50 5.72 6.25 11.21 7.59 6.98 6.99 7.71 8.62 6.83 7.01 7.37 6.95 7.65 7.67 7.06 6.59 7.09 6.63 7.01 7.44 7.44 6.86 6.44 6.19 6.24 6.94 8.83 7.95 9.00 8.17 6.73 8.07 7.50 7.50 7.01 6.67
11.66 11.17 14.54 18.08 15.86 14.95 10.95 12.25 14.37 12.60 11.79 14.49 11.63 10.37 13.44 9.58 6.84 8.65 9.30 12.85 12.27 11.47 10.60 10.18 8.40 10.55 22.27 16.21 11.13 8.12 8.83 7.96 10.03 7.62 8.26 6.94 6.50 6.29 6.46 5.84 5.56 6.06 5.96 10.25 10.60 9.21 7.43 6.90 10.04 7.84 6.96 7.26 6.60 7.49 7.40 7.12 6.28 7.75 7.34 6.56 8.47 8.12 6.78 6.41 6.36 6.32 7.04 8.32 8.84 8.51 9.06 8.12 7.49 8.22 7.66 6.72 7.10 6.88
10.25 10.80 12.28 12.61 11.54 9.62 12.19 10.51 12.85 8.78 10.33 13.41 11.78 9.37 10.93 6.80 6.78 12.10 13.18 11.13 8.98 11.71 7.76 6.82 7.19 13.46 16.52 16.50 8.08 9.38 9.58 9.82 8.64 6.68 8.44 7.60 6.88 6.00 6.52 5.33 5.25 6.72 6.80 9.98 9.23 8.33 7.02 7.98 9.64 8.58 7.92 7.23 7.35 7.12 6.74 6.40 6.60 7.29 7.74 7.32 7.09 7.09 6.79 8.05 8.82 6.85 7.18 8.12 8.37 7.72 8.40 8.34 8.34 8.21 6.80 6.83 6.61 6.68
11.33 9.72 10.23 9.61 10.44 9.50 9.57 10.95 8.78 9.95 8.15 7.72 7.60 7.22 6.89 10.48 9.53 14.34 22.26 10.93 11.20 11.60 17.18 16.71 6.56 5.77 18.13 12.58 10.07 11.00 12.50 9.37 6.79 6.04 8.97 9.19 7.01 5.97 5.69 5.41 5.72 7.26 10.42 10.28 8.02 7.56 7.35 6.95 6.77 7.94 7.07 6.88 6.49 6.06 5.88 6.09 7.50 7.19 6.84 7.09 6.14 6.44 7.71 7.50 8.28 7.35 7.18 7.07 7.27 7.96 8.28 8.40 8.39 8.35 6.65 6.04 6.60 6.49
10.14 9.24 10.22 8.67 9.16 8.99 9.12 7.54 7.36 8.74 7.87 9.85 8.26 11.17 7.40 12.34 15.11 14.76 16.08 17.36 13.94 16.58 19.03 11.96 14.18 11.15 4.49 11.84 11.78 7.54 8.24 6.09 8.80 8.51 12.04 10.36 6.89 6.00 5.40 5.54 7.19 10.66 8.35 10.27 8.01 7.67 8.63 6.86 8.08 6.12 6.50 6.06 5.83 5.76 6.16 6.34 6.54 6.16 6.11 6.06 6.46 7.74 8.75 7.85 6.80 7.54 6.66 7.83 6.83 6.74 7.18 7.65 7.93 7.86 7.19 5.85 6.33 6.31
11.13 9.73 9.10 11.01 12.17 13.78 11.76 9.74 8.62 7.59 8.44 12.33 8.55 10.32 6.71 9.43 10.05 8.70 7.10 11.28 10.44 13.45 13.62 17.02 14.44 14.55 12.03 17.29 9.17 7.55 7.01 8.82 8.27 11.41 10.09 10.16 6.18 5.98 5.52 10.44 11.18 10.08 10.05 7.47 8.13 8.38 7.94 6.39 6.06 6.04 5.74 5.70 5.83 5.92 6.77 6.93 7.29 6.61 5.90 6.08 7.18 9.32 6.88 7.39 7.31 6.63 6.45 6.58 6.04 6.24 7.11 6.77 7.37 7.28 6.81 6.47 6.37 5.67
11.98 10.53 9.70 9.76 11.70 11.58 12.25 11.15 10.04 9.28 8.70 9.11 12.43 7.66 13.04 11.24 10.87 12.24 10.27 7.65 7.88 10.45 9.10 12.08 12.42 10.10 15.71 15.19 7.12 8.59 6.07 7.21 9.58 10.21 8.66 7.65 6.03 5.94 8.37 7.37 9.45 8.73 7.62 7.93 7.46 6.87 6.55 5.39 4.95 5.00 5.15 7.47 5.86 6.98 6.15 6.16 5.88 5.92 6.25 7.46 8.92 8.02 7.23 7.31 7.04 6.64 6.70 7.11 7.51 5.72 6.91 7.98 7.03 6.53 6.79 5.55 5.72 6.55
11.65 11.13 11.58 12.34 13.55 -9999 -9999 -9999 -9999 10.76 10.25 11.28 8.08 6.72 8.79 8.75 8.51 8.35 4.07 15.87 16.57 9.72 7.98 8.15 10.60 11.74 13.82 9.75 7.73 6.74 5.81 11.21 8.99 10.72 6.61 6.53 6.33 6.41 9.32 6.69 8.45 8.10 6.97 7.04 6.64 6.07 5.28 4.80 4.69 4.96 5.24 7.09 6.16 6.67 6.75 6.26 6.30 6.31 8.17 7.77 7.97 7.89 7.75 5.91 6.02 5.87 7.18 7.57 7.06 5.45 6.47 7.41 7.09 6.42 7.14 6.30 5.79 5.93
