ML/MeanWindSpeed_1999-01_Actual.txt
ncols         180
nrows         290
xllcorner     -200000
yllcorner     -200000
cellsize      5000
NODATA_value  -9999
[rows 170 to 203 of 290, columns 78 to 155 of 180]
-9999 -9999 -9999 -9999 -9999 -9999 -9999 -9999 -9999 -9999 -9999 -9999 -9999 -9999 -9999 -9999 -9999 -9999 -9999 -9999 -9999 -9999 -9999 -9999 -9999 -9999 -9999 -9999 10.60 9.67 9.16 9.43 9.80 9.90 9.62 9.16 9.24 8.74 8.35 8.12 7.96 8.56 8.27 13.85 16.73 17.53 15.24 13.50 12.47 10.77 10.77 9.94 11.08 9.83 9.79 9.59 9.61 9.66 9.61 9.99 10.13 9.75 8.96 9.50 11.86 11.48 11.90 10.79 11.03 12.24 13.97 -9999 -9999 -9999 -9999 -9999 -9999 -9999
-9999 -9999 -9999 -9999 -9999 -9999 -9999 -9999 18.51 17.53 18.08 19.29 -9999 -9999 -9999 -9999 -9999 -9999 -9999 -9999 -9999 -9999 -9999 -9999 -9999 -9999 -9999 11.17 9.78 9.98 9.36 10.37 9.99 9.36 9.18 9.19 8.92 8.80 8.44 8.12 7.81 7.37 10.95 14.46 14.90 13.00 16.36 15.29 11.58 11.13 8.87 11.81 11.77 10.11 9.91 9.64 9.62 9.63 9.56 9.76 10.24 9.96 9.04 9.09 9.81 11.93 12.01 12.54 10.77 10.73 12.42 14.41 -9999 -9999 -9999 -9999 -9999 -9999
-9999 -9999 -9999 -9999 -9999 -9999 -9999 -9999 17.45 16.36 16.35 17.09 -9999 -9999 -9999 -9999 -9999 -9999 -9999 -9999 -9999 -9999 -9999 -9999 -9999 -9999 11.12 10.51 9.53 9.88 10.98 9.79 9.78 8.82 8.80 8.97 8.72 8.87 8.84 7.81 7.05 6.91 9.33 16.39 16.82 12.83 14.89 14.17 13.48 10.10 8.96 10.95 11.58 10.51 9.49 9.38 9.58 9.99 9.72 9.60 9.85 10.22 9.49 9.31 9.52 11.56 11.88 11.99 10.94 10.75 11.39 13.42 -9999 -9999 -9999 -9999 -9999 -9999
-9999 -9999 -9999 -9999 -9999 -9999 21.36 17.59 15.51 15.60 15.40 16.54 16.23 17.52 18.30 -9999 -9999 16.97 14.50 -9999 -9999 -9999 11.30 12.72 11.96 -9999 8.87 10.51 9.65 9.34 9.88 9.33 9.60 9.53 10.13 9.63 9.54 8.59 8.73 7.72 7.70 11.23 8.91 12.15 15.17 9.96 12.06 16.99 11.18 12.54 10.11 10.94 11.13 10.34 9.86 9.75 9.81 10.04 9.50 9.58 9.56 10.33 9.49 9.33 9.61 10.31 11.27 12.51 12.08 10.86 10.78 12.45 14.64 -9999 -9999 -9999 -9999 -9999
-9999 -9999 -9999 -9999 -9999 -9999 -9999 18.19 16.24 15.33 14.69 14.86 16.11 17.63 14.99 -9999 14.01 14.06 14.28 12.38 12.97 9.17 7.91 12.31 12.60 11.05 -9999 8.13 9.71 9.58 8.81 8.89 9.76 9.18 9.06 9.03 8.81 8.87 8.23 8.03 7.78 11.57 12.59 12.82 13.68 12.67 14.84 15.22 13.16 10.48 9.81 11.79 11.72 10.10 10.43 9.90 10.40 10.35 9.65 9.51 9.45 10.41 9.71 9.60 9.77 9.79 10.81 11.81 12.63 11.70 10.89 11.66 13.76 -9999 -9999 -9999 -9999 -9999
-9999 -9999 -9999 -9999 -9999 -9999 -9999 -9999 17.60 16.57 15.40 14.59 14.06 11.58 10.79 17.99 24.06 12.32 14.41 13.58 12.59 10.43 7.19 7.25 10.14 12.60 10.22 7.90 8.19 9.06 8.37 8.76 10.33 9.68 9.24 8.73 8.74 8.62 8.03 7.53 7.55 13.16 14.63 12.95 13.57 11.39 10.89 12.76 12.74 10.48 10.11 11.49 10.81 10.12 10.60 10.13 11.10 10.34 10.05 9.73 9.66 11.15 10.16 9.92 10.01 9.87 10.51 11.23 11.44 11.79 12.19 11.04 12.93 15.21 -9999 -9999 -9999 -9999
-9999 -9999 -9999 -9999 -9999 -9999 -9999 -9999 -9999 18.62 15.70 13.57 11.27 9.65 12.59 27.85 20.43 10.80 15.59 10.27 13.17 12.83 8.54 6.19 12.97 11.00 11.41 9.67 8.01 8.04 7.97 7.48 9.04 9.81 9.53 9.09 8.60 8.66 8.08 7.43 9.21 11.05 15.28 13.39 14.55 13.42 9.18 11.94 13.92 10.77 10.81 11.66 10.89 10.57 10.56 10.35 11.32 10.34 10.03 10.14 9.91 10.91 10.79 10.29 10.22 10.14 10.38 11.16 12.49 11.49 10.85 10.89 12.49 14.84 -9999 -9999 -9999 -9999
-9999 -9999 -9999 -9999 -9999 -9999 -9999 -9999 -9999 -9999 15.54 12.23 11.46 12.91 24.09 28.19 20.94 15.37 14.00 13.53 14.24 14.48 13.44 8.60 7.98 13.75 11.08 9.89 9.01 7.94 7.74 8.03 8.66 9.38 9.04 8.58 8.70 8.53 8.19 8.34 9.29 11.95 13.52 11.49 12.09 13.76 11.65 9.50 13.93 11.11 11.10 11.86 11.06 10.87 10.57 10.96 11.45 10.58 10.30 10.20 9.76 11.43 10.92 10.61 10.61 10.59 10.97 11.03 11.16 10.82 10.71 11.02 12.93 15.08 -9999 -9999 -9999 -9999
-9999 -9999 -9999 -9999 -9999 -9999 -9999 -9999 -9999 -9999 14.37 12.19 14.06 16.89 20.52 25.55 17.46 12.60 13.96 15.49 14.89 15.68 13.64 9.38 6.80 13.83 13.54 10.86 9.80 7.85 7.50 8.14 9.56 9.50 9.18 8.86 8.22 7.84 8.29 10.32 10.23 8.91 14.05 11.56 12.21 14.09 13.95 12.09 11.51 10.85 9.81 11.46 12.16 11.06 10.79 10.46 10.86 10.46 10.77 10.48 10.34 11.12 11.90 11.49 11.43 11.15 11.12 10.98 10.74 10.63 11.12 12.24 14.02 -9999 -9999 -9999 -9999 -9999
-9999 -9999 -9999 -9999 -9999 -9999 -9999 -9999 -9999 -9999 12.76 12.33 14.17 14.84 20.86 20.12 16.03 15.80 12.94 13.55 15.61 13.94 15.88 11.98 7.60 12.61 14.04 13.26 9.79 8.43 7.42 8.63 10.23 10.16 9.30 8.62 8.08 8.34 9.77 10.25 8.75 8.72 12.18 12.09 11.88 12.11 11.68 12.03 13.00 9.83 10.79 11.25 10.96 11.31 10.76 11.40 10.36 10.51 10.78 10.76 11.29 13.64 12.90 12.14 11.69 11.47 11.23 10.96 10.74 10.84 12.06 13.73 -9999 -9999 -9999 -9999 -9999 -9999
-9999 -9999 -9999 -9999 -9999 -9999 -9999 -9999 -9999 14.10 20.68 13.83 15.52 17.52 13.92 23.93 20.88 18.51 16.10 17.96 14.31 14.53 12.38 9.74 10.50 14.95 14.08 13.32 9.92 8.41 7.60 9.49 10.12 9.78 9.29 8.39 8.27 9.75 9.40 9.01 10.10 11.00 9.37 14.05 13.19 10.70 11.72 11.29 10.75 10.74 10.06 10.20 10.47 11.48 10.85 10.08 11.30 10.51 10.71 11.10 11.89 13.79 12.94 12.24 11.93 11.45 11.20 10.75 10.57 11.60 13.20 -9999 -9999 -9999 -9999 -9999 -9999 -9999
-9999 -9999 -9999 -9999 -9999 -9999 -9999 15.40 14.52 17.88 15.76 13.77 14.75 15.92 11.90 13.34 15.37 18.45 17.15 17.82 15.80 15.10 8.73 10.95 10.96 9.24 10.70 10.12 10.35 9.15 8.47 9.76 10.37 10.20 9.19 8.94 10.03 9.41 9.81 8.92 10.55 11.31 11.28 10.52 9.80 11.56 11.41 11.08 11.09 11.09 10.92 9.80 10.78 10.61 9.86 9.92 10.19 10.43 10.81 10.90 11.89 13.59 12.78 11.96 11.75 11.22 10.90 10.52 10.85 12.16 -9999 -9999 -9999 -9999 -9999 14.98 14.59 14.03
-9999 -9999 -9999 -9999 -9999 -9999 15.82 15.33 15.18 15.46 15.10 14.91 13.55 10.98 9.78 11.55 13.45 16.09 22.46 13.58 10.49 8.85 5.41 12.03 13.96 14.18 11.71 10.36 10.47 10.10 9.75 10.30 11.03 10.39 9.67 9.41 10.06 10.45 8.94 8.81 10.75 11.08 10.78 10.44 10.67 11.09 10.25 10.93 10.10 10.27 10.98 10.45 9.93 9.44 9.69 10.37 9.99 10.17 10.49 10.81 11.57 13.53 12.85 11.82 11.30 10.89 10.64 10.39 10.74 11.82 -9999 -9999 -9999 -9999 -9999 13.42 12.63 12.24
-9999 -9999 -9999 -9999 -9999 16.35 17.03 16.22 16.14 -9999 -9999 -9999 -9999 10.44 16.02 13.78 13.84 16.68 13.83 10.09 11.54 9.67 7.97 17.77 15.98 13.93 15.00 11.92 9.85 10.46 10.69 10.37 10.59 10.37 9.70 10.05 9.54 10.81 9.35 9.09 9.75 10.46 10.76 10.70 9.85 10.08 10.15 10.26 10.03 9.94 9.74 9.59 9.37 9.61 10.20 9.90 9.61 10.30 10.99 11.28 11.54 12.61 12.41 12.01 10.98 10.68 10.41 10.13 10.22 11.09 12.78 -9999 -9999 -9999 -9999 12.28 11.51 11.35
-9999 -9999 -9999 -9999 -9999 18.03 19.48 16.42 16.90 -9999 -9999 -9999 -9999 10.35 13.76 15.32 10.46 15.11 13.10 10.60 12.80 14.29 11.27 15.98 9.81 11.49 12.08 11.07 9.96 10.25 10.69 10.58 10.85 11.28 10.07 10.48 10.11 10.15 10.53 9.45 9.76 9.24 10.10 11.01 11.50 11.52 10.01 9.60 9.62 9.67 10.15 9.49 9.51 9.94 10.17 10.66 9.88 11.78 11.97 12.35 11.66 12.16 12.05 11.68 10.72 10.61 10.38 10.04 9.90 10.07 11.16 12.21 -9999 -9999 12.77 12.10 11.62 11.87
-9999 -9999 -9999 -9999 -9999 -9999 -9999 -9999 -9999 -9999 -9999 -9999 -9999 11.61 16.57 14.37 9.90 11.65 8.97 14.34 13.30 8.83 12.63 12.58 11.20 12.22 10.72 10.10 9.50 10.72 10.65 11.05 10.79 10.33 10.19 10.00 9.73 9.91 10.36 9.58 9.40 9.79 10.14 9.84 10.74 10.92 8.96 10.32 11.42 10.39 10.51 10.09 9.01 9.85 10.82 11.70 11.37 10.99 11.62 12.49 12.04 12.40 11.99 11.62 10.58 10.56 10.41 10.17 9.90 9.57 9.86 10.62 11.66 12.14 11.78 11.68 10.91 11.91
-9999 -9999 -9999 -9999 -9999 -9999 -9999 -9999 -9999 -9999 -9999 -9999 -9999 -9999 16.67 8.32 7.79 11.13 14.45 12.45 14.02 13.24 9.25 10.57 12.12 9.09 9.26 8.96 9.30 9.80 10.53 10.73 10.73 10.38 9.97 9.72 9.89 9.67 10.19 9.71 9.26 11.62 11.07 9.88 9.74 9.59 9.51 9.38 10.53 10.81 10.50 11.71 9.92 9.69 10.47 10.13 10.59 10.92 10.98 12.37 12.40 12.07 11.51 11.58 10.63 10.59 10.43 10.18 10.01 9.91 9.94 9.99 10.54 10.96 11.11 10.96 11.02 12.14
-9999 -9999 -9999 -9999 -9999 -9999 -9999 -9999 -9999 -9999 -9999 -9999 -9999 -9999 11.73 15.81 16.25 13.57 11.13 9.85 12.15 9.89 9.90 8.31 8.04 10.36 8.24 8.61 10.89 10.73 10.72 10.47 9.73 9.56 10.09 9.88 10.89 10.74 10.39 9.63 9.04 11.27 12.31 10.97 9.84 9.34 9.52 9.52 9.47 9.81 10.81 13.29 11.87 9.95 9.58 9.98 11.14 12.36 12.49 12.13 12.68 12.21 11.61 11.13 10.71 10.66 10.50 10.43 10.28 10.20 10.23 10.33 10.54 10.79 11.16 11.08 10.85 11.79
-9999 -9999 -9999 -9999 -9999 -9999 -9999 -9999 -9999 -9999 -9999 -9999 -9999 13.81 13.23 10.78 18.75 12.33 9.38 11.36 10.84 9.31 12.18 8.74 8.53 10.98 7.59 14.41 11.65 10.08 10.52 11.72 9.87 9.35 12.30 12.05 11.03 9.81 10.21 9.97 9.55 10.48 11.23 10.90 10.07 9.63 9.43 9.54 9.90 9.74 11.18 11.31 10.70 10.00 9.61 10.32 11.46 12.68 12.80 11.87 12.05 11.91 11.56 11.12 10.80 10.68 10.64 10.60 10.49 10.37 10.41 10.52 10.48 10.67 11.39 11.34 11.01 11.38
-9999 -9999 -9999 -9999 -9999 -9999 -9999 -9999 -9999 -9999 -9999 -9999 -9999 12.53 13.50 19.00 12.53 7.54 8.98 8.55 10.18 12.84 12.46 9.78 9.66 9.76 8.09 9.19 10.55 12.35 12.33 10.41 10.26 10.12 10.79 11.47 9.97 9.64 10.29 10.09 10.55 11.08 10.73 10.91 10.43 9.86 9.63 9.50 9.54 9.74 10.84 11.33 10.66 9.43 9.72 11.09 12.57 12.13 12.89 12.77 12.06 11.40 11.99 11.08 11.18 10.81 10.76 10.59 10.54 10.49 10.42 10.45 10.49 10.60 11.59 11.39 10.91 11.11
-9999 -9999 -9999 -9999 -9999 -9999 -9999 -9999 -9999 -9999 -9999 -9999 -9999 14.12 15.94 8.90 10.13 8.54 9.61 9.59 14.62 12.71 14.28 11.33 10.47 8.65 7.26 8.27 11.86 14.31 15.71 10.66 12.15 11.02 11.52 11.29 9.41 9.51 9.85 10.22 10.71 10.25 10.45 11.76 10.85 9.71 9.67 10.86 9.37 9.90 10.47 10.42 9.84 9.47 10.18 10.99 11.63 11.97 11.98 11.22 11.14 11.64 11.78 10.69 10.62 10.78 10.70 10.63 10.47 10.30 10.35 10.40 10.48 10.63 11.02 10.88 11.04 10.98
-9999 -9999 -9999 -9999 -9999 -9999 -9999 -9999 -9999 -9999 -9999 -9999 -9999 -9999 9.45 10.41 12.10 14.33 15.42 13.30 13.78 11.81 8.96 8.71 7.99 9.11 9.28 8.55 10.21 11.31 14.79 12.20 10.88 10.81 12.50 11.92 9.52 10.33 9.32 9.63 12.12 10.48 10.32 10.26 10.35 9.37 9.37 11.12 10.39 9.75 10.37 9.99 9.69 10.07 11.10 10.93 11.01 10.72 11.38 10.60 11.80 11.81 10.77 10.57 11.11 10.90 10.51 10.42 10.25 10.21 10.28 10.34 10.45 10.52 10.61 10.71 10.99 11.08
-9999 -9999 -9999 -9999 -9999 -9999 -9999 -9999 -9999 -9999 -9999 -9999 -9999 -9999 10.38 10.89 12.03 14.71 18.07 16.82 12.89 9.81 8.19 9.63 11.74 13.91 15.95 12.72 10.68 11.64 12.91 11.76 9.56 13.19 12.50 12.01 10.36 11.14 9.76 9.39 10.33 11.85 11.37 10.61 9.92 9.27 9.56 10.69 10.30 9.84 9.92 10.30 10.48 10.83 11.52 10.90 10.61 11.85 11.93 11.85 11.64 11.79 10.75 11.13 11.64 10.58 10.34 10.27 10.17 10.21 10.22 10.25 10.36 10.45 10.58 10.61 10.64 10.73
-9999 -9999 -9999 -9999 -9999 -9999 -9999 -9999 -9999 -9999 -9999 -9999 -9999 12.04 9.22 9.83 12.67 14.59 14.30 13.88 10.99 11.53 16.17 13.20 13.57 13.87 12.12 11.36 12.28 12.96 11.31 9.96 10.57 12.89 12.85 11.97 10.35 11.38 9.38 9.25 11.01 10.58 10.96 10.97 10.09 9.38 9.61 10.70 10.44 9.58 9.87 9.90 9.82 10.75 10.57 11.71 11.13 11.95 11.31 11.70 11.90 10.98 10.74 11.65 11.51 10.40 10.24 10.48 10.18 10.27 10.25 10.38 10.40 10.39 10.47 10.38 10.91 11.49
-9999 -9999 -9999 -9999 -9999 -9999 -9999 -9999 -9999 -9999 -9999 -9999 -9999 14.30 11.34 9.68 9.59 12.43 16.76 15.96 13.92 11.94 12.79 14.38 15.85 16.14 12.26 14.53 15.58 11.51 13.76 9.29 10.05 12.45 14.41 10.96 11.34 9.90 8.76 8.91 9.89 12.91 11.30 11.18 10.53 10.07 10.15 10.50 10.12 9.53 9.70 9.65 9.56 9.62 11.09 11.69 11.71 12.50 11.61 11.27 11.34 10.96 11.39 11.89 11.50 10.82 11.02 10.71 10.88 10.40 10.37 10.61 10.64 10.41 10.34 10.25 10.47 11.57
-9999 -9999 -9999 -9999 -9999 -9999 -9999 -9999 -9999 -9999 -9999 -9999 -9999 12.50 10.70 6.91 8.31 11.89 16.87 15.13 15.11 12.40 14.48 13.84 12.55 13.61 14.26 14.12 12.43 10.99 11.65 14.05 10.49 10.89 10.97 11.07 12.47 10.76 8.98 9.02 9.92 10.55 10.43 11.35 10.80 10.41 10.58 9.90 9.26 9.74 9.94 10.05 9.47 10.19 11.67 11.75 10.92 11.34 12.36 11.45 11.85 11.00 12.01 12.22 11.34 11.05 11.09 10.38 10.48 10.29 10.30 10.39 10.27 10.22 10.28 10.30 10.85 10.61
-9999 -9999 -9999 -9999 -9999 -9999 -9999 -9999 -9999 -9999 -9999 -9999 11.96 12.52 13.75 10.23 8.13 12.65 14.76 17.31 17.05 11.72 12.11 10.89 12.51 14.49 12.61 12.49 14.36 12.62 11.90 11.38 10.42 9.92 10.16 11.11 11.04 10.50 9.97 9.32 9.24 10.17 10.57 9.93 10.35 10.11 10.70 9.79 9.60 9.68 9.21 9.12 9.56 10.87 10.99 11.16 10.53 11.62 11.95 11.66 11.01 11.97 12.13 12.27 12.30 11.65 11.02 10.68 10.34 10.31 10.29 10.13 10.00 9.87 9.89 10.17 10.77 10.94
-9999 -9999 -9999 -9999 -9999 -9999 -9999 -9999 -9999 -9999 -9999 13.92 13.05 13.25 10.53 8.15 11.32 15.06 16.43 14.91 16.83 12.57 13.55 11.44 11.25 18.26 13.47 14.14 12.03 12.16 10.64 10.15 10.34 11.55 10.66 12.67 10.97 11.12 9.52 9.20 9.33 9.84 10.30 9.86 9.99 10.36 10.42 8.98 9.48 9.35 9.41 9.60 10.12 10.93 10.39 11.25 10.82 11.30 10.71 10.74 12.08 12.57 12.16 12.38 12.10 11.02 11.22 11.04 10.81 10.56 10.12 9.77 9.44 9.65 9.75 10.55 11.05 11.47
-9999 -9999 -9999 -9999 -9999 -9999 -9999 -9999 -9999 16.30 14.34 12.53 10.33 9.43 9.15 9.19 12.72 14.65 16.96 18.90 16.93 14.11 9.95 12.38 12.06 16.59 13.74 12.79 12.81 11.28 10.75 9.35 10.26 12.31 11.83 12.11 10.05 10.09 9.60 9.54 10.08 9.85 10.33 9.57 9.72 9.99 9.14 8.85 9.13 9.92 9.63 10.48 11.35 11.04 10.63 10.21 10.04 10.99 11.69 11.61 12.17 11.39 12.23 12.39 11.58 10.59 10.45 11.14 10.81 10.64 9.68 9.27 8.94 9.27 10.45 10.98 10.94 11.93
-9999 -9999 -9999 -9999 -9999 16.44 15.00 13.20 16.12 15.88 15.74 15.31 12.17 10.63 9.41 14.47 13.16 15.90 16.90 16.80 13.54 11.78 9.26 10.62 10.87 18.10 16.46 13.93 11.47 11.69 10.92 12.32 9.54 11.57 12.08 11.72 11.00 9.95 9.26 10.18 9.62 9.21 10.54 9.48 9.40 8.93 9.07 9.40 9.97 9.23 10.04 9.70 10.29 11.36 11.22 10.94 10.70 11.39 11.61 11.49 11.43 12.36 11.44 11.34 10.97 10.38 10.91 11.01 10.88 9.98 9.19 9.05 9.17 10.40 10.75 10.51 11.44 10.77
-9999 -9999 -9999 -9999 17.22 14.57 14.73 13.53 12.80 14.60 14.03 14.14 11.54 9.60 12.83 13.92 14.72 11.74 17.61 13.60 10.99 15.86 12.35 9.05 16.78 15.32 14.32 10.09 9.74 10.45 13.69 10.58 9.94 10.00 10.18 11.86 11.60 11.23 9.69 9.85 9.23 9.21 10.10 9.56 9.10 8.99 9.14 9.64 9.54 11.53 9.63 9.39 10.01 10.91 10.35 10.33 10.00 10.37 11.03 11.06 12.05 11.57 11.02 11.07 11.10 10.35 10.47 10.37 9.65 9.23 8.94 8.90 9.11 9.85 10.94 11.09 11.32 11.00
-9999 -9999 -9999 16.64 16.03 12.71 12.11 12.19 13.26 12.75 13.05 11.77 12.18 16.29 13.16 12.12 15.64 9.83 12.61 12.25 15.45 14.86 15.72 13.62 13.52 12.13 9.57 14.44 13.86 10.24 10.79 10.25 9.81 10.36 9.64 9.88 11.81 11.94 9.35 8.88 9.02 9.57 8.88 8.34 8.85 11.42 9.26 9.04 9.89 10.80 10.00 9.45 10.13 10.72 10.70 11.26 10.66 10.01 10.00 10.13 11.38 11.08 10.51 11.35 11.05 10.19 10.07 9.72 9.20 9.19 9.12 9.06 9.42 9.84 10.94 10.48 10.46 10.84
15.94 13.72 15.57 13.01 12.93 13.65 12.51 12.12 14.39 12.99 12.66 12.69 15.58 14.78 12.93 14.22 13.27 10.73 10.70 14.27 14.73 13.22 13.80 15.50 11.35 7.99 14.00 15.79 12.94 12.93 10.45 10.70 9.66 10.15 12.07 10.10 12.50 10.54 9.14 8.62 8.99 10.54 7.88 8.36 12.71 10.10 9.38 9.41 10.27 11.29 9.76 9.70 10.09 9.81 10.40 10.39 9.83 9.54 9.92 9.62 10.21 10.68 10.69 10.27 9.82 9.32 9.01 9.31 10.50 9.65 10.44 9.70 8.81 10.43 10.67 11.08 10.82 10.63
11.58 10.99 14.21 17.70 16.73 16.25 12.85 14.12 16.03 14.56 13.96 16.19 14.38 13.68 15.99 12.54 9.58 10.28 11.08 14.11 14.17 13.84 13.22 11.63 8.52 10.67 21.13 17.30 13.40 10.60 11.18 10.61 12.06 10.45 11.08 10.16 10.19 9.98 9.63 8.76 8.46 8.29 7.60 11.54 12.57 11.69 10.06 9.56 12.40 10.91 9.87 9.92 9.52 10.27 10.15 9.75 8.89 9.99 9.55 8.94 10.78 10.67 9.60 9.45 9.23 8.82 9.15 10.05 10.32 9.97 10.35 9.48 9.13 10.32 10.90 10.64 10.99 10.79
