ML/MeanWindSpeed_1991-11_Actual.txt
ncols         180
nrows         290
xllcorner     -200000
yllcorner     -200000
cellsize      5000
NODATA_value  -9999
[rows 140 to 174 of 290, columns 77 to 153 of 180]
-9999 -9999 -9999 -9999 16.04 -9999 -9999 -9999 14.13 14.13 12.65 12.64 13.54 -9999 -9999 13.55 11.72 14.33 15.52 -9999 -9999 -9999 -9999 -9999 12.98 11.55 9.01 9.18 9.09 9.80 9.50 10.11 9.87 7.28 9.45 12.87 14.76 11.65 13.60 14.53 14.89 12.51 13.40 13.99 13.02 11.17 11.50 11.96 9.27 10.12 12.16 12.82 -9999 -9999 -9999 -9999 -9999 -9999 -9999 -9999 -9999 -9999 -9999 -9999 -9999 -9999 -9999 -9999 -9999 -9999 -9999 -9999 -9999 -9999 -9999 -9999 -9999
-9999 -9999 -9999 -9999 16.02 15.98 -9999 -9999 -9999 14.12 14.60 14.21 14.64 -9999 -9999 -9999 -9999 14.38 -9999 -9999 -9999 -9999 -9999 -9999 11.57 10.32 9.20 10.00 11.31 11.39 10.37 10.47 9.59 8.08 7.75 11.21 13.39 9.91 15.42 14.84 16.03 12.86 13.30 15.27 13.06 11.77 11.42 10.05 8.96 10.16 11.72 11.81 -9999 -9999 -9999 -9999 -9999 -9999 -9999 -9999 -9999 -9999 -9999 -9999 -9999 -9999 -9999 -9999 -9999 -9999 -9999 -9999 -9999 -9999 -9999 -9999 -9999
-9999 -9999 -9999 -9999 -9999 17.39 -9999 -9999 -9999 -9999 14.61 15.60 15.37 -9999 -9999 -9999 -9999 -9999 -9999 -9999 -9999 -9999 -9999 12.68 11.16 10.85 10.64 10.81 12.58 12.39 11.55 11.42 10.56 9.68 7.40 8.49 15.24 15.92 15.39 14.85 12.18 11.33 12.10 10.89 9.44 12.24 12.70 9.75 9.36 10.49 10.88 10.28 10.04 -9999 -9999 -9999 -9999 -9999 -9999 -9999 -9999 -9999 -9999 -9999 -9999 -9999 -9999 -9999 -9999 -9999 -9999 -9999 -9999 -9999 -9999 -9999 -9999
-9999 -9999 -9999 -9999 -9999 18.62 -9999 -9999 -9999 -9999 -9999 -9999 -9999 -9999 -9999 -9999 -9999 -9999 -9999 -9999 -9999 -9999 -9999 12.72 10.63 9.22 8.21 7.41 15.14 12.92 11.89 13.75 10.98 11.75 6.70 6.23 12.43 17.22 13.77 11.83 16.15 18.17 16.74 14.45 13.31 9.59 10.58 10.55 11.50 10.35 9.14 8.78 9.04 9.55 -9999 -9999 -9999 -9999 -9999 -9999 -9999 -9999 -9999 -9999 -9999 -9999 -9999 -9999 -9999 -9999 -9999 -9999 -9999 -9999 -9999 -9999 -9999
-9999 -9999 -9999 -9999 -9999 -9999 -9999 -9999 -9999 -9999 -9999 -9999 -9999 -9999 -9999 -9999 -9999 -9999 -9999 -9999 -9999 -9999 13.13 11.74 9.75 8.49 11.65 6.83 19.74 18.98 11.26 12.26 11.42 10.38 10.02 6.13 7.01 16.53 16.05 14.03 12.67 11.87 14.62 14.34 13.40 11.52 10.56 10.45 9.97 9.13 8.50 6.96 6.82 8.01 -9999 -9999 -9999 -9999 -9999 -9999 -9999 -9999 -9999 -9999 -9999 -9999 -9999 -9999 -9999 -9999 -9999 -9999 -9999 -9999 -9999 -9999 -9999
-9999 -9999 -9999 -9999 -9999 -9999 -9999 -9999 -9999 -9999 -9999 -9999 -9999 -9999 -9999 -9999 -9999 -9999 -9999 -9999 -9999 -9999 11.81 11.95 8.71 11.04 19.06 10.94 7.21 13.39 14.64 12.48 12.42 11.58 10.65 8.22 6.85 8.26 17.38 15.14 14.29 12.11 12.13 12.52 10.90 10.77 10.82 11.53 9.55 9.63 7.63 6.54 5.78 6.36 7.58 8.90 9.92 -9999 -9999 -9999 -9999 -9999 -9999 -9999 -9999 -9999 -9999 -9999 -9999 -9999 -9999 -9999 -9999 -9999 -9999 -9999 -9999
-9999 -9999 -9999 -9999 -9999 -9999 -9999 -9999 -9999 -9999 -9999 -9999 -9999 -9999 -9999 -9999 -9999 -9999 -9999 -9999 -9999 -9999 11.53 10.57 9.87 13.88 9.82 9.42 10.73 15.06 11.84 11.13 15.49 10.26 12.55 10.31 8.48 7.22 10.38 13.32 13.60 13.08 12.61 10.58 10.84 10.32 9.78 9.35 9.31 8.63 7.96 6.32 5.49 5.50 9.00 8.14 10.28 12.36 13.21 -9999 -9999 -9999 -9999 -9999 -9999 -9999 -9999 -9999 -9999 -9999 -9999 -9999 -9999 -9999 -9999 -9999 -9999
-9999 -9999 -9999 -9999 -9999 -9999 -9999 -9999 -9999 -9999 -9999 -9999 -9999 -9999 -9999 -9999 -9999 -9999 -9999 -9999 -9999 -9999 11.44 10.07 10.78 16.60 17.93 13.61 9.83 10.65 11.66 15.33 10.86 14.75 12.82 11.68 11.04 9.37 7.00 8.10 13.24 13.28 12.63 11.83 10.99 10.56 10.42 10.07 9.26 9.09 8.21 6.91 6.71 6.41 7.45 10.82 11.13 12.33 14.53 15.09 13.68 -9999 -9999 -9999 -9999 -9999 -9999 -9999 -9999 -9999 -9999 -9999 -9999 -9999 -9999 -9999 -9999
-9999 -9999 -9999 -9999 -9999 -9999 -9999 -9999 -9999 -9999 -9999 -9999 -9999 -9999 -9999 -9999 -9999 -9999 -9999 -9999 -9999 -9999 12.16 9.99 11.74 13.27 8.85 21.95 18.36 9.96 12.40 10.60 15.17 16.30 12.36 10.71 10.94 10.37 7.62 15.51 14.19 14.10 15.10 15.67 14.80 11.27 12.38 10.80 10.16 9.80 9.22 8.57 7.81 6.67 7.39 10.44 10.02 10.42 11.80 13.77 12.64 15.88 -9999 -9999 -9999 -9999 -9999 -9999 -9999 -9999 -9999 -9999 -9999 -9999 -9999 -9999 -9999
-9999 -9999 -9999 -9999 -9999 -9999 -9999 -9999 -9999 -9999 14.91 15.27 15.84 -9999 -9999 -9999 -9999 -9999 -9999 -9999 -9999 -9999 -9999 12.04 10.12 8.41 10.87 13.27 16.69 9.80 6.99 12.62 12.13 11.51 10.32 12.09 11.78 9.87 10.52 13.07 13.23 17.34 16.28 14.11 13.63 14.37 12.69 11.31 10.77 10.25 9.93 8.84 7.95 12.06 10.70 14.14 15.14 14.43 13.51 11.03 14.55 15.40 14.53 -9999 -9999 -9999 -9999 -9999 -9999 -9999 -9999 -9999 -9999 -9999 -9999 -9999 -9999
-9999 -9999 -9999 -9999 -9999 -9999 -9999 -9999 -9999 -9999 13.36 13.40 -9999 -9999 -9999 -9999 -9999 -9999 -9999 -9999 -9999 -9999 -9999 -9999 10.54 7.55 11.55 12.01 20.34 11.87 11.98 11.02 8.68 7.83 8.49 8.22 16.49 9.75 10.79 15.82 12.99 10.22 9.78 14.77 10.95 14.27 12.38 11.22 10.66 10.39 9.52 9.54 11.76 12.59 11.40 10.88 10.66 12.34 13.69 13.36 13.99 14.05 16.59 -9999 -9999 -9999 -9999 -9999 -9999 -9999 -9999 -9999 -9999 -9999 -9999 -9999 -9999
-9999 -9999 -9999 -9999 -9999 -9999 -9999 -9999 -9999 12.66 15.34 14.96 14.60 -9999 -9999 -9999 -9999 -9999 -9999 -9999 -9999 -9999 -9999 -9999 11.30 12.74 13.02 13.29 11.01 12.79 10.81 10.08 8.73 8.05 10.02 8.24 6.74 16.07 11.33 10.32 14.38 12.41 15.73 12.84 13.49 12.12 11.87 11.46 11.33 10.36 9.33 10.10 11.30 10.26 11.04 11.94 11.64 12.46 12.48 12.99 13.43 12.06 15.53 14.74 -9999 -9999 -9999 -9999 -9999 -9999 -9999 -9999 -9999 -9999 -9999 -9999 -9999
-9999 -9999 -9999 -9999 -9999 -9999 -9999 -9999 11.89 15.43 16.92 20.68 14.57 -9999 -9999 -9999 -9999 -9999 -9999 -9999 -9999 -9999 -9999 -9999 12.96 17.01 13.34 8.93 10.66 10.12 11.04 9.05 8.02 8.96 9.91 7.03 13.56 10.51 13.86 10.75 16.04 10.37 12.09 10.34 12.93 11.47 11.93 12.18 10.92 10.60 9.13 8.59 11.72 12.19 11.82 10.60 10.92 10.76 10.98 11.52 13.40 13.57 13.32 14.59 -9999 -9999 -9999 -9999 -9999 -9999 -9999 -9999 -9999 -9999 -9999 -9999 -9999
-9999 -9999 -9999 -9999 -9999 -9999 -9999 14.57 12.97 19.22 15.73 15.47 -9999 -9999 -9999 -9999 -9999 -9999 -9999 -9999 -9999 -9999 -9999 -9999 -9999 12.63 9.91 9.36 11.74 9.18 11.61 9.59 8.80 8.36 8.62 6.84 13.37 13.13 14.25 13.77 15.04 15.01 15.10 13.98 13.57 13.85 13.35 11.24 10.81 10.20 8.81 8.27 8.91 13.84 12.70 10.02 9.60 9.89 9.69 9.93 10.17 10.55 10.40 11.69 13.65 14.69 -9999 -9999 -9999 -9999 -9999 -9999 -9999 -9999 -9999 -9999 -9999
-9999 -9999 -9999 -9999 -9999 -9999 -9999 17.46 18.50 13.82 13.83 14.52 -9999 -9999 -9999 -9999 -9999 -9999 -9999 -9999 -9999 -9999 -9999 -9999 -9999 -9999 10.93 11.42 10.53 9.63 11.09 10.36 10.26 9.41 9.57 6.96 13.36 12.22 11.02 13.78 12.87 11.99 16.76 16.86 13.14 14.98 13.63 12.88 10.53 9.65 9.14 8.60 8.57 9.63 10.28 9.68 9.82 9.86 9.90 9.63 9.55 9.59 9.84 13.02 13.57 13.53 -9999 -9999 -9999 -9999 -9999 -9999 -9999 -9999 -9999 -9999 -9999
-9999 -9999 -9999 -9999 -9999 -9999 -9999 18.46 16.52 16.87 15.67 -9999 -9999 -9999 -9999 -9999 -9999 -9999 -9999 -9999 -9999 -9999 -9999 -9999 -9999 -9999 12.45 12.10 11.31 -9999 11.53 -9999 10.84 9.56 8.58 7.18 7.12 12.56 11.43 12.12 15.98 8.57 9.91 16.22 14.24 13.73 13.52 12.08 10.46 9.81 9.58 9.04 8.85 8.98 10.01 11.31 10.27 10.92 9.85 9.15 10.23 11.49 11.05 10.35 10.46 12.67 15.08 16.10 -9999 -9999 -9999 -9999 -9999 -9999 -9999 -9999 -9999
-9999 -9999 -9999 -9999 -9999 -9999 18.68 17.12 16.48 -9999 -9999 -9999 -9999 -9999 -9999 -9999 -9999 -9999 -9999 -9999 -9999 -9999 -9999 -9999 -9999 -9999 13.89 12.51 11.46 -9999 -9999 -9999 10.59 10.97 7.66 8.64 9.75 7.98 7.71 9.76 14.36 14.10 8.65 13.50 15.50 12.63 13.93 12.69 11.34 9.31 9.41 9.14 9.08 9.10 9.36 9.88 9.94 10.29 8.98 9.77 10.99 11.75 11.99 11.70 10.82 11.12 12.91 14.80 -9999 -9999 -9999 -9999 -9999 -9999 -9999 -9999 -9999
-9999 -9999 -9999 -9999 -9999 -9999 -9999 -9999 -9999 -9999 -9999 -9999 -9999 -9999 -9999 -9999 -9999 -9999 -9999 -9999 -9999 -9999 -9999 -9999 -9999 -9999 -9999 -9999 -9999 -9999 -9999 11.53 9.26 8.77 10.68 11.82 12.39 11.90 9.94 10.33 13.34 13.09 10.89 8.75 12.64 14.32 12.57 11.68 10.78 9.92 9.63 9.81 9.29 9.12 9.18 9.20 9.08 8.45 9.56 12.62 10.91 11.48 10.56 10.61 9.82 10.95 12.57 -9999 -9999 -9999 -9999 -9999 -9999 -9999 -9999 -9999 -9999
-9999 -9999 -9999 -9999 -9999 -9999 -9999 -9999 -9999 -9999 -9999 -9999 -9999 -9999 -9999 -9999 -9999 -9999 -9999 -9999 -9999 -9999 -9999 -9999 -9999 -9999 -9999 -9999 -9999 -9999 -9999 10.74 8.78 9.95 12.91 15.76 14.24 10.92 12.04 9.12 9.51 9.00 10.89 11.40 12.43 12.95 12.56 11.31 10.85 10.45 9.69 9.87 9.27 9.21 9.26 9.32 9.06 8.29 8.97 13.18 12.26 10.30 9.80 9.56 9.51 10.81 12.87 -9999 -9999 -9999 -9999 -9999 -9999 -9999 -9999 -9999 -9999
-9999 -9999 -9999 -9999 -9999 -9999 -9999 -9999 -9999 -9999 -9999 -9999 -9999 -9999 -9999 -9999 -9999 -9999 -9999 -9999 -9999 -9999 -9999 -9999 -9999 -9999 -9999 -9999 -9999 -9999 -9999 9.80 8.03 8.29 11.42 12.75 12.17 11.16 10.92 10.01 10.44 9.24 9.24 9.96 8.32 12.77 11.32 12.46 11.16 10.86 9.58 9.30 9.38 9.29 9.34 9.29 9.18 8.75 8.46 10.57 11.47 10.48 9.66 9.56 9.43 10.57 12.50 -9999 -9999 -9999 -9999 -9999 -9999 -9999 -9999 -9999 -9999
-9999 -9999 -9999 -9999 -9999 -9999 -9999 -9999 -9999 -9999 -9999 -9999 -9999 -9999 -9999 -9999 -9999 -9999 -9999 -9999 -9999 -9999 -9999 -9999 -9999 -9999 -9999 -9999 -9999 13.02 11.11 8.98 7.72 10.39 12.26 15.20 11.71 13.38 8.54 9.82 9.74 11.09 11.63 11.12 13.04 9.26 9.68 9.80 9.78 9.39 10.29 9.32 9.25 9.55 9.26 9.25 9.34 9.01 8.75 8.87 10.78 10.34 9.62 9.41 9.39 10.04 11.78 13.56 -9999 -9999 -9999 -9999 -9999 -9999 -9999 -9999 -9999
-9999 -9999 -9999 -9999 -9999 -9999 -9999 -9999 -9999 -9999 -9999 -9999 -9999 -9999 -9999 -9999 -9999 -9999 -9999 -9999 -9999 -9999 -9999 -9999 -9999 -9999 -9999 -9999 -9999 12.12 10.10 8.87 8.19 8.58 11.62 9.37 9.31 7.61 9.44 12.77 10.31 12.15 11.47 12.61 9.01 12.88 10.52 11.71 11.24 11.30 10.12 9.71 9.33 9.15 9.14 9.26 9.28 9.23 8.89 8.58 9.18 10.58 10.00 9.41 9.43 9.63 10.94 12.80 -9999 -9999 -9999 -9999 -9999 -9999 -9999 -9999 -9999
-9999 -9999 -9999 -9999 -9999 -9999 -9999 -9999 -9999 -9999 -9999 -9999 -9999 -9999 -9999 -9999 -9999 -9999 -9999 -9999 -9999 -9999 -9999 -9999 -9999 -9999 -9999 -9999 -9999 12.07 9.92 9.15 8.67 8.82 9.28 9.75 8.88 7.98 9.69 10.05 9.41 11.32 13.80 11.26 10.63 9.12 11.02 9.19 9.87 10.52 10.84 9.94 9.63 9.12 9.10 9.26 9.32 9.29 9.12 8.74 8.89 10.21 11.02 9.84 9.37 9.60 10.23 11.56 13.26 -9999 -9999 -9999 -9999 -9999 -9999 -9999 -9999
-9999 -9999 -9999 -9999 -9999 -9999 -9999 -9999 -9999 -9999 -9999 -9999 -9999 -9999 -9999 -9999 -9999 -9999 -9999 -9999 -9999 -9999 -9999 -9999 -9999 -9999 -9999 -9999 -9999 11.73 10.03 9.48 9.41 9.09 8.86 8.70 9.53 10.72 8.15 8.03 9.29 13.83 13.73 14.81 13.14 10.91 10.63 11.12 9.61 8.93 10.06 10.55 9.55 9.12 9.17 9.11 9.28 9.41 9.45 9.16 9.06 10.69 11.95 10.76 10.27 10.32 10.15 10.51 12.07 13.66 -9999 -9999 -9999 -9999 -9999 -9999 -9999
-9999 -9999 -9999 -9999 -9999 -9999 -9999 -9999 -9999 -9999 -9999 -9999 -9999 -9999 -9999 -9999 -9999 -9999 -9999 -9999 -9999 -9999 -9999 -9999 -9999 -9999 -9999 -9999 -9999 11.73 9.83 9.34 9.10 8.71 8.20 8.95 8.63 9.72 10.10 11.97 13.47 14.18 11.47 13.38 11.85 11.58 10.02 11.34 10.67 9.74 9.08 8.98 9.25 9.08 9.16 9.26 9.45 9.56 9.76 9.82 9.83 10.17 11.26 11.11 10.71 10.81 10.84 10.62 10.83 12.55 -9999 -9999 -9999 -9999 -9999 -9999 -9999
-9999 -9999 -9999 -9999 -9999 -9999 -9999 -9999 -9999 -9999 -9999 -9999 -9999 -9999 -9999 -9999 -9999 -9999 -9999 -9999 -9999 -9999 -9999 -9999 -9999 -9999 -9999 -9999 -9999 -9999 9.87 9.40 8.94 8.21 8.62 10.58 10.66 11.34 10.10 9.84 11.91 11.59 13.23 12.42 10.36 8.78 9.42 9.35 10.64 9.69 9.34 9.89 9.61 9.04 9.28 9.27 9.48 9.53 9.73 10.02 10.25 10.40 10.26 10.65 10.97 11.25 -9999 11.23 11.63 12.64 14.45 -9999 -9999 -9999 -9999 -9999 -9999
-9999 -9999 -9999 -9999 -9999 -9999 -9999 -9999 -9999 -9999 -9999 -9999 -9999 -9999 -9999 -9999 -9999 -9999 -9999 -9999 -9999 -9999 -9999 -9999 -9999 -9999 -9999 -9999 -9999 11.48 9.80 9.31 8.55 7.87 7.95 12.03 12.67 10.57 13.24 12.67 10.66 10.44 14.78 13.01 13.38 10.60 8.79 10.76 9.32 8.73 9.47 9.59 9.21 9.38 9.11 9.17 9.30 9.54 9.51 9.66 11.23 10.55 9.92 11.33 10.72 10.99 11.13 -9999 12.39 13.30 14.76 15.89 -9999 -9999 -9999 -9999 -9999
-9999 -9999 -9999 -9999 -9999 -9999 -9999 -9999 -9999 -9999 -9999 -9999 -9999 -9999 -9999 -9999 -9999 -9999 -9999 -9999 -9999 -9999 -9999 -9999 -9999 -9999 -9999 -9999 -9999 11.17 9.51 9.09 8.54 9.88 8.78 9.89 12.88 9.73 10.09 10.38 8.31 8.36 12.37 12.14 12.27 9.19 11.11 11.94 9.59 10.55 9.68 10.15 9.85 9.44 9.02 9.03 9.12 9.22 9.18 9.21 9.54 10.09 9.24 9.56 10.34 10.00 10.95 11.54 -9999 -9999 -9999 -9999 -9999 -9999 -9999 -9999 -9999
-9999 -9999 -9999 -9999 -9999 -9999 -9999 -9999 -9999 -9999 -9999 -9999 -9999 -9999 -9999 -9999 -9999 -9999 -9999 -9999 -9999 -9999 -9999 -9999 -9999 -9999 -9999 -9999 13.06 10.50 9.25 9.92 9.50 9.56 9.08 9.94 10.06 9.56 9.33 8.75 8.40 8.69 11.26 13.97 14.41 10.40 12.97 12.30 9.85 10.10 9.06 9.61 9.86 9.28 8.83 9.09 9.08 9.07 9.24 9.16 9.46 9.73 9.60 9.37 10.85 10.42 10.43 10.82 12.12 13.49 -9999 -9999 -9999 -9999 -9999 -9999 -9999
-9999 -9999 -9999 -9999 -9999 -9999 -9999 -9999 -9999 -9999 -9999 -9999 -9999 -9999 -9999 -9999 -9999 -9999 -9999 -9999 -9999 -9999 -9999 -9999 -9999 -9999 -9999 -9999 -9999 10.74 9.38 9.26 9.66 11.44 9.31 8.95 8.86 9.36 9.66 9.03 8.58 8.18 8.19 12.08 13.72 14.99 12.40 12.73 11.64 10.52 10.73 8.63 8.79 9.70 8.86 8.90 8.84 8.88 9.20 9.22 9.47 9.98 9.74 9.25 9.40 11.81 10.76 10.39 10.83 11.80 13.14 14.62 -9999 -9999 -9999 -9999 -9999
-9999 -9999 -9999 -9999 -9999 -9999 -9999 -9999 -9999 -9999 -9999 -9999 -9999 -9999 -9999 -9999 -9999 -9999 -9999 -9999 -9999 -9999 -9999 -9999 -9999 -9999 -9999 -9999 -9999 10.77 9.86 9.28 9.42 9.65 9.73 9.35 8.83 8.99 8.67 8.41 8.31 8.14 8.63 8.00 12.84 15.59 16.15 13.87 12.35 11.45 9.96 10.04 9.09 10.14 9.03 8.99 8.81 8.87 9.04 9.29 9.91 10.16 10.00 9.43 9.78 11.74 11.19 11.41 10.28 10.43 11.52 13.09 -9999 -9999 -9999 -9999 -9999
-9999 -9999 -9999 -9999 -9999 -9999 -9999 -9999 -9999 16.38 15.37 15.80 16.96 -9999 -9999 -9999 -9999 -9999 -9999 -9999 -9999 -9999 -9999 -9999 -9999 -9999 -9999 -9999 11.58 10.23 10.38 9.63 10.39 9.88 9.30 9.13 9.10 8.87 8.83 8.59 8.43 8.14 7.75 10.53 13.24 13.51 11.48 14.73 13.77 10.42 10.28 8.32 10.95 10.79 9.28 9.12 8.88 8.91 9.12 9.46 10.03 10.61 10.47 9.74 9.65 9.97 11.73 11.61 12.00 10.24 10.14 11.65 13.47 -9999 -9999 -9999 -9999
-9999 -9999 -9999 -9999 -9999 -9999 -9999 -9999 -9999 15.39 14.26 14.08 14.75 -9999 -9999 -9999 -9999 -9999 -9999 -9999 -9999 -9999 -9999 -9999 -9999 -9999 -9999 11.73 11.15 10.18 10.43 11.35 10.02 9.90 8.93 8.90 9.08 8.89 9.06 9.11 8.25 7.66 7.50 9.16 14.97 15.00 11.16 13.00 12.56 12.16 9.24 8.34 10.08 10.53 9.61 8.75 8.70 8.99 9.66 9.87 10.15 10.50 10.94 10.26 9.98 9.79 11.41 11.48 11.44 10.42 10.17 10.69 12.55 -9999 -9999 -9999 -9999
-9999 -9999 -9999 -9999 -9999 -9999 -9999 19.11 15.51 13.43 13.44 13.07 14.15 13.82 14.93 15.64 -9999 -9999 15.65 14.15 -9999 -9999 -9999 12.51 13.63 12.75 -9999 9.74 11.26 10.42 10.03 10.47 9.82 9.97 9.82 10.28 9.78 9.73 8.86 9.13 8.32 8.22 11.44 8.69 10.73 13.38 8.51 10.35 15.33 10.04 11.62 9.39 9.94 10.00 9.44 9.16 9.15 9.31 9.85 9.79 10.23 10.31 11.09 10.32 10.01 9.90 10.22 10.87 11.85 11.43 10.25 10.10 11.62 13.64 -9999 -9999 -9999
-9999 -9999 -9999 -9999 -9999 -9999 -9999 -9999 16.03 14.03 13.04 12.35 12.48 13.54 14.84 12.29 -9999 11.64 12.59 13.94 13.06 14.00 10.70 9.64 13.59 13.48 11.86 -9999 9.08 10.60 10.47 9.73 9.64 10.27 9.54 9.26 9.18 9.01 9.15 8.70 8.81 8.47 11.68 12.06 11.52 12.13 11.36 13.15 13.48 11.89 9.58 9.00 10.69 10.56 9.21 9.72 9.35 9.91 10.17 9.89 10.11 10.20 11.12 10.41 10.06 9.98 9.70 10.38 11.15 11.90 11.00 10.19 10.87 12.79 -9999 -9999 -9999
