ML/MeanWindSpeed_2000-11_Actual.txt
ncols         180
nrows         290
xllcorner     -200000
yllcorner     -200000
cellsize      5000
NODATA_value  -9999
[rows 175 to 209 of 290, columns 78 to 155 of 180]
-9999 -9999 -9999 -9999 -9999 -9999 -9999 -9999 17.30 16.13 14.97 13.48 12.02 9.43 6.77 12.13 21.67 10.13 13.76 12.72 10.96 8.81 6.60 7.32 9.55 11.40 9.41 7.28 8.33 10.08 9.59 9.74 10.97 9.64 9.14 8.79 9.17 9.45 9.47 10.07 9.72 14.79 14.63 11.03 10.91 8.93 8.24 9.36 9.73 8.17 8.18 9.31 8.45 8.09 9.15 8.61 9.74 9.21 9.27 9.05 8.87 10.25 9.16 9.24 9.55 9.45 9.91 10.29 10.48 10.95 11.63 10.12 12.04 14.35 -9999 -9999 -9999 -9999
-9999 -9999 -9999 -9999 -9999 -9999 -9999 -9999 -9999 18.20 15.09 12.50 9.64 9.07 10.16 25.44 16.71 7.41 14.05 7.83 11.27 10.43 6.91 5.25 13.03 9.58 10.43 9.05 7.91 8.71 9.35 8.44 9.16 9.84 9.66 9.40 8.96 9.28 9.02 8.91 11.27 11.72 15.36 11.75 12.15 11.20 6.37 8.96 11.79 8.88 9.09 9.33 8.24 8.43 8.91 8.74 10.03 9.30 9.30 9.83 9.74 10.34 10.14 9.73 9.70 9.74 9.91 10.31 11.77 10.57 9.83 10.03 11.62 14.02 -9999 -9999 -9999 -9999
-9999 -9999 -9999 -9999 -9999 -9999 -9999 -9999 -9999 -9999 15.29 11.79 11.01 12.86 24.23 24.26 15.01 12.12 11.37 11.66 12.69 12.13 12.33 8.39 6.73 12.74 8.94 8.65 9.05 8.42 8.72 8.58 8.14 9.09 9.08 8.91 9.22 9.30 9.00 9.14 10.54 12.05 12.38 9.64 9.98 12.43 10.17 6.42 12.07 9.68 9.58 9.72 8.49 8.76 8.68 9.32 10.22 9.66 9.59 10.00 9.62 11.03 10.28 10.06 10.06 9.99 10.30 9.94 9.85 9.57 9.47 10.03 12.09 14.26 -9999 -9999 -9999 -9999
-9999 -9999 -9999 -9999 -9999 -9999 -9999 -9999 -9999 -9999 14.26 12.50 14.95 16.70 17.31 18.21 9.18 7.60 10.84 13.68 13.88 14.24 12.21 9.54 5.82 12.96 11.85 9.46 9.96 8.60 8.57 8.69 9.35 9.00 9.17 9.27 8.96 8.90 9.20 11.45 11.22 8.27 13.31 10.19 11.17 13.50 13.22 9.80 8.57 8.87 7.73 9.24 9.93 8.71 8.52 8.38 9.29 9.38 10.03 10.10 9.84 10.10 10.99 10.80 10.84 10.43 10.22 9.76 9.33 9.39 10.03 11.31 13.21 -9999 -9999 -9999 -9999 -9999
-9999 -9999 -9999 -9999 -9999 -9999 -9999 -9999 -9999 -9999 13.62 13.86 14.56 13.08 17.88 13.42 8.26 10.35 8.11 9.82 13.49 11.37 15.13 12.37 7.15 11.88 13.03 12.77 9.76 9.42 8.46 9.20 10.23 9.81 9.29 9.02 8.82 9.22 10.95 11.13 9.02 8.66 11.64 11.12 11.05 10.83 9.89 9.69 10.56 7.02 8.41 8.62 8.29 8.77 8.14 9.32 8.51 9.30 10.01 10.27 10.54 12.59 11.64 11.26 10.95 10.74 10.36 9.96 9.68 9.85 11.20 12.94 -9999 -9999 -9999 -9999 -9999 -9999
-9999 -9999 -9999 -9999 -9999 -9999 -9999 -9999 -9999 15.44 25.21 15.08 15.58 17.31 9.70 21.57 17.57 15.19 12.13 15.12 11.11 11.46 9.98 7.61 9.85 14.19 11.73 12.06 9.42 8.68 7.99 9.72 9.68 9.24 9.31 8.90 8.87 10.44 10.25 9.37 10.34 11.54 8.13 13.46 12.54 8.59 9.38 8.67 8.02 8.16 7.27 7.23 7.56 8.77 8.16 7.58 9.75 9.21 9.83 10.49 10.93 12.51 11.53 11.19 11.16 10.67 10.37 9.90 9.74 10.81 12.45 -9999 -9999 -9999 -9999 -9999 -9999 -9999
-9999 -9999 -9999 -9999 -9999 -9999 -9999 16.13 15.58 19.89 17.24 13.39 13.18 14.50 8.28 10.11 12.85 16.18 14.76 16.63 13.18 12.54 5.48 8.41 8.97 5.85 6.32 7.09 9.66 9.14 8.54 9.61 9.68 9.75 9.32 9.66 10.95 9.81 10.58 9.40 10.76 11.20 10.18 8.76 7.93 10.12 9.26 8.64 8.80 8.76 8.42 6.79 7.89 7.64 6.76 7.30 8.41 8.92 9.61 9.89 10.62 12.13 11.26 10.72 10.89 10.41 10.06 9.69 10.03 11.39 -9999 -9999 -9999 -9999 -9999 14.39 13.79 13.10
-9999 -9999 -9999 -9999 -9999 -9999 16.45 15.95 15.41 15.03 14.04 13.05 12.01 10.17 7.31 9.26 12.02 12.72 20.63 10.51 7.10 7.15 4.21 12.63 14.52 13.09 8.49 8.10 10.19 10.24 9.75 9.92 10.38 9.80 9.92 10.13 10.84 10.97 9.26 9.40 10.96 10.50 9.56 8.58 8.70 9.42 8.05 8.72 7.60 7.58 8.23 7.48 6.88 6.29 6.51 7.95 7.98 8.31 8.96 9.59 10.10 12.13 11.42 10.55 10.34 10.01 9.78 9.55 9.93 11.03 -9999 -9999 -9999 -9999 -9999 13.17 12.19 11.67
-9999 -9999 -9999 -9999 -9999 17.61 18.36 16.81 15.89 -9999 -9999 -9999 -9999 12.23 17.07 14.57 14.26 14.54 10.37 7.51 11.24 10.64 9.18 20.64 17.54 13.94 14.46 11.37 9.63 10.37 10.38 9.65 9.59 9.55 9.57 10.30 9.50 10.95 9.24 9.24 9.47 9.66 9.73 9.28 7.92 8.06 8.06 7.77 7.11 6.73 6.49 6.62 6.78 7.01 7.49 7.80 7.94 8.93 9.69 9.85 9.77 10.95 10.84 10.82 9.93 9.72 9.50 9.27 9.39 10.31 12.02 -9999 -9999 -9999 -9999 12.06 11.12 10.51
-9999 -9999 -9999 -9999 -9999 19.08 20.81 16.35 16.57 -9999 -9999 -9999 -9999 13.80 15.70 17.66 10.50 14.30 12.28 11.70 14.77 16.06 11.70 15.87 7.65 10.03 10.69 10.36 9.48 9.71 10.07 9.76 9.86 10.49 9.40 10.19 9.53 9.50 10.18 8.92 9.00 7.82 8.87 10.30 10.60 10.35 8.46 7.40 6.99 6.73 7.15 6.58 7.41 8.27 8.52 9.61 8.91 11.14 10.86 10.75 9.38 9.93 10.10 10.24 9.53 9.58 9.41 9.13 9.08 9.29 10.40 11.46 -9999 -9999 12.52 12.05 11.35 11.16
-9999 -9999 -9999 -9999 -9999 -9999 -9999 -9999 -9999 -9999 -9999 -9999 -9999 14.45 16.85 13.36 9.33 11.26 8.78 17.36 14.41 7.62 11.60 10.53 8.92 10.34 8.55 8.35 8.10 9.94 9.75 10.06 9.69 9.04 8.83 8.73 8.46 8.85 9.68 8.98 8.43 8.18 8.44 8.48 9.71 10.24 8.09 9.39 10.25 8.45 7.95 7.45 6.98 8.61 9.74 10.84 10.30 9.30 9.63 10.34 9.49 9.98 9.83 10.02 9.29 9.48 9.41 9.24 9.03 8.75 9.07 9.84 10.95 11.56 11.40 11.69 10.66 11.43
-9999 -9999 -9999 -9999 -9999 -9999 -9999 -9999 -9999 -9999 -9999 -9999 -9999 -9999 16.79 5.68 6.92 10.94 16.35 13.70 13.61 11.98 6.97 8.79 10.82 6.99 7.30 6.59 7.48 8.37 9.09 9.34 9.43 8.97 8.35 8.08 8.62 8.68 9.34 9.37 8.70 10.73 9.48 7.92 8.04 8.49 8.99 8.79 9.92 10.01 8.72 9.87 8.11 8.13 8.93 8.17 8.36 8.35 8.27 9.89 9.80 9.53 9.24 10.00 9.36 9.51 9.41 9.20 9.09 9.04 9.09 9.15 9.79 10.37 10.58 10.64 10.74 11.78
-9999 -9999 -9999 -9999 -9999 -9999 -9999 -9999 -9999 -9999 -9999 -9999 -9999 -9999 12.56 16.84 18.17 14.82 11.75 8.98 10.69 7.05 7.41 6.51 6.30 10.10 7.86 7.17 9.49 8.55 8.37 8.66 8.22 8.46 9.09 8.84 10.49 10.29 9.55 9.18 8.66 10.60 11.23 9.36 8.14 7.99 8.70 8.80 8.76 9.29 9.76 12.19 10.61 8.44 7.83 8.10 9.10 10.23 10.27 9.48 10.09 9.71 9.63 9.63 9.53 9.58 9.45 9.40 9.29 9.25 9.31 9.44 9.76 10.15 10.57 10.76 10.70 11.49
-9999 -9999 -9999 -9999 -9999 -9999 -9999 -9999 -9999 -9999 -9999 -9999 -9999 17.07 15.44 10.98 19.93 11.81 8.43 10.59 9.28 7.24 11.29 7.71 7.56 11.86 7.73 15.08 10.12 7.24 7.50 9.66 8.32 8.21 11.76 11.51 10.81 9.26 9.58 9.40 8.81 9.38 9.80 9.42 8.59 8.60 8.52 8.34 8.90 8.69 9.82 9.47 9.18 8.95 8.48 9.17 10.08 11.10 10.88 9.40 9.59 9.93 10.07 9.94 9.73 9.63 9.58 9.53 9.44 9.35 9.41 9.57 9.74 10.09 10.97 11.16 10.90 11.09
-9999 -9999 -9999 -9999 -9999 -9999 -9999 -9999 -9999 -9999 -9999 -9999 -9999 14.95 14.57 19.03 9.04 3.33 6.37 7.23 9.18 12.91 13.14 9.47 8.82 9.49 7.60 8.94 9.86 10.99 10.54 8.54 9.01 8.82 8.99 10.03 9.05 8.91 9.83 9.70 9.88 9.96 9.22 9.56 9.35 9.01 8.58 8.00 8.22 8.40 9.02 9.19 8.97 8.28 8.88 10.21 11.53 10.42 10.97 10.80 10.09 9.77 11.00 10.06 10.18 9.78 9.72 9.48 9.41 9.40 9.35 9.45 9.69 9.94 11.18 11.08 10.60 10.65
-9999 -9999 -9999 -9999 -9999 -9999 -9999 -9999 -9999 -9999 -9999 -9999 -9999 15.09 17.06 6.93 8.20 6.52 8.04 8.51 14.71 12.34 13.88 9.73 8.25 6.14 5.97 7.67 12.56 14.95 16.16 10.05 12.07 9.52 8.96 9.26 8.03 8.63 9.30 9.79 10.07 9.03 9.00 10.71 9.90 9.01 8.68 9.63 7.91 8.55 8.64 8.36 8.00 8.00 8.80 9.30 9.78 9.66 9.64 9.02 9.20 10.15 10.71 9.42 9.28 9.66 9.60 9.45 9.26 9.08 9.19 9.27 9.46 9.72 10.21 10.18 10.49 10.18
-9999 -9999 -9999 -9999 -9999 -9999 -9999 -9999 -9999 -9999 -9999 -9999 -9999 -9999 11.39 12.27 14.46 16.14 16.02 12.14 12.39 9.52 5.08 5.37 5.03 6.80 7.76 7.20 9.76 10.30 14.58 12.18 10.41 8.88 10.09 10.26 8.16 9.60 8.76 9.17 11.59 8.83 8.54 8.58 8.98 8.55 8.37 10.04 9.42 8.60 9.03 8.47 8.25 8.71 9.30 8.47 8.30 7.93 9.12 8.45 10.08 10.38 9.37 8.98 9.65 9.57 9.11 8.97 8.85 8.87 8.97 9.05 9.20 9.35 9.53 9.68 10.01 9.74
-9999 -9999 -9999 -9999 -9999 -9999 -9999 -9999 -9999 -9999 -9999 -9999 -9999 -9999 13.59 15.44 15.87 16.24 17.50 14.82 10.90 7.75 5.65 8.45 11.49 13.80 16.01 11.61 8.19 9.17 11.06 11.41 9.07 11.71 9.96 10.65 9.29 10.47 9.38 9.02 9.36 10.56 9.85 8.92 8.53 8.49 8.43 9.49 9.48 9.10 8.99 9.49 9.78 9.85 9.83 8.55 8.26 9.89 10.01 10.16 9.79 10.28 9.24 9.48 10.05 8.85 8.55 8.51 8.50 8.70 8.75 8.77 8.91 9.05 9.21 9.21 8.99 8.50
-9999 -9999 -9999 -9999 -9999 -9999 -9999 -9999 -9999 -9999 -9999 -9999 -9999 13.66 11.71 13.20 15.00 14.51 11.65 11.21 9.47 11.86 17.93 14.07 14.11 13.47 10.41 9.12 10.18 10.93 8.94 9.23 10.42 11.83 11.18 10.76 9.05 10.70 9.13 9.33 10.74 9.42 9.89 9.91 9.17 8.98 8.60 9.45 9.47 8.74 8.96 8.97 8.87 9.67 8.84 10.08 9.53 10.23 9.15 9.57 9.72 8.79 8.66 9.65 9.45 8.39 8.30 8.64 8.41 8.64 8.70 8.85 8.83 8.76 8.76 8.58 8.86 8.94
-9999 -9999 -9999 -9999 -9999 -9999 -9999 -9999 -9999 -9999 -9999 -9999 -9999 15.51 12.97 11.70 11.03 11.41 15.15 14.87 14.02 12.51 12.98 14.83 15.83 14.77 9.43 12.42 14.44 9.43 12.47 8.51 9.91 11.16 13.08 9.02 9.78 8.41 8.36 9.32 9.93 12.92 10.61 10.61 9.98 9.53 9.11 9.25 9.01 8.53 8.59 8.44 8.33 8.18 9.55 10.20 10.22 10.62 9.10 8.48 8.52 7.98 8.47 9.08 8.75 8.48 9.02 8.67 9.08 8.66 8.70 8.98 9.03 8.59 8.36 8.11 7.95 8.80
-9999 -9999 -9999 -9999 -9999 -9999 -9999 -9999 -9999 -9999 -9999 -9999 -9999 13.64 12.37 8.63 9.45 11.22 15.63 12.98 13.95 11.15 13.51 12.72 10.31 10.67 12.04 12.16 10.76 9.51 10.21 14.12 9.17 7.97 8.25 8.64 10.79 9.35 8.02 8.92 9.64 9.80 9.55 10.84 10.32 9.64 9.51 8.62 8.06 8.74 8.90 8.90 8.03 8.68 10.05 10.08 9.00 8.97 9.79 8.50 8.70 7.34 8.47 8.51 7.70 7.99 8.33 7.64 8.04 8.15 8.40 8.59 8.48 8.23 8.00 7.69 7.98 7.24
-9999 -9999 -9999 -9999 -9999 -9999 -9999 -9999 -9999 -9999 -9999 -9999 13.89 14.33 16.60 12.71 8.79 12.25 12.22 14.31 14.59 8.54 9.50 9.00 10.40 11.66 10.03 10.32 13.22 11.83 10.85 10.41 8.72 6.72 6.92 8.73 8.94 9.07 9.11 8.66 8.21 8.93 9.34 8.71 9.45 8.93 9.63 8.61 8.39 8.46 7.97 7.67 7.78 9.20 8.89 8.95 8.24 9.02 8.95 8.50 7.35 8.32 8.27 8.13 8.58 8.32 7.74 7.60 7.55 7.98 8.29 8.24 8.18 7.90 7.58 7.56 7.81 7.55
-9999 -9999 -9999 -9999 -9999 -9999 -9999 -9999 -9999 -9999 -9999 15.15 14.74 14.75 11.97 9.31 12.50 15.58 14.75 11.50 13.69 9.36 11.59 10.20 8.74 15.92 10.52 12.11 10.09 10.88 9.35 9.36 9.50 10.06 8.22 10.64 8.48 9.67 8.57 8.31 8.53 8.63 8.81 8.56 8.77 9.11 9.22 7.61 8.37 8.19 8.32 8.34 8.34 8.88 7.78 8.82 8.33 8.40 7.29 7.29 8.67 9.02 8.25 8.39 8.42 7.65 8.27 8.31 8.33 8.48 8.24 8.01 7.81 7.99 7.81 8.62 8.74 8.79
-9999 -9999 -9999 -9999 -9999 -9999 -9999 -9999 -9999 16.51 14.47 12.95 10.32 9.30 9.95 10.23 13.98 14.32 14.47 15.62 12.95 10.46 6.33 11.13 9.84 14.03 11.13 10.72 11.21 9.62 9.35 8.53 9.57 11.22 9.82 9.53 6.84 7.94 8.64 8.75 9.65 8.92 9.14 8.31 8.36 8.53 7.73 7.71 8.05 9.05 8.79 9.80 10.07 9.05 8.32 7.75 7.60 8.42 8.79 8.34 8.57 7.40 8.37 8.52 7.85 7.26 7.52 8.71 8.63 8.79 7.88 7.74 7.65 7.90 9.03 9.51 9.07 9.95
-9999 -9999 -9999 -9999 -9999 15.90 15.31 14.17 18.33 17.90 17.19 16.33 11.95 10.54 10.07 15.94 12.71 13.95 12.33 10.94 6.63 5.76 5.08 8.61 8.60 16.32 14.31 11.72 9.51 10.63 9.97 11.81 7.74 9.55 9.59 8.88 7.98 7.70 8.16 9.61 8.89 7.86 9.48 8.13 7.87 7.12 7.62 8.67 9.06 7.85 9.21 8.74 8.86 9.75 9.49 9.08 8.77 9.28 9.04 8.35 7.48 8.31 7.11 7.02 7.14 7.21 8.16 8.36 8.40 7.72 7.21 7.59 8.13 9.36 9.36 8.74 9.60 8.51
-9999 -9999 -9999 -9999 17.34 14.37 15.45 14.82 13.72 15.44 13.85 13.97 10.72 9.15 14.07 13.78 13.30 7.83 13.21 7.48 4.32 11.68 8.77 5.33 14.83 11.95 9.65 4.96 6.77 8.80 12.81 8.57 7.40 7.01 7.26 9.75 9.19 9.64 8.69 9.10 8.22 7.77 8.89 8.09 7.02 7.06 8.05 9.19 8.43 10.52 8.55 8.17 8.38 9.23 8.52 8.43 7.96 7.98 8.49 8.04 8.37 7.49 6.78 6.88 7.56 7.22 7.48 7.34 6.52 6.49 6.77 7.31 7.97 8.44 9.31 9.24 9.23 8.68
-9999 -9999 -9999 16.42 15.42 11.62 11.11 11.42 12.18 11.17 12.11 10.98 11.50 17.02 12.92 9.62 13.66 5.50 8.13 8.05 12.57 11.69 12.82 9.92 9.83 7.49 2.82 10.12 11.62 7.87 8.43 7.48 7.00 7.54 6.99 7.73 9.89 10.79 8.50 8.39 8.16 8.48 7.68 6.71 6.59 10.22 8.43 8.22 8.49 9.30 8.79 8.25 8.75 9.29 9.08 9.60 8.76 7.47 7.22 7.24 8.10 7.59 6.96 8.01 7.94 7.33 7.35 6.89 6.62 7.13 7.38 7.69 8.24 8.27 9.22 8.53 8.33 8.68
19.05 16.10 17.58 13.83 12.99 13.55 12.31 11.40 13.93 12.64 13.06 12.64 15.90 14.72 11.62 11.58 10.10 6.67 5.46 10.50 11.48 9.01 9.00 12.09 9.28 4.68 10.32 12.94 10.83 11.51 8.00 8.38 7.80 8.22 10.88 8.16 10.83 8.90 8.31 8.29 8.37 10.07 6.85 7.07 11.75 8.54 8.43 8.30 8.58 9.47 8.03 8.47 8.71 8.24 8.86 8.80 8.08 7.33 7.64 7.25 7.53 7.83 7.82 7.18 6.77 6.89 7.05 7.60 9.44 8.50 9.42 8.71 7.43 9.10 9.15 9.58 9.31 8.96
15.98 15.68 18.65 21.97 19.51 18.44 14.57 15.87 17.89 16.30 15.65 17.94 14.75 12.85 15.00 9.78 5.66 5.76 4.97 8.65 8.04 6.76 6.06 7.90 8.75 10.71 21.26 15.07 11.18 8.96 9.72 9.06 11.59 9.44 9.70 8.16 8.06 8.25 8.71 8.28 7.78 7.55 7.06 11.10 11.50 10.45 9.09 8.69 11.28 8.97 8.29 8.81 8.11 8.97 8.81 8.40 7.33 8.53 8.00 7.26 9.18 8.62 7.01 6.58 6.69 6.96 7.87 9.13 9.49 8.94 9.30 8.35 7.74 8.93 9.57 9.25 9.76 9.50
14.60 15.37 16.58 16.75 15.55 13.62 16.32 14.96 17.10 13.19 14.56 17.13 14.79 11.60 12.61 7.13 5.79 9.59 9.69 7.14 4.53 7.04 3.28 3.92 6.43 13.31 16.23 16.33 8.63 10.55 11.00 11.35 10.44 8.46 9.46 8.75 8.78 8.19 8.80 7.63 7.03 7.94 8.00 11.06 10.36 9.87 8.87 9.81 11.19 10.02 9.51 8.96 9.05 8.73 8.08 7.60 7.68 8.15 8.54 8.11 7.76 7.42 6.98 8.35 9.36 7.64 7.99 8.91 9.03 8.11 8.50 8.31 8.22 8.42 8.92 9.64 9.47 9.49
15.29 13.82 14.17 13.31 13.95 13.03 13.43 15.47 13.38 14.34 12.18 11.32 10.56 10.02 9.55 12.16 10.61 14.55 21.33 9.60 9.64 9.35 14.48 14.16 4.61 4.18 16.44 12.26 11.37 12.84 14.43 11.27 8.55 7.56 10.02 10.77 9.34 8.34 7.68 7.08 6.93 8.34 11.66 11.57 9.44 9.22 9.23 8.77 8.44 9.58 8.82 8.68 8.18 7.57 7.19 7.16 8.42 7.94 7.40 7.49 6.37 6.62 8.02 8.06 8.95 8.15 8.05 7.87 7.92 8.41 8.42 8.26 8.10 8.24 8.69 8.92 9.54 9.38
14.09 13.24 14.19 12.51 13.03 13.09 13.67 12.55 12.64 13.94 12.75 14.00 11.89 15.02 10.74 14.56 16.93 15.87 16.39 17.40 13.84 16.03 18.28 10.92 12.80 9.57 2.36 10.74 12.92 9.59 10.31 7.64 10.35 10.15 13.47 12.26 9.36 8.46 7.58 7.12 8.41 11.90 9.73 11.83 9.82 9.61 10.67 8.93 9.91 7.89 8.23 7.77 7.52 7.26 7.61 7.48 7.27 6.56 6.03 5.77 6.34 7.95 9.21 8.43 7.50 8.40 7.44 8.40 7.38 7.26 7.33 7.44 7.69 7.94 8.75 8.46 9.15 9.05
15.22 13.88 13.39 15.37 16.80 18.76 17.08 15.43 14.50 13.54 14.23 17.46 13.36 15.17 10.56 12.20 12.13 9.92 7.20 10.48 9.18 12.93 13.71 16.96 14.32 14.17 10.86 16.61 10.39 9.53 9.09 10.32 9.68 13.15 12.04 12.36 8.63 8.31 7.72 12.27 12.67 11.58 11.65 9.29 10.15 10.56 10.14 8.37 7.85 7.80 7.46 7.41 7.65 7.72 8.36 7.97 7.58 6.28 5.13 5.36 7.11 9.65 7.45 8.11 8.16 7.47 7.09 7.14 6.79 7.02 7.40 6.80 7.50 7.68 7.99 8.43 8.70 8.08
16.05 14.70 14.02 14.23 16.44 16.66 17.62 16.86 15.93 15.40 14.83 14.93 17.93 12.82 17.18 14.64 13.65 13.87 10.50 6.55 6.39 9.74 9.12 12.70 13.49 11.05 15.36 15.42 8.82 10.72 7.93 8.75 11.34 12.39 10.93 9.91 8.25 7.72 9.94 9.04 10.97 10.33 9.39 9.87 9.50 8.89 8.36 7.02 6.60 6.76 7.03 9.50 8.02 9.17 8.03 7.15 5.57 4.87 5.14 6.54 8.80 8.61 8.10 8.35 8.06 7.48 7.41 7.89 8.63 6.85 7.64 8.54 7.58 7.20 7.92 7.25 7.79 8.90
15.95 15.53 16.02 16.73 18.09 -9999 -9999 -9999 -9999 16.61 15.80 16.44 13.05 11.31 13.04 12.74 12.19 11.14 5.72 16.31 16.05 9.83 8.62 9.08 11.72 12.80 14.20 10.94 10.06 9.26 8.06 13.38 11.24 13.03 8.78 8.81 8.68 8.19 10.73 8.25 9.97 9.67 8.66 8.84 8.45 7.76 6.87 6.34 6.31 6.81 7.19 9.25 8.63 9.37 9.18 7.51 5.90 5.03 6.79 6.64 8.00 8.77 8.87 7.18 7.20 6.95 8.13 8.53 8.46 6.88 7.62 8.45 8.13 7.48 8.47 8.09 8.01 8.36
