ML/MeanWindSpeed_2000-12_Actual.txt
ncols         180
nrows         290
xllcorner     -200000
yllcorner     -200000
cellsize      5000
NODATA_value  -9999
[rows 140 to 174 of 290, columns 78 to 155 of 180]
-9999 -9999 -9999 14.98 -9999 -9999 -9999 14.00 13.83 11.83 11.67 13.29 -9999 -9999 14.60 12.48 14.93 16.22 -9999 -9999 -9999 -9999 -9999 11.86 9.87 6.91 6.77 5.79 6.56 6.98 8.14 9.17 7.87 10.63 12.91 13.18 10.01 11.87 12.79 13.50 10.95 12.04 12.73 11.88 9.79 9.88 10.79 8.27 8.68 10.80 12.65 -9999 -9999 -9999 -9999 -9999 -9999 -9999 -9999 -9999 -9999 -9999 -9999 -9999 -9999 -9999 -9999 -9999 -9999 -9999 -9999 -9999 -9999 -9999 -9999 -9999 -9999 -9999
-9999 -9999 -9999 15.14 14.92 -9999 -9999 -9999 14.12 14.29 13.71 14.40 -9999 -9999 -9999 -9999 15.16 -9999 -9999 -9999 -9999 -9999 -9999 10.37 8.98 7.89 8.10 7.61 7.49 7.53 8.20 8.25 8.60 9.82 13.13 13.53 8.48 14.28 13.90 15.17 11.51 11.81 14.31 12.21 10.88 10.46 9.04 7.79 8.94 10.78 12.21 -9999 -9999 -9999 -9999 -9999 -9999 -9999 -9999 -9999 -9999 -9999 -9999 -9999 -9999 -9999 -9999 -9999 -9999 -9999 -9999 -9999 -9999 -9999 -9999 -9999 -9999 -9999
-9999 -9999 -9999 -9999 16.69 -9999 -9999 -9999 -9999 14.43 15.39 15.21 -9999 -9999 -9999 -9999 -9999 -9999 -9999 -9999 -9999 -9999 11.68 10.04 9.83 9.68 9.66 10.32 9.78 9.18 9.36 8.99 9.72 9.76 11.74 17.77 16.04 14.57 14.33 11.70 10.81 11.26 9.79 8.45 11.34 11.86 8.79 8.42 9.82 10.91 11.96 13.19 -9999 -9999 -9999 -9999 -9999 -9999 -9999 -9999 -9999 -9999 -9999 -9999 -9999 -9999 -9999 -9999 -9999 -9999 -9999 -9999 -9999 -9999 -9999 -9999 -9999 -9999
-9999 -9999 -9999 -9999 18.10 -9999 -9999 -9999 -9999 -9999 -9999 -9999 -9999 -9999 -9999 -9999 -9999 -9999 -9999 -9999 -9999 -9999 10.96 8.63 7.60 7.20 7.31 15.36 11.25 9.39 11.91 8.94 10.64 7.66 9.54 16.02 19.08 13.83 11.68 16.65 18.90 17.07 14.18 12.80 9.04 10.04 9.81 10.95 10.30 10.32 11.64 12.83 13.64 -9999 -9999 -9999 -9999 -9999 -9999 -9999 -9999 -9999 -9999 -9999 -9999 -9999 -9999 -9999 -9999 -9999 -9999 -9999 -9999 -9999 -9999 -9999 -9999 -9999
-9999 -9999 -9999 -9999 -9999 -9999 -9999 -9999 -9999 -9999 -9999 -9999 -9999 -9999 -9999 -9999 -9999 -9999 -9999 -9999 -9999 11.39 9.61 7.69 6.70 10.41 6.14 20.02 17.32 8.50 9.94 8.46 8.20 9.09 7.89 10.64 20.28 18.40 15.14 13.19 12.24 14.87 14.47 13.36 11.53 10.49 10.21 9.90 9.72 10.47 10.27 10.59 11.66 -9999 -9999 -9999 -9999 -9999 -9999 -9999 -9999 -9999 -9999 -9999 -9999 -9999 -9999 -9999 -9999 -9999 -9999 -9999 -9999 -9999 -9999 -9999 -9999 -9999
-9999 -9999 -9999 -9999 -9999 -9999 -9999 -9999 -9999 -9999 -9999 -9999 -9999 -9999 -9999 -9999 -9999 -9999 -9999 -9999 -9999 10.31 10.26 6.88 8.40 16.84 9.72 6.68 12.19 12.75 9.80 8.72 8.39 8.25 7.93 9.66 12.79 21.66 17.07 14.52 12.06 11.97 12.11 10.50 10.51 10.55 11.60 10.01 10.73 9.71 9.66 9.28 9.76 10.48 10.96 11.31 -9999 -9999 -9999 -9999 -9999 -9999 -9999 -9999 -9999 -9999 -9999 -9999 -9999 -9999 -9999 -9999 -9999 -9999 -9999 -9999 -9999 -9999
-9999 -9999 -9999 -9999 -9999 -9999 -9999 -9999 -9999 -9999 -9999 -9999 -9999 -9999 -9999 -9999 -9999 -9999 -9999 -9999 -9999 10.51 9.56 8.79 12.45 7.85 8.39 10.35 15.62 11.59 8.85 12.48 6.69 9.70 8.63 9.16 9.77 13.22 14.46 13.23 11.97 11.24 8.96 9.37 9.17 9.05 9.14 9.64 9.44 9.57 8.81 8.62 8.78 11.80 9.71 11.08 12.22 12.28 -9999 -9999 -9999 -9999 -9999 -9999 -9999 -9999 -9999 -9999 -9999 -9999 -9999 -9999 -9999 -9999 -9999 -9999 -9999 -9999
-9999 -9999 -9999 -9999 -9999 -9999 -9999 -9999 -9999 -9999 -9999 -9999 -9999 -9999 -9999 -9999 -9999 -9999 -9999 -9999 -9999 10.86 10.44 11.46 17.61 18.77 13.22 9.27 12.25 13.70 15.52 9.51 13.01 10.85 9.40 9.50 9.73 8.19 8.49 13.24 12.18 11.03 10.24 9.35 8.97 9.35 9.60 9.11 9.33 9.04 8.34 8.60 8.45 8.94 11.50 10.99 11.10 12.70 12.99 11.21 -9999 -9999 -9999 -9999 -9999 -9999 -9999 -9999 -9999 -9999 -9999 -9999 -9999 -9999 -9999 -9999 -9999 -9999
-9999 -9999 -9999 -9999 -9999 -9999 -9999 -9999 -9999 -9999 -9999 -9999 -9999 -9999 -9999 -9999 -9999 -9999 -9999 -9999 -9999 11.45 10.24 13.15 14.78 9.42 21.67 18.09 11.63 14.78 11.93 15.68 16.11 11.45 8.92 9.43 9.99 7.68 15.94 14.37 14.01 14.37 14.56 13.40 9.68 10.96 9.85 9.49 9.45 9.17 8.81 8.06 7.23 7.90 10.59 9.33 8.72 9.65 11.39 9.65 13.42 -9999 -9999 -9999 -9999 -9999 -9999 -9999 -9999 -9999 -9999 -9999 -9999 -9999 -9999 -9999 -9999 -9999
-9999 -9999 -9999 -9999 -9999 -9999 -9999 -9999 -9999 13.29 13.74 15.42 -9999 -9999 -9999 -9999 -9999 -9999 -9999 -9999 -9999 -9999 11.70 10.73 8.98 11.02 13.19 16.64 10.51 8.07 14.13 13.48 12.16 10.47 12.26 12.10 10.01 10.10 13.59 13.87 17.78 16.23 13.46 12.58 12.99 11.19 9.97 9.65 9.39 9.58 8.90 7.91 12.63 11.56 15.05 15.39 13.91 12.61 9.41 12.23 13.02 12.65 -9999 -9999 -9999 -9999 -9999 -9999 -9999 -9999 -9999 -9999 -9999 -9999 -9999 -9999 -9999 -9999
-9999 -9999 -9999 -9999 -9999 -9999 -9999 -9999 -9999 9.98 10.71 -9999 -9999 -9999 -9999 -9999 -9999 -9999 -9999 -9999 -9999 -9999 -9999 10.96 7.36 11.95 12.84 20.91 11.86 12.20 11.65 9.80 9.05 9.19 8.73 17.40 10.14 10.79 16.33 13.94 10.72 9.99 14.86 10.17 13.04 10.77 9.53 9.11 9.29 9.33 10.05 12.16 13.04 12.32 12.09 11.50 12.65 13.67 12.71 12.55 12.04 14.93 -9999 -9999 -9999 -9999 -9999 -9999 -9999 -9999 -9999 -9999 -9999 -9999 -9999 -9999 -9999 -9999
-9999 -9999 -9999 -9999 -9999 -9999 -9999 -9999 11.13 12.91 13.05 13.97 -9999 -9999 -9999 -9999 -9999 -9999 -9999 -9999 -9999 -9999 -9999 11.69 12.27 13.16 13.60 10.72 12.51 10.09 9.96 9.45 8.55 10.48 8.92 6.60 16.07 11.36 10.37 14.30 12.10 15.01 11.62 11.68 9.94 9.74 9.33 9.46 8.98 9.16 10.98 12.21 10.87 11.85 13.26 12.86 13.41 13.02 13.02 13.02 11.06 14.53 13.72 -9999 -9999 -9999 -9999 -9999 -9999 -9999 -9999 -9999 -9999 -9999 -9999 -9999 -9999 -9999
-9999 -9999 -9999 -9999 -9999 -9999 -9999 11.43 15.12 16.04 20.01 14.01 -9999 -9999 -9999 -9999 -9999 -9999 -9999 -9999 -9999 -9999 -9999 12.88 16.80 13.44 8.53 10.34 9.89 10.38 8.71 8.22 9.14 10.70 8.25 14.62 10.74 14.40 10.87 15.69 9.43 10.74 8.25 10.74 8.95 9.40 9.81 8.78 8.97 9.10 9.95 13.34 13.43 12.49 11.28 11.64 11.37 11.57 11.86 13.41 12.98 12.29 13.38 -9999 -9999 -9999 -9999 -9999 -9999 -9999 -9999 -9999 -9999 -9999 -9999 -9999 -9999 -9999
-9999 -9999 -9999 -9999 -9999 -9999 14.23 12.50 19.12 15.42 15.44 -9999 -9999 -9999 -9999 -9999 -9999 -9999 -9999 -9999 -9999 -9999 -9999 -9999 12.58 10.09 8.59 11.42 8.77 11.20 9.40 8.78 8.44 10.15 8.69 15.15 14.44 15.67 14.47 15.11 15.16 14.92 12.44 11.61 11.78 10.85 8.96 8.96 9.30 9.66 9.97 10.78 15.31 13.29 10.21 9.55 9.66 9.49 9.57 9.32 9.45 9.14 10.42 12.82 14.33 -9999 -9999 -9999 -9999 -9999 -9999 -9999 -9999 -9999 -9999 -9999 -9999 -9999
-9999 -9999 -9999 -9999 -9999 -9999 17.43 18.46 13.89 14.25 14.91 -9999 -9999 -9999 -9999 -9999 -9999 -9999 -9999 -9999 -9999 -9999 -9999 -9999 -9999 10.86 10.54 9.92 9.04 10.74 10.29 10.08 9.11 10.15 8.21 14.82 13.85 13.12 15.11 13.14 12.54 17.33 16.44 11.64 13.41 11.80 11.13 9.40 9.46 9.83 9.82 10.13 10.96 10.99 9.94 9.60 9.34 9.27 8.83 8.58 8.77 9.01 12.36 13.21 13.42 -9999 -9999 -9999 -9999 -9999 -9999 -9999 -9999 -9999 -9999 -9999 -9999 -9999
-9999 -9999 -9999 -9999 -9999 -9999 18.57 16.55 17.13 16.08 -9999 -9999 -9999 -9999 -9999 -9999 -9999 -9999 -9999 -9999 -9999 -9999 -9999 -9999 -9999 11.91 11.44 10.78 -9999 11.27 -9999 10.43 8.48 7.11 6.36 7.11 13.66 13.51 13.73 17.38 10.14 11.06 17.01 14.19 12.77 12.46 11.05 9.73 9.40 9.25 9.14 9.67 10.08 10.89 11.80 10.24 10.72 9.36 8.19 9.41 11.04 10.64 10.26 10.66 13.02 15.75 17.06 -9999 -9999 -9999 -9999 -9999 -9999 -9999 -9999 -9999 -9999 -9999
-9999 -9999 -9999 -9999 -9999 18.44 17.21 16.67 -9999 -9999 -9999 -9999 -9999 -9999 -9999 -9999 -9999 -9999 -9999 -9999 -9999 -9999 -9999 -9999 -9999 13.32 12.06 11.04 -9999 -9999 -9999 10.48 10.15 5.82 6.63 8.61 8.44 9.30 11.62 16.32 16.32 10.17 14.59 16.05 12.10 13.42 11.93 10.60 8.71 8.98 8.92 9.26 9.61 9.99 10.32 10.13 10.57 8.97 9.02 10.39 11.77 12.35 12.31 11.45 11.69 13.62 15.77 -9999 -9999 -9999 -9999 -9999 -9999 -9999 -9999 -9999 -9999 -9999
-9999 -9999 -9999 -9999 -9999 -9999 -9999 -9999 -9999 -9999 -9999 -9999 -9999 -9999 -9999 -9999 -9999 -9999 -9999 -9999 -9999 -9999 -9999 -9999 -9999 -9999 -9999 -9999 -9999 -9999 11.98 10.15 9.05 10.07 10.86 11.88 12.34 11.15 11.98 15.31 14.84 12.58 10.18 13.43 14.39 12.27 10.93 9.94 9.34 9.29 9.64 9.22 9.19 9.40 9.45 9.51 9.23 10.17 12.68 10.79 11.80 11.17 11.41 10.47 11.65 13.45 -9999 -9999 -9999 -9999 -9999 -9999 -9999 -9999 -9999 -9999 -9999 -9999
-9999 -9999 -9999 -9999 -9999 -9999 -9999 -9999 -9999 -9999 -9999 -9999 -9999 -9999 -9999 -9999 -9999 -9999 -9999 -9999 -9999 -9999 -9999 -9999 -9999 -9999 -9999 -9999 -9999 -9999 11.38 10.03 10.87 12.70 15.71 14.46 10.90 12.51 9.63 10.72 9.94 11.84 12.80 13.26 13.16 12.73 11.10 10.50 10.05 9.26 9.57 9.00 8.96 9.09 9.26 9.37 9.21 9.92 13.97 12.68 10.67 10.46 10.37 10.21 11.52 13.72 -9999 -9999 -9999 -9999 -9999 -9999 -9999 -9999 -9999 -9999 -9999 -9999
-9999 -9999 -9999 -9999 -9999 -9999 -9999 -9999 -9999 -9999 -9999 -9999 -9999 -9999 -9999 -9999 -9999 -9999 -9999 -9999 -9999 -9999 -9999 -9999 -9999 -9999 -9999 -9999 -9999 -9999 10.26 9.25 9.56 12.31 13.49 13.00 11.95 10.83 9.49 10.67 9.29 8.93 10.37 8.70 13.22 11.59 12.42 10.71 10.23 8.87 8.70 8.86 8.81 8.92 8.96 9.16 9.33 9.48 11.78 12.27 10.82 10.15 10.32 10.17 11.24 13.22 -9999 -9999 -9999 -9999 -9999 -9999 -9999 -9999 -9999 -9999 -9999 -9999
-9999 -9999 -9999 -9999 -9999 -9999 -9999 -9999 -9999 -9999 -9999 -9999 -9999 -9999 -9999 -9999 -9999 -9999 -9999 -9999 -9999 -9999 -9999 -9999 -9999 -9999 -9999 -9999 13.01 10.97 9.31 9.05 11.90 13.64 16.79 12.83 14.61 8.65 9.81 9.70 10.19 10.77 10.88 13.22 9.65 9.80 9.62 9.46 8.72 9.46 8.41 8.43 8.88 8.63 8.74 9.06 9.14 9.49 10.08 11.78 10.55 9.70 9.94 10.11 10.67 12.41 14.40 -9999 -9999 -9999 -9999 -9999 -9999 -9999 -9999 -9999 -9999 -9999
-9999 -9999 -9999 -9999 -9999 -9999 -9999 -9999 -9999 -9999 -9999 -9999 -9999 -9999 -9999 -9999 -9999 -9999 -9999 -9999 -9999 -9999 -9999 -9999 -9999 -9999 -9999 -9999 12.11 9.82 8.84 8.67 9.52 12.96 10.30 10.13 8.60 10.01 13.27 10.29 10.98 10.39 11.90 8.13 12.80 10.53 11.86 11.50 11.24 9.47 8.71 8.37 8.38 8.43 8.66 8.87 9.11 9.31 9.66 10.29 11.04 10.03 9.86 10.16 10.30 11.53 13.57 -9999 -9999 -9999 -9999 -9999 -9999 -9999 -9999 -9999 -9999 -9999
-9999 -9999 -9999 -9999 -9999 -9999 -9999 -9999 -9999 -9999 -9999 -9999 -9999 -9999 -9999 -9999 -9999 -9999 -9999 -9999 -9999 -9999 -9999 -9999 -9999 -9999 -9999 -9999 12.15 9.75 9.07 8.87 9.45 10.28 10.19 9.14 8.07 9.40 10.13 9.49 11.16 13.62 10.80 10.25 9.01 11.02 9.13 9.74 10.38 10.49 9.15 8.76 8.36 8.37 8.64 8.89 9.12 9.35 9.67 10.10 11.06 11.50 10.43 10.11 10.30 10.82 12.25 14.14 -9999 -9999 -9999 -9999 -9999 -9999 -9999 -9999 -9999 -9999
-9999 -9999 -9999 -9999 -9999 -9999 -9999 -9999 -9999 -9999 -9999 -9999 -9999 -9999 -9999 -9999 -9999 -9999 -9999 -9999 -9999 -9999 -9999 -9999 -9999 -9999 -9999 -9999 11.86 9.95 9.43 9.44 9.33 9.19 8.42 8.90 9.99 7.94 8.56 9.47 14.56 14.46 15.32 13.81 11.61 11.06 11.37 9.65 8.92 9.87 9.92 8.68 8.33 8.47 8.54 8.91 9.28 9.62 9.87 10.13 11.74 12.82 11.41 10.98 11.05 10.81 11.18 12.86 14.66 -9999 -9999 -9999 -9999 -9999 -9999 -9999 -9999 -9999
-9999 -9999 -9999 -9999 -9999 -9999 -9999 -9999 -9999 -9999 -9999 -9999 -9999 -9999 -9999 -9999 -9999 -9999 -9999 -9999 -9999 -9999 -9999 -9999 -9999 -9999 -9999 -9999 11.80 9.72 9.26 9.15 8.94 8.47 8.52 7.81 9.57 10.77 12.67 14.02 15.33 11.89 13.58 12.19 12.26 10.62 11.67 10.80 9.87 8.88 8.36 8.44 8.30 8.58 8.84 9.24 9.53 9.92 10.27 10.43 10.99 12.08 11.57 11.19 11.46 11.58 11.37 11.56 13.46 -9999 -9999 -9999 -9999 -9999 -9999 -9999 -9999 -9999
-9999 -9999 -9999 -9999 -9999 -9999 -9999 -9999 -9999 -9999 -9999 -9999 -9999 -9999 -9999 -9999 -9999 -9999 -9999 -9999 -9999 -9999 -9999 -9999 -9999 -9999 -9999 -9999 -9999 9.71 9.29 9.00 8.59 9.22 11.02 11.02 12.35 11.66 11.36 13.69 13.25 13.70 12.33 10.37 9.21 9.87 9.50 10.82 9.89 9.35 9.60 9.11 8.51 8.99 9.12 9.49 9.65 10.01 10.40 10.63 11.03 11.07 11.15 11.33 11.77 -9999 12.03 12.49 13.61 15.62 -9999 -9999 -9999 -9999 -9999 -9999 -9999 -9999
-9999 -9999 -9999 -9999 -9999 -9999 -9999 -9999 -9999 -9999 -9999 -9999 -9999 -9999 -9999 -9999 -9999 -9999 -9999 -9999 -9999 -9999 -9999 -9999 -9999 -9999 -9999 -9999 11.47 9.51 8.98 8.35 8.37 9.17 13.35 13.91 12.21 15.48 14.99 13.31 12.52 15.90 12.90 12.87 10.68 8.84 11.05 9.99 9.42 9.99 9.83 9.03 9.17 9.15 9.30 9.50 9.82 9.91 10.09 11.67 11.06 10.51 11.88 10.92 11.12 11.44 -9999 13.23 14.31 15.98 17.26 -9999 -9999 -9999 -9999 -9999 -9999 -9999
-9999 -9999 -9999 -9999 -9999 -9999 -9999 -9999 -9999 -9999 -9999 -9999 -9999 -9999 -9999 -9999 -9999 -9999 -9999 -9999 -9999 -9999 -9999 -9999 -9999 -9999 -9999 -9999 11.15 9.30 8.90 8.36 10.25 9.82 11.26 14.49 11.38 11.98 12.61 11.18 10.96 14.16 12.23 11.72 8.82 11.05 12.50 10.50 11.71 10.75 11.02 10.23 9.55 9.26 9.34 9.49 9.60 9.58 9.61 9.80 10.31 9.52 9.93 10.46 9.69 10.80 11.80 -9999 -9999 -9999 -9999 -9999 -9999 -9999 -9999 -9999 -9999 -9999
-9999 -9999 -9999 -9999 -9999 -9999 -9999 -9999 -9999 -9999 -9999 -9999 -9999 -9999 -9999 -9999 -9999 -9999 -9999 -9999 -9999 -9999 -9999 -9999 -9999 -9999 -9999 13.19 10.46 9.10 9.86 9.34 9.69 9.72 11.25 11.78 11.26 11.11 11.05 11.05 11.58 14.29 15.92 15.21 10.26 13.11 12.96 11.00 11.61 10.66 10.98 10.53 9.39 9.02 9.45 9.50 9.51 9.67 9.56 9.67 9.70 9.71 9.79 11.07 9.95 9.86 10.57 12.34 14.29 -9999 -9999 -9999 -9999 -9999 -9999 -9999 -9999 -9999
-9999 -9999 -9999 -9999 -9999 -9999 -9999 -9999 -9999 -9999 -9999 -9999 -9999 -9999 -9999 -9999 -9999 -9999 -9999 -9999 -9999 -9999 -9999 -9999 -9999 -9999 -9999 -9999 10.58 9.16 9.16 9.52 11.62 9.82 9.94 10.15 10.66 11.05 10.73 10.74 11.02 11.39 14.96 15.18 15.90 13.51 14.05 13.46 12.64 13.10 10.41 9.43 9.68 8.96 9.23 9.27 9.29 9.60 9.53 9.52 9.72 9.50 9.50 9.65 11.63 10.12 9.67 10.45 12.07 13.83 15.61 -9999 -9999 -9999 -9999 -9999 -9999 -9999
-9999 -9999 -9999 -9999 -9999 -9999 -9999 -9999 -9999 -9999 -9999 -9999 -9999 -9999 -9999 -9999 -9999 -9999 -9999 -9999 -9999 -9999 -9999 -9999 -9999 -9999 -9999 -9999 10.43 9.62 9.17 9.45 9.82 10.06 9.86 9.52 9.79 9.58 9.52 9.88 10.37 11.39 10.87 15.24 18.11 19.03 16.05 14.26 13.98 12.51 12.23 9.98 10.26 9.16 9.33 9.24 9.23 9.36 9.49 9.75 9.67 9.46 9.40 9.99 11.93 10.82 10.65 9.60 10.26 11.85 13.80 -9999 -9999 -9999 -9999 -9999 -9999 -9999
-9999 -9999 -9999 -9999 -9999 -9999 -9999 -9999 16.52 15.05 15.27 16.52 -9999 -9999 -9999 -9999 -9999 -9999 -9999 -9999 -9999 -9999 -9999 -9999 -9999 -9999 -9999 10.97 9.71 10.22 9.57 10.46 10.05 9.37 9.20 9.38 9.37 9.49 9.41 9.66 9.71 10.12 13.75 16.36 16.91 14.87 17.47 15.80 12.74 12.83 10.50 12.14 11.13 9.49 9.45 9.28 9.19 9.30 9.51 9.67 9.92 9.64 9.31 9.66 10.26 11.86 11.18 11.40 9.72 10.05 12.08 14.28 -9999 -9999 -9999 -9999 -9999 -9999
-9999 -9999 -9999 -9999 -9999 -9999 -9999 -9999 15.64 14.06 13.56 14.26 -9999 -9999 -9999 -9999 -9999 -9999 -9999 -9999 -9999 -9999 -9999 -9999 -9999 -9999 10.91 10.55 9.56 10.05 11.32 9.96 9.78 8.99 9.11 9.48 9.42 9.64 9.76 9.20 8.85 8.83 10.93 17.56 18.52 14.66 16.11 15.06 14.68 11.82 10.53 11.21 11.01 9.89 9.01 9.01 9.12 9.63 9.66 9.60 9.65 9.92 9.49 9.81 10.15 11.85 11.49 10.98 9.83 9.90 10.82 13.17 -9999 -9999 -9999 -9999 -9999 -9999
-9999 -9999 -9999 -9999 -9999 -9999 19.54 15.88 13.71 13.49 12.95 14.00 13.34 14.38 14.79 -9999 -9999 13.80 11.56 -9999 -9999 -9999 10.74 11.47 9.99 -9999 8.11 10.54 9.86 9.56 10.27 9.75 9.77 9.84 10.67 10.40 10.48 9.52 10.00 9.37 8.98 12.04 9.29 12.55 16.48 11.99 13.99 18.36 12.31 14.17 11.40 10.98 10.59 9.77 9.40 9.34 9.22 9.63 9.36 9.58 9.42 10.08 9.42 9.66 10.14 10.74 11.32 11.85 11.09 10.01 9.99 12.02 14.51 -9999 -9999 -9999 -9999 -9999
-9999 -9999 -9999 -9999 -9999 -9999 -9999 16.46 14.41 13.27 12.59 12.61 13.00 13.73 10.07 -9999 7.46 10.76 11.47 9.68 10.63 7.70 7.55 11.93 10.79 8.78 -9999 7.92 9.99 10.15 9.58 9.48 9.93 9.19 9.44 9.77 9.81 10.05 9.90 10.49 9.74 12.47 12.89 13.35 14.37 14.13 16.64 16.10 13.43 11.34 10.40 11.39 11.05 9.41 9.83 9.23 9.58 9.85 9.43 9.48 9.33 10.07 9.43 9.66 10.08 10.25 11.06 11.47 11.89 10.93 10.22 11.19 13.53 -9999 -9999 -9999 -9999 -9999
