ML/MeanWindSpeed_1998-06_Actual.txt
ncols         180
nrows         290
xllcorner     -200000
yllcorner     -200000
cellsize      5000
NODATA_value  -9999
[rows 175 to 209 of 290, columns 79 to 157 of 180]
-9999 -9999 -9999 -9999 -9999 -9999 -9999 13.48 12.77 12.00 11.32 10.73 9.06 7.92 12.29 17.78 10.00 11.94 11.24 10.36 8.90 7.08 7.53 9.12 10.02 8.23 6.68 7.17 8.07 7.64 7.80 8.69 7.93 7.54 7.16 7.19 7.19 6.97 6.92 6.90 10.81 11.41 10.02 10.43 8.98 8.75 9.82 9.61 8.03 7.64 8.33 7.74 7.31 7.83 7.53 8.32 7.93 7.82 7.64 7.57 8.53 7.73 7.70 7.87 7.86 8.31 8.73 8.84 9.06 9.39 8.48 9.84 11.50 -9999 -9999 -9999 -9999 -9999 -9999
-9999 -9999 -9999 -9999 -9999 -9999 -9999 -9999 14.25 12.21 10.64 8.99 8.33 9.75 20.53 15.30 8.79 12.64 8.55 10.68 10.29 7.59 6.44 11.41 8.94 8.88 7.77 6.94 7.26 7.41 6.90 7.69 8.07 7.81 7.45 7.06 7.15 6.82 6.53 8.10 9.27 12.05 10.30 11.03 10.30 7.12 8.96 10.36 7.96 7.78 8.04 7.35 7.29 7.57 7.55 8.46 7.92 7.78 7.97 7.81 8.34 8.20 7.92 7.95 8.00 8.22 8.74 9.71 8.92 8.39 8.44 9.58 11.28 -9999 -9999 -9999 -9999 -9999 -9999
-9999 -9999 -9999 -9999 -9999 -9999 -9999 -9999 -9999 12.22 9.91 9.53 10.88 18.95 21.03 15.52 12.17 11.44 11.27 11.76 11.63 11.15 8.12 7.38 11.05 8.37 7.69 7.64 7.14 7.17 7.18 7.26 7.72 7.42 7.05 7.10 7.01 6.76 6.93 7.92 9.78 10.61 8.91 9.27 10.62 8.91 6.88 10.12 7.90 7.62 7.87 7.14 7.21 7.26 7.84 8.52 8.10 7.97 8.05 7.70 8.75 8.32 8.17 8.22 8.24 8.56 8.58 8.65 8.41 8.33 8.58 9.95 11.49 -9999 -9999 -9999 -9999 -9999 -9999
-9999 -9999 -9999 -9999 -9999 -9999 -9999 -9999 -9999 11.37 10.12 11.86 13.98 16.06 18.80 12.74 9.68 11.19 12.63 12.40 12.82 11.24 8.57 6.39 11.17 10.33 8.46 8.28 7.14 7.03 7.25 7.99 7.77 7.49 7.20 6.72 6.46 6.72 8.31 8.39 7.29 11.06 9.08 9.64 10.97 10.54 8.71 7.93 7.31 6.29 7.32 7.75 7.00 7.07 7.23 7.96 7.94 8.28 8.21 8.03 8.41 9.02 8.79 8.79 8.60 8.59 8.50 8.35 8.31 8.69 9.51 10.79 -9999 -9999 -9999 -9999 -9999 -9999 -9999
-9999 -9999 -9999 -9999 -9999 -9999 -9999 -9999 -9999 10.57 10.76 12.13 12.54 16.88 15.42 11.87 11.76 9.88 10.74 12.61 11.25 13.01 10.27 6.83 10.35 11.10 10.63 8.31 7.62 6.94 7.60 8.49 8.22 7.53 6.96 6.52 6.68 7.80 8.19 7.10 7.15 9.71 9.54 9.43 9.39 8.66 8.50 8.91 6.21 6.75 6.96 6.71 7.02 6.81 7.78 7.46 7.92 8.31 8.40 8.65 10.24 9.70 9.26 8.97 8.86 8.70 8.55 8.45 8.56 9.46 10.66 -9999 -9999 -9999 -9999 -9999 -9999 -9999 -9999
-9999 -9999 -9999 -9999 -9999 -9999 -9999 -9999 11.53 17.27 11.89 13.23 15.06 11.71 19.10 16.35 14.19 12.26 14.12 11.44 11.47 9.94 7.68 8.42 11.77 10.79 10.57 8.32 7.38 6.83 8.12 8.35 7.94 7.54 6.81 6.56 7.59 7.51 7.26 8.02 8.80 7.44 11.02 10.35 8.13 8.60 7.87 7.11 6.82 6.06 6.11 6.33 7.09 6.79 6.64 8.14 7.89 8.24 8.61 9.01 10.27 9.68 9.29 9.16 8.86 8.73 8.48 8.41 9.20 10.36 -9999 -9999 -9999 -9999 -9999 -9999 -9999 11.72 -9999
-9999 -9999 -9999 -9999 -9999 -9999 11.68 11.42 14.33 13.02 11.51 12.27 13.35 9.83 10.96 12.61 14.41 13.30 14.20 12.19 11.47 6.61 8.05 8.22 6.93 7.90 7.88 8.59 7.85 7.38 8.31 8.62 8.42 7.65 7.35 7.95 7.35 7.87 7.25 8.35 8.85 8.76 8.19 7.60 8.84 8.38 7.78 7.46 7.14 6.79 5.83 6.55 6.40 5.98 6.50 7.31 7.77 8.23 8.36 8.97 10.14 9.57 9.06 9.06 8.75 8.58 8.39 8.69 9.67 -9999 -9999 -9999 -9999 -9999 11.59 11.20 10.79 10.25 10.30
-9999 -9999 -9999 -9999 -9999 11.64 11.46 11.57 12.07 12.01 11.95 11.38 9.67 8.15 9.63 11.37 12.45 17.07 10.31 7.68 6.73 4.36 9.52 11.09 11.05 8.95 8.26 8.78 8.60 8.34 8.73 9.22 8.71 8.26 7.91 8.12 8.25 7.18 7.19 8.57 8.66 8.35 8.01 8.06 8.32 7.47 7.70 6.72 6.51 6.81 6.30 5.91 5.59 5.94 6.97 7.17 7.56 8.00 8.36 8.84 10.24 9.72 9.03 8.79 8.57 8.45 8.35 8.66 9.47 -9999 -9999 -9999 -9999 -9999 10.57 9.90 9.58 9.18 9.11
-9999 -9999 -9999 -9999 12.15 12.67 12.03 12.13 -9999 -9999 -9999 -9999 9.80 13.21 11.73 12.02 13.23 10.41 7.61 8.96 7.81 6.56 14.08 12.82 11.11 11.82 9.73 8.37 8.86 9.05 8.82 8.97 8.88 8.49 8.59 7.86 8.61 7.45 7.34 7.81 8.22 8.38 8.23 7.43 7.49 7.42 7.18 6.57 6.22 5.94 5.83 5.80 6.05 6.63 6.94 7.22 8.05 8.71 8.95 9.05 9.81 9.58 9.34 8.65 8.47 8.34 8.21 8.33 8.99 10.18 -9999 -9999 -9999 -9999 9.78 9.14 8.88 8.81 8.79
-9999 -9999 -9999 -9999 13.27 14.43 12.05 12.61 -9999 -9999 -9999 -9999 10.09 12.05 13.36 9.34 12.33 10.53 8.76 10.12 11.04 8.62 12.10 7.47 8.96 9.55 9.04 8.38 8.71 9.11 9.06 9.25 9.63 8.77 9.01 8.43 8.18 8.38 7.52 7.75 7.20 7.84 8.62 8.89 8.78 7.49 6.85 6.51 6.26 6.45 5.94 6.25 6.84 7.25 8.11 7.91 9.62 9.82 10.04 9.40 9.70 9.50 9.21 8.52 8.45 8.32 8.15 8.12 8.27 9.04 9.78 -9999 -9999 10.13 9.66 9.24 9.28 8.89 8.61
-9999 -9999 -9999 -9999 -9999 -9999 -9999 -9999 -9999 -9999 -9999 -9999 10.86 13.72 11.75 8.52 9.83 7.74 11.81 10.21 6.57 9.49 9.37 8.34 9.20 8.29 8.00 7.72 8.99 9.06 9.39 9.21 8.85 8.66 8.45 8.11 8.07 8.30 7.71 7.49 7.55 7.72 7.61 8.35 8.52 7.00 7.83 8.38 7.27 7.03 6.64 6.19 7.25 8.25 9.20 9.15 9.02 9.63 10.32 9.89 10.08 9.59 9.24 8.43 8.41 8.34 8.23 8.10 7.91 8.12 8.64 9.35 9.65 9.34 9.33 8.73 9.34 9.25 9.15
-9999 -9999 -9999 -9999 -9999 -9999 -9999 -9999 -9999 -9999 -9999 -9999 -9999 13.82 7.11 6.97 9.52 12.20 10.14 10.54 9.82 6.74 7.74 8.92 6.64 7.06 6.82 7.36 8.09 8.76 9.02 9.12 8.85 8.39 8.10 8.23 8.03 8.26 7.97 7.54 9.04 8.43 7.53 7.52 7.55 7.58 7.38 8.10 8.15 7.55 8.34 7.21 7.33 8.13 7.98 8.47 8.91 9.15 10.30 10.27 9.92 9.21 9.13 8.39 8.38 8.31 8.19 8.13 8.11 8.13 8.14 8.49 8.74 8.75 8.68 8.76 9.52 9.39 9.05
-9999 -9999 -9999 -9999 -9999 -9999 -9999 -9999 -9999 -9999 -9999 -9999 -9999 10.56 13.33 13.60 11.49 9.57 7.94 9.08 6.93 6.89 5.98 5.80 7.99 6.70 6.74 8.49 8.33 8.46 8.64 8.28 8.28 8.60 8.36 9.20 8.98 8.49 7.96 7.50 8.93 9.49 8.38 7.58 7.33 7.55 7.56 7.58 7.81 8.25 9.94 8.96 7.72 7.61 8.04 9.00 10.08 10.36 10.10 10.51 9.92 9.02 8.57 8.31 8.35 8.30 8.32 8.27 8.25 8.27 8.32 8.43 8.56 8.76 8.77 8.67 9.32 9.31 9.69
-9999 -9999 -9999 -9999 -9999 -9999 -9999 -9999 -9999 -9999 -9999 -9999 12.33 11.67 9.33 15.06 9.97 7.65 8.76 8.10 6.74 8.96 6.58 6.50 8.82 6.37 11.38 8.86 7.48 7.90 9.22 8.19 7.96 10.15 9.95 9.34 8.32 8.46 8.21 7.79 8.37 8.75 8.38 7.75 7.58 7.46 7.46 7.84 7.74 8.63 8.60 8.26 7.97 7.84 8.51 9.42 10.41 10.56 9.86 9.88 9.29 8.73 8.47 8.29 8.29 8.35 8.38 8.36 8.30 8.33 8.39 8.37 8.49 8.99 9.01 8.80 9.03 9.34 8.88
-9999 -9999 -9999 -9999 -9999 -9999 -9999 -9999 -9999 -9999 -9999 -9999 11.03 11.48 15.00 9.24 5.34 6.51 6.48 7.85 9.96 9.76 7.56 7.37 7.69 6.50 7.57 8.55 9.58 9.49 8.28 8.43 8.34 8.69 9.31 8.44 8.17 8.61 8.40 8.54 8.83 8.50 8.56 8.18 7.81 7.57 7.32 7.45 7.68 8.37 8.70 8.32 7.58 7.98 9.11 10.32 9.99 10.51 10.34 9.55 8.71 9.15 8.47 8.55 8.37 8.42 8.35 8.35 8.34 8.29 8.30 8.34 8.42 9.15 9.03 8.67 8.79 9.25 9.04
-9999 -9999 -9999 -9999 -9999 -9999 -9999 -9999 -9999 -9999 -9999 -9999 11.53 12.94 7.10 7.73 6.26 6.97 7.29 11.40 9.93 10.83 8.30 7.52 6.24 5.70 6.89 9.96 11.64 12.64 8.86 10.05 8.77 8.87 9.01 7.88 7.96 8.28 8.54 8.73 8.23 8.30 9.29 8.58 7.75 7.55 8.30 7.27 7.77 8.09 8.03 7.68 7.52 8.13 8.80 9.40 9.60 9.56 8.91 8.69 8.90 9.02 8.15 8.07 8.34 8.37 8.35 8.26 8.14 8.18 8.21 8.26 8.36 8.66 8.58 8.70 8.59 8.90 8.82
-9999 -9999 -9999 -9999 -9999 -9999 -9999 -9999 -9999 -9999 -9999 -9999 -9999 8.44 9.07 10.11 11.22 11.62 9.82 10.29 8.76 6.20 6.01 5.63 6.62 7.05 6.88 8.53 9.30 12.01 10.19 9.12 8.48 9.58 9.50 7.86 8.54 7.92 8.18 9.81 8.29 8.14 8.13 8.21 7.48 7.25 8.48 8.12 7.73 8.18 7.88 7.69 7.99 8.67 8.51 8.64 8.45 9.01 8.40 9.18 9.13 8.33 8.06 8.46 8.41 8.16 8.12 8.04 8.04 8.08 8.11 8.16 8.21 8.29 8.34 8.49 8.39 8.33 8.49
-9999 -9999 -9999 -9999 -9999 -9999 -9999 -9999 -9999 -9999 -9999 -9999 -9999 9.19 9.90 10.43 11.56 13.31 12.20 9.52 7.37 6.03 7.37 9.11 10.68 12.25 9.87 8.41 9.32 10.42 9.97 8.34 10.43 9.61 9.64 8.49 9.14 8.32 8.07 8.48 9.35 8.98 8.47 8.12 7.60 7.24 8.21 8.18 7.94 8.01 8.32 8.48 8.67 8.99 8.45 8.34 9.33 9.38 9.33 9.04 9.18 8.37 8.51 8.88 8.12 7.94 7.92 7.89 7.98 7.98 7.97 8.02 8.07 8.12 8.08 7.94 7.73 7.62 7.87
-9999 -9999 -9999 -9999 -9999 -9999 -9999 -9999 -9999 -9999 -9999 -9999 9.66 7.88 8.76 10.74 11.34 10.36 10.03 8.35 9.17 12.76 10.49 10.74 10.75 9.33 8.74 9.56 10.30 9.14 8.61 9.22 10.52 10.29 9.74 8.42 9.36 8.13 8.14 9.28 8.65 8.91 8.96 8.48 8.24 7.72 8.42 8.37 7.80 8.02 8.05 8.00 8.64 8.35 9.22 8.85 9.38 8.80 9.08 9.19 8.48 8.25 8.87 8.76 7.98 7.87 8.07 7.88 7.99 7.98 8.05 8.01 7.94 7.90 7.73 7.93 8.07 8.03 7.47
-9999 -9999 -9999 -9999 -9999 -9999 -9999 -9999 -9999 -9999 -9999 -9999 10.99 9.07 8.33 8.38 9.69 12.47 11.88 10.73 9.48 10.11 11.50 12.50 12.34 9.36 11.22 12.19 9.16 11.02 8.06 8.85 10.31 11.68 8.88 9.10 8.16 7.72 8.01 8.64 10.74 9.38 9.30 8.88 8.55 8.32 8.47 8.21 7.80 7.91 7.87 7.80 7.80 8.84 9.28 9.29 9.74 8.93 8.62 8.63 8.26 8.50 8.89 8.64 8.23 8.42 8.19 8.37 8.04 8.02 8.18 8.16 7.87 7.69 7.48 7.41 8.00 8.03 8.06
-9999 -9999 -9999 -9999 -9999 -9999 -9999 -9999 -9999 -9999 -9999 -9999 9.71 8.70 6.30 7.25 9.29 12.60 10.92 11.10 9.28 11.18 10.87 9.70 10.21 11.01 11.10 9.98 9.03 9.52 11.63 8.78 8.76 8.87 8.82 9.94 8.85 7.74 7.99 8.63 8.98 8.80 9.51 9.13 8.70 8.68 8.15 7.65 7.99 8.12 8.18 7.68 8.19 9.26 9.34 8.69 8.85 9.48 8.71 8.88 8.09 8.79 8.91 8.32 8.23 8.30 7.77 7.89 7.83 7.90 7.97 7.85 7.68 7.52 7.33 7.53 7.15 7.46 7.69
-9999 -9999 -9999 -9999 -9999 -9999 -9999 -9999 -9999 -9999 -9999 9.76 10.05 11.27 8.73 6.80 9.76 10.67 12.12 12.04 8.25 8.97 8.43 9.61 10.87 9.78 9.94 11.58 10.40 9.82 9.47 8.61 7.98 8.18 8.96 8.94 8.70 8.44 8.05 7.99 8.65 8.87 8.39 8.74 8.43 8.84 8.14 7.89 7.89 7.56 7.42 7.61 8.59 8.63 8.79 8.32 8.97 9.05 8.75 8.15 8.80 8.84 8.84 8.97 8.62 8.14 7.91 7.70 7.79 7.86 7.76 7.63 7.41 7.21 7.23 7.48 7.42 7.50 7.75
-9999 -9999 -9999 -9999 -9999 -9999 -9999 -9999 -9999 -9999 11.18 10.54 10.65 8.73 6.90 9.14 11.74 12.02 10.29 11.66 8.68 9.92 8.81 8.42 13.56 10.26 11.18 9.79 9.94 8.86 8.70 8.85 9.63 8.74 10.19 8.86 9.16 8.11 7.90 8.08 8.40 8.61 8.35 8.47 8.68 8.69 7.54 7.87 7.71 7.77 7.83 8.03 8.54 8.05 8.73 8.38 8.61 8.05 8.05 8.98 9.29 8.91 9.02 8.89 8.18 8.38 8.26 8.13 8.06 7.78 7.53 7.27 7.32 7.23 7.75 7.96 8.12 8.18 7.70
-9999 -9999 -9999 -9999 -9999 -9999 -9999 -9999 13.23 11.57 10.12 8.36 7.70 7.72 7.61 10.06 11.02 11.87 12.84 11.13 9.14 6.47 9.13 8.91 12.42 10.72 10.29 10.46 9.28 8.91 8.17 9.02 10.41 9.78 9.75 8.02 8.23 8.17 8.16 8.67 8.43 8.70 8.15 8.22 8.34 7.75 7.53 7.65 8.19 7.98 8.63 9.06 8.66 8.28 7.95 7.82 8.47 8.89 8.71 8.98 8.35 9.01 9.09 8.52 7.90 7.87 8.45 8.25 8.20 7.50 7.23 7.00 7.15 7.91 8.27 8.15 8.83 8.70 8.55
-9999 -9999 -9999 -9999 13.42 12.72 11.64 13.98 13.63 13.15 12.48 9.76 8.59 7.80 11.35 9.81 11.29 11.00 10.40 7.64 6.54 5.42 7.43 8.08 13.86 12.74 10.85 9.26 9.70 9.21 10.48 8.42 9.86 10.03 9.59 8.78 8.09 7.90 8.68 8.24 7.77 8.87 8.02 7.85 7.42 7.64 8.03 8.28 7.57 8.32 8.06 8.34 9.01 8.83 8.58 8.39 8.85 8.89 8.65 8.39 9.04 8.32 8.21 8.06 7.80 8.28 8.35 8.26 7.64 7.07 7.07 7.22 8.03 8.17 7.92 8.61 8.10 8.47 8.88
-9999 -9999 -9999 14.03 12.11 12.53 11.89 11.28 12.49 11.67 11.45 9.10 7.67 10.26 10.50 10.67 7.74 11.47 7.97 5.82 9.80 7.60 5.72 12.28 11.35 10.18 7.08 7.66 8.63 11.22 8.92 8.50 8.53 8.63 9.92 9.38 9.18 8.23 8.41 7.89 7.71 8.47 7.94 7.34 7.34 7.74 8.25 7.93 9.32 7.99 7.84 8.15 8.72 8.23 8.15 7.87 8.04 8.48 8.38 8.87 8.41 7.99 8.05 8.22 7.77 7.87 7.76 7.16 6.91 6.79 6.90 7.15 7.55 8.24 8.29 8.41 8.24 8.29 8.53
-9999 -9999 13.18 12.80 10.48 10.18 10.35 11.02 10.56 10.83 9.67 9.64 12.67 10.09 8.67 11.14 6.07 7.75 7.41 9.87 9.32 10.17 8.90 9.45 8.52 6.01 10.22 10.66 8.30 8.86 8.47 8.27 8.76 8.28 8.50 9.72 9.87 8.06 7.83 7.81 8.07 7.57 6.92 6.99 9.17 7.84 7.68 8.04 8.66 8.23 7.88 8.29 8.67 8.57 8.91 8.38 7.73 7.65 7.70 8.44 8.16 7.76 8.41 8.23 7.69 7.64 7.34 6.99 7.08 7.07 7.13 7.41 7.52 8.18 7.72 7.66 8.02 7.85 8.18
11.66 12.90 10.89 10.83 11.43 10.70 10.29 11.94 10.95 10.81 10.40 12.24 11.44 9.68 10.08 9.03 6.60 6.03 8.84 9.29 8.09 8.51 10.40 8.35 5.87 9.83 11.47 9.97 10.43 8.55 8.80 8.27 8.66 10.17 8.55 10.30 8.82 7.93 7.69 7.83 8.84 6.75 6.93 10.03 8.10 7.82 7.76 8.16 8.90 7.90 7.99 8.24 7.99 8.37 8.30 7.82 7.44 7.64 7.40 7.75 8.02 7.96 7.59 7.28 7.15 7.08 7.34 8.34 7.71 8.29 7.79 7.02 8.04 7.97 8.10 7.88 7.79 8.00 7.95
10.39 12.64 15.19 14.30 13.82 11.26 12.14 13.41 12.25 11.72 13.17 11.48 10.59 11.92 8.71 6.00 5.85 5.82 8.16 8.14 7.72 7.37 7.59 7.00 8.64 16.09 12.97 10.43 8.70 9.20 8.81 10.14 8.86 9.18 8.35 8.48 8.43 8.25 7.71 7.43 7.20 6.60 9.33 9.91 9.31 8.23 7.89 9.85 8.64 7.98 8.15 7.83 8.39 8.26 7.94 7.20 7.90 7.53 7.05 8.39 8.16 7.19 7.02 6.98 6.92 7.36 8.13 8.37 8.09 8.40 7.79 7.43 8.08 8.10 7.68 7.91 7.83 8.08 8.18
10.36 11.56 12.08 11.64 10.61 12.17 11.20 12.61 9.99 10.85 12.69 11.74 9.87 10.15 6.63 5.47 7.81 8.44 7.46 6.23 7.87 5.57 5.28 5.72 10.32 13.63 14.35 8.99 9.63 9.87 10.10 9.37 8.20 9.13 8.63 8.70 8.22 8.24 7.14 6.70 7.37 7.30 9.52 9.53 9.08 8.09 8.65 9.79 9.13 8.63 8.17 8.30 8.15 7.70 7.30 7.18 7.46 7.70 7.37 7.23 7.10 6.83 7.74 8.30 7.17 7.44 8.14 8.36 7.88 8.16 8.02 7.92 7.98 7.64 7.82 7.69 7.73 7.55 7.91
9.97 10.69 10.51 10.95 10.36 10.44 11.47 10.30 10.77 9.50 9.23 8.91 8.31 7.57 8.74 7.42 10.25 15.08 8.01 8.02 8.33 11.92 11.65 5.52 5.96 14.90 12.03 10.50 11.00 11.91 10.12 8.27 7.56 9.40 9.78 8.80 8.07 7.50 6.76 6.48 7.53 9.73 10.16 9.26 8.90 8.57 8.33 8.19 8.83 8.18 8.01 7.77 7.39 7.04 6.88 7.53 7.27 7.00 6.93 6.24 6.43 7.22 7.26 7.92 7.48 7.56 7.65 7.82 8.15 8.19 8.06 7.97 8.05 7.55 7.38 7.74 7.70 7.28 7.61
9.61 10.48 9.70 10.09 10.10 10.19 9.39 9.34 9.96 9.19 10.21 9.02 10.63 7.69 9.83 11.42 11.39 12.23 12.62 10.29 11.91 13.61 9.36 10.94 9.88 6.43 11.20 11.60 9.02 9.45 7.91 9.18 8.97 11.44 10.74 8.72 7.94 7.08 6.60 7.43 9.96 9.00 10.48 9.32 9.08 9.61 8.50 9.04 7.72 7.84 7.49 7.27 7.06 7.14 6.98 6.82 6.39 6.09 5.77 6.00 7.02 7.84 7.51 7.10 7.72 7.32 8.08 7.50 7.43 7.50 7.58 7.73 7.81 7.76 7.22 7.59 7.56 7.36 7.76
9.73 9.44 10.65 11.64 13.04 11.95 10.62 9.86 9.12 9.39 11.60 9.20 10.18 7.64 9.26 9.71 8.97 7.83 9.65 8.79 11.12 11.58 13.27 11.44 12.08 10.99 14.60 10.08 9.18 8.73 9.35 8.78 10.98 10.73 10.98 8.21 7.56 6.85 9.63 10.12 9.97 10.39 8.96 9.39 9.56 9.15 7.64 7.38 7.43 7.25 7.14 7.20 7.12 7.45 7.20 6.96 6.09 5.30 5.35 6.26 7.88 6.70 7.24 7.45 7.20 7.13 7.29 7.09 7.21 7.46 7.11 7.51 7.56 7.44 7.45 7.52 7.13 6.95 7.90
10.14 9.75 9.96 11.48 11.75 12.28 11.46 10.71 10.09 9.61 9.94 11.87 8.80 11.94 11.13 11.09 11.75 9.97 7.72 7.85 9.82 9.39 11.31 11.24 9.88 13.20 13.22 8.87 9.61 7.74 8.30 9.92 10.76 10.35 9.57 7.88 7.11 8.31 7.93 9.55 9.49 8.99 9.22 8.89 8.37 7.77 6.75 6.47 6.59 6.76 8.22 7.31 7.96 7.29 6.73 5.58 4.91 4.95 5.88 7.29 7.22 6.99 7.22 7.22 7.08 7.26 7.67 8.03 6.90 7.45 8.02 7.43 7.19 7.48 6.85 7.11 7.81 7.34 7.11
10.73 11.14 11.91 13.02 -9999 -9999 -9999 -9999 11.26 10.78 11.33 9.35 8.40 9.66 9.93 9.66 8.90 5.80 12.93 13.25 9.48 8.75 9.27 10.87 11.66 12.93 10.49 9.23 8.30 7.51 11.01 10.13 11.55 9.03 8.54 7.85 7.43 9.11 7.95 9.42 9.30 8.56 8.56 8.17 7.60 6.84 6.37 6.26 6.48 6.77 8.04 7.66 8.08 7.95 6.89 5.63 4.82 5.93 6.02 6.95 7.31 7.34 6.32 6.60 6.75 7.72 8.07 7.86 6.82 7.35 7.88 7.66 7.24 7.77 7.39 7.27 7.53 7.54 7.14
