ML/MeanWindSpeed_1992-03_Actual.txt
ncols         180
nrows         290
xllcorner     -200000
yllcorner     -200000
cellsize      5000
NODATA_value  -9999
[rows 170 to 203 of 290, columns 77 to 153 of 180]
-9999 -9999 -9999 -9999 -9999 -9999 -9999 -9999 -9999 -9999 -9999 -9999 -9999 -9999 -9999 -9999 -9999 -9999 -9999 -9999 -9999 -9999 -9999 -9999 -9999 -9999 -9999 -9999 -9999 11.35 10.84 10.41 10.58 10.84 10.97 10.51 9.87 10.16 9.87 9.72 9.92 10.10 11.24 10.72 17.02 20.43 20.67 17.31 15.06 13.61 11.66 12.03 11.09 12.95 11.80 11.82 11.54 11.49 11.37 11.11 11.28 11.22 10.93 10.37 10.87 13.39 12.59 12.78 11.25 11.14 12.01 13.27 -9999 -9999 -9999 -9999 -9999
-9999 -9999 -9999 -9999 -9999 -9999 -9999 -9999 -9999 16.22 15.45 15.92 17.02 -9999 -9999 -9999 -9999 -9999 -9999 -9999 -9999 -9999 -9999 -9999 -9999 -9999 -9999 -9999 11.86 10.79 11.42 10.64 11.72 11.03 10.37 10.25 10.30 10.03 10.09 9.97 10.08 10.09 10.28 14.06 17.43 17.67 14.44 18.37 16.84 12.25 12.23 9.84 13.55 13.73 12.04 11.98 11.66 11.47 11.29 11.03 11.14 11.56 11.33 10.55 10.59 11.05 13.36 13.04 13.50 11.18 10.92 12.15 13.59 -9999 -9999 -9999 -9999
-9999 -9999 -9999 -9999 -9999 -9999 -9999 -9999 -9999 15.83 15.15 14.78 14.89 -9999 -9999 -9999 -9999 -9999 -9999 -9999 -9999 -9999 -9999 -9999 -9999 -9999 -9999 11.95 11.76 10.98 11.28 12.38 10.82 10.97 9.93 10.00 10.34 10.17 10.47 10.72 9.94 9.66 10.04 12.10 19.44 19.48 14.15 16.02 15.24 14.63 10.87 9.85 12.28 13.14 12.22 11.27 11.17 11.22 11.51 11.09 11.02 11.26 11.83 11.02 10.87 10.74 12.89 12.87 12.74 11.40 11.08 11.38 12.86 -9999 -9999 -9999 -9999
-9999 -9999 -9999 -9999 -9999 -9999 -9999 18.84 15.27 13.75 14.54 14.12 14.95 14.00 14.71 15.18 -9999 -9999 15.37 13.34 -9999 -9999 -9999 11.70 13.42 12.75 -9999 10.22 12.43 11.34 10.69 11.24 10.59 11.14 11.18 11.90 11.31 11.36 10.30 10.93 10.27 10.34 15.01 11.33 13.62 17.16 10.68 12.67 19.14 11.95 14.07 11.19 11.94 12.18 11.60 11.38 11.28 11.08 11.22 10.64 10.99 10.95 12.00 11.05 10.77 10.77 11.25 12.12 13.34 12.73 11.21 10.92 12.14 13.74 -9999 -9999 -9999
-9999 -9999 -9999 -9999 -9999 -9999 -9999 -9999 15.72 14.23 13.74 13.27 13.36 14.39 15.84 12.54 -9999 11.81 12.97 14.59 13.03 14.11 10.31 9.44 14.83 14.66 12.90 -9999 9.92 11.69 11.41 10.51 10.45 11.50 10.73 10.56 10.53 10.44 10.80 10.55 11.27 10.97 15.25 15.74 14.80 15.45 14.38 16.42 16.62 14.42 11.38 10.62 12.80 12.67 10.90 11.65 10.99 11.36 11.27 10.59 10.79 10.81 12.01 11.11 10.70 10.72 10.50 11.45 12.42 13.43 12.21 11.14 11.55 13.09 -9999 -9999 -9999
-9999 -9999 -9999 -9999 -9999 -9999 -9999 -9999 -9999 15.12 14.54 13.84 12.91 12.50 10.59 9.45 16.88 25.19 11.65 15.89 16.14 15.00 12.73 9.45 9.25 12.23 15.26 12.64 9.84 10.21 11.30 10.56 10.86 12.55 11.37 10.58 10.02 10.27 10.51 10.42 10.90 11.03 17.17 18.31 15.05 15.09 12.73 11.64 13.16 13.43 10.99 10.60 12.06 11.13 10.49 11.34 10.76 11.84 10.89 10.74 10.55 10.50 12.08 10.77 10.47 10.56 10.36 10.96 11.57 11.81 12.23 12.76 11.07 12.45 14.13 -9999 -9999
-9999 -9999 -9999 -9999 -9999 -9999 -9999 -9999 -9999 -9999 16.20 13.58 12.03 10.35 9.99 12.87 29.46 19.76 8.82 16.37 11.76 16.12 15.56 10.97 8.00 15.71 13.35 14.33 12.21 10.08 10.22 10.51 9.82 11.05 11.61 11.07 10.59 10.11 10.47 10.34 10.35 12.75 13.91 18.73 15.62 16.17 15.05 9.88 12.45 14.87 11.21 11.16 11.80 10.76 10.64 10.84 10.57 11.72 10.62 10.38 10.62 10.21 11.04 10.94 10.43 10.38 10.37 10.62 11.31 12.87 11.65 10.88 11.01 12.10 13.88 -9999 -9999
-9999 -9999 -9999 -9999 -9999 -9999 -9999 -9999 -9999 -9999 -9999 13.58 11.27 11.67 13.90 26.37 28.24 18.80 13.96 13.42 14.80 16.81 17.01 16.60 11.28 9.67 16.81 13.74 12.46 11.40 10.08 10.05 10.30 10.36 10.97 10.51 10.05 10.37 10.55 10.50 10.81 12.22 14.44 15.75 13.22 13.46 15.54 13.07 9.44 14.67 11.46 11.19 11.66 10.54 10.54 10.37 10.91 11.55 10.65 10.38 10.45 9.97 11.80 11.06 10.58 10.53 10.51 10.95 10.87 10.92 10.61 10.50 10.90 12.40 14.00 -9999 -9999
-9999 -9999 -9999 -9999 -9999 -9999 -9999 -9999 -9999 -9999 -9999 12.98 12.01 15.40 17.50 19.59 23.05 13.57 10.46 13.42 16.85 17.39 18.31 16.05 12.19 8.85 17.10 16.73 13.42 12.30 10.14 9.86 10.36 11.41 10.90 10.61 10.44 10.06 10.08 10.69 13.03 13.09 10.69 16.31 13.28 13.93 15.96 15.64 12.33 10.91 10.49 9.10 10.76 11.52 10.26 10.08 9.77 10.47 10.23 10.66 10.46 10.26 10.85 11.59 11.11 11.12 10.83 10.82 10.59 10.33 10.37 10.85 11.77 13.18 -9999 -9999 -9999
-9999 -9999 -9999 -9999 -9999 -9999 -9999 -9999 -9999 -9999 -9999 12.12 12.62 14.49 13.56 19.29 16.66 12.16 14.11 11.72 13.55 17.38 15.57 18.66 15.48 10.64 15.90 17.10 16.11 12.03 10.93 9.75 10.79 12.13 11.66 10.73 10.28 10.08 10.61 12.46 12.76 10.95 10.75 14.11 13.62 13.26 13.06 12.11 11.91 12.53 8.61 9.81 10.02 9.64 10.13 9.52 10.58 9.59 10.06 10.54 10.53 10.84 13.14 12.00 11.38 11.09 11.01 10.83 10.63 10.50 10.64 11.62 12.91 -9999 -9999 -9999 -9999
-9999 -9999 -9999 -9999 -9999 -9999 -9999 -9999 -9999 -9999 13.32 23.25 14.17 15.41 17.10 10.97 23.68 20.25 18.63 16.05 18.77 14.90 15.88 14.33 12.58 14.62 18.95 16.53 15.59 11.79 10.48 9.51 11.35 11.49 10.95 10.68 10.11 10.34 12.13 11.79 11.04 12.36 13.59 10.46 15.72 14.55 10.77 11.48 10.63 9.67 9.54 8.59 8.52 8.76 10.00 9.42 8.81 10.75 9.99 10.40 10.84 11.41 13.26 12.03 11.38 11.31 10.93 10.83 10.54 10.49 11.28 12.50 -9999 -9999 -9999 -9999 -9999
-9999 -9999 -9999 -9999 -9999 -9999 -9999 -9999 14.25 13.83 18.37 16.12 13.05 13.32 15.04 10.27 12.44 14.96 19.51 18.56 19.93 17.68 18.05 11.26 14.65 14.58 11.10 11.64 11.05 12.05 10.91 10.01 11.06 11.25 11.21 10.49 10.76 12.43 11.48 12.05 10.87 12.63 13.34 12.53 11.03 9.93 11.90 11.03 10.29 10.18 9.92 9.54 7.90 9.06 8.91 8.19 8.62 9.40 9.96 10.59 10.65 11.39 13.00 11.91 11.12 11.13 10.75 10.59 10.40 10.68 11.69 -9999 -9999 -9999 -9999 -9999 14.09
-9999 -9999 -9999 -9999 -9999 -9999 -9999 14.61 14.49 14.31 14.26 13.59 12.92 11.80 10.19 9.45 11.96 14.15 16.67 25.39 15.40 12.94 13.05 9.67 17.66 19.07 17.62 13.09 11.53 12.19 11.73 11.00 11.15 11.67 11.03 10.82 11.07 12.12 12.54 10.77 10.73 12.63 12.49 11.73 10.90 10.91 11.32 9.73 10.24 9.02 8.90 9.54 8.72 8.11 7.64 8.11 9.40 9.30 9.76 10.32 10.70 11.13 13.12 12.22 11.11 10.72 10.47 10.41 10.30 10.61 11.42 -9999 -9999 -9999 -9999 -9999 13.09
-9999 -9999 -9999 -9999 -9999 -9999 14.99 16.37 15.40 14.88 -9999 -9999 -9999 -9999 11.07 18.63 16.55 15.83 18.08 15.66 13.23 17.05 16.18 14.24 25.56 22.01 18.01 18.14 13.98 11.30 11.72 11.53 10.72 10.69 10.49 10.25 11.12 10.71 12.49 10.87 10.71 11.12 11.59 11.67 11.24 9.93 9.97 9.72 9.49 9.03 8.56 8.12 7.98 7.89 8.28 9.14 9.26 9.21 10.18 10.97 11.17 11.12 12.16 11.85 11.53 10.44 10.29 10.21 10.10 10.20 10.90 12.16 -9999 -9999 -9999 -9999 12.28
-9999 -9999 -9999 -9999 -9999 -9999 16.50 18.79 14.67 14.87 -9999 -9999 -9999 -9999 11.60 15.90 18.71 12.28 17.76 16.87 16.29 20.27 21.95 17.50 22.05 13.33 14.67 14.38 12.92 11.24 10.98 11.07 10.65 10.80 11.36 10.13 11.00 10.79 11.10 11.86 10.60 10.79 9.96 10.94 11.94 12.16 11.90 9.90 9.08 8.89 8.71 9.12 8.38 8.64 9.28 9.71 10.68 9.88 12.15 12.07 12.23 11.02 11.43 11.31 11.11 10.17 10.22 10.15 9.98 9.98 10.14 10.97 11.76 -9999 -9999 12.58 12.51
-9999 -9999 -9999 -9999 -9999 -9999 -9999 -9999 -9999 -9999 -9999 -9999 -9999 -9999 12.36 17.92 16.10 12.17 14.74 12.58 21.56 20.43 13.98 17.85 16.84 14.79 15.51 12.66 11.58 10.54 11.44 10.84 11.02 10.57 9.97 9.98 10.05 10.01 10.52 11.38 10.59 10.17 10.42 10.84 10.38 11.23 11.51 9.21 10.70 11.77 10.21 10.09 9.65 8.50 9.57 10.71 11.94 11.58 10.83 11.27 12.03 11.23 11.55 11.13 10.97 10.00 10.14 10.15 10.08 9.95 9.75 10.01 10.59 11.46 12.00 11.97 12.41
-9999 -9999 -9999 -9999 -9999 -9999 -9999 -9999 -9999 -9999 -9999 -9999 -9999 -9999 -9999 17.83 8.23 9.30 13.75 19.52 18.28 20.18 18.85 13.51 14.96 16.58 12.19 11.51 10.38 10.28 10.21 10.63 10.56 10.43 9.99 9.75 9.72 10.17 10.13 11.00 10.85 10.24 12.79 11.75 10.02 9.78 9.84 10.05 9.91 11.19 11.40 10.55 11.84 9.63 9.26 10.14 9.68 10.17 10.34 10.17 11.60 11.46 11.06 10.57 10.98 10.08 10.18 10.15 10.05 10.01 9.99 10.06 10.15 10.70 11.25 11.58 11.63
-9999 -9999 -9999 -9999 -9999 -9999 -9999 -9999 -9999 -9999 -9999 -9999 -9999 -9999 -9999 12.67 18.54 19.87 16.85 14.88 13.85 17.00 14.17 14.46 12.55 11.83 14.52 11.16 10.50 12.54 11.52 10.93 10.35 9.54 9.53 10.38 10.23 11.65 11.49 11.13 10.67 10.13 12.49 13.36 11.45 10.02 9.50 9.94 10.02 9.96 10.47 11.32 13.96 12.09 9.67 9.15 9.69 10.99 12.19 12.02 11.13 11.64 11.16 10.93 10.61 10.27 10.26 10.18 10.20 10.16 10.17 10.27 10.46 10.78 11.19 11.68 11.78
-9999 -9999 -9999 -9999 -9999 -9999 -9999 -9999 -9999 -9999 -9999 -9999 -9999 -9999 14.92 14.98 12.06 22.23 14.86 12.49 15.92 15.39 13.63 17.51 13.11 12.40 15.57 10.59 18.10 13.83 11.09 11.02 12.28 10.22 9.79 13.42 13.01 11.89 10.38 10.98 10.93 10.50 11.22 11.84 11.46 10.45 10.03 9.85 9.93 10.38 10.09 11.54 11.29 10.65 10.09 9.65 10.51 11.62 12.70 12.44 10.88 11.04 11.24 11.18 10.77 10.44 10.30 10.28 10.29 10.29 10.27 10.41 10.63 10.79 11.11 12.01 12.13
-9999 -9999 -9999 -9999 -9999 -9999 -9999 -9999 -9999 -9999 -9999 -9999 -9999 -9999 12.92 14.21 21.24 13.42 8.27 11.67 12.38 14.58 17.92 17.74 14.02 13.28 13.38 11.05 11.89 12.78 14.28 13.86 11.12 11.08 10.82 11.24 11.97 10.33 10.15 11.12 11.06 11.64 11.90 11.15 11.38 10.93 10.34 10.01 9.83 9.94 9.99 10.93 11.20 10.64 9.61 10.13 11.55 12.88 11.87 12.47 12.23 11.49 10.97 11.96 10.85 10.98 10.46 10.39 10.26 10.28 10.35 10.40 10.56 10.78 11.03 12.28 12.15
-9999 -9999 -9999 -9999 -9999 -9999 -9999 -9999 -9999 -9999 -9999 -9999 -9999 -9999 13.79 17.17 9.03 11.74 11.02 12.99 13.05 19.16 16.69 18.83 15.01 13.53 11.15 10.04 10.92 14.95 17.36 18.59 12.01 13.88 12.11 12.05 11.59 9.57 10.09 10.65 11.03 11.69 10.96 10.97 12.46 11.44 10.29 10.18 11.55 9.71 10.22 10.59 10.38 9.85 9.68 10.50 11.04 11.43 11.47 11.46 10.63 10.62 11.43 11.70 10.37 10.28 10.43 10.32 10.30 10.22 10.15 10.34 10.46 10.68 10.93 11.42 11.35
-9999 -9999 -9999 -9999 -9999 -9999 -9999 -9999 -9999 -9999 -9999 -9999 -9999 -9999 -9999 10.52 12.85 16.16 19.32 20.29 16.71 16.93 14.32 10.86 11.09 10.35 11.66 11.86 10.59 12.40 12.86 16.99 13.95 12.25 11.83 13.34 12.59 9.85 11.14 10.04 10.34 13.32 11.03 10.65 10.45 10.69 9.93 9.94 11.93 11.07 10.14 10.75 10.27 10.00 10.45 11.34 10.68 10.48 10.02 10.99 10.06 11.57 11.64 10.42 10.15 10.83 10.57 10.10 10.06 10.00 10.04 10.21 10.34 10.54 10.68 10.83 10.97
-9999 -9999 -9999 -9999 -9999 -9999 -9999 -9999 -9999 -9999 -9999 -9999 -9999 -9999 -9999 12.47 14.94 16.82 19.12 22.24 19.92 15.56 12.20 10.46 12.85 15.66 17.97 19.83 15.17 11.65 12.18 13.76 13.23 10.69 14.60 13.25 12.94 11.10 12.00 10.47 10.10 11.10 12.79 12.00 10.88 10.20 9.84 10.13 11.27 10.94 10.42 10.44 11.00 11.29 11.50 11.94 10.88 10.39 11.91 11.89 11.77 11.39 11.64 10.48 10.86 11.44 10.16 9.91 9.94 9.90 10.00 10.09 10.18 10.33 10.47 10.63 10.65
-9999 -9999 -9999 -9999 -9999 -9999 -9999 -9999 -9999 -9999 -9999 -9999 -9999 -9999 12.94 11.52 13.54 16.52 17.96 16.66 16.23 13.66 15.24 21.40 17.49 17.55 17.28 14.20 12.74 13.52 13.75 11.60 11.03 11.86 14.06 13.67 12.84 11.05 12.25 10.04 10.14 12.00 11.20 11.66 11.58 10.64 10.04 10.11 11.11 10.90 10.05 10.42 10.47 10.43 11.45 10.93 12.19 11.37 12.20 11.21 11.49 11.58 10.54 10.38 11.42 11.19 9.94 9.82 10.17 9.86 10.00 10.06 10.25 10.29 10.28 10.34 10.22
-9999 -9999 -9999 -9999 -9999 -9999 -9999 -9999 -9999 -9999 -9999 -9999 -9999 -9999 16.06 14.09 12.77 12.54 15.01 20.02 19.41 17.66 15.46 16.24 17.96 19.25 19.12 13.64 16.06 17.50 12.10 14.92 10.14 11.21 13.22 15.40 11.32 11.99 10.16 9.27 9.89 10.76 14.24 12.08 11.96 11.23 10.69 10.56 10.73 10.39 9.88 10.05 9.96 9.99 10.04 11.56 12.17 12.07 12.73 11.39 10.72 10.73 10.31 10.87 11.42 10.94 10.34 10.79 10.39 10.64 10.13 10.12 10.37 10.51 10.19 10.11 10.02
-9999 -9999 -9999 -9999 -9999 -9999 -9999 -9999 -9999 -9999 -9999 -9999 -9999 -9999 14.56 13.51 9.50 11.25 14.82 20.35 18.01 18.45 14.99 17.01 16.16 14.24 15.42 16.02 15.28 13.30 11.54 12.14 15.64 11.07 10.84 11.12 11.41 13.16 11.11 9.15 9.66 10.56 11.01 10.92 12.10 11.44 10.90 10.96 9.99 9.41 10.16 10.43 10.59 9.92 10.69 12.10 12.07 10.94 11.11 12.14 10.90 11.35 10.18 11.38 11.42 10.36 10.26 10.50 9.82 10.06 9.96 9.99 10.09 10.03 9.97 10.07 10.04
-9999 -9999 -9999 -9999 -9999 -9999 -9999 -9999 -9999 -9999 -9999 -9999 -9999 13.66 15.08 17.56 13.97 11.28 15.97 17.32 20.06 19.92 12.97 13.33 12.56 14.40 16.30 13.74 13.27 15.58 13.51 12.40 11.93 10.77 9.79 10.10 11.47 11.22 10.72 10.29 9.66 9.35 10.24 10.82 10.08 10.71 10.33 11.03 9.96 9.93 10.10 9.61 9.57 9.98 11.46 11.16 11.15 10.35 11.36 11.57 11.19 10.21 11.26 11.34 11.31 11.45 10.85 10.23 10.08 9.87 9.97 10.00 9.88 9.82 9.76 9.84 10.08
-9999 -9999 -9999 -9999 -9999 -9999 -9999 -9999 -9999 -9999 -9999 -9999 15.32 15.27 15.96 13.39 11.28 15.24 19.04 19.56 16.86 18.81 13.76 15.44 13.66 12.94 20.81 14.48 15.01 12.23 12.65 10.98 10.76 11.27 12.62 11.17 13.51 11.02 11.46 9.73 9.36 9.56 9.87 10.35 9.94 10.13 10.55 10.71 9.13 9.95 9.91 10.06 10.23 10.59 11.35 10.35 11.30 10.71 11.00 10.07 10.04 11.57 12.00 11.28 11.42 11.22 10.20 10.77 10.80 10.62 10.45 10.01 9.68 9.50 9.92 10.04 10.93
-9999 -9999 -9999 -9999 -9999 -9999 -9999 -9999 -9999 -9999 16.24 14.84 13.67 11.45 10.95 11.62 12.34 16.81 18.20 19.95 21.52 18.81 16.05 11.27 15.03 13.94 18.50 14.47 13.11 13.07 11.34 11.08 9.98 11.36 13.66 12.65 12.60 9.82 10.12 9.80 9.74 10.55 10.03 10.51 9.61 9.77 10.15 9.32 9.22 9.69 10.90 10.61 11.55 12.27 11.52 10.81 10.20 9.96 10.89 11.45 11.09 11.63 10.49 11.34 11.49 10.71 9.84 9.98 11.05 10.76 10.72 9.68 9.42 9.30 9.75 11.12 11.62
-9999 -9999 -9999 -9999 -9999 -9999 14.71 13.74 12.55 16.99 17.19 17.35 17.19 13.58 12.55 11.82 18.30 16.17 18.47 18.66 18.02 14.10 12.85 10.83 12.92 12.31 20.02 17.66 14.83 11.88 12.27 11.50 13.69 10.11 12.34 12.69 11.95 11.04 10.01 9.33 10.53 9.95 9.28 10.81 9.50 9.57 9.09 9.41 10.13 10.92 9.97 11.04 10.50 11.00 12.12 11.89 11.50 11.09 11.62 11.56 11.06 10.60 11.55 10.28 10.23 10.11 9.77 10.62 10.81 10.82 9.96 9.32 9.49 9.87 11.26 11.44 10.85
-9999 -9999 -9999 -9999 -9999 16.62 14.02 14.94 14.09 13.41 15.67 14.63 15.32 12.74 11.07 15.73 16.67 17.14 12.45 19.42 14.64 11.65 18.39 14.60 10.30 18.91 16.00 14.79 9.88 9.88 10.90 14.95 11.12 10.25 10.12 10.45 12.51 11.97 11.70 9.85 10.06 9.38 9.30 10.34 9.86 9.43 9.37 9.76 10.67 10.43 12.71 10.40 9.95 10.50 11.57 10.86 10.79 10.26 10.42 11.07 10.74 11.49 10.75 10.02 10.07 10.46 9.84 10.10 10.11 9.43 9.25 9.28 9.51 9.86 10.47 11.45 11.34
-9999 -9999 -9999 -9999 16.73 16.11 12.42 11.96 12.15 13.37 12.46 13.19 12.28 13.20 18.92 15.11 12.95 17.54 10.34 14.17 14.28 18.62 17.63 18.37 15.11 14.39 12.62 9.39 15.58 15.08 10.47 11.04 10.51 10.08 10.58 9.90 10.14 12.18 12.50 9.56 9.15 9.12 9.86 9.21 8.86 9.44 12.59 10.14 9.99 10.73 11.66 10.75 10.04 10.79 11.49 11.36 11.93 11.13 10.11 9.98 9.97 11.20 10.79 10.02 11.00 10.81 9.95 10.03 9.76 9.47 9.78 9.91 9.95 10.32 10.41 11.29 10.44
14.53 17.03 14.52 16.77 13.69 13.40 14.13 12.71 12.06 14.74 13.15 13.23 13.38 17.05 16.34 13.85 14.86 14.22 11.98 12.09 16.81 17.46 15.06 14.98 17.22 13.12 9.06 16.09 17.94 14.22 14.04 10.69 11.21 10.20 10.52 13.10 10.32 12.86 10.51 9.33 8.97 9.30 11.63 8.77 9.30 14.33 10.80 10.20 10.23 11.01 12.00 10.22 10.37 10.74 10.34 11.03 11.03 10.40 9.91 10.39 9.94 10.37 10.83 10.84 10.26 9.83 9.52 9.49 10.08 11.85 10.88 11.88 11.03 9.69 11.25 10.97 11.15
15.07 13.61 13.33 16.86 20.74 18.80 17.95 13.91 15.25 17.40 15.65 14.90 17.66 15.00 13.91 17.03 13.16 10.30 11.90 12.56 16.14 15.67 14.91 14.03 13.42 11.39 13.56 25.38 19.52 14.49 11.40 12.09 11.24 13.26 10.92 11.56 10.26 9.92 9.72 9.78 9.09 8.80 9.17 8.94 13.32 13.84 12.54 10.75 10.23 13.44 11.32 10.39 10.66 10.02 10.92 10.80 10.48 9.59 11.02 10.58 9.79 11.74 11.41 10.05 9.71 9.62 9.49 10.14 11.35 11.77 11.35 11.83 10.84 10.27 11.26 11.15 10.44
