ML/MeanWindSpeed_1991-04_Actual.txt
ncols         180
nrows         290
xllcorner     -200000
yllcorner     -200000
cellsize      5000
NODATA_value  -9999
[rows 102 to 135 of 290, columns 77 to 153 of 180]
-9999 13.06 14.36 14.43 6.11 17.44 13.14 12.00 8.63 18.15 11.18 18.61 11.52 11.13 18.19 9.54 5.18 12.93 18.05 18.33 11.37 12.35 13.64 12.66 10.63 9.61 9.19 9.11 12.73 11.40 11.60 11.62 12.25 12.62 12.42 12.69 -9999 -9999 -9999 -9999 -9999 -9999 -9999 -9999 -9999 -9999 -9999 -9999 -9999 -9999 -9999 -9999 -9999 -9999 -9999 -9999 -9999 -9999 -9999 -9999 -9999 -9999 -9999 -9999 -9999 -9999 -9999 -9999 -9999 -9999 -9999 -9999 -9999 -9999 -9999 -9999 -9999
12.08 10.47 7.15 7.18 11.80 18.53 7.52 9.94 17.64 12.19 12.76 17.68 18.41 14.97 6.70 12.63 12.84 16.35 14.20 11.73 15.77 17.25 13.74 11.37 9.18 8.88 10.37 14.12 12.02 11.21 12.02 11.51 11.49 11.87 -9999 -9999 -9999 -9999 -9999 -9999 -9999 -9999 -9999 -9999 -9999 -9999 -9999 -9999 -9999 -9999 -9999 -9999 -9999 -9999 -9999 -9999 -9999 -9999 -9999 -9999 -9999 -9999 -9999 -9999 -9999 -9999 -9999 -9999 -9999 -9999 -9999 -9999 -9999 -9999 -9999 -9999 -9999
11.05 11.55 11.97 10.24 13.04 6.99 5.53 9.40 13.47 10.94 8.88 8.92 10.61 12.66 16.14 10.86 13.36 11.92 14.52 16.41 14.09 13.78 12.10 10.59 9.25 9.33 12.16 12.15 10.52 10.58 10.80 11.81 11.62 -9999 -9999 -9999 -9999 -9999 -9999 -9999 -9999 -9999 -9999 -9999 -9999 -9999 -9999 -9999 -9999 -9999 -9999 -9999 -9999 -9999 -9999 -9999 -9999 -9999 -9999 -9999 -9999 -9999 -9999 -9999 -9999 -9999 -9999 -9999 -9999 -9999 -9999 -9999 -9999 -9999 -9999 -9999 -9999
12.94 11.87 14.49 10.86 6.86 8.38 12.85 13.81 12.07 9.52 10.70 15.16 11.19 13.66 8.99 11.67 15.69 11.59 9.14 9.00 10.56 9.62 9.58 10.56 10.74 9.71 10.76 10.15 9.94 12.27 11.88 12.17 11.95 -9999 -9999 -9999 -9999 -9999 -9999 -9999 -9999 -9999 -9999 -9999 -9999 -9999 -9999 -9999 -9999 -9999 -9999 -9999 -9999 -9999 -9999 -9999 -9999 -9999 -9999 -9999 -9999 -9999 -9999 -9999 -9999 -9999 -9999 -9999 -9999 -9999 -9999 -9999 -9999 -9999 -9999 -9999 -9999
12.38 12.86 10.89 12.20 14.24 13.14 16.17 10.61 13.22 6.70 14.95 8.83 17.25 8.75 11.80 18.23 12.78 10.71 13.03 12.06 9.72 9.50 8.85 8.92 10.09 9.12 9.03 10.49 10.98 11.00 11.37 10.55 11.69 12.18 -9999 -9999 -9999 -9999 -9999 -9999 -9999 -9999 -9999 -9999 -9999 -9999 -9999 -9999 -9999 -9999 -9999 -9999 -9999 -9999 -9999 -9999 -9999 -9999 -9999 -9999 -9999 -9999 -9999 -9999 -9999 -9999 -9999 -9999 -9999 -9999 -9999 -9999 -9999 -9999 -9999 -9999 -9999
13.21 12.70 8.38 14.80 11.02 7.11 11.00 15.29 14.68 7.43 14.92 12.80 13.41 10.28 14.30 11.68 13.20 16.82 13.65 12.49 11.03 9.72 9.56 10.93 11.56 12.85 12.79 11.47 10.17 9.51 11.57 10.59 12.78 12.79 13.49 -9999 -9999 -9999 -9999 -9999 -9999 -9999 -9999 -9999 -9999 -9999 -9999 -9999 -9999 -9999 -9999 -9999 -9999 -9999 -9999 -9999 -9999 -9999 -9999 -9999 -9999 -9999 -9999 -9999 -9999 -9999 -9999 -9999 -9999 -9999 -9999 -9999 -9999 -9999 -9999 -9999 -9999
13.12 9.80 13.69 13.81 10.39 6.69 12.89 14.87 18.25 9.40 14.57 12.39 12.75 12.23 12.85 8.13 10.04 11.38 10.52 8.16 9.61 11.60 14.92 14.41 13.28 11.56 11.39 12.76 9.35 10.63 11.63 12.38 13.00 13.32 13.58 13.51 -9999 -9999 -9999 -9999 -9999 -9999 -9999 -9999 -9999 -9999 -9999 -9999 -9999 -9999 -9999 -9999 -9999 -9999 -9999 -9999 -9999 -9999 -9999 -9999 -9999 -9999 -9999 -9999 -9999 -9999 -9999 -9999 -9999 -9999 -9999 -9999 -9999 -9999 -9999 -9999 -9999
9.09 13.95 16.66 9.19 7.46 11.87 16.75 12.82 7.09 10.10 21.57 11.54 11.23 12.47 12.56 10.63 9.97 7.66 6.71 9.82 15.43 15.26 13.49 12.75 10.44 9.80 10.72 12.35 11.13 11.94 11.54 11.38 12.19 12.63 12.91 -9999 -9999 -9999 -9999 -9999 -9999 -9999 -9999 -9999 -9999 -9999 -9999 -9999 -9999 -9999 -9999 -9999 -9999 -9999 -9999 -9999 -9999 -9999 -9999 -9999 -9999 -9999 -9999 -9999 -9999 -9999 -9999 -9999 -9999 -9999 -9999 -9999 -9999 -9999 -9999 -9999 -9999
11.30 12.10 11.15 9.89 15.48 10.02 14.34 14.71 15.06 11.36 9.86 18.82 12.50 10.62 9.71 9.71 9.35 8.40 7.50 10.90 9.37 8.65 7.86 9.71 11.95 11.05 11.41 11.20 11.45 12.70 12.38 -9999 -9999 -9999 -9999 -9999 -9999 -9999 -9999 -9999 -9999 -9999 -9999 -9999 -9999 -9999 -9999 -9999 -9999 -9999 -9999 -9999 -9999 -9999 -9999 -9999 -9999 -9999 -9999 -9999 -9999 -9999 -9999 -9999 -9999 -9999 -9999 -9999 -9999 -9999 -9999 -9999 -9999 -9999 -9999 -9999 -9999
12.75 10.83 7.77 14.04 14.96 16.91 16.48 8.06 15.65 15.52 9.26 12.87 13.73 10.42 10.03 11.21 12.97 14.24 10.48 9.34 8.75 8.71 9.16 10.27 11.68 11.23 11.56 12.52 12.38 -9999 -9999 -9999 -9999 -9999 -9999 -9999 -9999 -9999 -9999 -9999 -9999 -9999 -9999 -9999 -9999 -9999 -9999 -9999 -9999 -9999 -9999 -9999 -9999 -9999 -9999 -9999 -9999 -9999 -9999 -9999 -9999 -9999 -9999 -9999 -9999 -9999 -9999 -9999 -9999 -9999 -9999 -9999 -9999 -9999 -9999 -9999 -9999
11.63 9.33 14.33 10.93 15.67 18.04 14.57 12.08 16.35 16.45 10.28 9.86 8.64 8.36 8.84 10.00 13.78 15.53 12.77 11.08 9.72 9.44 10.58 10.31 10.76 11.44 13.53 14.56 13.00 -9999 -9999 -9999 -9999 -9999 -9999 -9999 -9999 -9999 -9999 -9999 -9999 -9999 -9999 -9999 -9999 -9999 -9999 -9999 -9999 -9999 -9999 -9999 -9999 -9999 -9999 -9999 -9999 -9999 -9999 -9999 -9999 -9999 -9999 -9999 -9999 -9999 -9999 -9999 -9999 -9999 -9999 -9999 -9999 -9999 -9999 -9999 -9999
-9999 11.30 14.16 11.32 15.46 15.40 16.49 11.67 10.74 11.83 11.01 10.34 9.68 7.28 15.18 15.48 14.67 15.29 12.58 10.26 10.18 9.97 10.15 10.12 10.23 11.37 11.19 -9999 -9999 -9999 -9999 -9999 12.93 12.31 12.69 12.48 -9999 -9999 -9999 -9999 -9999 -9999 -9999 -9999 -9999 -9999 -9999 -9999 -9999 -9999 -9999 -9999 -9999 -9999 -9999 -9999 -9999 -9999 -9999 -9999 -9999 -9999 -9999 -9999 -9999 -9999 -9999 -9999 -9999 -9999 -9999 -9999 -9999 -9999 -9999 -9999 -9999
-9999 11.56 15.32 11.20 9.91 18.97 11.40 11.70 11.19 9.71 10.10 11.85 14.37 10.94 10.93 9.95 10.18 9.77 10.44 11.03 11.45 11.13 10.62 11.16 11.65 11.38 11.22 11.85 12.47 -9999 -9999 11.46 11.24 11.29 10.64 11.39 12.31 12.83 -9999 -9999 -9999 -9999 -9999 -9999 -9999 -9999 -9999 -9999 -9999 -9999 -9999 -9999 -9999 -9999 -9999 -9999 -9999 -9999 -9999 -9999 -9999 -9999 -9999 -9999 -9999 -9999 -9999 -9999 -9999 -9999 -9999 -9999 -9999 -9999 -9999 -9999 -9999
11.30 14.06 11.76 12.60 14.33 15.25 10.35 12.32 14.80 13.72 12.27 10.18 10.23 10.79 10.18 10.05 9.45 9.18 9.95 11.29 11.35 10.59 12.08 12.66 10.94 10.25 10.68 11.23 12.21 11.04 11.17 11.52 10.61 9.16 9.96 12.68 13.33 14.96 11.96 -9999 -9999 -9999 -9999 -9999 -9999 -9999 -9999 -9999 -9999 -9999 -9999 -9999 -9999 -9999 -9999 -9999 -9999 -9999 -9999 -9999 -9999 -9999 -9999 -9999 -9999 -9999 -9999 -9999 -9999 -9999 -9999 -9999 -9999 -9999 -9999 -9999 -9999
15.35 12.32 15.26 14.22 12.05 10.50 -9999 13.59 16.50 13.20 11.74 10.40 9.96 9.73 10.04 10.47 9.73 9.27 10.96 11.42 11.77 11.23 10.70 10.65 9.84 10.29 11.12 12.50 11.09 9.98 11.69 10.67 9.95 9.05 10.75 12.93 13.54 14.51 13.11 14.50 15.61 12.85 -9999 -9999 -9999 -9999 -9999 -9999 -9999 -9999 -9999 -9999 -9999 -9999 -9999 -9999 -9999 -9999 -9999 -9999 -9999 -9999 -9999 -9999 -9999 -9999 -9999 -9999 -9999 -9999 -9999 -9999 -9999 -9999 -9999 -9999 -9999
18.58 13.52 -9999 13.36 14.45 10.70 -9999 14.18 18.04 13.43 12.39 10.78 10.75 10.27 10.28 9.56 9.19 8.73 9.38 11.47 11.78 12.00 10.39 9.96 10.81 12.01 14.32 12.98 10.44 9.31 10.29 9.92 9.58 13.64 14.99 13.15 13.35 12.87 12.90 13.23 11.82 12.84 -9999 -9999 -9999 -9999 -9999 -9999 -9999 -9999 -9999 -9999 -9999 -9999 -9999 -9999 -9999 -9999 -9999 -9999 -9999 -9999 -9999 -9999 -9999 -9999 -9999 -9999 -9999 -9999 -9999 -9999 -9999 -9999 -9999 -9999 -9999
15.45 14.12 -9999 -9999 14.52 11.73 10.96 14.01 15.61 10.62 10.91 12.85 11.60 10.96 10.76 12.99 10.44 8.40 8.61 9.15 10.72 11.39 11.93 10.35 12.70 13.77 12.42 11.49 11.40 10.63 10.93 11.49 11.85 11.78 14.41 13.16 12.93 13.21 10.68 10.52 11.69 13.13 13.64 -9999 -9999 -9999 -9999 -9999 -9999 -9999 -9999 -9999 -9999 -9999 -9999 -9999 -9999 -9999 -9999 -9999 -9999 -9999 -9999 -9999 -9999 -9999 -9999 -9999 -9999 -9999 -9999 -9999 -9999 -9999 -9999 -9999 -9999
-9999 -9999 -9999 -9999 -9999 12.56 11.42 14.95 12.20 9.47 10.12 11.33 12.73 11.78 11.09 12.40 12.56 10.51 8.00 9.57 11.71 10.68 10.27 11.06 12.99 12.19 10.65 10.75 11.05 14.01 13.59 12.08 11.29 10.43 12.74 12.52 12.31 13.20 11.12 10.54 10.63 10.95 11.65 -9999 -9999 -9999 -9999 -9999 -9999 -9999 -9999 -9999 -9999 -9999 -9999 -9999 -9999 -9999 -9999 -9999 -9999 -9999 -9999 -9999 -9999 -9999 -9999 -9999 -9999 -9999 -9999 -9999 -9999 -9999 -9999 -9999 -9999
10.82 16.06 17.59 -9999 -9999 -9999 12.80 13.77 11.52 10.32 9.70 9.97 11.35 12.20 12.88 13.42 12.67 12.02 10.41 7.94 11.45 10.51 10.09 10.56 10.00 9.95 11.55 9.90 12.98 16.42 15.29 13.20 13.10 10.74 11.74 11.67 12.34 12.78 11.09 10.42 10.30 10.56 11.56 12.23 -9999 -9999 -9999 -9999 -9999 -9999 -9999 -9999 -9999 -9999 -9999 -9999 -9999 -9999 -9999 -9999 -9999 -9999 -9999 -9999 -9999 -9999 -9999 -9999 -9999 -9999 -9999 -9999 -9999 -9999 -9999 -9999 -9999
13.45 16.87 19.37 14.15 -9999 -9999 -9999 12.90 11.94 10.37 9.69 9.47 9.57 11.24 11.85 11.60 10.84 11.08 11.10 10.89 9.85 10.04 9.85 11.22 10.81 13.46 9.88 10.81 10.45 11.22 15.19 14.95 13.00 12.13 10.83 10.83 11.41 11.73 10.68 10.40 9.94 10.69 11.30 11.27 11.64 -9999 -9999 -9999 -9999 -9999 -9999 -9999 -9999 -9999 -9999 -9999 -9999 -9999 -9999 -9999 -9999 -9999 -9999 -9999 -9999 -9999 -9999 -9999 -9999 -9999 -9999 -9999 -9999 -9999 -9999 -9999 -9999
10.68 15.57 17.44 13.19 -9999 -9999 -9999 -9999 -9999 11.40 10.30 8.86 8.33 8.71 8.84 9.88 12.71 13.01 11.66 10.46 9.87 11.15 10.65 10.66 10.12 12.79 10.00 11.47 12.10 11.18 9.38 11.24 10.68 11.81 10.31 11.56 11.07 9.95 9.90 9.93 10.14 9.71 11.55 11.64 11.39 11.46 -9999 -9999 -9999 -9999 -9999 -9999 -9999 -9999 -9999 -9999 -9999 -9999 -9999 -9999 -9999 -9999 -9999 -9999 -9999 -9999 -9999 -9999 -9999 -9999 -9999 -9999 -9999 -9999 -9999 -9999 -9999
11.07 12.10 19.25 14.52 -9999 -9999 -9999 -9999 -9999 11.80 11.11 10.71 8.77 10.03 11.63 10.89 12.82 13.88 12.91 10.51 11.63 10.59 9.79 11.55 11.86 8.46 16.86 12.00 14.71 11.77 14.05 13.76 10.32 12.20 10.84 10.33 9.53 9.93 11.23 11.98 11.48 11.57 9.44 10.98 12.79 11.30 12.39 12.83 -9999 -9999 -9999 -9999 -9999 -9999 -9999 -9999 -9999 -9999 -9999 -9999 -9999 -9999 -9999 -9999 -9999 -9999 -9999 -9999 -9999 -9999 -9999 -9999 -9999 -9999 -9999 -9999 -9999
-9999 15.07 18.29 17.68 -9999 -9999 -9999 -9999 -9999 11.87 10.60 10.50 9.53 9.84 11.08 9.32 10.37 10.94 12.62 11.44 10.98 9.54 11.76 15.01 12.35 11.70 18.34 16.58 12.67 13.48 11.87 10.23 11.71 12.21 10.93 11.23 10.90 9.23 9.48 9.92 12.31 15.26 11.92 10.52 11.74 12.30 11.54 12.24 -9999 -9999 -9999 -9999 -9999 -9999 -9999 -9999 -9999 -9999 -9999 -9999 -9999 -9999 -9999 -9999 -9999 -9999 -9999 -9999 -9999 -9999 -9999 -9999 -9999 -9999 -9999 -9999 -9999
-9999 13.31 15.15 16.57 -9999 -9999 -9999 -9999 -9999 11.49 10.38 10.21 10.14 9.79 9.54 9.83 12.93 14.42 11.99 12.58 10.05 9.74 9.97 12.18 8.62 14.91 14.30 12.65 13.86 14.83 10.60 12.85 11.37 12.03 11.76 9.65 10.49 10.32 9.34 8.80 15.11 16.25 14.58 10.24 11.22 12.19 11.75 12.50 -9999 -9999 -9999 -9999 -9999 -9999 -9999 -9999 -9999 -9999 -9999 -9999 -9999 -9999 -9999 -9999 -9999 -9999 -9999 -9999 -9999 -9999 -9999 -9999 -9999 -9999 -9999 -9999 -9999
-9999 -9999 -9999 -9999 -9999 -9999 -9999 -9999 13.79 11.35 10.76 9.98 10.42 10.98 9.82 10.83 11.39 13.19 10.89 10.63 13.15 11.66 12.88 12.24 12.23 15.95 15.78 11.69 12.84 14.02 13.28 12.34 12.67 10.35 11.32 11.55 9.26 9.98 9.04 11.63 13.28 16.61 14.68 10.47 10.50 10.50 11.72 12.55 -9999 -9999 -9999 -9999 -9999 -9999 -9999 -9999 -9999 -9999 -9999 -9999 -9999 -9999 -9999 -9999 -9999 -9999 -9999 -9999 -9999 -9999 -9999 -9999 -9999 -9999 -9999 -9999 -9999
-9999 -9999 -9999 -9999 -9999 -9999 -9999 -9999 14.81 9.70 9.68 11.14 12.55 11.94 10.46 10.80 11.32 8.88 9.01 12.38 13.33 12.32 11.86 9.58 8.28 15.20 11.14 12.03 12.11 13.05 12.79 11.60 9.79 12.15 11.55 11.03 9.81 9.65 11.32 12.47 12.16 14.05 13.93 10.59 9.45 10.30 12.47 11.71 -9999 -9999 -9999 -9999 -9999 -9999 -9999 -9999 -9999 -9999 -9999 -9999 -9999 -9999 -9999 -9999 -9999 -9999 -9999 -9999 -9999 -9999 -9999 -9999 -9999 -9999 -9999 -9999 -9999
-9999 -9999 -9999 -9999 -9999 -9999 -9999 13.30 12.26 8.61 10.22 11.34 9.80 11.69 13.50 13.15 15.31 13.27 10.44 8.44 8.99 12.68 12.88 11.03 7.44 10.26 14.71 11.78 14.28 12.10 12.02 9.64 9.90 11.37 10.28 10.30 11.20 12.63 14.09 13.26 11.88 11.09 10.81 9.96 12.14 13.32 12.30 11.92 -9999 -9999 -9999 -9999 -9999 -9999 -9999 -9999 -9999 -9999 -9999 -9999 -9999 -9999 -9999 -9999 -9999 -9999 -9999 -9999 -9999 -9999 -9999 -9999 -9999 -9999 -9999 -9999 -9999
-9999 -9999 -9999 -9999 -9999 -9999 -9999 11.56 8.75 11.76 10.63 12.03 9.43 11.79 11.80 14.58 14.15 14.70 13.10 10.38 7.39 16.06 16.75 11.66 7.42 11.50 14.06 11.00 11.62 13.16 10.11 12.07 12.90 10.74 11.96 12.22 15.40 11.23 10.72 11.65 12.41 12.38 10.22 9.10 10.87 11.15 10.80 10.87 11.62 -9999 -9999 -9999 -9999 -9999 -9999 -9999 -9999 -9999 -9999 -9999 -9999 -9999 -9999 -9999 -9999 -9999 -9999 -9999 -9999 -9999 -9999 -9999 -9999 -9999 -9999 -9999 -9999
-9999 -9999 -9999 -9999 -9999 -9999 10.87 12.25 12.00 11.44 12.57 12.72 10.87 9.37 12.94 12.52 14.43 14.54 14.52 10.23 6.81 10.60 13.31 12.60 9.12 9.37 11.40 10.94 10.95 11.17 14.24 11.12 10.26 10.27 9.42 14.24 12.53 14.43 12.80 9.97 10.77 11.37 12.26 13.01 10.12 9.56 9.22 9.41 9.90 -9999 -9999 -9999 -9999 -9999 -9999 -9999 -9999 -9999 -9999 -9999 -9999 -9999 -9999 -9999 -9999 -9999 -9999 -9999 -9999 -9999 -9999 -9999 -9999 -9999 -9999 -9999 -9999
-9999 -9999 -9999 -9999 -9999 -9999 12.42 11.49 9.92 13.54 13.12 11.71 11.80 14.38 9.80 10.79 13.65 12.54 12.89 9.34 7.33 9.68 11.54 13.73 9.25 9.51 9.70 10.52 9.19 12.51 9.27 13.18 10.78 8.88 14.97 10.05 11.48 12.36 11.69 12.26 9.47 9.85 12.46 11.92 9.98 10.22 9.49 8.98 9.74 -9999 -9999 -9999 -9999 -9999 -9999 -9999 -9999 -9999 -9999 -9999 -9999 -9999 -9999 -9999 -9999 -9999 -9999 -9999 -9999 -9999 -9999 -9999 -9999 -9999 -9999 -9999 -9999
-9999 -9999 -9999 -9999 -9999 13.44 11.14 9.94 11.77 9.49 9.88 16.48 14.05 13.62 9.94 11.12 12.02 10.91 12.68 12.03 10.11 11.70 11.61 9.57 8.59 9.12 10.64 10.94 13.42 10.46 9.22 12.72 8.79 9.97 15.03 11.42 10.39 9.43 11.11 12.10 11.18 11.81 12.04 10.41 9.81 9.44 8.68 8.75 9.61 -9999 -9999 -9999 -9999 -9999 -9999 -9999 -9999 -9999 -9999 -9999 -9999 -9999 -9999 -9999 -9999 -9999 -9999 -9999 -9999 -9999 -9999 -9999 -9999 -9999 -9999 -9999 -9999
-9999 -9999 -9999 -9999 11.34 12.25 12.59 10.08 10.12 9.54 8.67 11.74 12.00 17.53 10.25 9.53 10.44 11.12 11.99 12.76 11.39 9.76 8.85 11.31 8.89 8.41 10.05 10.76 10.92 10.45 8.91 10.30 7.27 8.98 13.39 12.91 13.39 12.49 11.76 10.35 10.03 12.07 11.18 10.42 10.02 9.53 9.26 8.57 9.18 10.15 -9999 -9999 -9999 -9999 -9999 -9999 -9999 -9999 -9999 -9999 -9999 -9999 -9999 -9999 -9999 -9999 -9999 -9999 -9999 -9999 -9999 -9999 -9999 -9999 -9999 -9999 -9999
-9999 -9999 -9999 -9999 12.50 15.47 12.66 11.88 10.42 8.51 7.28 15.66 13.75 12.46 12.17 9.66 9.46 10.36 10.61 14.89 11.15 9.44 8.66 9.04 11.48 8.99 11.04 10.46 11.07 10.16 9.54 8.95 9.84 8.02 10.71 11.93 11.59 12.95 11.78 10.42 9.80 10.74 10.14 11.32 10.44 9.11 8.17 8.94 9.43 10.09 -9999 -9999 -9999 -9999 -9999 -9999 -9999 -9999 -9999 -9999 -9999 -9999 -9999 -9999 -9999 -9999 -9999 -9999 -9999 -9999 -9999 -9999 -9999 -9999 -9999 -9999 -9999
-9999 -9999 12.62 11.62 13.38 12.21 11.89 12.92 10.96 9.77 7.97 12.09 11.84 12.95 12.03 11.41 9.19 10.87 11.51 10.89 11.44 11.38 8.93 8.98 10.32 10.00 9.86 10.31 10.59 9.67 9.00 9.73 8.83 8.45 11.91 11.10 10.84 11.39 13.43 12.09 10.80 8.65 9.60 10.22 9.95 9.39 8.57 8.89 9.48 10.38 -9999 -9999 -9999 -9999 -9999 -9999 -9999 -9999 -9999 -9999 -9999 -9999 -9999 -9999 -9999 -9999 -9999 -9999 -9999 -9999 -9999 -9999 -9999 -9999 -9999 -9999 -9999
