ML/MeanWindSpeed_1992-07_Actual.txt
ncols         180
nrows         290
xllcorner     -200000
yllcorner     -200000
cellsize      5000
NODATA_value  -9999
[rows 140 to 174 of 290, columns 79 to 157 of 180]
-9999 -9999 11.26 -9999 -9999 -9999 9.92 10.48 9.62 9.49 9.78 -9999 -9999 9.88 8.56 10.81 11.63 -9999 -9999 -9999 -9999 -9999 9.04 8.41 6.70 6.84 6.68 7.36 7.22 7.82 7.78 5.64 7.47 10.23 11.71 8.91 10.60 11.36 11.66 9.46 10.11 10.42 9.31 7.35 7.33 7.66 5.32 6.07 7.89 8.74 -9999 -9999 -9999 -9999 -9999 -9999 -9999 -9999 -9999 -9999 -9999 -9999 -9999 -9999 -9999 -9999 -9999 -9999 -9999 -9999 -9999 -9999 -9999 -9999 -9999 -9999 -9999 -9999 -9999
-9999 -9999 10.97 10.93 -9999 -9999 -9999 9.97 10.93 10.65 10.61 -9999 -9999 -9999 -9999 10.06 -9999 -9999 -9999 -9999 -9999 -9999 8.14 7.63 6.95 7.53 8.42 8.48 7.76 7.89 7.22 6.14 5.98 8.92 10.68 7.37 12.21 11.67 12.66 9.72 9.95 11.53 9.33 7.84 7.25 5.94 4.99 6.06 7.73 8.60 -9999 -9999 -9999 -9999 -9999 -9999 -9999 -9999 -9999 -9999 -9999 -9999 -9999 -9999 -9999 -9999 -9999 -9999 -9999 -9999 -9999 -9999 -9999 -9999 -9999 -9999 -9999 -9999 -9999
-9999 -9999 -9999 12.08 -9999 -9999 -9999 -9999 10.37 11.37 10.93 -9999 -9999 -9999 -9999 -9999 -9999 -9999 -9999 -9999 -9999 8.81 8.09 8.26 8.17 8.22 9.57 9.36 8.65 8.55 7.83 7.32 5.69 6.74 12.63 12.87 12.16 11.64 9.23 8.40 8.91 7.62 6.11 8.27 8.44 5.72 5.38 6.51 7.65 8.53 8.94 -9999 -9999 -9999 -9999 -9999 -9999 -9999 -9999 -9999 -9999 -9999 -9999 -9999 -9999 -9999 -9999 -9999 -9999 -9999 -9999 -9999 -9999 -9999 -9999 -9999 -9999 -9999 -9999
-9999 -9999 -9999 13.01 -9999 -9999 -9999 -9999 -9999 -9999 -9999 -9999 -9999 -9999 -9999 -9999 -9999 -9999 -9999 -9999 -9999 9.17 7.85 6.85 5.96 5.30 12.02 9.82 8.79 10.44 7.90 8.75 4.80 4.81 10.29 14.21 10.82 9.01 12.85 14.58 13.16 10.88 9.64 6.12 6.79 6.63 7.52 6.89 7.13 8.47 8.94 8.87 -9999 -9999 -9999 -9999 -9999 -9999 -9999 -9999 -9999 -9999 -9999 -9999 -9999 -9999 -9999 -9999 -9999 -9999 -9999 -9999 -9999 -9999 -9999 -9999 -9999 -9999 -9999
-9999 -9999 -9999 -9999 -9999 -9999 -9999 -9999 -9999 -9999 -9999 -9999 -9999 -9999 -9999 -9999 -9999 -9999 -9999 -9999 9.26 8.68 7.41 6.12 8.81 4.56 15.93 15.00 8.02 8.82 7.87 7.06 7.17 4.38 5.44 13.75 13.04 11.02 9.72 8.97 11.31 10.93 9.94 8.13 7.13 6.98 6.74 6.61 7.40 7.39 7.43 8.03 -9999 -9999 -9999 -9999 -9999 -9999 -9999 -9999 -9999 -9999 -9999 -9999 -9999 -9999 -9999 -9999 -9999 -9999 -9999 -9999 -9999 -9999 -9999 -9999 -9999 -9999 -9999
-9999 -9999 -9999 -9999 -9999 -9999 -9999 -9999 -9999 -9999 -9999 -9999 -9999 -9999 -9999 -9999 -9999 -9999 -9999 -9999 8.52 9.28 6.71 8.28 15.06 8.03 4.75 10.00 10.99 8.76 8.29 7.52 7.02 5.62 5.08 6.48 14.40 12.05 11.04 9.04 8.99 9.27 7.82 7.66 7.68 8.39 6.93 7.65 6.92 6.95 6.67 6.98 7.55 8.05 8.20 -9999 -9999 -9999 -9999 -9999 -9999 -9999 -9999 -9999 -9999 -9999 -9999 -9999 -9999 -9999 -9999 -9999 -9999 -9999 -9999 -9999 -9999 -9999 -9999
-9999 -9999 -9999 -9999 -9999 -9999 -9999 -9999 -9999 -9999 -9999 -9999 -9999 -9999 -9999 -9999 -9999 -9999 -9999 -9999 8.47 8.38 7.97 11.06 7.06 6.80 7.96 11.76 8.71 7.39 10.79 5.97 8.15 6.79 6.17 5.28 8.03 10.35 10.36 9.76 9.27 7.41 7.68 7.26 6.89 6.68 6.95 6.86 7.02 6.38 6.19 6.33 9.14 7.78 8.81 9.62 9.44 -9999 -9999 -9999 -9999 -9999 -9999 -9999 -9999 -9999 -9999 -9999 -9999 -9999 -9999 -9999 -9999 -9999 -9999 -9999 -9999 -9999 -9999
-9999 -9999 -9999 -9999 -9999 -9999 -9999 -9999 -9999 -9999 -9999 -9999 -9999 -9999 -9999 -9999 -9999 -9999 -9999 -9999 8.39 8.08 9.02 13.85 14.70 10.63 7.26 8.07 8.76 11.32 6.83 10.11 8.38 7.57 7.82 6.85 4.83 5.63 10.09 9.97 9.33 8.60 7.85 7.49 7.47 7.31 6.81 6.99 6.73 6.18 6.52 6.49 7.28 9.83 9.43 9.65 10.81 10.68 8.87 -9999 -9999 -9999 -9999 -9999 -9999 -9999 -9999 -9999 -9999 -9999 -9999 -9999 -9999 -9999 -9999 -9999 -9999 -9999 -9999
-9999 -9999 -9999 -9999 -9999 -9999 -9999 -9999 -9999 -9999 -9999 -9999 -9999 -9999 -9999 -9999 -9999 -9999 -9999 -9999 8.70 7.59 9.66 11.05 6.84 18.04 14.78 7.38 9.34 7.28 10.88 11.67 8.15 6.75 7.51 7.56 5.27 12.21 10.99 10.87 11.67 12.11 11.29 8.14 9.13 7.81 7.34 7.20 6.99 6.80 6.50 5.75 6.35 8.72 7.84 7.65 8.55 9.93 8.42 10.77 -9999 -9999 -9999 -9999 -9999 -9999 -9999 -9999 -9999 -9999 -9999 -9999 -9999 -9999 -9999 -9999 -9999 -9999 -9999
-9999 -9999 -9999 -9999 -9999 -9999 -9999 -9999 10.61 11.12 11.55 -9999 -9999 -9999 -9999 -9999 -9999 -9999 -9999 -9999 -9999 8.63 7.63 6.53 8.58 10.45 13.25 7.01 4.33 9.04 8.33 7.70 6.65 8.37 8.46 7.09 7.72 10.08 10.18 13.75 12.76 10.77 10.28 10.84 9.30 8.07 7.62 7.24 7.19 6.52 5.99 9.86 8.72 11.58 12.10 11.10 10.11 7.78 10.66 10.89 9.56 -9999 -9999 -9999 -9999 -9999 -9999 -9999 -9999 -9999 -9999 -9999 -9999 -9999 -9999 -9999 -9999 -9999 -9999
-9999 -9999 -9999 -9999 -9999 -9999 -9999 -9999 9.20 9.61 -9999 -9999 -9999 -9999 -9999 -9999 -9999 -9999 -9999 -9999 -9999 -9999 7.67 5.52 9.22 9.48 16.58 8.82 8.69 7.62 5.46 4.72 5.32 5.20 12.74 6.94 7.91 12.37 9.94 7.44 7.02 11.36 7.87 10.67 8.90 7.81 7.31 7.15 6.64 6.94 9.05 9.91 8.96 8.46 8.07 9.31 10.37 9.94 10.36 10.09 11.78 -9999 -9999 -9999 -9999 -9999 -9999 -9999 -9999 -9999 -9999 -9999 -9999 -9999 -9999 -9999 -9999 -9999 -9999
-9999 -9999 -9999 -9999 -9999 -9999 -9999 8.58 11.39 11.06 10.30 -9999 -9999 -9999 -9999 -9999 -9999 -9999 -9999 -9999 -9999 -9999 8.10 9.89 10.54 10.57 8.34 9.73 7.71 6.94 5.73 5.05 6.81 5.37 4.05 12.38 8.28 7.39 10.99 9.22 12.09 9.48 9.93 8.60 8.33 7.90 7.78 6.99 6.40 7.38 8.52 7.61 8.34 9.16 8.83 9.42 9.35 9.69 9.97 8.65 11.27 9.92 -9999 -9999 -9999 -9999 -9999 -9999 -9999 -9999 -9999 -9999 -9999 -9999 -9999 -9999 -9999 -9999 -9999
-9999 -9999 -9999 -9999 -9999 -9999 7.55 11.59 13.25 16.10 10.01 -9999 -9999 -9999 -9999 -9999 -9999 -9999 -9999 -9999 -9999 -9999 9.15 13.32 10.68 6.68 8.07 7.50 8.07 6.14 5.25 6.05 7.00 4.51 10.29 7.56 10.55 7.78 12.39 7.35 8.81 7.16 9.39 8.00 8.33 8.49 7.37 7.15 6.29 6.15 8.90 9.24 8.85 7.79 8.06 7.84 8.01 8.42 9.99 10.04 9.57 10.15 -9999 -9999 -9999 -9999 -9999 -9999 -9999 -9999 -9999 -9999 -9999 -9999 -9999 -9999 -9999 -9999 -9999
-9999 -9999 -9999 -9999 -9999 8.78 8.37 14.93 11.91 11.14 -9999 -9999 -9999 -9999 -9999 -9999 -9999 -9999 -9999 -9999 -9999 -9999 -9999 9.08 7.33 7.03 9.10 6.73 8.53 6.60 5.92 5.65 6.15 4.65 10.38 10.10 11.11 10.63 11.68 11.66 11.70 10.50 10.03 10.20 9.64 7.77 7.42 7.10 6.34 5.98 6.47 10.69 9.58 7.18 6.79 7.00 6.80 6.94 7.04 7.35 7.19 7.99 9.20 9.55 -9999 -9999 -9999 -9999 -9999 -9999 -9999 -9999 -9999 -9999 -9999 -9999 -9999 -9999 -9999
-9999 -9999 -9999 -9999 -9999 11.18 12.74 9.05 9.12 9.49 -9999 -9999 -9999 -9999 -9999 -9999 -9999 -9999 -9999 -9999 -9999 -9999 -9999 -9999 7.89 8.73 7.99 7.03 7.92 7.11 6.99 6.47 6.97 4.78 10.38 9.39 8.40 10.74 9.86 9.14 13.32 13.24 9.77 11.31 10.07 9.41 7.50 6.93 6.62 6.20 6.17 7.01 7.50 6.92 7.00 6.98 6.98 6.68 6.55 6.60 6.84 9.61 9.70 9.19 -9999 -9999 -9999 -9999 -9999 -9999 -9999 -9999 -9999 -9999 -9999 -9999 -9999 -9999 -9999
-9999 -9999 -9999 -9999 -9999 11.67 10.26 10.57 9.43 -9999 -9999 -9999 -9999 -9999 -9999 -9999 -9999 -9999 -9999 -9999 -9999 -9999 -9999 -9999 8.83 9.02 8.50 -9999 7.97 -9999 7.37 6.47 5.86 4.72 4.69 9.62 8.81 9.32 12.69 6.23 7.31 12.79 10.89 10.29 10.13 8.90 7.60 7.14 6.98 6.52 6.38 6.45 7.32 8.43 7.47 8.01 7.03 6.33 7.27 8.40 8.02 7.43 7.44 9.00 10.44 10.71 -9999 -9999 -9999 -9999 -9999 -9999 -9999 -9999 -9999 -9999 -9999 -9999 -9999
-9999 -9999 -9999 -9999 11.05 9.95 9.58 -9999 -9999 -9999 -9999 -9999 -9999 -9999 -9999 -9999 -9999 -9999 -9999 -9999 -9999 -9999 -9999 -9999 9.60 8.79 8.11 -9999 -9999 -9999 7.28 7.88 5.11 5.91 6.91 5.54 5.52 7.32 11.33 11.13 6.24 10.41 12.08 9.42 10.58 9.52 8.41 6.69 6.80 6.57 6.53 6.52 6.74 7.18 7.22 7.55 6.37 6.94 8.00 8.71 8.93 8.68 7.91 7.81 8.71 9.66 -9999 -9999 -9999 -9999 -9999 -9999 -9999 -9999 -9999 -9999 -9999 -9999 -9999
-9999 -9999 -9999 -9999 -9999 -9999 -9999 -9999 -9999 -9999 -9999 -9999 -9999 -9999 -9999 -9999 -9999 -9999 -9999 -9999 -9999 -9999 -9999 -9999 -9999 -9999 -9999 -9999 -9999 7.91 6.40 6.34 8.06 8.98 9.42 9.04 7.41 7.77 10.41 10.17 8.24 6.27 9.60 10.99 9.40 8.63 7.90 7.21 6.99 7.15 6.69 6.52 6.56 6.58 6.51 6.03 6.98 9.54 7.95 8.47 7.67 7.73 7.00 7.57 8.37 -9999 -9999 -9999 -9999 -9999 -9999 -9999 -9999 -9999 -9999 -9999 -9999 -9999 -9999
-9999 -9999 -9999 -9999 -9999 -9999 -9999 -9999 -9999 -9999 -9999 -9999 -9999 -9999 -9999 -9999 -9999 -9999 -9999 -9999 -9999 -9999 -9999 -9999 -9999 -9999 -9999 -9999 -9999 7.45 6.31 7.63 10.09 12.55 11.15 8.14 9.18 6.55 6.94 6.47 8.17 8.66 9.44 9.83 9.50 8.37 8.00 7.69 7.02 7.18 6.66 6.60 6.64 6.69 6.51 5.93 6.50 10.10 9.17 7.40 6.99 6.79 6.74 7.46 8.58 -9999 -9999 -9999 -9999 -9999 -9999 -9999 -9999 -9999 -9999 -9999 -9999 -9999 -9999
-9999 -9999 -9999 -9999 -9999 -9999 -9999 -9999 -9999 -9999 -9999 -9999 -9999 -9999 -9999 -9999 -9999 -9999 -9999 -9999 -9999 -9999 -9999 -9999 -9999 -9999 -9999 -9999 -9999 6.97 5.84 6.19 8.82 9.90 9.34 8.41 8.12 7.22 7.65 6.60 6.54 7.28 5.80 9.70 8.45 9.43 8.26 8.01 6.89 6.67 6.78 6.71 6.74 6.68 6.59 6.28 6.04 7.82 8.51 7.55 6.85 6.79 6.69 7.37 8.42 -9999 -9999 -9999 -9999 -9999 -9999 -9999 -9999 -9999 -9999 -9999 -9999 -9999 -9999
-9999 -9999 -9999 -9999 -9999 -9999 -9999 -9999 -9999 -9999 -9999 -9999 -9999 -9999 -9999 -9999 -9999 -9999 -9999 -9999 -9999 -9999 -9999 -9999 -9999 -9999 -9999 8.98 7.92 6.56 5.70 8.11 9.59 12.13 8.95 10.44 6.07 7.19 7.08 8.13 8.58 8.20 9.92 6.58 6.96 7.05 7.06 6.71 7.53 6.70 6.68 6.96 6.69 6.65 6.71 6.44 6.23 6.32 7.92 7.43 6.78 6.64 6.66 7.09 8.05 8.93 -9999 -9999 -9999 -9999 -9999 -9999 -9999 -9999 -9999 -9999 -9999 -9999 -9999
-9999 -9999 -9999 -9999 -9999 -9999 -9999 -9999 -9999 -9999 -9999 -9999 -9999 -9999 -9999 -9999 -9999 -9999 -9999 -9999 -9999 -9999 -9999 -9999 -9999 -9999 -9999 8.52 7.42 6.61 6.12 6.44 9.03 6.92 6.89 5.42 6.96 9.87 7.62 9.02 8.41 9.44 6.23 9.72 7.67 8.76 8.41 8.49 7.43 7.07 6.76 6.61 6.59 6.66 6.66 6.60 6.33 6.08 6.56 7.69 7.12 6.64 6.69 6.85 7.63 8.65 -9999 -9999 -9999 -9999 -9999 -9999 -9999 -9999 -9999 -9999 -9999 -9999 -9999
-9999 -9999 -9999 -9999 -9999 -9999 -9999 -9999 -9999 -9999 -9999 -9999 -9999 -9999 -9999 -9999 -9999 -9999 -9999 -9999 -9999 -9999 -9999 -9999 -9999 -9999 -9999 8.58 7.35 6.89 6.49 6.59 6.91 7.21 6.45 5.61 7.07 7.42 6.83 8.41 10.53 8.22 7.65 6.36 8.09 6.50 7.15 7.79 8.11 7.30 7.03 6.59 6.56 6.67 6.69 6.65 6.50 6.22 6.35 7.43 8.09 7.06 6.65 6.81 7.28 7.96 8.82 -9999 -9999 -9999 -9999 -9999 -9999 -9999 -9999 -9999 -9999 -9999 -9999
-9999 -9999 -9999 -9999 -9999 -9999 -9999 -9999 -9999 -9999 -9999 -9999 -9999 -9999 -9999 -9999 -9999 -9999 -9999 -9999 -9999 -9999 -9999 -9999 -9999 -9999 -9999 8.31 7.45 7.12 7.06 6.77 6.54 6.24 6.91 7.93 5.71 5.67 6.71 10.71 10.54 11.44 9.95 7.97 7.72 8.15 6.86 6.34 7.40 7.83 6.95 6.58 6.62 6.53 6.65 6.70 6.70 6.44 6.33 7.67 8.70 7.60 7.13 7.18 7.08 7.35 8.25 9.01 -9999 -9999 -9999 -9999 -9999 -9999 -9999 -9999 -9999 -9999 -9999
-9999 -9999 -9999 -9999 -9999 -9999 -9999 -9999 -9999 -9999 -9999 -9999 -9999 -9999 -9999 -9999 -9999 -9999 -9999 -9999 -9999 -9999 -9999 -9999 -9999 -9999 -9999 8.27 7.23 6.95 6.77 6.44 5.99 6.50 6.15 7.19 7.56 9.16 10.39 10.96 8.39 10.00 8.68 8.47 7.10 8.24 7.68 6.96 6.44 6.38 6.65 6.53 6.60 6.65 6.74 6.78 6.89 6.86 6.80 6.96 7.87 7.67 7.32 7.40 7.45 7.35 7.52 8.49 -9999 -9999 -9999 -9999 -9999 -9999 -9999 -9999 -9999 -9999 -9999
-9999 -9999 -9999 -9999 -9999 -9999 -9999 -9999 -9999 -9999 -9999 -9999 -9999 -9999 -9999 -9999 -9999 -9999 -9999 -9999 -9999 -9999 -9999 -9999 -9999 -9999 -9999 -9999 7.23 6.95 6.60 6.03 6.43 8.08 8.07 8.74 7.69 7.37 9.13 8.67 9.86 8.99 7.13 5.79 6.35 6.26 7.48 6.76 6.56 7.10 6.92 6.46 6.71 6.65 6.77 6.77 6.87 7.01 7.10 7.14 7.00 7.30 7.47 7.65 -9999 7.67 7.93 8.54 9.58 -9999 -9999 -9999 -9999 -9999 -9999 -9999 -9999 -9999 -9999
-9999 -9999 -9999 -9999 -9999 -9999 -9999 -9999 -9999 -9999 -9999 -9999 -9999 -9999 -9999 -9999 -9999 -9999 -9999 -9999 -9999 -9999 -9999 -9999 -9999 -9999 -9999 8.09 7.16 6.84 6.23 5.76 5.93 9.44 9.90 8.09 10.46 9.88 8.12 7.75 11.32 9.45 9.63 7.19 5.53 7.26 6.09 5.70 6.52 6.75 6.50 6.74 6.56 6.63 6.73 6.86 6.78 6.84 8.09 7.37 6.85 8.05 7.49 7.48 7.56 -9999 8.31 8.82 9.64 10.27 -9999 -9999 -9999 -9999 -9999 -9999 -9999 -9999 -9999
-9999 -9999 -9999 -9999 -9999 -9999 -9999 -9999 -9999 -9999 -9999 -9999 -9999 -9999 -9999 -9999 -9999 -9999 -9999 -9999 -9999 -9999 -9999 -9999 -9999 -9999 -9999 7.90 6.98 6.69 6.20 7.45 6.55 7.46 10.05 7.25 7.57 7.84 6.07 6.01 9.28 8.68 8.57 5.74 7.34 8.06 6.04 7.03 6.47 7.10 7.03 6.82 6.57 6.62 6.69 6.73 6.65 6.60 6.79 7.25 6.50 6.79 7.45 6.98 7.48 7.79 -9999 -9999 -9999 -9999 -9999 -9999 -9999 -9999 -9999 -9999 -9999 -9999 -9999
-9999 -9999 -9999 -9999 -9999 -9999 -9999 -9999 -9999 -9999 -9999 -9999 -9999 -9999 -9999 -9999 -9999 -9999 -9999 -9999 -9999 -9999 -9999 -9999 -9999 -9999 8.79 7.36 6.80 7.42 7.02 7.10 6.69 7.42 7.52 7.10 6.92 6.46 6.17 6.42 8.52 10.49 10.51 6.65 8.74 8.07 5.96 6.32 5.66 6.46 6.99 6.71 6.51 6.77 6.75 6.70 6.76 6.59 6.73 6.89 6.79 6.61 7.87 7.40 7.32 7.39 8.15 8.93 -9999 -9999 -9999 -9999 -9999 -9999 -9999 -9999 -9999 -9999 -9999
-9999 -9999 -9999 -9999 -9999 -9999 -9999 -9999 -9999 -9999 -9999 -9999 -9999 -9999 -9999 -9999 -9999 -9999 -9999 -9999 -9999 -9999 -9999 -9999 -9999 -9999 -9999 7.44 6.74 6.78 7.12 8.70 6.84 6.54 6.47 6.93 7.22 6.70 6.36 6.05 5.87 8.96 9.90 10.67 8.15 8.31 7.37 6.49 6.94 5.42 5.96 7.10 6.60 6.68 6.62 6.60 6.75 6.63 6.72 7.05 6.83 6.45 6.57 8.63 7.65 7.31 7.48 8.01 8.78 9.60 -9999 -9999 -9999 -9999 -9999 -9999 -9999 -9999 -9999
-9999 -9999 -9999 -9999 -9999 -9999 -9999 -9999 -9999 -9999 -9999 -9999 -9999 -9999 -9999 -9999 -9999 -9999 -9999 -9999 -9999 -9999 -9999 -9999 -9999 -9999 -9999 7.39 7.04 6.75 6.90 7.09 7.19 6.87 6.42 6.58 6.33 6.12 6.08 5.94 6.27 5.43 9.19 11.28 11.52 9.29 7.91 7.23 6.10 6.56 6.16 7.49 6.76 6.80 6.61 6.58 6.62 6.67 7.03 7.14 6.97 6.54 6.87 8.58 8.03 8.18 7.21 7.24 7.91 8.81 -9999 -9999 -9999 -9999 -9999 -9999 -9999 -9999 -9999
-9999 -9999 -9999 -9999 -9999 -9999 -9999 11.02 10.47 10.78 11.49 -9999 -9999 -9999 -9999 -9999 -9999 -9999 -9999 -9999 -9999 -9999 -9999 -9999 -9999 -9999 7.63 6.98 7.44 6.96 7.71 7.24 6.76 6.64 6.65 6.46 6.46 6.27 6.19 5.92 5.55 7.76 9.63 9.50 7.42 10.05 9.12 6.25 6.34 4.97 7.75 8.01 6.94 6.89 6.69 6.60 6.64 6.75 7.06 7.46 7.30 6.73 6.71 7.01 8.54 8.37 8.72 7.23 7.15 8.05 9.07 -9999 -9999 -9999 -9999 -9999 -9999 -9999 -9999
-9999 -9999 -9999 -9999 -9999 -9999 -9999 10.74 10.23 10.02 10.10 -9999 -9999 -9999 -9999 -9999 -9999 -9999 -9999 -9999 -9999 -9999 -9999 -9999 -9999 7.60 7.61 7.13 7.40 8.18 7.14 7.15 6.44 6.46 6.67 6.52 6.67 6.73 6.03 5.52 5.29 6.46 11.19 10.86 7.19 8.59 8.12 7.84 5.48 5.03 6.92 7.66 7.11 6.46 6.43 6.56 6.97 6.97 7.08 7.32 7.67 7.12 6.95 6.82 8.26 8.29 8.23 7.38 7.25 7.52 8.59 -9999 -9999 -9999 -9999 -9999 -9999 -9999 -9999
-9999 -9999 -9999 -9999 -9999 12.84 10.41 9.36 9.83 9.59 10.11 9.42 9.84 10.01 -9999 -9999 9.65 8.02 -9999 -9999 -9999 6.65 7.88 7.45 -9999 6.31 8.11 7.48 7.07 7.45 6.95 7.20 7.20 7.71 7.30 7.28 6.52 6.79 6.14 5.96 8.65 5.95 7.43 9.52 5.04 6.48 10.77 6.10 7.75 6.04 6.77 7.09 6.80 6.66 6.66 6.68 6.99 6.80 7.11 7.14 7.82 7.15 6.93 6.89 7.21 7.80 8.65 8.30 7.36 7.22 8.12 9.26 -9999 -9999 -9999 -9999 -9999 -9999 -9999
-9999 -9999 -9999 -9999 -9999 -9999 10.73 9.71 9.36 9.02 9.02 9.63 10.38 7.75 -9999 6.81 7.87 8.70 7.38 8.04 5.34 4.80 8.63 8.66 7.69 -9999 6.41 7.76 7.61 6.94 6.88 7.48 6.91 6.81 6.77 6.65 6.80 6.47 6.67 6.27 8.88 8.97 8.28 8.56 7.73 9.19 9.31 7.88 6.09 5.80 7.43 7.51 6.45 6.99 6.64 7.03 7.16 6.82 6.98 7.04 7.83 7.19 6.92 6.91 6.74 7.39 8.08 8.79 8.07 7.42 7.77 8.86 -9999 -9999 -9999 -9999 -9999 -9999 -9999
