ML/MeanWindSpeed_1992-05_Actual.txt
ncols         180
nrows         290
xllcorner     -200000
yllcorner     -200000
cellsize      5000
NODATA_value  -9999
[rows 210 to 244 of 290, columns 78 to 155 of 180]
12.79 12.62 11.27 12.89 12.90 -9999 -9999 -9999 -9999 -9999 -9999 -9999 6.91 6.79 7.84 7.47 7.47 7.85 9.71 11.44 13.49 13.09 11.31 10.01 9.82 8.84 10.97 10.32 6.38 5.24 8.22 8.46 9.64 7.19 6.68 6.39 5.83 6.81 7.65 7.66 7.93 7.63 7.29 7.01 6.73 6.45 6.36 6.22 6.72 6.31 6.39 6.41 6.39 6.47 6.34 7.07 8.07 7.88 7.38 8.54 8.52 8.18 7.91 7.05 6.47 6.77 7.19 6.99 6.46 6.26 7.27 6.62 6.97 7.80 7.40 7.46 7.46 7.06
-9999 13.24 -9999 -9999 -9999 -9999 -9999 -9999 -9999 -9999 10.76 9.25 8.58 9.65 9.55 8.81 7.99 8.17 8.53 10.74 12.07 11.45 8.16 8.02 10.90 9.65 9.38 7.45 5.83 5.42 7.66 8.32 8.40 7.06 6.59 6.33 5.30 8.04 8.37 7.48 7.58 7.21 7.11 6.97 6.72 6.96 6.59 6.71 6.31 6.30 6.42 6.58 6.45 6.61 6.22 7.47 8.71 7.73 8.23 6.90 7.73 7.38 6.82 6.93 6.45 6.52 7.12 6.68 6.07 6.09 6.33 6.90 7.41 7.04 7.59 7.52 7.00 6.99
-9999 -9999 -9999 -9999 -9999 -9999 -9999 -9999 -9999 -9999 12.10 11.23 9.56 10.89 11.63 -9999 -9999 8.54 10.72 7.66 9.11 8.56 8.41 8.79 9.81 7.49 7.23 7.38 6.81 7.52 8.25 8.51 7.84 7.04 7.05 5.71 6.38 8.45 7.64 7.16 6.86 6.92 7.41 7.35 6.96 6.91 6.50 6.55 6.93 7.23 6.96 7.36 6.46 6.10 6.77 8.70 7.54 7.68 7.25 6.08 7.06 6.49 6.02 5.89 5.92 5.88 6.01 7.15 6.26 6.25 6.46 6.58 6.77 6.68 6.53 7.79 7.51 8.17
-9999 -9999 -9999 -9999 -9999 -9999 -9999 -9999 -9999 -9999 -9999 -9999 -9999 -9999 -9999 -9999 -9999 10.02 9.07 8.69 8.10 7.12 6.92 7.18 7.84 7.50 7.92 8.33 8.70 9.47 9.48 -9999 7.71 6.80 6.04 5.73 6.54 8.21 7.58 7.37 6.80 6.33 6.50 7.35 6.90 6.96 7.75 7.77 7.50 7.98 8.55 7.47 7.13 6.84 7.00 8.12 7.32 7.21 6.95 6.25 5.96 5.61 5.73 5.97 5.68 5.49 5.85 6.13 6.15 6.24 6.43 6.56 6.70 6.99 7.28 7.73 7.80 8.41
-9999 -9999 -9999 -9999 -9999 -9999 -9999 -9999 -9999 -9999 -9999 -9999 -9999 -9999 -9999 -9999 -9999 -9999 10.01 8.50 7.39 7.28 7.61 6.78 6.87 7.50 8.69 -9999 -9999 -9999 -9999 8.57 7.38 6.49 5.76 5.73 6.51 8.03 7.42 7.35 6.75 6.15 7.04 7.04 8.14 7.69 8.95 7.91 8.03 7.68 7.90 7.66 7.00 7.44 6.26 6.95 7.20 6.03 6.11 5.65 5.34 5.07 4.70 4.66 4.98 4.88 5.26 5.60 5.91 6.01 7.16 7.48 6.75 6.94 7.34 7.62 7.95 9.14
-9999 -9999 -9999 -9999 -9999 -9999 -9999 -9999 -9999 -9999 -9999 -9999 -9999 -9999 -9999 -9999 -9999 -9999 -9999 9.56 9.70 8.45 7.53 8.04 8.29 9.02 -9999 -9999 -9999 -9999 8.82 8.28 7.78 5.42 5.29 5.49 7.46 8.19 7.73 7.03 6.13 6.27 6.49 7.82 8.95 8.20 8.34 7.96 8.17 7.98 7.14 7.30 7.12 6.65 6.59 6.63 6.33 5.76 5.77 5.98 5.94 5.72 4.67 4.64 4.79 4.85 5.71 6.03 6.51 6.33 6.98 7.01 6.97 7.88 7.38 7.85 8.07 9.13
-9999 -9999 -9999 -9999 -9999 -9999 -9999 -9999 -9999 -9999 -9999 -9999 -9999 -9999 -9999 -9999 -9999 -9999 -9999 -9999 10.26 9.86 9.15 9.78 9.43 10.33 -9999 -9999 -9999 8.25 6.50 6.04 7.36 6.96 6.40 5.60 6.91 6.49 7.55 6.86 5.65 6.68 7.79 8.02 7.84 8.53 8.04 7.76 7.61 7.09 6.92 6.73 6.78 6.97 6.51 5.98 5.84 5.78 5.76 6.23 5.84 5.65 5.23 4.80 4.99 5.10 5.72 6.07 6.58 6.73 6.96 6.76 7.32 7.72 8.00 7.65 6.91 8.54
-9999 -9999 -9999 -9999 -9999 -9999 -9999 -9999 -9999 -9999 -9999 -9999 -9999 -9999 -9999 -9999 -9999 -9999 -9999 -9999 -9999 -9999 -9999 -9999 -9999 -9999 -9999 -9999 10.02 6.84 5.28 5.51 7.46 6.15 6.50 7.01 7.14 7.13 7.08 5.94 5.79 6.13 7.13 7.31 7.57 7.68 7.87 7.65 7.51 8.49 7.24 7.26 6.78 7.00 6.75 5.95 5.87 5.52 5.89 6.46 5.95 5.32 5.15 5.26 5.29 5.85 6.06 6.73 6.72 7.54 7.92 7.51 6.62 8.45 8.99 7.84 6.86 8.99
-9999 -9999 -9999 -9999 -9999 -9999 -9999 -9999 -9999 -9999 -9999 -9999 -9999 -9999 -9999 -9999 -9999 -9999 -9999 -9999 -9999 -9999 -9999 -9999 -9999 -9999 -9999 -9999 7.95 6.47 5.22 9.35 8.56 6.19 6.73 7.15 7.39 7.52 6.28 5.96 5.98 6.02 7.02 7.01 6.92 8.15 8.02 8.72 7.57 7.75 8.59 7.34 7.01 6.88 6.41 6.10 5.82 5.69 6.04 6.05 6.11 5.56 5.19 5.33 5.40 5.75 7.30 7.11 7.88 8.20 8.90 7.77 6.81 7.73 8.02 6.98 6.47 6.99
-9999 -9999 -9999 -9999 -9999 -9999 -9999 -9999 -9999 -9999 -9999 -9999 -9999 -9999 -9999 -9999 -9999 -9999 -9999 -9999 -9999 -9999 -9999 -9999 -9999 -9999 -9999 -9999 7.53 5.18 4.15 6.11 8.99 8.32 7.96 7.23 7.97 6.64 6.34 5.83 7.09 7.29 7.97 7.68 7.10 7.25 7.26 7.50 7.84 7.87 7.16 7.00 7.01 6.98 6.56 6.24 6.06 5.94 6.29 6.16 5.93 5.33 5.31 6.03 6.84 6.38 7.25 7.22 7.44 7.68 8.31 9.52 9.18 7.72 7.60 7.56 7.57 7.62
-9999 -9999 -9999 -9999 -9999 -9999 -9999 -9999 -9999 -9999 -9999 12.24 12.13 10.27 13.76 13.25 13.29 13.50 14.87 9.21 13.41 10.16 -9999 -9999 -9999 -9999 -9999 -9999 6.87 5.49 5.13 4.73 5.70 7.29 8.59 8.24 7.34 6.68 6.53 7.02 7.92 7.32 6.96 7.07 6.79 6.83 7.25 6.98 6.74 6.63 6.99 6.53 7.06 7.38 7.91 7.01 6.45 6.64 6.59 6.28 6.61 5.54 5.21 6.29 7.12 6.35 6.27 6.64 6.95 7.13 7.08 7.16 7.10 6.94 6.84 6.50 6.42 6.56
-9999 -9999 -9999 -9999 -9999 -9999 -9999 -9999 -9999 -9999 -9999 13.15 11.85 11.28 9.50 11.17 12.61 12.25 12.67 12.67 10.47 9.42 8.44 9.00 10.59 9.03 8.16 6.78 5.96 5.24 4.96 5.05 5.13 5.51 7.49 7.66 7.00 6.33 8.38 7.38 6.75 7.06 7.44 6.86 6.68 6.72 6.84 7.03 6.76 6.76 6.09 6.28 6.82 6.95 7.03 7.60 7.70 6.34 6.17 6.02 5.71 6.03 5.38 8.39 7.12 6.79 6.58 6.32 6.58 6.68 7.53 7.64 6.70 7.84 7.38 7.69 6.67 6.83
-9999 -9999 -9999 -9999 -9999 -9999 -9999 -9999 -9999 -9999 12.52 10.93 9.73 8.80 7.88 9.91 12.32 12.19 11.43 11.12 10.64 9.45 8.00 7.26 7.69 8.41 6.31 5.73 5.11 5.09 5.73 4.79 5.04 6.37 6.77 6.69 6.68 8.29 6.99 8.24 7.85 7.13 6.34 6.61 6.13 6.52 6.86 6.55 6.85 6.18 6.53 6.39 6.56 6.71 7.85 8.49 6.86 6.04 6.15 7.80 6.47 5.83 5.97 6.16 6.53 6.51 6.18 6.16 6.69 7.51 7.08 6.56 6.60 7.86 7.37 7.14 7.43 7.28
-9999 -9999 -9999 -9999 -9999 -9999 -9999 -9999 -9999 -9999 -9999 10.37 8.99 8.02 9.01 9.05 10.10 12.53 11.60 9.92 8.42 9.78 10.62 8.31 6.41 6.46 7.64 6.07 4.70 4.69 4.61 5.11 5.28 5.00 5.69 6.30 6.65 7.44 6.70 8.09 7.31 7.14 6.86 6.84 6.19 6.71 7.03 6.85 5.76 5.84 6.45 5.89 5.81 5.93 6.97 8.05 7.74 6.16 6.27 7.07 6.83 6.19 5.55 5.55 5.54 5.69 6.90 6.73 6.66 7.22 8.14 7.66 7.45 8.12 8.14 7.29 7.78 6.92
-9999 -9999 -9999 -9999 -9999 -9999 -9999 13.84 -9999 -9999 11.44 9.78 9.75 7.17 8.34 7.53 8.06 8.89 9.39 9.99 8.44 9.59 9.99 7.42 6.33 5.42 5.27 4.91 4.34 4.44 4.70 5.39 4.78 4.78 5.56 7.17 6.28 7.03 6.37 7.30 7.02 7.50 7.96 7.16 6.19 5.88 6.13 5.88 5.56 6.74 6.13 5.61 7.14 6.15 6.51 8.15 8.86 6.11 6.37 6.74 6.47 5.88 5.46 5.42 5.77 6.22 6.65 6.10 6.04 6.20 6.75 6.94 7.18 7.92 7.49 7.34 7.21 6.77
-9999 -9999 -9999 -9999 -9999 -9999 12.49 13.21 12.73 12.14 9.67 8.42 9.09 7.04 6.32 7.00 6.96 8.74 9.47 10.08 8.54 7.96 7.85 6.37 5.19 4.90 5.12 5.28 5.06 4.44 4.50 4.70 4.58 4.68 6.22 6.62 6.05 6.69 7.02 8.20 7.62 7.49 8.37 7.19 6.75 5.88 6.55 6.15 6.21 5.82 5.80 5.35 6.33 6.46 6.11 7.15 6.82 6.15 6.11 6.14 6.65 6.22 5.88 5.64 5.51 5.47 5.61 6.13 6.53 6.42 5.98 6.57 7.05 7.78 8.08 7.69 6.80 7.45
-9999 -9999 -9999 -9999 -9999 -9999 11.57 11.24 10.11 10.24 9.03 8.03 6.76 7.90 7.89 7.20 8.31 8.61 8.67 9.70 8.44 7.89 7.26 5.13 5.76 7.03 6.43 5.52 4.74 4.32 4.86 5.29 5.66 5.28 6.54 6.30 6.74 6.25 5.83 7.16 8.23 7.35 7.35 7.12 6.53 6.52 7.06 6.27 5.69 6.29 6.55 5.46 5.85 6.04 6.09 6.97 7.26 7.13 8.29 6.35 6.36 5.59 5.31 5.53 5.76 5.45 5.48 5.96 6.59 6.42 6.25 6.27 7.02 7.10 7.16 7.21 7.37 6.51
-9999 -9999 -9999 -9999 -9999 -9999 11.78 10.56 9.75 9.85 9.00 8.54 7.28 7.45 7.43 6.53 7.63 7.96 8.54 8.76 8.03 5.83 4.60 4.06 5.83 5.88 6.17 6.56 4.94 4.85 5.11 4.87 5.82 5.47 6.56 6.42 6.37 6.28 5.93 7.41 7.23 7.33 7.22 7.00 6.83 6.88 7.32 7.00 5.94 5.76 6.00 6.61 5.76 5.99 5.98 6.49 6.57 6.54 7.13 6.69 7.26 7.82 5.12 7.73 6.60 5.31 5.69 8.33 8.39 8.12 5.92 6.07 6.51 6.56 6.93 6.81 7.88 8.78
-9999 -9999 -9999 -9999 -9999 -9999 10.62 9.98 9.49 9.20 8.53 8.15 7.52 7.14 7.77 7.22 7.38 7.95 7.34 7.36 6.78 6.37 4.12 4.55 6.40 5.94 6.78 6.64 5.32 5.51 5.84 5.12 5.72 6.05 6.22 6.28 6.26 6.67 7.48 6.39 7.28 7.18 7.20 6.99 6.85 7.07 7.43 6.52 6.32 6.06 6.43 6.81 7.35 6.80 7.53 7.44 7.11 6.84 6.50 6.05 6.10 6.36 5.89 7.43 7.44 8.04 7.87 8.50 8.98 9.26 6.46 6.49 6.50 6.77 7.31 8.34 9.59 10.04
-9999 -9999 -9999 -9999 -9999 -9999 9.71 9.23 8.96 9.13 9.31 8.49 7.97 7.86 8.16 8.70 8.08 7.64 6.94 7.21 6.47 5.90 5.40 4.49 4.96 4.93 6.60 5.64 4.14 6.32 6.18 5.36 7.73 6.93 7.45 7.94 7.37 7.06 7.58 6.83 6.47 6.89 6.96 6.61 6.70 6.85 7.35 6.52 6.51 7.22 7.90 7.80 7.88 8.14 8.25 8.52 8.49 8.09 7.38 7.05 7.63 8.06 8.26 8.79 9.17 9.35 -9999 -9999 9.53 9.60 8.97 8.33 7.54 9.89 8.72 -9999 -9999 -9999
-9999 -9999 -9999 -9999 -9999 11.97 9.69 9.16 8.30 8.93 8.97 9.67 8.76 9.79 9.38 9.17 8.20 7.61 7.00 6.81 6.26 5.76 5.68 5.52 5.69 6.00 5.76 4.63 6.78 7.52 5.75 5.25 6.17 6.39 7.53 7.51 6.64 6.60 6.53 6.33 7.20 7.21 7.39 7.15 7.19 7.71 8.37 8.10 7.68 7.59 7.92 8.21 -9999 -9999 9.29 10.16 10.27 9.73 9.27 8.87 9.15 -9999 -9999 -9999 -9999 -9999 -9999 -9999 -9999 -9999 -9999 9.79 10.02 11.36 10.50 -9999 -9999 -9999
-9999 -9999 -9999 -9999 13.05 11.31 9.34 9.48 8.28 8.17 8.18 8.36 8.34 11.38 11.85 10.31 9.22 8.66 8.33 7.16 6.37 5.75 6.04 6.06 8.04 8.61 8.04 7.69 9.17 7.35 7.48 7.34 7.84 8.31 6.96 6.10 6.53 6.08 6.30 6.18 6.69 7.01 8.46 9.45 9.59 9.58 9.64 9.65 8.77 -9999 7.35 7.96 7.92 8.36 9.32 -9999 -9999 -9999 -9999 10.54 -9999 -9999 -9999 -9999 -9999 -9999 -9999 -9999 -9999 -9999 -9999 -9999 -9999 -9999 -9999 -9999 -9999 -9999
-9999 -9999 -9999 13.53 12.61 12.12 10.69 8.97 8.17 7.84 7.16 7.24 8.80 13.29 14.19 10.10 9.17 10.55 7.51 8.61 6.54 5.85 8.31 7.61 7.73 8.23 8.40 -9999 -9999 -9999 -9999 -9999 8.46 9.32 8.52 6.99 6.79 6.45 6.00 6.14 6.48 7.44 8.99 -9999 -9999 -9999 -9999 -9999 10.19 9.72 8.30 7.09 7.03 9.03 9.51 -9999 -9999 -9999 -9999 -9999 -9999 -9999 -9999 -9999 -9999 -9999 -9999 -9999 -9999 -9999 -9999 -9999 -9999 -9999 -9999 -9999 -9999 -9999
-9999 -9999 9.82 10.57 12.03 12.32 10.86 9.97 8.78 7.14 7.51 7.73 10.22 13.19 14.33 12.46 10.85 8.90 9.09 7.51 7.60 7.11 9.18 9.45 -9999 -9999 -9999 -9999 -9999 -9999 -9999 -9999 -9999 9.04 8.97 7.74 8.51 9.21 9.39 7.63 9.36 9.76 10.91 -9999 -9999 -9999 -9999 -9999 -9999 -9999 8.37 8.28 7.28 8.24 -9999 -9999 -9999 -9999 -9999 -9999 -9999 -9999 -9999 -9999 -9999 -9999 -9999 -9999 -9999 -9999 -9999 -9999 -9999 -9999 -9999 -9999 -9999 -9999
11.72 11.32 9.40 9.97 11.42 12.60 12.20 10.30 8.06 7.61 7.95 8.07 9.87 13.37 12.50 11.67 10.28 10.60 6.01 7.81 10.45 8.70 -9999 -9999 -9999 -9999 -9999 -9999 -9999 -9999 -9999 -9999 -9999 -9999 -9999 9.76 -9999 -9999 -9999 -9999 8.95 11.13 12.01 -9999 -9999 -9999 -9999 -9999 -9999 -9999 -9999 9.21 10.63 9.68 -9999 -9999 -9999 -9999 -9999 -9999 -9999 -9999 -9999 -9999 -9999 -9999 -9999 -9999 -9999 -9999 -9999 -9999 -9999 -9999 -9999 -9999 -9999 -9999
10.61 9.86 8.64 9.81 11.36 11.84 11.92 10.39 8.93 9.24 6.84 6.31 8.36 11.91 12.36 10.41 8.48 9.18 6.69 6.62 8.09 -9999 -9999 -9999 -9999 -9999 -9999 -9999 -9999 -9999 -9999 -9999 -9999 -9999 -9999 11.06 -9999 -9999 -9999 -9999 -9999 -9999 -9999 -9999 -9999 -9999 -9999 -9999 -9999 -9999 -9999 -9999 -9999 -9999 -9999 -9999 -9999 -9999 -9999 -9999 -9999 -9999 -9999 -9999 -9999 -9999 -9999 -9999 -9999 -9999 -9999 -9999 -9999 -9999 -9999 -9999 -9999 -9999
11.16 10.19 8.84 9.80 10.35 10.61 10.82 9.73 8.88 9.34 6.30 6.00 7.34 9.88 13.32 13.39 7.91 7.51 6.62 7.63 10.16 -9999 -9999 -9999 -9999 -9999 -9999 -9999 -9999 -9999 -9999 -9999 -9999 -9999 -9999 -9999 -9999 -9999 -9999 -9999 -9999 -9999 -9999 -9999 -9999 -9999 -9999 -9999 -9999 -9999 -9999 -9999 -9999 -9999 -9999 -9999 -9999 -9999 -9999 -9999 -9999 -9999 -9999 -9999 -9999 -9999 -9999 -9999 -9999 -9999 -9999 -9999 -9999 -9999 -9999 -9999 -9999 -9999
9.95 11.09 10.14 10.20 9.98 10.73 9.89 9.06 8.32 7.11 6.86 6.28 6.44 9.27 11.19 10.66 8.71 6.68 6.48 9.24 9.10 -9999 -9999 -9999 -9999 -9999 -9999 -9999 -9999 -9999 -9999 -9999 -9999 -9999 -9999 -9999 -9999 -9999 -9999 -9999 -9999 -9999 -9999 -9999 -9999 -9999 -9999 -9999 -9999 -9999 -9999 -9999 -9999 -9999 -9999 -9999 -9999 -9999 -9999 -9999 -9999 -9999 -9999 -9999 -9999 -9999 -9999 -9999 -9999 -9999 -9999 -9999 -9999 -9999 -9999 -9999 -9999 -9999
10.31 11.93 11.15 11.03 9.80 10.24 9.62 11.17 10.01 8.45 7.74 8.01 6.92 7.69 8.89 8.45 7.03 6.62 7.20 8.41 9.22 -9999 -9999 -9999 -9999 -9999 -9999 -9999 -9999 -9999 -9999 -9999 -9999 -9999 -9999 -9999 -9999 -9999 -9999 -9999 -9999 -9999 -9999 -9999 -9999 -9999 -9999 -9999 -9999 -9999 -9999 -9999 -9999 -9999 -9999 -9999 -9999 -9999 -9999 -9999 -9999 -9999 -9999 -9999 -9999 -9999 -9999 -9999 -9999 -9999 -9999 -9999 -9999 -9999 -9999 -9999 -9999 -9999
9.90 10.66 10.96 10.51 11.36 12.71 12.18 10.68 10.45 10.17 9.71 8.57 8.84 8.18 7.42 7.28 7.40 7.89 8.36 8.53 9.92 -9999 -9999 -9999 -9999 -9999 -9999 -9999 -9999 -9999 -9999 -9999 -9999 -9999 -9999 -9999 -9999 -9999 -9999 -9999 -9999 -9999 -9999 -9999 -9999 -9999 -9999 -9999 -9999 -9999 -9999 -9999 -9999 -9999 -9999 -9999 -9999 -9999 -9999 -9999 -9999 -9999 -9999 -9999 -9999 -9999 -9999 -9999 -9999 -9999 -9999 -9999 -9999 -9999 -9999 -9999 -9999 -9999
10.05 11.61 12.20 -9999 -9999 -9999 -9999 -9999 -9999 -9999 -9999 -9999 10.06 10.29 8.86 7.89 6.87 7.83 8.78 9.05 -9999 -9999 -9999 -9999 -9999 -9999 -9999 -9999 -9999 -9999 -9999 -9999 -9999 -9999 -9999 -9999 -9999 -9999 -9999 -9999 -9999 -9999 -9999 -9999 -9999 -9999 -9999 -9999 -9999 -9999 -9999 -9999 -9999 -9999 -9999 -9999 -9999 -9999 -9999 -9999 -9999 -9999 -9999 -9999 -9999 -9999 -9999 -9999 -9999 -9999 -9999 -9999 -9999 -9999 -9999 -9999 -9999 -9999
12.20 12.64 13.41 -9999 -9999 -9999 -9999 -9999 -9999 -9999 -9999 -9999 -9999 -9999 -9999 8.82 7.86 8.18 8.99 -9999 -9999 -9999 -9999 -9999 -9999 -9999 -9999 -9999 -9999 -9999 -9999 -9999 -9999 -9999 -9999 -9999 -9999 -9999 -9999 -9999 -9999 -9999 -9999 -9999 -9999 -9999 -9999 -9999 -9999 -9999 -9999 -9999 -9999 -9999 -9999 -9999 -9999 -9999 -9999 -9999 -9999 -9999 -9999 -9999 -9999 -9999 -9999 -9999 -9999 -9999 -9999 -9999 -9999 -9999 -9999 -9999 -9999 -9999
13.31 -9999 -9999 -9999 -9999 -9999 -9999 -9999 -9999 -9999 -9999 -9999 -9999 -9999 -9999 10.42 11.03 11.62 11.37 -9999 -9999 -9999 -9999 -9999 -9999 -9999 -9999 -9999 -9999 -9999 -9999 -9999 -9999 -9999 -9999 -9999 -9999 -9999 -9999 -9999 -9999 -9999 -9999 -9999 -9999 -9999 -9999 -9999 -9999 -9999 -9999 -9999 -9999 -9999 -9999 -9999 -9999 -9999 -9999 -9999 -9999 -9999 -9999 -9999 -9999 -9999 -9999 -9999 -9999 -9999 -9999 -9999 -9999 -9999 -9999 -9999 -9999 -9999
-9999 -9999 -9999 -9999 -9999 -9999 -9999 -9999 -9999 -9999 -9999 -9999 -9999 -9999 -9999 -9999 -9999 -9999 -9999 -9999 -9999 -9999 -9999 -9999 -9999 -9999 -9999 -9999 -9999 -9999 -9999 -9999 -9999 -9999 -9999 -9999 -9999 -9999 -9999 -9999 -9999 -9999 -9999 -9999 -9999 -9999 -9999 -9999 -9999 -9999 -9999 -9999 -9999 -9999 -9999 -9999 -9999 -9999 -9999 -9999 -9999 -9999 -9999 -9999 -9999 -9999 -9999 -9999 -9999 -9999 -9999 -9999 -9999 -9999 -9999 -9999 -9999 -9999
-9999 -9999 -9999 -9999 -9999 -9999 -9999 -9999 -9999 -9999 -9999 -9999 -9999 -9999 -9999 -9999 -9999 -9999 -9999 -9999 -9999 -9999 -9999 -9999 -9999 -9999 -9999 -9999 -9999 -9999 -9999 -9999 -9999 -9999 -9999 -9999 -9999 -9999 -9999 -9999 -9999 -9999 -9999 -9999 -9999 -9999 -9999 -9999 -9999 -9999 -9999 -9999 -9999 -9999 -9999 -9999 -9999 -9999 -9999 -9999 -9999 -9999 -9999 -9999 -9999 -9999 -9999 -9999 -9999 -9999 -9999 -9999 -9999 -9999 -9999 -9999 -9999 -9999
