ML/MeanWindSpeed_1996-12_Actual.txt
ncols         180
nrows         290
xllcorner     -200000
yllcorner     -200000
cellsize      5000
NODATA_value  -9999
[rows 210 to 244 of 290, columns 79 to 157 of 180]
12.49 11.24 13.13 13.15 -9999 -9999 -9999 -9999 -9999 -9999 -9999 5.48 5.82 7.59 7.43 7.42 7.38 9.15 11.34 13.82 13.50 11.80 10.54 10.24 9.60 12.66 12.40 8.23 6.88 10.25 10.66 12.21 9.42 8.55 7.92 7.14 8.03 8.93 9.14 9.57 9.31 8.89 8.52 8.09 7.61 7.36 7.05 7.48 7.00 6.96 6.82 6.64 6.58 6.06 6.40 7.00 6.38 5.71 7.09 7.02 6.29 5.91 5.40 5.66 6.53 7.14 6.86 6.19 5.91 6.86 5.98 6.24 7.04 6.47 6.43 6.26 5.55 5.19 5.56
13.48 -9999 -9999 -9999 -9999 -9999 -9999 -9999 -9999 10.12 8.34 7.93 9.74 10.13 9.42 8.49 8.54 8.46 10.99 12.71 12.17 8.72 8.75 12.05 11.21 11.54 9.67 8.03 7.66 10.26 11.07 11.03 9.33 8.61 8.00 6.48 9.48 10.00 9.17 9.42 9.09 8.85 8.52 8.03 8.11 7.47 7.43 6.85 6.76 6.73 6.78 6.49 6.48 5.82 7.04 8.23 6.65 6.94 5.58 6.74 6.33 5.94 7.11 6.94 7.00 7.54 6.83 5.93 5.79 5.80 6.24 6.67 6.15 6.63 6.38 5.59 5.34 6.29 5.84
-9999 -9999 -9999 -9999 -9999 -9999 -9999 -9999 -9999 12.11 11.25 9.74 11.73 13.08 -9999 -9999 9.64 11.71 7.95 9.69 9.22 9.13 9.80 11.42 9.51 9.71 10.28 9.92 10.77 11.49 11.60 10.55 9.39 9.19 7.28 7.74 10.00 9.29 8.97 8.78 8.87 9.24 8.93 8.17 7.81 7.08 7.05 7.39 7.69 7.31 7.66 6.45 5.82 6.57 8.76 7.29 7.14 6.45 5.29 6.82 6.78 6.90 7.05 6.98 6.74 6.64 7.60 6.25 5.98 5.89 5.83 5.95 5.71 5.39 6.70 6.16 6.70 7.63 7.75
-9999 -9999 -9999 -9999 -9999 -9999 -9999 -9999 -9999 -9999 -9999 -9999 -9999 -9999 -9999 -9999 11.85 10.58 9.73 8.86 7.84 7.64 8.07 9.38 9.93 11.23 12.21 12.86 13.67 13.38 -9999 10.51 9.26 8.00 7.34 8.00 9.83 9.35 9.38 8.83 8.24 8.17 8.81 7.95 7.72 8.39 8.33 7.92 8.47 9.06 7.81 7.28 6.81 7.05 8.32 7.27 7.08 6.75 6.14 6.28 6.62 7.23 7.38 6.92 6.59 6.60 6.43 5.92 5.70 5.62 5.64 5.74 5.97 6.22 6.64 6.55 7.07 7.62 -9999
-9999 -9999 -9999 -9999 -9999 -9999 -9999 -9999 -9999 -9999 -9999 -9999 -9999 -9999 -9999 -9999 -9999 12.06 10.12 8.62 8.32 8.65 7.71 8.45 10.56 13.06 -9999 -9999 -9999 -9999 12.00 10.05 8.74 7.59 7.35 8.12 9.82 9.34 9.50 8.80 7.88 8.53 8.24 9.18 8.50 9.78 8.57 8.62 8.17 8.36 8.06 7.27 7.72 6.36 7.10 7.35 6.08 6.20 5.91 6.06 6.42 6.56 6.71 6.76 6.11 5.84 5.48 5.13 4.87 6.02 6.36 5.56 5.72 6.08 6.36 6.74 8.02 9.44 9.37
-9999 -9999 -9999 -9999 -9999 -9999 -9999 -9999 -9999 -9999 -9999 -9999 -9999 -9999 -9999 -9999 -9999 -9999 11.70 11.80 10.28 8.94 8.93 10.11 13.35 -9999 -9999 -9999 -9999 12.98 11.59 10.45 7.45 6.93 7.02 9.24 10.10 9.78 9.19 8.13 7.99 7.90 9.15 10.13 9.08 9.05 8.54 8.65 8.36 7.42 7.67 7.50 6.99 6.86 6.91 6.60 5.98 6.00 6.43 6.82 7.21 6.48 6.57 6.41 5.80 5.67 5.02 4.83 4.32 5.07 5.28 5.38 6.36 5.83 6.65 6.95 7.89 7.48 7.90
-9999 -9999 -9999 -9999 -9999 -9999 -9999 -9999 -9999 -9999 -9999 -9999 -9999 -9999 -9999 -9999 -9999 -9999 -9999 12.91 12.46 11.34 10.95 11.63 16.16 -9999 -9999 -9999 12.89 9.91 8.58 9.67 9.11 8.20 7.16 8.58 8.25 9.60 8.83 7.35 8.32 9.22 9.21 8.79 9.33 8.60 8.20 7.94 7.37 7.17 6.97 7.00 7.30 6.88 6.35 6.17 6.12 6.13 6.73 6.56 6.88 6.73 6.26 6.06 5.32 4.57 3.84 3.82 3.81 4.24 4.42 5.37 6.01 6.50 6.34 5.62 7.24 6.15 6.81
-9999 -9999 -9999 -9999 -9999 -9999 -9999 -9999 -9999 -9999 -9999 -9999 -9999 -9999 -9999 -9999 -9999 -9999 -9999 -9999 -9999 -9999 -9999 -9999 -9999 -9999 -9999 15.67 11.12 8.50 7.95 9.40 7.79 8.19 8.70 8.85 8.98 9.04 7.57 7.08 7.30 8.13 8.03 8.20 8.19 8.28 8.00 7.90 9.12 7.70 7.68 7.04 7.34 7.15 6.34 6.24 5.85 6.24 6.93 6.43 6.00 5.92 5.86 5.41 5.20 4.08 3.80 3.37 4.28 4.98 4.94 4.39 6.92 7.68 6.27 5.15 7.56 6.75 6.21
-9999 -9999 -9999 -9999 -9999 -9999 -9999 -9999 -9999 -9999 -9999 -9999 -9999 -9999 -9999 -9999 -9999 -9999 -9999 -9999 -9999 -9999 -9999 -9999 -9999 -9999 -9999 12.85 10.23 8.23 12.46 10.96 7.87 8.19 8.67 9.11 9.39 7.88 7.32 7.00 6.89 7.87 7.62 7.36 8.65 8.39 9.31 8.14 8.35 9.27 7.86 7.40 7.21 6.63 6.35 6.07 5.97 6.35 6.44 6.47 5.93 5.46 5.26 4.78 4.69 5.45 4.15 4.61 5.07 6.20 5.39 4.83 6.27 6.71 5.45 4.67 5.10 6.18 6.53
-9999 -9999 -9999 -9999 -9999 -9999 -9999 -9999 -9999 -9999 -9999 -9999 -9999 -9999 -9999 -9999 -9999 -9999 -9999 -9999 -9999 -9999 -9999 -9999 -9999 -9999 -9999 11.99 8.52 6.66 8.57 11.61 10.52 9.71 8.75 9.69 8.12 7.51 6.90 8.17 8.22 8.85 8.36 7.63 7.74 7.71 8.16 8.60 8.63 7.74 7.50 7.39 7.29 6.71 6.35 6.21 6.20 6.64 6.51 6.13 5.35 5.28 5.98 6.56 5.91 6.35 5.16 4.52 4.76 5.77 7.60 7.58 6.07 5.92 5.94 5.86 5.70 5.64 5.32
-9999 -9999 -9999 -9999 -9999 -9999 -9999 -9999 -9999 -9999 12.45 12.11 9.88 13.75 13.22 13.33 13.85 15.85 9.93 15.11 11.73 -9999 -9999 -9999 -9999 -9999 -9999 10.81 8.81 7.86 6.93 7.67 9.27 10.58 10.06 8.81 7.83 7.46 7.98 8.99 8.30 7.74 7.68 7.15 7.45 8.05 7.84 7.60 7.38 7.57 6.93 7.36 7.66 8.10 7.09 6.60 7.00 6.90 6.38 6.69 5.44 5.08 6.52 7.65 6.95 6.88 7.12 6.29 5.50 5.23 5.46 5.44 5.19 4.99 4.68 4.51 4.52 4.83 4.75
-9999 -9999 -9999 -9999 -9999 -9999 -9999 -9999 -9999 -9999 12.93 11.19 10.37 8.32 10.39 12.16 11.87 12.77 13.23 11.24 10.31 9.44 10.77 13.40 12.00 11.36 10.13 9.35 8.37 7.78 7.44 7.03 7.24 9.35 9.31 8.32 7.45 9.72 8.44 7.65 8.03 8.38 7.59 7.18 8.61 8.34 8.31 7.89 7.65 6.58 6.68 7.08 7.11 7.08 7.65 7.89 6.60 6.30 5.91 5.58 6.12 5.41 9.01 7.95 7.94 7.73 7.34 7.19 6.35 6.47 6.12 4.84 6.07 5.54 5.92 4.73 4.84 4.63 4.62
-9999 -9999 -9999 -9999 -9999 -9999 -9999 -9999 -9999 12.52 10.21 8.40 7.38 6.54 9.07 12.06 11.94 11.15 10.95 10.88 9.99 8.65 8.43 9.82 11.17 9.08 8.61 8.06 7.97 8.53 7.25 7.21 8.38 8.41 8.01 7.96 9.71 8.22 9.42 8.89 8.14 7.31 7.72 7.66 8.61 8.70 8.03 8.13 7.12 7.21 6.94 6.79 6.72 7.94 8.59 6.78 5.99 6.15 7.99 6.55 6.03 6.31 6.69 7.32 7.65 7.29 7.14 7.52 7.85 6.47 5.16 4.77 6.09 5.49 5.25 5.55 5.40 5.00 4.99
-9999 -9999 -9999 -9999 -9999 -9999 -9999 -9999 -9999 -9999 9.51 7.52 6.62 8.34 8.57 9.73 12.41 11.33 9.45 8.17 10.19 11.76 9.75 8.18 8.76 10.47 8.88 7.40 7.36 7.21 7.65 7.59 6.94 7.20 7.58 8.06 8.85 7.86 9.19 8.21 8.11 8.00 8.19 7.70 8.53 8.78 8.37 6.92 6.86 7.31 6.52 6.03 5.82 6.83 8.01 7.65 5.95 6.21 7.30 7.08 6.44 5.82 6.02 6.14 6.58 7.99 7.69 7.27 7.36 7.69 6.55 5.80 6.26 6.14 5.22 5.84 4.91 5.51 4.65
-9999 -9999 -9999 -9999 -9999 -9999 13.86 -9999 -9999 10.81 8.90 8.90 6.60 8.59 7.69 7.93 8.60 9.15 9.80 8.36 10.20 11.40 9.21 8.22 7.33 7.37 7.23 6.87 6.98 7.20 7.82 6.81 6.57 7.17 8.77 7.74 8.43 7.55 8.30 7.87 8.59 9.28 8.61 7.68 7.40 7.55 7.20 6.68 7.86 6.92 6.17 7.62 6.18 6.36 8.11 8.86 5.79 6.09 6.66 6.42 5.96 5.68 5.76 6.25 6.97 7.52 6.76 6.22 5.89 5.94 5.65 5.48 6.08 5.45 5.27 5.12 4.62 4.52 4.41
-9999 -9999 -9999 -9999 -9999 12.43 12.84 12.28 11.71 8.98 7.83 9.46 7.74 7.00 7.66 7.26 8.87 9.66 10.32 8.97 8.99 9.61 8.38 7.13 6.75 7.04 7.44 7.51 6.81 6.79 6.92 6.44 6.37 7.99 8.25 7.47 7.90 8.08 9.28 8.61 8.64 9.71 8.51 8.12 7.16 7.75 7.31 7.39 6.86 6.54 5.85 6.73 6.62 6.05 7.18 6.74 5.94 5.79 5.76 6.30 6.08 5.91 5.72 5.60 5.75 5.85 6.16 6.21 5.77 4.80 4.99 5.20 5.89 6.18 5.71 4.59 5.29 5.06 5.16
-9999 -9999 -9999 -9999 -9999 11.43 10.55 9.35 9.71 8.67 7.97 7.39 8.97 8.86 8.03 9.13 9.20 9.33 10.61 9.54 9.48 9.29 7.00 7.56 9.14 8.80 7.85 7.07 6.48 6.90 7.29 7.42 6.83 8.09 7.73 8.13 7.19 6.55 8.18 9.37 8.43 8.47 8.18 7.49 7.52 8.10 7.29 6.66 7.32 7.47 6.08 6.24 6.21 6.11 6.99 7.24 7.09 8.27 6.12 6.21 5.41 5.17 5.47 5.70 5.42 5.32 5.64 6.02 5.45 4.85 4.49 5.09 5.12 5.16 5.19 5.30 4.35 5.02 6.38
-9999 -9999 -9999 -9999 -9999 11.86 9.99 9.09 9.36 8.88 8.77 7.87 8.37 8.39 7.30 8.52 8.85 9.81 10.40 10.00 7.77 6.53 5.91 7.78 7.92 8.58 9.14 7.29 7.05 7.12 6.65 7.40 6.80 7.82 7.54 7.47 7.20 6.73 8.50 8.24 8.30 8.12 7.79 7.46 7.52 8.09 7.92 6.81 6.65 6.90 7.53 6.35 6.40 6.23 6.65 6.61 6.50 6.95 6.49 7.19 7.79 4.75 7.81 6.54 5.03 5.32 8.18 7.99 7.28 4.49 4.31 4.50 4.44 4.89 4.79 5.97 7.06 9.51 9.09
-9999 -9999 -9999 -9999 -9999 10.60 9.50 9.07 8.85 8.38 8.21 7.82 7.58 8.48 7.95 8.26 9.08 8.77 9.23 9.14 8.79 6.12 6.60 8.60 8.03 9.25 9.21 7.58 7.70 7.93 6.97 7.19 7.24 7.35 7.26 7.23 7.83 8.70 7.40 8.28 8.06 7.95 7.61 7.38 7.62 8.00 7.17 7.12 6.98 7.47 7.89 8.38 7.62 8.25 8.08 7.57 7.13 6.52 5.90 5.90 6.20 5.66 7.52 7.54 8.19 7.85 8.39 8.70 8.69 5.23 4.98 4.66 4.78 5.52 6.80 8.21 8.79 -9999 -9999
-9999 -9999 -9999 -9999 -9999 9.62 8.84 8.65 8.93 9.35 8.57 8.01 7.63 8.17 9.29 9.06 8.94 8.65 9.37 9.13 8.64 7.84 6.63 7.10 7.09 9.17 8.10 6.32 8.68 8.27 7.11 9.27 8.03 8.57 9.13 8.57 8.36 8.94 8.02 7.47 7.82 7.72 7.17 7.20 7.39 7.89 7.09 7.29 8.41 9.30 9.15 9.13 9.37 9.43 9.69 9.49 8.86 7.79 7.27 7.88 8.42 8.68 9.32 9.73 9.96 -9999 -9999 9.48 9.23 8.15 7.17 6.12 8.66 7.39 -9999 -9999 -9999 -9999 -9999
-9999 -9999 -9999 -9999 12.08 9.59 8.93 8.06 8.80 8.94 9.73 8.40 9.03 8.86 9.48 9.10 8.88 8.89 9.24 9.06 8.67 8.33 7.97 8.29 8.72 8.50 7.29 9.73 10.46 8.04 7.03 7.65 7.54 8.68 8.75 7.83 7.83 7.73 7.50 8.35 8.28 8.38 8.01 7.97 8.55 9.28 9.13 8.78 8.75 9.12 9.49 -9999 -9999 10.74 11.81 11.83 11.03 10.28 9.68 9.92 -9999 -9999 -9999 -9999 -9999 -9999 -9999 -9999 -9999 -9999 9.09 9.19 10.64 9.67 -9999 -9999 -9999 -9999 -9999
-9999 -9999 -9999 13.25 11.15 9.13 9.40 8.20 8.03 7.77 7.58 7.29 10.43 11.33 10.33 9.86 9.97 10.58 9.71 9.05 8.69 8.95 8.96 11.46 12.17 11.55 11.26 12.85 10.58 10.26 9.57 9.77 10.03 8.35 7.36 7.82 7.26 7.46 7.34 7.74 7.96 9.70 10.95 11.06 11.04 11.08 11.15 10.16 -9999 8.33 9.00 8.93 9.52 10.83 -9999 -9999 -9999 -9999 11.83 -9999 -9999 -9999 -9999 -9999 -9999 -9999 -9999 -9999 -9999 -9999 -9999 -9999 -9999 -9999 -9999 -9999 -9999 -9999 -9999
-9999 -9999 13.87 12.63 11.92 10.61 8.97 8.25 7.73 6.44 5.88 7.40 12.42 13.98 9.95 9.54 12.15 9.89 11.50 9.26 8.96 12.01 11.32 11.58 12.21 12.46 -9999 -9999 -9999 -9999 -9999 10.78 11.48 10.38 8.63 8.45 8.07 7.48 7.55 7.71 8.64 10.51 -9999 -9999 -9999 -9999 -9999 11.88 11.31 9.61 7.90 7.63 10.21 11.07 -9999 -9999 -9999 -9999 -9999 -9999 -9999 -9999 -9999 -9999 -9999 -9999 -9999 -9999 -9999 -9999 -9999 -9999 -9999 -9999 -9999 -9999 -9999 -9999 -9999
-9999 9.77 10.32 11.83 12.20 10.82 10.06 8.83 6.75 6.89 6.55 8.99 12.10 13.72 12.51 11.79 10.36 11.48 10.30 10.74 10.73 13.37 13.83 -9999 -9999 -9999 -9999 -9999 -9999 -9999 -9999 -9999 11.56 11.29 9.76 10.58 11.46 11.55 9.44 11.29 11.76 13.07 -9999 -9999 -9999 -9999 -9999 -9999 -9999 9.66 9.39 8.27 9.47 -9999 -9999 -9999 -9999 -9999 -9999 -9999 -9999 -9999 -9999 -9999 -9999 -9999 -9999 -9999 -9999 -9999 -9999 -9999 -9999 -9999 -9999 -9999 -9999 -9999 -9999
11.19 9.07 9.49 11.17 12.75 12.69 10.65 8.14 7.37 7.44 7.01 8.73 12.21 11.18 11.39 11.47 12.53 7.86 10.46 14.11 12.73 -9999 -9999 -9999 -9999 -9999 -9999 -9999 -9999 -9999 -9999 -9999 -9999 -9999 12.51 -9999 -9999 -9999 -9999 11.17 13.60 14.56 -9999 -9999 -9999 -9999 -9999 -9999 -9999 -9999 10.73 12.34 11.32 -9999 -9999 -9999 -9999 -9999 -9999 -9999 -9999 -9999 -9999 -9999 -9999 -9999 -9999 -9999 -9999 -9999 -9999 -9999 -9999 -9999 -9999 -9999 -9999 -9999 -9999
9.16 7.95 9.31 11.26 12.02 12.56 10.89 9.27 9.38 6.36 5.13 7.05 10.85 11.54 10.09 9.30 10.85 8.56 9.10 11.47 -9999 -9999 -9999 -9999 -9999 -9999 -9999 -9999 -9999 -9999 -9999 -9999 -9999 -9999 14.29 -9999 -9999 -9999 -9999 -9999 -9999 -9999 -9999 -9999 -9999 -9999 -9999 -9999 -9999 -9999 -9999 -9999 -9999 -9999 -9999 -9999 -9999 -9999 -9999 -9999 -9999 -9999 -9999 -9999 -9999 -9999 -9999 -9999 -9999 -9999 -9999 -9999 -9999 -9999 -9999 -9999 -9999 -9999 -9999
9.26 8.14 9.60 10.52 10.86 11.38 10.18 9.14 9.38 5.73 4.87 5.97 8.89 13.39 14.03 8.52 8.65 8.34 10.17 13.70 -9999 -9999 -9999 -9999 -9999 -9999 -9999 -9999 -9999 -9999 -9999 -9999 -9999 -9999 -9999 -9999 -9999 -9999 -9999 -9999 -9999 -9999 -9999 -9999 -9999 -9999 -9999 -9999 -9999 -9999 -9999 -9999 -9999 -9999 -9999 -9999 -9999 -9999 -9999 -9999 -9999 -9999 -9999 -9999 -9999 -9999 -9999 -9999 -9999 -9999 -9999 -9999 -9999 -9999 -9999 -9999 -9999 -9999 -9999
10.36 9.90 10.37 10.40 11.27 10.50 9.56 8.56 6.85 6.40 5.48 5.33 8.48 11.26 11.16 9.37 7.50 7.97 11.75 12.36 -9999 -9999 -9999 -9999 -9999 -9999 -9999 -9999 -9999 -9999 -9999 -9999 -9999 -9999 -9999 -9999 -9999 -9999 -9999 -9999 -9999 -9999 -9999 -9999 -9999 -9999 -9999 -9999 -9999 -9999 -9999 -9999 -9999 -9999 -9999 -9999 -9999 -9999 -9999 -9999 -9999 -9999 -9999 -9999 -9999 -9999 -9999 -9999 -9999 -9999 -9999 -9999 -9999 -9999 -9999 -9999 -9999 -9999 -9999
11.44 11.28 11.51 10.43 11.03 10.48 12.07 10.60 8.61 7.77 7.95 6.53 7.22 8.76 8.59 7.54 7.46 8.73 10.84 12.48 -9999 -9999 -9999 -9999 -9999 -9999 -9999 -9999 -9999 -9999 -9999 -9999 -9999 -9999 -9999 -9999 -9999 -9999 -9999 -9999 -9999 -9999 -9999 -9999 -9999 -9999 -9999 -9999 -9999 -9999 -9999 -9999 -9999 -9999 -9999 -9999 -9999 -9999 -9999 -9999 -9999 -9999 -9999 -9999 -9999 -9999 -9999 -9999 -9999 -9999 -9999 -9999 -9999 -9999 -9999 -9999 -9999 -9999 -9999
10.17 11.16 11.09 12.45 14.11 13.59 11.72 11.29 10.84 10.37 8.99 9.26 8.40 7.52 7.37 7.87 8.88 10.13 11.14 13.28 -9999 -9999 -9999 -9999 -9999 -9999 -9999 -9999 -9999 -9999 -9999 -9999 -9999 -9999 -9999 -9999 -9999 -9999 -9999 -9999 -9999 -9999 -9999 -9999 -9999 -9999 -9999 -9999 -9999 -9999 -9999 -9999 -9999 -9999 -9999 -9999 -9999 -9999 -9999 -9999 -9999 -9999 -9999 -9999 -9999 -9999 -9999 -9999 -9999 -9999 -9999 -9999 -9999 -9999 -9999 -9999 -9999 -9999 -9999
11.42 12.72 -9999 -9999 -9999 -9999 -9999 -9999 -9999 -9999 -9999 11.09 11.27 9.67 8.50 7.52 9.04 10.81 11.74 -9999 -9999 -9999 -9999 -9999 -9999 -9999 -9999 -9999 -9999 -9999 -9999 -9999 -9999 -9999 -9999 -9999 -9999 -9999 -9999 -9999 -9999 -9999 -9999 -9999 -9999 -9999 -9999 -9999 -9999 -9999 -9999 -9999 -9999 -9999 -9999 -9999 -9999 -9999 -9999 -9999 -9999 -9999 -9999 -9999 -9999 -9999 -9999 -9999 -9999 -9999 -9999 -9999 -9999 -9999 -9999 -9999 -9999 -9999 -9999
12.62 14.18 -9999 -9999 -9999 -9999 -9999 -9999 -9999 -9999 -9999 -9999 -9999 -9999 10.10 9.16 9.87 11.28 -9999 -9999 -9999 -9999 -9999 -9999 -9999 -9999 -9999 -9999 -9999 -9999 -9999 -9999 -9999 -9999 -9999 -9999 -9999 -9999 -9999 -9999 -9999 -9999 -9999 -9999 -9999 -9999 -9999 -9999 -9999 -9999 -9999 -9999 -9999 -9999 -9999 -9999 -9999 -9999 -9999 -9999 -9999 -9999 -9999 -9999 -9999 -9999 -9999 -9999 -9999 -9999 -9999 -9999 -9999 -9999 -9999 -9999 -9999 -9999 -9999
-9999 -9999 -9999 -9999 -9999 -9999 -9999 -9999 -9999 -9999 -9999 -9999 -9999 -9999 12.29 13.10 14.02 14.18 -9999 -9999 -9999 -9999 -9999 -9999 -9999 -9999 -9999 -9999 -9999 -9999 -9999 -9999 -9999 -9999 -9999 -9999 -9999 -9999 -9999 -9999 -9999 -9999 -9999 -9999 -9999 -9999 -9999 -9999 -9999 -9999 -9999 -9999 -9999 -9999 -9999 -9999 -9999 -9999 -9999 -9999 -9999 -9999 -9999 -9999 -9999 -9999 -9999 -9999 -9999 -9999 -9999 -9999 -9999 -9999 -9999 -9999 -9999 -9999 -9999
-9999 -9999 -9999 -9999 -9999 -9999 -9999 -9999 -9999 -9999 -9999 -9999 -9999 -9999 -9999 -9999 -9999 -9999 -9999 -9999 -9999 -9999 -9999 -9999 -9999 -9999 -9999 -9999 -9999 -9999 -9999 -9999 -9999 -9999 -9999 -9999 -9999 -9999 -9999 -9999 -9999 -9999 -9999 -9999 -9999 -9999 -9999 -9999 -9999 -9999 -9999 -9999 -9999 -9999 -9999 -9999 -9999 -9999 -9999 -9999 -9999 -9999 -9999 -9999 -9999 -9999 -9999 -9999 -9999 -9999 -9999 -9999 -9999 -9999 -9999 -9999 -9999 -9999 -9999
-9999 -9999 -9999 -9999 -9999 -9999 -9999 -9999 -9999 -9999 -9999 -9999 -9999 -9999 -9999 -9999 -9999 -9999 -9999 -9999 -9999 -9999 -9999 -9999 -9999 -9999 -9999 -9999 -9999 -9999 -9999 -9999 -9999 -9999 -9999 -9999 -9999 -9999 -9999 -9999 -9999 -9999 -9999 -9999 -9999 -9999 -9999 -9999 -9999 -9999 -9999 -9999 -9999 -9999 -9999 -9999 -9999 -9999 -9999 -9999 -9999 -9999 -9999 -9999 -9999 -9999 -9999 -9999 -9999 -9999 -9999 -9999 -9999 -9999 -9999 -9999 -9999 -9999 -9999
