ML/MeanWindSpeed_1991-04_Actual.txt
ncols         180
nrows         290
xllcorner     -200000
yllcorner     -200000
cellsize      5000
NODATA_value  -9999
[rows 170 to 203 of 290, columns 77 to 153 of 180]
-9999 -9999 -9999 -9999 -9999 -9999 -9999 -9999 -9999 -9999 -9999 -9999 -9999 -9999 -9999 -9999 -9999 -9999 -9999 -9999 -9999 -9999 -9999 -9999 -9999 -9999 -9999 -9999 -9999 10.43 9.85 9.49 9.69 9.96 10.05 9.79 9.37 9.52 9.16 8.85 8.58 8.23 8.49 8.02 12.71 15.28 15.95 14.24 12.98 12.10 10.70 10.73 10.16 11.29 10.33 10.32 10.14 10.18 10.20 10.17 10.54 10.74 10.48 9.75 10.09 12.02 11.77 12.19 11.23 11.21 11.91 12.97 -9999 -9999 -9999 -9999 -9999
-9999 -9999 -9999 -9999 -9999 -9999 -9999 -9999 -9999 13.94 13.41 13.89 14.76 -9999 -9999 -9999 -9999 -9999 -9999 -9999 -9999 -9999 -9999 -9999 -9999 -9999 -9999 -9999 10.97 10.03 10.27 9.77 10.57 10.19 9.72 9.63 9.64 9.43 9.35 9.07 8.75 8.36 7.69 10.25 13.03 13.39 11.85 14.99 14.37 11.31 11.00 9.17 11.73 11.83 10.53 10.41 10.20 10.20 10.21 10.17 10.46 10.98 10.80 9.99 9.87 10.28 12.03 12.19 12.67 11.16 11.00 12.00 13.23 -9999 -9999 -9999 -9999
-9999 -9999 -9999 -9999 -9999 -9999 -9999 -9999 -9999 13.31 12.76 12.78 13.13 -9999 -9999 -9999 -9999 -9999 -9999 -9999 -9999 -9999 -9999 -9999 -9999 -9999 -9999 11.13 10.78 10.14 10.36 11.13 10.12 10.16 9.35 9.35 9.53 9.35 9.51 9.52 8.60 7.91 7.64 9.33 14.82 14.86 11.56 13.52 13.23 12.84 10.07 9.20 10.97 11.57 10.78 10.02 9.95 10.15 10.51 10.35 10.41 10.76 11.15 10.50 10.14 10.02 11.62 11.94 12.11 11.29 11.08 11.38 12.61 -9999 -9999 -9999 -9999
-9999 -9999 -9999 -9999 -9999 -9999 -9999 16.02 13.19 11.82 12.18 12.05 12.80 12.40 13.18 13.70 -9999 -9999 14.04 12.90 -9999 -9999 -9999 11.38 12.74 12.27 -9999 9.84 11.17 10.44 10.08 10.42 9.87 10.13 10.05 10.50 10.07 10.03 9.28 9.42 8.57 8.56 11.44 9.22 11.29 13.53 9.15 10.98 15.51 10.91 12.12 10.12 10.85 11.04 10.52 10.23 10.18 10.29 10.51 10.19 10.43 10.55 11.27 10.56 10.21 10.14 10.51 11.26 12.38 12.14 11.14 11.01 12.02 13.36 -9999 -9999 -9999
-9999 -9999 -9999 -9999 -9999 -9999 -9999 -9999 13.60 12.29 11.79 11.35 11.44 12.45 13.55 11.27 -9999 11.22 11.62 13.03 12.39 13.27 10.18 9.11 12.85 13.23 12.01 -9999 9.45 10.68 10.46 9.73 9.72 10.43 9.89 9.67 9.55 9.37 9.45 8.92 8.71 8.54 11.66 12.24 11.90 12.52 11.69 13.37 13.93 12.62 10.36 9.82 11.49 11.42 10.19 10.59 10.22 10.69 10.69 10.25 10.32 10.44 11.33 10.71 10.36 10.26 10.02 10.75 11.66 12.48 11.77 11.10 11.52 12.81 -9999 -9999 -9999
-9999 -9999 -9999 -9999 -9999 -9999 -9999 -9999 -9999 13.18 12.58 11.83 11.20 10.78 8.54 7.82 14.04 19.13 9.75 12.92 13.66 13.47 11.80 8.96 8.66 11.09 13.46 11.46 9.42 9.61 10.24 9.55 9.82 11.08 10.37 9.79 9.27 9.28 9.20 8.69 8.24 8.17 12.73 13.95 12.19 12.58 10.80 10.22 11.81 12.06 10.17 9.90 11.10 10.53 10.07 10.57 10.27 11.13 10.52 10.43 10.27 10.31 11.55 10.70 10.40 10.32 10.02 10.45 11.05 11.29 11.71 12.14 11.11 12.29 13.72 -9999 -9999
-9999 -9999 -9999 -9999 -9999 -9999 -9999 -9999 -9999 -9999 13.98 11.80 10.27 8.28 6.54 9.03 21.76 15.20 7.49 12.86 10.28 13.82 13.87 10.18 7.68 13.12 11.86 12.58 11.11 9.54 9.51 9.43 8.95 10.07 10.51 10.09 9.64 9.22 9.26 8.77 8.17 9.46 10.67 14.23 12.60 13.44 12.44 8.89 11.14 12.85 10.22 10.29 11.00 10.40 10.24 10.32 10.26 11.12 10.36 10.22 10.35 10.17 11.00 10.97 10.50 10.32 10.14 10.25 10.89 12.06 11.36 10.93 11.04 12.02 13.51 -9999 -9999
-9999 -9999 -9999 -9999 -9999 -9999 -9999 -9999 -9999 -9999 -9999 11.53 9.04 8.28 9.06 18.07 20.99 14.74 10.59 10.31 11.63 13.68 14.57 13.96 9.65 8.86 13.95 12.23 11.39 10.46 9.45 9.24 9.43 9.72 10.10 9.71 9.28 9.38 9.23 8.96 8.98 9.50 11.33 12.54 10.89 11.38 12.72 11.01 9.02 12.63 10.31 10.29 10.86 10.26 10.23 10.12 10.58 11.03 10.37 10.23 10.18 9.94 11.46 11.03 10.58 10.43 10.36 10.67 10.74 10.93 10.78 10.75 11.06 12.30 13.64 -9999 -9999
-9999 -9999 -9999 -9999 -9999 -9999 -9999 -9999 -9999 -9999 -9999 10.67 9.03 10.37 12.02 14.35 17.98 11.35 8.14 9.89 12.43 13.28 14.72 13.51 10.12 7.85 13.83 14.11 12.03 11.08 9.37 8.99 9.44 10.38 10.08 9.77 9.52 9.03 8.74 9.15 10.73 10.42 8.95 13.01 10.92 11.35 12.90 12.88 11.02 10.30 9.80 8.91 10.23 10.93 10.18 10.11 9.93 10.35 10.09 10.37 10.07 9.96 10.57 11.08 10.72 10.74 10.61 10.71 10.67 10.59 10.66 11.07 11.83 12.99 -9999 -9999 -9999
-9999 -9999 -9999 -9999 -9999 -9999 -9999 -9999 -9999 -9999 -9999 9.59 9.23 10.36 9.94 14.11 13.22 10.26 10.97 9.17 10.47 13.25 12.66 14.84 12.11 8.58 12.67 14.17 13.70 10.88 9.77 8.80 9.66 10.78 10.55 9.82 9.33 8.99 9.25 10.43 10.68 9.27 9.04 11.58 11.41 11.09 11.11 10.75 10.88 11.44 8.76 9.57 9.89 9.75 10.18 9.89 10.56 9.80 9.97 10.15 9.91 10.09 11.75 11.06 10.68 10.61 10.69 10.71 10.70 10.71 10.89 11.74 12.82 -9999 -9999 -9999 -9999
-9999 -9999 -9999 -9999 -9999 -9999 -9999 -9999 -9999 -9999 10.94 16.66 10.86 11.64 12.32 8.54 16.91 14.78 13.63 12.15 14.18 11.94 12.94 11.74 10.30 11.27 14.74 14.00 13.44 10.74 9.54 8.73 10.05 10.34 10.01 9.69 9.11 9.19 10.48 10.05 9.55 10.46 11.13 9.38 13.07 12.22 9.91 10.59 10.14 9.57 9.50 8.93 8.98 9.23 10.20 9.87 9.41 10.54 9.89 9.94 10.01 10.45 11.84 11.08 10.65 10.69 10.60 10.70 10.64 10.72 11.47 12.52 -9999 -9999 -9999 -9999 -9999
-9999 -9999 -9999 -9999 -9999 -9999 -9999 -9999 12.31 11.73 14.69 12.94 11.06 11.33 11.94 8.33 9.23 10.85 14.13 13.71 14.78 13.95 14.13 9.30 11.69 11.80 10.01 10.96 10.49 10.82 9.80 9.05 9.79 10.09 10.00 9.37 9.45 10.62 10.12 10.32 9.50 10.85 11.42 11.10 10.17 9.43 10.75 10.41 9.95 9.89 9.83 9.67 8.68 9.53 9.53 9.07 9.28 9.61 9.85 10.06 9.92 10.51 11.73 11.04 10.53 10.60 10.49 10.56 10.58 10.96 11.87 -9999 -9999 -9999 -9999 -9999 13.57
-9999 -9999 -9999 -9999 -9999 -9999 -9999 12.91 12.72 12.60 12.67 12.28 11.99 10.65 8.81 8.02 9.03 10.28 12.82 18.89 12.19 10.58 9.88 7.33 12.98 14.32 14.15 11.72 10.52 10.66 10.21 9.66 9.79 10.24 9.77 9.40 9.56 10.44 10.85 9.56 9.44 10.94 11.12 10.74 10.22 10.32 10.55 9.61 10.01 9.22 9.26 9.82 9.34 8.95 8.64 9.02 9.74 9.51 9.69 9.88 9.98 10.40 11.87 11.34 10.62 10.40 10.35 10.48 10.57 10.95 11.68 -9999 -9999 -9999 -9999 -9999 12.56
-9999 -9999 -9999 -9999 -9999 -9999 13.20 14.06 13.54 13.30 -9999 -9999 -9999 -9999 8.82 14.08 11.97 11.42 13.92 12.37 10.25 12.33 11.29 10.19 18.20 16.18 14.14 14.74 11.89 9.95 10.18 10.04 9.49 9.55 9.37 9.00 9.64 9.62 10.94 9.82 9.62 10.05 10.56 10.73 10.56 9.79 9.83 9.71 9.67 9.44 9.21 8.94 8.79 8.62 8.92 9.59 9.42 9.20 9.78 10.31 10.48 10.58 11.37 11.26 11.04 10.32 10.30 10.38 10.43 10.62 11.23 12.29 -9999 -9999 -9999 -9999 11.83
-9999 -9999 -9999 -9999 -9999 -9999 14.53 15.92 13.32 13.55 -9999 -9999 -9999 -9999 8.87 12.14 13.41 9.15 13.17 12.32 11.45 14.25 15.79 13.28 16.79 11.18 12.25 12.34 11.20 9.93 9.70 9.74 9.44 9.61 9.98 9.08 9.66 9.70 10.09 10.63 9.81 9.98 9.48 10.18 10.88 11.20 11.10 9.75 9.31 9.28 9.24 9.55 8.97 8.96 9.34 9.61 10.02 9.39 10.95 11.08 11.38 10.76 11.12 11.11 10.91 10.24 10.32 10.36 10.34 10.41 10.58 11.27 11.92 -9999 -9999 12.19 11.86
-9999 -9999 -9999 -9999 -9999 -9999 -9999 -9999 -9999 -9999 -9999 -9999 -9999 -9999 9.78 14.19 12.64 9.12 10.70 9.24 15.07 14.94 11.16 14.15 13.84 12.60 13.21 11.36 10.45 9.59 10.04 9.63 9.80 9.56 9.18 9.19 9.22 9.24 9.69 10.34 9.79 9.62 9.93 10.25 9.92 10.60 10.71 9.00 10.08 10.95 10.06 10.14 9.78 8.75 9.35 10.12 10.88 10.65 10.24 10.70 11.39 11.04 11.36 11.10 10.89 10.17 10.28 10.35 10.38 10.35 10.22 10.43 10.91 11.56 11.89 11.68 11.69
-9999 -9999 -9999 -9999 -9999 -9999 -9999 -9999 -9999 -9999 -9999 -9999 -9999 -9999 -9999 14.08 7.39 7.41 10.42 13.96 13.40 15.31 14.68 11.37 12.59 13.87 11.01 10.50 9.75 9.53 9.36 9.62 9.59 9.53 9.25 9.08 9.05 9.37 9.38 10.05 9.77 9.44 11.48 11.01 9.92 9.75 9.60 9.54 9.41 10.31 10.49 10.24 11.22 9.61 9.26 9.84 9.57 9.95 10.10 10.06 11.18 11.26 11.08 10.73 10.90 10.23 10.29 10.32 10.32 10.35 10.37 10.43 10.49 10.87 11.21 11.37 11.23
-9999 -9999 -9999 -9999 -9999 -9999 -9999 -9999 -9999 -9999 -9999 -9999 -9999 -9999 -9999 9.87 13.76 14.70 12.77 11.14 10.92 13.56 12.01 12.25 10.90 10.59 12.11 9.72 9.58 11.01 10.41 10.05 9.54 8.83 8.71 9.29 9.26 10.23 10.25 10.14 9.61 9.19 11.12 12.04 10.91 9.93 9.46 9.64 9.58 9.41 9.63 10.52 12.59 11.33 9.56 9.11 9.41 10.37 11.31 11.30 10.93 11.43 11.17 10.89 10.58 10.31 10.32 10.31 10.40 10.43 10.47 10.56 10.69 10.88 11.12 11.45 11.37
-9999 -9999 -9999 -9999 -9999 -9999 -9999 -9999 -9999 -9999 -9999 -9999 -9999 -9999 11.64 11.54 9.90 16.92 11.83 9.84 12.31 12.33 11.42 14.04 11.04 10.68 12.38 9.09 14.39 11.77 10.15 10.22 10.92 9.22 8.77 11.33 11.21 10.39 9.46 9.96 9.86 9.60 10.32 11.01 10.88 10.24 9.83 9.64 9.69 9.87 9.65 10.83 10.87 10.34 9.69 9.24 9.75 10.65 11.60 11.60 10.74 10.94 11.01 10.89 10.59 10.38 10.32 10.36 10.44 10.49 10.51 10.63 10.78 10.81 11.01 11.63 11.58
-9999 -9999 -9999 -9999 -9999 -9999 -9999 -9999 -9999 -9999 -9999 -9999 -9999 -9999 10.65 11.71 16.76 11.70 7.94 9.79 9.87 11.38 13.91 13.84 11.62 11.34 11.08 9.36 9.77 10.53 11.98 11.82 9.99 9.77 9.62 10.20 10.75 9.48 9.32 9.98 9.93 10.44 10.80 10.48 10.78 10.51 10.04 9.84 9.75 9.73 9.77 10.59 10.87 10.31 9.31 9.47 10.46 11.53 11.05 11.65 11.56 11.05 10.66 11.28 10.57 10.71 10.41 10.42 10.39 10.46 10.53 10.58 10.68 10.77 10.92 11.78 11.62
-9999 -9999 -9999 -9999 -9999 -9999 -9999 -9999 -9999 -9999 -9999 -9999 -9999 -9999 12.02 13.89 8.34 9.82 9.03 10.36 10.38 14.54 13.19 14.84 12.52 11.70 9.89 8.42 8.73 11.42 13.43 14.49 10.16 11.42 10.60 10.98 10.64 9.10 9.32 9.63 9.98 10.53 10.16 10.34 11.50 10.83 9.87 9.88 10.92 9.64 10.02 10.42 10.29 9.78 9.46 9.95 10.42 10.75 10.94 10.99 10.41 10.41 10.94 11.10 10.26 10.27 10.39 10.37 10.42 10.40 10.37 10.50 10.59 10.72 10.88 11.19 11.08
-9999 -9999 -9999 -9999 -9999 -9999 -9999 -9999 -9999 -9999 -9999 -9999 -9999 -9999 -9999 8.50 9.65 11.57 13.95 15.02 13.24 13.62 11.99 9.85 9.86 9.18 10.00 9.94 8.86 9.90 10.59 13.47 11.37 10.31 10.48 11.89 11.28 9.35 10.11 9.21 9.46 11.69 10.39 10.31 10.30 10.42 9.54 9.56 11.10 10.51 9.94 10.41 10.04 9.77 10.02 10.78 10.43 10.33 10.02 10.60 9.97 11.06 11.09 10.24 10.16 10.69 10.54 10.27 10.28 10.24 10.28 10.39 10.49 10.60 10.66 10.69 10.71
-9999 -9999 -9999 -9999 -9999 -9999 -9999 -9999 -9999 -9999 -9999 -9999 -9999 -9999 -9999 9.59 10.36 11.56 13.96 16.85 15.73 12.48 9.99 8.80 10.13 11.89 13.67 15.26 12.25 10.06 10.59 11.63 10.77 9.01 12.29 11.83 11.39 10.14 10.81 9.58 9.25 10.14 11.59 11.25 10.64 10.15 9.56 9.63 10.63 10.38 10.02 10.04 10.34 10.47 10.68 11.18 10.52 10.15 11.14 11.17 11.11 10.98 11.09 10.27 10.69 11.17 10.33 10.20 10.23 10.20 10.26 10.30 10.35 10.42 10.46 10.47 10.35
-9999 -9999 -9999 -9999 -9999 -9999 -9999 -9999 -9999 -9999 -9999 -9999 -9999 -9999 11.11 9.20 9.74 11.73 13.42 13.23 12.98 10.60 11.24 15.30 12.80 13.06 13.23 11.58 10.84 11.46 11.77 10.30 9.24 9.79 11.88 11.93 11.31 10.16 10.99 9.24 9.13 10.62 10.41 10.88 10.99 10.42 9.93 9.88 10.64 10.46 9.79 10.02 10.02 9.91 10.60 10.37 11.23 10.69 11.36 10.80 11.07 11.20 10.45 10.34 11.17 11.07 10.21 10.14 10.40 10.18 10.26 10.26 10.37 10.35 10.27 10.19 9.89
-9999 -9999 -9999 -9999 -9999 -9999 -9999 -9999 -9999 -9999 -9999 -9999 -9999 -9999 13.37 11.22 9.64 9.14 11.43 15.13 14.64 13.03 11.44 12.03 13.21 14.40 14.66 11.29 13.18 14.16 10.68 12.54 8.79 9.40 11.33 13.02 10.44 10.98 9.69 8.69 8.86 9.65 12.24 11.02 11.10 10.71 10.38 10.39 10.51 10.20 9.76 9.86 9.76 9.65 9.61 10.77 11.21 11.20 11.83 11.04 10.70 10.75 10.48 10.92 11.35 11.02 10.53 10.80 10.59 10.73 10.34 10.31 10.46 10.47 10.18 9.96 9.65
-9999 -9999 -9999 -9999 -9999 -9999 -9999 -9999 -9999 -9999 -9999 -9999 -9999 -9999 12.09 10.77 7.37 8.30 11.14 15.21 13.90 13.94 11.57 12.97 12.32 11.31 12.37 12.86 12.69 11.36 10.19 10.78 12.84 9.89 10.08 10.22 10.59 11.88 10.39 8.89 8.95 9.65 10.14 10.19 11.10 10.75 10.53 10.68 10.00 9.52 9.96 10.10 10.13 9.61 10.15 11.28 11.24 10.50 10.81 11.64 10.87 11.22 10.55 11.43 11.57 10.84 10.67 10.79 10.31 10.43 10.29 10.25 10.26 10.11 9.98 9.90 9.69
-9999 -9999 -9999 -9999 -9999 -9999 -9999 -9999 -9999 -9999 -9999 -9999 -9999 11.19 12.13 13.36 10.31 8.37 11.90 13.41 15.61 15.33 10.71 10.83 9.82 11.26 13.03 11.43 11.28 12.87 11.53 10.98 10.62 9.91 9.38 9.59 10.58 10.60 10.19 9.80 9.23 9.05 9.75 10.22 9.77 10.21 10.12 10.66 9.92 9.86 9.96 9.53 9.43 9.78 10.81 10.76 10.75 10.20 11.06 11.34 11.09 10.51 11.32 11.47 11.58 11.62 11.13 10.70 10.54 10.34 10.32 10.27 10.08 9.91 9.73 9.63 9.66
-9999 -9999 -9999 -9999 -9999 -9999 -9999 -9999 -9999 -9999 -9999 -9999 12.47 12.26 12.70 10.46 8.49 10.99 13.70 14.55 13.23 14.82 11.28 12.04 10.31 10.35 16.28 12.21 12.67 10.89 11.21 9.98 9.57 9.87 10.88 10.21 11.98 10.53 10.74 9.47 9.18 9.22 9.56 10.02 9.69 9.83 10.22 10.35 9.25 9.77 9.69 9.70 9.84 10.27 10.89 10.33 10.97 10.59 10.91 10.32 10.30 11.40 11.78 11.42 11.62 11.40 10.57 10.88 10.86 10.76 10.58 10.20 9.85 9.52 9.63 9.59 10.04
-9999 -9999 -9999 -9999 -9999 -9999 -9999 -9999 -9999 -9999 13.62 12.47 11.44 9.90 9.17 8.92 9.12 11.95 13.09 14.79 16.42 14.91 12.76 9.23 11.29 11.09 14.72 12.24 11.50 11.57 10.42 10.09 8.93 9.79 11.56 11.23 11.50 9.83 9.92 9.55 9.49 9.93 9.69 10.12 9.50 9.67 9.97 9.30 9.16 9.49 10.19 9.91 10.59 11.30 10.98 10.61 10.21 10.02 10.71 11.19 11.06 11.51 10.78 11.45 11.63 10.99 10.25 10.24 10.96 10.78 10.68 9.89 9.52 9.19 9.38 10.23 10.47
-9999 -9999 -9999 -9999 -9999 -9999 13.43 12.21 10.81 13.42 13.49 13.74 13.69 11.17 9.95 8.99 13.33 11.96 13.83 14.62 14.59 12.09 10.87 8.87 9.88 9.92 15.74 14.55 12.73 10.68 10.88 10.31 11.53 9.14 10.79 11.29 11.05 10.65 9.87 9.29 10.06 9.61 9.29 10.35 9.51 9.56 9.21 9.33 9.65 10.22 9.61 10.23 9.88 10.37 11.26 11.19 10.94 10.68 11.15 11.23 11.04 10.91 11.62 10.82 10.79 10.54 10.13 10.66 10.85 10.85 10.17 9.58 9.44 9.46 10.38 10.50 10.10
-9999 -9999 -9999 -9999 -9999 14.48 12.42 12.58 11.60 11.00 12.57 12.13 12.46 10.56 9.03 11.77 12.57 12.85 10.13 15.09 11.87 9.90 14.28 11.47 8.55 14.80 13.48 13.11 9.80 9.40 9.99 12.77 10.16 9.55 9.47 9.68 11.18 11.20 10.98 9.68 9.80 9.33 9.38 10.07 9.70 9.48 9.38 9.46 9.86 9.82 11.49 9.85 9.56 10.08 10.89 10.48 10.49 10.18 10.42 10.85 10.75 11.52 11.09 10.60 10.63 10.74 10.22 10.41 10.44 9.96 9.71 9.52 9.44 9.49 9.95 10.65 10.59
-9999 -9999 -9999 -9999 14.56 14.09 11.36 10.81 10.77 11.53 10.90 11.11 10.26 10.92 14.55 11.87 10.78 13.51 8.70 11.11 10.95 13.85 13.52 14.28 12.40 12.07 10.98 9.37 13.61 13.03 9.89 10.32 9.93 9.53 9.89 9.30 9.53 11.31 11.53 9.40 8.98 9.15 9.70 9.11 8.81 9.39 11.48 9.56 9.35 10.10 10.86 10.13 9.64 10.24 10.75 10.78 11.28 10.79 10.22 10.14 10.17 11.17 10.89 10.38 11.09 10.90 10.23 10.21 10.02 9.70 9.80 9.78 9.66 9.81 9.95 10.60 10.05
13.23 14.45 12.58 14.05 11.87 11.68 12.19 11.04 10.62 12.38 11.05 10.72 10.98 13.66 13.07 11.50 12.53 11.68 9.71 9.75 12.85 13.27 11.93 12.46 13.90 10.27 7.61 13.24 14.89 12.38 12.20 10.07 10.33 9.48 9.85 11.47 9.80 11.81 10.25 9.23 8.79 9.16 10.57 8.39 8.85 12.52 10.21 9.51 9.56 10.36 11.20 9.93 9.93 10.26 10.05 10.59 10.63 10.21 9.99 10.30 9.99 10.38 10.75 10.81 10.48 10.12 9.70 9.46 9.79 10.89 10.26 10.97 10.31 9.40 10.48 10.32 10.47
12.86 11.27 10.72 13.21 15.93 14.78 14.27 11.34 12.28 13.80 12.47 11.89 13.86 12.35 11.82 14.01 11.32 8.93 9.83 10.51 12.94 12.86 12.58 12.16 10.75 7.99 10.02 19.07 15.84 12.55 10.27 10.80 10.33 11.54 10.16 10.73 10.01 9.90 9.75 9.67 8.96 8.69 8.59 8.14 11.41 12.08 11.12 9.74 9.44 11.94 10.77 10.07 10.18 9.84 10.48 10.43 10.14 9.53 10.56 10.19 9.64 11.07 10.97 10.12 9.96 9.76 9.42 9.69 10.48 10.74 10.53 10.88 10.15 9.79 10.49 10.39 9.90
