ML/MeanWindSpeed_1999-04_Actual.txt
ncols         180
nrows         290
xllcorner     -200000
yllcorner     -200000
cellsize      5000
NODATA_value  -9999
[rows 175 to 209 of 290, columns 78 to 155 of 180]
-9999 -9999 -9999 -9999 -9999 -9999 -9999 -9999 13.20 12.53 11.79 11.10 10.52 8.74 7.57 12.39 18.08 9.51 11.53 10.73 9.73 8.13 6.06 6.47 8.44 10.01 8.46 6.92 7.42 8.29 7.76 7.91 8.90 8.10 7.65 7.22 7.24 7.23 6.96 6.89 6.86 11.07 11.73 10.08 10.36 8.66 8.28 9.46 9.34 7.72 7.44 8.35 7.81 7.38 7.96 7.65 8.52 8.09 8.00 7.83 7.81 8.92 8.13 8.06 8.20 8.15 8.64 9.11 9.26 9.52 9.90 8.90 10.19 11.74 -9999 -9999 -9999 -9999
-9999 -9999 -9999 -9999 -9999 -9999 -9999 -9999 -9999 13.98 11.89 10.34 8.65 7.89 9.54 21.18 15.39 8.23 12.33 7.95 10.21 9.77 6.75 5.42 10.97 8.95 9.33 8.21 7.22 7.49 7.59 7.03 7.87 8.27 7.97 7.60 7.19 7.28 6.93 6.60 8.22 9.43 12.43 10.49 11.16 10.27 6.80 8.79 10.37 7.88 7.82 8.24 7.56 7.49 7.75 7.72 8.67 8.10 8.00 8.26 8.23 8.92 8.78 8.39 8.32 8.31 8.53 9.11 10.19 9.37 8.85 8.91 9.97 11.57 -9999 -9999 -9999 -9999
-9999 -9999 -9999 -9999 -9999 -9999 -9999 -9999 -9999 -9999 11.82 9.52 9.20 10.62 19.29 21.57 15.57 11.86 11.01 10.81 11.33 11.20 10.66 7.38 6.82 11.29 8.85 8.18 7.99 7.36 7.33 7.34 7.43 7.90 7.61 7.27 7.38 7.32 7.07 7.22 8.19 10.10 10.96 9.07 9.36 10.73 8.89 6.76 10.31 8.03 7.85 8.22 7.48 7.52 7.52 8.07 8.74 8.27 8.18 8.33 8.10 9.35 8.88 8.59 8.54 8.53 8.88 8.93 9.06 8.85 8.80 9.06 10.38 11.81 -9999 -9999 -9999 -9999
-9999 -9999 -9999 -9999 -9999 -9999 -9999 -9999 -9999 -9999 10.95 9.74 11.65 13.87 16.09 19.10 12.56 9.26 10.81 12.34 12.05 12.52 10.86 8.04 5.93 11.44 10.89 8.96 8.64 7.34 7.16 7.40 8.18 7.97 7.74 7.54 7.13 6.93 7.24 8.90 8.88 7.59 11.52 9.31 9.81 11.18 10.77 8.85 8.11 7.56 6.56 7.73 8.23 7.41 7.41 7.47 8.15 8.08 8.45 8.38 8.25 8.70 9.30 9.01 9.02 8.84 8.89 8.85 8.77 8.80 9.22 10.01 11.23 -9999 -9999 -9999 -9999 -9999
-9999 -9999 -9999 -9999 -9999 -9999 -9999 -9999 -9999 -9999 10.12 10.37 11.88 12.22 16.79 15.31 11.59 11.56 9.51 10.40 12.39 10.98 12.87 10.06 6.56 10.54 11.55 11.12 8.59 7.79 7.01 7.71 8.68 8.45 7.81 7.37 7.03 7.28 8.49 8.87 7.62 7.55 10.15 9.86 9.62 9.54 8.81 8.72 9.25 6.47 7.13 7.39 7.14 7.47 7.18 8.08 7.62 8.03 8.40 8.43 8.64 10.26 9.68 9.27 9.07 9.03 8.97 8.91 8.92 9.11 10.02 11.18 -9999 -9999 -9999 -9999 -9999 -9999
-9999 -9999 -9999 -9999 -9999 -9999 -9999 -9999 -9999 11.20 17.35 11.63 13.00 14.82 11.22 19.20 16.34 14.16 12.12 14.06 11.22 11.36 9.80 7.58 8.48 12.13 11.19 10.95 8.50 7.47 6.84 8.20 8.46 8.10 7.81 7.23 7.14 8.32 8.19 7.88 8.66 9.40 7.78 11.48 10.66 8.25 8.78 8.07 7.36 7.14 6.41 6.48 6.72 7.54 7.17 6.89 8.37 7.98 8.28 8.59 8.96 10.28 9.65 9.26 9.23 9.01 9.01 8.88 8.96 9.79 10.95 -9999 -9999 -9999 -9999 -9999 -9999 -9999
-9999 -9999 -9999 -9999 -9999 -9999 -9999 11.68 11.33 14.37 12.88 11.20 11.89 13.02 9.34 10.57 12.30 14.41 13.29 14.25 12.27 11.67 6.55 8.22 8.40 6.99 8.05 7.99 8.69 7.87 7.32 8.27 8.60 8.46 7.80 7.73 8.60 8.04 8.54 7.85 9.00 9.46 9.22 8.46 7.74 9.02 8.55 7.97 7.73 7.47 7.16 6.16 6.94 6.79 6.31 6.75 7.46 7.87 8.28 8.34 8.94 10.16 9.54 9.04 9.12 8.91 8.88 8.85 9.27 10.30 -9999 -9999 -9999 -9999 -9999 11.82 11.40 10.91
-9999 -9999 -9999 -9999 -9999 -9999 11.87 11.67 11.65 11.99 11.73 11.51 10.76 8.99 7.58 9.20 11.01 12.38 17.49 10.38 7.76 6.85 4.32 9.83 11.43 11.36 9.09 8.30 8.79 8.55 8.22 8.58 9.09 8.59 8.23 8.13 8.64 8.92 7.78 7.75 9.18 9.20 8.76 8.29 8.28 8.51 7.60 7.89 6.92 6.78 7.18 6.66 6.24 5.89 6.23 7.21 7.32 7.66 8.07 8.38 8.85 10.32 9.77 9.07 8.89 8.76 8.79 8.86 9.29 10.12 -9999 -9999 -9999 -9999 -9999 10.82 10.14 9.79
-9999 -9999 -9999 -9999 -9999 12.40 13.03 12.34 12.26 -9999 -9999 -9999 -9999 8.98 12.95 11.43 11.68 13.22 10.49 7.72 9.31 8.13 6.80 14.80 13.31 11.42 12.13 9.80 8.26 8.74 8.87 8.56 8.69 8.58 8.23 8.58 8.11 9.14 7.96 7.83 8.27 8.64 8.72 8.49 7.58 7.63 7.54 7.33 6.78 6.47 6.21 6.10 6.06 6.31 6.90 7.11 7.31 8.11 8.79 9.02 9.12 9.91 9.69 9.47 8.79 8.70 8.70 8.72 8.96 9.66 10.83 -9999 -9999 -9999 -9999 10.00 9.36 9.07
-9999 -9999 -9999 -9999 -9999 13.58 14.87 12.26 12.62 -9999 -9999 -9999 -9999 9.16 11.56 13.08 8.86 12.31 10.66 9.01 10.69 11.74 9.12 12.79 7.70 9.18 9.68 9.05 8.24 8.51 8.86 8.75 8.92 9.31 8.40 8.81 8.45 8.44 8.78 7.89 8.09 7.48 8.10 8.85 9.10 8.97 7.60 6.96 6.67 6.47 6.72 6.18 6.47 7.04 7.43 8.25 7.95 9.72 9.92 10.16 9.49 9.83 9.66 9.39 8.70 8.70 8.68 8.63 8.73 8.94 9.73 10.44 -9999 -9999 10.42 9.84 9.42 9.45
-9999 -9999 -9999 -9999 -9999 -9999 -9999 -9999 -9999 -9999 -9999 -9999 -9999 9.95 13.32 11.45 8.11 9.70 7.70 12.35 10.88 6.98 10.04 9.85 8.68 9.52 8.38 7.97 7.57 8.79 8.77 9.08 8.86 8.46 8.29 8.15 7.96 8.12 8.51 7.92 7.69 7.76 7.93 7.75 8.49 8.66 7.03 7.95 8.60 7.47 7.28 6.89 6.33 7.37 8.38 9.34 9.25 9.06 9.67 10.40 9.97 10.20 9.76 9.45 8.64 8.67 8.68 8.67 8.64 8.53 8.78 9.28 9.90 10.01 9.51 9.42 8.78 9.46
-9999 -9999 -9999 -9999 -9999 -9999 -9999 -9999 -9999 -9999 -9999 -9999 -9999 -9999 13.41 6.46 6.47 9.39 12.48 10.58 11.22 10.46 7.12 8.17 9.38 6.84 7.11 6.77 7.21 7.85 8.49 8.71 8.76 8.47 8.02 7.78 8.02 7.93 8.32 8.05 7.62 9.27 8.63 7.63 7.59 7.61 7.62 7.43 8.24 8.32 7.73 8.60 7.34 7.39 8.20 8.01 8.51 8.93 9.14 10.34 10.32 10.00 9.38 9.39 8.65 8.67 8.64 8.58 8.60 8.63 8.68 8.66 8.90 8.97 8.83 8.67 8.76 9.61
-9999 -9999 -9999 -9999 -9999 -9999 -9999 -9999 -9999 -9999 -9999 -9999 -9999 -9999 9.90 13.16 13.64 11.56 9.68 8.20 9.62 7.40 7.36 6.30 6.04 8.23 6.66 6.65 8.44 8.21 8.26 8.34 7.89 7.87 8.24 8.05 9.00 8.86 8.46 7.94 7.48 9.07 9.71 8.53 7.66 7.38 7.61 7.62 7.62 7.87 8.40 10.23 9.15 7.77 7.61 8.04 9.05 10.16 10.40 10.09 10.54 10.02 9.30 8.90 8.63 8.66 8.62 8.65 8.64 8.65 8.68 8.68 8.68 8.66 8.76 8.72 8.62 9.34
-9999 -9999 -9999 -9999 -9999 -9999 -9999 -9999 -9999 -9999 -9999 -9999 -9999 11.75 11.30 9.08 15.43 10.13 7.78 9.17 8.54 7.13 9.51 6.86 6.68 9.02 6.25 11.58 8.86 7.36 7.75 9.06 7.86 7.59 9.96 9.78 9.13 8.11 8.35 8.15 7.75 8.42 8.87 8.52 7.86 7.66 7.54 7.55 7.93 7.81 8.78 8.75 8.36 8.01 7.83 8.52 9.48 10.51 10.63 9.86 9.94 9.54 9.13 8.86 8.65 8.62 8.66 8.69 8.67 8.61 8.62 8.63 8.50 8.51 8.96 8.95 8.74 9.02
-9999 -9999 -9999 -9999 -9999 -9999 -9999 -9999 -9999 -9999 -9999 -9999 -9999 10.62 11.34 15.46 9.54 5.47 6.81 6.78 8.21 10.45 10.20 7.82 7.55 7.78 6.39 7.39 8.35 9.48 9.38 8.00 8.12 8.02 8.43 9.09 8.15 7.92 8.46 8.30 8.53 8.88 8.55 8.66 8.29 7.90 7.67 7.44 7.55 7.76 8.51 8.83 8.40 7.59 7.99 9.17 10.44 10.06 10.62 10.47 9.74 9.03 9.57 8.85 8.94 8.70 8.73 8.62 8.61 8.58 8.51 8.46 8.42 8.41 9.14 8.98 8.60 8.75
-9999 -9999 -9999 -9999 -9999 -9999 -9999 -9999 -9999 -9999 -9999 -9999 -9999 11.50 13.25 7.27 8.12 6.67 7.45 7.68 11.97 10.35 11.35 8.65 7.74 6.26 5.48 6.56 9.69 11.48 12.53 8.46 9.75 8.48 8.66 8.76 7.54 7.70 8.09 8.42 8.71 8.23 8.34 9.43 8.70 7.85 7.70 8.53 7.39 7.87 8.21 8.14 7.74 7.55 8.20 8.88 9.49 9.70 9.69 9.04 8.91 9.25 9.42 8.50 8.42 8.66 8.66 8.61 8.50 8.36 8.37 8.34 8.33 8.37 8.63 8.52 8.65 8.56
-9999 -9999 -9999 -9999 -9999 -9999 -9999 -9999 -9999 -9999 -9999 -9999 -9999 -9999 8.63 9.53 10.79 12.11 12.54 10.53 10.91 9.19 6.45 6.20 5.66 6.57 6.83 6.41 7.98 8.73 11.61 9.67 8.58 8.09 9.34 9.23 7.50 8.31 7.67 7.99 9.85 8.29 8.16 8.16 8.28 7.58 7.44 8.76 8.30 7.82 8.28 7.95 7.74 8.06 8.79 8.61 8.73 8.53 9.15 8.53 9.45 9.45 8.63 8.37 8.81 8.73 8.43 8.36 8.26 8.23 8.24 8.22 8.23 8.22 8.26 8.30 8.48 8.42
-9999 -9999 -9999 -9999 -9999 -9999 -9999 -9999 -9999 -9999 -9999 -9999 -9999 -9999 9.67 10.59 11.27 12.58 14.50 13.22 10.19 7.76 6.25 7.54 9.24 10.75 12.20 9.42 7.63 8.47 9.61 9.14 7.49 9.97 9.25 9.30 8.15 8.91 8.05 7.84 8.40 9.43 9.04 8.47 8.05 7.60 7.50 8.46 8.33 8.02 8.07 8.39 8.56 8.77 9.14 8.57 8.43 9.50 9.58 9.55 9.30 9.47 8.64 8.83 9.24 8.41 8.21 8.17 8.11 8.16 8.13 8.09 8.10 8.10 8.14 8.08 7.96 7.79
-9999 -9999 -9999 -9999 -9999 -9999 -9999 -9999 -9999 -9999 -9999 -9999 -9999 10.27 8.55 9.56 11.67 12.40 11.40 10.99 9.01 9.74 13.46 10.83 10.86 10.64 8.80 7.91 8.55 9.17 7.90 7.37 8.15 9.81 9.76 9.30 8.03 9.10 7.81 7.86 9.17 8.59 8.90 8.94 8.35 8.01 7.78 8.57 8.47 7.84 8.06 8.08 8.02 8.72 8.44 9.38 8.98 9.58 8.99 9.31 9.46 8.73 8.52 9.21 9.10 8.26 8.13 8.33 8.09 8.16 8.12 8.16 8.10 7.99 7.94 7.75 7.99 8.18
-9999 -9999 -9999 -9999 -9999 -9999 -9999 -9999 -9999 -9999 -9999 -9999 -9999 11.91 10.00 9.18 9.14 10.66 13.71 13.06 11.70 10.20 10.68 11.88 12.64 12.18 8.57 10.20 10.98 7.58 9.56 6.47 7.51 9.38 11.10 8.32 8.72 7.79 7.33 7.68 8.41 10.74 9.33 9.26 8.79 8.43 8.29 8.51 8.24 7.79 7.90 7.85 7.80 7.81 8.95 9.43 9.46 9.98 9.16 8.85 8.90 8.54 8.85 9.27 8.99 8.54 8.74 8.46 8.61 8.22 8.17 8.29 8.27 7.95 7.75 7.52 7.46 8.13
-9999 -9999 -9999 -9999 -9999 -9999 -9999 -9999 -9999 -9999 -9999 -9999 -9999 10.63 9.63 6.99 7.99 10.27 13.90 12.20 12.35 10.24 11.97 11.28 9.63 9.78 10.09 9.72 8.22 7.05 7.59 10.01 7.29 7.67 8.07 8.26 9.61 8.51 7.35 7.65 8.37 8.80 8.65 9.43 9.03 8.61 8.64 8.09 7.58 7.95 8.10 8.18 7.67 8.23 9.39 9.48 8.81 9.02 9.75 8.97 9.22 8.42 9.21 9.34 8.68 8.57 8.62 8.04 8.13 8.02 8.06 8.09 7.96 7.77 7.62 7.41 7.63 7.22
-9999 -9999 -9999 -9999 -9999 -9999 -9999 -9999 -9999 -9999 -9999 -9999 10.45 11.02 12.38 9.64 7.60 10.86 12.01 13.77 13.71 9.47 9.89 8.86 9.61 10.42 8.59 8.25 9.68 8.28 7.66 7.49 7.04 6.87 7.39 8.41 8.52 8.34 8.11 7.72 7.68 8.40 8.68 8.17 8.56 8.27 8.74 8.01 7.80 7.83 7.48 7.36 7.61 8.68 8.74 8.91 8.42 9.18 9.33 9.06 8.46 9.20 9.27 9.29 9.42 9.00 8.48 8.22 7.96 8.00 8.04 7.90 7.76 7.53 7.34 7.35 7.60 7.54
-9999 -9999 -9999 -9999 -9999 -9999 -9999 -9999 -9999 -9999 -9999 11.78 11.38 11.70 9.67 7.75 10.22 13.13 13.76 12.20 13.72 10.36 11.30 9.55 8.53 13.37 9.08 9.48 7.65 7.72 6.55 6.57 7.41 8.82 8.13 9.82 8.47 8.85 7.76 7.57 7.75 8.10 8.36 8.08 8.20 8.43 8.48 7.31 7.72 7.60 7.68 7.79 8.06 8.64 8.14 8.88 8.53 8.82 8.27 8.31 9.35 9.72 9.33 9.45 9.31 8.53 8.73 8.59 8.42 8.29 7.98 7.69 7.41 7.48 7.40 7.93 8.13 8.28
-9999 -9999 -9999 -9999 -9999 -9999 -9999 -9999 -9999 13.49 11.96 10.71 9.08 8.55 8.62 8.65 11.48 12.87 14.25 15.59 13.80 11.51 8.19 10.33 9.33 12.25 9.59 8.54 8.39 7.01 6.64 6.25 8.08 10.02 9.44 9.45 7.65 7.90 7.83 7.85 8.37 8.12 8.43 7.83 7.90 8.05 7.43 7.24 7.45 8.10 7.91 8.63 9.15 8.76 8.39 8.05 7.93 8.67 9.16 9.01 9.36 8.71 9.42 9.51 8.91 8.23 8.17 8.77 8.53 8.44 7.68 7.40 7.16 7.34 8.17 8.54 8.37 9.06
-9999 -9999 -9999 -9999 -9999 13.58 12.77 11.62 14.17 13.95 13.67 13.23 10.57 9.53 8.85 12.95 11.70 13.78 13.97 13.56 10.64 9.29 7.59 8.96 8.72 13.97 12.01 9.47 7.38 7.69 7.34 9.53 8.00 9.65 9.82 9.32 8.50 7.79 7.56 8.40 7.93 7.45 8.60 7.70 7.54 7.10 7.32 7.76 8.12 7.45 8.26 8.02 8.36 9.13 8.97 8.73 8.55 9.07 9.15 8.94 8.71 9.43 8.67 8.58 8.40 8.10 8.58 8.64 8.53 7.84 7.25 7.25 7.43 8.35 8.53 8.25 8.94 8.33
-9999 -9999 -9999 -9999 14.42 12.40 12.81 12.10 11.47 12.87 12.12 12.12 9.89 8.60 11.63 12.33 12.99 10.36 14.76 11.18 8.89 13.01 10.24 7.49 13.55 11.65 9.80 5.98 6.18 7.12 10.24 8.42 8.23 8.27 8.35 9.69 9.15 8.96 7.92 8.11 7.55 7.39 8.18 7.66 7.07 7.05 7.44 8.01 7.78 9.35 7.93 7.78 8.15 8.80 8.31 8.26 7.97 8.19 8.69 8.63 9.22 8.75 8.31 8.38 8.55 8.04 8.15 8.02 7.38 7.10 6.98 7.10 7.39 7.89 8.70 8.77 8.89 8.61
-9999 -9999 -9999 13.83 13.38 10.89 10.52 10.65 11.37 10.89 11.24 10.20 10.44 13.99 11.58 10.54 13.70 8.77 10.87 10.58 13.21 12.53 13.09 11.09 10.78 9.00 5.81 9.82 9.92 7.32 8.15 8.07 8.00 8.51 7.96 8.16 9.50 9.68 7.73 7.47 7.45 7.77 7.24 6.63 6.79 9.08 7.62 7.49 7.99 8.70 8.23 7.85 8.33 8.75 8.67 9.05 8.52 7.86 7.81 7.90 8.75 8.47 8.04 8.73 8.55 7.94 7.87 7.54 7.15 7.23 7.23 7.29 7.65 7.90 8.74 8.33 8.26 8.56
14.35 12.49 13.73 11.53 11.39 11.97 11.09 10.63 12.38 11.32 11.21 10.98 13.21 12.64 11.14 12.09 11.49 9.39 9.08 12.13 12.56 11.15 11.27 12.68 9.63 6.30 10.15 11.49 9.55 9.94 8.05 8.47 7.95 8.37 9.99 8.25 10.11 8.55 7.59 7.33 7.51 8.65 6.46 6.73 10.12 8.06 7.75 7.74 8.25 9.06 7.96 8.03 8.30 8.03 8.45 8.40 7.91 7.55 7.82 7.57 7.99 8.30 8.27 7.88 7.54 7.34 7.23 7.49 8.53 7.83 8.44 7.90 7.15 8.43 8.60 8.91 8.70 8.51
11.68 11.28 13.58 16.23 15.14 14.54 11.72 12.63 13.99 12.76 12.23 13.92 12.28 11.62 13.45 10.55 8.19 8.57 8.84 11.41 11.33 10.76 10.05 9.56 8.06 9.25 16.88 13.23 10.25 8.31 8.90 8.55 9.98 8.62 8.99 8.11 8.19 8.13 7.96 7.40 7.13 6.95 6.40 9.43 10.14 9.52 8.38 8.03 10.16 8.85 8.12 8.26 7.88 8.46 8.32 7.99 7.23 8.04 7.68 7.21 8.67 8.47 7.47 7.29 7.22 7.08 7.50 8.27 8.49 8.15 8.44 7.76 7.42 8.35 8.83 8.60 8.89 8.71
11.00 11.40 12.56 13.00 12.39 11.19 12.77 11.69 13.19 10.38 11.34 13.39 12.52 10.81 11.44 8.13 7.36 10.37 11.32 10.36 9.03 10.63 7.83 6.90 6.68 11.08 14.22 14.71 8.80 9.41 9.68 9.98 9.20 7.95 9.00 8.45 8.44 7.91 7.98 6.83 6.43 7.25 7.26 9.77 9.86 9.41 8.35 8.96 10.17 9.45 8.87 8.32 8.40 8.20 7.73 7.30 7.20 7.56 7.87 7.57 7.48 7.40 7.15 8.11 8.65 7.36 7.58 8.25 8.41 7.83 8.08 7.87 7.77 8.02 8.42 8.85 8.72 8.68
11.90 11.10 11.73 11.44 11.79 11.07 11.06 12.07 10.77 11.28 9.94 9.70 9.46 8.97 8.39 10.01 8.95 12.33 17.76 10.27 10.25 10.49 14.11 13.44 6.43 6.45 15.68 12.31 10.45 10.91 11.88 9.98 8.03 7.29 9.29 9.65 8.52 7.77 7.23 6.52 6.32 7.53 9.97 10.52 9.61 9.26 8.91 8.66 8.52 9.20 8.45 8.19 7.86 7.40 7.00 6.85 7.57 7.34 7.13 7.15 6.51 6.79 7.66 7.67 8.30 7.73 7.71 7.71 7.80 8.07 8.05 7.86 7.77 7.93 8.22 8.35 8.73 8.60
11.27 10.75 11.57 10.64 10.93 10.83 10.81 9.87 9.73 10.38 9.54 10.69 9.48 11.26 8.30 10.90 12.84 13.03 14.10 14.60 12.06 13.70 15.33 10.55 11.99 10.58 6.67 11.54 11.70 8.82 9.26 7.65 9.01 8.79 11.44 10.64 8.42 7.63 6.79 6.40 7.40 10.17 9.21 10.88 9.67 9.43 9.99 8.85 9.51 8.10 8.16 7.67 7.32 7.02 7.07 6.92 6.80 6.41 6.20 5.98 6.36 7.56 8.48 8.08 7.52 8.04 7.48 8.20 7.47 7.30 7.32 7.37 7.52 7.73 8.25 8.04 8.46 8.36
11.90 10.87 10.46 11.65 12.54 13.86 12.55 11.07 10.21 9.42 9.68 12.09 9.56 10.64 8.08 10.04 10.69 10.05 8.97 11.02 10.09 12.37 12.62 14.30 12.21 12.75 11.49 15.19 10.11 9.04 8.50 9.21 8.60 10.93 10.62 10.82 7.86 7.23 6.57 9.67 10.31 10.20 10.71 9.25 9.75 9.94 9.54 8.12 7.89 7.88 7.57 7.31 7.20 7.01 7.33 7.11 6.94 6.09 5.35 5.55 6.74 8.68 7.49 7.97 8.01 7.54 7.32 7.36 7.03 7.06 7.32 6.93 7.38 7.58 7.78 8.05 8.20 7.74
12.38 11.30 10.79 10.91 12.29 12.35 12.75 11.82 11.00 10.35 9.85 10.24 12.31 9.06 12.56 11.81 11.86 12.70 10.94 8.64 8.73 10.65 9.99 11.88 11.66 10.14 13.77 13.68 8.80 9.51 7.50 8.11 9.81 10.66 10.13 9.31 7.57 6.86 8.26 7.93 9.73 9.72 9.24 9.54 9.25 8.77 8.28 7.29 6.98 7.03 7.06 8.40 7.22 7.78 7.03 6.53 5.46 4.82 4.90 6.04 7.93 8.21 8.03 8.15 7.85 7.41 7.42 7.74 8.01 6.74 7.34 7.96 7.38 7.25 7.74 7.22 7.56 8.28
12.30 11.84 12.19 12.86 13.80 -9999 -9999 -9999 -9999 11.47 11.06 11.76 9.64 8.67 10.06 10.38 10.11 9.39 6.14 13.84 14.20 10.01 9.08 9.53 11.13 11.93 13.33 10.64 9.16 8.10 7.25 11.00 10.00 11.43 8.74 8.25 7.59 7.28 9.22 8.03 9.65 9.57 8.82 8.87 8.52 8.02 7.32 6.88 6.75 6.89 7.02 8.10 7.43 7.73 7.57 6.58 5.46 4.70 5.90 6.05 7.57 8.47 8.54 7.28 7.13 6.92 7.78 8.08 7.76 6.62 7.21 7.81 7.63 7.28 7.95 7.62 7.53 7.80
