ML/MeanWindSpeed_1991-01_Actual.txt
ncols         180
nrows         290
xllcorner     -200000
yllcorner     -200000
cellsize      5000
NODATA_value  -9999
[rows 204 to 237 of 290, columns 78 to 155 of 180]
11.31 11.41 12.40 12.73 12.01 10.64 12.12 11.09 12.67 9.84 10.86 12.95 12.23 10.75 11.34 7.89 6.97 10.24 11.29 10.35 9.17 10.92 8.21 6.82 6.06 10.65 14.21 14.99 9.20 9.70 9.99 10.29 9.42 8.21 9.47 8.98 8.85 8.32 8.37 6.99 6.47 7.24 7.20 9.63 9.62 8.97 7.85 8.61 10.10 9.65 9.22 8.79 8.99 8.88 8.56 8.21 8.19 8.64 8.95 8.60 8.47 8.38 8.11 9.07 9.57 8.26 8.55 9.33 9.68 9.38 9.87 9.81 9.82 9.80 8.93 8.97 8.87 8.94
12.63 11.60 12.04 11.59 11.82 11.08 11.00 11.94 10.70 11.22 10.00 9.76 9.52 8.79 7.90 9.23 7.96 11.44 16.86 9.39 9.38 10.11 14.17 13.51 6.47 6.46 15.74 12.47 10.52 11.00 12.00 10.16 8.19 7.51 9.71 10.11 8.90 8.14 7.62 6.68 6.34 7.45 9.77 10.16 9.11 8.71 8.32 8.24 8.46 9.44 8.89 8.77 8.57 8.23 7.97 7.95 8.77 8.64 8.51 8.48 7.69 7.85 8.65 8.62 9.24 8.71 8.72 8.84 9.14 9.68 9.90 9.91 9.94 9.99 8.87 8.51 8.92 8.91
12.28 11.51 12.15 11.07 11.23 11.15 11.02 10.03 9.85 10.45 9.60 10.70 9.48 10.80 7.61 10.07 11.84 11.97 12.93 13.39 10.88 12.76 14.73 10.36 12.06 10.79 7.07 11.86 11.81 8.92 9.34 7.82 9.04 8.89 11.81 11.07 8.84 7.94 6.92 6.45 7.41 10.00 8.93 10.43 9.07 8.77 9.35 8.48 9.67 8.56 8.76 8.39 8.10 7.94 8.14 8.20 8.33 8.10 7.96 7.58 7.69 8.67 9.48 9.05 8.47 9.01 8.57 9.41 8.87 8.93 9.21 9.44 9.67 9.70 9.27 8.44 8.83 8.82
13.06 11.75 11.07 12.08 12.90 14.42 13.16 11.54 10.43 9.46 9.58 11.98 9.48 10.20 7.67 9.63 10.12 9.37 8.32 10.39 9.50 11.48 11.58 13.46 11.74 12.65 11.86 15.53 10.32 9.16 8.52 9.24 8.64 11.07 11.01 11.29 8.25 7.44 6.49 9.52 10.23 10.03 10.44 8.88 9.26 9.38 9.18 8.57 8.62 8.65 8.34 8.09 8.02 7.93 8.46 8.58 8.79 8.18 7.50 7.46 8.19 9.79 8.48 8.91 8.95 8.52 8.41 8.60 8.41 8.59 9.09 8.88 9.34 9.35 9.06 8.90 8.92 8.52
13.65 12.32 11.59 11.66 13.19 13.55 14.12 13.07 11.87 10.71 9.87 10.21 12.06 8.59 12.14 11.36 11.27 12.11 10.50 8.38 8.50 10.10 9.21 10.99 10.68 9.52 13.93 13.97 8.96 9.45 7.46 8.15 9.87 10.84 10.61 9.82 7.99 7.11 8.30 7.91 9.70 9.65 9.13 9.36 9.09 8.83 8.86 8.23 7.97 7.93 7.88 9.13 8.07 8.70 8.17 8.08 7.56 7.28 7.46 8.37 9.49 9.20 8.92 9.04 8.74 8.31 8.42 8.86 9.21 8.07 8.90 9.64 9.09 8.87 9.12 8.34 8.61 9.41
13.79 13.06 13.39 14.27 15.41 -9999 -9999 -9999 -9999 12.54 11.66 12.06 9.67 8.58 9.87 9.99 9.48 8.61 5.41 13.31 13.93 9.54 8.43 8.81 10.24 11.23 13.24 10.73 9.15 7.93 7.11 10.95 10.21 11.88 9.29 8.71 7.93 7.54 9.30 8.11 9.73 9.67 8.96 9.00 8.75 8.47 8.11 7.85 7.73 7.76 7.84 8.87 8.24 8.53 8.48 7.89 7.56 7.42 8.83 8.79 9.14 9.32 9.41 8.16 7.94 7.70 8.69 9.12 8.81 7.81 8.60 9.24 9.08 8.74 9.31 8.88 8.78 9.24
16.23 16.17 14.77 16.45 16.28 -9999 -9999 -9999 -9999 -9999 -9999 -9999 9.29 9.31 10.36 9.42 8.99 8.61 9.99 11.92 14.14 13.58 11.74 10.25 9.68 8.98 11.96 11.95 8.33 7.20 10.67 11.05 12.40 9.64 8.83 8.33 7.74 8.66 9.36 9.33 9.66 9.41 9.05 8.75 8.43 8.10 8.06 7.90 8.41 7.97 8.02 8.08 8.13 8.18 7.71 8.05 9.02 8.80 8.15 9.43 9.43 9.13 8.95 8.05 7.49 8.03 8.62 8.39 7.88 7.76 8.78 7.94 8.29 9.19 8.76 8.90 9.00 8.52
-9999 16.79 -9999 -9999 -9999 -9999 -9999 -9999 -9999 -9999 13.95 12.18 11.60 12.90 12.50 11.15 9.77 9.59 9.22 11.38 12.80 12.27 8.80 8.58 11.59 10.69 10.87 9.10 7.87 7.75 10.37 10.92 10.83 9.39 8.91 8.47 7.08 9.92 10.31 9.39 9.58 9.29 9.12 8.83 8.43 8.63 8.14 8.21 7.72 7.70 7.80 8.05 7.99 8.06 7.45 8.66 10.08 8.88 9.24 7.82 8.93 8.61 8.01 8.22 7.76 7.95 8.70 8.22 7.64 7.73 7.81 8.32 8.88 8.44 9.05 8.98 8.45 8.47
-9999 -9999 -9999 -9999 -9999 -9999 -9999 -9999 -9999 -9999 15.49 14.64 12.85 14.23 14.85 -9999 -9999 10.44 12.31 8.25 9.77 9.34 9.19 9.79 11.19 9.10 8.91 9.41 9.28 10.15 10.78 10.90 10.14 9.41 9.56 7.86 8.19 10.20 9.43 9.16 9.02 9.15 9.54 9.25 8.56 8.28 7.65 7.70 8.15 8.60 8.41 8.99 7.97 7.43 8.24 10.40 8.95 9.02 8.49 7.22 8.47 8.02 7.54 7.35 7.34 7.34 7.61 8.96 8.02 7.97 7.98 8.01 8.22 8.07 7.91 9.30 8.94 9.68
-9999 -9999 -9999 -9999 -9999 -9999 -9999 -9999 -9999 -9999 -9999 -9999 -9999 -9999 -9999 -9999 -9999 12.37 11.02 10.22 9.18 8.19 7.89 8.17 9.19 9.30 9.99 10.78 11.50 12.24 12.07 -9999 10.07 9.29 8.40 7.78 8.37 10.01 9.49 9.62 9.14 8.56 8.48 9.11 8.26 8.08 8.85 8.90 8.61 9.33 10.13 9.09 8.77 8.43 8.73 9.89 8.82 8.73 8.47 7.70 7.46 7.32 7.63 7.71 7.33 7.19 7.57 7.86 7.84 7.88 7.91 7.96 8.09 8.32 8.62 9.11 9.23 9.91
-9999 -9999 -9999 -9999 -9999 -9999 -9999 -9999 -9999 -9999 -9999 -9999 -9999 -9999 -9999 -9999 -9999 -9999 12.34 10.66 9.28 9.04 9.24 8.02 8.28 9.51 11.24 -9999 -9999 -9999 -9999 11.05 9.60 8.80 7.88 7.68 8.45 10.04 9.56 9.83 9.16 8.20 8.78 8.46 9.42 8.81 10.20 9.04 9.17 8.86 9.23 9.14 8.61 9.25 7.92 8.53 8.81 7.61 7.68 7.24 7.04 6.98 6.93 7.10 7.26 6.87 7.02 7.21 7.38 7.39 8.59 8.89 8.04 8.14 8.46 8.75 9.24 10.52
-9999 -9999 -9999 -9999 -9999 -9999 -9999 -9999 -9999 -9999 -9999 -9999 -9999 -9999 -9999 -9999 -9999 -9999 -9999 12.09 12.46 11.16 9.67 9.15 9.76 11.57 -9999 -9999 -9999 -9999 11.53 10.80 10.19 7.53 7.11 7.29 9.49 10.29 10.05 9.54 8.52 8.34 8.16 9.37 10.37 9.36 9.35 8.85 9.02 8.84 8.07 8.54 8.61 8.29 8.22 8.21 7.95 7.32 7.27 7.62 7.82 7.89 6.98 7.03 7.00 6.77 7.29 7.36 7.67 7.31 8.03 8.03 7.98 8.80 8.21 9.03 9.39 10.28
-9999 -9999 -9999 -9999 -9999 -9999 -9999 -9999 -9999 -9999 -9999 -9999 -9999 -9999 -9999 -9999 -9999 -9999 -9999 -9999 13.25 13.06 11.75 10.64 10.89 13.53 -9999 -9999 -9999 10.97 8.70 7.94 9.37 9.06 8.31 7.38 8.75 8.42 9.88 9.17 7.74 8.68 9.47 9.41 8.98 9.54 8.83 8.46 8.28 7.83 7.77 7.74 7.93 8.38 8.09 7.56 7.37 7.25 7.24 7.84 7.65 7.79 7.47 6.97 6.98 6.76 6.85 6.93 7.30 7.30 7.52 7.39 8.07 8.46 8.89 8.77 8.11 9.72
-9999 -9999 -9999 -9999 -9999 -9999 -9999 -9999 -9999 -9999 -9999 -9999 -9999 -9999 -9999 -9999 -9999 -9999 -9999 -9999 -9999 -9999 -9999 -9999 -9999 -9999 -9999 -9999 13.27 9.50 7.56 7.33 8.92 7.64 8.27 8.89 9.00 9.16 9.32 7.91 7.44 7.65 8.41 8.23 8.43 8.47 8.57 8.31 8.27 9.61 8.34 8.43 7.92 8.33 8.26 7.45 7.31 6.85 7.24 7.95 7.51 7.10 6.98 6.92 6.74 7.15 6.93 7.37 7.17 8.05 8.50 8.01 7.08 9.40 10.10 8.67 7.63 10.06
-9999 -9999 -9999 -9999 -9999 -9999 -9999 -9999 -9999 -9999 -9999 -9999 -9999 -9999 -9999 -9999 -9999 -9999 -9999 -9999 -9999 -9999 -9999 -9999 -9999 -9999 -9999 -9999 10.84 8.99 7.50 11.90 10.50 7.67 8.20 8.85 9.34 9.66 8.19 7.70 7.36 7.19 8.14 7.87 7.69 9.06 8.78 9.69 8.58 8.84 9.89 8.60 8.26 8.14 7.60 7.33 7.03 6.87 7.27 7.39 7.54 7.09 6.71 6.54 6.29 6.73 8.34 7.82 8.47 8.91 9.76 8.44 7.48 8.66 9.03 7.82 7.14 7.64
-9999 -9999 -9999 -9999 -9999 -9999 -9999 -9999 -9999 -9999 -9999 -9999 -9999 -9999 -9999 -9999 -9999 -9999 -9999 -9999 -9999 -9999 -9999 -9999 -9999 -9999 -9999 -9999 10.45 7.61 6.08 8.11 11.29 10.41 9.70 8.88 9.94 8.38 7.81 7.29 8.57 8.56 9.14 8.71 8.14 8.35 8.20 8.51 8.91 8.97 8.24 8.16 8.19 8.16 7.60 7.25 7.11 7.09 7.56 7.45 7.19 6.52 6.55 7.29 7.94 7.48 8.36 8.09 8.08 8.22 8.93 10.38 10.08 8.33 8.16 8.37 8.40 8.16
-9999 -9999 -9999 -9999 -9999 -9999 -9999 -9999 -9999 -9999 -9999 14.20 13.89 11.63 15.31 14.62 14.52 14.89 16.78 10.78 15.68 11.96 -9999 -9999 -9999 -9999 -9999 -9999 9.90 8.32 7.51 6.54 7.36 9.20 10.64 10.20 8.99 8.04 7.75 8.31 9.33 8.64 8.03 8.00 7.59 8.09 8.37 8.01 7.77 7.64 7.96 7.45 8.01 8.41 8.94 7.96 7.50 7.90 7.83 7.31 7.75 6.62 6.33 7.73 8.76 7.80 7.46 7.81 7.84 7.71 7.64 7.89 7.84 7.48 7.33 7.19 7.15 7.11
-9999 -9999 -9999 -9999 -9999 -9999 -9999 -9999 -9999 -9999 -9999 14.95 13.41 12.59 10.34 12.23 13.77 13.31 14.16 14.66 12.48 11.27 9.91 10.90 13.30 11.65 10.84 9.72 9.13 8.35 7.85 7.36 6.75 7.09 9.37 9.43 8.49 7.68 10.02 8.67 7.79 8.19 8.53 7.75 7.50 8.11 8.09 8.32 8.07 7.98 7.02 7.24 7.72 7.83 7.89 8.49 8.78 7.52 7.25 6.86 6.65 7.33 6.59 9.97 8.71 8.39 7.91 7.51 7.64 7.54 8.29 8.23 7.12 8.45 8.05 8.52 7.43 7.58
-9999 -9999 -9999 -9999 -9999 -9999 -9999 -9999 -9999 -9999 14.40 12.32 10.69 9.65 8.59 10.80 13.44 13.11 12.27 12.22 12.28 11.34 9.75 9.29 10.56 11.83 9.58 9.00 8.43 8.37 8.95 7.67 7.45 8.48 8.40 8.04 8.12 9.97 8.46 9.55 8.92 8.19 7.39 7.74 7.44 8.10 8.37 8.03 8.40 7.53 7.76 7.61 7.48 7.42 8.69 9.36 7.63 6.89 7.13 9.03 7.70 7.25 7.47 7.54 7.88 8.06 7.63 7.48 8.05 8.92 8.15 7.21 7.10 8.58 8.12 8.00 8.38 8.29
-9999 -9999 -9999 -9999 -9999 -9999 -9999 -9999 -9999 -9999 -9999 11.64 9.61 8.72 10.33 10.21 10.87 13.28 12.08 10.28 9.23 11.40 13.03 11.01 9.25 9.78 11.50 9.80 8.21 8.09 7.90 8.35 8.23 7.42 7.43 7.72 8.29 9.09 8.01 9.28 8.29 8.18 8.06 8.19 7.57 8.30 8.64 8.45 7.26 7.38 7.99 7.30 6.82 6.60 7.62 8.80 8.56 6.96 7.35 8.51 8.36 7.70 7.03 7.00 6.85 7.13 8.52 8.26 8.03 8.51 9.36 8.63 8.15 8.71 8.72 7.95 8.73 7.90
-9999 -9999 -9999 -9999 -9999 -9999 -9999 16.04 -9999 -9999 13.06 11.31 11.35 9.11 10.98 9.74 9.35 9.59 10.02 10.65 9.25 11.10 12.43 10.49 9.41 8.46 8.58 8.46 8.02 7.99 8.10 8.65 7.57 7.22 7.70 9.15 8.05 8.64 7.69 8.38 7.95 8.70 9.39 8.70 7.74 7.43 7.61 7.41 7.14 8.46 7.66 7.02 8.55 7.11 7.27 9.01 9.89 6.96 7.31 7.84 7.69 7.30 7.03 6.95 7.28 7.84 8.33 7.61 7.22 7.22 7.74 7.84 7.90 8.56 8.05 8.01 7.99 7.56
-9999 -9999 -9999 -9999 -9999 -9999 14.77 15.40 14.96 14.42 11.69 10.73 12.51 10.83 9.79 10.13 9.20 10.22 10.71 11.29 9.92 9.91 10.65 9.78 8.75 8.27 8.45 8.86 8.90 8.03 7.84 7.86 7.26 7.14 8.64 8.77 7.89 8.21 8.35 9.47 8.81 8.89 9.97 8.79 8.46 7.48 8.04 7.74 8.02 7.58 7.34 6.79 7.78 7.70 7.13 8.22 7.89 7.24 7.12 6.99 7.61 7.55 7.41 7.11 6.87 6.92 6.94 7.27 7.51 7.38 6.79 7.24 7.65 8.45 8.88 8.52 7.51 8.30
-9999 -9999 -9999 -9999 -9999 -9999 13.87 13.35 12.31 12.72 11.73 11.09 10.55 12.17 11.80 10.74 11.43 10.96 10.65 11.73 10.64 10.64 10.64 8.74 9.50 11.13 10.67 9.58 8.64 7.83 8.03 8.30 8.29 7.66 8.76 8.29 8.69 7.66 6.98 8.54 9.73 8.85 8.95 8.70 8.09 8.13 8.70 7.97 7.46 8.14 8.33 7.10 7.36 7.35 7.28 8.11 8.48 8.50 9.73 7.59 7.76 7.04 6.83 7.05 7.20 6.86 6.73 7.10 7.72 7.41 7.07 6.87 7.63 7.77 7.96 8.12 8.35 7.49
-9999 -9999 -9999 -9999 -9999 -9999 14.14 12.58 11.87 12.25 11.87 11.87 10.93 11.44 11.33 10.04 10.84 10.67 11.14 11.47 11.06 8.98 8.11 7.92 9.93 10.07 10.62 11.00 8.93 8.48 8.35 7.72 8.33 7.64 8.48 8.11 8.10 7.82 7.28 8.95 8.67 8.80 8.75 8.52 8.26 8.35 8.92 8.82 7.77 7.60 7.88 8.59 7.49 7.61 7.45 7.82 7.88 7.93 8.51 8.13 8.92 9.51 6.50 9.54 8.28 6.71 7.00 9.93 9.98 9.53 7.00 6.95 7.20 7.15 7.70 7.61 8.80 9.88
-9999 -9999 -9999 -9999 -9999 -9999 12.66 11.87 11.64 11.55 11.18 11.16 10.74 10.42 11.22 10.52 10.38 10.70 9.84 9.92 9.79 9.67 7.61 8.69 10.67 9.97 11.03 10.88 9.15 9.09 9.15 8.05 8.08 8.07 8.08 7.93 7.94 8.61 9.44 8.00 8.83 8.74 8.74 8.49 8.36 8.59 8.94 8.19 8.21 8.02 8.46 8.87 9.38 8.72 9.42 9.11 8.64 8.34 7.93 7.49 7.55 7.82 7.32 9.09 9.07 9.68 9.35 9.92 10.46 10.76 7.68 7.67 7.48 7.59 8.21 9.32 10.62 11.12
-9999 -9999 -9999 -9999 -9999 -9999 11.58 11.10 11.08 11.52 12.01 11.33 10.78 10.21 10.56 11.59 10.95 10.29 9.40 9.63 9.24 8.84 8.62 8.41 9.00 8.82 10.73 9.54 7.71 9.93 9.39 8.15 10.16 8.87 9.39 9.92 9.39 9.21 9.75 8.80 8.24 8.69 8.65 8.13 8.25 8.45 8.88 8.15 8.40 9.32 10.06 9.90 9.92 10.15 10.23 10.46 10.34 9.83 8.99 8.60 9.10 9.60 9.89 10.40 10.74 11.00 -9999 -9999 10.71 10.80 10.16 9.50 8.74 11.29 9.91 -9999 -9999 -9999
-9999 -9999 -9999 -9999 -9999 13.74 11.55 11.13 10.35 11.24 11.46 12.32 10.90 11.31 10.90 11.42 10.71 9.95 9.40 9.28 8.82 8.36 8.12 8.53 9.56 10.18 9.89 8.52 10.78 11.36 8.82 7.86 8.51 8.39 9.50 9.58 8.69 8.63 8.51 8.36 9.18 9.11 9.26 8.91 8.86 9.35 10.07 9.90 9.58 9.54 9.81 10.16 -9999 -9999 11.35 12.26 12.34 11.72 11.16 10.69 10.92 -9999 -9999 -9999 -9999 -9999 -9999 -9999 -9999 -9999 -9999 10.87 11.27 12.81 11.80 -9999 -9999 -9999
-9999 -9999 -9999 -9999 14.65 12.82 11.04 11.43 10.33 10.29 10.03 9.86 9.47 12.43 13.11 11.92 11.14 10.84 11.02 9.76 8.77 8.35 8.56 8.81 11.80 12.82 12.29 11.99 13.37 10.97 10.55 9.93 10.26 10.71 9.17 8.20 8.70 8.10 8.32 8.24 8.57 8.72 10.32 11.46 11.53 11.39 11.41 11.54 10.67 -9999 9.14 9.84 9.81 10.40 11.48 -9999 -9999 -9999 -9999 12.50 -9999 -9999 -9999 -9999 -9999 -9999 -9999 -9999 -9999 -9999 -9999 -9999 -9999 -9999 -9999 -9999 -9999 -9999
-9999 -9999 -9999 15.23 14.07 13.44 12.18 10.74 10.23 9.88 8.51 7.87 9.26 14.12 15.51 11.31 10.58 12.91 10.34 11.60 9.06 8.68 11.50 10.81 11.22 12.01 12.48 -9999 -9999 -9999 -9999 -9999 10.94 11.85 11.05 9.46 9.28 8.93 8.40 8.49 8.55 9.34 10.91 -9999 -9999 -9999 -9999 -9999 12.00 11.69 10.37 9.04 8.92 11.19 11.70 -9999 -9999 -9999 -9999 -9999 -9999 -9999 -9999 -9999 -9999 -9999 -9999 -9999 -9999 -9999 -9999 -9999 -9999 -9999 -9999 -9999 -9999 -9999
-9999 -9999 11.32 11.83 13.16 13.39 12.10 11.63 10.70 8.87 9.07 8.66 10.79 13.48 14.86 13.70 12.84 11.12 11.93 10.50 10.59 10.36 12.61 12.89 -9999 -9999 -9999 -9999 -9999 -9999 -9999 -9999 -9999 11.58 11.56 10.23 11.14 11.98 12.12 10.08 11.93 12.20 13.21 -9999 -9999 -9999 -9999 -9999 -9999 -9999 10.29 10.34 9.33 10.40 -9999 -9999 -9999 -9999 -9999 -9999 -9999 -9999 -9999 -9999 -9999 -9999 -9999 -9999 -9999 -9999 -9999 -9999 -9999 -9999 -9999 -9999 -9999 -9999
13.52 13.06 10.84 10.95 12.23 13.71 13.82 12.14 10.06 9.71 9.91 9.40 10.65 13.46 12.12 12.56 12.67 13.41 8.43 10.79 13.97 12.24 -9999 -9999 -9999 -9999 -9999 -9999 -9999 -9999 -9999 -9999 -9999 -9999 -9999 12.56 -9999 -9999 -9999 -9999 11.46 13.81 14.53 -9999 -9999 -9999 -9999 -9999 -9999 -9999 -9999 11.08 12.86 11.77 -9999 -9999 -9999 -9999 -9999 -9999 -9999 -9999 -9999 -9999 -9999 -9999 -9999 -9999 -9999 -9999 -9999 -9999 -9999 -9999 -9999 -9999 -9999 -9999
12.34 11.38 9.85 10.81 12.30 12.91 13.59 12.36 11.35 12.02 9.13 7.80 9.28 12.46 12.84 11.40 10.58 11.97 9.46 9.58 11.37 -9999 -9999 -9999 -9999 -9999 -9999 -9999 -9999 -9999 -9999 -9999 -9999 -9999 -9999 14.08 -9999 -9999 -9999 -9999 -9999 -9999 -9999 -9999 -9999 -9999 -9999 -9999 -9999 -9999 -9999 -9999 -9999 -9999 -9999 -9999 -9999 -9999 -9999 -9999 -9999 -9999 -9999 -9999 -9999 -9999 -9999 -9999 -9999 -9999 -9999 -9999 -9999 -9999 -9999 -9999 -9999 -9999
12.80 11.51 10.08 11.24 11.72 11.81 12.39 11.77 11.51 12.39 8.90 7.94 8.59 11.01 15.32 15.83 10.03 10.08 9.69 10.90 13.67 -9999 -9999 -9999 -9999 -9999 -9999 -9999 -9999 -9999 -9999 -9999 -9999 -9999 -9999 -9999 -9999 -9999 -9999 -9999 -9999 -9999 -9999 -9999 -9999 -9999 -9999 -9999 -9999 -9999 -9999 -9999 -9999 -9999 -9999 -9999 -9999 -9999 -9999 -9999 -9999 -9999 -9999 -9999 -9999 -9999 -9999 -9999 -9999 -9999 -9999 -9999 -9999 -9999 -9999 -9999 -9999 -9999
11.31 12.64 12.02 12.18 11.80 12.46 11.74 11.44 11.31 10.17 9.93 8.92 8.36 11.05 13.54 13.37 11.40 9.30 9.56 12.76 12.61 -9999 -9999 -9999 -9999 -9999 -9999 -9999 -9999 -9999 -9999 -9999 -9999 -9999 -9999 -9999 -9999 -9999 -9999 -9999 -9999 -9999 -9999 -9999 -9999 -9999 -9999 -9999 -9999 -9999 -9999 -9999 -9999 -9999 -9999 -9999 -9999 -9999 -9999 -9999 -9999 -9999 -9999 -9999 -9999 -9999 -9999 -9999 -9999 -9999 -9999 -9999 -9999 -9999 -9999 -9999 -9999 -9999
