ML/MeanWindSpeed_1997-10_Actual.txt
ncols         180
nrows         290
xllcorner     -200000
yllcorner     -200000
cellsize      5000
NODATA_value  -9999
[rows 210 to 244 of 290, columns 79 to 157 of 180]
13.46 11.91 13.70 13.29 -9999 -9999 -9999 -9999 -9999 -9999 -9999 6.87 6.97 8.17 7.28 7.34 7.57 9.49 11.65 14.18 13.54 11.52 9.85 9.42 8.35 11.29 11.16 7.08 5.81 9.62 9.76 10.90 7.67 6.86 6.58 6.04 7.09 7.78 7.58 7.79 7.43 7.01 6.74 6.48 6.27 6.29 6.13 6.66 6.08 6.00 5.97 5.99 6.13 5.72 6.05 6.50 5.63 4.71 6.16 6.70 6.62 6.38 5.56 5.28 5.94 6.38 5.90 5.11 4.76 5.73 4.66 4.97 5.95 5.44 5.57 5.70 5.17 5.09 5.64
13.72 -9999 -9999 -9999 -9999 -9999 -9999 -9999 -9999 11.39 9.79 9.35 10.72 10.26 9.04 8.02 8.39 8.61 11.19 12.84 12.28 8.39 8.17 11.68 10.32 10.13 8.01 6.61 6.31 9.03 9.28 9.08 7.47 7.01 6.79 5.39 8.46 8.71 7.48 7.54 7.10 6.90 6.69 6.38 6.81 6.32 6.43 5.82 5.74 5.74 5.93 5.89 6.17 5.55 6.85 7.96 5.82 5.99 4.44 6.19 6.15 5.72 6.53 6.15 6.17 6.65 5.81 4.92 4.81 4.70 5.20 5.71 5.11 5.72 5.62 5.04 5.03 6.44 6.01
-9999 -9999 -9999 -9999 -9999 -9999 -9999 -9999 -9999 12.92 12.22 10.33 11.82 12.52 -9999 -9999 8.92 11.73 7.52 9.34 8.97 9.00 9.75 11.21 8.46 7.90 8.19 7.83 8.57 9.06 9.05 8.29 7.59 7.89 6.25 6.58 8.66 7.54 7.07 6.76 6.83 7.25 7.00 6.40 6.37 5.83 5.93 6.45 6.88 6.51 7.06 5.92 5.51 6.37 8.68 6.67 6.22 5.41 4.13 5.94 5.86 5.84 6.03 5.96 5.64 5.50 6.70 5.32 5.01 4.82 4.75 4.85 4.61 4.34 5.85 5.39 6.14 7.39 7.50
-9999 -9999 -9999 -9999 -9999 -9999 -9999 -9999 -9999 -9999 -9999 -9999 -9999 -9999 -9999 -9999 10.73 9.72 9.40 8.47 7.50 7.49 8.01 9.01 8.66 8.86 9.35 9.91 10.53 10.26 -9999 8.28 7.54 6.85 6.24 6.78 8.44 7.57 7.51 6.84 6.13 6.05 6.85 6.11 6.24 7.32 7.46 7.14 7.88 8.64 7.31 6.90 6.58 6.77 7.93 6.47 6.11 5.72 5.00 5.01 5.12 5.69 6.19 5.73 5.25 5.34 5.35 5.05 4.87 4.70 4.61 4.58 4.71 4.83 5.27 5.40 6.13 6.94 -9999
-9999 -9999 -9999 -9999 -9999 -9999 -9999 -9999 -9999 -9999 -9999 -9999 -9999 -9999 -9999 -9999 -9999 10.89 9.45 8.23 8.27 8.97 8.09 8.17 8.67 9.85 -9999 -9999 -9999 -9999 9.35 7.91 7.24 6.42 6.21 6.90 8.51 7.66 7.76 6.90 5.83 6.56 6.27 7.59 7.15 8.90 7.61 7.74 7.34 7.66 7.43 6.69 7.37 5.70 6.29 6.49 5.03 5.09 4.68 4.58 4.60 4.40 4.41 4.74 4.49 4.53 4.51 4.51 4.35 5.51 5.65 4.43 4.33 4.46 4.68 5.15 6.47 8.20 8.36
-9999 -9999 -9999 -9999 -9999 -9999 -9999 -9999 -9999 -9999 -9999 -9999 -9999 -9999 -9999 -9999 -9999 -9999 10.69 11.30 9.92 9.07 10.04 10.07 10.44 -9999 -9999 -9999 -9999 9.99 9.39 8.88 5.96 5.62 5.81 8.14 8.84 8.32 7.55 6.30 6.14 5.97 7.46 8.83 7.90 8.01 7.43 7.56 7.29 6.30 6.72 6.65 6.18 6.01 5.95 5.63 4.95 4.92 5.32 5.51 5.56 4.38 4.34 4.38 4.21 4.73 4.60 4.80 4.27 4.93 4.72 4.40 5.04 4.06 4.77 5.04 5.98 5.91 6.76
-9999 -9999 -9999 -9999 -9999 -9999 -9999 -9999 -9999 -9999 -9999 -9999 -9999 -9999 -9999 -9999 -9999 -9999 -9999 11.60 11.32 10.64 11.82 11.17 11.81 -9999 -9999 -9999 9.37 7.28 6.56 8.13 7.73 6.94 5.86 7.31 6.74 8.27 7.41 5.74 6.85 7.81 7.88 7.56 8.31 7.50 7.07 6.77 6.17 5.98 5.83 5.94 6.35 5.93 5.34 5.18 5.14 5.10 5.73 5.39 5.42 4.97 4.38 4.40 4.14 4.11 4.03 4.37 4.33 4.50 4.21 4.68 4.67 4.76 4.42 3.53 5.34 4.34 5.57
-9999 -9999 -9999 -9999 -9999 -9999 -9999 -9999 -9999 -9999 -9999 -9999 -9999 -9999 -9999 -9999 -9999 -9999 -9999 -9999 -9999 -9999 -9999 -9999 -9999 -9999 -9999 11.68 8.03 6.22 5.98 7.77 6.23 6.91 7.62 7.62 7.67 7.79 6.22 5.77 6.09 7.07 7.01 7.28 7.32 7.46 7.18 6.99 8.36 6.73 6.71 6.01 6.37 6.23 5.36 5.28 4.85 5.24 5.93 5.30 4.73 4.54 4.45 4.26 4.68 4.25 4.62 4.31 5.29 5.75 5.10 3.63 5.63 6.04 4.44 3.17 5.82 5.05 4.88
-9999 -9999 -9999 -9999 -9999 -9999 -9999 -9999 -9999 -9999 -9999 -9999 -9999 -9999 -9999 -9999 -9999 -9999 -9999 -9999 -9999 -9999 -9999 -9999 -9999 -9999 -9999 9.29 7.90 6.43 11.33 9.65 6.37 6.95 7.62 8.06 8.40 6.74 6.24 6.02 5.98 7.12 6.86 6.53 8.01 7.79 8.88 7.54 7.72 8.74 7.07 6.45 6.19 5.55 5.30 5.03 4.92 5.31 5.32 5.39 4.81 4.33 4.20 4.01 4.46 6.07 5.26 5.91 6.31 7.22 5.59 4.00 4.67 4.70 3.33 2.64 3.28 4.80 5.53
-9999 -9999 -9999 -9999 -9999 -9999 -9999 -9999 -9999 -9999 -9999 -9999 -9999 -9999 -9999 -9999 -9999 -9999 -9999 -9999 -9999 -9999 -9999 -9999 -9999 -9999 -9999 8.93 6.34 5.01 7.25 10.70 9.60 8.72 7.73 8.88 7.20 6.71 6.19 7.79 7.93 8.58 8.03 6.92 6.85 6.92 7.47 7.94 7.91 6.93 6.66 6.47 6.30 5.62 5.28 5.20 5.21 5.68 5.45 5.11 4.37 4.34 5.19 6.02 5.49 6.36 5.70 5.39 5.51 6.28 7.73 6.88 4.29 3.75 3.91 4.00 3.86 4.06 4.13
-9999 -9999 -9999 -9999 -9999 -9999 -9999 -9999 -9999 -9999 13.21 13.21 10.77 14.95 13.85 13.32 13.20 15.02 7.98 13.68 9.74 -9999 -9999 -9999 -9999 -9999 -9999 8.32 6.83 6.21 5.27 6.31 8.38 9.89 9.30 7.98 7.07 6.90 7.61 8.83 8.14 7.49 7.56 7.12 6.54 7.23 6.98 6.64 6.37 6.60 5.88 6.37 6.70 7.26 6.14 5.64 6.12 6.00 5.33 5.79 4.60 4.26 5.77 6.96 6.01 5.72 6.04 5.65 5.17 4.83 4.82 4.30 3.37 2.86 2.58 2.52 2.54 3.07 3.28
-9999 -9999 -9999 -9999 -9999 -9999 -9999 -9999 -9999 -9999 14.85 13.60 12.94 10.28 11.96 13.20 12.02 12.38 12.63 9.99 8.80 7.76 9.19 11.98 10.11 9.19 8.03 7.47 6.71 6.23 5.83 5.38 5.89 8.45 8.56 7.60 6.76 9.51 8.06 7.14 7.71 8.20 7.47 7.34 8.01 7.63 7.59 7.09 6.80 5.52 5.59 6.00 6.03 5.98 6.63 6.94 5.55 5.23 4.78 4.48 5.28 4.50 8.42 7.03 6.84 6.39 5.95 5.95 5.41 5.84 5.44 3.75 4.81 3.98 4.31 2.95 3.14 3.05 3.19
-9999 -9999 -9999 -9999 -9999 -9999 -9999 -9999 -9999 13.61 11.93 10.76 9.76 8.35 10.35 12.66 11.69 10.41 10.29 10.27 9.15 7.72 7.50 8.93 10.35 7.76 7.16 6.57 6.59 7.35 6.00 5.91 7.28 7.34 7.09 7.30 9.51 7.81 9.11 8.48 7.75 6.92 7.46 7.26 8.05 8.10 7.41 7.57 6.29 6.27 5.84 5.56 5.39 6.68 7.36 5.42 4.75 5.00 7.10 5.48 4.97 5.28 5.53 6.14 6.53 6.17 6.01 6.50 7.14 5.83 4.42 3.94 5.28 4.48 4.16 4.44 4.25 3.87 3.98
-9999 -9999 -9999 -9999 -9999 -9999 -9999 -9999 -9999 -9999 11.10 9.36 8.34 9.72 9.19 9.49 11.73 10.12 8.14 6.98 9.38 11.28 9.21 7.24 7.71 9.61 7.72 6.07 6.09 6.01 6.66 6.72 6.01 6.19 6.66 7.39 8.45 7.28 8.79 7.73 7.69 7.59 7.87 7.29 8.11 8.27 7.87 6.26 6.03 6.36 5.26 4.51 4.19 5.22 6.43 6.21 4.60 5.00 6.19 5.98 5.28 4.62 4.80 4.90 5.44 7.13 6.82 6.42 6.72 7.28 6.07 5.20 5.60 5.43 4.40 5.12 4.04 4.77 3.82
-9999 -9999 -9999 -9999 -9999 -9999 14.37 -9999 -9999 12.27 10.66 10.92 7.77 9.43 7.95 7.46 7.40 7.62 8.35 6.87 8.91 10.30 7.95 6.69 5.56 5.75 5.79 5.52 5.71 6.07 6.89 5.94 5.79 6.40 8.18 6.98 7.84 6.83 7.68 7.23 8.15 8.94 8.23 7.21 6.81 6.82 6.44 5.89 7.02 5.75 4.70 6.15 4.43 4.46 6.32 7.37 4.14 4.57 5.12 4.97 4.62 4.46 4.58 5.20 6.02 6.59 5.73 5.18 4.97 5.23 5.03 4.83 5.41 4.69 4.53 4.38 3.79 3.74 3.60
-9999 -9999 -9999 -9999 -9999 13.20 14.23 14.01 13.50 10.67 9.58 11.10 8.61 7.45 8.04 7.19 8.26 8.53 9.17 7.66 7.48 8.02 6.72 5.39 4.83 5.17 5.88 6.21 5.53 5.63 5.93 5.62 5.73 7.48 7.69 6.78 7.38 7.66 8.93 8.09 8.13 9.33 7.98 7.62 6.42 6.90 6.40 6.47 5.61 5.00 4.03 4.83 4.64 3.85 5.04 4.74 4.12 4.02 3.92 4.68 4.71 4.67 4.49 4.39 4.60 4.66 4.98 5.08 4.72 3.83 4.19 4.51 5.31 5.66 5.17 3.93 4.72 4.51 4.42
-9999 -9999 -9999 -9999 -9999 12.47 12.31 11.24 11.61 10.45 9.48 8.33 9.98 9.75 8.70 9.74 9.30 8.75 9.88 8.59 8.32 7.95 5.44 6.19 7.99 7.43 6.44 5.74 5.23 5.87 6.49 6.83 6.35 7.66 7.14 7.66 6.71 5.99 7.63 8.86 7.70 7.66 7.34 6.65 6.61 7.14 6.21 5.39 5.79 5.56 3.77 3.78 3.68 3.61 4.77 5.44 5.63 7.08 4.55 4.67 3.96 3.83 4.20 4.49 4.26 4.18 4.52 5.02 4.49 3.94 3.59 4.37 4.48 4.62 4.73 4.91 3.79 4.29 5.32
-9999 -9999 -9999 -9999 -9999 12.81 11.41 10.72 11.01 10.32 10.10 8.78 9.20 9.19 7.89 9.05 9.04 9.52 9.78 9.17 6.49 5.04 4.44 6.66 6.76 7.36 8.08 6.08 5.96 6.28 5.90 6.94 6.40 7.47 7.12 7.13 6.82 6.14 7.85 7.34 7.31 7.03 6.68 6.40 6.43 6.96 6.79 5.38 4.79 4.56 4.85 3.22 3.24 3.11 4.06 4.77 5.14 5.88 5.29 6.03 6.80 3.45 6.98 5.63 4.00 4.35 7.58 7.41 6.75 3.67 3.51 3.70 3.61 4.19 3.96 5.18 6.19 8.57 7.58
-9999 -9999 -9999 -9999 -9999 11.13 10.58 10.35 10.09 9.43 9.21 8.65 8.18 9.14 8.48 8.52 9.12 8.28 8.42 8.17 7.79 4.75 5.26 7.35 6.53 7.85 8.01 6.47 6.85 7.41 6.53 6.94 7.19 7.30 7.25 7.23 7.77 8.53 6.63 7.32 6.98 6.76 6.41 6.24 6.43 6.76 5.86 5.64 4.97 4.79 4.58 4.64 3.65 4.46 4.79 5.53 5.48 4.99 4.41 4.32 4.61 4.07 6.07 6.06 6.83 6.47 7.09 7.55 7.88 4.26 4.20 3.92 3.98 4.45 5.47 6.72 7.07 -9999 -9999
-9999 -9999 -9999 -9999 -9999 10.03 9.80 9.81 10.15 10.52 9.58 8.90 8.21 8.63 9.86 9.26 8.72 7.96 8.47 8.16 7.71 6.84 5.27 5.43 5.18 7.61 6.63 4.97 8.05 8.01 7.06 9.75 8.51 9.17 9.83 9.10 8.59 8.92 7.51 6.55 6.80 6.55 5.93 6.04 6.17 6.61 5.74 5.73 6.10 6.09 5.23 4.68 4.54 4.38 5.04 7.26 6.88 5.90 5.34 5.61 6.04 6.30 6.87 7.24 7.53 -9999 -9999 7.22 7.41 6.76 6.03 5.07 7.86 6.01 -9999 -9999 -9999 -9999 -9999
-9999 -9999 -9999 -9999 12.39 10.25 9.98 9.17 10.12 10.27 11.14 9.46 9.87 9.38 9.97 9.27 8.58 8.17 8.31 8.06 7.71 7.43 6.90 6.80 7.15 7.00 5.60 8.46 9.52 7.29 6.86 8.02 8.12 9.46 9.51 8.38 8.09 7.63 7.11 7.62 7.18 7.11 6.63 6.53 6.97 7.69 7.35 6.70 6.18 5.68 5.35 -9999 -9999 5.38 6.39 8.59 8.52 7.84 7.20 7.25 -9999 -9999 -9999 -9999 -9999 -9999 -9999 -9999 -9999 -9999 7.12 7.50 9.14 7.75 -9999 -9999 -9999 -9999 -9999
-9999 -9999 -9999 13.55 11.72 9.93 10.42 9.21 9.16 9.00 9.02 8.57 11.69 12.34 10.94 10.11 9.92 10.24 9.01 8.17 7.82 8.17 8.01 10.21 10.64 9.87 9.44 11.22 8.87 9.10 9.14 10.01 10.83 9.20 8.06 8.53 7.65 7.59 7.07 6.96 6.72 8.12 9.16 9.11 8.83 8.76 8.84 7.67 -9999 5.12 5.28 4.68 4.93 5.71 -9999 -9999 -9999 -9999 8.74 -9999 -9999 -9999 -9999 -9999 -9999 -9999 -9999 -9999 -9999 -9999 -9999 -9999 -9999 -9999 -9999 -9999 -9999 -9999 -9999
-9999 -9999 14.39 13.32 12.75 11.31 9.62 9.12 8.77 7.61 7.37 8.94 14.07 15.44 10.61 9.75 12.45 9.55 11.12 8.48 8.06 11.07 9.86 9.55 9.73 9.95 -9999 -9999 -9999 -9999 -9999 10.57 11.98 11.31 9.52 9.20 8.62 7.77 7.48 7.03 7.43 8.66 -9999 -9999 -9999 -9999 -9999 9.01 8.44 6.58 4.85 4.30 6.25 6.33 -9999 -9999 -9999 -9999 -9999 -9999 -9999 -9999 -9999 -9999 -9999 -9999 -9999 -9999 -9999 -9999 -9999 -9999 -9999 -9999 -9999 -9999 -9999 -9999 -9999
-9999 10.01 10.89 12.63 12.83 11.31 10.76 9.85 7.85 8.43 8.45 10.94 13.73 15.11 13.57 12.40 10.51 11.55 9.83 9.95 9.50 11.71 11.59 -9999 -9999 -9999 -9999 -9999 -9999 -9999 -9999 -9999 11.29 11.51 10.12 11.15 11.93 11.96 9.38 10.98 10.61 11.19 -9999 -9999 -9999 -9999 -9999 -9999 -9999 6.63 6.46 4.83 5.65 -9999 -9999 -9999 -9999 -9999 -9999 -9999 -9999 -9999 -9999 -9999 -9999 -9999 -9999 -9999 -9999 -9999 -9999 -9999 -9999 -9999 -9999 -9999 -9999 -9999 -9999
11.92 9.65 10.06 11.69 13.27 13.34 11.40 9.14 8.79 9.36 9.23 10.65 13.72 12.16 12.29 12.07 13.03 7.48 10.03 13.40 11.12 -9999 -9999 -9999 -9999 -9999 -9999 -9999 -9999 -9999 -9999 -9999 -9999 -9999 12.27 -9999 -9999 -9999 -9999 10.28 12.41 12.70 -9999 -9999 -9999 -9999 -9999 -9999 -9999 -9999 7.05 8.70 7.14 -9999 -9999 -9999 -9999 -9999 -9999 -9999 -9999 -9999 -9999 -9999 -9999 -9999 -9999 -9999 -9999 -9999 -9999 -9999 -9999 -9999 -9999 -9999 -9999 -9999 -9999
10.54 8.65 9.87 11.79 12.42 13.13 11.73 10.49 11.25 8.24 7.15 9.06 12.51 12.71 10.87 9.65 11.28 8.53 8.43 10.17 -9999 -9999 -9999 -9999 -9999 -9999 -9999 -9999 -9999 -9999 -9999 -9999 -9999 -9999 13.67 -9999 -9999 -9999 -9999 -9999 -9999 -9999 -9999 -9999 -9999 -9999 -9999 -9999 -9999 -9999 -9999 -9999 -9999 -9999 -9999 -9999 -9999 -9999 -9999 -9999 -9999 -9999 -9999 -9999 -9999 -9999 -9999 -9999 -9999 -9999 -9999 -9999 -9999 -9999 -9999 -9999 -9999 -9999 -9999
11.05 8.86 10.16 10.85 11.01 11.71 10.98 10.58 11.53 7.76 7.15 8.34 10.94 15.38 15.73 9.06 9.19 8.72 9.76 12.55 -9999 -9999 -9999 -9999 -9999 -9999 -9999 -9999 -9999 -9999 -9999 -9999 -9999 -9999 -9999 -9999 -9999 -9999 -9999 -9999 -9999 -9999 -9999 -9999 -9999 -9999 -9999 -9999 -9999 -9999 -9999 -9999 -9999 -9999 -9999 -9999 -9999 -9999 -9999 -9999 -9999 -9999 -9999 -9999 -9999 -9999 -9999 -9999 -9999 -9999 -9999 -9999 -9999 -9999 -9999 -9999 -9999 -9999 -9999
12.56 11.20 11.17 10.80 11.62 10.85 10.39 10.10 8.76 8.74 7.92 7.74 10.84 13.32 12.93 10.70 8.31 8.46 11.84 11.26 -9999 -9999 -9999 -9999 -9999 -9999 -9999 -9999 -9999 -9999 -9999 -9999 -9999 -9999 -9999 -9999 -9999 -9999 -9999 -9999 -9999 -9999 -9999 -9999 -9999 -9999 -9999 -9999 -9999 -9999 -9999 -9999 -9999 -9999 -9999 -9999 -9999 -9999 -9999 -9999 -9999 -9999 -9999 -9999 -9999 -9999 -9999 -9999 -9999 -9999 -9999 -9999 -9999 -9999 -9999 -9999 -9999 -9999 -9999
13.70 12.75 12.42 10.84 11.47 10.89 13.14 12.13 10.35 9.75 10.27 8.66 9.30 10.49 10.18 9.10 8.77 9.61 10.91 11.57 -9999 -9999 -9999 -9999 -9999 -9999 -9999 -9999 -9999 -9999 -9999 -9999 -9999 -9999 -9999 -9999 -9999 -9999 -9999 -9999 -9999 -9999 -9999 -9999 -9999 -9999 -9999 -9999 -9999 -9999 -9999 -9999 -9999 -9999 -9999 -9999 -9999 -9999 -9999 -9999 -9999 -9999 -9999 -9999 -9999 -9999 -9999 -9999 -9999 -9999 -9999 -9999 -9999 -9999 -9999 -9999 -9999 -9999 -9999
11.82 12.15 11.43 12.59 14.37 13.92 12.23 12.28 12.19 12.00 10.72 11.18 10.23 9.09 9.01 9.78 10.67 11.23 11.06 12.39 -9999 -9999 -9999 -9999 -9999 -9999 -9999 -9999 -9999 -9999 -9999 -9999 -9999 -9999 -9999 -9999 -9999 -9999 -9999 -9999 -9999 -9999 -9999 -9999 -9999 -9999 -9999 -9999 -9999 -9999 -9999 -9999 -9999 -9999 -9999 -9999 -9999 -9999 -9999 -9999 -9999 -9999 -9999 -9999 -9999 -9999 -9999 -9999 -9999 -9999 -9999 -9999 -9999 -9999 -9999 -9999 -9999 -9999 -9999
12.55 13.18 -9999 -9999 -9999 -9999 -9999 -9999 -9999 -9999 -9999 12.46 12.93 11.27 10.15 9.24 10.48 11.49 11.49 -9999 -9999 -9999 -9999 -9999 -9999 -9999 -9999 -9999 -9999 -9999 -9999 -9999 -9999 -9999 -9999 -9999 -9999 -9999 -9999 -9999 -9999 -9999 -9999 -9999 -9999 -9999 -9999 -9999 -9999 -9999 -9999 -9999 -9999 -9999 -9999 -9999 -9999 -9999 -9999 -9999 -9999 -9999 -9999 -9999 -9999 -9999 -9999 -9999 -9999 -9999 -9999 -9999 -9999 -9999 -9999 -9999 -9999 -9999 -9999
13.34 14.30 -9999 -9999 -9999 -9999 -9999 -9999 -9999 -9999 -9999 -9999 -9999 -9999 11.24 10.32 10.64 11.34 -9999 -9999 -9999 -9999 -9999 -9999 -9999 -9999 -9999 -9999 -9999 -9999 -9999 -9999 -9999 -9999 -9999 -9999 -9999 -9999 -9999 -9999 -9999 -9999 -9999 -9999 -9999 -9999 -9999 -9999 -9999 -9999 -9999 -9999 -9999 -9999 -9999 -9999 -9999 -9999 -9999 -9999 -9999 -9999 -9999 -9999 -9999 -9999 -9999 -9999 -9999 -9999 -9999 -9999 -9999 -9999 -9999 -9999 -9999 -9999 -9999
-9999 -9999 -9999 -9999 -9999 -9999 -9999 -9999 -9999 -9999 -9999 -9999 -9999 -9999 12.82 13.90 14.54 14.00 -9999 -9999 -9999 -9999 -9999 -9999 -9999 -9999 -9999 -9999 -9999 -9999 -9999 -9999 -9999 -9999 -9999 -9999 -9999 -9999 -9999 -9999 -9999 -9999 -9999 -9999 -9999 -9999 -9999 -9999 -9999 -9999 -9999 -9999 -9999 -9999 -9999 -9999 -9999 -9999 -9999 -9999 -9999 -9999 -9999 -9999 -9999 -9999 -9999 -9999 -9999 -9999 -9999 -9999 -9999 -9999 -9999 -9999 -9999 -9999 -9999
-9999 -9999 -9999 -9999 -9999 -9999 -9999 -9999 -9999 -9999 -9999 -9999 -9999 -9999 -9999 -9999 -9999 -9999 -9999 -9999 -9999 -9999 -9999 -9999 -9999 -9999 -9999 -9999 -9999 -9999 -9999 -9999 -9999 -9999 -9999 -9999 -9999 -9999 -9999 -9999 -9999 -9999 -9999 -9999 -9999 -9999 -9999 -9999 -9999 -9999 -9999 -9999 -9999 -9999 -9999 -9999 -9999 -9999 -9999 -9999 -9999 -9999 -9999 -9999 -9999 -9999 -9999 -9999 -9999 -9999 -9999 -9999 -9999 -9999 -9999 -9999 -9999 -9999 -9999
-9999 -9999 -9999 -9999 -9999 -9999 -9999 -9999 -9999 -9999 -9999 -9999 -9999 -9999 -9999 -9999 -9999 -9999 -9999 -9999 -9999 -9999 -9999 -9999 -9999 -9999 -9999 -9999 -9999 -9999 -9999 -9999 -9999 -9999 -9999 -9999 -9999 -9999 -9999 -9999 -9999 -9999 -9999 -9999 -9999 -9999 -9999 -9999 -9999 -9999 -9999 -9999 -9999 -9999 -9999 -9999 -9999 -9999 -9999 -9999 -9999 -9999 -9999 -9999 -9999 -9999 -9999 -9999 -9999 -9999 -9999 -9999 -9999 -9999 -9999 -9999 -9999 -9999 -9999
