ML/MeanWindSpeed_1991-10_Actual.txt
ncols         180
nrows         290
xllcorner     -200000
yllcorner     -200000
cellsize      5000
NODATA_value  -9999
[rows 140 to 174 of 290, columns 78 to 155 of 180]
-9999 -9999 -9999 13.62 -9999 -9999 -9999 11.97 11.70 10.30 10.52 11.82 -9999 -9999 12.16 10.45 12.76 13.96 -9999 -9999 -9999 -9999 -9999 11.02 9.38 6.89 7.09 7.25 7.91 7.53 7.86 7.18 4.64 6.82 10.24 11.97 9.51 11.12 11.91 12.14 9.95 10.44 10.50 9.12 7.12 7.10 7.08 4.59 5.68 8.44 10.60 -9999 -9999 -9999 -9999 -9999 -9999 -9999 -9999 -9999 -9999 -9999 -9999 -9999 -9999 -9999 -9999 -9999 -9999 -9999 -9999 -9999 -9999 -9999 -9999 -9999 -9999 -9999
-9999 -9999 -9999 13.79 13.70 -9999 -9999 -9999 11.99 12.14 11.91 12.70 -9999 -9999 -9999 -9999 13.39 -9999 -9999 -9999 -9999 -9999 -9999 9.46 7.91 6.65 7.49 9.12 9.34 8.30 8.29 7.32 5.56 5.38 8.76 10.68 8.16 12.86 12.32 13.31 10.54 10.65 11.70 9.16 7.53 6.93 5.40 4.23 5.51 7.98 10.18 -9999 -9999 -9999 -9999 -9999 -9999 -9999 -9999 -9999 -9999 -9999 -9999 -9999 -9999 -9999 -9999 -9999 -9999 -9999 -9999 -9999 -9999 -9999 -9999 -9999 -9999 -9999
-9999 -9999 -9999 -9999 14.90 -9999 -9999 -9999 -9999 12.50 13.37 13.41 -9999 -9999 -9999 -9999 -9999 -9999 -9999 -9999 -9999 -9999 10.57 8.76 8.06 7.64 7.88 9.85 9.89 9.23 9.15 8.36 7.13 4.78 6.03 11.83 12.95 13.04 12.66 10.42 9.53 9.92 8.41 6.42 8.15 8.05 5.19 4.61 5.85 7.68 9.84 11.50 -9999 -9999 -9999 -9999 -9999 -9999 -9999 -9999 -9999 -9999 -9999 -9999 -9999 -9999 -9999 -9999 -9999 -9999 -9999 -9999 -9999 -9999 -9999 -9999 -9999 -9999
-9999 -9999 -9999 -9999 16.01 -9999 -9999 -9999 -9999 -9999 -9999 -9999 -9999 -9999 -9999 -9999 -9999 -9999 -9999 -9999 -9999 -9999 10.41 8.23 6.73 5.56 4.82 11.71 10.35 9.69 11.18 8.92 9.28 4.34 3.83 9.38 13.86 11.68 10.14 13.52 15.10 13.76 11.60 10.08 6.29 6.52 6.15 6.80 6.47 7.44 9.58 11.09 12.10 -9999 -9999 -9999 -9999 -9999 -9999 -9999 -9999 -9999 -9999 -9999 -9999 -9999 -9999 -9999 -9999 -9999 -9999 -9999 -9999 -9999 -9999 -9999 -9999 -9999
-9999 -9999 -9999 -9999 -9999 -9999 -9999 -9999 -9999 -9999 -9999 -9999 -9999 -9999 -9999 -9999 -9999 -9999 -9999 -9999 -9999 10.92 9.34 7.25 6.26 8.84 4.83 16.00 15.91 9.50 10.21 9.56 8.46 7.70 4.04 4.99 13.26 13.38 11.98 10.77 9.92 12.00 11.45 10.24 8.18 7.01 6.70 6.45 6.75 8.12 8.55 9.22 10.60 -9999 -9999 -9999 -9999 -9999 -9999 -9999 -9999 -9999 -9999 -9999 -9999 -9999 -9999 -9999 -9999 -9999 -9999 -9999 -9999 -9999 -9999 -9999 -9999 -9999
-9999 -9999 -9999 -9999 -9999 -9999 -9999 -9999 -9999 -9999 -9999 -9999 -9999 -9999 -9999 -9999 -9999 -9999 -9999 -9999 -9999 9.34 9.10 6.12 8.60 15.62 8.55 5.84 11.50 12.32 10.51 10.51 9.64 8.61 6.21 5.01 6.42 14.27 12.86 12.44 10.61 10.46 10.41 8.53 7.99 7.83 8.42 7.13 8.11 7.83 8.15 8.07 8.83 10.15 11.35 11.86 -9999 -9999 -9999 -9999 -9999 -9999 -9999 -9999 -9999 -9999 -9999 -9999 -9999 -9999 -9999 -9999 -9999 -9999 -9999 -9999 -9999 -9999
-9999 -9999 -9999 -9999 -9999 -9999 -9999 -9999 -9999 -9999 -9999 -9999 -9999 -9999 -9999 -9999 -9999 -9999 -9999 -9999 -9999 8.86 7.60 6.88 10.71 7.82 7.16 8.44 12.20 9.40 9.20 12.85 8.47 10.20 8.21 6.62 5.89 8.78 11.49 11.91 11.51 11.08 9.27 9.10 8.32 7.66 7.34 7.57 7.62 7.94 7.39 7.15 7.32 10.38 9.61 11.00 12.25 12.53 -9999 -9999 -9999 -9999 -9999 -9999 -9999 -9999 -9999 -9999 -9999 -9999 -9999 -9999 -9999 -9999 -9999 -9999 -9999 -9999
-9999 -9999 -9999 -9999 -9999 -9999 -9999 -9999 -9999 -9999 -9999 -9999 -9999 -9999 -9999 -9999 -9999 -9999 -9999 -9999 -9999 8.77 6.93 7.44 12.66 14.22 10.61 7.29 8.01 8.76 12.08 8.64 11.92 10.26 9.44 9.09 7.74 6.03 7.25 11.44 11.44 10.85 10.16 9.30 8.80 8.58 8.30 7.76 7.94 7.66 7.11 7.34 7.25 8.22 10.85 10.55 11.06 12.63 13.08 12.15 -9999 -9999 -9999 -9999 -9999 -9999 -9999 -9999 -9999 -9999 -9999 -9999 -9999 -9999 -9999 -9999 -9999 -9999
-9999 -9999 -9999 -9999 -9999 -9999 -9999 -9999 -9999 -9999 -9999 -9999 -9999 -9999 -9999 -9999 -9999 -9999 -9999 -9999 -9999 9.78 7.39 8.55 9.94 6.72 18.11 14.93 7.83 9.61 8.00 12.18 13.09 9.80 8.60 8.78 8.04 5.97 12.87 11.88 11.77 12.62 13.08 12.34 9.37 10.30 8.92 8.40 8.23 7.97 7.75 7.46 6.69 7.44 9.89 9.09 8.95 9.71 11.32 10.72 13.78 -9999 -9999 -9999 -9999 -9999 -9999 -9999 -9999 -9999 -9999 -9999 -9999 -9999 -9999 -9999 -9999 -9999
-9999 -9999 -9999 -9999 -9999 -9999 -9999 -9999 -9999 12.76 13.13 13.58 -9999 -9999 -9999 -9999 -9999 -9999 -9999 -9999 -9999 -9999 10.13 8.18 6.68 8.92 11.27 14.18 8.25 5.64 10.20 9.89 9.11 7.94 9.43 9.08 7.30 8.07 10.42 10.94 14.53 13.64 11.82 11.39 12.04 10.61 9.32 8.75 8.30 8.00 7.18 6.72 10.31 9.35 12.25 12.82 11.90 10.81 8.69 11.80 12.91 12.57 -9999 -9999 -9999 -9999 -9999 -9999 -9999 -9999 -9999 -9999 -9999 -9999 -9999 -9999 -9999 -9999
-9999 -9999 -9999 -9999 -9999 -9999 -9999 -9999 -9999 11.40 11.33 -9999 -9999 -9999 -9999 -9999 -9999 -9999 -9999 -9999 -9999 -9999 -9999 8.73 6.18 9.61 10.30 17.35 9.87 9.89 9.24 7.09 6.08 6.35 6.00 12.93 7.32 8.46 13.11 10.88 8.69 8.36 12.59 9.39 12.16 10.44 9.30 8.62 8.22 7.25 7.28 9.43 10.38 9.55 9.14 8.67 9.80 10.69 10.47 11.21 11.57 14.03 -9999 -9999 -9999 -9999 -9999 -9999 -9999 -9999 -9999 -9999 -9999 -9999 -9999 -9999 -9999 -9999
-9999 -9999 -9999 -9999 -9999 -9999 -9999 -9999 10.09 12.38 12.15 12.13 -9999 -9999 -9999 -9999 -9999 -9999 -9999 -9999 -9999 -9999 -9999 9.19 10.48 10.63 11.37 9.50 10.48 8.76 8.14 6.84 6.30 7.81 6.19 5.20 13.17 9.39 8.87 12.34 10.82 13.68 11.23 11.82 10.62 10.14 9.54 9.21 8.20 7.04 7.70 9.10 8.59 9.50 10.23 9.66 10.03 9.73 10.18 10.79 9.79 12.96 12.68 -9999 -9999 -9999 -9999 -9999 -9999 -9999 -9999 -9999 -9999 -9999 -9999 -9999 -9999 -9999
-9999 -9999 -9999 -9999 -9999 -9999 -9999 8.94 11.71 13.21 16.83 12.14 -9999 -9999 -9999 -9999 -9999 -9999 -9999 -9999 -9999 -9999 -9999 10.92 14.36 11.05 7.65 9.05 8.21 8.88 7.16 6.09 6.79 7.46 5.15 10.82 8.58 11.66 9.29 13.90 9.23 10.74 9.33 11.41 10.11 10.32 10.20 8.92 8.49 7.05 6.61 9.65 10.42 10.36 9.31 9.29 8.88 8.71 9.06 10.83 11.11 11.11 12.48 -9999 -9999 -9999 -9999 -9999 -9999 -9999 -9999 -9999 -9999 -9999 -9999 -9999 -9999 -9999
-9999 -9999 -9999 -9999 -9999 -9999 11.19 9.47 14.89 12.69 12.94 -9999 -9999 -9999 -9999 -9999 -9999 -9999 -9999 -9999 -9999 -9999 -9999 -9999 11.04 8.38 7.74 9.60 7.33 9.46 7.63 6.74 6.25 6.02 4.48 10.24 10.44 11.61 11.35 12.58 12.59 12.70 12.05 11.73 11.94 11.50 9.49 8.89 8.29 7.03 6.48 7.35 11.85 11.05 8.83 8.28 8.28 7.90 8.07 8.44 8.75 8.62 9.91 11.89 13.22 -9999 -9999 -9999 -9999 -9999 -9999 -9999 -9999 -9999 -9999 -9999 -9999 -9999
-9999 -9999 -9999 -9999 -9999 -9999 13.22 13.90 10.51 11.48 12.48 -9999 -9999 -9999 -9999 -9999 -9999 -9999 -9999 -9999 -9999 -9999 -9999 -9999 -9999 9.27 9.30 8.49 7.71 9.12 8.42 8.19 7.37 7.12 4.76 10.45 9.63 8.68 11.30 10.56 9.73 13.73 14.03 11.18 12.78 11.64 10.90 8.75 7.91 7.43 6.92 7.04 8.21 8.82 8.30 8.31 8.22 8.14 7.91 7.97 7.96 8.11 10.81 11.54 11.87 -9999 -9999 -9999 -9999 -9999 -9999 -9999 -9999 -9999 -9999 -9999 -9999 -9999
-9999 -9999 -9999 -9999 -9999 -9999 14.24 12.66 13.27 12.82 -9999 -9999 -9999 -9999 -9999 -9999 -9999 -9999 -9999 -9999 -9999 -9999 -9999 -9999 -9999 10.56 10.01 9.27 -9999 9.70 -9999 8.85 7.80 6.89 5.55 5.85 10.29 9.04 9.94 13.30 6.85 8.17 13.59 12.14 11.89 11.56 10.25 8.72 8.11 7.88 7.39 7.25 7.55 8.45 9.42 8.48 8.94 7.95 7.41 8.37 9.41 9.08 8.51 8.67 10.82 13.33 14.61 -9999 -9999 -9999 -9999 -9999 -9999 -9999 -9999 -9999 -9999 -9999
-9999 -9999 -9999 -9999 -9999 15.03 13.72 13.18 -9999 -9999 -9999 -9999 -9999 -9999 -9999 -9999 -9999 -9999 -9999 -9999 -9999 -9999 -9999 -9999 -9999 11.95 10.66 9.62 -9999 -9999 -9999 8.51 8.83 6.07 7.00 8.23 6.62 5.94 7.85 11.96 11.58 7.15 11.50 13.24 10.98 11.99 10.83 9.53 7.74 7.78 7.53 7.48 7.60 7.87 8.21 8.14 8.28 7.11 7.93 9.03 9.69 9.98 9.81 9.09 9.55 11.48 13.51 -9999 -9999 -9999 -9999 -9999 -9999 -9999 -9999 -9999 -9999 -9999
-9999 -9999 -9999 -9999 -9999 -9999 -9999 -9999 -9999 -9999 -9999 -9999 -9999 -9999 -9999 -9999 -9999 -9999 -9999 -9999 -9999 -9999 -9999 -9999 -9999 -9999 -9999 -9999 -9999 -9999 9.33 6.89 6.36 8.05 9.19 9.98 9.73 7.96 8.48 11.19 10.89 9.02 7.50 10.86 12.33 10.94 10.07 9.12 8.24 7.97 8.09 7.66 7.57 7.67 7.67 7.38 6.64 7.56 10.37 9.17 9.75 9.01 9.06 8.38 9.62 11.36 -9999 -9999 -9999 -9999 -9999 -9999 -9999 -9999 -9999 -9999 -9999 -9999
-9999 -9999 -9999 -9999 -9999 -9999 -9999 -9999 -9999 -9999 -9999 -9999 -9999 -9999 -9999 -9999 -9999 -9999 -9999 -9999 -9999 -9999 -9999 -9999 -9999 -9999 -9999 -9999 -9999 -9999 8.45 6.19 7.06 9.94 12.53 11.47 8.91 9.81 7.71 8.12 7.58 9.06 9.49 10.70 11.14 10.72 9.67 9.12 8.67 8.01 8.15 7.61 7.58 7.63 7.69 7.36 6.47 7.09 10.94 10.51 8.95 8.49 8.23 8.11 9.47 11.63 -9999 -9999 -9999 -9999 -9999 -9999 -9999 -9999 -9999 -9999 -9999 -9999
-9999 -9999 -9999 -9999 -9999 -9999 -9999 -9999 -9999 -9999 -9999 -9999 -9999 -9999 -9999 -9999 -9999 -9999 -9999 -9999 -9999 -9999 -9999 -9999 -9999 -9999 -9999 -9999 -9999 -9999 7.50 5.52 5.86 9.05 10.42 10.09 9.29 9.10 8.56 8.93 7.84 7.88 8.34 7.16 10.93 9.54 10.50 9.40 9.09 7.98 7.69 7.68 7.59 7.63 7.62 7.50 6.97 6.78 8.88 9.88 9.14 8.39 8.19 7.99 9.15 11.17 -9999 -9999 -9999 -9999 -9999 -9999 -9999 -9999 -9999 -9999 -9999 -9999
-9999 -9999 -9999 -9999 -9999 -9999 -9999 -9999 -9999 -9999 -9999 -9999 -9999 -9999 -9999 -9999 -9999 -9999 -9999 -9999 -9999 -9999 -9999 -9999 -9999 -9999 -9999 -9999 10.97 8.95 6.61 5.16 7.73 9.90 12.60 9.81 11.05 7.02 8.02 8.02 9.35 9.97 9.49 11.12 8.05 8.28 8.33 8.23 7.87 8.57 7.69 7.54 7.77 7.54 7.58 7.67 7.35 7.15 7.53 9.30 9.01 8.34 8.01 7.91 8.55 10.40 12.34 -9999 -9999 -9999 -9999 -9999 -9999 -9999 -9999 -9999 -9999 -9999
-9999 -9999 -9999 -9999 -9999 -9999 -9999 -9999 -9999 -9999 -9999 -9999 -9999 -9999 -9999 -9999 -9999 -9999 -9999 -9999 -9999 -9999 -9999 -9999 -9999 -9999 -9999 -9999 9.99 7.86 6.55 5.83 6.38 9.37 7.79 7.52 5.91 7.56 10.26 8.27 10.24 9.75 10.76 7.84 11.04 8.99 9.92 9.39 9.35 8.34 7.98 7.62 7.44 7.44 7.58 7.63 7.61 7.31 7.16 7.85 9.15 8.65 7.99 7.93 8.12 9.50 11.46 -9999 -9999 -9999 -9999 -9999 -9999 -9999 -9999 -9999 -9999 -9999
-9999 -9999 -9999 -9999 -9999 -9999 -9999 -9999 -9999 -9999 -9999 -9999 -9999 -9999 -9999 -9999 -9999 -9999 -9999 -9999 -9999 -9999 -9999 -9999 -9999 -9999 -9999 -9999 9.86 7.63 6.82 6.39 6.76 7.59 8.12 7.14 6.43 7.91 8.07 7.53 9.41 11.65 9.65 9.21 7.90 9.34 7.76 8.19 8.66 8.89 8.15 7.86 7.42 7.41 7.58 7.66 7.68 7.52 7.13 7.39 8.68 9.38 8.33 7.88 8.11 8.71 10.16 11.99 -9999 -9999 -9999 -9999 -9999 -9999 -9999 -9999 -9999 -9999
-9999 -9999 -9999 -9999 -9999 -9999 -9999 -9999 -9999 -9999 -9999 -9999 -9999 -9999 -9999 -9999 -9999 -9999 -9999 -9999 -9999 -9999 -9999 -9999 -9999 -9999 -9999 -9999 9.55 7.73 7.18 7.12 6.97 6.97 7.11 7.84 8.78 6.66 6.50 7.58 11.46 11.57 12.50 11.13 9.31 9.04 9.43 8.09 7.42 8.32 8.73 7.83 7.43 7.47 7.46 7.64 7.81 7.88 7.56 7.57 9.19 10.31 9.30 8.87 8.90 8.73 9.08 10.70 12.44 -9999 -9999 -9999 -9999 -9999 -9999 -9999 -9999 -9999
-9999 -9999 -9999 -9999 -9999 -9999 -9999 -9999 -9999 -9999 -9999 -9999 -9999 -9999 -9999 -9999 -9999 -9999 -9999 -9999 -9999 -9999 -9999 -9999 -9999 -9999 -9999 -9999 9.61 7.62 7.11 6.87 6.53 6.18 7.07 6.89 7.66 8.07 9.78 11.20 12.07 10.13 11.72 10.24 9.86 8.51 9.69 9.08 8.21 7.62 7.51 7.63 7.43 7.48 7.61 7.84 8.00 8.22 8.31 8.40 8.98 9.95 9.79 9.39 9.47 9.47 9.22 9.42 11.20 -9999 -9999 -9999 -9999 -9999 -9999 -9999 -9999 -9999
-9999 -9999 -9999 -9999 -9999 -9999 -9999 -9999 -9999 -9999 -9999 -9999 -9999 -9999 -9999 -9999 -9999 -9999 -9999 -9999 -9999 -9999 -9999 -9999 -9999 -9999 -9999 -9999 -9999 7.68 7.21 6.72 5.97 6.27 8.10 8.40 8.93 7.86 7.88 9.87 10.06 11.85 11.34 9.52 7.91 8.32 8.27 9.17 8.21 7.85 8.32 8.01 7.45 7.62 7.67 7.92 8.00 8.19 8.51 8.82 9.12 9.08 9.35 9.66 9.92 -9999 9.88 10.27 11.30 13.17 -9999 -9999 -9999 -9999 -9999 -9999 -9999 -9999
-9999 -9999 -9999 -9999 -9999 -9999 -9999 -9999 -9999 -9999 -9999 -9999 -9999 -9999 -9999 -9999 -9999 -9999 -9999 -9999 -9999 -9999 -9999 -9999 -9999 -9999 -9999 -9999 9.34 7.61 7.12 6.40 5.59 5.54 9.32 10.19 8.49 10.83 10.59 8.86 8.89 12.84 11.74 12.15 9.60 8.03 9.65 8.25 7.55 7.99 8.07 7.74 7.80 7.55 7.63 7.75 8.00 7.96 8.11 9.49 9.01 8.52 9.72 9.23 9.68 9.80 -9999 11.10 12.04 13.56 14.73 -9999 -9999 -9999 -9999 -9999 -9999 -9999
-9999 -9999 -9999 -9999 -9999 -9999 -9999 -9999 -9999 -9999 -9999 -9999 -9999 -9999 -9999 -9999 -9999 -9999 -9999 -9999 -9999 -9999 -9999 -9999 -9999 -9999 -9999 -9999 8.97 7.24 6.84 6.40 7.44 6.57 7.93 10.77 8.32 8.69 8.94 7.03 7.02 10.69 10.93 11.09 8.42 10.03 10.71 8.64 9.26 8.35 8.63 8.35 7.92 7.50 7.51 7.60 7.70 7.61 7.62 7.97 8.40 7.65 7.96 8.67 8.56 9.61 10.21 -9999 -9999 -9999 -9999 -9999 -9999 -9999 -9999 -9999 -9999 -9999
-9999 -9999 -9999 -9999 -9999 -9999 -9999 -9999 -9999 -9999 -9999 -9999 -9999 -9999 -9999 -9999 -9999 -9999 -9999 -9999 -9999 -9999 -9999 -9999 -9999 -9999 -9999 10.93 8.28 6.90 7.51 7.28 7.44 7.16 8.30 8.77 8.38 8.14 7.60 7.16 7.17 9.50 12.20 12.72 9.52 11.79 11.29 9.09 9.11 8.03 8.32 8.44 7.85 7.35 7.56 7.56 7.56 7.69 7.57 7.89 8.14 7.93 7.73 9.03 8.81 8.92 9.42 10.76 12.18 -9999 -9999 -9999 -9999 -9999 -9999 -9999 -9999 -9999
-9999 -9999 -9999 -9999 -9999 -9999 -9999 -9999 -9999 -9999 -9999 -9999 -9999 -9999 -9999 -9999 -9999 -9999 -9999 -9999 -9999 -9999 -9999 -9999 -9999 -9999 -9999 -9999 8.54 7.13 7.01 7.55 9.24 7.59 7.59 7.76 8.19 8.41 7.81 7.24 6.65 6.86 10.43 12.13 13.35 11.33 11.77 10.73 9.63 9.57 7.61 7.63 8.27 7.39 7.38 7.33 7.40 7.69 7.64 7.88 8.36 8.04 7.50 7.67 9.83 9.08 8.82 9.36 10.35 11.70 13.27 -9999 -9999 -9999 -9999 -9999 -9999 -9999
-9999 -9999 -9999 -9999 -9999 -9999 -9999 -9999 -9999 -9999 -9999 -9999 -9999 -9999 -9999 -9999 -9999 -9999 -9999 -9999 -9999 -9999 -9999 -9999 -9999 -9999 -9999 -9999 8.60 7.64 7.15 7.43 7.82 8.04 7.97 7.74 7.95 7.65 7.39 7.17 6.94 7.28 6.94 11.45 13.78 14.41 12.75 11.42 10.47 9.01 8.80 7.90 8.64 7.52 7.45 7.31 7.41 7.54 7.68 8.20 8.47 8.25 7.55 7.87 9.66 9.34 9.65 8.69 8.86 9.96 11.59 -9999 -9999 -9999 -9999 -9999 -9999 -9999
-9999 -9999 -9999 -9999 -9999 -9999 -9999 -9999 12.65 11.69 12.24 13.54 -9999 -9999 -9999 -9999 -9999 -9999 -9999 -9999 -9999 -9999 -9999 -9999 -9999 -9999 -9999 9.43 8.08 8.08 7.51 8.29 8.10 7.76 7.79 7.94 7.85 7.82 7.59 7.31 7.02 6.51 9.07 11.79 12.13 10.63 13.53 12.81 9.79 9.33 7.34 9.42 9.19 7.74 7.55 7.35 7.43 7.57 7.75 8.22 8.80 8.67 7.86 7.72 8.10 9.69 9.73 10.10 8.58 8.48 10.04 11.99 -9999 -9999 -9999 -9999 -9999 -9999
-9999 -9999 -9999 -9999 -9999 -9999 -9999 -9999 11.32 10.16 10.23 11.26 -9999 -9999 -9999 -9999 -9999 -9999 -9999 -9999 -9999 -9999 -9999 -9999 -9999 -9999 9.48 8.83 7.95 8.24 9.16 8.13 8.13 7.40 7.53 7.81 7.75 7.94 7.97 7.15 6.55 6.38 8.05 13.36 13.56 10.43 12.21 11.78 11.25 8.44 7.36 8.74 9.05 8.09 7.27 7.18 7.46 7.98 8.06 8.28 8.69 9.07 8.40 8.03 7.91 9.36 9.55 9.62 8.72 8.46 9.04 11.00 -9999 -9999 -9999 -9999 -9999 -9999
-9999 -9999 -9999 -9999 -9999 -9999 15.20 11.66 9.46 9.24 9.04 10.34 10.51 12.03 13.11 -9999 -9999 13.35 12.18 -9999 -9999 -9999 10.29 11.28 10.62 -9999 7.60 8.76 8.14 7.97 8.41 7.91 8.11 8.04 8.58 8.31 8.38 7.70 7.87 7.09 7.12 9.92 7.88 10.02 12.22 8.04 9.75 13.88 9.33 10.26 8.15 8.65 8.65 7.96 7.59 7.53 7.71 8.11 7.98 8.36 8.54 9.23 8.49 8.09 7.99 8.31 8.95 9.92 9.56 8.52 8.43 10.03 12.17 -9999 -9999 -9999 -9999 -9999
-9999 -9999 -9999 -9999 -9999 -9999 -9999 12.20 10.10 9.02 8.36 8.67 10.03 11.64 9.95 -9999 9.94 10.13 11.32 10.82 11.64 8.55 7.25 10.47 10.77 9.57 -9999 6.95 8.29 8.23 7.62 7.62 8.29 7.81 7.68 7.76 7.72 7.87 7.39 7.22 7.08 10.08 10.71 10.51 11.07 10.21 11.84 12.30 10.82 8.48 7.77 9.22 9.04 7.73 8.03 7.69 8.21 8.35 8.05 8.23 8.43 9.28 8.60 8.16 8.01 7.79 8.46 9.25 9.90 9.12 8.44 9.22 11.26 -9999 -9999 -9999 -9999 -9999
