ML/MeanWindSpeed_1999-11_Actual.txt
ncols         180
nrows         290
xllcorner     -200000
yllcorner     -200000
cellsize      5000
NODATA_value  -9999
[rows 175 to 209 of 290, columns 78 to 155 of 180]
-9999 -9999 -9999 -9999 -9999 -9999 -9999 -9999 15.12 14.19 13.15 12.45 11.93 9.46 8.39 15.30 21.94 10.73 12.83 11.67 10.58 8.48 5.54 5.99 8.80 10.95 8.79 6.71 7.27 8.30 7.61 7.93 9.38 8.57 8.11 7.57 7.57 7.45 6.89 6.37 6.34 11.96 13.24 11.66 12.38 10.22 9.93 11.78 11.60 9.34 8.90 10.12 9.46 8.84 9.46 9.07 10.15 9.51 9.31 9.03 9.02 10.41 9.33 9.20 9.39 9.32 10.01 10.73 10.95 11.32 11.79 10.65 12.55 14.84 -9999 -9999 -9999 -9999
-9999 -9999 -9999 -9999 -9999 -9999 -9999 -9999 -9999 16.22 13.45 11.39 9.14 7.65 10.36 25.89 18.76 9.37 14.10 8.29 11.07 10.69 6.60 4.71 11.81 9.46 9.82 8.33 7.02 7.26 7.26 6.66 8.07 8.72 8.40 7.92 7.40 7.44 6.83 6.12 8.03 9.96 14.04 12.05 13.30 12.15 7.84 10.64 12.60 9.31 9.25 9.92 9.13 8.94 9.16 9.11 10.26 9.39 9.12 9.21 8.92 9.77 9.68 9.35 9.43 9.46 9.79 10.64 12.04 11.04 10.41 10.49 12.09 14.45 -9999 -9999 -9999 -9999
-9999 -9999 -9999 -9999 -9999 -9999 -9999 -9999 -9999 -9999 13.29 10.04 9.40 11.09 22.53 26.70 19.45 14.00 12.63 11.92 12.44 12.54 11.57 7.05 6.61 12.28 9.34 8.37 7.95 7.11 6.99 7.14 7.60 8.25 7.87 7.36 7.44 7.22 6.83 6.99 8.07 10.85 12.33 10.13 10.77 12.48 10.20 7.90 12.33 9.31 9.15 9.78 8.96 8.93 8.88 9.54 10.28 9.52 9.26 9.16 8.65 10.23 9.77 9.59 9.72 9.79 10.28 10.42 10.62 10.30 10.23 10.56 12.46 14.61 -9999 -9999 -9999 -9999
-9999 -9999 -9999 -9999 -9999 -9999 -9999 -9999 -9999 -9999 12.01 10.06 12.21 15.50 19.27 24.21 15.97 10.90 12.40 13.88 13.25 14.02 11.99 7.87 5.30 12.35 11.86 9.39 8.77 6.99 6.72 7.21 8.50 8.34 7.97 7.57 6.87 6.42 6.85 8.99 8.94 7.67 12.92 10.28 10.98 12.84 12.46 10.41 9.66 8.76 7.53 9.13 9.86 8.85 8.84 8.85 9.56 9.29 9.65 9.37 9.16 9.89 10.76 10.44 10.47 10.28 10.35 10.30 10.15 10.07 10.58 11.70 13.48 -9999 -9999 -9999 -9999 -9999
-9999 -9999 -9999 -9999 -9999 -9999 -9999 -9999 -9999 -9999 10.60 10.59 12.76 13.78 20.11 19.13 14.58 13.97 11.10 11.84 14.00 12.31 14.46 10.42 5.89 11.12 12.63 12.04 8.77 7.52 6.53 7.62 9.10 8.92 8.00 7.23 6.61 6.83 8.33 8.91 7.40 7.43 11.06 10.93 10.72 10.83 10.13 10.23 11.02 7.52 8.34 8.79 8.54 8.98 8.64 9.65 8.92 9.25 9.59 9.57 10.03 12.37 11.71 11.05 10.68 10.55 10.40 10.23 10.09 10.23 11.45 13.10 -9999 -9999 -9999 -9999 -9999 -9999
-9999 -9999 -9999 -9999 -9999 -9999 -9999 -9999 -9999 12.08 19.09 12.34 14.35 16.75 13.05 23.02 19.62 16.75 14.24 16.49 12.90 13.04 10.82 7.74 8.46 13.26 12.54 12.07 8.83 7.32 6.51 8.37 8.93 8.49 7.94 6.95 6.71 8.20 7.98 7.68 8.77 9.71 8.16 12.99 12.07 9.36 10.22 9.45 8.63 8.38 7.53 7.70 8.05 9.13 8.66 8.18 9.80 9.17 9.45 9.83 10.54 12.43 11.68 11.09 10.90 10.51 10.37 10.00 9.90 10.94 12.53 -9999 -9999 -9999 -9999 -9999 -9999 -9999
-9999 -9999 -9999 -9999 -9999 -9999 -9999 13.20 12.48 16.08 14.09 12.23 13.39 14.70 10.31 11.78 13.99 16.70 15.32 16.38 14.22 13.33 6.74 8.75 8.90 7.42 9.04 8.72 9.19 7.97 7.26 8.58 9.18 8.94 7.88 7.52 8.51 7.89 8.45 7.62 9.26 10.02 10.07 9.35 8.58 10.24 9.91 9.27 9.00 8.76 8.45 7.31 8.34 8.19 7.57 7.96 8.61 8.98 9.42 9.51 10.49 12.23 11.49 10.76 10.70 10.28 10.06 9.77 10.15 11.47 -9999 -9999 -9999 -9999 -9999 14.34 14.04 13.69
-9999 -9999 -9999 -9999 -9999 -9999 13.71 13.31 13.22 13.62 13.31 13.14 11.93 9.28 7.63 9.55 11.87 14.25 20.67 11.77 8.49 6.80 3.42 10.31 12.47 12.80 10.32 9.06 9.29 8.89 8.50 9.07 9.84 9.17 8.45 8.10 8.66 9.02 7.57 7.51 9.53 9.87 9.56 9.19 9.34 9.66 8.70 9.14 8.00 7.93 8.53 7.94 7.45 7.01 7.42 8.42 8.33 8.63 9.03 9.41 10.22 12.24 11.61 10.66 10.29 9.98 9.82 9.64 10.04 11.12 -9999 -9999 -9999 -9999 -9999 12.71 11.99 11.77
-9999 -9999 -9999 -9999 -9999 14.36 15.11 14.29 14.24 -9999 -9999 -9999 -9999 8.59 13.76 11.68 12.25 15.04 11.84 8.06 9.69 7.92 6.32 16.47 14.86 12.80 13.86 10.76 8.66 9.21 9.43 9.13 9.41 9.24 8.61 8.89 8.27 9.48 7.98 7.77 8.52 9.23 9.53 9.42 8.48 8.62 8.60 8.47 7.90 7.60 7.32 7.14 7.01 7.32 8.06 8.03 8.03 8.88 9.68 10.01 10.31 11.46 11.28 10.95 10.02 9.78 9.59 9.37 9.50 10.38 12.03 -9999 -9999 -9999 -9999 11.45 10.73 10.63
-9999 -9999 -9999 -9999 -9999 16.04 17.59 14.49 14.94 -9999 -9999 -9999 -9999 8.49 11.81 13.48 8.61 13.37 11.33 8.93 11.11 12.72 9.81 14.75 8.62 10.39 11.02 9.92 8.73 9.02 9.48 9.39 9.71 10.20 9.02 9.42 8.95 8.87 9.22 8.13 8.50 7.88 8.76 9.76 10.25 10.20 8.55 7.89 7.64 7.47 7.84 7.12 7.31 7.94 8.33 9.07 8.50 10.58 10.86 11.25 10.58 11.16 11.06 10.72 9.81 9.73 9.55 9.25 9.17 9.35 10.43 11.46 -9999 -9999 11.83 11.10 10.63 10.89
-9999 -9999 -9999 -9999 -9999 -9999 -9999 -9999 -9999 -9999 -9999 -9999 -9999 9.73 14.55 12.17 7.65 9.75 7.39 12.97 11.70 7.33 11.44 11.52 10.10 11.07 9.57 8.78 8.05 9.41 9.41 9.86 9.66 9.21 9.03 8.80 8.50 8.62 9.05 8.27 8.11 8.38 8.68 8.48 9.49 9.67 7.59 8.82 9.76 8.48 8.39 7.87 6.97 8.11 9.28 10.30 10.04 9.75 10.52 11.47 11.05 11.47 11.07 10.71 9.67 9.66 9.55 9.34 9.11 8.82 9.12 9.85 10.83 11.18 10.65 10.46 9.67 10.65
-9999 -9999 -9999 -9999 -9999 -9999 -9999 -9999 -9999 -9999 -9999 -9999 -9999 -9999 14.68 6.06 5.67 9.48 13.23 11.15 12.54 11.85 7.91 9.31 10.87 7.70 7.91 7.38 7.71 8.36 9.16 9.45 9.56 9.24 8.71 8.39 8.63 8.44 8.90 8.42 7.96 10.26 9.66 8.51 8.48 8.37 8.29 8.04 9.10 9.24 8.74 9.88 8.19 8.12 9.05 8.73 9.24 9.66 9.87 11.40 11.47 11.16 10.56 10.64 9.69 9.67 9.55 9.33 9.19 9.10 9.13 9.15 9.60 9.85 9.77 9.51 9.59 10.70
-9999 -9999 -9999 -9999 -9999 -9999 -9999 -9999 -9999 -9999 -9999 -9999 -9999 -9999 9.85 13.91 14.52 12.12 9.89 8.53 10.75 8.30 8.28 6.86 6.58 9.02 6.91 7.00 9.20 8.96 9.04 9.05 8.41 8.31 8.80 8.59 9.72 9.57 9.13 8.33 7.72 9.93 10.97 9.63 8.55 8.12 8.34 8.31 8.27 8.52 9.36 11.79 10.39 8.53 8.21 8.61 9.80 11.13 11.39 11.11 11.75 11.23 10.54 10.06 9.69 9.69 9.57 9.52 9.39 9.31 9.32 9.35 9.44 9.50 9.68 9.53 9.32 10.26
-9999 -9999 -9999 -9999 -9999 -9999 -9999 -9999 -9999 -9999 -9999 -9999 -9999 12.04 11.47 8.97 17.06 10.59 7.66 9.62 9.23 7.70 10.65 7.32 7.13 9.66 6.18 12.90 9.73 8.00 8.53 10.03 8.34 7.89 10.91 10.75 9.88 8.64 8.98 8.67 8.21 9.20 9.95 9.58 8.78 8.44 8.27 8.33 8.75 8.59 9.93 10.00 9.38 8.68 8.32 9.04 10.22 11.53 11.71 10.85 11.05 10.80 10.40 10.02 9.73 9.66 9.67 9.65 9.55 9.41 9.41 9.44 9.28 9.31 9.88 9.78 9.44 9.82
-9999 -9999 -9999 -9999 -9999 -9999 -9999 -9999 -9999 -9999 -9999 -9999 -9999 10.78 11.88 17.28 10.29 5.16 6.63 6.45 8.42 11.38 11.09 8.31 8.14 8.20 6.37 7.52 8.84 10.48 10.42 8.66 8.66 8.55 9.26 10.10 8.77 8.43 9.08 8.85 9.22 9.80 9.52 9.70 9.24 8.71 8.47 8.24 8.35 8.61 9.68 10.15 9.42 8.11 8.42 9.84 11.44 11.04 11.82 11.68 10.91 10.18 10.84 9.94 10.06 9.75 9.76 9.60 9.54 9.47 9.36 9.30 9.22 9.20 10.08 9.81 9.28 9.49
-9999 -9999 -9999 -9999 -9999 -9999 -9999 -9999 -9999 -9999 -9999 -9999 -9999 12.29 14.23 6.89 7.84 5.93 6.99 7.40 12.93 11.18 12.62 9.46 8.49 6.57 5.19 6.40 10.25 12.68 14.11 9.07 10.63 9.29 9.79 9.85 8.14 8.20 8.61 9.04 9.46 8.95 9.21 10.62 9.72 8.56 8.45 9.59 8.17 8.79 9.33 9.23 8.58 8.14 8.84 9.72 10.46 10.80 10.79 9.99 9.90 10.41 10.61 9.50 9.43 9.69 9.67 9.61 9.45 9.24 9.25 9.21 9.19 9.22 9.53 9.33 9.44 9.38
-9999 -9999 -9999 -9999 -9999 -9999 -9999 -9999 -9999 -9999 -9999 -9999 -9999 -9999 7.74 8.64 10.06 11.93 12.91 10.96 11.75 9.86 6.75 6.37 5.66 6.81 7.08 6.55 8.46 9.69 13.29 10.72 9.36 8.99 10.75 10.44 8.13 8.99 8.07 8.46 10.90 9.14 9.06 9.10 9.23 8.16 8.05 9.82 9.23 8.66 9.28 8.83 8.47 8.78 9.76 9.58 9.72 9.43 10.12 9.35 10.56 10.59 9.58 9.33 9.89 9.77 9.41 9.32 9.17 9.12 9.14 9.12 9.13 9.11 9.14 9.17 9.40 9.44
-9999 -9999 -9999 -9999 -9999 -9999 -9999 -9999 -9999 -9999 -9999 -9999 -9999 -9999 8.68 9.24 10.18 12.50 15.59 14.42 10.59 7.55 5.82 7.33 9.48 11.65 13.83 10.67 8.80 10.02 11.40 10.34 8.13 11.51 10.77 10.52 8.93 9.82 8.58 8.23 9.07 10.51 10.13 9.49 8.92 8.17 8.12 9.43 9.21 8.81 8.88 9.22 9.35 9.63 10.20 9.51 9.28 10.55 10.65 10.61 10.39 10.58 9.54 9.87 10.43 9.40 9.16 9.11 9.02 9.08 9.05 9.02 9.05 9.07 9.12 9.08 9.02 9.00
-9999 -9999 -9999 -9999 -9999 -9999 -9999 -9999 -9999 -9999 -9999 -9999 -9999 10.05 7.29 8.11 10.96 12.49 11.85 11.38 8.57 9.22 13.92 10.94 11.38 11.63 9.94 9.25 10.33 11.29 9.72 8.45 9.20 11.43 11.38 10.55 8.86 10.07 8.22 8.13 9.90 9.37 9.81 9.92 9.18 8.65 8.48 9.58 9.42 8.56 8.83 8.83 8.69 9.55 9.27 10.40 9.85 10.64 9.97 10.41 10.64 9.70 9.44 10.36 10.26 9.19 9.04 9.30 9.01 9.10 9.07 9.14 9.10 9.00 8.98 8.79 9.22 9.66
-9999 -9999 -9999 -9999 -9999 -9999 -9999 -9999 -9999 -9999 -9999 -9999 -9999 12.15 9.28 7.91 7.88 10.35 14.41 13.46 11.45 9.56 10.45 12.24 13.77 13.88 10.05 12.54 13.72 9.73 12.13 7.74 8.68 11.10 13.11 9.50 9.85 8.54 7.60 7.81 8.85 11.88 10.26 10.20 9.65 9.21 9.18 9.52 9.15 8.53 8.68 8.60 8.44 8.42 9.89 10.46 10.48 11.23 10.28 9.95 10.02 9.58 9.98 10.54 10.20 9.56 9.79 9.50 9.70 9.21 9.18 9.38 9.36 9.02 8.82 8.59 8.65 9.62
-9999 -9999 -9999 -9999 -9999 -9999 -9999 -9999 -9999 -9999 -9999 -9999 -9999 10.32 8.73 5.11 6.41 9.69 14.45 12.36 12.28 9.68 12.12 11.61 10.26 11.18 12.12 12.25 10.66 9.32 10.07 12.61 8.97 9.32 9.45 9.48 11.01 9.43 7.78 7.90 8.86 9.52 9.38 10.37 9.91 9.47 9.61 8.95 8.27 8.70 8.88 8.95 8.29 8.98 10.50 10.57 9.72 10.08 11.06 10.09 10.42 9.49 10.51 10.75 9.92 9.70 9.76 9.06 9.17 9.02 9.07 9.14 8.97 8.79 8.68 8.51 8.89 8.51
-9999 -9999 -9999 -9999 -9999 -9999 -9999 -9999 -9999 -9999 -9999 -9999 9.87 10.53 11.98 8.32 5.93 10.28 12.04 14.21 13.88 8.69 9.42 8.32 10.03 12.04 10.46 10.62 12.70 11.06 10.40 9.89 8.86 8.26 8.56 9.57 9.63 9.20 8.75 8.13 8.13 9.12 9.50 8.88 9.36 9.09 9.71 8.80 8.53 8.57 8.09 7.92 8.29 9.61 9.78 9.96 9.32 10.33 10.58 10.20 9.49 10.45 10.60 10.71 10.83 10.26 9.64 9.31 8.99 9.02 9.06 8.88 8.70 8.43 8.25 8.36 8.81 8.85
-9999 -9999 -9999 -9999 -9999 -9999 -9999 -9999 -9999 -9999 -9999 11.62 10.92 11.30 8.57 5.95 8.97 12.60 13.46 11.51 13.41 9.22 10.53 8.61 8.48 15.74 11.27 12.34 10.43 10.58 9.07 8.64 8.83 10.01 9.08 11.14 9.53 9.79 8.27 7.97 8.17 8.72 9.16 8.77 8.92 9.29 9.36 7.87 8.35 8.18 8.25 8.41 8.87 9.65 9.10 9.99 9.52 9.93 9.25 9.23 10.54 11.03 10.63 10.85 10.61 9.56 9.80 9.64 9.47 9.31 8.90 8.53 8.12 8.20 8.13 8.84 9.22 9.54
-9999 -9999 -9999 -9999 -9999 -9999 -9999 -9999 -9999 14.15 12.08 10.26 8.16 7.29 6.98 6.76 10.03 11.59 13.28 14.95 12.85 9.98 6.12 9.12 9.13 14.12 11.76 11.11 11.30 9.72 9.15 7.83 8.85 10.90 10.36 10.59 8.49 8.64 8.33 8.30 8.90 8.69 9.18 8.44 8.59 8.81 7.98 7.68 7.95 8.70 8.43 9.34 10.15 9.79 9.37 8.93 8.72 9.64 10.29 10.12 10.58 9.78 10.71 10.87 10.06 9.12 9.03 9.81 9.54 9.44 8.48 8.05 7.66 7.88 8.96 9.45 9.33 10.28
-9999 -9999 -9999 -9999 -9999 14.51 13.21 11.43 14.41 14.09 13.83 13.26 9.91 8.23 6.94 11.76 9.96 12.29 12.61 12.18 8.67 6.93 4.80 6.94 7.90 15.87 14.50 11.97 9.69 10.12 9.40 10.88 8.15 10.21 10.68 10.30 9.45 8.44 7.97 8.95 8.36 7.89 9.36 8.29 8.11 7.58 7.80 8.21 8.71 7.92 8.86 8.57 9.12 10.15 9.98 9.65 9.39 10.07 10.22 10.00 9.82 10.74 9.83 9.70 9.38 8.89 9.52 9.69 9.60 8.72 7.91 7.77 7.88 9.06 9.35 9.07 10.00 9.30
-9999 -9999 -9999 -9999 15.28 12.60 12.88 11.77 11.00 12.81 12.11 11.96 9.00 6.96 10.17 10.84 11.23 7.75 13.16 8.69 5.91 10.97 7.74 5.04 13.78 12.85 11.70 7.50 7.70 8.72 12.14 9.04 8.47 8.57 8.73 10.50 10.11 9.79 8.40 8.60 7.93 7.83 8.84 8.19 7.55 7.49 7.84 8.42 8.25 10.29 8.48 8.31 8.89 9.74 9.14 9.08 8.72 9.04 9.65 9.60 10.47 9.91 9.36 9.44 9.55 8.87 9.06 8.98 8.24 7.84 7.56 7.57 7.83 8.52 9.60 9.72 9.93 9.62
-9999 -9999 -9999 14.49 13.91 10.67 10.15 10.27 11.27 10.76 11.03 9.50 9.65 13.65 10.28 8.85 12.05 5.53 7.88 7.33 10.57 10.02 11.22 9.63 10.28 9.14 6.33 11.70 11.77 8.42 9.14 8.60 8.24 8.90 8.19 8.51 10.44 10.62 8.07 7.65 7.77 8.22 7.52 6.77 7.12 9.92 7.94 7.74 8.55 9.54 8.87 8.39 9.05 9.61 9.57 10.09 9.44 8.68 8.60 8.68 9.81 9.43 8.89 9.77 9.51 8.73 8.66 8.29 7.78 7.81 7.75 7.75 8.14 8.51 9.60 9.10 9.06 9.45
14.92 12.46 14.00 11.17 11.05 11.80 10.68 10.20 12.46 11.02 10.65 10.37 13.10 12.10 9.98 10.94 9.49 6.23 5.71 9.33 9.88 8.47 9.35 11.62 8.10 4.89 10.85 13.07 10.76 11.15 8.73 9.00 8.10 8.69 10.66 8.68 11.20 9.25 7.87 7.40 7.74 9.11 6.30 6.72 11.13 8.63 8.07 8.10 8.94 10.07 8.64 8.64 9.04 8.74 9.31 9.25 8.64 8.25 8.56 8.22 8.77 9.18 9.14 8.69 8.25 7.88 7.65 7.96 9.20 8.36 9.18 8.46 7.54 9.14 9.33 9.69 9.40 9.21
11.05 10.30 13.24 16.55 15.36 14.67 11.08 12.27 14.08 12.48 11.79 13.90 11.97 11.09 13.10 9.05 5.44 5.43 5.80 8.92 9.07 8.75 8.35 7.56 5.39 7.86 18.56 14.87 11.34 8.74 9.42 8.94 10.53 8.96 9.55 8.59 8.81 8.72 8.37 7.52 7.18 6.82 5.98 9.97 11.11 10.35 8.81 8.38 11.27 9.81 8.82 8.92 8.52 9.27 9.12 8.67 7.72 8.76 8.26 7.63 9.51 9.31 8.11 7.94 7.76 7.43 7.85 8.80 9.09 8.74 9.15 8.29 7.90 9.04 9.51 9.17 9.50 9.31
10.35 10.71 12.25 12.86 12.17 10.64 12.54 11.24 13.24 9.67 10.92 13.51 12.59 10.39 10.68 5.95 4.30 7.78 9.04 8.01 6.66 8.94 5.84 4.55 4.00 10.17 15.30 16.62 9.30 9.86 10.24 10.64 9.60 8.12 9.68 9.02 9.03 8.37 8.34 6.64 6.05 7.10 7.13 10.46 10.85 10.22 8.75 9.56 11.26 10.47 9.71 9.01 9.17 8.95 8.37 7.81 7.63 8.10 8.49 8.07 7.98 7.91 7.59 8.80 9.40 7.72 7.99 8.84 9.09 8.43 8.76 8.48 8.37 8.67 8.96 9.42 9.25 9.22
11.91 10.95 11.85 11.49 11.85 10.90 10.83 12.01 10.57 11.17 9.64 9.38 9.03 7.95 6.57 7.81 5.84 9.93 16.70 7.40 7.43 8.38 13.57 13.03 4.58 5.21 17.54 13.58 11.04 11.55 12.81 10.59 8.11 7.20 9.94 10.44 9.00 8.05 7.35 6.18 5.80 7.39 10.54 11.47 10.59 10.13 9.56 9.32 9.27 10.18 9.23 8.91 8.55 7.99 7.46 7.24 8.09 7.86 7.67 7.64 6.78 7.12 8.15 8.16 8.94 8.23 8.19 8.23 8.37 8.73 8.70 8.46 8.37 8.58 8.69 8.76 9.23 9.09
11.38 10.71 11.77 10.61 10.90 10.74 10.58 9.40 9.25 9.98 8.97 10.40 8.86 10.48 6.28 8.97 11.03 11.22 12.52 12.94 9.80 12.20 14.78 9.47 11.84 10.80 6.67 12.69 12.63 8.96 9.56 7.66 9.12 8.89 12.55 11.64 8.84 7.72 6.47 5.86 7.15 10.73 9.77 11.97 10.56 10.26 10.93 9.59 10.55 8.88 8.95 8.34 7.85 7.47 7.52 7.34 7.26 6.83 6.61 6.20 6.56 8.04 9.20 8.74 8.07 8.68 8.03 8.93 8.00 7.78 7.81 7.86 8.05 8.30 8.77 8.40 8.92 8.80
12.20 10.81 10.21 11.55 12.61 14.36 12.77 10.79 9.63 8.57 8.80 11.84 8.73 9.65 6.38 8.77 9.44 8.60 7.36 9.73 8.60 11.38 11.77 14.01 11.75 13.13 12.40 17.16 10.72 9.29 8.56 9.38 8.59 11.62 11.60 11.92 8.04 6.97 5.89 9.72 10.72 10.84 11.69 9.97 10.59 10.83 10.37 8.71 8.55 8.60 8.22 7.82 7.62 7.34 7.77 7.59 7.49 6.45 5.50 5.66 7.01 9.41 8.01 8.63 8.69 8.12 7.85 7.91 7.45 7.42 7.73 7.27 7.81 8.06 8.23 8.50 8.66 8.12
12.81 11.37 10.70 10.83 12.58 12.74 13.30 12.01 10.85 9.75 9.01 9.62 12.04 7.77 12.12 11.25 11.26 12.32 10.23 7.45 7.71 9.97 9.15 11.46 11.05 9.59 14.94 15.04 8.97 9.61 7.11 7.97 10.15 11.41 11.13 10.08 7.61 6.45 8.04 7.74 10.19 10.38 9.90 10.31 10.02 9.50 8.98 7.81 7.45 7.49 7.48 9.03 7.60 8.28 7.42 6.90 5.62 4.78 4.84 6.28 8.53 8.86 8.68 8.84 8.45 7.88 7.92 8.32 8.53 6.89 7.66 8.45 7.75 7.63 8.22 7.52 7.96 8.95
12.81 12.13 12.65 13.67 14.93 -9999 -9999 -9999 -9999 11.57 10.98 11.84 9.07 7.72 9.30 9.56 8.94 7.74 3.75 13.61 14.44 9.26 8.13 8.87 10.86 12.13 14.50 11.23 9.17 7.62 6.60 11.44 10.58 12.61 9.39 8.54 7.44 6.97 9.35 8.08 10.30 10.30 9.42 9.52 9.17 8.62 7.82 7.30 7.11 7.20 7.34 8.63 7.81 8.15 7.96 6.80 5.46 4.57 6.13 6.37 8.12 9.16 9.28 7.69 7.46 7.20 8.32 8.70 8.12 6.65 7.43 8.16 7.93 7.56 8.41 7.99 7.93 8.45
