ML/MeanWindSpeed_1992-12_Actual.txt
ncols         180
nrows         290
xllcorner     -200000
yllcorner     -200000
cellsize      5000
NODATA_value  -9999
[rows 140 to 174 of 290, columns 78 to 155 of 180]
-9999 -9999 -9999 13.63 -9999 -9999 -9999 11.61 11.77 10.17 10.08 11.01 -9999 -9999 11.22 9.14 12.11 13.45 -9999 -9999 -9999 -9999 -9999 10.54 9.26 6.61 6.92 6.94 7.82 7.39 8.08 7.93 5.15 7.86 12.10 14.48 10.93 13.13 14.06 14.30 11.17 11.82 12.06 10.44 7.78 7.72 7.94 4.69 5.74 8.39 9.74 -9999 -9999 -9999 -9999 -9999 -9999 -9999 -9999 -9999 -9999 -9999 -9999 -9999 -9999 -9999 -9999 -9999 -9999 -9999 -9999 -9999 -9999 -9999 -9999 -9999 -9999 -9999
-9999 -9999 -9999 13.50 13.38 -9999 -9999 -9999 11.62 12.29 11.81 12.14 -9999 -9999 -9999 -9999 11.91 -9999 -9999 -9999 -9999 -9999 -9999 9.16 8.11 7.08 8.12 9.83 9.94 8.58 8.58 7.52 6.06 6.07 10.30 13.03 9.15 15.48 14.60 15.83 11.91 12.05 13.78 10.52 8.41 7.60 5.73 4.31 5.74 8.02 9.12 -9999 -9999 -9999 -9999 -9999 -9999 -9999 -9999 -9999 -9999 -9999 -9999 -9999 -9999 -9999 -9999 -9999 -9999 -9999 -9999 -9999 -9999 -9999 -9999 -9999 -9999 -9999
-9999 -9999 -9999 -9999 14.94 -9999 -9999 -9999 -9999 12.11 13.27 12.86 -9999 -9999 -9999 -9999 -9999 -9999 -9999 -9999 -9999 -9999 10.28 8.94 9.00 9.13 9.45 11.56 11.31 10.13 9.82 8.65 7.81 5.62 7.21 15.17 16.11 15.60 14.84 11.48 10.18 10.71 8.82 6.46 9.08 9.16 5.47 4.85 6.27 7.59 8.35 8.88 -9999 -9999 -9999 -9999 -9999 -9999 -9999 -9999 -9999 -9999 -9999 -9999 -9999 -9999 -9999 -9999 -9999 -9999 -9999 -9999 -9999 -9999 -9999 -9999 -9999 -9999
-9999 -9999 -9999 -9999 16.31 -9999 -9999 -9999 -9999 -9999 -9999 -9999 -9999 -9999 -9999 -9999 -9999 -9999 -9999 -9999 -9999 -9999 10.54 8.57 7.39 6.72 5.90 14.85 12.28 10.82 12.67 9.25 10.11 4.53 4.54 11.93 17.52 13.78 11.53 16.29 18.23 16.12 13.01 11.13 6.22 6.94 6.59 7.59 6.63 6.52 7.65 8.35 8.79 -9999 -9999 -9999 -9999 -9999 -9999 -9999 -9999 -9999 -9999 -9999 -9999 -9999 -9999 -9999 -9999 -9999 -9999 -9999 -9999 -9999 -9999 -9999 -9999 -9999
-9999 -9999 -9999 -9999 -9999 -9999 -9999 -9999 -9999 -9999 -9999 -9999 -9999 -9999 -9999 -9999 -9999 -9999 -9999 -9999 -9999 10.73 9.58 7.85 6.77 10.86 5.37 20.58 19.80 10.37 11.14 9.89 8.47 8.13 4.18 5.74 16.84 16.32 13.88 12.10 10.90 13.66 12.85 11.27 8.69 7.23 6.84 6.34 6.01 6.59 6.00 6.07 7.28 -9999 -9999 -9999 -9999 -9999 -9999 -9999 -9999 -9999 -9999 -9999 -9999 -9999 -9999 -9999 -9999 -9999 -9999 -9999 -9999 -9999 -9999 -9999 -9999 -9999
-9999 -9999 -9999 -9999 -9999 -9999 -9999 -9999 -9999 -9999 -9999 -9999 -9999 -9999 -9999 -9999 -9999 -9999 -9999 -9999 -9999 9.38 10.04 6.82 9.84 19.39 10.28 6.35 13.51 14.54 11.61 11.22 9.95 8.78 6.24 5.37 7.35 17.81 15.00 13.91 11.27 11.00 10.91 8.53 7.99 7.80 8.55 6.46 7.14 5.80 5.45 4.94 5.56 6.83 8.09 8.74 -9999 -9999 -9999 -9999 -9999 -9999 -9999 -9999 -9999 -9999 -9999 -9999 -9999 -9999 -9999 -9999 -9999 -9999 -9999 -9999 -9999 -9999
-9999 -9999 -9999 -9999 -9999 -9999 -9999 -9999 -9999 -9999 -9999 -9999 -9999 -9999 -9999 -9999 -9999 -9999 -9999 -9999 -9999 9.15 8.56 8.16 13.11 8.76 8.76 10.43 15.21 11.18 9.99 14.83 8.54 11.02 8.38 6.66 5.77 9.68 13.03 13.15 12.24 11.44 8.79 8.67 7.69 6.83 6.32 6.43 6.04 5.96 4.80 4.33 4.53 8.56 7.27 9.12 10.76 11.04 -9999 -9999 -9999 -9999 -9999 -9999 -9999 -9999 -9999 -9999 -9999 -9999 -9999 -9999 -9999 -9999 -9999 -9999 -9999 -9999
-9999 -9999 -9999 -9999 -9999 -9999 -9999 -9999 -9999 -9999 -9999 -9999 -9999 -9999 -9999 -9999 -9999 -9999 -9999 -9999 -9999 9.09 8.14 9.31 16.28 18.28 13.41 8.89 9.91 10.98 14.81 9.44 13.90 11.49 10.03 9.37 7.90 5.71 7.11 12.80 12.45 11.32 10.11 8.83 7.98 7.61 7.13 6.25 6.30 5.76 4.81 5.16 5.18 6.47 10.16 9.95 10.66 12.55 12.75 10.86 -9999 -9999 -9999 -9999 -9999 -9999 -9999 -9999 -9999 -9999 -9999 -9999 -9999 -9999 -9999 -9999 -9999 -9999
-9999 -9999 -9999 -9999 -9999 -9999 -9999 -9999 -9999 -9999 -9999 -9999 -9999 -9999 -9999 -9999 -9999 -9999 -9999 -9999 -9999 9.78 7.76 10.25 12.42 7.54 22.79 18.63 9.14 11.83 9.39 14.63 15.67 11.08 9.12 9.42 8.98 6.15 15.53 13.89 13.55 14.35 14.59 13.17 8.70 9.74 7.70 6.91 6.65 6.29 6.00 5.70 4.84 5.81 9.23 8.29 8.28 9.51 11.45 9.82 13.34 -9999 -9999 -9999 -9999 -9999 -9999 -9999 -9999 -9999 -9999 -9999 -9999 -9999 -9999 -9999 -9999 -9999
-9999 -9999 -9999 -9999 -9999 -9999 -9999 -9999 -9999 12.58 13.15 13.67 -9999 -9999 -9999 -9999 -9999 -9999 -9999 -9999 -9999 -9999 9.56 7.89 6.72 9.79 12.37 16.40 8.49 5.22 11.75 11.17 10.27 8.88 10.91 10.61 8.45 9.24 12.42 12.70 17.31 15.78 12.83 11.78 12.22 9.94 8.03 7.24 6.70 6.62 5.81 5.37 10.59 9.19 13.25 14.06 12.87 11.62 8.53 12.35 12.99 11.67 -9999 -9999 -9999 -9999 -9999 -9999 -9999 -9999 -9999 -9999 -9999 -9999 -9999 -9999 -9999 -9999
-9999 -9999 -9999 -9999 -9999 -9999 -9999 -9999 -9999 10.88 11.06 -9999 -9999 -9999 -9999 -9999 -9999 -9999 -9999 -9999 -9999 -9999 -9999 8.03 5.27 10.29 10.80 20.50 10.33 10.56 9.61 6.96 6.07 6.76 6.42 16.27 8.42 9.72 15.81 12.50 9.04 8.22 13.69 8.79 12.13 9.45 7.73 6.85 6.56 5.89 6.41 9.48 10.81 9.63 9.15 8.66 10.33 11.76 11.25 11.91 11.69 14.25 -9999 -9999 -9999 -9999 -9999 -9999 -9999 -9999 -9999 -9999 -9999 -9999 -9999 -9999 -9999 -9999
-9999 -9999 -9999 -9999 -9999 -9999 -9999 -9999 9.92 13.21 12.66 11.96 -9999 -9999 -9999 -9999 -9999 -9999 -9999 -9999 -9999 -9999 -9999 8.57 10.64 11.38 12.02 9.40 11.06 8.70 8.02 6.63 5.95 8.33 6.45 5.08 15.98 10.50 9.47 14.11 11.65 15.20 11.43 11.82 9.70 8.83 7.89 7.50 6.36 5.58 7.05 8.88 8.02 9.13 10.22 9.72 10.52 10.35 10.82 11.32 9.56 13.23 11.96 -9999 -9999 -9999 -9999 -9999 -9999 -9999 -9999 -9999 -9999 -9999 -9999 -9999 -9999 -9999
-9999 -9999 -9999 -9999 -9999 -9999 -9999 8.93 13.33 15.06 19.21 11.77 -9999 -9999 -9999 -9999 -9999 -9999 -9999 -9999 -9999 -9999 -9999 10.21 15.32 11.55 6.68 8.78 7.87 8.79 6.53 5.49 6.70 8.06 4.97 12.95 9.59 13.50 9.87 15.95 9.11 10.94 8.56 11.15 8.98 9.02 8.76 6.98 6.58 5.55 5.58 9.53 10.27 9.90 8.46 8.73 8.47 8.64 9.15 11.31 11.41 10.92 12.07 -9999 -9999 -9999 -9999 -9999 -9999 -9999 -9999 -9999 -9999 -9999 -9999 -9999 -9999 -9999
-9999 -9999 -9999 -9999 -9999 -9999 11.43 10.01 17.73 13.73 13.24 -9999 -9999 -9999 -9999 -9999 -9999 -9999 -9999 -9999 -9999 -9999 -9999 -9999 10.22 7.52 6.84 9.72 6.62 9.33 6.97 6.14 5.86 6.55 4.58 12.41 12.46 13.96 13.33 14.77 14.51 14.46 12.92 11.92 11.82 10.85 7.94 7.16 6.68 5.84 5.45 6.37 12.12 10.71 7.56 6.98 7.23 6.96 7.22 7.54 7.96 7.69 8.95 10.95 11.98 -9999 -9999 -9999 -9999 -9999 -9999 -9999 -9999 -9999 -9999 -9999 -9999 -9999
-9999 -9999 -9999 -9999 -9999 -9999 14.61 16.14 11.15 11.38 12.01 -9999 -9999 -9999 -9999 -9999 -9999 -9999 -9999 -9999 -9999 -9999 -9999 -9999 -9999 8.42 8.97 8.08 6.97 8.60 7.73 7.62 6.89 7.53 4.74 12.40 11.23 10.00 13.32 12.19 10.98 16.25 16.16 11.56 13.29 11.37 10.26 7.48 6.64 6.23 5.73 5.88 7.13 7.75 6.96 7.03 7.02 7.08 6.86 6.92 6.99 7.18 10.79 11.19 10.93 -9999 -9999 -9999 -9999 -9999 -9999 -9999 -9999 -9999 -9999 -9999 -9999 -9999
-9999 -9999 -9999 -9999 -9999 -9999 15.63 13.64 14.23 12.88 -9999 -9999 -9999 -9999 -9999 -9999 -9999 -9999 -9999 -9999 -9999 -9999 -9999 -9999 -9999 9.80 9.65 8.91 -9999 8.92 -9999 8.15 6.99 6.30 4.96 5.34 11.82 10.47 11.26 15.83 7.10 8.44 15.56 13.14 12.20 11.53 9.64 7.71 6.99 6.74 6.14 6.02 6.27 7.41 8.77 7.45 8.21 7.07 6.38 7.73 9.19 8.63 7.82 7.87 10.22 12.73 13.66 -9999 -9999 -9999 -9999 -9999 -9999 -9999 -9999 -9999 -9999 -9999
-9999 -9999 -9999 -9999 -9999 15.40 13.97 13.43 -9999 -9999 -9999 -9999 -9999 -9999 -9999 -9999 -9999 -9999 -9999 -9999 -9999 -9999 -9999 -9999 -9999 11.21 9.90 8.84 -9999 -9999 -9999 7.90 8.75 5.23 6.51 8.10 6.33 6.01 8.33 13.71 13.36 7.04 12.57 14.65 11.10 12.29 10.56 8.86 6.45 6.53 6.20 6.13 6.22 6.58 7.10 7.11 7.55 6.14 7.19 8.69 9.61 9.89 9.57 8.50 8.61 10.34 12.21 -9999 -9999 -9999 -9999 -9999 -9999 -9999 -9999 -9999 -9999 -9999
-9999 -9999 -9999 -9999 -9999 -9999 -9999 -9999 -9999 -9999 -9999 -9999 -9999 -9999 -9999 -9999 -9999 -9999 -9999 -9999 -9999 -9999 -9999 -9999 -9999 -9999 -9999 -9999 -9999 -9999 8.81 6.51 6.35 8.84 10.18 10.85 10.53 8.35 8.83 12.41 11.96 9.46 7.06 11.29 13.02 10.82 9.53 8.31 7.18 6.78 6.93 6.31 6.13 6.26 6.29 6.19 5.56 6.92 10.61 8.79 9.52 8.42 8.44 7.41 8.50 10.05 -9999 -9999 -9999 -9999 -9999 -9999 -9999 -9999 -9999 -9999 -9999 -9999
-9999 -9999 -9999 -9999 -9999 -9999 -9999 -9999 -9999 -9999 -9999 -9999 -9999 -9999 -9999 -9999 -9999 -9999 -9999 -9999 -9999 -9999 -9999 -9999 -9999 -9999 -9999 -9999 -9999 -9999 7.98 6.09 7.87 11.57 14.86 13.02 9.11 10.40 7.18 7.89 7.18 9.26 9.96 11.09 11.45 10.76 9.13 8.38 7.78 6.82 6.97 6.23 6.16 6.23 6.33 6.14 5.42 6.30 11.38 10.49 8.26 7.65 7.32 7.12 8.36 10.34 -9999 -9999 -9999 -9999 -9999 -9999 -9999 -9999 -9999 -9999 -9999 -9999
-9999 -9999 -9999 -9999 -9999 -9999 -9999 -9999 -9999 -9999 -9999 -9999 -9999 -9999 -9999 -9999 -9999 -9999 -9999 -9999 -9999 -9999 -9999 -9999 -9999 -9999 -9999 -9999 -9999 -9999 7.00 5.28 5.94 9.87 11.49 10.79 9.46 9.08 8.13 8.72 7.30 7.25 8.03 6.17 11.30 9.32 10.44 8.75 8.28 6.72 6.33 6.35 6.21 6.27 6.23 6.19 5.87 5.77 8.48 9.66 8.54 7.57 7.37 7.10 8.13 9.90 -9999 -9999 -9999 -9999 -9999 -9999 -9999 -9999 -9999 -9999 -9999 -9999
-9999 -9999 -9999 -9999 -9999 -9999 -9999 -9999 -9999 -9999 -9999 -9999 -9999 -9999 -9999 -9999 -9999 -9999 -9999 -9999 -9999 -9999 -9999 -9999 -9999 -9999 -9999 -9999 10.33 8.37 6.16 4.99 8.40 10.82 14.39 10.23 12.06 6.34 7.78 7.67 9.30 10.08 9.44 11.52 7.09 7.34 7.32 7.16 6.59 7.56 6.35 6.18 6.48 6.13 6.15 6.31 6.07 6.05 6.54 8.89 8.40 7.52 7.19 7.10 7.60 9.09 10.80 -9999 -9999 -9999 -9999 -9999 -9999 -9999 -9999 -9999 -9999 -9999
-9999 -9999 -9999 -9999 -9999 -9999 -9999 -9999 -9999 -9999 -9999 -9999 -9999 -9999 -9999 -9999 -9999 -9999 -9999 -9999 -9999 -9999 -9999 -9999 -9999 -9999 -9999 -9999 9.41 7.33 6.05 5.41 6.12 9.93 7.35 7.29 5.31 7.35 11.20 8.39 10.53 9.78 11.14 6.80 11.24 8.36 9.64 8.95 8.85 7.33 6.77 6.27 6.02 5.99 6.13 6.21 6.26 6.12 6.12 7.02 8.69 7.97 7.19 7.16 7.17 8.18 10.04 -9999 -9999 -9999 -9999 -9999 -9999 -9999 -9999 -9999 -9999 -9999
-9999 -9999 -9999 -9999 -9999 -9999 -9999 -9999 -9999 -9999 -9999 -9999 -9999 -9999 -9999 -9999 -9999 -9999 -9999 -9999 -9999 -9999 -9999 -9999 -9999 -9999 -9999 -9999 9.40 7.14 6.36 5.89 6.31 7.18 7.71 6.69 5.68 7.66 8.25 7.57 9.74 12.48 9.40 8.62 6.77 8.81 6.61 7.28 7.92 8.18 7.03 6.62 5.99 5.95 6.13 6.24 6.32 6.30 6.16 6.59 8.18 9.09 7.67 7.05 7.07 7.45 8.75 10.49 -9999 -9999 -9999 -9999 -9999 -9999 -9999 -9999 -9999 -9999
-9999 -9999 -9999 -9999 -9999 -9999 -9999 -9999 -9999 -9999 -9999 -9999 -9999 -9999 -9999 -9999 -9999 -9999 -9999 -9999 -9999 -9999 -9999 -9999 -9999 -9999 -9999 -9999 9.02 7.28 6.73 6.68 6.48 6.46 6.41 7.41 8.81 6.02 6.14 7.56 12.83 12.68 13.65 11.54 8.82 8.28 8.75 6.94 6.09 7.34 7.81 6.56 6.00 6.04 5.97 6.21 6.44 6.62 6.48 6.61 8.61 10.04 8.59 7.90 7.75 7.35 7.68 9.31 10.95 -9999 -9999 -9999 -9999 -9999 -9999 -9999 -9999 -9999
-9999 -9999 -9999 -9999 -9999 -9999 -9999 -9999 -9999 -9999 -9999 -9999 -9999 -9999 -9999 -9999 -9999 -9999 -9999 -9999 -9999 -9999 -9999 -9999 -9999 -9999 -9999 -9999 9.01 7.05 6.55 6.33 6.01 5.61 6.69 6.45 7.73 8.34 10.60 12.31 13.26 10.17 12.15 10.04 9.51 7.54 9.00 8.10 6.99 6.20 6.02 6.25 5.98 6.05 6.18 6.44 6.63 6.93 7.09 7.27 7.83 9.11 8.84 8.25 8.21 8.12 7.83 8.04 9.84 -9999 -9999 -9999 -9999 -9999 -9999 -9999 -9999 -9999
-9999 -9999 -9999 -9999 -9999 -9999 -9999 -9999 -9999 -9999 -9999 -9999 -9999 -9999 -9999 -9999 -9999 -9999 -9999 -9999 -9999 -9999 -9999 -9999 -9999 -9999 -9999 -9999 -9999 7.10 6.64 6.19 5.51 6.13 8.60 8.82 9.63 8.25 7.97 10.51 10.26 12.17 11.10 8.44 6.30 6.87 6.68 8.02 6.84 6.45 7.09 6.72 6.00 6.28 6.29 6.57 6.65 6.91 7.26 7.60 7.93 7.83 8.18 8.43 8.63 -9999 8.50 8.89 9.96 11.86 -9999 -9999 -9999 -9999 -9999 -9999 -9999 -9999
-9999 -9999 -9999 -9999 -9999 -9999 -9999 -9999 -9999 -9999 -9999 -9999 -9999 -9999 -9999 -9999 -9999 -9999 -9999 -9999 -9999 -9999 -9999 -9999 -9999 -9999 -9999 -9999 8.74 7.02 6.54 5.76 5.17 5.43 10.30 11.14 8.79 12.01 11.40 9.20 8.94 13.86 11.67 11.97 8.46 6.13 8.28 6.47 5.69 6.52 6.71 6.30 6.51 6.22 6.34 6.52 6.77 6.74 6.88 8.69 7.96 7.28 8.84 8.10 8.32 8.41 -9999 9.69 10.62 12.14 13.32 -9999 -9999 -9999 -9999 -9999 -9999 -9999
-9999 -9999 -9999 -9999 -9999 -9999 -9999 -9999 -9999 -9999 -9999 -9999 -9999 -9999 -9999 -9999 -9999 -9999 -9999 -9999 -9999 -9999 -9999 -9999 -9999 -9999 -9999 -9999 8.42 6.73 6.33 5.76 7.48 6.36 7.79 11.40 7.81 8.29 8.70 6.49 6.51 11.11 10.66 10.61 6.79 8.79 9.55 6.68 7.74 6.71 7.34 7.11 6.73 6.30 6.36 6.48 6.56 6.46 6.42 6.74 7.38 6.39 6.77 7.67 7.25 8.22 8.79 -9999 -9999 -9999 -9999 -9999 -9999 -9999 -9999 -9999 -9999 -9999
-9999 -9999 -9999 -9999 -9999 -9999 -9999 -9999 -9999 -9999 -9999 -9999 -9999 -9999 -9999 -9999 -9999 -9999 -9999 -9999 -9999 -9999 -9999 -9999 -9999 -9999 -9999 10.33 7.69 6.46 7.30 6.85 7.03 6.60 7.84 8.17 7.56 7.29 6.75 6.45 6.84 10.00 12.98 13.24 8.28 10.98 9.99 6.91 7.08 5.92 6.69 7.18 6.69 6.26 6.58 6.56 6.49 6.60 6.38 6.63 6.86 6.69 6.48 8.19 7.69 7.68 8.00 9.35 10.75 -9999 -9999 -9999 -9999 -9999 -9999 -9999 -9999 -9999
-9999 -9999 -9999 -9999 -9999 -9999 -9999 -9999 -9999 -9999 -9999 -9999 -9999 -9999 -9999 -9999 -9999 -9999 -9999 -9999 -9999 -9999 -9999 -9999 -9999 -9999 -9999 -9999 7.94 6.60 6.56 7.07 9.22 6.81 6.58 6.62 7.15 7.50 6.85 6.45 6.20 6.46 10.96 12.67 13.73 10.38 10.59 9.01 7.50 7.75 5.48 5.97 7.30 6.39 6.44 6.36 6.36 6.61 6.44 6.58 7.04 6.69 6.17 6.39 9.21 8.00 7.58 8.00 8.96 10.33 11.90 -9999 -9999 -9999 -9999 -9999 -9999 -9999
-9999 -9999 -9999 -9999 -9999 -9999 -9999 -9999 -9999 -9999 -9999 -9999 -9999 -9999 -9999 -9999 -9999 -9999 -9999 -9999 -9999 -9999 -9999 -9999 -9999 -9999 -9999 -9999 7.96 7.12 6.60 6.81 7.11 7.23 6.90 6.41 6.62 6.26 6.03 6.05 6.09 6.91 6.36 11.92 14.64 14.88 11.97 9.90 8.58 6.80 7.08 6.33 7.85 6.62 6.59 6.35 6.38 6.44 6.47 6.93 7.10 6.84 6.21 6.71 9.08 8.46 8.72 7.39 7.48 8.62 10.27 -9999 -9999 -9999 -9999 -9999 -9999 -9999
-9999 -9999 -9999 -9999 -9999 -9999 -9999 -9999 12.24 11.29 11.91 13.31 -9999 -9999 -9999 -9999 -9999 -9999 -9999 -9999 -9999 -9999 -9999 -9999 -9999 -9999 -9999 8.73 7.37 7.69 6.93 7.90 7.38 6.73 6.59 6.65 6.42 6.43 6.23 6.17 6.07 5.96 9.37 12.41 12.40 9.58 13.03 11.66 7.50 7.28 5.08 8.45 8.57 6.89 6.74 6.45 6.40 6.45 6.51 6.89 7.45 7.26 6.42 6.44 6.99 9.11 8.93 9.36 7.31 7.16 8.76 10.69 -9999 -9999 -9999 -9999 -9999 -9999
-9999 -9999 -9999 -9999 -9999 -9999 -9999 -9999 11.22 10.21 10.10 10.85 -9999 -9999 -9999 -9999 -9999 -9999 -9999 -9999 -9999 -9999 -9999 -9999 -9999 -9999 8.82 8.33 7.39 7.71 8.79 7.35 7.35 6.30 6.31 6.58 6.41 6.66 6.80 5.98 5.54 5.69 7.66 14.34 14.27 9.44 11.17 10.34 9.64 6.14 5.15 7.42 8.22 7.22 6.25 6.15 6.35 6.86 6.77 6.89 7.23 7.73 6.94 6.74 6.73 8.72 8.79 8.72 7.50 7.21 7.75 9.70 -9999 -9999 -9999 -9999 -9999 -9999
-9999 -9999 -9999 -9999 -9999 -9999 14.95 11.09 9.07 9.36 9.08 10.35 10.07 11.44 12.43 -9999 -9999 12.79 11.08 -9999 -9999 -9999 9.25 10.65 9.86 -9999 6.80 8.63 7.70 7.27 7.80 7.14 7.45 7.33 7.92 7.39 7.40 6.45 6.88 6.13 6.19 10.25 7.12 9.49 12.40 6.39 8.20 13.71 7.26 8.96 6.43 7.31 7.58 6.90 6.57 6.49 6.51 6.87 6.53 6.93 6.99 7.91 7.00 6.70 6.76 7.28 8.12 9.27 8.70 7.31 7.14 8.75 10.88 -9999 -9999 -9999 -9999 -9999
-9999 -9999 -9999 -9999 -9999 -9999 -9999 11.63 9.70 8.84 8.29 8.61 10.00 11.79 9.21 -9999 8.85 9.72 11.23 10.12 11.17 7.47 6.33 10.95 10.93 9.28 -9999 6.29 7.98 7.81 6.99 6.91 7.75 6.97 6.74 6.71 6.60 6.85 6.47 6.80 6.56 10.51 11.12 10.50 10.92 9.64 11.51 11.73 9.59 6.78 6.13 8.25 8.18 6.52 7.07 6.53 7.04 7.11 6.59 6.78 6.86 7.96 7.11 6.73 6.74 6.59 7.52 8.45 9.30 8.20 7.27 7.96 10.01 -9999 -9999 -9999 -9999 -9999
