ML/MeanWindSpeed_1999-02_Actual.txt
ncols         180
nrows         290
xllcorner     -200000
yllcorner     -200000
cellsize      5000
NODATA_value  -9999
[rows 170 to 203 of 290, columns 77 to 153 of 180]
-9999 -9999 -9999 -9999 -9999 -9999 -9999 -9999 -9999 -9999 -9999 -9999 -9999 -9999 -9999 -9999 -9999 -9999 -9999 -9999 -9999 -9999 -9999 -9999 -9999 -9999 -9999 -9999 -9999 11.11 10.17 9.56 9.68 9.82 9.69 9.14 8.44 8.41 7.89 7.55 7.51 7.59 8.47 8.28 13.89 16.89 17.69 15.13 13.31 12.40 10.75 10.85 9.87 11.03 9.84 9.87 9.69 9.71 9.78 9.77 10.13 10.24 9.91 9.29 9.86 12.21 11.66 11.97 10.85 11.17 12.45 14.20 -9999 -9999 -9999 -9999 -9999
-9999 -9999 -9999 -9999 -9999 -9999 -9999 -9999 -9999 16.91 15.91 16.49 17.85 -9999 -9999 -9999 -9999 -9999 -9999 -9999 -9999 -9999 -9999 -9999 -9999 -9999 -9999 -9999 11.91 10.49 10.71 9.94 10.74 10.06 9.08 8.56 8.33 7.95 7.81 7.50 7.35 7.22 7.14 11.01 14.54 15.06 13.01 16.30 15.06 11.37 11.08 8.86 11.80 11.71 10.09 9.96 9.72 9.68 9.71 9.69 9.91 10.37 10.11 9.32 9.43 10.14 12.22 12.13 12.62 10.84 10.88 12.62 14.61 -9999 -9999 -9999 -9999
-9999 -9999 -9999 -9999 -9999 -9999 -9999 -9999 -9999 15.88 14.77 14.73 15.56 -9999 -9999 -9999 -9999 -9999 -9999 -9999 -9999 -9999 -9999 -9999 -9999 -9999 -9999 12.11 11.50 10.47 10.76 11.76 10.28 9.94 8.60 8.21 8.13 7.74 7.86 7.87 6.96 6.38 6.45 9.03 16.32 16.92 12.80 14.76 13.95 13.33 10.00 8.90 10.81 11.43 10.42 9.46 9.40 9.58 10.02 9.81 9.75 10.01 10.39 9.71 9.63 9.86 11.87 12.06 12.04 10.96 10.84 11.53 13.60 -9999 -9999 -9999 -9999
-9999 -9999 -9999 -9999 -9999 -9999 -9999 19.65 15.89 13.86 14.00 13.80 15.07 14.90 16.44 17.43 -9999 -9999 17.05 14.91 -9999 -9999 -9999 12.75 14.03 13.00 -9999 9.87 11.67 10.79 10.38 10.84 10.05 9.95 9.48 9.70 8.88 8.63 7.59 7.83 6.93 6.91 10.64 8.30 11.71 15.09 9.86 11.98 16.98 10.93 12.50 9.98 10.65 10.83 10.12 9.73 9.66 9.69 9.98 9.52 9.70 9.70 10.51 9.69 9.57 9.87 10.55 11.47 12.60 12.12 10.90 10.84 12.56 14.80 -9999 -9999 -9999
-9999 -9999 -9999 -9999 -9999 -9999 -9999 -9999 16.45 14.54 13.65 13.11 13.44 14.85 16.61 13.97 -9999 13.08 14.12 14.88 13.29 14.15 10.51 9.50 14.02 13.86 11.98 -9999 9.29 10.99 10.87 10.02 9.85 10.32 9.23 8.70 8.36 7.96 7.98 7.43 7.48 7.22 11.06 12.11 12.46 13.42 12.56 14.83 15.02 12.78 10.15 9.43 11.30 11.23 9.65 10.12 9.62 10.14 10.20 9.60 9.57 9.56 10.54 9.81 9.70 9.92 9.97 10.99 11.91 12.70 11.74 10.95 11.75 13.87 -9999 -9999 -9999
-9999 -9999 -9999 -9999 -9999 -9999 -9999 -9999 -9999 15.81 14.84 13.82 13.16 12.86 10.80 9.95 16.86 23.65 12.33 15.09 14.66 13.76 11.69 8.69 8.90 11.51 13.59 11.25 9.05 9.50 10.49 9.78 9.95 11.13 9.94 9.07 8.24 8.06 7.88 7.40 7.16 7.28 12.98 14.35 12.58 13.16 11.01 10.53 12.22 12.09 9.81 9.36 10.60 9.90 9.31 9.99 9.62 10.72 10.07 9.89 9.62 9.58 11.00 9.96 9.81 10.00 9.95 10.62 11.30 11.50 11.83 12.27 11.08 12.98 15.28 -9999 -9999
-9999 -9999 -9999 -9999 -9999 -9999 -9999 -9999 -9999 -9999 16.89 14.14 12.28 10.38 9.37 12.11 27.33 19.90 10.51 15.94 11.00 14.25 13.91 9.80 7.65 14.46 12.02 12.40 10.79 9.29 9.46 9.46 8.76 9.89 10.23 9.58 8.88 8.21 8.22 7.69 7.20 9.22 11.02 15.19 13.07 14.11 12.99 8.60 11.20 13.11 9.78 9.65 10.29 9.48 9.34 9.62 9.60 10.80 9.98 9.75 9.90 9.62 10.49 10.39 10.02 10.08 10.12 10.42 11.19 12.54 11.48 10.80 10.87 12.47 14.86 -9999 -9999
-9999 -9999 -9999 -9999 -9999 -9999 -9999 -9999 -9999 -9999 -9999 14.16 11.22 10.92 12.79 24.10 27.71 20.24 15.03 14.02 14.12 15.22 15.46 14.60 9.95 9.14 14.84 11.93 10.87 10.26 9.31 9.15 9.23 9.43 9.82 9.20 8.57 8.63 8.49 8.18 8.36 9.47 12.05 13.44 11.21 11.67 13.33 11.01 8.45 12.80 9.71 9.45 10.00 9.14 9.17 9.19 9.94 10.78 10.12 9.94 9.91 9.42 11.00 10.50 10.30 10.42 10.47 10.90 10.93 11.03 10.65 10.53 10.87 12.81 14.99 -9999 -9999
-9999 -9999 -9999 -9999 -9999 -9999 -9999 -9999 -9999 -9999 -9999 13.19 11.47 13.84 16.84 20.23 24.82 16.56 11.97 13.77 15.81 15.66 16.55 14.51 10.49 7.80 14.87 14.43 11.83 11.04 9.20 8.87 9.26 10.31 9.92 9.41 8.99 8.38 8.08 8.54 10.62 10.56 9.05 14.13 11.41 11.97 13.70 13.23 10.89 9.92 9.00 7.67 9.18 9.87 8.89 8.97 9.11 10.00 9.90 10.37 10.19 10.04 10.76 11.62 11.26 11.25 10.98 10.96 10.77 10.49 10.34 10.83 11.95 13.77 -9999 -9999 -9999
-9999 -9999 -9999 -9999 -9999 -9999 -9999 -9999 -9999 -9999 -9999 11.91 11.90 13.94 14.66 20.77 19.56 15.17 15.05 12.37 13.40 15.93 14.33 16.56 12.80 8.40 13.53 14.94 14.29 10.91 9.68 8.62 9.59 10.87 10.52 9.51 8.80 8.30 8.61 10.12 10.62 9.06 8.97 12.32 12.00 11.64 11.58 10.71 10.61 11.19 7.57 8.33 8.68 8.38 8.84 8.58 9.79 9.30 9.85 10.37 10.50 11.07 13.45 12.72 11.98 11.53 11.29 11.00 10.67 10.39 10.42 11.62 13.28 -9999 -9999 -9999 -9999
-9999 -9999 -9999 -9999 -9999 -9999 -9999 -9999 -9999 -9999 13.25 20.48 13.38 15.23 17.54 13.62 23.88 20.57 18.03 15.57 17.80 14.22 14.51 12.48 9.82 10.86 15.54 14.58 14.06 10.77 9.33 8.47 10.21 10.60 10.08 9.52 8.60 8.47 9.98 9.74 9.36 10.43 11.32 9.40 14.03 12.94 9.99 10.64 9.72 8.72 8.35 7.41 7.50 7.79 8.88 8.51 8.26 10.17 9.80 10.28 10.83 11.64 13.55 12.72 12.06 11.77 11.25 10.94 10.38 10.10 11.04 12.61 -9999 -9999 -9999 -9999 -9999
-9999 -9999 -9999 -9999 -9999 -9999 -9999 -9999 14.42 13.62 17.17 15.09 13.01 14.01 15.41 11.22 12.87 15.05 18.04 16.70 17.61 15.35 14.65 8.21 10.49 10.71 9.07 10.63 10.35 10.92 9.79 9.07 10.29 10.77 10.52 9.48 9.20 10.27 9.60 10.14 9.25 10.83 11.49 11.26 10.30 9.34 10.87 10.29 9.49 9.08 8.69 8.29 7.04 8.05 7.93 7.43 8.06 9.00 9.66 10.32 10.56 11.57 13.30 12.50 11.71 11.54 10.97 10.56 10.05 10.25 11.47 -9999 -9999 -9999 -9999 -9999 14.80
-9999 -9999 -9999 -9999 -9999 -9999 -9999 14.85 14.38 14.19 14.45 14.03 13.76 12.58 10.14 8.78 10.85 13.05 15.38 21.89 12.79 9.51 8.04 4.66 11.59 13.72 13.99 11.50 10.43 10.85 10.56 10.20 10.73 11.43 10.76 10.08 9.75 10.32 10.67 9.19 9.11 11.01 11.17 10.69 10.13 10.11 10.30 9.10 9.39 8.11 7.89 8.38 7.72 7.20 6.82 7.38 8.65 8.85 9.41 10.00 10.47 11.25 13.25 12.57 11.54 11.06 10.61 10.24 9.84 10.05 11.06 -9999 -9999 -9999 -9999 -9999 13.23
-9999 -9999 -9999 -9999 -9999 -9999 15.48 16.18 15.26 15.10 -9999 -9999 -9999 -9999 9.73 15.17 13.15 13.44 15.98 12.85 9.09 10.70 8.90 7.14 17.27 15.58 13.55 14.79 11.94 10.05 10.78 11.06 10.76 10.98 10.79 10.17 10.45 9.77 11.00 9.50 9.27 9.88 10.46 10.61 10.34 9.23 9.23 9.04 8.77 8.12 7.68 7.26 7.04 6.92 7.31 8.22 8.47 8.70 9.75 10.65 11.02 11.28 12.37 12.14 11.76 10.72 10.36 9.97 9.53 9.49 10.30 11.97 -9999 -9999 -9999 -9999 12.05
-9999 -9999 -9999 -9999 -9999 -9999 17.08 18.61 15.38 15.80 -9999 -9999 -9999 -9999 9.75 13.02 14.84 9.82 14.47 12.40 9.90 11.96 13.31 10.08 14.88 8.65 10.64 11.54 10.88 10.02 10.49 11.05 10.98 11.27 11.74 10.53 10.91 10.38 10.28 10.63 9.49 9.76 9.08 9.85 10.70 11.01 10.83 9.07 8.31 7.99 7.73 8.01 7.27 7.47 8.15 8.72 9.71 9.32 11.54 11.85 12.24 11.50 12.00 11.84 11.47 10.49 10.30 9.95 9.44 9.19 9.29 10.37 11.42 -9999 -9999 12.35 11.84
-9999 -9999 -9999 -9999 -9999 -9999 -9999 -9999 -9999 -9999 -9999 -9999 -9999 -9999 10.89 15.60 13.35 9.05 10.98 8.24 13.74 12.20 7.39 11.27 11.16 9.82 11.08 9.88 9.62 9.32 10.88 10.96 11.42 11.17 10.70 10.52 10.29 9.93 10.00 10.38 9.56 9.28 9.50 9.73 9.39 10.23 10.34 8.22 9.40 10.27 8.91 8.76 8.27 7.36 8.53 9.81 11.03 10.96 10.75 11.51 12.42 11.93 12.28 11.83 11.46 10.38 10.28 10.02 9.62 9.22 8.82 9.10 9.87 10.97 11.56 11.32 11.35
-9999 -9999 -9999 -9999 -9999 -9999 -9999 -9999 -9999 -9999 -9999 -9999 -9999 -9999 -9999 15.73 7.12 6.89 10.43 13.97 11.60 12.76 11.84 7.67 9.02 10.67 7.71 8.26 8.23 8.95 9.79 10.70 11.00 11.05 10.70 10.22 9.90 10.04 9.75 10.18 9.69 9.13 11.34 10.61 9.32 9.16 9.03 8.94 8.69 9.71 9.83 9.24 10.38 8.67 8.63 9.65 9.48 10.15 10.64 10.83 12.29 12.31 11.95 11.35 11.44 10.47 10.37 10.11 9.72 9.42 9.24 9.24 9.31 9.92 10.42 10.60 10.50
-9999 -9999 -9999 -9999 -9999 -9999 -9999 -9999 -9999 -9999 -9999 -9999 -9999 -9999 -9999 11.00 15.19 15.72 13.00 10.50 8.79 10.77 8.18 8.16 6.68 6.48 9.23 7.42 7.92 10.49 10.47 10.62 10.59 9.96 9.86 10.37 10.09 11.11 10.84 10.33 9.54 8.89 10.99 11.89 10.42 9.25 8.77 8.97 8.94 8.88 9.15 9.96 12.36 10.94 9.11 8.89 9.47 10.78 12.14 12.37 11.99 12.56 12.04 11.42 10.96 10.56 10.48 10.23 10.04 9.78 9.61 9.61 9.70 9.96 10.22 10.58 10.55
-9999 -9999 -9999 -9999 -9999 -9999 -9999 -9999 -9999 -9999 -9999 -9999 -9999 -9999 13.28 12.69 10.04 18.19 11.55 8.51 10.29 9.51 7.76 10.72 7.32 7.20 10.11 6.86 13.99 11.14 9.58 10.16 11.65 9.97 9.53 12.52 12.21 11.20 9.84 10.13 9.81 9.30 10.14 10.78 10.36 9.48 9.10 8.90 8.96 9.36 9.16 10.49 10.51 9.93 9.36 9.10 9.96 11.20 12.50 12.66 11.70 11.89 11.72 11.38 10.98 10.66 10.52 10.41 10.26 10.06 9.86 9.86 9.95 9.93 10.11 10.82 10.79
-9999 -9999 -9999 -9999 -9999 -9999 -9999 -9999 -9999 -9999 -9999 -9999 -9999 -9999 12.05 12.99 18.44 11.48 6.35 7.86 7.48 9.10 11.76 11.39 8.56 8.46 8.84 7.32 8.73 10.23 12.02 12.04 10.22 10.24 10.11 10.70 11.40 9.95 9.56 10.17 9.90 10.25 10.70 10.28 10.41 9.90 9.33 9.06 8.86 8.95 9.16 10.19 10.63 9.99 8.85 9.28 10.77 12.35 11.91 12.70 12.58 11.85 11.18 11.85 10.93 11.03 10.64 10.54 10.27 10.14 10.03 9.92 9.92 9.95 10.03 11.01 10.80
-9999 -9999 -9999 -9999 -9999 -9999 -9999 -9999 -9999 -9999 -9999 -9999 -9999 -9999 13.63 15.66 8.30 9.52 7.78 8.75 8.74 13.92 11.83 13.27 10.12 9.22 7.52 6.50 7.85 11.78 14.25 15.71 10.57 12.16 10.81 11.17 11.04 9.22 9.30 9.66 9.99 10.40 9.84 9.99 11.32 10.36 9.19 9.06 10.22 8.75 9.32 9.84 9.75 9.19 8.88 9.68 10.55 11.28 11.62 11.66 10.91 10.86 11.40 11.61 10.48 10.39 10.57 10.46 10.32 10.10 9.87 9.89 9.90 9.96 10.07 10.45 10.30
-9999 -9999 -9999 -9999 -9999 -9999 -9999 -9999 -9999 -9999 -9999 -9999 -9999 -9999 -9999 9.58 10.65 12.32 14.29 15.08 12.62 13.01 10.86 7.71 7.47 6.85 8.12 8.51 8.00 9.94 11.05 14.69 12.12 10.75 10.42 12.05 11.59 9.18 10.05 9.07 9.37 11.80 9.97 9.79 9.74 9.84 8.80 8.67 10.43 9.80 9.19 9.81 9.40 9.12 9.51 10.53 10.35 10.49 10.24 11.00 10.25 11.50 11.55 10.53 10.28 10.82 10.62 10.19 10.05 9.86 9.78 9.83 9.86 9.94 9.99 10.10 10.20
-9999 -9999 -9999 -9999 -9999 -9999 -9999 -9999 -9999 -9999 -9999 -9999 -9999 -9999 -9999 10.81 11.62 12.67 14.89 17.83 16.29 12.28 9.12 7.36 8.95 11.19 13.37 15.47 12.19 10.12 11.18 12.57 11.64 9.43 12.83 11.97 11.65 9.99 10.80 9.49 9.12 9.95 11.38 10.88 10.14 9.54 8.83 8.72 9.98 9.75 9.34 9.43 9.83 10.04 10.35 10.97 10.31 10.09 11.42 11.54 11.50 11.28 11.50 10.46 10.78 11.30 10.21 9.94 9.86 9.75 9.79 9.79 9.80 9.90 9.99 10.15 10.22
-9999 -9999 -9999 -9999 -9999 -9999 -9999 -9999 -9999 -9999 -9999 -9999 -9999 -9999 12.07 9.52 10.46 13.30 14.80 14.02 13.47 10.66 11.32 16.07 12.94 13.26 13.42 11.51 10.70 11.68 12.45 10.81 9.71 10.42 12.57 12.43 11.59 9.87 11.00 9.08 9.02 10.74 10.15 10.55 10.60 9.84 9.31 9.06 10.08 9.90 9.07 9.38 9.42 9.35 10.28 10.03 11.21 10.67 11.49 10.82 11.24 11.46 10.55 10.32 11.22 11.08 9.97 9.80 10.04 9.74 9.84 9.83 9.95 9.98 9.98 10.09 10.06
-9999 -9999 -9999 -9999 -9999 -9999 -9999 -9999 -9999 -9999 -9999 -9999 -9999 -9999 14.28 11.53 10.14 10.14 12.62 16.77 15.86 13.88 11.86 12.64 14.28 15.65 15.71 11.62 13.95 15.08 10.89 13.28 8.93 9.83 12.10 14.07 10.44 10.79 9.38 8.44 8.69 9.65 12.67 10.97 10.87 10.28 9.82 9.72 9.97 9.60 9.02 9.19 9.14 9.07 9.12 10.61 11.22 11.26 12.02 11.07 10.71 10.80 10.40 10.82 11.35 10.98 10.34 10.57 10.24 10.44 9.97 9.96 10.21 10.28 10.04 10.00 9.97
-9999 -9999 -9999 -9999 -9999 -9999 -9999 -9999 -9999 -9999 -9999 -9999 -9999 -9999 12.50 10.91 7.30 8.73 12.08 16.93 14.90 14.91 12.15 14.33 13.67 12.14 13.01 13.71 13.55 11.86 10.42 11.07 13.70 9.99 10.25 10.38 10.42 11.89 10.22 8.52 8.69 9.60 10.19 10.05 11.01 10.49 10.03 10.12 9.39 8.73 9.22 9.42 9.54 8.93 9.66 11.15 11.25 10.42 10.79 11.79 10.84 11.23 10.30 11.33 11.53 10.67 10.44 10.51 9.80 9.94 9.80 9.87 9.99 9.91 9.86 9.93 9.96
-9999 -9999 -9999 -9999 -9999 -9999 -9999 -9999 -9999 -9999 -9999 -9999 -9999 12.10 12.68 14.15 10.67 8.40 12.80 14.61 16.97 16.74 11.28 11.78 10.63 12.13 13.90 11.98 11.89 13.86 12.11 11.34 10.84 9.81 9.20 9.47 10.47 10.41 9.93 9.46 8.85 8.79 9.72 10.11 9.46 9.92 9.62 10.21 9.28 9.05 9.11 8.65 8.55 8.94 10.28 10.39 10.58 9.96 11.01 11.31 10.99 10.30 11.26 11.41 11.51 11.60 11.01 10.38 10.06 9.76 9.80 9.86 9.74 9.67 9.55 9.57 9.85
-9999 -9999 -9999 -9999 -9999 -9999 -9999 -9999 -9999 -9999 -9999 -9999 14.06 13.19 13.43 10.77 8.40 11.62 15.37 16.44 14.60 16.50 12.18 13.34 11.28 10.77 17.69 12.75 13.51 11.39 11.53 10.02 9.64 9.86 11.04 10.02 12.05 10.28 10.52 8.95 8.65 8.82 9.31 9.73 9.33 9.47 9.81 9.88 8.41 8.92 8.77 8.86 9.04 9.48 10.27 9.68 10.59 10.16 10.61 9.97 10.01 11.37 11.86 11.41 11.61 11.39 10.35 10.60 10.45 10.25 10.08 9.71 9.41 9.15 9.39 9.50 10.35
-9999 -9999 -9999 -9999 -9999 -9999 -9999 -9999 -9999 -9999 16.69 14.56 12.63 10.32 9.47 9.38 9.43 13.02 14.84 16.87 18.65 16.49 13.63 9.47 12.18 11.60 16.04 13.12 12.15 12.19 10.60 10.10 8.84 9.86 11.88 11.25 11.42 9.23 9.36 9.00 8.95 9.56 9.29 9.76 9.00 9.13 9.37 8.55 8.28 8.56 9.38 9.10 9.99 10.77 10.38 9.95 9.52 9.36 10.32 11.01 10.88 11.40 10.59 11.47 11.62 10.84 9.91 9.83 10.59 10.30 10.21 9.29 8.96 8.73 9.09 10.31 10.91
-9999 -9999 -9999 -9999 -9999 -9999 16.80 15.55 13.90 16.99 16.64 16.27 15.60 12.21 10.70 9.58 14.72 13.24 15.88 16.50 16.18 12.70 10.98 8.66 10.32 10.47 17.74 15.89 13.19 10.74 11.07 10.33 11.88 9.04 11.08 11.49 11.04 10.19 9.17 8.61 9.58 9.01 8.52 9.93 8.83 8.71 8.22 8.43 8.86 9.39 8.59 9.50 9.17 9.71 10.75 10.58 10.29 10.05 10.74 10.92 10.73 10.58 11.51 10.57 10.46 10.17 9.68 10.29 10.42 10.33 9.48 8.76 8.74 8.98 10.27 10.65 10.42
-9999 -9999 -9999 -9999 -9999 17.61 15.00 15.35 14.28 13.50 15.24 14.37 14.29 11.44 9.53 13.00 13.95 14.73 11.46 17.27 13.00 10.24 15.34 11.84 8.52 16.45 14.72 13.30 8.88 8.86 9.74 13.11 9.93 9.30 9.37 9.55 11.28 10.85 10.52 9.03 9.21 8.56 8.47 9.43 8.84 8.27 8.21 8.51 9.11 8.93 10.93 9.05 8.83 9.40 10.28 9.68 9.65 9.30 9.64 10.32 10.30 11.20 10.66 10.11 10.18 10.31 9.62 9.78 9.70 8.98 8.64 8.45 8.56 8.91 9.67 10.83 11.02
-9999 -9999 -9999 -9999 16.74 16.22 12.96 12.46 12.59 13.61 12.97 13.23 11.78 12.03 16.26 13.06 11.81 15.54 9.42 12.21 11.86 15.17 14.44 15.29 13.05 12.95 11.34 8.24 13.32 13.04 9.43 10.03 9.47 9.09 9.68 8.99 9.26 11.11 11.28 8.69 8.27 8.34 8.85 8.18 7.55 7.94 10.68 8.63 8.43 9.18 10.10 9.38 8.86 9.52 10.11 10.06 10.58 9.95 9.23 9.21 9.33 10.52 10.20 9.64 10.52 10.26 9.45 9.39 9.05 8.59 8.66 8.66 8.71 9.18 9.63 10.82 10.40
14.49 16.20 13.95 15.81 13.21 13.17 13.97 12.88 12.41 14.65 13.17 12.82 12.59 15.38 14.54 12.58 13.79 12.89 10.28 10.11 13.85 14.36 12.72 13.15 14.97 11.04 7.41 13.08 14.86 12.11 12.24 9.66 9.93 8.98 9.47 11.50 9.40 11.82 9.81 8.48 8.03 8.34 9.89 7.17 7.58 11.94 9.26 8.67 8.69 9.47 10.53 9.05 9.07 9.45 9.15 9.72 9.70 9.12 8.77 9.15 8.85 9.42 9.88 9.87 9.42 9.00 8.63 8.44 8.79 10.08 9.23 10.06 9.36 8.49 10.23 10.59 11.09
13.74 12.09 11.57 14.77 18.31 17.23 16.67 13.19 14.39 16.18 14.56 13.83 15.98 13.99 13.19 15.52 11.93 8.93 9.55 10.18 13.34 13.34 12.87 12.16 11.05 8.54 10.50 20.78 16.56 12.62 9.87 10.45 9.85 11.44 9.74 10.31 9.31 9.38 9.23 8.92 8.11 7.79 7.62 6.92 10.81 11.72 10.83 9.24 8.78 11.66 10.12 9.15 9.27 8.84 9.60 9.46 9.06 8.17 9.27 8.84 8.24 10.11 9.94 8.79 8.61 8.47 8.19 8.64 9.61 9.92 9.54 9.93 9.06 8.71 10.03 10.85 10.69
