ML/MeanWindSpeed_1996-02_Actual.txt
ncols         180
nrows         290
xllcorner     -200000
yllcorner     -200000
cellsize      5000
NODATA_value  -9999
[rows 105 to 139 of 290, columns 78 to 155 of 180]
10.57 14.15 9.54 6.29 9.61 15.24 15.16 13.07 11.24 12.89 18.30 12.24 15.22 9.13 12.08 17.01 11.58 8.26 8.44 10.37 8.89 8.18 8.97 9.18 7.75 9.37 8.84 8.72 11.30 10.21 10.26 10.16 -9999 -9999 -9999 -9999 -9999 -9999 -9999 -9999 -9999 -9999 -9999 -9999 -9999 -9999 -9999 -9999 -9999 -9999 -9999 -9999 -9999 -9999 -9999 -9999 -9999 -9999 -9999 -9999 -9999 -9999 -9999 -9999 -9999 -9999 -9999 -9999 -9999 -9999 -9999 -9999 -9999 -9999 -9999 -9999 -9999 -9999
12.66 10.34 11.90 16.74 15.50 18.45 10.51 15.56 7.72 17.88 9.52 20.68 10.54 14.19 22.22 14.10 10.49 13.21 11.79 8.18 7.55 6.40 6.25 8.03 7.23 7.25 9.09 9.60 9.31 9.27 7.82 9.42 10.63 -9999 -9999 -9999 -9999 -9999 -9999 -9999 -9999 -9999 -9999 -9999 -9999 -9999 -9999 -9999 -9999 -9999 -9999 -9999 -9999 -9999 -9999 -9999 -9999 -9999 -9999 -9999 -9999 -9999 -9999 -9999 -9999 -9999 -9999 -9999 -9999 -9999 -9999 -9999 -9999 -9999 -9999 -9999 -9999 -9999
13.07 6.95 15.16 11.30 6.60 12.39 17.40 16.82 7.52 17.67 15.37 16.41 12.24 17.51 14.35 15.91 19.37 14.28 11.90 9.37 7.81 8.19 10.13 10.93 12.71 12.00 9.85 8.37 7.70 10.47 8.82 11.44 11.56 13.06 -9999 -9999 -9999 -9999 -9999 -9999 -9999 -9999 -9999 -9999 -9999 -9999 -9999 -9999 -9999 -9999 -9999 -9999 -9999 -9999 -9999 -9999 -9999 -9999 -9999 -9999 -9999 -9999 -9999 -9999 -9999 -9999 -9999 -9999 -9999 -9999 -9999 -9999 -9999 -9999 -9999 -9999 -9999 -9999
9.39 13.63 14.27 10.56 6.28 14.46 16.70 21.07 9.46 17.04 13.84 14.55 13.65 14.76 9.24 11.21 12.45 11.36 8.00 9.59 12.14 16.24 15.07 13.55 11.31 10.63 12.35 7.94 9.75 11.22 11.86 12.24 12.51 13.26 13.63 -9999 -9999 -9999 -9999 -9999 -9999 -9999 -9999 -9999 -9999 -9999 -9999 -9999 -9999 -9999 -9999 -9999 -9999 -9999 -9999 -9999 -9999 -9999 -9999 -9999 -9999 -9999 -9999 -9999 -9999 -9999 -9999 -9999 -9999 -9999 -9999 -9999 -9999 -9999 -9999 -9999 -9999 -9999
14.24 17.29 8.66 6.20 11.77 19.10 14.10 6.61 10.20 25.97 11.90 11.29 13.12 13.10 10.25 9.21 7.43 7.82 12.03 18.41 17.32 14.45 12.90 9.97 9.36 10.04 11.89 10.03 11.29 10.98 10.73 11.76 12.27 12.78 -9999 -9999 -9999 -9999 -9999 -9999 -9999 -9999 -9999 -9999 -9999 -9999 -9999 -9999 -9999 -9999 -9999 -9999 -9999 -9999 -9999 -9999 -9999 -9999 -9999 -9999 -9999 -9999 -9999 -9999 -9999 -9999 -9999 -9999 -9999 -9999 -9999 -9999 -9999 -9999 -9999 -9999 -9999 -9999
11.63 10.65 9.78 16.38 8.56 15.97 17.22 16.99 12.01 10.10 21.33 12.50 9.75 8.04 7.53 6.92 6.63 6.69 11.67 9.51 8.64 7.77 9.84 12.22 10.64 10.91 10.36 10.64 12.63 12.53 -9999 -9999 -9999 -9999 -9999 -9999 -9999 -9999 -9999 -9999 -9999 -9999 -9999 -9999 -9999 -9999 -9999 -9999 -9999 -9999 -9999 -9999 -9999 -9999 -9999 -9999 -9999 -9999 -9999 -9999 -9999 -9999 -9999 -9999 -9999 -9999 -9999 -9999 -9999 -9999 -9999 -9999 -9999 -9999 -9999 -9999 -9999 -9999
10.61 7.07 15.21 15.19 17.86 19.33 8.62 17.22 17.31 9.18 13.35 13.96 9.64 9.02 10.06 11.58 13.27 8.83 8.31 8.43 9.01 9.71 10.61 12.00 11.10 11.35 12.59 12.46 -9999 -9999 -9999 -9999 -9999 -9999 -9999 -9999 -9999 -9999 -9999 -9999 -9999 -9999 -9999 -9999 -9999 -9999 -9999 -9999 -9999 -9999 -9999 -9999 -9999 -9999 -9999 -9999 -9999 -9999 -9999 -9999 -9999 -9999 -9999 -9999 -9999 -9999 -9999 -9999 -9999 -9999 -9999 -9999 -9999 -9999 -9999 -9999 -9999 -9999
8.61 15.33 10.83 15.94 18.95 16.04 13.25 18.06 18.01 9.79 9.26 7.57 7.66 8.78 9.94 13.95 15.66 11.91 9.93 8.53 8.51 10.13 9.82 10.64 11.45 13.92 15.40 13.65 -9999 -9999 -9999 -9999 -9999 -9999 -9999 -9999 -9999 -9999 -9999 -9999 -9999 -9999 -9999 -9999 -9999 -9999 -9999 -9999 -9999 -9999 -9999 -9999 -9999 -9999 -9999 -9999 -9999 -9999 -9999 -9999 -9999 -9999 -9999 -9999 -9999 -9999 -9999 -9999 -9999 -9999 -9999 -9999 -9999 -9999 -9999 -9999 -9999 -9999
10.82 15.07 11.26 16.00 15.71 17.72 11.39 10.19 12.16 11.12 10.47 10.22 7.25 17.69 17.80 16.13 16.08 11.67 8.14 8.12 8.14 8.50 8.63 9.17 10.77 10.57 -9999 -9999 -9999 -9999 -9999 12.72 11.36 11.60 11.17 -9999 -9999 -9999 -9999 -9999 -9999 -9999 -9999 -9999 -9999 -9999 -9999 -9999 -9999 -9999 -9999 -9999 -9999 -9999 -9999 -9999 -9999 -9999 -9999 -9999 -9999 -9999 -9999 -9999 -9999 -9999 -9999 -9999 -9999 -9999 -9999 -9999 -9999 -9999 -9999 -9999 -9999 -9999
11.27 16.98 11.39 9.02 21.17 11.06 10.65 9.68 8.87 10.19 12.17 15.53 11.34 11.45 9.95 10.15 9.42 9.68 9.74 10.14 9.95 9.18 9.83 10.51 10.19 9.96 10.85 12.16 -9999 -9999 10.73 9.89 9.38 8.07 8.68 9.94 11.17 -9999 -9999 -9999 -9999 -9999 -9999 -9999 -9999 -9999 -9999 -9999 -9999 -9999 -9999 -9999 -9999 -9999 -9999 -9999 -9999 -9999 -9999 -9999 -9999 -9999 -9999 -9999 -9999 -9999 -9999 -9999 -9999 -9999 -9999 -9999 -9999 -9999 -9999 -9999 -9999 -9999
13.97 11.69 12.84 14.98 17.03 10.78 11.68 13.76 12.93 11.85 9.12 9.30 10.33 9.78 9.84 9.47 9.22 9.79 10.75 10.55 9.50 11.00 11.54 9.05 7.96 8.40 9.20 11.28 10.11 10.13 10.25 8.67 6.63 7.47 10.59 11.32 13.81 10.20 -9999 -9999 -9999 -9999 -9999 -9999 -9999 -9999 -9999 -9999 -9999 -9999 -9999 -9999 -9999 -9999 -9999 -9999 -9999 -9999 -9999 -9999 -9999 -9999 -9999 -9999 -9999 -9999 -9999 -9999 -9999 -9999 -9999 -9999 -9999 -9999 -9999 -9999 -9999 -9999
11.38 15.83 14.44 11.85 11.35 -9999 14.03 16.30 12.11 10.26 8.56 8.39 8.39 8.94 9.72 9.37 9.39 11.51 11.54 11.58 10.43 9.46 9.27 7.90 8.32 9.14 11.00 9.54 8.15 10.25 8.86 8.27 7.26 9.17 11.73 12.25 13.64 11.91 13.64 15.24 11.86 -9999 -9999 -9999 -9999 -9999 -9999 -9999 -9999 -9999 -9999 -9999 -9999 -9999 -9999 -9999 -9999 -9999 -9999 -9999 -9999 -9999 -9999 -9999 -9999 -9999 -9999 -9999 -9999 -9999 -9999 -9999 -9999 -9999 -9999 -9999 -9999 -9999
12.54 -9999 13.24 15.01 11.73 -9999 15.51 19.33 13.22 11.48 8.88 8.77 8.25 8.40 7.64 7.78 8.28 9.78 12.41 12.29 12.21 10.26 9.76 10.47 11.68 14.11 12.15 8.80 7.09 8.82 8.96 8.99 14.28 15.28 12.63 12.75 11.72 11.62 11.98 10.03 11.56 -9999 -9999 -9999 -9999 -9999 -9999 -9999 -9999 -9999 -9999 -9999 -9999 -9999 -9999 -9999 -9999 -9999 -9999 -9999 -9999 -9999 -9999 -9999 -9999 -9999 -9999 -9999 -9999 -9999 -9999 -9999 -9999 -9999 -9999 -9999 -9999 -9999
12.11 -9999 -9999 15.01 12.80 12.33 15.12 16.85 10.42 10.43 12.27 10.21 9.34 8.89 11.79 9.03 7.44 8.78 10.01 11.86 12.61 13.66 11.43 13.79 14.62 12.47 11.15 10.61 9.26 9.99 11.48 12.41 12.15 15.14 13.26 12.52 12.31 8.82 8.77 10.06 11.73 12.80 -9999 -9999 -9999 -9999 -9999 -9999 -9999 -9999 -9999 -9999 -9999 -9999 -9999 -9999 -9999 -9999 -9999 -9999 -9999 -9999 -9999 -9999 -9999 -9999 -9999 -9999 -9999 -9999 -9999 -9999 -9999 -9999 -9999 -9999 -9999 -9999
-9999 -9999 -9999 -9999 13.64 12.09 16.19 12.71 9.21 9.98 11.44 12.80 11.21 10.10 11.57 11.91 9.95 7.83 10.57 13.41 12.24 11.91 12.37 14.37 13.03 11.26 11.66 11.34 14.38 13.52 11.71 11.25 10.09 13.07 12.57 11.53 12.22 9.45 8.60 8.56 8.65 9.74 -9999 -9999 -9999 -9999 -9999 -9999 -9999 -9999 -9999 -9999 -9999 -9999 -9999 -9999 -9999 -9999 -9999 -9999 -9999 -9999 -9999 -9999 -9999 -9999 -9999 -9999 -9999 -9999 -9999 -9999 -9999 -9999 -9999 -9999 -9999 -9999
14.65 16.11 -9999 -9999 -9999 13.39 14.66 11.76 10.02 9.46 10.30 12.17 12.80 13.27 13.74 12.34 11.60 10.52 7.99 12.82 11.69 11.34 11.78 10.98 10.68 13.09 11.13 14.64 18.34 16.28 13.37 13.31 10.17 11.50 11.16 11.39 11.74 9.26 8.18 7.94 8.01 9.34 10.44 -9999 -9999 -9999 -9999 -9999 -9999 -9999 -9999 -9999 -9999 -9999 -9999 -9999 -9999 -9999 -9999 -9999 -9999 -9999 -9999 -9999 -9999 -9999 -9999 -9999 -9999 -9999 -9999 -9999 -9999 -9999 -9999 -9999 -9999 -9999
16.04 18.08 12.65 -9999 -9999 -9999 13.40 12.07 9.71 8.96 9.22 9.76 11.74 12.02 11.75 10.67 10.83 11.25 11.66 10.58 10.88 10.87 12.71 11.84 14.69 9.58 10.97 10.65 11.40 16.11 15.63 12.83 11.53 9.92 9.63 9.93 10.13 8.28 7.81 7.23 8.13 8.93 8.86 9.64 -9999 -9999 -9999 -9999 -9999 -9999 -9999 -9999 -9999 -9999 -9999 -9999 -9999 -9999 -9999 -9999 -9999 -9999 -9999 -9999 -9999 -9999 -9999 -9999 -9999 -9999 -9999 -9999 -9999 -9999 -9999 -9999 -9999 -9999
14.58 15.79 11.04 -9999 -9999 -9999 -9999 -9999 11.03 9.42 7.93 7.83 8.53 8.98 10.77 14.17 14.03 12.34 11.47 10.77 12.34 11.47 11.25 10.49 13.38 8.85 10.71 12.15 10.92 8.15 10.30 9.39 10.71 8.73 10.09 9.33 7.69 7.26 6.91 6.90 6.47 9.17 9.24 8.77 9.12 -9999 -9999 -9999 -9999 -9999 -9999 -9999 -9999 -9999 -9999 -9999 -9999 -9999 -9999 -9999 -9999 -9999 -9999 -9999 -9999 -9999 -9999 -9999 -9999 -9999 -9999 -9999 -9999 -9999 -9999 -9999 -9999 -9999
10.81 19.12 13.10 -9999 -9999 -9999 -9999 -9999 11.91 10.69 10.36 8.60 10.66 13.19 12.40 14.51 15.29 14.33 11.80 13.21 12.04 10.85 12.76 13.55 8.62 18.63 11.68 15.32 11.27 13.97 13.33 8.43 10.97 9.09 8.26 7.48 7.87 9.26 9.50 7.88 7.98 6.08 8.60 10.56 8.43 10.53 11.84 -9999 -9999 -9999 -9999 -9999 -9999 -9999 -9999 -9999 -9999 -9999 -9999 -9999 -9999 -9999 -9999 -9999 -9999 -9999 -9999 -9999 -9999 -9999 -9999 -9999 -9999 -9999 -9999 -9999 -9999 -9999
15.23 18.41 17.67 -9999 -9999 -9999 -9999 -9999 11.76 9.82 9.55 8.71 9.61 11.80 10.05 11.41 11.93 14.24 12.76 12.40 11.36 14.05 18.04 14.81 12.41 20.16 17.40 11.95 12.77 10.53 8.32 10.02 10.72 8.98 9.31 9.12 7.13 7.54 7.62 9.51 12.75 9.48 8.45 9.62 9.76 8.99 10.54 -9999 -9999 -9999 -9999 -9999 -9999 -9999 -9999 -9999 -9999 -9999 -9999 -9999 -9999 -9999 -9999 -9999 -9999 -9999 -9999 -9999 -9999 -9999 -9999 -9999 -9999 -9999 -9999 -9999 -9999 -9999
12.65 14.73 16.59 -9999 -9999 -9999 -9999 -9999 10.82 9.22 8.65 8.65 8.95 9.80 10.90 14.94 17.02 14.07 14.55 10.94 11.23 11.35 14.47 9.63 15.97 14.37 11.86 13.33 14.36 8.85 11.62 9.44 10.37 9.91 7.28 8.63 8.93 8.33 7.53 14.73 15.03 13.28 8.26 9.24 9.82 8.98 10.62 -9999 -9999 -9999 -9999 -9999 -9999 -9999 -9999 -9999 -9999 -9999 -9999 -9999 -9999 -9999 -9999 -9999 -9999 -9999 -9999 -9999 -9999 -9999 -9999 -9999 -9999 -9999 -9999 -9999 -9999 -9999
-9999 -9999 -9999 -9999 -9999 -9999 -9999 13.73 10.70 9.81 8.67 9.27 10.18 9.39 11.15 11.97 15.09 12.95 12.54 15.31 13.04 14.70 14.88 14.52 17.62 16.30 10.35 11.70 13.02 11.98 10.56 10.96 8.00 9.24 9.85 7.12 8.60 8.20 11.98 13.43 16.85 13.96 8.36 8.08 7.62 8.82 10.56 -9999 -9999 -9999 -9999 -9999 -9999 -9999 -9999 -9999 -9999 -9999 -9999 -9999 -9999 -9999 -9999 -9999 -9999 -9999 -9999 -9999 -9999 -9999 -9999 -9999 -9999 -9999 -9999 -9999 -9999 -9999
-9999 -9999 -9999 -9999 -9999 -9999 -9999 14.88 8.31 8.63 10.78 12.62 11.81 9.86 10.04 10.93 8.75 10.23 15.00 15.90 13.43 12.32 10.24 8.50 16.56 9.88 10.75 10.41 11.08 10.66 9.15 6.91 10.14 9.46 8.94 7.75 8.34 11.09 13.01 12.24 14.20 13.63 8.78 6.95 7.59 10.11 9.49 -9999 -9999 -9999 -9999 -9999 -9999 -9999 -9999 -9999 -9999 -9999 -9999 -9999 -9999 -9999 -9999 -9999 -9999 -9999 -9999 -9999 -9999 -9999 -9999 -9999 -9999 -9999 -9999 -9999 -9999 -9999
-9999 -9999 -9999 -9999 -9999 -9999 12.84 11.42 6.59 9.00 11.33 9.89 12.97 15.26 13.92 16.49 13.98 11.33 9.88 10.79 13.97 12.55 10.65 6.69 9.91 14.80 10.61 13.23 9.81 9.85 6.84 7.50 9.77 8.61 8.78 10.10 12.22 14.32 13.52 11.61 10.38 9.83 8.32 10.97 11.96 10.20 9.92 -9999 -9999 -9999 -9999 -9999 -9999 -9999 -9999 -9999 -9999 -9999 -9999 -9999 -9999 -9999 -9999 -9999 -9999 -9999 -9999 -9999 -9999 -9999 -9999 -9999 -9999 -9999 -9999 -9999 -9999 -9999
-9999 -9999 -9999 -9999 -9999 -9999 10.92 6.99 10.84 9.13 11.93 9.74 13.51 13.78 17.01 15.80 15.65 13.76 11.97 8.86 18.59 17.40 10.98 6.32 10.89 13.72 9.74 10.18 12.16 8.24 10.63 12.18 10.00 11.73 12.02 15.89 10.22 9.87 11.06 11.99 12.12 9.02 7.26 9.40 9.59 9.01 9.61 11.56 -9999 -9999 -9999 -9999 -9999 -9999 -9999 -9999 -9999 -9999 -9999 -9999 -9999 -9999 -9999 -9999 -9999 -9999 -9999 -9999 -9999 -9999 -9999 -9999 -9999 -9999 -9999 -9999 -9999 -9999
-9999 -9999 -9999 -9999 -9999 10.26 12.43 11.92 11.01 12.14 12.27 10.64 9.43 15.04 14.57 16.11 15.21 14.74 10.22 6.73 11.20 13.24 12.06 7.79 7.58 10.00 9.61 9.32 10.02 14.03 9.31 8.93 9.23 8.03 14.61 12.15 14.50 12.67 8.92 10.12 10.96 11.72 12.76 9.21 8.66 8.47 9.52 11.19 -9999 -9999 -9999 -9999 -9999 -9999 -9999 -9999 -9999 -9999 -9999 -9999 -9999 -9999 -9999 -9999 -9999 -9999 -9999 -9999 -9999 -9999 -9999 -9999 -9999 -9999 -9999 -9999 -9999 -9999
-9999 -9999 -9999 -9999 -9999 12.20 11.50 10.12 15.09 14.11 11.57 11.16 15.12 10.35 12.01 14.79 12.66 12.43 8.01 6.15 9.48 11.16 13.34 7.30 7.62 7.73 8.56 6.83 11.96 7.54 12.53 10.21 7.32 14.63 8.05 10.18 11.60 10.68 11.79 8.62 8.87 12.17 11.78 9.70 10.30 9.67 9.56 11.32 -9999 -9999 -9999 -9999 -9999 -9999 -9999 -9999 -9999 -9999 -9999 -9999 -9999 -9999 -9999 -9999 -9999 -9999 -9999 -9999 -9999 -9999 -9999 -9999 -9999 -9999 -9999 -9999 -9999 -9999
-9999 -9999 -9999 -9999 12.67 9.97 9.11 12.60 10.67 11.10 18.81 14.00 13.76 9.98 11.93 12.72 10.71 12.23 11.02 8.73 11.15 10.81 7.76 6.22 7.17 9.37 9.32 12.48 9.49 7.74 12.72 8.15 8.83 14.44 9.14 7.89 7.05 9.37 11.28 10.61 11.35 11.72 9.79 9.43 9.42 8.83 9.22 10.94 -9999 -9999 -9999 -9999 -9999 -9999 -9999 -9999 -9999 -9999 -9999 -9999 -9999 -9999 -9999 -9999 -9999 -9999 -9999 -9999 -9999 -9999 -9999 -9999 -9999 -9999 -9999 -9999 -9999 -9999
-9999 -9999 -9999 10.68 11.05 11.53 8.67 9.73 10.46 9.56 12.73 11.80 18.61 9.57 9.20 10.70 11.20 11.43 11.76 9.76 8.01 6.98 10.00 6.76 6.31 8.83 9.54 9.54 9.35 7.54 9.79 6.13 8.02 12.96 11.41 11.65 10.30 9.59 8.54 8.69 11.65 10.57 9.73 9.62 9.48 9.54 8.79 10.06 11.92 -9999 -9999 -9999 -9999 -9999 -9999 -9999 -9999 -9999 -9999 -9999 -9999 -9999 -9999 -9999 -9999 -9999 -9999 -9999 -9999 -9999 -9999 -9999 -9999 -9999 -9999 -9999 -9999 -9999
-9999 -9999 -9999 12.89 15.74 11.75 10.80 9.57 8.65 7.64 18.41 14.66 11.90 11.59 8.81 9.10 10.43 10.01 14.95 9.24 7.13 6.63 7.00 10.22 7.12 9.98 9.27 10.06 9.08 8.51 7.86 9.19 6.73 9.67 10.50 9.60 10.92 9.31 8.19 8.01 9.89 9.23 10.76 9.89 8.67 7.79 8.91 9.95 11.34 -9999 -9999 -9999 -9999 -9999 -9999 -9999 -9999 -9999 -9999 -9999 -9999 -9999 -9999 -9999 -9999 -9999 -9999 -9999 -9999 -9999 -9999 -9999 -9999 -9999 -9999 -9999 -9999 -9999
-9999 12.95 11.81 13.96 12.10 11.14 12.19 10.00 9.59 7.83 13.83 12.62 12.81 11.35 10.59 8.10 10.75 11.27 10.07 9.84 9.05 6.38 6.99 8.66 8.31 8.34 9.01 9.48 8.48 7.77 8.75 7.60 6.71 10.67 9.35 8.88 9.11 11.37 9.75 8.76 6.77 8.33 9.20 8.85 8.34 7.66 8.28 9.16 10.75 -9999 -9999 -9999 -9999 -9999 -9999 -9999 -9999 -9999 -9999 -9999 -9999 -9999 -9999 -9999 -9999 -9999 -9999 -9999 -9999 -9999 -9999 -9999 -9999 -9999 -9999 -9999 -9999 -9999
-9999 13.90 11.74 9.42 12.56 10.81 12.32 10.25 9.10 8.00 8.31 9.79 14.97 11.80 10.68 8.47 8.31 8.50 8.17 8.63 9.45 7.63 9.07 8.04 8.45 8.15 8.15 8.01 7.80 7.39 7.55 8.30 7.09 5.63 6.85 7.70 7.97 8.89 8.86 5.52 6.97 10.14 9.21 7.65 7.85 7.45 7.94 7.42 8.68 10.35 -9999 -9999 -9999 -9999 -9999 -9999 -9999 -9999 -9999 -9999 -9999 -9999 -9999 -9999 -9999 -9999 -9999 -9999 -9999 -9999 -9999 -9999 -9999 -9999 -9999 -9999 -9999 -9999
-9999 14.09 11.96 8.39 11.85 9.65 10.71 9.69 8.99 8.91 7.62 11.70 11.64 10.79 12.76 9.33 8.21 8.12 7.01 9.52 14.16 10.01 -9999 -9999 -9999 8.51 8.15 -9999 7.39 7.49 7.68 7.02 6.03 6.63 8.08 6.90 7.15 8.83 8.10 9.47 9.00 6.52 5.46 5.79 6.26 6.75 4.50 5.58 6.43 8.82 -9999 -9999 -9999 -9999 -9999 -9999 -9999 -9999 -9999 -9999 -9999 -9999 -9999 -9999 -9999 -9999 -9999 -9999 -9999 -9999 -9999 -9999 -9999 -9999 -9999 -9999 -9999 -9999
-9999 12.78 14.51 10.12 10.05 10.77 11.65 10.89 9.74 8.88 8.28 9.39 15.82 11.91 12.37 9.09 8.61 10.71 7.82 9.32 10.61 11.04 -9999 -9999 -9999 8.70 7.68 7.65 7.69 7.14 6.84 5.93 7.45 10.23 10.44 7.95 11.64 8.18 7.86 10.83 7.68 8.31 8.29 7.95 5.07 5.95 7.22 5.48 4.82 7.25 -9999 -9999 -9999 -9999 -9999 -9999 -9999 -9999 -9999 -9999 -9999 -9999 -9999 -9999 -9999 -9999 -9999 -9999 -9999 -9999 -9999 -9999 -9999 -9999 -9999 -9999 -9999 -9999
-9999 -9999 13.87 13.51 11.33 -9999 12.91 12.65 11.00 9.85 9.13 -9999 12.07 10.37 11.27 8.75 10.20 11.34 10.21 10.86 -9999 -9999 -9999 -9999 10.00 7.85 6.95 6.82 7.62 7.82 6.88 6.52 6.94 11.48 15.78 7.83 13.50 9.20 11.11 12.44 9.30 10.71 8.25 5.98 7.18 6.84 5.07 2.70 3.82 7.19 8.87 -9999 -9999 -9999 -9999 -9999 -9999 -9999 -9999 -9999 -9999 -9999 -9999 -9999 -9999 -9999 -9999 -9999 -9999 -9999 -9999 -9999 -9999 -9999 -9999 -9999 -9999 -9999
