ML/MeanWindSpeed_1998-10_Actual.txt
ncols         180
nrows         290
xllcorner     -200000
yllcorner     -200000
cellsize      5000
NODATA_value  -9999
[rows 175 to 209 of 290, columns 77 to 153 of 180]
-9999 -9999 -9999 -9999 -9999 -9999 -9999 -9999 -9999 17.19 15.75 14.23 12.95 11.47 8.44 6.34 11.94 19.52 9.89 13.43 13.41 12.64 10.72 8.30 9.13 11.32 12.62 10.70 9.00 9.86 11.22 10.71 10.77 11.66 10.44 9.87 9.29 9.31 9.27 8.98 8.88 8.89 14.15 14.87 13.10 13.58 11.46 11.26 12.76 12.50 10.67 10.44 11.59 10.99 10.39 11.03 10.50 11.50 10.97 10.79 10.53 10.45 11.70 10.60 10.63 10.96 11.04 11.70 12.27 12.41 12.66 13.09 12.05 14.49 17.43 -9999 -9999
-9999 -9999 -9999 -9999 -9999 -9999 -9999 -9999 -9999 -9999 18.18 14.83 11.85 8.57 6.71 7.85 22.06 15.48 7.40 13.54 9.20 12.63 12.28 8.79 7.60 14.53 11.39 11.56 10.39 9.53 10.03 10.20 9.39 10.30 10.66 10.24 9.72 9.18 9.28 8.84 8.42 10.62 12.38 15.99 13.61 14.60 13.57 9.37 12.04 14.14 11.23 11.31 11.86 11.02 10.84 11.02 10.76 11.81 10.96 10.66 10.83 10.56 11.22 11.06 10.82 11.00 11.16 11.54 12.27 13.59 12.50 11.80 11.87 13.97 16.97 -9999 -9999
-9999 -9999 -9999 -9999 -9999 -9999 -9999 -9999 -9999 -9999 -9999 14.91 10.62 8.80 9.65 19.92 22.89 15.71 11.34 11.26 12.32 13.88 14.06 13.46 9.68 9.14 14.30 10.88 10.18 10.37 9.83 9.85 9.72 9.71 10.18 9.71 9.19 9.28 9.17 8.85 9.13 10.57 13.24 14.35 11.96 12.44 14.27 12.07 9.72 14.44 11.81 11.81 12.38 11.44 11.33 11.06 11.43 12.03 11.21 10.87 10.88 10.33 11.69 11.16 11.10 11.31 11.43 11.95 12.01 12.14 11.81 11.73 12.14 14.57 17.32 -9999 -9999
-9999 -9999 -9999 -9999 -9999 -9999 -9999 -9999 -9999 -9999 -9999 13.56 10.65 11.68 13.86 16.46 20.30 12.15 7.73 10.41 13.52 14.28 15.48 13.63 10.23 7.73 14.47 13.47 11.20 11.18 9.74 9.58 9.73 10.60 10.21 9.79 9.41 8.83 8.53 8.92 11.12 11.29 9.99 15.07 12.35 13.15 15.02 14.59 12.62 12.15 11.68 10.68 12.29 12.87 11.64 11.32 11.01 11.48 11.05 11.30 11.09 10.79 11.32 12.21 11.98 12.07 11.90 11.96 11.90 11.70 11.64 12.29 13.74 16.01 -9999 -9999 -9999
-9999 -9999 -9999 -9999 -9999 -9999 -9999 -9999 -9999 -9999 -9999 12.22 11.46 12.34 12.46 18.04 16.00 10.96 10.48 8.56 10.87 14.40 13.31 16.05 12.45 8.14 13.31 14.55 14.10 11.14 10.19 9.26 10.00 11.08 10.66 9.76 9.07 8.56 8.85 10.41 11.05 9.65 9.75 13.31 13.08 13.01 13.15 12.44 12.66 13.81 10.63 11.65 12.14 11.82 12.08 11.41 12.05 10.97 11.08 11.31 11.33 11.65 13.82 13.21 12.62 12.31 12.21 12.08 11.91 11.76 11.97 13.58 15.70 -9999 -9999 -9999 -9999
-9999 -9999 -9999 -9999 -9999 -9999 -9999 -9999 -9999 -9999 14.14 20.89 13.05 14.42 16.54 11.67 20.96 17.02 13.99 12.11 15.78 13.20 13.82 12.11 9.01 10.06 15.01 14.06 13.94 10.97 9.62 8.81 10.45 10.71 10.13 9.68 8.83 8.60 10.06 10.09 9.89 10.89 11.89 10.26 15.12 14.32 11.61 12.62 12.03 11.54 11.57 10.84 11.10 11.44 12.38 11.60 10.69 11.96 11.05 11.22 11.58 12.08 13.82 13.14 12.64 12.51 12.18 12.07 11.71 11.62 13.01 15.08 -9999 -9999 -9999 -9999 -9999
-9999 -9999 -9999 -9999 -9999 -9999 -9999 -9999 15.21 14.25 17.59 15.37 13.12 14.16 15.15 9.72 10.70 12.78 15.10 14.13 16.37 14.49 13.96 7.75 9.63 10.00 8.65 10.21 10.24 11.10 9.97 9.22 10.40 10.81 10.53 9.64 9.44 10.41 9.77 10.60 9.85 11.33 11.97 11.96 11.33 10.66 12.50 12.31 11.93 11.97 11.97 11.78 10.69 11.69 11.37 10.44 10.46 10.79 10.82 11.12 11.18 12.00 13.64 12.93 12.26 12.32 11.95 11.77 11.49 12.05 13.80 -9999 -9999 -9999 -9999 -9999 17.35
-9999 -9999 -9999 -9999 -9999 -9999 -9999 15.38 14.60 14.39 14.88 14.68 14.63 13.80 10.94 8.17 9.77 12.02 13.56 20.11 11.91 8.99 8.05 5.11 12.08 14.31 14.40 11.71 10.67 11.14 10.69 10.18 10.63 11.27 10.62 10.19 10.01 10.59 10.96 9.67 9.70 11.62 11.75 11.36 10.99 11.15 11.67 10.96 11.66 10.77 10.91 11.64 11.14 10.65 10.06 10.10 10.79 10.40 10.39 10.72 11.11 11.81 13.75 13.09 12.19 11.93 11.65 11.51 11.39 11.96 13.40 -9999 -9999 -9999 -9999 -9999 15.53
-9999 -9999 -9999 -9999 -9999 -9999 16.47 16.63 15.40 15.43 -9999 -9999 -9999 -9999 11.36 15.08 12.80 13.46 15.40 12.04 8.95 11.33 10.13 8.55 18.68 17.13 14.75 15.52 12.51 10.43 10.82 10.89 10.50 10.69 10.61 10.22 10.67 10.10 11.34 9.90 9.80 10.51 11.06 11.31 11.16 10.15 10.42 10.66 10.67 10.20 10.14 10.11 10.11 10.10 10.23 10.53 10.33 10.15 10.84 11.54 11.78 11.99 13.09 12.85 12.56 11.71 11.49 11.30 11.10 11.34 12.49 14.62 -9999 -9999 -9999 -9999 14.09
-9999 -9999 -9999 -9999 -9999 -9999 18.12 19.23 15.97 16.77 -9999 -9999 -9999 -9999 11.83 13.75 15.19 10.06 14.49 12.73 11.02 13.28 14.86 11.80 16.62 10.48 12.21 12.71 11.60 10.34 10.54 10.88 10.71 10.96 11.50 10.44 10.99 10.62 10.57 10.98 9.90 10.30 9.59 10.44 11.54 12.00 12.03 10.52 9.91 9.73 9.70 10.23 9.66 10.11 10.70 10.84 11.49 10.77 12.73 12.86 13.10 12.31 12.86 12.70 12.39 11.52 11.47 11.29 11.00 10.93 11.19 12.57 13.89 -9999 -9999 14.65 13.67
-9999 -9999 -9999 -9999 -9999 -9999 -9999 -9999 -9999 -9999 -9999 -9999 -9999 -9999 13.06 16.30 13.17 8.88 11.32 9.43 15.42 13.72 9.25 13.38 13.36 11.79 12.60 11.09 10.19 9.33 10.79 10.73 11.09 10.86 10.41 10.18 10.04 9.92 10.16 10.65 9.96 9.78 9.89 10.11 10.06 11.16 11.47 9.58 10.85 11.81 10.52 10.37 9.93 9.37 10.69 11.76 12.60 12.15 11.75 12.46 13.36 12.84 13.22 12.76 12.44 11.42 11.44 11.33 11.12 10.88 10.52 10.90 11.85 13.12 13.65 13.13 12.94
-9999 -9999 -9999 -9999 -9999 -9999 -9999 -9999 -9999 -9999 -9999 -9999 -9999 -9999 -9999 16.63 7.31 7.09 11.25 15.66 13.49 14.42 13.71 9.69 10.95 12.32 8.99 9.27 8.47 8.77 9.54 10.26 10.56 10.72 10.39 9.77 9.49 9.95 9.97 10.46 10.16 9.68 11.69 10.96 9.85 9.94 10.04 10.14 9.97 11.10 11.32 10.64 11.76 10.30 10.40 11.28 10.74 11.11 11.52 11.79 13.35 13.34 12.94 12.27 12.39 11.46 11.46 11.33 11.09 10.95 10.89 10.93 10.96 11.58 11.99 12.01 11.89
-9999 -9999 -9999 -9999 -9999 -9999 -9999 -9999 -9999 -9999 -9999 -9999 -9999 -9999 -9999 12.44 15.73 16.14 14.00 12.28 10.68 12.49 9.71 9.59 8.35 7.94 10.61 8.63 8.24 10.21 9.73 9.77 10.03 9.55 9.56 10.02 9.85 11.22 11.17 10.68 10.04 9.49 11.44 12.23 10.81 9.81 9.57 9.91 10.00 10.19 10.60 11.27 13.57 12.30 10.62 10.36 10.67 11.72 13.02 13.40 13.12 13.71 13.08 12.23 11.78 11.45 11.49 11.36 11.33 11.21 11.16 11.20 11.25 11.45 11.65 11.92 11.93
-9999 -9999 -9999 -9999 -9999 -9999 -9999 -9999 -9999 -9999 -9999 -9999 -9999 -9999 15.42 13.98 10.59 18.39 12.08 9.50 11.34 10.87 9.20 12.14 8.99 8.74 11.57 8.04 14.37 10.63 8.53 8.98 10.75 9.40 9.12 12.11 12.02 11.46 10.30 10.60 10.32 9.81 10.71 11.24 10.70 9.90 9.73 9.63 9.69 10.35 10.33 11.61 11.65 11.19 10.73 10.48 11.20 12.28 13.51 13.74 12.88 13.03 12.63 12.12 11.78 11.51 11.46 11.49 11.49 11.40 11.30 11.32 11.40 11.37 11.54 12.20 12.21
-9999 -9999 -9999 -9999 -9999 -9999 -9999 -9999 -9999 -9999 -9999 -9999 -9999 -9999 14.10 14.34 18.63 10.99 5.94 7.63 7.94 10.23 13.26 13.00 10.01 9.65 9.88 8.01 9.27 10.41 11.50 11.22 9.60 9.80 9.71 10.30 11.31 10.37 10.12 10.80 10.55 10.75 11.24 10.90 10.93 10.41 9.93 9.67 9.34 9.62 10.07 11.14 11.68 11.14 10.04 10.49 11.94 13.55 13.09 13.84 13.70 12.85 12.02 12.64 11.74 11.82 11.57 11.61 11.43 11.41 11.37 11.28 11.28 11.34 11.42 12.38 12.18
-9999 -9999 -9999 -9999 -9999 -9999 -9999 -9999 -9999 -9999 -9999 -9999 -9999 -9999 15.39 16.78 8.62 9.20 7.04 8.05 8.90 14.85 13.06 14.17 10.69 9.53 7.68 6.76 8.33 12.36 14.41 15.65 10.59 12.13 10.36 10.63 11.04 9.68 9.80 10.35 10.77 11.01 10.36 10.53 11.86 10.91 9.81 9.56 10.57 9.29 10.06 10.61 10.60 10.11 9.82 10.62 11.54 12.38 12.66 12.60 11.82 11.73 12.15 12.41 11.23 11.11 11.46 11.48 11.40 11.24 11.06 11.12 11.18 11.25 11.40 11.80 11.68
-9999 -9999 -9999 -9999 -9999 -9999 -9999 -9999 -9999 -9999 -9999 -9999 -9999 -9999 -9999 11.20 11.55 12.51 13.68 14.29 12.22 13.17 11.33 7.84 7.39 6.81 7.98 8.44 8.26 10.48 11.55 15.08 12.56 11.08 10.11 11.67 11.72 9.61 10.56 9.85 10.26 12.42 10.39 10.24 10.26 10.39 9.41 9.11 10.76 10.36 9.93 10.62 10.25 10.00 10.39 11.30 11.12 11.34 11.09 11.86 11.11 12.27 12.34 11.38 11.00 11.50 11.43 11.07 10.98 10.84 10.87 10.98 11.06 11.17 11.28 11.45 11.58
-9999 -9999 -9999 -9999 -9999 -9999 -9999 -9999 -9999 -9999 -9999 -9999 -9999 -9999 -9999 12.28 12.67 13.03 14.47 16.84 15.58 12.12 9.32 7.48 9.12 11.33 13.29 15.31 12.18 10.42 11.75 13.18 12.46 10.26 12.91 11.84 11.95 10.43 11.38 10.40 10.11 10.64 11.75 11.31 10.68 10.23 9.53 9.07 10.44 10.45 10.18 10.35 10.77 10.99 11.26 11.68 10.96 10.85 12.15 12.27 12.26 11.94 12.24 11.22 11.38 11.87 10.84 10.59 10.55 10.55 10.77 10.86 10.92 11.08 11.23 11.45 11.56
-9999 -9999 -9999 -9999 -9999 -9999 -9999 -9999 -9999 -9999 -9999 -9999 -9999 -9999 13.22 10.18 10.98 13.76 14.50 13.22 12.82 10.62 11.65 16.34 13.27 13.54 13.45 11.55 10.70 11.82 12.94 11.45 10.64 11.48 13.18 12.90 12.15 10.33 11.67 10.14 10.17 11.75 10.87 11.20 11.29 10.64 10.34 9.69 10.73 10.73 9.97 10.31 10.37 10.32 11.18 10.80 11.94 11.44 12.10 11.32 11.74 11.94 11.00 10.67 11.51 11.40 10.39 10.28 10.61 10.49 10.77 10.89 11.08 11.15 11.20 11.35 11.38
-9999 -9999 -9999 -9999 -9999 -9999 -9999 -9999 -9999 -9999 -9999 -9999 -9999 -9999 14.67 11.52 10.39 10.65 12.44 16.13 15.34 13.85 12.23 13.11 14.96 16.16 15.73 11.68 14.07 15.25 11.27 13.77 9.84 10.96 13.03 14.89 11.03 11.25 10.10 9.59 9.96 10.89 13.70 11.89 11.75 11.18 10.75 10.50 10.82 10.52 9.96 10.18 10.16 10.07 10.06 11.47 12.02 12.00 12.53 11.41 10.95 10.91 10.30 10.55 11.11 10.90 10.44 10.79 10.64 11.10 10.82 10.97 11.35 11.43 11.22 11.19 11.19
-9999 -9999 -9999 -9999 -9999 -9999 -9999 -9999 -9999 -9999 -9999 -9999 -9999 -9999 12.62 10.85 7.63 8.98 11.80 16.38 14.25 14.59 12.31 15.01 14.48 12.63 12.92 13.83 13.90 12.32 11.04 11.73 14.53 10.79 10.90 11.05 10.87 12.38 11.02 9.60 9.92 10.87 11.42 11.15 12.05 11.57 10.97 10.99 10.37 9.73 10.17 10.40 10.49 9.85 10.52 12.00 12.08 11.17 11.29 12.01 10.83 10.87 9.67 10.54 10.77 10.12 10.17 10.44 9.91 10.31 10.44 10.76 11.06 11.04 10.98 10.95 10.96
-9999 -9999 -9999 -9999 -9999 -9999 -9999 -9999 -9999 -9999 -9999 -9999 -9999 12.83 12.83 14.13 10.73 8.22 12.41 14.04 16.25 16.39 11.52 12.47 11.41 12.57 13.84 12.17 12.31 14.44 12.84 12.11 11.65 10.50 9.75 10.08 11.05 11.09 10.80 10.47 9.97 10.02 10.99 11.26 10.60 11.08 10.65 11.23 10.32 9.97 9.99 9.59 9.41 9.67 10.98 11.12 11.34 10.62 11.36 11.29 10.66 9.67 10.39 10.39 10.47 10.76 10.46 10.07 9.97 9.94 10.32 10.66 10.71 10.71 10.57 10.45 10.72
-9999 -9999 -9999 -9999 -9999 -9999 -9999 -9999 -9999 -9999 -9999 -9999 14.29 13.34 13.40 10.81 8.32 11.45 15.43 16.44 14.63 16.71 12.69 14.12 12.15 11.04 17.42 12.77 13.93 12.09 12.18 10.76 10.56 10.75 11.80 10.66 12.60 10.96 11.35 9.96 9.72 10.02 10.54 10.84 10.52 10.70 10.96 10.99 9.45 9.89 9.68 9.82 9.93 10.22 10.90 10.29 11.15 10.59 10.76 9.84 9.59 10.62 10.93 10.43 10.62 10.54 9.72 10.21 10.29 10.41 10.58 10.44 10.32 10.12 10.30 10.33 11.25
-9999 -9999 -9999 -9999 -9999 -9999 -9999 -9999 -9999 -9999 16.67 14.23 12.30 10.12 9.50 9.68 9.57 13.17 15.27 17.16 18.92 16.70 13.76 9.86 12.82 11.90 16.12 13.59 12.82 12.99 11.34 10.80 9.82 10.95 12.82 12.01 12.01 9.76 10.06 10.02 10.02 10.73 10.47 10.88 10.18 10.29 10.43 9.67 9.36 9.54 10.27 10.05 10.97 11.57 11.07 10.56 10.05 9.77 10.52 10.91 10.44 10.56 9.64 10.55 10.65 9.95 9.27 9.46 10.54 10.56 10.75 10.02 9.83 9.67 9.99 11.15 11.84
-9999 -9999 -9999 -9999 -9999 -9999 17.37 16.23 14.50 17.32 16.61 15.86 15.14 11.91 10.70 9.98 15.04 13.73 16.68 16.90 16.37 12.57 10.74 8.76 10.90 11.20 18.42 16.38 13.41 11.22 11.82 11.16 12.83 10.17 12.15 12.39 11.84 10.73 9.80 9.62 10.66 10.08 9.47 11.04 9.93 9.64 9.07 9.42 9.96 10.32 9.41 10.51 10.25 10.64 11.53 11.23 10.82 10.50 11.00 10.90 10.37 9.83 10.58 9.61 9.45 9.31 9.14 10.05 10.46 10.61 9.99 9.39 9.53 9.87 11.11 11.47 11.31
-9999 -9999 -9999 -9999 -9999 17.81 14.84 15.16 14.13 13.19 14.76 13.89 13.82 10.97 9.52 13.48 14.49 15.69 12.68 18.03 13.39 10.39 15.37 11.99 8.97 17.14 15.28 12.87 8.28 9.04 10.33 13.77 10.72 10.23 10.37 10.51 12.25 11.48 11.23 10.03 10.28 9.57 9.32 10.43 9.69 8.81 8.84 9.49 10.22 9.86 11.79 10.14 10.04 10.48 11.19 10.48 10.31 9.86 9.99 10.45 10.14 10.62 9.84 9.23 9.35 9.64 9.21 9.62 9.74 9.16 8.98 8.95 9.25 9.75 10.46 11.60 11.81
-9999 -9999 -9999 -9999 16.37 15.47 12.03 11.47 11.72 12.69 12.31 12.90 11.56 11.79 16.24 13.50 12.50 16.70 10.54 13.00 12.50 15.66 14.77 15.60 13.42 13.55 11.48 7.22 12.44 13.01 9.88 10.66 10.08 9.85 10.60 9.99 10.34 11.97 12.17 9.77 9.48 9.46 9.78 9.15 8.20 8.24 11.24 9.62 9.48 10.05 10.97 10.51 10.10 10.67 11.15 11.00 11.38 10.62 9.66 9.45 9.38 10.21 9.67 9.09 9.98 9.82 9.28 9.43 9.22 8.92 9.15 9.25 9.47 10.02 10.42 11.57 11.14
15.67 17.17 14.56 15.92 12.90 12.55 13.21 12.28 11.76 14.07 12.94 12.97 12.58 15.31 14.72 13.07 14.45 13.81 11.01 10.49 14.26 14.86 13.23 13.50 15.43 12.00 7.87 12.27 14.08 12.05 12.71 10.23 10.50 9.81 10.39 12.44 10.36 12.79 10.84 9.60 9.29 9.48 10.73 7.93 8.20 12.40 9.99 9.75 9.73 10.33 11.42 10.15 10.27 10.63 10.28 10.76 10.63 9.93 9.35 9.55 9.13 9.55 9.79 9.63 9.13 8.77 8.73 8.80 9.28 10.72 9.97 10.81 10.24 9.39 11.07 11.38 11.80
14.74 13.04 12.38 15.27 18.50 17.29 16.58 13.12 14.34 16.11 14.70 14.19 16.29 14.43 13.71 15.95 12.27 9.27 9.42 9.71 13.05 13.14 12.43 11.56 11.32 9.94 11.40 20.72 16.32 12.83 10.39 10.99 10.46 12.24 10.61 11.05 9.97 10.32 10.34 10.02 9.32 8.98 8.61 7.76 11.50 12.51 11.90 10.56 10.14 12.80 11.23 10.32 10.52 10.11 10.84 10.65 10.20 9.14 10.01 9.48 8.82 10.62 10.25 8.88 8.65 8.62 8.58 9.26 10.38 10.78 10.47 10.91 10.12 9.72 10.94 11.66 11.43
14.29 11.77 12.37 13.96 14.61 13.95 12.55 14.58 13.32 15.26 11.83 13.08 15.70 14.74 12.54 13.26 9.06 7.97 11.43 12.75 11.78 10.17 12.09 8.65 7.77 7.76 13.44 17.79 18.57 11.08 11.68 11.92 12.19 11.21 9.67 10.90 10.25 10.58 10.00 10.01 8.54 7.95 8.88 8.85 12.04 12.36 11.88 10.55 11.31 12.89 12.00 11.27 10.60 10.76 10.53 9.88 9.32 9.14 9.52 9.87 9.44 9.29 9.08 8.70 9.89 10.61 9.10 9.48 10.49 10.88 10.25 10.60 10.33 10.16 10.50 11.16 11.76
13.16 12.95 12.01 13.04 12.77 13.21 12.29 12.38 13.80 12.34 12.93 11.24 11.00 10.72 10.16 9.50 11.38 10.06 14.38 21.25 12.04 12.02 12.18 16.59 15.76 7.12 7.57 19.51 15.49 13.15 13.59 14.68 12.27 9.74 8.73 11.20 11.79 10.66 9.73 8.95 7.93 7.55 9.10 12.25 13.14 12.23 11.74 11.27 11.00 10.87 11.71 10.75 10.42 10.04 9.47 8.94 8.71 9.59 9.32 9.03 8.98 8.15 8.46 9.51 9.53 10.33 9.65 9.74 9.90 10.15 10.58 10.58 10.30 10.13 10.35 10.90 11.12
15.43 12.32 11.57 12.79 11.70 12.08 12.00 12.07 11.06 11.01 11.79 10.72 12.12 10.61 12.99 9.30 12.36 14.96 15.47 17.00 17.57 14.39 16.36 18.37 12.35 14.15 12.67 8.04 14.17 14.58 10.96 11.46 9.29 10.86 10.56 13.96 13.18 10.61 9.57 8.38 7.69 8.88 12.52 11.53 13.72 12.32 12.00 12.69 11.31 12.12 10.34 10.38 9.75 9.33 8.94 9.04 8.82 8.66 8.17 7.85 7.47 7.95 9.51 10.69 10.21 9.53 10.16 9.49 10.45 9.66 9.58 9.62 9.63 9.81 10.09 10.85 10.68
15.24 13.19 11.75 11.34 12.84 14.17 16.19 14.76 12.90 11.72 10.61 10.87 13.81 10.70 12.18 9.00 11.53 12.58 12.01 10.73 13.03 11.80 14.98 15.52 17.36 14.56 15.31 13.79 18.53 12.48 11.19 10.51 11.15 10.31 13.27 13.19 13.74 10.03 9.08 8.04 11.77 12.56 12.66 13.50 11.74 12.39 12.63 12.11 10.20 9.93 9.96 9.59 9.24 9.15 8.90 9.31 9.01 8.77 7.66 6.70 6.91 8.45 10.96 9.59 10.20 10.22 9.56 9.19 9.28 9.06 9.24 9.52 9.01 9.60 9.86 10.13 10.52
15.35 13.83 12.32 11.75 12.05 14.31 14.93 15.76 14.54 13.31 12.15 11.28 11.67 14.28 10.33 14.65 13.96 14.28 15.35 13.00 9.91 10.09 12.77 12.24 14.65 14.31 12.33 16.51 16.51 10.81 11.71 9.06 9.73 11.92 13.20 13.04 12.04 9.60 8.44 9.97 9.61 12.01 12.17 11.66 12.07 11.72 11.08 10.37 9.04 8.70 8.82 8.91 10.60 9.18 9.90 9.00 8.28 6.80 5.96 6.10 7.53 9.98 10.54 10.43 10.54 10.03 9.32 9.26 9.68 10.19 8.73 9.49 10.26 9.54 9.37 9.98 9.33
15.42 14.14 13.31 13.93 15.20 16.99 -9999 -9999 -9999 -9999 14.28 13.19 13.58 10.96 9.75 11.57 12.25 12.06 11.00 6.86 16.32 16.69 11.77 10.88 11.62 13.74 14.72 16.28 12.94 11.18 9.82 8.71 13.38 12.45 14.66 11.40 10.65 9.56 8.86 11.11 9.83 12.04 12.01 11.10 11.15 10.68 9.98 9.06 8.48 8.34 8.57 8.78 10.20 9.47 9.93 9.72 8.31 6.74 5.78 7.32 7.60 9.66 10.96 11.12 9.49 9.10 8.66 9.64 10.01 9.81 8.49 9.25 10.00 9.79 9.32 10.11 9.69
