ML/MeanWindSpeed_1997-03_Actual.txt
ncols         180
nrows         290
xllcorner     -200000
yllcorner     -200000
cellsize      5000
NODATA_value  -9999
[rows 210 to 244 of 290, columns 78 to 155 of 180]
12.75 13.14 11.50 13.37 12.87 -9999 -9999 -9999 -9999 -9999 -9999 -9999 8.31 8.49 9.56 8.40 8.81 9.37 11.43 13.55 16.09 15.17 12.98 11.09 10.68 9.45 12.45 12.58 8.71 7.51 11.59 11.43 12.22 8.63 7.86 7.86 7.54 8.67 9.22 8.72 8.82 8.39 7.97 7.70 7.38 6.99 6.79 6.47 7.08 6.57 6.63 6.67 6.71 6.86 6.51 6.82 7.29 6.30 5.19 6.67 7.26 7.07 6.83 6.24 6.47 7.45 7.97 7.53 6.92 6.82 8.07 7.04 7.40 8.39 7.64 7.52 7.36 6.35
-9999 12.81 -9999 -9999 -9999 -9999 -9999 -9999 -9999 -9999 12.44 11.07 10.79 12.04 11.18 9.81 8.90 9.57 10.01 12.56 14.13 13.56 9.43 9.14 13.03 11.54 11.26 9.18 8.13 7.89 10.65 10.39 9.98 8.37 8.09 8.14 6.83 9.90 9.98 8.49 8.48 7.99 7.82 7.63 7.27 7.68 6.99 6.98 6.31 6.28 6.33 6.52 6.49 6.89 6.28 7.64 8.84 6.41 6.47 4.79 6.86 6.85 6.64 8.15 7.99 7.95 8.32 7.39 6.60 6.69 6.65 7.33 7.96 7.23 7.73 7.39 6.47 6.02
-9999 -9999 -9999 -9999 -9999 -9999 -9999 -9999 -9999 -9999 13.60 13.15 11.15 12.42 12.83 -9999 -9999 9.43 12.75 8.12 9.97 9.66 9.85 10.79 12.46 9.54 8.84 9.24 9.05 9.70 9.91 9.71 9.05 8.60 9.23 7.72 7.90 9.80 8.42 7.90 7.61 7.72 8.20 7.94 7.32 7.29 6.65 6.68 7.24 7.74 7.31 7.82 6.57 6.20 7.13 9.53 7.27 6.74 5.93 4.65 6.83 7.04 7.54 8.19 8.08 7.48 7.10 8.36 6.93 6.65 6.49 6.54 6.72 6.49 6.14 7.53 6.65 6.90
-9999 -9999 -9999 -9999 -9999 -9999 -9999 -9999 -9999 -9999 -9999 -9999 -9999 -9999 -9999 -9999 -9999 10.72 9.88 9.88 8.85 7.88 8.00 8.65 9.87 9.58 9.66 10.17 10.78 11.19 10.80 -9999 9.13 8.64 8.29 7.64 7.99 9.48 8.36 8.32 7.68 6.95 6.88 7.76 7.02 7.21 8.41 8.53 8.20 9.01 9.79 8.23 7.72 7.39 7.50 8.62 7.03 6.71 6.43 5.80 5.98 6.30 7.16 8.16 7.67 6.89 6.82 6.78 6.51 6.36 6.20 6.20 6.25 6.43 6.47 6.74 6.62 6.86
-9999 -9999 -9999 -9999 -9999 -9999 -9999 -9999 -9999 -9999 -9999 -9999 -9999 -9999 -9999 -9999 -9999 -9999 10.70 9.61 8.61 8.84 9.61 8.59 8.77 9.40 10.63 -9999 -9999 -9999 -9999 10.18 8.92 8.55 7.85 7.53 8.08 9.56 8.49 8.64 7.79 6.64 7.47 7.14 8.64 8.22 10.16 8.69 8.82 8.36 8.68 8.37 7.52 8.26 6.35 6.87 7.21 5.80 5.98 5.66 5.60 5.61 5.31 5.19 5.76 5.77 5.84 5.80 5.86 5.75 7.02 7.27 6.08 6.08 6.20 6.39 6.64 7.38
-9999 -9999 -9999 -9999 -9999 -9999 -9999 -9999 -9999 -9999 -9999 -9999 -9999 -9999 -9999 -9999 -9999 -9999 -9999 10.54 11.63 10.46 9.58 10.32 10.35 11.14 -9999 -9999 -9999 -9999 11.04 10.67 10.36 7.26 6.89 7.00 9.32 9.83 9.21 8.42 7.15 7.04 6.82 8.42 9.94 8.95 9.05 8.34 8.44 8.12 7.05 7.52 7.45 6.95 6.77 6.71 6.55 6.01 6.07 6.54 6.72 6.66 5.26 5.13 5.30 5.33 6.00 5.88 6.13 5.57 6.34 6.23 6.14 7.06 6.13 6.95 7.06 7.49
-9999 -9999 -9999 -9999 -9999 -9999 -9999 -9999 -9999 -9999 -9999 -9999 -9999 -9999 -9999 -9999 -9999 -9999 -9999 -9999 11.33 11.38 10.63 11.43 10.94 12.53 -9999 -9999 -9999 10.50 8.66 7.98 9.61 9.07 8.17 6.90 8.27 7.46 9.15 8.28 6.59 7.85 8.84 8.85 8.50 9.29 8.38 7.90 7.56 6.93 6.74 6.59 6.72 7.22 6.88 6.36 6.36 6.47 6.50 7.18 6.75 6.62 6.00 5.32 5.41 5.25 5.27 5.25 5.64 5.60 5.82 5.75 6.69 6.99 7.31 7.10 6.04 7.66
-9999 -9999 -9999 -9999 -9999 -9999 -9999 -9999 -9999 -9999 -9999 -9999 -9999 -9999 -9999 -9999 -9999 -9999 -9999 -9999 -9999 -9999 -9999 -9999 -9999 -9999 -9999 -9999 12.82 9.44 7.83 7.40 9.08 7.33 8.03 8.73 8.50 8.39 8.56 6.92 6.52 6.90 7.94 7.83 8.20 8.29 8.48 8.19 7.95 9.45 7.69 7.69 6.94 7.39 7.36 6.57 6.64 6.30 6.75 7.45 6.69 6.00 5.69 5.51 5.36 5.91 5.48 5.98 5.61 6.68 7.17 6.72 5.61 8.23 8.97 7.41 6.00 8.65
-9999 -9999 -9999 -9999 -9999 -9999 -9999 -9999 -9999 -9999 -9999 -9999 -9999 -9999 -9999 -9999 -9999 -9999 -9999 -9999 -9999 -9999 -9999 -9999 -9999 -9999 -9999 -9999 10.48 9.69 8.29 13.30 11.17 7.47 8.00 8.64 8.96 9.25 7.43 6.91 6.72 6.65 7.88 7.65 7.47 9.22 9.00 10.18 8.71 8.89 10.06 8.25 7.56 7.30 6.69 6.55 6.38 6.35 6.78 6.73 6.82 6.17 5.58 5.34 5.15 5.70 7.54 6.78 7.44 7.81 8.76 7.19 5.95 7.15 7.44 6.14 5.48 6.15
-9999 -9999 -9999 -9999 -9999 -9999 -9999 -9999 -9999 -9999 -9999 -9999 -9999 -9999 -9999 -9999 -9999 -9999 -9999 -9999 -9999 -9999 -9999 -9999 -9999 -9999 -9999 -9999 10.03 7.91 6.76 8.94 12.45 11.06 9.88 8.66 9.84 7.96 7.47 6.93 8.70 8.79 9.42 8.88 7.98 8.09 8.01 8.47 8.94 8.94 8.01 7.83 7.68 7.52 6.82 6.53 6.57 6.63 7.15 6.85 6.54 5.80 5.66 6.43 7.20 6.54 7.49 6.91 6.63 6.68 7.51 9.28 8.82 6.46 6.22 6.69 6.88 6.62
-9999 -9999 -9999 -9999 -9999 -9999 -9999 -9999 -9999 -9999 -9999 12.24 12.60 10.24 15.02 14.00 13.51 13.30 15.27 7.51 13.59 9.14 -9999 -9999 -9999 -9999 -9999 -9999 9.43 8.21 7.70 6.53 7.61 9.78 11.20 10.35 8.83 7.83 7.70 8.44 9.71 8.91 8.09 8.12 7.70 7.61 8.04 7.67 7.30 7.10 7.54 6.94 7.61 8.07 8.76 7.57 7.06 7.62 7.48 6.69 7.26 6.09 5.64 6.99 7.99 6.71 6.18 6.49 6.22 5.83 5.59 5.90 5.77 5.18 5.03 5.05 5.10 4.96
-9999 -9999 -9999 -9999 -9999 -9999 -9999 -9999 -9999 -9999 -9999 14.50 13.72 13.39 10.71 12.71 14.25 12.92 13.20 13.42 10.34 8.89 7.73 9.38 12.59 10.69 9.89 9.00 8.72 8.07 7.58 6.95 6.28 6.81 9.51 9.50 8.44 7.48 10.48 8.75 7.63 8.21 8.67 7.80 7.69 8.38 8.05 8.14 7.75 7.59 6.38 6.67 7.30 7.46 7.43 8.10 8.41 6.92 6.55 6.02 5.75 6.71 5.74 9.67 7.84 7.40 6.73 6.22 6.28 5.89 6.62 6.53 5.08 6.62 6.04 6.63 5.21 5.34
-9999 -9999 -9999 -9999 -9999 -9999 -9999 -9999 -9999 -9999 12.48 11.28 10.65 9.87 8.49 10.76 13.39 12.40 11.04 11.11 11.21 9.93 8.52 8.49 10.22 11.91 9.16 8.58 8.02 8.06 8.87 7.29 6.98 8.26 8.15 7.82 8.11 10.54 8.58 9.80 8.99 8.15 7.24 7.80 7.62 8.45 8.52 7.98 8.39 7.14 7.31 7.09 6.96 6.87 8.25 8.90 6.78 6.15 6.38 8.61 6.81 6.24 6.41 6.35 6.75 7.08 6.67 6.47 7.03 7.91 6.76 5.55 5.34 7.04 6.40 6.24 6.58 6.33
-9999 -9999 -9999 -9999 -9999 -9999 -9999 -9999 -9999 -9999 -9999 10.21 8.73 7.84 9.43 8.92 9.38 12.01 10.31 8.35 7.42 10.18 12.55 10.76 8.83 9.42 11.60 9.50 7.67 7.62 7.46 8.06 8.00 7.02 6.90 7.26 8.09 9.25 7.86 9.37 8.15 8.06 7.92 8.25 7.68 8.54 8.74 8.52 7.04 6.99 7.59 6.64 6.01 5.81 6.89 8.06 7.83 6.18 6.57 7.71 7.41 6.53 5.65 5.62 5.50 6.00 7.82 7.49 7.10 7.60 8.48 7.45 6.67 7.16 7.04 6.05 6.93 5.78
-9999 -9999 -9999 -9999 -9999 -9999 -9999 12.85 -9999 -9999 11.28 9.92 10.51 7.02 8.77 7.20 6.86 7.06 7.45 8.38 7.01 9.38 11.34 9.42 8.36 7.21 7.55 7.64 7.32 7.35 7.57 8.27 7.11 6.78 7.19 8.91 7.50 8.43 7.29 8.10 7.60 8.64 9.47 8.71 7.67 7.21 7.24 7.04 6.76 8.21 7.14 6.33 8.18 6.47 6.42 8.23 9.33 5.81 6.16 6.52 6.27 5.85 5.60 5.52 6.04 6.80 7.29 6.31 5.77 5.74 6.33 6.36 6.22 6.80 6.00 5.88 5.76 5.15
-9999 -9999 -9999 -9999 -9999 -9999 12.05 13.40 13.36 12.84 9.96 9.01 10.69 7.81 6.44 7.16 6.50 7.96 8.43 9.30 7.95 8.07 9.25 8.55 7.56 6.95 7.23 7.98 8.25 7.24 7.08 7.16 6.67 6.63 8.25 8.25 7.20 7.88 8.24 9.56 8.64 8.74 10.06 8.60 8.31 6.96 7.46 7.11 7.51 6.81 6.52 5.91 7.14 7.12 6.14 7.13 6.61 5.86 5.58 5.24 6.00 6.05 5.92 5.50 5.20 5.32 5.25 5.51 5.66 5.47 4.79 5.39 5.83 6.69 7.04 6.52 5.18 6.07
-9999 -9999 -9999 -9999 -9999 -9999 11.59 11.83 10.82 11.16 9.97 8.90 7.49 9.27 9.02 7.91 9.34 9.25 8.91 10.39 9.44 9.69 10.06 8.03 9.24 11.21 10.34 9.00 7.98 7.06 7.40 7.71 7.83 7.09 8.21 7.42 8.01 7.05 6.38 8.16 9.57 8.36 8.39 8.15 7.53 7.45 8.00 7.16 6.51 7.19 7.33 5.92 6.38 6.46 6.29 7.14 7.55 7.59 9.07 6.17 6.21 5.42 5.18 5.35 5.47 5.15 4.96 5.26 5.86 5.42 5.00 4.72 5.62 5.79 5.96 6.11 6.31 5.06
-9999 -9999 -9999 -9999 -9999 -9999 11.87 10.70 10.15 10.42 9.61 9.37 7.83 8.24 8.31 6.97 8.52 8.97 9.88 10.54 10.44 8.18 7.44 7.45 10.13 10.19 10.61 11.11 8.54 7.91 7.82 6.93 7.69 6.79 7.63 7.08 7.21 6.97 6.35 8.25 7.81 7.95 7.81 7.59 7.46 7.48 8.01 7.97 6.66 6.32 6.52 7.37 6.05 6.36 6.04 6.43 6.56 6.79 7.69 7.07 7.87 8.69 4.97 8.63 7.01 5.15 5.44 8.86 8.68 8.07 4.84 4.68 4.83 4.71 5.37 5.02 6.23 7.17
-9999 -9999 -9999 -9999 -9999 -9999 9.88 9.68 9.59 9.26 8.47 8.23 7.61 6.99 8.11 7.57 7.90 9.06 8.67 9.26 9.49 9.70 7.24 8.39 10.69 9.68 10.97 10.95 8.97 8.90 9.02 7.50 7.43 7.34 7.19 7.06 7.15 7.85 8.86 6.87 7.79 7.68 7.62 7.42 7.39 7.56 7.87 7.06 7.08 6.68 6.92 7.20 7.71 7.01 7.91 7.20 6.55 6.35 6.11 5.79 5.78 6.09 5.46 7.38 7.15 7.87 7.36 7.95 8.48 9.05 5.32 5.40 5.10 5.08 5.33 6.13 7.22 7.38
-9999 -9999 -9999 -9999 -9999 -9999 8.71 8.83 9.00 9.37 9.70 8.63 7.91 6.98 7.46 9.11 8.82 8.71 8.43 9.37 9.43 9.30 8.97 8.01 8.27 7.83 10.40 9.14 7.07 9.98 9.42 7.81 10.18 8.41 8.89 9.56 8.85 8.40 9.00 7.75 7.00 7.56 7.45 6.89 7.16 7.27 7.69 6.91 7.16 7.74 8.09 7.72 7.61 7.76 7.71 7.82 7.68 7.23 6.54 6.26 6.49 6.92 7.13 7.49 7.64 7.83 -9999 -9999 7.33 7.84 7.48 6.93 6.01 8.94 6.62 -9999 -9999 -9999
-9999 -9999 -9999 -9999 -9999 11.01 9.18 9.18 8.41 9.49 9.66 10.59 8.68 8.91 8.41 9.40 9.08 8.75 8.78 9.24 9.22 9.00 8.95 8.92 9.20 9.64 9.48 7.61 10.24 10.77 7.79 6.90 7.70 7.41 8.61 8.60 7.46 7.29 7.15 7.14 8.08 7.85 7.92 7.46 7.38 7.75 8.51 8.18 7.74 7.65 7.58 7.75 -9999 -9999 8.52 9.17 9.18 8.68 8.22 7.81 7.91 -9999 -9999 -9999 -9999 -9999 -9999 -9999 -9999 -9999 -9999 7.37 7.92 9.68 7.94 -9999 -9999 -9999
-9999 -9999 -9999 -9999 12.17 10.55 8.97 9.61 8.40 8.39 8.31 8.51 7.99 11.13 11.84 10.57 10.10 10.38 11.17 10.06 9.30 9.07 9.59 9.55 12.04 12.52 11.65 10.81 12.16 8.94 8.61 8.24 8.84 9.56 7.73 6.42 7.06 6.27 6.63 6.65 7.02 7.06 8.56 9.57 9.48 9.04 8.95 9.23 8.38 -9999 7.07 7.79 7.55 8.04 8.62 -9999 -9999 -9999 -9999 9.13 -9999 -9999 -9999 -9999 -9999 -9999 -9999 -9999 -9999 -9999 -9999 -9999 -9999 -9999 -9999 -9999 -9999 -9999
-9999 -9999 -9999 13.17 12.29 11.80 10.29 8.55 8.20 7.93 6.87 6.90 8.58 13.83 15.35 10.37 9.73 13.16 10.43 12.33 9.62 9.24 12.32 10.87 10.37 10.38 10.55 -9999 -9999 -9999 -9999 -9999 8.45 9.93 9.42 7.58 7.29 6.83 6.36 6.64 6.71 7.47 8.69 -9999 -9999 -9999 -9999 -9999 9.43 9.57 8.48 7.54 7.40 9.25 8.80 -9999 -9999 -9999 -9999 -9999 -9999 -9999 -9999 -9999 -9999 -9999 -9999 -9999 -9999 -9999 -9999 -9999 -9999 -9999 -9999 -9999 -9999 -9999
-9999 -9999 8.46 9.75 11.68 11.74 10.13 9.69 8.99 6.95 7.88 8.19 10.75 13.33 14.80 13.48 12.57 10.94 12.52 10.78 10.93 10.29 12.28 11.82 -9999 -9999 -9999 -9999 -9999 -9999 -9999 -9999 -9999 8.26 8.74 7.47 8.78 9.68 10.12 7.95 10.35 10.23 10.85 -9999 -9999 -9999 -9999 -9999 -9999 -9999 8.23 8.79 7.29 8.11 -9999 -9999 -9999 -9999 -9999 -9999 -9999 -9999 -9999 -9999 -9999 -9999 -9999 -9999 -9999 -9999 -9999 -9999 -9999 -9999 -9999 -9999 -9999 -9999
10.27 10.28 8.34 8.92 10.55 12.14 12.30 10.36 8.20 8.03 8.91 9.01 10.21 12.98 11.27 11.79 11.99 13.46 7.83 10.73 14.19 11.44 -9999 -9999 -9999 -9999 -9999 -9999 -9999 -9999 -9999 -9999 -9999 -9999 -9999 9.04 -9999 -9999 -9999 -9999 8.70 11.49 11.97 -9999 -9999 -9999 -9999 -9999 -9999 -9999 -9999 8.37 10.47 8.73 -9999 -9999 -9999 -9999 -9999 -9999 -9999 -9999 -9999 -9999 -9999 -9999 -9999 -9999 -9999 -9999 -9999 -9999 -9999 -9999 -9999 -9999 -9999 -9999
9.94 9.13 7.33 8.64 10.60 11.14 11.99 10.69 9.56 10.58 7.50 6.47 8.38 11.60 11.65 9.91 8.98 11.25 8.72 8.56 10.17 -9999 -9999 -9999 -9999 -9999 -9999 -9999 -9999 -9999 -9999 -9999 -9999 -9999 -9999 10.07 -9999 -9999 -9999 -9999 -9999 -9999 -9999 -9999 -9999 -9999 -9999 -9999 -9999 -9999 -9999 -9999 -9999 -9999 -9999 -9999 -9999 -9999 -9999 -9999 -9999 -9999 -9999 -9999 -9999 -9999 -9999 -9999 -9999 -9999 -9999 -9999 -9999 -9999 -9999 -9999 -9999 -9999
11.37 9.66 7.41 8.85 9.45 9.48 10.29 9.78 9.60 10.81 6.88 6.41 7.72 10.14 14.71 15.17 8.14 8.83 8.82 9.68 12.27 -9999 -9999 -9999 -9999 -9999 -9999 -9999 -9999 -9999 -9999 -9999 -9999 -9999 -9999 -9999 -9999 -9999 -9999 -9999 -9999 -9999 -9999 -9999 -9999 -9999 -9999 -9999 -9999 -9999 -9999 -9999 -9999 -9999 -9999 -9999 -9999 -9999 -9999 -9999 -9999 -9999 -9999 -9999 -9999 -9999 -9999 -9999 -9999 -9999 -9999 -9999 -9999 -9999 -9999 -9999 -9999 -9999
9.87 11.26 9.89 9.86 9.32 10.08 9.27 8.96 8.89 7.58 7.82 7.09 6.95 10.06 12.48 12.14 10.03 7.72 8.18 11.68 10.59 -9999 -9999 -9999 -9999 -9999 -9999 -9999 -9999 -9999 -9999 -9999 -9999 -9999 -9999 -9999 -9999 -9999 -9999 -9999 -9999 -9999 -9999 -9999 -9999 -9999 -9999 -9999 -9999 -9999 -9999 -9999 -9999 -9999 -9999 -9999 -9999 -9999 -9999 -9999 -9999 -9999 -9999 -9999 -9999 -9999 -9999 -9999 -9999 -9999 -9999 -9999 -9999 -9999 -9999 -9999 -9999 -9999
10.23 12.37 11.33 10.96 9.18 9.83 9.16 11.64 10.68 8.85 8.42 9.22 7.53 8.18 9.23 9.07 8.39 8.29 9.27 10.37 10.66 -9999 -9999 -9999 -9999 -9999 -9999 -9999 -9999 -9999 -9999 -9999 -9999 -9999 -9999 -9999 -9999 -9999 -9999 -9999 -9999 -9999 -9999 -9999 -9999 -9999 -9999 -9999 -9999 -9999 -9999 -9999 -9999 -9999 -9999 -9999 -9999 -9999 -9999 -9999 -9999 -9999 -9999 -9999 -9999 -9999 -9999 -9999 -9999 -9999 -9999 -9999 -9999 -9999 -9999 -9999 -9999 -9999
9.37 9.96 10.15 9.23 10.43 12.30 11.84 10.05 10.21 10.24 10.28 9.11 9.78 8.83 7.63 7.79 9.11 10.28 10.74 10.08 11.15 -9999 -9999 -9999 -9999 -9999 -9999 -9999 -9999 -9999 -9999 -9999 -9999 -9999 -9999 -9999 -9999 -9999 -9999 -9999 -9999 -9999 -9999 -9999 -9999 -9999 -9999 -9999 -9999 -9999 -9999 -9999 -9999 -9999 -9999 -9999 -9999 -9999 -9999 -9999 -9999 -9999 -9999 -9999 -9999 -9999 -9999 -9999 -9999 -9999 -9999 -9999 -9999 -9999 -9999 -9999 -9999 -9999
9.06 10.29 10.65 -9999 -9999 -9999 -9999 -9999 -9999 -9999 -9999 -9999 10.59 11.36 9.81 8.90 8.33 9.67 10.49 10.13 -9999 -9999 -9999 -9999 -9999 -9999 -9999 -9999 -9999 -9999 -9999 -9999 -9999 -9999 -9999 -9999 -9999 -9999 -9999 -9999 -9999 -9999 -9999 -9999 -9999 -9999 -9999 -9999 -9999 -9999 -9999 -9999 -9999 -9999 -9999 -9999 -9999 -9999 -9999 -9999 -9999 -9999 -9999 -9999 -9999 -9999 -9999 -9999 -9999 -9999 -9999 -9999 -9999 -9999 -9999 -9999 -9999 -9999
10.90 10.74 11.42 -9999 -9999 -9999 -9999 -9999 -9999 -9999 -9999 -9999 -9999 -9999 -9999 9.53 8.89 9.18 9.67 -9999 -9999 -9999 -9999 -9999 -9999 -9999 -9999 -9999 -9999 -9999 -9999 -9999 -9999 -9999 -9999 -9999 -9999 -9999 -9999 -9999 -9999 -9999 -9999 -9999 -9999 -9999 -9999 -9999 -9999 -9999 -9999 -9999 -9999 -9999 -9999 -9999 -9999 -9999 -9999 -9999 -9999 -9999 -9999 -9999 -9999 -9999 -9999 -9999 -9999 -9999 -9999 -9999 -9999 -9999 -9999 -9999 -9999 -9999
10.86 -9999 -9999 -9999 -9999 -9999 -9999 -9999 -9999 -9999 -9999 -9999 -9999 -9999 -9999 10.63 12.14 12.80 12.03 -9999 -9999 -9999 -9999 -9999 -9999 -9999 -9999 -9999 -9999 -9999 -9999 -9999 -9999 -9999 -9999 -9999 -9999 -9999 -9999 -9999 -9999 -9999 -9999 -9999 -9999 -9999 -9999 -9999 -9999 -9999 -9999 -9999 -9999 -9999 -9999 -9999 -9999 -9999 -9999 -9999 -9999 -9999 -9999 -9999 -9999 -9999 -9999 -9999 -9999 -9999 -9999 -9999 -9999 -9999 -9999 -9999 -9999 -9999
-9999 -9999 -9999 -9999 -9999 -9999 -9999 -9999 -9999 -9999 -9999 -9999 -9999 -9999 -9999 -9999 -9999 -9999 -9999 -9999 -9999 -9999 -9999 -9999 -9999 -9999 -9999 -9999 -9999 -9999 -9999 -9999 -9999 -9999 -9999 -9999 -9999 -9999 -9999 -9999 -9999 -9999 -9999 -9999 -9999 -9999 -9999 -9999 -9999 -9999 -9999 -9999 -9999 -9999 -9999 -9999 -9999 -9999 -9999 -9999 -9999 -9999 -9999 -9999 -9999 -9999 -9999 -9999 -9999 -9999 -9999 -9999 -9999 -9999 -9999 -9999 -9999 -9999
-9999 -9999 -9999 -9999 -9999 -9999 -9999 -9999 -9999 -9999 -9999 -9999 -9999 -9999 -9999 -9999 -9999 -9999 -9999 -9999 -9999 -9999 -9999 -9999 -9999 -9999 -9999 -9999 -9999 -9999 -9999 -9999 -9999 -9999 -9999 -9999 -9999 -9999 -9999 -9999 -9999 -9999 -9999 -9999 -9999 -9999 -9999 -9999 -9999 -9999 -9999 -9999 -9999 -9999 -9999 -9999 -9999 -9999 -9999 -9999 -9999 -9999 -9999 -9999 -9999 -9999 -9999 -9999 -9999 -9999 -9999 -9999 -9999 -9999 -9999 -9999 -9999 -9999
