ML/MeanWindSpeed_1995-08_Actual.txt
ncols         180
nrows         290
xllcorner     -200000
yllcorner     -200000
cellsize      5000
NODATA_value  -9999
[rows 175 to 209 of 290, columns 79 to 157 of 180]
-9999 -9999 -9999 -9999 -9999 -9999 -9999 8.67 8.10 7.44 6.93 6.30 4.52 3.73 7.07 10.14 5.31 7.05 7.31 7.23 6.27 4.77 4.93 6.17 6.91 5.60 4.50 4.72 5.20 4.89 5.14 5.98 5.83 5.81 5.66 5.70 5.61 5.27 4.86 4.82 7.51 8.16 7.50 7.86 6.74 6.63 7.62 7.56 6.52 6.41 7.10 6.89 6.63 6.95 6.83 7.45 7.26 7.28 7.25 7.31 7.93 7.34 7.23 7.27 7.17 7.46 7.81 7.91 8.09 8.32 7.84 8.89 10.13 -9999 -9999 -9999 -9999 -9999 -9999
-9999 -9999 -9999 -9999 -9999 -9999 -9999 -9999 9.18 7.64 6.25 4.53 3.01 4.01 11.39 8.19 4.09 7.05 5.34 7.22 7.26 5.26 4.27 7.46 6.11 6.00 5.22 4.59 4.69 4.65 4.45 5.34 5.87 5.93 5.83 5.66 5.68 5.33 4.88 5.71 6.72 8.63 7.76 8.41 7.77 5.76 7.20 8.16 6.68 6.75 7.18 6.88 6.79 6.90 6.92 7.51 7.15 7.06 7.07 6.85 7.23 7.22 7.12 7.18 7.18 7.34 7.79 8.49 8.07 7.82 7.87 8.76 10.03 -9999 -9999 -9999 -9999 -9999 -9999
-9999 -9999 -9999 -9999 -9999 -9999 -9999 -9999 -9999 7.46 5.33 4.24 4.34 9.45 11.71 8.42 5.82 5.78 6.44 7.48 7.94 7.45 5.17 4.93 7.34 5.81 5.27 5.04 4.64 4.58 4.72 5.17 5.69 5.72 5.64 5.78 5.70 5.51 5.55 5.97 7.33 8.04 6.97 7.28 8.03 6.97 6.06 8.21 6.84 6.87 7.28 6.95 6.92 6.88 7.18 7.54 7.16 7.03 6.93 6.67 7.46 7.27 7.16 7.23 7.30 7.59 7.75 7.95 7.88 7.91 8.10 9.13 10.27 -9999 -9999 -9999 -9999 -9999 -9999
-9999 -9999 -9999 -9999 -9999 -9999 -9999 -9999 -9999 6.68 5.12 5.36 6.46 8.18 10.74 6.86 4.26 5.33 6.83 7.34 8.25 7.50 5.40 4.14 7.32 7.01 5.80 5.46 4.59 4.47 4.81 5.63 5.80 5.84 5.84 5.64 5.46 5.70 6.69 6.58 6.00 8.43 7.12 7.40 8.27 8.14 7.36 7.18 6.77 6.28 7.11 7.49 7.02 6.99 6.95 7.22 7.02 7.12 6.89 6.75 7.10 7.49 7.36 7.45 7.47 7.64 7.77 7.85 7.91 8.26 8.89 9.84 -9999 -9999 -9999 -9999 -9999 -9999 -9999
-9999 -9999 -9999 -9999 -9999 -9999 -9999 -9999 -9999 5.88 5.36 5.89 6.00 8.73 8.37 6.22 5.82 4.84 5.88 7.54 7.31 8.50 6.50 4.31 6.76 7.45 7.12 5.55 4.88 4.43 5.07 5.96 6.11 5.92 5.78 5.63 5.81 6.53 6.81 6.05 5.98 7.66 7.55 7.39 7.47 7.23 7.41 7.91 6.36 6.79 7.08 6.99 7.19 7.02 7.41 6.97 7.00 7.02 6.84 6.91 7.93 7.66 7.44 7.45 7.57 7.71 7.83 7.97 8.19 8.95 9.87 -9999 -9999 -9999 -9999 -9999 -9999 -9999 -9999
-9999 -9999 -9999 -9999 -9999 -9999 -9999 -9999 6.92 9.76 6.50 7.16 7.82 5.83 10.12 8.52 7.27 6.58 8.29 7.26 7.77 6.90 5.41 5.58 7.87 7.62 7.31 5.70 4.91 4.53 5.49 5.92 5.91 5.88 5.67 5.75 6.55 6.44 6.32 6.79 7.11 6.42 8.60 8.11 6.92 7.41 7.14 6.87 6.83 6.50 6.64 6.82 7.34 7.09 6.78 7.40 6.97 6.93 6.91 7.11 7.96 7.65 7.44 7.52 7.56 7.75 7.84 8.04 8.79 9.74 -9999 -9999 -9999 -9999 -9999 -9999 -9999 10.71 -9999
-9999 -9999 -9999 -9999 -9999 -9999 7.71 7.27 8.88 7.88 7.05 7.57 7.81 5.31 5.52 6.41 7.79 7.55 8.61 8.25 8.16 5.23 6.16 6.19 5.54 6.30 5.98 6.00 5.31 4.94 5.58 5.98 5.98 5.71 5.88 6.60 6.46 6.71 6.34 7.09 7.38 7.39 7.01 6.60 7.36 7.32 7.10 7.06 7.05 6.98 6.50 7.01 6.95 6.63 6.72 6.90 6.94 6.99 6.86 7.20 7.98 7.65 7.38 7.51 7.54 7.73 7.90 8.39 9.27 -9999 -9999 -9999 -9999 -9999 10.35 9.99 9.69 9.47 9.66
-9999 -9999 -9999 -9999 -9999 7.99 7.74 7.75 8.06 8.05 8.14 7.51 6.00 4.91 5.37 6.20 7.52 10.80 7.16 6.10 5.44 3.95 7.16 8.14 8.29 7.09 6.25 6.10 5.75 5.48 5.71 6.09 5.85 5.69 5.92 6.58 6.96 6.32 6.26 7.22 7.36 7.16 6.94 6.98 7.10 6.75 7.04 6.60 6.67 7.04 6.82 6.60 6.39 6.56 6.94 6.82 6.89 6.98 7.02 7.32 8.20 7.90 7.52 7.48 7.53 7.74 7.98 8.46 9.19 -9999 -9999 -9999 -9999 -9999 9.45 8.83 8.57 8.43 8.54
-9999 -9999 -9999 -9999 8.34 8.60 8.24 8.35 -9999 -9999 -9999 -9999 5.84 8.09 6.79 6.95 8.51 7.33 5.94 7.02 6.35 5.72 10.45 9.66 8.58 8.87 7.12 5.86 5.90 5.86 5.63 5.74 5.68 5.48 5.97 6.19 7.05 6.46 6.35 6.71 7.02 7.11 7.03 6.58 6.65 6.70 6.73 6.55 6.53 6.47 6.41 6.34 6.48 6.82 6.75 6.73 7.14 7.55 7.70 7.81 8.25 8.11 7.93 7.55 7.58 7.73 7.92 8.25 8.85 9.80 -9999 -9999 -9999 -9999 8.72 8.10 7.96 8.03 8.10
-9999 -9999 -9999 -9999 9.22 9.85 8.49 8.86 -9999 -9999 -9999 -9999 5.80 7.29 7.82 5.55 7.96 7.34 6.60 8.01 9.05 7.87 10.24 7.31 7.85 7.82 6.86 5.94 5.80 5.83 5.68 5.81 6.04 5.55 5.97 6.19 6.53 6.87 6.42 6.61 6.30 6.66 7.08 7.33 7.35 6.61 6.38 6.36 6.38 6.62 6.31 6.39 6.68 6.87 7.21 7.02 8.10 8.41 8.71 8.44 8.60 8.38 8.07 7.60 7.63 7.74 7.86 8.06 8.29 8.94 9.50 -9999 -9999 9.07 8.35 7.92 8.01 7.88 7.85
-9999 -9999 -9999 -9999 -9999 -9999 -9999 -9999 -9999 -9999 -9999 -9999 6.52 8.81 7.53 5.23 6.40 5.76 8.75 8.63 6.91 8.95 9.06 8.27 8.42 7.35 6.47 5.69 5.99 5.80 5.92 5.82 5.62 5.57 5.61 5.79 6.18 6.59 6.32 6.30 6.45 6.57 6.45 6.94 7.01 6.05 6.68 7.21 6.72 6.78 6.57 6.15 6.70 7.32 7.86 7.89 7.96 8.53 9.13 8.99 9.08 8.62 8.19 7.58 7.60 7.71 7.83 7.95 7.94 8.18 8.56 8.96 8.86 8.23 7.84 7.37 7.83 7.90 8.00
-9999 -9999 -9999 -9999 -9999 -9999 -9999 -9999 -9999 -9999 -9999 -9999 -9999 8.90 4.79 4.46 6.50 8.61 8.16 9.24 9.11 7.37 8.02 8.62 6.89 6.59 5.89 5.60 5.57 5.74 5.78 5.81 5.67 5.45 5.43 5.78 5.95 6.37 6.21 6.06 7.20 6.97 6.46 6.44 6.37 6.30 6.22 6.77 6.92 6.82 7.43 6.69 6.72 7.26 7.24 7.66 8.08 8.38 9.23 9.32 9.07 8.37 8.04 7.49 7.51 7.60 7.69 7.83 7.93 8.01 7.98 8.05 7.87 7.57 7.29 7.29 7.83 7.87 7.81
-9999 -9999 -9999 -9999 -9999 -9999 -9999 -9999 -9999 -9999 -9999 -9999 -9999 6.52 8.32 8.65 7.84 7.18 7.08 8.48 7.53 7.53 6.80 6.56 7.34 5.98 5.68 6.34 5.96 5.81 5.69 5.32 5.25 5.52 5.56 6.28 6.43 6.41 6.09 5.85 6.96 7.51 6.92 6.43 6.22 6.31 6.31 6.33 6.48 7.01 8.25 7.69 6.90 6.86 7.18 7.92 8.77 9.11 9.15 9.50 9.00 7.97 7.47 7.29 7.39 7.49 7.66 7.77 7.86 7.91 7.85 7.73 7.52 7.45 7.30 7.18 7.65 7.74 8.09
-9999 -9999 -9999 -9999 -9999 -9999 -9999 -9999 -9999 -9999 -9999 -9999 7.61 7.26 6.16 10.03 7.24 6.13 7.40 7.58 7.06 8.44 6.84 6.62 7.43 5.52 8.34 6.62 5.61 5.71 6.27 5.38 5.13 6.61 6.68 6.42 6.02 6.31 6.23 6.06 6.60 7.01 6.85 6.49 6.32 6.25 6.31 6.54 6.51 7.26 7.42 7.19 6.90 6.82 7.29 8.04 8.86 9.15 8.88 8.88 8.07 7.40 7.20 7.15 7.26 7.44 7.60 7.71 7.73 7.76 7.71 7.49 7.35 7.53 7.43 7.26 7.47 7.72 7.56
-9999 -9999 -9999 -9999 -9999 -9999 -9999 -9999 -9999 -9999 -9999 -9999 7.14 7.68 10.23 7.13 4.84 5.61 5.70 6.89 8.46 8.36 7.08 6.91 6.65 5.51 5.77 6.19 6.83 6.67 5.77 5.69 5.64 6.09 6.58 6.05 5.99 6.37 6.31 6.53 6.87 6.80 6.90 6.68 6.43 6.35 6.27 6.34 6.53 7.15 7.47 7.17 6.59 6.81 7.60 8.53 8.52 9.00 8.91 8.24 7.38 7.53 7.13 7.27 7.27 7.44 7.51 7.62 7.65 7.61 7.53 7.40 7.28 7.64 7.49 7.24 7.36 7.72 7.70
-9999 -9999 -9999 -9999 -9999 -9999 -9999 -9999 -9999 -9999 -9999 -9999 8.10 8.88 5.47 5.84 4.94 5.56 5.97 8.76 8.14 8.87 7.41 6.89 5.79 4.80 5.15 6.77 7.82 8.43 6.04 6.71 6.16 6.53 6.63 5.88 5.93 6.17 6.42 6.66 6.46 6.63 7.32 6.90 6.34 6.33 6.90 6.26 6.60 6.95 6.98 6.73 6.56 6.99 7.54 8.03 8.30 8.30 7.81 7.52 7.47 7.47 6.97 7.02 7.26 7.39 7.48 7.50 7.45 7.46 7.42 7.35 7.31 7.42 7.30 7.35 7.33 7.62 7.66
-9999 -9999 -9999 -9999 -9999 -9999 -9999 -9999 -9999 -9999 -9999 -9999 -9999 5.76 6.05 6.60 7.51 8.15 7.55 8.13 7.40 6.03 5.76 5.32 5.70 5.65 5.26 6.02 6.60 8.21 6.94 6.29 6.19 7.12 7.00 5.96 6.37 5.96 6.17 7.35 6.60 6.60 6.65 6.71 6.17 6.16 7.02 6.75 6.54 6.89 6.73 6.62 6.84 7.42 7.47 7.63 7.54 7.82 7.37 7.79 7.65 7.10 7.01 7.33 7.36 7.30 7.34 7.33 7.35 7.38 7.35 7.33 7.28 7.26 7.25 7.34 7.34 7.42 7.60
-9999 -9999 -9999 -9999 -9999 -9999 -9999 -9999 -9999 -9999 -9999 -9999 -9999 6.18 6.17 6.56 7.84 9.51 9.18 7.43 6.05 5.26 5.85 6.75 7.70 8.68 7.19 6.35 6.93 7.52 6.86 5.80 7.47 7.24 7.08 6.36 6.81 6.23 6.07 6.51 7.24 7.10 6.84 6.56 6.18 6.22 6.87 6.76 6.58 6.67 6.85 6.96 7.18 7.58 7.35 7.30 7.90 7.95 7.88 7.73 7.72 7.19 7.37 7.68 7.26 7.22 7.25 7.26 7.32 7.32 7.29 7.28 7.25 7.25 7.19 7.13 7.09 7.12 7.33
-9999 -9999 -9999 -9999 -9999 -9999 -9999 -9999 -9999 -9999 -9999 -9999 7.12 5.55 5.71 7.09 7.97 7.87 7.71 6.33 6.56 8.71 7.34 7.53 7.65 6.91 6.58 7.06 7.54 6.80 6.03 6.37 7.51 7.56 7.16 6.38 6.97 6.08 6.02 6.90 6.72 6.95 7.02 6.67 6.38 6.40 6.98 6.91 6.49 6.66 6.68 6.66 7.12 7.09 7.67 7.46 7.87 7.58 7.78 7.87 7.38 7.24 7.69 7.68 7.21 7.19 7.35 7.26 7.33 7.33 7.35 7.31 7.23 7.19 7.03 7.19 7.37 7.41 7.12
-9999 -9999 -9999 -9999 -9999 -9999 -9999 -9999 -9999 -9999 -9999 -9999 8.10 6.52 5.73 5.71 7.02 9.00 8.57 7.59 6.72 7.17 7.99 8.70 8.75 6.99 8.13 8.61 6.79 7.90 5.74 6.16 7.43 8.41 6.75 6.92 6.32 5.81 5.85 6.40 7.86 7.16 7.15 6.90 6.70 6.76 6.97 6.81 6.51 6.62 6.61 6.55 6.58 7.35 7.66 7.71 8.12 7.71 7.56 7.58 7.36 7.54 7.82 7.70 7.40 7.54 7.46 7.59 7.38 7.38 7.47 7.44 7.24 7.10 6.92 6.91 7.33 7.41 7.45
-9999 -9999 -9999 -9999 -9999 -9999 -9999 -9999 -9999 -9999 -9999 -9999 7.16 6.25 4.44 5.03 6.69 9.03 8.18 8.14 6.97 8.14 7.84 7.19 7.55 7.92 8.00 7.22 6.58 6.97 8.08 6.44 6.72 6.76 6.79 7.51 6.77 5.98 5.97 6.47 6.83 6.79 7.25 7.06 6.89 7.00 6.73 6.41 6.61 6.72 6.76 6.48 6.85 7.65 7.72 7.36 7.58 8.06 7.60 7.75 7.33 7.81 7.97 7.62 7.52 7.59 7.29 7.38 7.32 7.36 7.38 7.28 7.15 7.05 6.91 7.05 6.85 7.07 7.20
-9999 -9999 -9999 -9999 -9999 -9999 -9999 -9999 -9999 -9999 -9999 6.81 7.15 7.71 5.90 4.81 6.98 8.06 9.24 9.13 6.78 7.08 6.37 7.07 7.98 7.17 7.23 8.16 7.40 7.14 6.90 6.44 6.23 6.38 6.83 6.91 6.69 6.47 6.16 6.20 6.70 6.89 6.61 6.84 6.75 7.07 6.66 6.53 6.56 6.34 6.28 6.50 7.15 7.32 7.45 7.17 7.68 7.83 7.63 7.31 7.77 7.87 7.98 8.05 7.80 7.56 7.42 7.30 7.33 7.37 7.27 7.16 6.98 6.85 6.85 7.04 7.05 7.11 7.24
-9999 -9999 -9999 -9999 -9999 -9999 -9999 -9999 -9999 -9999 7.32 7.16 7.45 6.14 4.84 6.26 8.12 8.84 8.20 9.22 7.24 7.69 6.55 6.42 9.75 7.62 8.07 7.20 7.24 6.53 6.28 6.36 6.94 6.58 7.58 6.90 7.00 6.27 6.14 6.23 6.54 6.78 6.59 6.68 6.87 6.91 6.22 6.44 6.36 6.39 6.50 6.78 7.20 7.03 7.46 7.27 7.50 7.20 7.19 7.80 8.06 7.92 8.06 7.96 7.47 7.60 7.56 7.53 7.48 7.31 7.12 6.89 6.86 6.79 7.07 7.25 7.40 7.44 7.18
-9999 -9999 -9999 -9999 -9999 -9999 -9999 -9999 8.06 7.19 6.53 5.81 5.55 5.38 5.28 6.89 7.92 9.06 10.11 9.24 7.77 5.81 6.90 6.81 9.07 7.91 7.56 7.64 6.90 6.59 5.89 6.35 7.35 7.19 7.37 6.45 6.49 6.32 6.31 6.58 6.52 6.79 6.46 6.55 6.67 6.27 6.10 6.23 6.56 6.43 6.89 7.35 7.26 7.12 6.94 6.87 7.32 7.66 7.62 7.85 7.50 7.98 8.08 7.70 7.25 7.23 7.64 7.58 7.56 7.14 6.91 6.67 6.73 7.20 7.39 7.34 7.77 7.69 7.64
-9999 -9999 -9999 -9999 8.37 7.62 6.63 7.90 7.77 7.80 7.80 6.54 5.90 5.40 7.78 7.24 8.70 9.22 9.20 7.60 6.61 5.34 6.04 6.37 10.00 9.27 7.98 6.88 7.05 6.71 7.33 6.10 7.10 7.38 7.27 6.91 6.42 6.19 6.64 6.37 6.19 6.90 6.42 6.34 6.10 6.19 6.34 6.57 6.21 6.65 6.54 6.86 7.39 7.35 7.23 7.14 7.51 7.63 7.57 7.55 8.00 7.62 7.57 7.41 7.16 7.49 7.64 7.67 7.30 6.94 6.83 6.84 7.35 7.46 7.31 7.73 7.41 7.60 7.85
-9999 -9999 -9999 8.63 7.25 7.24 6.63 6.26 7.17 7.08 7.22 6.08 5.32 6.97 7.61 8.13 6.92 9.64 7.61 6.31 8.53 6.83 5.38 9.30 8.78 8.11 6.03 6.00 6.43 8.01 6.57 6.32 6.40 6.48 7.32 7.21 7.05 6.41 6.50 6.21 6.19 6.67 6.36 6.07 6.05 6.19 6.40 6.34 7.31 6.48 6.44 6.77 7.21 6.97 6.98 6.85 7.05 7.36 7.37 7.86 7.63 7.40 7.45 7.49 7.18 7.33 7.37 7.11 6.97 6.86 6.85 6.93 7.21 7.67 7.68 7.77 7.62 7.60 7.72
-9999 -9999 8.25 7.91 6.29 5.98 6.02 6.54 6.43 6.66 6.10 6.42 8.47 7.21 6.98 8.72 5.96 7.13 6.83 8.30 8.07 8.57 7.72 7.83 7.07 5.65 8.00 7.93 6.36 6.70 6.43 6.26 6.59 6.24 6.41 7.39 7.46 6.25 6.04 6.15 6.37 6.03 5.64 5.84 7.14 6.18 6.05 6.47 6.96 6.65 6.46 6.82 7.13 7.17 7.46 7.20 6.89 6.88 6.94 7.52 7.35 7.13 7.57 7.46 7.12 7.14 7.07 6.92 7.02 7.07 7.09 7.24 7.33 7.73 7.41 7.36 7.54 7.36 7.52
7.19 7.88 6.53 6.45 6.78 6.24 6.07 7.18 6.58 6.48 6.56 8.07 7.84 7.21 8.07 7.62 6.23 6.10 7.78 8.03 7.42 7.85 8.68 6.64 4.91 7.62 8.59 7.47 7.62 6.53 6.62 6.17 6.49 7.38 6.53 7.77 6.87 6.17 5.91 6.11 6.70 5.33 5.52 7.60 6.46 6.13 6.14 6.59 7.18 6.55 6.56 6.82 6.73 7.05 7.07 6.81 6.66 6.82 6.65 6.95 7.16 7.17 7.00 6.82 6.67 6.61 6.86 7.57 7.35 7.88 7.61 7.17 7.74 7.58 7.58 7.41 7.36 7.48 7.42
5.84 7.27 8.85 8.39 8.10 6.43 7.04 7.97 7.31 7.11 8.25 7.63 7.50 8.71 7.10 5.62 5.77 6.14 7.66 7.81 7.67 7.39 6.62 5.10 6.14 11.13 9.48 7.81 6.51 6.81 6.60 7.30 6.64 6.95 6.54 6.71 6.66 6.44 5.98 5.82 5.56 5.06 6.92 7.47 7.07 6.31 6.13 7.59 7.03 6.60 6.68 6.58 6.99 6.98 6.79 6.38 6.87 6.62 6.31 7.19 7.11 6.58 6.54 6.49 6.37 6.67 7.27 7.61 7.68 8.08 7.79 7.63 7.91 7.61 7.21 7.35 7.33 7.50 7.57
6.04 6.85 7.25 7.03 6.39 7.31 6.79 7.82 6.22 6.89 8.21 8.01 7.21 7.50 5.47 4.83 6.66 7.48 7.17 6.63 7.64 6.09 5.14 4.44 7.20 9.75 10.41 6.91 7.03 7.21 7.42 6.92 6.27 7.06 6.77 6.81 6.50 6.43 5.52 5.17 5.61 5.55 7.07 7.25 6.87 6.12 6.56 7.50 7.27 6.98 6.71 6.88 6.84 6.64 6.41 6.34 6.57 6.74 6.47 6.38 6.30 6.13 6.74 7.08 6.41 6.71 7.33 7.72 7.69 8.07 8.09 8.10 8.06 7.29 7.23 7.19 7.25 7.19 7.42
6.30 6.83 6.77 7.04 6.71 6.78 7.40 6.86 7.16 6.52 6.49 6.41 5.94 5.35 5.96 5.16 7.33 10.67 6.45 6.46 6.99 9.42 8.99 4.89 5.14 10.95 9.06 7.70 7.86 8.43 7.43 6.26 5.82 7.18 7.44 6.79 6.34 5.97 5.28 5.00 5.70 7.11 7.52 7.10 6.81 6.50 6.47 6.60 7.15 6.78 6.70 6.62 6.43 6.25 6.19 6.63 6.55 6.46 6.31 5.75 5.77 6.18 6.22 6.71 6.54 6.76 7.06 7.43 7.89 8.12 8.16 8.19 8.23 7.26 6.95 7.20 7.22 7.02 7.26
6.21 6.78 6.36 6.65 6.76 6.81 6.36 6.34 6.67 6.19 6.88 6.22 6.92 5.01 6.32 7.45 7.78 8.54 8.74 7.28 8.42 9.65 7.19 8.28 7.85 6.02 8.68 8.50 6.71 6.96 6.09 6.66 6.57 8.40 8.04 6.74 6.16 5.47 5.09 5.64 7.28 6.83 7.78 7.05 6.86 7.17 6.65 7.28 6.61 6.70 6.47 6.30 6.19 6.29 6.31 6.40 6.26 6.12 5.69 5.54 5.98 6.41 6.26 6.12 6.63 6.61 7.32 7.21 7.41 7.68 7.86 8.02 8.02 7.54 6.94 7.16 7.16 7.08 7.36
6.22 5.96 6.66 7.37 8.51 7.97 7.09 6.52 5.98 6.04 7.46 6.08 6.48 5.11 6.43 6.93 6.73 6.30 7.37 6.84 8.08 8.20 9.14 8.06 8.80 8.62 10.78 7.70 6.95 6.54 6.84 6.44 7.90 8.06 8.25 6.38 5.76 5.14 6.86 7.34 7.43 7.81 6.94 7.13 7.19 7.03 6.46 6.50 6.55 6.40 6.24 6.18 6.10 6.41 6.51 6.67 6.32 5.84 5.61 5.67 6.32 5.55 5.92 6.20 6.23 6.42 6.75 6.86 7.12 7.51 7.45 7.74 7.72 7.42 7.23 7.22 6.96 6.91 7.54
6.50 6.21 6.41 7.52 7.96 8.45 7.86 7.25 6.60 6.17 6.48 7.59 5.63 7.79 7.61 7.80 8.44 7.57 6.35 6.52 7.51 7.08 8.05 7.71 7.07 9.71 9.76 6.90 7.05 5.83 6.21 7.24 7.91 7.96 7.46 6.19 5.52 6.18 6.07 7.27 7.37 7.11 7.21 7.01 6.78 6.66 6.19 6.05 6.06 6.06 6.76 6.15 6.50 6.22 6.21 5.93 5.79 5.88 6.23 6.33 5.72 5.50 5.73 5.88 5.97 6.33 6.82 7.18 6.67 7.25 7.75 7.47 7.33 7.41 6.89 7.01 7.44 7.18 7.09
6.93 7.26 7.96 8.87 -9999 -9999 -9999 -9999 7.68 7.30 7.65 6.36 5.77 6.60 6.87 6.66 6.10 4.33 9.03 9.52 7.13 6.59 6.93 7.78 8.37 9.59 8.04 6.96 6.10 5.58 7.86 7.59 8.65 7.20 6.71 6.09 5.82 6.91 6.43 7.54 7.53 7.07 7.03 6.79 6.52 6.20 5.98 5.90 5.92 6.00 6.59 6.21 6.36 6.32 6.01 5.90 5.92 6.80 6.74 6.18 5.59 5.59 5.04 5.36 5.65 6.50 6.94 6.86 6.38 6.95 7.39 7.32 7.12 7.42 7.11 7.02 7.23 7.29 7.10
