ML/MeanWindSpeed_1998-12_Actual.txt
ncols         180
nrows         290
xllcorner     -200000
yllcorner     -200000
cellsize      5000
NODATA_value  -9999
[rows 136 to 169 of 290, columns 78 to 155 of 180]
-9999 15.60 13.00 10.41 13.12 11.47 13.15 11.33 10.04 8.17 7.85 9.97 15.53 12.63 11.67 9.48 9.24 9.26 8.61 9.53 10.68 8.78 9.82 8.81 9.11 8.76 8.72 8.56 8.21 7.64 7.62 8.25 7.38 6.71 8.09 8.71 9.27 10.13 10.07 6.74 7.86 10.89 10.04 8.62 8.88 8.57 8.97 8.41 9.75 11.48 -9999 -9999 -9999 -9999 -9999 -9999 -9999 -9999 -9999 -9999 -9999 -9999 -9999 -9999 -9999 -9999 -9999 -9999 -9999 -9999 -9999 -9999 -9999 -9999 -9999 -9999 -9999 -9999
-9999 15.69 13.24 9.49 12.47 10.32 11.47 10.74 10.19 9.52 7.71 11.91 11.91 11.28 13.54 10.29 9.35 8.94 7.11 9.91 14.85 11.02 -9999 -9999 -9999 9.36 8.87 -9999 8.03 8.00 7.96 7.06 6.33 7.84 9.57 8.25 8.52 10.00 9.46 10.90 10.39 7.92 6.81 7.23 7.80 8.50 6.31 7.11 7.98 10.44 -9999 -9999 -9999 -9999 -9999 -9999 -9999 -9999 -9999 -9999 -9999 -9999 -9999 -9999 -9999 -9999 -9999 -9999 -9999 -9999 -9999 -9999 -9999 -9999 -9999 -9999 -9999 -9999
-9999 14.27 15.76 11.35 10.98 11.50 12.36 11.75 10.79 9.82 8.70 9.95 16.04 12.43 12.95 9.79 9.66 11.50 8.43 10.06 11.68 12.23 -9999 -9999 -9999 9.63 8.47 8.44 8.48 7.84 7.15 5.51 6.79 10.38 11.02 8.74 12.18 9.08 9.07 11.98 9.06 9.70 9.69 9.42 6.98 8.14 9.37 7.57 7.01 9.38 -9999 -9999 -9999 -9999 -9999 -9999 -9999 -9999 -9999 -9999 -9999 -9999 -9999 -9999 -9999 -9999 -9999 -9999 -9999 -9999 -9999 -9999 -9999 -9999 -9999 -9999 -9999 -9999
-9999 -9999 15.20 14.78 12.48 -9999 13.60 13.37 11.82 10.84 10.10 -9999 13.00 11.38 11.88 9.37 11.17 12.36 11.40 12.10 -9999 -9999 -9999 -9999 11.21 8.94 7.97 7.99 8.65 8.57 7.17 5.79 5.65 10.56 15.32 8.14 13.44 9.70 11.69 12.95 10.20 11.81 9.75 7.70 9.30 9.46 7.71 5.22 6.46 9.68 10.73 -9999 -9999 -9999 -9999 -9999 -9999 -9999 -9999 -9999 -9999 -9999 -9999 -9999 -9999 -9999 -9999 -9999 -9999 -9999 -9999 -9999 -9999 -9999 -9999 -9999 -9999 -9999
-9999 -9999 -9999 15.64 -9999 -9999 -9999 13.53 13.39 11.69 11.79 13.17 -9999 -9999 13.49 11.34 14.28 15.74 -9999 -9999 -9999 -9999 -9999 12.63 10.82 7.81 8.01 8.05 8.86 8.41 8.90 8.27 5.18 8.04 12.32 14.45 11.17 13.25 14.23 14.55 11.65 12.35 12.53 10.86 8.25 8.19 8.23 4.99 6.23 9.45 11.74 -9999 -9999 -9999 -9999 -9999 -9999 -9999 -9999 -9999 -9999 -9999 -9999 -9999 -9999 -9999 -9999 -9999 -9999 -9999 -9999 -9999 -9999 -9999 -9999 -9999 -9999 -9999
-9999 -9999 -9999 15.70 15.52 -9999 -9999 -9999 13.49 13.88 13.51 14.25 -9999 -9999 -9999 -9999 14.69 -9999 -9999 -9999 -9999 -9999 -9999 10.96 9.29 7.84 8.81 10.59 10.75 9.45 9.43 8.28 6.37 6.42 10.79 13.16 9.58 15.71 14.95 16.21 12.50 12.65 14.18 10.96 8.87 8.07 6.08 4.55 6.10 9.00 11.28 -9999 -9999 -9999 -9999 -9999 -9999 -9999 -9999 -9999 -9999 -9999 -9999 -9999 -9999 -9999 -9999 -9999 -9999 -9999 -9999 -9999 -9999 -9999 -9999 -9999 -9999 -9999
-9999 -9999 -9999 -9999 17.03 -9999 -9999 -9999 -9999 13.99 15.13 15.00 -9999 -9999 -9999 -9999 -9999 -9999 -9999 -9999 -9999 -9999 12.40 10.41 9.79 9.38 9.62 11.90 11.79 10.81 10.60 9.55 8.31 5.80 7.56 15.10 16.14 16.00 15.45 12.45 11.23 11.72 9.76 7.30 9.64 9.57 5.84 5.08 6.62 8.71 10.91 12.53 -9999 -9999 -9999 -9999 -9999 -9999 -9999 -9999 -9999 -9999 -9999 -9999 -9999 -9999 -9999 -9999 -9999 -9999 -9999 -9999 -9999 -9999 -9999 -9999 -9999 -9999
-9999 -9999 -9999 -9999 18.39 -9999 -9999 -9999 -9999 -9999 -9999 -9999 -9999 -9999 -9999 -9999 -9999 -9999 -9999 -9999 -9999 -9999 12.54 9.94 8.14 6.78 5.89 14.81 12.62 11.45 13.28 10.15 10.81 4.95 4.80 12.05 17.55 14.36 12.30 16.80 18.79 16.92 14.00 12.06 7.17 7.56 7.06 7.92 7.36 8.29 10.63 12.13 13.05 -9999 -9999 -9999 -9999 -9999 -9999 -9999 -9999 -9999 -9999 -9999 -9999 -9999 -9999 -9999 -9999 -9999 -9999 -9999 -9999 -9999 -9999 -9999 -9999 -9999
-9999 -9999 -9999 -9999 -9999 -9999 -9999 -9999 -9999 -9999 -9999 -9999 -9999 -9999 -9999 -9999 -9999 -9999 -9999 -9999 -9999 13.34 11.54 9.01 7.55 10.98 5.73 20.41 19.90 11.13 11.84 10.67 9.29 8.77 4.75 6.34 17.11 17.04 14.93 13.19 11.96 14.61 13.85 12.28 9.64 8.13 7.68 7.30 7.50 9.01 9.28 9.85 11.31 -9999 -9999 -9999 -9999 -9999 -9999 -9999 -9999 -9999 -9999 -9999 -9999 -9999 -9999 -9999 -9999 -9999 -9999 -9999 -9999 -9999 -9999 -9999 -9999 -9999
-9999 -9999 -9999 -9999 -9999 -9999 -9999 -9999 -9999 -9999 -9999 -9999 -9999 -9999 -9999 -9999 -9999 -9999 -9999 -9999 -9999 11.77 11.72 7.85 10.58 19.59 10.51 6.99 14.14 14.95 12.06 11.57 10.31 9.26 7.03 6.47 8.66 18.76 16.29 15.32 12.75 12.47 12.33 9.92 9.25 9.04 9.79 8.03 9.13 8.53 8.76 8.50 9.27 10.72 12.01 12.51 -9999 -9999 -9999 -9999 -9999 -9999 -9999 -9999 -9999 -9999 -9999 -9999 -9999 -9999 -9999 -9999 -9999 -9999 -9999 -9999 -9999 -9999
-9999 -9999 -9999 -9999 -9999 -9999 -9999 -9999 -9999 -9999 -9999 -9999 -9999 -9999 -9999 -9999 -9999 -9999 -9999 -9999 -9999 11.39 10.11 9.13 13.65 9.49 8.83 10.53 15.36 11.34 10.23 14.51 8.45 10.81 8.89 8.13 7.58 11.33 14.46 14.59 13.77 13.08 10.60 10.41 9.42 8.60 8.18 8.44 8.37 8.65 7.83 7.47 7.63 11.50 10.24 11.85 13.21 13.30 -9999 -9999 -9999 -9999 -9999 -9999 -9999 -9999 -9999 -9999 -9999 -9999 -9999 -9999 -9999 -9999 -9999 -9999 -9999 -9999
-9999 -9999 -9999 -9999 -9999 -9999 -9999 -9999 -9999 -9999 -9999 -9999 -9999 -9999 -9999 -9999 -9999 -9999 -9999 -9999 -9999 11.33 9.48 10.15 16.64 18.42 13.44 8.99 10.03 10.77 14.32 9.15 13.22 10.96 10.01 10.58 9.52 7.42 8.75 14.06 13.75 12.80 11.80 10.65 9.94 9.70 9.33 8.59 8.75 8.33 7.52 7.79 7.65 8.83 12.15 11.60 12.00 13.74 14.04 12.51 -9999 -9999 -9999 -9999 -9999 -9999 -9999 -9999 -9999 -9999 -9999 -9999 -9999 -9999 -9999 -9999 -9999 -9999
-9999 -9999 -9999 -9999 -9999 -9999 -9999 -9999 -9999 -9999 -9999 -9999 -9999 -9999 -9999 -9999 -9999 -9999 -9999 -9999 -9999 12.34 9.63 11.35 13.09 8.54 23.13 18.89 9.65 11.81 9.14 14.11 15.00 10.57 9.02 9.90 9.64 7.12 16.14 14.69 14.41 15.34 15.79 14.72 10.72 11.92 10.11 9.41 9.16 8.76 8.40 7.96 6.93 7.82 10.91 9.68 9.29 10.16 12.07 10.92 14.68 -9999 -9999 -9999 -9999 -9999 -9999 -9999 -9999 -9999 -9999 -9999 -9999 -9999 -9999 -9999 -9999 -9999
-9999 -9999 -9999 -9999 -9999 -9999 -9999 -9999 -9999 13.80 14.00 14.57 -9999 -9999 -9999 -9999 -9999 -9999 -9999 -9999 -9999 -9999 12.28 10.09 8.39 11.24 14.03 17.69 9.83 6.25 12.00 11.28 10.07 8.51 10.62 10.57 8.61 9.66 12.87 13.47 18.05 16.77 14.22 13.54 14.27 12.35 10.64 9.91 9.31 8.95 7.87 7.19 11.91 10.56 14.25 14.78 13.35 11.85 8.90 12.76 13.88 13.13 -9999 -9999 -9999 -9999 -9999 -9999 -9999 -9999 -9999 -9999 -9999 -9999 -9999 -9999 -9999 -9999
-9999 -9999 -9999 -9999 -9999 -9999 -9999 -9999 -9999 12.73 12.37 -9999 -9999 -9999 -9999 -9999 -9999 -9999 -9999 -9999 -9999 -9999 -9999 10.50 7.40 12.07 12.83 21.90 11.82 11.68 10.61 7.71 6.39 6.74 6.39 15.79 8.56 10.10 16.25 13.35 10.34 9.83 15.29 10.95 14.45 12.12 10.61 9.75 9.29 8.15 8.21 10.91 12.05 10.90 10.26 9.48 10.76 11.83 11.39 12.19 12.39 15.31 -9999 -9999 -9999 -9999 -9999 -9999 -9999 -9999 -9999 -9999 -9999 -9999 -9999 -9999 -9999 -9999
-9999 -9999 -9999 -9999 -9999 -9999 -9999 -9999 11.82 15.05 14.70 14.09 -9999 -9999 -9999 -9999 -9999 -9999 -9999 -9999 -9999 -9999 -9999 10.99 12.82 13.30 14.14 11.50 12.63 10.12 9.21 7.53 6.72 8.75 6.78 5.53 16.09 11.19 10.50 15.05 12.97 16.64 13.32 13.98 12.31 11.69 10.90 10.53 9.27 7.92 8.80 10.48 9.68 10.77 11.66 10.79 11.13 10.65 11.10 11.76 10.32 14.20 13.51 -9999 -9999 -9999 -9999 -9999 -9999 -9999 -9999 -9999 -9999 -9999 -9999 -9999 -9999 -9999
-9999 -9999 -9999 -9999 -9999 -9999 -9999 10.34 14.53 16.58 21.05 14.35 -9999 -9999 -9999 -9999 -9999 -9999 -9999 -9999 -9999 -9999 -9999 12.96 17.71 13.72 9.14 10.92 9.70 10.37 7.99 6.62 7.50 8.54 5.60 13.14 10.12 14.20 11.02 17.00 10.75 12.68 10.69 13.39 11.60 11.87 11.74 10.11 9.60 7.83 7.27 11.19 12.07 11.82 10.33 10.21 9.56 9.30 9.68 11.88 12.14 11.96 13.49 -9999 -9999 -9999 -9999 -9999 -9999 -9999 -9999 -9999 -9999 -9999 -9999 -9999 -9999 -9999
-9999 -9999 -9999 -9999 -9999 -9999 12.77 11.06 18.70 15.73 15.76 -9999 -9999 -9999 -9999 -9999 -9999 -9999 -9999 -9999 -9999 -9999 -9999 -9999 13.18 10.08 9.20 11.68 8.57 11.13 8.64 7.50 6.90 6.97 5.02 12.58 12.79 14.37 13.93 15.46 15.45 15.57 14.46 13.91 14.11 13.43 10.79 10.05 9.25 7.60 6.99 8.15 13.93 12.70 9.65 8.81 8.71 8.14 8.29 8.66 9.05 8.89 10.44 12.86 14.39 -9999 -9999 -9999 -9999 -9999 -9999 -9999 -9999 -9999 -9999 -9999 -9999 -9999
-9999 -9999 -9999 -9999 -9999 -9999 15.48 16.72 12.45 13.64 14.75 -9999 -9999 -9999 -9999 -9999 -9999 -9999 -9999 -9999 -9999 -9999 -9999 -9999 -9999 11.05 11.19 10.15 9.02 10.64 9.62 9.28 8.29 8.33 5.36 12.83 11.77 10.64 13.95 12.89 11.83 17.07 17.27 13.31 15.29 13.69 12.67 9.88 8.76 8.03 7.43 7.71 9.17 9.84 9.03 8.91 8.68 8.51 8.15 8.20 8.25 8.50 12.10 12.91 13.14 -9999 -9999 -9999 -9999 -9999 -9999 -9999 -9999 -9999 -9999 -9999 -9999 -9999
-9999 -9999 -9999 -9999 -9999 -9999 16.64 14.73 15.53 14.83 -9999 -9999 -9999 -9999 -9999 -9999 -9999 -9999 -9999 -9999 -9999 -9999 -9999 -9999 -9999 12.49 11.99 11.11 -9999 11.25 -9999 10.06 8.73 7.69 6.09 6.56 12.57 11.12 12.17 16.58 8.20 9.82 16.83 14.77 14.20 13.69 11.91 9.94 9.17 8.94 8.23 8.01 8.36 9.46 10.64 9.28 9.82 8.50 7.73 9.02 10.47 10.08 9.44 9.66 12.26 15.17 16.52 -9999 -9999 -9999 -9999 -9999 -9999 -9999 -9999 -9999 -9999 -9999
-9999 -9999 -9999 -9999 -9999 17.11 15.63 15.05 -9999 -9999 -9999 -9999 -9999 -9999 -9999 -9999 -9999 -9999 -9999 -9999 -9999 -9999 -9999 -9999 -9999 14.06 12.57 11.32 -9999 -9999 -9999 9.78 10.26 6.65 7.82 9.50 7.63 6.98 9.45 14.81 14.41 8.52 14.09 16.25 13.07 14.33 12.72 11.03 8.70 8.78 8.41 8.28 8.38 8.70 9.08 8.96 9.17 7.64 8.64 10.15 11.15 11.61 11.45 10.50 10.85 12.93 15.15 -9999 -9999 -9999 -9999 -9999 -9999 -9999 -9999 -9999 -9999 -9999
-9999 -9999 -9999 -9999 -9999 -9999 -9999 -9999 -9999 -9999 -9999 -9999 -9999 -9999 -9999 -9999 -9999 -9999 -9999 -9999 -9999 -9999 -9999 -9999 -9999 -9999 -9999 -9999 -9999 -9999 10.86 8.00 7.46 9.61 10.97 11.95 11.70 9.51 10.18 13.76 13.35 10.93 8.87 13.12 14.89 12.96 11.73 10.49 9.36 9.01 9.13 8.50 8.32 8.43 8.39 8.09 7.22 8.47 12.12 10.60 11.49 10.61 10.70 9.73 11.00 12.81 -9999 -9999 -9999 -9999 -9999 -9999 -9999 -9999 -9999 -9999 -9999 -9999
-9999 -9999 -9999 -9999 -9999 -9999 -9999 -9999 -9999 -9999 -9999 -9999 -9999 -9999 -9999 -9999 -9999 -9999 -9999 -9999 -9999 -9999 -9999 -9999 -9999 -9999 -9999 -9999 -9999 -9999 9.90 7.35 8.63 12.19 15.50 14.02 10.52 11.75 8.91 9.56 8.86 10.83 11.47 12.89 13.33 12.76 11.28 10.54 9.91 9.02 9.15 8.41 8.32 8.36 8.43 8.09 7.11 8.00 13.09 12.57 10.63 10.14 9.83 9.57 10.91 13.12 -9999 -9999 -9999 -9999 -9999 -9999 -9999 -9999 -9999 -9999 -9999 -9999
-9999 -9999 -9999 -9999 -9999 -9999 -9999 -9999 -9999 -9999 -9999 -9999 -9999 -9999 -9999 -9999 -9999 -9999 -9999 -9999 -9999 -9999 -9999 -9999 -9999 -9999 -9999 -9999 -9999 -9999 8.85 6.60 7.08 11.10 12.74 12.21 11.06 10.68 9.87 10.44 9.02 9.03 9.74 8.16 13.09 11.23 12.39 10.86 10.41 8.92 8.52 8.49 8.34 8.38 8.35 8.24 7.73 7.67 10.54 11.95 11.05 10.18 9.96 9.62 10.66 12.55 -9999 -9999 -9999 -9999 -9999 -9999 -9999 -9999 -9999 -9999 -9999 -9999
-9999 -9999 -9999 -9999 -9999 -9999 -9999 -9999 -9999 -9999 -9999 -9999 -9999 -9999 -9999 -9999 -9999 -9999 -9999 -9999 -9999 -9999 -9999 -9999 -9999 -9999 -9999 -9999 12.94 10.60 7.88 6.24 9.57 12.23 15.70 11.83 13.42 7.97 9.26 9.25 10.83 11.65 11.08 13.25 9.20 9.47 9.48 9.33 8.78 9.68 8.51 8.32 8.59 8.26 8.29 8.43 8.13 8.11 8.83 11.31 10.97 10.16 9.81 9.66 10.05 11.54 13.52 -9999 -9999 -9999 -9999 -9999 -9999 -9999 -9999 -9999 -9999 -9999
-9999 -9999 -9999 -9999 -9999 -9999 -9999 -9999 -9999 -9999 -9999 -9999 -9999 -9999 -9999 -9999 -9999 -9999 -9999 -9999 -9999 -9999 -9999 -9999 -9999 -9999 -9999 -9999 11.87 9.40 7.84 6.99 7.68 11.52 9.22 8.82 6.72 8.74 12.26 9.59 11.91 11.25 12.63 8.73 13.03 10.35 11.59 10.92 10.83 9.42 8.90 8.43 8.17 8.15 8.29 8.37 8.42 8.26 8.37 9.47 11.23 10.59 9.81 9.74 9.56 10.42 12.53 -9999 -9999 -9999 -9999 -9999 -9999 -9999 -9999 -9999 -9999 -9999
-9999 -9999 -9999 -9999 -9999 -9999 -9999 -9999 -9999 -9999 -9999 -9999 -9999 -9999 -9999 -9999 -9999 -9999 -9999 -9999 -9999 -9999 -9999 -9999 -9999 -9999 -9999 -9999 11.78 9.18 8.21 7.64 8.08 9.08 9.56 8.25 7.17 9.01 9.31 8.60 10.93 13.77 11.05 10.48 8.79 10.73 8.65 9.27 9.90 10.20 9.16 8.76 8.16 8.12 8.30 8.41 8.49 8.47 8.30 8.89 10.66 11.61 10.25 9.61 9.42 9.54 11.04 13.12 -9999 -9999 -9999 -9999 -9999 -9999 -9999 -9999 -9999 -9999
-9999 -9999 -9999 -9999 -9999 -9999 -9999 -9999 -9999 -9999 -9999 -9999 -9999 -9999 -9999 -9999 -9999 -9999 -9999 -9999 -9999 -9999 -9999 -9999 -9999 -9999 -9999 -9999 11.41 9.33 8.65 8.54 8.29 8.20 8.15 8.96 10.08 7.34 7.23 8.57 13.68 13.78 14.88 13.08 10.66 10.28 10.78 9.06 8.23 9.44 9.93 8.72 8.18 8.21 8.15 8.38 8.63 8.84 8.67 8.91 11.12 12.62 11.25 10.54 10.19 9.57 9.86 11.71 13.70 -9999 -9999 -9999 -9999 -9999 -9999 -9999 -9999 -9999
-9999 -9999 -9999 -9999 -9999 -9999 -9999 -9999 -9999 -9999 -9999 -9999 -9999 -9999 -9999 -9999 -9999 -9999 -9999 -9999 -9999 -9999 -9999 -9999 -9999 -9999 -9999 -9999 11.46 9.17 8.54 8.21 7.72 7.18 8.10 7.70 8.69 9.26 11.42 13.18 14.33 11.64 13.63 11.71 11.26 9.48 11.00 10.22 9.15 8.42 8.27 8.44 8.15 8.22 8.34 8.60 8.81 9.16 9.39 9.66 10.49 11.83 11.54 10.89 10.73 10.50 10.09 10.30 12.37 -9999 -9999 -9999 -9999 -9999 -9999 -9999 -9999 -9999
-9999 -9999 -9999 -9999 -9999 -9999 -9999 -9999 -9999 -9999 -9999 -9999 -9999 -9999 -9999 -9999 -9999 -9999 -9999 -9999 -9999 -9999 -9999 -9999 -9999 -9999 -9999 -9999 -9999 9.23 8.63 8.00 7.02 7.36 9.57 9.76 10.42 8.97 8.86 11.44 11.57 13.69 12.90 10.49 8.45 9.02 8.90 10.16 8.99 8.61 9.25 8.88 8.15 8.38 8.39 8.68 8.77 9.05 9.50 9.97 10.44 10.46 10.77 11.01 11.18 -9999 10.91 11.33 12.53 14.71 -9999 -9999 -9999 -9999 -9999 -9999 -9999 -9999
-9999 -9999 -9999 -9999 -9999 -9999 -9999 -9999 -9999 -9999 -9999 -9999 -9999 -9999 -9999 -9999 -9999 -9999 -9999 -9999 -9999 -9999 -9999 -9999 -9999 -9999 -9999 -9999 11.15 9.11 8.47 7.51 6.50 6.42 11.12 12.01 9.68 12.68 12.26 10.05 9.97 14.97 13.28 13.75 10.46 8.38 10.51 8.78 7.95 8.65 8.82 8.43 8.55 8.25 8.33 8.48 8.76 8.72 8.92 10.75 10.13 9.56 11.11 10.40 10.76 10.85 -9999 12.29 13.38 15.14 16.51 -9999 -9999 -9999 -9999 -9999 -9999 -9999
-9999 -9999 -9999 -9999 -9999 -9999 -9999 -9999 -9999 -9999 -9999 -9999 -9999 -9999 -9999 -9999 -9999 -9999 -9999 -9999 -9999 -9999 -9999 -9999 -9999 -9999 -9999 -9999 10.70 8.66 8.11 7.42 8.73 7.51 9.02 12.52 9.09 9.47 9.78 7.43 7.43 12.11 12.14 12.27 8.75 10.84 11.73 9.05 9.98 8.92 9.45 9.18 8.69 8.20 8.22 8.32 8.41 8.29 8.27 8.67 9.26 8.32 8.74 9.64 9.36 10.54 11.23 -9999 -9999 -9999 -9999 -9999 -9999 -9999 -9999 -9999 -9999 -9999
-9999 -9999 -9999 -9999 -9999 -9999 -9999 -9999 -9999 -9999 -9999 -9999 -9999 -9999 -9999 -9999 -9999 -9999 -9999 -9999 -9999 -9999 -9999 -9999 -9999 -9999 -9999 12.94 9.81 8.21 8.89 8.42 8.46 7.94 9.22 9.60 8.88 8.46 7.78 7.32 7.48 10.66 14.00 14.54 10.12 13.01 12.30 9.44 9.54 8.30 8.90 9.24 8.60 8.06 8.34 8.32 8.27 8.38 8.14 8.44 8.68 8.44 8.23 9.93 9.56 9.67 10.22 11.82 13.49 -9999 -9999 -9999 -9999 -9999 -9999 -9999 -9999 -9999
-9999 -9999 -9999 -9999 -9999 -9999 -9999 -9999 -9999 -9999 -9999 -9999 -9999 -9999 -9999 -9999 -9999 -9999 -9999 -9999 -9999 -9999 -9999 -9999 -9999 -9999 -9999 -9999 10.01 8.31 8.09 8.59 10.60 8.24 8.00 7.99 8.35 8.54 7.75 7.15 6.63 7.07 11.77 13.82 15.26 12.47 12.93 11.54 10.12 10.21 7.85 8.11 9.15 8.15 8.16 8.08 8.11 8.37 8.16 8.28 8.72 8.27 7.67 7.95 10.79 9.80 9.51 10.14 11.35 12.96 14.82 -9999 -9999 -9999 -9999 -9999 -9999 -9999
