ML/MeanWindSpeed_2000-11_Actual.txt
ncols         180
nrows         290
xllcorner     -200000
yllcorner     -200000
cellsize      5000
NODATA_value  -9999
[rows 140 to 174 of 290, columns 78 to 155 of 180]
-9999 -9999 -9999 15.97 -9999 -9999 -9999 13.95 14.19 12.08 11.65 12.38 -9999 -9999 12.60 10.31 13.38 14.66 -9999 -9999 -9999 -9999 -9999 12.12 10.49 7.41 7.25 6.02 6.78 7.11 8.71 10.40 8.95 11.56 14.36 15.81 11.46 13.95 14.91 15.34 12.05 12.97 13.45 11.96 8.92 8.72 9.95 7.06 7.58 10.02 12.01 -9999 -9999 -9999 -9999 -9999 -9999 -9999 -9999 -9999 -9999 -9999 -9999 -9999 -9999 -9999 -9999 -9999 -9999 -9999 -9999 -9999 -9999 -9999 -9999 -9999 -9999 -9999
-9999 -9999 -9999 15.81 15.79 -9999 -9999 -9999 14.02 14.73 13.96 14.05 -9999 -9999 -9999 -9999 12.74 -9999 -9999 -9999 -9999 -9999 -9999 10.87 9.92 9.03 9.34 8.82 8.46 8.22 9.01 9.18 9.68 10.12 13.71 15.58 9.36 16.36 15.61 16.81 12.05 12.12 14.90 11.97 9.87 8.90 7.51 6.58 7.86 9.79 11.58 -9999 -9999 -9999 -9999 -9999 -9999 -9999 -9999 -9999 -9999 -9999 -9999 -9999 -9999 -9999 -9999 -9999 -9999 -9999 -9999 -9999 -9999 -9999 -9999 -9999 -9999 -9999
-9999 -9999 -9999 -9999 17.85 -9999 -9999 -9999 -9999 14.41 15.58 15.04 -9999 -9999 -9999 -9999 -9999 -9999 -9999 -9999 -9999 -9999 12.23 11.01 11.34 11.57 11.49 12.09 11.21 10.26 10.42 10.05 11.23 10.79 12.17 20.38 18.74 16.18 15.24 11.42 10.11 10.51 8.56 6.80 10.20 10.73 7.17 7.23 8.82 9.89 11.40 12.86 -9999 -9999 -9999 -9999 -9999 -9999 -9999 -9999 -9999 -9999 -9999 -9999 -9999 -9999 -9999 -9999 -9999 -9999 -9999 -9999 -9999 -9999 -9999 -9999 -9999 -9999
-9999 -9999 -9999 -9999 19.43 -9999 -9999 -9999 -9999 -9999 -9999 -9999 -9999 -9999 -9999 -9999 -9999 -9999 -9999 -9999 -9999 -9999 12.00 9.75 8.72 8.46 8.12 17.31 12.32 10.26 13.43 9.95 12.43 8.96 10.09 17.62 21.89 14.62 11.48 17.64 20.13 17.59 13.61 11.81 7.02 8.50 8.56 10.34 9.29 9.13 11.14 12.65 13.15 -9999 -9999 -9999 -9999 -9999 -9999 -9999 -9999 -9999 -9999 -9999 -9999 -9999 -9999 -9999 -9999 -9999 -9999 -9999 -9999 -9999 -9999 -9999 -9999 -9999
-9999 -9999 -9999 -9999 -9999 -9999 -9999 -9999 -9999 -9999 -9999 -9999 -9999 -9999 -9999 -9999 -9999 -9999 -9999 -9999 -9999 12.29 10.77 8.85 7.29 11.85 5.90 22.18 18.92 8.49 10.64 9.42 9.34 10.86 8.33 10.04 21.75 18.96 14.86 12.80 11.75 15.12 14.42 12.93 10.50 9.18 9.18 8.98 8.49 9.34 9.36 9.97 11.20 -9999 -9999 -9999 -9999 -9999 -9999 -9999 -9999 -9999 -9999 -9999 -9999 -9999 -9999 -9999 -9999 -9999 -9999 -9999 -9999 -9999 -9999 -9999 -9999 -9999
-9999 -9999 -9999 -9999 -9999 -9999 -9999 -9999 -9999 -9999 -9999 -9999 -9999 -9999 -9999 -9999 -9999 -9999 -9999 -9999 -9999 11.49 11.95 8.07 9.60 19.66 10.25 4.69 11.26 13.29 10.47 10.06 9.84 9.80 8.76 8.54 10.50 21.80 16.74 14.00 10.74 10.59 11.16 9.53 9.76 9.89 11.13 8.99 9.89 8.60 8.70 8.60 9.33 10.01 10.39 10.57 -9999 -9999 -9999 -9999 -9999 -9999 -9999 -9999 -9999 -9999 -9999 -9999 -9999 -9999 -9999 -9999 -9999 -9999 -9999 -9999 -9999 -9999
-9999 -9999 -9999 -9999 -9999 -9999 -9999 -9999 -9999 -9999 -9999 -9999 -9999 -9999 -9999 -9999 -9999 -9999 -9999 -9999 -9999 11.84 11.13 10.36 14.49 7.89 8.57 10.11 16.08 11.97 9.43 14.95 7.98 11.84 9.98 9.06 7.45 11.09 13.47 12.63 11.30 10.24 7.24 8.10 8.10 8.09 8.08 8.72 8.58 8.81 8.12 8.24 8.66 12.46 9.77 11.22 12.29 12.01 -9999 -9999 -9999 -9999 -9999 -9999 -9999 -9999 -9999 -9999 -9999 -9999 -9999 -9999 -9999 -9999 -9999 -9999 -9999 -9999
-9999 -9999 -9999 -9999 -9999 -9999 -9999 -9999 -9999 -9999 -9999 -9999 -9999 -9999 -9999 -9999 -9999 -9999 -9999 -9999 -9999 12.02 11.80 12.90 20.03 20.64 14.49 9.98 12.14 14.13 17.68 10.58 15.42 12.94 11.16 10.47 9.13 5.71 5.96 12.65 12.09 10.82 9.53 8.48 8.19 8.60 8.78 8.29 8.67 8.47 7.86 8.58 8.65 9.21 12.41 11.68 11.65 13.35 13.35 10.69 -9999 -9999 -9999 -9999 -9999 -9999 -9999 -9999 -9999 -9999 -9999 -9999 -9999 -9999 -9999 -9999 -9999 -9999
-9999 -9999 -9999 -9999 -9999 -9999 -9999 -9999 -9999 -9999 -9999 -9999 -9999 -9999 -9999 -9999 -9999 -9999 -9999 -9999 -9999 12.18 10.76 14.11 15.85 8.54 24.15 20.02 10.38 14.75 12.42 17.20 18.53 13.06 10.10 10.76 11.25 7.29 16.89 14.69 14.37 15.11 15.51 14.09 9.43 11.01 9.53 9.12 9.06 8.85 8.63 8.02 6.98 7.45 10.46 8.86 8.20 9.56 11.78 9.38 13.50 -9999 -9999 -9999 -9999 -9999 -9999 -9999 -9999 -9999 -9999 -9999 -9999 -9999 -9999 -9999 -9999 -9999
-9999 -9999 -9999 -9999 -9999 -9999 -9999 -9999 -9999 14.12 14.58 16.22 -9999 -9999 -9999 -9999 -9999 -9999 -9999 -9999 -9999 -9999 11.50 9.88 7.33 9.80 12.14 16.54 8.56 5.86 13.92 13.04 12.61 11.29 13.62 13.60 11.50 11.55 14.71 13.91 18.63 16.83 13.59 12.74 13.39 11.17 9.82 9.56 9.27 9.62 8.88 7.75 13.59 11.63 15.38 15.73 13.97 12.58 8.91 12.81 13.41 12.29 -9999 -9999 -9999 -9999 -9999 -9999 -9999 -9999 -9999 -9999 -9999 -9999 -9999 -9999 -9999 -9999
-9999 -9999 -9999 -9999 -9999 -9999 -9999 -9999 -9999 10.90 11.62 -9999 -9999 -9999 -9999 -9999 -9999 -9999 -9999 -9999 -9999 -9999 -9999 10.26 5.63 10.68 10.83 21.36 11.34 11.86 10.56 8.30 7.97 9.31 9.21 20.08 11.07 11.56 17.16 13.28 9.05 8.10 14.21 8.71 12.73 10.34 9.13 8.92 9.26 9.40 10.21 12.81 13.70 12.15 11.17 10.51 12.16 13.77 12.76 12.69 11.98 15.34 -9999 -9999 -9999 -9999 -9999 -9999 -9999 -9999 -9999 -9999 -9999 -9999 -9999 -9999 -9999 -9999
-9999 -9999 -9999 -9999 -9999 -9999 -9999 -9999 12.53 15.13 14.84 15.00 -9999 -9999 -9999 -9999 -9999 -9999 -9999 -9999 -9999 -9999 -9999 11.95 12.68 13.15 12.32 9.02 12.85 10.36 9.81 8.93 7.86 10.75 8.89 5.80 17.57 10.99 8.80 13.75 10.64 14.41 10.38 10.67 8.74 9.00 8.99 9.40 8.87 9.07 10.94 11.89 9.73 10.35 11.62 11.35 12.30 12.41 12.65 12.42 10.05 14.51 13.36 -9999 -9999 -9999 -9999 -9999 -9999 -9999 -9999 -9999 -9999 -9999 -9999 -9999 -9999 -9999
-9999 -9999 -9999 -9999 -9999 -9999 -9999 12.88 17.98 18.95 23.20 14.97 -9999 -9999 -9999 -9999 -9999 -9999 -9999 -9999 -9999 -9999 -9999 13.35 17.88 13.33 6.57 9.01 9.50 10.83 8.70 8.15 9.60 11.38 7.59 15.37 10.24 14.04 9.18 15.25 7.38 9.09 6.22 9.60 7.67 8.57 9.64 8.61 8.84 8.62 8.93 12.20 11.81 10.55 8.96 9.66 9.49 10.16 10.78 12.55 12.23 11.56 13.12 -9999 -9999 -9999 -9999 -9999 -9999 -9999 -9999 -9999 -9999 -9999 -9999 -9999 -9999 -9999
-9999 -9999 -9999 -9999 -9999 -9999 15.51 14.15 22.27 16.52 15.77 -9999 -9999 -9999 -9999 -9999 -9999 -9999 -9999 -9999 -9999 -9999 -9999 -9999 11.67 8.63 7.71 11.33 8.42 11.55 9.55 9.15 8.87 10.86 8.86 16.52 14.91 15.77 14.43 15.25 15.10 14.86 11.94 11.09 11.41 10.53 8.49 8.69 8.83 8.57 8.53 8.61 13.96 11.74 7.97 7.55 7.99 7.90 7.94 7.52 7.99 7.95 9.70 12.42 13.64 -9999 -9999 -9999 -9999 -9999 -9999 -9999 -9999 -9999 -9999 -9999 -9999 -9999
-9999 -9999 -9999 -9999 -9999 -9999 19.40 20.72 13.80 12.93 13.78 -9999 -9999 -9999 -9999 -9999 -9999 -9999 -9999 -9999 -9999 -9999 -9999 -9999 -9999 10.00 10.84 9.93 8.95 10.80 10.42 10.61 9.54 10.85 8.21 15.74 13.99 12.45 14.85 12.98 12.18 18.27 17.31 11.28 13.51 11.68 11.03 8.91 8.71 8.72 8.43 8.17 8.78 9.22 8.25 8.34 8.28 8.25 7.61 7.02 7.32 7.99 12.43 13.26 13.04 -9999 -9999 -9999 -9999 -9999 -9999 -9999 -9999 -9999 -9999 -9999 -9999 -9999
-9999 -9999 -9999 -9999 -9999 -9999 20.12 17.09 17.09 15.16 -9999 -9999 -9999 -9999 -9999 -9999 -9999 -9999 -9999 -9999 -9999 -9999 -9999 -9999 -9999 11.98 11.67 10.73 -9999 11.21 -9999 10.94 8.60 7.08 5.92 5.31 13.16 12.89 12.75 17.22 8.25 9.26 16.88 13.35 11.86 12.02 10.56 9.16 8.84 8.75 8.34 8.33 8.16 9.33 11.14 9.67 10.50 9.02 7.62 8.96 10.91 10.49 9.86 10.24 12.89 15.62 16.54 -9999 -9999 -9999 -9999 -9999 -9999 -9999 -9999 -9999 -9999 -9999
-9999 -9999 -9999 -9999 -9999 19.47 17.17 16.22 -9999 -9999 -9999 -9999 -9999 -9999 -9999 -9999 -9999 -9999 -9999 -9999 -9999 -9999 -9999 -9999 -9999 13.71 11.99 10.84 -9999 -9999 -9999 11.02 10.83 5.76 6.66 7.76 6.52 7.81 10.17 15.49 15.59 7.75 13.09 15.26 10.69 12.69 11.41 10.20 8.00 8.37 8.21 8.32 8.26 8.55 9.38 9.62 10.44 8.73 8.96 10.53 11.88 12.31 12.02 10.93 11.04 12.92 14.95 -9999 -9999 -9999 -9999 -9999 -9999 -9999 -9999 -9999 -9999 -9999
-9999 -9999 -9999 -9999 -9999 -9999 -9999 -9999 -9999 -9999 -9999 -9999 -9999 -9999 -9999 -9999 -9999 -9999 -9999 -9999 -9999 -9999 -9999 -9999 -9999 -9999 -9999 -9999 -9999 -9999 12.63 10.87 9.83 11.51 12.43 12.66 12.07 10.19 10.48 14.00 13.76 10.91 7.25 11.77 13.47 10.89 9.95 9.31 8.80 8.69 9.11 8.51 8.25 8.30 8.45 8.81 8.72 10.13 13.27 10.52 11.42 10.46 10.70 9.64 10.69 12.33 -9999 -9999 -9999 -9999 -9999 -9999 -9999 -9999 -9999 -9999 -9999 -9999
-9999 -9999 -9999 -9999 -9999 -9999 -9999 -9999 -9999 -9999 -9999 -9999 -9999 -9999 -9999 -9999 -9999 -9999 -9999 -9999 -9999 -9999 -9999 -9999 -9999 -9999 -9999 -9999 -9999 -9999 12.05 10.91 12.22 14.46 17.82 15.53 10.63 12.46 7.83 8.38 7.84 10.53 11.33 11.55 11.97 11.73 10.01 9.81 9.66 8.76 9.15 8.50 8.45 8.58 8.72 8.87 8.80 9.65 14.38 12.36 9.79 9.54 9.50 9.52 10.75 12.79 -9999 -9999 -9999 -9999 -9999 -9999 -9999 -9999 -9999 -9999 -9999 -9999
-9999 -9999 -9999 -9999 -9999 -9999 -9999 -9999 -9999 -9999 -9999 -9999 -9999 -9999 -9999 -9999 -9999 -9999 -9999 -9999 -9999 -9999 -9999 -9999 -9999 -9999 -9999 -9999 -9999 -9999 10.85 9.87 9.78 12.21 13.30 12.28 10.94 10.22 8.25 9.11 7.68 7.33 8.97 6.36 12.03 10.59 11.99 10.20 9.92 8.39 8.28 8.71 8.72 8.82 8.74 8.87 9.05 8.86 11.09 11.66 10.13 9.43 9.80 9.78 10.76 12.49 -9999 -9999 -9999 -9999 -9999 -9999 -9999 -9999 -9999 -9999 -9999 -9999
-9999 -9999 -9999 -9999 -9999 -9999 -9999 -9999 -9999 -9999 -9999 -9999 -9999 -9999 -9999 -9999 -9999 -9999 -9999 -9999 -9999 -9999 -9999 -9999 -9999 -9999 -9999 -9999 13.42 11.46 9.92 9.65 12.31 13.18 16.54 11.58 14.27 7.45 9.23 8.97 9.75 9.99 9.79 12.45 7.46 8.24 8.41 8.57 8.06 9.34 8.28 8.52 9.11 8.73 8.70 8.90 8.88 8.89 8.82 11.00 10.04 9.35 9.73 9.98 10.35 11.65 13.35 -9999 -9999 -9999 -9999 -9999 -9999 -9999 -9999 -9999 -9999 -9999
-9999 -9999 -9999 -9999 -9999 -9999 -9999 -9999 -9999 -9999 -9999 -9999 -9999 -9999 -9999 -9999 -9999 -9999 -9999 -9999 -9999 -9999 -9999 -9999 -9999 -9999 -9999 -9999 12.57 10.36 9.41 9.13 9.29 12.36 8.59 9.06 7.44 9.40 13.90 10.26 11.06 9.99 11.49 6.56 12.09 9.29 11.11 10.96 11.18 9.50 8.87 8.55 8.54 8.56 8.70 8.77 8.89 8.89 8.75 9.32 10.70 9.88 9.76 10.11 9.95 10.71 12.61 -9999 -9999 -9999 -9999 -9999 -9999 -9999 -9999 -9999 -9999 -9999
-9999 -9999 -9999 -9999 -9999 -9999 -9999 -9999 -9999 -9999 -9999 -9999 -9999 -9999 -9999 -9999 -9999 -9999 -9999 -9999 -9999 -9999 -9999 -9999 -9999 -9999 -9999 -9999 12.68 10.29 9.62 9.26 9.07 8.76 8.87 8.28 7.01 9.01 9.97 9.12 10.84 13.68 9.97 8.98 7.29 10.21 7.98 9.17 10.28 10.73 9.36 9.03 8.49 8.49 8.72 8.84 8.93 9.08 9.27 9.51 10.77 11.69 10.46 10.01 9.87 10.03 11.30 13.07 -9999 -9999 -9999 -9999 -9999 -9999 -9999 -9999 -9999 -9999
-9999 -9999 -9999 -9999 -9999 -9999 -9999 -9999 -9999 -9999 -9999 -9999 -9999 -9999 -9999 -9999 -9999 -9999 -9999 -9999 -9999 -9999 -9999 -9999 -9999 -9999 -9999 -9999 12.30 10.47 9.94 9.91 9.30 8.61 7.50 8.39 10.10 6.97 7.33 8.75 14.70 14.10 15.41 13.26 10.32 9.97 10.57 8.71 8.10 9.62 10.09 8.86 8.48 8.62 8.54 8.80 9.05 9.34 9.61 9.65 11.31 12.84 11.31 10.71 10.48 9.92 10.22 11.89 13.54 -9999 -9999 -9999 -9999 -9999 -9999 -9999 -9999 -9999
-9999 -9999 -9999 -9999 -9999 -9999 -9999 -9999 -9999 -9999 -9999 -9999 -9999 -9999 -9999 -9999 -9999 -9999 -9999 -9999 -9999 -9999 -9999 -9999 -9999 -9999 -9999 -9999 12.15 10.09 9.62 9.50 9.12 8.30 8.38 7.63 9.85 10.58 12.70 14.20 14.73 10.02 12.44 11.05 11.28 9.38 10.78 9.94 8.99 8.09 7.85 8.36 8.37 8.63 8.77 9.02 9.20 9.55 9.89 9.94 9.99 11.34 11.12 10.71 10.79 10.71 10.40 10.60 12.48 -9999 -9999 -9999 -9999 -9999 -9999 -9999 -9999 -9999
-9999 -9999 -9999 -9999 -9999 -9999 -9999 -9999 -9999 -9999 -9999 -9999 -9999 -9999 -9999 -9999 -9999 -9999 -9999 -9999 -9999 -9999 -9999 -9999 -9999 -9999 -9999 -9999 -9999 10.05 9.60 9.35 8.91 9.69 11.80 11.43 12.89 11.73 10.84 13.03 11.40 11.90 10.15 7.76 6.67 7.81 7.60 9.76 8.95 8.55 9.10 8.83 8.32 8.86 8.83 9.10 9.17 9.53 9.92 10.10 10.12 9.91 10.45 10.76 11.09 -9999 11.09 11.52 12.64 14.64 -9999 -9999 -9999 -9999 -9999 -9999 -9999 -9999
-9999 -9999 -9999 -9999 -9999 -9999 -9999 -9999 -9999 -9999 -9999 -9999 -9999 -9999 -9999 -9999 -9999 -9999 -9999 -9999 -9999 -9999 -9999 -9999 -9999 -9999 -9999 -9999 11.83 9.90 9.37 8.66 8.78 9.63 14.26 14.40 11.90 15.48 14.27 11.94 10.80 15.13 11.25 11.22 8.51 6.30 9.06 7.89 7.66 8.95 9.04 8.35 8.75 8.66 8.77 8.95 9.25 9.36 9.56 11.51 10.56 9.70 11.51 10.46 10.43 10.65 -9999 12.25 13.26 14.90 16.15 -9999 -9999 -9999 -9999 -9999 -9999 -9999
-9999 -9999 -9999 -9999 -9999 -9999 -9999 -9999 -9999 -9999 -9999 -9999 -9999 -9999 -9999 -9999 -9999 -9999 -9999 -9999 -9999 -9999 -9999 -9999 -9999 -9999 -9999 -9999 11.57 9.77 9.35 8.66 10.96 9.93 10.72 14.12 9.79 10.36 10.92 8.92 8.88 12.82 10.54 10.19 6.49 9.14 10.62 8.04 9.87 9.15 9.89 9.32 8.86 8.58 8.66 8.81 8.91 8.95 9.00 9.17 9.90 8.90 9.30 10.07 9.06 10.07 10.95 -9999 -9999 -9999 -9999 -9999 -9999 -9999 -9999 -9999 -9999 -9999
-9999 -9999 -9999 -9999 -9999 -9999 -9999 -9999 -9999 -9999 -9999 -9999 -9999 -9999 -9999 -9999 -9999 -9999 -9999 -9999 -9999 -9999 -9999 -9999 -9999 -9999 -9999 13.53 10.83 9.62 10.54 9.78 9.95 9.47 10.12 9.89 9.41 9.41 9.09 9.08 10.03 12.76 14.54 14.03 7.95 11.16 10.47 7.97 8.99 8.20 9.16 9.29 8.47 8.29 8.78 8.80 8.77 8.98 8.87 8.87 8.95 9.04 8.93 10.64 9.44 9.28 9.82 11.51 13.35 -9999 -9999 -9999 -9999 -9999 -9999 -9999 -9999 -9999
-9999 -9999 -9999 -9999 -9999 -9999 -9999 -9999 -9999 -9999 -9999 -9999 -9999 -9999 -9999 -9999 -9999 -9999 -9999 -9999 -9999 -9999 -9999 -9999 -9999 -9999 -9999 -9999 10.90 9.51 9.53 9.74 11.95 9.32 8.66 8.42 9.31 9.97 9.55 9.58 9.84 9.27 13.11 13.50 14.41 10.84 11.04 10.29 9.47 10.46 7.86 7.68 8.81 8.24 8.54 8.54 8.52 8.86 8.80 8.69 8.88 8.78 8.69 8.82 11.43 9.65 9.10 9.75 11.28 12.98 14.67 -9999 -9999 -9999 -9999 -9999 -9999 -9999
-9999 -9999 -9999 -9999 -9999 -9999 -9999 -9999 -9999 -9999 -9999 -9999 -9999 -9999 -9999 -9999 -9999 -9999 -9999 -9999 -9999 -9999 -9999 -9999 -9999 -9999 -9999 -9999 10.68 9.87 9.22 9.31 9.48 9.68 9.08 8.33 8.68 8.54 8.47 8.82 8.98 9.68 8.07 12.67 16.11 16.67 12.88 11.01 10.74 9.36 9.90 8.16 9.42 8.48 8.67 8.50 8.44 8.58 8.76 9.04 8.80 8.67 8.71 9.28 11.56 10.34 10.25 8.96 9.54 11.12 12.99 -9999 -9999 -9999 -9999 -9999 -9999 -9999
-9999 -9999 -9999 -9999 -9999 -9999 -9999 -9999 18.36 16.87 17.03 18.24 -9999 -9999 -9999 -9999 -9999 -9999 -9999 -9999 -9999 -9999 -9999 -9999 -9999 -9999 -9999 11.18 9.87 10.52 9.56 10.45 9.65 8.90 8.68 8.70 8.53 8.68 8.59 8.86 8.62 8.60 11.60 13.59 13.64 10.56 14.11 12.43 8.84 9.63 7.70 10.80 10.35 8.79 8.81 8.59 8.43 8.54 8.81 8.97 9.10 8.81 8.56 8.89 9.29 11.35 10.72 11.18 9.13 9.40 11.38 13.47 -9999 -9999 -9999 -9999 -9999 -9999
-9999 -9999 -9999 -9999 -9999 -9999 -9999 -9999 17.81 16.30 15.53 15.88 -9999 -9999 -9999 -9999 -9999 -9999 -9999 -9999 -9999 -9999 -9999 -9999 -9999 -9999 11.16 10.90 9.76 10.17 11.45 9.66 9.46 8.53 8.68 9.10 8.94 9.17 9.32 8.57 8.03 7.64 8.92 15.34 15.16 9.97 11.74 11.10 11.17 8.32 7.73 9.53 9.88 9.07 8.21 8.25 8.37 9.01 9.00 8.85 8.71 9.09 8.66 9.02 9.02 11.11 10.84 10.45 9.28 9.36 10.18 12.45 -9999 -9999 -9999 -9999 -9999 -9999
-9999 -9999 -9999 -9999 -9999 -9999 21.62 17.65 15.49 15.61 14.85 15.81 14.74 15.46 15.59 -9999 -9999 14.47 11.73 -9999 -9999 -9999 10.84 11.89 10.29 -9999 8.24 11.09 10.04 9.39 10.11 9.43 9.63 9.82 10.74 10.28 10.32 9.10 9.74 8.99 8.29 11.76 7.18 8.98 12.85 6.99 9.14 15.45 8.59 11.78 9.12 9.14 9.08 8.74 8.66 8.67 8.48 8.99 8.62 8.78 8.33 9.17 8.51 8.84 9.17 9.71 10.43 11.28 10.71 9.52 9.41 11.37 13.74 -9999 -9999 -9999 -9999 -9999
-9999 -9999 -9999 -9999 -9999 -9999 -9999 18.19 16.06 14.97 14.22 14.17 14.66 15.43 10.91 -9999 7.85 11.55 12.52 10.21 11.30 7.89 7.84 13.30 11.85 9.43 -9999 7.84 10.17 10.20 9.43 9.30 9.96 9.09 9.22 9.44 9.41 9.72 9.56 10.46 9.34 12.15 11.54 10.39 11.11 10.84 13.24 12.83 10.67 8.77 8.33 9.96 9.84 8.36 9.25 8.62 8.97 9.27 8.75 8.72 8.26 9.11 8.52 8.90 9.38 9.29 10.09 10.73 11.63 10.64 9.77 10.64 12.86 -9999 -9999 -9999 -9999 -9999
