ML/MeanWindSpeed_1997-02_Actual.txt
ncols         180
nrows         290
xllcorner     -200000
yllcorner     -200000
cellsize      5000
NODATA_value  -9999
[rows 170 to 203 of 290, columns 77 to 153 of 180]
-9999 -9999 -9999 -9999 -9999 -9999 -9999 -9999 -9999 -9999 -9999 -9999 -9999 -9999 -9999 -9999 -9999 -9999 -9999 -9999 -9999 -9999 -9999 -9999 -9999 -9999 -9999 -9999 -9999 14.17 13.19 12.48 12.69 12.97 12.93 12.18 11.17 11.30 10.67 10.23 10.17 10.16 11.59 11.34 20.58 25.38 26.05 22.10 19.18 17.03 14.19 14.23 12.72 14.56 12.43 12.21 11.79 11.80 11.87 11.80 12.34 12.45 11.97 10.88 11.64 15.29 14.66 15.24 13.27 13.13 14.41 16.37 -9999 -9999 -9999 -9999 -9999
-9999 -9999 -9999 -9999 -9999 -9999 -9999 -9999 -9999 22.99 21.96 22.83 24.56 -9999 -9999 -9999 -9999 -9999 -9999 -9999 -9999 -9999 -9999 -9999 -9999 -9999 -9999 -9999 15.01 13.38 13.98 12.90 14.29 13.31 12.20 11.80 11.61 11.04 10.92 10.55 10.35 10.20 10.12 15.59 21.04 21.73 17.98 23.54 21.79 15.50 14.98 11.36 15.96 15.71 12.90 12.51 12.01 11.92 11.93 11.76 12.05 12.69 12.31 10.99 11.05 11.96 15.39 15.42 16.25 13.21 12.83 14.68 16.97 -9999 -9999 -9999 -9999
-9999 -9999 -9999 -9999 -9999 -9999 -9999 -9999 -9999 21.97 20.94 20.82 21.50 -9999 -9999 -9999 -9999 -9999 -9999 -9999 -9999 -9999 -9999 -9999 -9999 -9999 -9999 14.95 14.67 13.63 14.07 15.51 13.37 13.32 11.56 11.29 11.44 10.99 11.29 11.46 10.13 9.48 9.94 13.36 23.98 24.34 17.63 20.58 19.64 18.60 13.21 11.45 14.52 15.30 13.52 11.91 11.67 11.92 12.53 12.01 11.81 12.07 12.77 11.61 11.37 11.45 14.66 15.09 15.28 13.58 13.11 13.60 15.91 -9999 -9999 -9999 -9999
-9999 -9999 -9999 -9999 -9999 -9999 -9999 26.73 21.50 19.05 19.88 19.56 21.14 20.59 22.35 23.61 -9999 -9999 22.33 18.52 -9999 -9999 -9999 13.67 16.24 15.81 -9999 12.60 15.52 14.25 13.54 14.19 13.12 13.55 13.16 13.70 12.61 12.44 10.98 11.55 10.36 10.61 16.97 12.82 16.73 21.44 12.90 15.83 24.41 15.00 17.31 13.32 14.41 14.47 13.23 12.56 12.34 12.29 12.55 11.63 11.78 11.58 12.91 11.61 11.35 11.62 12.57 14.04 16.05 15.41 13.37 13.03 14.89 17.39 -9999 -9999 -9999
-9999 -9999 -9999 -9999 -9999 -9999 -9999 -9999 22.22 19.86 18.98 18.32 18.78 21.09 24.01 20.51 -9999 19.84 19.14 19.65 16.48 17.28 11.58 9.79 16.93 17.72 16.19 -9999 12.45 14.86 14.48 13.14 12.96 14.16 12.83 12.09 11.68 11.28 11.54 10.86 11.23 11.08 17.34 18.67 18.05 19.23 17.70 20.56 21.27 18.43 14.01 12.87 15.90 15.54 12.89 13.55 12.63 13.23 13.01 11.85 11.71 11.46 13.01 11.95 11.70 11.91 11.76 13.24 14.86 16.32 14.75 13.32 14.03 16.43 -9999 -9999 -9999
-9999 -9999 -9999 -9999 -9999 -9999 -9999 -9999 -9999 21.41 20.37 19.22 18.43 18.76 16.63 16.29 27.70 37.59 17.80 21.29 20.05 18.10 14.74 9.67 9.25 14.10 19.34 16.26 12.61 12.97 14.23 13.06 13.39 15.53 13.78 12.34 11.20 11.19 11.21 10.66 10.68 10.90 19.65 21.95 18.36 18.92 15.76 14.44 17.01 17.41 13.89 13.33 15.47 14.16 13.05 13.84 12.97 14.34 12.93 12.51 12.05 11.89 14.28 12.72 12.23 12.25 11.92 12.80 13.82 14.20 14.81 15.49 13.35 15.53 18.17 -9999 -9999
-9999 -9999 -9999 -9999 -9999 -9999 -9999 -9999 -9999 -9999 23.00 19.28 17.42 15.75 15.37 20.77 44.33 31.30 15.41 23.35 15.05 19.74 18.93 12.20 7.90 18.72 16.86 18.77 15.99 12.90 12.83 12.87 11.89 13.67 14.16 13.04 12.00 11.10 11.31 10.80 10.39 13.35 15.50 22.48 19.08 20.41 18.92 12.16 16.07 19.36 14.44 14.52 15.74 14.39 13.92 13.78 13.24 14.59 12.93 12.50 12.79 12.44 13.97 13.78 12.81 12.52 12.34 12.60 13.65 15.76 14.20 13.19 13.32 15.08 17.85 -9999 -9999
-9999 -9999 -9999 -9999 -9999 -9999 -9999 -9999 -9999 -9999 -9999 19.41 16.33 17.35 21.04 38.91 43.40 31.10 23.10 20.73 20.10 21.21 21.29 20.15 12.50 11.09 21.51 18.29 16.55 14.70 12.72 12.41 12.74 12.96 13.41 12.32 11.27 11.37 11.29 11.01 11.33 12.95 16.45 18.82 15.81 16.59 19.45 16.34 12.25 19.36 15.13 15.08 16.09 14.69 14.39 13.80 14.20 14.73 13.30 12.90 12.89 12.32 14.99 14.03 13.28 13.08 12.94 13.45 13.38 13.52 13.08 12.90 13.40 15.70 18.19 -9999 -9999
-9999 -9999 -9999 -9999 -9999 -9999 -9999 -9999 -9999 -9999 -9999 18.60 17.18 22.09 26.33 30.96 37.38 24.67 19.02 21.37 23.76 22.62 23.31 20.04 14.07 10.02 21.79 22.13 17.82 15.86 12.66 12.04 12.78 14.27 13.36 12.42 11.69 10.70 10.33 11.10 14.22 14.21 11.51 19.46 15.75 16.82 19.88 19.90 16.27 14.96 14.44 12.84 15.32 16.41 14.61 14.03 13.19 13.68 13.08 13.59 13.23 13.07 14.15 15.16 14.40 14.23 13.72 13.61 13.28 12.91 12.89 13.55 14.94 17.07 -9999 -9999 -9999
-9999 -9999 -9999 -9999 -9999 -9999 -9999 -9999 -9999 -9999 -9999 16.89 17.45 20.93 21.28 30.23 28.23 22.50 24.13 19.67 20.23 23.50 20.35 23.65 18.67 12.26 19.94 22.24 21.06 15.45 13.55 11.80 13.30 15.16 14.36 12.55 11.34 10.55 11.01 13.34 13.83 11.48 11.40 16.40 16.21 15.98 16.25 15.60 16.01 17.35 12.49 14.24 14.74 14.26 14.81 13.76 14.64 12.85 13.13 13.63 13.62 14.34 17.79 16.29 15.16 14.50 14.19 13.80 13.44 13.20 13.39 14.88 16.87 -9999 -9999 -9999 -9999
-9999 -9999 -9999 -9999 -9999 -9999 -9999 -9999 -9999 -9999 18.19 30.47 19.26 21.75 24.79 18.48 35.77 31.54 28.98 24.78 26.83 20.46 20.93 18.06 15.36 17.67 23.97 21.70 20.39 15.12 13.08 11.65 14.17 14.47 13.52 12.51 11.00 10.88 13.16 12.48 11.55 13.45 15.15 11.70 19.08 17.84 13.55 15.07 14.52 13.74 13.90 12.88 12.90 13.21 14.83 13.82 12.54 14.49 13.19 13.58 14.21 15.32 18.08 16.42 15.31 14.90 14.17 13.86 13.35 13.22 14.48 16.38 -9999 -9999 -9999 -9999 -9999
-9999 -9999 -9999 -9999 -9999 -9999 -9999 -9999 19.68 18.79 24.61 21.51 17.87 18.80 21.29 15.97 19.27 22.71 28.67 26.65 27.05 23.47 23.05 13.43 17.83 17.80 13.87 15.37 14.49 15.35 13.69 12.47 14.00 14.41 14.06 12.40 11.95 13.69 12.39 12.90 11.34 13.93 15.21 14.68 13.15 12.06 15.03 14.53 14.08 14.35 14.43 14.17 12.15 13.69 13.48 12.29 12.37 12.80 13.30 13.99 14.09 15.36 17.74 16.25 14.98 14.67 13.93 13.56 13.19 13.64 15.25 -9999 -9999 -9999 -9999 -9999 18.29
-9999 -9999 -9999 -9999 -9999 -9999 -9999 20.21 19.85 19.63 19.67 18.85 18.09 16.10 13.39 12.95 16.54 19.59 23.78 34.65 20.29 15.99 14.64 9.46 20.02 22.36 21.54 16.59 14.61 15.27 14.78 14.02 14.48 15.34 14.30 13.28 12.76 13.55 13.90 11.38 11.24 14.07 14.38 13.82 13.16 13.60 14.42 12.81 13.96 12.80 13.09 14.22 13.27 12.43 11.71 12.12 13.30 12.71 13.11 13.68 14.13 14.92 17.72 16.51 14.86 14.04 13.51 13.29 13.09 13.58 14.89 -9999 -9999 -9999 -9999 -9999 16.53
-9999 -9999 -9999 -9999 -9999 -9999 20.63 22.29 21.10 20.59 -9999 -9999 -9999 -9999 13.25 23.74 20.82 20.16 24.16 20.54 15.71 19.10 16.80 14.04 29.29 25.28 21.08 22.27 17.23 13.99 14.95 15.09 14.31 14.45 14.05 13.18 13.63 12.42 14.32 11.96 11.62 12.41 13.43 13.89 13.74 12.40 12.78 12.76 12.96 12.84 12.64 12.25 12.07 11.77 12.19 13.18 12.81 12.34 13.46 14.48 14.81 14.88 16.31 15.87 15.27 13.59 13.24 13.02 12.82 12.98 14.08 16.05 -9999 -9999 -9999 -9999 15.18
-9999 -9999 -9999 -9999 -9999 -9999 22.93 25.74 20.52 20.93 -9999 -9999 -9999 -9999 13.44 19.55 22.94 14.89 22.36 20.18 17.58 21.94 24.03 18.42 25.01 14.13 16.52 17.04 15.66 13.98 14.18 14.73 14.42 14.76 15.45 13.57 14.22 13.32 13.20 13.85 12.09 12.44 11.63 13.12 14.58 15.22 15.15 12.76 12.11 12.30 12.44 13.22 12.26 12.31 12.94 13.30 14.18 12.90 15.87 15.92 16.33 14.89 15.42 15.16 14.65 13.18 13.12 12.93 12.65 12.62 12.86 14.15 15.37 -9999 -9999 15.85 15.24
-9999 -9999 -9999 -9999 -9999 -9999 -9999 -9999 -9999 -9999 -9999 -9999 -9999 -9999 14.87 23.04 20.56 14.67 17.52 13.51 23.71 22.18 13.93 19.25 18.35 16.03 17.64 14.72 14.03 13.31 14.94 14.58 15.07 14.57 13.80 13.74 13.51 12.89 13.01 13.74 12.48 12.01 12.64 13.34 12.76 14.02 14.41 11.42 13.68 15.46 13.83 14.06 13.55 11.72 12.85 14.24 15.73 15.25 14.41 15.14 16.28 15.34 15.71 14.96 14.45 12.92 12.99 12.93 12.78 12.56 12.24 12.59 13.47 14.67 15.21 14.75 14.89
-9999 -9999 -9999 -9999 -9999 -9999 -9999 -9999 -9999 -9999 -9999 -9999 -9999 -9999 -9999 22.96 10.26 10.78 16.02 22.15 19.70 22.30 20.59 13.71 15.77 18.26 13.17 13.02 12.54 13.07 13.47 14.45 14.57 14.44 13.86 13.50 13.22 13.30 12.72 13.58 12.98 12.16 15.87 14.78 12.61 12.27 12.19 12.35 12.28 14.16 14.68 14.05 15.97 12.95 12.33 13.45 12.93 13.68 14.04 13.87 15.85 15.73 15.13 14.19 14.39 12.97 12.99 12.88 12.70 12.60 12.56 12.60 12.65 13.29 13.82 14.04 13.86
-9999 -9999 -9999 -9999 -9999 -9999 -9999 -9999 -9999 -9999 -9999 -9999 -9999 -9999 -9999 15.44 23.06 24.40 19.89 16.25 14.48 18.53 14.95 15.28 12.61 12.05 15.80 12.01 12.38 15.94 15.39 15.06 14.31 13.15 12.98 14.01 13.62 15.04 14.54 13.91 12.92 12.05 15.46 16.90 14.53 12.62 11.78 12.25 12.34 12.27 12.98 14.53 18.37 15.96 12.69 12.00 12.77 14.65 16.41 16.31 15.33 16.04 15.27 14.47 13.75 13.14 13.06 12.88 12.89 12.80 12.78 12.85 13.01 13.26 13.62 14.16 14.10
-9999 -9999 -9999 -9999 -9999 -9999 -9999 -9999 -9999 -9999 -9999 -9999 -9999 -9999 18.38 18.28 14.59 27.93 17.76 13.73 17.65 16.68 14.25 19.19 13.38 12.81 17.04 11.19 22.09 17.59 14.82 15.20 16.82 13.85 13.10 17.84 17.15 15.23 13.03 13.67 13.41 12.79 13.91 14.94 14.51 13.15 12.42 12.12 12.31 12.83 12.52 14.75 14.74 13.85 12.92 12.32 13.52 15.21 16.90 16.77 14.89 15.05 14.92 14.48 13.80 13.29 13.08 13.00 12.99 12.93 12.85 12.96 13.16 13.15 13.44 14.54 14.54
-9999 -9999 -9999 -9999 -9999 -9999 -9999 -9999 -9999 -9999 -9999 -9999 -9999 -9999 15.97 17.72 27.25 17.32 10.01 13.57 13.45 15.80 19.92 19.49 14.94 14.49 14.82 12.21 13.75 15.62 18.45 18.36 14.86 14.65 14.34 15.06 15.83 13.19 12.68 13.77 13.55 14.38 14.87 13.98 14.32 13.67 12.79 12.38 12.28 12.34 12.44 13.95 14.52 13.70 12.14 12.75 14.77 16.74 15.67 16.69 16.41 15.27 14.28 15.34 13.84 14.01 13.28 13.13 12.90 12.88 12.91 12.89 12.99 13.11 13.31 14.90 14.63
-9999 -9999 -9999 -9999 -9999 -9999 -9999 -9999 -9999 -9999 -9999 -9999 -9999 -9999 17.79 21.72 11.01 14.33 13.04 15.32 14.83 22.41 19.04 21.99 17.32 15.80 12.91 11.19 12.45 17.93 21.71 23.76 15.29 17.79 15.91 16.20 15.30 12.17 12.58 13.10 13.53 14.45 13.60 13.70 15.69 14.28 12.62 12.58 14.55 12.05 12.74 13.45 13.29 12.54 12.24 13.37 14.29 14.92 15.20 15.24 14.07 13.92 14.81 15.01 13.26 13.14 13.22 12.98 12.91 12.72 12.55 12.70 12.80 12.98 13.23 13.80 13.62
-9999 -9999 -9999 -9999 -9999 -9999 -9999 -9999 -9999 -9999 -9999 -9999 -9999 -9999 -9999 11.95 14.62 18.74 23.20 24.83 20.40 20.57 17.06 12.76 12.97 11.97 13.85 14.13 12.50 14.86 15.96 21.57 17.51 15.41 15.44 17.72 16.39 12.49 13.95 12.24 12.56 16.65 13.87 13.41 13.14 13.37 12.13 12.25 15.02 13.76 12.55 13.45 12.87 12.51 13.16 14.59 13.94 13.77 13.20 14.36 13.08 15.03 15.02 13.32 13.02 13.86 13.38 12.66 12.54 12.35 12.34 12.50 12.62 12.81 12.90 12.97 13.07
-9999 -9999 -9999 -9999 -9999 -9999 -9999 -9999 -9999 -9999 -9999 -9999 -9999 -9999 -9999 14.08 16.42 18.99 23.04 28.09 25.32 19.10 14.32 12.01 14.87 18.54 21.93 24.80 18.96 14.68 15.55 17.62 16.39 12.99 18.87 17.45 16.63 14.01 15.11 12.79 12.17 13.71 16.18 15.18 13.69 12.61 11.93 12.60 14.14 13.51 12.76 12.82 13.56 13.94 14.37 15.26 14.02 13.33 15.29 15.26 15.03 14.58 14.82 13.19 13.78 14.50 12.70 12.31 12.28 12.16 12.25 12.30 12.39 12.51 12.59 12.66 12.53
-9999 -9999 -9999 -9999 -9999 -9999 -9999 -9999 -9999 -9999 -9999 -9999 -9999 -9999 15.83 12.91 14.78 18.99 21.87 21.03 20.44 16.31 17.78 25.76 20.77 21.12 21.29 17.74 16.14 17.29 17.68 14.85 13.41 14.40 17.90 17.64 16.36 13.96 15.41 12.13 12.06 14.70 13.93 14.53 14.42 13.02 11.94 12.43 13.91 13.50 12.27 12.76 12.85 12.78 14.21 13.71 15.39 14.25 15.40 14.13 14.46 14.51 13.01 12.70 14.11 13.79 12.05 11.89 12.40 11.99 12.19 12.23 12.46 12.43 12.31 12.24 11.85
-9999 -9999 -9999 -9999 -9999 -9999 -9999 -9999 -9999 -9999 -9999 -9999 -9999 -9999 20.07 16.59 14.16 13.79 18.02 25.15 24.21 21.36 18.20 19.36 21.67 23.78 24.21 17.37 20.72 22.55 15.54 19.16 12.30 13.52 16.74 19.78 14.49 15.35 12.80 11.09 11.61 12.92 17.68 14.95 14.77 13.73 12.98 13.04 13.37 12.85 12.10 12.35 12.24 12.22 12.28 14.39 15.19 14.99 15.94 14.14 13.14 12.95 12.21 12.84 13.54 12.93 12.15 12.82 12.50 12.92 12.29 12.30 12.65 12.72 12.22 11.92 11.55
-9999 -9999 -9999 -9999 -9999 -9999 -9999 -9999 -9999 -9999 -9999 -9999 -9999 -9999 17.77 15.65 9.74 12.13 17.62 25.46 22.68 22.94 18.23 20.89 19.79 17.68 19.71 20.52 19.70 17.01 14.62 15.51 19.74 13.88 14.03 14.30 14.73 16.98 14.07 11.21 11.56 12.82 13.56 13.46 14.98 14.04 13.43 13.64 12.38 11.54 12.50 12.84 13.04 12.14 13.17 15.13 14.99 13.38 13.62 14.86 12.98 13.28 11.57 13.00 13.13 11.80 11.75 12.31 11.67 12.17 12.11 12.18 12.30 12.11 11.95 11.95 11.72
-9999 -9999 -9999 -9999 -9999 -9999 -9999 -9999 -9999 -9999 -9999 -9999 -9999 16.50 18.04 20.72 15.61 12.33 19.13 21.76 25.79 25.40 16.15 16.45 15.09 17.84 20.96 17.61 17.03 19.98 17.16 15.80 15.10 13.66 12.65 13.04 14.74 14.43 13.57 12.82 11.85 11.49 12.75 13.54 12.52 13.28 12.89 13.82 12.36 12.29 12.52 11.78 11.72 12.33 14.27 13.94 13.81 12.55 13.84 13.94 13.07 11.48 12.65 12.68 12.76 12.93 12.25 11.79 11.91 11.88 12.13 12.21 12.03 11.85 11.67 11.65 11.82
-9999 -9999 -9999 -9999 -9999 -9999 -9999 -9999 -9999 -9999 -9999 -9999 19.43 18.67 19.21 15.35 12.28 17.58 22.92 24.37 21.33 24.06 17.18 19.03 16.30 16.01 27.08 18.84 19.46 15.75 16.23 13.91 13.34 13.92 15.85 14.22 17.40 14.25 14.60 12.13 11.62 11.80 12.35 13.11 12.46 12.70 13.31 13.50 11.33 12.30 12.20 12.30 12.54 13.17 14.23 12.94 14.04 13.06 13.33 11.82 11.36 13.07 13.46 12.51 12.76 12.44 11.15 12.20 12.63 12.75 12.70 12.20 11.77 11.39 11.82 11.88 12.87
-9999 -9999 -9999 -9999 -9999 -9999 -9999 -9999 -9999 -9999 21.77 19.52 17.35 13.96 12.80 13.01 13.75 19.64 21.90 24.96 27.52 24.19 20.30 13.72 18.16 17.31 23.96 18.71 16.91 16.85 14.56 14.08 12.18 13.82 17.06 16.07 16.30 12.82 12.98 12.26 12.17 13.14 12.58 13.30 12.07 12.34 12.90 11.66 11.39 11.94 13.41 12.91 14.11 15.24 14.39 13.44 12.48 11.92 12.96 13.47 12.72 13.19 11.52 12.57 12.80 11.70 10.60 11.05 12.89 12.89 13.07 11.81 11.41 11.09 11.62 13.34 13.85
-9999 -9999 -9999 -9999 -9999 -9999 20.28 18.45 16.33 21.82 21.98 22.22 21.87 16.93 14.97 13.42 21.88 19.32 22.78 23.87 23.47 18.51 16.52 13.15 15.42 14.98 25.73 22.96 19.31 15.26 15.57 14.45 17.04 12.35 15.44 16.17 15.41 14.40 12.87 11.68 13.22 12.45 11.74 13.71 12.00 12.14 11.54 11.79 12.48 13.53 12.30 13.48 12.71 13.47 15.01 14.64 14.00 13.26 13.82 13.57 12.73 12.01 13.13 11.37 11.28 11.01 10.58 12.04 12.80 13.23 12.33 11.55 11.66 11.97 13.79 13.98 13.12
-9999 -9999 -9999 -9999 -9999 22.45 18.72 19.48 17.95 17.03 20.05 18.96 19.70 16.08 13.28 18.77 20.20 20.87 15.11 24.73 18.65 14.80 23.38 18.09 12.39 23.99 20.82 19.87 13.43 12.76 13.79 19.06 13.98 12.82 12.72 13.15 15.86 15.48 14.99 12.38 12.64 11.78 11.83 13.13 12.51 12.10 11.94 12.13 13.06 12.85 15.92 12.67 11.99 12.81 14.22 13.20 13.01 12.17 12.31 12.96 12.37 13.38 12.29 11.20 11.24 11.66 10.98 11.73 12.25 11.81 11.78 11.83 12.00 12.26 13.07 14.29 14.04
-9999 -9999 -9999 -9999 22.65 21.70 16.51 15.69 15.84 17.58 16.47 17.21 15.75 16.84 23.91 18.60 16.02 21.68 12.30 17.40 17.39 23.02 21.96 23.12 19.15 18.36 16.38 12.95 20.91 19.65 13.38 14.10 13.39 12.70 13.36 12.35 12.65 15.63 15.96 11.88 11.22 11.37 12.45 11.48 11.07 12.08 16.07 12.47 12.14 13.32 14.58 13.13 12.08 13.08 13.95 13.74 14.46 13.30 11.95 11.63 11.46 13.10 12.42 11.30 12.63 12.43 11.45 11.88 12.00 11.93 12.57 12.88 12.89 13.23 13.29 14.27 12.97
19.48 22.36 18.91 21.96 17.85 17.47 18.41 16.44 15.73 19.37 17.14 16.94 17.29 22.13 20.90 17.51 18.97 17.71 14.46 14.79 20.82 21.60 18.73 19.13 21.96 15.80 10.78 21.01 23.61 18.40 17.93 13.64 14.25 12.67 13.18 16.48 13.00 16.53 13.39 11.53 10.86 11.46 14.52 10.62 11.42 18.25 13.59 12.42 12.46 13.72 15.09 12.55 12.52 12.99 12.40 13.24 13.14 12.18 11.55 12.07 11.36 11.94 12.55 12.57 11.94 11.46 11.07 11.16 12.31 14.95 14.07 15.70 14.63 12.82 14.61 13.83 13.79
19.21 16.78 16.10 20.99 26.25 23.99 23.02 17.63 19.55 22.62 20.31 19.33 23.04 19.66 18.22 22.14 16.85 12.67 14.69 15.95 20.61 20.23 19.58 18.60 16.63 12.42 15.83 32.47 25.46 18.71 14.31 15.25 14.19 16.64 13.71 14.74 13.18 12.74 12.34 12.20 11.04 10.65 10.99 10.47 16.50 17.42 15.59 12.97 12.23 16.74 14.12 12.69 12.84 11.98 13.07 12.80 12.17 10.87 12.70 11.99 10.88 13.53 13.25 11.63 11.36 11.27 11.08 12.08 14.04 15.03 14.96 15.96 14.79 14.06 14.97 13.97 12.61
