ML/MeanWindSpeed_1993-07_Actual.txt
ncols         180
nrows         290
xllcorner     -200000
yllcorner     -200000
cellsize      5000
NODATA_value  -9999
[rows 210 to 244 of 290, columns 79 to 157 of 180]
11.01 9.79 11.19 10.95 -9999 -9999 -9999 -9999 -9999 -9999 -9999 6.68 6.85 7.62 6.67 6.93 7.30 8.83 10.42 12.28 11.63 9.98 8.49 8.09 7.18 9.31 9.48 6.94 6.19 9.21 9.07 9.80 7.29 6.84 6.94 6.79 7.65 8.04 7.55 7.59 7.38 7.19 7.10 7.03 6.95 7.06 7.05 7.57 7.11 6.98 6.73 6.52 6.46 6.24 6.74 7.95 8.03 7.33 8.21 7.59 6.85 6.70 6.13 5.97 6.64 7.19 7.02 6.70 6.73 7.68 6.93 7.30 8.15 7.79 7.94 8.08 7.63 7.60 8.06
11.05 -9999 -9999 -9999 -9999 -9999 -9999 -9999 -9999 10.33 9.04 8.70 9.76 9.15 8.11 7.38 7.67 7.78 9.50 10.58 10.34 7.41 7.10 9.87 8.80 8.51 7.04 6.52 6.48 8.58 8.45 8.22 7.21 7.16 7.21 6.24 8.54 8.59 7.48 7.47 7.21 7.20 7.15 7.03 7.47 7.20 7.37 6.93 6.84 6.71 6.60 6.37 6.49 6.05 7.15 8.58 7.75 8.03 6.53 7.23 6.64 6.19 6.67 6.43 6.66 7.27 6.88 6.56 6.77 6.80 7.33 7.91 7.50 8.04 8.02 7.61 7.58 8.71 8.41
-9999 -9999 -9999 -9999 -9999 -9999 -9999 -9999 -9999 11.41 10.91 9.37 10.38 10.76 -9999 -9999 7.90 9.90 6.21 7.55 7.47 7.72 8.46 9.64 7.45 6.80 7.25 7.41 8.01 8.23 8.14 7.74 7.53 8.03 6.85 7.04 8.41 7.42 7.12 6.93 7.10 7.57 7.48 7.13 7.20 6.85 6.94 7.38 7.69 7.30 7.53 6.47 6.07 6.72 8.50 7.14 7.39 7.11 5.93 6.93 6.49 6.15 6.00 6.05 6.10 6.33 7.64 6.94 6.93 6.92 7.03 7.23 7.13 7.03 8.27 7.94 8.52 9.47 9.51
-9999 -9999 -9999 -9999 -9999 -9999 -9999 -9999 -9999 -9999 -9999 -9999 -9999 -9999 -9999 -9999 9.15 8.13 7.84 6.96 6.36 6.52 7.05 7.88 7.61 7.68 8.27 8.98 9.39 9.11 -9999 7.99 7.62 7.20 6.74 7.14 8.23 7.43 7.49 7.09 6.62 6.66 7.40 6.91 7.05 7.98 8.10 7.89 8.48 9.00 7.80 7.36 7.04 7.09 7.88 6.94 7.07 7.05 6.46 6.25 6.17 6.55 6.43 6.11 6.08 6.44 6.74 6.89 6.95 6.97 7.04 7.15 7.35 7.56 7.99 8.15 8.64 9.16 -9999
-9999 -9999 -9999 -9999 -9999 -9999 -9999 -9999 -9999 -9999 -9999 -9999 -9999 -9999 -9999 -9999 -9999 9.12 8.07 7.16 7.19 7.82 7.14 7.19 7.63 8.65 -9999 -9999 -9999 -9999 8.82 7.89 7.45 6.80 6.62 7.15 8.26 7.56 7.76 7.22 6.45 7.11 6.93 8.05 7.74 9.17 8.07 8.16 7.85 8.06 7.83 7.25 7.79 6.40 6.75 7.16 6.36 6.59 6.31 6.13 6.13 6.31 6.59 6.59 6.08 6.16 6.32 6.64 6.73 7.79 8.05 7.27 7.35 7.61 7.85 8.23 9.10 10.24 10.29
-9999 -9999 -9999 -9999 -9999 -9999 -9999 -9999 -9999 -9999 -9999 -9999 -9999 -9999 -9999 -9999 -9999 -9999 9.16 9.79 8.73 8.07 8.70 8.71 9.11 -9999 -9999 -9999 -9999 9.30 9.02 8.75 6.42 6.15 6.29 8.02 8.44 8.09 7.58 6.76 6.75 6.65 7.83 8.94 8.21 8.27 7.74 7.86 7.67 6.88 7.22 7.23 6.92 6.84 6.78 6.81 6.52 6.62 7.00 7.12 7.15 6.42 6.53 6.51 6.22 6.71 6.78 7.18 6.92 7.55 7.51 7.49 8.25 7.68 8.29 8.54 9.18 8.96 9.42
-9999 -9999 -9999 -9999 -9999 -9999 -9999 -9999 -9999 -9999 -9999 -9999 -9999 -9999 -9999 -9999 -9999 -9999 -9999 9.93 9.81 9.21 9.91 9.53 10.30 -9999 -9999 -9999 8.78 7.33 6.87 8.14 7.76 7.15 6.27 7.28 6.70 8.02 7.47 6.35 7.31 8.06 8.04 7.73 8.34 7.72 7.42 7.27 6.85 6.75 6.66 6.81 7.21 7.02 6.66 6.74 6.86 6.94 7.48 7.20 7.18 6.89 6.48 6.52 6.35 6.52 6.67 7.09 7.13 7.28 7.17 7.88 8.20 8.51 8.36 7.67 9.02 8.12 8.91
-9999 -9999 -9999 -9999 -9999 -9999 -9999 -9999 -9999 -9999 -9999 -9999 -9999 -9999 -9999 -9999 -9999 -9999 -9999 -9999 -9999 -9999 -9999 -9999 -9999 -9999 -9999 10.48 7.81 6.53 6.35 7.78 6.61 7.16 7.66 7.46 7.41 7.63 6.57 6.40 6.69 7.43 7.29 7.49 7.58 7.78 7.61 7.52 8.66 7.47 7.52 7.06 7.45 7.49 6.95 7.03 6.81 7.20 7.73 7.22 6.73 6.62 6.59 6.50 6.90 6.78 7.29 7.12 7.93 8.26 7.89 7.11 9.06 9.64 8.50 7.57 9.66 8.98 8.70
-9999 -9999 -9999 -9999 -9999 -9999 -9999 -9999 -9999 -9999 -9999 -9999 -9999 -9999 -9999 -9999 -9999 -9999 -9999 -9999 -9999 -9999 -9999 -9999 -9999 -9999 -9999 8.66 7.81 6.74 10.44 9.03 6.58 7.16 7.67 7.89 8.10 6.90 6.66 6.61 6.53 7.37 7.12 6.93 8.21 8.13 9.02 8.00 8.20 9.15 7.91 7.54 7.46 7.09 7.02 6.94 6.91 7.25 7.23 7.35 6.91 6.54 6.44 6.31 6.68 8.16 7.81 8.39 8.67 9.34 8.15 7.26 8.18 8.43 7.52 7.14 7.70 8.91 9.38
-9999 -9999 -9999 -9999 -9999 -9999 -9999 -9999 -9999 -9999 -9999 -9999 -9999 -9999 -9999 -9999 -9999 -9999 -9999 -9999 -9999 -9999 -9999 -9999 -9999 -9999 -9999 8.35 6.53 5.59 7.16 9.81 9.01 8.38 7.63 8.56 7.24 7.01 6.73 8.06 8.11 8.57 8.16 7.39 7.41 7.44 7.78 8.12 8.15 7.60 7.60 7.65 7.64 7.23 7.09 7.13 7.16 7.54 7.35 7.20 6.70 6.62 7.16 7.70 7.16 7.89 7.72 7.74 7.77 8.37 9.64 9.38 7.71 7.62 8.08 8.28 8.02 8.15 8.20
-9999 -9999 -9999 -9999 -9999 -9999 -9999 -9999 -9999 -9999 9.98 10.16 8.50 12.21 11.87 12.00 12.27 13.90 8.31 12.64 9.25 -9999 -9999 -9999 -9999 -9999 -9999 7.87 6.80 6.29 5.32 6.14 7.93 9.17 8.73 7.78 7.19 7.24 7.86 8.83 8.27 7.72 7.85 7.71 7.17 7.46 7.15 6.88 6.81 7.25 6.90 7.51 7.97 8.64 7.87 7.50 7.88 7.84 7.35 7.80 6.93 6.54 7.45 8.09 7.02 6.52 6.79 6.93 6.88 6.84 7.16 7.22 6.89 6.90 7.02 7.14 7.02 7.27 7.30
-9999 -9999 -9999 -9999 -9999 -9999 -9999 -9999 -9999 -9999 11.26 10.47 10.21 8.49 10.39 12.05 11.66 12.27 12.59 10.30 9.12 7.97 8.78 10.79 9.26 8.54 7.64 7.25 6.68 6.28 5.73 5.12 5.62 7.84 8.06 7.45 6.91 9.22 8.03 7.22 7.70 8.11 7.61 7.78 7.20 7.21 7.44 7.27 7.28 6.53 6.79 7.32 7.53 7.69 8.31 8.58 7.45 7.24 6.95 6.77 7.39 6.58 9.26 7.83 7.41 6.89 6.56 6.75 6.76 7.59 7.70 6.81 8.08 7.80 8.30 7.35 7.46 7.28 7.21
-9999 -9999 -9999 -9999 -9999 -9999 -9999 -9999 -9999 10.05 8.78 7.96 7.28 6.45 8.48 10.96 10.85 10.27 10.51 10.63 9.63 8.29 7.74 8.57 9.55 7.48 7.00 6.55 6.59 7.24 6.12 5.87 6.78 6.81 6.75 7.13 9.05 7.71 8.68 8.13 7.58 7.01 7.40 6.95 7.20 7.47 7.32 7.80 7.03 7.31 7.21 7.19 7.18 8.30 8.92 7.42 6.91 7.14 8.84 7.56 7.08 7.09 6.81 6.96 7.18 6.96 6.85 7.36 8.23 7.71 7.05 7.11 8.48 8.14 8.09 8.39 8.24 7.92 7.96
-9999 -9999 -9999 -9999 -9999 -9999 -9999 -9999 -9999 -9999 7.92 6.50 5.82 7.12 6.97 7.79 10.36 9.48 8.21 7.62 9.55 10.88 8.94 6.96 7.18 8.81 7.36 6.09 6.13 6.12 6.68 6.75 6.07 6.05 6.41 7.14 8.06 7.13 8.37 7.62 7.59 7.50 7.66 7.08 7.59 7.82 7.79 6.88 6.99 7.57 6.96 6.61 6.53 7.42 8.39 8.31 7.09 7.45 8.32 8.10 7.39 6.66 6.44 6.18 6.48 7.86 7.69 7.53 8.06 8.95 8.44 8.12 8.62 8.65 8.02 8.75 7.98 8.64 7.90
-9999 -9999 -9999 -9999 -9999 -9999 11.14 -9999 -9999 9.19 7.83 8.06 5.65 6.96 5.85 5.91 6.63 7.38 8.21 7.12 8.46 9.30 7.28 6.02 5.04 5.49 5.73 5.59 5.75 6.10 6.80 6.12 5.98 6.42 7.76 6.76 7.42 6.65 7.40 7.17 7.95 8.57 7.98 7.17 6.83 6.92 6.83 6.75 7.93 7.27 6.78 8.26 7.11 7.19 8.65 9.61 7.14 7.43 7.63 7.46 7.08 6.78 6.60 6.86 7.28 7.63 7.00 6.72 6.84 7.49 7.74 7.86 8.37 7.91 7.94 7.94 7.56 7.67 7.65
-9999 -9999 -9999 -9999 -9999 10.57 11.32 11.03 10.50 8.22 7.36 8.57 6.61 5.52 5.94 5.59 7.04 7.78 8.57 7.35 6.77 6.77 5.72 4.87 4.40 4.77 5.60 6.07 5.59 5.69 5.95 5.78 5.93 7.26 7.34 6.63 7.13 7.46 8.46 7.88 7.99 9.01 7.97 7.79 6.84 7.28 7.08 7.45 7.02 6.88 6.58 7.60 7.69 7.11 7.95 7.78 7.42 7.28 6.96 7.54 7.54 7.32 6.91 6.61 6.54 6.44 6.72 6.98 6.94 6.57 7.13 7.60 8.32 8.70 8.43 7.58 8.31 8.32 8.32
-9999 -9999 -9999 -9999 -9999 10.11 9.88 9.00 9.18 8.18 7.34 6.33 7.70 7.46 6.59 7.65 7.75 7.66 8.73 7.73 7.18 6.53 4.63 5.56 7.11 6.67 6.01 5.63 5.30 5.86 6.38 6.72 6.38 7.34 6.85 7.39 6.76 6.31 7.53 8.58 7.75 7.83 7.68 7.30 7.33 7.81 7.24 6.87 7.44 7.63 6.71 7.10 7.23 7.27 8.02 8.57 8.83 10.00 7.86 7.87 7.26 6.98 7.02 7.02 6.65 6.48 6.75 7.37 7.19 6.96 6.84 7.58 7.76 7.98 8.20 8.47 7.68 8.17 8.97
-9999 -9999 -9999 -9999 -9999 10.38 9.00 8.41 8.57 7.98 7.79 6.60 6.92 6.98 5.98 7.05 7.34 7.90 8.17 7.75 5.47 4.18 3.86 5.88 6.07 6.58 7.24 5.80 5.80 6.16 5.89 6.77 6.34 7.08 6.77 6.99 6.89 6.42 7.67 7.31 7.45 7.44 7.34 7.32 7.44 7.92 7.95 7.13 6.98 7.26 7.96 7.00 7.22 7.15 7.67 8.14 8.54 9.25 8.77 9.32 9.79 6.98 9.55 8.29 6.86 7.07 9.59 9.59 9.29 7.08 7.08 7.26 7.17 7.69 7.58 8.67 9.53 11.43 10.67
-9999 -9999 -9999 -9999 -9999 9.15 8.45 8.13 7.82 7.25 7.09 6.58 6.07 6.91 6.49 6.59 7.26 6.70 6.78 6.66 6.41 4.00 4.47 6.16 5.49 6.53 6.86 6.00 6.42 6.94 6.23 6.58 6.81 6.84 6.82 6.99 7.57 8.31 6.75 7.38 7.37 7.41 7.32 7.37 7.55 7.86 7.36 7.52 7.34 7.69 8.02 8.45 7.86 8.55 8.41 8.56 8.55 8.35 8.01 7.95 8.14 7.65 8.95 8.74 9.25 8.92 9.33 9.76 10.22 7.61 7.69 7.54 7.60 7.94 8.71 9.75 10.06 -9999 -9999
-9999 -9999 -9999 -9999 -9999 8.55 8.10 7.94 8.09 8.25 7.44 6.98 6.36 6.67 7.74 7.32 6.97 6.41 6.76 6.62 6.39 5.84 4.49 4.44 4.15 6.10 5.53 4.57 7.12 7.20 6.50 8.66 7.73 8.24 8.77 8.32 8.03 8.47 7.51 6.95 7.41 7.40 7.03 7.29 7.40 7.74 7.26 7.65 8.33 8.83 8.65 8.62 8.71 8.68 9.01 9.91 9.61 9.00 8.65 8.80 9.12 9.29 9.45 9.52 9.70 -9999 -9999 9.30 9.71 9.53 9.14 8.50 10.74 9.29 -9999 -9999 -9999 -9999 -9999
-9999 -9999 -9999 -9999 11.10 9.17 8.66 7.77 8.34 8.36 8.97 7.73 8.06 7.59 8.02 7.52 7.01 6.68 6.71 6.54 6.35 6.35 5.80 5.42 5.68 5.71 4.69 7.09 7.95 6.27 6.03 6.97 7.10 8.16 8.21 7.45 7.27 7.16 7.16 7.88 7.75 7.88 7.60 7.64 7.96 8.57 8.47 8.33 8.41 8.62 8.84 -9999 -9999 9.52 10.22 11.20 11.02 10.63 10.22 10.27 -9999 -9999 -9999 -9999 -9999 -9999 -9999 -9999 -9999 -9999 9.79 10.26 11.66 10.64 -9999 -9999 -9999 -9999 -9999
-9999 -9999 -9999 12.30 10.85 9.24 9.32 8.11 7.84 7.61 7.63 7.32 9.77 10.18 8.97 8.34 8.20 8.45 7.46 6.81 6.54 6.93 6.72 8.21 8.44 7.95 7.71 9.12 7.22 7.43 7.47 8.12 8.79 7.56 6.70 7.26 6.70 6.97 7.02 7.35 7.42 8.65 9.50 9.55 9.29 9.29 9.58 9.04 -9999 8.22 8.87 8.78 9.16 9.78 -9999 -9999 -9999 -9999 11.49 -9999 -9999 -9999 -9999 -9999 -9999 -9999 -9999 -9999 -9999 -9999 -9999 -9999 -9999 -9999 -9999 -9999 -9999 -9999 -9999
-9999 -9999 13.06 12.24 11.66 10.36 8.81 8.24 7.77 6.72 6.51 7.74 11.71 12.66 8.79 8.11 10.20 7.84 9.12 7.16 6.81 9.11 8.05 7.59 7.58 7.91 -9999 -9999 -9999 -9999 -9999 8.39 9.45 9.09 7.78 7.67 7.39 7.03 7.19 7.27 7.87 8.94 -9999 -9999 -9999 -9999 -9999 10.05 10.13 9.31 8.53 8.51 10.11 10.12 -9999 -9999 -9999 -9999 -9999 -9999 -9999 -9999 -9999 -9999 -9999 -9999 -9999 -9999 -9999 -9999 -9999 -9999 -9999 -9999 -9999 -9999 -9999 -9999 -9999
-9999 9.59 10.37 11.54 11.51 10.33 9.83 9.03 7.32 7.68 7.66 9.42 11.22 12.17 11.05 10.11 8.57 9.36 7.99 8.24 7.83 9.38 9.13 -9999 -9999 -9999 -9999 -9999 -9999 -9999 -9999 -9999 8.70 9.04 8.15 9.17 9.90 10.18 8.50 10.19 10.17 10.77 -9999 -9999 -9999 -9999 -9999 -9999 -9999 9.25 9.56 8.58 9.37 -9999 -9999 -9999 -9999 -9999 -9999 -9999 -9999 -9999 -9999 -9999 -9999 -9999 -9999 -9999 -9999 -9999 -9999 -9999 -9999 -9999 -9999 -9999 -9999 -9999 -9999
11.03 9.39 9.52 10.48 11.65 11.81 10.34 8.59 8.31 8.70 8.55 9.20 11.00 9.72 10.03 9.80 10.42 6.09 8.17 10.85 8.99 -9999 -9999 -9999 -9999 -9999 -9999 -9999 -9999 -9999 -9999 -9999 -9999 -9999 9.68 -9999 -9999 -9999 -9999 9.37 11.39 11.84 -9999 -9999 -9999 -9999 -9999 -9999 -9999 -9999 9.55 11.24 10.16 -9999 -9999 -9999 -9999 -9999 -9999 -9999 -9999 -9999 -9999 -9999 -9999 -9999 -9999 -9999 -9999 -9999 -9999 -9999 -9999 -9999 -9999 -9999 -9999 -9999 -9999
9.97 8.55 9.27 10.46 10.84 11.49 10.51 9.62 10.27 7.80 6.91 8.08 10.19 10.22 8.84 7.80 9.10 7.08 6.87 8.12 -9999 -9999 -9999 -9999 -9999 -9999 -9999 -9999 -9999 -9999 -9999 -9999 -9999 -9999 10.80 -9999 -9999 -9999 -9999 -9999 -9999 -9999 -9999 -9999 -9999 -9999 -9999 -9999 -9999 -9999 -9999 -9999 -9999 -9999 -9999 -9999 -9999 -9999 -9999 -9999 -9999 -9999 -9999 -9999 -9999 -9999 -9999 -9999 -9999 -9999 -9999 -9999 -9999 -9999 -9999 -9999 -9999 -9999 -9999
10.29 8.65 9.50 9.69 9.64 10.20 9.81 9.69 10.54 7.55 7.07 7.76 9.26 12.62 12.87 7.43 7.73 7.59 8.11 10.02 -9999 -9999 -9999 -9999 -9999 -9999 -9999 -9999 -9999 -9999 -9999 -9999 -9999 -9999 -9999 -9999 -9999 -9999 -9999 -9999 -9999 -9999 -9999 -9999 -9999 -9999 -9999 -9999 -9999 -9999 -9999 -9999 -9999 -9999 -9999 -9999 -9999 -9999 -9999 -9999 -9999 -9999 -9999 -9999 -9999 -9999 -9999 -9999 -9999 -9999 -9999 -9999 -9999 -9999 -9999 -9999 -9999 -9999 -9999
11.30 10.36 10.22 9.66 10.13 9.42 9.19 9.22 8.30 8.49 7.88 7.50 9.48 11.15 10.89 9.26 7.38 7.59 10.00 9.22 -9999 -9999 -9999 -9999 -9999 -9999 -9999 -9999 -9999 -9999 -9999 -9999 -9999 -9999 -9999 -9999 -9999 -9999 -9999 -9999 -9999 -9999 -9999 -9999 -9999 -9999 -9999 -9999 -9999 -9999 -9999 -9999 -9999 -9999 -9999 -9999 -9999 -9999 -9999 -9999 -9999 -9999 -9999 -9999 -9999 -9999 -9999 -9999 -9999 -9999 -9999 -9999 -9999 -9999 -9999 -9999 -9999 -9999 -9999
11.96 11.29 11.03 9.68 10.08 9.56 11.38 10.78 9.51 9.23 9.69 8.23 8.32 8.85 8.74 8.34 8.16 8.62 9.28 9.59 -9999 -9999 -9999 -9999 -9999 -9999 -9999 -9999 -9999 -9999 -9999 -9999 -9999 -9999 -9999 -9999 -9999 -9999 -9999 -9999 -9999 -9999 -9999 -9999 -9999 -9999 -9999 -9999 -9999 -9999 -9999 -9999 -9999 -9999 -9999 -9999 -9999 -9999 -9999 -9999 -9999 -9999 -9999 -9999 -9999 -9999 -9999 -9999 -9999 -9999 -9999 -9999 -9999 -9999 -9999 -9999 -9999 -9999 -9999
10.21 10.46 9.94 10.90 12.23 11.90 10.65 10.86 10.96 10.98 9.94 10.18 9.19 7.99 8.00 8.99 9.74 9.92 9.42 10.34 -9999 -9999 -9999 -9999 -9999 -9999 -9999 -9999 -9999 -9999 -9999 -9999 -9999 -9999 -9999 -9999 -9999 -9999 -9999 -9999 -9999 -9999 -9999 -9999 -9999 -9999 -9999 -9999 -9999 -9999 -9999 -9999 -9999 -9999 -9999 -9999 -9999 -9999 -9999 -9999 -9999 -9999 -9999 -9999 -9999 -9999 -9999 -9999 -9999 -9999 -9999 -9999 -9999 -9999 -9999 -9999 -9999 -9999 -9999
10.38 10.86 -9999 -9999 -9999 -9999 -9999 -9999 -9999 -9999 -9999 11.23 11.56 10.13 9.22 8.59 9.45 10.02 9.77 -9999 -9999 -9999 -9999 -9999 -9999 -9999 -9999 -9999 -9999 -9999 -9999 -9999 -9999 -9999 -9999 -9999 -9999 -9999 -9999 -9999 -9999 -9999 -9999 -9999 -9999 -9999 -9999 -9999 -9999 -9999 -9999 -9999 -9999 -9999 -9999 -9999 -9999 -9999 -9999 -9999 -9999 -9999 -9999 -9999 -9999 -9999 -9999 -9999 -9999 -9999 -9999 -9999 -9999 -9999 -9999 -9999 -9999 -9999 -9999
10.84 11.65 -9999 -9999 -9999 -9999 -9999 -9999 -9999 -9999 -9999 -9999 -9999 -9999 10.09 9.28 9.32 9.67 -9999 -9999 -9999 -9999 -9999 -9999 -9999 -9999 -9999 -9999 -9999 -9999 -9999 -9999 -9999 -9999 -9999 -9999 -9999 -9999 -9999 -9999 -9999 -9999 -9999 -9999 -9999 -9999 -9999 -9999 -9999 -9999 -9999 -9999 -9999 -9999 -9999 -9999 -9999 -9999 -9999 -9999 -9999 -9999 -9999 -9999 -9999 -9999 -9999 -9999 -9999 -9999 -9999 -9999 -9999 -9999 -9999 -9999 -9999 -9999 -9999
-9999 -9999 -9999 -9999 -9999 -9999 -9999 -9999 -9999 -9999 -9999 -9999 -9999 -9999 11.19 11.99 12.28 11.73 -9999 -9999 -9999 -9999 -9999 -9999 -9999 -9999 -9999 -9999 -9999 -9999 -9999 -9999 -9999 -9999 -9999 -9999 -9999 -9999 -9999 -9999 -9999 -9999 -9999 -9999 -9999 -9999 -9999 -9999 -9999 -9999 -9999 -9999 -9999 -9999 -9999 -9999 -9999 -9999 -9999 -9999 -9999 -9999 -9999 -9999 -9999 -9999 -9999 -9999 -9999 -9999 -9999 -9999 -9999 -9999 -9999 -9999 -9999 -9999 -9999
-9999 -9999 -9999 -9999 -9999 -9999 -9999 -9999 -9999 -9999 -9999 -9999 -9999 -9999 -9999 -9999 -9999 -9999 -9999 -9999 -9999 -9999 -9999 -9999 -9999 -9999 -9999 -9999 -9999 -9999 -9999 -9999 -9999 -9999 -9999 -9999 -9999 -9999 -9999 -9999 -9999 -9999 -9999 -9999 -9999 -9999 -9999 -9999 -9999 -9999 -9999 -9999 -9999 -9999 -9999 -9999 -9999 -9999 -9999 -9999 -9999 -9999 -9999 -9999 -9999 -9999 -9999 -9999 -9999 -9999 -9999 -9999 -9999 -9999 -9999 -9999 -9999 -9999 -9999
-9999 -9999 -9999 -9999 -9999 -9999 -9999 -9999 -9999 -9999 -9999 -9999 -9999 -9999 -9999 -9999 -9999 -9999 -9999 -9999 -9999 -9999 -9999 -9999 -9999 -9999 -9999 -9999 -9999 -9999 -9999 -9999 -9999 -9999 -9999 -9999 -9999 -9999 -9999 -9999 -9999 -9999 -9999 -9999 -9999 -9999 -9999 -9999 -9999 -9999 -9999 -9999 -9999 -9999 -9999 -9999 -9999 -9999 -9999 -9999 -9999 -9999 -9999 -9999 -9999 -9999 -9999 -9999 -9999 -9999 -9999 -9999 -9999 -9999 -9999 -9999 -9999 -9999 -9999
