ML/MeanWindSpeed_1996-05_Actual.txt
ncols         180
nrows         290
xllcorner     -200000
yllcorner     -200000
cellsize      5000
NODATA_value  -9999
[rows 210 to 244 of 290, columns 79 to 157 of 180]
12.24 10.92 12.92 13.07 -9999 -9999 -9999 -9999 -9999 -9999 -9999 8.35 8.28 9.53 8.99 8.94 8.94 10.51 12.49 14.85 14.30 12.63 11.40 11.27 10.48 13.60 13.47 9.24 7.88 11.43 11.77 13.02 10.00 9.12 8.67 8.04 8.96 9.92 10.25 10.78 10.46 10.02 9.65 9.28 8.92 8.79 8.43 8.90 8.46 8.51 8.58 8.70 8.91 8.46 8.72 9.83 9.77 9.24 10.77 10.81 10.27 10.03 9.37 9.24 9.84 10.20 9.71 8.99 8.60 9.52 8.59 8.83 9.64 9.05 8.96 8.84 8.02 7.54 7.78
12.57 -9999 -9999 -9999 -9999 -9999 -9999 -9999 -9999 12.33 10.91 10.47 11.62 11.34 10.28 9.33 9.67 9.89 12.47 14.18 13.35 9.69 9.77 13.28 12.23 12.53 10.67 9.01 8.57 11.13 11.64 11.52 9.75 9.08 8.77 7.45 10.42 11.00 10.20 10.56 10.20 9.93 9.60 9.14 9.33 8.67 8.60 8.04 8.04 8.14 8.42 8.43 8.77 8.21 9.41 11.08 10.01 10.56 9.19 10.41 10.06 9.66 10.56 10.24 10.22 10.64 9.76 8.79 8.59 8.58 9.06 9.49 8.89 9.36 9.05 8.25 7.89 8.76 8.07
-9999 -9999 -9999 -9999 -9999 -9999 -9999 -9999 -9999 13.61 12.92 11.17 12.58 13.30 -9999 -9999 10.00 12.84 9.26 10.99 10.37 10.21 10.86 12.53 10.45 10.61 10.95 10.33 11.00 11.57 11.58 10.68 9.68 9.78 8.24 8.64 10.87 10.19 9.91 9.88 9.98 10.28 9.87 9.07 8.83 8.20 8.26 8.77 9.21 8.92 9.43 8.40 8.07 9.00 11.31 10.04 10.25 9.75 8.58 10.12 9.94 9.99 10.22 10.19 9.90 9.68 10.57 9.05 8.66 8.51 8.47 8.64 8.45 8.14 9.38 8.67 8.89 9.64 9.51
-9999 -9999 -9999 -9999 -9999 -9999 -9999 -9999 -9999 -9999 -9999 -9999 -9999 -9999 -9999 -9999 11.56 10.89 10.64 9.85 8.72 8.51 8.88 10.22 10.64 11.62 12.20 12.56 13.16 12.90 -9999 10.42 9.56 8.93 8.38 8.85 10.68 10.24 10.34 9.91 9.32 9.19 9.74 8.89 8.85 9.75 9.83 9.54 10.25 11.01 9.79 9.42 9.15 9.51 10.95 10.01 9.95 9.70 9.00 9.01 9.16 9.75 10.33 9.97 9.48 9.41 9.17 8.57 8.30 8.15 8.16 8.29 8.54 8.66 8.93 8.78 9.09 9.45 -9999
-9999 -9999 -9999 -9999 -9999 -9999 -9999 -9999 -9999 -9999 -9999 -9999 -9999 -9999 -9999 -9999 -9999 11.73 10.37 9.25 9.27 9.59 8.48 9.16 10.88 12.88 -9999 -9999 -9999 -9999 11.59 9.91 9.24 8.61 8.46 9.10 10.82 10.29 10.55 9.92 8.95 9.62 9.24 10.30 9.72 11.23 10.10 10.33 9.97 10.36 10.15 9.42 10.02 8.67 9.60 9.98 8.66 8.76 8.34 8.36 8.52 8.39 8.39 8.78 8.53 8.42 8.14 7.78 7.48 8.58 8.84 7.95 8.05 8.27 8.55 8.88 9.79 10.97 10.70
-9999 -9999 -9999 -9999 -9999 -9999 -9999 -9999 -9999 -9999 -9999 -9999 -9999 -9999 -9999 -9999 -9999 -9999 11.32 11.93 10.82 9.57 9.46 10.37 13.12 -9999 -9999 -9999 -9999 12.72 11.62 10.83 8.08 7.80 7.99 10.33 11.16 10.86 10.36 9.34 9.21 9.07 10.36 11.45 10.38 10.45 9.98 10.13 9.90 9.15 9.62 9.58 9.12 9.09 9.29 9.04 8.40 8.41 8.73 9.04 9.27 8.29 8.27 8.31 8.02 8.15 7.64 7.52 6.90 7.61 7.69 7.78 8.68 8.06 9.04 9.25 9.70 9.16 9.52
-9999 -9999 -9999 -9999 -9999 -9999 -9999 -9999 -9999 -9999 -9999 -9999 -9999 -9999 -9999 -9999 -9999 -9999 -9999 12.21 12.16 11.15 10.71 11.15 15.29 -9999 -9999 -9999 12.62 10.17 8.90 10.08 9.70 8.92 7.94 9.50 9.20 10.75 10.05 8.58 9.68 10.58 10.56 10.21 10.73 9.93 9.48 9.19 8.69 8.66 8.63 8.83 9.28 9.03 8.61 8.50 8.46 8.47 9.03 8.83 9.02 8.70 8.17 8.09 7.51 6.92 6.45 6.62 6.56 6.94 7.12 8.11 8.57 9.06 9.06 8.30 9.72 8.28 8.81
-9999 -9999 -9999 -9999 -9999 -9999 -9999 -9999 -9999 -9999 -9999 -9999 -9999 -9999 -9999 -9999 -9999 -9999 -9999 -9999 -9999 -9999 -9999 -9999 -9999 -9999 -9999 15.25 11.38 9.26 8.50 9.68 8.06 8.69 9.44 9.71 9.91 10.08 8.54 8.04 8.39 9.35 9.31 9.68 9.68 9.79 9.49 9.37 10.70 9.29 9.37 8.82 9.23 9.19 8.46 8.46 8.11 8.51 9.22 8.74 8.28 8.06 7.83 7.50 7.57 6.75 6.88 6.59 7.53 8.18 8.02 7.31 9.84 10.68 9.41 8.23 10.52 9.41 8.67
-9999 -9999 -9999 -9999 -9999 -9999 -9999 -9999 -9999 -9999 -9999 -9999 -9999 -9999 -9999 -9999 -9999 -9999 -9999 -9999 -9999 -9999 -9999 -9999 -9999 -9999 -9999 12.79 11.10 9.43 13.75 11.91 8.39 8.62 9.22 9.86 10.31 8.73 8.08 7.80 7.85 9.08 9.04 8.98 10.42 10.13 11.08 9.88 10.10 11.17 9.73 9.23 9.02 8.49 8.29 8.10 8.10 8.59 8.71 8.82 8.27 7.68 7.25 6.83 7.12 8.49 7.65 8.29 8.75 9.78 8.70 7.97 9.36 9.85 8.69 7.96 8.43 9.52 9.75
-9999 -9999 -9999 -9999 -9999 -9999 -9999 -9999 -9999 -9999 -9999 -9999 -9999 -9999 -9999 -9999 -9999 -9999 -9999 -9999 -9999 -9999 -9999 -9999 -9999 -9999 -9999 12.03 9.38 7.99 10.02 13.09 11.68 10.51 9.39 10.49 8.94 8.35 7.71 9.20 9.40 10.18 9.88 9.33 9.54 9.40 9.77 10.32 10.43 9.62 9.42 9.30 9.19 8.59 8.24 8.26 8.40 9.01 8.90 8.58 7.79 7.61 8.09 8.55 7.92 8.78 8.24 8.02 8.25 9.13 10.87 10.74 9.07 8.97 9.10 9.19 9.20 9.21 8.85
-9999 -9999 -9999 -9999 -9999 -9999 -9999 -9999 -9999 -9999 12.85 12.77 10.48 14.29 13.19 12.58 12.44 14.29 7.90 13.29 9.64 -9999 -9999 -9999 -9999 -9999 -9999 11.00 9.49 8.95 8.22 9.13 10.68 11.84 11.05 9.67 8.59 8.26 8.82 9.98 9.37 8.92 9.07 8.77 9.13 9.44 9.18 9.09 8.96 9.34 8.85 9.45 9.81 10.23 9.12 8.77 9.34 9.28 8.63 9.12 7.98 7.54 8.65 9.46 8.40 8.17 8.52 8.25 8.00 7.91 8.24 8.25 7.95 7.82 7.64 7.57 7.66 8.17 8.22
-9999 -9999 -9999 -9999 -9999 -9999 -9999 -9999 -9999 -9999 14.36 13.14 12.56 10.14 11.75 12.98 11.85 12.17 12.42 10.11 8.86 7.97 9.67 12.73 11.26 10.76 10.05 9.77 9.06 8.62 8.45 8.31 8.61 10.66 10.42 9.34 8.33 10.74 9.33 8.57 9.06 9.53 8.88 8.76 9.13 9.08 9.39 9.24 9.12 8.17 8.56 9.24 9.39 9.29 9.74 10.06 8.91 8.64 8.09 7.89 8.68 7.87 11.27 9.65 9.17 8.68 8.24 8.33 8.02 8.66 8.63 7.52 8.88 8.41 8.91 7.74 7.95 7.91 8.02
-9999 -9999 -9999 -9999 -9999 -9999 -9999 -9999 -9999 13.16 11.63 10.59 9.89 8.86 11.05 13.48 12.65 11.35 11.02 10.90 9.67 8.20 8.29 10.02 11.60 9.38 9.00 8.65 8.67 9.35 8.13 8.25 9.65 9.65 9.17 9.16 10.98 9.40 10.49 9.93 9.14 8.27 8.69 8.43 9.06 9.33 9.01 9.46 8.54 8.79 8.80 8.88 8.95 10.26 10.77 8.99 8.46 8.64 10.46 8.95 8.47 8.65 8.76 9.02 8.94 8.35 8.18 8.79 9.55 8.58 7.62 7.49 9.01 8.51 8.39 8.80 8.71 8.38 8.44
-9999 -9999 -9999 -9999 -9999 -9999 -9999 -9999 -9999 -9999 10.90 9.47 8.75 10.49 10.47 11.10 13.24 11.71 9.70 8.45 10.38 11.91 10.15 8.81 9.40 11.10 9.39 7.98 8.05 8.00 8.53 8.58 8.02 8.25 8.64 9.25 10.17 9.07 10.22 9.07 8.96 8.85 9.05 8.50 9.27 9.60 9.50 8.32 8.40 9.08 8.48 8.14 8.09 9.23 10.32 10.10 8.61 8.88 9.87 9.63 8.88 8.10 8.07 7.96 8.14 9.48 9.12 8.86 9.39 10.26 9.45 8.83 9.35 9.31 8.42 9.17 8.23 8.90 8.04
-9999 -9999 -9999 -9999 -9999 -9999 13.35 -9999 -9999 11.56 10.26 10.73 8.17 10.25 9.25 9.05 9.16 9.30 9.88 8.59 10.52 11.67 9.46 8.50 7.49 7.41 7.38 7.34 7.59 7.92 8.59 7.66 7.55 8.11 9.77 8.83 9.75 8.84 9.37 8.78 9.60 10.31 9.61 8.69 8.30 8.47 8.39 8.19 9.57 8.84 8.30 10.02 8.67 8.90 10.61 11.47 8.34 8.67 9.21 8.88 8.37 8.05 7.86 8.18 8.81 9.26 8.38 8.01 8.10 8.70 8.73 8.69 9.36 8.73 8.52 8.42 7.93 7.88 7.77
-9999 -9999 -9999 -9999 -9999 12.51 13.23 13.02 12.61 10.10 9.29 11.16 9.13 8.38 9.19 8.53 9.69 10.02 10.55 9.31 9.42 10.12 8.70 7.16 6.64 6.91 7.44 7.79 7.17 7.31 7.60 7.27 7.33 8.96 9.23 8.53 9.18 9.44 10.63 9.84 9.88 10.98 9.68 9.35 8.25 8.80 8.55 8.95 8.60 8.56 8.05 9.20 9.29 8.76 9.94 9.53 8.68 8.48 8.39 8.79 8.49 8.29 7.79 7.44 7.60 7.66 7.88 8.05 8.05 7.66 8.28 8.70 9.48 9.79 9.27 8.06 8.76 8.49 8.45
-9999 -9999 -9999 -9999 -9999 12.03 11.75 10.66 11.03 10.17 9.58 8.95 10.53 10.43 9.59 10.65 10.32 9.99 11.06 9.91 9.92 10.01 7.56 7.89 9.44 9.01 8.02 7.32 6.79 7.36 7.87 8.13 7.63 8.93 8.54 9.06 8.18 7.61 9.45 10.74 9.73 9.77 9.52 8.89 8.80 9.36 8.68 8.21 9.04 9.43 8.22 8.72 8.92 8.97 10.06 10.51 10.36 11.60 9.22 9.14 8.14 7.76 7.75 7.78 7.52 7.46 7.75 8.19 7.87 7.76 7.69 8.57 8.72 8.84 8.87 8.97 7.89 8.33 9.33
-9999 -9999 -9999 -9999 -9999 12.51 11.32 10.60 10.83 10.27 10.25 9.41 9.88 9.88 8.72 9.93 10.00 10.63 10.93 10.35 8.14 7.26 6.74 8.57 8.53 9.12 9.78 7.78 7.47 7.62 7.11 7.93 7.35 8.49 8.26 8.30 8.06 7.68 9.73 9.59 9.69 9.50 9.23 9.01 8.97 9.49 9.44 8.38 8.30 8.70 9.57 8.62 8.97 8.93 9.63 9.89 9.92 10.55 9.97 10.55 11.08 7.76 10.71 9.25 7.60 7.91 10.89 10.75 10.16 7.48 7.42 7.73 7.79 8.48 8.27 9.33 10.23 12.44 11.52
-9999 -9999 -9999 -9999 -9999 10.90 10.58 10.42 10.15 9.51 9.33 9.02 8.78 9.68 9.11 9.33 9.95 9.27 9.48 9.26 9.12 6.81 7.54 9.48 8.73 10.12 10.12 8.24 8.36 8.78 7.85 7.97 7.99 8.22 8.28 8.34 8.93 9.90 8.61 9.60 9.37 9.28 9.02 8.91 9.12 9.48 8.69 8.76 8.66 9.19 9.61 10.21 9.66 10.56 10.52 10.43 10.20 9.80 9.27 9.19 9.27 8.51 10.17 9.97 10.49 10.08 10.69 11.20 11.52 8.17 8.17 7.96 8.05 8.66 9.70 10.86 11.17 -9999 -9999
-9999 -9999 -9999 -9999 -9999 9.70 9.75 9.89 10.19 10.56 9.68 8.92 8.17 8.66 10.00 9.65 9.21 8.57 9.07 8.81 8.42 7.94 7.23 7.80 7.66 10.10 9.01 7.08 9.76 9.51 8.33 10.52 9.06 9.73 10.51 9.99 9.70 10.29 9.33 8.78 9.14 9.03 8.52 8.71 8.93 9.50 8.74 8.96 9.85 10.58 10.39 10.39 10.64 10.75 11.17 11.77 11.38 10.62 10.22 10.61 10.86 10.86 11.27 11.49 11.50 -9999 -9999 11.28 11.36 10.65 9.97 9.10 11.69 10.04 -9999 -9999 -9999 -9999 -9999
-9999 -9999 -9999 -9999 11.19 9.60 9.71 9.20 10.18 10.29 11.03 9.09 9.05 8.78 9.76 9.31 8.64 8.31 8.52 8.40 8.11 7.79 8.06 8.94 9.45 9.35 7.99 10.43 11.23 8.94 8.22 9.00 8.75 9.96 10.11 9.20 9.24 9.11 8.85 9.65 9.47 9.55 9.17 9.16 9.71 10.53 10.28 9.95 9.95 10.12 10.44 -9999 -9999 11.64 12.58 13.25 12.86 12.35 11.86 11.97 -9999 -9999 -9999 -9999 -9999 -9999 -9999 -9999 -9999 -9999 11.16 11.47 12.96 11.67 -9999 -9999 -9999 -9999 -9999
-9999 -9999 -9999 12.15 10.43 9.07 9.89 9.06 9.16 8.98 8.92 8.17 10.59 11.28 10.31 9.71 9.60 9.99 8.79 8.09 8.04 8.39 8.69 11.53 12.37 11.74 11.24 12.81 10.48 10.48 10.28 10.91 11.44 9.87 8.81 9.29 8.64 8.82 8.56 8.77 8.80 10.37 11.51 11.57 11.46 11.56 11.72 10.96 -9999 9.59 10.24 10.14 10.73 11.77 -9999 -9999 -9999 -9999 13.32 -9999 -9999 -9999 -9999 -9999 -9999 -9999 -9999 -9999 -9999 -9999 -9999 -9999 -9999 -9999 -9999 -9999 -9999 -9999 -9999
-9999 -9999 13.27 12.09 11.55 10.38 9.10 8.86 8.70 7.74 7.55 8.75 13.05 14.41 10.09 9.28 11.98 9.54 10.82 8.27 8.13 11.16 10.37 10.64 11.25 11.50 -9999 -9999 -9999 -9999 -9999 11.20 12.45 11.71 10.03 9.80 9.32 8.74 8.76 8.69 9.37 10.86 -9999 -9999 -9999 -9999 -9999 12.30 12.21 10.99 9.76 9.55 11.70 12.07 -9999 -9999 -9999 -9999 -9999 -9999 -9999 -9999 -9999 -9999 -9999 -9999 -9999 -9999 -9999 -9999 -9999 -9999 -9999 -9999 -9999 -9999 -9999 -9999 -9999
-9999 9.39 10.16 11.82 12.03 10.49 10.08 9.43 7.67 8.44 8.57 10.84 13.35 14.58 13.10 12.12 10.44 11.56 9.85 9.79 9.54 11.91 12.10 -9999 -9999 -9999 -9999 -9999 -9999 -9999 -9999 -9999 11.69 11.83 10.44 11.41 12.23 12.46 10.36 12.25 12.29 13.20 -9999 -9999 -9999 -9999 -9999 -9999 -9999 10.98 11.23 10.07 11.07 -9999 -9999 -9999 -9999 -9999 -9999 -9999 -9999 -9999 -9999 -9999 -9999 -9999 -9999 -9999 -9999 -9999 -9999 -9999 -9999 -9999 -9999 -9999 -9999 -9999 -9999
10.89 8.99 9.71 11.48 12.89 12.76 10.83 8.74 8.40 9.13 9.16 10.76 13.79 12.10 11.97 12.07 13.17 7.94 10.06 13.15 11.18 -9999 -9999 -9999 -9999 -9999 -9999 -9999 -9999 -9999 -9999 -9999 -9999 -9999 12.43 -9999 -9999 -9999 -9999 11.45 13.80 14.45 -9999 -9999 -9999 -9999 -9999 -9999 -9999 -9999 11.81 13.58 12.32 -9999 -9999 -9999 -9999 -9999 -9999 -9999 -9999 -9999 -9999 -9999 -9999 -9999 -9999 -9999 -9999 -9999 -9999 -9999 -9999 -9999 -9999 -9999 -9999 -9999 -9999
9.48 8.01 9.58 11.76 12.37 12.87 11.39 10.08 10.73 8.20 7.30 9.33 12.85 12.83 10.96 10.07 11.60 8.84 8.71 10.47 -9999 -9999 -9999 -9999 -9999 -9999 -9999 -9999 -9999 -9999 -9999 -9999 -9999 -9999 13.63 -9999 -9999 -9999 -9999 -9999 -9999 -9999 -9999 -9999 -9999 -9999 -9999 -9999 -9999 -9999 -9999 -9999 -9999 -9999 -9999 -9999 -9999 -9999 -9999 -9999 -9999 -9999 -9999 -9999 -9999 -9999 -9999 -9999 -9999 -9999 -9999 -9999 -9999 -9999 -9999 -9999 -9999 -9999 -9999
9.85 8.09 9.76 10.85 11.12 11.69 10.80 10.16 10.95 7.66 7.23 8.69 11.53 15.49 15.66 9.65 9.48 8.75 9.86 12.75 -9999 -9999 -9999 -9999 -9999 -9999 -9999 -9999 -9999 -9999 -9999 -9999 -9999 -9999 -9999 -9999 -9999 -9999 -9999 -9999 -9999 -9999 -9999 -9999 -9999 -9999 -9999 -9999 -9999 -9999 -9999 -9999 -9999 -9999 -9999 -9999 -9999 -9999 -9999 -9999 -9999 -9999 -9999 -9999 -9999 -9999 -9999 -9999 -9999 -9999 -9999 -9999 -9999 -9999 -9999 -9999 -9999 -9999 -9999
11.46 10.36 10.76 10.73 11.59 10.97 10.37 9.76 8.43 8.33 7.68 7.89 11.20 13.67 13.07 10.76 8.36 8.30 11.59 11.40 -9999 -9999 -9999 -9999 -9999 -9999 -9999 -9999 -9999 -9999 -9999 -9999 -9999 -9999 -9999 -9999 -9999 -9999 -9999 -9999 -9999 -9999 -9999 -9999 -9999 -9999 -9999 -9999 -9999 -9999 -9999 -9999 -9999 -9999 -9999 -9999 -9999 -9999 -9999 -9999 -9999 -9999 -9999 -9999 -9999 -9999 -9999 -9999 -9999 -9999 -9999 -9999 -9999 -9999 -9999 -9999 -9999 -9999 -9999
12.80 12.02 11.97 10.67 11.33 10.83 12.79 11.62 9.87 9.22 9.77 8.56 9.65 11.15 10.63 9.08 8.52 9.42 10.92 11.70 -9999 -9999 -9999 -9999 -9999 -9999 -9999 -9999 -9999 -9999 -9999 -9999 -9999 -9999 -9999 -9999 -9999 -9999 -9999 -9999 -9999 -9999 -9999 -9999 -9999 -9999 -9999 -9999 -9999 -9999 -9999 -9999 -9999 -9999 -9999 -9999 -9999 -9999 -9999 -9999 -9999 -9999 -9999 -9999 -9999 -9999 -9999 -9999 -9999 -9999 -9999 -9999 -9999 -9999 -9999 -9999 -9999 -9999 -9999
11.16 11.61 11.04 12.14 13.85 13.41 11.71 11.62 11.42 11.19 10.14 10.82 10.29 9.63 9.42 9.69 10.34 11.05 11.15 12.43 -9999 -9999 -9999 -9999 -9999 -9999 -9999 -9999 -9999 -9999 -9999 -9999 -9999 -9999 -9999 -9999 -9999 -9999 -9999 -9999 -9999 -9999 -9999 -9999 -9999 -9999 -9999 -9999 -9999 -9999 -9999 -9999 -9999 -9999 -9999 -9999 -9999 -9999 -9999 -9999 -9999 -9999 -9999 -9999 -9999 -9999 -9999 -9999 -9999 -9999 -9999 -9999 -9999 -9999 -9999 -9999 -9999 -9999 -9999
12.08 12.72 -9999 -9999 -9999 -9999 -9999 -9999 -9999 -9999 -9999 11.82 12.41 11.12 10.11 9.16 10.30 11.39 11.55 -9999 -9999 -9999 -9999 -9999 -9999 -9999 -9999 -9999 -9999 -9999 -9999 -9999 -9999 -9999 -9999 -9999 -9999 -9999 -9999 -9999 -9999 -9999 -9999 -9999 -9999 -9999 -9999 -9999 -9999 -9999 -9999 -9999 -9999 -9999 -9999 -9999 -9999 -9999 -9999 -9999 -9999 -9999 -9999 -9999 -9999 -9999 -9999 -9999 -9999 -9999 -9999 -9999 -9999 -9999 -9999 -9999 -9999 -9999 -9999
12.63 13.53 -9999 -9999 -9999 -9999 -9999 -9999 -9999 -9999 -9999 -9999 -9999 -9999 10.96 10.25 10.66 11.46 -9999 -9999 -9999 -9999 -9999 -9999 -9999 -9999 -9999 -9999 -9999 -9999 -9999 -9999 -9999 -9999 -9999 -9999 -9999 -9999 -9999 -9999 -9999 -9999 -9999 -9999 -9999 -9999 -9999 -9999 -9999 -9999 -9999 -9999 -9999 -9999 -9999 -9999 -9999 -9999 -9999 -9999 -9999 -9999 -9999 -9999 -9999 -9999 -9999 -9999 -9999 -9999 -9999 -9999 -9999 -9999 -9999 -9999 -9999 -9999 -9999
-9999 -9999 -9999 -9999 -9999 -9999 -9999 -9999 -9999 -9999 -9999 -9999 -9999 -9999 12.41 13.53 14.28 13.87 -9999 -9999 -9999 -9999 -9999 -9999 -9999 -9999 -9999 -9999 -9999 -9999 -9999 -9999 -9999 -9999 -9999 -9999 -9999 -9999 -9999 -9999 -9999 -9999 -9999 -9999 -9999 -9999 -9999 -9999 -9999 -9999 -9999 -9999 -9999 -9999 -9999 -9999 -9999 -9999 -9999 -9999 -9999 -9999 -9999 -9999 -9999 -9999 -9999 -9999 -9999 -9999 -9999 -9999 -9999 -9999 -9999 -9999 -9999 -9999 -9999
-9999 -9999 -9999 -9999 -9999 -9999 -9999 -9999 -9999 -9999 -9999 -9999 -9999 -9999 -9999 -9999 -9999 -9999 -9999 -9999 -9999 -9999 -9999 -9999 -9999 -9999 -9999 -9999 -9999 -9999 -9999 -9999 -9999 -9999 -9999 -9999 -9999 -9999 -9999 -9999 -9999 -9999 -9999 -9999 -9999 -9999 -9999 -9999 -9999 -9999 -9999 -9999 -9999 -9999 -9999 -9999 -9999 -9999 -9999 -9999 -9999 -9999 -9999 -9999 -9999 -9999 -9999 -9999 -9999 -9999 -9999 -9999 -9999 -9999 -9999 -9999 -9999 -9999 -9999
-9999 -9999 -9999 -9999 -9999 -9999 -9999 -9999 -9999 -9999 -9999 -9999 -9999 -9999 -9999 -9999 -9999 -9999 -9999 -9999 -9999 -9999 -9999 -9999 -9999 -9999 -9999 -9999 -9999 -9999 -9999 -9999 -9999 -9999 -9999 -9999 -9999 -9999 -9999 -9999 -9999 -9999 -9999 -9999 -9999 -9999 -9999 -9999 -9999 -9999 -9999 -9999 -9999 -9999 -9999 -9999 -9999 -9999 -9999 -9999 -9999 -9999 -9999 -9999 -9999 -9999 -9999 -9999 -9999 -9999 -9999 -9999 -9999 -9999 -9999 -9999 -9999 -9999 -9999
