ML/MeanWindSpeed_1999-11_Actual.txt
ncols         180
nrows         290
xllcorner     -200000
yllcorner     -200000
cellsize      5000
NODATA_value  -9999
[rows 140 to 174 of 290, columns 78 to 155 of 180]
-9999 -9999 -9999 13.87 -9999 -9999 -9999 12.16 12.23 10.63 10.54 11.74 -9999 -9999 12.13 10.18 13.06 14.45 -9999 -9999 -9999 -9999 -9999 11.46 9.90 7.13 7.17 6.81 7.60 7.51 8.17 7.77 5.04 8.20 11.88 12.98 9.87 11.87 13.00 13.73 11.31 12.62 13.50 12.69 10.92 11.43 11.90 8.89 9.92 12.45 13.83 -9999 -9999 -9999 -9999 -9999 -9999 -9999 -9999 -9999 -9999 -9999 -9999 -9999 -9999 -9999 -9999 -9999 -9999 -9999 -9999 -9999 -9999 -9999 -9999 -9999 -9999 -9999
-9999 -9999 -9999 13.90 13.65 -9999 -9999 -9999 12.22 12.76 12.33 12.78 -9999 -9999 -9999 -9999 13.18 -9999 -9999 -9999 -9999 -9999 -9999 9.85 8.48 7.14 7.85 8.86 8.99 8.28 8.59 7.82 6.28 6.80 11.04 12.24 8.18 14.30 13.88 15.37 11.98 12.64 15.07 12.96 11.84 11.69 9.95 8.38 9.91 12.27 13.37 -9999 -9999 -9999 -9999 -9999 -9999 -9999 -9999 -9999 -9999 -9999 -9999 -9999 -9999 -9999 -9999 -9999 -9999 -9999 -9999 -9999 -9999 -9999 -9999 -9999 -9999 -9999
-9999 -9999 -9999 -9999 15.23 -9999 -9999 -9999 -9999 12.76 13.87 13.51 -9999 -9999 -9999 -9999 -9999 -9999 -9999 -9999 -9999 -9999 10.96 9.31 8.94 8.34 8.50 10.47 10.37 9.73 9.80 9.10 8.11 6.07 8.15 14.97 15.01 14.67 14.46 11.96 11.19 12.08 10.81 9.34 12.50 13.04 9.62 8.91 10.44 11.97 12.85 13.52 -9999 -9999 -9999 -9999 -9999 -9999 -9999 -9999 -9999 -9999 -9999 -9999 -9999 -9999 -9999 -9999 -9999 -9999 -9999 -9999 -9999 -9999 -9999 -9999 -9999 -9999
-9999 -9999 -9999 -9999 16.56 -9999 -9999 -9999 -9999 -9999 -9999 -9999 -9999 -9999 -9999 -9999 -9999 -9999 -9999 -9999 -9999 -9999 10.93 8.64 7.09 5.48 5.03 14.06 11.42 10.20 12.43 9.49 10.32 4.86 5.29 12.50 17.18 13.45 11.33 16.03 18.60 17.35 15.11 13.94 10.01 10.86 10.60 11.50 10.86 11.07 12.32 13.10 13.69 -9999 -9999 -9999 -9999 -9999 -9999 -9999 -9999 -9999 -9999 -9999 -9999 -9999 -9999 -9999 -9999 -9999 -9999 -9999 -9999 -9999 -9999 -9999 -9999 -9999
-9999 -9999 -9999 -9999 -9999 -9999 -9999 -9999 -9999 -9999 -9999 -9999 -9999 -9999 -9999 -9999 -9999 -9999 -9999 -9999 -9999 11.52 9.94 7.64 6.32 9.53 4.80 19.38 18.27 9.73 10.81 9.62 8.68 8.24 4.78 6.93 17.38 16.73 14.37 12.64 11.77 14.86 14.82 13.96 12.07 11.07 10.85 10.48 10.42 11.24 10.91 10.99 12.05 -9999 -9999 -9999 -9999 -9999 -9999 -9999 -9999 -9999 -9999 -9999 -9999 -9999 -9999 -9999 -9999 -9999 -9999 -9999 -9999 -9999 -9999 -9999 -9999 -9999
-9999 -9999 -9999 -9999 -9999 -9999 -9999 -9999 -9999 -9999 -9999 -9999 -9999 -9999 -9999 -9999 -9999 -9999 -9999 -9999 -9999 10.03 10.14 6.33 8.77 17.63 9.10 6.12 12.96 13.53 10.74 10.08 9.35 8.55 6.46 6.24 8.79 18.61 15.85 14.63 12.45 12.62 12.99 11.21 11.06 11.20 12.24 10.60 11.44 10.45 10.29 9.69 10.15 11.17 12.10 12.59 -9999 -9999 -9999 -9999 -9999 -9999 -9999 -9999 -9999 -9999 -9999 -9999 -9999 -9999 -9999 -9999 -9999 -9999 -9999 -9999 -9999 -9999
-9999 -9999 -9999 -9999 -9999 -9999 -9999 -9999 -9999 -9999 -9999 -9999 -9999 -9999 -9999 -9999 -9999 -9999 -9999 -9999 -9999 9.79 8.78 7.76 12.01 7.96 7.23 9.27 14.63 10.54 9.10 13.11 7.42 10.11 8.33 7.37 7.31 11.05 13.61 13.54 12.99 12.70 10.74 11.00 10.51 10.10 9.98 10.34 10.17 10.25 9.21 8.63 8.60 12.06 10.56 12.15 13.57 13.75 -9999 -9999 -9999 -9999 -9999 -9999 -9999 -9999 -9999 -9999 -9999 -9999 -9999 -9999 -9999 -9999 -9999 -9999 -9999 -9999
-9999 -9999 -9999 -9999 -9999 -9999 -9999 -9999 -9999 -9999 -9999 -9999 -9999 -9999 -9999 -9999 -9999 -9999 -9999 -9999 -9999 9.81 8.42 9.30 15.58 17.26 11.89 7.67 9.78 10.73 13.84 8.70 12.60 10.50 9.45 9.46 8.58 6.71 7.85 13.06 12.76 12.17 11.68 10.87 10.49 10.62 10.57 9.92 10.07 9.59 8.68 8.65 8.26 9.22 12.33 11.93 12.44 14.33 14.67 13.00 -9999 -9999 -9999 -9999 -9999 -9999 -9999 -9999 -9999 -9999 -9999 -9999 -9999 -9999 -9999 -9999 -9999 -9999
-9999 -9999 -9999 -9999 -9999 -9999 -9999 -9999 -9999 -9999 -9999 -9999 -9999 -9999 -9999 -9999 -9999 -9999 -9999 -9999 -9999 10.76 8.57 10.56 12.13 7.62 21.59 17.58 9.57 12.00 9.29 14.18 14.98 10.49 8.55 8.90 8.35 5.90 14.77 13.60 13.56 14.61 15.32 14.55 10.94 12.28 10.82 10.25 10.06 9.68 9.22 8.44 7.30 8.25 11.36 10.33 10.05 11.05 12.93 11.63 15.22 -9999 -9999 -9999 -9999 -9999 -9999 -9999 -9999 -9999 -9999 -9999 -9999 -9999 -9999 -9999 -9999 -9999
-9999 -9999 -9999 -9999 -9999 -9999 -9999 -9999 -9999 12.47 12.91 13.86 -9999 -9999 -9999 -9999 -9999 -9999 -9999 -9999 -9999 -9999 10.90 9.17 7.36 10.03 13.30 17.03 9.85 6.61 12.38 11.91 10.53 8.64 10.53 10.09 7.60 8.31 11.82 12.74 17.36 16.24 13.91 13.45 14.27 12.50 10.98 10.36 9.86 9.57 8.50 7.56 12.13 11.15 14.98 15.73 14.52 13.09 10.19 13.75 14.77 13.98 -9999 -9999 -9999 -9999 -9999 -9999 -9999 -9999 -9999 -9999 -9999 -9999 -9999 -9999 -9999 -9999
-9999 -9999 -9999 -9999 -9999 -9999 -9999 -9999 -9999 10.53 10.82 -9999 -9999 -9999 -9999 -9999 -9999 -9999 -9999 -9999 -9999 -9999 -9999 9.25 6.16 11.05 12.50 21.32 11.56 11.62 11.02 8.50 7.12 7.00 6.38 15.11 7.81 9.08 15.28 12.92 10.18 9.87 15.30 11.05 14.46 12.20 10.75 9.95 9.60 8.65 8.86 11.33 12.45 11.73 11.50 11.00 12.39 13.41 12.91 13.51 13.64 16.33 -9999 -9999 -9999 -9999 -9999 -9999 -9999 -9999 -9999 -9999 -9999 -9999 -9999 -9999 -9999 -9999
-9999 -9999 -9999 -9999 -9999 -9999 -9999 -9999 9.69 12.91 13.02 12.87 -9999 -9999 -9999 -9999 -9999 -9999 -9999 -9999 -9999 -9999 -9999 9.40 11.41 12.41 13.58 11.04 12.25 9.85 9.36 8.07 7.24 8.96 6.85 4.99 15.07 10.45 9.91 14.27 12.44 16.02 12.90 13.48 11.97 11.53 10.81 10.52 9.44 8.38 9.65 11.39 10.57 11.89 13.22 12.63 13.09 12.58 12.96 13.59 12.19 15.72 14.64 -9999 -9999 -9999 -9999 -9999 -9999 -9999 -9999 -9999 -9999 -9999 -9999 -9999 -9999 -9999
-9999 -9999 -9999 -9999 -9999 -9999 -9999 8.35 12.73 15.10 19.49 12.92 -9999 -9999 -9999 -9999 -9999 -9999 -9999 -9999 -9999 -9999 -9999 11.14 16.31 12.97 8.66 10.47 9.54 10.19 8.08 6.92 7.68 8.72 5.97 12.77 9.50 13.67 10.59 16.22 10.24 12.02 10.04 12.76 11.10 11.47 11.49 10.04 9.72 8.55 8.61 12.61 13.42 13.13 11.94 12.05 11.57 11.36 11.74 13.87 14.01 13.61 14.64 -9999 -9999 -9999 -9999 -9999 -9999 -9999 -9999 -9999 -9999 -9999 -9999 -9999 -9999 -9999
-9999 -9999 -9999 -9999 -9999 -9999 11.27 9.72 17.48 14.76 14.69 -9999 -9999 -9999 -9999 -9999 -9999 -9999 -9999 -9999 -9999 -9999 -9999 -9999 11.97 9.43 8.64 11.23 8.45 10.99 8.64 7.56 7.01 7.20 5.40 12.53 12.47 13.98 13.33 14.59 14.83 14.87 13.50 13.16 13.55 12.90 10.60 10.13 9.87 9.07 8.70 9.93 15.45 14.08 11.18 10.44 10.44 10.02 10.22 10.47 10.71 10.44 11.72 13.80 15.06 -9999 -9999 -9999 -9999 -9999 -9999 -9999 -9999 -9999 -9999 -9999 -9999 -9999
-9999 -9999 -9999 -9999 -9999 -9999 14.56 16.21 12.34 13.25 13.88 -9999 -9999 -9999 -9999 -9999 -9999 -9999 -9999 -9999 -9999 -9999 -9999 -9999 -9999 10.21 10.55 9.80 8.83 10.43 9.45 9.08 8.22 8.33 5.49 12.73 11.76 10.78 13.66 12.15 11.33 16.52 16.51 12.58 14.77 13.38 12.61 10.32 9.78 9.57 9.12 9.43 10.86 11.39 10.56 10.37 10.18 10.07 9.69 9.67 9.73 9.92 13.37 14.03 14.09 -9999 -9999 -9999 -9999 -9999 -9999 -9999 -9999 -9999 -9999 -9999 -9999 -9999
-9999 -9999 -9999 -9999 -9999 -9999 15.93 14.46 15.36 14.41 -9999 -9999 -9999 -9999 -9999 -9999 -9999 -9999 -9999 -9999 -9999 -9999 -9999 -9999 -9999 11.41 11.36 10.81 -9999 10.84 -9999 9.68 8.37 7.15 5.59 6.31 12.34 11.24 12.23 16.30 8.29 9.92 16.68 14.49 13.92 13.67 12.17 10.49 9.94 9.71 9.25 9.39 9.93 10.99 12.03 10.64 11.15 9.73 8.78 10.08 11.62 11.28 10.79 11.05 13.46 16.06 17.16 -9999 -9999 -9999 -9999 -9999 -9999 -9999 -9999 -9999 -9999 -9999
-9999 -9999 -9999 -9999 -9999 15.95 14.97 14.63 -9999 -9999 -9999 -9999 -9999 -9999 -9999 -9999 -9999 -9999 -9999 -9999 -9999 -9999 -9999 -9999 -9999 12.79 11.77 10.83 -9999 -9999 -9999 9.38 9.72 5.89 6.89 8.90 7.56 7.16 9.83 15.12 14.75 8.86 14.25 16.26 12.99 14.46 13.03 11.50 9.37 9.53 9.31 9.44 9.76 10.16 10.50 10.30 10.49 8.81 9.45 10.95 12.20 12.84 12.83 11.96 12.19 13.94 15.85 -9999 -9999 -9999 -9999 -9999 -9999 -9999 -9999 -9999 -9999 -9999
-9999 -9999 -9999 -9999 -9999 -9999 -9999 -9999 -9999 -9999 -9999 -9999 -9999 -9999 -9999 -9999 -9999 -9999 -9999 -9999 -9999 -9999 -9999 -9999 -9999 -9999 -9999 -9999 -9999 -9999 10.34 7.71 7.11 8.78 10.03 11.43 11.58 9.67 10.65 14.27 13.81 11.39 9.43 13.47 15.05 13.25 12.04 10.87 9.96 9.79 10.05 9.57 9.55 9.77 9.78 9.45 8.60 9.67 12.94 11.44 12.50 11.84 12.05 11.13 12.25 13.80 -9999 -9999 -9999 -9999 -9999 -9999 -9999 -9999 -9999 -9999 -9999 -9999
-9999 -9999 -9999 -9999 -9999 -9999 -9999 -9999 -9999 -9999 -9999 -9999 -9999 -9999 -9999 -9999 -9999 -9999 -9999 -9999 -9999 -9999 -9999 -9999 -9999 -9999 -9999 -9999 -9999 -9999 9.49 7.19 8.29 11.28 14.72 13.69 10.45 11.83 9.24 10.04 9.23 11.12 11.87 13.26 13.61 13.20 11.80 11.12 10.58 9.79 10.07 9.46 9.47 9.58 9.72 9.41 8.45 9.27 14.13 13.51 11.64 11.30 11.09 10.86 12.06 14.00 -9999 -9999 -9999 -9999 -9999 -9999 -9999 -9999 -9999 -9999 -9999 -9999
-9999 -9999 -9999 -9999 -9999 -9999 -9999 -9999 -9999 -9999 -9999 -9999 -9999 -9999 -9999 -9999 -9999 -9999 -9999 -9999 -9999 -9999 -9999 -9999 -9999 -9999 -9999 -9999 -9999 -9999 8.65 6.62 7.15 11.05 12.68 12.35 11.43 10.67 9.76 10.59 9.08 8.98 9.98 8.57 13.39 11.68 12.85 11.39 10.99 9.62 9.41 9.51 9.46 9.56 9.58 9.49 9.01 8.99 11.82 12.99 11.91 11.12 11.02 10.75 11.74 13.46 -9999 -9999 -9999 -9999 -9999 -9999 -9999 -9999 -9999 -9999 -9999 -9999
-9999 -9999 -9999 -9999 -9999 -9999 -9999 -9999 -9999 -9999 -9999 -9999 -9999 -9999 -9999 -9999 -9999 -9999 -9999 -9999 -9999 -9999 -9999 -9999 -9999 -9999 -9999 -9999 12.28 10.28 7.85 6.33 9.79 12.51 15.96 12.23 13.75 8.06 9.21 9.23 10.38 11.17 10.97 13.42 9.80 10.07 10.08 9.99 9.46 10.36 9.34 9.29 9.69 9.42 9.49 9.66 9.37 9.38 10.17 12.40 11.69 10.83 10.68 10.65 11.17 12.64 14.39 -9999 -9999 -9999 -9999 -9999 -9999 -9999 -9999 -9999 -9999 -9999
-9999 -9999 -9999 -9999 -9999 -9999 -9999 -9999 -9999 -9999 -9999 -9999 -9999 -9999 -9999 -9999 -9999 -9999 -9999 -9999 -9999 -9999 -9999 -9999 -9999 -9999 -9999 -9999 11.39 9.30 7.90 7.14 8.00 11.93 9.74 9.10 7.01 8.85 12.09 9.27 11.19 10.64 12.18 8.64 13.19 10.80 12.14 11.67 11.63 10.22 9.73 9.37 9.27 9.29 9.48 9.57 9.63 9.46 9.62 10.60 11.98 11.17 10.60 10.67 10.74 11.74 13.60 -9999 -9999 -9999 -9999 -9999 -9999 -9999 -9999 -9999 -9999 -9999
-9999 -9999 -9999 -9999 -9999 -9999 -9999 -9999 -9999 -9999 -9999 -9999 -9999 -9999 -9999 -9999 -9999 -9999 -9999 -9999 -9999 -9999 -9999 -9999 -9999 -9999 -9999 -9999 11.36 9.16 8.34 7.83 8.44 9.60 9.86 8.28 7.16 8.72 8.87 8.10 10.45 13.39 10.89 10.53 9.15 11.15 9.25 9.90 10.66 11.07 10.07 9.73 9.25 9.24 9.46 9.59 9.68 9.62 9.43 9.98 11.57 12.32 11.07 10.57 10.63 11.01 12.34 14.09 -9999 -9999 -9999 -9999 -9999 -9999 -9999 -9999 -9999 -9999
-9999 -9999 -9999 -9999 -9999 -9999 -9999 -9999 -9999 -9999 -9999 -9999 -9999 -9999 -9999 -9999 -9999 -9999 -9999 -9999 -9999 -9999 -9999 -9999 -9999 -9999 -9999 -9999 11.03 9.32 8.76 8.67 8.51 8.38 8.07 8.61 9.54 6.98 6.93 8.05 13.24 13.51 14.73 13.30 11.20 10.92 11.46 9.82 9.12 10.36 10.82 9.64 9.21 9.31 9.30 9.54 9.77 9.93 9.69 9.85 12.02 13.37 11.97 11.37 11.28 10.94 11.29 12.90 14.56 -9999 -9999 -9999 -9999 -9999 -9999 -9999 -9999 -9999
-9999 -9999 -9999 -9999 -9999 -9999 -9999 -9999 -9999 -9999 -9999 -9999 -9999 -9999 -9999 -9999 -9999 -9999 -9999 -9999 -9999 -9999 -9999 -9999 -9999 -9999 -9999 -9999 11.06 9.15 8.65 8.33 7.85 7.24 7.72 7.03 8.13 8.95 11.03 12.75 14.21 11.46 13.41 11.84 11.68 10.08 11.60 10.95 10.05 9.34 9.18 9.34 9.14 9.30 9.47 9.72 9.92 10.21 10.35 10.50 11.35 12.62 12.18 11.63 11.70 11.67 11.43 11.65 13.45 -9999 -9999 -9999 -9999 -9999 -9999 -9999 -9999 -9999
-9999 -9999 -9999 -9999 -9999 -9999 -9999 -9999 -9999 -9999 -9999 -9999 -9999 -9999 -9999 -9999 -9999 -9999 -9999 -9999 -9999 -9999 -9999 -9999 -9999 -9999 -9999 -9999 -9999 9.16 8.67 8.02 7.01 7.28 9.20 9.32 10.18 8.95 8.97 11.60 11.86 13.55 12.72 10.61 8.93 9.53 9.42 10.75 9.77 9.45 10.11 9.77 9.12 9.46 9.50 9.77 9.87 10.10 10.48 10.81 11.28 11.40 11.57 11.73 12.03 -9999 12.04 12.47 13.55 15.43 -9999 -9999 -9999 -9999 -9999 -9999 -9999 -9999
-9999 -9999 -9999 -9999 -9999 -9999 -9999 -9999 -9999 -9999 -9999 -9999 -9999 -9999 -9999 -9999 -9999 -9999 -9999 -9999 -9999 -9999 -9999 -9999 -9999 -9999 -9999 -9999 10.74 8.99 8.38 7.43 6.43 6.43 11.04 11.94 9.83 12.93 12.67 10.53 10.28 14.84 12.94 13.30 10.47 8.60 10.86 9.46 8.78 9.51 9.73 9.32 9.50 9.32 9.44 9.59 9.87 9.80 9.98 11.67 10.99 10.54 12.05 11.29 11.55 11.74 -9999 13.20 14.19 15.72 16.91 -9999 -9999 -9999 -9999 -9999 -9999 -9999
-9999 -9999 -9999 -9999 -9999 -9999 -9999 -9999 -9999 -9999 -9999 -9999 -9999 -9999 -9999 -9999 -9999 -9999 -9999 -9999 -9999 -9999 -9999 -9999 -9999 -9999 -9999 -9999 10.32 8.56 8.02 7.31 8.59 7.60 9.34 12.82 9.61 10.04 10.43 8.16 7.95 12.19 11.73 11.61 8.35 10.60 11.86 9.58 10.66 9.79 10.41 10.13 9.64 9.25 9.32 9.45 9.57 9.43 9.41 9.80 10.31 9.43 9.95 10.73 10.28 11.31 12.06 -9999 -9999 -9999 -9999 -9999 -9999 -9999 -9999 -9999 -9999 -9999
-9999 -9999 -9999 -9999 -9999 -9999 -9999 -9999 -9999 -9999 -9999 -9999 -9999 -9999 -9999 -9999 -9999 -9999 -9999 -9999 -9999 -9999 -9999 -9999 -9999 -9999 -9999 12.10 9.44 8.11 8.79 8.32 8.44 8.09 9.68 10.26 9.57 9.13 8.55 8.05 8.04 11.02 13.96 14.00 9.49 12.54 12.23 9.86 10.25 9.24 9.94 10.21 9.48 9.05 9.42 9.43 9.44 9.54 9.31 9.60 9.81 9.60 9.50 11.06 10.47 10.51 11.05 12.56 14.16 -9999 -9999 -9999 -9999 -9999 -9999 -9999 -9999 -9999
-9999 -9999 -9999 -9999 -9999 -9999 -9999 -9999 -9999 -9999 -9999 -9999 -9999 -9999 -9999 -9999 -9999 -9999 -9999 -9999 -9999 -9999 -9999 -9999 -9999 -9999 -9999 -9999 9.55 8.11 8.00 8.53 10.63 8.49 8.47 8.58 8.92 9.07 8.32 7.69 7.12 7.51 11.89 13.28 14.58 12.19 12.88 11.97 10.93 11.26 8.99 9.03 9.89 9.06 9.22 9.19 9.23 9.49 9.29 9.42 9.84 9.40 8.92 9.18 11.74 10.65 10.37 10.97 12.21 13.71 15.34 -9999 -9999 -9999 -9999 -9999 -9999 -9999
-9999 -9999 -9999 -9999 -9999 -9999 -9999 -9999 -9999 -9999 -9999 -9999 -9999 -9999 -9999 -9999 -9999 -9999 -9999 -9999 -9999 -9999 -9999 -9999 -9999 -9999 -9999 -9999 9.42 8.55 8.08 8.37 8.74 8.84 8.55 8.08 8.18 7.70 7.34 7.19 7.11 7.70 7.30 12.72 15.74 16.80 14.41 12.73 12.04 10.43 10.42 9.34 10.39 9.24 9.33 9.17 9.19 9.25 9.22 9.59 9.73 9.36 8.67 9.23 11.57 10.99 11.30 10.23 10.60 11.92 13.67 -9999 -9999 -9999 -9999 -9999 -9999 -9999
-9999 -9999 -9999 -9999 -9999 -9999 -9999 -9999 16.00 14.99 15.57 16.88 -9999 -9999 -9999 -9999 -9999 -9999 -9999 -9999 -9999 -9999 -9999 -9999 -9999 -9999 -9999 9.97 8.66 8.98 8.38 9.39 8.96 8.21 7.96 7.96 7.75 7.66 7.33 7.08 6.75 6.32 10.08 13.54 14.10 12.34 15.67 14.52 11.03 10.70 8.43 11.24 11.09 9.50 9.39 9.18 9.14 9.16 9.15 9.37 9.88 9.59 8.74 8.82 9.53 11.55 11.48 11.97 10.23 10.33 12.10 14.09 -9999 -9999 -9999 -9999 -9999 -9999
-9999 -9999 -9999 -9999 -9999 -9999 -9999 -9999 14.99 13.89 13.89 14.70 -9999 -9999 -9999 -9999 -9999 -9999 -9999 -9999 -9999 -9999 -9999 -9999 -9999 -9999 9.99 9.47 8.50 8.90 10.06 8.80 8.69 7.67 7.60 7.77 7.53 7.69 7.67 6.64 5.84 5.55 8.08 15.41 16.06 12.12 14.28 13.50 12.95 9.65 8.48 10.29 10.87 9.85 8.89 8.84 9.03 9.46 9.28 9.23 9.54 9.89 9.20 9.05 9.26 11.25 11.44 11.41 10.34 10.27 11.00 13.08 -9999 -9999 -9999 -9999 -9999 -9999
-9999 -9999 -9999 -9999 -9999 -9999 18.81 15.09 13.08 13.20 13.04 14.26 14.03 15.50 16.34 -9999 -9999 15.18 12.61 -9999 -9999 -9999 9.93 11.31 10.34 -9999 7.59 9.54 8.74 8.41 8.99 8.38 8.49 8.36 8.98 8.47 8.38 7.39 7.56 6.52 6.36 9.70 7.32 10.94 14.32 9.23 11.55 16.43 10.52 12.07 9.54 10.16 10.33 9.58 9.15 9.09 9.15 9.43 9.00 9.19 9.26 10.04 9.20 9.04 9.29 9.96 10.86 11.98 11.50 10.34 10.31 12.06 14.30 -9999 -9999 -9999 -9999 -9999
-9999 -9999 -9999 -9999 -9999 -9999 -9999 15.67 13.81 12.95 12.40 12.68 14.01 15.59 12.68 -9999 11.34 12.32 12.53 10.46 11.14 7.40 6.46 11.13 11.13 9.38 -9999 7.05 8.83 8.77 7.99 7.99 8.70 7.97 7.88 7.86 7.64 7.70 7.09 6.91 6.51 10.11 11.08 11.58 12.61 11.81 14.30 14.52 12.24 9.69 8.95 10.79 10.73 9.15 9.55 9.04 9.58 9.65 9.07 9.04 9.11 10.09 9.32 9.17 9.33 9.36 10.39 11.31 12.08 11.18 10.44 11.27 13.40 -9999 -9999 -9999 -9999 -9999
