ML/MeanWindSpeed_1993-05_Actual.txt
ncols         180
nrows         290
xllcorner     -200000
yllcorner     -200000
cellsize      5000
NODATA_value  -9999
[rows 175 to 209 of 290, columns 79 to 157 of 180]
-9999 -9999 -9999 -9999 -9999 -9999 -9999 13.37 12.61 11.68 10.88 9.57 6.95 5.50 8.58 11.85 7.27 8.39 7.77 7.37 6.29 4.90 5.65 7.18 8.01 7.28 6.62 7.07 7.67 7.38 7.71 8.70 8.95 9.47 9.72 9.96 9.95 9.55 8.83 8.61 11.31 11.67 11.26 11.65 10.21 10.33 11.35 10.77 9.48 9.07 9.56 9.32 8.97 9.31 9.28 10.10 10.14 10.21 10.20 10.30 10.94 10.30 10.25 10.33 10.28 10.59 10.89 10.84 10.83 10.93 10.45 11.76 13.34 -9999 -9999 -9999 -9999 -9999 -9999
-9999 -9999 -9999 -9999 -9999 -9999 -9999 -9999 13.93 12.00 9.90 7.28 4.93 5.37 13.20 10.55 6.46 8.87 6.05 7.31 7.19 5.22 4.99 8.97 7.65 7.58 7.12 6.85 7.07 6.97 6.79 7.93 8.80 9.25 9.43 9.42 9.50 9.04 8.37 9.26 10.65 12.30 11.33 12.06 11.17 8.91 10.43 11.11 9.26 9.05 9.34 8.98 8.87 9.14 9.35 10.22 10.06 10.03 10.14 10.04 10.48 10.37 10.24 10.28 10.26 10.41 10.88 11.48 10.86 10.44 10.36 11.48 13.09 -9999 -9999 -9999 -9999 -9999 -9999
-9999 -9999 -9999 -9999 -9999 -9999 -9999 -9999 -9999 11.61 8.52 6.53 6.17 11.48 14.70 11.62 8.42 8.18 8.10 8.41 8.56 7.81 5.93 6.53 9.21 7.46 7.00 7.16 6.98 6.91 7.03 7.74 8.55 8.77 8.80 8.96 8.80 8.49 8.59 9.21 11.12 11.87 10.45 10.68 11.25 9.77 8.89 10.87 8.99 8.78 9.13 8.75 8.75 8.90 9.51 10.22 10.05 10.02 10.02 9.79 10.59 10.39 10.29 10.34 10.36 10.62 10.76 10.86 10.59 10.50 10.58 11.82 13.29 -9999 -9999 -9999 -9999 -9999 -9999
-9999 -9999 -9999 -9999 -9999 -9999 -9999 -9999 -9999 10.29 7.96 7.58 9.02 11.38 14.83 10.58 6.64 7.61 8.81 8.87 9.67 8.72 6.50 5.72 9.36 8.82 7.72 7.64 6.85 6.78 7.13 8.23 8.68 8.78 8.73 8.38 8.02 8.20 9.39 9.45 9.35 12.11 10.54 10.74 11.42 10.83 10.07 9.79 8.79 7.98 8.80 9.11 8.64 8.81 9.19 9.84 9.84 10.09 9.98 9.84 10.25 10.72 10.55 10.58 10.52 10.60 10.67 10.62 10.48 10.76 11.48 12.65 -9999 -9999 -9999 -9999 -9999 -9999 -9999
-9999 -9999 -9999 -9999 -9999 -9999 -9999 -9999 -9999 9.20 8.37 8.89 9.55 12.91 12.78 9.85 8.18 7.04 8.26 9.76 9.44 10.54 7.96 5.74 8.89 9.71 9.44 7.88 7.11 6.72 7.46 8.58 8.91 8.72 8.45 8.09 8.16 8.90 9.43 8.77 8.91 11.09 10.97 10.70 10.68 10.06 9.99 10.34 8.29 8.41 8.74 8.58 8.78 8.76 9.51 9.44 9.70 9.90 9.87 10.01 11.18 11.02 10.71 10.58 10.57 10.56 10.51 10.46 10.57 11.41 12.55 -9999 -9999 -9999 -9999 -9999 -9999 -9999 -9999
-9999 -9999 -9999 -9999 -9999 -9999 -9999 -9999 10.60 13.07 9.89 10.94 12.04 10.25 14.04 11.75 9.53 8.89 11.25 10.35 10.69 9.46 7.05 6.84 9.91 10.13 9.96 8.21 7.21 6.87 8.07 8.76 8.77 8.65 8.24 8.09 8.87 8.92 9.05 9.50 9.84 9.65 12.06 11.41 10.14 10.46 9.75 9.09 8.67 8.08 8.29 8.50 9.00 8.78 8.70 9.66 9.49 9.65 9.82 10.13 11.15 10.95 10.67 10.61 10.48 10.46 10.30 10.29 11.10 12.25 -9999 -9999 -9999 -9999 -9999 -9999 -9999 13.07 -9999
-9999 -9999 -9999 -9999 -9999 -9999 11.39 10.85 12.45 11.47 10.98 12.03 12.20 8.99 8.82 9.66 10.31 9.96 11.57 11.27 10.86 7.54 7.93 7.96 7.95 9.21 8.91 8.70 7.85 7.51 8.47 9.10 9.01 8.54 8.46 8.98 8.90 9.33 9.06 9.85 10.18 10.52 10.36 9.82 10.40 10.25 9.70 9.20 8.87 8.60 8.15 8.65 8.51 8.21 8.51 8.93 9.12 9.34 9.44 10.07 11.12 10.84 10.45 10.46 10.29 10.25 10.16 10.55 11.57 -9999 -9999 -9999 -9999 -9999 13.10 12.40 11.82 11.40 11.41
-9999 -9999 -9999 -9999 -9999 11.64 11.27 11.36 12.06 12.28 12.67 12.22 10.05 8.14 8.52 9.53 10.66 13.74 10.16 8.79 7.72 6.09 9.39 10.71 11.31 10.44 9.43 8.97 8.53 8.33 8.83 9.38 9.06 8.69 8.68 9.17 9.57 8.98 8.92 10.10 10.36 10.23 10.08 9.97 9.91 9.49 9.51 8.67 8.47 8.67 8.39 8.13 7.88 8.07 8.56 8.55 8.64 8.83 9.11 9.82 11.05 10.80 10.33 10.20 10.08 10.08 10.12 10.53 11.38 -9999 -9999 -9999 -9999 -9999 11.96 10.98 10.40 10.08 9.99
-9999 -9999 -9999 -9999 12.20 12.25 11.84 12.24 -9999 -9999 -9999 -9999 9.49 10.93 9.56 10.36 12.18 10.48 8.73 9.66 8.84 8.12 13.26 12.93 11.95 12.23 10.33 8.88 8.91 9.00 8.95 9.19 9.15 8.77 9.08 9.13 9.88 9.19 9.05 9.60 9.98 10.06 9.96 9.37 9.34 9.31 9.10 8.49 8.28 8.11 7.93 7.83 7.95 8.26 8.19 8.17 8.52 8.91 9.14 9.55 10.40 10.44 10.32 9.97 9.93 9.93 9.95 10.19 10.87 12.05 -9999 -9999 -9999 -9999 11.15 10.28 9.94 9.81 9.68
-9999 -9999 -9999 -9999 13.22 13.73 12.49 13.06 -9999 -9999 -9999 -9999 9.21 10.47 10.89 8.74 11.43 10.53 9.35 10.51 11.80 10.88 13.88 11.21 11.65 11.55 10.22 9.08 9.09 9.23 9.19 9.37 9.62 9.03 9.32 9.41 9.55 9.73 9.21 9.50 9.15 9.43 9.84 10.07 10.05 9.12 8.67 8.33 8.11 8.21 7.74 7.82 8.17 8.33 8.61 8.24 9.16 9.29 9.50 9.39 9.99 10.14 10.09 9.76 9.84 9.87 9.86 9.92 10.12 10.90 11.63 -9999 -9999 11.56 10.81 10.30 10.31 9.99 9.75
-9999 -9999 -9999 -9999 -9999 -9999 -9999 -9999 -9999 -9999 -9999 -9999 10.15 12.47 10.77 7.94 9.54 9.09 11.66 11.47 10.27 12.83 13.34 12.35 12.23 11.12 9.82 8.73 9.27 9.25 9.46 9.40 9.20 9.00 8.90 8.99 9.23 9.44 9.09 9.13 9.20 9.19 9.10 9.64 9.62 8.44 8.92 9.26 8.52 8.35 7.95 7.57 8.27 8.90 9.24 8.89 8.72 9.09 9.59 9.48 9.92 10.02 10.05 9.64 9.74 9.81 9.83 9.82 9.70 9.93 10.44 11.05 11.17 10.65 10.33 9.91 10.33 10.21 10.11
-9999 -9999 -9999 -9999 -9999 -9999 -9999 -9999 -9999 -9999 -9999 -9999 -9999 12.73 8.23 7.39 9.97 12.26 11.57 12.68 12.84 11.17 11.73 12.13 10.18 9.90 8.91 8.50 8.75 9.06 9.25 9.36 9.22 8.76 8.56 8.89 9.02 9.26 8.94 8.75 9.84 9.61 9.18 9.19 9.03 8.76 8.51 8.94 8.90 8.63 9.11 8.35 8.45 8.91 8.58 8.63 8.77 8.87 9.67 9.74 9.71 9.77 10.06 9.66 9.72 9.74 9.73 9.76 9.80 9.84 9.83 10.06 10.12 9.99 9.82 9.92 10.45 10.34 10.10
-9999 -9999 -9999 -9999 -9999 -9999 -9999 -9999 -9999 -9999 -9999 -9999 -9999 10.24 11.69 11.72 11.28 10.99 10.90 12.17 11.07 10.80 10.06 9.65 10.35 8.97 8.45 9.04 8.75 8.79 8.97 8.64 8.52 8.64 8.61 9.35 9.48 9.32 8.81 8.45 9.56 10.12 9.55 9.07 8.88 8.84 8.76 8.77 8.75 9.07 10.21 9.53 8.70 8.54 8.52 8.88 9.46 9.62 9.62 9.99 9.93 10.02 9.95 9.73 9.75 9.73 9.79 9.80 9.82 9.85 9.84 9.85 9.83 9.92 9.85 9.76 10.30 10.31 10.48
-9999 -9999 -9999 -9999 -9999 -9999 -9999 -9999 -9999 -9999 -9999 -9999 11.23 10.66 9.45 13.31 10.57 9.44 10.53 10.92 10.35 11.56 10.01 9.72 10.33 8.31 11.02 9.03 8.00 8.27 9.13 8.33 8.06 9.51 9.64 9.47 9.04 9.20 8.96 8.68 9.38 9.78 9.44 9.03 8.89 8.78 8.80 9.07 9.02 9.64 9.72 9.24 8.70 8.44 8.64 9.13 9.77 9.91 9.66 9.91 10.24 10.30 10.09 9.85 9.78 9.79 9.82 9.81 9.78 9.79 9.79 9.67 9.70 10.02 9.97 9.80 10.05 10.26 9.96
-9999 -9999 -9999 -9999 -9999 -9999 -9999 -9999 -9999 -9999 -9999 -9999 10.84 11.51 13.92 10.43 7.82 8.17 8.29 9.97 11.70 11.45 10.08 9.85 9.43 8.02 8.38 8.88 9.35 9.15 8.47 8.42 8.40 8.96 9.60 9.17 9.00 9.27 9.07 9.14 9.65 9.71 9.67 9.30 9.01 8.91 8.72 8.80 9.07 9.71 10.03 9.39 8.38 8.35 9.07 9.99 9.92 10.34 10.33 10.19 10.17 10.52 10.05 10.01 9.86 9.85 9.75 9.75 9.72 9.65 9.62 9.56 9.57 10.06 9.96 9.69 9.84 10.17 9.99
-9999 -9999 -9999 -9999 -9999 -9999 -9999 -9999 -9999 -9999 -9999 -9999 12.02 12.66 8.94 8.72 7.13 7.53 8.48 11.96 11.49 11.90 10.15 9.51 8.28 7.03 7.67 9.48 10.47 11.12 8.79 9.40 8.68 9.23 9.67 8.93 8.76 9.01 9.29 9.37 9.18 9.42 10.13 9.61 8.93 8.82 9.33 8.72 9.12 9.47 9.41 8.87 8.38 8.64 9.24 9.79 10.06 9.99 9.63 9.80 10.20 10.38 9.79 9.66 9.80 9.78 9.71 9.60 9.48 9.48 9.48 9.46 9.51 9.75 9.69 9.70 9.66 9.85 9.73
-9999 -9999 -9999 -9999 -9999 -9999 -9999 -9999 -9999 -9999 -9999 -9999 -9999 9.28 9.24 9.07 9.41 10.08 10.03 11.09 10.61 8.96 8.25 7.67 7.93 7.82 7.75 8.77 9.64 11.27 9.82 9.07 8.67 9.76 9.88 8.77 9.08 8.74 9.03 10.11 9.30 9.37 9.47 9.47 8.73 8.57 9.42 9.20 9.04 9.37 9.06 8.71 8.73 9.24 9.32 9.54 9.42 9.68 9.38 10.07 10.24 9.84 9.66 9.84 9.76 9.54 9.45 9.34 9.32 9.33 9.33 9.33 9.34 9.40 9.41 9.42 9.29 9.22 9.31
-9999 -9999 -9999 -9999 -9999 -9999 -9999 -9999 -9999 -9999 -9999 -9999 -9999 9.38 8.92 8.98 10.20 11.95 12.02 10.30 8.88 7.87 8.20 8.94 9.83 10.92 9.67 9.38 10.36 10.94 9.99 8.77 10.22 9.96 9.87 9.03 9.54 9.05 8.92 9.26 9.88 9.83 9.68 9.39 8.78 8.58 9.39 9.30 9.09 9.13 9.16 9.07 9.17 9.47 9.20 9.17 9.73 9.85 9.90 9.91 10.10 9.61 9.72 9.97 9.44 9.26 9.18 9.15 9.22 9.21 9.17 9.19 9.18 9.17 9.06 8.86 8.63 8.52 8.69
-9999 -9999 -9999 -9999 -9999 -9999 -9999 -9999 -9999 -9999 -9999 -9999 10.32 8.21 8.34 10.16 10.97 10.84 10.62 9.09 9.06 11.01 9.64 9.88 10.01 9.50 9.24 9.88 10.79 10.14 9.07 9.40 10.51 10.55 10.02 8.97 9.70 8.88 8.80 9.77 9.51 9.69 9.82 9.45 9.16 8.94 9.67 9.58 9.02 9.10 9.01 8.83 9.18 9.05 9.58 9.32 9.68 9.41 9.74 9.97 9.49 9.26 9.70 9.69 9.15 9.05 9.18 9.08 9.17 9.16 9.18 9.12 9.02 8.91 8.64 8.67 8.69 8.61 8.28
-9999 -9999 -9999 -9999 -9999 -9999 -9999 -9999 -9999 -9999 -9999 -9999 10.98 9.03 8.50 8.84 10.25 12.10 11.37 10.18 9.26 9.86 10.90 11.66 11.55 9.90 11.12 11.45 9.76 10.92 8.62 9.11 10.67 11.68 9.63 9.55 9.10 8.62 8.56 9.26 10.78 10.04 9.97 9.69 9.46 9.46 9.78 9.53 9.06 9.11 9.02 8.81 8.72 9.46 9.69 9.66 10.05 9.62 9.53 9.52 9.17 9.23 9.55 9.48 9.12 9.20 9.16 9.34 9.15 9.17 9.28 9.18 8.92 8.66 8.31 8.16 8.48 8.52 8.53
-9999 -9999 -9999 -9999 -9999 -9999 -9999 -9999 -9999 -9999 -9999 -9999 9.78 8.75 7.10 7.80 9.59 12.02 10.94 10.74 9.74 11.47 11.25 10.42 10.44 10.87 11.13 10.22 9.56 9.99 11.00 9.32 9.86 9.83 9.54 10.21 9.58 8.79 8.71 9.33 9.84 9.69 10.11 9.91 9.64 9.73 9.53 9.05 9.09 9.11 9.08 8.67 8.99 9.85 9.90 9.45 9.63 10.02 9.46 9.44 8.86 9.26 9.49 9.19 9.10 9.15 8.86 8.97 8.95 9.05 9.10 8.95 8.71 8.43 8.11 8.11 7.85 8.08 8.17
-9999 -9999 -9999 -9999 -9999 -9999 -9999 -9999 -9999 -9999 -9999 9.60 9.80 10.27 8.29 7.17 9.65 11.06 12.15 12.03 9.96 10.57 9.60 10.14 10.90 10.14 10.34 11.29 10.42 10.18 9.84 9.26 9.17 9.33 9.61 9.72 9.49 9.19 8.87 9.10 9.76 9.83 9.49 9.65 9.49 9.77 9.32 8.99 8.91 8.62 8.44 8.57 9.22 9.51 9.70 9.29 9.72 9.70 9.30 8.86 9.21 9.25 9.37 9.47 9.27 9.06 8.92 8.81 8.90 9.00 8.90 8.72 8.39 8.05 7.92 8.05 8.03 8.07 8.18
-9999 -9999 -9999 -9999 -9999 -9999 -9999 -9999 -9999 -9999 9.90 9.73 10.18 8.77 7.14 8.59 10.98 12.01 11.47 12.62 10.57 11.03 9.58 9.21 12.58 10.55 11.25 10.46 10.26 9.45 9.14 9.03 9.62 9.26 10.23 9.71 9.73 8.91 8.79 8.95 9.41 9.60 9.38 9.43 9.55 9.51 8.67 8.75 8.57 8.57 8.63 8.88 9.31 9.17 9.60 9.25 9.41 8.99 8.80 9.25 9.46 9.33 9.46 9.34 8.82 8.94 8.92 8.96 8.98 8.84 8.64 8.29 8.10 7.88 8.11 8.25 8.39 8.44 8.20
-9999 -9999 -9999 -9999 -9999 -9999 -9999 -9999 10.86 9.71 8.95 8.46 8.40 8.15 7.72 9.34 10.93 12.35 13.54 12.54 10.64 8.63 9.61 9.52 12.14 11.22 10.88 10.96 10.01 9.49 8.67 9.03 10.03 9.86 10.07 9.14 9.12 8.93 8.92 9.18 9.22 9.49 9.14 9.18 9.19 8.71 8.40 8.41 8.63 8.47 8.97 9.44 9.39 9.21 8.98 8.78 9.18 9.44 9.23 9.25 8.88 9.42 9.47 9.02 8.54 8.53 9.02 9.02 9.06 8.61 8.31 7.95 7.91 8.31 8.52 8.48 8.92 8.81 8.78
-9999 -9999 -9999 -9999 11.79 10.93 9.68 10.71 10.40 10.33 10.37 9.26 8.64 8.10 10.42 10.15 12.22 12.82 12.78 10.81 9.31 7.72 8.59 9.33 13.53 12.63 10.88 9.77 9.97 9.53 10.04 8.89 10.01 10.25 10.15 9.55 8.93 8.76 9.21 8.86 8.66 9.52 8.98 8.70 8.36 8.45 8.53 8.62 8.21 8.72 8.69 9.01 9.51 9.36 9.14 8.99 9.33 9.35 9.17 9.02 9.43 9.02 8.89 8.65 8.41 8.84 9.11 9.16 8.77 8.27 8.08 8.02 8.52 8.67 8.60 9.07 8.77 8.90 9.11
-9999 -9999 -9999 11.71 10.06 9.93 9.22 8.80 9.83 9.93 9.96 8.63 7.94 9.70 10.59 11.61 10.80 13.43 11.04 9.37 11.21 9.24 8.03 12.55 12.33 10.94 8.46 8.61 9.13 10.71 9.25 9.09 9.33 9.32 10.12 9.79 9.54 8.95 9.06 8.67 8.55 9.14 8.64 8.09 8.08 8.31 8.47 8.36 9.37 8.60 8.71 9.06 9.41 9.06 8.96 8.76 8.91 9.12 9.05 9.41 9.02 8.73 8.80 8.78 8.47 8.71 8.81 8.49 8.27 8.04 8.00 8.10 8.44 9.02 9.09 9.20 9.07 8.98 9.07
-9999 -9999 10.78 10.41 8.73 8.43 8.53 9.16 9.37 9.73 9.01 9.17 11.22 10.20 10.48 12.50 9.55 10.43 9.80 10.98 10.63 11.20 10.61 11.12 10.14 7.90 10.19 10.38 9.01 9.45 9.06 8.90 9.39 8.98 9.18 10.09 10.06 8.75 8.53 8.62 8.70 8.30 7.58 7.56 9.03 8.17 8.03 8.43 9.02 8.82 8.72 9.08 9.36 9.36 9.59 9.22 8.83 8.70 8.64 9.05 8.72 8.44 8.89 8.73 8.45 8.51 8.42 8.18 8.18 8.16 8.20 8.42 8.61 9.16 8.86 8.81 8.98 8.72 8.86
9.71 10.29 8.84 8.88 9.33 8.88 8.76 10.04 9.63 9.61 9.55 11.00 10.87 10.49 11.71 11.23 9.36 8.99 10.55 10.76 10.32 10.88 11.71 9.59 7.50 9.54 10.53 9.73 10.20 9.20 9.17 8.68 9.15 10.00 9.22 10.62 9.61 8.66 8.35 8.49 8.78 7.16 7.24 9.35 8.38 8.11 8.09 8.55 9.33 8.77 8.76 9.09 9.02 9.30 9.25 8.88 8.62 8.63 8.37 8.64 8.72 8.55 8.31 8.09 7.97 7.90 8.11 8.75 8.48 8.99 8.73 8.36 9.05 9.02 9.03 8.83 8.75 8.79 8.72
7.95 9.49 11.29 11.14 10.85 9.06 9.80 10.84 10.28 10.21 11.39 10.99 11.03 12.11 10.29 8.51 8.10 8.43 10.15 10.55 10.41 10.01 9.18 7.58 8.45 13.37 11.92 10.38 8.98 9.24 9.07 9.77 9.22 9.48 9.05 9.48 9.45 8.93 8.35 8.13 7.56 6.67 8.58 9.38 9.15 8.35 8.14 9.73 9.32 8.81 8.89 8.90 9.36 9.32 9.07 8.50 8.84 8.48 8.10 9.05 8.86 8.11 8.04 7.91 7.71 7.98 8.57 8.87 8.92 9.32 9.02 8.86 9.22 9.06 8.67 8.75 8.69 8.81 8.84
8.31 9.37 9.99 9.92 9.41 10.36 9.92 11.08 9.48 10.18 11.62 11.60 10.64 10.61 8.24 7.13 8.57 9.65 9.71 9.23 10.10 8.40 7.34 6.38 9.37 12.82 13.81 9.82 9.63 9.77 9.97 9.42 8.78 9.49 9.15 9.53 9.20 8.86 7.71 7.13 7.46 7.27 9.00 9.50 9.11 8.15 8.60 9.75 9.58 9.23 8.96 9.22 9.25 8.95 8.65 8.46 8.65 8.80 8.48 8.37 8.16 7.85 8.44 8.69 7.92 8.17 8.84 9.27 9.20 9.51 9.44 9.36 9.37 8.75 8.72 8.64 8.64 8.57 8.74
8.78 9.70 9.87 10.12 9.82 10.00 10.85 10.53 10.72 9.96 9.96 9.77 9.13 8.28 8.43 7.35 9.71 13.36 9.13 9.02 9.44 11.78 11.13 6.77 7.57 14.38 12.52 10.79 10.69 11.14 10.18 8.78 8.14 9.53 9.89 9.43 8.88 8.21 7.16 6.58 7.40 8.99 9.79 9.66 9.17 8.64 8.69 8.96 9.56 9.10 9.00 8.98 8.80 8.53 8.38 8.77 8.75 8.68 8.42 7.84 7.88 8.21 8.19 8.59 8.28 8.44 8.75 9.09 9.48 9.62 9.52 9.46 9.54 8.70 8.43 8.66 8.65 8.41 8.59
8.60 9.46 9.23 9.66 9.95 10.14 9.94 10.03 10.22 9.56 10.17 9.34 9.98 7.69 8.55 9.82 10.57 11.61 11.57 9.87 10.92 12.10 9.45 10.52 10.61 9.19 11.82 11.59 9.58 9.77 8.71 8.97 8.79 10.83 10.66 9.37 8.59 7.55 6.80 7.25 9.27 9.15 10.28 9.61 9.26 9.46 9.05 9.82 9.12 9.10 8.81 8.63 8.50 8.60 8.57 8.61 8.49 8.28 7.74 7.66 8.34 8.87 8.70 8.42 8.68 8.46 9.04 8.83 8.98 9.12 9.16 9.29 9.32 8.91 8.39 8.60 8.54 8.44 8.77
8.44 8.29 9.07 10.13 11.80 11.56 10.69 10.06 9.41 9.25 10.58 9.07 9.42 7.87 9.35 10.10 10.22 9.86 10.44 9.64 11.22 11.49 11.92 10.38 11.40 11.46 13.79 10.73 9.90 9.35 9.29 8.67 10.25 10.80 11.17 8.98 7.96 6.99 8.58 9.10 9.65 10.39 9.57 9.69 9.67 9.42 8.85 8.96 8.98 8.76 8.52 8.49 8.41 8.70 8.74 8.82 8.34 7.76 7.57 7.94 9.02 8.49 8.80 8.82 8.48 8.29 8.42 8.47 8.69 8.87 8.71 9.02 9.01 8.69 8.56 8.56 8.27 8.26 9.05
8.62 8.42 8.83 10.44 11.43 12.25 11.60 10.91 10.04 9.44 9.77 10.81 8.74 10.83 11.00 11.48 12.16 10.98 9.34 9.51 10.76 10.54 11.43 10.71 9.92 12.33 12.47 9.85 9.83 8.31 8.57 9.67 10.63 11.12 10.50 8.61 7.41 7.84 7.88 9.39 9.82 9.68 9.82 9.58 9.30 9.13 8.60 8.41 8.39 8.34 9.06 8.54 8.96 8.70 8.49 7.84 7.47 7.53 8.07 8.80 8.95 8.98 9.02 8.66 8.17 8.16 8.46 8.74 8.14 8.61 9.05 8.73 8.59 8.68 8.16 8.32 8.81 8.61 8.64
9.22 9.69 10.79 12.28 -9999 -9999 -9999 -9999 11.48 10.85 11.01 9.67 8.96 9.76 10.33 10.09 9.12 7.08 11.80 12.22 10.07 9.72 10.31 11.20 11.75 12.82 11.07 9.76 8.62 7.92 10.31 10.40 11.79 10.33 9.45 8.30 7.65 8.68 8.53 9.97 10.05 9.54 9.50 9.22 8.93 8.58 8.32 8.17 8.14 8.22 8.92 8.74 9.05 8.97 8.31 7.69 7.46 8.37 8.56 8.93 9.21 9.32 8.48 8.08 7.75 8.23 8.49 8.36 7.80 8.29 8.71 8.62 8.37 8.66 8.38 8.33 8.61 8.74 8.68
