ML/MeanWindSpeed_2000-09_Actual.txt
ncols         180
nrows         290
xllcorner     -200000
yllcorner     -200000
cellsize      5000
NODATA_value  -9999
[rows 210 to 244 of 290, columns 79 to 157 of 180]
12.65 11.36 12.83 12.64 -9999 -9999 -9999 -9999 -9999 -9999 -9999 8.64 8.49 9.10 8.22 8.51 8.65 9.47 10.59 12.08 11.06 9.58 8.28 8.16 7.13 9.28 9.73 7.15 6.36 9.39 9.19 9.88 7.21 6.58 6.78 6.57 7.08 7.52 7.41 7.64 7.34 6.92 6.57 6.17 5.68 5.33 4.82 5.20 5.03 5.46 6.16 7.00 7.72 7.58 7.28 6.76 5.55 4.74 5.99 6.72 6.86 6.85 6.30 6.00 6.48 6.70 6.32 6.08 6.03 6.91 6.12 6.41 7.19 6.78 6.85 7.03 6.53 6.41 6.93
12.56 -9999 -9999 -9999 -9999 -9999 -9999 -9999 -9999 12.55 11.22 10.67 11.30 10.38 9.31 8.59 8.86 8.70 10.16 11.14 10.35 7.25 7.11 10.08 8.82 8.60 7.32 6.74 6.54 8.59 8.49 8.31 7.02 6.77 7.00 5.88 7.99 8.21 7.34 7.58 7.29 7.02 6.70 6.18 6.23 5.38 5.08 4.55 4.73 5.15 5.99 6.80 7.81 7.53 8.27 8.64 5.98 5.88 4.74 6.45 6.54 6.27 6.82 6.49 6.60 6.97 6.36 5.93 6.05 6.04 6.58 7.09 6.55 7.02 6.94 6.59 6.53 7.63 7.26
-9999 -9999 -9999 -9999 -9999 -9999 -9999 -9999 -9999 13.41 12.76 10.89 11.59 11.64 -9999 -9999 8.44 10.50 6.70 7.85 7.46 7.59 8.33 9.62 7.43 6.94 7.37 7.27 7.85 8.06 7.98 7.57 7.17 7.63 6.55 6.56 7.87 7.09 7.00 7.11 7.28 7.45 6.95 6.09 5.88 5.22 5.18 5.70 6.29 6.26 7.14 6.86 7.24 8.15 9.82 7.70 6.53 5.61 4.68 6.31 6.33 6.17 6.03 6.09 6.13 6.12 7.19 6.17 5.97 5.81 5.87 6.15 6.07 5.90 7.20 6.86 7.29 8.26 8.31
-9999 -9999 -9999 -9999 -9999 -9999 -9999 -9999 -9999 -9999 -9999 -9999 -9999 -9999 -9999 -9999 9.20 8.13 7.74 6.53 5.73 5.96 6.52 7.51 7.45 7.68 8.18 8.72 9.13 8.82 -9999 7.41 7.16 6.99 6.60 6.60 7.72 7.15 7.44 7.27 6.76 6.52 6.85 6.07 6.12 6.95 7.04 6.86 7.66 8.51 7.66 7.76 8.00 8.23 9.00 7.40 6.58 6.02 5.37 5.46 5.75 6.35 6.34 6.02 5.89 5.98 5.97 5.72 5.62 5.45 5.51 5.70 5.94 6.05 6.41 6.63 7.19 7.82 -9999
-9999 -9999 -9999 -9999 -9999 -9999 -9999 -9999 -9999 -9999 -9999 -9999 -9999 -9999 -9999 -9999 -9999 8.70 7.48 6.34 6.35 7.15 6.62 6.89 7.49 8.57 -9999 -9999 -9999 -9999 8.12 6.87 6.79 6.62 6.61 6.89 8.04 7.40 7.84 7.44 6.53 7.00 6.50 7.44 7.00 8.39 7.30 7.49 7.25 7.74 7.76 7.39 8.22 6.84 7.19 7.18 5.69 5.50 5.06 5.14 5.50 5.85 6.12 6.14 5.54 5.40 5.29 5.24 5.08 5.97 6.15 5.35 5.34 5.46 5.85 6.38 7.32 8.66 8.80
-9999 -9999 -9999 -9999 -9999 -9999 -9999 -9999 -9999 -9999 -9999 -9999 -9999 -9999 -9999 -9999 -9999 -9999 8.29 8.74 7.58 7.21 8.59 8.57 9.05 -9999 -9999 -9999 -9999 9.01 8.21 7.75 5.62 5.68 6.02 7.89 8.32 8.07 7.83 7.10 7.00 6.63 7.62 8.51 7.53 7.49 6.88 6.87 6.66 6.13 6.80 6.96 6.71 6.62 6.56 6.27 5.63 5.48 5.68 5.98 6.39 5.78 5.91 5.81 5.34 5.45 5.14 5.23 4.63 5.16 5.13 5.18 5.81 5.16 6.24 6.53 6.77 6.59 7.38
-9999 -9999 -9999 -9999 -9999 -9999 -9999 -9999 -9999 -9999 -9999 -9999 -9999 -9999 -9999 -9999 -9999 -9999 -9999 8.56 8.26 8.01 9.97 9.35 10.23 -9999 -9999 -9999 8.54 6.88 5.70 6.80 6.79 6.38 5.65 6.86 6.47 8.07 7.69 6.57 7.62 8.12 7.87 7.42 7.70 6.80 6.32 5.93 5.53 5.56 5.63 5.90 6.41 6.30 5.93 5.82 5.77 5.68 6.09 5.88 6.22 6.07 5.63 5.53 4.95 4.49 4.32 4.60 4.45 4.63 4.79 5.72 5.88 6.21 6.40 5.76 6.81 5.54 6.28
-9999 -9999 -9999 -9999 -9999 -9999 -9999 -9999 -9999 -9999 -9999 -9999 -9999 -9999 -9999 -9999 -9999 -9999 -9999 -9999 -9999 -9999 -9999 -9999 -9999 -9999 -9999 10.36 7.72 6.30 5.40 6.15 5.05 5.97 6.83 6.89 7.02 7.42 6.24 5.90 6.27 6.96 6.71 6.99 6.93 7.03 6.80 6.58 7.73 6.40 6.42 5.87 6.23 6.28 5.72 5.72 5.42 5.64 6.10 5.65 5.42 5.34 5.10 4.96 5.25 4.71 5.16 4.90 5.69 6.09 5.87 5.11 7.03 7.72 6.83 5.84 7.73 6.67 6.07
-9999 -9999 -9999 -9999 -9999 -9999 -9999 -9999 -9999 -9999 -9999 -9999 -9999 -9999 -9999 -9999 -9999 -9999 -9999 -9999 -9999 -9999 -9999 -9999 -9999 -9999 -9999 8.64 8.07 6.99 10.59 8.61 5.48 5.79 6.44 7.04 7.60 6.28 5.80 5.65 5.73 6.72 6.59 6.45 7.76 7.61 8.60 7.58 7.66 8.53 7.07 6.33 5.94 5.40 5.28 5.12 5.17 5.53 5.49 5.64 5.33 4.95 4.55 4.43 5.11 6.73 6.26 6.75 7.01 7.71 6.53 5.64 6.49 6.76 6.03 5.64 6.14 7.17 7.43
-9999 -9999 -9999 -9999 -9999 -9999 -9999 -9999 -9999 -9999 -9999 -9999 -9999 -9999 -9999 -9999 -9999 -9999 -9999 -9999 -9999 -9999 -9999 -9999 -9999 -9999 -9999 8.18 6.64 6.07 7.76 10.31 8.94 7.61 6.55 7.69 6.52 6.21 5.85 7.33 7.49 7.93 7.58 6.80 6.78 6.76 7.25 7.77 7.82 7.10 6.84 6.47 6.14 5.40 5.07 5.20 5.39 5.93 5.70 5.54 5.12 5.05 5.46 5.91 5.51 6.46 6.22 6.06 6.06 6.66 7.99 7.64 5.78 5.63 6.19 6.57 6.56 6.73 6.67
-9999 -9999 -9999 -9999 -9999 -9999 -9999 -9999 -9999 -9999 11.96 11.91 9.83 12.88 11.24 9.78 8.79 10.03 4.13 8.85 5.64 -9999 -9999 -9999 -9999 -9999 -9999 7.54 6.53 6.38 5.79 6.78 8.32 9.13 8.23 7.03 6.30 6.29 6.89 7.95 7.47 6.90 7.06 6.88 6.36 6.72 6.59 6.48 6.32 6.62 6.17 6.60 6.78 7.01 5.91 5.66 6.26 6.16 5.35 5.98 5.46 5.24 6.02 6.58 5.48 5.03 5.29 5.12 4.93 4.84 5.19 5.11 4.52 4.47 4.71 4.89 4.87 5.38 5.62
-9999 -9999 -9999 -9999 -9999 -9999 -9999 -9999 -9999 -9999 14.14 13.28 12.93 10.37 11.06 11.29 9.26 8.81 8.80 6.38 5.13 4.58 6.46 9.25 7.67 7.16 6.84 6.89 6.36 5.97 5.72 5.55 6.13 7.99 7.79 6.98 6.20 8.54 7.16 6.38 6.95 7.39 6.92 7.09 7.49 6.98 7.06 6.86 6.61 5.57 5.87 6.36 6.40 6.07 6.24 6.50 5.68 5.38 4.74 4.76 5.94 5.35 8.16 6.53 5.98 5.29 4.87 4.96 4.76 5.42 5.45 4.46 5.60 5.22 5.80 4.84 5.06 5.11 5.24
-9999 -9999 -9999 -9999 -9999 -9999 -9999 -9999 -9999 12.41 11.27 10.58 10.14 8.87 10.01 11.13 9.51 7.86 7.77 7.79 6.58 5.57 6.06 7.62 8.90 6.75 6.48 6.25 6.30 6.92 5.87 5.83 7.05 6.90 6.61 7.00 8.88 7.41 8.10 7.49 6.92 6.30 6.87 6.98 7.63 7.50 7.09 7.43 6.29 6.21 6.06 5.88 5.71 6.56 6.70 5.22 5.20 5.39 6.92 5.62 5.47 5.69 5.61 5.79 5.87 5.44 5.25 5.80 6.54 5.69 4.85 4.74 6.05 5.69 5.75 6.10 6.02 5.75 5.87
-9999 -9999 -9999 -9999 -9999 -9999 -9999 -9999 -9999 -9999 10.05 8.79 8.16 9.28 8.59 8.18 9.33 7.50 5.98 5.45 7.23 8.72 7.76 6.61 6.99 8.50 7.02 5.84 5.94 5.94 6.45 6.57 6.03 5.80 6.08 6.95 8.01 6.89 7.68 6.63 6.64 6.67 7.14 6.95 7.65 7.68 7.60 6.54 6.29 6.55 5.72 5.03 4.77 5.43 6.00 6.02 5.24 5.60 6.33 6.16 5.57 5.00 5.02 4.97 5.33 6.65 6.34 6.10 6.65 7.46 6.74 6.02 6.24 6.17 5.54 6.34 5.55 6.21 5.51
-9999 -9999 -9999 -9999 -9999 -9999 11.30 -9999 -9999 10.56 9.53 9.87 6.96 8.28 7.01 6.12 5.50 5.21 5.76 5.01 6.72 7.90 6.44 5.56 4.49 4.59 4.98 5.30 5.56 5.87 6.44 5.73 5.72 5.91 7.22 6.36 7.38 6.54 6.78 6.23 7.21 7.91 7.52 6.94 6.53 6.39 6.40 6.28 7.15 6.17 5.45 6.64 5.24 4.99 6.05 6.95 4.49 4.83 5.12 4.96 4.85 4.93 4.85 5.30 5.99 6.32 5.44 5.06 5.26 5.97 6.02 5.80 6.11 5.47 5.36 5.36 4.97 5.10 5.13
-9999 -9999 -9999 -9999 -9999 11.33 11.84 11.70 11.41 9.35 8.59 9.88 7.48 6.43 7.07 6.18 6.54 6.21 6.63 5.82 5.92 6.64 5.73 4.47 3.75 3.90 4.76 5.53 5.04 5.17 5.51 5.39 5.61 6.74 6.73 6.13 6.88 7.23 8.12 7.29 7.46 8.45 7.38 7.30 6.16 6.27 6.11 6.54 5.90 5.53 4.88 5.63 5.55 4.69 5.34 5.01 4.49 4.25 4.00 4.48 4.72 4.90 4.49 4.23 4.57 4.55 4.51 4.55 4.74 4.69 5.37 5.74 6.35 6.59 6.15 5.10 5.73 5.58 5.65
-9999 -9999 -9999 -9999 -9999 11.18 10.80 9.83 10.03 9.22 8.54 7.55 8.78 8.52 7.70 8.60 7.98 7.07 7.80 6.96 7.05 7.39 5.50 5.86 7.17 6.49 5.62 5.17 4.72 5.22 5.71 6.00 5.68 6.49 5.89 6.47 5.84 5.44 6.95 8.02 7.06 7.04 6.90 6.53 6.27 6.51 5.97 5.52 5.90 5.83 4.53 4.69 4.73 4.66 5.52 6.13 6.27 7.41 5.12 5.06 4.53 4.44 4.41 4.43 4.44 4.41 4.50 4.81 4.60 4.68 4.63 5.47 5.71 5.92 6.03 6.15 5.19 5.51 6.32
-9999 -9999 -9999 -9999 -9999 11.35 9.97 9.35 9.44 8.72 8.72 7.73 7.98 7.94 6.87 7.92 7.91 8.12 8.20 7.81 6.02 5.57 5.40 7.05 6.83 7.09 7.71 5.84 5.45 5.58 5.01 5.66 5.13 5.82 5.49 5.75 5.58 5.22 6.86 6.61 6.68 6.47 6.34 6.34 6.16 6.37 6.42 5.40 5.00 4.92 5.34 4.10 4.23 4.13 4.93 5.67 6.09 6.83 6.21 6.67 7.38 4.65 7.31 6.12 4.92 5.29 7.80 7.47 6.88 4.58 4.44 4.52 4.53 5.40 5.31 6.33 7.06 8.87 7.98
-9999 -9999 -9999 -9999 -9999 9.33 8.96 8.83 8.45 7.60 7.39 7.06 6.58 7.34 6.92 7.03 7.66 7.01 7.17 7.17 7.37 5.54 6.20 7.52 6.51 7.69 7.92 6.36 6.48 6.97 6.09 5.91 5.81 5.87 5.96 6.12 6.59 7.32 5.82 6.47 6.28 6.14 6.06 6.13 6.14 6.22 5.62 5.62 5.17 5.11 4.97 5.07 4.34 5.02 5.23 5.88 5.93 5.63 5.23 5.13 5.47 5.09 6.54 6.46 7.15 6.94 7.43 7.75 8.17 5.30 5.27 4.87 4.79 5.36 6.22 7.21 7.42 -9999 -9999
-9999 -9999 -9999 -9999 -9999 7.97 8.17 8.40 8.59 8.66 7.73 6.86 5.57 5.79 7.35 7.09 6.75 6.26 6.79 6.97 6.98 6.62 5.73 5.63 5.08 7.44 6.70 5.24 7.91 7.86 6.87 8.54 7.04 7.52 8.30 7.82 7.34 7.66 6.59 5.91 6.21 5.99 5.59 5.92 5.97 6.25 5.62 5.74 6.00 5.93 5.17 4.73 4.66 4.59 5.16 7.02 6.77 6.06 5.65 5.80 6.15 6.38 6.73 6.94 7.19 -9999 -9999 7.12 7.55 7.30 6.81 5.94 8.13 6.57 -9999 -9999 -9999 -9999 -9999
-9999 -9999 -9999 -9999 9.00 7.86 8.22 8.01 8.99 8.97 9.45 7.13 6.15 5.63 7.00 6.87 6.21 6.02 6.39 6.64 6.68 6.48 6.56 6.73 6.96 7.12 5.94 8.10 8.84 7.03 6.64 7.14 6.69 7.57 7.68 6.84 6.68 6.41 6.27 6.86 6.56 6.50 6.19 6.23 6.53 7.08 6.78 6.28 5.83 5.21 4.92 -9999 -9999 5.25 6.10 7.94 7.96 7.48 7.00 7.02 -9999 -9999 -9999 -9999 -9999 -9999 -9999 -9999 -9999 -9999 7.38 7.67 8.99 7.81 -9999 -9999 -9999 -9999 -9999
-9999 -9999 -9999 9.76 8.19 7.22 8.21 7.77 8.02 7.91 8.10 6.95 7.95 8.13 7.44 7.12 7.30 7.86 6.83 6.45 6.82 7.21 7.38 9.30 9.73 9.19 8.63 9.87 7.75 7.99 8.10 8.61 8.96 7.43 6.37 6.77 5.98 6.05 5.88 5.92 5.78 7.02 8.00 8.01 7.71 7.64 7.78 6.95 -9999 4.91 4.96 4.47 4.80 5.58 -9999 -9999 -9999 -9999 8.09 -9999 -9999 -9999 -9999 -9999 -9999 -9999 -9999 -9999 -9999 -9999 -9999 -9999 -9999 -9999 -9999 -9999 -9999 -9999 -9999
-9999 -9999 11.54 9.84 8.90 7.85 7.07 7.41 7.57 7.10 7.49 8.05 10.54 11.32 7.59 6.75 9.57 7.76 8.83 6.76 6.95 9.42 8.46 8.17 8.30 8.54 -9999 -9999 -9999 -9999 -9999 8.69 9.73 9.17 7.66 7.43 6.90 6.29 6.21 5.87 6.19 7.27 -9999 -9999 -9999 -9999 -9999 8.13 7.88 6.48 5.03 4.40 5.96 6.10 -9999 -9999 -9999 -9999 -9999 -9999 -9999 -9999 -9999 -9999 -9999 -9999 -9999 -9999 -9999 -9999 -9999 -9999 -9999 -9999 -9999 -9999 -9999 -9999 -9999
-9999 8.48 8.87 9.52 9.07 7.68 7.80 8.03 6.89 8.27 9.01 10.31 11.04 11.47 10.38 9.62 8.38 9.76 8.00 8.05 7.92 9.56 9.35 -9999 -9999 -9999 -9999 -9999 -9999 -9999 -9999 -9999 8.66 8.95 7.90 8.85 9.54 9.74 7.85 9.29 8.91 9.36 -9999 -9999 -9999 -9999 -9999 -9999 -9999 6.58 6.49 5.00 5.65 -9999 -9999 -9999 -9999 -9999 -9999 -9999 -9999 -9999 -9999 -9999 -9999 -9999 -9999 -9999 -9999 -9999 -9999 -9999 -9999 -9999 -9999 -9999 -9999 -9999 -9999
9.42 7.94 8.18 9.05 9.88 9.86 8.59 7.56 7.88 9.25 9.81 10.21 11.19 8.99 9.12 9.62 10.90 6.41 8.07 10.81 9.08 -9999 -9999 -9999 -9999 -9999 -9999 -9999 -9999 -9999 -9999 -9999 -9999 -9999 9.25 -9999 -9999 -9999 -9999 8.40 10.20 10.46 -9999 -9999 -9999 -9999 -9999 -9999 -9999 -9999 6.63 7.93 6.61 -9999 -9999 -9999 -9999 -9999 -9999 -9999 -9999 -9999 -9999 -9999 -9999 -9999 -9999 -9999 -9999 -9999 -9999 -9999 -9999 -9999 -9999 -9999 -9999 -9999 -9999
8.25 6.68 7.79 9.40 9.51 10.04 9.33 8.83 10.15 8.55 8.12 9.32 10.90 9.86 8.19 7.67 9.45 7.24 6.76 8.21 -9999 -9999 -9999 -9999 -9999 -9999 -9999 -9999 -9999 -9999 -9999 -9999 -9999 -9999 10.23 -9999 -9999 -9999 -9999 -9999 -9999 -9999 -9999 -9999 -9999 -9999 -9999 -9999 -9999 -9999 -9999 -9999 -9999 -9999 -9999 -9999 -9999 -9999 -9999 -9999 -9999 -9999 -9999 -9999 -9999 -9999 -9999 -9999 -9999 -9999 -9999 -9999 -9999 -9999 -9999 -9999 -9999 -9999 -9999
8.47 6.42 7.81 8.42 8.28 8.85 8.83 9.12 10.66 8.32 8.48 9.62 10.91 13.30 13.02 7.53 7.82 7.46 7.95 10.16 -9999 -9999 -9999 -9999 -9999 -9999 -9999 -9999 -9999 -9999 -9999 -9999 -9999 -9999 -9999 -9999 -9999 -9999 -9999 -9999 -9999 -9999 -9999 -9999 -9999 -9999 -9999 -9999 -9999 -9999 -9999 -9999 -9999 -9999 -9999 -9999 -9999 -9999 -9999 -9999 -9999 -9999 -9999 -9999 -9999 -9999 -9999 -9999 -9999 -9999 -9999 -9999 -9999 -9999 -9999 -9999 -9999 -9999 -9999
10.16 8.76 8.89 8.41 8.83 8.37 8.60 9.01 8.61 9.20 8.98 9.03 11.09 12.28 11.40 9.28 7.09 7.03 9.65 9.13 -9999 -9999 -9999 -9999 -9999 -9999 -9999 -9999 -9999 -9999 -9999 -9999 -9999 -9999 -9999 -9999 -9999 -9999 -9999 -9999 -9999 -9999 -9999 -9999 -9999 -9999 -9999 -9999 -9999 -9999 -9999 -9999 -9999 -9999 -9999 -9999 -9999 -9999 -9999 -9999 -9999 -9999 -9999 -9999 -9999 -9999 -9999 -9999 -9999 -9999 -9999 -9999 -9999 -9999 -9999 -9999 -9999 -9999 -9999
11.33 10.38 10.18 8.73 9.16 8.89 11.18 10.92 9.94 9.76 10.43 9.12 9.50 9.99 9.46 8.46 7.84 8.29 9.22 9.64 -9999 -9999 -9999 -9999 -9999 -9999 -9999 -9999 -9999 -9999 -9999 -9999 -9999 -9999 -9999 -9999 -9999 -9999 -9999 -9999 -9999 -9999 -9999 -9999 -9999 -9999 -9999 -9999 -9999 -9999 -9999 -9999 -9999 -9999 -9999 -9999 -9999 -9999 -9999 -9999 -9999 -9999 -9999 -9999 -9999 -9999 -9999 -9999 -9999 -9999 -9999 -9999 -9999 -9999 -9999 -9999 -9999 -9999 -9999
9.50 9.73 9.18 10.03 11.43 11.32 10.37 10.95 11.27 11.41 10.53 10.93 10.16 9.15 8.88 9.39 9.86 10.01 9.58 10.38 -9999 -9999 -9999 -9999 -9999 -9999 -9999 -9999 -9999 -9999 -9999 -9999 -9999 -9999 -9999 -9999 -9999 -9999 -9999 -9999 -9999 -9999 -9999 -9999 -9999 -9999 -9999 -9999 -9999 -9999 -9999 -9999 -9999 -9999 -9999 -9999 -9999 -9999 -9999 -9999 -9999 -9999 -9999 -9999 -9999 -9999 -9999 -9999 -9999 -9999 -9999 -9999 -9999 -9999 -9999 -9999 -9999 -9999 -9999
10.01 10.38 -9999 -9999 -9999 -9999 -9999 -9999 -9999 -9999 -9999 11.74 12.25 10.92 9.92 8.97 9.58 10.10 9.88 -9999 -9999 -9999 -9999 -9999 -9999 -9999 -9999 -9999 -9999 -9999 -9999 -9999 -9999 -9999 -9999 -9999 -9999 -9999 -9999 -9999 -9999 -9999 -9999 -9999 -9999 -9999 -9999 -9999 -9999 -9999 -9999 -9999 -9999 -9999 -9999 -9999 -9999 -9999 -9999 -9999 -9999 -9999 -9999 -9999 -9999 -9999 -9999 -9999 -9999 -9999 -9999 -9999 -9999 -9999 -9999 -9999 -9999 -9999 -9999
10.59 11.22 -9999 -9999 -9999 -9999 -9999 -9999 -9999 -9999 -9999 -9999 -9999 -9999 10.59 9.67 9.54 9.86 -9999 -9999 -9999 -9999 -9999 -9999 -9999 -9999 -9999 -9999 -9999 -9999 -9999 -9999 -9999 -9999 -9999 -9999 -9999 -9999 -9999 -9999 -9999 -9999 -9999 -9999 -9999 -9999 -9999 -9999 -9999 -9999 -9999 -9999 -9999 -9999 -9999 -9999 -9999 -9999 -9999 -9999 -9999 -9999 -9999 -9999 -9999 -9999 -9999 -9999 -9999 -9999 -9999 -9999 -9999 -9999 -9999 -9999 -9999 -9999 -9999
-9999 -9999 -9999 -9999 -9999 -9999 -9999 -9999 -9999 -9999 -9999 -9999 -9999 -9999 11.52 12.31 12.57 11.89 -9999 -9999 -9999 -9999 -9999 -9999 -9999 -9999 -9999 -9999 -9999 -9999 -9999 -9999 -9999 -9999 -9999 -9999 -9999 -9999 -9999 -9999 -9999 -9999 -9999 -9999 -9999 -9999 -9999 -9999 -9999 -9999 -9999 -9999 -9999 -9999 -9999 -9999 -9999 -9999 -9999 -9999 -9999 -9999 -9999 -9999 -9999 -9999 -9999 -9999 -9999 -9999 -9999 -9999 -9999 -9999 -9999 -9999 -9999 -9999 -9999
-9999 -9999 -9999 -9999 -9999 -9999 -9999 -9999 -9999 -9999 -9999 -9999 -9999 -9999 -9999 -9999 -9999 -9999 -9999 -9999 -9999 -9999 -9999 -9999 -9999 -9999 -9999 -9999 -9999 -9999 -9999 -9999 -9999 -9999 -9999 -9999 -9999 -9999 -9999 -9999 -9999 -9999 -9999 -9999 -9999 -9999 -9999 -9999 -9999 -9999 -9999 -9999 -9999 -9999 -9999 -9999 -9999 -9999 -9999 -9999 -9999 -9999 -9999 -9999 -9999 -9999 -9999 -9999 -9999 -9999 -9999 -9999 -9999 -9999 -9999 -9999 -9999 -9999 -9999
-9999 -9999 -9999 -9999 -9999 -9999 -9999 -9999 -9999 -9999 -9999 -9999 -9999 -9999 -9999 -9999 -9999 -9999 -9999 -9999 -9999 -9999 -9999 -9999 -9999 -9999 -9999 -9999 -9999 -9999 -9999 -9999 -9999 -9999 -9999 -9999 -9999 -9999 -9999 -9999 -9999 -9999 -9999 -9999 -9999 -9999 -9999 -9999 -9999 -9999 -9999 -9999 -9999 -9999 -9999 -9999 -9999 -9999 -9999 -9999 -9999 -9999 -9999 -9999 -9999 -9999 -9999 -9999 -9999 -9999 -9999 -9999 -9999 -9999 -9999 -9999 -9999 -9999 -9999
