ML/MeanWindSpeed_1993-06_Actual.txt
ncols         180
nrows         290
xllcorner     -200000
yllcorner     -200000
cellsize      5000
NODATA_value  -9999
[rows 140 to 174 of 290, columns 79 to 157 of 180]
-9999 -9999 9.23 -9999 -9999 -9999 8.44 8.54 7.80 7.85 8.50 -9999 -9999 9.00 8.00 9.38 10.01 -9999 -9999 -9999 -9999 -9999 7.43 6.59 5.19 5.30 5.25 5.76 5.73 6.17 6.29 5.17 6.54 8.39 9.32 7.64 8.71 9.19 9.36 7.87 8.14 8.17 7.30 5.93 5.81 5.99 4.51 5.00 6.40 7.44 -9999 -9999 -9999 -9999 -9999 -9999 -9999 -9999 -9999 -9999 -9999 -9999 -9999 -9999 -9999 -9999 -9999 -9999 -9999 -9999 -9999 -9999 -9999 -9999 -9999 -9999 -9999 -9999 -9999
-9999 -9999 9.17 9.11 -9999 -9999 -9999 8.45 8.79 8.64 8.97 -9999 -9999 -9999 -9999 9.30 -9999 -9999 -9999 -9999 -9999 -9999 6.62 5.87 5.23 5.58 6.18 6.33 5.99 6.20 5.93 5.54 5.74 7.71 8.77 6.73 9.80 9.51 10.13 8.21 8.18 8.97 7.34 6.24 5.78 4.91 4.28 4.98 6.23 7.28 -9999 -9999 -9999 -9999 -9999 -9999 -9999 -9999 -9999 -9999 -9999 -9999 -9999 -9999 -9999 -9999 -9999 -9999 -9999 -9999 -9999 -9999 -9999 -9999 -9999 -9999 -9999 -9999 -9999
-9999 -9999 -9999 9.86 -9999 -9999 -9999 -9999 8.64 9.26 9.21 -9999 -9999 -9999 -9999 -9999 -9999 -9999 -9999 -9999 -9999 7.35 6.39 6.11 5.91 5.91 6.75 6.73 6.45 6.60 6.33 6.28 5.58 6.40 10.02 10.15 9.82 9.64 8.15 7.54 7.67 6.62 5.40 6.55 6.54 4.78 4.54 5.30 6.21 7.22 7.96 -9999 -9999 -9999 -9999 -9999 -9999 -9999 -9999 -9999 -9999 -9999 -9999 -9999 -9999 -9999 -9999 -9999 -9999 -9999 -9999 -9999 -9999 -9999 -9999 -9999 -9999 -9999 -9999
-9999 -9999 -9999 10.50 -9999 -9999 -9999 -9999 -9999 -9999 -9999 -9999 -9999 -9999 -9999 -9999 -9999 -9999 -9999 -9999 -9999 7.36 6.02 5.07 4.46 4.04 8.29 6.94 6.44 7.76 6.41 7.16 4.94 5.17 8.58 10.99 9.06 8.18 10.63 11.58 10.45 8.77 7.71 5.29 5.57 5.38 5.92 5.63 6.02 7.18 7.85 8.17 -9999 -9999 -9999 -9999 -9999 -9999 -9999 -9999 -9999 -9999 -9999 -9999 -9999 -9999 -9999 -9999 -9999 -9999 -9999 -9999 -9999 -9999 -9999 -9999 -9999 -9999 -9999
-9999 -9999 -9999 -9999 -9999 -9999 -9999 -9999 -9999 -9999 -9999 -9999 -9999 -9999 -9999 -9999 -9999 -9999 -9999 -9999 7.75 6.93 5.68 4.64 6.23 3.58 10.81 10.26 5.99 6.82 6.45 6.12 6.37 4.97 5.82 11.12 11.00 9.79 8.86 8.19 9.38 8.86 7.96 6.65 5.89 5.70 5.54 5.61 6.33 6.51 6.75 7.37 -9999 -9999 -9999 -9999 -9999 -9999 -9999 -9999 -9999 -9999 -9999 -9999 -9999 -9999 -9999 -9999 -9999 -9999 -9999 -9999 -9999 -9999 -9999 -9999 -9999 -9999 -9999
-9999 -9999 -9999 -9999 -9999 -9999 -9999 -9999 -9999 -9999 -9999 -9999 -9999 -9999 -9999 -9999 -9999 -9999 -9999 -9999 7.20 7.31 5.34 6.02 10.12 5.78 3.90 7.26 7.99 6.89 6.80 6.40 6.20 5.84 6.38 7.80 12.65 10.81 9.86 8.37 8.07 7.91 6.71 6.42 6.30 6.71 5.83 6.37 6.06 6.21 6.13 6.47 7.03 7.53 7.79 -9999 -9999 -9999 -9999 -9999 -9999 -9999 -9999 -9999 -9999 -9999 -9999 -9999 -9999 -9999 -9999 -9999 -9999 -9999 -9999 -9999 -9999 -9999 -9999
-9999 -9999 -9999 -9999 -9999 -9999 -9999 -9999 -9999 -9999 -9999 -9999 -9999 -9999 -9999 -9999 -9999 -9999 -9999 -9999 7.17 6.76 6.21 7.91 5.25 5.12 5.93 8.44 6.72 6.18 8.45 5.41 6.76 6.30 6.92 6.90 8.68 9.85 9.48 8.78 8.19 6.77 6.68 6.25 5.91 5.76 5.94 5.93 6.11 5.81 5.75 5.92 7.77 7.03 7.89 8.68 8.87 -9999 -9999 -9999 -9999 -9999 -9999 -9999 -9999 -9999 -9999 -9999 -9999 -9999 -9999 -9999 -9999 -9999 -9999 -9999 -9999 -9999 -9999
-9999 -9999 -9999 -9999 -9999 -9999 -9999 -9999 -9999 -9999 -9999 -9999 -9999 -9999 -9999 -9999 -9999 -9999 -9999 -9999 7.16 6.67 6.95 9.85 10.32 7.65 5.49 6.28 7.02 8.78 6.03 8.05 6.92 6.52 7.44 7.46 6.42 6.80 9.28 8.85 8.13 7.45 6.79 6.41 6.32 6.21 5.89 6.04 5.92 5.64 5.92 5.98 6.54 8.24 8.16 8.55 9.55 9.75 8.87 -9999 -9999 -9999 -9999 -9999 -9999 -9999 -9999 -9999 -9999 -9999 -9999 -9999 -9999 -9999 -9999 -9999 -9999 -9999 -9999
-9999 -9999 -9999 -9999 -9999 -9999 -9999 -9999 -9999 -9999 -9999 -9999 -9999 -9999 -9999 -9999 -9999 -9999 -9999 -9999 7.39 6.34 7.33 8.09 5.44 12.38 10.36 6.07 7.54 6.36 8.67 9.09 6.85 6.06 6.95 7.44 6.24 10.62 9.69 9.38 9.59 9.62 8.90 6.81 7.36 6.52 6.23 6.17 6.07 6.01 5.89 5.56 6.05 7.71 7.34 7.42 8.12 9.12 8.35 10.11 -9999 -9999 -9999 -9999 -9999 -9999 -9999 -9999 -9999 -9999 -9999 -9999 -9999 -9999 -9999 -9999 -9999 -9999 -9999
-9999 -9999 -9999 -9999 -9999 -9999 -9999 -9999 8.26 8.44 8.82 -9999 -9999 -9999 -9999 -9999 -9999 -9999 -9999 -9999 -9999 6.82 5.91 5.16 6.48 7.64 9.49 5.82 4.36 7.50 7.16 6.68 6.03 7.21 7.51 6.88 7.38 8.97 9.01 11.09 10.25 8.78 8.27 8.50 7.46 6.66 6.37 6.17 6.19 5.85 5.61 8.19 7.63 9.67 10.19 9.76 9.26 7.81 9.59 9.94 9.39 -9999 -9999 -9999 -9999 -9999 -9999 -9999 -9999 -9999 -9999 -9999 -9999 -9999 -9999 -9999 -9999 -9999 -9999
-9999 -9999 -9999 -9999 -9999 -9999 -9999 -9999 7.35 7.41 -9999 -9999 -9999 -9999 -9999 -9999 -9999 -9999 -9999 -9999 -9999 -9999 5.90 4.40 6.78 7.06 11.59 6.80 6.93 6.48 5.27 4.87 5.24 5.25 10.17 6.66 7.37 10.29 8.76 7.05 6.62 9.19 6.82 8.44 7.22 6.49 6.16 6.10 5.86 6.15 7.55 8.21 7.79 7.74 7.72 8.68 9.45 9.20 9.44 9.32 10.61 -9999 -9999 -9999 -9999 -9999 -9999 -9999 -9999 -9999 -9999 -9999 -9999 -9999 -9999 -9999 -9999 -9999 -9999
-9999 -9999 -9999 -9999 -9999 -9999 -9999 7.24 8.70 8.48 8.25 -9999 -9999 -9999 -9999 -9999 -9999 -9999 -9999 -9999 -9999 -9999 6.21 7.01 7.37 7.62 6.32 7.23 6.09 5.82 5.24 4.91 6.10 5.34 4.68 10.00 7.52 7.05 9.25 8.06 9.71 7.92 8.08 7.12 6.84 6.51 6.42 5.98 5.70 6.43 7.24 6.80 7.42 8.17 8.18 8.77 8.81 9.05 9.24 8.37 10.14 9.54 -9999 -9999 -9999 -9999 -9999 -9999 -9999 -9999 -9999 -9999 -9999 -9999 -9999 -9999 -9999 -9999 -9999
-9999 -9999 -9999 -9999 -9999 -9999 6.75 8.98 9.77 11.75 8.24 -9999 -9999 -9999 -9999 -9999 -9999 -9999 -9999 -9999 -9999 -9999 6.96 9.28 7.47 5.07 6.09 5.78 6.23 5.21 4.79 5.39 6.13 4.76 8.55 6.93 8.88 7.16 10.00 6.74 7.57 6.41 7.69 6.72 6.84 6.87 6.14 6.04 5.62 5.68 7.52 7.84 7.68 7.18 7.56 7.67 7.92 8.23 9.23 9.22 8.94 9.45 -9999 -9999 -9999 -9999 -9999 -9999 -9999 -9999 -9999 -9999 -9999 -9999 -9999 -9999 -9999 -9999 -9999
-9999 -9999 -9999 -9999 -9999 7.57 6.98 10.88 9.09 8.90 -9999 -9999 -9999 -9999 -9999 -9999 -9999 -9999 -9999 -9999 -9999 -9999 -9999 6.88 5.58 5.20 6.63 5.23 6.56 5.52 5.17 5.06 5.56 4.73 8.44 8.41 9.16 8.83 9.46 9.39 9.36 8.50 8.06 8.09 7.66 6.42 6.17 6.02 5.66 5.55 5.98 8.69 8.02 6.64 6.55 6.88 6.92 7.12 7.23 7.41 7.24 7.81 8.76 9.25 -9999 -9999 -9999 -9999 -9999 -9999 -9999 -9999 -9999 -9999 -9999 -9999 -9999 -9999 -9999
-9999 -9999 -9999 -9999 -9999 8.86 9.52 7.24 7.66 8.14 -9999 -9999 -9999 -9999 -9999 -9999 -9999 -9999 -9999 -9999 -9999 -9999 -9999 -9999 6.06 6.29 5.91 5.44 6.27 5.95 5.93 5.57 5.96 4.75 8.38 7.88 7.37 8.86 8.24 7.76 10.30 10.18 7.91 8.80 7.94 7.48 6.26 5.94 5.79 5.62 5.72 6.32 6.64 6.34 6.49 6.64 6.79 6.74 6.75 6.80 6.87 8.56 8.74 8.61 -9999 -9999 -9999 -9999 -9999 -9999 -9999 -9999 -9999 -9999 -9999 -9999 -9999 -9999 -9999
-9999 -9999 -9999 -9999 -9999 9.23 8.18 8.45 8.00 -9999 -9999 -9999 -9999 -9999 -9999 -9999 -9999 -9999 -9999 -9999 -9999 -9999 -9999 -9999 6.77 6.68 6.35 -9999 6.50 -9999 6.20 5.55 5.14 4.59 4.80 8.02 7.55 7.90 10.04 5.99 6.61 9.97 8.74 8.26 8.02 7.20 6.35 6.07 5.99 5.75 5.75 5.90 6.48 7.20 6.65 7.11 6.64 6.31 6.97 7.70 7.41 7.02 7.05 8.17 9.39 9.87 -9999 -9999 -9999 -9999 -9999 -9999 -9999 -9999 -9999 -9999 -9999 -9999 -9999
-9999 -9999 -9999 -9999 9.19 8.39 8.08 -9999 -9999 -9999 -9999 -9999 -9999 -9999 -9999 -9999 -9999 -9999 -9999 -9999 -9999 -9999 -9999 -9999 7.54 6.91 6.43 -9999 -9999 -9999 6.16 6.43 4.62 5.22 6.03 5.37 5.41 6.58 9.14 9.04 5.96 8.53 9.50 7.74 8.38 7.61 6.86 5.78 5.87 5.75 5.76 5.85 6.05 6.36 6.43 6.75 6.11 6.54 7.26 7.75 7.89 7.74 7.22 7.29 8.16 9.11 -9999 -9999 -9999 -9999 -9999 -9999 -9999 -9999 -9999 -9999 -9999 -9999 -9999
-9999 -9999 -9999 -9999 -9999 -9999 -9999 -9999 -9999 -9999 -9999 -9999 -9999 -9999 -9999 -9999 -9999 -9999 -9999 -9999 -9999 -9999 -9999 -9999 -9999 -9999 -9999 -9999 -9999 6.69 5.64 5.45 6.49 7.11 7.48 7.42 6.50 6.80 8.52 8.34 7.14 5.96 7.94 8.72 7.67 7.08 6.55 6.10 5.97 6.09 5.81 5.75 5.84 5.91 5.94 5.75 6.41 8.09 7.17 7.55 7.05 7.09 6.60 7.15 7.94 -9999 -9999 -9999 -9999 -9999 -9999 -9999 -9999 -9999 -9999 -9999 -9999 -9999 -9999
-9999 -9999 -9999 -9999 -9999 -9999 -9999 -9999 -9999 -9999 -9999 -9999 -9999 -9999 -9999 -9999 -9999 -9999 -9999 -9999 -9999 -9999 -9999 -9999 -9999 -9999 -9999 -9999 -9999 6.35 5.51 6.25 7.82 9.41 8.59 6.75 7.45 5.91 6.29 5.97 6.99 7.36 7.83 7.98 7.71 6.94 6.63 6.39 5.95 6.06 5.73 5.70 5.76 5.85 5.84 5.62 6.07 8.43 7.92 6.85 6.60 6.48 6.41 7.04 8.04 -9999 -9999 -9999 -9999 -9999 -9999 -9999 -9999 -9999 -9999 -9999 -9999 -9999 -9999
-9999 -9999 -9999 -9999 -9999 -9999 -9999 -9999 -9999 -9999 -9999 -9999 -9999 -9999 -9999 -9999 -9999 -9999 -9999 -9999 -9999 -9999 -9999 -9999 -9999 -9999 -9999 -9999 -9999 5.87 5.12 5.38 7.12 7.86 7.56 6.98 6.76 6.25 6.61 5.94 5.89 6.37 5.47 7.92 7.03 7.57 6.76 6.55 5.82 5.66 5.68 5.63 5.68 5.71 5.77 5.73 5.74 7.01 7.50 6.91 6.48 6.45 6.36 6.89 7.79 -9999 -9999 -9999 -9999 -9999 -9999 -9999 -9999 -9999 -9999 -9999 -9999 -9999 -9999
-9999 -9999 -9999 -9999 -9999 -9999 -9999 -9999 -9999 -9999 -9999 -9999 -9999 -9999 -9999 -9999 -9999 -9999 -9999 -9999 -9999 -9999 -9999 -9999 -9999 -9999 -9999 7.42 6.46 5.46 5.00 6.56 7.62 9.32 7.33 8.27 5.49 6.19 6.15 6.81 7.15 6.94 8.00 5.94 6.07 6.07 6.00 5.71 6.15 5.57 5.50 5.68 5.54 5.60 5.75 5.73 5.80 6.05 7.12 6.81 6.39 6.33 6.34 6.61 7.38 8.26 -9999 -9999 -9999 -9999 -9999 -9999 -9999 -9999 -9999 -9999 -9999 -9999 -9999
-9999 -9999 -9999 -9999 -9999 -9999 -9999 -9999 -9999 -9999 -9999 -9999 -9999 -9999 -9999 -9999 -9999 -9999 -9999 -9999 -9999 -9999 -9999 -9999 -9999 -9999 -9999 6.97 5.94 5.36 5.10 5.44 7.23 5.96 5.96 5.09 6.05 7.89 6.50 7.37 7.02 7.70 5.64 7.85 6.52 7.16 6.87 6.81 6.02 5.71 5.48 5.41 5.42 5.54 5.64 5.76 5.77 5.83 6.23 6.95 6.58 6.30 6.35 6.39 6.92 7.86 -9999 -9999 -9999 -9999 -9999 -9999 -9999 -9999 -9999 -9999 -9999 -9999 -9999
-9999 -9999 -9999 -9999 -9999 -9999 -9999 -9999 -9999 -9999 -9999 -9999 -9999 -9999 -9999 -9999 -9999 -9999 -9999 -9999 -9999 -9999 -9999 -9999 -9999 -9999 -9999 6.97 5.85 5.49 5.30 5.50 5.89 6.10 5.65 5.18 6.10 6.43 6.10 7.11 8.41 6.94 6.58 5.75 6.76 5.72 6.04 6.35 6.43 5.84 5.64 5.38 5.38 5.52 5.64 5.76 5.83 5.85 6.06 6.77 7.17 6.54 6.29 6.34 6.55 7.22 8.09 -9999 -9999 -9999 -9999 -9999 -9999 -9999 -9999 -9999 -9999 -9999 -9999
-9999 -9999 -9999 -9999 -9999 -9999 -9999 -9999 -9999 -9999 -9999 -9999 -9999 -9999 -9999 -9999 -9999 -9999 -9999 -9999 -9999 -9999 -9999 -9999 -9999 -9999 -9999 6.78 5.91 5.65 5.64 5.56 5.53 5.44 5.90 6.58 5.32 5.45 6.10 8.66 8.57 9.06 8.09 6.83 6.57 6.78 5.89 5.48 6.03 6.20 5.59 5.36 5.41 5.44 5.62 5.81 5.96 5.98 6.06 6.99 7.66 6.98 6.69 6.67 6.50 6.68 7.49 8.32 -9999 -9999 -9999 -9999 -9999 -9999 -9999 -9999 -9999 -9999 -9999
-9999 -9999 -9999 -9999 -9999 -9999 -9999 -9999 -9999 -9999 -9999 -9999 -9999 -9999 -9999 -9999 -9999 -9999 -9999 -9999 -9999 -9999 -9999 -9999 -9999 -9999 -9999 6.76 5.79 5.56 5.47 5.35 5.16 5.58 5.45 6.19 6.57 7.64 8.43 8.91 7.33 8.28 7.35 7.18 6.26 6.92 6.47 5.93 5.50 5.36 5.46 5.36 5.44 5.56 5.75 5.91 6.11 6.25 6.34 6.61 7.22 7.08 6.84 6.88 6.86 6.74 6.85 7.76 -9999 -9999 -9999 -9999 -9999 -9999 -9999 -9999 -9999 -9999 -9999
-9999 -9999 -9999 -9999 -9999 -9999 -9999 -9999 -9999 -9999 -9999 -9999 -9999 -9999 -9999 -9999 -9999 -9999 -9999 -9999 -9999 -9999 -9999 -9999 -9999 -9999 -9999 -9999 5.79 5.58 5.39 5.12 5.47 6.63 6.75 7.27 6.70 6.57 7.77 7.58 8.31 7.74 6.52 5.62 5.91 5.80 6.46 5.91 5.68 5.93 5.73 5.41 5.60 5.65 5.83 5.92 6.10 6.31 6.49 6.65 6.62 6.79 6.92 7.06 -9999 7.06 7.27 7.81 8.76 -9999 -9999 -9999 -9999 -9999 -9999 -9999 -9999 -9999 -9999
-9999 -9999 -9999 -9999 -9999 -9999 -9999 -9999 -9999 -9999 -9999 -9999 -9999 -9999 -9999 -9999 -9999 -9999 -9999 -9999 -9999 -9999 -9999 -9999 -9999 -9999 -9999 6.59 5.73 5.51 5.16 4.99 5.23 7.58 7.99 6.98 8.59 8.31 7.29 7.07 9.26 8.06 8.15 6.60 5.52 6.59 5.80 5.46 5.82 5.86 5.60 5.71 5.62 5.71 5.82 5.98 6.01 6.13 7.02 6.70 6.39 7.15 6.77 6.88 6.96 -9999 7.65 8.14 8.91 9.51 -9999 -9999 -9999 -9999 -9999 -9999 -9999 -9999 -9999
-9999 -9999 -9999 -9999 -9999 -9999 -9999 -9999 -9999 -9999 -9999 -9999 -9999 -9999 -9999 -9999 -9999 -9999 -9999 -9999 -9999 -9999 -9999 -9999 -9999 -9999 -9999 6.42 5.59 5.42 5.18 6.09 5.68 6.43 8.21 6.57 6.85 7.10 6.10 6.06 8.09 7.64 7.54 5.77 6.78 7.24 5.96 6.50 6.01 6.26 6.06 5.84 5.65 5.70 5.78 5.85 5.85 5.89 6.08 6.42 5.98 6.18 6.58 6.33 6.82 7.15 -9999 -9999 -9999 -9999 -9999 -9999 -9999 -9999 -9999 -9999 -9999 -9999 -9999
-9999 -9999 -9999 -9999 -9999 -9999 -9999 -9999 -9999 -9999 -9999 -9999 -9999 -9999 -9999 -9999 -9999 -9999 -9999 -9999 -9999 -9999 -9999 -9999 -9999 -9999 7.34 6.06 5.48 5.92 5.73 5.90 5.81 6.50 6.75 6.55 6.48 6.30 6.17 6.35 7.75 8.97 8.93 6.49 7.82 7.45 6.10 6.26 5.72 6.03 6.12 5.79 5.59 5.77 5.78 5.78 5.89 5.86 6.03 6.18 6.16 6.10 6.89 6.56 6.53 6.73 7.44 8.19 -9999 -9999 -9999 -9999 -9999 -9999 -9999 -9999 -9999 -9999 -9999
-9999 -9999 -9999 -9999 -9999 -9999 -9999 -9999 -9999 -9999 -9999 -9999 -9999 -9999 -9999 -9999 -9999 -9999 -9999 -9999 -9999 -9999 -9999 -9999 -9999 -9999 -9999 6.16 5.54 5.57 5.85 6.97 5.95 5.96 6.09 6.44 6.67 6.41 6.25 6.14 6.16 8.14 8.70 9.15 7.62 7.77 7.15 6.54 6.69 5.52 5.53 6.03 5.60 5.66 5.65 5.68 5.86 5.88 6.03 6.31 6.21 6.03 6.11 7.37 6.72 6.49 6.72 7.27 7.98 8.77 -9999 -9999 -9999 -9999 -9999 -9999 -9999 -9999 -9999
-9999 -9999 -9999 -9999 -9999 -9999 -9999 -9999 -9999 -9999 -9999 -9999 -9999 -9999 -9999 -9999 -9999 -9999 -9999 -9999 -9999 -9999 -9999 -9999 -9999 -9999 -9999 6.15 5.79 5.59 5.77 6.01 6.19 6.16 6.02 6.22 6.11 6.04 6.08 6.09 6.40 5.98 8.41 9.72 9.91 8.50 7.56 7.09 6.27 6.33 5.73 6.29 5.70 5.72 5.63 5.66 5.76 5.92 6.27 6.43 6.36 6.14 6.35 7.41 7.00 7.04 6.40 6.51 7.11 7.95 -9999 -9999 -9999 -9999 -9999 -9999 -9999 -9999 -9999
-9999 -9999 -9999 -9999 -9999 -9999 -9999 9.16 8.59 8.77 9.34 -9999 -9999 -9999 -9999 -9999 -9999 -9999 -9999 -9999 -9999 -9999 -9999 -9999 -9999 -9999 6.43 5.85 6.08 5.78 6.30 6.14 5.95 6.00 6.15 6.15 6.20 6.14 6.14 6.06 5.95 7.47 8.73 8.71 7.42 9.03 8.36 6.51 6.46 5.38 6.77 6.65 5.83 5.78 5.66 5.67 5.79 6.01 6.35 6.71 6.65 6.30 6.29 6.47 7.38 7.18 7.34 6.37 6.34 7.17 8.14 -9999 -9999 -9999 -9999 -9999 -9999 -9999 -9999
-9999 -9999 -9999 -9999 -9999 -9999 -9999 8.72 8.12 7.94 8.21 -9999 -9999 -9999 -9999 -9999 -9999 -9999 -9999 -9999 -9999 -9999 -9999 -9999 -9999 6.35 6.25 5.86 6.08 6.68 6.04 6.10 5.75 5.90 6.16 6.17 6.33 6.41 6.03 5.79 5.73 6.53 9.60 9.58 7.31 8.15 7.77 7.51 5.90 5.39 6.27 6.51 6.00 5.55 5.54 5.68 6.06 6.23 6.45 6.69 6.95 6.59 6.46 6.38 7.23 7.16 7.04 6.43 6.33 6.63 7.63 -9999 -9999 -9999 -9999 -9999 -9999 -9999 -9999
-9999 -9999 -9999 -9999 -9999 10.61 8.74 7.70 7.75 7.51 8.01 7.68 8.15 8.40 -9999 -9999 8.04 6.98 -9999 -9999 -9999 5.98 6.62 6.25 -9999 5.28 6.39 6.03 5.87 6.19 5.93 6.12 6.20 6.66 6.56 6.66 6.22 6.46 6.09 6.02 7.77 6.12 7.20 8.65 5.87 6.79 9.39 6.33 7.21 5.94 6.18 6.21 5.87 5.73 5.73 5.80 6.11 6.15 6.50 6.62 7.07 6.63 6.43 6.37 6.53 6.85 7.30 7.00 6.35 6.29 7.12 8.21 -9999 -9999 -9999 -9999 -9999 -9999 -9999
-9999 -9999 -9999 -9999 -9999 -9999 9.00 8.01 7.53 7.18 7.19 7.58 8.16 6.61 -9999 5.94 6.56 7.03 6.23 6.65 4.92 4.49 6.76 6.71 6.08 -9999 5.25 6.19 6.17 5.81 5.80 6.23 5.96 6.03 6.18 6.23 6.40 6.26 6.45 6.21 7.87 7.99 7.67 7.87 7.35 8.34 8.36 7.29 6.02 5.67 6.54 6.47 5.68 5.98 5.75 6.06 6.23 6.14 6.38 6.53 7.07 6.61 6.34 6.27 6.16 6.54 6.91 7.28 6.76 6.34 6.72 7.76 -9999 -9999 -9999 -9999 -9999 -9999 -9999
