ML/MeanWindSpeed_1995-09_Actual.txt
ncols         180
nrows         290
xllcorner     -200000
yllcorner     -200000
cellsize      5000
NODATA_value  -9999
[rows 210 to 244 of 290, columns 79 to 157 of 180]
11.70 10.29 12.09 11.83 -9999 -9999 -9999 -9999 -9999 -9999 -9999 6.66 6.72 7.73 6.64 6.53 6.51 8.14 10.18 12.57 11.90 10.02 8.44 7.99 7.13 10.23 10.36 6.69 5.59 9.39 9.64 10.77 7.69 6.90 6.61 6.15 7.16 7.81 7.64 7.90 7.57 7.18 6.88 6.55 6.18 6.05 5.79 6.34 5.91 6.02 6.13 6.20 6.27 5.81 6.18 7.46 7.45 6.70 8.05 7.98 7.57 7.36 6.50 6.07 6.69 7.20 6.84 6.23 6.05 7.07 6.10 6.39 7.29 6.70 6.69 6.62 5.82 5.42 5.72
11.83 -9999 -9999 -9999 -9999 -9999 -9999 -9999 -9999 10.84 9.39 9.03 10.26 9.63 8.22 7.07 7.32 7.38 9.77 11.33 10.77 7.07 6.86 10.25 9.14 9.22 7.36 6.23 6.11 8.83 9.06 8.88 7.39 7.02 6.82 5.51 8.43 8.72 7.59 7.73 7.35 7.16 6.91 6.52 6.80 6.20 6.21 5.65 5.67 5.78 6.04 5.99 6.17 5.53 6.80 8.52 7.45 7.85 6.27 7.51 7.13 6.57 7.06 6.62 6.75 7.38 6.71 6.01 6.03 6.00 6.52 7.04 6.43 6.94 6.69 5.90 5.59 6.61 5.98
-9999 -9999 -9999 -9999 -9999 -9999 -9999 -9999 -9999 12.15 11.58 9.79 11.09 11.59 -9999 -9999 7.80 10.46 6.31 8.01 7.63 7.61 8.33 9.87 7.48 7.13 7.56 7.38 8.16 8.64 8.65 8.00 7.45 7.87 6.34 6.61 8.57 7.59 7.23 7.04 7.16 7.56 7.26 6.60 6.43 5.80 5.85 6.37 6.87 6.61 7.17 6.02 5.53 6.38 8.67 7.16 7.42 6.96 5.65 7.09 6.72 6.38 6.30 6.26 6.15 6.24 7.56 6.37 6.16 6.03 6.03 6.17 5.95 5.65 6.93 6.21 6.56 7.39 7.24
-9999 -9999 -9999 -9999 -9999 -9999 -9999 -9999 -9999 -9999 -9999 -9999 -9999 -9999 -9999 -9999 9.49 8.56 8.25 7.30 6.32 6.17 6.55 7.66 7.63 8.04 8.65 9.28 9.88 9.66 -9999 7.95 7.41 6.89 6.30 6.77 8.36 7.64 7.71 7.17 6.52 6.41 7.11 6.32 6.33 7.31 7.42 7.13 7.92 8.73 7.48 7.05 6.69 6.92 8.14 7.04 7.10 6.95 6.21 6.04 5.99 6.41 6.60 6.18 5.91 6.13 6.27 6.09 5.99 5.88 5.85 5.89 6.05 6.15 6.45 6.35 6.66 7.00 -9999
-9999 -9999 -9999 -9999 -9999 -9999 -9999 -9999 -9999 -9999 -9999 -9999 -9999 -9999 -9999 -9999 -9999 9.63 8.37 7.30 7.33 7.70 6.45 6.67 7.62 9.08 -9999 -9999 -9999 -9999 8.85 7.58 7.12 6.43 6.22 6.90 8.47 7.77 8.00 7.25 6.18 6.83 6.49 7.69 7.22 8.88 7.65 7.81 7.45 7.82 7.65 6.97 7.64 6.09 6.75 7.17 6.01 6.17 5.77 5.60 5.58 5.54 5.67 5.84 5.43 5.46 5.50 5.55 5.45 6.61 6.83 5.77 5.77 5.92 6.10 6.40 7.25 8.38 8.15
-9999 -9999 -9999 -9999 -9999 -9999 -9999 -9999 -9999 -9999 -9999 -9999 -9999 -9999 -9999 -9999 -9999 -9999 9.53 10.38 9.29 7.98 7.67 8.07 9.46 -9999 -9999 -9999 -9999 9.49 9.00 8.63 5.91 5.58 5.78 8.08 8.79 8.42 7.81 6.68 6.48 6.26 7.63 8.89 7.94 8.03 7.47 7.60 7.37 6.51 7.01 7.04 6.65 6.56 6.60 6.46 5.92 5.94 6.33 6.53 6.59 5.54 5.55 5.52 5.24 5.67 5.58 5.79 5.28 5.97 5.87 5.74 6.52 5.74 6.56 6.74 7.25 6.70 7.03
-9999 -9999 -9999 -9999 -9999 -9999 -9999 -9999 -9999 -9999 -9999 -9999 -9999 -9999 -9999 -9999 -9999 -9999 -9999 10.62 10.70 9.55 8.77 8.80 11.09 -9999 -9999 -9999 8.94 6.97 6.30 7.85 7.55 6.80 5.80 7.23 6.77 8.36 7.59 6.04 7.09 7.95 7.95 7.62 8.30 7.51 7.09 6.83 6.31 6.22 6.16 6.36 6.87 6.61 6.15 6.09 6.11 6.12 6.75 6.45 6.49 6.07 5.49 5.46 5.13 5.04 5.00 5.34 5.27 5.46 5.32 6.05 6.33 6.68 6.54 5.68 7.19 5.80 6.46
-9999 -9999 -9999 -9999 -9999 -9999 -9999 -9999 -9999 -9999 -9999 -9999 -9999 -9999 -9999 -9999 -9999 -9999 -9999 -9999 -9999 -9999 -9999 -9999 -9999 -9999 -9999 11.24 7.78 6.10 5.77 7.36 5.95 6.72 7.46 7.51 7.63 7.84 6.33 5.87 6.17 7.07 6.97 7.29 7.35 7.48 7.20 7.08 8.48 7.01 7.08 6.48 6.95 6.95 6.22 6.22 5.85 6.27 6.96 6.38 5.83 5.59 5.41 5.17 5.55 5.15 5.57 5.27 6.20 6.63 6.12 5.04 7.44 8.13 6.64 5.41 7.86 6.84 6.24
-9999 -9999 -9999 -9999 -9999 -9999 -9999 -9999 -9999 -9999 -9999 -9999 -9999 -9999 -9999 -9999 -9999 -9999 -9999 -9999 -9999 -9999 -9999 -9999 -9999 -9999 -9999 8.94 7.69 6.33 10.99 9.28 6.09 6.65 7.37 7.91 8.30 6.73 6.22 5.95 5.88 7.01 6.79 6.63 8.14 7.88 8.90 7.65 7.87 8.96 7.46 6.97 6.82 6.29 6.14 5.95 5.89 6.31 6.37 6.47 5.89 5.34 5.03 4.72 5.18 6.86 6.21 6.84 7.24 8.09 6.61 5.47 6.61 6.92 5.66 4.94 5.46 6.74 7.14
-9999 -9999 -9999 -9999 -9999 -9999 -9999 -9999 -9999 -9999 -9999 -9999 -9999 -9999 -9999 -9999 -9999 -9999 -9999 -9999 -9999 -9999 -9999 -9999 -9999 -9999 -9999 8.59 6.19 4.90 7.03 10.38 9.30 8.40 7.46 8.66 7.04 6.53 6.04 7.57 7.66 8.30 7.86 7.14 7.29 7.17 7.57 8.02 8.04 7.22 7.08 7.02 6.96 6.37 6.09 6.09 6.16 6.67 6.49 6.17 5.40 5.26 5.91 6.50 5.93 6.82 6.43 6.29 6.37 7.07 8.61 8.17 6.11 5.87 6.16 6.22 5.97 5.98 5.79
-9999 -9999 -9999 -9999 -9999 -9999 -9999 -9999 -9999 -9999 11.77 11.83 9.51 13.57 12.66 12.39 12.56 14.60 7.91 13.23 9.03 -9999 -9999 -9999 -9999 -9999 -9999 8.06 6.73 6.12 5.12 6.11 8.12 9.59 9.01 7.72 6.78 6.59 7.28 8.47 7.80 7.15 7.18 6.77 6.98 7.34 6.99 6.72 6.54 6.88 6.33 6.93 7.37 7.96 6.94 6.53 7.06 6.96 6.29 6.76 5.56 5.12 6.41 7.34 6.19 5.72 6.04 5.92 5.67 5.50 5.74 5.58 5.06 4.85 4.76 4.71 4.61 4.92 4.89
-9999 -9999 -9999 -9999 -9999 -9999 -9999 -9999 -9999 -9999 13.38 12.31 11.69 9.17 11.02 12.62 11.90 12.63 13.08 10.50 8.95 7.41 8.50 11.18 9.37 8.58 7.66 7.32 6.68 6.24 5.76 5.21 5.70 8.19 8.26 7.31 6.48 9.15 7.69 6.77 7.31 7.74 6.97 6.79 7.47 7.28 7.44 7.12 6.96 5.85 6.11 6.65 6.80 6.82 7.45 7.80 6.53 6.21 5.71 5.45 6.23 5.32 8.84 7.25 6.82 6.19 5.71 5.78 5.54 6.24 6.13 4.82 6.18 5.66 6.15 4.89 5.01 4.78 4.72
-9999 -9999 -9999 -9999 -9999 -9999 -9999 -9999 -9999 12.10 10.61 9.59 8.69 7.38 9.53 12.29 11.88 10.96 11.00 11.09 9.82 7.94 7.37 8.69 10.06 7.57 7.01 6.53 6.58 7.34 6.02 5.88 7.11 7.08 6.78 7.01 9.14 7.51 8.67 8.03 7.31 6.50 6.98 6.78 7.53 7.69 7.23 7.59 6.52 6.68 6.50 6.36 6.30 7.62 8.27 6.42 5.79 6.03 8.03 6.47 5.96 6.10 6.06 6.33 6.50 6.00 5.79 6.34 7.19 6.21 5.10 4.89 6.42 5.84 5.68 6.01 5.83 5.39 5.38
-9999 -9999 -9999 -9999 -9999 -9999 -9999 -9999 -9999 -9999 9.84 8.20 7.27 8.70 8.37 9.15 11.92 10.67 8.85 7.88 10.10 11.60 9.25 7.16 7.57 9.44 7.62 6.06 6.10 6.07 6.70 6.73 5.96 5.99 6.38 7.14 8.15 6.98 8.34 7.29 7.24 7.18 7.44 6.88 7.70 7.95 7.73 6.39 6.40 6.97 6.17 5.60 5.38 6.42 7.59 7.37 5.79 6.18 7.33 7.08 6.31 5.50 5.42 5.22 5.54 7.04 6.71 6.37 6.84 7.66 6.75 6.06 6.53 6.43 5.55 6.33 5.35 6.03 5.08
-9999 -9999 -9999 -9999 -9999 -9999 12.64 -9999 -9999 10.83 9.47 9.81 6.77 8.43 7.13 7.03 7.61 8.25 9.06 7.69 9.49 10.49 7.94 6.47 5.27 5.50 5.63 5.50 5.73 6.10 6.88 5.93 5.73 6.27 7.91 6.78 7.57 6.58 7.30 6.84 7.77 8.56 7.91 6.96 6.60 6.68 6.49 6.19 7.53 6.59 5.89 7.53 5.97 6.03 7.77 8.72 5.55 5.90 6.37 6.15 5.74 5.46 5.34 5.68 6.30 6.74 5.86 5.35 5.31 5.82 5.84 5.74 6.31 5.62 5.51 5.40 4.87 4.85 4.73
-9999 -9999 -9999 -9999 -9999 11.61 12.62 12.50 12.07 9.41 8.49 10.06 7.63 6.48 7.12 6.58 8.13 8.88 9.65 8.21 7.82 7.99 6.42 4.96 4.35 4.73 5.56 6.08 5.48 5.62 5.92 5.56 5.64 7.31 7.47 6.60 7.10 7.35 8.54 7.76 7.87 9.06 7.80 7.52 6.40 6.91 6.61 6.96 6.42 6.16 5.59 6.67 6.62 5.86 6.90 6.46 5.74 5.51 5.30 5.93 5.91 5.76 5.37 5.04 5.12 5.05 5.29 5.43 5.26 4.61 5.08 5.44 6.22 6.55 6.08 4.87 5.65 5.46 5.37
-9999 -9999 -9999 -9999 -9999 11.02 10.94 9.99 10.37 9.33 8.40 7.36 8.96 8.69 7.71 8.93 8.89 8.78 10.02 8.74 8.23 7.53 4.82 5.41 7.22 6.88 6.07 5.55 5.11 5.74 6.35 6.63 6.15 7.39 6.87 7.41 6.41 5.72 7.37 8.61 7.56 7.59 7.32 6.72 6.73 7.33 6.62 6.10 6.83 7.03 5.77 6.13 6.16 6.04 6.87 7.23 7.22 8.52 6.05 6.13 5.36 5.11 5.27 5.35 5.00 4.81 5.10 5.62 5.22 4.82 4.55 5.31 5.43 5.56 5.67 5.83 4.75 5.19 6.08
-9999 -9999 -9999 -9999 -9999 11.38 10.11 9.51 9.79 9.18 8.97 7.72 8.16 8.17 6.94 8.25 8.54 9.34 9.75 9.15 6.32 4.54 3.71 5.79 5.96 6.75 7.63 5.83 5.78 6.10 5.71 6.65 6.07 7.06 6.72 6.81 6.51 5.90 7.63 7.20 7.23 7.04 6.75 6.52 6.61 7.23 7.29 6.24 6.09 6.40 7.23 6.07 6.30 6.05 6.41 6.47 6.57 7.25 6.75 7.51 8.18 4.85 8.11 6.66 4.93 5.15 8.24 8.14 7.56 4.69 4.54 4.68 4.57 5.14 4.87 5.95 6.89 9.08 8.03
-9999 -9999 -9999 -9999 -9999 9.77 9.32 9.18 8.91 8.29 8.07 7.53 7.07 8.06 7.52 7.77 8.61 8.07 8.37 8.25 7.71 4.33 4.50 6.47 5.69 7.17 7.51 6.15 6.59 7.17 6.31 6.57 6.72 6.84 6.78 6.84 7.47 8.28 6.51 7.22 6.96 6.81 6.51 6.39 6.62 7.02 6.40 6.58 6.45 6.89 7.28 7.80 7.16 7.95 7.43 6.84 6.57 6.23 5.85 5.84 6.08 5.46 7.25 7.08 7.67 7.19 7.73 8.23 8.63 5.24 5.25 4.96 4.95 5.32 6.20 7.27 7.52 -9999 -9999
-9999 -9999 -9999 -9999 -9999 8.76 8.63 8.70 9.01 9.37 8.44 7.74 6.93 7.40 8.84 8.54 8.29 7.84 8.52 8.46 8.04 6.83 4.70 4.68 4.47 7.00 6.21 4.74 7.76 7.71 6.74 9.18 7.87 8.53 9.21 8.61 8.25 8.67 7.40 6.55 6.85 6.64 6.05 6.22 6.39 6.88 6.26 6.67 7.57 8.22 8.03 8.00 8.19 8.19 8.35 8.19 7.71 6.96 6.63 6.94 7.34 7.52 7.92 8.12 8.27 -9999 -9999 7.75 7.99 7.43 6.82 5.97 8.60 6.70 -9999 -9999 -9999 -9999 -9999
-9999 -9999 -9999 -9999 10.90 9.06 8.89 8.12 9.02 9.16 9.95 8.19 8.37 8.00 8.92 8.59 8.18 8.13 8.54 8.53 8.30 7.92 6.93 6.43 6.70 6.62 5.35 8.15 9.16 6.93 6.44 7.49 7.47 8.74 8.85 7.86 7.67 7.36 7.00 7.58 7.20 7.17 6.72 6.63 7.05 7.83 7.69 7.49 7.61 7.81 8.15 -9999 -9999 9.10 9.83 9.83 9.28 8.77 8.33 8.44 -9999 -9999 -9999 -9999 -9999 -9999 -9999 -9999 -9999 -9999 7.64 8.07 9.63 8.20 -9999 -9999 -9999 -9999 -9999
-9999 -9999 -9999 11.97 10.34 8.81 9.33 8.21 8.12 7.86 7.74 7.19 10.08 10.83 9.77 9.32 9.48 10.22 9.28 8.62 8.42 8.77 8.42 10.18 10.31 9.50 9.08 10.73 8.38 8.46 8.39 9.21 10.01 8.50 7.43 7.96 7.18 7.25 6.89 6.86 6.65 8.01 9.00 8.95 8.68 8.70 9.00 8.33 -9999 7.27 8.03 7.92 8.46 9.23 -9999 -9999 -9999 -9999 9.80 -9999 -9999 -9999 -9999 -9999 -9999 -9999 -9999 -9999 -9999 -9999 -9999 -9999 -9999 -9999 -9999 -9999 -9999 -9999 -9999
-9999 -9999 12.79 11.86 11.37 10.10 8.57 8.15 7.78 6.48 6.04 7.47 12.36 13.87 9.46 8.91 11.94 9.64 11.35 8.89 8.66 11.55 10.22 9.63 9.51 9.59 -9999 -9999 -9999 -9999 -9999 9.53 10.94 10.41 8.78 8.54 8.06 7.39 7.26 6.91 7.31 8.45 -9999 -9999 -9999 -9999 -9999 9.48 9.58 8.58 7.58 7.47 9.46 9.44 -9999 -9999 -9999 -9999 -9999 -9999 -9999 -9999 -9999 -9999 -9999 -9999 -9999 -9999 -9999 -9999 -9999 -9999 -9999 -9999 -9999 -9999 -9999 -9999 -9999
-9999 8.67 9.53 11.24 11.44 10.06 9.63 8.82 6.84 7.33 7.17 9.42 11.98 13.42 12.28 11.57 10.08 11.47 10.08 10.27 9.92 11.97 11.67 -9999 -9999 -9999 -9999 -9999 -9999 -9999 -9999 -9999 10.10 10.41 9.15 10.22 11.02 11.17 8.86 10.58 10.28 10.81 -9999 -9999 -9999 -9999 -9999 -9999 -9999 8.42 8.85 7.66 8.56 -9999 -9999 -9999 -9999 -9999 -9999 -9999 -9999 -9999 -9999 -9999 -9999 -9999 -9999 -9999 -9999 -9999 -9999 -9999 -9999 -9999 -9999 -9999 -9999 -9999 -9999
10.57 8.41 8.77 10.32 11.90 12.09 10.29 8.17 7.80 8.27 7.98 9.20 11.93 10.41 10.96 11.35 12.55 7.45 10.12 13.43 11.26 -9999 -9999 -9999 -9999 -9999 -9999 -9999 -9999 -9999 -9999 -9999 -9999 -9999 11.07 -9999 -9999 -9999 -9999 9.71 11.89 12.19 -9999 -9999 -9999 -9999 -9999 -9999 -9999 -9999 8.96 10.89 9.49 -9999 -9999 -9999 -9999 -9999 -9999 -9999 -9999 -9999 -9999 -9999 -9999 -9999 -9999 -9999 -9999 -9999 -9999 -9999 -9999 -9999 -9999 -9999 -9999 -9999 -9999
9.36 7.48 8.61 10.45 11.10 11.92 10.64 9.52 10.23 7.25 6.01 7.70 10.89 11.12 9.62 8.95 10.82 8.40 8.44 10.15 -9999 -9999 -9999 -9999 -9999 -9999 -9999 -9999 -9999 -9999 -9999 -9999 -9999 -9999 12.31 -9999 -9999 -9999 -9999 -9999 -9999 -9999 -9999 -9999 -9999 -9999 -9999 -9999 -9999 -9999 -9999 -9999 -9999 -9999 -9999 -9999 -9999 -9999 -9999 -9999 -9999 -9999 -9999 -9999 -9999 -9999 -9999 -9999 -9999 -9999 -9999 -9999 -9999 -9999 -9999 -9999 -9999 -9999 -9999
9.86 7.70 8.98 9.67 9.81 10.56 9.94 9.60 10.47 6.80 6.05 7.06 9.54 13.99 14.51 8.33 8.69 8.53 9.58 12.23 -9999 -9999 -9999 -9999 -9999 -9999 -9999 -9999 -9999 -9999 -9999 -9999 -9999 -9999 -9999 -9999 -9999 -9999 -9999 -9999 -9999 -9999 -9999 -9999 -9999 -9999 -9999 -9999 -9999 -9999 -9999 -9999 -9999 -9999 -9999 -9999 -9999 -9999 -9999 -9999 -9999 -9999 -9999 -9999 -9999 -9999 -9999 -9999 -9999 -9999 -9999 -9999 -9999 -9999 -9999 -9999 -9999 -9999 -9999
11.38 10.08 10.06 9.72 10.48 9.80 9.40 9.14 7.77 7.73 6.88 6.60 9.56 12.12 11.91 9.92 7.77 8.14 11.44 10.86 -9999 -9999 -9999 -9999 -9999 -9999 -9999 -9999 -9999 -9999 -9999 -9999 -9999 -9999 -9999 -9999 -9999 -9999 -9999 -9999 -9999 -9999 -9999 -9999 -9999 -9999 -9999 -9999 -9999 -9999 -9999 -9999 -9999 -9999 -9999 -9999 -9999 -9999 -9999 -9999 -9999 -9999 -9999 -9999 -9999 -9999 -9999 -9999 -9999 -9999 -9999 -9999 -9999 -9999 -9999 -9999 -9999 -9999 -9999
12.50 11.61 11.27 9.76 10.38 9.83 11.95 10.96 9.21 8.66 9.20 7.63 8.25 9.42 9.23 8.43 8.24 9.21 10.48 11.07 -9999 -9999 -9999 -9999 -9999 -9999 -9999 -9999 -9999 -9999 -9999 -9999 -9999 -9999 -9999 -9999 -9999 -9999 -9999 -9999 -9999 -9999 -9999 -9999 -9999 -9999 -9999 -9999 -9999 -9999 -9999 -9999 -9999 -9999 -9999 -9999 -9999 -9999 -9999 -9999 -9999 -9999 -9999 -9999 -9999 -9999 -9999 -9999 -9999 -9999 -9999 -9999 -9999 -9999 -9999 -9999 -9999 -9999 -9999
10.63 10.92 10.16 11.28 13.00 12.56 10.88 10.89 10.80 10.69 9.53 10.05 9.18 8.12 8.11 9.05 10.05 10.70 10.52 11.74 -9999 -9999 -9999 -9999 -9999 -9999 -9999 -9999 -9999 -9999 -9999 -9999 -9999 -9999 -9999 -9999 -9999 -9999 -9999 -9999 -9999 -9999 -9999 -9999 -9999 -9999 -9999 -9999 -9999 -9999 -9999 -9999 -9999 -9999 -9999 -9999 -9999 -9999 -9999 -9999 -9999 -9999 -9999 -9999 -9999 -9999 -9999 -9999 -9999 -9999 -9999 -9999 -9999 -9999 -9999 -9999 -9999 -9999 -9999
11.21 11.73 -9999 -9999 -9999 -9999 -9999 -9999 -9999 -9999 -9999 11.15 11.68 10.21 9.22 8.54 9.84 10.84 10.81 -9999 -9999 -9999 -9999 -9999 -9999 -9999 -9999 -9999 -9999 -9999 -9999 -9999 -9999 -9999 -9999 -9999 -9999 -9999 -9999 -9999 -9999 -9999 -9999 -9999 -9999 -9999 -9999 -9999 -9999 -9999 -9999 -9999 -9999 -9999 -9999 -9999 -9999 -9999 -9999 -9999 -9999 -9999 -9999 -9999 -9999 -9999 -9999 -9999 -9999 -9999 -9999 -9999 -9999 -9999 -9999 -9999 -9999 -9999 -9999
11.73 12.60 -9999 -9999 -9999 -9999 -9999 -9999 -9999 -9999 -9999 -9999 -9999 -9999 10.19 9.52 9.90 10.54 -9999 -9999 -9999 -9999 -9999 -9999 -9999 -9999 -9999 -9999 -9999 -9999 -9999 -9999 -9999 -9999 -9999 -9999 -9999 -9999 -9999 -9999 -9999 -9999 -9999 -9999 -9999 -9999 -9999 -9999 -9999 -9999 -9999 -9999 -9999 -9999 -9999 -9999 -9999 -9999 -9999 -9999 -9999 -9999 -9999 -9999 -9999 -9999 -9999 -9999 -9999 -9999 -9999 -9999 -9999 -9999 -9999 -9999 -9999 -9999 -9999
-9999 -9999 -9999 -9999 -9999 -9999 -9999 -9999 -9999 -9999 -9999 -9999 -9999 -9999 11.57 12.79 13.46 12.94 -9999 -9999 -9999 -9999 -9999 -9999 -9999 -9999 -9999 -9999 -9999 -9999 -9999 -9999 -9999 -9999 -9999 -9999 -9999 -9999 -9999 -9999 -9999 -9999 -9999 -9999 -9999 -9999 -9999 -9999 -9999 -9999 -9999 -9999 -9999 -9999 -9999 -9999 -9999 -9999 -9999 -9999 -9999 -9999 -9999 -9999 -9999 -9999 -9999 -9999 -9999 -9999 -9999 -9999 -9999 -9999 -9999 -9999 -9999 -9999 -9999
-9999 -9999 -9999 -9999 -9999 -9999 -9999 -9999 -9999 -9999 -9999 -9999 -9999 -9999 -9999 -9999 -9999 -9999 -9999 -9999 -9999 -9999 -9999 -9999 -9999 -9999 -9999 -9999 -9999 -9999 -9999 -9999 -9999 -9999 -9999 -9999 -9999 -9999 -9999 -9999 -9999 -9999 -9999 -9999 -9999 -9999 -9999 -9999 -9999 -9999 -9999 -9999 -9999 -9999 -9999 -9999 -9999 -9999 -9999 -9999 -9999 -9999 -9999 -9999 -9999 -9999 -9999 -9999 -9999 -9999 -9999 -9999 -9999 -9999 -9999 -9999 -9999 -9999 -9999
-9999 -9999 -9999 -9999 -9999 -9999 -9999 -9999 -9999 -9999 -9999 -9999 -9999 -9999 -9999 -9999 -9999 -9999 -9999 -9999 -9999 -9999 -9999 -9999 -9999 -9999 -9999 -9999 -9999 -9999 -9999 -9999 -9999 -9999 -9999 -9999 -9999 -9999 -9999 -9999 -9999 -9999 -9999 -9999 -9999 -9999 -9999 -9999 -9999 -9999 -9999 -9999 -9999 -9999 -9999 -9999 -9999 -9999 -9999 -9999 -9999 -9999 -9999 -9999 -9999 -9999 -9999 -9999 -9999 -9999 -9999 -9999 -9999 -9999 -9999 -9999 -9999 -9999 -9999
