ML/MeanWindSpeed_1994-10_Actual.txt
ncols         180
nrows         290
xllcorner     -200000
yllcorner     -200000
cellsize      5000
NODATA_value  -9999
[rows 175 to 209 of 290, columns 79 to 157 of 180]
-9999 -9999 -9999 -9999 -9999 -9999 -9999 10.62 9.50 8.50 7.88 8.03 6.81 6.19 12.85 20.10 8.45 12.29 12.91 12.11 10.11 7.14 6.71 9.04 11.47 8.96 6.37 6.73 7.87 7.29 7.45 8.64 7.39 6.59 6.06 6.30 6.49 6.31 6.60 6.39 11.21 11.82 8.52 8.33 6.40 5.33 6.66 7.38 5.71 5.78 7.25 6.59 6.31 7.20 6.85 7.91 7.32 7.43 7.35 7.27 8.55 7.44 7.18 7.20 6.85 7.19 7.63 7.86 8.33 8.87 7.54 9.32 11.45 -9999 -9999 -9999 -9999 -9999 -9999
-9999 -9999 -9999 -9999 -9999 -9999 -9999 -9999 11.55 8.89 7.48 6.19 6.17 8.91 23.20 14.66 5.52 12.09 8.37 12.44 12.12 8.23 5.28 11.51 9.34 10.27 8.46 6.59 6.77 7.05 6.34 7.17 7.56 7.02 6.54 6.06 6.29 6.04 5.86 7.58 8.02 11.92 9.12 9.50 8.55 4.24 6.57 9.04 6.35 6.66 7.31 6.54 6.64 6.92 6.82 7.92 7.13 7.09 7.34 6.88 7.48 7.46 7.11 7.07 6.98 7.04 7.42 8.72 7.76 7.16 7.35 8.85 11.08 -9999 -9999 -9999 -9999 -9999 -9999
-9999 -9999 -9999 -9999 -9999 -9999 -9999 -9999 -9999 9.53 7.29 7.56 9.66 20.29 21.17 12.94 9.53 9.01 10.32 12.44 12.86 12.76 7.99 6.05 11.86 9.36 8.63 7.80 6.65 6.63 6.71 6.47 6.90 6.47 6.00 6.14 6.13 5.92 5.99 6.85 8.20 9.04 7.02 7.39 9.37 7.53 4.44 9.22 7.03 7.06 7.47 6.58 6.75 6.65 7.20 7.84 7.20 7.09 7.15 6.69 8.19 7.57 7.25 7.23 7.16 7.43 7.13 7.09 6.87 6.77 7.29 9.22 11.26 -9999 -9999 -9999 -9999 -9999 -9999
-9999 -9999 -9999 -9999 -9999 -9999 -9999 -9999 -9999 9.44 8.25 10.86 12.51 13.74 15.63 7.78 6.28 8.79 11.68 12.42 13.36 11.75 8.58 5.16 11.80 11.71 9.20 8.51 6.74 6.43 6.74 7.35 6.70 6.41 6.18 5.68 5.52 5.90 7.76 7.48 4.97 9.56 7.14 7.87 9.94 10.08 7.21 6.12 6.32 5.39 6.80 7.57 6.61 6.48 6.24 6.90 6.86 7.32 7.11 6.90 7.32 7.94 7.67 7.75 7.49 7.39 6.99 6.59 6.63 7.22 8.41 10.21 -9999 -9999 -9999 -9999 -9999 -9999 -9999
-9999 -9999 -9999 -9999 -9999 -9999 -9999 -9999 -9999 8.85 8.84 9.82 8.60 12.92 10.15 6.73 9.27 7.17 8.40 11.72 10.26 13.26 10.87 6.45 10.54 11.83 11.33 8.15 7.38 6.29 7.05 7.95 7.35 6.46 5.91 5.57 5.87 7.31 7.35 5.57 5.27 7.88 7.64 7.53 7.48 7.05 7.08 7.77 4.78 6.04 6.21 5.98 6.49 6.04 6.99 6.21 6.75 7.20 7.15 7.36 9.20 8.21 7.82 7.70 7.67 7.46 7.15 6.87 7.01 8.27 9.89 -9999 -9999 -9999 -9999 -9999 -9999 -9999 -9999
-9999 -9999 -9999 -9999 -9999 -9999 -9999 -9999 10.11 18.24 9.83 10.26 11.33 5.51 16.60 14.08 13.15 10.70 12.51 8.97 9.75 8.59 7.50 9.53 12.94 10.89 10.52 7.73 6.84 5.99 7.36 7.23 6.67 6.37 5.72 5.72 7.11 6.59 5.68 6.77 7.87 4.93 9.54 8.80 5.63 6.44 6.08 5.57 5.75 5.09 4.97 5.19 6.36 5.99 5.55 7.30 6.75 7.09 7.41 7.85 9.30 8.24 7.81 7.85 7.58 7.46 7.06 6.90 7.85 9.38 -9999 -9999 -9999 -9999 -9999 -9999 -9999 11.51 -9999
-9999 -9999 -9999 -9999 -9999 -9999 10.97 10.36 14.18 11.99 8.86 8.67 9.75 5.43 7.22 9.45 13.61 12.65 13.45 11.11 11.11 5.25 8.55 8.85 5.75 6.12 6.16 7.70 7.02 6.27 6.93 6.87 6.83 6.19 6.29 7.51 6.49 6.77 5.63 7.09 7.74 6.92 5.64 4.98 6.94 6.33 5.93 6.17 6.22 6.01 4.58 5.57 5.54 4.96 5.46 6.28 6.84 7.33 7.32 7.84 9.06 8.17 7.63 7.72 7.39 7.20 6.86 7.15 8.38 -9999 -9999 -9999 -9999 -9999 11.30 11.01 10.51 9.66 9.56
-9999 -9999 -9999 -9999 -9999 11.05 10.66 10.44 10.37 9.91 9.35 8.02 6.48 5.31 6.83 8.56 10.52 17.88 8.90 6.47 6.36 3.49 10.66 12.03 10.89 7.06 6.36 7.70 7.60 7.00 6.94 7.25 6.70 6.52 6.60 7.26 7.37 5.69 5.68 7.16 7.06 6.48 5.77 6.06 6.71 5.47 6.14 5.32 5.42 6.06 5.41 4.91 4.52 4.97 6.24 6.30 6.78 7.27 7.53 7.72 9.27 8.55 7.71 7.40 7.14 6.97 6.73 7.04 8.06 -9999 -9999 -9999 -9999 -9999 9.95 9.26 8.96 8.35 8.12
-9999 -9999 -9999 -9999 11.61 12.32 11.26 10.83 -9999 -9999 -9999 -9999 8.13 13.96 11.33 10.12 11.38 8.89 6.42 9.34 8.45 7.04 16.78 13.73 10.79 11.48 8.58 6.86 7.46 7.34 6.55 6.42 6.23 6.06 6.67 6.06 7.38 5.91 5.80 6.03 6.45 6.72 6.53 5.57 5.76 5.69 5.64 5.46 5.17 4.86 4.84 4.82 5.20 6.00 6.27 6.39 7.40 8.16 8.31 8.10 8.79 8.50 8.25 7.25 7.02 6.79 6.51 6.57 7.41 9.02 -9999 -9999 -9999 -9999 8.79 7.99 7.76 7.75 7.66
-9999 -9999 -9999 -9999 13.03 14.47 10.81 11.48 -9999 -9999 -9999 -9999 9.30 11.79 13.30 7.21 10.96 9.57 8.91 12.06 13.23 9.32 12.79 5.40 7.31 7.85 7.51 6.68 6.66 6.82 6.44 6.52 6.99 5.96 6.62 6.17 6.29 6.92 5.85 5.92 5.24 6.29 7.43 7.78 7.61 6.06 5.43 5.41 5.36 5.76 5.23 5.57 6.20 6.63 7.62 7.19 9.37 9.46 9.65 8.48 8.59 8.35 8.05 7.12 7.03 6.77 6.42 6.30 6.46 7.52 8.52 -9999 -9999 9.21 8.56 7.89 8.00 7.64 7.29
-9999 -9999 -9999 -9999 -9999 -9999 -9999 -9999 -9999 -9999 -9999 -9999 10.08 13.31 10.76 7.13 8.36 5.80 13.37 11.85 5.83 8.92 7.86 6.54 7.92 6.16 6.13 5.97 7.00 6.58 6.77 6.39 5.84 5.84 5.85 5.61 5.98 6.75 6.09 5.69 5.91 6.40 6.21 7.13 7.49 5.63 6.97 7.98 6.74 6.69 6.38 5.48 6.48 7.53 8.81 8.82 8.34 8.90 9.67 8.99 9.10 8.42 7.99 7.01 7.01 6.84 6.59 6.32 6.01 6.30 7.03 8.03 8.47 8.12 8.06 7.04 7.96 8.06 8.05
-9999 -9999 -9999 -9999 -9999 -9999 -9999 -9999 -9999 -9999 -9999 -9999 -9999 13.13 3.93 4.70 7.60 11.76 10.13 11.11 9.64 5.17 6.77 8.66 5.48 5.47 5.19 5.76 5.96 6.40 6.37 6.28 5.87 5.67 5.62 5.93 5.83 6.58 6.51 6.02 8.25 7.43 5.98 5.88 6.05 6.39 6.34 7.45 7.70 7.04 8.24 6.45 6.21 7.03 6.87 7.54 7.87 7.92 9.34 9.33 8.86 7.91 7.88 7.01 7.02 6.86 6.61 6.44 6.34 6.37 6.40 6.90 7.24 7.31 7.14 7.07 8.12 8.12 7.82
-9999 -9999 -9999 -9999 -9999 -9999 -9999 -9999 -9999 -9999 -9999 -9999 -9999 8.70 12.91 14.01 10.68 7.75 6.09 8.42 5.89 6.40 5.12 4.99 7.87 5.58 5.60 7.78 7.05 6.64 6.19 5.52 5.57 6.31 6.17 7.37 7.19 6.82 6.48 6.09 8.14 8.97 7.40 6.20 5.82 6.33 6.38 6.22 6.72 7.58 10.00 8.58 6.56 6.15 6.80 8.19 9.47 9.62 9.04 9.55 8.85 7.73 7.21 6.99 7.02 6.90 6.85 6.71 6.62 6.63 6.69 6.84 7.00 7.26 7.24 7.00 7.75 7.85 8.59
-9999 -9999 -9999 -9999 -9999 -9999 -9999 -9999 -9999 -9999 -9999 -9999 12.23 11.08 7.62 15.81 8.83 5.96 8.43 7.45 5.89 9.45 5.91 5.72 9.06 5.40 12.29 8.85 6.69 6.73 7.88 6.14 5.82 8.97 8.64 7.64 6.31 6.83 6.81 6.48 7.02 7.62 7.51 6.75 6.44 6.29 6.26 6.54 6.29 7.58 7.46 7.20 6.94 6.64 7.52 8.69 9.86 9.89 8.64 8.62 7.96 7.35 7.07 6.96 6.96 6.99 6.98 6.90 6.78 6.79 6.83 6.79 6.89 7.53 7.53 7.23 7.43 7.90 7.39
-9999 -9999 -9999 -9999 -9999 -9999 -9999 -9999 -9999 -9999 -9999 -9999 10.43 10.25 15.04 7.69 2.98 5.77 6.04 7.26 10.19 10.30 7.34 6.98 7.43 5.92 6.85 7.78 9.40 9.18 6.93 6.96 6.74 7.01 7.62 6.24 6.13 7.01 7.03 7.55 7.65 6.97 7.38 7.21 6.78 6.45 6.21 6.26 6.23 6.94 7.17 7.01 6.47 7.06 8.35 9.57 8.79 9.48 9.31 8.26 7.22 7.93 7.11 7.37 7.07 7.10 6.97 6.95 6.91 6.81 6.78 6.80 6.84 7.78 7.57 7.13 7.19 7.80 7.68
-9999 -9999 -9999 -9999 -9999 -9999 -9999 -9999 -9999 -9999 -9999 -9999 11.12 12.79 4.66 6.60 5.95 7.55 7.15 11.77 9.57 11.54 8.48 7.47 5.65 5.08 5.90 9.63 12.03 13.20 7.69 9.41 7.88 7.65 7.21 5.63 6.21 6.66 7.04 7.62 6.92 6.92 8.33 7.61 6.71 6.61 7.72 6.08 6.49 6.73 6.58 6.34 6.44 7.25 7.70 8.04 8.10 8.17 7.48 7.20 7.55 7.73 6.69 6.76 7.04 7.04 7.03 6.89 6.72 6.74 6.72 6.76 6.84 7.11 6.95 7.22 7.03 7.54 7.59
-9999 -9999 -9999 -9999 -9999 -9999 -9999 -9999 -9999 -9999 -9999 -9999 -9999 7.22 8.27 10.96 13.66 14.19 10.70 10.49 7.91 4.82 5.38 4.98 6.46 6.98 5.86 7.46 7.86 11.56 9.30 7.92 7.59 8.81 8.23 6.08 7.27 6.24 6.48 9.01 7.01 6.71 6.62 6.90 6.34 6.38 8.06 7.31 6.49 6.96 6.59 6.52 7.06 7.83 7.20 7.00 6.67 7.58 6.76 7.94 7.83 6.72 6.55 7.26 7.17 6.85 6.82 6.69 6.65 6.69 6.68 6.73 6.73 6.74 6.82 7.17 7.17 7.19 7.47
-9999 -9999 -9999 -9999 -9999 -9999 -9999 -9999 -9999 -9999 -9999 -9999 -9999 9.14 10.50 11.58 13.29 15.59 13.25 9.43 6.48 4.99 7.33 9.98 12.21 14.08 10.03 6.66 7.03 8.53 8.43 6.41 9.81 8.69 8.62 7.27 8.10 6.73 6.32 7.09 8.60 7.93 6.98 6.46 6.28 6.50 7.40 7.17 6.77 6.74 7.28 7.65 7.91 8.27 7.33 6.92 8.30 8.30 8.21 7.80 7.94 6.91 7.30 7.87 6.84 6.69 6.70 6.63 6.67 6.65 6.63 6.66 6.68 6.77 6.76 6.73 6.63 6.61 6.97
-9999 -9999 -9999 -9999 -9999 -9999 -9999 -9999 -9999 -9999 -9999 -9999 10.35 8.30 9.00 10.68 11.61 10.25 9.98 7.92 9.62 15.06 11.76 11.89 11.70 9.07 7.95 8.65 8.75 6.85 6.64 7.49 9.39 9.09 8.58 7.29 8.35 6.44 6.47 7.91 7.22 7.70 7.69 6.95 6.52 6.52 7.22 7.08 6.46 6.74 6.84 6.85 7.73 7.30 8.43 7.84 8.59 7.71 7.93 7.94 7.04 6.97 7.91 7.71 6.71 6.66 6.95 6.67 6.77 6.75 6.82 6.75 6.66 6.67 6.53 6.93 7.28 7.36 6.59
-9999 -9999 -9999 -9999 -9999 -9999 -9999 -9999 -9999 -9999 -9999 -9999 12.66 10.07 8.03 7.20 8.78 12.96 12.88 11.75 10.12 10.59 11.95 13.07 12.91 8.26 10.64 12.25 7.67 10.13 6.17 7.11 8.58 10.43 7.28 8.11 6.50 5.78 6.38 6.97 9.83 8.00 8.04 7.48 7.07 6.90 6.91 6.66 6.30 6.44 6.37 6.39 6.40 7.73 8.35 8.40 8.95 7.75 7.17 7.21 6.88 7.46 7.93 7.53 7.14 7.55 7.20 7.44 6.96 6.90 7.08 7.06 6.71 6.57 6.43 6.48 7.38 7.43 7.50
-9999 -9999 -9999 -9999 -9999 -9999 -9999 -9999 -9999 -9999 -9999 -9999 11.04 9.35 5.31 6.28 8.83 13.41 11.74 12.46 9.58 10.98 10.15 8.54 9.65 10.43 10.10 8.68 7.38 7.97 11.12 7.12 6.51 6.78 7.40 9.11 7.36 5.74 6.23 6.81 7.01 6.98 8.12 7.60 7.21 7.23 6.32 5.89 6.61 6.82 6.92 6.32 6.97 8.19 8.19 7.28 7.45 8.36 7.36 7.77 6.84 7.92 7.96 7.09 7.12 7.36 6.71 6.96 6.87 6.87 6.91 6.74 6.61 6.60 6.49 6.89 6.34 6.74 7.12
-9999 -9999 -9999 -9999 -9999 -9999 -9999 -9999 -9999 -9999 -9999 10.61 11.08 12.65 9.24 6.44 10.05 10.88 13.48 13.60 7.72 7.89 7.25 8.84 10.53 8.63 8.42 10.61 9.16 8.31 8.00 6.99 5.77 5.99 7.50 7.42 7.13 6.86 6.27 5.74 6.33 6.87 6.33 6.93 6.67 7.30 6.38 6.42 6.61 6.17 6.08 6.42 7.67 7.35 7.31 6.72 7.65 7.87 7.64 6.83 7.80 7.88 7.89 8.08 7.62 7.09 6.92 6.76 6.91 6.93 6.75 6.64 6.50 6.45 6.56 6.87 6.72 6.82 7.20
-9999 -9999 -9999 -9999 -9999 -9999 -9999 -9999 -9999 -9999 12.06 11.47 11.32 8.76 6.78 9.90 12.73 12.94 10.79 12.73 8.61 10.00 8.48 7.89 14.59 9.35 9.99 7.79 8.49 7.11 6.98 7.56 8.58 7.32 9.42 7.24 7.83 6.49 6.11 6.14 6.21 6.59 6.27 6.44 6.87 7.03 5.73 6.50 6.45 6.55 6.68 6.96 7.54 6.63 7.49 7.13 7.38 6.59 6.67 8.05 8.43 7.81 8.00 7.91 7.10 7.60 7.60 7.48 7.35 6.97 6.67 6.44 6.70 6.69 7.35 7.53 7.62 7.60 6.79
-9999 -9999 -9999 -9999 -9999 -9999 -9999 -9999 13.02 11.44 10.05 7.58 6.56 6.96 7.66 11.36 12.09 13.39 14.96 12.93 10.83 6.66 9.99 9.01 12.60 9.30 8.47 8.63 7.33 7.21 6.38 7.74 9.69 8.80 8.67 6.25 6.66 6.58 6.52 7.16 6.56 6.89 6.12 6.26 6.59 5.87 5.89 6.32 7.32 7.04 7.86 8.39 7.67 7.11 6.63 6.52 7.33 7.82 7.61 8.12 7.11 7.85 8.05 7.43 6.76 6.90 7.84 7.65 7.63 6.76 6.52 6.37 6.65 7.69 7.96 7.54 8.30 7.95 7.46
-9999 -9999 -9999 -9999 12.15 11.11 9.83 13.38 13.19 12.94 12.50 9.03 7.85 7.29 12.93 10.78 12.38 12.40 11.90 8.74 7.99 6.55 8.34 7.61 13.88 12.14 10.13 7.77 8.32 7.78 9.77 6.62 8.37 8.65 8.02 7.37 6.65 6.23 7.27 6.70 6.04 7.25 6.14 6.22 5.75 6.02 6.73 7.37 6.50 7.40 6.88 7.23 8.19 8.09 7.83 7.55 8.05 8.04 7.65 7.20 8.01 6.95 6.94 6.92 6.72 7.45 7.60 7.64 6.98 6.53 6.70 6.99 8.04 7.99 7.28 7.90 6.86 7.19 7.49
-9999 -9999 -9999 13.47 10.86 11.42 10.49 9.59 11.12 10.01 10.54 8.29 6.83 10.92 11.42 11.41 7.27 13.13 9.01 6.67 12.94 9.95 6.07 13.26 10.53 9.72 5.80 6.09 7.26 10.88 7.62 6.76 6.40 6.67 8.59 8.30 8.22 6.73 6.88 6.24 6.14 6.94 6.52 6.13 6.05 6.43 7.22 6.88 8.80 6.81 6.31 6.72 7.68 7.18 7.23 6.85 7.03 7.59 7.33 8.00 7.41 6.79 6.81 7.24 6.80 7.02 7.01 6.48 6.47 6.63 6.86 7.11 7.44 8.01 7.73 7.64 7.02 6.82 6.81
-9999 -9999 13.36 12.39 8.75 8.07 8.16 8.94 7.87 8.43 7.70 8.68 13.68 10.28 8.05 11.81 5.71 8.91 9.14 13.22 12.61 13.32 10.30 9.33 7.57 5.00 10.80 10.75 6.92 7.43 7.03 6.65 6.96 6.33 6.61 8.50 8.94 6.51 6.13 6.09 6.68 6.01 5.70 6.18 8.91 6.78 6.56 7.12 7.84 7.05 6.42 7.01 7.61 7.56 8.16 7.55 6.70 6.61 6.69 7.80 7.48 6.87 7.74 7.63 6.93 6.98 6.77 6.66 7.13 7.38 7.44 7.64 7.46 7.91 7.03 6.76 7.00 6.49 6.50
11.55 13.27 10.21 9.46 9.83 8.55 7.87 10.03 8.52 8.56 8.78 12.13 11.42 9.16 9.84 9.18 7.28 7.23 11.56 12.27 10.08 10.04 12.05 8.37 4.75 11.15 13.13 10.19 10.07 7.11 7.63 6.90 7.13 9.29 6.83 8.99 7.11 6.33 6.03 6.29 8.22 5.66 6.11 10.39 7.29 6.73 6.70 7.29 8.03 6.51 6.74 7.00 6.65 7.31 7.39 6.92 6.55 7.01 6.71 7.05 7.49 7.63 7.16 6.79 6.59 6.61 7.21 8.92 8.28 9.28 8.59 7.31 8.32 7.71 7.68 7.30 7.02 7.12 6.61
10.03 12.91 15.89 13.85 13.10 9.72 10.82 12.62 11.05 10.37 12.71 10.30 9.21 12.00 8.62 6.06 7.58 7.92 10.96 10.37 9.54 8.89 8.68 7.19 9.19 19.37 14.23 10.17 7.81 8.47 7.79 9.59 7.55 8.01 6.90 6.49 6.41 6.76 6.18 5.81 5.96 5.81 9.53 9.79 8.51 7.03 6.66 9.27 7.36 6.71 7.02 6.42 7.18 7.13 6.88 6.20 7.54 7.20 6.57 8.24 7.99 6.90 6.60 6.59 6.59 7.24 8.41 8.92 8.75 9.31 8.56 8.05 8.53 7.84 6.98 7.39 7.27 7.50 7.31
9.50 10.68 11.00 10.14 8.46 10.73 9.42 11.38 7.88 9.24 11.76 10.29 8.40 9.94 6.19 6.06 10.76 11.48 9.44 7.50 9.89 6.52 5.70 6.23 11.74 14.13 14.17 7.41 8.83 9.15 9.42 8.40 6.68 8.10 7.50 6.91 6.25 6.83 5.68 5.38 6.45 6.55 9.19 8.38 7.62 6.63 7.53 8.92 8.07 7.63 7.11 7.17 6.93 6.59 6.29 6.49 7.10 7.50 7.17 6.97 6.94 6.71 7.88 8.62 7.00 7.32 8.16 8.42 7.98 8.69 8.76 8.87 8.65 7.08 7.05 6.95 7.10 6.74 7.09
8.51 8.76 8.15 8.97 8.31 8.47 9.77 7.87 8.88 7.40 6.97 6.84 6.55 6.36 9.36 8.56 12.65 19.13 9.25 9.46 9.94 14.91 14.48 5.80 4.81 14.99 10.68 9.16 10.28 11.69 8.98 6.72 6.08 8.59 8.95 7.19 6.35 6.08 5.68 5.77 6.94 9.61 9.28 7.18 6.95 6.89 6.57 6.48 7.62 7.02 6.92 6.52 6.08 5.90 6.06 7.26 6.96 6.67 6.89 5.98 6.23 7.41 7.34 8.08 7.38 7.26 7.19 7.46 8.20 8.61 8.84 8.91 8.85 7.01 6.41 6.96 6.95 6.36 6.72
8.18 8.90 7.53 8.06 8.12 8.34 7.00 6.86 8.06 7.32 8.86 7.54 10.01 6.81 11.04 13.38 12.80 13.59 14.76 11.88 14.21 16.49 10.56 12.47 9.55 3.46 10.10 10.70 7.41 8.01 6.06 8.37 8.23 11.33 10.00 7.17 6.39 5.76 5.75 7.06 9.79 7.65 9.23 7.28 7.07 7.98 6.56 7.77 6.22 6.62 6.26 5.99 5.87 6.20 6.33 6.47 6.09 5.96 5.86 6.19 7.31 8.24 7.51 6.66 7.45 6.77 7.81 7.09 7.19 7.69 8.19 8.50 8.41 7.60 6.32 6.80 6.83 6.51 6.85
8.73 8.13 9.82 10.96 12.55 10.92 9.21 8.20 7.29 8.00 11.25 8.11 9.61 6.46 8.65 8.95 7.42 5.76 9.35 8.64 11.11 11.26 14.49 12.68 12.82 10.58 15.16 8.65 7.45 6.93 8.40 7.95 10.81 9.74 9.83 6.52 6.32 5.79 9.93 10.50 9.31 9.12 6.92 7.54 7.81 7.58 6.67 6.44 6.41 6.10 6.01 6.04 6.07 6.78 6.87 7.09 6.41 5.70 5.84 6.86 8.69 6.57 7.05 7.08 6.61 6.56 6.77 6.45 6.75 7.60 7.41 7.97 7.84 7.33 6.95 6.89 6.32 5.94 6.99
9.54 8.82 8.96 10.81 10.92 11.66 10.78 9.72 8.94 8.35 8.66 11.42 7.23 11.87 10.13 9.58 10.51 8.67 6.31 6.43 8.58 7.41 10.15 10.67 8.96 14.07 13.86 7.13 8.38 6.19 7.13 9.20 9.84 8.49 7.66 6.42 6.25 8.21 7.28 8.88 8.13 7.19 7.49 7.17 6.84 6.83 6.01 5.65 5.66 5.71 7.58 6.14 7.02 6.22 6.16 5.81 5.75 6.04 7.10 8.35 7.51 6.83 7.01 6.88 6.61 6.76 7.25 7.72 6.28 7.38 8.38 7.59 7.12 7.31 6.22 6.38 7.14 6.32 5.74
10.18 10.62 11.35 12.50 -9999 -9999 -9999 -9999 10.36 9.73 10.52 7.64 6.49 8.36 8.20 7.91 7.67 3.80 13.83 14.40 8.46 6.95 7.06 9.09 10.23 12.34 9.32 7.95 7.05 6.17 10.81 8.89 10.35 6.76 6.81 6.77 6.73 8.99 6.59 7.92 7.62 6.76 6.91 6.68 6.35 5.85 5.54 5.47 5.69 5.84 7.29 6.37 6.70 6.67 6.14 6.11 6.11 7.74 7.36 7.47 7.39 7.34 5.87 6.05 6.00 7.25 7.67 7.33 6.03 6.97 7.79 7.52 6.96 7.57 6.86 6.46 6.63 6.51 5.69
