ML/MeanWindSpeed_1994-04_Actual.txt
ncols         180
nrows         290
xllcorner     -200000
yllcorner     -200000
cellsize      5000
NODATA_value  -9999
[rows 170 to 203 of 290, columns 78 to 155 of 180]
-9999 -9999 -9999 -9999 -9999 -9999 -9999 -9999 -9999 -9999 -9999 -9999 -9999 -9999 -9999 -9999 -9999 -9999 -9999 -9999 -9999 -9999 -9999 -9999 -9999 -9999 -9999 -9999 10.16 9.33 8.85 9.09 9.42 9.49 9.23 8.77 8.96 8.59 8.40 8.46 8.67 9.79 9.85 15.87 18.69 19.02 16.43 14.34 12.80 10.86 10.85 9.98 11.33 10.01 9.94 9.71 9.77 9.86 9.93 10.48 10.76 10.52 9.82 10.33 12.65 12.16 12.45 11.13 11.13 12.18 13.82 -9999 -9999 -9999 -9999 -9999 -9999 -9999
-9999 -9999 -9999 -9999 -9999 -9999 -9999 -9999 15.95 15.02 15.62 16.94 -9999 -9999 -9999 -9999 -9999 -9999 -9999 -9999 -9999 -9999 -9999 -9999 -9999 -9999 -9999 10.90 9.58 9.84 9.16 10.13 9.69 9.06 8.94 8.98 8.76 8.76 8.61 8.58 8.68 8.87 12.66 16.27 16.62 14.08 17.49 16.19 11.98 11.48 9.06 12.06 12.07 10.33 10.14 9.85 9.85 9.94 10.04 10.51 11.17 11.01 10.11 10.11 10.69 12.77 12.64 13.05 11.02 10.78 12.32 14.25 -9999 -9999 -9999 -9999 -9999 -9999
-9999 -9999 -9999 -9999 -9999 -9999 -9999 -9999 14.93 13.92 13.84 14.59 -9999 -9999 -9999 -9999 -9999 -9999 -9999 -9999 -9999 -9999 -9999 -9999 -9999 -9999 10.85 10.39 9.57 9.92 11.00 9.67 9.71 8.64 8.61 8.83 8.67 8.96 9.15 8.43 8.19 8.70 11.08 18.06 18.46 14.05 15.78 14.92 14.03 10.39 9.13 11.14 11.81 10.70 9.73 9.61 9.85 10.40 10.37 10.58 11.01 11.52 10.70 10.43 10.46 12.39 12.50 12.48 11.24 10.87 11.35 13.28 -9999 -9999 -9999 -9999 -9999 -9999
-9999 -9999 -9999 -9999 -9999 -9999 18.76 14.95 12.90 13.13 12.87 14.09 13.84 15.19 16.22 -9999 -9999 15.73 13.63 -9999 -9999 -9999 10.80 12.28 11.84 -9999 9.00 10.67 9.87 9.56 10.11 9.50 9.85 9.64 10.13 9.59 9.63 8.77 9.24 8.58 8.91 13.21 10.73 13.52 16.58 10.96 12.75 17.98 11.70 12.92 10.28 11.07 11.26 10.45 10.07 10.00 10.10 10.49 10.23 10.70 10.84 11.74 10.81 10.44 10.49 11.01 11.86 13.02 12.43 11.00 10.80 12.36 14.48 -9999 -9999 -9999 -9999 -9999
-9999 -9999 -9999 -9999 -9999 -9999 -9999 15.54 13.60 12.72 12.14 12.41 13.80 15.69 13.58 -9999 13.34 12.98 13.72 12.19 12.90 9.22 7.90 12.25 12.67 11.48 -9999 8.60 10.19 10.05 9.31 9.27 10.14 9.38 9.06 8.99 8.90 9.17 8.84 9.17 9.22 13.43 14.52 14.34 14.99 13.77 15.63 15.98 13.83 10.75 9.90 11.89 11.76 10.06 10.55 10.09 10.69 10.77 10.31 10.57 10.73 11.83 10.97 10.48 10.44 10.33 11.27 12.22 13.00 11.86 10.90 11.58 13.61 -9999 -9999 -9999 -9999 -9999
-9999 -9999 -9999 -9999 -9999 -9999 -9999 -9999 14.94 13.93 12.84 12.15 12.10 10.52 10.23 17.57 23.95 11.35 14.15 14.04 13.06 10.90 7.56 7.33 10.36 13.39 11.12 8.69 8.87 9.73 9.12 9.40 10.86 9.91 9.22 8.67 8.81 8.93 8.71 8.82 9.13 14.91 16.47 14.29 14.60 12.38 11.54 13.13 13.10 10.58 10.00 11.34 10.56 9.88 10.54 10.16 11.30 10.62 10.52 10.41 10.40 11.87 10.71 10.35 10.38 10.22 10.82 11.46 11.64 11.90 12.24 10.95 12.81 15.08 -9999 -9999 -9999 -9999
-9999 -9999 -9999 -9999 -9999 -9999 -9999 -9999 -9999 16.02 13.19 11.55 10.10 9.55 12.70 27.66 19.49 9.39 15.19 10.69 14.06 13.61 9.27 6.64 13.51 11.94 12.74 10.82 8.84 8.76 8.80 8.29 9.66 10.11 9.55 9.00 8.56 8.82 8.65 8.54 10.64 12.31 16.88 14.64 15.44 14.38 9.89 12.24 14.05 10.55 10.35 11.09 10.28 10.06 10.21 10.11 11.29 10.43 10.24 10.43 10.03 10.93 10.84 10.35 10.31 10.28 10.53 11.24 12.58 11.49 10.78 10.83 12.40 14.75 -9999 -9999 -9999 -9999
-9999 -9999 -9999 -9999 -9999 -9999 -9999 -9999 -9999 -9999 13.49 10.93 11.03 12.99 24.26 27.51 19.75 14.28 13.36 13.83 15.08 15.29 14.43 9.50 8.64 15.13 12.70 11.27 10.01 8.73 8.57 8.90 9.30 9.67 9.02 8.38 8.53 8.58 8.55 8.93 10.26 12.90 14.61 12.55 12.87 14.47 12.22 9.46 13.72 10.51 10.21 10.81 9.95 9.87 9.81 10.44 11.17 10.47 10.30 10.30 9.85 11.58 10.98 10.54 10.51 10.51 10.94 10.98 11.09 10.77 10.65 10.99 12.90 15.03 -9999 -9999 -9999 -9999
-9999 -9999 -9999 -9999 -9999 -9999 -9999 -9999 -9999 -9999 13.03 11.45 14.03 16.42 19.57 24.34 16.03 11.78 13.68 16.02 15.86 16.59 14.40 10.38 7.94 15.50 15.36 12.26 10.80 8.70 8.38 8.97 10.15 9.68 9.06 8.57 7.97 7.81 8.41 10.57 10.91 9.55 14.89 12.40 12.94 14.60 14.24 11.75 10.65 9.75 8.42 9.94 10.61 9.56 9.55 9.52 10.31 10.16 10.60 10.40 10.28 11.01 11.65 11.15 11.13 10.90 10.94 10.85 10.65 10.61 11.14 12.28 14.05 -9999 -9999 -9999 -9999 -9999
-9999 -9999 -9999 -9999 -9999 -9999 -9999 -9999 -9999 -9999 11.79 11.54 13.40 13.61 19.52 18.48 14.58 15.22 12.72 13.89 16.59 14.89 16.93 13.52 9.49 14.51 15.64 14.54 10.69 9.36 8.32 9.39 10.75 10.32 9.14 8.33 7.85 8.21 9.81 10.32 9.08 9.24 12.72 12.52 12.24 12.25 11.45 11.36 11.88 8.29 9.12 9.38 9.04 9.46 9.10 10.19 9.59 10.07 10.53 10.56 10.99 13.23 12.29 11.54 11.22 11.14 11.02 10.88 10.76 10.95 12.21 13.89 -9999 -9999 -9999 -9999 -9999 -9999
-9999 -9999 -9999 -9999 -9999 -9999 -9999 -9999 -9999 12.79 20.20 12.74 14.37 16.38 12.43 23.27 20.30 18.55 16.36 18.47 14.97 15.63 13.85 11.93 13.21 17.32 15.69 14.45 10.71 9.24 8.35 10.08 10.43 9.82 9.13 8.13 8.08 9.61 9.35 8.96 10.31 11.48 9.53 14.27 13.32 10.45 11.14 10.31 9.34 9.01 8.12 8.12 8.34 9.41 9.01 8.69 10.49 10.03 10.46 10.91 11.60 13.43 12.38 11.63 11.42 11.08 11.02 10.75 10.72 11.83 13.46 -9999 -9999 -9999 -9999 -9999 -9999 -9999
-9999 -9999 -9999 -9999 -9999 -9999 -9999 13.87 13.05 16.62 14.60 12.44 13.36 14.88 11.27 13.15 15.20 19.01 18.07 18.94 17.28 17.45 11.46 14.10 13.80 11.23 12.12 11.09 11.12 9.84 9.03 10.13 10.51 10.25 9.12 8.77 9.93 9.20 9.69 8.79 10.57 11.47 11.33 10.41 9.56 11.22 10.67 9.99 9.67 9.30 8.92 7.61 8.63 8.53 8.06 8.59 9.38 10.08 10.74 10.87 11.70 13.28 12.32 11.45 11.29 10.90 10.79 10.63 11.11 12.52 -9999 -9999 -9999 -9999 -9999 15.15 14.80 14.25
-9999 -9999 -9999 -9999 -9999 -9999 13.96 13.49 13.41 13.78 13.59 13.46 12.38 10.30 9.84 12.11 13.89 16.80 24.07 15.44 13.23 12.70 9.42 15.99 17.31 16.56 13.21 11.40 11.23 10.67 10.12 10.49 11.12 10.43 9.74 9.37 9.92 10.24 8.74 8.67 10.66 10.96 10.67 10.32 10.45 10.74 9.49 9.87 8.72 8.54 9.06 8.36 7.85 7.51 8.11 9.32 9.43 10.06 10.64 11.00 11.55 13.37 12.54 11.43 10.92 10.64 10.60 10.58 11.09 12.24 -9999 -9999 -9999 -9999 -9999 13.66 12.88 12.54
-9999 -9999 -9999 -9999 -9999 14.40 15.09 14.21 14.24 -9999 -9999 -9999 -9999 10.38 16.84 14.90 14.63 17.62 15.85 13.34 16.02 14.81 12.87 22.60 19.91 16.74 16.94 13.11 10.53 10.89 10.90 10.43 10.57 10.33 9.75 10.06 9.33 10.60 9.16 8.95 9.61 10.35 10.66 10.53 9.56 9.69 9.49 9.35 8.94 8.52 8.06 7.80 7.63 8.07 9.07 9.27 9.41 10.44 11.29 11.61 11.72 12.63 12.24 11.76 10.67 10.49 10.43 10.38 10.62 11.56 13.24 -9999 -9999 -9999 -9999 12.50 11.70 11.58
-9999 -9999 -9999 -9999 -9999 15.99 17.53 14.26 14.94 -9999 -9999 -9999 -9999 10.48 14.13 16.29 11.41 16.80 16.09 14.88 18.15 19.78 16.22 20.65 13.49 14.36 13.97 12.29 10.65 10.52 10.76 10.54 10.78 11.24 10.05 10.51 10.05 10.00 10.41 9.30 9.66 9.25 10.19 11.02 11.36 11.24 9.55 8.97 8.86 8.70 9.03 8.30 8.33 8.89 9.48 10.46 9.99 12.18 12.43 12.82 11.97 12.27 11.93 11.44 10.43 10.42 10.37 10.26 10.30 10.53 11.62 12.65 -9999 -9999 13.00 12.30 11.75 12.02
-9999 -9999 -9999 -9999 -9999 -9999 -9999 -9999 -9999 -9999 -9999 -9999 -9999 11.64 16.88 15.18 11.43 13.93 12.03 19.00 18.65 13.71 17.27 16.78 14.90 15.29 12.74 11.50 10.37 11.08 10.71 10.98 10.66 10.21 10.21 10.12 9.86 9.95 10.39 9.58 9.38 9.91 10.39 9.95 10.68 10.83 8.82 10.16 11.15 9.91 9.94 9.55 8.39 9.27 10.48 11.76 11.74 11.52 12.21 13.02 12.43 12.58 11.88 11.35 10.24 10.31 10.34 10.32 10.23 9.99 10.30 11.03 12.00 12.37 11.91 11.83 10.97 12.02
-9999 -9999 -9999 -9999 -9999 -9999 -9999 -9999 -9999 -9999 -9999 -9999 -9999 -9999 17.07 8.84 9.01 12.98 17.64 16.74 19.09 18.26 13.77 14.84 16.03 12.23 11.54 10.56 10.27 10.19 10.68 10.70 10.62 10.28 10.10 9.97 10.10 9.76 10.35 9.97 9.50 11.93 11.33 9.96 9.73 9.60 9.60 9.47 10.62 10.82 10.33 11.50 9.59 9.33 10.32 10.24 10.99 11.51 11.57 12.88 12.78 12.24 11.34 11.22 10.18 10.22 10.23 10.20 10.21 10.23 10.28 10.30 10.76 11.08 11.17 11.03 11.05 12.23
-9999 -9999 -9999 -9999 -9999 -9999 -9999 -9999 -9999 -9999 -9999 -9999 -9999 -9999 12.29 16.99 17.62 15.23 13.92 13.56 16.60 14.49 14.57 12.56 11.81 13.69 10.68 10.33 12.16 11.56 11.20 10.63 9.88 9.74 10.44 10.23 11.19 10.94 10.63 10.03 9.52 11.77 12.74 11.23 10.03 9.49 9.72 9.76 9.75 10.12 11.01 13.40 11.82 9.84 9.64 10.34 11.74 13.05 13.14 12.61 13.04 12.30 11.27 10.58 10.14 10.18 10.17 10.30 10.33 10.37 10.44 10.53 10.67 10.85 11.19 11.15 10.90 11.85
-9999 -9999 -9999 -9999 -9999 -9999 -9999 -9999 -9999 -9999 -9999 -9999 -9999 13.98 13.70 11.19 19.97 13.98 12.15 15.22 15.10 13.67 16.73 12.81 12.09 14.27 9.95 16.50 13.33 11.32 11.41 12.34 10.41 9.91 12.96 12.53 11.36 10.03 10.52 10.42 10.09 10.94 11.64 11.30 10.41 9.92 9.75 9.93 10.32 10.09 11.48 11.42 10.74 10.15 9.93 10.85 12.08 13.26 13.34 12.21 12.24 11.66 10.97 10.43 10.12 10.09 10.20 10.34 10.40 10.40 10.49 10.61 10.56 10.72 11.41 11.39 11.05 11.43
-9999 -9999 -9999 -9999 -9999 -9999 -9999 -9999 -9999 -9999 -9999 -9999 -9999 12.47 13.49 19.62 13.63 9.19 11.72 12.03 14.13 16.81 16.40 13.31 12.77 12.66 10.56 11.27 12.25 13.77 13.56 11.19 11.00 10.80 11.35 11.88 10.23 9.93 10.68 10.59 11.19 11.67 11.19 11.33 10.82 10.23 10.02 10.01 10.08 10.16 11.19 11.56 10.90 9.80 10.25 11.68 13.09 12.51 13.23 13.01 12.05 11.00 11.43 10.41 10.55 10.21 10.27 10.26 10.36 10.43 10.41 10.46 10.51 10.61 11.61 11.42 10.94 11.12
-9999 -9999 -9999 -9999 -9999 -9999 -9999 -9999 -9999 -9999 -9999 -9999 -9999 13.84 16.19 9.33 11.53 10.75 12.37 12.47 17.86 15.80 17.68 14.55 13.37 11.30 9.90 10.56 13.81 15.95 17.16 11.59 13.10 11.93 12.26 11.71 9.66 9.91 10.33 10.64 11.31 10.90 11.04 12.27 11.31 10.20 10.19 11.52 9.95 10.40 10.90 10.80 10.23 9.96 10.75 11.47 12.00 12.25 12.22 11.32 11.00 11.26 11.25 10.08 10.04 10.20 10.19 10.28 10.23 10.15 10.26 10.33 10.40 10.55 10.93 10.80 10.97 10.85
-9999 -9999 -9999 -9999 -9999 -9999 -9999 -9999 -9999 -9999 -9999 -9999 -9999 -9999 9.96 11.53 14.01 16.85 18.20 15.70 16.16 14.21 11.59 11.52 10.72 11.65 11.55 10.47 11.90 12.55 16.03 13.18 11.78 11.81 13.34 12.46 9.86 10.81 9.82 10.10 12.82 11.15 10.90 10.72 10.85 9.97 10.03 11.85 11.06 10.30 10.92 10.55 10.26 10.65 11.64 11.36 11.35 10.97 11.63 10.64 11.69 11.49 10.30 10.06 10.62 10.41 10.06 10.09 10.00 10.02 10.13 10.21 10.30 10.34 10.39 10.46 10.67 10.65
-9999 -9999 -9999 -9999 -9999 -9999 -9999 -9999 -9999 -9999 -9999 -9999 -9999 -9999 11.11 12.32 13.97 16.79 20.40 18.91 15.07 12.13 10.71 12.38 14.60 16.60 18.23 14.48 11.94 12.51 13.74 12.73 10.45 14.22 13.32 12.67 10.87 11.57 10.18 9.89 11.02 12.65 12.06 11.15 10.45 9.90 10.27 11.35 10.94 10.45 10.54 11.00 11.22 11.50 12.16 11.47 11.06 12.28 12.22 11.95 11.54 11.58 10.44 10.75 11.24 10.15 9.97 9.99 9.93 10.00 10.02 10.06 10.11 10.14 10.18 10.10 9.95 9.82
-9999 -9999 -9999 -9999 -9999 -9999 -9999 -9999 -9999 -9999 -9999 -9999 -9999 12.37 10.05 11.18 14.37 16.48 16.19 15.83 13.19 13.98 19.07 15.86 16.05 16.13 13.84 12.72 13.44 13.72 11.95 10.87 11.42 13.65 13.49 12.56 10.90 11.83 9.77 9.82 11.69 11.26 11.66 11.59 10.70 9.98 10.25 11.28 11.02 10.19 10.55 10.60 10.57 11.54 11.29 12.40 11.63 12.38 11.58 11.77 11.80 10.79 10.52 11.38 11.18 10.02 9.88 10.19 9.92 10.04 10.03 10.14 10.08 9.97 9.92 9.67 9.95 10.26
-9999 -9999 -9999 -9999 -9999 -9999 -9999 -9999 -9999 -9999 -9999 -9999 -9999 14.99 12.41 10.88 11.08 14.21 18.93 18.14 16.15 14.01 14.95 16.53 17.91 18.26 13.85 15.79 16.74 12.19 14.51 10.03 10.79 13.03 15.02 11.42 11.84 10.25 9.16 9.49 10.49 13.68 11.98 11.81 11.13 10.64 10.70 10.98 10.63 10.11 10.33 10.29 10.32 10.42 11.84 12.35 12.22 12.89 11.81 11.22 11.16 10.73 11.12 11.57 11.14 10.46 10.73 10.44 10.65 10.19 10.14 10.33 10.28 9.92 9.71 9.47 9.44 10.30
-9999 -9999 -9999 -9999 -9999 -9999 -9999 -9999 -9999 -9999 -9999 -9999 -9999 13.38 11.73 8.04 9.97 13.90 19.14 17.24 17.25 14.19 16.11 15.51 14.18 15.47 15.83 15.10 13.21 11.55 12.07 14.71 11.03 11.40 11.58 11.63 12.96 11.10 9.26 9.48 10.46 11.09 11.05 11.97 11.36 10.95 11.11 10.34 9.78 10.39 10.66 10.85 10.33 11.04 12.37 12.34 11.36 11.59 12.48 11.36 11.70 10.70 11.66 11.78 10.82 10.57 10.73 10.12 10.30 10.14 10.09 10.11 9.90 9.76 9.71 9.57 9.91 9.41
-9999 -9999 -9999 -9999 -9999 -9999 -9999 -9999 -9999 -9999 -9999 -9999 12.81 13.41 14.88 11.81 10.09 14.80 16.82 19.33 18.99 12.98 13.25 12.41 14.23 16.23 13.90 13.40 15.17 13.15 12.22 11.72 10.84 10.46 10.76 11.65 11.37 10.74 10.23 9.66 9.63 10.58 11.10 10.42 10.89 10.60 11.21 10.28 10.23 10.39 9.97 10.01 10.48 11.77 11.67 11.70 10.93 11.85 12.04 11.61 10.76 11.59 11.67 11.76 11.77 11.13 10.62 10.45 10.19 10.18 10.10 9.90 9.71 9.55 9.51 9.62 9.95 9.89
-9999 -9999 -9999 -9999 -9999 -9999 -9999 -9999 -9999 -9999 -9999 15.08 14.05 14.18 11.72 9.90 13.53 17.32 18.53 16.54 18.14 13.57 14.79 13.07 12.92 20.09 14.69 14.96 12.46 12.55 11.06 10.67 10.98 12.32 11.31 13.30 11.31 11.42 9.76 9.50 9.73 10.22 10.76 10.34 10.50 10.86 10.99 9.59 10.22 10.20 10.35 10.57 11.06 11.82 11.10 11.87 11.28 11.60 10.81 10.64 11.86 12.21 11.64 11.80 11.53 10.53 10.96 10.95 10.75 10.49 10.01 9.66 9.35 9.60 9.62 10.26 10.48 10.65
-9999 -9999 -9999 -9999 -9999 -9999 -9999 -9999 -9999 17.40 15.43 13.51 11.00 10.33 10.54 10.97 14.90 16.73 18.95 20.47 18.14 15.50 11.32 14.12 13.63 18.12 14.65 13.27 13.11 11.54 11.20 9.92 10.88 12.99 12.39 12.60 10.42 10.43 9.86 9.82 10.50 10.24 10.79 10.01 10.20 10.56 9.81 9.60 9.99 11.01 10.75 11.57 12.41 11.98 11.42 10.86 10.56 11.37 11.89 11.52 11.97 11.01 11.70 11.80 11.03 10.16 10.21 11.09 10.79 10.67 9.70 9.33 9.08 9.41 10.53 10.88 10.54 11.32
-9999 -9999 -9999 -9999 -9999 17.01 15.65 14.10 17.37 17.15 16.90 16.37 13.18 11.96 10.85 16.23 14.87 17.38 18.24 17.97 14.68 13.22 10.88 12.34 12.18 19.30 17.36 14.77 12.07 12.13 11.35 12.95 10.01 12.11 12.61 12.13 11.44 10.36 9.50 10.49 10.06 9.67 11.01 9.92 10.03 9.71 9.89 10.30 11.05 10.36 11.17 10.75 11.38 12.42 12.20 11.84 11.44 11.90 11.90 11.50 11.21 12.03 10.92 10.83 10.55 10.08 10.79 11.01 11.01 10.18 9.47 9.42 9.57 10.76 10.94 10.44 11.13 10.17
-9999 -9999 -9999 -9999 18.11 15.54 15.83 14.68 14.01 15.80 14.97 15.25 12.75 10.82 14.21 15.32 16.07 12.48 18.79 14.95 12.34 17.54 13.99 10.45 17.99 16.11 15.42 11.13 10.49 10.95 14.25 10.99 10.33 10.44 10.75 12.40 12.08 11.68 9.95 10.14 9.64 9.71 10.63 10.26 10.05 9.96 10.07 10.69 10.69 12.74 10.70 10.39 11.03 11.99 11.34 11.25 10.76 10.96 11.53 11.27 12.04 11.39 10.72 10.73 10.85 10.20 10.47 10.58 10.03 9.73 9.54 9.54 9.67 10.27 11.17 11.07 11.04 10.48
-9999 -9999 -9999 17.85 17.17 13.70 13.10 13.21 14.40 13.73 14.04 12.86 13.26 17.62 14.23 12.81 16.60 10.60 13.99 13.91 17.31 16.47 17.17 14.75 14.48 13.41 11.15 15.94 14.86 10.74 11.19 10.72 10.29 10.80 10.21 10.37 12.21 12.33 9.66 9.26 9.38 10.12 9.60 9.38 10.08 12.61 10.33 10.20 11.05 11.95 11.08 10.47 11.22 11.86 11.78 12.27 11.58 10.82 10.71 10.64 11.77 11.35 10.60 11.40 11.14 10.33 10.42 10.28 9.94 10.05 10.03 9.94 10.18 10.37 11.16 10.39 10.14 10.38
16.40 14.27 16.48 14.06 13.97 14.66 13.49 13.09 15.43 13.92 13.63 13.64 16.49 15.69 13.56 14.62 13.95 11.94 12.31 16.00 16.40 14.64 14.87 16.64 12.82 9.74 16.12 17.53 13.99 13.65 10.96 11.31 10.22 10.57 12.75 10.58 12.88 10.79 9.47 9.04 9.45 11.50 9.11 9.64 14.05 11.10 10.39 10.47 11.37 12.36 10.77 10.76 11.18 10.89 11.48 11.48 10.92 10.59 10.99 10.54 10.97 11.36 11.27 10.79 10.37 9.94 9.80 10.28 11.65 10.81 11.64 10.86 9.75 11.12 10.87 10.95 10.49 10.17
12.03 11.64 15.09 18.78 17.74 17.29 13.86 15.09 16.99 15.41 14.67 16.97 14.83 13.99 16.46 13.17 10.65 11.95 12.96 15.97 15.84 15.54 14.87 13.41 10.55 12.68 23.35 18.92 14.41 11.40 11.96 11.25 12.78 10.92 11.66 10.68 10.48 10.19 9.94 9.20 9.04 9.41 9.08 12.97 13.66 12.57 10.87 10.36 13.39 11.80 10.86 10.97 10.55 11.34 11.26 10.97 10.20 11.39 10.98 10.28 11.99 11.77 10.64 10.40 10.20 9.86 10.26 11.25 11.60 11.27 11.70 10.83 10.35 11.19 10.99 10.29 10.54 10.28
