ML/MeanWindSpeed_2000-01_Actual.txt
ncols         180
nrows         290
xllcorner     -200000
yllcorner     -200000
cellsize      5000
NODATA_value  -9999
[rows 136 to 169 of 290, columns 78 to 155 of 180]
-9999 14.84 12.48 10.49 13.86 12.21 13.76 11.61 10.28 8.53 8.67 10.75 16.16 13.05 11.86 9.59 9.54 9.58 9.17 9.91 10.81 8.83 10.30 9.22 9.57 9.41 9.56 9.42 9.06 8.42 8.50 9.25 8.17 7.10 8.48 9.29 9.63 10.63 10.56 7.02 8.67 12.24 11.65 10.28 10.60 10.32 10.91 10.39 11.45 12.77 -9999 -9999 -9999 -9999 -9999 -9999 -9999 -9999 -9999 -9999 -9999 -9999 -9999 -9999 -9999 -9999 -9999 -9999 -9999 -9999 -9999 -9999 -9999 -9999 -9999 -9999 -9999 -9999
-9999 15.24 13.01 9.57 13.15 10.91 12.10 11.06 10.29 9.78 8.14 12.70 12.62 11.96 14.17 10.58 9.49 9.12 7.59 10.54 15.75 11.27 -9999 -9999 -9999 9.70 9.43 -9999 8.57 8.55 8.59 7.70 6.71 7.75 9.36 8.23 8.49 10.14 9.60 11.13 10.86 8.65 7.99 8.89 9.82 10.71 8.72 9.89 10.53 12.33 -9999 -9999 -9999 -9999 -9999 -9999 -9999 -9999 -9999 -9999 -9999 -9999 -9999 -9999 -9999 -9999 -9999 -9999 -9999 -9999 -9999 -9999 -9999 -9999 -9999 -9999 -9999 -9999
-9999 13.73 15.75 11.36 11.19 11.75 12.74 12.10 11.04 9.81 8.66 10.25 17.00 13.10 13.70 10.22 9.91 11.99 8.75 10.48 12.01 12.14 -9999 -9999 -9999 9.70 8.75 8.74 8.77 8.10 7.46 5.86 7.22 10.59 10.75 8.43 12.32 8.72 8.65 11.90 9.07 10.29 10.93 11.35 9.34 11.08 12.84 11.19 10.30 11.89 -9999 -9999 -9999 -9999 -9999 -9999 -9999 -9999 -9999 -9999 -9999 -9999 -9999 -9999 -9999 -9999 -9999 -9999 -9999 -9999 -9999 -9999 -9999 -9999 -9999 -9999 -9999 -9999
-9999 -9999 14.99 14.63 12.28 -9999 13.48 13.47 12.02 10.88 9.84 -9999 13.12 11.43 12.34 9.82 11.58 12.70 11.43 12.09 -9999 -9999 -9999 -9999 10.81 8.77 7.86 7.69 8.48 8.61 7.24 5.96 6.00 11.24 15.67 7.52 13.50 9.11 11.29 13.03 10.33 12.56 10.97 9.66 12.25 13.07 11.71 9.28 10.28 12.77 12.85 -9999 -9999 -9999 -9999 -9999 -9999 -9999 -9999 -9999 -9999 -9999 -9999 -9999 -9999 -9999 -9999 -9999 -9999 -9999 -9999 -9999 -9999 -9999 -9999 -9999 -9999 -9999
-9999 -9999 -9999 15.12 -9999 -9999 -9999 13.16 13.39 11.75 11.60 12.80 -9999 -9999 13.39 11.31 14.45 15.89 -9999 -9999 -9999 -9999 -9999 11.76 10.30 7.46 7.58 7.22 8.15 8.06 8.79 8.44 5.50 8.98 13.04 14.29 10.79 12.98 14.16 14.91 12.12 13.54 14.51 13.64 11.66 12.19 12.71 9.33 10.38 12.94 14.09 -9999 -9999 -9999 -9999 -9999 -9999 -9999 -9999 -9999 -9999 -9999 -9999 -9999 -9999 -9999 -9999 -9999 -9999 -9999 -9999 -9999 -9999 -9999 -9999 -9999 -9999 -9999
-9999 -9999 -9999 14.98 14.64 -9999 -9999 -9999 13.16 13.92 13.45 13.84 -9999 -9999 -9999 -9999 14.26 -9999 -9999 -9999 -9999 -9999 -9999 10.06 8.85 7.57 8.37 9.49 9.63 8.83 9.14 8.28 6.73 7.41 12.11 13.52 8.94 15.71 15.13 16.73 12.89 13.59 16.30 13.96 12.69 12.51 10.55 8.78 10.40 12.82 13.64 -9999 -9999 -9999 -9999 -9999 -9999 -9999 -9999 -9999 -9999 -9999 -9999 -9999 -9999 -9999 -9999 -9999 -9999 -9999 -9999 -9999 -9999 -9999 -9999 -9999 -9999 -9999
-9999 -9999 -9999 -9999 16.31 -9999 -9999 -9999 -9999 13.66 14.92 14.45 -9999 -9999 -9999 -9999 -9999 -9999 -9999 -9999 -9999 -9999 11.02 9.54 9.46 9.03 9.24 11.36 11.20 10.40 10.40 9.55 8.60 6.60 8.99 16.66 16.63 16.13 15.77 12.84 11.92 12.88 11.48 9.87 13.40 14.01 10.19 9.38 11.01 12.53 13.11 13.49 -9999 -9999 -9999 -9999 -9999 -9999 -9999 -9999 -9999 -9999 -9999 -9999 -9999 -9999 -9999 -9999 -9999 -9999 -9999 -9999 -9999 -9999 -9999 -9999 -9999 -9999
-9999 -9999 -9999 -9999 17.70 -9999 -9999 -9999 -9999 -9999 -9999 -9999 -9999 -9999 -9999 -9999 -9999 -9999 -9999 -9999 -9999 -9999 10.92 8.80 7.44 5.96 5.51 15.49 12.43 10.91 13.27 9.88 10.85 5.06 5.82 13.92 19.04 14.76 12.28 17.45 20.21 18.73 16.21 14.93 10.57 11.55 11.24 12.23 11.42 11.46 12.57 13.12 13.49 -9999 -9999 -9999 -9999 -9999 -9999 -9999 -9999 -9999 -9999 -9999 -9999 -9999 -9999 -9999 -9999 -9999 -9999 -9999 -9999 -9999 -9999 -9999 -9999 -9999
-9999 -9999 -9999 -9999 -9999 -9999 -9999 -9999 -9999 -9999 -9999 -9999 -9999 -9999 -9999 -9999 -9999 -9999 -9999 -9999 -9999 11.11 9.73 7.71 6.58 10.44 5.19 21.45 20.11 10.36 11.39 9.89 8.80 8.50 5.00 7.61 19.20 18.28 15.50 13.51 12.51 15.91 15.85 14.90 12.81 11.71 11.42 10.96 10.79 11.54 11.00 10.88 11.84 -9999 -9999 -9999 -9999 -9999 -9999 -9999 -9999 -9999 -9999 -9999 -9999 -9999 -9999 -9999 -9999 -9999 -9999 -9999 -9999 -9999 -9999 -9999 -9999 -9999
-9999 -9999 -9999 -9999 -9999 -9999 -9999 -9999 -9999 -9999 -9999 -9999 -9999 -9999 -9999 -9999 -9999 -9999 -9999 -9999 -9999 9.43 9.93 6.19 9.22 19.31 9.96 6.66 14.16 14.64 11.26 10.30 9.37 8.53 6.47 6.47 9.30 20.18 16.98 15.57 13.14 13.32 13.72 11.74 11.59 11.74 12.87 10.98 11.81 10.59 10.30 9.55 9.91 10.89 11.76 12.18 -9999 -9999 -9999 -9999 -9999 -9999 -9999 -9999 -9999 -9999 -9999 -9999 -9999 -9999 -9999 -9999 -9999 -9999 -9999 -9999 -9999 -9999
-9999 -9999 -9999 -9999 -9999 -9999 -9999 -9999 -9999 -9999 -9999 -9999 -9999 -9999 -9999 -9999 -9999 -9999 -9999 -9999 -9999 9.19 8.43 7.69 12.75 8.45 7.93 10.21 16.03 11.31 9.35 13.63 7.14 10.12 8.23 7.42 7.44 11.64 14.45 14.32 13.64 13.32 11.12 11.43 10.88 10.40 10.25 10.61 10.33 10.35 9.13 8.46 8.39 12.19 10.39 12.01 13.39 13.39 -9999 -9999 -9999 -9999 -9999 -9999 -9999 -9999 -9999 -9999 -9999 -9999 -9999 -9999 -9999 -9999 -9999 -9999 -9999 -9999
-9999 -9999 -9999 -9999 -9999 -9999 -9999 -9999 -9999 -9999 -9999 -9999 -9999 -9999 -9999 -9999 -9999 -9999 -9999 -9999 -9999 9.19 8.10 9.43 16.67 18.80 12.95 8.25 10.58 11.52 14.68 8.70 12.99 10.58 9.38 9.53 8.72 6.76 8.02 13.82 13.42 12.72 12.15 11.26 10.80 10.93 10.84 10.08 10.19 9.63 8.56 8.55 8.13 9.17 12.58 12.04 12.43 14.30 14.45 12.37 -9999 -9999 -9999 -9999 -9999 -9999 -9999 -9999 -9999 -9999 -9999 -9999 -9999 -9999 -9999 -9999 -9999 -9999
-9999 -9999 -9999 -9999 -9999 -9999 -9999 -9999 -9999 -9999 -9999 -9999 -9999 -9999 -9999 -9999 -9999 -9999 -9999 -9999 -9999 10.14 8.13 10.77 12.76 7.81 23.43 19.04 10.17 12.82 9.62 14.90 15.66 10.62 8.44 8.95 8.52 5.89 15.82 14.50 14.44 15.57 16.31 15.40 11.30 12.78 11.11 10.45 10.21 9.75 9.20 8.34 7.10 8.11 11.51 10.25 9.82 10.85 12.77 11.07 14.82 -9999 -9999 -9999 -9999 -9999 -9999 -9999 -9999 -9999 -9999 -9999 -9999 -9999 -9999 -9999 -9999 -9999
-9999 -9999 -9999 -9999 -9999 -9999 -9999 -9999 -9999 13.12 13.60 14.55 -9999 -9999 -9999 -9999 -9999 -9999 -9999 -9999 -9999 -9999 10.46 8.90 7.22 10.27 13.84 18.07 10.12 6.54 12.94 12.34 10.75 8.67 10.79 10.41 7.75 8.55 12.53 13.55 18.69 17.42 14.77 14.18 15.03 13.03 11.32 10.62 10.03 9.71 8.51 7.46 12.58 11.42 15.63 16.35 14.86 13.22 9.88 13.70 14.54 13.40 -9999 -9999 -9999 -9999 -9999 -9999 -9999 -9999 -9999 -9999 -9999 -9999 -9999 -9999 -9999 -9999
-9999 -9999 -9999 -9999 -9999 -9999 -9999 -9999 -9999 11.07 11.40 -9999 -9999 -9999 -9999 -9999 -9999 -9999 -9999 -9999 -9999 -9999 -9999 8.82 5.66 11.24 12.82 22.72 11.82 11.94 11.26 8.47 7.00 6.90 6.24 16.12 8.01 9.44 16.39 13.76 10.66 10.29 16.34 11.53 15.27 12.71 11.09 10.20 9.82 8.79 8.99 11.70 12.90 12.04 11.73 11.08 12.51 13.61 12.95 13.53 13.45 16.18 -9999 -9999 -9999 -9999 -9999 -9999 -9999 -9999 -9999 -9999 -9999 -9999 -9999 -9999 -9999 -9999
-9999 -9999 -9999 -9999 -9999 -9999 -9999 -9999 10.26 13.95 13.96 13.50 -9999 -9999 -9999 -9999 -9999 -9999 -9999 -9999 -9999 -9999 -9999 8.86 11.27 12.57 13.90 11.12 12.48 9.81 9.32 7.95 7.04 9.02 6.77 4.80 16.08 10.94 10.35 15.24 13.17 17.14 13.61 14.23 12.48 11.96 11.16 10.86 9.67 8.52 9.83 11.68 10.71 12.14 13.57 12.84 13.30 12.67 13.01 13.63 11.94 15.66 14.16 -9999 -9999 -9999 -9999 -9999 -9999 -9999 -9999 -9999 -9999 -9999 -9999 -9999 -9999 -9999
-9999 -9999 -9999 -9999 -9999 -9999 -9999 8.76 13.88 16.51 21.15 13.49 -9999 -9999 -9999 -9999 -9999 -9999 -9999 -9999 -9999 -9999 -9999 10.59 16.54 13.08 8.32 10.43 9.42 10.16 7.83 6.63 7.53 8.81 5.81 13.53 9.90 14.54 11.10 17.38 10.66 12.66 10.39 13.40 11.50 11.89 11.90 10.30 9.94 8.57 8.52 12.93 13.79 13.41 12.03 12.12 11.54 11.29 11.65 13.95 14.01 13.43 14.34 -9999 -9999 -9999 -9999 -9999 -9999 -9999 -9999 -9999 -9999 -9999 -9999 -9999 -9999 -9999
-9999 -9999 -9999 -9999 -9999 -9999 11.63 10.23 19.13 15.99 15.64 -9999 -9999 -9999 -9999 -9999 -9999 -9999 -9999 -9999 -9999 -9999 -9999 -9999 11.58 9.04 8.25 11.26 8.18 10.97 8.38 7.27 6.77 7.22 5.26 13.26 13.25 15.00 14.25 15.67 15.91 15.95 14.35 13.86 14.23 13.45 10.84 10.31 9.90 8.83 8.45 9.84 15.96 14.39 11.11 10.25 10.21 9.72 9.89 10.12 10.36 10.03 11.29 13.42 14.60 -9999 -9999 -9999 -9999 -9999 -9999 -9999 -9999 -9999 -9999 -9999 -9999 -9999
-9999 -9999 -9999 -9999 -9999 -9999 15.25 17.28 13.03 13.97 14.48 -9999 -9999 -9999 -9999 -9999 -9999 -9999 -9999 -9999 -9999 -9999 -9999 -9999 -9999 9.83 10.36 9.64 8.57 10.29 9.21 8.84 8.03 8.41 5.37 13.48 12.44 11.42 14.64 12.97 12.07 17.82 17.74 13.25 15.58 13.94 13.00 10.35 9.63 9.30 8.83 9.24 10.81 11.36 10.40 10.17 9.91 9.78 9.34 9.32 9.39 9.60 13.41 13.98 13.84 -9999 -9999 -9999 -9999 -9999 -9999 -9999 -9999 -9999 -9999 -9999 -9999 -9999
-9999 -9999 -9999 -9999 -9999 -9999 16.62 15.05 16.00 14.83 -9999 -9999 -9999 -9999 -9999 -9999 -9999 -9999 -9999 -9999 -9999 -9999 -9999 -9999 -9999 11.05 11.22 10.74 -9999 10.63 -9999 9.45 8.13 6.98 5.37 6.26 13.09 11.94 13.00 17.58 8.70 10.44 17.92 15.42 14.64 14.23 12.45 10.49 9.81 9.55 9.01 9.17 9.77 10.93 12.07 10.50 11.06 9.51 8.46 9.92 11.65 11.27 10.71 10.96 13.44 16.03 16.96 -9999 -9999 -9999 -9999 -9999 -9999 -9999 -9999 -9999 -9999 -9999
-9999 -9999 -9999 -9999 -9999 16.33 15.33 14.99 -9999 -9999 -9999 -9999 -9999 -9999 -9999 -9999 -9999 -9999 -9999 -9999 -9999 -9999 -9999 -9999 -9999 12.52 11.57 10.66 -9999 -9999 -9999 9.20 9.76 5.62 6.76 9.05 7.69 7.36 10.29 16.19 15.83 9.25 15.18 17.35 13.59 15.11 13.39 11.61 9.17 9.33 9.06 9.19 9.54 10.01 10.37 10.16 10.42 8.60 9.33 11.04 12.46 13.18 13.14 12.13 12.17 13.79 15.56 -9999 -9999 -9999 -9999 -9999 -9999 -9999 -9999 -9999 -9999 -9999
-9999 -9999 -9999 -9999 -9999 -9999 -9999 -9999 -9999 -9999 -9999 -9999 -9999 -9999 -9999 -9999 -9999 -9999 -9999 -9999 -9999 -9999 -9999 -9999 -9999 -9999 -9999 -9999 -9999 -9999 10.22 7.53 7.06 9.02 10.39 11.88 12.10 10.05 11.13 15.18 14.65 11.99 9.78 14.18 15.85 13.74 12.28 10.92 9.85 9.62 9.87 9.32 9.29 9.56 9.58 9.28 8.42 9.67 13.35 11.72 12.95 12.22 12.41 11.30 12.28 13.67 -9999 -9999 -9999 -9999 -9999 -9999 -9999 -9999 -9999 -9999 -9999 -9999
-9999 -9999 -9999 -9999 -9999 -9999 -9999 -9999 -9999 -9999 -9999 -9999 -9999 -9999 -9999 -9999 -9999 -9999 -9999 -9999 -9999 -9999 -9999 -9999 -9999 -9999 -9999 -9999 -9999 -9999 9.41 7.14 8.54 11.90 15.67 14.45 10.77 12.32 9.44 10.41 9.49 11.60 12.47 13.94 14.22 13.69 12.03 11.21 10.55 9.63 9.91 9.22 9.22 9.36 9.52 9.24 8.31 9.29 14.77 14.14 12.10 11.74 11.48 11.13 12.14 13.86 -9999 -9999 -9999 -9999 -9999 -9999 -9999 -9999 -9999 -9999 -9999 -9999
-9999 -9999 -9999 -9999 -9999 -9999 -9999 -9999 -9999 -9999 -9999 -9999 -9999 -9999 -9999 -9999 -9999 -9999 -9999 -9999 -9999 -9999 -9999 -9999 -9999 -9999 -9999 -9999 -9999 -9999 8.62 6.58 7.25 11.58 13.37 12.95 11.85 10.98 9.96 10.92 9.25 9.13 10.25 8.64 13.99 12.00 13.22 11.51 11.02 9.46 9.20 9.31 9.24 9.35 9.36 9.31 8.90 9.01 12.27 13.66 12.51 11.66 11.52 11.13 11.89 13.28 -9999 -9999 -9999 -9999 -9999 -9999 -9999 -9999 -9999 -9999 -9999 -9999
-9999 -9999 -9999 -9999 -9999 -9999 -9999 -9999 -9999 -9999 -9999 -9999 -9999 -9999 -9999 -9999 -9999 -9999 -9999 -9999 -9999 -9999 -9999 -9999 -9999 -9999 -9999 -9999 12.35 10.35 7.85 6.33 10.21 13.19 17.02 12.79 14.48 8.10 9.38 9.38 10.66 11.56 11.32 14.00 9.92 10.15 10.10 9.96 9.33 10.31 9.16 9.09 9.51 9.19 9.25 9.47 9.24 9.42 10.46 13.06 12.33 11.39 11.20 11.12 11.36 12.38 13.90 -9999 -9999 -9999 -9999 -9999 -9999 -9999 -9999 -9999 -9999 -9999
-9999 -9999 -9999 -9999 -9999 -9999 -9999 -9999 -9999 -9999 -9999 -9999 -9999 -9999 -9999 -9999 -9999 -9999 -9999 -9999 -9999 -9999 -9999 -9999 -9999 -9999 -9999 -9999 11.47 9.37 7.93 7.15 8.12 12.49 9.98 9.31 7.01 9.01 12.64 9.48 11.54 10.93 12.65 8.61 13.67 10.97 12.43 11.88 11.78 10.17 9.59 9.18 9.04 9.04 9.23 9.36 9.49 9.47 9.86 11.09 12.69 11.80 11.14 11.18 10.93 11.42 13.14 -9999 -9999 -9999 -9999 -9999 -9999 -9999 -9999 -9999 -9999 -9999
-9999 -9999 -9999 -9999 -9999 -9999 -9999 -9999 -9999 -9999 -9999 -9999 -9999 -9999 -9999 -9999 -9999 -9999 -9999 -9999 -9999 -9999 -9999 -9999 -9999 -9999 -9999 -9999 11.47 9.24 8.40 7.85 8.54 9.85 10.09 8.37 7.11 8.83 9.08 8.25 10.79 13.99 11.13 10.69 9.12 11.32 9.17 9.89 10.71 11.13 9.97 9.57 9.01 8.98 9.21 9.37 9.53 9.61 9.62 10.40 12.22 13.08 11.66 11.02 10.74 10.71 11.89 13.58 -9999 -9999 -9999 -9999 -9999 -9999 -9999 -9999 -9999 -9999
-9999 -9999 -9999 -9999 -9999 -9999 -9999 -9999 -9999 -9999 -9999 -9999 -9999 -9999 -9999 -9999 -9999 -9999 -9999 -9999 -9999 -9999 -9999 -9999 -9999 -9999 -9999 -9999 11.09 9.40 8.83 8.73 8.58 8.46 8.08 8.69 9.73 6.93 6.95 8.18 13.95 14.20 15.46 13.80 11.39 11.01 11.59 9.74 8.97 10.34 10.81 9.47 8.97 9.05 9.03 9.31 9.61 9.88 9.78 10.12 12.58 14.10 12.48 11.68 11.31 10.65 10.87 12.46 14.06 -9999 -9999 -9999 -9999 -9999 -9999 -9999 -9999 -9999
-9999 -9999 -9999 -9999 -9999 -9999 -9999 -9999 -9999 -9999 -9999 -9999 -9999 -9999 -9999 -9999 -9999 -9999 -9999 -9999 -9999 -9999 -9999 -9999 -9999 -9999 -9999 -9999 11.10 9.18 8.68 8.34 7.84 7.20 7.74 6.98 8.24 9.18 11.49 13.35 14.96 11.83 13.94 12.10 11.88 10.05 11.70 10.95 9.95 9.16 8.96 9.13 8.88 9.05 9.21 9.50 9.74 10.12 10.37 10.65 11.62 13.06 12.51 11.79 11.66 11.43 11.07 11.25 13.02 -9999 -9999 -9999 -9999 -9999 -9999 -9999 -9999 -9999
-9999 -9999 -9999 -9999 -9999 -9999 -9999 -9999 -9999 -9999 -9999 -9999 -9999 -9999 -9999 -9999 -9999 -9999 -9999 -9999 -9999 -9999 -9999 -9999 -9999 -9999 -9999 -9999 -9999 9.17 8.68 8.00 6.95 7.31 9.46 9.56 10.52 9.16 9.11 12.04 12.27 14.07 13.06 10.64 8.71 9.35 9.19 10.66 9.57 9.23 9.97 9.59 8.85 9.23 9.25 9.53 9.66 9.95 10.42 10.84 11.43 11.57 11.72 11.78 11.96 -9999 11.74 12.12 13.18 15.06 -9999 -9999 -9999 -9999 -9999 -9999 -9999 -9999
-9999 -9999 -9999 -9999 -9999 -9999 -9999 -9999 -9999 -9999 -9999 -9999 -9999 -9999 -9999 -9999 -9999 -9999 -9999 -9999 -9999 -9999 -9999 -9999 -9999 -9999 -9999 -9999 10.75 8.99 8.37 7.36 6.35 6.42 11.50 12.44 10.08 13.53 13.19 10.84 10.51 15.51 13.26 13.60 10.40 8.23 10.71 9.13 8.39 9.23 9.50 9.06 9.27 9.06 9.17 9.34 9.64 9.59 9.83 11.75 11.02 10.56 12.21 11.31 11.42 11.54 -9999 12.89 13.85 15.35 16.51 -9999 -9999 -9999 -9999 -9999 -9999 -9999
-9999 -9999 -9999 -9999 -9999 -9999 -9999 -9999 -9999 -9999 -9999 -9999 -9999 -9999 -9999 -9999 -9999 -9999 -9999 -9999 -9999 -9999 -9999 -9999 -9999 -9999 -9999 -9999 10.36 8.58 8.02 7.24 8.73 7.64 9.49 13.30 9.67 10.13 10.56 8.12 7.89 12.55 11.90 11.69 7.98 10.40 11.74 9.15 10.38 9.45 10.20 9.92 9.40 8.97 9.03 9.16 9.29 9.18 9.18 9.65 10.27 9.33 9.89 10.74 10.14 11.11 11.80 -9999 -9999 -9999 -9999 -9999 -9999 -9999 -9999 -9999 -9999 -9999
-9999 -9999 -9999 -9999 -9999 -9999 -9999 -9999 -9999 -9999 -9999 -9999 -9999 -9999 -9999 -9999 -9999 -9999 -9999 -9999 -9999 -9999 -9999 -9999 -9999 -9999 -9999 12.21 9.50 8.20 8.95 8.39 8.50 8.08 9.77 10.35 9.51 9.00 8.38 7.89 7.96 11.32 14.47 14.40 9.23 12.50 12.06 9.36 9.78 8.73 9.60 9.98 9.22 8.75 9.14 9.14 9.13 9.26 9.03 9.39 9.64 9.45 9.37 11.08 10.37 10.35 10.80 12.29 13.86 -9999 -9999 -9999 -9999 -9999 -9999 -9999 -9999 -9999
-9999 -9999 -9999 -9999 -9999 -9999 -9999 -9999 -9999 -9999 -9999 -9999 -9999 -9999 -9999 -9999 -9999 -9999 -9999 -9999 -9999 -9999 -9999 -9999 -9999 -9999 -9999 -9999 9.71 8.25 8.14 8.65 10.92 8.44 8.33 8.37 8.66 8.81 7.99 7.37 6.87 7.37 12.21 13.64 14.92 12.09 12.76 11.65 10.45 10.88 8.46 8.62 9.67 8.77 8.92 8.88 8.90 9.18 8.99 9.17 9.65 9.18 8.70 8.98 11.80 10.54 10.18 10.72 11.92 13.41 15.01 -9999 -9999 -9999 -9999 -9999 -9999 -9999
