ML/MeanWindSpeed_1998-10_Actual.txt
ncols         180
nrows         290
xllcorner     -200000
yllcorner     -200000
cellsize      5000
NODATA_value  -9999
[rows 105 to 139 of 290, columns 77 to 153 of 180]
11.66 9.65 13.13 8.47 5.75 9.09 13.87 13.35 11.42 10.47 12.25 17.40 11.58 14.07 8.47 11.47 16.37 11.64 9.29 10.19 12.21 10.80 9.81 10.12 10.03 8.79 10.43 10.11 10.29 12.74 11.72 11.64 11.82 -9999 -9999 -9999 -9999 -9999 -9999 -9999 -9999 -9999 -9999 -9999 -9999 -9999 -9999 -9999 -9999 -9999 -9999 -9999 -9999 -9999 -9999 -9999 -9999 -9999 -9999 -9999 -9999 -9999 -9999 -9999 -9999 -9999 -9999 -9999 -9999 -9999 -9999 -9999 -9999 -9999 -9999 -9999 -9999
11.07 11.95 9.60 10.82 16.02 14.70 16.90 9.31 14.42 7.69 17.03 9.60 19.79 10.30 13.82 21.68 14.31 11.02 14.18 13.30 9.68 8.72 7.33 7.07 8.88 8.33 8.34 10.02 10.75 10.54 10.36 8.97 10.75 12.50 -9999 -9999 -9999 -9999 -9999 -9999 -9999 -9999 -9999 -9999 -9999 -9999 -9999 -9999 -9999 -9999 -9999 -9999 -9999 -9999 -9999 -9999 -9999 -9999 -9999 -9999 -9999 -9999 -9999 -9999 -9999 -9999 -9999 -9999 -9999 -9999 -9999 -9999 -9999 -9999 -9999 -9999 -9999
12.63 12.61 6.79 14.71 11.30 6.25 11.61 16.67 16.28 7.83 17.08 15.12 16.36 12.74 17.60 14.80 16.48 19.81 15.21 12.67 9.62 8.08 8.86 11.00 11.86 13.60 12.73 10.52 9.42 8.88 11.57 10.17 12.78 13.32 15.35 -9999 -9999 -9999 -9999 -9999 -9999 -9999 -9999 -9999 -9999 -9999 -9999 -9999 -9999 -9999 -9999 -9999 -9999 -9999 -9999 -9999 -9999 -9999 -9999 -9999 -9999 -9999 -9999 -9999 -9999 -9999 -9999 -9999 -9999 -9999 -9999 -9999 -9999 -9999 -9999 -9999 -9999
13.82 9.54 13.76 14.51 10.70 6.14 14.02 16.66 20.31 9.74 17.08 14.00 14.98 14.52 15.66 10.76 12.59 13.79 12.74 9.33 10.39 12.74 16.85 15.82 14.25 12.18 11.66 13.22 9.15 11.04 12.67 13.43 13.84 14.32 15.51 16.28 -9999 -9999 -9999 -9999 -9999 -9999 -9999 -9999 -9999 -9999 -9999 -9999 -9999 -9999 -9999 -9999 -9999 -9999 -9999 -9999 -9999 -9999 -9999 -9999 -9999 -9999 -9999 -9999 -9999 -9999 -9999 -9999 -9999 -9999 -9999 -9999 -9999 -9999 -9999 -9999 -9999
9.40 14.73 17.50 9.27 6.37 11.44 18.77 14.53 7.25 10.38 25.87 12.76 12.16 14.18 14.19 11.25 10.06 8.63 9.36 13.42 19.46 18.43 15.75 14.09 11.09 10.47 11.16 12.91 11.26 12.92 12.99 13.03 14.18 14.73 15.35 -9999 -9999 -9999 -9999 -9999 -9999 -9999 -9999 -9999 -9999 -9999 -9999 -9999 -9999 -9999 -9999 -9999 -9999 -9999 -9999 -9999 -9999 -9999 -9999 -9999 -9999 -9999 -9999 -9999 -9999 -9999 -9999 -9999 -9999 -9999 -9999 -9999 -9999 -9999 -9999 -9999 -9999
11.65 12.80 11.50 10.39 15.90 8.71 16.14 17.98 17.40 12.47 11.49 22.03 13.64 10.85 8.86 8.07 7.35 7.34 7.96 13.06 11.47 10.77 9.82 11.60 13.61 11.94 12.17 11.79 12.34 14.72 15.06 -9999 -9999 -9999 -9999 -9999 -9999 -9999 -9999 -9999 -9999 -9999 -9999 -9999 -9999 -9999 -9999 -9999 -9999 -9999 -9999 -9999 -9999 -9999 -9999 -9999 -9999 -9999 -9999 -9999 -9999 -9999 -9999 -9999 -9999 -9999 -9999 -9999 -9999 -9999 -9999 -9999 -9999 -9999 -9999 -9999 -9999
14.05 12.18 8.28 15.58 15.09 17.83 19.86 10.19 18.29 18.21 10.72 14.49 14.65 10.20 9.07 9.91 11.51 13.48 9.95 10.11 10.69 11.33 11.67 12.25 13.38 12.50 12.94 14.44 14.60 -9999 -9999 -9999 -9999 -9999 -9999 -9999 -9999 -9999 -9999 -9999 -9999 -9999 -9999 -9999 -9999 -9999 -9999 -9999 -9999 -9999 -9999 -9999 -9999 -9999 -9999 -9999 -9999 -9999 -9999 -9999 -9999 -9999 -9999 -9999 -9999 -9999 -9999 -9999 -9999 -9999 -9999 -9999 -9999 -9999 -9999 -9999 -9999
13.01 10.58 16.04 11.61 16.01 19.24 17.15 14.73 19.39 19.30 11.41 10.56 8.23 8.21 9.22 10.24 14.14 16.00 12.80 11.19 10.11 10.24 11.67 11.34 12.27 13.17 15.59 17.35 16.11 -9999 -9999 -9999 -9999 -9999 -9999 -9999 -9999 -9999 -9999 -9999 -9999 -9999 -9999 -9999 -9999 -9999 -9999 -9999 -9999 -9999 -9999 -9999 -9999 -9999 -9999 -9999 -9999 -9999 -9999 -9999 -9999 -9999 -9999 -9999 -9999 -9999 -9999 -9999 -9999 -9999 -9999 -9999 -9999 -9999 -9999 -9999 -9999
-9999 12.96 16.29 12.47 17.08 16.92 19.03 12.96 11.71 13.67 12.50 11.76 11.15 8.26 17.97 18.26 16.94 16.84 12.41 8.98 9.04 9.30 9.79 10.01 10.90 12.59 12.57 -9999 -9999 -9999 -9999 -9999 14.53 12.95 13.02 12.54 -9999 -9999 -9999 -9999 -9999 -9999 -9999 -9999 -9999 -9999 -9999 -9999 -9999 -9999 -9999 -9999 -9999 -9999 -9999 -9999 -9999 -9999 -9999 -9999 -9999 -9999 -9999 -9999 -9999 -9999 -9999 -9999 -9999 -9999 -9999 -9999 -9999 -9999 -9999 -9999 -9999
-9999 13.82 18.74 13.18 11.16 22.74 13.13 12.02 10.66 10.06 11.26 13.21 16.41 12.53 12.70 11.36 11.60 10.77 10.55 10.26 10.62 10.69 10.20 10.97 11.74 11.55 11.43 12.46 14.14 -9999 -9999 12.40 11.14 10.15 8.57 9.04 10.49 12.18 -9999 -9999 -9999 -9999 -9999 -9999 -9999 -9999 -9999 -9999 -9999 -9999 -9999 -9999 -9999 -9999 -9999 -9999 -9999 -9999 -9999 -9999 -9999 -9999 -9999 -9999 -9999 -9999 -9999 -9999 -9999 -9999 -9999 -9999 -9999 -9999 -9999 -9999 -9999
11.81 16.58 14.62 15.17 17.16 19.13 12.96 12.76 13.91 13.46 12.83 10.41 10.71 11.82 11.47 11.46 11.03 10.58 10.69 11.18 10.84 9.91 11.43 12.09 9.73 8.54 8.98 10.05 12.50 11.56 11.36 11.11 9.03 6.60 7.02 9.97 11.18 13.98 11.11 -9999 -9999 -9999 -9999 -9999 -9999 -9999 -9999 -9999 -9999 -9999 -9999 -9999 -9999 -9999 -9999 -9999 -9999 -9999 -9999 -9999 -9999 -9999 -9999 -9999 -9999 -9999 -9999 -9999 -9999 -9999 -9999 -9999 -9999 -9999 -9999 -9999 -9999
17.11 14.79 19.03 17.37 14.78 14.01 -9999 14.92 16.23 12.85 11.33 9.69 9.67 9.73 10.20 10.85 10.53 10.56 12.35 12.10 11.92 10.70 9.81 9.63 8.05 8.27 9.25 11.30 10.12 8.84 10.59 8.97 8.10 6.82 8.29 10.77 11.63 13.27 12.10 14.29 16.25 13.49 -9999 -9999 -9999 -9999 -9999 -9999 -9999 -9999 -9999 -9999 -9999 -9999 -9999 -9999 -9999 -9999 -9999 -9999 -9999 -9999 -9999 -9999 -9999 -9999 -9999 -9999 -9999 -9999 -9999 -9999 -9999 -9999 -9999 -9999 -9999
22.11 16.36 -9999 16.78 18.14 14.58 -9999 16.61 19.79 14.22 12.43 9.83 9.62 9.07 9.26 8.51 8.58 9.23 10.79 13.08 12.63 12.42 10.66 10.04 10.40 11.64 14.08 12.32 8.98 7.09 8.66 8.80 8.76 13.60 14.37 12.11 12.47 11.56 11.73 12.43 10.98 12.91 -9999 -9999 -9999 -9999 -9999 -9999 -9999 -9999 -9999 -9999 -9999 -9999 -9999 -9999 -9999 -9999 -9999 -9999 -9999 -9999 -9999 -9999 -9999 -9999 -9999 -9999 -9999 -9999 -9999 -9999 -9999 -9999 -9999 -9999 -9999
18.23 15.56 -9999 -9999 18.47 15.83 14.66 16.78 18.07 11.83 11.54 13.00 10.80 9.77 9.30 12.05 9.58 8.27 9.71 10.85 12.33 12.91 13.83 11.62 13.74 14.69 12.68 11.38 10.37 8.68 9.45 11.09 11.95 11.82 14.78 13.21 12.63 12.53 9.49 9.58 10.87 12.79 14.29 -9999 -9999 -9999 -9999 -9999 -9999 -9999 -9999 -9999 -9999 -9999 -9999 -9999 -9999 -9999 -9999 -9999 -9999 -9999 -9999 -9999 -9999 -9999 -9999 -9999 -9999 -9999 -9999 -9999 -9999 -9999 -9999 -9999 -9999
-9999 -9999 -9999 -9999 -9999 16.97 14.89 18.30 14.67 10.97 11.30 12.45 13.46 11.64 10.41 11.82 12.23 10.38 8.52 11.22 13.86 12.67 12.27 12.64 14.48 13.23 11.63 12.00 11.32 13.72 12.86 11.46 11.18 10.25 13.25 12.85 11.89 12.67 10.29 9.57 9.52 9.69 11.10 -9999 -9999 -9999 -9999 -9999 -9999 -9999 -9999 -9999 -9999 -9999 -9999 -9999 -9999 -9999 -9999 -9999 -9999 -9999 -9999 -9999 -9999 -9999 -9999 -9999 -9999 -9999 -9999 -9999 -9999 -9999 -9999 -9999 -9999
14.25 18.18 19.03 -9999 -9999 -9999 16.54 17.33 14.10 11.80 10.96 11.65 13.20 13.37 13.55 13.95 12.43 11.48 10.69 8.65 13.21 12.02 11.71 12.26 11.54 11.16 13.20 11.20 14.37 17.91 15.87 13.34 13.47 10.66 12.01 11.71 11.95 12.42 10.13 9.05 8.78 8.93 10.44 11.78 -9999 -9999 -9999 -9999 -9999 -9999 -9999 -9999 -9999 -9999 -9999 -9999 -9999 -9999 -9999 -9999 -9999 -9999 -9999 -9999 -9999 -9999 -9999 -9999 -9999 -9999 -9999 -9999 -9999 -9999 -9999 -9999 -9999
18.51 19.46 20.76 16.43 -9999 -9999 -9999 16.64 14.76 11.80 10.59 10.65 11.03 12.55 12.39 12.01 10.84 10.75 11.21 11.92 11.01 11.15 11.15 12.79 12.01 14.59 9.43 10.41 10.25 11.40 15.79 15.48 13.07 11.90 10.59 10.37 10.72 10.94 8.96 8.37 7.81 8.82 9.85 9.99 11.05 -9999 -9999 -9999 -9999 -9999 -9999 -9999 -9999 -9999 -9999 -9999 -9999 -9999 -9999 -9999 -9999 -9999 -9999 -9999 -9999 -9999 -9999 -9999 -9999 -9999 -9999 -9999 -9999 -9999 -9999 -9999 -9999
15.06 18.76 19.04 14.93 -9999 -9999 -9999 -9999 -9999 13.46 11.29 9.46 9.28 9.77 9.87 11.28 14.29 13.88 12.24 11.58 11.02 12.53 11.49 10.90 10.33 12.80 8.14 10.07 11.76 11.00 8.61 10.61 9.83 11.07 9.42 10.78 10.10 8.53 7.87 7.24 6.99 6.69 9.62 10.05 9.67 10.36 -9999 -9999 -9999 -9999 -9999 -9999 -9999 -9999 -9999 -9999 -9999 -9999 -9999 -9999 -9999 -9999 -9999 -9999 -9999 -9999 -9999 -9999 -9999 -9999 -9999 -9999 -9999 -9999 -9999 -9999 -9999
16.28 16.04 23.01 17.31 -9999 -9999 -9999 -9999 -9999 14.59 12.67 11.71 9.92 11.73 13.91 12.87 14.45 14.92 14.06 11.87 13.17 12.07 10.81 12.31 13.06 8.11 16.96 10.94 14.60 11.19 13.89 13.36 8.86 11.40 9.81 8.99 8.21 8.42 9.46 9.35 7.37 7.40 6.29 9.25 11.07 9.26 11.92 13.90 -9999 -9999 -9999 -9999 -9999 -9999 -9999 -9999 -9999 -9999 -9999 -9999 -9999 -9999 -9999 -9999 -9999 -9999 -9999 -9999 -9999 -9999 -9999 -9999 -9999 -9999 -9999 -9999 -9999
-9999 20.46 23.00 22.07 -9999 -9999 -9999 -9999 -9999 14.34 11.80 10.81 9.69 10.48 12.50 10.68 11.69 12.04 14.11 12.73 12.16 11.22 13.77 17.19 13.94 11.19 18.29 16.05 11.29 12.23 10.37 8.49 10.31 11.16 9.61 9.80 9.52 7.42 7.47 7.28 8.67 11.72 9.32 8.98 10.30 10.39 10.12 12.27 -9999 -9999 -9999 -9999 -9999 -9999 -9999 -9999 -9999 -9999 -9999 -9999 -9999 -9999 -9999 -9999 -9999 -9999 -9999 -9999 -9999 -9999 -9999 -9999 -9999 -9999 -9999 -9999 -9999
-9999 18.55 20.24 21.59 -9999 -9999 -9999 -9999 -9999 13.26 11.08 9.77 9.34 9.58 10.47 11.32 14.95 17.13 14.42 14.54 10.68 11.01 11.27 14.01 9.23 14.64 13.14 10.98 12.56 13.63 8.77 11.64 9.83 10.71 10.23 7.75 8.89 8.96 8.03 7.01 13.81 14.23 13.00 8.83 9.98 10.46 9.85 12.15 -9999 -9999 -9999 -9999 -9999 -9999 -9999 -9999 -9999 -9999 -9999 -9999 -9999 -9999 -9999 -9999 -9999 -9999 -9999 -9999 -9999 -9999 -9999 -9999 -9999 -9999 -9999 -9999 -9999
-9999 -9999 -9999 -9999 -9999 -9999 -9999 -9999 16.35 12.83 11.21 9.53 9.87 10.42 9.57 10.95 11.63 15.04 13.34 12.89 15.12 12.56 14.11 14.50 14.24 16.59 15.08 9.53 10.85 12.19 11.58 10.50 10.99 8.24 9.34 9.92 7.14 8.38 7.79 11.39 13.25 16.67 14.16 9.02 8.71 8.33 9.56 12.02 -9999 -9999 -9999 -9999 -9999 -9999 -9999 -9999 -9999 -9999 -9999 -9999 -9999 -9999 -9999 -9999 -9999 -9999 -9999 -9999 -9999 -9999 -9999 -9999 -9999 -9999 -9999 -9999 -9999
-9999 -9999 -9999 -9999 -9999 -9999 -9999 -9999 16.84 9.85 9.54 11.33 13.03 11.94 9.71 9.78 10.77 9.04 10.51 15.25 16.14 13.02 11.65 10.08 8.76 15.78 9.11 10.05 9.70 10.27 10.09 8.77 6.78 9.89 9.33 8.76 7.40 8.04 10.89 12.96 12.63 14.82 14.30 9.48 7.70 8.46 11.02 11.08 -9999 -9999 -9999 -9999 -9999 -9999 -9999 -9999 -9999 -9999 -9999 -9999 -9999 -9999 -9999 -9999 -9999 -9999 -9999 -9999 -9999 -9999 -9999 -9999 -9999 -9999 -9999 -9999 -9999
-9999 -9999 -9999 -9999 -9999 -9999 -9999 15.51 13.15 7.72 9.57 11.68 10.44 13.20 14.97 13.67 16.27 14.02 11.80 10.71 11.78 14.13 12.29 10.49 7.05 9.88 13.96 10.07 12.47 9.06 9.22 6.44 7.31 9.80 8.70 8.82 9.82 11.91 14.36 13.97 12.47 11.40 10.56 8.91 11.50 12.65 11.24 11.49 -9999 -9999 -9999 -9999 -9999 -9999 -9999 -9999 -9999 -9999 -9999 -9999 -9999 -9999 -9999 -9999 -9999 -9999 -9999 -9999 -9999 -9999 -9999 -9999 -9999 -9999 -9999 -9999 -9999
-9999 -9999 -9999 -9999 -9999 -9999 -9999 13.23 8.64 11.55 9.50 12.12 10.20 13.69 14.11 17.13 15.89 15.76 14.26 12.67 10.06 18.78 17.23 11.13 6.82 11.01 13.25 9.44 9.73 11.42 7.78 9.95 11.89 10.31 11.69 12.13 15.89 10.72 10.66 11.96 13.01 13.03 9.75 8.04 10.22 10.60 10.22 11.36 13.92 -9999 -9999 -9999 -9999 -9999 -9999 -9999 -9999 -9999 -9999 -9999 -9999 -9999 -9999 -9999 -9999 -9999 -9999 -9999 -9999 -9999 -9999 -9999 -9999 -9999 -9999 -9999 -9999
-9999 -9999 -9999 -9999 -9999 -9999 13.21 14.32 12.99 11.71 12.47 12.31 10.75 9.82 15.74 15.37 16.56 15.64 15.23 11.00 7.95 12.13 13.88 12.50 8.32 7.99 10.00 9.35 8.90 9.64 13.54 9.19 9.37 9.82 8.37 14.80 12.97 15.32 13.81 10.21 11.19 11.79 12.35 13.48 10.44 10.12 10.08 11.52 13.79 -9999 -9999 -9999 -9999 -9999 -9999 -9999 -9999 -9999 -9999 -9999 -9999 -9999 -9999 -9999 -9999 -9999 -9999 -9999 -9999 -9999 -9999 -9999 -9999 -9999 -9999 -9999 -9999
-9999 -9999 -9999 -9999 -9999 -9999 14.32 13.17 11.44 15.85 14.74 11.89 11.45 15.35 11.51 13.30 15.66 13.54 13.19 8.91 7.33 10.86 12.51 13.98 7.93 8.19 8.09 8.52 6.80 11.77 8.10 13.03 11.14 8.49 14.93 8.88 11.24 12.81 12.11 13.13 10.00 9.94 12.95 12.78 11.07 11.80 11.33 11.56 13.87 -9999 -9999 -9999 -9999 -9999 -9999 -9999 -9999 -9999 -9999 -9999 -9999 -9999 -9999 -9999 -9999 -9999 -9999 -9999 -9999 -9999 -9999 -9999 -9999 -9999 -9999 -9999 -9999
-9999 -9999 -9999 -9999 -9999 14.82 11.62 10.64 13.83 12.06 12.30 18.76 14.25 14.24 10.99 13.14 13.86 11.82 13.02 11.62 9.65 12.37 12.32 9.05 7.08 7.92 9.85 9.64 12.65 10.12 8.95 13.80 9.52 10.21 15.20 10.15 9.32 8.66 10.81 12.68 12.07 12.67 12.96 11.14 10.85 11.04 10.63 11.15 13.33 -9999 -9999 -9999 -9999 -9999 -9999 -9999 -9999 -9999 -9999 -9999 -9999 -9999 -9999 -9999 -9999 -9999 -9999 -9999 -9999 -9999 -9999 -9999 -9999 -9999 -9999 -9999 -9999
-9999 -9999 -9999 -9999 13.62 13.00 12.97 10.20 11.29 12.05 11.11 13.55 12.56 18.76 10.43 10.40 11.96 12.27 12.38 12.59 10.78 9.34 8.65 11.33 7.89 7.37 9.77 10.43 10.58 10.66 9.26 11.46 7.90 9.62 14.18 12.63 12.96 11.72 11.01 10.13 10.47 13.30 12.18 11.30 11.18 11.15 11.32 10.73 12.33 14.73 -9999 -9999 -9999 -9999 -9999 -9999 -9999 -9999 -9999 -9999 -9999 -9999 -9999 -9999 -9999 -9999 -9999 -9999 -9999 -9999 -9999 -9999 -9999 -9999 -9999 -9999 -9999
-9999 -9999 -9999 -9999 15.35 17.17 13.21 12.23 11.16 10.35 9.50 19.51 15.51 12.54 12.34 9.86 10.41 11.66 11.24 15.87 10.39 8.31 8.16 8.63 11.44 8.52 11.28 10.74 11.68 10.88 10.38 9.88 10.95 8.70 11.54 12.10 11.17 12.40 10.91 10.07 10.04 11.85 11.14 12.45 11.61 10.49 9.70 10.79 12.13 14.02 -9999 -9999 -9999 -9999 -9999 -9999 -9999 -9999 -9999 -9999 -9999 -9999 -9999 -9999 -9999 -9999 -9999 -9999 -9999 -9999 -9999 -9999 -9999 -9999 -9999 -9999 -9999
-9999 -9999 16.37 14.65 16.26 13.99 12.76 13.61 11.56 11.14 9.59 15.29 13.85 13.59 12.25 11.35 9.30 12.02 12.54 11.45 10.95 9.83 7.68 8.74 10.29 9.96 10.13 10.89 11.44 10.48 9.73 10.67 9.60 8.85 12.50 11.13 10.62 10.72 12.90 11.49 10.59 9.03 10.54 11.25 10.77 10.20 9.63 10.25 11.25 13.28 -9999 -9999 -9999 -9999 -9999 -9999 -9999 -9999 -9999 -9999 -9999 -9999 -9999 -9999 -9999 -9999 -9999 -9999 -9999 -9999 -9999 -9999 -9999 -9999 -9999 -9999 -9999
-9999 -9999 16.94 14.11 11.80 14.75 12.72 13.84 11.80 10.68 9.62 10.10 11.37 15.61 12.72 11.60 9.64 9.63 9.77 9.66 10.04 10.64 9.12 10.89 10.09 10.47 10.18 10.18 10.01 9.72 9.25 9.44 10.19 9.01 7.33 8.26 9.20 9.31 10.38 10.48 7.39 8.96 11.95 11.13 9.62 9.72 9.34 9.95 9.61 11.12 13.23 -9999 -9999 -9999 -9999 -9999 -9999 -9999 -9999 -9999 -9999 -9999 -9999 -9999 -9999 -9999 -9999 -9999 -9999 -9999 -9999 -9999 -9999 -9999 -9999 -9999 -9999
-9999 -9999 16.98 14.22 10.63 14.05 11.81 12.55 11.29 10.46 10.44 9.46 13.32 12.99 12.06 13.72 10.53 9.36 9.24 8.51 11.00 15.48 11.88 -9999 -9999 -9999 10.68 10.18 -9999 9.18 9.21 9.38 8.79 7.80 7.89 8.93 8.16 8.47 10.21 9.77 11.02 10.63 8.38 7.48 7.88 8.31 8.70 6.87 8.15 9.01 11.57 -9999 -9999 -9999 -9999 -9999 -9999 -9999 -9999 -9999 -9999 -9999 -9999 -9999 -9999 -9999 -9999 -9999 -9999 -9999 -9999 -9999 -9999 -9999 -9999 -9999 -9999
-9999 -9999 15.74 16.79 12.37 12.45 13.05 13.77 12.71 11.23 10.39 9.90 11.35 17.56 13.46 13.55 10.32 9.75 11.77 9.45 11.17 12.75 13.37 -9999 -9999 -9999 10.83 9.59 9.34 9.23 8.67 8.35 7.52 9.05 11.48 11.24 9.26 13.02 9.74 9.48 12.17 9.25 9.85 9.87 9.69 7.17 8.15 9.55 8.19 7.55 9.96 -9999 -9999 -9999 -9999 -9999 -9999 -9999 -9999 -9999 -9999 -9999 -9999 -9999 -9999 -9999 -9999 -9999 -9999 -9999 -9999 -9999 -9999 -9999 -9999 -9999 -9999
-9999 -9999 -9999 16.45 15.78 13.77 -9999 15.36 14.79 12.78 11.36 10.70 -9999 14.36 12.48 12.99 10.28 11.57 12.92 12.21 13.17 -9999 -9999 -9999 -9999 12.30 9.72 8.46 8.07 8.78 9.09 8.24 7.99 8.79 13.53 17.26 9.94 15.65 11.38 12.98 14.16 11.06 12.20 9.78 7.77 9.11 9.11 7.76 5.76 6.67 9.84 11.79 -9999 -9999 -9999 -9999 -9999 -9999 -9999 -9999 -9999 -9999 -9999 -9999 -9999 -9999 -9999 -9999 -9999 -9999 -9999 -9999 -9999 -9999 -9999 -9999 -9999
