ML/MeanWindSpeed_1996-05_Actual.txt
ncols         180
nrows         290
xllcorner     -200000
yllcorner     -200000
cellsize      5000
NODATA_value  -9999
[rows 175 to 209 of 290, columns 79 to 157 of 180]
-9999 -9999 -9999 -9999 -9999 -9999 -9999 12.24 11.41 10.50 9.76 9.03 6.96 5.64 10.71 16.87 8.16 10.44 9.70 8.79 7.12 5.03 5.75 7.91 9.42 7.98 6.58 7.25 8.26 7.78 7.94 8.97 8.23 7.98 7.69 7.85 7.92 7.70 7.55 7.57 12.06 12.67 11.06 11.28 9.19 8.88 10.14 9.76 8.01 7.71 8.73 8.28 7.82 8.46 8.18 9.20 8.83 8.73 8.56 8.56 9.75 8.86 8.81 9.00 9.03 9.60 10.11 10.21 10.40 10.73 9.75 11.42 13.45 -9999 -9999 -9999 -9999 -9999 -9999
-9999 -9999 -9999 -9999 -9999 -9999 -9999 -9999 13.19 10.82 8.92 6.91 5.87 7.41 19.81 14.18 6.79 11.30 6.79 9.21 8.79 5.70 4.70 10.83 8.56 8.85 7.83 7.02 7.37 7.48 6.89 7.88 8.34 8.13 7.83 7.51 7.69 7.38 7.02 8.88 10.46 13.55 11.45 12.15 11.05 7.28 9.42 10.97 8.24 8.15 8.64 7.99 7.90 8.24 8.27 9.39 8.84 8.72 9.02 9.01 9.76 9.58 9.17 9.13 9.17 9.47 10.15 11.30 10.37 9.77 9.80 11.20 13.27 -9999 -9999 -9999 -9999 -9999 -9999
-9999 -9999 -9999 -9999 -9999 -9999 -9999 -9999 -9999 10.80 7.97 7.33 8.65 17.89 20.98 14.94 10.66 10.05 10.06 10.68 10.59 9.91 6.65 6.48 11.22 8.51 7.76 7.76 7.24 7.24 7.23 7.44 7.92 7.58 7.20 7.35 7.30 7.10 7.39 8.67 11.12 12.17 10.01 10.23 11.52 9.40 7.28 11.01 8.39 8.19 8.66 7.90 7.92 7.98 8.65 9.48 9.02 8.93 9.11 8.87 10.20 9.72 9.41 9.39 9.42 9.85 10.01 10.19 9.93 9.88 10.15 11.80 13.66 -9999 -9999 -9999 -9999 -9999 -9999
-9999 -9999 -9999 -9999 -9999 -9999 -9999 -9999 -9999 9.78 8.13 9.89 12.43 15.29 19.23 12.22 7.89 9.71 11.63 11.51 12.17 10.38 7.31 5.44 11.48 10.76 8.72 8.47 7.15 7.02 7.25 8.16 7.94 7.60 7.29 6.81 6.56 6.96 8.89 9.16 8.25 12.66 10.24 10.73 12.04 11.39 9.54 8.87 8.02 6.91 8.21 8.71 7.81 7.87 8.06 8.89 8.82 9.23 9.19 9.04 9.56 10.23 9.90 9.92 9.76 9.87 9.95 9.93 9.94 10.44 11.43 12.96 -9999 -9999 -9999 -9999 -9999 -9999 -9999
-9999 -9999 -9999 -9999 -9999 -9999 -9999 -9999 -9999 8.81 8.88 10.54 11.32 16.62 15.39 11.11 10.34 8.35 9.76 12.11 10.80 12.77 9.49 5.94 10.55 11.64 11.15 8.48 7.56 6.78 7.50 8.55 8.29 7.53 6.96 6.55 6.82 8.18 8.82 7.74 7.90 11.04 10.76 10.51 10.45 9.54 9.43 10.06 6.97 7.58 7.93 7.65 7.96 7.69 8.73 8.34 8.77 9.17 9.25 9.48 11.28 10.73 10.24 10.02 10.00 10.00 10.02 10.09 10.36 11.52 13.00 -9999 -9999 -9999 -9999 -9999 -9999 -9999 -9999
-9999 -9999 -9999 -9999 -9999 -9999 -9999 -9999 10.07 16.32 10.46 12.28 14.53 11.06 19.14 15.81 13.06 11.23 13.90 11.27 11.52 9.80 7.03 7.80 12.11 11.40 11.11 8.39 7.14 6.45 7.91 8.25 7.81 7.42 6.73 6.60 7.89 7.96 7.88 8.80 9.67 8.41 12.45 11.58 9.13 9.71 8.82 8.00 7.66 6.83 7.01 7.30 8.13 7.72 7.45 9.06 8.68 9.03 9.40 9.81 11.31 10.70 10.25 10.19 10.00 10.06 9.99 10.15 11.28 12.78 -9999 -9999 -9999 -9999 -9999 -9999 -9999 13.83 -9999
-9999 -9999 -9999 -9999 -9999 -9999 10.43 10.04 13.28 11.90 10.53 11.79 13.01 8.89 9.97 11.75 13.65 12.60 14.07 12.29 11.70 6.29 7.77 7.95 6.87 8.32 8.12 8.55 7.46 6.81 7.88 8.32 8.10 7.35 7.23 8.15 7.69 8.43 7.83 9.17 9.76 9.83 9.26 8.50 9.80 9.40 8.73 8.34 7.98 7.64 6.66 7.52 7.32 6.81 7.28 8.06 8.49 8.97 9.09 9.83 11.24 10.61 10.02 10.10 9.90 9.96 10.03 10.66 12.03 -9999 -9999 -9999 -9999 -9999 13.90 13.24 12.63 11.98 12.05
-9999 -9999 -9999 -9999 -9999 10.44 10.16 10.35 11.17 11.34 11.53 11.05 8.83 7.03 8.73 10.67 12.12 17.48 10.22 7.52 6.47 3.80 9.57 11.46 11.64 9.49 8.42 8.52 8.04 7.60 8.03 8.64 8.10 7.73 7.67 8.30 8.72 7.66 7.68 9.41 9.58 9.27 8.94 8.93 9.12 8.26 8.53 7.43 7.23 7.65 7.13 6.72 6.34 6.71 7.72 7.83 8.19 8.65 9.05 9.71 11.40 10.81 10.02 9.84 9.75 9.88 10.10 10.75 11.87 -9999 -9999 -9999 -9999 -9999 12.62 11.58 11.07 10.59 10.52
-9999 -9999 -9999 -9999 11.04 11.56 10.85 11.19 -9999 -9999 -9999 -9999 8.68 12.46 10.87 11.51 13.39 10.46 7.49 9.19 7.94 6.46 15.07 13.84 11.85 12.50 9.80 7.88 8.16 8.21 7.90 8.11 8.04 7.71 8.19 7.88 9.05 7.89 7.79 8.47 8.99 9.16 8.97 8.05 8.13 8.10 7.87 7.20 6.88 6.64 6.50 6.47 6.74 7.36 7.55 7.77 8.61 9.36 9.65 9.90 10.87 10.65 10.39 9.72 9.68 9.80 9.98 10.39 11.32 12.82 -9999 -9999 -9999 -9999 11.59 10.63 10.26 10.15 10.13
-9999 -9999 -9999 -9999 12.37 13.66 11.10 11.87 -9999 -9999 -9999 -9999 8.73 11.14 12.73 8.51 12.41 10.71 8.77 10.50 11.81 9.27 13.57 8.44 9.79 10.14 9.01 7.82 7.95 8.22 8.07 8.32 8.78 7.89 8.44 8.30 8.39 8.79 7.90 8.30 7.74 8.42 9.23 9.57 9.50 8.06 7.39 7.04 6.81 7.10 6.51 6.83 7.46 7.90 8.76 8.42 10.27 10.52 10.81 10.22 10.70 10.54 10.25 9.56 9.66 9.77 9.88 10.10 10.42 11.41 12.31 -9999 -9999 12.13 11.27 10.65 10.68 10.23 9.95
-9999 -9999 -9999 -9999 -9999 -9999 -9999 -9999 -9999 -9999 -9999 -9999 9.73 13.43 11.29 7.55 9.56 7.65 12.28 10.91 7.23 10.80 10.90 9.55 10.16 8.83 7.93 7.07 8.21 8.13 8.42 8.25 7.89 7.75 7.70 7.73 8.03 8.48 7.92 7.83 7.99 8.19 8.04 8.89 9.08 7.36 8.34 9.03 7.81 7.61 7.18 6.66 7.84 8.98 9.95 9.78 9.64 10.34 11.14 10.73 11.03 10.60 10.29 9.44 9.57 9.73 9.88 9.98 9.89 10.22 10.84 11.58 11.66 10.94 10.69 9.95 10.67 10.58 10.50
-9999 -9999 -9999 -9999 -9999 -9999 -9999 -9999 -9999 -9999 -9999 -9999 -9999 13.66 6.23 5.89 9.31 12.74 10.76 11.69 11.16 7.73 8.73 9.85 7.00 7.20 6.51 6.65 7.20 7.80 8.03 8.15 7.90 7.44 7.27 7.73 7.81 8.30 8.05 7.68 9.48 8.90 7.95 7.99 8.00 7.99 7.78 8.67 8.76 8.16 9.06 7.80 7.94 8.87 8.62 9.12 9.61 9.89 11.19 11.16 10.81 10.16 10.18 9.39 9.49 9.60 9.69 9.85 9.97 10.06 10.03 10.28 10.28 10.03 9.82 9.92 10.83 10.69 10.35
-9999 -9999 -9999 -9999 -9999 -9999 -9999 -9999 -9999 -9999 -9999 -9999 -9999 9.88 13.09 13.30 11.38 9.90 8.55 10.12 7.81 7.65 6.47 6.07 8.23 6.49 6.22 7.90 7.53 7.54 7.66 7.22 7.20 7.65 7.56 8.75 8.79 8.49 7.97 7.52 9.26 10.00 8.82 7.99 7.75 7.99 8.05 8.19 8.44 8.98 10.89 9.77 8.38 8.30 8.71 9.74 10.92 11.24 11.00 11.49 10.89 10.08 9.61 9.32 9.43 9.51 9.71 9.84 9.95 10.02 10.01 9.98 9.90 9.95 9.88 9.78 10.59 10.61 11.07
-9999 -9999 -9999 -9999 -9999 -9999 -9999 -9999 -9999 -9999 -9999 -9999 11.46 10.90 8.51 15.23 9.87 7.65 9.14 8.76 7.30 9.71 6.95 6.71 8.96 5.92 11.36 8.35 6.63 7.00 8.40 7.18 6.91 9.49 9.44 8.99 8.07 8.41 8.23 7.84 8.69 9.21 8.76 8.11 7.96 7.91 8.02 8.55 8.48 9.55 9.55 9.06 8.62 8.48 9.18 10.20 11.30 11.50 10.78 10.89 10.42 9.89 9.56 9.32 9.35 9.51 9.69 9.80 9.83 9.90 9.91 9.75 9.73 10.19 10.16 9.91 10.25 10.63 10.16
-9999 -9999 -9999 -9999 -9999 -9999 -9999 -9999 -9999 -9999 -9999 -9999 10.21 11.10 15.41 9.25 4.92 6.18 6.24 8.19 10.61 10.26 7.73 7.46 7.63 6.03 7.12 8.15 9.12 8.91 7.47 7.58 7.52 8.12 9.00 8.18 8.00 8.61 8.43 8.68 9.19 8.97 9.00 8.58 8.23 8.11 7.92 8.13 8.45 9.37 9.79 9.23 8.20 8.59 9.89 11.33 11.01 11.63 11.46 10.69 9.88 10.36 9.55 9.63 9.45 9.58 9.59 9.70 9.76 9.73 9.71 9.66 9.64 10.40 10.22 9.79 9.99 10.57 10.38
-9999 -9999 -9999 -9999 -9999 -9999 -9999 -9999 -9999 -9999 -9999 -9999 11.23 13.04 6.75 7.46 5.64 6.41 7.03 12.05 10.46 11.42 8.49 7.55 6.00 5.11 6.44 9.78 11.53 12.62 8.29 9.57 8.20 8.59 8.91 7.68 7.78 8.28 8.64 8.91 8.44 8.63 9.77 9.03 8.23 8.20 9.12 7.99 8.56 9.02 8.97 8.47 8.15 8.84 9.70 10.46 10.74 10.67 9.92 9.77 10.06 10.22 9.21 9.11 9.42 9.50 9.55 9.52 9.44 9.51 9.53 9.53 9.59 9.90 9.78 9.88 9.81 10.22 10.17
-9999 -9999 -9999 -9999 -9999 -9999 -9999 -9999 -9999 -9999 -9999 -9999 -9999 8.08 8.90 9.89 11.01 11.62 9.90 10.68 9.14 6.31 5.85 5.31 6.25 6.58 6.44 8.32 9.29 12.28 10.03 8.80 8.14 9.56 9.53 7.67 8.46 7.88 8.24 10.16 8.50 8.37 8.37 8.56 8.04 8.11 9.47 8.97 8.51 9.06 8.70 8.43 8.73 9.56 9.48 9.71 9.49 10.08 9.38 10.30 10.30 9.44 9.13 9.56 9.50 9.25 9.25 9.21 9.27 9.36 9.39 9.43 9.45 9.53 9.57 9.71 9.63 9.63 9.85
-9999 -9999 -9999 -9999 -9999 -9999 -9999 -9999 -9999 -9999 -9999 -9999 -9999 8.94 9.66 10.32 11.78 14.01 12.94 9.85 7.38 5.83 7.12 8.96 10.65 12.39 9.83 8.52 9.68 10.88 10.10 8.20 10.61 9.79 9.75 8.41 9.19 8.34 8.13 8.67 9.63 9.22 8.59 8.07 7.82 8.41 9.30 9.06 8.71 8.81 9.14 9.28 9.51 9.95 9.40 9.31 10.38 10.45 10.38 10.10 10.29 9.40 9.55 9.98 9.13 8.95 8.97 9.00 9.17 9.22 9.22 9.28 9.31 9.36 9.29 9.14 8.94 8.86 9.17
-9999 -9999 -9999 -9999 -9999 -9999 -9999 -9999 -9999 -9999 -9999 -9999 9.50 7.43 8.55 11.26 12.14 11.19 10.66 8.50 9.09 13.00 10.42 10.74 10.81 9.35 8.71 9.72 10.70 9.48 8.63 9.28 10.84 10.67 9.95 8.38 9.49 8.14 8.16 9.59 8.86 9.06 8.97 8.16 7.60 8.19 9.34 9.25 8.52 8.81 8.84 8.79 9.54 9.27 10.25 9.79 10.37 9.73 10.06 10.22 9.40 9.09 9.81 9.73 8.87 8.79 9.08 8.97 9.16 9.21 9.31 9.28 9.19 9.14 8.94 9.19 9.38 9.37 8.76
-9999 -9999 -9999 -9999 -9999 -9999 -9999 -9999 -9999 -9999 -9999 -9999 11.08 8.92 8.29 8.70 10.53 13.68 12.66 11.00 9.38 10.20 11.84 13.03 12.94 9.67 11.70 12.65 9.29 11.42 7.95 8.86 10.78 12.42 9.08 9.24 8.25 7.73 7.98 8.84 11.26 9.68 9.40 8.76 8.36 8.55 9.15 8.96 8.48 8.69 8.69 8.65 8.67 9.90 10.36 10.31 10.81 9.91 9.51 9.46 8.95 9.15 9.62 9.44 8.99 9.28 9.15 9.48 9.20 9.25 9.47 9.46 9.14 8.91 8.66 8.60 9.32 9.39 9.43
-9999 -9999 -9999 -9999 -9999 -9999 -9999 -9999 -9999 -9999 -9999 -9999 9.55 8.50 5.93 7.29 9.93 13.76 11.63 11.53 9.40 11.75 11.44 10.13 10.67 11.50 11.57 10.21 9.07 9.67 11.95 8.85 9.15 9.28 9.05 10.27 9.08 7.82 8.04 8.92 9.44 9.18 9.84 9.35 8.88 9.07 8.71 8.24 8.65 8.89 9.03 8.54 9.14 10.43 10.50 9.72 9.85 10.49 9.47 9.54 8.52 9.26 9.47 8.89 8.86 9.08 8.65 8.93 8.95 9.13 9.26 9.14 8.94 8.74 8.51 8.76 8.39 8.78 9.03
-9999 -9999 -9999 -9999 -9999 -9999 -9999 -9999 -9999 -9999 -9999 9.22 9.86 11.32 8.56 6.65 10.28 11.58 13.06 12.80 8.49 9.36 8.62 9.96 11.40 10.09 10.25 12.05 10.60 9.98 9.56 8.64 8.20 8.50 9.22 9.22 8.90 8.59 8.18 8.33 9.21 9.44 8.84 9.23 8.89 9.43 8.72 8.48 8.54 8.24 8.16 8.46 9.61 9.78 9.98 9.35 9.99 9.95 9.39 8.57 9.17 9.20 9.27 9.48 9.19 8.86 8.79 8.72 8.92 9.10 9.03 8.90 8.64 8.38 8.40 8.70 8.71 8.83 9.09
-9999 -9999 -9999 -9999 -9999 -9999 -9999 -9999 -9999 -9999 10.06 9.85 10.46 8.50 6.49 9.18 12.40 12.95 10.98 12.45 8.94 10.30 8.89 8.48 14.38 10.64 11.66 10.09 10.08 8.87 8.65 8.79 9.78 8.89 10.54 9.18 9.42 8.19 8.03 8.35 8.88 9.20 8.91 9.10 9.35 9.39 8.08 8.47 8.34 8.50 8.66 9.00 9.66 9.20 9.93 9.41 9.58 8.81 8.56 9.41 9.69 9.28 9.43 9.33 8.61 9.04 9.12 9.18 9.23 9.02 8.79 8.49 8.53 8.41 8.99 9.22 9.44 9.50 8.94
-9999 -9999 -9999 -9999 -9999 -9999 -9999 -9999 11.34 9.74 8.58 7.26 7.10 7.33 7.18 10.04 11.49 12.70 13.80 11.77 9.31 6.28 9.10 8.94 13.16 11.25 10.64 10.80 9.39 8.94 8.01 8.91 10.57 9.97 10.07 8.23 8.41 8.28 8.31 8.95 8.82 9.25 8.66 8.80 8.97 8.34 8.05 8.23 8.90 8.75 9.56 10.20 9.86 9.46 9.04 8.78 9.41 9.75 9.31 9.43 8.66 9.42 9.51 8.90 8.29 8.47 9.37 9.35 9.44 8.74 8.47 8.20 8.36 9.23 9.64 9.49 10.21 9.97 9.69
-9999 -9999 -9999 -9999 11.44 10.54 9.20 11.79 11.53 11.35 11.14 8.76 7.89 7.16 11.24 9.83 11.87 11.78 11.18 7.98 6.48 4.95 7.15 8.08 14.89 13.53 11.15 9.31 9.73 9.16 10.52 8.32 10.10 10.39 9.97 9.07 8.23 7.98 8.88 8.46 8.03 9.40 8.48 8.30 7.88 8.17 8.59 8.96 8.28 9.23 9.05 9.51 10.32 10.09 9.76 9.48 9.89 9.80 9.32 8.90 9.54 8.71 8.59 8.45 8.26 9.05 9.42 9.54 8.95 8.35 8.34 8.51 9.47 9.67 9.42 10.16 9.51 9.75 10.00
-9999 -9999 -9999 12.08 9.75 10.12 9.34 8.77 10.42 9.97 10.13 7.89 6.61 9.70 10.36 10.97 7.95 12.31 8.37 5.85 10.03 7.37 5.35 12.95 12.12 10.65 6.96 7.48 8.45 11.35 8.79 8.44 8.67 8.83 10.27 9.67 9.41 8.35 8.59 8.06 7.92 8.90 8.33 7.69 7.73 8.22 8.83 8.65 10.37 8.99 8.96 9.46 10.12 9.54 9.42 9.04 9.15 9.53 9.24 9.66 8.98 8.46 8.57 8.79 8.40 8.80 8.94 8.46 8.25 8.12 8.26 8.55 9.07 9.94 10.00 10.09 9.79 9.64 9.68
-9999 -9999 11.24 10.65 7.93 7.57 7.81 8.82 8.69 9.33 8.32 8.54 12.17 9.63 8.53 11.56 5.91 7.86 7.36 9.97 9.29 10.28 9.03 9.88 8.91 5.94 10.44 10.78 8.10 8.80 8.34 8.17 8.85 8.37 8.65 10.08 10.21 8.14 7.90 7.96 8.31 7.84 7.13 7.28 9.78 8.37 8.31 8.91 9.78 9.41 9.12 9.70 10.18 10.11 10.46 9.84 9.06 8.88 8.76 9.45 8.96 8.43 9.18 9.05 8.59 8.76 8.63 8.34 8.48 8.51 8.61 8.98 9.21 10.03 9.50 9.37 9.66 9.25 9.38
9.89 11.11 8.69 8.56 9.19 8.38 8.04 10.14 9.31 9.42 9.21 11.51 10.91 9.28 10.12 9.09 6.34 5.82 8.85 9.32 8.13 8.71 10.78 8.42 5.63 9.95 11.65 9.90 10.46 8.47 8.72 8.08 8.61 10.39 8.70 10.81 9.14 8.02 7.74 7.98 9.14 6.85 7.14 10.79 8.77 8.54 8.60 9.25 10.28 9.24 9.34 9.75 9.52 9.99 9.93 9.39 8.93 9.11 8.70 9.05 9.22 9.04 8.62 8.33 8.25 8.28 8.69 9.88 9.24 9.96 9.45 8.66 9.89 9.85 9.98 9.68 9.48 9.53 9.25
8.37 10.85 13.70 12.78 12.16 9.21 10.32 11.97 10.90 10.56 12.43 10.88 10.19 11.82 8.37 5.43 5.20 5.40 8.13 8.32 8.00 7.60 7.54 6.55 8.37 16.88 13.55 10.63 8.51 9.09 8.67 10.15 8.81 9.29 8.43 8.77 8.76 8.42 7.82 7.62 7.41 6.73 9.97 10.93 10.44 9.28 8.95 11.40 10.20 9.46 9.64 9.40 10.09 10.02 9.71 8.89 9.67 9.24 8.65 10.15 9.81 8.64 8.44 8.38 8.25 8.78 9.70 10.05 9.82 10.25 9.62 9.26 10.02 10.04 9.54 9.76 9.60 9.73 9.66
8.66 10.08 10.69 10.18 9.07 10.84 9.85 11.67 8.86 9.98 12.27 11.49 9.47 9.72 5.83 4.51 7.11 8.16 7.40 6.20 8.04 5.46 4.92 5.03 10.25 14.58 15.57 9.19 9.63 9.87 10.14 9.33 8.09 9.29 8.71 8.97 8.46 8.43 7.19 6.80 7.72 7.72 10.51 10.90 10.44 9.25 9.97 11.51 10.88 10.30 9.76 10.00 9.91 9.48 9.11 9.05 9.46 9.80 9.40 9.24 9.04 8.67 9.62 10.15 8.80 9.10 9.93 10.28 9.79 10.17 10.01 9.90 9.99 9.55 9.72 9.57 9.55 9.26 9.48
8.54 9.55 9.46 9.93 9.27 9.48 10.77 9.73 10.30 8.91 8.70 8.38 7.63 6.68 7.89 6.36 9.77 15.57 7.77 7.81 8.25 12.35 11.99 5.01 5.86 16.54 13.13 10.93 11.25 12.21 10.26 8.17 7.34 9.55 10.00 8.97 8.20 7.61 6.78 6.56 7.97 10.68 11.55 10.85 10.34 9.89 9.78 9.90 10.75 9.97 9.71 9.50 9.12 8.81 8.77 9.68 9.59 9.42 9.32 8.54 8.71 9.49 9.42 10.06 9.43 9.47 9.59 9.80 10.18 10.25 10.10 10.00 10.13 9.46 9.23 9.63 9.55 8.99 9.20
8.15 9.28 8.53 9.04 9.17 9.42 8.74 8.81 9.49 8.59 9.79 8.40 10.10 6.66 8.96 10.88 11.23 12.53 12.90 10.24 12.12 14.11 9.36 11.27 10.50 7.07 12.21 12.25 9.06 9.54 7.82 9.12 8.86 11.83 11.13 8.89 8.03 7.11 6.62 7.74 10.95 10.24 12.11 10.89 10.54 11.10 10.11 11.15 9.75 9.79 9.26 8.95 8.73 8.96 9.02 9.16 8.97 8.82 8.39 8.55 9.65 10.53 10.09 9.52 10.00 9.42 10.19 9.46 9.37 9.47 9.55 9.74 9.84 9.72 9.07 9.46 9.37 9.05 9.36
8.17 7.89 9.28 10.57 12.48 11.53 10.13 9.30 8.44 8.67 11.17 8.43 9.44 6.63 8.69 9.49 9.04 8.05 9.98 9.02 11.78 12.37 14.04 11.80 12.75 11.86 15.93 10.58 9.39 8.82 9.41 8.70 11.19 11.16 11.56 8.38 7.59 6.84 10.10 10.93 11.18 12.01 10.52 11.01 11.17 10.81 9.64 9.62 9.60 9.24 8.88 8.80 8.67 9.22 9.32 9.58 9.01 8.33 8.29 9.09 10.83 9.56 10.08 10.16 9.64 9.34 9.34 9.04 9.10 9.38 8.99 9.47 9.53 9.34 9.31 9.35 8.83 8.53 9.49
8.56 8.16 8.50 10.48 11.16 12.03 11.13 10.30 9.50 8.91 9.33 11.49 8.02 11.61 11.02 11.29 12.28 10.43 7.96 8.25 10.56 10.18 12.23 11.93 10.38 14.19 14.17 9.21 9.88 7.66 8.25 10.10 11.15 11.00 10.15 8.05 7.14 8.61 8.44 10.65 10.90 10.53 10.88 10.60 10.16 9.88 8.98 8.70 8.72 8.68 9.99 8.76 9.41 8.88 8.74 8.20 8.03 8.30 9.24 10.46 10.29 10.09 10.24 9.99 9.53 9.52 9.79 10.04 8.68 9.31 9.95 9.31 9.05 9.34 8.57 8.81 9.50 8.84 8.47
9.25 9.80 10.90 12.51 -9999 -9999 -9999 -9999 11.01 10.46 11.05 8.85 7.73 9.15 9.67 9.46 8.58 5.24 13.49 14.04 9.94 9.26 10.01 11.90 12.81 14.29 11.31 9.58 8.34 7.40 11.36 10.58 12.36 9.66 8.96 8.03 7.61 9.77 8.86 10.91 10.93 10.16 10.21 9.88 9.44 8.89 8.52 8.41 8.51 8.57 9.62 8.91 9.25 9.21 8.55 8.26 8.23 9.74 9.81 10.30 10.47 10.55 9.28 9.27 9.12 10.00 10.22 9.82 8.53 9.12 9.72 9.48 9.01 9.56 9.07 8.83 9.01 8.90 8.36
