ML/MeanWindSpeed_1999-04_Actual.txt
ncols         180
nrows         290
xllcorner     -200000
yllcorner     -200000
cellsize      5000
NODATA_value  -9999
[rows 140 to 174 of 290, columns 78 to 155 of 180]
-9999 -9999 -9999 13.02 -9999 -9999 -9999 11.57 11.71 10.45 10.24 10.99 -9999 -9999 11.26 9.71 11.86 12.82 -9999 -9999 -9999 -9999 -9999 10.13 9.05 7.00 7.03 6.64 7.28 7.29 7.92 8.00 6.11 8.30 10.83 11.68 9.02 10.59 11.33 11.66 9.26 9.64 9.48 7.88 5.45 5.09 5.28 2.92 3.67 5.96 7.85 -9999 -9999 -9999 -9999 -9999 -9999 -9999 -9999 -9999 -9999 -9999 -9999 -9999 -9999 -9999 -9999 -9999 -9999 -9999 -9999 -9999 -9999 -9999 -9999 -9999 -9999 -9999
-9999 -9999 -9999 12.93 12.69 -9999 -9999 -9999 11.57 12.08 11.65 11.83 -9999 -9999 -9999 -9999 11.64 -9999 -9999 -9999 -9999 -9999 -9999 9.11 8.26 7.40 7.84 8.30 8.29 7.81 8.05 7.57 6.82 7.23 10.25 11.23 7.65 12.51 12.08 13.05 9.85 9.67 10.76 8.00 6.05 5.18 3.63 2.48 3.63 5.85 7.87 -9999 -9999 -9999 -9999 -9999 -9999 -9999 -9999 -9999 -9999 -9999 -9999 -9999 -9999 -9999 -9999 -9999 -9999 -9999 -9999 -9999 -9999 -9999 -9999 -9999 -9999 -9999
-9999 -9999 -9999 -9999 13.95 -9999 -9999 -9999 -9999 11.89 12.72 12.34 -9999 -9999 -9999 -9999 -9999 -9999 -9999 -9999 -9999 -9999 10.04 8.97 8.90 8.68 8.72 9.89 9.60 8.96 8.91 8.31 8.02 6.92 8.33 13.69 13.31 12.68 12.46 10.21 9.20 9.21 7.25 5.08 6.62 6.41 3.45 2.97 4.27 6.15 8.33 9.76 -9999 -9999 -9999 -9999 -9999 -9999 -9999 -9999 -9999 -9999 -9999 -9999 -9999 -9999 -9999 -9999 -9999 -9999 -9999 -9999 -9999 -9999 -9999 -9999 -9999 -9999
-9999 -9999 -9999 -9999 14.98 -9999 -9999 -9999 -9999 -9999 -9999 -9999 -9999 -9999 -9999 -9999 -9999 -9999 -9999 -9999 -9999 -9999 10.13 8.46 7.41 6.56 6.22 13.09 10.50 9.23 10.93 8.41 9.35 5.74 6.32 11.74 15.12 11.76 10.21 14.07 15.67 13.84 10.96 9.02 4.95 5.10 4.58 5.37 5.15 6.38 8.80 9.92 10.25 -9999 -9999 -9999 -9999 -9999 -9999 -9999 -9999 -9999 -9999 -9999 -9999 -9999 -9999 -9999 -9999 -9999 -9999 -9999 -9999 -9999 -9999 -9999 -9999 -9999
-9999 -9999 -9999 -9999 -9999 -9999 -9999 -9999 -9999 -9999 -9999 -9999 -9999 -9999 -9999 -9999 -9999 -9999 -9999 -9999 -9999 10.61 9.51 7.90 6.77 9.53 5.65 17.17 15.81 8.64 9.39 8.22 7.59 7.86 5.80 7.46 15.71 15.19 13.06 11.45 10.36 12.17 11.26 9.67 7.37 5.98 5.49 5.26 5.64 7.32 8.02 8.37 9.09 -9999 -9999 -9999 -9999 -9999 -9999 -9999 -9999 -9999 -9999 -9999 -9999 -9999 -9999 -9999 -9999 -9999 -9999 -9999 -9999 -9999 -9999 -9999 -9999 -9999
-9999 -9999 -9999 -9999 -9999 -9999 -9999 -9999 -9999 -9999 -9999 -9999 -9999 -9999 -9999 -9999 -9999 -9999 -9999 -9999 -9999 9.82 10.08 7.17 8.65 15.58 8.97 6.27 11.34 11.80 9.23 8.38 7.72 7.45 6.90 7.93 10.36 17.94 14.80 13.08 10.74 10.25 9.88 7.88 7.26 6.93 7.54 6.27 7.32 7.15 7.60 7.42 7.76 8.36 8.81 8.97 -9999 -9999 -9999 -9999 -9999 -9999 -9999 -9999 -9999 -9999 -9999 -9999 -9999 -9999 -9999 -9999 -9999 -9999 -9999 -9999 -9999 -9999
-9999 -9999 -9999 -9999 -9999 -9999 -9999 -9999 -9999 -9999 -9999 -9999 -9999 -9999 -9999 -9999 -9999 -9999 -9999 -9999 -9999 9.85 9.29 8.53 11.53 7.84 7.68 9.15 13.20 9.78 7.90 10.83 5.95 8.22 7.60 8.57 8.79 11.60 13.09 12.33 11.19 10.30 8.05 7.87 7.17 6.65 6.46 6.84 6.90 7.31 6.87 6.73 6.83 9.50 8.00 9.02 9.83 9.70 -9999 -9999 -9999 -9999 -9999 -9999 -9999 -9999 -9999 -9999 -9999 -9999 -9999 -9999 -9999 -9999 -9999 -9999 -9999 -9999
-9999 -9999 -9999 -9999 -9999 -9999 -9999 -9999 -9999 -9999 -9999 -9999 -9999 -9999 -9999 -9999 -9999 -9999 -9999 -9999 -9999 9.92 9.30 9.95 14.71 15.75 11.43 8.05 9.60 10.27 12.16 7.40 10.36 8.59 7.92 9.25 9.36 7.80 8.23 12.06 11.24 10.15 9.18 8.16 7.59 7.60 7.55 7.10 7.31 7.10 6.56 6.80 6.67 7.32 9.65 9.16 9.26 10.46 10.48 8.87 -9999 -9999 -9999 -9999 -9999 -9999 -9999 -9999 -9999 -9999 -9999 -9999 -9999 -9999 -9999 -9999 -9999 -9999
-9999 -9999 -9999 -9999 -9999 -9999 -9999 -9999 -9999 -9999 -9999 -9999 -9999 -9999 -9999 -9999 -9999 -9999 -9999 -9999 -9999 10.33 8.89 10.63 11.81 7.76 18.66 15.51 9.05 11.04 8.58 11.95 12.40 8.72 7.26 8.45 9.04 7.15 14.01 12.62 12.16 12.48 12.58 11.57 8.40 9.40 8.25 7.86 7.74 7.47 7.16 6.64 5.84 6.45 8.75 7.72 7.29 8.02 9.37 7.98 10.67 -9999 -9999 -9999 -9999 -9999 -9999 -9999 -9999 -9999 -9999 -9999 -9999 -9999 -9999 -9999 -9999 -9999
-9999 -9999 -9999 -9999 -9999 -9999 -9999 -9999 -9999 11.69 12.07 12.84 -9999 -9999 -9999 -9999 -9999 -9999 -9999 -9999 -9999 -9999 9.69 8.46 7.16 9.20 11.39 14.33 8.61 6.07 10.68 10.00 8.93 7.61 9.35 9.62 8.27 8.88 11.54 11.78 15.06 13.77 11.51 10.85 11.30 9.82 8.67 8.27 7.91 7.81 7.04 6.30 10.05 9.05 11.90 12.24 11.04 9.89 7.41 10.06 10.55 9.71 -9999 -9999 -9999 -9999 -9999 -9999 -9999 -9999 -9999 -9999 -9999 -9999 -9999 -9999 -9999 -9999
-9999 -9999 -9999 -9999 -9999 -9999 -9999 -9999 -9999 9.89 10.26 -9999 -9999 -9999 -9999 -9999 -9999 -9999 -9999 -9999 -9999 -9999 -9999 8.32 5.88 9.79 10.60 17.65 9.93 9.96 9.22 7.23 6.34 6.55 6.33 13.79 8.12 9.10 13.79 11.61 9.00 8.42 12.52 8.85 11.45 9.63 8.54 8.03 7.90 7.41 7.69 9.58 10.34 9.55 9.14 8.56 9.51 10.33 9.76 10.01 9.78 11.77 -9999 -9999 -9999 -9999 -9999 -9999 -9999 -9999 -9999 -9999 -9999 -9999 -9999 -9999 -9999 -9999
-9999 -9999 -9999 -9999 -9999 -9999 -9999 -9999 9.75 12.14 12.03 11.82 -9999 -9999 -9999 -9999 -9999 -9999 -9999 -9999 -9999 -9999 -9999 8.62 10.00 10.83 11.39 9.28 10.53 8.55 8.09 7.16 6.45 8.05 6.65 5.25 13.44 9.63 8.93 12.32 10.53 13.14 10.41 10.69 9.34 9.06 8.59 8.49 7.77 7.27 8.34 9.50 8.58 9.37 10.25 9.69 10.00 9.63 9.80 10.06 8.70 11.40 10.36 -9999 -9999 -9999 -9999 -9999 -9999 -9999 -9999 -9999 -9999 -9999 -9999 -9999 -9999 -9999
-9999 -9999 -9999 -9999 -9999 -9999 -9999 8.95 12.68 14.22 17.34 11.75 -9999 -9999 -9999 -9999 -9999 -9999 -9999 -9999 -9999 -9999 -9999 9.75 13.69 11.11 7.36 8.89 8.33 8.84 7.15 6.39 7.10 8.16 5.98 11.58 8.82 11.99 9.27 13.61 8.53 9.80 7.98 10.10 8.68 8.99 9.13 8.05 7.91 7.24 7.35 10.29 10.65 10.14 9.00 9.03 8.59 8.52 8.77 10.28 10.21 9.74 10.45 -9999 -9999 -9999 -9999 -9999 -9999 -9999 -9999 -9999 -9999 -9999 -9999 -9999 -9999 -9999
-9999 -9999 -9999 -9999 -9999 -9999 10.46 9.64 16.07 13.49 13.12 -9999 -9999 -9999 -9999 -9999 -9999 -9999 -9999 -9999 -9999 -9999 -9999 -9999 9.99 8.15 7.49 9.71 7.47 9.43 7.63 6.95 6.63 7.33 5.97 11.63 11.39 12.52 11.85 12.69 12.71 12.63 11.17 10.67 10.86 10.24 8.43 8.15 7.97 7.41 7.25 8.06 12.24 10.92 8.38 7.71 7.63 7.28 7.33 7.35 7.54 7.33 8.26 9.83 10.65 -9999 -9999 -9999 -9999 -9999 -9999 -9999 -9999 -9999 -9999 -9999 -9999 -9999
-9999 -9999 -9999 -9999 -9999 -9999 12.77 14.08 10.78 11.44 11.97 -9999 -9999 -9999 -9999 -9999 -9999 -9999 -9999 -9999 -9999 -9999 -9999 -9999 -9999 8.77 9.13 8.57 7.75 8.94 8.25 8.05 7.43 7.95 5.92 11.60 10.76 9.99 12.10 10.84 10.17 14.24 13.96 10.45 12.02 10.79 10.15 8.40 8.00 7.70 7.41 7.71 8.64 8.91 8.10 7.84 7.56 7.40 7.00 6.87 6.93 7.12 9.89 10.29 10.16 -9999 -9999 -9999 -9999 -9999 -9999 -9999 -9999 -9999 -9999 -9999 -9999 -9999
-9999 -9999 -9999 -9999 -9999 -9999 13.50 12.09 12.60 11.81 -9999 -9999 -9999 -9999 -9999 -9999 -9999 -9999 -9999 -9999 -9999 -9999 -9999 -9999 -9999 9.72 9.72 9.28 -9999 9.19 -9999 8.44 7.32 6.48 5.47 5.91 10.96 10.32 10.83 14.05 7.73 8.78 14.05 12.07 11.34 11.11 9.91 8.70 8.40 8.37 7.89 7.84 8.06 8.78 9.56 8.32 8.63 7.45 6.58 7.53 8.75 8.41 7.98 8.16 9.94 11.79 12.48 -9999 -9999 -9999 -9999 -9999 -9999 -9999 -9999 -9999 -9999 -9999
-9999 -9999 -9999 -9999 -9999 13.27 12.27 11.89 -9999 -9999 -9999 -9999 -9999 -9999 -9999 -9999 -9999 -9999 -9999 -9999 -9999 -9999 -9999 -9999 -9999 10.74 9.92 9.22 -9999 -9999 -9999 8.35 8.62 5.54 6.30 7.75 6.87 6.96 8.91 12.97 12.79 7.91 11.96 13.47 10.63 11.78 10.65 9.56 7.97 8.18 7.95 7.90 7.97 8.17 8.38 8.18 8.34 6.96 7.27 8.36 9.28 9.67 9.57 8.85 8.91 10.14 11.49 -9999 -9999 -9999 -9999 -9999 -9999 -9999 -9999 -9999 -9999 -9999
-9999 -9999 -9999 -9999 -9999 -9999 -9999 -9999 -9999 -9999 -9999 -9999 -9999 -9999 -9999 -9999 -9999 -9999 -9999 -9999 -9999 -9999 -9999 -9999 -9999 -9999 -9999 -9999 -9999 -9999 9.19 7.52 7.10 8.43 9.28 10.10 10.15 8.76 9.38 12.16 11.81 9.91 8.09 11.18 12.34 10.77 9.84 9.05 8.44 8.32 8.48 7.99 7.82 7.88 7.81 7.61 7.03 7.80 10.15 8.66 9.35 8.71 8.83 8.09 8.87 10.00 -9999 -9999 -9999 -9999 -9999 -9999 -9999 -9999 -9999 -9999 -9999 -9999
-9999 -9999 -9999 -9999 -9999 -9999 -9999 -9999 -9999 -9999 -9999 -9999 -9999 -9999 -9999 -9999 -9999 -9999 -9999 -9999 -9999 -9999 -9999 -9999 -9999 -9999 -9999 -9999 -9999 -9999 8.68 7.34 8.34 10.51 13.08 11.99 9.14 10.28 7.95 8.61 8.00 9.59 10.22 11.03 11.22 10.90 9.72 9.26 8.90 8.24 8.41 7.86 7.77 7.80 7.82 7.62 7.01 7.51 11.05 10.17 8.47 8.15 7.97 7.85 8.75 10.21 -9999 -9999 -9999 -9999 -9999 -9999 -9999 -9999 -9999 -9999 -9999 -9999
-9999 -9999 -9999 -9999 -9999 -9999 -9999 -9999 -9999 -9999 -9999 -9999 -9999 -9999 -9999 -9999 -9999 -9999 -9999 -9999 -9999 -9999 -9999 -9999 -9999 -9999 -9999 -9999 -9999 -9999 8.06 6.87 7.23 9.95 11.07 10.65 9.79 9.18 8.27 8.96 7.81 7.68 8.57 7.28 11.13 9.80 10.68 9.45 9.12 8.00 7.80 7.88 7.81 7.84 7.77 7.68 7.36 7.21 9.10 9.70 8.64 7.96 7.93 7.78 8.58 9.93 -9999 -9999 -9999 -9999 -9999 -9999 -9999 -9999 -9999 -9999 -9999 -9999
-9999 -9999 -9999 -9999 -9999 -9999 -9999 -9999 -9999 -9999 -9999 -9999 -9999 -9999 -9999 -9999 -9999 -9999 -9999 -9999 -9999 -9999 -9999 -9999 -9999 -9999 -9999 -9999 10.46 9.06 7.50 6.71 9.25 10.98 13.60 10.44 11.79 7.17 8.15 8.09 8.89 9.44 9.28 11.17 8.12 8.36 8.35 8.29 7.84 8.57 7.74 7.72 8.03 7.77 7.75 7.80 7.52 7.41 7.71 9.21 8.45 7.73 7.67 7.70 8.19 9.45 10.71 -9999 -9999 -9999 -9999 -9999 -9999 -9999 -9999 -9999 -9999 -9999
-9999 -9999 -9999 -9999 -9999 -9999 -9999 -9999 -9999 -9999 -9999 -9999 -9999 -9999 -9999 -9999 -9999 -9999 -9999 -9999 -9999 -9999 -9999 -9999 -9999 -9999 -9999 -9999 9.88 8.38 7.45 7.01 7.57 10.45 8.41 8.14 6.63 8.02 10.73 8.42 9.61 9.10 10.28 7.24 10.91 8.97 10.07 9.74 9.69 8.51 8.08 7.79 7.71 7.70 7.78 7.77 7.68 7.45 7.37 7.87 8.76 8.04 7.64 7.75 7.93 8.91 10.26 -9999 -9999 -9999 -9999 -9999 -9999 -9999 -9999 -9999 -9999 -9999
-9999 -9999 -9999 -9999 -9999 -9999 -9999 -9999 -9999 -9999 -9999 -9999 -9999 -9999 -9999 -9999 -9999 -9999 -9999 -9999 -9999 -9999 -9999 -9999 -9999 -9999 -9999 -9999 9.92 8.31 7.74 7.39 7.73 8.40 8.51 7.50 6.59 7.85 8.19 7.60 9.22 11.39 9.18 8.77 7.63 9.29 7.75 8.33 8.95 9.25 8.38 8.10 7.70 7.67 7.79 7.81 7.74 7.58 7.38 7.59 8.58 9.08 8.08 7.72 7.93 8.45 9.39 10.58 -9999 -9999 -9999 -9999 -9999 -9999 -9999 -9999 -9999 -9999
-9999 -9999 -9999 -9999 -9999 -9999 -9999 -9999 -9999 -9999 -9999 -9999 -9999 -9999 -9999 -9999 -9999 -9999 -9999 -9999 -9999 -9999 -9999 -9999 -9999 -9999 -9999 -9999 9.67 8.45 8.04 7.97 7.78 7.62 7.20 7.67 8.52 6.53 6.65 7.53 11.64 11.65 12.49 11.20 9.37 9.07 9.46 8.16 7.64 8.65 8.97 8.04 7.69 7.74 7.67 7.77 7.82 7.81 7.59 7.57 8.99 9.95 8.79 8.36 8.45 8.36 8.66 9.79 10.90 -9999 -9999 -9999 -9999 -9999 -9999 -9999 -9999 -9999
-9999 -9999 -9999 -9999 -9999 -9999 -9999 -9999 -9999 -9999 -9999 -9999 -9999 -9999 -9999 -9999 -9999 -9999 -9999 -9999 -9999 -9999 -9999 -9999 -9999 -9999 -9999 -9999 9.66 8.28 7.91 7.70 7.37 6.90 7.20 6.67 7.74 8.40 10.00 11.23 12.18 9.67 11.16 9.90 9.78 8.45 9.55 8.99 8.30 7.73 7.58 7.76 7.61 7.72 7.78 7.89 7.92 8.03 8.04 8.03 8.41 9.31 8.96 8.60 8.76 8.86 8.73 8.90 10.16 -9999 -9999 -9999 -9999 -9999 -9999 -9999 -9999 -9999
-9999 -9999 -9999 -9999 -9999 -9999 -9999 -9999 -9999 -9999 -9999 -9999 -9999 -9999 -9999 -9999 -9999 -9999 -9999 -9999 -9999 -9999 -9999 -9999 -9999 -9999 -9999 -9999 -9999 8.29 7.93 7.53 6.91 7.25 8.77 8.77 9.54 8.63 8.43 10.37 10.19 11.19 10.29 8.54 7.28 7.80 7.64 8.78 8.06 7.82 8.31 8.06 7.56 7.82 7.77 7.90 7.89 8.01 8.19 8.31 8.52 8.49 8.63 8.77 9.05 -9999 9.17 9.49 10.26 11.60 -9999 -9999 -9999 -9999 -9999 -9999 -9999 -9999
-9999 -9999 -9999 -9999 -9999 -9999 -9999 -9999 -9999 -9999 -9999 -9999 -9999 -9999 -9999 -9999 -9999 -9999 -9999 -9999 -9999 -9999 -9999 -9999 -9999 -9999 -9999 -9999 9.45 8.17 7.73 7.07 6.59 6.81 10.32 10.84 9.16 11.65 11.24 9.60 9.19 12.54 10.59 10.73 8.50 6.92 8.70 7.64 7.19 7.86 8.01 7.64 7.79 7.64 7.67 7.76 7.92 7.86 7.94 9.20 8.57 8.11 9.27 8.63 8.74 8.91 -9999 10.01 10.71 11.79 12.63 -9999 -9999 -9999 -9999 -9999 -9999 -9999
-9999 -9999 -9999 -9999 -9999 -9999 -9999 -9999 -9999 -9999 -9999 -9999 -9999 -9999 -9999 -9999 -9999 -9999 -9999 -9999 -9999 -9999 -9999 -9999 -9999 -9999 -9999 -9999 9.21 7.96 7.57 7.04 8.25 7.51 8.63 11.28 8.58 8.93 9.27 7.66 7.50 10.62 9.78 9.55 6.88 8.59 9.52 7.67 8.63 8.00 8.51 8.25 7.86 7.55 7.58 7.65 7.71 7.64 7.60 7.81 8.21 7.50 7.84 8.43 7.94 8.65 9.20 -9999 -9999 -9999 -9999 -9999 -9999 -9999 -9999 -9999 -9999 -9999
-9999 -9999 -9999 -9999 -9999 -9999 -9999 -9999 -9999 -9999 -9999 -9999 -9999 -9999 -9999 -9999 -9999 -9999 -9999 -9999 -9999 -9999 -9999 -9999 -9999 -9999 -9999 10.51 8.62 7.73 8.28 7.84 7.93 7.65 8.68 8.98 8.44 8.17 7.81 7.56 7.77 10.04 11.94 11.74 7.83 10.08 9.68 7.77 8.15 7.44 8.06 8.26 7.68 7.38 7.66 7.65 7.63 7.72 7.56 7.71 7.82 7.73 7.66 8.86 8.25 8.21 8.54 9.63 10.79 -9999 -9999 -9999 -9999 -9999 -9999 -9999 -9999 -9999
-9999 -9999 -9999 -9999 -9999 -9999 -9999 -9999 -9999 -9999 -9999 -9999 -9999 -9999 -9999 -9999 -9999 -9999 -9999 -9999 -9999 -9999 -9999 -9999 -9999 -9999 -9999 -9999 8.72 7.72 7.66 7.98 9.58 7.82 7.68 7.69 7.98 8.18 7.68 7.38 7.19 7.38 10.57 11.32 12.06 9.86 10.20 9.43 8.61 9.00 7.24 7.27 8.00 7.40 7.53 7.49 7.49 7.69 7.57 7.64 7.91 7.64 7.38 7.55 9.48 8.47 8.17 8.57 9.48 10.57 11.71 -9999 -9999 -9999 -9999 -9999 -9999 -9999
-9999 -9999 -9999 -9999 -9999 -9999 -9999 -9999 -9999 -9999 -9999 -9999 -9999 -9999 -9999 -9999 -9999 -9999 -9999 -9999 -9999 -9999 -9999 -9999 -9999 -9999 -9999 -9999 8.64 8.07 7.68 7.84 8.03 8.07 7.75 7.31 7.39 7.07 6.85 6.89 6.96 7.53 7.03 10.95 13.16 13.71 11.47 10.03 9.50 8.30 8.45 7.55 8.43 7.57 7.64 7.49 7.47 7.53 7.57 7.84 7.87 7.64 7.29 7.74 9.52 8.91 9.02 8.13 8.40 9.37 10.61 -9999 -9999 -9999 -9999 -9999 -9999 -9999
-9999 -9999 -9999 -9999 -9999 -9999 -9999 -9999 13.82 12.98 13.28 14.17 -9999 -9999 -9999 -9999 -9999 -9999 -9999 -9999 -9999 -9999 -9999 -9999 -9999 -9999 -9999 9.06 8.13 8.48 7.95 8.67 8.20 7.57 7.32 7.29 7.10 7.07 6.86 6.82 6.66 6.56 9.34 11.63 11.82 10.03 12.46 11.37 8.59 8.55 6.91 9.18 9.03 7.81 7.73 7.55 7.48 7.53 7.59 7.75 8.05 7.82 7.32 7.48 8.00 9.55 9.32 9.65 8.23 8.31 9.58 10.97 -9999 -9999 -9999 -9999 -9999 -9999
-9999 -9999 -9999 -9999 -9999 -9999 -9999 -9999 13.27 12.42 12.19 12.57 -9999 -9999 -9999 -9999 -9999 -9999 -9999 -9999 -9999 -9999 -9999 -9999 -9999 -9999 9.12 8.85 8.13 8.41 9.26 8.16 8.03 7.22 7.13 7.26 7.05 7.17 7.19 6.52 6.04 5.92 7.61 13.00 13.28 9.88 11.27 10.57 10.19 7.74 6.98 8.40 8.83 8.08 7.35 7.33 7.44 7.83 7.73 7.67 7.78 8.05 7.58 7.65 7.85 9.41 9.41 9.28 8.39 8.35 8.86 10.33 -9999 -9999 -9999 -9999 -9999 -9999
-9999 -9999 -9999 -9999 -9999 -9999 16.05 13.27 11.82 11.98 11.69 12.45 11.99 12.86 13.28 -9999 -9999 12.54 10.60 -9999 -9999 -9999 9.01 9.99 9.14 -9999 7.36 9.07 8.40 8.05 8.47 7.95 8.01 7.91 8.35 7.91 7.83 7.02 7.26 6.58 6.39 9.08 6.83 9.22 11.86 7.69 9.29 13.19 8.36 9.84 7.89 8.29 8.40 7.90 7.63 7.60 7.59 7.87 7.55 7.66 7.56 8.16 7.56 7.62 7.93 8.46 9.11 9.87 9.43 8.50 8.43 9.68 11.24 -9999 -9999 -9999 -9999 -9999
-9999 -9999 -9999 -9999 -9999 -9999 -9999 13.68 12.32 11.69 11.24 11.34 12.08 13.08 10.51 -9999 9.16 10.54 10.93 9.33 9.93 7.19 6.68 10.40 10.06 8.62 -9999 7.15 8.56 8.50 7.86 7.77 8.23 7.57 7.47 7.44 7.27 7.36 7.01 7.18 6.75 9.40 9.87 9.93 10.54 9.91 11.70 11.65 9.80 7.95 7.45 8.84 8.80 7.59 8.00 7.60 7.99 8.11 7.67 7.62 7.49 8.19 7.67 7.77 8.04 8.10 8.84 9.46 10.03 9.28 8.67 9.22 10.69 -9999 -9999 -9999 -9999 -9999
