ML/MeanWindSpeed_1996-11_Actual.txt
ncols         180
nrows         290
xllcorner     -200000
yllcorner     -200000
cellsize      5000
NODATA_value  -9999
[rows 140 to 174 of 290, columns 78 to 155 of 180]
-9999 -9999 -9999 15.91 -9999 -9999 -9999 13.35 13.57 11.64 11.74 12.82 -9999 -9999 12.79 10.21 14.09 15.81 -9999 -9999 -9999 -9999 -9999 12.69 11.05 7.64 8.12 8.40 9.43 8.61 9.37 8.84 4.88 7.81 13.50 17.36 12.83 15.72 16.89 16.96 13.00 13.56 13.56 11.07 7.33 6.96 7.02 2.90 4.54 8.65 11.55 -9999 -9999 -9999 -9999 -9999 -9999 -9999 -9999 -9999 -9999 -9999 -9999 -9999 -9999 -9999 -9999 -9999 -9999 -9999 -9999 -9999 -9999 -9999 -9999 -9999 -9999 -9999
-9999 -9999 -9999 15.86 15.99 -9999 -9999 -9999 13.56 14.43 13.95 14.47 -9999 -9999 -9999 -9999 14.02 -9999 -9999 -9999 -9999 -9999 -9999 10.92 9.52 8.22 9.77 12.48 12.60 10.43 10.20 8.55 6.13 5.38 10.65 15.08 10.69 18.58 17.36 18.78 13.87 13.88 15.62 11.04 7.89 6.46 4.09 2.52 4.42 8.00 11.18 -9999 -9999 -9999 -9999 -9999 -9999 -9999 -9999 -9999 -9999 -9999 -9999 -9999 -9999 -9999 -9999 -9999 -9999 -9999 -9999 -9999 -9999 -9999 -9999 -9999 -9999 -9999
-9999 -9999 -9999 -9999 17.97 -9999 -9999 -9999 -9999 14.46 15.99 15.60 -9999 -9999 -9999 -9999 -9999 -9999 -9999 -9999 -9999 -9999 12.33 10.59 10.62 10.92 11.46 14.40 14.10 12.37 11.78 10.09 8.61 5.03 6.51 17.00 19.10 18.59 17.42 13.03 11.30 11.90 9.34 5.95 8.80 8.54 3.84 3.17 5.07 7.69 10.95 13.22 -9999 -9999 -9999 -9999 -9999 -9999 -9999 -9999 -9999 -9999 -9999 -9999 -9999 -9999 -9999 -9999 -9999 -9999 -9999 -9999 -9999 -9999 -9999 -9999 -9999 -9999
-9999 -9999 -9999 -9999 19.78 -9999 -9999 -9999 -9999 -9999 -9999 -9999 -9999 -9999 -9999 -9999 -9999 -9999 -9999 -9999 -9999 -9999 12.72 10.27 8.78 8.03 6.69 17.71 15.01 13.36 15.38 11.04 11.93 4.35 3.37 12.48 20.24 15.92 13.15 19.02 21.29 18.55 14.50 11.87 5.31 5.99 5.55 6.90 6.04 7.32 10.89 12.99 13.90 -9999 -9999 -9999 -9999 -9999 -9999 -9999 -9999 -9999 -9999 -9999 -9999 -9999 -9999 -9999 -9999 -9999 -9999 -9999 -9999 -9999 -9999 -9999 -9999 -9999
-9999 -9999 -9999 -9999 -9999 -9999 -9999 -9999 -9999 -9999 -9999 -9999 -9999 -9999 -9999 -9999 -9999 -9999 -9999 -9999 -9999 12.76 11.34 9.21 8.01 13.25 6.06 24.79 24.39 12.80 13.54 12.15 10.15 9.52 3.57 4.54 18.55 18.36 15.70 13.73 12.25 15.72 14.53 12.35 8.80 6.78 6.39 6.01 6.23 8.38 9.15 10.12 12.05 -9999 -9999 -9999 -9999 -9999 -9999 -9999 -9999 -9999 -9999 -9999 -9999 -9999 -9999 -9999 -9999 -9999 -9999 -9999 -9999 -9999 -9999 -9999 -9999 -9999
-9999 -9999 -9999 -9999 -9999 -9999 -9999 -9999 -9999 -9999 -9999 -9999 -9999 -9999 -9999 -9999 -9999 -9999 -9999 -9999 -9999 10.83 11.61 7.75 12.19 24.35 12.48 6.84 16.01 17.74 14.23 14.09 12.31 10.69 7.00 4.71 6.40 19.78 16.99 16.15 12.77 12.38 12.38 9.37 8.62 8.38 9.33 6.93 8.51 7.90 8.55 8.63 9.81 11.67 13.30 13.64 -9999 -9999 -9999 -9999 -9999 -9999 -9999 -9999 -9999 -9999 -9999 -9999 -9999 -9999 -9999 -9999 -9999 -9999 -9999 -9999 -9999 -9999
-9999 -9999 -9999 -9999 -9999 -9999 -9999 -9999 -9999 -9999 -9999 -9999 -9999 -9999 -9999 -9999 -9999 -9999 -9999 -9999 -9999 10.31 9.40 9.11 15.84 10.59 10.49 12.18 17.78 12.97 12.02 18.43 10.62 13.56 10.05 7.36 5.22 9.91 14.82 15.52 14.61 13.59 10.25 10.15 8.93 7.85 7.21 7.58 7.65 8.28 7.62 7.62 8.17 13.41 11.73 13.46 14.70 14.29 -9999 -9999 -9999 -9999 -9999 -9999 -9999 -9999 -9999 -9999 -9999 -9999 -9999 -9999 -9999 -9999 -9999 -9999 -9999 -9999
-9999 -9999 -9999 -9999 -9999 -9999 -9999 -9999 -9999 -9999 -9999 -9999 -9999 -9999 -9999 -9999 -9999 -9999 -9999 -9999 -9999 10.12 8.45 9.88 18.92 21.54 16.11 10.58 10.74 11.85 17.35 10.90 16.74 13.82 12.23 11.53 8.96 5.58 7.54 15.04 15.12 13.87 12.31 10.79 9.87 9.37 8.74 7.84 8.23 7.98 7.35 8.32 8.63 10.27 14.65 13.65 13.73 15.45 15.39 13.04 -9999 -9999 -9999 -9999 -9999 -9999 -9999 -9999 -9999 -9999 -9999 -9999 -9999 -9999 -9999 -9999 -9999 -9999
-9999 -9999 -9999 -9999 -9999 -9999 -9999 -9999 -9999 -9999 -9999 -9999 -9999 -9999 -9999 -9999 -9999 -9999 -9999 -9999 -9999 11.15 8.20 11.05 13.87 7.91 27.64 22.46 9.41 12.58 9.94 16.66 18.36 12.85 10.84 11.52 10.90 7.01 18.63 16.56 16.27 17.61 18.17 16.58 11.12 12.53 9.94 9.01 8.78 8.54 8.53 8.59 7.60 8.59 12.37 10.48 9.80 10.86 13.22 11.41 15.92 -9999 -9999 -9999 -9999 -9999 -9999 -9999 -9999 -9999 -9999 -9999 -9999 -9999 -9999 -9999 -9999 -9999
-9999 -9999 -9999 -9999 -9999 -9999 -9999 -9999 -9999 16.55 17.58 18.01 -9999 -9999 -9999 -9999 -9999 -9999 -9999 -9999 -9999 -9999 11.19 8.57 6.87 10.84 14.04 19.14 8.78 4.49 12.63 11.77 11.10 9.76 12.49 12.36 10.07 11.36 14.87 14.93 20.86 19.19 15.83 14.82 15.67 12.95 10.62 9.68 9.00 8.89 7.94 7.62 14.14 11.92 16.38 16.72 14.63 12.72 8.94 14.13 15.16 13.64 -9999 -9999 -9999 -9999 -9999 -9999 -9999 -9999 -9999 -9999 -9999 -9999 -9999 -9999 -9999 -9999
-9999 -9999 -9999 -9999 -9999 -9999 -9999 -9999 -9999 14.28 14.65 -9999 -9999 -9999 -9999 -9999 -9999 -9999 -9999 -9999 -9999 -9999 -9999 9.22 5.57 11.44 11.66 24.08 11.68 11.82 10.20 6.61 5.57 6.97 6.85 19.40 9.80 11.61 18.92 14.43 10.23 9.38 16.52 10.81 15.43 12.37 10.38 9.36 8.93 7.88 8.37 12.35 13.97 11.98 10.61 9.35 10.96 12.55 12.03 13.13 13.14 16.68 -9999 -9999 -9999 -9999 -9999 -9999 -9999 -9999 -9999 -9999 -9999 -9999 -9999 -9999 -9999 -9999
-9999 -9999 -9999 -9999 -9999 -9999 -9999 -9999 12.20 16.41 15.55 14.76 -9999 -9999 -9999 -9999 -9999 -9999 -9999 -9999 -9999 -9999 -9999 10.38 12.88 13.22 13.59 10.45 12.98 10.16 8.92 6.76 5.95 9.14 6.82 5.40 19.30 12.27 10.81 16.86 13.85 18.64 14.22 15.09 12.71 11.82 10.82 10.34 8.81 7.48 8.93 11.09 9.94 10.95 11.62 10.39 10.88 10.56 11.23 11.92 9.92 15.00 13.96 -9999 -9999 -9999 -9999 -9999 -9999 -9999 -9999 -9999 -9999 -9999 -9999 -9999 -9999 -9999
-9999 -9999 -9999 -9999 -9999 -9999 -9999 10.47 15.97 18.09 23.40 14.30 -9999 -9999 -9999 -9999 -9999 -9999 -9999 -9999 -9999 -9999 -9999 12.76 18.78 13.47 7.21 9.86 8.92 10.34 7.36 5.82 7.44 8.95 4.78 15.01 11.02 15.79 11.32 19.28 10.91 13.51 10.94 14.46 12.00 12.23 12.05 9.81 9.20 7.29 6.69 11.37 12.30 11.84 9.63 9.44 8.57 8.47 9.08 11.83 12.24 12.07 14.17 -9999 -9999 -9999 -9999 -9999 -9999 -9999 -9999 -9999 -9999 -9999 -9999 -9999 -9999 -9999
-9999 -9999 -9999 -9999 -9999 -9999 12.87 11.16 20.88 15.84 15.38 -9999 -9999 -9999 -9999 -9999 -9999 -9999 -9999 -9999 -9999 -9999 -9999 -9999 12.23 8.37 7.84 11.34 7.52 11.03 8.08 7.02 6.59 7.02 4.45 14.35 14.47 16.26 15.85 17.97 17.71 17.91 16.55 15.57 15.61 14.65 11.02 9.97 8.99 7.10 6.26 7.22 14.59 13.05 8.93 7.91 7.83 7.08 7.21 7.65 8.41 8.38 10.43 13.33 14.86 -9999 -9999 -9999 -9999 -9999 -9999 -9999 -9999 -9999 -9999 -9999 -9999 -9999
-9999 -9999 -9999 -9999 -9999 -9999 16.17 17.79 11.32 11.93 13.41 -9999 -9999 -9999 -9999 -9999 -9999 -9999 -9999 -9999 -9999 -9999 -9999 -9999 -9999 9.86 10.82 9.50 8.15 10.22 9.17 9.17 8.17 8.64 4.91 14.43 12.84 11.08 15.61 14.78 13.30 20.14 20.50 15.09 17.42 15.17 13.84 10.17 8.75 7.65 6.81 6.87 8.47 9.47 8.50 8.53 8.27 8.03 7.56 7.53 7.65 8.14 12.94 13.68 13.51 -9999 -9999 -9999 -9999 -9999 -9999 -9999 -9999 -9999 -9999 -9999 -9999 -9999
-9999 -9999 -9999 -9999 -9999 -9999 17.15 14.29 14.92 13.60 -9999 -9999 -9999 -9999 -9999 -9999 -9999 -9999 -9999 -9999 -9999 -9999 -9999 -9999 -9999 12.11 11.70 10.56 -9999 10.83 -9999 10.07 8.63 7.80 5.91 5.78 13.68 11.75 12.89 18.86 7.91 9.81 19.12 16.43 15.69 15.09 12.86 10.48 9.67 9.52 8.44 7.72 7.72 9.19 11.07 9.44 10.24 8.69 7.81 9.39 11.17 10.58 9.52 9.56 12.59 15.77 16.91 -9999 -9999 -9999 -9999 -9999 -9999 -9999 -9999 -9999 -9999 -9999
-9999 -9999 -9999 -9999 -9999 17.29 14.95 14.05 -9999 -9999 -9999 -9999 -9999 -9999 -9999 -9999 -9999 -9999 -9999 -9999 -9999 -9999 -9999 -9999 -9999 14.15 12.19 10.70 -9999 -9999 -9999 9.76 10.89 6.71 8.42 9.86 6.95 6.34 9.18 15.94 15.57 7.85 15.07 18.08 14.13 15.81 13.95 12.03 9.13 9.29 8.75 8.34 8.13 8.41 9.13 9.19 9.64 7.88 9.40 11.23 12.19 12.45 11.93 10.47 10.56 12.70 14.98 -9999 -9999 -9999 -9999 -9999 -9999 -9999 -9999 -9999 -9999 -9999
-9999 -9999 -9999 -9999 -9999 -9999 -9999 -9999 -9999 -9999 -9999 -9999 -9999 -9999 -9999 -9999 -9999 -9999 -9999 -9999 -9999 -9999 -9999 -9999 -9999 -9999 -9999 -9999 -9999 -9999 10.93 7.84 7.67 11.14 12.99 13.47 12.55 9.50 9.88 14.28 14.00 10.96 7.95 13.75 16.40 13.85 12.66 11.39 10.06 9.52 9.66 8.76 8.37 8.38 8.37 8.17 7.24 9.01 13.86 11.59 12.41 10.97 10.91 9.48 10.58 12.23 -9999 -9999 -9999 -9999 -9999 -9999 -9999 -9999 -9999 -9999 -9999 -9999
-9999 -9999 -9999 -9999 -9999 -9999 -9999 -9999 -9999 -9999 -9999 -9999 -9999 -9999 -9999 -9999 -9999 -9999 -9999 -9999 -9999 -9999 -9999 -9999 -9999 -9999 -9999 -9999 -9999 -9999 9.83 7.18 9.45 14.45 18.50 15.94 11.00 12.53 8.23 8.82 8.25 11.11 11.89 13.51 14.41 13.73 11.96 11.29 10.73 9.59 9.77 8.84 8.75 8.79 8.81 8.39 7.27 8.35 14.81 13.84 11.19 10.47 10.00 9.57 10.67 12.60 -9999 -9999 -9999 -9999 -9999 -9999 -9999 -9999 -9999 -9999 -9999 -9999
-9999 -9999 -9999 -9999 -9999 -9999 -9999 -9999 -9999 -9999 -9999 -9999 -9999 -9999 -9999 -9999 -9999 -9999 -9999 -9999 -9999 -9999 -9999 -9999 -9999 -9999 -9999 -9999 -9999 -9999 8.55 6.08 6.71 11.51 13.55 12.57 10.98 11.03 9.97 10.41 8.89 9.09 9.96 7.58 14.18 11.99 13.70 11.85 11.48 9.63 9.20 9.32 9.20 9.23 9.07 8.83 8.16 7.80 11.11 12.93 11.97 10.90 10.66 10.11 10.67 11.86 -9999 -9999 -9999 -9999 -9999 -9999 -9999 -9999 -9999 -9999 -9999 -9999
-9999 -9999 -9999 -9999 -9999 -9999 -9999 -9999 -9999 -9999 -9999 -9999 -9999 -9999 -9999 -9999 -9999 -9999 -9999 -9999 -9999 -9999 -9999 -9999 -9999 -9999 -9999 -9999 13.04 10.43 7.45 5.68 9.63 12.41 16.78 11.66 14.17 7.50 9.58 9.51 11.98 12.96 12.00 14.55 8.86 9.52 9.79 9.82 9.40 10.88 9.55 9.46 9.86 9.38 9.26 9.25 8.70 8.37 8.78 12.09 12.13 11.34 10.88 10.58 10.18 10.36 11.99 -9999 -9999 -9999 -9999 -9999 -9999 -9999 -9999 -9999 -9999 -9999
-9999 -9999 -9999 -9999 -9999 -9999 -9999 -9999 -9999 -9999 -9999 -9999 -9999 -9999 -9999 -9999 -9999 -9999 -9999 -9999 -9999 -9999 -9999 -9999 -9999 -9999 -9999 -9999 11.83 9.06 7.36 6.38 6.93 11.34 8.10 8.29 5.90 8.75 13.88 10.62 13.79 12.83 14.46 9.05 14.49 10.93 12.67 11.94 12.17 10.68 10.30 9.77 9.42 9.36 9.43 9.30 9.13 8.69 8.49 9.83 12.53 12.06 11.03 10.84 9.59 8.75 10.79 -9999 -9999 -9999 -9999 -9999 -9999 -9999 -9999 -9999 -9999 -9999
-9999 -9999 -9999 -9999 -9999 -9999 -9999 -9999 -9999 -9999 -9999 -9999 -9999 -9999 -9999 -9999 -9999 -9999 -9999 -9999 -9999 -9999 -9999 -9999 -9999 -9999 -9999 -9999 11.78 8.79 7.74 7.07 7.24 7.89 8.82 7.83 6.69 9.48 10.27 9.52 12.38 15.90 12.17 11.21 8.88 11.65 9.03 10.12 11.15 11.73 10.61 10.22 9.42 9.36 9.50 9.42 9.25 9.03 8.73 9.35 11.74 13.29 11.57 10.54 9.14 7.72 9.08 11.44 -9999 -9999 -9999 -9999 -9999 -9999 -9999 -9999 -9999 -9999
-9999 -9999 -9999 -9999 -9999 -9999 -9999 -9999 -9999 -9999 -9999 -9999 -9999 -9999 -9999 -9999 -9999 -9999 -9999 -9999 -9999 -9999 -9999 -9999 -9999 -9999 -9999 -9999 11.32 8.97 8.25 8.17 7.72 7.53 7.64 9.12 11.08 7.33 7.27 9.38 15.95 15.78 17.27 14.61 11.26 10.86 11.69 9.62 8.74 10.57 11.51 10.16 9.49 9.49 9.28 9.33 9.36 9.44 9.21 9.42 12.09 14.18 12.49 11.22 9.79 7.91 7.84 9.96 12.24 -9999 -9999 -9999 -9999 -9999 -9999 -9999 -9999 -9999
-9999 -9999 -9999 -9999 -9999 -9999 -9999 -9999 -9999 -9999 -9999 -9999 -9999 -9999 -9999 -9999 -9999 -9999 -9999 -9999 -9999 -9999 -9999 -9999 -9999 -9999 -9999 -9999 11.33 8.70 8.04 7.72 7.24 6.64 8.24 8.11 9.61 9.99 12.89 15.17 16.09 12.45 15.30 12.85 12.29 10.00 12.06 11.11 9.81 9.06 9.13 9.65 9.38 9.37 9.35 9.42 9.43 9.70 9.92 10.22 10.89 12.61 12.42 11.28 10.32 9.28 8.38 8.51 10.93 -9999 -9999 -9999 -9999 -9999 -9999 -9999 -9999 -9999
-9999 -9999 -9999 -9999 -9999 -9999 -9999 -9999 -9999 -9999 -9999 -9999 -9999 -9999 -9999 -9999 -9999 -9999 -9999 -9999 -9999 -9999 -9999 -9999 -9999 -9999 -9999 -9999 -9999 8.80 8.19 7.58 6.65 7.33 10.48 10.70 11.53 9.58 9.20 12.29 11.92 14.87 13.93 10.75 8.24 9.23 9.26 11.12 9.73 9.34 10.29 9.97 9.10 9.28 9.09 9.23 9.18 9.44 9.92 10.46 10.79 10.56 11.11 11.23 10.93 -9999 9.70 10.02 11.39 13.98 -9999 -9999 -9999 -9999 -9999 -9999 -9999 -9999
-9999 -9999 -9999 -9999 -9999 -9999 -9999 -9999 -9999 -9999 -9999 -9999 -9999 -9999 -9999 -9999 -9999 -9999 -9999 -9999 -9999 -9999 -9999 -9999 -9999 -9999 -9999 -9999 11.01 8.74 8.14 7.09 6.17 6.22 12.19 13.12 9.94 13.73 12.89 10.10 10.14 16.94 14.82 15.62 11.32 8.64 11.43 9.10 8.19 9.31 9.55 9.09 9.27 8.66 8.62 8.70 8.97 8.92 9.15 11.52 10.61 9.64 11.57 10.55 10.62 10.34 -9999 11.46 12.62 14.67 16.31 -9999 -9999 -9999 -9999 -9999 -9999 -9999
-9999 -9999 -9999 -9999 -9999 -9999 -9999 -9999 -9999 -9999 -9999 -9999 -9999 -9999 -9999 -9999 -9999 -9999 -9999 -9999 -9999 -9999 -9999 -9999 -9999 -9999 -9999 -9999 10.53 8.28 7.77 7.02 9.00 7.23 8.64 12.94 8.27 8.78 9.24 6.35 6.80 13.19 13.58 14.22 9.72 12.44 13.34 9.63 10.89 9.49 10.11 9.72 9.10 8.30 8.21 8.29 8.40 8.32 8.31 8.75 9.59 8.27 8.61 9.75 9.23 10.36 10.83 -9999 -9999 -9999 -9999 -9999 -9999 -9999 -9999 -9999 -9999 -9999
-9999 -9999 -9999 -9999 -9999 -9999 -9999 -9999 -9999 -9999 -9999 -9999 -9999 -9999 -9999 -9999 -9999 -9999 -9999 -9999 -9999 -9999 -9999 -9999 -9999 -9999 -9999 12.94 9.46 7.80 8.85 8.25 8.30 7.44 8.42 8.44 7.69 7.39 6.59 6.27 7.05 11.26 15.83 17.21 11.77 15.42 14.15 10.15 10.23 8.52 9.20 9.61 8.82 8.02 8.28 8.22 8.15 8.34 8.09 8.37 8.67 8.38 7.93 10.16 9.73 9.72 10.04 11.68 13.39 -9999 -9999 -9999 -9999 -9999 -9999 -9999 -9999 -9999
-9999 -9999 -9999 -9999 -9999 -9999 -9999 -9999 -9999 -9999 -9999 -9999 -9999 -9999 -9999 -9999 -9999 -9999 -9999 -9999 -9999 -9999 -9999 -9999 -9999 -9999 -9999 -9999 9.67 7.87 7.76 8.34 10.85 7.55 6.86 6.62 7.35 7.81 6.95 6.46 6.19 6.63 12.94 16.31 18.52 14.54 14.88 12.81 10.80 10.84 7.70 8.11 9.56 8.14 8.06 7.94 7.97 8.33 8.09 8.17 8.69 8.20 7.38 7.66 11.44 10.10 9.59 10.11 11.24 12.98 15.06 -9999 -9999 -9999 -9999 -9999 -9999 -9999
-9999 -9999 -9999 -9999 -9999 -9999 -9999 -9999 -9999 -9999 -9999 -9999 -9999 -9999 -9999 -9999 -9999 -9999 -9999 -9999 -9999 -9999 -9999 -9999 -9999 -9999 -9999 -9999 9.57 8.37 7.59 7.76 8.02 8.05 7.45 6.61 6.82 6.35 6.06 6.03 6.02 7.24 7.00 14.90 19.11 19.66 16.41 14.02 12.16 9.76 9.82 8.56 10.18 8.42 8.25 7.94 8.03 8.11 8.05 8.47 8.52 8.16 7.27 7.88 10.95 10.48 11.03 9.37 9.42 10.85 13.03 -9999 -9999 -9999 -9999 -9999 -9999 -9999
-9999 -9999 -9999 -9999 -9999 -9999 -9999 -9999 16.79 15.63 16.49 18.33 -9999 -9999 -9999 -9999 -9999 -9999 -9999 -9999 -9999 -9999 -9999 -9999 -9999 -9999 -9999 10.52 8.70 8.95 7.90 9.02 8.29 7.49 7.26 7.15 6.71 6.66 6.41 6.27 6.17 6.11 10.55 15.13 15.79 12.63 17.52 16.14 10.83 10.46 7.43 11.31 11.13 8.80 8.51 8.12 8.11 8.11 7.96 8.21 8.73 8.46 7.40 7.42 8.11 11.03 11.13 11.87 9.33 9.07 11.14 13.72 -9999 -9999 -9999 -9999 -9999 -9999
-9999 -9999 -9999 -9999 -9999 -9999 -9999 -9999 15.38 14.07 14.04 15.15 -9999 -9999 -9999 -9999 -9999 -9999 -9999 -9999 -9999 -9999 -9999 -9999 -9999 -9999 10.44 9.77 8.58 8.94 10.26 8.39 8.38 6.95 6.86 7.07 6.77 7.07 7.26 6.17 5.68 6.11 8.85 17.58 17.83 12.23 14.82 14.20 13.41 8.91 7.46 10.06 10.71 9.27 7.99 7.81 8.07 8.59 8.16 8.00 8.23 8.88 7.93 7.69 7.65 10.34 10.76 11.00 9.64 9.25 9.93 12.52 -9999 -9999 -9999 -9999 -9999 -9999
-9999 -9999 -9999 -9999 -9999 -9999 20.30 15.25 12.51 12.82 12.50 14.32 14.32 16.35 17.89 -9999 -9999 17.33 14.46 -9999 -9999 -9999 10.56 12.49 11.88 -9999 7.94 10.00 8.83 8.30 8.96 8.12 8.60 8.36 8.92 8.09 8.03 6.83 7.39 6.43 6.68 12.10 8.46 11.37 15.32 8.19 10.68 18.19 10.36 12.36 8.98 9.85 9.89 8.95 8.49 8.33 8.29 8.54 7.80 7.97 7.83 8.99 7.94 7.67 7.80 8.54 9.80 11.56 11.13 9.44 9.26 11.36 14.19 -9999 -9999 -9999 -9999 -9999
-9999 -9999 -9999 -9999 -9999 -9999 -9999 15.97 13.31 12.10 11.36 11.94 14.28 17.17 14.64 -9999 14.45 13.81 14.67 12.51 13.38 8.52 6.77 12.47 12.98 11.31 -9999 7.06 9.13 8.89 7.89 7.86 9.03 8.04 7.48 7.25 7.03 7.31 6.79 7.19 7.10 12.36 13.34 12.50 13.51 12.34 14.67 15.38 13.23 9.48 8.51 11.01 10.70 8.56 9.22 8.50 9.02 8.86 7.94 7.89 7.72 9.07 8.20 7.91 8.04 7.84 9.07 10.49 11.85 10.57 9.42 10.36 13.09 -9999 -9999 -9999 -9999 -9999
