ML/MeanWindSpeed_1991-09_Actual.txt
ncols         180
nrows         290
xllcorner     -200000
yllcorner     -200000
cellsize      5000
NODATA_value  -9999
[rows 140 to 174 of 290, columns 79 to 157 of 180]
-9999 -9999 11.27 -9999 -9999 -9999 10.03 10.24 9.46 9.65 10.44 -9999 -9999 10.82 9.63 11.62 12.47 -9999 -9999 -9999 -9999 -9999 9.56 8.62 6.88 7.07 7.18 7.78 7.55 7.81 7.11 4.71 6.33 8.95 10.19 8.00 9.38 10.08 10.30 8.49 8.90 8.90 7.63 5.81 5.74 5.75 3.66 4.58 6.67 7.99 -9999 -9999 -9999 -9999 -9999 -9999 -9999 -9999 -9999 -9999 -9999 -9999 -9999 -9999 -9999 -9999 -9999 -9999 -9999 -9999 -9999 -9999 -9999 -9999 -9999 -9999 -9999 -9999 -9999
-9999 -9999 11.21 11.18 -9999 -9999 -9999 10.06 10.66 10.62 11.08 -9999 -9999 -9999 -9999 11.61 -9999 -9999 -9999 -9999 -9999 -9999 8.40 7.47 6.57 7.23 8.47 8.67 7.93 7.95 7.08 5.38 4.97 7.65 9.06 6.72 10.75 10.36 11.23 8.84 8.90 9.79 7.59 6.14 5.57 4.28 3.33 4.42 6.35 7.68 -9999 -9999 -9999 -9999 -9999 -9999 -9999 -9999 -9999 -9999 -9999 -9999 -9999 -9999 -9999 -9999 -9999 -9999 -9999 -9999 -9999 -9999 -9999 -9999 -9999 -9999 -9999 -9999 -9999
-9999 -9999 -9999 12.11 -9999 -9999 -9999 -9999 10.49 11.39 11.36 -9999 -9999 -9999 -9999 -9999 -9999 -9999 -9999 -9999 -9999 9.04 7.91 7.61 7.20 7.34 8.94 8.99 8.52 8.50 7.84 6.67 4.45 5.31 10.14 10.87 10.82 10.54 8.71 8.00 8.29 6.93 5.20 6.63 6.53 4.09 3.64 4.70 6.11 7.42 8.19 -9999 -9999 -9999 -9999 -9999 -9999 -9999 -9999 -9999 -9999 -9999 -9999 -9999 -9999 -9999 -9999 -9999 -9999 -9999 -9999 -9999 -9999 -9999 -9999 -9999 -9999 -9999 -9999
-9999 -9999 -9999 12.93 -9999 -9999 -9999 -9999 -9999 -9999 -9999 -9999 -9999 -9999 -9999 -9999 -9999 -9999 -9999 -9999 -9999 9.05 7.59 6.44 5.22 4.57 10.47 9.23 8.72 10.10 8.18 8.46 4.13 3.47 8.08 11.77 9.68 8.32 11.30 12.77 11.66 9.73 8.36 5.09 5.25 4.94 5.53 5.19 5.79 7.21 7.95 8.32 -9999 -9999 -9999 -9999 -9999 -9999 -9999 -9999 -9999 -9999 -9999 -9999 -9999 -9999 -9999 -9999 -9999 -9999 -9999 -9999 -9999 -9999 -9999 -9999 -9999 -9999 -9999
-9999 -9999 -9999 -9999 -9999 -9999 -9999 -9999 -9999 -9999 -9999 -9999 -9999 -9999 -9999 -9999 -9999 -9999 -9999 -9999 9.20 8.28 6.82 5.88 7.91 4.46 13.90 13.69 8.35 9.07 8.55 7.70 7.04 3.70 4.30 11.28 11.28 10.04 9.03 8.34 10.17 9.71 8.64 6.81 5.76 5.49 5.25 5.36 6.26 6.33 6.54 7.36 -9999 -9999 -9999 -9999 -9999 -9999 -9999 -9999 -9999 -9999 -9999 -9999 -9999 -9999 -9999 -9999 -9999 -9999 -9999 -9999 -9999 -9999 -9999 -9999 -9999 -9999 -9999
-9999 -9999 -9999 -9999 -9999 -9999 -9999 -9999 -9999 -9999 -9999 -9999 -9999 -9999 -9999 -9999 -9999 -9999 -9999 -9999 7.99 8.18 5.80 7.78 13.64 7.51 5.04 9.81 10.64 9.16 9.18 8.59 7.81 5.65 4.36 5.43 12.14 10.90 10.48 8.88 8.76 8.78 7.23 6.74 6.57 7.03 5.85 6.54 6.04 6.04 5.74 6.16 7.00 7.85 8.39 -9999 -9999 -9999 -9999 -9999 -9999 -9999 -9999 -9999 -9999 -9999 -9999 -9999 -9999 -9999 -9999 -9999 -9999 -9999 -9999 -9999 -9999 -9999 -9999
-9999 -9999 -9999 -9999 -9999 -9999 -9999 -9999 -9999 -9999 -9999 -9999 -9999 -9999 -9999 -9999 -9999 -9999 -9999 -9999 7.65 6.99 6.49 9.61 6.96 6.23 7.28 10.59 8.24 8.03 11.15 7.51 9.13 7.47 5.94 5.08 7.42 9.65 10.00 9.69 9.32 7.75 7.65 7.02 6.48 6.16 6.31 6.23 6.29 5.57 5.17 5.18 7.68 7.02 8.36 9.68 10.11 -9999 -9999 -9999 -9999 -9999 -9999 -9999 -9999 -9999 -9999 -9999 -9999 -9999 -9999 -9999 -9999 -9999 -9999 -9999 -9999 -9999 -9999
-9999 -9999 -9999 -9999 -9999 -9999 -9999 -9999 -9999 -9999 -9999 -9999 -9999 -9999 -9999 -9999 -9999 -9999 -9999 -9999 7.53 6.35 7.01 11.31 12.44 9.25 6.49 7.14 7.75 10.62 7.66 10.49 9.15 8.49 8.11 6.76 5.04 5.95 9.59 9.65 9.20 8.61 7.88 7.48 7.34 7.09 6.61 6.68 6.29 5.62 5.60 5.36 6.18 8.56 8.61 9.38 10.91 11.27 10.25 -9999 -9999 -9999 -9999 -9999 -9999 -9999 -9999 -9999 -9999 -9999 -9999 -9999 -9999 -9999 -9999 -9999 -9999 -9999 -9999
-9999 -9999 -9999 -9999 -9999 -9999 -9999 -9999 -9999 -9999 -9999 -9999 -9999 -9999 -9999 -9999 -9999 -9999 -9999 -9999 8.26 6.62 7.84 8.97 6.08 15.77 13.07 6.90 8.46 7.14 10.72 11.58 8.77 7.70 7.80 7.06 5.10 10.85 9.99 9.92 10.68 11.12 10.54 8.05 8.87 7.74 7.29 7.10 6.80 6.47 6.01 5.19 5.82 8.05 7.70 7.92 8.83 10.23 9.53 11.79 -9999 -9999 -9999 -9999 -9999 -9999 -9999 -9999 -9999 -9999 -9999 -9999 -9999 -9999 -9999 -9999 -9999 -9999 -9999
-9999 -9999 -9999 -9999 -9999 -9999 -9999 -9999 10.33 10.57 10.87 -9999 -9999 -9999 -9999 -9999 -9999 -9999 -9999 -9999 -9999 8.75 7.37 6.08 7.92 10.04 12.49 7.36 5.12 9.00 8.74 8.18 7.15 8.41 8.05 6.45 7.02 8.91 9.25 12.28 11.54 10.02 9.75 10.35 9.17 8.11 7.66 7.27 6.97 6.18 5.61 8.56 7.75 10.32 11.10 10.60 9.84 8.13 10.79 11.48 10.78 -9999 -9999 -9999 -9999 -9999 -9999 -9999 -9999 -9999 -9999 -9999 -9999 -9999 -9999 -9999 -9999 -9999 -9999
-9999 -9999 -9999 -9999 -9999 -9999 -9999 -9999 9.52 9.49 -9999 -9999 -9999 -9999 -9999 -9999 -9999 -9999 -9999 -9999 -9999 -9999 7.70 5.66 8.62 9.25 15.25 8.93 8.89 8.28 6.46 5.59 5.81 5.48 11.26 6.42 7.28 11.08 9.15 7.28 7.03 10.64 7.97 10.40 9.01 8.08 7.53 7.20 6.36 6.37 8.11 8.84 8.15 7.87 7.74 8.94 9.82 9.68 10.31 10.55 12.30 -9999 -9999 -9999 -9999 -9999 -9999 -9999 -9999 -9999 -9999 -9999 -9999 -9999 -9999 -9999 -9999 -9999 -9999
-9999 -9999 -9999 -9999 -9999 -9999 -9999 8.51 10.89 10.74 10.25 -9999 -9999 -9999 -9999 -9999 -9999 -9999 -9999 -9999 -9999 -9999 8.00 9.48 9.79 10.25 8.63 9.61 8.14 7.56 6.42 5.91 7.15 5.65 4.56 11.29 8.00 7.42 10.33 9.01 11.47 9.43 9.95 9.00 8.72 8.26 8.01 7.15 6.18 6.82 7.96 7.42 8.18 8.90 8.63 9.13 9.03 9.47 9.97 9.17 11.62 10.92 -9999 -9999 -9999 -9999 -9999 -9999 -9999 -9999 -9999 -9999 -9999 -9999 -9999 -9999 -9999 -9999 -9999
-9999 -9999 -9999 -9999 -9999 -9999 7.37 10.25 11.91 14.75 10.26 -9999 -9999 -9999 -9999 -9999 -9999 -9999 -9999 -9999 -9999 -9999 9.33 12.68 10.17 7.20 8.34 7.76 8.36 6.82 5.89 6.43 6.93 4.82 9.41 7.33 9.91 7.81 11.68 7.70 8.95 7.77 9.61 8.57 8.83 8.82 7.76 7.41 6.31 6.03 8.53 9.08 9.01 8.20 8.35 8.14 8.11 8.49 9.99 10.25 10.13 10.93 -9999 -9999 -9999 -9999 -9999 -9999 -9999 -9999 -9999 -9999 -9999 -9999 -9999 -9999 -9999 -9999 -9999
-9999 -9999 -9999 -9999 -9999 9.22 8.23 13.26 11.31 11.13 -9999 -9999 -9999 -9999 -9999 -9999 -9999 -9999 -9999 -9999 -9999 -9999 -9999 9.59 7.68 7.42 8.99 7.11 8.82 7.17 6.42 6.02 5.72 4.36 9.12 9.06 9.91 9.62 10.59 10.62 10.68 10.08 9.93 10.20 9.87 8.27 7.84 7.45 6.59 6.07 6.67 10.42 9.74 7.88 7.54 7.67 7.43 7.61 7.90 8.16 8.04 8.93 10.23 10.90 -9999 -9999 -9999 -9999 -9999 -9999 -9999 -9999 -9999 -9999 -9999 -9999 -9999 -9999 -9999
-9999 -9999 -9999 -9999 -9999 11.31 12.33 9.46 9.85 10.35 -9999 -9999 -9999 -9999 -9999 -9999 -9999 -9999 -9999 -9999 -9999 -9999 -9999 -9999 8.33 8.81 8.13 7.44 8.41 7.69 7.50 6.91 6.70 4.56 9.28 8.45 7.53 9.62 8.92 8.22 11.68 11.92 9.49 10.96 10.10 9.58 7.91 7.35 7.00 6.51 6.49 7.41 7.96 7.55 7.63 7.64 7.63 7.42 7.41 7.40 7.55 9.84 10.20 10.14 -9999 -9999 -9999 -9999 -9999 -9999 -9999 -9999 -9999 -9999 -9999 -9999 -9999 -9999 -9999
-9999 -9999 -9999 -9999 -9999 12.12 10.99 11.42 10.70 -9999 -9999 -9999 -9999 -9999 -9999 -9999 -9999 -9999 -9999 -9999 -9999 -9999 -9999 -9999 9.33 9.24 8.73 -9999 8.66 -9999 7.97 7.20 6.44 5.16 5.19 8.90 7.85 8.54 11.29 5.78 6.93 11.57 10.28 10.16 10.09 9.12 7.98 7.56 7.39 6.94 6.75 6.92 7.68 8.57 7.84 8.27 7.42 6.91 7.71 8.62 8.37 7.89 7.96 9.55 11.22 11.87 -9999 -9999 -9999 -9999 -9999 -9999 -9999 -9999 -9999 -9999 -9999 -9999 -9999
-9999 -9999 -9999 -9999 12.28 11.35 11.00 -9999 -9999 -9999 -9999 -9999 -9999 -9999 -9999 -9999 -9999 -9999 -9999 -9999 -9999 -9999 -9999 -9999 10.26 9.41 8.70 -9999 -9999 -9999 7.66 8.05 5.73 6.41 7.31 5.82 5.25 6.86 10.29 9.94 6.08 9.77 11.29 9.41 10.44 9.63 8.68 7.24 7.30 7.08 7.01 7.05 7.24 7.56 7.55 7.69 6.66 7.30 8.23 8.82 9.09 8.95 8.35 8.55 9.73 10.97 -9999 -9999 -9999 -9999 -9999 -9999 -9999 -9999 -9999 -9999 -9999 -9999 -9999
-9999 -9999 -9999 -9999 -9999 -9999 -9999 -9999 -9999 -9999 -9999 -9999 -9999 -9999 -9999 -9999 -9999 -9999 -9999 -9999 -9999 -9999 -9999 -9999 -9999 -9999 -9999 -9999 -9999 8.18 6.29 6.02 7.43 8.34 8.98 8.64 7.07 7.47 9.71 9.46 7.79 6.40 9.35 10.67 9.55 8.96 8.29 7.64 7.46 7.57 7.20 7.08 7.14 7.13 6.89 6.25 7.04 9.37 8.30 8.80 8.21 8.28 7.73 8.49 9.55 -9999 -9999 -9999 -9999 -9999 -9999 -9999 -9999 -9999 -9999 -9999 -9999 -9999 -9999
-9999 -9999 -9999 -9999 -9999 -9999 -9999 -9999 -9999 -9999 -9999 -9999 -9999 -9999 -9999 -9999 -9999 -9999 -9999 -9999 -9999 -9999 -9999 -9999 -9999 -9999 -9999 -9999 -9999 7.53 5.84 6.66 8.97 11.17 10.28 8.06 8.81 6.89 7.09 6.63 7.92 8.22 9.23 9.69 9.45 8.65 8.31 8.00 7.49 7.62 7.18 7.15 7.18 7.22 6.91 6.11 6.63 9.86 9.43 8.11 7.76 7.57 7.50 8.37 9.73 -9999 -9999 -9999 -9999 -9999 -9999 -9999 -9999 -9999 -9999 -9999 -9999 -9999 -9999
-9999 -9999 -9999 -9999 -9999 -9999 -9999 -9999 -9999 -9999 -9999 -9999 -9999 -9999 -9999 -9999 -9999 -9999 -9999 -9999 -9999 -9999 -9999 -9999 -9999 -9999 -9999 -9999 -9999 6.99 5.42 5.67 8.25 9.34 9.03 8.39 8.20 7.63 7.87 6.91 6.92 7.35 6.30 9.52 8.48 9.39 8.54 8.35 7.44 7.24 7.28 7.22 7.25 7.22 7.08 6.58 6.37 8.08 8.90 8.27 7.67 7.54 7.41 8.19 9.47 -9999 -9999 -9999 -9999 -9999 -9999 -9999 -9999 -9999 -9999 -9999 -9999 -9999 -9999
-9999 -9999 -9999 -9999 -9999 -9999 -9999 -9999 -9999 -9999 -9999 -9999 -9999 -9999 -9999 -9999 -9999 -9999 -9999 -9999 -9999 -9999 -9999 -9999 -9999 -9999 -9999 9.52 8.21 6.46 5.18 7.33 9.01 11.21 8.82 9.88 6.41 7.25 7.21 8.24 8.66 8.28 9.74 7.13 7.44 7.55 7.55 7.31 7.97 7.28 7.21 7.42 7.21 7.21 7.26 6.95 6.70 6.93 8.43 8.17 7.63 7.40 7.34 7.81 8.99 10.16 -9999 -9999 -9999 -9999 -9999 -9999 -9999 -9999 -9999 -9999 -9999 -9999 -9999
-9999 -9999 -9999 -9999 -9999 -9999 -9999 -9999 -9999 -9999 -9999 -9999 -9999 -9999 -9999 -9999 -9999 -9999 -9999 -9999 -9999 -9999 -9999 -9999 -9999 -9999 -9999 8.92 7.58 6.58 5.92 6.26 8.65 7.22 6.94 5.53 6.92 9.16 7.38 8.95 8.50 9.35 6.92 9.70 8.03 8.88 8.53 8.61 7.82 7.57 7.29 7.15 7.14 7.23 7.25 7.20 6.89 6.67 7.22 8.31 7.90 7.39 7.36 7.52 8.43 9.67 -9999 -9999 -9999 -9999 -9999 -9999 -9999 -9999 -9999 -9999 -9999 -9999 -9999
-9999 -9999 -9999 -9999 -9999 -9999 -9999 -9999 -9999 -9999 -9999 -9999 -9999 -9999 -9999 -9999 -9999 -9999 -9999 -9999 -9999 -9999 -9999 -9999 -9999 -9999 -9999 8.88 7.45 6.87 6.45 6.63 7.14 7.52 6.64 5.95 7.16 7.16 6.62 8.19 10.14 8.45 8.09 7.02 8.36 7.06 7.52 8.02 8.31 7.73 7.51 7.14 7.12 7.24 7.29 7.28 7.10 6.70 6.86 7.96 8.57 7.69 7.32 7.49 7.94 8.84 9.96 -9999 -9999 -9999 -9999 -9999 -9999 -9999 -9999 -9999 -9999 -9999 -9999
-9999 -9999 -9999 -9999 -9999 -9999 -9999 -9999 -9999 -9999 -9999 -9999 -9999 -9999 -9999 -9999 -9999 -9999 -9999 -9999 -9999 -9999 -9999 -9999 -9999 -9999 -9999 8.65 7.54 7.15 7.08 6.86 6.71 6.67 7.21 7.94 6.00 5.72 6.59 9.88 9.95 10.84 9.74 8.23 8.11 8.51 7.42 6.93 7.79 8.20 7.47 7.15 7.18 7.14 7.27 7.37 7.38 7.02 6.92 8.26 9.20 8.33 7.94 7.97 7.86 8.13 9.18 10.22 -9999 -9999 -9999 -9999 -9999 -9999 -9999 -9999 -9999 -9999 -9999
-9999 -9999 -9999 -9999 -9999 -9999 -9999 -9999 -9999 -9999 -9999 -9999 -9999 -9999 -9999 -9999 -9999 -9999 -9999 -9999 -9999 -9999 -9999 -9999 -9999 -9999 -9999 8.69 7.44 7.09 6.85 6.48 6.07 6.63 6.34 6.96 7.20 8.57 9.73 10.36 8.60 10.01 8.90 8.67 7.58 8.64 8.22 7.56 7.13 7.11 7.28 7.13 7.19 7.27 7.41 7.51 7.64 7.62 7.59 7.94 8.75 8.60 8.27 8.32 8.33 8.18 8.34 9.49 -9999 -9999 -9999 -9999 -9999 -9999 -9999 -9999 -9999 -9999 -9999
-9999 -9999 -9999 -9999 -9999 -9999 -9999 -9999 -9999 -9999 -9999 -9999 -9999 -9999 -9999 -9999 -9999 -9999 -9999 -9999 -9999 -9999 -9999 -9999 -9999 -9999 -9999 -9999 7.48 7.13 6.69 5.96 6.14 7.53 7.63 8.06 7.08 7.03 8.62 8.64 10.05 9.58 8.10 6.86 7.26 7.26 8.16 7.46 7.26 7.73 7.55 7.13 7.31 7.32 7.49 7.53 7.63 7.82 7.98 8.10 8.04 8.28 8.47 8.64 -9999 8.60 8.86 9.55 10.77 -9999 -9999 -9999 -9999 -9999 -9999 -9999 -9999 -9999 -9999
-9999 -9999 -9999 -9999 -9999 -9999 -9999 -9999 -9999 -9999 -9999 -9999 -9999 -9999 -9999 -9999 -9999 -9999 -9999 -9999 -9999 -9999 -9999 -9999 -9999 -9999 -9999 8.55 7.44 7.06 6.41 5.62 5.48 8.57 9.18 7.66 9.56 9.28 7.69 7.62 10.93 9.89 10.21 8.10 6.81 8.24 7.16 6.70 7.25 7.44 7.28 7.42 7.26 7.33 7.44 7.60 7.51 7.59 8.68 8.13 7.73 8.74 8.33 8.52 8.59 -9999 9.40 10.00 10.97 11.72 -9999 -9999 -9999 -9999 -9999 -9999 -9999 -9999 -9999
-9999 -9999 -9999 -9999 -9999 -9999 -9999 -9999 -9999 -9999 -9999 -9999 -9999 -9999 -9999 -9999 -9999 -9999 -9999 -9999 -9999 -9999 -9999 -9999 -9999 -9999 -9999 8.32 7.19 6.85 6.41 7.19 6.35 7.37 9.66 7.48 7.73 7.87 6.12 6.04 9.06 9.14 9.21 6.92 8.31 8.92 7.24 7.91 7.34 7.80 7.75 7.54 7.28 7.32 7.40 7.46 7.35 7.31 7.58 7.91 7.27 7.53 8.12 7.90 8.53 8.89 -9999 -9999 -9999 -9999 -9999 -9999 -9999 -9999 -9999 -9999 -9999 -9999 -9999
-9999 -9999 -9999 -9999 -9999 -9999 -9999 -9999 -9999 -9999 -9999 -9999 -9999 -9999 -9999 -9999 -9999 -9999 -9999 -9999 -9999 -9999 -9999 -9999 -9999 -9999 9.54 7.79 6.95 7.41 7.16 7.20 6.86 7.65 7.91 7.55 7.31 6.75 6.29 6.21 8.01 10.16 10.47 7.65 9.56 9.13 7.37 7.53 6.82 7.36 7.78 7.49 7.23 7.43 7.42 7.40 7.46 7.32 7.56 7.76 7.59 7.38 8.47 8.23 8.24 8.45 9.30 10.17 -9999 -9999 -9999 -9999 -9999 -9999 -9999 -9999 -9999 -9999 -9999
-9999 -9999 -9999 -9999 -9999 -9999 -9999 -9999 -9999 -9999 -9999 -9999 -9999 -9999 -9999 -9999 -9999 -9999 -9999 -9999 -9999 -9999 -9999 -9999 -9999 -9999 -9999 7.99 7.05 6.97 7.36 8.72 7.23 7.08 7.12 7.45 7.60 7.02 6.45 5.81 5.73 8.57 9.80 10.77 9.00 9.33 8.57 7.79 7.95 6.61 7.01 7.85 7.30 7.33 7.27 7.29 7.47 7.40 7.60 8.01 7.74 7.25 7.36 9.16 8.49 8.24 8.50 9.08 9.93 10.90 -9999 -9999 -9999 -9999 -9999 -9999 -9999 -9999 -9999
-9999 -9999 -9999 -9999 -9999 -9999 -9999 -9999 -9999 -9999 -9999 -9999 -9999 -9999 -9999 -9999 -9999 -9999 -9999 -9999 -9999 -9999 -9999 -9999 -9999 -9999 -9999 8.04 7.43 7.08 7.25 7.51 7.62 7.45 7.14 7.27 6.97 6.69 6.43 6.07 6.14 5.55 9.10 11.01 11.52 10.07 9.04 8.40 7.34 7.49 7.17 8.16 7.42 7.41 7.26 7.29 7.37 7.47 7.92 8.16 7.97 7.36 7.59 9.06 8.75 8.99 8.17 8.20 8.88 9.89 -9999 -9999 -9999 -9999 -9999 -9999 -9999 -9999 -9999
-9999 -9999 -9999 -9999 -9999 -9999 -9999 10.92 10.35 10.79 11.65 -9999 -9999 -9999 -9999 -9999 -9999 -9999 -9999 -9999 -9999 -9999 -9999 -9999 -9999 -9999 8.58 7.67 7.80 7.35 8.00 7.72 7.36 7.30 7.34 7.19 7.12 6.87 6.56 6.16 5.48 7.40 9.43 9.55 8.25 10.71 10.17 7.74 7.53 6.17 8.41 8.59 7.58 7.47 7.30 7.31 7.41 7.58 7.99 8.49 8.36 7.67 7.51 7.76 9.07 9.09 9.40 8.11 7.98 8.95 10.14 -9999 -9999 -9999 -9999 -9999 -9999 -9999 -9999
-9999 -9999 -9999 -9999 -9999 -9999 -9999 10.18 9.54 9.60 10.13 -9999 -9999 -9999 -9999 -9999 -9999 -9999 -9999 -9999 -9999 -9999 -9999 -9999 -9999 8.70 8.32 7.69 7.89 8.57 7.71 7.70 7.05 7.08 7.26 7.13 7.24 7.21 6.42 5.76 5.37 6.61 10.90 10.78 8.03 9.57 9.30 8.99 6.81 6.22 7.79 8.38 7.80 7.17 7.13 7.34 7.78 7.87 8.07 8.40 8.71 8.15 7.80 7.63 8.82 8.97 9.01 8.25 8.03 8.32 9.52 -9999 -9999 -9999 -9999 -9999 -9999 -9999 -9999
-9999 -9999 -9999 -9999 -9999 12.74 10.21 8.84 8.97 8.87 9.68 9.56 10.46 11.06 -9999 -9999 11.32 10.35 -9999 -9999 -9999 9.06 10.06 9.54 -9999 7.40 8.50 7.93 7.67 7.97 7.51 7.66 7.59 8.00 7.70 7.67 7.05 7.12 6.36 6.25 8.41 6.48 8.10 9.78 6.15 7.60 11.18 7.46 8.53 7.02 7.72 7.97 7.61 7.39 7.40 7.56 7.92 7.84 8.14 8.27 8.84 8.22 7.88 7.74 7.97 8.47 9.26 8.97 8.09 7.94 8.91 10.21 -9999 -9999 -9999 -9999 -9999 -9999 -9999
-9999 -9999 -9999 -9999 -9999 -9999 10.59 9.29 8.71 8.30 8.48 9.44 10.48 8.67 -9999 8.53 9.04 10.13 9.62 10.35 7.79 6.89 9.87 10.10 9.04 -9999 7.02 8.10 7.97 7.37 7.35 7.87 7.43 7.29 7.25 7.13 7.18 6.70 6.46 6.22 8.60 8.93 8.61 9.00 8.26 9.62 10.01 8.90 7.18 6.84 8.28 8.31 7.39 7.75 7.51 7.99 8.15 7.92 8.05 8.18 8.88 8.32 7.98 7.83 7.58 8.09 8.71 9.26 8.61 8.00 8.40 9.64 -9999 -9999 -9999 -9999 -9999 -9999 -9999
