ML/MeanWindSpeed_1999-03_Actual.txt
ncols         180
nrows         290
xllcorner     -200000
yllcorner     -200000
cellsize      5000
NODATA_value  -9999
[rows 105 to 139 of 290, columns 78 to 155 of 180]
10.79 13.74 9.54 6.12 8.68 13.59 13.73 11.74 9.71 10.95 15.61 10.52 13.19 7.89 10.53 14.84 10.30 7.81 8.21 10.11 8.94 8.52 9.38 9.56 8.22 9.40 8.72 8.51 10.84 10.00 10.11 9.94 -9999 -9999 -9999 -9999 -9999 -9999 -9999 -9999 -9999 -9999 -9999 -9999 -9999 -9999 -9999 -9999 -9999 -9999 -9999 -9999 -9999 -9999 -9999 -9999 -9999 -9999 -9999 -9999 -9999 -9999 -9999 -9999 -9999 -9999 -9999 -9999 -9999 -9999 -9999 -9999 -9999 -9999 -9999 -9999 -9999 -9999
12.34 10.19 11.49 15.12 14.02 16.74 9.76 13.64 6.66 15.56 8.20 17.81 8.80 12.01 19.07 12.31 9.64 12.40 11.43 8.55 8.15 7.28 7.21 8.67 7.74 7.53 9.04 9.49 9.28 9.33 8.15 9.47 10.32 -9999 -9999 -9999 -9999 -9999 -9999 -9999 -9999 -9999 -9999 -9999 -9999 -9999 -9999 -9999 -9999 -9999 -9999 -9999 -9999 -9999 -9999 -9999 -9999 -9999 -9999 -9999 -9999 -9999 -9999 -9999 -9999 -9999 -9999 -9999 -9999 -9999 -9999 -9999 -9999 -9999 -9999 -9999 -9999 -9999
12.51 7.21 14.40 10.82 6.56 11.24 15.55 14.90 6.76 15.40 13.17 13.98 10.39 15.02 12.27 13.84 17.45 13.58 11.88 9.92 8.54 8.75 10.37 10.99 12.39 11.74 9.88 8.50 7.84 10.21 8.86 11.18 11.19 12.27 -9999 -9999 -9999 -9999 -9999 -9999 -9999 -9999 -9999 -9999 -9999 -9999 -9999 -9999 -9999 -9999 -9999 -9999 -9999 -9999 -9999 -9999 -9999 -9999 -9999 -9999 -9999 -9999 -9999 -9999 -9999 -9999 -9999 -9999 -9999 -9999 -9999 -9999 -9999 -9999 -9999 -9999 -9999 -9999
9.33 13.16 13.50 10.06 6.20 13.13 15.04 18.82 8.70 14.95 12.15 12.74 12.02 12.93 7.94 9.95 11.42 10.80 8.14 9.72 11.98 15.55 14.54 13.10 11.02 10.41 11.83 7.96 9.48 10.70 11.31 11.73 11.96 12.44 12.59 -9999 -9999 -9999 -9999 -9999 -9999 -9999 -9999 -9999 -9999 -9999 -9999 -9999 -9999 -9999 -9999 -9999 -9999 -9999 -9999 -9999 -9999 -9999 -9999 -9999 -9999 -9999 -9999 -9999 -9999 -9999 -9999 -9999 -9999 -9999 -9999 -9999 -9999 -9999 -9999 -9999 -9999 -9999
13.71 16.42 8.52 6.43 11.33 17.38 12.85 6.25 9.50 22.98 10.88 10.33 11.83 11.86 9.52 8.75 7.09 7.33 11.18 17.02 16.26 13.79 12.43 9.73 9.06 9.69 11.31 9.78 10.78 10.41 10.14 11.01 11.48 11.88 -9999 -9999 -9999 -9999 -9999 -9999 -9999 -9999 -9999 -9999 -9999 -9999 -9999 -9999 -9999 -9999 -9999 -9999 -9999 -9999 -9999 -9999 -9999 -9999 -9999 -9999 -9999 -9999 -9999 -9999 -9999 -9999 -9999 -9999 -9999 -9999 -9999 -9999 -9999 -9999 -9999 -9999 -9999 -9999
11.47 10.49 9.49 15.47 8.75 14.71 15.47 15.41 11.19 9.45 19.26 11.69 9.35 7.98 7.73 7.27 6.85 6.80 11.11 9.25 8.42 7.56 9.32 11.42 10.08 10.28 9.83 10.11 11.70 11.48 -9999 -9999 -9999 -9999 -9999 -9999 -9999 -9999 -9999 -9999 -9999 -9999 -9999 -9999 -9999 -9999 -9999 -9999 -9999 -9999 -9999 -9999 -9999 -9999 -9999 -9999 -9999 -9999 -9999 -9999 -9999 -9999 -9999 -9999 -9999 -9999 -9999 -9999 -9999 -9999 -9999 -9999 -9999 -9999 -9999 -9999 -9999 -9999
10.45 7.21 14.36 14.61 16.73 17.52 8.14 15.84 15.87 8.74 12.46 13.16 9.49 8.98 9.99 11.49 12.96 9.03 8.28 8.06 8.38 9.00 9.86 11.11 10.33 10.48 11.48 11.38 -9999 -9999 -9999 -9999 -9999 -9999 -9999 -9999 -9999 -9999 -9999 -9999 -9999 -9999 -9999 -9999 -9999 -9999 -9999 -9999 -9999 -9999 -9999 -9999 -9999 -9999 -9999 -9999 -9999 -9999 -9999 -9999 -9999 -9999 -9999 -9999 -9999 -9999 -9999 -9999 -9999 -9999 -9999 -9999 -9999 -9999 -9999 -9999 -9999 -9999
8.69 14.59 10.67 15.26 17.74 14.85 12.37 16.60 16.60 9.54 9.03 7.70 7.78 8.67 9.72 13.36 14.95 11.71 9.85 8.44 8.27 9.60 9.20 9.74 10.40 12.59 13.79 12.19 -9999 -9999 -9999 -9999 -9999 -9999 -9999 -9999 -9999 -9999 -9999 -9999 -9999 -9999 -9999 -9999 -9999 -9999 -9999 -9999 -9999 -9999 -9999 -9999 -9999 -9999 -9999 -9999 -9999 -9999 -9999 -9999 -9999 -9999 -9999 -9999 -9999 -9999 -9999 -9999 -9999 -9999 -9999 -9999 -9999 -9999 -9999 -9999 -9999 -9999
10.77 14.34 11.01 15.14 14.86 16.52 11.04 9.88 11.50 10.76 10.13 9.81 7.25 16.29 16.34 14.92 15.06 11.47 8.51 8.42 8.24 8.37 8.27 8.52 9.85 9.65 -9999 -9999 -9999 -9999 -9999 11.87 10.91 11.21 10.84 -9999 -9999 -9999 -9999 -9999 -9999 -9999 -9999 -9999 -9999 -9999 -9999 -9999 -9999 -9999 -9999 -9999 -9999 -9999 -9999 -9999 -9999 -9999 -9999 -9999 -9999 -9999 -9999 -9999 -9999 -9999 -9999 -9999 -9999 -9999 -9999 -9999 -9999 -9999 -9999 -9999 -9999 -9999
11.15 15.90 11.04 9.02 19.44 10.79 10.63 9.78 8.86 10.00 11.80 14.69 10.92 10.89 9.55 9.67 9.07 9.52 9.76 10.10 9.76 8.95 9.39 9.88 9.53 9.28 10.01 11.05 -9999 -9999 10.11 9.65 9.44 8.44 9.04 10.08 11.00 -9999 -9999 -9999 -9999 -9999 -9999 -9999 -9999 -9999 -9999 -9999 -9999 -9999 -9999 -9999 -9999 -9999 -9999 -9999 -9999 -9999 -9999 -9999 -9999 -9999 -9999 -9999 -9999 -9999 -9999 -9999 -9999 -9999 -9999 -9999 -9999 -9999 -9999 -9999 -9999 -9999
13.61 11.37 12.37 14.14 15.71 10.40 11.55 13.59 12.77 11.68 9.28 9.36 10.15 9.51 9.46 9.06 8.85 9.50 10.52 10.36 9.37 10.63 11.01 8.82 7.87 8.24 8.90 10.55 9.49 9.62 9.92 8.76 7.11 7.95 10.78 11.42 13.48 10.24 -9999 -9999 -9999 -9999 -9999 -9999 -9999 -9999 -9999 -9999 -9999 -9999 -9999 -9999 -9999 -9999 -9999 -9999 -9999 -9999 -9999 -9999 -9999 -9999 -9999 -9999 -9999 -9999 -9999 -9999 -9999 -9999 -9999 -9999 -9999 -9999 -9999 -9999 -9999 -9999
11.40 15.03 13.80 11.42 10.69 -9999 13.50 15.83 12.15 10.52 8.93 8.61 8.59 9.04 9.64 9.20 9.12 10.98 11.08 11.13 10.14 9.23 8.96 7.79 8.17 8.92 10.53 9.21 8.02 9.95 8.85 8.36 7.53 9.32 11.65 12.17 13.36 11.83 13.31 14.61 11.56 -9999 -9999 -9999 -9999 -9999 -9999 -9999 -9999 -9999 -9999 -9999 -9999 -9999 -9999 -9999 -9999 -9999 -9999 -9999 -9999 -9999 -9999 -9999 -9999 -9999 -9999 -9999 -9999 -9999 -9999 -9999 -9999 -9999 -9999 -9999 -9999 -9999
12.47 -9999 12.76 14.21 11.04 -9999 14.57 18.15 12.93 11.52 9.32 9.20 8.73 8.83 8.12 8.12 8.32 9.44 11.69 11.63 11.58 9.74 9.16 9.81 10.90 13.11 11.43 8.57 7.21 8.69 8.76 8.78 13.45 14.49 12.22 12.35 11.59 11.61 11.94 10.23 11.46 -9999 -9999 -9999 -9999 -9999 -9999 -9999 -9999 -9999 -9999 -9999 -9999 -9999 -9999 -9999 -9999 -9999 -9999 -9999 -9999 -9999 -9999 -9999 -9999 -9999 -9999 -9999 -9999 -9999 -9999 -9999 -9999 -9999 -9999 -9999 -9999 -9999
12.34 -9999 -9999 14.27 12.09 11.64 14.20 15.75 10.26 10.42 12.18 10.49 9.71 9.32 11.82 9.30 7.70 8.62 9.53 11.15 11.80 12.57 10.54 12.61 13.35 11.50 10.35 10.05 9.03 9.64 10.86 11.66 11.51 14.18 12.55 12.01 11.99 9.07 9.02 10.22 11.70 12.47 -9999 -9999 -9999 -9999 -9999 -9999 -9999 -9999 -9999 -9999 -9999 -9999 -9999 -9999 -9999 -9999 -9999 -9999 -9999 -9999 -9999 -9999 -9999 -9999 -9999 -9999 -9999 -9999 -9999 -9999 -9999 -9999 -9999 -9999 -9999 -9999
-9999 -9999 -9999 -9999 12.86 11.58 15.12 12.03 9.11 9.92 11.21 12.49 11.18 10.25 11.55 11.84 10.00 7.92 10.10 12.53 11.45 11.08 11.49 13.16 11.89 10.23 10.55 10.51 13.36 12.70 11.15 10.67 9.68 12.26 11.90 11.22 11.95 9.60 8.92 8.95 9.10 9.95 -9999 -9999 -9999 -9999 -9999 -9999 -9999 -9999 -9999 -9999 -9999 -9999 -9999 -9999 -9999 -9999 -9999 -9999 -9999 -9999 -9999 -9999 -9999 -9999 -9999 -9999 -9999 -9999 -9999 -9999 -9999 -9999 -9999 -9999 -9999 -9999
14.66 16.02 -9999 -9999 -9999 12.75 13.77 11.25 9.94 9.46 10.04 11.64 12.31 12.81 13.24 12.16 11.56 10.42 8.03 12.12 11.07 10.68 11.01 10.16 9.81 11.81 10.09 13.26 16.63 14.97 12.51 12.49 9.78 10.93 10.74 11.14 11.54 9.50 8.66 8.50 8.59 9.70 10.56 -9999 -9999 -9999 -9999 -9999 -9999 -9999 -9999 -9999 -9999 -9999 -9999 -9999 -9999 -9999 -9999 -9999 -9999 -9999 -9999 -9999 -9999 -9999 -9999 -9999 -9999 -9999 -9999 -9999 -9999 -9999 -9999 -9999 -9999 -9999
15.88 17.84 12.75 -9999 -9999 -9999 12.67 11.59 9.76 9.11 9.19 9.53 11.28 11.65 11.42 10.53 10.78 11.12 11.30 10.23 10.44 10.37 11.87 11.04 13.56 9.15 10.27 9.91 10.57 14.80 14.49 12.18 11.14 9.73 9.58 9.98 10.21 8.77 8.44 7.95 8.75 9.42 9.32 9.84 -9999 -9999 -9999 -9999 -9999 -9999 -9999 -9999 -9999 -9999 -9999 -9999 -9999 -9999 -9999 -9999 -9999 -9999 -9999 -9999 -9999 -9999 -9999 -9999 -9999 -9999 -9999 -9999 -9999 -9999 -9999 -9999 -9999 -9999
14.40 15.68 11.41 -9999 -9999 -9999 -9999 -9999 10.88 9.56 8.18 7.94 8.45 8.79 10.29 13.36 13.41 11.99 11.09 10.40 11.75 11.02 10.80 10.05 12.59 8.73 10.28 11.31 10.17 7.90 9.96 9.29 10.54 8.87 10.15 9.54 8.17 7.93 7.74 7.79 7.39 9.65 9.71 9.27 9.41 -9999 -9999 -9999 -9999 -9999 -9999 -9999 -9999 -9999 -9999 -9999 -9999 -9999 -9999 -9999 -9999 -9999 -9999 -9999 -9999 -9999 -9999 -9999 -9999 -9999 -9999 -9999 -9999 -9999 -9999 -9999 -9999 -9999
10.88 18.31 13.09 -9999 -9999 -9999 -9999 -9999 11.54 10.63 10.35 8.64 10.29 12.37 11.67 13.62 14.44 13.59 11.29 12.52 11.43 10.39 12.06 12.57 8.26 17.07 11.10 14.18 10.62 13.03 12.64 8.56 10.82 9.29 8.64 7.94 8.34 9.66 10.03 8.80 8.86 7.00 9.07 10.84 8.96 10.54 11.42 -9999 -9999 -9999 -9999 -9999 -9999 -9999 -9999 -9999 -9999 -9999 -9999 -9999 -9999 -9999 -9999 -9999 -9999 -9999 -9999 -9999 -9999 -9999 -9999 -9999 -9999 -9999 -9999 -9999 -9999 -9999
14.68 17.61 17.00 -9999 -9999 -9999 -9999 -9999 11.46 9.93 9.78 8.95 9.59 11.34 9.70 10.87 11.33 13.38 12.13 11.77 10.64 13.00 16.48 13.53 11.60 18.42 16.05 11.35 12.12 10.21 8.38 10.01 10.69 9.26 9.60 9.43 7.71 8.07 8.23 10.09 13.00 9.91 8.80 9.88 10.12 9.32 10.43 -9999 -9999 -9999 -9999 -9999 -9999 -9999 -9999 -9999 -9999 -9999 -9999 -9999 -9999 -9999 -9999 -9999 -9999 -9999 -9999 -9999 -9999 -9999 -9999 -9999 -9999 -9999 -9999 -9999 -9999 -9999
12.45 14.23 15.90 -9999 -9999 -9999 -9999 -9999 10.77 9.46 9.08 9.05 9.12 9.56 10.36 13.86 15.61 13.05 13.58 10.49 10.55 10.66 13.22 8.94 14.69 13.29 11.09 12.40 13.43 8.70 11.26 9.54 10.42 10.13 7.88 9.04 9.22 8.54 7.85 14.28 14.76 13.16 8.61 9.45 10.07 9.37 10.57 -9999 -9999 -9999 -9999 -9999 -9999 -9999 -9999 -9999 -9999 -9999 -9999 -9999 -9999 -9999 -9999 -9999 -9999 -9999 -9999 -9999 -9999 -9999 -9999 -9999 -9999 -9999 -9999 -9999 -9999 -9999
-9999 -9999 -9999 -9999 -9999 -9999 -9999 13.27 10.70 9.99 9.03 9.54 10.25 9.39 10.81 11.49 14.00 11.98 11.67 14.16 12.22 13.54 13.32 12.98 15.87 14.75 9.72 10.98 12.25 11.46 10.38 10.86 8.39 9.60 10.14 7.75 8.94 8.39 11.53 12.85 15.97 13.56 8.73 8.46 8.10 9.24 10.54 -9999 -9999 -9999 -9999 -9999 -9999 -9999 -9999 -9999 -9999 -9999 -9999 -9999 -9999 -9999 -9999 -9999 -9999 -9999 -9999 -9999 -9999 -9999 -9999 -9999 -9999 -9999 -9999 -9999 -9999 -9999
-9999 -9999 -9999 -9999 -9999 -9999 -9999 14.38 8.73 8.96 10.74 12.31 11.59 9.89 10.04 10.70 8.56 9.61 13.72 14.53 12.56 11.58 9.43 7.84 14.86 9.19 10.08 9.92 10.66 10.40 9.21 7.38 10.33 9.87 9.44 8.37 8.71 10.94 12.42 11.66 13.39 13.06 9.03 7.45 8.02 10.27 9.61 -9999 -9999 -9999 -9999 -9999 -9999 -9999 -9999 -9999 -9999 -9999 -9999 -9999 -9999 -9999 -9999 -9999 -9999 -9999 -9999 -9999 -9999 -9999 -9999 -9999 -9999 -9999 -9999 -9999 -9999 -9999
-9999 -9999 -9999 -9999 -9999 -9999 12.57 11.40 7.28 9.30 11.10 9.69 12.23 14.27 13.23 15.44 13.17 10.67 9.19 9.87 12.89 11.92 10.03 6.33 9.03 13.41 9.90 12.36 9.54 9.63 7.14 7.86 9.96 9.05 9.22 10.37 12.14 13.84 12.98 11.17 10.07 9.72 8.58 10.92 11.84 10.35 9.98 -9999 -9999 -9999 -9999 -9999 -9999 -9999 -9999 -9999 -9999 -9999 -9999 -9999 -9999 -9999 -9999 -9999 -9999 -9999 -9999 -9999 -9999 -9999 -9999 -9999 -9999 -9999 -9999 -9999 -9999 -9999
-9999 -9999 -9999 -9999 -9999 -9999 10.83 7.50 10.90 9.42 11.57 9.38 12.52 12.73 15.62 14.65 14.71 13.04 11.08 8.08 16.79 16.12 10.41 6.09 10.05 12.56 9.12 9.63 11.41 8.10 10.39 11.88 10.05 11.67 12.03 15.48 10.55 10.06 10.96 11.70 11.72 9.13 7.72 9.64 9.82 9.34 9.74 11.23 -9999 -9999 -9999 -9999 -9999 -9999 -9999 -9999 -9999 -9999 -9999 -9999 -9999 -9999 -9999 -9999 -9999 -9999 -9999 -9999 -9999 -9999 -9999 -9999 -9999 -9999 -9999 -9999 -9999 -9999
-9999 -9999 -9999 -9999 -9999 10.18 12.03 11.66 10.90 11.89 11.92 10.32 9.07 13.74 13.30 14.79 14.30 14.03 9.88 6.56 10.39 12.39 11.41 7.66 7.41 9.44 9.06 8.90 9.48 13.12 9.33 9.09 9.51 8.67 14.46 12.36 14.37 12.60 9.25 10.22 10.87 11.61 12.51 9.37 8.91 8.82 9.70 10.97 -9999 -9999 -9999 -9999 -9999 -9999 -9999 -9999 -9999 -9999 -9999 -9999 -9999 -9999 -9999 -9999 -9999 -9999 -9999 -9999 -9999 -9999 -9999 -9999 -9999 -9999 -9999 -9999 -9999 -9999
-9999 -9999 -9999 -9999 -9999 11.92 11.23 9.88 14.08 13.28 11.16 10.91 14.17 9.71 11.06 13.66 11.99 11.97 8.18 6.40 9.02 10.51 12.60 7.45 7.59 7.55 8.37 6.87 11.21 7.55 12.10 10.18 8.03 14.73 9.14 10.92 12.07 11.22 12.00 9.02 9.21 12.07 11.64 9.76 10.34 9.89 9.79 11.13 -9999 -9999 -9999 -9999 -9999 -9999 -9999 -9999 -9999 -9999 -9999 -9999 -9999 -9999 -9999 -9999 -9999 -9999 -9999 -9999 -9999 -9999 -9999 -9999 -9999 -9999 -9999 -9999 -9999 -9999
-9999 -9999 -9999 -9999 12.46 10.13 9.22 11.95 9.98 10.33 17.20 13.37 13.10 9.55 11.15 11.93 10.28 11.83 10.93 8.93 10.80 10.41 7.84 6.62 7.32 9.06 9.12 11.91 9.16 7.82 12.26 8.51 9.63 14.92 10.52 9.37 8.50 10.43 11.82 10.95 11.44 11.64 9.90 9.60 9.63 9.17 9.54 10.87 -9999 -9999 -9999 -9999 -9999 -9999 -9999 -9999 -9999 -9999 -9999 -9999 -9999 -9999 -9999 -9999 -9999 -9999 -9999 -9999 -9999 -9999 -9999 -9999 -9999 -9999 -9999 -9999 -9999 -9999
-9999 -9999 -9999 10.54 11.08 11.52 8.89 9.54 9.80 8.90 11.82 11.29 17.32 9.44 9.01 10.22 10.73 11.18 11.63 9.97 8.29 7.27 9.93 7.18 6.70 8.74 9.39 9.47 9.29 7.80 9.83 6.98 9.10 13.73 12.68 12.96 11.74 10.94 9.67 9.48 11.79 10.66 9.88 9.78 9.67 9.75 9.18 10.16 11.57 -9999 -9999 -9999 -9999 -9999 -9999 -9999 -9999 -9999 -9999 -9999 -9999 -9999 -9999 -9999 -9999 -9999 -9999 -9999 -9999 -9999 -9999 -9999 -9999 -9999 -9999 -9999 -9999 -9999
-9999 -9999 -9999 12.33 15.04 11.65 10.76 9.49 8.34 7.26 16.58 13.58 11.44 11.33 8.83 8.93 10.06 9.87 14.31 9.56 7.68 7.11 7.46 10.29 7.51 9.91 9.28 9.97 9.17 8.74 8.26 9.78 8.08 10.92 11.92 11.27 12.45 10.93 9.56 9.02 10.29 9.53 10.83 10.07 8.98 8.25 9.29 10.11 11.12 -9999 -9999 -9999 -9999 -9999 -9999 -9999 -9999 -9999 -9999 -9999 -9999 -9999 -9999 -9999 -9999 -9999 -9999 -9999 -9999 -9999 -9999 -9999 -9999 -9999 -9999 -9999 -9999 -9999
-9999 12.26 11.32 13.25 11.66 10.96 11.94 9.95 9.35 7.68 12.63 11.75 12.22 11.14 10.52 8.24 10.43 10.94 9.99 10.04 9.54 7.12 7.52 8.99 8.67 8.60 9.15 9.54 8.68 8.11 9.04 8.37 8.17 11.94 10.90 10.56 10.84 12.76 11.09 9.81 7.65 8.79 9.48 9.18 8.74 8.14 8.71 9.47 10.69 -9999 -9999 -9999 -9999 -9999 -9999 -9999 -9999 -9999 -9999 -9999 -9999 -9999 -9999 -9999 -9999 -9999 -9999 -9999 -9999 -9999 -9999 -9999 -9999 -9999 -9999 -9999 -9999 -9999
-9999 13.14 11.36 9.32 11.86 10.48 11.94 10.23 9.21 8.00 7.91 9.34 14.11 11.50 10.64 8.70 8.50 8.61 8.23 8.89 9.82 8.27 9.36 8.41 8.78 8.52 8.53 8.41 8.20 7.85 7.97 8.82 8.43 7.74 8.92 9.67 9.94 10.57 10.31 7.10 8.00 10.53 9.57 8.18 8.36 8.04 8.44 7.98 8.97 10.17 -9999 -9999 -9999 -9999 -9999 -9999 -9999 -9999 -9999 -9999 -9999 -9999 -9999 -9999 -9999 -9999 -9999 -9999 -9999 -9999 -9999 -9999 -9999 -9999 -9999 -9999 -9999 -9999
-9999 13.33 11.59 8.45 11.27 9.43 10.45 9.71 9.21 8.94 7.48 11.05 11.05 10.51 12.45 9.50 8.52 8.36 7.20 9.55 13.77 10.18 -9999 -9999 -9999 8.88 8.61 -9999 7.97 8.05 8.13 7.58 7.21 8.42 9.96 8.93 9.03 10.23 9.43 10.50 9.89 7.47 6.36 6.60 7.00 7.47 5.49 6.35 7.04 8.91 -9999 -9999 -9999 -9999 -9999 -9999 -9999 -9999 -9999 -9999 -9999 -9999 -9999 -9999 -9999 -9999 -9999 -9999 -9999 -9999 -9999 -9999 -9999 -9999 -9999 -9999 -9999 -9999
-9999 12.07 13.75 9.98 9.71 10.30 11.09 10.61 9.81 9.01 8.29 9.09 14.51 11.43 12.01 9.25 8.93 10.70 8.06 9.33 10.45 10.87 -9999 -9999 -9999 9.05 8.26 8.28 8.34 7.83 7.44 6.49 8.01 10.98 11.44 9.33 12.42 9.30 8.97 11.45 8.61 8.99 8.83 8.46 5.98 6.78 7.86 6.32 5.75 7.63 -9999 -9999 -9999 -9999 -9999 -9999 -9999 -9999 -9999 -9999 -9999 -9999 -9999 -9999 -9999 -9999 -9999 -9999 -9999 -9999 -9999 -9999 -9999 -9999 -9999 -9999 -9999 -9999
-9999 -9999 13.04 12.83 10.79 -9999 11.96 11.90 10.70 9.86 9.18 -9999 11.33 10.04 10.85 8.84 10.28 11.18 10.11 10.55 -9999 -9999 -9999 -9999 10.11 8.43 7.75 7.69 8.36 8.46 7.51 6.96 7.28 11.46 15.39 8.61 13.43 9.73 11.38 12.45 9.76 10.98 8.80 6.72 7.79 7.60 6.04 3.94 4.96 7.66 8.61 -9999 -9999 -9999 -9999 -9999 -9999 -9999 -9999 -9999 -9999 -9999 -9999 -9999 -9999 -9999 -9999 -9999 -9999 -9999 -9999 -9999 -9999 -9999 -9999 -9999 -9999 -9999
