ML/MeanWindSpeed_1996-06_Actual.txt
ncols         180
nrows         290
xllcorner     -200000
yllcorner     -200000
cellsize      5000
NODATA_value  -9999
[rows 140 to 174 of 290, columns 79 to 157 of 180]
-9999 -9999 11.92 -9999 -9999 -9999 10.09 10.31 8.89 8.81 9.61 -9999 -9999 9.84 7.94 10.69 11.91 -9999 -9999 -9999 -9999 -9999 8.90 7.77 5.41 5.82 6.06 7.03 6.64 7.29 7.14 4.58 7.11 11.22 13.67 10.41 12.44 13.23 13.32 10.23 10.58 10.48 8.59 5.73 5.33 5.32 2.24 3.32 6.22 8.33 -9999 -9999 -9999 -9999 -9999 -9999 -9999 -9999 -9999 -9999 -9999 -9999 -9999 -9999 -9999 -9999 -9999 -9999 -9999 -9999 -9999 -9999 -9999 -9999 -9999 -9999 -9999 -9999 -9999
-9999 -9999 11.78 11.65 -9999 -9999 -9999 10.14 10.81 10.37 10.63 -9999 -9999 -9999 -9999 10.41 -9999 -9999 -9999 -9999 -9999 -9999 7.53 6.56 5.62 6.64 8.44 8.70 7.47 7.49 6.51 5.26 5.40 9.48 12.32 8.87 14.68 13.76 14.78 11.01 10.90 12.12 8.64 6.21 5.11 3.22 1.88 3.24 5.91 8.27 -9999 -9999 -9999 -9999 -9999 -9999 -9999 -9999 -9999 -9999 -9999 -9999 -9999 -9999 -9999 -9999 -9999 -9999 -9999 -9999 -9999 -9999 -9999 -9999 -9999 -9999 -9999 -9999 -9999
-9999 -9999 -9999 13.07 -9999 -9999 -9999 -9999 10.61 11.70 11.29 -9999 -9999 -9999 -9999 -9999 -9999 -9999 -9999 -9999 -9999 8.55 7.28 7.26 7.36 7.62 9.64 9.53 8.52 8.32 7.28 6.70 4.95 6.64 14.22 15.30 14.84 14.02 10.75 9.37 9.64 7.57 4.94 6.91 6.63 3.03 2.40 3.84 5.97 8.54 10.23 -9999 -9999 -9999 -9999 -9999 -9999 -9999 -9999 -9999 -9999 -9999 -9999 -9999 -9999 -9999 -9999 -9999 -9999 -9999 -9999 -9999 -9999 -9999 -9999 -9999 -9999 -9999 -9999
-9999 -9999 -9999 14.32 -9999 -9999 -9999 -9999 -9999 -9999 -9999 -9999 -9999 -9999 -9999 -9999 -9999 -9999 -9999 -9999 -9999 8.84 6.95 5.72 5.06 4.18 12.39 10.18 8.94 10.69 7.59 8.57 3.80 4.18 11.17 16.46 13.12 11.04 15.30 16.87 14.65 11.48 9.38 4.43 4.79 4.29 5.20 4.70 5.99 8.89 10.32 10.78 -9999 -9999 -9999 -9999 -9999 -9999 -9999 -9999 -9999 -9999 -9999 -9999 -9999 -9999 -9999 -9999 -9999 -9999 -9999 -9999 -9999 -9999 -9999 -9999 -9999 -9999 -9999
-9999 -9999 -9999 -9999 -9999 -9999 -9999 -9999 -9999 -9999 -9999 -9999 -9999 -9999 -9999 -9999 -9999 -9999 -9999 -9999 9.00 8.01 6.38 5.16 8.81 3.62 17.71 17.16 8.43 9.07 7.87 6.59 6.72 3.70 5.42 15.76 15.39 13.13 11.39 10.12 12.45 11.43 9.68 7.00 5.43 4.95 4.65 5.01 6.96 7.80 8.37 9.50 -9999 -9999 -9999 -9999 -9999 -9999 -9999 -9999 -9999 -9999 -9999 -9999 -9999 -9999 -9999 -9999 -9999 -9999 -9999 -9999 -9999 -9999 -9999 -9999 -9999 -9999 -9999
-9999 -9999 -9999 -9999 -9999 -9999 -9999 -9999 -9999 -9999 -9999 -9999 -9999 -9999 -9999 -9999 -9999 -9999 -9999 -9999 7.80 8.53 5.56 8.13 16.72 8.24 4.60 11.28 12.24 9.32 8.68 7.29 6.49 5.14 5.19 7.22 16.85 14.16 13.08 10.48 10.05 9.76 7.35 6.68 6.41 7.12 5.44 6.74 6.56 7.25 7.29 7.95 9.06 9.93 9.87 -9999 -9999 -9999 -9999 -9999 -9999 -9999 -9999 -9999 -9999 -9999 -9999 -9999 -9999 -9999 -9999 -9999 -9999 -9999 -9999 -9999 -9999 -9999 -9999
-9999 -9999 -9999 -9999 -9999 -9999 -9999 -9999 -9999 -9999 -9999 -9999 -9999 -9999 -9999 -9999 -9999 -9999 -9999 -9999 7.59 7.19 6.87 11.26 6.98 6.98 8.48 12.78 8.96 7.52 11.56 5.43 7.69 6.17 6.23 5.74 9.36 12.43 12.41 11.41 10.53 7.94 7.72 6.72 5.89 5.49 5.84 5.95 6.61 6.30 6.40 6.77 10.44 8.84 9.74 10.18 9.45 -9999 -9999 -9999 -9999 -9999 -9999 -9999 -9999 -9999 -9999 -9999 -9999 -9999 -9999 -9999 -9999 -9999 -9999 -9999 -9999 -9999 -9999
-9999 -9999 -9999 -9999 -9999 -9999 -9999 -9999 -9999 -9999 -9999 -9999 -9999 -9999 -9999 -9999 -9999 -9999 -9999 -9999 7.51 6.79 7.93 14.30 15.99 11.41 7.12 7.85 8.60 11.69 6.25 10.19 7.90 7.01 8.09 7.49 5.61 6.89 12.04 11.61 10.44 9.23 8.01 7.20 6.85 6.46 5.81 6.14 6.08 5.72 6.53 6.79 7.90 10.86 9.78 9.38 10.23 9.87 7.89 -9999 -9999 -9999 -9999 -9999 -9999 -9999 -9999 -9999 -9999 -9999 -9999 -9999 -9999 -9999 -9999 -9999 -9999 -9999 -9999
-9999 -9999 -9999 -9999 -9999 -9999 -9999 -9999 -9999 -9999 -9999 -9999 -9999 -9999 -9999 -9999 -9999 -9999 -9999 -9999 8.11 6.40 8.85 10.94 6.32 20.29 16.25 7.20 9.34 6.61 11.03 11.77 7.54 6.17 7.57 8.06 5.78 14.55 12.98 12.60 13.30 13.47 12.14 7.99 8.98 7.10 6.43 6.30 6.17 6.20 6.29 5.68 6.43 9.09 7.38 6.47 6.98 8.42 6.75 9.92 -9999 -9999 -9999 -9999 -9999 -9999 -9999 -9999 -9999 -9999 -9999 -9999 -9999 -9999 -9999 -9999 -9999 -9999 -9999
-9999 -9999 -9999 -9999 -9999 -9999 -9999 -9999 11.43 12.08 12.47 -9999 -9999 -9999 -9999 -9999 -9999 -9999 -9999 -9999 -9999 8.08 6.71 5.86 8.66 10.73 14.22 6.60 3.22 8.88 7.97 6.97 5.79 8.03 8.49 7.20 8.33 11.41 11.71 16.01 14.60 11.87 10.89 11.32 9.22 7.44 6.72 6.24 6.24 5.64 5.44 10.37 8.87 12.17 12.15 10.28 8.67 5.60 9.07 9.54 8.27 -9999 -9999 -9999 -9999 -9999 -9999 -9999 -9999 -9999 -9999 -9999 -9999 -9999 -9999 -9999 -9999 -9999 -9999
-9999 -9999 -9999 -9999 -9999 -9999 -9999 -9999 9.82 10.08 -9999 -9999 -9999 -9999 -9999 -9999 -9999 -9999 -9999 -9999 -9999 -9999 6.87 4.52 9.16 9.36 18.14 8.38 8.29 7.07 4.33 3.42 4.19 4.19 13.85 7.04 8.59 14.44 11.43 8.27 7.53 12.67 8.16 11.28 8.80 7.20 6.38 6.10 5.50 6.01 8.94 10.18 8.88 7.98 6.83 7.72 8.68 8.07 8.66 8.37 10.68 -9999 -9999 -9999 -9999 -9999 -9999 -9999 -9999 -9999 -9999 -9999 -9999 -9999 -9999 -9999 -9999 -9999 -9999
-9999 -9999 -9999 -9999 -9999 -9999 -9999 8.74 11.89 11.29 10.53 -9999 -9999 -9999 -9999 -9999 -9999 -9999 -9999 -9999 -9999 -9999 7.34 9.36 10.04 10.54 7.94 9.17 6.70 5.81 4.31 3.64 5.96 4.47 3.64 14.08 9.24 8.48 12.94 10.74 14.11 10.66 11.10 9.13 8.28 7.39 7.00 5.93 5.20 6.49 8.18 7.38 8.23 8.81 7.74 7.88 7.38 7.65 8.07 6.40 9.79 8.67 -9999 -9999 -9999 -9999 -9999 -9999 -9999 -9999 -9999 -9999 -9999 -9999 -9999 -9999 -9999 -9999 -9999
-9999 -9999 -9999 -9999 -9999 -9999 7.39 11.86 13.52 17.27 10.24 -9999 -9999 -9999 -9999 -9999 -9999 -9999 -9999 -9999 -9999 -9999 8.78 13.57 10.12 5.55 7.38 6.27 6.92 4.62 3.53 4.65 6.00 3.29 11.04 8.22 12.01 8.82 14.62 8.37 10.19 8.06 10.49 8.49 8.51 8.22 6.53 6.14 5.08 5.00 8.65 9.33 8.87 7.18 6.92 6.14 5.92 6.20 8.13 8.22 7.84 8.99 -9999 -9999 -9999 -9999 -9999 -9999 -9999 -9999 -9999 -9999 -9999 -9999 -9999 -9999 -9999 -9999 -9999
-9999 -9999 -9999 -9999 -9999 8.52 7.66 15.49 12.08 11.59 -9999 -9999 -9999 -9999 -9999 -9999 -9999 -9999 -9999 -9999 -9999 -9999 -9999 8.76 6.30 5.64 8.22 5.18 7.50 5.19 4.36 4.11 4.85 3.13 10.59 10.89 12.49 12.08 13.59 13.42 13.49 12.18 11.23 11.11 10.21 7.44 6.65 6.09 5.13 4.76 5.65 10.98 9.59 6.43 5.49 5.27 4.65 4.67 4.90 5.33 5.17 6.44 8.38 9.40 -9999 -9999 -9999 -9999 -9999 -9999 -9999 -9999 -9999 -9999 -9999 -9999 -9999 -9999 -9999
-9999 -9999 -9999 -9999 -9999 10.76 12.25 8.05 8.99 9.94 -9999 -9999 -9999 -9999 -9999 -9999 -9999 -9999 -9999 -9999 -9999 -9999 -9999 -9999 7.06 7.55 6.66 5.53 6.92 6.02 5.89 5.25 5.98 3.49 10.72 9.78 8.78 12.07 11.22 10.17 15.11 15.12 10.90 12.46 10.64 9.56 6.88 5.97 5.45 4.98 5.18 6.34 6.84 5.94 5.73 5.38 5.15 4.77 4.79 4.87 5.15 8.59 8.99 8.72 -9999 -9999 -9999 -9999 -9999 -9999 -9999 -9999 -9999 -9999 -9999 -9999 -9999 -9999 -9999
-9999 -9999 -9999 -9999 -9999 11.36 9.48 10.10 9.29 -9999 -9999 -9999 -9999 -9999 -9999 -9999 -9999 -9999 -9999 -9999 -9999 -9999 -9999 -9999 8.25 8.13 7.43 -9999 7.28 -9999 6.51 5.52 5.06 3.92 4.36 10.47 9.28 10.12 14.53 6.52 7.81 14.48 12.32 11.44 10.74 8.93 7.09 6.40 6.19 5.57 5.38 5.57 6.57 7.70 6.30 6.78 5.58 4.86 6.09 7.46 7.01 6.30 6.34 8.39 10.51 11.16 -9999 -9999 -9999 -9999 -9999 -9999 -9999 -9999 -9999 -9999 -9999 -9999 -9999
-9999 -9999 -9999 -9999 11.13 9.71 9.19 -9999 -9999 -9999 -9999 -9999 -9999 -9999 -9999 -9999 -9999 -9999 -9999 -9999 -9999 -9999 -9999 -9999 9.52 8.34 7.36 -9999 -9999 -9999 6.46 7.35 4.24 5.52 7.03 5.43 5.18 7.38 12.45 12.21 6.47 11.67 13.64 10.40 11.43 9.78 8.18 5.93 6.00 5.65 5.52 5.55 5.83 6.22 6.13 6.43 5.08 6.07 7.49 8.38 8.67 8.37 7.27 7.13 8.42 9.83 -9999 -9999 -9999 -9999 -9999 -9999 -9999 -9999 -9999 -9999 -9999 -9999 -9999
-9999 -9999 -9999 -9999 -9999 -9999 -9999 -9999 -9999 -9999 -9999 -9999 -9999 -9999 -9999 -9999 -9999 -9999 -9999 -9999 -9999 -9999 -9999 -9999 -9999 -9999 -9999 -9999 -9999 7.38 5.33 5.31 7.74 9.01 9.58 9.32 7.32 7.79 11.19 10.84 8.63 6.50 10.45 12.08 10.04 8.84 7.69 6.61 6.20 6.30 5.69 5.49 5.57 5.56 5.41 4.80 6.07 9.59 8.02 8.79 7.81 7.77 6.62 7.23 8.20 -9999 -9999 -9999 -9999 -9999 -9999 -9999 -9999 -9999 -9999 -9999 -9999 -9999 -9999
-9999 -9999 -9999 -9999 -9999 -9999 -9999 -9999 -9999 -9999 -9999 -9999 -9999 -9999 -9999 -9999 -9999 -9999 -9999 -9999 -9999 -9999 -9999 -9999 -9999 -9999 -9999 -9999 -9999 6.74 5.08 6.85 10.39 13.39 11.61 7.98 9.18 6.25 7.00 6.42 8.41 9.14 10.23 10.58 9.93 8.42 7.71 7.14 6.23 6.35 5.65 5.57 5.62 5.67 5.48 4.82 5.69 10.54 9.92 8.01 7.53 7.16 6.72 7.29 8.41 -9999 -9999 -9999 -9999 -9999 -9999 -9999 -9999 -9999 -9999 -9999 -9999 -9999 -9999
-9999 -9999 -9999 -9999 -9999 -9999 -9999 -9999 -9999 -9999 -9999 -9999 -9999 -9999 -9999 -9999 -9999 -9999 -9999 -9999 -9999 -9999 -9999 -9999 -9999 -9999 -9999 -9999 -9999 5.94 4.40 5.07 8.73 10.22 9.53 8.27 8.00 7.19 7.75 6.52 6.55 7.29 5.61 10.41 8.56 9.60 8.04 7.61 6.18 5.82 5.85 5.72 5.76 5.68 5.62 5.34 5.35 8.04 9.40 8.60 7.82 7.60 7.10 7.28 7.84 -9999 -9999 -9999 -9999 -9999 -9999 -9999 -9999 -9999 -9999 -9999 -9999 -9999 -9999
-9999 -9999 -9999 -9999 -9999 -9999 -9999 -9999 -9999 -9999 -9999 -9999 -9999 -9999 -9999 -9999 -9999 -9999 -9999 -9999 -9999 -9999 -9999 -9999 -9999 -9999 -9999 8.97 7.22 5.25 4.20 7.37 9.60 12.92 9.00 10.69 5.46 6.86 6.77 8.38 9.19 8.59 10.50 6.40 6.64 6.65 6.54 6.04 7.00 5.93 5.80 6.07 5.72 5.68 5.79 5.58 5.68 6.36 8.84 8.67 7.99 7.66 7.42 6.96 6.78 7.72 -9999 -9999 -9999 -9999 -9999 -9999 -9999 -9999 -9999 -9999 -9999 -9999 -9999
-9999 -9999 -9999 -9999 -9999 -9999 -9999 -9999 -9999 -9999 -9999 -9999 -9999 -9999 -9999 -9999 -9999 -9999 -9999 -9999 -9999 -9999 -9999 -9999 -9999 -9999 -9999 8.16 6.30 5.17 4.58 5.24 8.76 6.34 6.30 4.49 6.39 10.01 7.48 9.54 8.85 10.15 6.10 10.22 7.55 8.78 8.16 8.13 6.80 6.37 5.94 5.69 5.65 5.72 5.73 5.77 5.76 6.02 7.16 9.00 8.49 7.72 7.59 6.57 5.68 6.94 -9999 -9999 -9999 -9999 -9999 -9999 -9999 -9999 -9999 -9999 -9999 -9999 -9999
-9999 -9999 -9999 -9999 -9999 -9999 -9999 -9999 -9999 -9999 -9999 -9999 -9999 -9999 -9999 -9999 -9999 -9999 -9999 -9999 -9999 -9999 -9999 -9999 -9999 -9999 -9999 8.16 6.14 5.44 5.02 5.40 6.21 6.70 5.79 4.86 6.72 7.35 6.75 8.76 11.24 8.38 7.67 5.95 7.86 5.87 6.57 7.25 7.58 6.61 6.27 5.67 5.62 5.74 5.77 5.81 5.90 6.02 6.71 8.44 9.44 8.12 7.35 6.21 5.01 5.80 7.32 -9999 -9999 -9999 -9999 -9999 -9999 -9999 -9999 -9999 -9999 -9999 -9999
-9999 -9999 -9999 -9999 -9999 -9999 -9999 -9999 -9999 -9999 -9999 -9999 -9999 -9999 -9999 -9999 -9999 -9999 -9999 -9999 -9999 -9999 -9999 -9999 -9999 -9999 -9999 7.80 6.26 5.77 5.73 5.55 5.56 5.55 6.49 7.79 5.23 5.38 6.71 11.58 11.42 12.24 10.23 7.69 7.19 7.70 6.12 5.46 6.76 7.31 6.20 5.68 5.69 5.57 5.71 5.88 6.11 6.18 6.56 8.62 10.07 8.69 7.70 6.58 5.13 5.00 6.38 7.84 -9999 -9999 -9999 -9999 -9999 -9999 -9999 -9999 -9999 -9999 -9999
-9999 -9999 -9999 -9999 -9999 -9999 -9999 -9999 -9999 -9999 -9999 -9999 -9999 -9999 -9999 -9999 -9999 -9999 -9999 -9999 -9999 -9999 -9999 -9999 -9999 -9999 -9999 7.78 6.03 5.60 5.40 5.13 4.79 5.85 5.67 6.83 7.35 9.46 11.01 11.87 9.01 10.78 8.73 8.17 6.35 7.76 7.01 6.12 5.56 5.54 5.85 5.60 5.63 5.67 5.82 5.95 6.27 6.55 6.92 7.59 8.85 8.52 7.60 6.86 6.07 5.40 5.44 7.02 -9999 -9999 -9999 -9999 -9999 -9999 -9999 -9999 -9999 -9999 -9999
-9999 -9999 -9999 -9999 -9999 -9999 -9999 -9999 -9999 -9999 -9999 -9999 -9999 -9999 -9999 -9999 -9999 -9999 -9999 -9999 -9999 -9999 -9999 -9999 -9999 -9999 -9999 -9999 6.06 5.67 5.28 4.69 5.28 7.61 7.81 8.51 7.17 6.87 9.20 8.95 10.73 9.70 7.11 5.01 5.52 5.37 6.68 5.72 5.55 6.32 6.09 5.44 5.67 5.60 5.79 5.83 6.10 6.51 6.96 7.38 7.30 7.53 7.49 7.22 -9999 6.30 6.49 7.37 9.09 -9999 -9999 -9999 -9999 -9999 -9999 -9999 -9999 -9999 -9999
-9999 -9999 -9999 -9999 -9999 -9999 -9999 -9999 -9999 -9999 -9999 -9999 -9999 -9999 -9999 -9999 -9999 -9999 -9999 -9999 -9999 -9999 -9999 -9999 -9999 -9999 -9999 7.52 5.99 5.59 4.88 4.38 4.62 9.10 9.84 7.63 10.56 9.96 7.92 7.68 12.20 10.12 10.30 6.88 4.61 6.56 4.88 4.29 5.25 5.62 5.39 5.65 5.36 5.43 5.56 5.79 5.79 5.98 7.74 7.13 6.50 7.87 7.02 6.95 6.73 -9999 7.46 8.20 9.55 10.62 -9999 -9999 -9999 -9999 -9999 -9999 -9999 -9999 -9999
-9999 -9999 -9999 -9999 -9999 -9999 -9999 -9999 -9999 -9999 -9999 -9999 -9999 -9999 -9999 -9999 -9999 -9999 -9999 -9999 -9999 -9999 -9999 -9999 -9999 -9999 -9999 7.24 5.73 5.39 4.87 6.47 5.40 6.65 9.96 6.60 7.01 7.38 5.34 5.35 9.57 9.10 8.92 5.18 6.85 7.40 4.70 5.77 5.01 5.85 5.86 5.63 5.26 5.31 5.41 5.49 5.43 5.43 5.76 6.40 5.47 5.76 6.52 6.00 6.71 7.02 -9999 -9999 -9999 -9999 -9999 -9999 -9999 -9999 -9999 -9999 -9999 -9999 -9999
-9999 -9999 -9999 -9999 -9999 -9999 -9999 -9999 -9999 -9999 -9999 -9999 -9999 -9999 -9999 -9999 -9999 -9999 -9999 -9999 -9999 -9999 -9999 -9999 -9999 -9999 8.97 6.60 5.51 6.29 5.85 5.99 5.54 6.62 6.88 6.27 6.00 5.52 5.26 5.62 8.52 11.15 11.23 6.40 8.63 7.53 4.55 4.75 3.88 4.93 5.74 5.52 5.18 5.48 5.45 5.39 5.50 5.30 5.52 5.73 5.57 5.34 6.90 6.40 6.30 6.46 7.57 8.73 -9999 -9999 -9999 -9999 -9999 -9999 -9999 -9999 -9999 -9999 -9999
-9999 -9999 -9999 -9999 -9999 -9999 -9999 -9999 -9999 -9999 -9999 -9999 -9999 -9999 -9999 -9999 -9999 -9999 -9999 -9999 -9999 -9999 -9999 -9999 -9999 -9999 -9999 6.86 5.64 5.60 6.03 7.97 5.66 5.40 5.38 5.85 6.17 5.58 5.24 5.03 5.23 9.26 10.64 11.30 7.87 7.88 6.26 4.84 5.24 3.54 4.50 6.08 5.32 5.36 5.28 5.28 5.49 5.30 5.38 5.77 5.41 4.92 5.13 7.76 6.64 6.20 6.51 7.29 8.47 9.85 -9999 -9999 -9999 -9999 -9999 -9999 -9999 -9999 -9999
-9999 -9999 -9999 -9999 -9999 -9999 -9999 -9999 -9999 -9999 -9999 -9999 -9999 -9999 -9999 -9999 -9999 -9999 -9999 -9999 -9999 -9999 -9999 -9999 -9999 -9999 -9999 6.89 6.12 5.62 5.76 5.97 6.00 5.65 5.15 5.32 5.00 4.81 4.86 4.93 5.69 5.04 9.91 12.02 11.87 9.03 7.02 5.71 4.18 4.85 4.73 6.56 5.54 5.51 5.28 5.30 5.33 5.27 5.60 5.67 5.40 4.82 5.33 7.57 7.05 7.30 6.04 6.06 7.05 8.52 -9999 -9999 -9999 -9999 -9999 -9999 -9999 -9999 -9999
-9999 -9999 -9999 -9999 -9999 -9999 -9999 12.03 11.18 11.70 12.91 -9999 -9999 -9999 -9999 -9999 -9999 -9999 -9999 -9999 -9999 -9999 -9999 -9999 -9999 -9999 7.64 6.37 6.63 5.90 6.74 6.19 5.53 5.36 5.36 5.13 5.14 5.00 4.99 4.96 4.90 7.86 10.32 9.89 6.89 9.96 8.65 4.72 4.62 2.94 6.62 7.17 5.77 5.66 5.39 5.33 5.32 5.24 5.44 5.86 5.64 4.89 4.99 5.59 7.65 7.51 7.94 6.03 5.86 7.28 9.02 -9999 -9999 -9999 -9999 -9999 -9999 -9999 -9999
-9999 -9999 -9999 -9999 -9999 -9999 -9999 11.20 10.31 10.15 10.74 -9999 -9999 -9999 -9999 -9999 -9999 -9999 -9999 -9999 -9999 -9999 -9999 -9999 -9999 7.80 7.28 6.39 6.64 7.59 6.22 6.19 5.14 5.07 5.27 5.10 5.36 5.54 4.84 4.53 4.74 6.35 12.15 11.68 6.86 8.26 7.43 6.75 3.62 3.04 5.63 6.76 6.01 5.18 5.09 5.25 5.64 5.39 5.33 5.52 5.97 5.27 5.19 5.31 7.27 7.40 7.39 6.27 6.01 6.47 8.24 -9999 -9999 -9999 -9999 -9999 -9999 -9999 -9999
-9999 -9999 -9999 -9999 -9999 14.55 11.04 9.25 9.57 9.28 10.37 10.05 11.28 12.20 -9999 -9999 12.24 10.43 -9999 -9999 -9999 8.44 9.76 9.06 -9999 6.01 7.54 6.63 6.20 6.67 6.04 6.32 6.12 6.57 6.01 6.02 5.16 5.63 5.00 5.15 8.99 5.94 7.76 10.07 4.17 5.60 10.67 4.70 6.39 4.36 5.57 6.12 5.65 5.43 5.37 5.36 5.60 5.13 5.33 5.25 6.08 5.28 5.15 5.36 5.96 6.83 7.96 7.46 6.18 6.03 7.49 9.41 -9999 -9999 -9999 -9999 -9999 -9999 -9999
-9999 -9999 -9999 -9999 -9999 -9999 11.53 9.81 9.05 8.55 8.81 10.10 11.87 9.67 -9999 9.38 9.72 10.79 9.50 10.35 6.95 5.88 10.13 10.11 8.50 -9999 5.38 6.86 6.68 5.93 5.85 6.61 5.82 5.50 5.40 5.29 5.55 5.25 5.66 5.50 9.20 9.68 8.83 8.89 7.40 8.91 9.07 7.15 4.64 4.28 6.53 6.68 5.26 5.85 5.39 5.85 5.83 5.22 5.26 5.16 6.14 5.45 5.29 5.44 5.41 6.33 7.26 8.09 7.08 6.22 6.86 8.71 -9999 -9999 -9999 -9999 -9999 -9999 -9999
