ML/MeanWindSpeed_1995-11_Actual.txt
ncols         180
nrows         290
xllcorner     -200000
yllcorner     -200000
cellsize      5000
NODATA_value  -9999
[rows 210 to 244 of 290, columns 78 to 155 of 180]
14.34 14.58 12.35 14.72 14.14 -9999 -9999 -9999 -9999 -9999 -9999 -9999 6.54 6.70 8.11 6.91 7.81 8.83 11.28 13.55 16.40 14.89 12.01 9.50 9.20 7.30 10.58 10.88 6.42 5.16 10.32 9.87 11.02 6.60 5.85 6.30 6.02 7.25 7.94 7.25 7.35 6.84 6.31 5.96 5.61 5.20 5.07 4.71 5.51 4.89 5.04 5.25 5.56 6.01 5.86 6.46 7.87 7.60 6.34 7.97 7.19 5.95 5.68 4.86 4.76 5.80 6.36 5.81 5.21 5.12 6.71 5.39 5.89 7.18 6.28 6.16 6.05 4.85
-9999 14.53 -9999 -9999 -9999 -9999 -9999 -9999 -9999 -9999 12.87 10.67 9.94 11.53 10.50 9.12 8.25 8.98 9.29 12.03 13.69 12.72 7.36 6.84 11.81 9.58 8.86 6.44 5.50 5.27 8.80 8.63 8.36 6.46 6.27 6.64 4.95 8.76 8.85 6.99 7.06 6.51 6.32 6.10 5.63 6.16 5.31 5.29 4.47 4.49 4.63 5.05 5.33 6.23 5.65 7.36 9.36 7.23 7.63 5.10 6.52 5.62 5.01 6.23 5.83 6.00 6.61 5.59 4.76 4.92 4.90 5.81 6.67 5.74 6.39 6.07 5.05 4.55
-9999 -9999 -9999 -9999 -9999 -9999 -9999 -9999 -9999 -9999 14.65 13.68 10.81 12.47 13.08 -9999 -9999 8.63 12.28 5.98 8.05 7.51 7.70 8.75 10.65 6.65 5.63 6.44 6.51 7.58 8.05 8.02 7.42 6.91 7.73 5.87 6.19 8.50 6.78 6.29 6.09 6.35 7.02 6.64 5.75 5.79 5.04 5.09 5.88 6.56 6.05 6.80 5.50 5.44 6.67 9.58 6.91 6.76 6.03 4.09 6.05 5.54 5.27 5.18 5.24 5.15 5.04 6.81 5.11 4.77 4.59 4.70 5.02 4.78 4.38 6.38 5.53 6.04
-9999 -9999 -9999 -9999 -9999 -9999 -9999 -9999 -9999 -9999 -9999 -9999 -9999 -9999 -9999 -9999 -9999 10.27 8.51 8.06 6.36 4.99 5.04 5.64 6.96 6.57 6.92 7.96 9.10 9.91 9.52 -9999 7.56 6.92 6.42 5.81 6.27 8.14 6.76 6.87 6.30 5.49 5.47 6.58 5.65 5.94 7.51 7.68 7.32 8.40 9.43 7.49 7.06 6.90 6.96 8.30 6.39 6.16 5.88 4.87 4.71 4.85 5.70 5.69 5.09 4.80 4.93 4.86 4.49 4.26 4.09 4.19 4.43 4.79 4.98 5.53 5.59 6.15
-9999 -9999 -9999 -9999 -9999 -9999 -9999 -9999 -9999 -9999 -9999 -9999 -9999 -9999 -9999 -9999 -9999 -9999 9.92 8.04 6.43 6.38 7.00 5.18 5.31 6.47 8.56 -9999 -9999 -9999 -9999 8.87 7.11 6.55 5.83 5.71 6.42 8.31 6.96 7.34 6.54 5.27 6.47 6.03 7.91 7.26 9.67 7.74 7.94 7.43 7.94 7.64 6.66 7.74 5.29 5.94 6.45 4.68 4.88 4.34 4.25 4.55 4.92 5.31 5.33 4.32 4.00 3.63 3.55 3.33 4.99 5.47 4.18 4.33 4.71 5.17 5.71 7.00
-9999 -9999 -9999 -9999 -9999 -9999 -9999 -9999 -9999 -9999 -9999 -9999 -9999 -9999 -9999 -9999 -9999 -9999 -9999 9.88 11.02 9.32 7.50 7.33 7.57 9.18 -9999 -9999 -9999 -9999 9.91 9.09 8.51 4.65 4.59 5.00 7.98 8.62 7.90 7.11 5.81 5.93 5.73 7.69 9.46 8.01 8.04 7.06 7.18 6.84 5.60 6.33 6.33 5.78 5.63 5.57 5.45 4.79 4.85 5.40 5.72 6.07 4.89 5.07 4.95 4.16 4.28 3.49 3.58 2.80 3.89 4.05 4.28 5.74 4.74 5.99 6.30 7.06
-9999 -9999 -9999 -9999 -9999 -9999 -9999 -9999 -9999 -9999 -9999 -9999 -9999 -9999 -9999 -9999 -9999 -9999 -9999 -9999 11.10 11.10 9.51 9.04 8.81 11.52 -9999 -9999 -9999 9.03 6.54 5.30 7.37 6.91 6.08 4.65 6.47 5.43 7.76 6.95 5.10 6.95 8.20 8.02 7.36 8.19 6.93 6.31 5.88 5.14 5.03 4.95 5.26 5.97 5.63 5.03 5.11 5.27 5.25 6.06 5.58 5.81 5.44 4.73 4.61 3.67 2.87 2.20 2.50 2.50 3.01 3.38 5.15 5.85 6.43 6.30 5.01 7.09
-9999 -9999 -9999 -9999 -9999 -9999 -9999 -9999 -9999 -9999 -9999 -9999 -9999 -9999 -9999 -9999 -9999 -9999 -9999 -9999 -9999 -9999 -9999 -9999 -9999 -9999 -9999 -9999 11.93 7.44 5.21 4.56 6.80 4.76 5.85 6.90 6.62 6.47 6.85 5.00 4.74 5.33 6.64 6.38 6.78 6.87 7.19 6.87 6.54 8.43 6.24 6.33 5.49 6.12 6.17 5.23 5.36 4.97 5.46 6.24 5.33 4.65 4.54 4.38 4.01 4.10 2.81 3.03 2.48 3.91 4.78 4.79 3.96 7.47 8.59 6.94 5.22 8.56
-9999 -9999 -9999 -9999 -9999 -9999 -9999 -9999 -9999 -9999 -9999 -9999 -9999 -9999 -9999 -9999 -9999 -9999 -9999 -9999 -9999 -9999 -9999 -9999 -9999 -9999 -9999 -9999 8.92 7.80 6.01 12.35 9.70 5.06 5.87 6.70 7.11 7.56 5.36 4.80 4.75 4.71 6.20 5.95 5.82 8.17 8.00 9.52 7.66 7.89 9.46 7.17 6.27 5.94 5.23 5.10 4.91 4.92 5.44 5.27 5.43 4.73 4.10 3.79 3.47 3.76 5.59 4.25 5.03 5.44 6.85 5.39 4.34 6.11 6.59 5.23 4.62 5.56
-9999 -9999 -9999 -9999 -9999 -9999 -9999 -9999 -9999 -9999 -9999 -9999 -9999 -9999 -9999 -9999 -9999 -9999 -9999 -9999 -9999 -9999 -9999 -9999 -9999 -9999 -9999 -9999 8.19 5.45 4.38 7.20 11.66 9.87 8.35 6.74 8.28 6.07 5.67 5.01 7.35 7.47 8.12 7.47 6.46 6.68 6.57 7.12 7.79 7.87 6.83 6.68 6.49 6.30 5.44 5.11 5.23 5.32 5.99 5.54 5.26 4.50 4.32 5.09 5.90 4.78 5.72 4.56 3.92 4.02 5.35 7.98 7.86 5.15 5.04 5.87 6.32 6.13
-9999 -9999 -9999 -9999 -9999 -9999 -9999 -9999 -9999 -9999 -9999 12.81 13.15 10.28 16.65 15.57 15.06 14.76 17.24 7.15 14.58 8.52 -9999 -9999 -9999 -9999 -9999 -9999 7.18 5.43 5.06 3.92 5.57 8.43 10.14 8.96 7.15 6.07 6.10 7.01 8.55 7.47 6.32 6.32 5.84 5.90 6.34 5.90 5.49 5.34 6.10 5.54 6.54 7.19 8.10 6.56 5.93 6.63 6.47 5.41 6.27 5.04 4.44 5.73 6.67 4.91 4.25 4.57 3.92 3.22 2.98 3.66 3.84 3.31 3.39 3.63 3.85 3.72
-9999 -9999 -9999 -9999 -9999 -9999 -9999 -9999 -9999 -9999 -9999 15.74 14.45 14.26 11.23 14.12 16.48 15.00 15.27 15.35 11.00 8.60 6.81 8.46 11.95 9.13 7.95 6.64 6.14 5.16 4.55 4.05 3.59 4.55 8.00 8.05 6.88 5.71 9.58 7.31 5.81 6.49 7.02 5.88 5.78 6.87 6.35 6.46 6.06 5.96 4.60 5.17 6.18 6.51 6.46 7.22 7.57 5.72 5.28 4.60 4.33 5.68 4.44 9.13 6.52 5.87 5.08 4.50 4.56 3.86 4.76 4.83 3.24 5.35 4.75 5.62 3.89 4.11
-9999 -9999 -9999 -9999 -9999 -9999 -9999 -9999 -9999 -9999 13.05 11.05 9.91 9.13 7.88 11.33 15.20 14.44 12.87 13.03 12.85 10.55 8.20 7.52 8.82 10.32 6.57 5.82 5.11 5.16 6.26 4.44 4.30 6.19 6.25 6.06 6.63 9.81 7.25 8.67 7.58 6.43 5.23 5.97 5.93 7.04 7.00 6.35 6.99 5.43 5.77 5.63 5.69 5.71 7.41 8.11 5.46 4.90 5.17 7.91 5.57 4.85 4.98 4.74 5.19 5.61 5.24 5.05 5.76 6.77 5.30 3.94 3.88 6.12 5.42 5.35 5.80 5.47
-9999 -9999 -9999 -9999 -9999 -9999 -9999 -9999 -9999 -9999 -9999 9.17 7.10 6.14 8.57 8.50 9.76 13.77 11.86 9.56 8.38 11.15 13.00 9.94 6.77 6.89 9.35 6.72 4.52 4.59 4.53 5.41 5.63 4.67 4.67 5.30 6.48 8.14 6.34 8.13 6.52 6.35 6.09 6.58 6.02 7.12 7.29 7.13 5.42 5.33 6.17 5.06 4.44 4.38 5.73 7.01 6.86 5.03 5.48 6.68 6.24 5.08 3.93 3.82 3.73 4.42 6.84 6.46 6.02 6.71 7.89 6.69 5.79 6.44 6.35 5.15 6.27 4.80
-9999 -9999 -9999 -9999 -9999 -9999 -9999 13.35 -9999 -9999 10.93 8.69 9.27 4.97 7.40 5.73 5.90 6.91 7.77 9.13 7.37 9.54 10.69 7.15 5.17 3.31 3.63 3.96 3.83 4.07 4.57 5.64 4.54 4.44 5.01 7.31 5.59 7.00 5.60 6.55 5.86 7.18 8.15 7.19 5.97 5.37 5.35 5.24 5.08 6.91 5.67 4.77 7.25 5.26 5.14 7.22 8.68 4.32 4.75 5.02 4.65 4.14 3.87 3.74 4.47 5.48 6.05 4.80 4.22 4.33 5.27 5.41 5.31 6.01 5.00 4.85 4.72 3.95
-9999 -9999 -9999 -9999 -9999 -9999 12.77 14.00 13.58 12.80 9.09 7.62 9.72 6.16 4.48 5.55 5.09 7.53 8.42 9.70 7.78 6.88 7.00 5.07 3.30 2.31 2.71 3.95 4.68 3.71 3.81 4.22 4.07 4.36 6.42 6.46 5.28 6.44 7.04 8.66 7.36 7.41 9.03 7.14 6.84 5.05 5.61 5.26 5.90 5.05 4.86 4.25 5.95 6.08 4.76 5.81 5.13 4.22 3.83 3.34 4.30 4.40 4.28 3.67 3.28 3.48 3.40 3.68 3.90 3.81 3.26 4.27 4.97 6.06 6.47 5.80 4.11 5.22
-9999 -9999 -9999 -9999 -9999 -9999 12.11 11.72 10.14 10.45 8.88 7.64 5.85 8.14 7.93 6.58 8.62 8.83 8.42 10.19 8.55 7.85 7.29 4.03 5.34 7.71 6.49 5.03 4.15 3.40 4.26 5.01 5.58 4.96 6.44 5.42 6.32 5.40 4.68 6.82 8.53 6.89 6.84 6.59 5.93 5.70 6.32 5.32 4.62 5.55 5.86 4.20 4.88 5.15 4.96 5.99 6.55 6.62 8.53 4.69 4.64 3.72 3.44 3.53 3.64 3.32 3.17 3.50 4.24 3.81 3.54 3.37 4.66 4.95 5.19 5.41 5.67 4.06
-9999 -9999 -9999 -9999 -9999 -9999 12.35 10.09 9.15 9.44 8.30 8.21 6.34 6.81 6.95 5.32 7.40 8.08 9.03 9.46 8.76 5.20 3.62 3.21 6.52 6.48 6.91 7.85 4.93 4.52 4.89 4.11 5.46 4.63 5.82 5.21 5.51 5.29 4.53 6.80 6.19 6.33 6.09 5.91 5.93 5.86 6.40 6.37 4.83 4.53 4.92 6.16 4.49 4.86 4.55 5.12 5.42 5.80 7.05 6.12 7.02 8.20 3.53 8.04 5.96 3.78 4.31 8.55 8.14 7.35 3.37 3.27 3.50 3.39 4.42 4.20 5.99 7.28
-9999 -9999 -9999 -9999 -9999 -9999 9.52 8.68 8.34 7.87 6.77 6.57 5.94 5.13 6.55 5.90 6.29 7.74 7.00 7.36 7.19 7.13 3.48 4.33 7.00 5.63 7.36 7.71 5.66 6.01 6.74 5.23 5.52 5.68 5.65 5.71 5.88 6.59 7.76 5.06 6.12 5.92 5.83 5.70 5.80 5.93 6.27 5.25 5.41 5.05 5.59 6.13 6.87 5.88 6.96 6.20 5.49 5.21 4.83 4.34 4.35 5.01 4.41 6.82 6.60 7.71 7.28 8.03 8.52 9.20 4.35 4.33 3.85 3.87 4.55 5.92 7.67 8.08
-9999 -9999 -9999 -9999 -9999 -9999 7.74 7.55 7.68 8.11 8.45 7.11 6.27 5.03 5.55 7.65 7.11 6.78 6.19 7.17 7.12 6.94 6.16 3.97 3.80 3.09 6.65 5.48 3.37 7.71 7.67 6.15 9.58 7.58 8.31 9.31 8.37 7.51 8.06 6.26 5.17 5.80 5.62 5.02 5.50 5.58 6.12 5.14 5.63 6.68 7.45 7.06 7.01 7.27 7.25 7.49 7.34 6.68 5.60 5.13 5.61 6.38 6.84 7.37 7.65 8.05 -9999 -9999 7.63 8.30 7.85 7.00 5.51 9.32 6.69 -9999 -9999 -9999
-9999 -9999 -9999 -9999 -9999 10.88 8.08 7.92 7.07 8.54 8.74 9.93 7.43 7.51 6.73 7.92 7.35 6.63 6.37 6.84 6.92 6.80 6.82 6.15 5.50 5.77 5.92 3.94 7.76 9.00 6.02 5.45 6.68 6.50 8.14 8.14 6.65 6.24 5.85 5.64 6.76 6.38 6.43 5.94 6.04 6.57 7.53 7.21 6.75 6.74 6.87 7.20 -9999 -9999 8.65 9.77 9.87 9.10 8.39 7.78 8.02 -9999 -9999 -9999 -9999 -9999 -9999 -9999 -9999 -9999 -9999 8.13 8.62 10.90 8.97 -9999 -9999 -9999
-9999 -9999 -9999 -9999 12.50 9.90 7.49 8.36 6.95 7.08 7.22 7.91 7.18 10.65 11.24 9.46 8.65 8.78 9.46 7.91 7.17 7.11 7.89 7.71 10.19 10.54 9.58 8.74 10.96 7.41 7.82 7.93 8.82 9.61 7.16 5.48 6.27 5.11 5.36 5.20 5.58 5.57 7.63 9.16 9.22 8.77 8.69 9.08 8.01 -9999 6.23 7.20 6.95 7.70 8.90 -9999 -9999 -9999 -9999 10.06 -9999 -9999 -9999 -9999 -9999 -9999 -9999 -9999 -9999 -9999 -9999 -9999 -9999 -9999 -9999 -9999 -9999 -9999
-9999 -9999 -9999 14.43 12.39 11.13 8.99 6.80 6.54 6.40 5.64 6.43 8.46 14.36 15.86 9.38 8.25 12.36 8.62 10.88 7.71 7.37 11.41 9.60 8.74 8.65 8.99 -9999 -9999 -9999 -9999 -9999 9.08 10.76 9.88 7.37 7.05 6.33 5.47 5.52 5.38 6.26 8.11 -9999 -9999 -9999 -9999 -9999 10.08 10.10 8.33 6.69 6.36 9.19 9.24 -9999 -9999 -9999 -9999 -9999 -9999 -9999 -9999 -9999 -9999 -9999 -9999 -9999 -9999 -9999 -9999 -9999 -9999 -9999 -9999 -9999 -9999 -9999
-9999 -9999 8.47 9.71 11.41 11.06 8.80 8.27 7.69 5.33 7.07 8.20 11.35 13.99 15.42 13.43 11.87 9.64 11.54 8.93 9.44 8.87 11.61 11.18 -9999 -9999 -9999 -9999 -9999 -9999 -9999 -9999 -9999 9.14 9.64 7.98 9.65 10.83 11.25 8.15 10.80 10.46 11.42 -9999 -9999 -9999 -9999 -9999 -9999 -9999 8.31 8.61 6.54 7.85 -9999 -9999 -9999 -9999 -9999 -9999 -9999 -9999 -9999 -9999 -9999 -9999 -9999 -9999 -9999 -9999 -9999 -9999 -9999 -9999 -9999 -9999 -9999 -9999
10.32 10.24 7.76 8.30 10.00 11.68 11.66 9.18 6.67 6.68 8.31 9.08 10.36 13.36 10.93 11.12 10.90 12.77 5.58 8.96 13.77 10.68 -9999 -9999 -9999 -9999 -9999 -9999 -9999 -9999 -9999 -9999 -9999 -9999 -9999 10.42 -9999 -9999 -9999 -9999 9.40 12.65 13.32 -9999 -9999 -9999 -9999 -9999 -9999 -9999 -9999 8.66 11.22 9.20 -9999 -9999 -9999 -9999 -9999 -9999 -9999 -9999 -9999 -9999 -9999 -9999 -9999 -9999 -9999 -9999 -9999 -9999 -9999 -9999 -9999 -9999 -9999 -9999
9.39 8.19 5.91 7.62 10.11 10.51 11.34 9.74 8.27 9.75 6.30 5.55 7.98 11.55 11.06 8.53 6.98 9.87 6.66 6.32 8.82 -9999 -9999 -9999 -9999 -9999 -9999 -9999 -9999 -9999 -9999 -9999 -9999 -9999 -9999 12.22 -9999 -9999 -9999 -9999 -9999 -9999 -9999 -9999 -9999 -9999 -9999 -9999 -9999 -9999 -9999 -9999 -9999 -9999 -9999 -9999 -9999 -9999 -9999 -9999 -9999 -9999 -9999 -9999 -9999 -9999 -9999 -9999 -9999 -9999 -9999 -9999 -9999 -9999 -9999 -9999 -9999 -9999
11.03 8.65 5.70 7.57 8.27 8.19 9.07 8.50 8.29 10.04 5.42 5.45 7.43 9.97 14.91 15.10 6.00 6.94 6.84 8.03 11.85 -9999 -9999 -9999 -9999 -9999 -9999 -9999 -9999 -9999 -9999 -9999 -9999 -9999 -9999 -9999 -9999 -9999 -9999 -9999 -9999 -9999 -9999 -9999 -9999 -9999 -9999 -9999 -9999 -9999 -9999 -9999 -9999 -9999 -9999 -9999 -9999 -9999 -9999 -9999 -9999 -9999 -9999 -9999 -9999 -9999 -9999 -9999 -9999 -9999 -9999 -9999 -9999 -9999 -9999 -9999 -9999 -9999
9.15 10.72 8.76 8.75 7.92 8.77 7.66 7.34 7.33 5.94 6.60 6.08 6.13 9.76 12.15 11.36 8.60 5.61 6.10 10.79 9.94 -9999 -9999 -9999 -9999 -9999 -9999 -9999 -9999 -9999 -9999 -9999 -9999 -9999 -9999 -9999 -9999 -9999 -9999 -9999 -9999 -9999 -9999 -9999 -9999 -9999 -9999 -9999 -9999 -9999 -9999 -9999 -9999 -9999 -9999 -9999 -9999 -9999 -9999 -9999 -9999 -9999 -9999 -9999 -9999 -9999 -9999 -9999 -9999 -9999 -9999 -9999 -9999 -9999 -9999 -9999 -9999 -9999
9.71 12.11 10.71 10.37 8.04 8.72 7.94 11.20 10.07 7.86 7.44 8.47 6.31 6.85 7.89 7.58 6.70 6.48 7.63 9.33 10.29 -9999 -9999 -9999 -9999 -9999 -9999 -9999 -9999 -9999 -9999 -9999 -9999 -9999 -9999 -9999 -9999 -9999 -9999 -9999 -9999 -9999 -9999 -9999 -9999 -9999 -9999 -9999 -9999 -9999 -9999 -9999 -9999 -9999 -9999 -9999 -9999 -9999 -9999 -9999 -9999 -9999 -9999 -9999 -9999 -9999 -9999 -9999 -9999 -9999 -9999 -9999 -9999 -9999 -9999 -9999 -9999 -9999
8.29 8.90 9.36 8.52 10.11 12.39 11.89 9.74 10.08 10.22 10.30 8.66 9.27 7.85 6.16 6.26 7.88 9.27 9.87 9.38 11.30 -9999 -9999 -9999 -9999 -9999 -9999 -9999 -9999 -9999 -9999 -9999 -9999 -9999 -9999 -9999 -9999 -9999 -9999 -9999 -9999 -9999 -9999 -9999 -9999 -9999 -9999 -9999 -9999 -9999 -9999 -9999 -9999 -9999 -9999 -9999 -9999 -9999 -9999 -9999 -9999 -9999 -9999 -9999 -9999 -9999 -9999 -9999 -9999 -9999 -9999 -9999 -9999 -9999 -9999 -9999 -9999 -9999
7.77 9.47 10.30 -9999 -9999 -9999 -9999 -9999 -9999 -9999 -9999 -9999 10.86 11.66 9.42 8.06 6.96 8.52 9.82 9.79 -9999 -9999 -9999 -9999 -9999 -9999 -9999 -9999 -9999 -9999 -9999 -9999 -9999 -9999 -9999 -9999 -9999 -9999 -9999 -9999 -9999 -9999 -9999 -9999 -9999 -9999 -9999 -9999 -9999 -9999 -9999 -9999 -9999 -9999 -9999 -9999 -9999 -9999 -9999 -9999 -9999 -9999 -9999 -9999 -9999 -9999 -9999 -9999 -9999 -9999 -9999 -9999 -9999 -9999 -9999 -9999 -9999 -9999
10.59 10.60 11.87 -9999 -9999 -9999 -9999 -9999 -9999 -9999 -9999 -9999 -9999 -9999 -9999 9.30 7.99 8.20 9.19 -9999 -9999 -9999 -9999 -9999 -9999 -9999 -9999 -9999 -9999 -9999 -9999 -9999 -9999 -9999 -9999 -9999 -9999 -9999 -9999 -9999 -9999 -9999 -9999 -9999 -9999 -9999 -9999 -9999 -9999 -9999 -9999 -9999 -9999 -9999 -9999 -9999 -9999 -9999 -9999 -9999 -9999 -9999 -9999 -9999 -9999 -9999 -9999 -9999 -9999 -9999 -9999 -9999 -9999 -9999 -9999 -9999 -9999 -9999
11.12 -9999 -9999 -9999 -9999 -9999 -9999 -9999 -9999 -9999 -9999 -9999 -9999 -9999 -9999 11.16 12.70 13.44 12.75 -9999 -9999 -9999 -9999 -9999 -9999 -9999 -9999 -9999 -9999 -9999 -9999 -9999 -9999 -9999 -9999 -9999 -9999 -9999 -9999 -9999 -9999 -9999 -9999 -9999 -9999 -9999 -9999 -9999 -9999 -9999 -9999 -9999 -9999 -9999 -9999 -9999 -9999 -9999 -9999 -9999 -9999 -9999 -9999 -9999 -9999 -9999 -9999 -9999 -9999 -9999 -9999 -9999 -9999 -9999 -9999 -9999 -9999 -9999
-9999 -9999 -9999 -9999 -9999 -9999 -9999 -9999 -9999 -9999 -9999 -9999 -9999 -9999 -9999 -9999 -9999 -9999 -9999 -9999 -9999 -9999 -9999 -9999 -9999 -9999 -9999 -9999 -9999 -9999 -9999 -9999 -9999 -9999 -9999 -9999 -9999 -9999 -9999 -9999 -9999 -9999 -9999 -9999 -9999 -9999 -9999 -9999 -9999 -9999 -9999 -9999 -9999 -9999 -9999 -9999 -9999 -9999 -9999 -9999 -9999 -9999 -9999 -9999 -9999 -9999 -9999 -9999 -9999 -9999 -9999 -9999 -9999 -9999 -9999 -9999 -9999 -9999
-9999 -9999 -9999 -9999 -9999 -9999 -9999 -9999 -9999 -9999 -9999 -9999 -9999 -9999 -9999 -9999 -9999 -9999 -9999 -9999 -9999 -9999 -9999 -9999 -9999 -9999 -9999 -9999 -9999 -9999 -9999 -9999 -9999 -9999 -9999 -9999 -9999 -9999 -9999 -9999 -9999 -9999 -9999 -9999 -9999 -9999 -9999 -9999 -9999 -9999 -9999 -9999 -9999 -9999 -9999 -9999 -9999 -9999 -9999 -9999 -9999 -9999 -9999 -9999 -9999 -9999 -9999 -9999 -9999 -9999 -9999 -9999 -9999 -9999 -9999 -9999 -9999 -9999
