ML/MeanWindSpeed_1994-11_Actual.txt
ncols         180
nrows         290
xllcorner     -200000
yllcorner     -200000
cellsize      5000
NODATA_value  -9999
[rows 105 to 139 of 290, columns 78 to 155 of 180]
12.41 16.02 10.60 5.78 9.29 16.39 16.73 14.08 10.97 12.21 18.07 11.56 15.68 8.73 11.64 16.43 9.74 5.67 5.84 8.55 7.24 7.10 8.92 9.53 7.39 8.56 7.55 7.39 10.72 9.66 9.95 9.75 -9999 -9999 -9999 -9999 -9999 -9999 -9999 -9999 -9999 -9999 -9999 -9999 -9999 -9999 -9999 -9999 -9999 -9999 -9999 -9999 -9999 -9999 -9999 -9999 -9999 -9999 -9999 -9999 -9999 -9999 -9999 -9999 -9999 -9999 -9999 -9999 -9999 -9999 -9999 -9999 -9999 -9999 -9999 -9999 -9999 -9999
14.26 11.61 13.43 17.80 16.88 20.74 11.08 15.91 6.63 18.53 8.09 21.14 9.71 13.70 22.38 12.89 9.09 12.03 10.43 7.18 7.27 6.68 6.78 8.59 7.02 6.41 8.54 9.33 9.21 9.30 7.70 9.39 10.26 -9999 -9999 -9999 -9999 -9999 -9999 -9999 -9999 -9999 -9999 -9999 -9999 -9999 -9999 -9999 -9999 -9999 -9999 -9999 -9999 -9999 -9999 -9999 -9999 -9999 -9999 -9999 -9999 -9999 -9999 -9999 -9999 -9999 -9999 -9999 -9999 -9999 -9999 -9999 -9999 -9999 -9999 -9999 -9999 -9999
14.40 7.30 16.71 12.25 7.28 13.12 17.78 16.79 6.22 17.91 14.66 15.59 10.74 17.04 13.29 14.94 19.63 14.60 12.68 10.98 9.37 9.38 11.11 11.70 13.26 12.24 10.03 8.15 7.32 10.43 8.55 11.57 11.31 12.46 -9999 -9999 -9999 -9999 -9999 -9999 -9999 -9999 -9999 -9999 -9999 -9999 -9999 -9999 -9999 -9999 -9999 -9999 -9999 -9999 -9999 -9999 -9999 -9999 -9999 -9999 -9999 -9999 -9999 -9999 -9999 -9999 -9999 -9999 -9999 -9999 -9999 -9999 -9999 -9999 -9999 -9999 -9999 -9999
10.21 14.75 15.08 10.96 6.69 15.08 16.63 22.28 8.82 16.62 12.81 13.52 12.28 13.34 6.23 8.95 11.16 10.94 8.06 10.86 13.98 18.21 16.46 14.52 11.61 10.44 12.27 7.21 9.19 10.84 11.49 11.95 12.12 12.59 12.61 -9999 -9999 -9999 -9999 -9999 -9999 -9999 -9999 -9999 -9999 -9999 -9999 -9999 -9999 -9999 -9999 -9999 -9999 -9999 -9999 -9999 -9999 -9999 -9999 -9999 -9999 -9999 -9999 -9999 -9999 -9999 -9999 -9999 -9999 -9999 -9999 -9999 -9999 -9999 -9999 -9999 -9999 -9999
15.52 19.10 8.78 6.71 13.44 20.78 13.80 5.32 10.19 27.25 10.92 9.92 11.45 11.41 8.64 7.85 5.82 6.64 12.14 19.66 18.42 14.78 12.77 9.44 8.68 9.27 11.33 9.33 10.46 9.84 9.22 10.25 10.93 11.53 -9999 -9999 -9999 -9999 -9999 -9999 -9999 -9999 -9999 -9999 -9999 -9999 -9999 -9999 -9999 -9999 -9999 -9999 -9999 -9999 -9999 -9999 -9999 -9999 -9999 -9999 -9999 -9999 -9999 -9999 -9999 -9999 -9999 -9999 -9999 -9999 -9999 -9999 -9999 -9999 -9999 -9999 -9999 -9999
12.34 11.29 10.28 19.05 9.70 17.02 16.97 17.30 12.47 9.14 21.76 11.56 8.66 7.15 7.21 6.68 5.98 5.92 11.40 8.29 6.92 5.76 8.01 11.03 9.50 9.64 8.84 9.23 11.15 10.68 -9999 -9999 -9999 -9999 -9999 -9999 -9999 -9999 -9999 -9999 -9999 -9999 -9999 -9999 -9999 -9999 -9999 -9999 -9999 -9999 -9999 -9999 -9999 -9999 -9999 -9999 -9999 -9999 -9999 -9999 -9999 -9999 -9999 -9999 -9999 -9999 -9999 -9999 -9999 -9999 -9999 -9999 -9999 -9999 -9999 -9999 -9999 -9999
11.14 7.40 17.25 17.75 19.65 20.41 7.88 17.43 17.93 8.22 13.07 14.38 10.15 10.12 11.45 12.95 14.34 8.54 6.70 5.65 6.11 7.66 9.07 10.84 9.91 9.68 10.62 10.62 -9999 -9999 -9999 -9999 -9999 -9999 -9999 -9999 -9999 -9999 -9999 -9999 -9999 -9999 -9999 -9999 -9999 -9999 -9999 -9999 -9999 -9999 -9999 -9999 -9999 -9999 -9999 -9999 -9999 -9999 -9999 -9999 -9999 -9999 -9999 -9999 -9999 -9999 -9999 -9999 -9999 -9999 -9999 -9999 -9999 -9999 -9999 -9999 -9999 -9999
9.21 17.74 12.56 18.18 20.48 16.59 13.58 18.33 18.38 9.29 8.87 8.21 8.76 10.17 11.37 15.55 17.04 12.29 9.34 7.09 6.80 8.89 8.41 8.88 9.71 12.55 13.98 11.81 -9999 -9999 -9999 -9999 -9999 -9999 -9999 -9999 -9999 -9999 -9999 -9999 -9999 -9999 -9999 -9999 -9999 -9999 -9999 -9999 -9999 -9999 -9999 -9999 -9999 -9999 -9999 -9999 -9999 -9999 -9999 -9999 -9999 -9999 -9999 -9999 -9999 -9999 -9999 -9999 -9999 -9999 -9999 -9999 -9999 -9999 -9999 -9999 -9999 -9999
12.18 17.19 12.41 16.81 16.21 18.63 11.79 9.94 11.99 11.85 10.95 11.05 7.98 19.87 19.29 16.54 16.48 12.06 8.25 8.11 7.64 7.61 7.23 7.13 8.84 8.63 -9999 -9999 -9999 -9999 -9999 11.91 10.59 10.99 10.57 -9999 -9999 -9999 -9999 -9999 -9999 -9999 -9999 -9999 -9999 -9999 -9999 -9999 -9999 -9999 -9999 -9999 -9999 -9999 -9999 -9999 -9999 -9999 -9999 -9999 -9999 -9999 -9999 -9999 -9999 -9999 -9999 -9999 -9999 -9999 -9999 -9999 -9999 -9999 -9999 -9999 -9999 -9999
12.78 18.92 12.14 8.51 21.97 11.04 11.71 10.58 9.29 11.51 13.60 17.19 12.08 11.60 9.36 9.05 8.26 9.43 10.11 10.63 10.04 8.74 9.14 9.60 9.04 8.70 9.67 10.97 -9999 -9999 9.85 9.26 9.07 7.92 8.77 9.96 10.87 -9999 -9999 -9999 -9999 -9999 -9999 -9999 -9999 -9999 -9999 -9999 -9999 -9999 -9999 -9999 -9999 -9999 -9999 -9999 -9999 -9999 -9999 -9999 -9999 -9999 -9999 -9999 -9999 -9999 -9999 -9999 -9999 -9999 -9999 -9999 -9999 -9999 -9999 -9999 -9999 -9999
16.00 12.27 13.74 15.35 17.49 11.31 13.48 16.44 14.91 13.23 9.76 9.60 10.40 8.99 8.80 8.35 8.28 9.56 11.20 11.12 9.87 11.35 11.74 8.96 7.86 8.33 8.95 10.86 9.39 9.63 10.07 8.77 6.90 8.25 11.77 12.07 14.45 9.84 -9999 -9999 -9999 -9999 -9999 -9999 -9999 -9999 -9999 -9999 -9999 -9999 -9999 -9999 -9999 -9999 -9999 -9999 -9999 -9999 -9999 -9999 -9999 -9999 -9999 -9999 -9999 -9999 -9999 -9999 -9999 -9999 -9999 -9999 -9999 -9999 -9999 -9999 -9999 -9999
12.71 16.86 15.11 11.63 11.21 -9999 16.33 19.43 13.94 11.50 9.17 8.39 8.57 9.24 9.94 9.31 9.14 11.52 11.50 11.61 10.51 9.42 9.25 8.19 8.96 9.63 11.37 9.59 8.01 10.60 9.21 8.77 7.98 10.48 13.23 13.32 14.64 12.34 13.71 15.10 10.92 -9999 -9999 -9999 -9999 -9999 -9999 -9999 -9999 -9999 -9999 -9999 -9999 -9999 -9999 -9999 -9999 -9999 -9999 -9999 -9999 -9999 -9999 -9999 -9999 -9999 -9999 -9999 -9999 -9999 -9999 -9999 -9999 -9999 -9999 -9999 -9999 -9999
14.19 -9999 13.85 15.67 12.11 -9999 17.45 21.59 14.64 12.99 10.12 9.91 9.44 9.53 8.51 8.47 8.30 9.17 11.81 11.82 11.97 9.84 9.59 11.09 12.50 15.02 12.59 9.04 7.50 9.45 9.49 9.56 15.62 16.69 13.10 12.82 11.80 11.75 11.84 9.29 10.77 -9999 -9999 -9999 -9999 -9999 -9999 -9999 -9999 -9999 -9999 -9999 -9999 -9999 -9999 -9999 -9999 -9999 -9999 -9999 -9999 -9999 -9999 -9999 -9999 -9999 -9999 -9999 -9999 -9999 -9999 -9999 -9999 -9999 -9999 -9999 -9999 -9999
14.73 -9999 -9999 16.07 13.85 13.68 16.16 17.63 10.94 11.66 14.25 12.25 11.37 10.70 13.56 9.82 7.19 7.76 8.59 10.78 11.91 13.39 11.26 14.25 15.02 12.47 10.95 11.15 10.23 10.82 12.20 13.24 12.62 15.42 12.69 11.67 11.49 7.63 7.56 9.07 11.03 12.04 -9999 -9999 -9999 -9999 -9999 -9999 -9999 -9999 -9999 -9999 -9999 -9999 -9999 -9999 -9999 -9999 -9999 -9999 -9999 -9999 -9999 -9999 -9999 -9999 -9999 -9999 -9999 -9999 -9999 -9999 -9999 -9999 -9999 -9999 -9999 -9999
-9999 -9999 -9999 -9999 14.83 13.14 16.79 12.22 9.13 10.99 12.95 14.81 13.36 12.10 13.24 12.97 10.03 6.77 9.08 12.05 10.84 10.76 11.57 13.94 12.31 10.27 11.03 11.46 15.47 14.35 11.87 10.98 9.16 12.00 11.37 10.42 11.23 8.06 7.19 7.35 7.58 8.75 -9999 -9999 -9999 -9999 -9999 -9999 -9999 -9999 -9999 -9999 -9999 -9999 -9999 -9999 -9999 -9999 -9999 -9999 -9999 -9999 -9999 -9999 -9999 -9999 -9999 -9999 -9999 -9999 -9999 -9999 -9999 -9999 -9999 -9999 -9999 -9999
18.35 20.03 -9999 -9999 -9999 14.42 14.90 11.27 10.38 10.23 11.02 13.29 14.49 15.06 15.03 13.11 12.05 10.02 6.19 11.25 9.92 9.57 9.99 9.02 8.87 12.25 10.65 14.91 18.96 16.57 12.90 12.55 8.61 9.81 9.54 10.10 10.54 7.95 7.09 7.02 6.94 8.38 9.61 -9999 -9999 -9999 -9999 -9999 -9999 -9999 -9999 -9999 -9999 -9999 -9999 -9999 -9999 -9999 -9999 -9999 -9999 -9999 -9999 -9999 -9999 -9999 -9999 -9999 -9999 -9999 -9999 -9999 -9999 -9999 -9999 -9999 -9999 -9999
20.17 22.36 15.07 -9999 -9999 -9999 13.38 12.00 10.16 9.53 9.67 10.12 12.46 12.97 12.27 10.61 10.72 10.88 10.57 8.76 9.11 9.18 11.30 10.19 13.85 8.74 10.86 10.23 10.38 15.86 15.33 12.04 10.59 8.38 8.08 8.53 8.81 7.33 7.24 6.71 7.54 8.14 7.96 8.59 -9999 -9999 -9999 -9999 -9999 -9999 -9999 -9999 -9999 -9999 -9999 -9999 -9999 -9999 -9999 -9999 -9999 -9999 -9999 -9999 -9999 -9999 -9999 -9999 -9999 -9999 -9999 -9999 -9999 -9999 -9999 -9999 -9999 -9999
17.20 18.79 13.26 -9999 -9999 -9999 -9999 -9999 11.43 9.83 8.16 7.73 8.18 8.61 10.46 14.08 13.92 11.95 10.60 9.35 10.94 10.25 10.31 9.32 13.11 8.45 10.34 11.35 9.21 6.04 9.03 8.16 9.86 7.47 9.00 8.18 6.45 6.57 6.64 6.95 6.35 8.86 8.56 8.01 8.03 -9999 -9999 -9999 -9999 -9999 -9999 -9999 -9999 -9999 -9999 -9999 -9999 -9999 -9999 -9999 -9999 -9999 -9999 -9999 -9999 -9999 -9999 -9999 -9999 -9999 -9999 -9999 -9999 -9999 -9999 -9999 -9999 -9999
11.93 21.50 15.10 -9999 -9999 -9999 -9999 -9999 12.44 11.34 11.15 8.89 10.73 13.24 12.23 14.64 15.35 14.04 10.92 12.43 11.00 9.74 12.18 13.11 7.89 19.96 11.62 15.35 9.96 12.83 12.50 7.16 10.07 8.04 7.24 6.50 7.30 9.40 10.11 8.69 8.73 5.69 7.91 10.14 7.59 9.33 10.15 -9999 -9999 -9999 -9999 -9999 -9999 -9999 -9999 -9999 -9999 -9999 -9999 -9999 -9999 -9999 -9999 -9999 -9999 -9999 -9999 -9999 -9999 -9999 -9999 -9999 -9999 -9999 -9999 -9999 -9999 -9999
17.49 20.60 20.20 -9999 -9999 -9999 -9999 -9999 12.55 10.54 10.52 9.49 9.94 11.86 9.55 10.75 10.86 13.59 11.95 11.74 10.34 13.39 18.47 15.13 12.75 21.68 18.17 11.56 12.41 9.56 7.14 9.21 10.02 8.15 8.78 8.82 7.06 7.96 8.33 10.73 14.24 9.69 7.64 8.69 9.01 7.77 8.98 -9999 -9999 -9999 -9999 -9999 -9999 -9999 -9999 -9999 -9999 -9999 -9999 -9999 -9999 -9999 -9999 -9999 -9999 -9999 -9999 -9999 -9999 -9999 -9999 -9999 -9999 -9999 -9999 -9999 -9999 -9999
14.44 16.00 18.58 -9999 -9999 -9999 -9999 -9999 11.71 9.96 9.61 9.62 9.44 9.58 10.57 14.81 16.38 12.87 13.90 10.18 10.26 10.29 14.01 8.80 16.44 14.17 10.84 12.45 13.93 7.53 10.80 8.49 9.82 9.65 6.85 8.68 9.37 9.00 8.30 16.22 16.31 13.92 7.46 8.10 8.82 7.89 9.20 -9999 -9999 -9999 -9999 -9999 -9999 -9999 -9999 -9999 -9999 -9999 -9999 -9999 -9999 -9999 -9999 -9999 -9999 -9999 -9999 -9999 -9999 -9999 -9999 -9999 -9999 -9999 -9999 -9999 -9999 -9999
-9999 -9999 -9999 -9999 -9999 -9999 -9999 15.27 11.91 11.11 9.87 10.41 11.25 9.92 11.76 12.32 14.77 11.85 11.45 14.87 12.71 14.36 13.97 13.56 17.35 15.48 8.84 10.65 12.38 11.16 9.66 10.40 7.35 9.24 10.18 7.44 9.32 8.97 12.87 13.54 16.99 13.71 7.43 6.83 6.14 7.68 9.16 -9999 -9999 -9999 -9999 -9999 -9999 -9999 -9999 -9999 -9999 -9999 -9999 -9999 -9999 -9999 -9999 -9999 -9999 -9999 -9999 -9999 -9999 -9999 -9999 -9999 -9999 -9999 -9999 -9999 -9999 -9999
-9999 -9999 -9999 -9999 -9999 -9999 -9999 17.09 9.96 10.41 12.56 14.26 13.27 11.07 10.75 10.94 7.58 9.18 14.38 15.16 13.10 11.97 8.83 6.51 15.72 8.04 9.31 9.18 10.21 9.79 8.41 6.15 10.27 9.88 9.48 8.54 9.09 11.70 13.12 11.03 12.50 12.32 7.63 5.52 5.86 8.77 7.80 -9999 -9999 -9999 -9999 -9999 -9999 -9999 -9999 -9999 -9999 -9999 -9999 -9999 -9999 -9999 -9999 -9999 -9999 -9999 -9999 -9999 -9999 -9999 -9999 -9999 -9999 -9999 -9999 -9999 -9999 -9999
-9999 -9999 -9999 -9999 -9999 -9999 14.61 13.19 8.21 10.97 13.19 10.96 14.22 17.00 15.01 17.10 13.67 10.30 8.35 8.81 12.95 11.75 9.33 4.31 7.44 13.41 8.94 12.21 8.73 8.90 5.92 7.01 9.75 8.82 9.11 10.97 13.12 14.61 12.83 9.62 7.84 8.13 7.20 10.23 10.98 8.79 8.21 -9999 -9999 -9999 -9999 -9999 -9999 -9999 -9999 -9999 -9999 -9999 -9999 -9999 -9999 -9999 -9999 -9999 -9999 -9999 -9999 -9999 -9999 -9999 -9999 -9999 -9999 -9999 -9999 -9999 -9999 -9999
-9999 -9999 -9999 -9999 -9999 -9999 12.68 8.24 12.99 11.03 13.61 10.48 14.51 14.52 17.88 16.19 15.92 13.40 11.02 6.52 17.85 16.87 9.50 3.94 8.56 12.11 7.79 8.69 11.36 7.26 10.61 12.46 9.88 12.36 12.64 16.89 10.09 8.96 9.60 10.22 10.33 7.55 5.97 8.30 8.16 7.32 7.79 9.63 -9999 -9999 -9999 -9999 -9999 -9999 -9999 -9999 -9999 -9999 -9999 -9999 -9999 -9999 -9999 -9999 -9999 -9999 -9999 -9999 -9999 -9999 -9999 -9999 -9999 -9999 -9999 -9999 -9999 -9999
-9999 -9999 -9999 -9999 -9999 11.89 14.43 14.03 13.09 14.09 13.90 11.69 9.58 14.94 13.97 15.62 14.93 14.54 9.38 4.73 9.20 11.45 10.59 6.18 5.38 7.88 7.81 7.86 8.77 13.73 8.71 8.21 8.70 7.97 15.35 11.84 14.16 11.55 7.22 8.85 9.93 11.02 12.05 7.45 6.55 6.31 7.46 9.03 -9999 -9999 -9999 -9999 -9999 -9999 -9999 -9999 -9999 -9999 -9999 -9999 -9999 -9999 -9999 -9999 -9999 -9999 -9999 -9999 -9999 -9999 -9999 -9999 -9999 -9999 -9999 -9999 -9999 -9999
-9999 -9999 -9999 -9999 -9999 14.53 13.41 11.58 16.91 15.53 12.73 12.04 15.82 9.14 10.44 13.72 11.54 11.57 7.10 4.81 7.11 8.44 11.95 5.99 5.76 5.37 7.00 5.17 10.90 5.74 11.48 8.99 6.04 15.07 7.43 9.21 10.61 9.54 10.79 7.28 7.87 11.70 10.80 7.95 8.47 7.81 7.58 9.21 -9999 -9999 -9999 -9999 -9999 -9999 -9999 -9999 -9999 -9999 -9999 -9999 -9999 -9999 -9999 -9999 -9999 -9999 -9999 -9999 -9999 -9999 -9999 -9999 -9999 -9999 -9999 -9999 -9999 -9999
-9999 -9999 -9999 -9999 15.15 12.06 10.42 13.89 11.07 11.28 20.58 14.92 14.23 9.19 10.79 11.68 9.44 11.69 10.97 8.35 9.83 8.54 5.61 4.88 5.67 7.79 7.97 11.59 7.85 5.72 11.46 6.84 8.09 14.77 8.71 6.64 5.56 8.49 10.65 9.69 10.35 10.53 8.13 7.76 7.61 6.86 7.29 8.94 -9999 -9999 -9999 -9999 -9999 -9999 -9999 -9999 -9999 -9999 -9999 -9999 -9999 -9999 -9999 -9999 -9999 -9999 -9999 -9999 -9999 -9999 -9999 -9999 -9999 -9999 -9999 -9999 -9999 -9999
-9999 -9999 -9999 12.34 13.03 13.27 9.46 9.98 10.32 8.78 12.66 11.66 19.57 9.37 8.49 9.77 10.42 11.07 11.67 9.50 6.94 5.02 8.65 5.73 5.11 7.59 8.37 8.30 7.96 5.79 8.29 4.93 7.58 12.96 11.31 11.45 9.79 9.08 7.70 7.61 10.61 8.98 8.01 7.95 7.67 7.61 6.81 8.07 9.77 -9999 -9999 -9999 -9999 -9999 -9999 -9999 -9999 -9999 -9999 -9999 -9999 -9999 -9999 -9999 -9999 -9999 -9999 -9999 -9999 -9999 -9999 -9999 -9999 -9999 -9999 -9999 -9999 -9999
-9999 -9999 -9999 14.70 18.06 13.06 11.59 9.54 8.17 6.36 18.06 14.17 11.46 11.77 8.43 8.14 9.66 9.28 14.99 8.83 6.49 5.48 5.83 9.95 6.20 9.14 8.15 8.86 7.95 7.56 6.50 8.68 5.87 8.64 10.04 9.31 10.82 9.00 7.28 6.80 8.57 7.59 9.43 8.44 6.95 5.87 7.15 8.11 9.30 -9999 -9999 -9999 -9999 -9999 -9999 -9999 -9999 -9999 -9999 -9999 -9999 -9999 -9999 -9999 -9999 -9999 -9999 -9999 -9999 -9999 -9999 -9999 -9999 -9999 -9999 -9999 -9999 -9999
-9999 14.05 13.15 15.42 12.96 11.75 12.88 10.16 9.52 7.01 12.98 11.71 12.46 11.28 10.81 7.39 10.06 10.55 9.22 9.60 9.36 6.06 6.10 8.09 7.73 7.43 8.05 8.54 7.69 7.27 8.31 7.05 5.79 9.82 8.36 8.14 8.73 11.39 9.45 8.11 5.14 6.70 7.74 7.48 6.96 6.06 6.69 7.56 9.02 -9999 -9999 -9999 -9999 -9999 -9999 -9999 -9999 -9999 -9999 -9999 -9999 -9999 -9999 -9999 -9999 -9999 -9999 -9999 -9999 -9999 -9999 -9999 -9999 -9999 -9999 -9999 -9999 -9999
-9999 14.90 12.95 9.62 12.42 10.50 12.56 10.33 8.97 7.55 6.93 8.43 15.15 11.66 10.72 8.05 7.50 7.71 7.08 7.99 9.48 7.48 8.55 7.18 7.85 7.50 7.55 7.59 7.61 7.43 7.48 8.13 6.68 4.90 6.16 7.15 7.75 8.69 8.73 4.91 6.10 9.48 8.16 6.47 6.90 6.48 6.81 6.04 7.25 8.68 -9999 -9999 -9999 -9999 -9999 -9999 -9999 -9999 -9999 -9999 -9999 -9999 -9999 -9999 -9999 -9999 -9999 -9999 -9999 -9999 -9999 -9999 -9999 -9999 -9999 -9999 -9999 -9999
-9999 14.73 12.74 8.23 11.49 8.98 10.29 9.49 8.96 8.65 6.40 10.72 10.82 10.14 12.87 9.06 7.71 7.66 6.12 9.02 14.32 9.70 -9999 -9999 -9999 8.19 8.03 -9999 7.72 7.98 8.08 7.14 6.00 6.84 8.60 6.95 7.13 8.93 7.98 9.81 9.16 5.94 4.47 4.84 5.53 6.35 3.55 4.45 5.26 7.63 -9999 -9999 -9999 -9999 -9999 -9999 -9999 -9999 -9999 -9999 -9999 -9999 -9999 -9999 -9999 -9999 -9999 -9999 -9999 -9999 -9999 -9999 -9999 -9999 -9999 -9999 -9999 -9999
-9999 12.85 15.16 10.06 9.37 10.17 11.09 10.55 9.66 8.79 8.01 8.17 14.87 11.19 12.16 8.77 8.34 10.66 7.11 8.43 9.54 10.42 -9999 -9999 -9999 8.69 7.94 8.26 8.53 7.96 7.58 6.48 8.09 11.30 11.91 8.73 12.67 8.83 8.50 11.99 8.25 8.69 8.52 8.12 4.88 5.96 7.37 5.14 4.21 6.50 -9999 -9999 -9999 -9999 -9999 -9999 -9999 -9999 -9999 -9999 -9999 -9999 -9999 -9999 -9999 -9999 -9999 -9999 -9999 -9999 -9999 -9999 -9999 -9999 -9999 -9999 -9999 -9999
-9999 -9999 13.87 13.75 10.84 -9999 12.34 12.24 10.74 9.83 9.08 -9999 10.70 9.24 10.44 8.04 9.93 10.95 9.42 9.70 -9999 -9999 -9999 -9999 10.03 8.16 7.64 7.94 8.94 9.04 7.91 7.51 7.64 12.26 17.63 8.77 14.86 10.26 12.43 13.65 10.14 11.78 9.02 6.39 7.75 7.42 5.34 2.53 3.70 6.96 7.64 -9999 -9999 -9999 -9999 -9999 -9999 -9999 -9999 -9999 -9999 -9999 -9999 -9999 -9999 -9999 -9999 -9999 -9999 -9999 -9999 -9999 -9999 -9999 -9999 -9999 -9999 -9999
