ML/MeanWindSpeed_1991-05_Actual.txt
ncols         180
nrows         290
xllcorner     -200000
yllcorner     -200000
cellsize      5000
NODATA_value  -9999
[rows 140 to 174 of 290, columns 79 to 157 of 180]
-9999 -9999 10.18 -9999 -9999 -9999 9.00 9.08 8.34 8.49 9.17 -9999 -9999 9.35 8.26 10.03 10.85 -9999 -9999 -9999 -9999 -9999 8.72 7.95 6.44 6.71 7.05 7.57 7.15 7.33 6.63 4.62 6.36 9.33 10.97 9.25 10.49 11.14 11.35 9.85 10.40 10.76 10.08 8.98 9.24 9.21 7.29 8.17 9.88 10.64 -9999 -9999 -9999 -9999 -9999 -9999 -9999 -9999 -9999 -9999 -9999 -9999 -9999 -9999 -9999 -9999 -9999 -9999 -9999 -9999 -9999 -9999 -9999 -9999 -9999 -9999 -9999 -9999 -9999
-9999 -9999 10.18 10.12 -9999 -9999 -9999 9.04 9.44 9.33 9.70 -9999 -9999 -9999 -9999 10.14 -9999 -9999 -9999 -9999 -9999 -9999 7.71 6.91 6.15 6.96 8.59 8.85 7.85 7.77 6.90 5.39 5.26 8.02 9.81 8.31 11.81 11.40 12.21 10.37 10.70 11.71 10.13 9.27 9.08 7.98 7.08 8.05 9.59 10.26 -9999 -9999 -9999 -9999 -9999 -9999 -9999 -9999 -9999 -9999 -9999 -9999 -9999 -9999 -9999 -9999 -9999 -9999 -9999 -9999 -9999 -9999 -9999 -9999 -9999 -9999 -9999 -9999 -9999
-9999 -9999 -9999 10.90 -9999 -9999 -9999 -9999 9.44 10.16 10.06 -9999 -9999 -9999 -9999 -9999 -9999 -9999 -9999 -9999 -9999 8.24 7.27 7.06 6.89 7.18 8.93 9.09 8.54 8.45 7.78 6.67 4.71 5.74 10.26 11.61 11.97 11.69 10.06 9.50 10.05 9.28 8.10 9.72 9.86 7.82 7.33 8.18 9.14 9.71 10.03 -9999 -9999 -9999 -9999 -9999 -9999 -9999 -9999 -9999 -9999 -9999 -9999 -9999 -9999 -9999 -9999 -9999 -9999 -9999 -9999 -9999 -9999 -9999 -9999 -9999 -9999 -9999 -9999
-9999 -9999 -9999 11.65 -9999 -9999 -9999 -9999 -9999 -9999 -9999 -9999 -9999 -9999 -9999 -9999 -9999 -9999 -9999 -9999 -9999 8.37 7.18 6.29 5.44 4.81 10.01 9.40 9.02 9.98 8.33 8.49 4.52 4.01 8.26 11.96 10.84 9.81 12.21 13.42 12.64 11.42 10.64 8.12 8.50 8.35 8.77 8.34 8.48 9.22 9.67 10.07 -9999 -9999 -9999 -9999 -9999 -9999 -9999 -9999 -9999 -9999 -9999 -9999 -9999 -9999 -9999 -9999 -9999 -9999 -9999 -9999 -9999 -9999 -9999 -9999 -9999 -9999 -9999
-9999 -9999 -9999 -9999 -9999 -9999 -9999 -9999 -9999 -9999 -9999 -9999 -9999 -9999 -9999 -9999 -9999 -9999 -9999 -9999 8.40 7.72 6.59 6.03 8.03 5.02 13.38 13.76 9.02 9.41 9.00 8.03 7.30 4.38 5.06 11.31 11.76 10.97 10.13 9.55 11.20 11.01 10.38 9.11 8.46 8.33 8.08 8.07 8.54 8.33 8.44 9.27 -9999 -9999 -9999 -9999 -9999 -9999 -9999 -9999 -9999 -9999 -9999 -9999 -9999 -9999 -9999 -9999 -9999 -9999 -9999 -9999 -9999 -9999 -9999 -9999 -9999 -9999 -9999
-9999 -9999 -9999 -9999 -9999 -9999 -9999 -9999 -9999 -9999 -9999 -9999 -9999 -9999 -9999 -9999 -9999 -9999 -9999 -9999 7.25 7.53 5.69 7.94 13.27 7.95 6.07 10.50 11.06 9.74 9.83 9.05 8.17 6.23 5.23 6.27 12.16 11.46 11.45 10.20 10.18 10.24 8.92 8.62 8.64 9.11 8.07 8.59 8.05 7.99 7.75 8.20 9.14 10.07 10.42 -9999 -9999 -9999 -9999 -9999 -9999 -9999 -9999 -9999 -9999 -9999 -9999 -9999 -9999 -9999 -9999 -9999 -9999 -9999 -9999 -9999 -9999 -9999 -9999
-9999 -9999 -9999 -9999 -9999 -9999 -9999 -9999 -9999 -9999 -9999 -9999 -9999 -9999 -9999 -9999 -9999 -9999 -9999 -9999 6.84 6.34 6.10 9.23 7.42 6.93 7.92 10.56 8.50 8.64 11.41 8.21 9.35 7.80 6.59 6.10 8.34 10.64 11.15 10.96 10.73 9.50 9.36 8.73 8.18 7.88 7.94 7.86 7.94 7.39 7.10 7.20 9.55 9.12 10.10 10.95 11.04 -9999 -9999 -9999 -9999 -9999 -9999 -9999 -9999 -9999 -9999 -9999 -9999 -9999 -9999 -9999 -9999 -9999 -9999 -9999 -9999 -9999 -9999
-9999 -9999 -9999 -9999 -9999 -9999 -9999 -9999 -9999 -9999 -9999 -9999 -9999 -9999 -9999 -9999 -9999 -9999 -9999 -9999 6.69 5.60 6.21 10.18 11.68 9.28 6.81 7.13 7.60 10.31 7.98 10.50 9.27 8.75 8.64 7.63 6.49 7.63 10.73 10.82 10.43 9.93 9.28 8.83 8.52 8.16 7.66 7.75 7.52 7.11 7.30 7.29 8.18 10.29 10.06 10.44 11.46 11.63 10.82 -9999 -9999 -9999 -9999 -9999 -9999 -9999 -9999 -9999 -9999 -9999 -9999 -9999 -9999 -9999 -9999 -9999 -9999 -9999 -9999
-9999 -9999 -9999 -9999 -9999 -9999 -9999 -9999 -9999 -9999 -9999 -9999 -9999 -9999 -9999 -9999 -9999 -9999 -9999 -9999 7.37 5.78 6.71 7.94 5.92 14.76 12.45 7.02 8.21 7.09 10.42 11.13 8.80 8.12 8.34 7.77 6.37 11.63 10.94 10.88 11.55 11.86 11.24 8.93 9.46 8.23 7.73 7.61 7.48 7.45 7.43 6.97 7.64 9.57 9.02 8.99 9.53 10.62 10.08 12.06 -9999 -9999 -9999 -9999 -9999 -9999 -9999 -9999 -9999 -9999 -9999 -9999 -9999 -9999 -9999 -9999 -9999 -9999 -9999
-9999 -9999 -9999 -9999 -9999 -9999 -9999 -9999 9.98 10.36 10.39 -9999 -9999 -9999 -9999 -9999 -9999 -9999 -9999 -9999 -9999 7.47 6.20 5.56 7.51 9.45 11.79 7.35 5.40 8.79 8.66 8.12 7.30 8.47 8.27 7.05 7.81 9.59 10.11 12.83 12.17 10.77 10.32 10.67 9.42 8.24 7.66 7.33 7.17 6.73 6.68 9.48 8.85 11.13 11.62 10.98 10.18 8.68 11.02 11.63 11.00 -9999 -9999 -9999 -9999 -9999 -9999 -9999 -9999 -9999 -9999 -9999 -9999 -9999 -9999 -9999 -9999 -9999 -9999
-9999 -9999 -9999 -9999 -9999 -9999 -9999 -9999 9.35 9.33 -9999 -9999 -9999 -9999 -9999 -9999 -9999 -9999 -9999 -9999 -9999 -9999 6.31 5.01 7.80 8.46 13.94 8.38 8.51 8.16 6.55 5.83 6.05 5.84 11.09 7.06 8.09 11.70 10.03 8.44 8.16 11.22 8.76 10.65 9.13 8.07 7.39 7.04 6.34 6.56 8.48 9.42 8.88 8.66 8.34 9.22 9.90 9.84 10.54 10.80 12.25 -9999 -9999 -9999 -9999 -9999 -9999 -9999 -9999 -9999 -9999 -9999 -9999 -9999 -9999 -9999 -9999 -9999 -9999
-9999 -9999 -9999 -9999 -9999 -9999 -9999 7.84 9.98 9.71 9.21 -9999 -9999 -9999 -9999 -9999 -9999 -9999 -9999 -9999 -9999 -9999 6.36 7.93 8.33 9.19 8.06 8.70 7.58 7.21 6.22 5.98 7.16 6.00 5.59 11.64 8.90 8.66 11.28 10.18 12.28 10.37 10.72 9.63 8.93 8.21 7.76 6.93 6.09 6.84 8.20 8.11 8.92 9.47 9.04 9.34 9.11 9.52 10.10 9.45 11.54 11.00 -9999 -9999 -9999 -9999 -9999 -9999 -9999 -9999 -9999 -9999 -9999 -9999 -9999 -9999 -9999 -9999 -9999
-9999 -9999 -9999 -9999 -9999 -9999 6.75 9.02 10.41 12.92 9.07 -9999 -9999 -9999 -9999 -9999 -9999 -9999 -9999 -9999 -9999 -9999 7.56 10.65 8.58 6.42 7.61 6.96 7.59 6.35 5.59 6.21 6.75 5.13 9.59 8.20 10.55 8.93 12.47 9.01 10.14 9.07 10.44 9.28 9.17 8.75 7.57 7.17 6.29 6.23 8.69 9.49 9.61 8.86 8.82 8.53 8.37 8.66 10.08 10.40 10.35 11.10 -9999 -9999 -9999 -9999 -9999 -9999 -9999 -9999 -9999 -9999 -9999 -9999 -9999 -9999 -9999 -9999 -9999
-9999 -9999 -9999 -9999 -9999 8.46 7.46 11.68 10.03 9.93 -9999 -9999 -9999 -9999 -9999 -9999 -9999 -9999 -9999 -9999 -9999 -9999 -9999 8.11 6.53 6.41 7.90 6.30 7.91 6.55 5.95 5.75 5.49 4.38 8.86 9.31 10.31 10.25 11.29 11.24 11.31 10.98 10.60 10.60 10.16 8.39 7.74 7.37 6.75 6.33 7.06 10.54 10.07 8.50 8.10 8.12 7.83 8.02 8.44 8.72 8.60 9.38 10.50 11.18 -9999 -9999 -9999 -9999 -9999 -9999 -9999 -9999 -9999 -9999 -9999 -9999 -9999 -9999 -9999
-9999 -9999 -9999 -9999 -9999 10.19 11.07 8.71 9.13 9.51 -9999 -9999 -9999 -9999 -9999 -9999 -9999 -9999 -9999 -9999 -9999 -9999 -9999 -9999 7.11 7.52 7.06 6.56 7.56 7.00 6.90 6.56 6.47 4.71 9.11 8.59 7.91 10.09 9.68 8.95 11.85 12.18 10.14 11.22 10.28 9.66 7.99 7.44 7.13 6.74 6.83 7.79 8.30 7.97 8.02 8.01 8.00 7.93 8.09 8.09 8.16 10.11 10.39 10.39 -9999 -9999 -9999 -9999 -9999 -9999 -9999 -9999 -9999 -9999 -9999 -9999 -9999 -9999 -9999
-9999 -9999 -9999 -9999 -9999 10.97 10.10 10.59 9.99 -9999 -9999 -9999 -9999 -9999 -9999 -9999 -9999 -9999 -9999 -9999 -9999 -9999 -9999 -9999 7.99 7.99 7.67 -9999 7.81 -9999 7.34 7.00 6.68 5.70 6.05 9.27 8.16 8.98 11.58 6.68 7.69 11.75 10.77 10.64 10.27 9.26 8.11 7.68 7.51 7.13 6.99 7.26 7.95 8.68 8.02 8.41 7.77 7.52 8.28 9.02 8.76 8.32 8.34 9.75 11.28 11.94 -9999 -9999 -9999 -9999 -9999 -9999 -9999 -9999 -9999 -9999 -9999 -9999 -9999
-9999 -9999 -9999 -9999 11.18 10.51 10.26 -9999 -9999 -9999 -9999 -9999 -9999 -9999 -9999 -9999 -9999 -9999 -9999 -9999 -9999 -9999 -9999 -9999 8.91 8.29 7.74 -9999 -9999 -9999 7.06 7.76 6.11 6.94 7.92 6.60 5.86 7.29 10.42 10.07 6.90 10.24 11.55 10.00 10.66 9.77 8.78 7.44 7.45 7.25 7.18 7.28 7.49 7.74 7.70 7.82 7.02 7.85 8.70 9.15 9.34 9.22 8.69 8.89 9.99 11.16 -9999 -9999 -9999 -9999 -9999 -9999 -9999 -9999 -9999 -9999 -9999 -9999 -9999
-9999 -9999 -9999 -9999 -9999 -9999 -9999 -9999 -9999 -9999 -9999 -9999 -9999 -9999 -9999 -9999 -9999 -9999 -9999 -9999 -9999 -9999 -9999 -9999 -9999 -9999 -9999 -9999 -9999 7.36 5.70 5.76 7.35 8.33 8.95 8.77 7.36 7.75 9.81 9.57 8.19 7.20 9.74 10.90 9.90 9.26 8.52 7.80 7.56 7.63 7.30 7.23 7.32 7.32 7.08 6.49 7.26 9.55 8.79 9.22 8.63 8.66 8.16 8.91 9.91 -9999 -9999 -9999 -9999 -9999 -9999 -9999 -9999 -9999 -9999 -9999 -9999 -9999 -9999
-9999 -9999 -9999 -9999 -9999 -9999 -9999 -9999 -9999 -9999 -9999 -9999 -9999 -9999 -9999 -9999 -9999 -9999 -9999 -9999 -9999 -9999 -9999 -9999 -9999 -9999 -9999 -9999 -9999 6.77 5.24 6.23 8.75 10.73 9.95 8.12 8.73 7.30 7.62 7.22 8.28 8.59 9.63 9.99 9.62 8.87 8.41 8.05 7.56 7.64 7.21 7.18 7.21 7.27 7.01 6.31 6.84 9.89 9.76 8.65 8.25 8.04 7.94 8.78 10.06 -9999 -9999 -9999 -9999 -9999 -9999 -9999 -9999 -9999 -9999 -9999 -9999 -9999 -9999
-9999 -9999 -9999 -9999 -9999 -9999 -9999 -9999 -9999 -9999 -9999 -9999 -9999 -9999 -9999 -9999 -9999 -9999 -9999 -9999 -9999 -9999 -9999 -9999 -9999 -9999 -9999 -9999 -9999 6.29 4.87 5.35 8.03 9.17 8.93 8.34 8.30 8.06 8.27 7.48 7.57 7.80 6.98 9.81 8.68 9.41 8.60 8.38 7.53 7.26 7.17 7.07 7.12 7.16 7.08 6.69 6.62 8.32 9.24 8.79 8.20 7.98 7.82 8.56 9.77 -9999 -9999 -9999 -9999 -9999 -9999 -9999 -9999 -9999 -9999 -9999 -9999 -9999 -9999
-9999 -9999 -9999 -9999 -9999 -9999 -9999 -9999 -9999 -9999 -9999 -9999 -9999 -9999 -9999 -9999 -9999 -9999 -9999 -9999 -9999 -9999 -9999 -9999 -9999 -9999 -9999 8.63 7.44 5.82 4.65 6.78 8.63 10.73 8.70 9.56 6.68 7.46 7.48 8.68 9.23 8.78 9.92 7.62 7.75 7.79 7.68 7.42 7.91 7.20 7.00 7.13 6.98 7.06 7.19 6.99 6.90 7.32 8.77 8.70 8.19 7.85 7.73 8.19 9.32 10.45 -9999 -9999 -9999 -9999 -9999 -9999 -9999 -9999 -9999 -9999 -9999 -9999 -9999
-9999 -9999 -9999 -9999 -9999 -9999 -9999 -9999 -9999 -9999 -9999 -9999 -9999 -9999 -9999 -9999 -9999 -9999 -9999 -9999 -9999 -9999 -9999 -9999 -9999 -9999 -9999 8.06 6.84 5.94 5.36 5.85 8.20 7.16 6.92 5.68 6.96 8.98 7.61 9.34 9.01 9.78 7.61 9.88 8.30 8.94 8.44 8.38 7.62 7.35 7.04 6.87 6.88 7.03 7.12 7.19 7.02 7.00 7.63 8.74 8.42 7.83 7.73 7.90 8.78 9.96 -9999 -9999 -9999 -9999 -9999 -9999 -9999 -9999 -9999 -9999 -9999 -9999 -9999
-9999 -9999 -9999 -9999 -9999 -9999 -9999 -9999 -9999 -9999 -9999 -9999 -9999 -9999 -9999 -9999 -9999 -9999 -9999 -9999 -9999 -9999 -9999 -9999 -9999 -9999 -9999 7.99 6.69 6.18 5.84 6.19 6.95 7.44 6.68 6.20 7.35 7.46 7.09 8.59 10.27 8.84 8.52 7.50 8.49 7.29 7.55 7.84 7.96 7.42 7.19 6.85 6.85 7.01 7.13 7.24 7.18 6.91 7.19 8.29 8.87 8.05 7.69 7.87 8.31 9.18 10.25 -9999 -9999 -9999 -9999 -9999 -9999 -9999 -9999 -9999 -9999 -9999 -9999
-9999 -9999 -9999 -9999 -9999 -9999 -9999 -9999 -9999 -9999 -9999 -9999 -9999 -9999 -9999 -9999 -9999 -9999 -9999 -9999 -9999 -9999 -9999 -9999 -9999 -9999 -9999 7.77 6.75 6.43 6.39 6.35 6.44 6.72 7.32 8.03 6.44 6.29 7.15 10.02 10.16 10.83 9.77 8.40 8.18 8.48 7.47 6.92 7.55 7.87 7.18 6.86 6.90 6.93 7.13 7.32 7.41 7.16 7.20 8.51 9.38 8.63 8.27 8.32 8.24 8.51 9.50 10.52 -9999 -9999 -9999 -9999 -9999 -9999 -9999 -9999 -9999 -9999 -9999
-9999 -9999 -9999 -9999 -9999 -9999 -9999 -9999 -9999 -9999 -9999 -9999 -9999 -9999 -9999 -9999 -9999 -9999 -9999 -9999 -9999 -9999 -9999 -9999 -9999 -9999 -9999 7.82 6.67 6.38 6.20 5.98 5.79 6.64 6.60 7.05 7.31 8.66 9.77 10.46 9.23 10.40 9.18 8.79 7.75 8.68 8.21 7.52 7.08 7.02 7.08 6.90 6.94 7.08 7.30 7.47 7.66 7.71 7.80 8.28 9.04 8.94 8.62 8.65 8.66 8.55 8.70 9.79 -9999 -9999 -9999 -9999 -9999 -9999 -9999 -9999 -9999 -9999 -9999
-9999 -9999 -9999 -9999 -9999 -9999 -9999 -9999 -9999 -9999 -9999 -9999 -9999 -9999 -9999 -9999 -9999 -9999 -9999 -9999 -9999 -9999 -9999 -9999 -9999 -9999 -9999 -9999 6.72 6.45 6.08 5.52 5.74 7.20 7.49 7.78 6.92 7.01 8.57 8.90 10.51 10.25 8.82 7.46 7.71 7.70 8.29 7.52 7.26 7.65 7.42 7.00 7.13 7.22 7.45 7.54 7.66 7.87 8.10 8.35 8.34 8.57 8.76 8.92 -9999 8.90 9.16 9.81 10.93 -9999 -9999 -9999 -9999 -9999 -9999 -9999 -9999 -9999 -9999
-9999 -9999 -9999 -9999 -9999 -9999 -9999 -9999 -9999 -9999 -9999 -9999 -9999 -9999 -9999 -9999 -9999 -9999 -9999 -9999 -9999 -9999 -9999 -9999 -9999 -9999 -9999 7.66 6.69 6.41 5.89 5.20 5.06 7.95 8.67 7.37 9.09 8.99 7.70 7.88 11.03 10.47 10.88 8.81 7.61 8.77 7.61 7.03 7.34 7.47 7.32 7.42 7.24 7.38 7.51 7.68 7.58 7.64 8.61 8.21 7.89 8.78 8.51 8.79 8.86 -9999 9.61 10.19 11.09 11.80 -9999 -9999 -9999 -9999 -9999 -9999 -9999 -9999 -9999
-9999 -9999 -9999 -9999 -9999 -9999 -9999 -9999 -9999 -9999 -9999 -9999 -9999 -9999 -9999 -9999 -9999 -9999 -9999 -9999 -9999 -9999 -9999 -9999 -9999 -9999 -9999 7.42 6.42 6.18 5.87 6.59 5.88 6.94 9.08 7.29 7.55 7.74 6.27 6.34 9.28 9.80 10.02 7.99 9.12 9.52 7.89 8.29 7.60 7.89 7.83 7.66 7.41 7.50 7.58 7.63 7.48 7.38 7.57 7.86 7.27 7.52 8.12 8.13 8.77 9.08 -9999 -9999 -9999 -9999 -9999 -9999 -9999 -9999 -9999 -9999 -9999 -9999 -9999
-9999 -9999 -9999 -9999 -9999 -9999 -9999 -9999 -9999 -9999 -9999 -9999 -9999 -9999 -9999 -9999 -9999 -9999 -9999 -9999 -9999 -9999 -9999 -9999 -9999 -9999 8.51 6.94 6.18 6.65 6.51 6.61 6.36 7.23 7.60 7.29 7.07 6.64 6.31 6.31 8.19 10.47 11.06 8.83 10.47 10.02 8.24 8.15 7.33 7.64 7.97 7.77 7.49 7.68 7.68 7.66 7.64 7.38 7.50 7.63 7.39 7.22 8.25 8.26 8.37 8.61 9.38 10.17 -9999 -9999 -9999 -9999 -9999 -9999 -9999 -9999 -9999 -9999 -9999
-9999 -9999 -9999 -9999 -9999 -9999 -9999 -9999 -9999 -9999 -9999 -9999 -9999 -9999 -9999 -9999 -9999 -9999 -9999 -9999 -9999 -9999 -9999 -9999 -9999 -9999 -9999 7.13 6.31 6.28 6.71 7.96 6.68 6.68 6.80 7.08 7.21 6.74 6.28 5.82 6.12 9.00 10.58 11.59 10.03 10.35 9.41 8.48 8.38 7.07 7.43 8.20 7.62 7.63 7.58 7.62 7.69 7.43 7.42 7.68 7.33 6.85 7.04 8.82 8.41 8.30 8.58 9.08 9.86 10.81 -9999 -9999 -9999 -9999 -9999 -9999 -9999 -9999 -9999
-9999 -9999 -9999 -9999 -9999 -9999 -9999 -9999 -9999 -9999 -9999 -9999 -9999 -9999 -9999 -9999 -9999 -9999 -9999 -9999 -9999 -9999 -9999 -9999 -9999 -9999 -9999 7.19 6.66 6.40 6.61 6.89 7.00 6.94 6.76 6.89 6.63 6.44 6.25 6.10 6.44 6.40 10.03 11.74 12.12 10.99 9.95 9.06 7.93 7.89 7.60 8.47 7.73 7.70 7.58 7.64 7.59 7.38 7.49 7.57 7.31 6.71 7.00 8.48 8.44 8.84 8.17 8.19 8.81 9.80 -9999 -9999 -9999 -9999 -9999 -9999 -9999 -9999 -9999
-9999 -9999 -9999 -9999 -9999 -9999 -9999 8.67 8.24 8.75 9.63 -9999 -9999 -9999 -9999 -9999 -9999 -9999 -9999 -9999 -9999 -9999 -9999 -9999 -9999 -9999 7.68 6.87 6.94 6.61 7.23 7.08 6.81 6.83 6.91 6.80 6.76 6.59 6.37 6.22 5.88 7.93 10.18 10.45 9.30 11.52 11.04 8.65 8.21 6.78 8.64 8.81 7.84 7.75 7.60 7.61 7.50 7.23 7.26 7.59 7.45 6.81 6.75 7.18 8.54 8.76 9.14 8.07 7.95 8.87 10.04 -9999 -9999 -9999 -9999 -9999 -9999 -9999 -9999
-9999 -9999 -9999 -9999 -9999 -9999 -9999 7.86 7.36 7.53 8.15 -9999 -9999 -9999 -9999 -9999 -9999 -9999 -9999 -9999 -9999 -9999 -9999 -9999 -9999 7.73 7.37 6.88 7.07 7.69 7.01 7.10 6.53 6.57 6.73 6.66 6.82 6.88 6.27 5.90 5.93 7.34 11.43 11.57 9.21 10.55 10.23 9.74 7.56 6.79 8.10 8.61 8.00 7.44 7.36 7.47 7.56 7.20 7.10 7.34 7.64 7.15 6.90 6.95 8.19 8.52 8.74 8.15 7.97 8.30 9.45 -9999 -9999 -9999 -9999 -9999 -9999 -9999 -9999
-9999 -9999 -9999 -9999 -9999 10.20 7.89 6.64 6.77 6.77 7.63 7.76 8.79 9.61 -9999 -9999 10.16 9.47 -9999 -9999 -9999 8.07 9.03 8.81 -9999 6.73 7.51 7.05 6.90 7.19 6.84 7.08 6.99 7.33 7.06 7.09 6.63 6.76 6.21 6.41 8.73 7.41 9.08 10.61 7.38 8.61 11.71 8.34 8.89 7.40 8.03 8.21 7.74 7.49 7.40 7.42 7.40 6.99 7.06 7.16 7.70 7.18 6.92 6.97 7.35 7.99 8.89 8.73 7.99 7.96 8.90 10.17 -9999 -9999 -9999 -9999 -9999 -9999 -9999
-9999 -9999 -9999 -9999 -9999 -9999 8.23 7.05 6.54 6.22 6.51 7.64 8.95 7.92 -9999 8.44 8.14 9.17 8.91 9.52 7.22 6.19 8.65 9.17 8.45 -9999 6.36 7.22 7.10 6.62 6.65 7.25 6.91 6.74 6.70 6.63 6.73 6.38 6.23 6.31 8.84 9.54 9.44 9.83 9.02 10.15 10.62 9.57 7.69 7.19 8.45 8.39 7.42 7.63 7.32 7.61 7.44 6.99 6.98 7.08 7.75 7.31 7.04 7.01 6.94 7.59 8.34 8.95 8.42 7.96 8.41 9.65 -9999 -9999 -9999 -9999 -9999 -9999 -9999
