ML/MeanWindSpeed_1999-11_Actual.txt
ncols         180
nrows         290
xllcorner     -200000
yllcorner     -200000
cellsize      5000
NODATA_value  -9999
[rows 105 to 139 of 290, columns 78 to 155 of 180]
9.28 12.77 8.35 4.71 7.24 12.16 12.52 10.54 8.61 10.39 15.81 10.45 12.98 7.33 10.67 15.94 11.47 9.23 9.80 11.69 10.34 9.68 10.14 9.96 8.66 10.01 9.26 8.93 11.34 10.53 10.64 10.52 -9999 -9999 -9999 -9999 -9999 -9999 -9999 -9999 -9999 -9999 -9999 -9999 -9999 -9999 -9999 -9999 -9999 -9999 -9999 -9999 -9999 -9999 -9999 -9999 -9999 -9999 -9999 -9999 -9999 -9999 -9999 -9999 -9999 -9999 -9999 -9999 -9999 -9999 -9999 -9999 -9999 -9999 -9999 -9999 -9999 -9999
11.03 8.67 10.13 14.07 12.56 15.52 8.65 12.87 5.52 15.16 8.06 18.14 8.09 11.80 19.84 13.13 10.48 13.87 13.07 9.72 8.92 7.63 7.44 8.94 7.99 7.83 9.25 9.58 9.30 9.43 8.26 9.79 10.95 -9999 -9999 -9999 -9999 -9999 -9999 -9999 -9999 -9999 -9999 -9999 -9999 -9999 -9999 -9999 -9999 -9999 -9999 -9999 -9999 -9999 -9999 -9999 -9999 -9999 -9999 -9999 -9999 -9999 -9999 -9999 -9999 -9999 -9999 -9999 -9999 -9999 -9999 -9999 -9999 -9999 -9999 -9999 -9999 -9999
11.22 5.82 13.66 9.54 4.55 9.80 15.34 14.84 6.15 15.26 13.16 14.20 10.52 15.32 12.41 14.38 18.36 14.27 12.39 9.80 8.19 8.51 10.47 11.23 12.78 12.17 9.98 8.43 7.65 10.18 8.89 11.49 11.81 13.24 -9999 -9999 -9999 -9999 -9999 -9999 -9999 -9999 -9999 -9999 -9999 -9999 -9999 -9999 -9999 -9999 -9999 -9999 -9999 -9999 -9999 -9999 -9999 -9999 -9999 -9999 -9999 -9999 -9999 -9999 -9999 -9999 -9999 -9999 -9999 -9999 -9999 -9999 -9999 -9999 -9999 -9999 -9999 -9999
7.83 12.48 12.99 8.94 4.20 12.22 15.09 18.77 8.16 15.16 12.43 13.15 12.70 13.72 8.69 10.80 12.20 11.06 7.85 9.09 11.45 15.66 14.95 13.38 11.17 10.72 12.19 7.92 9.52 10.82 11.67 12.27 12.72 13.44 13.79 -9999 -9999 -9999 -9999 -9999 -9999 -9999 -9999 -9999 -9999 -9999 -9999 -9999 -9999 -9999 -9999 -9999 -9999 -9999 -9999 -9999 -9999 -9999 -9999 -9999 -9999 -9999 -9999 -9999 -9999 -9999 -9999 -9999 -9999 -9999 -9999 -9999 -9999 -9999 -9999 -9999 -9999 -9999
12.96 16.01 7.43 4.76 9.88 16.70 12.62 5.49 8.67 23.54 11.13 10.84 12.80 12.94 10.29 9.33 7.25 6.88 10.70 17.24 16.77 14.51 13.28 10.18 9.25 10.07 11.84 10.15 11.38 11.11 11.07 12.15 12.65 13.06 -9999 -9999 -9999 -9999 -9999 -9999 -9999 -9999 -9999 -9999 -9999 -9999 -9999 -9999 -9999 -9999 -9999 -9999 -9999 -9999 -9999 -9999 -9999 -9999 -9999 -9999 -9999 -9999 -9999 -9999 -9999 -9999 -9999 -9999 -9999 -9999 -9999 -9999 -9999 -9999 -9999 -9999 -9999 -9999
10.84 9.62 8.26 14.11 7.42 13.91 15.41 15.21 10.24 9.16 20.01 12.17 9.67 8.13 7.70 7.22 6.79 6.56 11.28 9.84 9.19 8.23 10.19 12.31 10.72 11.02 10.70 11.00 12.87 12.80 -9999 -9999 -9999 -9999 -9999 -9999 -9999 -9999 -9999 -9999 -9999 -9999 -9999 -9999 -9999 -9999 -9999 -9999 -9999 -9999 -9999 -9999 -9999 -9999 -9999 -9999 -9999 -9999 -9999 -9999 -9999 -9999 -9999 -9999 -9999 -9999 -9999 -9999 -9999 -9999 -9999 -9999 -9999 -9999 -9999 -9999 -9999 -9999
9.62 5.73 13.04 13.35 16.27 17.00 7.08 15.95 15.65 8.25 12.39 12.92 8.55 7.64 8.89 11.03 13.07 9.30 9.05 9.31 9.56 9.65 10.42 11.70 10.88 11.40 12.82 12.67 -9999 -9999 -9999 -9999 -9999 -9999 -9999 -9999 -9999 -9999 -9999 -9999 -9999 -9999 -9999 -9999 -9999 -9999 -9999 -9999 -9999 -9999 -9999 -9999 -9999 -9999 -9999 -9999 -9999 -9999 -9999 -9999 -9999 -9999 -9999 -9999 -9999 -9999 -9999 -9999 -9999 -9999 -9999 -9999 -9999 -9999 -9999 -9999 -9999 -9999
7.67 13.26 9.04 14.37 17.75 14.48 11.57 16.80 16.79 9.05 8.34 6.12 5.80 6.55 7.94 12.53 14.84 11.82 10.26 9.07 8.95 10.14 9.72 10.47 11.29 13.73 15.22 13.60 -9999 -9999 -9999 -9999 -9999 -9999 -9999 -9999 -9999 -9999 -9999 -9999 -9999 -9999 -9999 -9999 -9999 -9999 -9999 -9999 -9999 -9999 -9999 -9999 -9999 -9999 -9999 -9999 -9999 -9999 -9999 -9999 -9999 -9999 -9999 -9999 -9999 -9999 -9999 -9999 -9999 -9999 -9999 -9999 -9999 -9999 -9999 -9999 -9999 -9999
9.87 13.25 9.86 15.08 15.01 16.52 10.39 9.36 11.00 9.54 8.84 8.00 5.02 14.72 15.38 14.68 15.22 11.37 8.30 8.29 8.34 8.71 8.86 9.46 10.96 10.77 -9999 -9999 -9999 -9999 -9999 12.73 11.68 12.00 11.64 -9999 -9999 -9999 -9999 -9999 -9999 -9999 -9999 -9999 -9999 -9999 -9999 -9999 -9999 -9999 -9999 -9999 -9999 -9999 -9999 -9999 -9999 -9999 -9999 -9999 -9999 -9999 -9999 -9999 -9999 -9999 -9999 -9999 -9999 -9999 -9999 -9999 -9999 -9999 -9999 -9999 -9999 -9999
10.34 15.21 10.16 8.72 20.02 10.39 9.72 8.81 7.62 8.11 10.26 13.48 9.56 9.87 8.87 9.43 8.88 9.07 9.24 9.67 9.53 9.01 9.76 10.48 10.25 10.08 10.93 12.08 -9999 -9999 10.70 10.07 9.71 8.56 9.26 10.60 11.79 -9999 -9999 -9999 -9999 -9999 -9999 -9999 -9999 -9999 -9999 -9999 -9999 -9999 -9999 -9999 -9999 -9999 -9999 -9999 -9999 -9999 -9999 -9999 -9999 -9999 -9999 -9999 -9999 -9999 -9999 -9999 -9999 -9999 -9999 -9999 -9999 -9999 -9999 -9999 -9999 -9999
13.23 11.15 11.94 14.24 15.68 9.27 10.23 12.32 11.57 10.41 8.06 8.35 9.35 9.07 9.11 8.58 8.22 8.69 9.73 9.59 8.66 10.40 11.10 8.84 7.81 8.29 9.21 11.04 9.89 9.90 10.08 8.56 6.49 7.20 10.43 11.59 14.03 10.83 -9999 -9999 -9999 -9999 -9999 -9999 -9999 -9999 -9999 -9999 -9999 -9999 -9999 -9999 -9999 -9999 -9999 -9999 -9999 -9999 -9999 -9999 -9999 -9999 -9999 -9999 -9999 -9999 -9999 -9999 -9999 -9999 -9999 -9999 -9999 -9999 -9999 -9999 -9999 -9999
11.37 15.49 14.11 11.63 10.06 -9999 11.95 14.49 10.98 9.42 7.93 7.82 7.62 8.04 8.73 8.19 8.01 10.04 10.35 10.53 9.57 8.80 8.63 7.21 7.52 8.61 10.59 9.13 7.84 9.79 8.45 7.62 6.42 8.22 10.94 11.95 13.41 12.02 14.09 15.79 12.72 -9999 -9999 -9999 -9999 -9999 -9999 -9999 -9999 -9999 -9999 -9999 -9999 -9999 -9999 -9999 -9999 -9999 -9999 -9999 -9999 -9999 -9999 -9999 -9999 -9999 -9999 -9999 -9999 -9999 -9999 -9999 -9999 -9999 -9999 -9999 -9999 -9999
12.80 -9999 13.16 14.51 10.23 -9999 13.24 17.48 11.90 10.30 8.06 8.00 7.40 7.54 6.81 6.69 6.94 8.38 10.99 10.99 11.00 9.07 8.37 8.87 10.23 12.99 11.39 8.14 6.48 7.90 7.84 7.65 12.64 14.05 12.08 12.56 11.82 11.90 12.54 11.00 12.52 -9999 -9999 -9999 -9999 -9999 -9999 -9999 -9999 -9999 -9999 -9999 -9999 -9999 -9999 -9999 -9999 -9999 -9999 -9999 -9999 -9999 -9999 -9999 -9999 -9999 -9999 -9999 -9999 -9999 -9999 -9999 -9999 -9999 -9999 -9999 -9999 -9999
12.58 -9999 -9999 14.53 11.27 10.12 13.51 15.42 9.07 8.91 10.74 8.85 7.95 7.70 10.64 8.06 6.39 7.47 8.54 10.26 10.89 11.55 9.37 11.82 13.05 11.31 10.13 9.42 8.04 8.72 9.98 10.69 10.81 14.22 12.95 12.65 12.83 9.73 9.66 11.02 12.74 13.66 -9999 -9999 -9999 -9999 -9999 -9999 -9999 -9999 -9999 -9999 -9999 -9999 -9999 -9999 -9999 -9999 -9999 -9999 -9999 -9999 -9999 -9999 -9999 -9999 -9999 -9999 -9999 -9999 -9999 -9999 -9999 -9999 -9999 -9999 -9999 -9999
-9999 -9999 -9999 -9999 12.33 10.65 15.03 11.84 8.05 8.30 9.54 10.87 9.35 8.40 10.17 10.73 8.79 6.52 9.04 11.75 10.48 9.93 10.58 12.71 11.67 9.92 10.05 9.77 12.78 12.26 10.83 10.37 9.65 12.80 12.55 11.97 12.94 10.49 9.75 9.72 9.94 10.93 -9999 -9999 -9999 -9999 -9999 -9999 -9999 -9999 -9999 -9999 -9999 -9999 -9999 -9999 -9999 -9999 -9999 -9999 -9999 -9999 -9999 -9999 -9999 -9999 -9999 -9999 -9999 -9999 -9999 -9999 -9999 -9999 -9999 -9999 -9999 -9999
14.91 16.34 -9999 -9999 -9999 12.39 13.82 11.06 8.92 7.95 8.49 10.06 10.62 11.22 12.03 11.04 10.30 9.09 6.80 11.35 10.20 9.76 10.38 9.73 9.51 11.28 9.09 12.56 16.62 15.08 12.76 12.93 10.29 11.73 11.57 12.08 12.58 10.37 9.32 9.06 9.36 10.63 11.55 -9999 -9999 -9999 -9999 -9999 -9999 -9999 -9999 -9999 -9999 -9999 -9999 -9999 -9999 -9999 -9999 -9999 -9999 -9999 -9999 -9999 -9999 -9999 -9999 -9999 -9999 -9999 -9999 -9999 -9999 -9999 -9999 -9999 -9999 -9999
16.03 18.42 13.11 -9999 -9999 -9999 12.91 11.46 8.91 7.88 7.82 8.10 9.93 10.29 10.14 9.30 9.48 9.79 10.19 9.28 9.48 9.31 10.99 10.46 13.34 8.47 9.39 9.20 10.54 15.22 14.98 12.71 11.67 10.37 10.33 10.88 11.20 9.43 8.84 8.23 9.24 10.16 10.12 10.76 -9999 -9999 -9999 -9999 -9999 -9999 -9999 -9999 -9999 -9999 -9999 -9999 -9999 -9999 -9999 -9999 -9999 -9999 -9999 -9999 -9999 -9999 -9999 -9999 -9999 -9999 -9999 -9999 -9999 -9999 -9999 -9999 -9999 -9999
15.29 16.72 11.87 -9999 -9999 -9999 -9999 -9999 10.39 8.71 6.96 6.63 7.24 7.43 8.84 12.23 12.30 10.67 9.65 9.16 10.78 9.91 9.60 9.07 11.91 7.92 9.91 11.31 10.64 8.43 10.45 9.73 11.02 9.37 10.88 10.27 8.78 8.28 7.89 7.83 7.41 10.07 10.37 9.92 10.23 -9999 -9999 -9999 -9999 -9999 -9999 -9999 -9999 -9999 -9999 -9999 -9999 -9999 -9999 -9999 -9999 -9999 -9999 -9999 -9999 -9999 -9999 -9999 -9999 -9999 -9999 -9999 -9999 -9999 -9999 -9999 -9999 -9999
12.00 20.02 14.01 -9999 -9999 -9999 -9999 -9999 11.12 9.85 9.18 7.14 8.99 11.18 10.27 12.32 13.36 12.38 9.82 11.20 10.04 8.93 10.77 11.34 6.84 16.37 10.65 14.28 11.10 13.94 13.41 9.05 11.48 9.84 9.14 8.21 8.48 9.67 10.03 8.73 8.81 7.04 9.48 11.43 9.55 11.48 12.69 -9999 -9999 -9999 -9999 -9999 -9999 -9999 -9999 -9999 -9999 -9999 -9999 -9999 -9999 -9999 -9999 -9999 -9999 -9999 -9999 -9999 -9999 -9999 -9999 -9999 -9999 -9999 -9999 -9999 -9999 -9999
15.69 19.31 18.25 -9999 -9999 -9999 -9999 -9999 11.01 9.10 8.62 7.50 8.25 10.16 8.26 9.58 10.31 12.32 10.89 10.25 8.90 11.57 15.17 11.89 10.34 18.10 16.13 11.56 12.58 10.78 8.80 10.56 11.30 9.73 9.97 9.54 7.32 7.37 7.53 9.75 13.16 9.97 9.01 10.43 10.73 10.07 11.49 -9999 -9999 -9999 -9999 -9999 -9999 -9999 -9999 -9999 -9999 -9999 -9999 -9999 -9999 -9999 -9999 -9999 -9999 -9999 -9999 -9999 -9999 -9999 -9999 -9999 -9999 -9999 -9999 -9999 -9999 -9999
13.61 15.95 17.31 -9999 -9999 -9999 -9999 -9999 10.29 8.67 7.99 7.78 7.81 8.26 8.90 12.75 14.99 12.18 12.49 8.99 8.99 9.33 12.06 7.55 14.33 13.55 11.73 13.28 14.31 9.30 12.04 10.16 10.90 10.41 7.83 8.80 8.59 7.39 6.51 13.94 15.01 13.37 8.69 9.92 10.71 10.04 11.57 -9999 -9999 -9999 -9999 -9999 -9999 -9999 -9999 -9999 -9999 -9999 -9999 -9999 -9999 -9999 -9999 -9999 -9999 -9999 -9999 -9999 -9999 -9999 -9999 -9999 -9999 -9999 -9999 -9999 -9999 -9999
-9999 -9999 -9999 -9999 -9999 -9999 -9999 13.12 9.99 8.91 7.70 8.20 8.89 7.86 9.22 10.03 13.09 10.89 10.51 13.17 10.94 12.60 12.59 12.62 16.34 15.84 10.65 11.93 13.23 12.43 11.22 11.53 8.60 9.57 9.89 6.99 7.95 6.99 10.46 12.76 16.71 14.24 8.99 8.87 8.67 9.90 11.52 -9999 -9999 -9999 -9999 -9999 -9999 -9999 -9999 -9999 -9999 -9999 -9999 -9999 -9999 -9999 -9999 -9999 -9999 -9999 -9999 -9999 -9999 -9999 -9999 -9999 -9999 -9999 -9999 -9999 -9999 -9999
-9999 -9999 -9999 -9999 -9999 -9999 -9999 13.99 7.43 7.30 9.19 11.01 10.17 8.21 8.70 9.76 7.59 8.28 12.74 13.91 11.73 10.90 8.98 7.76 15.73 10.21 11.17 11.00 11.81 11.49 9.91 7.63 10.39 9.57 8.88 7.30 7.49 10.04 12.00 12.09 14.62 14.13 9.40 7.75 8.70 11.16 10.59 -9999 -9999 -9999 -9999 -9999 -9999 -9999 -9999 -9999 -9999 -9999 -9999 -9999 -9999 -9999 -9999 -9999 -9999 -9999 -9999 -9999 -9999 -9999 -9999 -9999 -9999 -9999 -9999 -9999 -9999 -9999
-9999 -9999 -9999 -9999 -9999 -9999 12.40 10.73 5.78 7.69 9.46 8.05 10.63 12.63 12.04 14.97 12.79 9.96 8.18 9.24 12.80 12.19 10.32 6.60 10.08 14.87 11.09 13.79 10.68 10.58 7.50 7.83 9.77 8.36 8.36 9.29 11.29 13.68 13.26 12.07 11.23 10.37 8.78 11.32 12.67 11.29 11.03 -9999 -9999 -9999 -9999 -9999 -9999 -9999 -9999 -9999 -9999 -9999 -9999 -9999 -9999 -9999 -9999 -9999 -9999 -9999 -9999 -9999 -9999 -9999 -9999 -9999 -9999 -9999 -9999 -9999 -9999 -9999
-9999 -9999 -9999 -9999 -9999 -9999 10.17 6.38 9.66 8.00 10.26 7.81 11.03 11.32 14.72 14.04 14.46 12.83 10.34 7.49 17.31 17.19 11.16 6.52 11.47 14.15 10.33 10.76 12.40 8.54 10.53 11.77 9.49 10.69 11.05 14.93 9.97 9.88 11.40 12.61 12.68 9.59 7.97 10.18 10.65 10.29 10.83 12.57 -9999 -9999 -9999 -9999 -9999 -9999 -9999 -9999 -9999 -9999 -9999 -9999 -9999 -9999 -9999 -9999 -9999 -9999 -9999 -9999 -9999 -9999 -9999 -9999 -9999 -9999 -9999 -9999 -9999 -9999
-9999 -9999 -9999 -9999 -9999 9.59 11.14 10.44 9.49 10.72 10.90 9.06 7.86 13.19 12.94 14.87 14.51 14.30 9.51 6.06 10.80 13.62 12.47 8.17 8.49 10.91 10.19 9.88 10.27 13.87 9.64 8.97 8.98 7.48 13.56 11.84 14.33 12.78 9.40 10.39 11.15 12.07 13.24 10.23 9.95 9.92 10.89 12.37 -9999 -9999 -9999 -9999 -9999 -9999 -9999 -9999 -9999 -9999 -9999 -9999 -9999 -9999 -9999 -9999 -9999 -9999 -9999 -9999 -9999 -9999 -9999 -9999 -9999 -9999 -9999 -9999 -9999 -9999
-9999 -9999 -9999 -9999 -9999 11.07 10.14 8.44 12.95 12.30 10.13 10.12 13.85 9.41 11.10 14.11 12.41 12.45 7.99 6.00 9.70 12.01 13.92 7.97 8.53 8.86 9.40 7.68 12.08 8.22 12.91 10.20 7.51 14.20 8.19 10.40 11.78 11.10 12.04 8.88 9.20 12.46 12.35 10.63 11.41 10.97 10.93 12.52 -9999 -9999 -9999 -9999 -9999 -9999 -9999 -9999 -9999 -9999 -9999 -9999 -9999 -9999 -9999 -9999 -9999 -9999 -9999 -9999 -9999 -9999 -9999 -9999 -9999 -9999 -9999 -9999 -9999 -9999
-9999 -9999 -9999 -9999 11.96 9.12 8.16 10.91 8.74 9.24 16.50 13.04 12.90 9.17 11.14 12.12 10.51 12.14 10.90 8.77 11.51 11.80 8.88 7.07 7.93 9.98 10.05 13.04 9.93 8.52 12.86 7.92 8.76 14.26 9.58 8.71 7.83 9.90 11.50 10.84 11.83 12.43 10.83 10.53 10.65 10.21 10.63 12.18 -9999 -9999 -9999 -9999 -9999 -9999 -9999 -9999 -9999 -9999 -9999 -9999 -9999 -9999 -9999 -9999 -9999 -9999 -9999 -9999 -9999 -9999 -9999 -9999 -9999 -9999 -9999 -9999 -9999 -9999
-9999 -9999 -9999 10.04 10.52 10.96 8.24 8.94 8.95 8.15 11.32 11.14 17.64 8.97 8.61 10.08 10.70 11.28 11.91 10.18 8.64 8.01 10.85 7.48 6.99 9.29 10.09 10.27 9.95 8.23 10.03 5.95 7.56 12.59 11.56 12.08 11.02 10.24 9.06 9.25 12.25 11.58 10.96 10.88 10.79 10.92 10.29 11.40 13.11 -9999 -9999 -9999 -9999 -9999 -9999 -9999 -9999 -9999 -9999 -9999 -9999 -9999 -9999 -9999 -9999 -9999 -9999 -9999 -9999 -9999 -9999 -9999 -9999 -9999 -9999 -9999 -9999 -9999
-9999 -9999 -9999 11.65 14.67 11.26 10.46 9.20 7.57 6.58 16.94 13.86 11.62 11.12 8.37 8.69 9.86 9.88 14.87 9.88 7.80 7.36 7.87 10.64 7.75 10.47 9.90 10.77 9.68 8.89 8.28 8.95 6.54 9.74 10.67 9.95 11.47 10.08 9.04 8.86 10.68 10.34 12.00 11.29 10.14 9.35 10.45 11.41 12.69 -9999 -9999 -9999 -9999 -9999 -9999 -9999 -9999 -9999 -9999 -9999 -9999 -9999 -9999 -9999 -9999 -9999 -9999 -9999 -9999 -9999 -9999 -9999 -9999 -9999 -9999 -9999 -9999 -9999
-9999 12.19 10.76 12.85 11.33 10.72 11.86 9.68 8.71 6.98 12.58 11.84 12.42 11.06 10.13 7.93 10.37 11.11 10.25 10.27 9.59 7.04 7.75 9.33 8.96 9.05 9.74 10.19 9.03 8.09 8.96 7.68 6.95 10.98 9.80 9.30 9.65 12.03 10.65 9.63 7.95 9.65 10.70 10.55 10.13 9.50 10.10 10.99 12.49 -9999 -9999 -9999 -9999 -9999 -9999 -9999 -9999 -9999 -9999 -9999 -9999 -9999 -9999 -9999 -9999 -9999 -9999 -9999 -9999 -9999 -9999 -9999 -9999 -9999 -9999 -9999 -9999 -9999
-9999 13.24 10.91 9.02 12.03 10.54 12.02 10.17 9.00 7.32 7.37 9.31 14.20 11.46 10.43 8.43 8.41 8.47 8.15 9.00 9.98 8.33 9.74 8.85 9.16 8.92 8.94 8.71 8.33 7.73 7.81 8.46 7.47 6.46 7.68 8.43 8.83 9.82 9.87 6.76 8.29 11.54 11.06 9.85 10.20 9.98 10.57 10.16 11.31 12.74 -9999 -9999 -9999 -9999 -9999 -9999 -9999 -9999 -9999 -9999 -9999 -9999 -9999 -9999 -9999 -9999 -9999 -9999 -9999 -9999 -9999 -9999 -9999 -9999 -9999 -9999 -9999 -9999
-9999 13.65 11.46 8.26 11.50 9.51 10.62 9.73 9.09 8.57 7.04 11.15 11.03 10.43 12.47 9.28 8.34 8.00 6.62 9.45 14.35 10.56 -9999 -9999 -9999 9.21 8.83 -9999 7.90 7.88 7.91 7.08 6.20 7.11 8.53 7.55 7.85 9.38 9.03 10.50 10.31 8.35 7.77 8.60 9.46 10.28 8.54 9.63 10.33 12.21 -9999 -9999 -9999 -9999 -9999 -9999 -9999 -9999 -9999 -9999 -9999 -9999 -9999 -9999 -9999 -9999 -9999 -9999 -9999 -9999 -9999 -9999 -9999 -9999 -9999 -9999 -9999 -9999
-9999 12.38 14.07 10.05 9.93 10.47 11.38 10.78 9.80 8.71 7.62 9.09 15.12 11.54 12.02 8.88 8.67 10.56 7.77 9.50 11.14 11.49 -9999 -9999 -9999 9.23 8.20 8.10 8.10 7.49 6.88 5.36 6.56 9.63 9.76 7.73 11.27 8.12 8.17 11.13 8.67 9.78 10.36 10.73 8.95 10.53 12.13 10.70 10.01 11.69 -9999 -9999 -9999 -9999 -9999 -9999 -9999 -9999 -9999 -9999 -9999 -9999 -9999 -9999 -9999 -9999 -9999 -9999 -9999 -9999 -9999 -9999 -9999 -9999 -9999 -9999 -9999 -9999
-9999 -9999 13.57 13.22 11.15 -9999 12.30 12.21 10.82 9.75 8.84 -9999 11.87 10.26 10.92 8.56 10.24 11.38 10.42 11.20 -9999 -9999 -9999 -9999 10.43 8.37 7.40 7.19 7.86 7.96 6.69 5.42 5.43 10.21 14.18 6.94 12.34 8.47 10.49 12.09 9.76 11.80 10.38 9.16 11.48 12.26 11.06 8.89 9.91 12.39 12.80 -9999 -9999 -9999 -9999 -9999 -9999 -9999 -9999 -9999 -9999 -9999 -9999 -9999 -9999 -9999 -9999 -9999 -9999 -9999 -9999 -9999 -9999 -9999 -9999 -9999 -9999 -9999
