ML/MeanWindSpeed_1993-01_Actual.txt
ncols         180
nrows         290
xllcorner     -200000
yllcorner     -200000
cellsize      5000
NODATA_value  -9999
[rows 204 to 237 of 290, columns 77 to 153 of 180]
16.76 13.48 13.98 15.80 16.40 15.32 13.27 15.99 14.11 16.83 12.25 14.01 17.63 16.25 13.70 15.14 10.40 10.00 15.82 17.45 15.67 13.58 16.61 12.21 10.55 10.01 17.17 21.78 22.26 12.45 13.43 13.65 13.99 12.64 10.57 12.75 11.78 11.12 10.08 10.40 8.76 8.59 10.28 10.33 14.17 13.80 12.74 11.02 12.10 14.20 13.10 12.23 11.39 11.61 11.39 10.93 10.46 10.53 11.24 11.70 11.10 10.82 10.78 10.39 11.85 12.70 10.58 11.13 12.48 13.09 12.62 13.50 13.44 13.38 13.18 11.22 11.06
15.00 14.96 13.28 14.14 13.66 14.52 13.48 13.49 14.98 12.76 13.94 11.96 11.63 11.53 10.84 10.06 13.56 12.17 17.82 27.04 14.65 14.88 15.68 22.13 21.44 9.97 9.63 24.35 18.05 14.54 15.26 16.87 13.59 10.63 9.71 13.22 13.48 11.07 9.83 9.36 8.69 8.86 10.74 14.43 14.76 12.69 12.04 11.58 11.21 11.10 12.37 11.28 11.01 10.64 10.16 9.88 10.00 11.46 11.14 10.76 10.82 9.61 9.85 11.12 10.91 11.90 11.03 11.11 11.37 11.92 12.90 13.36 13.47 13.42 13.36 10.97 10.09
17.57 13.80 12.74 13.96 12.43 13.03 12.94 12.99 11.31 11.05 12.39 11.29 13.55 11.75 14.62 10.10 15.24 18.38 18.50 20.33 21.51 17.58 20.66 23.59 15.96 18.69 16.06 9.45 17.26 16.56 11.48 12.25 9.93 12.58 12.24 16.55 14.82 10.87 9.67 8.71 8.64 10.50 14.69 12.54 14.89 12.54 12.11 13.10 11.18 12.53 10.33 10.67 10.13 9.82 9.70 10.08 10.26 10.50 10.11 10.00 9.61 9.73 11.00 12.06 11.17 10.20 11.18 10.52 12.16 11.32 11.45 12.05 12.58 12.86 12.72 11.61 9.89
17.06 14.81 13.03 12.25 14.33 15.80 18.01 15.92 13.52 12.06 10.73 11.42 15.75 11.58 13.31 9.43 12.85 13.88 12.84 11.42 15.73 14.68 18.03 18.18 21.60 18.58 19.29 17.25 23.11 13.71 11.64 10.89 12.70 11.95 15.55 14.57 14.76 10.00 9.34 8.49 13.87 14.94 14.22 14.58 11.83 12.53 12.78 12.22 10.25 9.97 10.03 9.70 9.57 9.64 9.65 10.60 10.85 11.34 10.59 9.69 9.58 10.30 12.39 9.74 10.40 10.53 10.03 10.09 10.56 10.25 10.67 11.74 11.43 12.06 11.91 11.15 10.61
17.16 15.68 13.82 12.83 13.01 15.48 15.79 16.70 15.26 13.78 12.55 11.65 12.22 15.80 10.46 16.62 15.18 15.17 17.00 14.93 12.07 12.44 15.20 13.70 16.73 16.61 14.15 20.85 20.31 11.28 12.52 9.57 10.84 13.52 14.47 13.30 12.08 9.70 9.16 11.65 10.72 13.43 12.98 11.89 12.24 11.71 10.99 10.48 9.08 8.61 8.68 8.85 11.31 9.56 10.75 9.92 10.02 9.71 9.70 10.01 11.18 12.16 10.74 9.85 10.04 9.92 9.73 10.12 10.88 11.51 9.74 11.23 12.51 11.48 10.94 11.12 9.65
16.71 15.43 14.58 15.11 16.34 18.12 -9999 -9999 -9999 -9999 14.66 13.88 14.96 11.38 9.85 12.18 12.45 12.14 11.71 7.04 20.45 21.52 14.04 12.14 12.53 15.17 16.52 19.15 14.37 11.61 10.12 9.02 15.17 13.18 15.44 11.02 10.50 9.74 9.65 12.92 10.40 12.73 12.44 11.17 11.19 10.69 9.99 9.01 8.40 8.23 8.46 8.80 10.81 9.79 10.34 10.44 9.95 10.02 10.09 12.27 11.84 11.20 10.39 10.18 8.20 8.55 8.70 10.45 11.17 10.72 9.13 10.47 11.63 11.30 10.61 11.38 10.46
19.01 18.83 19.01 16.66 19.39 18.97 -9999 -9999 -9999 -9999 -9999 -9999 -9999 10.37 10.51 12.15 10.73 11.03 11.76 14.88 17.92 21.54 20.44 17.21 14.54 13.98 12.26 16.34 16.14 10.40 8.75 14.47 14.50 16.10 11.38 10.47 10.38 9.80 11.52 12.51 11.90 12.09 11.56 10.99 10.55 10.03 9.43 9.14 8.82 9.74 9.07 9.32 9.54 9.63 9.78 9.40 10.42 12.28 12.05 10.77 12.55 11.39 9.76 9.24 8.22 8.20 9.42 10.30 9.88 9.00 8.84 10.58 9.18 9.71 11.16 10.22 10.24
-9999 -9999 19.23 -9999 -9999 -9999 -9999 -9999 -9999 -9999 -9999 16.93 14.55 13.80 15.76 14.92 13.13 11.68 12.22 12.67 16.25 18.43 17.64 11.81 11.33 16.67 14.59 14.15 11.11 9.40 9.11 13.19 13.45 13.21 11.08 10.69 10.59 8.77 13.38 13.62 11.65 11.67 11.05 10.90 10.63 10.11 10.56 9.69 9.80 8.97 9.01 9.24 9.63 9.55 9.90 9.06 11.18 13.51 11.57 12.13 9.33 10.49 9.31 8.53 9.97 9.54 9.62 10.44 9.46 8.46 8.63 8.69 9.63 10.51 9.61 10.42 10.15
-9999 -9999 -9999 -9999 -9999 -9999 -9999 -9999 -9999 -9999 -9999 19.00 17.96 15.06 17.13 18.03 -9999 -9999 12.53 16.58 10.12 12.68 12.11 12.22 13.31 15.45 11.33 10.49 11.16 10.95 12.16 12.92 13.00 12.11 11.34 12.01 9.75 10.42 13.48 11.69 10.98 10.52 10.72 11.57 11.34 10.52 10.38 9.47 9.49 10.24 10.94 10.50 11.33 9.64 8.99 10.18 13.58 10.98 11.14 10.34 8.03 9.85 9.09 8.95 9.30 9.18 8.69 8.58 10.65 8.97 8.82 8.79 8.88 9.08 8.75 8.31 10.45
-9999 -9999 -9999 -9999 -9999 -9999 -9999 -9999 -9999 -9999 -9999 -9999 -9999 -9999 -9999 -9999 -9999 -9999 14.83 13.11 12.62 11.20 9.72 9.62 10.30 11.78 11.37 11.83 12.83 13.90 14.89 14.61 -9999 12.22 11.23 10.34 9.58 10.59 13.03 11.62 11.52 10.62 9.71 9.83 11.26 10.25 10.33 11.83 11.91 11.43 12.53 13.68 11.68 11.06 10.53 10.65 12.33 10.49 10.41 10.06 8.79 8.29 8.00 8.65 9.42 8.71 8.02 8.34 8.70 8.70 8.72 8.69 8.71 8.72 8.98 9.18 9.78
-9999 -9999 -9999 -9999 -9999 -9999 -9999 -9999 -9999 -9999 -9999 -9999 -9999 -9999 -9999 -9999 -9999 -9999 -9999 14.74 12.60 10.89 10.89 11.58 9.82 10.01 11.25 13.45 -9999 -9999 -9999 -9999 13.67 11.86 10.86 9.67 9.41 10.55 12.92 11.62 11.80 10.71 9.35 10.73 10.47 12.47 11.68 14.15 12.07 12.23 11.64 12.13 11.80 10.71 11.71 9.20 10.05 10.60 8.72 8.93 8.19 7.61 7.19 6.63 6.56 7.09 6.90 7.29 7.70 8.18 8.25 10.11 10.47 8.77 8.79 9.08 9.36
-9999 -9999 -9999 -9999 -9999 -9999 -9999 -9999 -9999 -9999 -9999 -9999 -9999 -9999 -9999 -9999 -9999 -9999 -9999 -9999 14.45 15.54 13.65 11.81 11.90 12.31 14.03 -9999 -9999 -9999 -9999 14.38 13.80 13.26 8.91 8.51 8.81 12.21 13.20 12.41 11.30 9.67 9.74 9.74 12.01 14.03 12.55 12.64 11.72 11.97 11.62 10.13 10.72 10.65 9.99 9.82 9.77 9.52 8.73 8.76 9.25 9.12 8.67 6.62 6.47 6.64 6.71 8.06 8.45 9.17 8.62 9.63 9.38 9.03 10.30 8.97 9.82
-9999 -9999 -9999 -9999 -9999 -9999 -9999 -9999 -9999 -9999 -9999 -9999 -9999 -9999 -9999 -9999 -9999 -9999 -9999 -9999 -9999 15.91 15.80 14.20 13.94 13.70 16.49 -9999 -9999 -9999 13.40 10.60 9.83 12.29 11.56 10.43 8.81 10.90 9.88 12.15 10.99 8.77 10.62 12.24 12.31 11.74 12.89 11.75 11.17 10.84 9.99 9.76 9.58 9.82 10.48 9.92 9.14 9.13 9.24 9.25 10.11 9.27 8.77 7.75 6.79 7.00 7.10 7.88 8.37 9.10 9.14 9.29 8.79 9.67 9.99 10.24 9.63
-9999 -9999 -9999 -9999 -9999 -9999 -9999 -9999 -9999 -9999 -9999 -9999 -9999 -9999 -9999 -9999 -9999 -9999 -9999 -9999 -9999 -9999 -9999 -9999 -9999 -9999 -9999 -9999 -9999 16.63 11.38 8.89 8.85 11.90 9.57 10.46 11.40 11.22 11.11 11.28 9.17 8.81 9.33 10.85 10.76 11.16 11.34 11.65 11.25 10.99 13.04 10.74 10.87 10.02 10.69 10.60 9.44 9.52 9.04 9.70 10.65 9.48 8.19 7.62 7.51 7.41 8.44 8.48 9.50 9.13 10.56 11.04 10.06 8.10 11.34 12.09 9.76
-9999 -9999 -9999 -9999 -9999 -9999 -9999 -9999 -9999 -9999 -9999 -9999 -9999 -9999 -9999 -9999 -9999 -9999 -9999 -9999 -9999 -9999 -9999 -9999 -9999 -9999 -9999 -9999 -9999 13.05 11.20 9.13 16.41 14.17 9.56 10.59 11.47 11.85 12.15 9.77 9.20 9.06 8.91 10.53 10.23 10.03 12.47 12.17 13.64 11.55 11.90 13.61 11.33 10.68 10.57 9.85 9.64 9.39 9.30 9.87 9.77 9.80 8.68 7.74 7.64 7.54 8.31 11.04 10.32 11.37 11.82 12.93 10.50 8.33 9.67 9.84 7.88
-9999 -9999 -9999 -9999 -9999 -9999 -9999 -9999 -9999 -9999 -9999 -9999 -9999 -9999 -9999 -9999 -9999 -9999 -9999 -9999 -9999 -9999 -9999 -9999 -9999 -9999 -9999 -9999 -9999 12.36 8.76 6.99 10.23 15.37 13.93 12.88 11.45 13.00 10.44 9.86 9.08 11.42 11.52 12.41 11.71 10.69 11.01 10.81 11.24 11.80 11.85 10.69 10.62 10.72 10.78 10.06 9.75 9.71 9.67 10.29 9.88 9.39 8.23 7.96 9.11 10.38 9.49 10.85 10.33 10.19 10.29 11.26 13.37 12.37 8.96 8.42 8.75
-9999 -9999 -9999 -9999 -9999 -9999 -9999 -9999 -9999 -9999 -9999 -9999 18.39 18.66 15.34 22.02 20.99 20.92 21.21 24.02 13.33 21.31 14.84 -9999 -9999 -9999 -9999 -9999 -9999 11.35 9.28 8.49 7.10 8.74 11.94 14.27 13.44 11.61 10.37 10.22 11.19 12.83 11.61 10.51 10.49 9.88 10.29 10.71 10.06 9.50 9.33 10.09 9.42 10.55 11.41 12.61 11.15 10.34 10.94 10.77 9.88 10.50 8.60 7.84 9.75 11.21 9.56 8.92 9.38 9.33 9.03 8.60 8.72 8.27 7.37 6.95 6.65
-9999 -9999 -9999 -9999 -9999 -9999 -9999 -9999 -9999 -9999 -9999 -9999 20.78 19.15 18.43 14.96 18.05 20.74 19.82 20.76 21.11 16.81 14.56 12.37 13.62 17.14 14.28 12.90 10.98 10.06 8.97 8.35 7.77 7.13 7.96 11.91 12.22 10.94 9.75 13.82 11.59 10.05 10.68 11.23 9.93 9.60 10.17 10.10 10.39 9.90 9.90 8.53 9.03 10.08 10.50 10.77 11.96 12.35 10.06 9.60 9.07 8.50 9.40 7.96 13.39 10.95 10.38 9.59 8.93 9.07 8.72 9.79 9.57 7.36 9.29 8.27 8.86
-9999 -9999 -9999 -9999 -9999 -9999 -9999 -9999 -9999 -9999 -9999 18.68 16.38 14.84 13.39 11.55 15.03 19.33 18.89 17.61 17.68 17.51 15.43 12.76 11.54 12.86 14.56 10.66 9.70 8.76 8.82 10.04 8.05 7.92 9.91 10.19 10.00 10.36 13.67 11.05 12.96 11.91 10.62 9.21 9.80 9.18 10.09 10.45 9.88 10.56 9.15 9.73 9.56 9.70 9.87 12.01 13.22 10.26 9.08 9.34 12.45 9.88 8.83 8.94 8.89 9.46 9.83 9.28 9.04 9.77 11.01 9.54 7.90 7.50 9.66 8.56 8.13
-9999 -9999 -9999 -9999 -9999 -9999 -9999 -9999 -9999 -9999 -9999 -9999 14.97 12.55 11.01 12.99 12.55 13.99 18.52 16.78 14.09 12.36 15.62 17.81 13.93 10.30 10.61 13.37 10.51 8.02 8.04 7.95 8.94 9.11 8.08 8.49 9.29 10.32 11.89 10.15 12.51 10.93 10.66 10.24 10.41 9.34 10.40 10.82 10.57 8.64 8.82 9.93 8.87 8.43 8.47 10.24 12.17 11.80 9.22 9.63 11.17 10.64 9.33 8.00 7.86 7.64 8.20 10.62 10.19 9.68 10.34 11.48 10.03 9.00 9.74 9.47 7.93
-9999 -9999 -9999 -9999 -9999 -9999 -9999 -9999 20.01 -9999 -9999 16.86 14.36 14.72 9.81 12.00 10.02 10.33 11.56 12.71 14.12 11.77 14.23 15.60 11.48 9.32 7.54 7.92 7.90 7.28 7.49 8.03 9.30 8.03 7.82 8.82 11.48 9.61 10.86 9.39 10.85 10.26 11.42 12.39 11.09 9.42 8.81 9.03 8.72 8.35 10.57 9.36 8.46 11.29 9.27 9.59 12.48 14.06 9.16 9.59 10.03 9.53 8.64 7.95 7.77 8.36 9.24 9.87 8.62 7.95 7.82 8.43 8.36 8.20 9.05 7.91 7.66
-9999 -9999 -9999 -9999 -9999 -9999 -9999 18.07 19.80 19.44 18.57 14.33 12.53 14.32 10.36 8.59 9.61 9.15 11.96 13.26 14.60 12.13 11.14 11.22 9.07 7.30 6.55 7.10 8.12 8.43 7.33 7.43 7.81 7.48 7.67 10.27 10.59 9.28 10.27 10.81 12.77 11.59 11.56 13.29 11.18 10.58 8.80 9.73 9.19 9.63 8.83 8.66 8.00 9.89 10.11 9.14 10.88 10.38 9.45 9.15 8.70 9.62 9.25 8.67 8.04 7.56 7.46 7.33 7.87 8.13 7.63 6.34 6.98 7.47 8.60 8.99 8.23
-9999 -9999 -9999 -9999 -9999 -9999 -9999 16.80 16.72 15.14 15.57 13.66 11.93 9.75 12.13 11.92 10.45 12.52 12.76 12.61 14.59 12.56 11.66 10.66 7.05 8.64 11.37 10.38 8.86 7.75 6.96 7.91 8.74 9.34 8.61 10.57 9.77 10.66 9.51 8.64 10.98 12.92 11.28 11.32 10.95 10.01 9.96 10.81 9.52 8.59 9.66 10.03 8.19 8.91 9.20 9.24 10.80 11.64 11.83 13.90 9.88 9.74 8.36 7.71 7.87 7.97 7.27 6.93 7.41 8.24 7.53 6.65 6.15 7.20 7.27 7.33 7.46
-9999 -9999 -9999 -9999 -9999 -9999 -9999 17.06 15.00 14.01 14.40 13.18 12.62 10.33 10.84 10.96 9.19 11.26 11.78 12.80 13.26 12.31 8.20 6.03 5.41 9.10 9.35 10.11 11.07 8.12 7.94 8.43 7.84 9.47 8.66 10.24 9.72 9.88 9.66 8.82 11.33 10.76 10.99 10.87 10.58 10.35 10.44 11.20 10.92 9.07 8.70 9.11 10.34 8.55 8.95 8.81 9.88 10.57 11.02 12.14 11.12 11.97 12.78 7.39 12.19 9.77 7.07 7.38 12.02 11.73 10.84 6.24 6.01 6.23 5.97 6.59 6.15
-9999 -9999 -9999 -9999 -9999 -9999 -9999 14.56 13.70 13.27 12.85 11.81 11.40 10.40 9.57 11.06 10.21 10.47 11.61 10.48 10.57 10.07 9.59 5.42 6.47 9.81 8.69 10.49 10.68 8.60 9.12 9.85 8.40 9.15 9.60 9.69 9.67 9.81 10.75 12.16 9.54 10.91 10.82 10.86 10.58 10.46 10.76 11.25 9.91 9.80 9.30 9.82 10.38 11.12 9.99 11.24 11.14 11.37 11.18 10.55 9.72 9.44 9.64 8.50 10.98 10.55 11.42 10.66 11.38 11.91 12.39 6.98 6.85 6.40 6.46 6.89 8.25
-9999 -9999 -9999 -9999 -9999 -9999 -9999 12.95 12.47 12.40 12.88 13.37 11.92 11.08 10.31 10.95 12.62 11.69 10.92 9.72 10.29 9.60 8.98 8.19 6.29 6.69 6.32 9.77 8.33 6.01 10.46 10.34 8.84 12.98 11.25 12.16 13.10 12.13 11.53 12.39 10.72 9.79 10.64 10.63 9.92 10.20 10.37 11.01 9.75 10.02 11.12 11.98 11.58 11.42 11.55 11.42 12.02 13.70 13.05 11.70 10.93 11.21 11.65 11.73 12.12 12.23 12.39 -9999 -9999 11.28 11.57 10.61 9.49 7.93 12.01 9.09 -9999
-9999 -9999 -9999 -9999 -9999 -9999 16.86 13.42 12.83 11.48 12.83 13.08 14.44 12.42 13.58 12.79 13.18 11.91 10.83 9.96 9.82 9.23 8.66 8.68 8.19 8.14 8.73 8.57 6.46 10.69 12.10 8.76 8.08 9.81 10.07 12.08 12.09 10.54 10.28 10.06 9.92 11.34 11.17 11.40 10.84 10.81 11.46 12.53 12.09 11.46 11.38 11.65 11.97 -9999 -9999 12.92 14.23 15.99 15.54 14.61 13.71 13.69 -9999 -9999 -9999 -9999 -9999 -9999 -9999 -9999 -9999 -9999 10.95 11.41 13.78 11.60 -9999
-9999 -9999 -9999 -9999 -9999 18.51 15.87 12.98 13.50 11.56 11.45 11.45 11.77 11.51 16.61 17.48 14.99 13.48 12.86 12.88 10.84 9.51 8.77 9.48 9.34 12.67 13.42 12.44 11.82 14.41 10.78 11.04 10.98 12.13 13.31 10.90 9.25 10.17 9.15 9.59 9.53 10.22 10.49 12.84 14.42 14.45 14.03 13.95 14.21 12.84 -9999 10.74 11.81 11.47 12.07 13.17 -9999 -9999 -9999 -9999 15.97 -9999 -9999 -9999 -9999 -9999 -9999 -9999 -9999 -9999 -9999 -9999 -9999 -9999 -9999 -9999 -9999
-9999 -9999 -9999 -9999 19.34 17.99 17.22 14.97 12.24 11.41 10.94 9.54 9.56 12.27 20.19 22.02 14.56 13.09 16.50 11.53 13.78 9.98 9.08 13.50 11.76 11.37 11.74 12.24 -9999 -9999 -9999 -9999 -9999 12.60 14.56 13.64 11.02 10.69 10.08 9.32 9.59 9.88 11.21 13.37 -9999 -9999 -9999 -9999 -9999 14.81 14.58 12.60 10.87 10.67 13.69 13.69 -9999 -9999 -9999 -9999 -9999 -9999 -9999 -9999 -9999 -9999 -9999 -9999 -9999 -9999 -9999 -9999 -9999 -9999 -9999 -9999 -9999
-9999 -9999 -9999 12.41 13.92 16.58 16.92 14.76 13.89 12.55 9.76 10.81 11.18 15.20 19.51 21.51 18.85 16.60 13.36 14.41 11.63 11.90 10.99 14.20 14.05 -9999 -9999 -9999 -9999 -9999 -9999 -9999 -9999 -9999 13.18 13.59 11.69 13.40 14.69 15.13 11.91 15.13 15.29 16.64 -9999 -9999 -9999 -9999 -9999 -9999 -9999 12.43 12.77 10.77 12.19 -9999 -9999 -9999 -9999 -9999 -9999 -9999 -9999 -9999 -9999 -9999 -9999 -9999 -9999 -9999 -9999 -9999 -9999 -9999 -9999 -9999 -9999
18.26 15.85 15.25 11.81 12.40 14.73 17.09 17.27 14.55 11.41 11.23 12.32 12.49 14.72 19.41 17.33 17.10 15.84 16.76 8.36 12.01 16.89 13.31 -9999 -9999 -9999 -9999 -9999 -9999 -9999 -9999 -9999 -9999 -9999 -9999 -9999 14.65 -9999 -9999 -9999 -9999 13.59 17.47 18.49 -9999 -9999 -9999 -9999 -9999 -9999 -9999 -9999 13.14 16.00 13.90 -9999 -9999 -9999 -9999 -9999 -9999 -9999 -9999 -9999 -9999 -9999 -9999 -9999 -9999 -9999 -9999 -9999 -9999 -9999 -9999 -9999 -9999
17.84 14.73 13.14 10.22 11.86 14.52 15.44 16.53 14.70 13.21 14.73 10.54 9.34 12.37 17.45 17.84 14.80 12.19 14.18 9.98 9.57 11.91 -9999 -9999 -9999 -9999 -9999 -9999 -9999 -9999 -9999 -9999 -9999 -9999 -9999 -9999 16.62 -9999 -9999 -9999 -9999 -9999 -9999 -9999 -9999 -9999 -9999 -9999 -9999 -9999 -9999 -9999 -9999 -9999 -9999 -9999 -9999 -9999 -9999 -9999 -9999 -9999 -9999 -9999 -9999 -9999 -9999 -9999 -9999 -9999 -9999 -9999 -9999 -9999 -9999 -9999 -9999
15.96 16.28 13.92 10.48 12.05 12.82 13.08 14.20 13.44 13.37 15.25 9.97 9.39 11.33 14.97 21.40 21.71 11.38 11.39 10.54 11.69 15.52 -9999 -9999 -9999 -9999 -9999 -9999 -9999 -9999 -9999 -9999 -9999 -9999 -9999 -9999 -9999 -9999 -9999 -9999 -9999 -9999 -9999 -9999 -9999 -9999 -9999 -9999 -9999 -9999 -9999 -9999 -9999 -9999 -9999 -9999 -9999 -9999 -9999 -9999 -9999 -9999 -9999 -9999 -9999 -9999 -9999 -9999 -9999 -9999 -9999 -9999 -9999 -9999 -9999 -9999 -9999
13.55 13.89 15.80 13.54 13.18 12.47 13.73 12.66 12.32 12.55 11.12 11.49 10.51 10.34 14.77 18.14 17.43 14.08 10.35 10.38 15.01 13.76 -9999 -9999 -9999 -9999 -9999 -9999 -9999 -9999 -9999 -9999 -9999 -9999 -9999 -9999 -9999 -9999 -9999 -9999 -9999 -9999 -9999 -9999 -9999 -9999 -9999 -9999 -9999 -9999 -9999 -9999 -9999 -9999 -9999 -9999 -9999 -9999 -9999 -9999 -9999 -9999 -9999 -9999 -9999 -9999 -9999 -9999 -9999 -9999 -9999 -9999 -9999 -9999 -9999 -9999 -9999
