ML/MeanWindSpeed_1994-02_Actual.txt
ncols         180
nrows         290
xllcorner     -200000
yllcorner     -200000
cellsize      5000
NODATA_value  -9999
[rows 170 to 203 of 290, columns 78 to 155 of 180]
-9999 -9999 -9999 -9999 -9999 -9999 -9999 -9999 -9999 -9999 -9999 -9999 -9999 -9999 -9999 -9999 -9999 -9999 -9999 -9999 -9999 -9999 -9999 -9999 -9999 -9999 -9999 -9999 10.14 9.09 8.51 8.82 9.23 9.49 9.37 9.13 9.46 9.26 9.26 9.72 10.34 11.45 10.48 14.50 15.99 15.56 11.74 9.21 8.17 6.66 7.39 6.67 8.16 7.08 7.13 6.96 6.96 7.23 7.66 8.41 8.62 8.51 8.33 8.91 10.95 9.71 9.35 7.93 8.35 9.99 12.20 -9999 -9999 -9999 -9999 -9999 -9999 -9999
-9999 -9999 -9999 -9999 -9999 -9999 -9999 -9999 14.65 13.03 13.53 15.40 -9999 -9999 -9999 -9999 -9999 -9999 -9999 -9999 -9999 -9999 -9999 -9999 -9999 -9999 -9999 11.03 9.40 9.76 8.96 9.91 9.53 8.85 8.75 9.04 9.06 9.25 9.26 9.64 9.92 10.49 13.79 15.53 14.54 10.81 13.13 10.97 6.98 7.12 5.39 8.82 8.94 7.40 7.31 7.05 7.01 7.34 7.96 8.66 9.23 9.05 8.52 8.78 9.32 10.98 10.03 10.04 7.86 7.90 10.11 12.74 -9999 -9999 -9999 -9999 -9999 -9999
-9999 -9999 -9999 -9999 -9999 -9999 -9999 -9999 13.16 11.35 10.98 12.34 -9999 -9999 -9999 -9999 -9999 -9999 -9999 -9999 -9999 -9999 -9999 -9999 -9999 -9999 10.92 10.35 9.19 9.71 11.07 9.53 9.41 8.46 8.60 9.06 9.07 9.43 9.69 9.29 9.24 9.55 11.08 16.95 16.59 11.04 11.72 10.15 9.30 6.18 5.55 7.78 8.68 7.79 6.88 6.86 7.11 8.01 8.50 8.93 9.22 9.61 8.92 9.09 9.30 11.00 10.37 9.66 8.07 7.80 8.65 11.36 -9999 -9999 -9999 -9999 -9999 -9999
-9999 -9999 -9999 -9999 -9999 -9999 17.89 13.46 10.71 10.38 9.89 11.62 11.68 13.74 15.11 -9999 -9999 14.96 12.74 -9999 -9999 -9999 11.29 12.02 10.66 -9999 7.96 10.21 9.46 9.22 9.98 9.42 9.53 9.49 10.29 10.01 10.21 9.29 9.99 9.56 9.48 13.31 9.75 11.97 14.75 8.40 9.57 14.09 7.17 9.20 6.95 7.79 8.25 7.63 7.37 7.41 7.49 8.30 8.42 9.11 9.09 9.88 8.97 8.94 9.23 9.72 10.18 10.63 9.48 7.94 7.72 9.97 12.88 -9999 -9999 -9999 -9999 -9999
-9999 -9999 -9999 -9999 -9999 -9999 -9999 14.10 11.52 10.07 9.38 9.89 11.20 13.26 10.71 -9999 9.17 11.48 12.37 10.74 11.70 8.43 7.79 12.14 11.18 9.29 -9999 7.59 9.67 9.82 9.24 9.08 9.66 8.83 8.93 9.31 9.46 9.89 9.89 10.81 10.29 13.60 13.83 13.26 13.03 11.39 13.15 12.43 9.46 7.16 6.73 8.79 8.96 7.36 8.00 7.55 8.19 8.72 8.56 8.98 8.99 9.90 8.98 8.82 8.99 9.05 9.79 10.11 10.34 8.92 7.84 8.88 11.62 -9999 -9999 -9999 -9999 -9999
-9999 -9999 -9999 -9999 -9999 -9999 -9999 -9999 13.10 11.62 10.27 9.49 9.16 8.02 6.79 12.36 20.46 9.40 12.66 12.25 10.81 8.74 6.33 7.06 9.31 11.02 9.16 7.32 8.02 9.40 9.07 9.17 10.27 9.26 9.00 8.83 9.23 9.60 9.81 10.49 10.71 15.90 16.11 13.21 12.65 9.89 8.99 9.90 9.43 7.48 7.19 8.44 7.83 7.24 8.08 7.67 8.96 8.68 8.78 8.83 8.79 10.09 8.78 8.63 8.81 8.80 9.26 9.51 9.34 9.21 9.33 8.01 10.46 13.49 -9999 -9999 -9999 -9999
-9999 -9999 -9999 -9999 -9999 -9999 -9999 -9999 -9999 14.26 11.15 9.20 7.78 8.24 9.74 23.57 16.19 7.18 13.46 8.49 11.50 10.63 7.14 6.01 13.23 10.15 10.41 8.93 7.74 8.14 8.47 7.79 8.84 9.39 9.21 9.00 8.72 9.20 9.31 9.57 12.19 13.62 17.16 13.78 13.81 12.48 7.61 9.65 11.52 8.31 8.18 8.67 7.77 7.65 7.99 7.80 9.14 8.55 8.48 8.96 8.74 9.40 9.11 8.64 8.59 8.64 8.86 9.27 10.33 8.83 7.79 7.70 9.79 12.93 -9999 -9999 -9999 -9999
-9999 -9999 -9999 -9999 -9999 -9999 -9999 -9999 -9999 -9999 12.14 9.33 9.46 11.76 22.50 24.55 16.68 12.11 11.82 12.61 13.54 12.97 12.39 8.73 7.99 13.78 10.05 8.83 8.68 7.93 8.03 8.10 8.20 8.85 8.52 8.20 8.56 8.87 8.94 9.53 11.52 14.14 15.06 12.13 11.79 13.24 10.54 7.38 11.99 8.95 8.66 9.09 7.97 7.88 7.73 8.27 9.17 8.60 8.46 8.82 8.47 9.98 9.19 8.70 8.59 8.53 8.88 8.67 8.46 7.85 7.55 7.84 10.32 13.20 -9999 -9999 -9999 -9999
-9999 -9999 -9999 -9999 -9999 -9999 -9999 -9999 -9999 -9999 12.04 10.47 13.20 15.63 18.02 21.72 13.07 8.87 11.73 14.83 14.95 15.32 12.79 9.62 7.26 14.49 13.06 10.02 9.51 7.92 7.89 8.16 9.16 8.88 8.58 8.40 8.13 8.24 8.80 11.17 11.88 10.46 15.59 12.45 12.80 14.07 13.04 10.33 9.32 8.62 7.30 8.80 9.19 7.82 7.59 7.48 8.32 8.17 8.59 8.61 8.35 8.74 9.34 8.88 8.89 8.61 8.50 8.22 7.73 7.43 7.94 9.37 11.70 -9999 -9999 -9999 -9999 -9999
-9999 -9999 -9999 -9999 -9999 -9999 -9999 -9999 -9999 -9999 11.51 11.56 13.11 13.46 19.48 17.03 11.73 11.71 9.74 12.14 15.59 13.72 16.13 12.75 8.66 13.77 14.20 13.10 9.50 8.60 7.77 8.57 9.76 9.41 8.58 8.16 7.97 8.49 10.26 10.97 9.80 10.02 13.46 12.74 12.29 11.94 10.49 10.14 10.88 7.20 8.09 8.34 7.82 8.00 7.30 8.29 7.53 7.93 8.35 8.45 8.44 10.31 9.41 8.86 8.68 8.65 8.39 8.00 7.56 7.56 9.09 11.28 -9999 -9999 -9999 -9999 -9999 -9999
-9999 -9999 -9999 -9999 -9999 -9999 -9999 -9999 -9999 12.93 21.15 12.86 14.77 17.69 12.70 23.05 18.75 15.81 13.69 17.30 14.19 14.69 12.95 10.12 11.53 16.06 13.90 13.04 9.47 8.16 7.39 9.17 9.43 8.89 8.58 8.02 8.08 9.66 9.90 9.74 10.89 12.05 9.85 14.57 13.35 9.94 10.44 9.27 8.26 7.95 6.93 7.03 7.26 8.11 7.34 6.68 8.43 7.76 8.14 8.53 8.72 10.29 9.34 8.76 8.71 8.41 8.19 7.57 7.18 8.45 10.51 -9999 -9999 -9999 -9999 -9999 -9999 -9999
-9999 -9999 -9999 -9999 -9999 -9999 -9999 13.21 12.48 16.39 14.66 12.59 14.01 15.79 10.86 12.54 14.61 17.24 16.14 18.27 16.06 16.06 9.86 11.81 11.56 9.18 10.01 9.38 9.91 8.70 7.96 9.24 9.60 9.40 8.64 8.71 9.96 9.27 10.31 9.53 11.03 11.60 11.27 10.25 9.13 10.67 9.87 9.05 8.65 8.21 7.74 6.41 7.39 6.99 6.13 6.44 7.13 7.51 8.05 8.13 8.70 10.17 9.23 8.44 8.48 8.05 7.72 7.16 7.48 9.17 -9999 -9999 -9999 -9999 -9999 13.31 12.42 11.59
-9999 -9999 -9999 -9999 -9999 -9999 12.67 11.95 12.08 13.20 13.65 14.02 13.90 11.55 9.43 11.89 14.09 15.46 22.56 14.06 11.49 11.58 8.55 15.34 16.83 15.69 11.86 10.21 10.26 9.65 9.05 9.51 10.11 9.47 9.23 9.25 9.99 10.45 9.19 9.24 11.11 10.96 10.30 9.72 9.48 9.67 8.37 8.69 7.36 7.10 7.56 6.85 6.28 5.73 5.92 6.96 6.85 7.15 7.68 8.13 8.59 10.41 9.48 8.39 8.01 7.64 7.32 6.95 7.30 8.70 -9999 -9999 -9999 -9999 -9999 11.51 10.07 9.33
-9999 -9999 -9999 -9999 -9999 13.67 13.70 12.39 12.91 -9999 -9999 -9999 -9999 12.63 16.98 15.18 15.62 17.33 14.53 12.29 15.69 15.02 12.83 22.98 20.44 16.62 16.25 12.33 9.64 9.85 9.77 9.31 9.41 9.31 9.06 9.69 9.14 10.59 9.18 9.10 9.70 10.08 10.06 9.60 8.19 8.21 8.06 7.68 6.88 6.45 6.12 5.99 5.97 6.18 6.66 6.81 6.87 7.73 8.45 8.66 8.68 9.67 9.16 8.71 7.69 7.37 7.02 6.61 6.65 7.75 9.95 -9999 -9999 -9999 -9999 10.08 8.73 8.22
-9999 -9999 -9999 -9999 -9999 15.15 16.31 12.84 14.22 -9999 -9999 -9999 -9999 13.27 15.20 17.42 12.07 17.12 16.25 15.35 18.29 19.79 15.89 20.58 13.28 14.06 13.38 11.48 9.63 9.54 9.72 9.47 9.62 10.16 9.06 9.78 9.52 9.55 10.03 8.87 9.25 8.50 9.23 10.06 10.16 9.92 8.06 7.16 6.69 6.36 6.70 6.01 6.44 7.06 7.38 8.38 7.71 9.77 9.72 9.82 8.80 9.19 8.79 8.35 7.35 7.26 6.96 6.50 6.26 6.42 7.81 9.18 -9999 -9999 10.51 9.76 8.86 8.91
-9999 -9999 -9999 -9999 -9999 -9999 -9999 -9999 -9999 -9999 -9999 -9999 -9999 14.34 17.69 14.94 11.24 14.39 12.82 19.96 18.46 13.30 17.18 16.68 14.40 14.41 11.78 10.19 8.73 9.86 9.53 9.73 9.37 8.87 8.70 8.69 8.73 9.02 9.52 8.79 8.51 8.64 8.83 8.51 9.31 9.51 7.46 8.63 9.35 7.67 7.29 6.78 6.13 7.44 8.60 9.63 9.17 8.70 9.27 9.99 9.21 9.38 8.67 8.26 7.12 7.14 6.98 6.67 6.29 5.81 6.14 7.12 8.52 9.29 9.02 9.12 8.18 9.08
-9999 -9999 -9999 -9999 -9999 -9999 -9999 -9999 -9999 -9999 -9999 -9999 -9999 -9999 18.16 8.67 8.93 13.63 19.18 17.53 18.89 18.02 13.22 14.00 14.81 10.55 10.02 8.49 8.19 8.53 9.06 9.18 9.19 8.81 8.32 8.16 8.67 8.68 9.25 9.12 8.53 10.49 9.54 8.16 8.08 8.18 8.29 8.04 9.10 9.13 8.02 8.96 7.27 7.27 8.19 7.64 8.02 8.44 8.55 9.92 9.65 8.99 8.05 8.08 7.03 7.06 6.93 6.66 6.44 6.31 6.30 6.34 7.07 7.72 7.95 8.04 8.21 9.37
-9999 -9999 -9999 -9999 -9999 -9999 -9999 -9999 -9999 -9999 -9999 -9999 -9999 -9999 14.12 17.88 18.00 15.88 15.20 14.04 16.17 13.23 12.94 11.15 10.05 12.41 9.54 8.32 9.87 9.01 8.71 8.72 8.21 8.24 8.80 8.60 9.98 9.89 9.42 9.00 8.50 10.36 10.93 9.24 8.12 7.82 8.14 8.27 8.49 8.87 9.16 11.17 9.53 7.66 7.45 7.86 8.88 10.06 10.24 9.65 10.01 9.10 7.95 7.34 6.94 7.02 6.93 6.94 6.81 6.73 6.74 6.84 7.15 7.52 7.93 8.11 8.05 9.06
-9999 -9999 -9999 -9999 -9999 -9999 -9999 -9999 -9999 -9999 -9999 -9999 -9999 16.41 15.14 11.33 19.82 13.71 12.11 14.71 14.33 12.45 15.43 11.68 10.79 13.49 8.89 15.01 10.72 8.09 8.16 9.77 8.38 8.12 11.19 10.87 10.22 8.96 9.33 9.23 8.77 9.58 9.96 9.27 8.33 8.12 8.01 8.12 8.80 8.64 9.67 9.30 8.56 8.08 7.85 8.61 9.52 10.49 10.50 9.32 9.27 8.57 7.76 7.26 6.93 6.93 7.03 7.11 7.06 6.97 6.99 7.12 7.22 7.52 8.27 8.40 8.16 8.57
-9999 -9999 -9999 -9999 -9999 -9999 -9999 -9999 -9999 -9999 -9999 -9999 -9999 14.49 14.67 19.47 11.96 7.22 9.81 10.77 13.52 16.34 15.79 12.14 11.20 11.32 8.98 10.01 10.78 11.38 10.83 8.73 8.91 8.74 9.12 10.02 8.99 8.80 9.60 9.45 9.75 10.24 9.74 9.62 8.95 8.43 8.13 7.88 8.14 8.40 9.26 9.53 8.80 7.62 8.09 9.46 10.84 10.03 10.56 10.23 9.13 7.94 8.36 7.26 7.31 7.06 7.17 7.08 7.12 7.14 7.05 7.10 7.25 7.42 8.47 8.35 7.90 8.16
-9999 -9999 -9999 -9999 -9999 -9999 -9999 -9999 -9999 -9999 -9999 -9999 -9999 15.25 17.24 9.05 10.51 8.92 10.23 11.17 17.58 15.33 16.49 12.51 10.86 8.80 8.02 9.49 13.26 14.83 15.78 10.03 11.54 9.52 9.54 9.73 8.19 8.48 9.17 9.55 9.94 9.37 9.47 10.67 9.59 8.53 8.23 9.31 7.86 8.46 8.78 8.56 7.89 7.52 8.23 8.95 9.56 9.59 9.32 8.30 7.93 8.08 8.15 6.80 6.63 7.00 7.09 7.11 7.01 6.86 6.93 7.02 7.11 7.31 7.78 7.72 7.93 7.86
-9999 -9999 -9999 -9999 -9999 -9999 -9999 -9999 -9999 -9999 -9999 -9999 -9999 -9999 12.03 13.06 14.64 16.08 16.71 13.98 14.79 12.86 9.29 8.86 8.12 9.05 9.24 8.88 11.03 11.58 15.07 12.13 10.44 9.33 10.63 10.45 8.07 9.20 8.62 9.05 11.44 9.32 9.06 8.93 9.08 8.28 7.98 9.62 9.05 8.37 8.93 8.42 7.98 8.21 8.89 8.48 8.50 8.05 8.71 7.63 8.55 8.37 7.20 6.69 7.18 7.11 6.79 6.79 6.68 6.73 6.85 6.93 7.03 7.13 7.32 7.46 7.71 7.68
-9999 -9999 -9999 -9999 -9999 -9999 -9999 -9999 -9999 -9999 -9999 -9999 -9999 -9999 13.32 14.57 15.32 16.59 18.94 17.23 13.72 10.94 9.09 10.91 13.17 14.83 16.28 12.60 10.41 11.38 12.74 12.16 9.74 12.30 10.80 10.78 9.00 9.88 8.98 8.89 9.61 10.78 10.20 9.41 8.89 8.36 8.05 9.28 9.14 8.72 8.76 9.13 9.21 9.24 9.45 8.53 8.22 9.42 9.31 9.01 8.37 8.53 7.35 7.34 7.78 6.71 6.48 6.49 6.50 6.71 6.77 6.81 6.90 6.98 7.14 7.16 7.05 6.86
-9999 -9999 -9999 -9999 -9999 -9999 -9999 -9999 -9999 -9999 -9999 -9999 -9999 13.44 10.96 12.58 15.99 16.67 15.04 14.46 12.45 13.62 18.67 15.17 15.12 14.65 12.02 10.66 11.55 12.31 10.65 10.19 10.90 12.30 11.74 10.86 8.83 10.12 8.62 8.96 10.70 9.75 10.08 10.05 9.29 8.92 8.39 9.42 9.32 8.45 8.74 8.69 8.55 9.36 8.74 9.79 8.96 9.46 8.43 8.61 8.63 7.58 7.15 7.88 7.68 6.56 6.40 6.72 6.57 6.84 6.90 7.03 6.96 6.89 6.91 6.80 7.20 7.44
-9999 -9999 -9999 -9999 -9999 -9999 -9999 -9999 -9999 -9999 -9999 -9999 -9999 15.12 12.43 11.74 12.59 14.59 18.48 17.41 15.77 13.77 14.70 16.57 17.52 16.97 12.16 14.06 14.99 10.36 12.94 9.02 10.15 11.99 13.83 9.50 9.60 8.35 8.02 8.67 9.66 12.72 10.75 10.50 9.83 9.32 9.00 9.29 8.92 8.30 8.47 8.36 8.31 8.29 9.54 9.93 9.64 9.99 8.66 7.97 7.84 7.22 7.41 7.89 7.59 6.98 7.24 6.97 7.37 7.02 7.07 7.35 7.29 6.90 6.70 6.55 6.56 7.44
-9999 -9999 -9999 -9999 -9999 -9999 -9999 -9999 -9999 -9999 -9999 -9999 -9999 13.19 11.66 8.79 10.88 14.06 18.80 16.11 16.29 13.51 16.13 15.63 13.50 13.82 14.32 13.58 11.60 9.97 10.39 13.50 9.47 9.58 9.78 9.32 10.65 9.16 7.69 8.28 9.38 10.00 9.78 10.68 10.11 9.41 9.34 8.63 7.95 8.44 8.67 8.81 8.15 8.74 10.01 9.97 8.84 8.75 9.37 8.04 8.14 6.83 7.70 7.83 6.98 6.90 7.08 6.42 6.75 6.78 6.96 7.13 6.97 6.76 6.56 6.37 6.76 6.30
-9999 -9999 -9999 -9999 -9999 -9999 -9999 -9999 -9999 -9999 -9999 -9999 13.37 13.42 15.08 12.31 10.25 14.68 16.04 17.91 17.84 12.07 12.93 12.31 13.51 14.57 12.25 11.86 13.81 11.73 10.60 10.09 8.90 8.32 8.66 9.44 9.12 8.73 8.36 8.00 8.16 9.20 9.55 8.81 9.31 8.73 9.30 8.36 8.07 8.12 7.76 7.68 7.91 9.17 9.06 9.18 8.30 8.90 8.73 8.08 7.02 7.72 7.65 7.64 7.83 7.39 6.85 6.69 6.52 6.78 6.97 6.91 6.80 6.56 6.32 6.37 6.71 6.72
-9999 -9999 -9999 -9999 -9999 -9999 -9999 -9999 -9999 -9999 -9999 14.73 13.78 13.93 11.76 9.96 13.69 17.86 18.54 15.89 17.42 12.90 14.64 13.11 11.71 18.12 12.60 13.30 10.89 10.75 9.26 9.20 9.38 10.57 9.13 10.97 8.92 9.23 7.68 7.49 7.92 8.45 8.76 8.44 8.58 8.73 8.82 7.31 7.90 7.83 8.09 8.22 8.40 9.02 8.20 9.00 8.26 8.35 7.36 7.07 8.13 8.39 7.71 7.80 7.69 6.82 7.30 7.30 7.21 7.20 6.91 6.74 6.52 6.71 6.63 7.37 7.54 7.73
-9999 -9999 -9999 -9999 -9999 -9999 -9999 -9999 -9999 16.50 14.06 12.20 9.91 9.91 10.91 11.21 15.29 17.40 19.05 20.07 17.13 14.21 10.25 13.70 12.35 16.53 13.16 11.74 11.58 9.72 9.30 8.47 9.58 11.43 10.29 10.13 7.61 7.86 7.67 7.65 8.50 8.19 8.63 7.87 7.92 8.09 7.42 7.21 7.52 8.59 8.45 9.36 9.90 9.23 8.51 7.87 7.51 8.24 8.58 7.94 8.07 7.07 7.85 7.84 7.14 6.45 6.64 7.65 7.47 7.57 6.70 6.53 6.43 6.73 7.81 8.30 7.99 8.79
-9999 -9999 -9999 -9999 -9999 16.63 15.60 14.15 17.37 16.65 15.74 15.07 12.05 11.54 11.07 16.52 15.17 17.95 17.76 16.83 12.67 11.02 9.21 11.61 11.39 18.57 15.86 12.52 9.94 10.31 9.54 11.45 8.54 10.61 10.70 9.89 8.59 7.55 7.15 8.24 7.75 7.09 8.69 7.48 7.28 6.82 7.23 7.91 8.47 7.65 8.86 8.57 8.99 9.83 9.39 8.90 8.47 8.82 8.62 7.91 7.24 8.01 6.84 6.66 6.57 6.41 7.32 7.63 7.71 7.04 6.43 6.66 7.05 8.23 8.40 7.95 8.73 7.78
-9999 -9999 -9999 -9999 17.45 14.38 14.84 13.89 13.00 14.65 13.54 13.83 11.20 9.98 14.34 15.44 16.79 12.99 18.71 14.04 10.78 16.00 12.43 9.16 17.22 14.74 12.20 7.26 7.76 8.76 12.19 8.89 8.37 8.62 8.83 10.45 9.34 8.98 7.52 7.77 7.11 6.87 8.04 7.43 6.68 6.73 7.38 8.34 8.09 10.12 8.36 8.27 8.74 9.48 8.62 8.38 7.79 7.80 8.30 7.83 8.15 7.24 6.55 6.64 6.96 6.48 6.89 7.03 6.47 6.33 6.38 6.74 7.20 7.73 8.67 8.59 8.52 8.03
-9999 -9999 -9999 16.47 15.16 11.38 10.76 11.10 12.29 11.92 12.75 11.66 11.85 16.76 13.83 12.49 17.21 10.65 13.74 13.45 16.65 15.25 15.75 13.15 13.16 11.33 6.84 11.87 11.87 8.15 8.78 8.19 7.96 8.69 8.21 8.41 9.75 9.86 7.29 7.06 6.90 7.35 6.92 6.25 6.34 9.36 7.69 7.71 8.22 9.17 8.72 8.32 8.98 9.53 9.28 9.57 8.70 7.63 7.42 7.21 7.98 7.38 6.64 7.48 7.29 6.71 6.98 6.86 6.67 6.98 7.14 7.38 7.84 7.96 8.74 7.88 7.58 7.85
17.90 15.02 16.36 13.07 12.39 12.85 11.84 11.29 13.77 12.74 13.00 12.55 15.19 14.72 12.78 13.94 13.69 11.43 11.25 15.10 15.54 13.55 13.19 15.19 12.31 8.29 12.55 13.72 10.86 11.23 8.43 8.75 7.96 8.35 10.70 8.31 10.57 8.37 7.11 6.91 7.02 8.80 6.26 6.51 10.72 7.94 7.79 7.82 8.40 9.52 8.23 8.45 8.89 8.54 9.02 8.89 8.17 7.52 7.78 7.24 7.58 7.74 7.44 6.84 6.49 6.52 6.77 7.40 9.04 8.28 9.20 8.64 7.57 8.91 8.58 8.52 8.06 7.71
14.11 13.42 16.21 19.33 17.71 16.76 13.06 14.22 15.98 14.55 13.93 16.15 13.88 13.01 15.35 11.76 9.25 9.92 10.34 13.72 13.54 12.78 11.67 11.76 10.96 12.12 21.36 16.02 11.70 8.93 9.43 8.65 10.52 8.53 9.00 7.75 7.88 7.77 7.43 6.88 6.68 6.93 6.42 10.02 10.63 9.85 8.42 7.95 10.83 9.16 8.34 8.66 8.26 9.09 8.96 8.64 7.63 8.55 8.07 7.31 9.03 8.51 7.00 6.66 6.67 6.73 7.54 8.79 9.33 9.08 9.68 8.99 8.46 9.16 8.77 7.90 8.13 7.87
