ML/MeanWindSpeed_1992-04_Actual.txt
ncols         180
nrows         290
xllcorner     -200000
yllcorner     -200000
cellsize      5000
NODATA_value  -9999
[rows 136 to 169 of 290, columns 78 to 155 of 180]
-9999 13.04 11.34 10.22 12.24 11.23 12.05 10.85 10.10 9.06 9.33 10.69 13.63 11.85 11.11 9.86 9.91 9.93 9.70 10.09 10.53 9.39 10.34 9.84 9.99 9.89 9.97 9.87 9.60 9.14 9.19 9.68 9.24 8.94 9.85 10.25 10.39 10.86 10.63 8.41 9.15 10.94 10.42 9.41 9.37 9.09 9.39 9.11 9.89 10.96 -9999 -9999 -9999 -9999 -9999 -9999 -9999 -9999 -9999 -9999 -9999 -9999 -9999 -9999 -9999 -9999 -9999 -9999 -9999 -9999 -9999 -9999 -9999 -9999 -9999 -9999 -9999 -9999
-9999 13.27 11.69 9.72 11.86 10.56 11.21 10.57 10.12 9.83 9.08 11.80 11.73 11.26 12.41 10.39 9.83 9.58 8.66 10.37 13.40 10.99 -9999 -9999 -9999 10.13 9.86 -9999 9.22 9.16 9.19 8.71 8.27 9.09 10.11 9.49 9.64 10.46 10.05 10.64 10.26 8.83 8.20 8.41 8.66 8.93 7.74 8.37 8.85 10.21 -9999 -9999 -9999 -9999 -9999 -9999 -9999 -9999 -9999 -9999 -9999 -9999 -9999 -9999 -9999 -9999 -9999 -9999 -9999 -9999 -9999 -9999 -9999 -9999 -9999 -9999 -9999 -9999
-9999 12.49 13.37 10.82 10.86 11.17 11.74 11.26 10.55 9.87 9.23 10.51 14.50 12.03 12.19 10.13 9.98 11.14 9.40 10.58 11.71 11.83 -9999 -9999 -9999 10.14 9.40 9.30 9.26 8.86 8.46 7.47 8.26 10.35 10.50 9.27 11.44 9.36 9.23 10.86 9.08 9.53 9.56 9.41 7.96 8.69 9.52 8.56 8.19 9.47 -9999 -9999 -9999 -9999 -9999 -9999 -9999 -9999 -9999 -9999 -9999 -9999 -9999 -9999 -9999 -9999 -9999 -9999 -9999 -9999 -9999 -9999 -9999 -9999 -9999 -9999 -9999 -9999
-9999 -9999 13.17 12.82 11.60 -9999 12.38 12.25 11.24 10.50 9.98 -9999 12.49 11.36 11.68 10.02 11.00 11.78 11.26 11.89 -9999 -9999 -9999 -9999 11.01 9.53 8.81 8.65 9.05 9.11 8.28 7.40 7.41 10.56 13.06 8.50 11.86 9.36 10.54 11.44 9.71 10.64 9.36 8.17 9.26 9.46 8.52 7.10 7.79 9.59 10.20 -9999 -9999 -9999 -9999 -9999 -9999 -9999 -9999 -9999 -9999 -9999 -9999 -9999 -9999 -9999 -9999 -9999 -9999 -9999 -9999 -9999 -9999 -9999 -9999 -9999 -9999 -9999
-9999 -9999 -9999 13.35 -9999 -9999 -9999 12.31 12.19 11.07 11.07 12.12 -9999 -9999 12.57 11.23 13.02 13.97 -9999 -9999 -9999 -9999 -9999 11.86 10.63 8.69 8.67 8.41 8.89 8.83 9.19 8.88 7.18 9.40 11.74 12.19 10.29 11.47 12.15 12.55 10.79 11.28 11.35 10.33 8.79 8.85 8.95 6.96 7.65 9.46 10.65 -9999 -9999 -9999 -9999 -9999 -9999 -9999 -9999 -9999 -9999 -9999 -9999 -9999 -9999 -9999 -9999 -9999 -9999 -9999 -9999 -9999 -9999 -9999 -9999 -9999 -9999 -9999
-9999 -9999 -9999 13.42 13.18 -9999 -9999 -9999 12.31 12.49 12.23 12.71 -9999 -9999 -9999 -9999 13.36 -9999 -9999 -9999 -9999 -9999 -9999 10.79 9.68 8.67 9.08 9.70 9.78 9.34 9.52 9.02 8.03 8.56 11.29 11.72 9.17 13.05 12.83 13.75 11.42 11.47 12.43 10.52 9.36 9.04 7.73 6.58 7.59 9.32 10.27 -9999 -9999 -9999 -9999 -9999 -9999 -9999 -9999 -9999 -9999 -9999 -9999 -9999 -9999 -9999 -9999 -9999 -9999 -9999 -9999 -9999 -9999 -9999 -9999 -9999 -9999 -9999
-9999 -9999 -9999 -9999 14.16 -9999 -9999 -9999 -9999 12.60 13.29 13.17 -9999 -9999 -9999 -9999 -9999 -9999 -9999 -9999 -9999 -9999 11.73 10.41 9.93 9.41 9.49 10.78 10.73 10.33 10.37 9.91 9.19 7.93 9.36 13.41 13.35 13.37 13.43 11.93 11.26 11.41 10.02 8.44 9.89 9.90 7.54 6.94 7.97 9.17 9.92 10.46 -9999 -9999 -9999 -9999 -9999 -9999 -9999 -9999 -9999 -9999 -9999 -9999 -9999 -9999 -9999 -9999 -9999 -9999 -9999 -9999 -9999 -9999 -9999 -9999 -9999 -9999
-9999 -9999 -9999 -9999 15.00 -9999 -9999 -9999 -9999 -9999 -9999 -9999 -9999 -9999 -9999 -9999 -9999 -9999 -9999 -9999 -9999 -9999 11.72 9.98 8.79 7.64 7.41 13.22 11.56 10.74 12.09 10.22 10.64 7.08 7.44 11.94 14.77 12.75 11.66 14.57 16.01 14.86 12.96 11.60 8.59 8.68 8.25 8.68 8.39 8.75 9.58 10.09 10.59 -9999 -9999 -9999 -9999 -9999 -9999 -9999 -9999 -9999 -9999 -9999 -9999 -9999 -9999 -9999 -9999 -9999 -9999 -9999 -9999 -9999 -9999 -9999 -9999 -9999
-9999 -9999 -9999 -9999 -9999 -9999 -9999 -9999 -9999 -9999 -9999 -9999 -9999 -9999 -9999 -9999 -9999 -9999 -9999 -9999 -9999 12.48 11.17 9.38 8.41 10.33 7.45 16.77 16.07 10.62 11.21 10.34 9.70 9.31 7.27 8.84 15.45 15.43 14.03 12.75 11.91 13.40 12.86 11.76 10.08 9.09 8.66 8.32 8.39 9.01 8.72 8.71 9.41 -9999 -9999 -9999 -9999 -9999 -9999 -9999 -9999 -9999 -9999 -9999 -9999 -9999 -9999 -9999 -9999 -9999 -9999 -9999 -9999 -9999 -9999 -9999 -9999 -9999
-9999 -9999 -9999 -9999 -9999 -9999 -9999 -9999 -9999 -9999 -9999 -9999 -9999 -9999 -9999 -9999 -9999 -9999 -9999 -9999 -9999 11.56 11.35 8.62 9.98 15.49 10.19 8.68 13.03 13.10 11.18 10.60 10.08 9.58 8.54 9.20 11.42 17.44 15.38 14.29 12.64 12.33 11.97 10.26 9.67 9.42 9.87 8.78 9.27 8.62 8.37 7.84 8.09 8.83 9.60 10.25 -9999 -9999 -9999 -9999 -9999 -9999 -9999 -9999 -9999 -9999 -9999 -9999 -9999 -9999 -9999 -9999 -9999 -9999 -9999 -9999 -9999 -9999
-9999 -9999 -9999 -9999 -9999 -9999 -9999 -9999 -9999 -9999 -9999 -9999 -9999 -9999 -9999 -9999 -9999 -9999 -9999 -9999 -9999 11.42 10.54 9.61 12.09 9.58 9.02 10.46 13.91 11.16 10.12 12.42 8.78 10.43 9.60 9.83 10.42 12.84 14.09 13.64 12.90 12.35 10.71 10.36 9.63 9.07 8.83 8.94 8.71 8.63 7.76 7.19 7.07 9.29 8.57 10.02 11.53 12.23 -9999 -9999 -9999 -9999 -9999 -9999 -9999 -9999 -9999 -9999 -9999 -9999 -9999 -9999 -9999 -9999 -9999 -9999 -9999 -9999
-9999 -9999 -9999 -9999 -9999 -9999 -9999 -9999 -9999 -9999 -9999 -9999 -9999 -9999 -9999 -9999 -9999 -9999 -9999 -9999 -9999 11.48 10.37 10.70 14.49 15.57 11.98 9.21 10.80 11.33 13.03 9.75 12.06 10.69 10.11 10.74 10.74 9.85 10.43 13.27 12.61 11.83 11.18 10.30 9.73 9.62 9.47 8.94 8.91 8.45 7.66 7.42 7.06 7.76 9.96 10.19 11.10 12.81 13.36 12.54 -9999 -9999 -9999 -9999 -9999 -9999 -9999 -9999 -9999 -9999 -9999 -9999 -9999 -9999 -9999 -9999 -9999 -9999
-9999 -9999 -9999 -9999 -9999 -9999 -9999 -9999 -9999 -9999 -9999 -9999 -9999 -9999 -9999 -9999 -9999 -9999 -9999 -9999 -9999 12.15 10.53 11.55 12.42 9.66 18.27 15.65 10.90 12.28 10.33 13.37 13.68 10.80 9.62 10.06 9.94 8.65 14.22 13.33 12.97 13.24 13.30 12.51 10.03 10.72 9.72 9.29 9.11 8.76 8.31 7.67 6.92 7.69 9.99 9.82 10.12 11.03 12.35 11.66 14.03 -9999 -9999 -9999 -9999 -9999 -9999 -9999 -9999 -9999 -9999 -9999 -9999 -9999 -9999 -9999 -9999 -9999
-9999 -9999 -9999 -9999 -9999 -9999 -9999 -9999 -9999 11.99 12.21 12.87 -9999 -9999 -9999 -9999 -9999 -9999 -9999 -9999 -9999 -9999 12.00 10.81 9.66 11.33 13.42 15.68 11.21 9.07 12.54 12.25 11.11 9.76 10.96 10.75 9.18 9.67 12.00 12.64 15.29 14.27 12.47 11.88 12.18 10.95 9.88 9.41 9.05 8.81 8.06 7.42 10.28 9.91 12.70 13.63 13.27 12.57 10.77 12.94 13.67 13.30 -9999 -9999 -9999 -9999 -9999 -9999 -9999 -9999 -9999 -9999 -9999 -9999 -9999 -9999 -9999 -9999
-9999 -9999 -9999 -9999 -9999 -9999 -9999 -9999 -9999 10.70 10.81 -9999 -9999 -9999 -9999 -9999 -9999 -9999 -9999 -9999 -9999 -9999 -9999 10.81 8.84 12.00 13.09 18.47 12.05 12.04 11.76 10.16 9.13 8.82 8.34 13.82 9.28 10.14 14.19 12.72 10.83 10.38 13.51 10.57 12.45 10.83 9.78 9.16 8.89 8.25 8.39 9.96 10.75 10.55 10.81 10.87 12.06 12.82 12.52 12.88 12.98 14.71 -9999 -9999 -9999 -9999 -9999 -9999 -9999 -9999 -9999 -9999 -9999 -9999 -9999 -9999 -9999 -9999
-9999 -9999 -9999 -9999 -9999 -9999 -9999 -9999 10.16 12.11 12.25 12.31 -9999 -9999 -9999 -9999 -9999 -9999 -9999 -9999 -9999 -9999 -9999 10.75 11.95 12.64 13.65 11.97 12.32 10.69 10.43 9.64 9.10 10.07 8.72 7.62 13.91 11.13 10.89 13.44 12.16 14.15 11.94 12.07 10.92 10.43 9.79 9.50 8.77 8.11 9.01 10.28 9.92 10.99 12.15 12.08 12.64 12.38 12.63 13.08 12.17 14.33 13.64 -9999 -9999 -9999 -9999 -9999 -9999 -9999 -9999 -9999 -9999 -9999 -9999 -9999 -9999 -9999
-9999 -9999 -9999 -9999 -9999 -9999 -9999 9.14 11.88 13.45 16.36 12.42 -9999 -9999 -9999 -9999 -9999 -9999 -9999 -9999 -9999 -9999 -9999 11.89 15.13 13.04 10.44 11.49 10.62 10.84 9.50 8.73 9.12 9.78 8.19 12.47 10.46 13.16 11.23 14.60 10.69 11.60 10.12 11.60 10.36 10.42 10.21 9.19 8.95 8.33 8.56 11.30 11.96 11.91 11.38 11.69 11.65 11.63 11.89 13.28 13.29 12.96 13.51 -9999 -9999 -9999 -9999 -9999 -9999 -9999 -9999 -9999 -9999 -9999 -9999 -9999 -9999 -9999
-9999 -9999 -9999 -9999 -9999 -9999 10.75 9.70 14.81 13.55 13.72 -9999 -9999 -9999 -9999 -9999 -9999 -9999 -9999 -9999 -9999 -9999 -9999 -9999 12.63 10.94 10.18 11.71 9.82 11.37 9.81 9.02 8.62 8.71 7.58 12.09 12.17 13.19 12.65 13.31 13.33 13.17 12.14 11.77 11.87 11.32 9.73 9.34 9.23 8.89 8.72 9.72 13.28 12.47 10.79 10.48 10.67 10.58 10.82 11.04 11.10 10.79 11.48 12.78 13.64 -9999 -9999 -9999 -9999 -9999 -9999 -9999 -9999 -9999 -9999 -9999 -9999 -9999
-9999 -9999 -9999 -9999 -9999 -9999 12.53 13.50 11.51 12.74 13.33 -9999 -9999 -9999 -9999 -9999 -9999 -9999 -9999 -9999 -9999 -9999 -9999 -9999 -9999 11.32 11.17 10.67 9.98 11.01 10.33 9.97 9.36 9.35 7.58 12.23 11.67 11.10 12.83 11.66 11.00 14.07 13.92 11.38 12.65 11.69 11.12 9.67 9.40 9.24 8.99 9.37 10.39 10.71 10.23 10.19 10.21 10.30 10.18 10.27 10.27 10.25 12.27 12.68 12.78 -9999 -9999 -9999 -9999 -9999 -9999 -9999 -9999 -9999 -9999 -9999 -9999 -9999
-9999 -9999 -9999 -9999 -9999 -9999 13.44 12.56 13.31 13.08 -9999 -9999 -9999 -9999 -9999 -9999 -9999 -9999 -9999 -9999 -9999 -9999 -9999 -9999 -9999 11.87 11.68 11.28 -9999 11.28 -9999 10.32 9.44 8.59 7.60 8.35 12.10 11.32 11.96 14.41 9.25 10.19 14.27 12.82 12.35 12.03 11.01 9.94 9.63 9.54 9.20 9.31 9.76 10.42 11.00 10.17 10.57 9.77 9.26 10.14 11.11 10.85 10.50 10.64 12.18 13.95 14.79 -9999 -9999 -9999 -9999 -9999 -9999 -9999 -9999 -9999 -9999 -9999
-9999 -9999 -9999 -9999 -9999 13.67 13.13 12.93 -9999 -9999 -9999 -9999 -9999 -9999 -9999 -9999 -9999 -9999 -9999 -9999 -9999 -9999 -9999 -9999 -9999 12.68 11.97 11.28 -9999 -9999 -9999 10.03 10.16 7.67 8.28 9.79 9.09 8.69 10.39 13.72 13.36 9.62 12.93 14.04 11.88 12.68 11.66 10.64 9.31 9.43 9.25 9.31 9.57 9.87 10.03 9.89 10.04 9.03 9.48 10.48 11.33 11.77 11.77 11.19 11.36 12.58 13.92 -9999 -9999 -9999 -9999 -9999 -9999 -9999 -9999 -9999 -9999 -9999
-9999 -9999 -9999 -9999 -9999 -9999 -9999 -9999 -9999 -9999 -9999 -9999 -9999 -9999 -9999 -9999 -9999 -9999 -9999 -9999 -9999 -9999 -9999 -9999 -9999 -9999 -9999 -9999 -9999 -9999 10.64 8.81 8.31 9.27 10.05 11.11 11.39 10.23 10.93 13.24 12.78 11.18 10.01 12.38 13.21 12.04 11.12 10.27 9.65 9.56 9.68 9.35 9.35 9.54 9.56 9.34 8.82 9.52 11.63 10.82 11.57 11.18 11.29 10.66 11.43 12.54 -9999 -9999 -9999 -9999 -9999 -9999 -9999 -9999 -9999 -9999 -9999 -9999
-9999 -9999 -9999 -9999 -9999 -9999 -9999 -9999 -9999 -9999 -9999 -9999 -9999 -9999 -9999 -9999 -9999 -9999 -9999 -9999 -9999 -9999 -9999 -9999 -9999 -9999 -9999 -9999 -9999 -9999 9.97 8.35 8.94 10.85 13.05 12.54 10.59 11.43 10.00 10.59 9.91 10.93 11.39 12.29 12.34 11.98 11.02 10.46 10.02 9.51 9.65 9.23 9.21 9.29 9.41 9.25 8.67 9.27 12.45 12.21 11.07 10.84 10.67 10.45 11.26 12.61 -9999 -9999 -9999 -9999 -9999 -9999 -9999 -9999 -9999 -9999 -9999 -9999
-9999 -9999 -9999 -9999 -9999 -9999 -9999 -9999 -9999 -9999 -9999 -9999 -9999 -9999 -9999 -9999 -9999 -9999 -9999 -9999 -9999 -9999 -9999 -9999 -9999 -9999 -9999 -9999 -9999 -9999 9.30 7.93 8.34 11.02 12.13 12.00 11.38 10.75 10.20 10.79 9.71 9.57 10.12 9.30 12.24 11.00 11.63 10.63 10.28 9.37 9.18 9.17 9.10 9.17 9.23 9.24 9.00 9.14 11.12 11.92 11.22 10.69 10.57 10.33 10.98 12.16 -9999 -9999 -9999 -9999 -9999 -9999 -9999 -9999 -9999 -9999 -9999 -9999
-9999 -9999 -9999 -9999 -9999 -9999 -9999 -9999 -9999 -9999 -9999 -9999 -9999 -9999 -9999 -9999 -9999 -9999 -9999 -9999 -9999 -9999 -9999 -9999 -9999 -9999 -9999 -9999 11.81 10.37 8.66 7.68 10.03 12.04 14.31 12.00 12.82 9.14 9.71 9.71 10.37 10.90 10.76 12.29 10.08 10.07 9.95 9.79 9.34 9.79 9.06 8.94 9.15 9.00 9.09 9.29 9.21 9.39 10.13 11.57 11.04 10.42 10.28 10.23 10.54 11.55 12.80 -9999 -9999 -9999 -9999 -9999 -9999 -9999 -9999 -9999 -9999 -9999
-9999 -9999 -9999 -9999 -9999 -9999 -9999 -9999 -9999 -9999 -9999 -9999 -9999 -9999 -9999 -9999 -9999 -9999 -9999 -9999 -9999 -9999 -9999 -9999 -9999 -9999 -9999 -9999 11.14 9.62 8.65 8.18 8.91 11.65 10.39 9.86 8.46 9.57 11.46 9.64 10.83 10.52 11.49 9.27 12.10 10.55 11.29 10.88 10.69 9.67 9.24 8.95 8.86 8.87 9.03 9.20 9.36 9.41 9.70 10.41 11.20 10.61 10.21 10.23 10.24 10.89 12.19 -9999 -9999 -9999 -9999 -9999 -9999 -9999 -9999 -9999 -9999 -9999
-9999 -9999 -9999 -9999 -9999 -9999 -9999 -9999 -9999 -9999 -9999 -9999 -9999 -9999 -9999 -9999 -9999 -9999 -9999 -9999 -9999 -9999 -9999 -9999 -9999 -9999 -9999 -9999 11.09 9.51 8.92 8.62 9.20 10.24 10.39 9.25 8.54 9.45 9.49 8.98 10.49 12.34 10.76 10.54 9.64 10.75 9.47 9.73 10.07 10.20 9.46 9.17 8.85 8.84 9.01 9.21 9.41 9.50 9.48 9.92 10.92 11.32 10.49 10.16 10.17 10.36 11.30 12.55 -9999 -9999 -9999 -9999 -9999 -9999 -9999 -9999 -9999 -9999
-9999 -9999 -9999 -9999 -9999 -9999 -9999 -9999 -9999 -9999 -9999 -9999 -9999 -9999 -9999 -9999 -9999 -9999 -9999 -9999 -9999 -9999 -9999 -9999 -9999 -9999 -9999 -9999 10.87 9.62 9.21 9.16 9.17 9.23 9.10 9.41 9.93 8.44 8.46 9.07 12.34 12.57 13.23 12.34 11.00 10.71 10.94 9.80 9.23 9.87 10.00 9.14 8.83 8.89 8.95 9.24 9.55 9.76 9.66 9.84 11.27 12.08 11.14 10.73 10.64 10.37 10.56 11.68 12.89 -9999 -9999 -9999 -9999 -9999 -9999 -9999 -9999 -9999
-9999 -9999 -9999 -9999 -9999 -9999 -9999 -9999 -9999 -9999 -9999 -9999 -9999 -9999 -9999 -9999 -9999 -9999 -9999 -9999 -9999 -9999 -9999 -9999 -9999 -9999 -9999 -9999 10.92 9.54 9.17 8.97 8.69 8.39 8.73 8.32 9.01 9.68 11.02 12.11 13.20 11.55 12.65 11.52 11.32 10.24 11.12 10.61 9.94 9.36 9.10 9.06 8.86 8.99 9.20 9.53 9.80 10.08 10.20 10.32 10.96 11.74 11.35 10.94 10.96 10.91 10.70 10.82 12.08 -9999 -9999 -9999 -9999 -9999 -9999 -9999 -9999 -9999
-9999 -9999 -9999 -9999 -9999 -9999 -9999 -9999 -9999 -9999 -9999 -9999 -9999 -9999 -9999 -9999 -9999 -9999 -9999 -9999 -9999 -9999 -9999 -9999 -9999 -9999 -9999 -9999 -9999 9.56 9.21 8.77 8.13 8.33 9.61 9.81 10.41 9.71 9.82 11.59 11.95 13.00 12.43 11.06 9.84 10.09 9.93 10.61 9.86 9.56 9.87 9.55 9.09 9.37 9.54 9.86 10.01 10.19 10.42 10.60 10.95 11.03 11.00 11.04 11.21 -9999 11.17 11.44 12.18 13.51 -9999 -9999 -9999 -9999 -9999 -9999 -9999 -9999
-9999 -9999 -9999 -9999 -9999 -9999 -9999 -9999 -9999 -9999 -9999 -9999 -9999 -9999 -9999 -9999 -9999 -9999 -9999 -9999 -9999 -9999 -9999 -9999 -9999 -9999 -9999 -9999 10.70 9.44 9.01 8.41 7.76 7.82 10.89 11.64 10.45 12.51 12.46 11.13 10.96 13.75 12.55 12.72 10.86 9.61 10.98 10.03 9.47 9.79 9.86 9.58 9.71 9.73 9.93 10.12 10.31 10.21 10.23 11.21 10.74 10.43 11.29 10.74 10.92 11.03 -9999 12.02 12.71 13.79 14.63 -9999 -9999 -9999 -9999 -9999 -9999 -9999
-9999 -9999 -9999 -9999 -9999 -9999 -9999 -9999 -9999 -9999 -9999 -9999 -9999 -9999 -9999 -9999 -9999 -9999 -9999 -9999 -9999 -9999 -9999 -9999 -9999 -9999 -9999 -9999 10.40 9.14 8.78 8.37 9.21 8.74 10.12 12.52 10.66 10.99 11.26 9.84 9.58 12.18 11.81 11.60 9.50 10.87 11.68 10.24 10.83 10.20 10.56 10.41 10.18 10.09 10.26 10.37 10.39 10.18 10.01 10.14 10.33 9.70 9.97 10.39 10.07 10.77 11.28 -9999 -9999 -9999 -9999 -9999 -9999 -9999 -9999 -9999 -9999 -9999
-9999 -9999 -9999 -9999 -9999 -9999 -9999 -9999 -9999 -9999 -9999 -9999 -9999 -9999 -9999 -9999 -9999 -9999 -9999 -9999 -9999 -9999 -9999 -9999 -9999 -9999 -9999 11.70 9.82 8.85 9.29 9.07 9.25 9.22 10.57 11.21 10.80 10.52 10.18 9.82 9.66 11.55 13.34 13.19 10.28 12.19 12.05 10.56 10.72 10.04 10.47 10.70 10.35 10.21 10.54 10.56 10.50 10.42 10.09 10.15 10.14 9.91 9.81 10.71 10.25 10.24 10.62 11.66 12.77 -9999 -9999 -9999 -9999 -9999 -9999 -9999 -9999 -9999
-9999 -9999 -9999 -9999 -9999 -9999 -9999 -9999 -9999 -9999 -9999 -9999 -9999 -9999 -9999 -9999 -9999 -9999 -9999 -9999 -9999 -9999 -9999 -9999 -9999 -9999 -9999 -9999 9.91 8.91 8.84 9.29 10.76 9.61 9.88 10.17 10.38 10.47 9.98 9.53 9.08 9.41 12.13 12.85 13.55 12.12 12.60 12.00 11.28 11.43 9.99 10.07 10.73 10.32 10.48 10.46 10.44 10.48 10.15 10.09 10.25 9.86 9.50 9.61 11.13 10.38 10.15 10.56 11.41 12.46 13.60 -9999 -9999 -9999 -9999 -9999 -9999 -9999
