ML/MeanWindSpeed_2000-07_Actual.txt
ncols         180
nrows         290
xllcorner     -200000
yllcorner     -200000
cellsize      5000
NODATA_value  -9999
[rows 140 to 174 of 290, columns 79 to 157 of 180]
-9999 -9999 8.77 -9999 -9999 -9999 7.85 8.05 7.10 6.88 7.48 -9999 -9999 7.96 6.86 8.44 9.13 -9999 -9999 -9999 -9999 -9999 6.61 5.78 4.26 4.18 3.62 4.17 4.48 5.12 5.46 4.32 6.11 7.51 7.44 5.42 6.57 7.22 7.77 6.29 7.10 7.62 7.19 6.03 6.24 6.80 5.16 5.48 6.60 7.21 -9999 -9999 -9999 -9999 -9999 -9999 -9999 -9999 -9999 -9999 -9999 -9999 -9999 -9999 -9999 -9999 -9999 -9999 -9999 -9999 -9999 -9999 -9999 -9999 -9999 -9999 -9999 -9999 -9999
-9999 -9999 8.65 8.40 -9999 -9999 -9999 7.84 8.30 7.97 8.07 -9999 -9999 -9999 -9999 8.12 -9999 -9999 -9999 -9999 -9999 -9999 5.76 5.14 4.48 4.57 4.33 4.36 4.51 4.98 4.94 4.76 5.37 7.48 7.44 4.23 7.95 7.83 8.74 6.53 6.85 8.54 7.41 6.75 6.62 5.68 4.82 5.60 6.70 7.10 -9999 -9999 -9999 -9999 -9999 -9999 -9999 -9999 -9999 -9999 -9999 -9999 -9999 -9999 -9999 -9999 -9999 -9999 -9999 -9999 -9999 -9999 -9999 -9999 -9999 -9999 -9999 -9999 -9999
-9999 -9999 -9999 9.39 -9999 -9999 -9999 -9999 8.00 8.66 8.35 -9999 -9999 -9999 -9999 -9999 -9999 -9999 -9999 -9999 -9999 6.37 5.58 5.52 5.14 5.01 5.58 5.39 5.24 5.51 5.37 5.50 5.11 6.32 9.99 8.88 8.09 8.08 6.64 6.21 6.62 5.79 5.07 7.05 7.47 5.49 5.20 6.10 6.80 7.10 7.34 -9999 -9999 -9999 -9999 -9999 -9999 -9999 -9999 -9999 -9999 -9999 -9999 -9999 -9999 -9999 -9999 -9999 -9999 -9999 -9999 -9999 -9999 -9999 -9999 -9999 -9999 -9999 -9999
-9999 -9999 -9999 10.13 -9999 -9999 -9999 -9999 -9999 -9999 -9999 -9999 -9999 -9999 -9999 -9999 -9999 -9999 -9999 -9999 -9999 6.22 4.93 4.09 3.20 3.15 8.43 6.04 5.13 6.92 5.21 6.19 3.89 4.79 8.89 10.84 7.64 6.31 9.50 11.16 10.25 8.61 7.88 5.62 6.25 6.12 6.79 6.39 6.38 7.03 7.31 7.37 -9999 -9999 -9999 -9999 -9999 -9999 -9999 -9999 -9999 -9999 -9999 -9999 -9999 -9999 -9999 -9999 -9999 -9999 -9999 -9999 -9999 -9999 -9999 -9999 -9999 -9999 -9999
-9999 -9999 -9999 -9999 -9999 -9999 -9999 -9999 -9999 -9999 -9999 -9999 -9999 -9999 -9999 -9999 -9999 -9999 -9999 -9999 6.55 5.71 4.45 3.40 5.25 2.48 11.26 9.69 4.43 5.53 4.75 4.65 5.06 3.94 5.57 11.67 10.66 8.72 7.51 6.98 8.80 8.73 8.18 7.09 6.50 6.36 6.16 6.03 6.46 6.24 6.14 6.46 -9999 -9999 -9999 -9999 -9999 -9999 -9999 -9999 -9999 -9999 -9999 -9999 -9999 -9999 -9999 -9999 -9999 -9999 -9999 -9999 -9999 -9999 -9999 -9999 -9999 -9999 -9999
-9999 -9999 -9999 -9999 -9999 -9999 -9999 -9999 -9999 -9999 -9999 -9999 -9999 -9999 -9999 -9999 -9999 -9999 -9999 -9999 6.02 6.23 3.90 4.49 9.50 4.70 2.83 6.48 6.92 5.25 4.64 4.54 4.53 4.22 5.17 7.16 12.81 10.08 8.55 7.04 7.07 7.29 6.37 6.41 6.50 7.19 6.21 6.65 5.98 5.85 5.44 5.50 5.69 5.78 5.90 -9999 -9999 -9999 -9999 -9999 -9999 -9999 -9999 -9999 -9999 -9999 -9999 -9999 -9999 -9999 -9999 -9999 -9999 -9999 -9999 -9999 -9999 -9999 -9999
-9999 -9999 -9999 -9999 -9999 -9999 -9999 -9999 -9999 -9999 -9999 -9999 -9999 -9999 -9999 -9999 -9999 -9999 -9999 -9999 6.17 5.84 5.17 7.07 3.90 3.70 4.98 8.51 6.04 4.51 6.75 3.19 5.19 4.72 5.21 5.56 7.68 8.43 7.71 7.03 6.68 5.36 5.69 5.60 5.57 5.64 5.96 5.82 5.85 5.25 4.97 4.91 6.69 5.30 6.07 6.72 6.66 -9999 -9999 -9999 -9999 -9999 -9999 -9999 -9999 -9999 -9999 -9999 -9999 -9999 -9999 -9999 -9999 -9999 -9999 -9999 -9999 -9999 -9999
-9999 -9999 -9999 -9999 -9999 -9999 -9999 -9999 -9999 -9999 -9999 -9999 -9999 -9999 -9999 -9999 -9999 -9999 -9999 -9999 6.31 6.16 6.80 10.27 10.71 6.92 4.40 6.37 7.23 8.51 4.82 7.01 5.71 5.02 5.48 5.59 4.47 4.62 7.60 7.02 6.46 6.09 5.61 5.45 5.76 5.93 5.62 5.72 5.46 4.90 4.87 4.59 4.89 6.49 6.19 6.29 7.29 7.33 5.99 -9999 -9999 -9999 -9999 -9999 -9999 -9999 -9999 -9999 -9999 -9999 -9999 -9999 -9999 -9999 -9999 -9999 -9999 -9999 -9999
-9999 -9999 -9999 -9999 -9999 -9999 -9999 -9999 -9999 -9999 -9999 -9999 -9999 -9999 -9999 -9999 -9999 -9999 -9999 -9999 6.61 5.94 7.66 8.46 5.05 12.77 10.39 6.19 8.06 6.23 8.72 9.02 6.09 4.60 5.08 5.34 3.85 9.01 8.11 7.94 8.31 8.59 8.03 5.83 6.73 6.07 5.85 5.76 5.51 5.14 4.48 3.76 4.20 5.93 5.22 4.92 5.56 6.59 5.39 7.41 -9999 -9999 -9999 -9999 -9999 -9999 -9999 -9999 -9999 -9999 -9999 -9999 -9999 -9999 -9999 -9999 -9999 -9999 -9999
-9999 -9999 -9999 -9999 -9999 -9999 -9999 -9999 7.08 7.25 8.13 -9999 -9999 -9999 -9999 -9999 -9999 -9999 -9999 -9999 -9999 6.69 6.17 5.00 6.26 7.92 10.02 5.96 4.26 7.90 7.52 6.62 5.41 6.57 6.49 5.10 5.25 7.46 7.77 10.32 9.46 7.87 7.51 7.92 6.89 6.17 5.97 5.73 5.66 5.00 4.16 6.95 6.35 8.58 8.96 8.14 7.31 5.37 7.20 7.52 6.91 -9999 -9999 -9999 -9999 -9999 -9999 -9999 -9999 -9999 -9999 -9999 -9999 -9999 -9999 -9999 -9999 -9999 -9999
-9999 -9999 -9999 -9999 -9999 -9999 -9999 -9999 5.54 5.91 -9999 -9999 -9999 -9999 -9999 -9999 -9999 -9999 -9999 -9999 -9999 -9999 6.09 4.03 7.02 7.80 12.85 6.99 7.07 6.71 5.44 4.76 4.68 4.32 9.66 5.16 5.65 9.22 7.83 5.95 5.63 8.80 6.02 7.99 6.69 5.97 5.69 5.68 5.40 5.57 6.73 7.21 6.84 6.76 6.51 7.32 7.94 7.40 7.40 7.12 8.59 -9999 -9999 -9999 -9999 -9999 -9999 -9999 -9999 -9999 -9999 -9999 -9999 -9999 -9999 -9999 -9999 -9999 -9999
-9999 -9999 -9999 -9999 -9999 -9999 -9999 6.05 7.79 7.95 7.95 -9999 -9999 -9999 -9999 -9999 -9999 -9999 -9999 -9999 -9999 -9999 6.25 7.20 8.02 8.36 6.55 7.52 5.93 5.78 5.32 4.70 5.76 4.60 3.03 9.01 6.17 5.62 8.11 6.83 8.79 6.80 6.96 6.05 6.08 5.89 5.98 5.57 5.31 6.12 6.83 5.97 6.69 7.69 7.51 7.88 7.62 7.67 7.77 6.67 8.60 7.63 -9999 -9999 -9999 -9999 -9999 -9999 -9999 -9999 -9999 -9999 -9999 -9999 -9999 -9999 -9999 -9999 -9999
-9999 -9999 -9999 -9999 -9999 -9999 5.66 8.67 9.93 12.28 8.01 -9999 -9999 -9999 -9999 -9999 -9999 -9999 -9999 -9999 -9999 -9999 6.95 10.04 8.28 5.30 6.34 6.00 6.27 5.08 4.63 5.08 5.92 4.29 8.12 5.69 8.13 6.00 9.09 5.27 6.14 4.69 6.37 5.39 5.81 6.18 5.60 5.64 5.24 5.39 7.56 7.69 7.24 6.61 6.89 6.74 6.79 6.99 8.05 7.86 7.35 7.66 -9999 -9999 -9999 -9999 -9999 -9999 -9999 -9999 -9999 -9999 -9999 -9999 -9999 -9999 -9999 -9999 -9999
-9999 -9999 -9999 -9999 -9999 7.09 6.53 11.50 9.57 9.25 -9999 -9999 -9999 -9999 -9999 -9999 -9999 -9999 -9999 -9999 -9999 -9999 -9999 7.23 6.01 5.37 7.05 5.39 6.79 5.47 4.97 4.72 5.44 4.46 8.49 8.01 8.77 8.05 8.47 8.60 8.47 7.05 6.77 7.04 6.60 5.53 5.57 5.60 5.32 5.33 5.92 8.93 7.82 6.01 5.66 5.76 5.66 5.72 5.60 5.65 5.44 6.03 7.14 7.67 -9999 -9999 -9999 -9999 -9999 -9999 -9999 -9999 -9999 -9999 -9999 -9999 -9999 -9999 -9999
-9999 -9999 -9999 -9999 -9999 9.21 10.37 7.94 8.26 8.43 -9999 -9999 -9999 -9999 -9999 -9999 -9999 -9999 -9999 -9999 -9999 -9999 -9999 -9999 6.34 6.57 6.19 5.57 6.41 5.89 5.69 5.20 5.69 4.23 8.40 7.75 7.22 8.47 7.17 6.81 9.90 9.44 6.61 7.91 7.05 6.67 5.54 5.40 5.48 5.36 5.55 6.20 6.37 5.80 5.67 5.56 5.53 5.22 5.05 5.13 5.28 7.36 7.65 7.48 -9999 -9999 -9999 -9999 -9999 -9999 -9999 -9999 -9999 -9999 -9999 -9999 -9999 -9999 -9999
-9999 -9999 -9999 -9999 -9999 9.87 8.93 9.34 8.59 -9999 -9999 -9999 -9999 -9999 -9999 -9999 -9999 -9999 -9999 -9999 -9999 -9999 -9999 -9999 6.86 6.98 6.72 -9999 6.52 -9999 5.89 4.88 4.04 3.31 3.73 7.69 7.48 7.72 9.95 5.31 6.03 9.86 8.14 7.43 7.36 6.50 5.60 5.31 5.18 5.05 5.35 5.66 6.27 6.90 6.02 6.34 5.43 4.66 5.43 6.47 6.27 6.05 6.25 7.52 8.80 9.21 -9999 -9999 -9999 -9999 -9999 -9999 -9999 -9999 -9999 -9999 -9999 -9999 -9999
-9999 -9999 -9999 -9999 9.43 8.88 8.69 -9999 -9999 -9999 -9999 -9999 -9999 -9999 -9999 -9999 -9999 -9999 -9999 -9999 -9999 -9999 -9999 -9999 7.51 7.01 6.56 -9999 -9999 -9999 5.86 5.84 3.20 3.62 4.88 4.58 4.91 6.47 9.48 9.37 5.49 8.38 9.36 6.96 7.89 7.00 6.12 4.88 5.03 4.97 5.20 5.47 5.76 6.00 5.92 6.16 5.09 5.12 6.02 6.94 7.39 7.40 6.88 6.84 7.61 8.48 -9999 -9999 -9999 -9999 -9999 -9999 -9999 -9999 -9999 -9999 -9999 -9999 -9999
-9999 -9999 -9999 -9999 -9999 -9999 -9999 -9999 -9999 -9999 -9999 -9999 -9999 -9999 -9999 -9999 -9999 -9999 -9999 -9999 -9999 -9999 -9999 -9999 -9999 -9999 -9999 -9999 -9999 6.58 5.43 4.94 5.58 6.10 6.90 7.13 6.27 6.87 8.97 8.64 7.12 5.64 7.79 8.45 7.17 6.35 5.70 5.28 5.26 5.49 5.27 5.31 5.50 5.57 5.54 5.25 5.84 7.46 6.34 7.06 6.74 6.92 6.34 6.81 7.51 -9999 -9999 -9999 -9999 -9999 -9999 -9999 -9999 -9999 -9999 -9999 -9999 -9999 -9999
-9999 -9999 -9999 -9999 -9999 -9999 -9999 -9999 -9999 -9999 -9999 -9999 -9999 -9999 -9999 -9999 -9999 -9999 -9999 -9999 -9999 -9999 -9999 -9999 -9999 -9999 -9999 -9999 -9999 6.27 5.43 6.01 7.19 9.16 8.52 6.39 7.37 5.61 6.17 5.61 6.76 7.26 7.69 7.68 7.45 6.47 6.09 5.80 5.33 5.56 5.27 5.31 5.44 5.56 5.54 5.25 5.71 8.36 7.65 6.46 6.37 6.31 6.20 6.73 7.63 -9999 -9999 -9999 -9999 -9999 -9999 -9999 -9999 -9999 -9999 -9999 -9999 -9999 -9999
-9999 -9999 -9999 -9999 -9999 -9999 -9999 -9999 -9999 -9999 -9999 -9999 -9999 -9999 -9999 -9999 -9999 -9999 -9999 -9999 -9999 -9999 -9999 -9999 -9999 -9999 -9999 -9999 -9999 5.85 5.13 5.36 7.23 8.01 7.76 7.16 6.42 5.56 6.25 5.27 5.02 5.87 4.86 7.68 6.70 7.29 6.29 6.02 5.22 5.20 5.39 5.42 5.50 5.51 5.54 5.48 5.53 7.06 7.46 6.60 6.20 6.28 6.18 6.63 7.42 -9999 -9999 -9999 -9999 -9999 -9999 -9999 -9999 -9999 -9999 -9999 -9999 -9999 -9999
-9999 -9999 -9999 -9999 -9999 -9999 -9999 -9999 -9999 -9999 -9999 -9999 -9999 -9999 -9999 -9999 -9999 -9999 -9999 -9999 -9999 -9999 -9999 -9999 -9999 -9999 -9999 7.40 6.48 5.48 5.05 6.98 8.21 10.17 7.76 8.79 5.01 5.64 5.57 5.83 6.14 6.20 7.77 5.57 5.71 5.64 5.58 5.20 5.75 5.21 5.30 5.62 5.45 5.47 5.59 5.53 5.65 6.05 7.19 6.45 5.91 6.04 6.13 6.39 7.08 7.86 -9999 -9999 -9999 -9999 -9999 -9999 -9999 -9999 -9999 -9999 -9999 -9999 -9999
-9999 -9999 -9999 -9999 -9999 -9999 -9999 -9999 -9999 -9999 -9999 -9999 -9999 -9999 -9999 -9999 -9999 -9999 -9999 -9999 -9999 -9999 -9999 -9999 -9999 -9999 -9999 7.04 6.03 5.43 5.20 5.69 7.89 6.30 6.00 4.88 5.80 7.72 5.75 6.25 5.87 6.81 4.58 7.54 6.16 7.03 6.87 6.83 5.87 5.51 5.35 5.37 5.39 5.48 5.55 5.61 5.63 5.79 6.24 6.76 6.13 6.00 6.18 6.24 6.73 7.59 -9999 -9999 -9999 -9999 -9999 -9999 -9999 -9999 -9999 -9999 -9999 -9999 -9999
-9999 -9999 -9999 -9999 -9999 -9999 -9999 -9999 -9999 -9999 -9999 -9999 -9999 -9999 -9999 -9999 -9999 -9999 -9999 -9999 -9999 -9999 -9999 -9999 -9999 -9999 -9999 7.10 6.04 5.68 5.46 5.79 6.33 6.25 5.38 4.64 5.42 5.62 5.10 6.24 7.89 6.21 5.94 5.19 6.49 5.34 5.78 6.30 6.53 5.82 5.62 5.37 5.36 5.49 5.57 5.65 5.69 5.75 6.04 6.75 7.06 6.37 6.15 6.22 6.46 7.04 7.80 -9999 -9999 -9999 -9999 -9999 -9999 -9999 -9999 -9999 -9999 -9999 -9999
-9999 -9999 -9999 -9999 -9999 -9999 -9999 -9999 -9999 -9999 -9999 -9999 -9999 -9999 -9999 -9999 -9999 -9999 -9999 -9999 -9999 -9999 -9999 -9999 -9999 -9999 -9999 6.94 6.16 5.89 5.87 5.76 5.60 5.07 5.27 5.84 4.41 4.57 5.08 8.26 8.27 8.92 8.08 6.78 6.54 6.80 5.78 5.41 6.14 6.29 5.56 5.35 5.42 5.42 5.57 5.72 5.84 5.83 5.92 7.03 7.73 6.82 6.50 6.52 6.39 6.57 7.32 8.03 -9999 -9999 -9999 -9999 -9999 -9999 -9999 -9999 -9999 -9999 -9999
-9999 -9999 -9999 -9999 -9999 -9999 -9999 -9999 -9999 -9999 -9999 -9999 -9999 -9999 -9999 -9999 -9999 -9999 -9999 -9999 -9999 -9999 -9999 -9999 -9999 -9999 -9999 6.92 6.02 5.80 5.67 5.44 5.06 4.98 4.41 5.38 6.07 7.20 8.07 8.90 6.77 7.85 7.05 7.12 6.15 6.90 6.47 5.98 5.48 5.27 5.37 5.30 5.46 5.56 5.71 5.81 5.98 6.07 6.11 6.45 7.15 6.79 6.53 6.66 6.72 6.64 6.75 7.59 -9999 -9999 -9999 -9999 -9999 -9999 -9999 -9999 -9999 -9999 -9999
-9999 -9999 -9999 -9999 -9999 -9999 -9999 -9999 -9999 -9999 -9999 -9999 -9999 -9999 -9999 -9999 -9999 -9999 -9999 -9999 -9999 -9999 -9999 -9999 -9999 -9999 -9999 -9999 6.01 5.78 5.51 5.08 5.37 6.38 6.33 7.12 6.60 6.45 7.91 7.69 8.01 7.18 5.98 5.23 5.62 5.44 6.34 5.84 5.62 5.91 5.69 5.34 5.64 5.64 5.78 5.84 5.98 6.16 6.24 6.45 6.51 6.54 6.57 6.79 -9999 6.92 7.15 7.67 8.57 -9999 -9999 -9999 -9999 -9999 -9999 -9999 -9999 -9999 -9999
-9999 -9999 -9999 -9999 -9999 -9999 -9999 -9999 -9999 -9999 -9999 -9999 -9999 -9999 -9999 -9999 -9999 -9999 -9999 -9999 -9999 -9999 -9999 -9999 -9999 -9999 -9999 6.78 5.91 5.59 5.12 4.88 5.22 7.87 8.25 7.15 9.15 8.87 7.64 7.10 9.27 7.44 7.39 5.96 4.82 6.24 5.62 5.33 5.81 5.87 5.50 5.64 5.62 5.68 5.77 5.91 5.89 5.98 6.92 6.44 6.17 7.05 6.47 6.45 6.61 -9999 7.45 7.94 8.67 9.23 -9999 -9999 -9999 -9999 -9999 -9999 -9999 -9999 -9999
-9999 -9999 -9999 -9999 -9999 -9999 -9999 -9999 -9999 -9999 -9999 -9999 -9999 -9999 -9999 -9999 -9999 -9999 -9999 -9999 -9999 -9999 -9999 -9999 -9999 -9999 -9999 6.66 5.82 5.54 5.14 6.15 5.81 6.81 8.86 6.92 7.26 7.57 6.41 6.11 8.08 6.89 6.47 4.54 5.93 6.88 5.68 6.50 6.07 6.44 6.13 5.79 5.63 5.68 5.76 5.81 5.76 5.74 5.89 6.18 5.69 6.00 6.36 5.82 6.29 6.76 -9999 -9999 -9999 -9999 -9999 -9999 -9999 -9999 -9999 -9999 -9999 -9999 -9999
-9999 -9999 -9999 -9999 -9999 -9999 -9999 -9999 -9999 -9999 -9999 -9999 -9999 -9999 -9999 -9999 -9999 -9999 -9999 -9999 -9999 -9999 -9999 -9999 -9999 -9999 7.58 6.30 5.72 6.15 5.83 5.99 5.96 6.97 7.36 7.02 6.86 6.67 6.46 6.51 8.01 9.00 8.39 5.20 7.00 6.92 5.76 6.23 5.79 6.24 6.23 5.66 5.50 5.76 5.78 5.77 5.83 5.71 5.81 5.85 5.83 5.85 6.67 6.00 5.91 6.18 7.01 7.92 -9999 -9999 -9999 -9999 -9999 -9999 -9999 -9999 -9999 -9999 -9999
-9999 -9999 -9999 -9999 -9999 -9999 -9999 -9999 -9999 -9999 -9999 -9999 -9999 -9999 -9999 -9999 -9999 -9999 -9999 -9999 -9999 -9999 -9999 -9999 -9999 -9999 -9999 6.39 5.72 5.73 5.99 7.32 6.19 6.27 6.43 6.73 6.92 6.59 6.37 6.19 6.15 8.21 8.15 8.53 7.03 7.40 7.12 6.73 7.17 5.74 5.46 5.83 5.48 5.66 5.67 5.66 5.80 5.70 5.72 5.88 5.70 5.61 5.70 6.98 6.09 5.85 6.17 6.95 7.78 8.57 -9999 -9999 -9999 -9999 -9999 -9999 -9999 -9999 -9999
-9999 -9999 -9999 -9999 -9999 -9999 -9999 -9999 -9999 -9999 -9999 -9999 -9999 -9999 -9999 -9999 -9999 -9999 -9999 -9999 -9999 -9999 -9999 -9999 -9999 -9999 -9999 6.33 5.99 5.78 5.98 6.24 6.41 6.31 6.11 6.27 6.08 5.94 5.98 6.01 6.26 5.58 8.07 9.72 10.32 8.54 7.53 7.48 6.68 6.72 5.73 6.18 5.61 5.75 5.67 5.62 5.66 5.69 5.86 5.86 5.68 5.51 5.85 7.11 6.47 6.44 5.82 6.14 6.92 7.82 -9999 -9999 -9999 -9999 -9999 -9999 -9999 -9999 -9999
-9999 -9999 -9999 -9999 -9999 -9999 -9999 9.34 8.69 8.84 9.44 -9999 -9999 -9999 -9999 -9999 -9999 -9999 -9999 -9999 -9999 -9999 -9999 -9999 -9999 -9999 6.56 5.92 6.30 5.98 6.62 6.36 5.98 5.90 6.04 6.03 6.06 5.91 5.90 5.68 5.46 7.45 8.85 8.97 7.74 9.43 8.53 6.70 6.79 5.54 6.99 6.68 5.81 5.80 5.70 5.60 5.63 5.71 5.82 6.03 5.83 5.52 5.65 6.01 7.04 6.73 6.93 5.93 6.13 7.11 8.09 -9999 -9999 -9999 -9999 -9999 -9999 -9999 -9999
-9999 -9999 -9999 -9999 -9999 -9999 -9999 9.09 8.46 8.22 8.38 -9999 -9999 -9999 -9999 -9999 -9999 -9999 -9999 -9999 -9999 -9999 -9999 -9999 -9999 6.71 6.47 5.89 6.12 6.85 6.11 6.09 5.69 5.82 6.08 6.02 6.13 6.12 5.59 5.10 4.71 5.84 9.85 10.11 7.60 8.66 8.08 7.92 6.20 5.59 6.39 6.56 6.01 5.48 5.49 5.54 5.82 5.80 5.79 5.89 6.05 5.72 5.79 5.92 7.00 6.88 6.65 6.00 6.10 6.56 7.65 -9999 -9999 -9999 -9999 -9999 -9999 -9999 -9999
-9999 -9999 -9999 -9999 -9999 10.94 9.04 8.12 8.28 8.06 8.47 7.88 8.28 8.33 -9999 -9999 8.20 7.06 -9999 -9999 -9999 6.97 7.60 6.61 -9999 5.20 6.60 6.05 5.75 6.13 5.84 5.94 6.11 6.73 6.61 6.64 6.02 6.18 5.62 5.24 6.86 4.96 6.91 9.04 6.05 7.38 10.14 6.49 7.77 6.23 6.28 6.26 5.87 5.66 5.64 5.59 5.81 5.63 5.79 5.78 6.20 5.73 5.75 5.94 6.29 6.72 7.16 6.80 6.20 6.21 7.19 8.33 -9999 -9999 -9999 -9999 -9999 -9999 -9999
-9999 -9999 -9999 -9999 -9999 -9999 9.33 8.49 8.11 7.81 7.76 7.93 8.17 5.60 -9999 4.15 6.53 7.35 6.45 7.18 5.29 5.25 8.22 7.49 5.92 -9999 4.91 6.04 6.04 5.61 5.62 6.02 5.70 5.98 6.19 6.18 6.28 6.04 6.14 5.55 7.15 7.26 7.43 7.93 7.60 9.19 8.94 7.35 6.15 5.73 6.58 6.51 5.60 5.88 5.53 5.78 5.91 5.64 5.68 5.71 6.21 5.73 5.72 5.89 5.96 6.52 6.90 7.28 6.81 6.45 6.90 7.98 -9999 -9999 -9999 -9999 -9999 -9999 -9999
