ML/MeanWindSpeed_1999-10_Actual.txt
ncols         180
nrows         290
xllcorner     -200000
yllcorner     -200000
cellsize      5000
NODATA_value  -9999
[rows 175 to 209 of 290, columns 78 to 155 of 180]
-9999 -9999 -9999 -9999 -9999 -9999 -9999 -9999 13.06 12.09 11.10 10.35 9.62 7.24 5.67 11.37 18.33 8.67 11.21 10.31 9.24 7.32 4.93 5.69 8.14 10.07 8.64 7.12 7.89 9.03 8.39 8.48 9.49 8.49 7.99 7.48 7.48 7.40 6.98 6.68 6.54 11.53 12.23 10.50 10.99 8.96 8.72 10.20 9.91 7.98 7.59 8.58 7.92 7.34 7.97 7.56 8.59 8.12 7.99 7.74 7.69 8.99 8.04 8.00 8.19 8.13 8.67 9.17 9.26 9.49 9.88 8.74 10.57 12.77 -9999 -9999 -9999 -9999
-9999 -9999 -9999 -9999 -9999 -9999 -9999 -9999 -9999 14.08 11.46 9.38 7.08 5.81 7.56 21.60 15.14 6.97 11.95 6.77 9.49 9.04 5.55 4.30 11.23 8.93 9.56 8.52 7.59 8.00 8.06 7.29 8.21 8.65 8.30 7.84 7.33 7.38 6.83 6.25 8.14 9.74 13.17 10.94 11.89 10.80 6.70 9.22 11.09 8.13 8.04 8.49 7.66 7.52 7.78 7.71 8.83 8.15 8.00 8.30 8.27 9.08 8.89 8.44 8.36 8.32 8.54 9.17 10.36 9.29 8.59 8.61 10.14 12.41 -9999 -9999 -9999 -9999
-9999 -9999 -9999 -9999 -9999 -9999 -9999 -9999 -9999 -9999 11.46 8.28 7.48 8.94 19.26 22.39 15.48 11.03 10.23 10.15 10.88 10.84 10.18 6.50 6.27 11.72 8.91 8.34 8.39 7.79 7.73 7.60 7.63 8.15 7.77 7.33 7.42 7.25 6.86 7.00 8.13 10.54 11.55 9.24 9.67 11.32 9.09 6.73 11.01 8.30 8.12 8.57 7.67 7.67 7.58 8.18 8.96 8.37 8.22 8.38 8.07 9.51 8.98 8.69 8.66 8.60 8.94 8.92 8.95 8.57 8.43 8.72 10.56 12.62 -9999 -9999 -9999 -9999
-9999 -9999 -9999 -9999 -9999 -9999 -9999 -9999 -9999 -9999 10.33 8.48 10.35 13.13 15.99 19.81 12.01 7.69 9.68 11.72 11.64 12.45 10.63 7.33 5.08 11.84 11.28 9.25 9.14 7.68 7.44 7.60 8.47 8.18 7.86 7.57 7.00 6.65 6.97 8.98 8.91 7.50 12.23 9.54 10.18 11.87 11.35 9.27 8.54 7.85 6.69 8.14 8.71 7.67 7.58 7.58 8.30 8.15 8.57 8.48 8.28 8.83 9.61 9.30 9.28 8.99 8.93 8.75 8.48 8.35 8.81 9.88 11.60 -9999 -9999 -9999 -9999 -9999
-9999 -9999 -9999 -9999 -9999 -9999 -9999 -9999 -9999 -9999 9.35 9.41 11.06 11.63 17.21 15.50 10.82 10.33 8.03 9.43 12.06 10.68 13.13 9.66 5.56 10.66 12.15 11.85 9.03 8.07 7.10 7.84 8.93 8.62 7.83 7.25 6.76 7.01 8.42 8.94 7.42 7.35 10.58 10.27 10.01 9.99 9.15 9.14 9.92 6.65 7.45 7.84 7.53 7.87 7.43 8.38 7.69 8.08 8.47 8.54 8.83 10.84 10.22 9.70 9.38 9.21 8.96 8.68 8.45 8.52 9.70 11.31 -9999 -9999 -9999 -9999 -9999 -9999
-9999 -9999 -9999 -9999 -9999 -9999 -9999 -9999 -9999 11.05 17.98 11.18 12.86 15.06 10.78 19.89 16.29 13.37 11.17 14.01 11.02 11.32 9.49 6.56 7.54 12.32 11.63 11.61 8.81 7.51 6.70 8.27 8.56 8.10 7.73 7.00 6.82 8.21 8.10 7.80 8.67 9.49 7.76 12.24 11.27 8.50 9.23 8.44 7.69 7.50 6.65 6.81 7.11 8.06 7.49 6.96 8.52 7.95 8.27 8.67 9.18 10.82 10.14 9.67 9.53 9.12 8.88 8.43 8.25 9.24 10.79 -9999 -9999 -9999 -9999 -9999 -9999 -9999
-9999 -9999 -9999 -9999 -9999 -9999 -9999 12.04 11.40 14.86 13.00 11.07 12.07 13.22 8.39 9.55 11.62 13.86 12.68 14.31 12.22 11.46 5.34 7.19 7.56 6.32 7.90 8.00 8.87 7.80 7.07 8.20 8.61 8.39 7.59 7.52 8.51 7.91 8.56 7.76 9.11 9.63 9.45 8.65 7.82 9.36 8.94 8.32 8.09 7.88 7.56 6.44 7.36 7.12 6.39 6.71 7.35 7.64 8.07 8.20 9.05 10.63 9.94 9.30 9.30 8.86 8.55 8.18 8.49 9.77 -9999 -9999 -9999 -9999 -9999 12.48 11.90 11.28
-9999 -9999 -9999 -9999 -9999 -9999 12.50 12.05 11.93 12.35 12.09 11.95 11.06 8.57 6.32 7.99 10.26 11.87 17.96 9.80 6.75 5.54 2.59 9.27 11.43 11.66 9.20 8.31 8.83 8.46 7.99 8.41 9.02 8.41 7.99 7.93 8.60 8.98 7.65 7.62 9.36 9.41 8.89 8.36 8.34 8.64 7.70 8.13 7.04 6.97 7.51 6.95 6.44 5.94 6.15 7.08 6.95 7.15 7.54 7.97 8.72 10.63 10.03 9.16 8.85 8.51 8.27 8.03 8.38 9.44 -9999 -9999 -9999 -9999 -9999 11.04 10.09 9.60
-9999 -9999 -9999 -9999 -9999 13.31 13.88 12.94 12.86 -9999 -9999 -9999 -9999 8.47 12.58 10.58 11.21 13.20 9.85 6.57 8.51 7.15 5.69 15.36 13.88 11.82 12.75 10.00 8.12 8.57 8.66 8.27 8.42 8.32 7.90 8.40 7.98 9.24 7.84 7.67 8.25 8.69 8.78 8.50 7.42 7.49 7.49 7.31 6.66 6.41 6.20 6.10 6.04 6.23 6.71 6.68 6.67 7.42 8.12 8.39 8.64 9.76 9.61 9.36 8.51 8.26 8.02 7.76 7.87 8.73 10.37 -9999 -9999 -9999 -9999 9.95 9.07 8.71
-9999 -9999 -9999 -9999 -9999 14.80 16.19 13.14 13.63 -9999 -9999 -9999 -9999 8.68 11.16 12.71 7.82 12.02 10.09 8.18 10.19 11.64 8.77 13.35 7.52 9.32 9.98 9.10 8.02 8.28 8.62 8.45 8.66 9.14 8.07 8.61 8.31 8.36 8.77 7.72 7.98 7.18 7.87 8.80 9.13 9.02 7.41 6.67 6.34 6.16 6.52 5.88 6.23 6.85 7.10 7.80 7.19 9.09 9.21 9.44 8.70 9.29 9.24 9.01 8.21 8.14 7.94 7.65 7.56 7.74 8.81 9.82 -9999 -9999 10.39 9.74 9.20 9.26
-9999 -9999 -9999 -9999 -9999 -9999 -9999 -9999 -9999 -9999 -9999 -9999 -9999 9.72 13.43 10.81 6.65 8.78 6.75 12.27 10.59 6.29 10.19 10.18 8.79 9.72 8.41 7.73 7.07 8.51 8.47 8.82 8.57 8.10 7.85 7.70 7.57 7.85 8.33 7.65 7.39 7.40 7.51 7.34 8.27 8.48 6.51 7.61 8.41 7.10 6.87 6.38 5.74 6.98 8.04 8.91 8.51 8.10 8.72 9.57 9.08 9.50 9.16 8.93 8.01 8.03 7.93 7.74 7.52 7.24 7.54 8.27 9.26 9.69 9.30 9.25 8.52 9.33
-9999 -9999 -9999 -9999 -9999 -9999 -9999 -9999 -9999 -9999 -9999 -9999 -9999 -9999 13.59 5.05 4.90 8.71 12.60 10.41 11.22 10.49 6.69 7.99 9.41 6.37 6.71 6.14 6.56 7.34 8.05 8.32 8.43 8.08 7.46 7.16 7.57 7.57 8.03 7.68 7.15 9.06 8.27 7.12 7.09 7.09 7.07 6.82 7.79 7.91 7.24 8.27 6.79 6.85 7.67 7.20 7.53 7.85 8.04 9.49 9.50 9.20 8.65 8.81 7.98 7.99 7.90 7.70 7.59 7.53 7.57 7.60 8.11 8.46 8.50 8.40 8.55 9.55
-9999 -9999 -9999 -9999 -9999 -9999 -9999 -9999 -9999 -9999 -9999 -9999 -9999 -9999 9.40 12.97 13.57 11.41 9.39 7.75 9.45 6.82 6.73 5.57 5.29 7.87 6.04 5.90 7.91 7.55 7.61 7.80 7.27 7.24 7.64 7.46 8.70 8.63 8.14 7.45 6.84 8.68 9.42 8.02 6.97 6.65 6.90 6.90 6.94 7.24 7.88 10.08 8.81 7.14 6.82 7.10 8.08 9.28 9.54 9.23 9.81 9.29 8.63 8.24 7.95 7.98 7.90 7.88 7.78 7.74 7.77 7.84 8.02 8.21 8.48 8.49 8.39 9.26
-9999 -9999 -9999 -9999 -9999 -9999 -9999 -9999 -9999 -9999 -9999 -9999 -9999 11.95 11.10 8.36 15.87 9.69 6.92 8.55 7.98 6.39 9.19 6.18 6.01 8.72 5.47 11.67 8.26 6.39 6.85 8.50 7.11 6.77 9.61 9.51 8.89 7.74 7.98 7.65 7.09 7.90 8.38 7.88 7.06 6.82 6.66 6.66 7.17 7.08 8.27 8.29 7.80 7.29 6.96 7.59 8.60 9.76 9.89 9.03 9.19 8.93 8.55 8.25 7.99 7.95 7.98 7.99 7.92 7.83 7.87 7.96 7.93 8.10 8.76 8.78 8.53 8.88
-9999 -9999 -9999 -9999 -9999 -9999 -9999 -9999 -9999 -9999 -9999 -9999 -9999 10.83 11.58 16.17 8.95 4.03 5.45 5.48 7.41 10.27 10.02 7.24 6.97 7.17 5.45 6.67 7.82 9.05 8.85 7.30 7.43 7.32 7.88 8.79 7.78 7.49 8.08 7.80 7.94 8.35 7.97 8.02 7.50 7.01 6.71 6.37 6.56 6.91 7.88 8.34 7.77 6.66 7.01 8.34 9.82 9.36 10.02 9.86 9.09 8.40 9.07 8.22 8.31 8.05 8.08 7.93 7.91 7.88 7.82 7.84 7.90 8.00 8.95 8.80 8.36 8.56
-9999 -9999 -9999 -9999 -9999 -9999 -9999 -9999 -9999 -9999 -9999 -9999 -9999 12.24 14.05 6.68 7.30 5.21 6.04 6.57 11.94 10.19 11.27 8.02 6.97 5.19 4.21 5.64 9.49 11.61 12.85 8.06 9.52 7.91 8.18 8.49 7.10 7.17 7.59 7.96 8.15 7.49 7.60 8.88 7.95 6.85 6.60 7.55 6.28 6.96 7.43 7.37 6.85 6.52 7.21 8.03 8.76 9.00 8.94 8.19 8.12 8.60 8.87 7.77 7.66 7.97 7.98 7.91 7.78 7.63 7.69 7.74 7.81 7.96 8.36 8.27 8.44 8.35
-9999 -9999 -9999 -9999 -9999 -9999 -9999 -9999 -9999 -9999 -9999 -9999 -9999 -9999 8.74 9.45 10.51 11.70 12.13 9.98 10.63 8.70 5.34 4.92 4.31 5.46 5.89 5.63 7.68 8.76 12.16 9.80 8.40 7.60 9.10 9.08 7.02 7.87 7.07 7.41 9.46 7.52 7.35 7.35 7.44 6.43 6.15 7.73 7.29 6.84 7.44 7.04 6.75 7.08 7.92 7.70 7.84 7.57 8.27 7.57 8.72 8.80 7.88 7.56 8.06 7.98 7.63 7.55 7.45 7.47 7.55 7.61 7.71 7.79 7.93 8.03 8.26 8.21
-9999 -9999 -9999 -9999 -9999 -9999 -9999 -9999 -9999 -9999 -9999 -9999 -9999 -9999 10.07 10.76 11.25 12.64 14.76 13.30 9.66 6.75 4.89 6.39 8.46 10.40 12.42 9.44 7.68 8.94 10.30 9.56 7.45 10.14 9.18 9.22 7.77 8.64 7.57 7.23 7.72 8.81 8.36 7.74 7.26 6.55 6.10 7.39 7.34 7.05 7.15 7.52 7.68 7.91 8.30 7.57 7.40 8.62 8.71 8.71 8.45 8.71 7.74 7.96 8.45 7.47 7.23 7.21 7.21 7.37 7.42 7.45 7.57 7.66 7.80 7.79 7.70 7.54
-9999 -9999 -9999 -9999 -9999 -9999 -9999 -9999 -9999 -9999 -9999 -9999 -9999 10.97 8.58 9.55 12.05 12.73 11.35 10.64 8.10 8.82 13.17 10.20 10.48 10.49 8.74 8.02 9.08 10.13 8.66 7.78 8.56 10.30 10.07 9.34 7.64 8.87 7.29 7.23 8.70 7.90 8.21 8.29 7.65 7.31 6.69 7.65 7.59 6.85 7.12 7.14 7.04 7.82 7.44 8.50 7.99 8.64 7.90 8.29 8.48 7.58 7.29 8.13 8.03 7.08 6.99 7.30 7.14 7.35 7.43 7.57 7.59 7.56 7.58 7.42 7.80 8.09
-9999 -9999 -9999 -9999 -9999 -9999 -9999 -9999 -9999 -9999 -9999 -9999 -9999 12.71 10.16 9.16 9.16 10.78 14.06 12.94 11.08 9.27 9.92 11.60 12.83 12.54 8.78 11.19 12.38 8.60 10.95 7.07 8.08 10.09 11.87 8.27 8.52 7.36 6.73 7.01 7.85 10.52 8.81 8.69 8.15 7.72 7.47 7.73 7.40 6.84 6.99 6.93 6.79 6.73 8.06 8.57 8.54 9.08 8.01 7.59 7.55 6.99 7.26 7.80 7.58 7.14 7.50 7.34 7.71 7.39 7.48 7.76 7.82 7.51 7.35 7.13 7.15 8.02
-9999 -9999 -9999 -9999 -9999 -9999 -9999 -9999 -9999 -9999 -9999 -9999 -9999 10.93 9.64 6.51 7.61 10.14 14.14 11.70 11.55 9.08 11.45 10.91 9.32 9.82 10.81 11.02 9.57 8.37 9.04 11.64 8.04 8.11 8.22 8.14 9.59 8.22 6.78 7.01 7.84 8.33 8.06 8.95 8.47 7.93 7.93 7.30 6.65 7.04 7.20 7.26 6.59 7.21 8.60 8.65 7.77 7.91 8.62 7.51 7.57 6.45 7.31 7.53 6.89 6.92 7.18 6.69 7.02 7.08 7.32 7.52 7.45 7.29 7.15 6.94 7.30 6.91
-9999 -9999 -9999 -9999 -9999 -9999 -9999 -9999 -9999 -9999 -9999 -9999 10.47 11.20 12.80 9.43 6.86 10.56 11.58 13.13 12.75 7.88 8.70 7.73 9.09 10.64 9.25 9.50 11.57 10.10 9.41 8.95 7.83 7.05 7.31 8.29 8.33 8.02 7.66 7.11 7.07 7.94 8.19 7.56 7.99 7.62 8.15 7.26 6.90 6.89 6.45 6.24 6.47 7.71 7.81 7.97 7.28 8.01 7.97 7.38 6.45 7.17 7.20 7.26 7.52 7.24 6.86 6.78 6.73 7.02 7.28 7.26 7.18 6.94 6.72 6.80 7.21 7.23
-9999 -9999 -9999 -9999 -9999 -9999 -9999 -9999 -9999 -9999 -9999 11.17 11.03 11.67 9.32 6.85 9.55 12.74 12.93 10.59 12.24 8.34 9.75 8.05 7.48 14.02 9.85 11.08 9.37 9.52 8.11 7.84 7.99 8.98 7.90 9.78 8.20 8.55 7.19 6.91 7.12 7.57 7.85 7.50 7.64 7.92 7.92 6.43 6.82 6.59 6.64 6.73 7.02 7.67 7.07 7.88 7.33 7.50 6.61 6.39 7.39 7.70 7.25 7.43 7.33 6.55 7.02 7.12 7.23 7.35 7.18 6.97 6.71 6.79 6.72 7.43 7.77 8.05
-9999 -9999 -9999 -9999 -9999 -9999 -9999 -9999 -9999 12.48 10.71 9.45 7.92 7.51 7.60 7.37 10.31 11.43 12.37 13.59 11.39 8.68 5.17 8.35 8.09 12.61 10.52 10.01 10.24 8.70 8.15 7.11 8.15 9.96 9.22 9.24 7.09 7.34 7.24 7.22 7.83 7.56 7.92 7.22 7.31 7.45 6.66 6.34 6.48 7.12 6.85 7.71 8.30 7.83 7.35 6.87 6.60 7.29 7.66 7.23 7.37 6.49 7.37 7.50 6.82 6.16 6.34 7.38 7.41 7.57 6.84 6.60 6.36 6.59 7.63 8.15 8.05 8.94
-9999 -9999 -9999 -9999 -9999 12.69 11.67 10.14 13.03 12.70 12.46 12.16 9.27 8.09 7.23 11.74 9.73 11.59 11.18 10.42 6.84 5.27 3.65 6.13 7.06 14.54 13.10 10.58 8.55 9.12 8.47 10.01 7.42 9.29 9.53 9.03 8.01 7.10 6.87 7.84 7.24 6.66 8.10 7.02 6.74 6.17 6.44 6.90 7.19 6.30 7.27 7.00 7.38 8.25 8.01 7.63 7.31 7.81 7.70 7.21 6.71 7.44 6.52 6.39 6.25 6.07 6.94 7.35 7.51 6.90 6.32 6.39 6.66 7.80 8.09 7.86 8.78 8.12
-9999 -9999 -9999 -9999 13.40 10.77 11.18 10.29 9.53 11.26 10.64 10.73 8.12 6.61 10.05 10.47 10.69 7.05 11.71 7.14 4.34 9.29 6.40 4.04 12.52 11.45 9.79 5.73 6.45 7.70 10.99 8.07 7.54 7.61 7.70 9.37 8.72 8.46 7.27 7.49 6.78 6.55 7.54 6.81 5.98 5.98 6.50 7.10 6.71 8.53 6.89 6.77 7.21 7.93 7.30 7.16 6.75 6.88 7.29 7.00 7.49 6.77 6.20 6.31 6.60 6.20 6.61 6.73 6.19 6.02 5.98 6.21 6.66 7.31 8.38 8.54 8.75 8.47
-9999 -9999 -9999 12.47 11.76 8.65 8.20 8.40 9.35 9.02 9.63 8.44 8.73 12.80 9.76 8.19 11.28 4.77 6.72 6.16 9.22 8.58 9.73 8.21 8.97 7.65 4.28 9.61 10.22 7.27 8.02 7.47 7.20 7.86 7.20 7.52 9.15 9.34 7.00 6.67 6.67 6.96 6.28 5.35 5.41 8.22 6.54 6.32 6.84 7.71 7.21 6.83 7.40 7.89 7.80 8.22 7.52 6.62 6.41 6.34 7.15 6.64 6.10 6.97 6.83 6.32 6.46 6.27 5.98 6.21 6.32 6.50 7.02 7.39 8.50 8.08 8.06 8.43
13.95 11.46 12.64 9.70 9.38 10.01 9.01 8.52 10.75 9.68 9.71 9.45 12.09 11.27 9.27 10.00 8.57 5.25 4.42 7.94 8.51 7.09 7.76 10.13 7.29 3.98 8.94 11.08 9.27 9.92 7.58 7.84 7.14 7.69 9.57 7.58 9.90 8.04 6.82 6.46 6.64 7.79 5.02 5.24 9.22 6.84 6.46 6.40 7.00 8.06 6.85 6.99 7.38 7.10 7.61 7.53 6.90 6.38 6.56 6.15 6.54 6.79 6.68 6.22 5.90 5.82 5.85 6.30 7.68 7.00 7.85 7.29 6.50 8.08 8.39 8.80 8.61 8.41
10.64 9.95 12.53 15.48 14.14 13.34 9.97 11.13 12.89 11.58 11.11 13.13 11.27 10.35 12.12 8.04 4.45 4.08 4.03 7.05 7.12 6.62 6.18 6.25 5.22 7.30 16.86 13.05 9.90 7.64 8.27 7.81 9.45 7.91 8.31 7.29 7.56 7.54 7.23 6.48 6.08 5.61 4.68 8.18 9.01 8.25 6.86 6.50 9.15 7.77 7.00 7.26 6.92 7.69 7.56 7.15 6.19 7.07 6.56 5.92 7.64 7.31 6.03 5.83 5.79 5.70 6.33 7.39 7.78 7.51 7.97 7.23 6.90 8.05 8.72 8.51 8.89 8.71
9.95 10.38 11.71 12.13 11.31 9.81 11.69 10.53 12.44 9.18 10.38 12.81 11.76 9.48 9.78 5.17 3.48 6.39 7.30 6.17 4.67 6.73 3.77 3.19 3.48 9.39 13.95 15.03 8.13 8.82 9.14 9.45 8.49 7.02 8.22 7.60 7.82 7.23 7.19 5.66 4.96 5.74 5.58 8.43 8.49 7.84 6.51 7.36 9.06 8.43 7.89 7.36 7.59 7.44 6.89 6.40 6.26 6.66 7.00 6.59 6.43 6.23 5.87 7.02 7.70 6.23 6.60 7.53 7.89 7.31 7.68 7.46 7.38 7.71 8.28 8.86 8.75 8.73
11.23 10.33 11.13 10.67 10.91 9.95 10.00 11.35 10.01 10.58 9.00 8.67 8.23 7.38 6.28 7.53 5.71 9.40 15.60 6.63 6.60 7.09 11.73 11.27 3.37 4.03 15.65 12.08 10.03 10.60 11.73 9.48 7.05 6.10 8.49 9.06 7.89 6.97 6.17 5.05 4.55 5.89 8.69 9.27 8.12 7.54 7.05 6.93 7.12 8.20 7.46 7.27 7.00 6.53 6.09 5.92 6.80 6.57 6.32 6.25 5.40 5.67 6.67 6.70 7.48 6.85 6.91 7.03 7.27 7.69 7.73 7.51 7.42 7.67 8.11 8.32 8.84 8.73
10.66 10.02 11.06 9.87 10.10 9.94 9.96 8.99 8.96 9.69 8.65 9.88 8.31 10.19 6.28 8.79 10.81 10.88 12.00 12.40 9.38 11.45 13.69 8.35 10.38 9.20 4.96 10.96 11.45 8.11 8.62 6.61 8.06 7.80 11.09 10.31 7.78 6.74 5.52 4.78 5.80 9.08 7.92 9.76 8.17 7.73 8.37 7.29 8.56 7.09 7.24 6.73 6.40 6.11 6.27 6.13 6.04 5.61 5.31 4.89 5.26 6.69 7.81 7.37 6.74 7.37 6.76 7.65 6.89 6.81 6.88 6.93 7.16 7.46 8.16 7.99 8.57 8.46
11.45 10.17 9.69 11.00 12.05 13.75 12.31 10.57 9.55 8.58 8.81 11.56 8.50 9.61 6.32 8.42 9.02 8.13 6.70 8.83 7.66 10.63 11.21 13.23 10.87 11.86 10.66 15.27 9.55 8.35 7.69 8.32 7.52 10.40 10.29 10.68 7.09 6.13 5.11 8.61 9.31 9.23 9.84 7.97 8.39 8.51 8.14 7.08 7.03 7.02 6.64 6.34 6.31 6.16 6.63 6.44 6.29 5.27 4.34 4.46 5.81 8.10 6.76 7.37 7.44 6.88 6.59 6.68 6.43 6.56 6.87 6.43 7.04 7.32 7.61 8.01 8.26 7.73
12.01 10.68 10.11 10.25 12.02 12.24 12.85 11.73 10.71 9.79 9.10 9.54 11.90 7.89 11.85 10.92 10.91 11.74 9.42 6.46 6.63 9.12 8.59 10.96 10.71 9.04 13.38 13.48 8.01 8.80 6.30 6.98 9.07 10.28 9.95 8.96 6.64 5.50 6.98 6.62 8.81 8.85 8.24 8.50 8.09 7.59 7.36 6.42 6.07 6.08 6.08 7.69 6.44 7.21 6.42 5.82 4.50 3.75 3.89 5.20 7.31 7.63 7.51 7.67 7.30 6.71 6.72 7.15 7.59 6.15 6.90 7.67 7.05 6.94 7.59 7.02 7.50 8.42
12.06 11.44 11.95 12.89 14.17 -9999 -9999 -9999 -9999 11.41 10.72 11.36 8.78 7.49 9.05 9.43 9.01 7.87 3.85 12.95 13.41 8.67 7.76 8.47 10.44 11.46 13.18 10.10 8.40 7.04 5.96 10.46 9.52 11.45 8.30 7.57 6.57 5.97 8.15 6.89 8.92 8.83 7.89 7.87 7.43 6.91 6.30 5.89 5.74 5.88 6.04 7.41 6.80 7.29 7.13 5.86 4.49 3.68 5.20 5.42 7.02 8.00 8.17 6.70 6.46 6.17 7.20 7.59 7.31 6.02 6.78 7.53 7.37 7.00 7.86 7.53 7.50 7.88
