ML/MeanWindSpeed_1993-01_Actual.txt
ncols         180
nrows         290
xllcorner     -200000
yllcorner     -200000
cellsize      5000
NODATA_value  -9999
[rows 136 to 169 of 290, columns 77 to 153 of 180]
-9999 -9999 21.77 19.02 15.52 18.90 16.72 18.85 16.33 14.68 12.79 12.44 14.64 21.99 18.06 16.84 13.92 13.49 13.66 12.88 13.81 15.25 12.78 14.05 12.59 13.09 12.61 12.52 12.32 12.05 11.57 11.77 13.12 12.91 12.43 14.42 15.38 15.98 16.82 16.50 11.94 13.20 16.98 15.68 13.80 14.23 13.80 14.26 13.43 14.95 16.82 -9999 -9999 -9999 -9999 -9999 -9999 -9999 -9999 -9999 -9999 -9999 -9999 -9999 -9999 -9999 -9999 -9999 -9999 -9999 -9999 -9999 -9999 -9999 -9999 -9999 -9999
-9999 -9999 21.64 18.96 14.07 17.83 14.99 16.41 15.42 14.67 14.16 11.89 17.07 17.20 16.35 19.26 14.99 13.67 13.42 11.38 14.67 20.68 15.45 -9999 -9999 -9999 13.23 12.71 -9999 11.80 11.94 12.11 11.41 11.27 13.73 16.38 14.64 14.88 16.67 15.52 17.23 16.45 13.09 11.65 12.22 13.12 14.15 11.25 12.27 13.24 16.01 -9999 -9999 -9999 -9999 -9999 -9999 -9999 -9999 -9999 -9999 -9999 -9999 -9999 -9999 -9999 -9999 -9999 -9999 -9999 -9999 -9999 -9999 -9999 -9999 -9999 -9999
-9999 -9999 19.61 21.83 16.14 15.53 16.30 17.32 16.59 15.40 14.30 13.24 14.26 22.11 17.64 18.51 14.54 14.19 16.69 12.66 14.40 15.97 16.65 -9999 -9999 -9999 13.66 12.37 12.39 12.51 11.79 11.29 10.00 12.46 17.33 18.64 15.48 19.92 15.65 15.31 19.07 15.06 15.83 15.93 15.75 12.61 14.20 15.96 13.55 12.56 15.15 -9999 -9999 -9999 -9999 -9999 -9999 -9999 -9999 -9999 -9999 -9999 -9999 -9999 -9999 -9999 -9999 -9999 -9999 -9999 -9999 -9999 -9999 -9999 -9999 -9999 -9999
-9999 -9999 -9999 20.67 20.28 17.17 -9999 18.73 18.48 16.59 15.46 14.59 -9999 17.62 15.75 16.85 13.87 15.99 17.30 15.77 16.35 -9999 -9999 -9999 -9999 15.54 12.98 11.98 12.03 12.94 12.94 11.58 10.86 11.40 17.64 24.14 14.62 21.50 16.48 19.00 20.52 16.80 18.91 16.32 13.90 16.08 16.23 14.13 10.98 12.33 15.94 16.56 -9999 -9999 -9999 -9999 -9999 -9999 -9999 -9999 -9999 -9999 -9999 -9999 -9999 -9999 -9999 -9999 -9999 -9999 -9999 -9999 -9999 -9999 -9999 -9999 -9999
-9999 -9999 -9999 -9999 21.04 -9999 -9999 -9999 18.39 18.48 16.41 16.43 17.85 -9999 -9999 18.47 15.79 19.49 21.20 -9999 -9999 -9999 -9999 -9999 17.17 15.39 11.93 12.35 12.42 13.52 12.95 13.90 13.89 10.63 14.02 19.50 22.81 18.41 21.22 22.41 22.68 18.80 19.64 20.03 18.08 14.79 14.67 15.00 10.97 12.33 15.88 18.08 -9999 -9999 -9999 -9999 -9999 -9999 -9999 -9999 -9999 -9999 -9999 -9999 -9999 -9999 -9999 -9999 -9999 -9999 -9999 -9999 -9999 -9999 -9999 -9999 -9999
-9999 -9999 -9999 -9999 20.89 20.71 -9999 -9999 -9999 18.33 19.07 18.53 19.21 -9999 -9999 -9999 -9999 19.40 -9999 -9999 -9999 -9999 -9999 -9999 15.39 13.97 12.69 14.06 16.26 16.38 14.56 14.54 13.26 11.67 11.77 17.15 20.97 16.25 24.16 23.02 24.55 19.72 19.96 22.22 18.18 15.53 14.47 12.20 10.53 12.33 15.37 17.43 -9999 -9999 -9999 -9999 -9999 -9999 -9999 -9999 -9999 -9999 -9999 -9999 -9999 -9999 -9999 -9999 -9999 -9999 -9999 -9999 -9999 -9999 -9999 -9999 -9999
-9999 -9999 -9999 -9999 -9999 22.64 -9999 -9999 -9999 -9999 18.84 20.33 20.03 -9999 -9999 -9999 -9999 -9999 -9999 -9999 -9999 -9999 -9999 16.93 15.12 15.15 15.48 15.96 18.56 18.20 16.57 16.08 14.56 13.75 11.28 13.38 23.58 24.97 24.29 23.26 18.97 17.37 18.13 15.92 13.05 16.36 16.46 11.90 11.20 13.02 14.93 16.71 18.06 -9999 -9999 -9999 -9999 -9999 -9999 -9999 -9999 -9999 -9999 -9999 -9999 -9999 -9999 -9999 -9999 -9999 -9999 -9999 -9999 -9999 -9999 -9999 -9999
-9999 -9999 -9999 -9999 -9999 24.34 -9999 -9999 -9999 -9999 -9999 -9999 -9999 -9999 -9999 -9999 -9999 -9999 -9999 -9999 -9999 -9999 -9999 17.17 14.59 13.16 12.64 11.63 22.68 19.45 17.48 19.60 15.19 16.41 9.82 10.11 19.45 26.58 21.92 19.14 25.10 27.48 24.85 21.06 18.82 12.74 13.71 13.35 14.66 13.60 13.92 16.08 17.51 18.33 -9999 -9999 -9999 -9999 -9999 -9999 -9999 -9999 -9999 -9999 -9999 -9999 -9999 -9999 -9999 -9999 -9999 -9999 -9999 -9999 -9999 -9999 -9999
-9999 -9999 -9999 -9999 -9999 -9999 -9999 -9999 -9999 -9999 -9999 -9999 -9999 -9999 -9999 -9999 -9999 -9999 -9999 -9999 -9999 -9999 17.44 15.88 13.69 12.44 17.77 10.89 29.88 28.94 16.93 17.59 15.82 14.01 13.95 9.51 11.60 25.55 24.91 21.89 19.72 18.29 21.81 20.89 19.02 15.90 14.13 13.73 13.22 13.05 14.28 14.10 14.57 16.32 -9999 -9999 -9999 -9999 -9999 -9999 -9999 -9999 -9999 -9999 -9999 -9999 -9999 -9999 -9999 -9999 -9999 -9999 -9999 -9999 -9999 -9999 -9999
-9999 -9999 -9999 -9999 -9999 -9999 -9999 -9999 -9999 -9999 -9999 -9999 -9999 -9999 -9999 -9999 -9999 -9999 -9999 -9999 -9999 -9999 15.74 16.46 12.47 16.33 28.37 17.08 12.04 20.94 22.12 18.05 17.24 15.44 14.16 11.69 11.09 13.61 26.71 23.18 21.87 18.62 18.38 18.44 15.62 15.12 15.00 16.04 13.55 14.69 13.40 13.40 13.08 14.06 15.80 17.39 17.99 -9999 -9999 -9999 -9999 -9999 -9999 -9999 -9999 -9999 -9999 -9999 -9999 -9999 -9999 -9999 -9999 -9999 -9999 -9999 -9999
-9999 -9999 -9999 -9999 -9999 -9999 -9999 -9999 -9999 -9999 -9999 -9999 -9999 -9999 -9999 -9999 -9999 -9999 -9999 -9999 -9999 -9999 15.43 14.59 14.13 20.39 14.97 15.25 17.26 23.02 17.76 15.77 21.47 13.37 16.44 13.71 12.55 11.55 16.46 20.77 20.96 19.88 18.99 15.82 15.89 14.86 13.92 13.43 13.71 13.44 13.62 12.53 12.23 12.67 17.79 16.08 18.10 19.74 19.73 -9999 -9999 -9999 -9999 -9999 -9999 -9999 -9999 -9999 -9999 -9999 -9999 -9999 -9999 -9999 -9999 -9999 -9999
-9999 -9999 -9999 -9999 -9999 -9999 -9999 -9999 -9999 -9999 -9999 -9999 -9999 -9999 -9999 -9999 -9999 -9999 -9999 -9999 -9999 -9999 15.36 14.10 15.46 24.27 26.81 20.93 15.27 16.23 17.27 21.61 14.45 19.94 16.91 15.37 15.54 14.16 11.50 13.33 20.55 20.26 18.96 17.62 16.24 15.41 15.10 14.65 13.68 13.89 13.38 12.41 13.10 13.32 14.91 19.37 18.72 19.17 21.18 21.29 18.96 -9999 -9999 -9999 -9999 -9999 -9999 -9999 -9999 -9999 -9999 -9999 -9999 -9999 -9999 -9999 -9999
-9999 -9999 -9999 -9999 -9999 -9999 -9999 -9999 -9999 -9999 -9999 -9999 -9999 -9999 -9999 -9999 -9999 -9999 -9999 -9999 -9999 -9999 16.17 13.53 16.58 19.35 13.21 32.34 27.12 15.00 18.11 14.71 20.86 22.06 16.36 14.24 15.36 15.49 12.16 24.02 22.02 21.74 22.94 23.47 21.91 16.55 18.06 15.69 14.82 14.55 14.12 13.82 13.57 12.60 13.70 17.73 16.17 15.78 17.06 19.42 17.40 21.95 -9999 -9999 -9999 -9999 -9999 -9999 -9999 -9999 -9999 -9999 -9999 -9999 -9999 -9999 -9999
-9999 -9999 -9999 -9999 -9999 -9999 -9999 -9999 -9999 -9999 18.84 19.27 19.86 -9999 -9999 -9999 -9999 -9999 -9999 -9999 -9999 -9999 -9999 15.62 13.40 12.01 15.88 18.90 23.91 13.89 9.60 17.54 16.49 15.35 13.80 16.63 16.81 14.71 15.99 20.09 20.49 26.46 24.77 21.36 20.29 21.15 18.57 16.43 15.60 14.96 14.78 13.66 13.06 19.60 17.64 22.48 23.11 21.29 19.58 15.64 20.44 21.30 19.81 -9999 -9999 -9999 -9999 -9999 -9999 -9999 -9999 -9999 -9999 -9999 -9999 -9999 -9999
-9999 -9999 -9999 -9999 -9999 -9999 -9999 -9999 -9999 -9999 17.23 17.02 -9999 -9999 -9999 -9999 -9999 -9999 -9999 -9999 -9999 -9999 -9999 -9999 13.64 10.15 16.37 16.80 28.94 16.19 16.32 14.84 11.34 10.27 11.38 11.27 24.05 14.59 16.48 24.26 20.21 16.06 15.26 22.44 16.61 21.16 18.14 16.33 15.46 15.17 14.15 14.46 18.07 19.61 17.92 17.07 16.14 17.99 19.69 19.02 19.82 19.54 22.91 -9999 -9999 -9999 -9999 -9999 -9999 -9999 -9999 -9999 -9999 -9999 -9999 -9999 -9999
-9999 -9999 -9999 -9999 -9999 -9999 -9999 -9999 -9999 16.54 20.50 19.61 18.54 -9999 -9999 -9999 -9999 -9999 -9999 -9999 -9999 -9999 -9999 -9999 14.50 16.84 17.61 18.31 15.01 17.13 14.08 13.06 11.19 10.34 13.49 11.42 10.07 24.02 17.32 16.20 22.28 19.41 24.14 19.71 20.54 18.22 17.49 16.72 16.49 15.16 13.87 15.01 16.90 15.71 16.94 18.11 17.28 18.11 17.84 18.39 18.97 16.71 21.48 20.16 -9999 -9999 -9999 -9999 -9999 -9999 -9999 -9999 -9999 -9999 -9999 -9999 -9999
-9999 -9999 -9999 -9999 -9999 -9999 -9999 -9999 15.34 20.79 22.70 27.87 18.56 -9999 -9999 -9999 -9999 -9999 -9999 -9999 -9999 -9999 -9999 -9999 16.55 22.65 17.74 11.58 14.25 13.09 14.21 11.33 10.00 11.60 13.42 9.68 20.02 16.05 21.07 16.72 24.59 16.24 18.83 16.16 19.69 17.29 17.69 17.78 15.84 15.43 13.27 12.43 17.16 18.10 17.63 15.73 15.95 15.50 15.66 16.28 18.93 19.06 18.54 20.24 -9999 -9999 -9999 -9999 -9999 -9999 -9999 -9999 -9999 -9999 -9999 -9999 -9999
-9999 -9999 -9999 -9999 -9999 -9999 -9999 17.97 16.17 25.82 20.78 20.25 -9999 -9999 -9999 -9999 -9999 -9999 -9999 -9999 -9999 -9999 -9999 -9999 -9999 16.27 12.72 11.80 15.45 11.54 14.94 12.04 11.03 10.72 11.79 9.45 19.44 19.72 21.80 21.27 23.32 23.19 23.41 21.74 20.64 20.71 19.74 16.34 15.51 14.38 12.10 11.58 12.81 20.13 18.45 14.53 13.77 14.02 13.60 13.87 14.24 14.84 14.57 16.31 19.05 20.55 -9999 -9999 -9999 -9999 -9999 -9999 -9999 -9999 -9999 -9999 -9999
-9999 -9999 -9999 -9999 -9999 -9999 -9999 21.49 23.13 16.80 17.41 18.52 -9999 -9999 -9999 -9999 -9999 -9999 -9999 -9999 -9999 -9999 -9999 -9999 -9999 -9999 13.94 14.51 13.37 12.02 14.14 13.15 13.07 12.15 13.10 9.81 19.50 18.20 16.84 21.25 20.16 18.86 25.66 25.76 20.12 22.36 19.98 18.57 14.79 13.16 12.34 11.78 12.06 13.75 14.65 13.78 13.92 13.88 13.90 13.61 13.69 13.81 14.11 18.70 19.32 19.11 -9999 -9999 -9999 -9999 -9999 -9999 -9999 -9999 -9999 -9999 -9999
-9999 -9999 -9999 -9999 -9999 -9999 -9999 22.58 19.82 20.48 19.04 -9999 -9999 -9999 -9999 -9999 -9999 -9999 -9999 -9999 -9999 -9999 -9999 -9999 -9999 -9999 15.77 15.42 14.43 -9999 14.71 -9999 13.86 12.37 11.62 10.15 10.68 19.01 17.47 18.61 24.59 13.90 15.68 24.78 21.87 20.71 19.79 17.26 14.53 13.33 12.94 12.27 12.21 12.65 14.24 16.13 14.55 15.52 14.14 13.30 14.98 16.81 16.10 15.08 15.15 18.15 21.41 22.69 -9999 -9999 -9999 -9999 -9999 -9999 -9999 -9999 -9999
-9999 -9999 -9999 -9999 -9999 -9999 22.56 20.47 19.63 -9999 -9999 -9999 -9999 -9999 -9999 -9999 -9999 -9999 -9999 -9999 -9999 -9999 -9999 -9999 -9999 -9999 17.69 15.92 14.53 -9999 -9999 -9999 13.70 14.75 10.43 12.19 14.19 12.11 11.93 14.94 21.80 21.61 13.84 20.86 23.55 19.15 20.51 18.18 15.83 12.62 12.67 12.32 12.36 12.64 13.27 14.11 14.23 14.87 13.17 14.52 16.37 17.47 17.77 17.33 15.93 16.08 18.36 20.81 -9999 -9999 -9999 -9999 -9999 -9999 -9999 -9999 -9999
-9999 -9999 -9999 -9999 -9999 -9999 -9999 -9999 -9999 -9999 -9999 -9999 -9999 -9999 -9999 -9999 -9999 -9999 -9999 -9999 -9999 -9999 -9999 -9999 -9999 -9999 -9999 -9999 -9999 -9999 -9999 14.95 12.13 11.95 15.17 16.95 17.72 17.39 14.81 15.48 20.07 19.72 16.77 13.84 19.19 21.39 18.54 16.84 15.18 13.65 13.07 13.33 12.72 12.70 13.05 13.25 13.24 12.53 14.25 18.88 16.55 17.42 15.98 15.98 14.61 15.98 17.96 -9999 -9999 -9999 -9999 -9999 -9999 -9999 -9999 -9999 -9999
-9999 -9999 -9999 -9999 -9999 -9999 -9999 -9999 -9999 -9999 -9999 -9999 -9999 -9999 -9999 -9999 -9999 -9999 -9999 -9999 -9999 -9999 -9999 -9999 -9999 -9999 -9999 -9999 -9999 -9999 -9999 13.95 11.64 13.94 18.66 22.79 20.43 15.58 17.31 13.34 14.38 13.72 16.48 17.49 18.89 19.38 18.46 16.36 15.36 14.58 13.37 13.69 12.99 13.15 13.41 13.60 13.39 12.52 13.56 19.85 18.68 15.87 15.10 14.66 14.36 15.85 18.33 -9999 -9999 -9999 -9999 -9999 -9999 -9999 -9999 -9999 -9999
-9999 -9999 -9999 -9999 -9999 -9999 -9999 -9999 -9999 -9999 -9999 -9999 -9999 -9999 -9999 -9999 -9999 -9999 -9999 -9999 -9999 -9999 -9999 -9999 -9999 -9999 -9999 -9999 -9999 -9999 -9999 12.62 10.54 11.40 16.27 18.34 17.47 15.88 15.62 14.57 15.44 13.88 13.95 15.03 12.71 19.21 16.73 18.14 16.01 15.49 13.67 13.43 13.75 13.80 13.93 13.83 13.68 13.19 12.94 16.19 17.64 16.29 15.09 14.86 14.46 15.59 17.66 -9999 -9999 -9999 -9999 -9999 -9999 -9999 -9999 -9999 -9999
-9999 -9999 -9999 -9999 -9999 -9999 -9999 -9999 -9999 -9999 -9999 -9999 -9999 -9999 -9999 -9999 -9999 -9999 -9999 -9999 -9999 -9999 -9999 -9999 -9999 -9999 -9999 -9999 -9999 16.79 14.21 11.48 10.17 14.38 17.34 21.89 16.69 19.16 12.19 14.22 14.20 16.46 17.57 16.83 19.43 13.89 14.27 14.32 14.22 13.68 15.18 14.02 14.08 14.59 14.14 14.04 14.03 13.53 13.31 13.76 16.69 16.17 15.12 14.72 14.56 14.92 16.45 18.59 -9999 -9999 -9999 -9999 -9999 -9999 -9999 -9999 -9999
-9999 -9999 -9999 -9999 -9999 -9999 -9999 -9999 -9999 -9999 -9999 -9999 -9999 -9999 -9999 -9999 -9999 -9999 -9999 -9999 -9999 -9999 -9999 -9999 -9999 -9999 -9999 -9999 -9999 15.55 12.77 11.22 10.50 11.41 16.16 12.95 13.08 10.80 13.49 18.55 15.24 18.06 17.22 19.03 13.58 19.20 15.65 17.38 16.65 16.77 15.18 14.82 14.39 14.14 14.11 14.18 14.03 13.82 13.40 13.27 14.34 16.52 15.70 14.72 14.66 14.33 15.11 17.48 -9999 -9999 -9999 -9999 -9999 -9999 -9999 -9999 -9999
-9999 -9999 -9999 -9999 -9999 -9999 -9999 -9999 -9999 -9999 -9999 -9999 -9999 -9999 -9999 -9999 -9999 -9999 -9999 -9999 -9999 -9999 -9999 -9999 -9999 -9999 -9999 -9999 -9999 15.50 12.51 11.54 11.02 11.56 12.63 13.42 12.38 11.26 13.92 14.96 14.28 17.08 20.56 16.78 15.86 13.63 16.31 13.69 14.73 15.78 16.36 15.20 14.84 14.11 14.06 14.22 14.11 13.89 13.62 13.36 13.84 15.85 17.05 15.29 14.46 14.12 14.10 15.74 18.08 -9999 -9999 -9999 -9999 -9999 -9999 -9999 -9999
-9999 -9999 -9999 -9999 -9999 -9999 -9999 -9999 -9999 -9999 -9999 -9999 -9999 -9999 -9999 -9999 -9999 -9999 -9999 -9999 -9999 -9999 -9999 -9999 -9999 -9999 -9999 -9999 -9999 15.00 12.66 11.98 11.97 11.76 11.81 11.88 13.30 15.23 11.89 12.28 14.23 20.97 20.83 22.14 19.54 16.22 15.63 16.39 14.29 13.46 15.27 16.11 14.71 14.08 14.12 13.93 13.97 13.96 13.95 13.72 13.88 16.35 18.19 16.40 15.44 14.93 14.06 14.34 16.47 18.68 -9999 -9999 -9999 -9999 -9999 -9999 -9999
-9999 -9999 -9999 -9999 -9999 -9999 -9999 -9999 -9999 -9999 -9999 -9999 -9999 -9999 -9999 -9999 -9999 -9999 -9999 -9999 -9999 -9999 -9999 -9999 -9999 -9999 -9999 -9999 -9999 14.96 12.35 11.74 11.51 11.22 10.82 12.35 12.23 13.98 14.82 17.81 20.06 21.33 17.59 20.25 17.71 17.18 14.84 16.79 15.77 14.53 13.73 13.72 14.17 13.91 13.95 13.96 14.02 14.01 14.21 14.37 14.60 15.29 16.91 16.61 15.76 15.48 15.13 14.60 14.81 17.18 -9999 -9999 -9999 -9999 -9999 -9999 -9999
-9999 -9999 -9999 -9999 -9999 -9999 -9999 -9999 -9999 -9999 -9999 -9999 -9999 -9999 -9999 -9999 -9999 -9999 -9999 -9999 -9999 -9999 -9999 -9999 -9999 -9999 -9999 -9999 -9999 -9999 12.38 11.84 11.35 10.66 11.55 14.79 15.17 16.29 14.65 14.38 17.65 17.43 20.00 18.87 15.68 13.18 14.08 13.97 15.74 14.36 13.95 14.85 14.46 13.58 13.82 13.65 13.79 13.73 13.97 14.38 14.84 15.27 15.12 15.57 15.85 15.98 -9999 15.54 16.00 17.36 19.87 -9999 -9999 -9999 -9999 -9999 -9999
-9999 -9999 -9999 -9999 -9999 -9999 -9999 -9999 -9999 -9999 -9999 -9999 -9999 -9999 -9999 -9999 -9999 -9999 -9999 -9999 -9999 -9999 -9999 -9999 -9999 -9999 -9999 -9999 -9999 14.53 12.26 11.71 10.80 10.25 10.69 16.84 17.91 15.07 19.16 18.47 15.92 15.81 22.18 19.68 20.31 16.14 13.38 16.19 13.95 13.00 14.01 14.17 13.58 13.73 13.19 13.17 13.26 13.53 13.49 13.69 16.01 15.14 14.24 16.19 15.21 15.48 15.52 -9999 17.07 18.26 20.26 21.79 -9999 -9999 -9999 -9999 -9999
-9999 -9999 -9999 -9999 -9999 -9999 -9999 -9999 -9999 -9999 -9999 -9999 -9999 -9999 -9999 -9999 -9999 -9999 -9999 -9999 -9999 -9999 -9999 -9999 -9999 -9999 -9999 -9999 -9999 14.05 11.83 11.40 10.75 13.05 11.69 13.46 18.01 13.56 14.23 14.89 12.35 12.67 18.71 18.48 18.81 14.35 17.06 18.12 14.53 15.80 14.34 14.87 14.30 13.57 12.79 12.73 12.82 12.94 12.87 12.87 13.27 14.11 12.86 13.29 14.41 13.89 15.17 15.87 -9999 -9999 -9999 -9999 -9999 -9999 -9999 -9999 -9999
-9999 -9999 -9999 -9999 -9999 -9999 -9999 -9999 -9999 -9999 -9999 -9999 -9999 -9999 -9999 -9999 -9999 -9999 -9999 -9999 -9999 -9999 -9999 -9999 -9999 -9999 -9999 -9999 16.48 13.05 11.44 12.57 12.04 12.34 11.84 13.37 13.76 13.07 12.82 12.31 12.16 12.99 17.29 21.42 22.27 16.50 20.12 19.02 15.15 15.28 13.57 14.13 14.25 13.25 12.43 12.75 12.72 12.68 12.89 12.66 12.94 13.21 12.99 12.72 14.87 14.27 14.26 14.71 16.48 18.32 -9999 -9999 -9999 -9999 -9999 -9999 -9999
-9999 -9999 -9999 -9999 -9999 -9999 -9999 -9999 -9999 -9999 -9999 -9999 -9999 -9999 -9999 -9999 -9999 -9999 -9999 -9999 -9999 -9999 -9999 -9999 -9999 -9999 -9999 -9999 -9999 13.26 11.54 11.55 12.22 14.95 11.96 11.69 11.74 12.50 13.02 12.33 12.04 12.07 12.77 18.91 21.69 23.54 19.61 20.02 18.03 16.04 16.10 12.75 12.71 13.88 12.47 12.47 12.39 12.44 12.80 12.61 12.70 13.22 12.77 12.14 12.43 16.00 14.49 13.95 14.53 15.79 17.59 19.64 -9999 -9999 -9999 -9999 -9999
