ML/MeanWindSpeed_1995-04_Actual.txt
ncols         180
nrows         290
xllcorner     -200000
yllcorner     -200000
cellsize      5000
NODATA_value  -9999
[rows 175 to 209 of 290, columns 78 to 155 of 180]
-9999 -9999 -9999 -9999 -9999 -9999 -9999 -9999 10.60 9.92 9.18 8.59 8.55 6.78 6.10 13.65 21.11 8.42 12.12 12.28 11.40 9.23 5.96 5.90 8.98 11.99 9.71 7.27 7.66 8.65 7.90 8.10 9.51 8.23 7.28 6.51 6.56 6.62 6.36 6.47 6.68 12.79 14.27 11.85 12.24 9.96 9.16 10.86 10.93 8.46 8.00 9.43 8.62 7.97 8.71 8.24 9.36 8.54 8.39 8.21 8.20 9.72 8.47 8.16 8.23 8.07 8.70 9.38 9.61 9.97 10.43 8.96 10.55 12.47 -9999 -9999 -9999 -9999
-9999 -9999 -9999 -9999 -9999 -9999 -9999 -9999 -9999 11.78 9.24 7.79 6.31 5.74 8.87 25.04 16.39 6.02 12.79 8.33 12.33 11.95 7.48 4.81 12.29 10.34 11.31 9.46 7.56 7.65 7.75 7.04 8.21 8.48 7.72 7.01 6.42 6.62 6.35 6.14 8.40 10.04 14.79 12.31 13.21 12.12 7.34 9.97 12.12 8.54 8.45 9.17 8.28 8.10 8.29 8.13 9.30 8.31 8.05 8.23 7.82 8.70 8.61 8.13 8.11 8.10 8.39 9.18 10.68 9.56 8.85 8.94 10.23 12.24 -9999 -9999 -9999 -9999
-9999 -9999 -9999 -9999 -9999 -9999 -9999 -9999 -9999 -9999 9.33 6.97 7.29 9.44 21.56 24.64 16.20 10.90 10.28 11.32 13.11 13.48 12.82 7.72 6.75 13.63 10.96 9.73 8.75 7.53 7.41 7.57 7.67 7.93 7.15 6.42 6.52 6.51 6.38 6.70 8.06 10.70 12.33 10.07 10.52 12.42 10.06 7.06 11.86 8.62 8.37 8.97 8.00 7.97 7.87 8.48 9.18 8.33 8.08 8.06 7.58 9.37 8.73 8.29 8.28 8.30 8.79 8.87 9.04 8.75 8.67 9.02 10.67 12.48 -9999 -9999 -9999 -9999
-9999 -9999 -9999 -9999 -9999 -9999 -9999 -9999 -9999 -9999 8.74 7.57 10.65 13.27 16.28 20.77 11.84 7.75 10.22 13.22 13.60 14.68 12.58 8.56 5.79 13.86 13.72 10.71 9.58 7.47 7.14 7.57 8.55 7.86 7.18 6.64 5.99 5.77 6.35 8.64 8.83 7.13 12.77 10.05 10.76 12.71 12.41 9.69 8.55 7.82 6.46 8.10 8.85 7.71 7.64 7.50 8.23 7.97 8.37 8.11 7.92 8.60 9.33 8.86 8.88 8.67 8.77 8.70 8.58 8.62 9.13 10.14 11.67 -9999 -9999 -9999 -9999 -9999
-9999 -9999 -9999 -9999 -9999 -9999 -9999 -9999 -9999 -9999 7.78 8.11 10.27 10.24 16.33 14.70 10.36 11.28 8.87 10.53 13.93 12.40 15.08 11.62 7.18 12.62 14.04 13.18 9.33 8.06 6.89 7.84 9.06 8.43 7.16 6.32 5.81 6.18 7.89 8.38 6.87 6.93 10.58 10.37 10.14 10.17 9.38 9.33 9.99 6.21 7.21 7.51 7.18 7.64 7.19 8.27 7.45 7.85 8.25 8.19 8.52 10.82 9.84 9.18 8.91 8.89 8.83 8.76 8.75 8.97 10.09 11.54 -9999 -9999 -9999 -9999 -9999 -9999
-9999 -9999 -9999 -9999 -9999 -9999 -9999 -9999 -9999 9.05 17.74 9.84 11.55 13.52 8.67 20.27 16.99 15.08 12.81 15.51 12.05 12.96 11.28 9.22 10.79 15.36 13.72 12.81 9.10 7.61 6.60 8.30 8.46 7.74 7.06 6.05 5.99 7.63 7.35 6.85 8.21 9.44 7.19 12.36 11.40 8.22 9.04 8.23 7.30 7.06 6.14 6.17 6.44 7.61 7.11 6.64 8.47 7.79 8.12 8.49 9.09 10.96 9.88 9.21 9.12 8.84 8.86 8.70 8.78 9.78 11.20 -9999 -9999 -9999 -9999 -9999 -9999 -9999
-9999 -9999 -9999 -9999 -9999 -9999 -9999 10.15 9.61 13.76 11.77 9.42 10.23 11.83 7.48 9.36 11.70 15.73 14.86 16.23 14.46 14.67 8.22 11.16 11.11 8.44 9.46 8.75 9.24 7.93 6.98 8.02 8.28 8.00 6.92 6.68 7.95 7.13 7.69 6.69 8.53 9.42 9.17 8.15 7.29 9.17 8.61 7.92 7.71 7.41 7.05 5.62 6.74 6.61 6.00 6.47 7.22 7.78 8.34 8.36 9.15 10.78 9.80 9.00 9.00 8.71 8.69 8.65 9.14 10.38 -9999 -9999 -9999 -9999 -9999 12.50 12.36 12.00
-9999 -9999 -9999 -9999 -9999 -9999 10.58 10.34 10.30 10.59 10.28 10.01 8.96 6.96 6.19 8.50 10.60 13.40 21.40 12.19 9.83 9.43 6.11 13.50 15.11 14.34 10.67 9.00 9.17 8.57 7.87 8.11 8.69 7.98 7.41 7.20 7.89 8.23 6.61 6.57 8.64 8.87 8.50 8.04 8.23 8.63 7.34 7.83 6.65 6.52 7.12 6.39 5.84 5.43 5.97 7.19 7.17 7.65 8.16 8.49 9.02 10.96 10.12 9.05 8.68 8.50 8.57 8.63 9.14 10.15 -9999 -9999 -9999 -9999 -9999 11.19 10.69 10.58
-9999 -9999 -9999 -9999 -9999 10.95 12.10 11.27 11.10 -9999 -9999 -9999 -9999 7.16 14.07 12.05 11.80 14.64 12.44 9.83 13.00 11.89 10.07 20.77 17.92 14.57 14.90 10.93 8.25 8.56 8.44 7.80 7.90 7.68 7.21 7.72 7.07 8.52 6.96 6.78 7.45 8.17 8.49 8.34 7.31 7.47 7.33 7.18 6.72 6.31 5.89 5.69 5.56 5.97 6.91 7.03 7.08 8.07 8.91 9.18 9.26 10.26 9.93 9.54 8.51 8.41 8.43 8.46 8.72 9.57 11.02 -9999 -9999 -9999 -9999 10.10 9.56 9.51
-9999 -9999 -9999 -9999 -9999 12.53 14.55 10.96 11.41 -9999 -9999 -9999 -9999 7.31 11.46 13.91 8.35 13.90 13.01 11.98 15.57 17.38 13.61 18.34 10.62 11.81 11.58 9.94 8.21 7.98 8.13 7.81 8.05 8.58 7.38 8.00 7.61 7.67 8.21 7.04 7.41 6.85 7.90 8.93 9.35 9.25 7.44 6.74 6.59 6.42 6.80 6.06 6.21 6.84 7.36 8.32 7.71 9.98 10.15 10.48 9.52 9.92 9.69 9.32 8.36 8.40 8.40 8.34 8.44 8.69 9.65 10.52 -9999 -9999 10.54 9.92 9.53 9.80
-9999 -9999 -9999 -9999 -9999 -9999 -9999 -9999 -9999 -9999 -9999 -9999 -9999 8.30 13.94 12.15 8.12 10.76 8.86 16.71 16.05 10.64 14.58 14.03 12.13 12.70 10.08 8.81 7.62 8.43 7.96 8.21 7.88 7.38 7.37 7.34 7.17 7.43 8.05 7.26 7.04 7.49 8.00 7.65 8.58 8.83 6.67 8.09 9.13 7.74 7.69 7.24 6.12 7.17 8.39 9.64 9.47 9.06 9.72 10.59 9.96 10.24 9.69 9.32 8.26 8.35 8.40 8.40 8.35 8.19 8.49 9.11 9.89 10.07 9.47 9.40 8.53 9.62
-9999 -9999 -9999 -9999 -9999 -9999 -9999 -9999 -9999 -9999 -9999 -9999 -9999 -9999 13.96 5.07 5.57 9.96 15.21 14.14 16.35 15.41 10.66 12.00 13.45 9.38 8.75 7.62 7.38 7.34 7.81 7.83 7.78 7.41 7.16 7.05 7.37 7.20 7.92 7.63 7.16 9.74 9.03 7.61 7.46 7.44 7.52 7.36 8.57 8.77 8.13 9.37 7.35 7.09 8.07 7.81 8.47 8.88 8.91 10.36 10.29 9.86 9.18 9.31 8.32 8.37 8.35 8.30 8.31 8.34 8.39 8.38 8.70 8.81 8.68 8.43 8.48 9.73
-9999 -9999 -9999 -9999 -9999 -9999 -9999 -9999 -9999 -9999 -9999 -9999 -9999 -9999 8.84 14.14 15.20 12.68 11.11 10.50 13.65 11.22 11.41 9.52 8.85 11.11 7.97 7.45 9.36 8.55 8.13 7.63 6.86 6.79 7.56 7.40 8.65 8.50 8.19 7.63 7.13 9.55 10.60 9.00 7.75 7.25 7.58 7.62 7.59 7.98 8.87 11.42 9.73 7.56 7.23 7.84 9.23 10.56 10.61 9.99 10.52 9.94 9.34 8.83 8.43 8.41 8.34 8.40 8.39 8.39 8.44 8.46 8.47 8.46 8.61 8.49 8.28 9.29
-9999 -9999 -9999 -9999 -9999 -9999 -9999 -9999 -9999 -9999 -9999 -9999 -9999 10.65 10.68 8.17 17.70 11.06 8.92 12.14 11.97 10.45 13.93 9.86 9.22 11.82 7.22 14.22 10.46 8.09 8.17 9.34 7.35 6.88 10.27 9.94 8.88 7.52 8.10 8.02 7.69 8.62 9.39 9.07 8.18 7.75 7.58 7.70 8.12 7.87 9.31 9.20 8.53 7.89 7.56 8.46 9.70 10.94 10.92 9.67 9.82 9.66 9.32 8.86 8.53 8.42 8.42 8.45 8.44 8.37 8.41 8.44 8.27 8.25 8.85 8.79 8.45 8.84
-9999 -9999 -9999 -9999 -9999 -9999 -9999 -9999 -9999 -9999 -9999 -9999 -9999 8.96 10.39 17.10 10.17 5.30 8.13 8.62 10.93 14.09 13.84 10.51 9.95 9.87 7.61 8.39 9.38 10.89 10.60 8.13 8.03 7.84 8.44 9.17 7.60 7.38 8.27 8.22 8.86 9.37 8.89 9.12 8.66 8.07 7.80 7.69 7.78 7.89 8.92 9.28 8.62 7.45 7.91 9.39 10.88 10.19 10.92 10.72 9.91 9.18 9.93 8.87 9.00 8.55 8.51 8.37 8.37 8.37 8.30 8.26 8.20 8.16 9.13 8.86 8.33 8.53
-9999 -9999 -9999 -9999 -9999 -9999 -9999 -9999 -9999 -9999 -9999 -9999 -9999 10.21 13.20 5.79 8.09 7.14 8.92 9.17 15.12 13.01 15.00 11.54 10.25 8.00 6.60 7.42 11.14 13.47 14.75 8.76 10.46 9.02 9.30 8.94 6.98 7.34 7.88 8.32 9.02 8.53 8.73 10.18 9.19 8.00 7.92 9.27 7.61 8.13 8.61 8.45 7.85 7.56 8.36 9.09 9.65 9.87 9.89 9.04 8.93 9.53 9.70 8.45 8.37 8.51 8.42 8.38 8.25 8.10 8.16 8.13 8.12 8.16 8.47 8.27 8.46 8.36
-9999 -9999 -9999 -9999 -9999 -9999 -9999 -9999 -9999 -9999 -9999 -9999 -9999 -9999 6.60 8.55 11.29 14.18 15.41 12.65 13.19 11.02 7.97 7.95 7.17 8.28 8.34 7.24 8.94 9.65 13.50 10.56 9.03 8.83 10.49 9.79 7.19 8.32 7.34 7.71 10.62 8.74 8.55 8.46 8.65 7.65 7.60 9.56 8.82 8.03 8.67 8.21 7.89 8.28 9.27 8.86 8.83 8.46 9.28 8.38 9.72 9.71 8.55 8.30 8.90 8.64 8.19 8.12 7.99 7.96 8.02 8.02 8.06 8.03 8.04 8.07 8.35 8.40
-9999 -9999 -9999 -9999 -9999 -9999 -9999 -9999 -9999 -9999 -9999 -9999 -9999 -9999 8.11 9.87 11.61 14.24 17.70 15.98 11.89 8.72 7.12 9.07 11.56 13.75 15.63 11.55 8.74 9.45 10.89 10.02 7.62 11.48 10.47 10.05 8.28 9.16 7.77 7.49 8.62 10.36 9.81 8.94 8.33 7.69 7.70 9.00 8.71 8.23 8.29 8.76 8.97 9.21 9.79 8.94 8.55 9.94 9.95 9.81 9.49 9.68 8.55 8.91 9.45 8.24 7.98 7.96 7.88 7.92 7.91 7.90 7.93 7.94 7.98 7.91 7.83 7.75
-9999 -9999 -9999 -9999 -9999 -9999 -9999 -9999 -9999 -9999 -9999 -9999 -9999 8.96 7.09 8.68 11.87 13.69 12.97 12.56 9.86 10.95 16.52 13.02 13.24 13.22 10.71 9.52 10.38 10.81 8.92 7.96 8.70 11.02 10.83 9.96 8.25 9.41 7.34 7.43 9.41 8.89 9.43 9.50 8.72 8.16 7.98 9.00 8.80 7.93 8.27 8.29 8.20 9.17 8.80 10.00 9.25 10.06 9.22 9.51 9.63 8.61 8.38 9.36 9.17 7.96 7.82 8.13 7.82 7.92 7.91 8.01 7.95 7.85 7.81 7.60 8.00 8.40
-9999 -9999 -9999 -9999 -9999 -9999 -9999 -9999 -9999 -9999 -9999 -9999 -9999 11.81 9.58 8.26 8.29 11.13 15.97 15.19 13.25 11.10 12.02 13.74 15.17 15.28 10.49 12.78 14.00 9.16 11.77 7.09 8.06 10.35 12.51 8.67 9.23 7.60 6.63 7.09 8.16 11.58 9.78 9.75 9.17 8.69 8.59 8.78 8.39 7.82 7.99 7.89 7.86 7.89 9.39 9.96 9.86 10.56 9.39 8.80 8.78 8.31 8.77 9.31 8.89 8.26 8.62 8.31 8.54 8.03 7.99 8.19 8.21 7.84 7.66 7.46 7.47 8.47
-9999 -9999 -9999 -9999 -9999 -9999 -9999 -9999 -9999 -9999 -9999 -9999 -9999 10.18 8.97 5.16 6.97 10.75 16.15 14.01 14.19 11.01 13.17 12.47 10.88 12.06 12.64 12.08 10.19 8.54 9.20 12.22 8.16 8.35 8.60 8.76 10.37 8.49 6.64 6.99 8.02 8.66 8.66 9.81 9.27 8.83 8.95 8.07 7.44 8.04 8.29 8.42 7.78 8.51 9.94 9.91 8.86 9.09 10.05 8.86 9.21 8.10 9.17 9.30 8.34 8.19 8.42 7.81 8.03 7.90 7.91 7.96 7.81 7.68 7.67 7.54 7.95 7.43
-9999 -9999 -9999 -9999 -9999 -9999 -9999 -9999 -9999 -9999 -9999 -9999 9.07 10.44 12.56 9.13 6.89 11.66 13.47 16.09 15.87 9.55 9.98 9.05 10.88 12.88 10.56 10.20 12.31 10.33 9.41 8.93 7.93 7.30 7.65 8.80 8.64 8.12 7.67 7.08 6.99 7.99 8.58 7.92 8.51 8.21 8.90 7.91 7.82 7.95 7.47 7.42 7.84 9.23 9.10 9.13 8.33 9.31 9.49 9.03 8.10 9.03 9.12 9.18 9.29 8.71 8.19 8.06 7.86 7.92 7.92 7.76 7.63 7.48 7.44 7.59 7.99 7.93
-9999 -9999 -9999 -9999 -9999 -9999 -9999 -9999 -9999 -9999 -9999 10.18 10.31 11.18 8.78 6.69 10.46 14.36 15.35 13.12 15.03 10.26 11.70 9.82 9.43 17.03 11.33 11.88 9.37 9.62 8.05 7.73 8.14 9.51 8.37 10.59 8.49 8.79 7.12 6.83 7.06 7.54 8.10 7.70 7.90 8.30 8.48 6.99 7.71 7.65 7.79 7.97 8.42 9.20 8.38 9.24 8.64 8.94 8.06 7.92 9.27 9.67 9.07 9.25 9.03 8.02 8.54 8.60 8.48 8.31 7.89 7.54 7.26 7.55 7.60 8.35 8.65 8.88
-9999 -9999 -9999 -9999 -9999 -9999 -9999 -9999 -9999 10.55 9.33 8.42 6.77 6.57 7.09 7.63 11.82 13.58 15.69 17.40 14.99 12.19 7.72 10.93 10.26 14.96 11.42 10.16 10.14 8.49 8.16 6.92 8.11 10.36 9.65 9.81 7.41 7.59 7.18 7.15 7.90 7.57 8.13 7.32 7.51 7.88 7.08 6.92 7.36 8.44 8.16 9.07 9.88 9.33 8.73 8.14 7.85 8.72 9.25 8.88 9.34 8.31 9.14 9.29 8.51 7.64 7.76 8.79 8.57 8.54 7.56 7.23 7.00 7.37 8.61 9.07 8.79 9.74
-9999 -9999 -9999 -9999 -9999 9.24 8.09 6.68 10.59 10.82 11.26 11.49 8.66 7.84 7.12 13.14 11.54 14.17 14.85 14.49 10.88 9.39 7.11 8.92 8.77 16.44 14.38 11.63 8.87 9.15 8.41 10.27 7.09 9.32 9.81 9.28 8.50 7.45 6.75 7.85 7.35 6.85 8.35 7.18 7.23 6.82 7.09 7.64 8.41 7.59 8.57 8.12 8.70 9.80 9.57 9.18 8.78 9.30 9.27 8.83 8.47 9.37 8.22 8.15 7.94 7.54 8.37 8.66 8.72 7.91 7.23 7.27 7.51 8.82 9.04 8.55 9.42 8.52
-9999 -9999 -9999 -9999 10.73 8.07 8.70 7.73 7.19 9.51 9.05 9.94 7.81 6.36 10.64 11.91 12.74 8.87 15.53 11.15 8.35 14.24 10.55 6.75 15.09 12.92 11.87 7.22 6.99 7.82 11.55 8.05 7.34 7.39 7.72 9.63 9.24 8.93 7.21 7.43 6.84 6.85 7.88 7.42 7.05 7.00 7.29 8.04 7.94 10.14 8.01 7.67 8.30 9.29 8.61 8.52 8.02 8.21 8.80 8.53 9.31 8.62 7.95 8.01 8.26 7.64 7.97 8.08 7.51 7.29 7.21 7.32 7.58 8.22 9.21 9.16 9.25 8.80
-9999 -9999 -9999 10.80 10.07 6.47 5.98 6.19 7.55 7.07 7.95 7.24 8.29 13.62 10.38 8.98 13.31 6.77 10.30 10.23 14.09 13.26 14.11 11.43 11.12 9.65 6.81 12.35 11.72 7.49 8.09 7.58 7.19 7.77 7.14 7.40 9.43 9.67 6.88 6.48 6.58 7.30 6.70 6.32 6.94 9.85 7.53 7.38 8.23 9.20 8.36 7.74 8.50 9.16 9.07 9.60 8.84 7.94 7.81 7.77 8.96 8.54 7.81 8.74 8.53 7.74 7.86 7.70 7.42 7.66 7.76 7.76 8.09 8.27 9.15 8.38 8.21 8.62
11.51 8.93 10.81 7.73 7.41 8.04 6.75 6.30 9.00 7.70 7.89 8.28 11.90 11.45 9.52 10.91 10.33 8.08 8.28 12.50 13.09 11.14 11.42 13.46 9.41 5.78 12.45 14.22 10.80 10.67 7.76 8.17 7.16 7.59 9.97 7.58 10.13 7.94 6.66 6.25 6.65 8.72 6.01 6.54 11.31 8.18 7.53 7.59 8.50 9.58 7.95 8.02 8.45 8.10 8.74 8.73 8.11 7.67 8.07 7.61 8.07 8.49 8.46 7.96 7.57 7.23 7.18 7.76 9.39 8.58 9.56 8.79 7.61 9.08 8.84 8.97 8.57 8.35
7.95 7.37 10.59 14.10 12.44 11.61 7.80 9.17 11.38 9.92 9.45 12.23 10.22 9.57 12.59 9.13 6.44 7.79 8.69 12.09 11.95 11.49 10.78 9.67 7.12 9.35 20.73 15.80 11.20 8.17 8.84 8.12 9.92 7.92 8.65 7.57 7.45 7.25 7.12 6.36 6.13 6.34 5.93 10.11 10.84 9.69 7.96 7.49 10.72 8.99 8.07 8.26 7.77 8.61 8.51 8.15 7.27 8.54 8.07 7.30 9.16 8.89 7.63 7.39 7.27 7.06 7.66 8.86 9.35 9.08 9.63 8.75 8.25 9.16 8.98 8.26 8.61 8.42
7.15 7.61 9.22 9.74 8.90 7.23 9.57 8.17 10.61 6.94 8.56 11.69 10.75 8.77 10.02 6.05 5.66 10.49 12.00 10.67 9.05 11.60 7.99 6.51 5.93 12.01 16.19 16.78 8.62 9.35 9.58 9.89 8.77 7.08 8.92 8.15 7.71 6.89 7.12 5.67 5.46 6.83 6.86 10.12 9.90 8.99 7.53 8.51 10.42 9.64 8.96 8.27 8.45 8.26 7.83 7.40 7.42 8.01 8.41 7.91 7.70 7.65 7.33 8.55 9.23 7.41 7.79 8.78 9.13 8.57 9.15 9.01 8.98 9.04 8.25 8.40 8.21 8.25
8.50 7.32 8.16 7.80 8.54 7.73 7.87 9.26 7.64 8.67 7.15 6.96 6.94 6.35 5.70 8.48 7.31 12.13 19.90 9.69 9.92 10.71 16.18 15.59 6.09 5.96 18.47 13.35 10.39 10.95 12.29 9.61 7.11 6.32 9.30 9.58 7.66 6.66 6.24 5.57 5.63 7.22 10.35 10.70 9.05 8.45 8.01 7.83 7.98 9.19 8.32 8.06 7.73 7.28 6.97 7.01 8.20 7.94 7.66 7.67 6.67 6.88 7.94 7.78 8.61 7.84 7.84 7.93 8.23 8.84 9.07 9.05 9.04 9.12 8.06 7.67 8.19 8.09
7.57 6.92 8.06 6.87 7.48 7.51 7.68 6.44 6.38 7.52 6.66 8.54 7.10 9.42 5.63 9.81 12.51 12.77 14.41 15.37 12.14 14.75 17.31 11.10 13.46 11.50 6.22 12.69 12.13 7.89 8.52 6.56 8.65 8.38 12.07 10.69 7.44 6.46 5.61 5.48 7.03 10.60 8.93 10.91 8.93 8.50 9.31 7.93 9.44 7.74 7.98 7.43 7.07 6.89 7.14 7.24 7.42 7.11 7.00 6.63 6.73 7.83 8.78 8.08 7.29 8.06 7.45 8.66 7.80 7.72 8.06 8.39 8.65 8.72 8.44 7.44 7.93 7.89
8.35 7.07 6.55 8.33 9.64 11.51 9.91 8.06 7.07 6.12 6.73 10.34 6.96 8.37 5.21 8.15 9.13 8.39 7.32 10.82 9.96 12.80 13.01 15.82 13.35 14.16 12.69 17.61 9.87 8.13 7.44 8.82 8.15 11.21 10.51 10.62 6.64 6.03 5.36 9.84 10.80 10.34 10.76 8.51 9.05 9.21 8.85 7.80 7.76 7.73 7.32 7.02 6.93 6.84 7.57 7.74 8.13 7.46 6.68 6.58 7.24 9.06 6.97 7.55 7.67 7.21 7.20 7.46 7.05 7.22 7.95 7.62 8.21 8.27 8.04 7.91 7.91 7.30
9.01 7.66 7.02 7.22 9.18 9.34 10.11 9.03 8.09 7.32 6.83 7.48 10.48 6.06 11.24 10.22 10.35 11.95 10.28 7.89 8.29 10.64 9.48 12.03 11.89 9.98 15.69 15.33 7.93 8.84 6.32 7.34 9.58 10.43 9.45 8.40 6.36 5.82 7.97 7.35 9.72 9.46 8.64 8.97 8.58 8.12 8.08 7.17 6.78 6.73 6.66 8.46 6.87 7.76 7.04 7.06 6.71 6.62 6.88 7.91 8.84 7.79 7.15 7.34 7.23 7.00 7.27 7.83 8.21 6.59 7.72 8.73 7.94 7.65 8.04 7.01 7.28 8.18
8.65 8.18 8.72 9.67 11.04 -9999 -9999 -9999 -9999 8.70 8.51 9.75 6.90 5.68 7.69 8.01 7.80 7.40 3.57 14.78 15.80 9.72 8.26 8.72 10.97 12.19 14.54 10.62 8.29 6.90 5.92 11.05 9.43 11.20 7.54 7.03 6.37 6.34 9.17 7.24 9.31 9.12 8.09 8.18 7.88 7.50 6.97 6.60 6.45 6.53 6.61 8.02 7.03 7.42 7.46 6.98 6.93 6.93 8.79 8.51 8.14 7.60 7.50 5.87 6.12 6.20 7.64 8.18 7.68 6.23 7.28 8.22 8.00 7.52 8.30 7.61 7.30 7.62
