ML/MeanWindSpeed_2000-02_Actual.txt
ncols         180
nrows         290
xllcorner     -200000
yllcorner     -200000
cellsize      5000
NODATA_value  -9999
[rows 170 to 203 of 290, columns 77 to 153 of 180]
-9999 -9999 -9999 -9999 -9999 -9999 -9999 -9999 -9999 -9999 -9999 -9999 -9999 -9999 -9999 -9999 -9999 -9999 -9999 -9999 -9999 -9999 -9999 -9999 -9999 -9999 -9999 -9999 -9999 12.63 11.57 10.89 11.03 11.24 11.19 10.64 9.93 9.99 9.50 9.18 9.15 9.18 10.05 9.60 15.57 18.87 19.66 16.76 14.78 13.79 11.99 12.10 10.94 12.20 10.92 10.93 10.71 10.70 10.75 10.71 11.07 11.09 10.74 10.08 10.66 13.16 12.48 12.75 11.47 11.79 13.18 15.08 -9999 -9999 -9999 -9999 -9999
-9999 -9999 -9999 -9999 -9999 -9999 -9999 -9999 -9999 20.40 19.24 19.85 21.37 -9999 -9999 -9999 -9999 -9999 -9999 -9999 -9999 -9999 -9999 -9999 -9999 -9999 -9999 -9999 13.43 11.83 12.08 11.21 12.13 11.43 10.50 10.09 9.94 9.59 9.50 9.19 9.06 8.86 8.70 12.64 16.23 16.70 14.31 17.97 16.61 12.56 12.35 9.93 13.12 12.96 11.19 11.03 10.74 10.66 10.67 10.63 10.83 11.26 10.95 10.10 10.20 10.86 13.10 12.93 13.44 11.41 11.42 13.30 15.50 -9999 -9999 -9999 -9999
-9999 -9999 -9999 -9999 -9999 -9999 -9999 -9999 -9999 19.27 18.00 17.89 18.83 -9999 -9999 -9999 -9999 -9999 -9999 -9999 -9999 -9999 -9999 -9999 -9999 -9999 -9999 13.53 12.86 11.68 12.00 13.15 11.54 11.27 9.98 9.74 9.81 9.48 9.64 9.67 8.69 8.04 8.02 10.52 18.17 18.63 14.02 16.13 15.31 14.71 11.13 9.96 12.02 12.62 11.53 10.48 10.39 10.56 11.02 10.78 10.66 10.85 11.25 10.50 10.41 10.54 12.71 12.83 12.77 11.55 11.37 12.09 14.36 -9999 -9999 -9999 -9999
-9999 -9999 -9999 -9999 -9999 -9999 -9999 23.48 19.29 16.99 17.10 16.82 18.29 18.20 19.98 21.13 -9999 -9999 19.98 17.09 -9999 -9999 -9999 14.03 15.42 14.32 -9999 10.93 12.90 11.88 11.41 11.98 11.20 11.25 10.94 11.38 10.64 10.48 9.36 9.68 8.71 8.60 12.59 9.65 12.94 16.57 10.79 13.06 18.72 12.08 13.94 11.16 11.81 11.93 11.19 10.78 10.69 10.67 10.97 10.44 10.60 10.50 11.36 10.45 10.33 10.58 11.25 12.18 13.37 12.81 11.45 11.32 13.21 15.64 -9999 -9999 -9999
-9999 -9999 -9999 -9999 -9999 -9999 -9999 -9999 19.90 17.72 16.67 16.05 16.49 18.21 20.36 17.60 -9999 16.34 17.07 17.21 14.84 15.52 11.52 10.46 15.44 15.23 13.18 -9999 10.12 11.99 11.88 11.00 10.89 11.56 10.55 10.16 9.97 9.67 9.77 9.23 9.38 8.97 12.96 13.79 13.81 14.77 13.89 16.29 16.48 14.14 11.33 10.56 12.56 12.43 10.72 11.25 10.67 11.17 11.22 10.53 10.48 10.36 11.38 10.58 10.48 10.67 10.64 11.66 12.61 13.46 12.38 11.45 12.30 14.61 -9999 -9999 -9999
-9999 -9999 -9999 -9999 -9999 -9999 -9999 -9999 -9999 19.14 17.99 16.84 16.20 16.14 14.34 13.62 21.17 28.64 15.64 17.86 16.55 15.11 12.76 9.51 9.72 12.60 14.93 12.29 9.77 10.25 11.42 10.72 10.96 12.34 11.16 10.36 9.63 9.60 9.53 9.08 8.91 8.93 14.96 16.22 13.97 14.47 12.19 11.58 13.34 13.33 10.93 10.50 11.84 11.03 10.40 11.14 10.68 11.82 11.09 10.88 10.58 10.47 12.01 10.84 10.65 10.79 10.65 11.28 11.94 12.12 12.47 12.92 11.56 13.63 16.15 -9999 -9999
-9999 -9999 -9999 -9999 -9999 -9999 -9999 -9999 -9999 -9999 20.29 17.28 15.41 13.74 13.25 16.49 33.13 24.73 14.12 19.30 12.76 15.75 15.16 10.72 8.34 15.82 13.11 13.52 11.68 9.99 10.22 10.31 9.59 10.87 11.37 10.79 10.15 9.51 9.59 9.07 8.59 10.74 12.44 16.93 14.45 15.49 14.33 9.52 12.34 14.55 11.02 10.94 11.59 10.67 10.53 10.78 10.69 11.94 11.01 10.76 10.96 10.66 11.57 11.41 10.93 10.89 10.86 11.10 11.82 13.25 12.06 11.28 11.33 13.07 15.69 -9999 -9999
-9999 -9999 -9999 -9999 -9999 -9999 -9999 -9999 -9999 -9999 -9999 17.49 14.55 14.70 17.26 29.85 33.35 24.98 19.45 17.70 16.77 17.17 17.03 16.15 11.09 10.01 16.18 12.88 11.74 11.08 10.03 9.92 10.05 10.26 10.81 10.23 9.60 9.66 9.51 9.17 9.37 10.59 13.23 14.66 12.27 12.80 14.75 12.31 9.39 14.29 11.09 10.85 11.40 10.41 10.44 10.38 11.11 11.94 11.18 10.96 10.97 10.45 12.15 11.52 11.22 11.24 11.22 11.61 11.53 11.57 11.15 10.97 11.35 13.47 15.86 -9999 -9999
-9999 -9999 -9999 -9999 -9999 -9999 -9999 -9999 -9999 -9999 -9999 16.60 15.02 18.08 21.59 25.16 29.70 20.68 16.14 17.76 19.19 18.23 18.66 16.26 11.95 8.77 16.30 15.66 12.74 11.94 9.96 9.65 10.10 11.24 10.82 10.32 9.87 9.16 8.80 9.25 11.53 11.48 9.70 15.27 12.40 13.14 15.17 14.79 12.14 11.08 10.32 8.94 10.58 11.31 10.20 10.18 10.21 11.07 10.93 11.40 11.19 10.98 11.67 12.51 12.11 12.07 11.74 11.65 11.38 10.99 10.84 11.35 12.60 14.58 -9999 -9999 -9999
-9999 -9999 -9999 -9999 -9999 -9999 -9999 -9999 -9999 -9999 -9999 15.26 15.49 17.88 18.77 25.49 23.90 19.19 19.41 16.15 16.60 18.79 16.51 18.83 14.77 9.74 14.99 16.31 15.51 11.81 10.58 9.45 10.51 11.89 11.47 10.36 9.53 8.93 9.21 10.85 11.32 9.61 9.56 13.21 12.97 12.72 12.73 11.89 11.85 12.56 8.74 9.68 10.01 9.67 10.15 9.77 11.00 10.32 10.88 11.38 11.44 11.91 14.36 13.47 12.73 12.28 12.05 11.71 11.33 10.97 11.01 12.32 14.15 -9999 -9999 -9999 -9999
-9999 -9999 -9999 -9999 -9999 -9999 -9999 -9999 -9999 -9999 16.47 24.70 16.75 18.79 21.56 17.23 28.89 25.36 22.64 19.53 21.40 16.94 16.92 14.57 11.67 12.79 17.47 15.98 15.31 11.74 10.25 9.32 11.20 11.53 10.93 10.31 9.27 9.05 10.64 10.33 9.81 11.01 12.12 9.91 15.13 14.11 10.89 11.70 10.85 9.90 9.63 8.65 8.70 8.98 10.17 9.71 9.34 11.35 10.85 11.28 11.78 12.50 14.44 13.45 12.77 12.51 11.99 11.66 11.05 10.73 11.77 13.47 -9999 -9999 -9999 -9999 -9999
-9999 -9999 -9999 -9999 -9999 -9999 -9999 -9999 17.36 16.57 20.57 18.30 15.85 16.86 18.58 14.23 16.40 18.94 22.29 20.60 21.28 18.41 17.51 10.32 12.79 12.82 10.48 11.70 11.30 12.04 10.83 10.01 11.24 11.64 11.38 10.25 9.91 11.01 10.16 10.71 9.69 11.42 12.20 11.94 10.94 10.05 11.92 11.33 10.61 10.33 10.02 9.61 8.20 9.29 9.14 8.51 9.14 10.11 10.77 11.39 11.52 12.44 14.18 13.24 12.42 12.29 11.71 11.28 10.72 10.92 12.28 -9999 -9999 -9999 -9999 -9999 15.64
-9999 -9999 -9999 -9999 -9999 -9999 -9999 17.62 17.10 16.92 17.18 16.72 16.34 15.01 12.52 11.13 13.61 16.23 18.72 25.95 15.81 12.22 10.80 7.12 14.66 16.64 16.34 13.00 11.66 12.15 11.75 11.23 11.66 12.33 11.58 10.90 10.52 11.05 11.32 9.64 9.58 11.61 11.79 11.33 10.80 10.93 11.33 10.06 10.53 9.25 9.11 9.67 8.95 8.36 7.91 8.45 9.84 10.00 10.58 11.17 11.59 12.23 14.26 13.45 12.34 11.84 11.36 10.96 10.51 10.73 11.84 -9999 -9999 -9999 -9999 -9999 13.97
-9999 -9999 -9999 -9999 -9999 -9999 18.30 19.02 17.95 17.75 -9999 -9999 -9999 -9999 12.23 18.21 16.04 16.37 19.04 15.74 11.89 13.99 12.25 10.37 21.37 19.03 16.28 17.15 13.67 11.36 11.95 12.07 11.58 11.73 11.52 10.92 11.23 10.38 11.67 9.98 9.77 10.40 11.06 11.33 11.13 10.02 10.14 10.01 9.82 9.21 8.79 8.37 8.18 8.06 8.46 9.40 9.69 9.96 11.15 12.12 12.46 12.56 13.59 13.22 12.76 11.58 11.15 10.69 10.19 10.11 11.00 12.82 -9999 -9999 -9999 -9999 12.71
-9999 -9999 -9999 -9999 -9999 -9999 20.03 21.65 17.99 18.53 -9999 -9999 -9999 -9999 12.47 15.78 17.79 12.23 17.37 15.40 13.21 15.80 17.32 13.64 18.60 11.34 13.21 13.71 12.63 11.34 11.53 11.94 11.75 12.00 12.52 11.22 11.67 11.02 10.87 11.28 10.03 10.32 9.61 10.59 11.67 12.10 11.95 10.09 9.32 9.03 8.82 9.16 8.40 8.67 9.42 10.01 11.15 10.79 13.31 13.67 14.08 13.12 13.48 13.13 12.60 11.41 11.15 10.69 10.10 9.77 9.86 11.02 12.16 -9999 -9999 13.15 12.56
-9999 -9999 -9999 -9999 -9999 -9999 -9999 -9999 -9999 -9999 -9999 -9999 -9999 -9999 13.65 18.38 15.81 11.35 13.59 10.90 17.62 16.02 10.55 14.69 14.36 12.73 13.83 11.97 11.26 10.55 11.93 11.78 12.17 11.86 11.32 11.15 10.92 10.51 10.61 11.08 10.21 9.90 10.17 10.53 10.25 11.26 11.48 9.23 10.58 11.57 10.11 9.96 9.47 8.50 9.80 11.21 12.63 12.66 12.49 13.37 14.40 13.79 14.02 13.27 12.66 11.34 11.16 10.78 10.30 9.81 9.34 9.60 10.43 11.63 12.30 12.07 12.12
-9999 -9999 -9999 -9999 -9999 -9999 -9999 -9999 -9999 -9999 -9999 -9999 -9999 -9999 -9999 18.49 8.84 8.90 12.91 17.25 15.03 16.38 15.32 10.68 12.18 13.90 10.31 10.39 9.81 10.17 10.72 11.48 11.69 11.72 11.31 10.82 10.51 10.69 10.40 10.92 10.49 9.91 12.36 11.57 10.16 10.05 10.00 10.02 9.80 10.95 11.11 10.44 11.72 9.85 9.83 10.97 10.86 11.70 12.34 12.62 14.27 14.25 13.74 12.74 12.60 11.42 11.24 10.89 10.41 10.03 9.81 9.77 9.82 10.49 11.08 11.33 11.24
-9999 -9999 -9999 -9999 -9999 -9999 -9999 -9999 -9999 -9999 -9999 -9999 -9999 -9999 -9999 13.37 17.93 18.68 15.76 13.21 11.58 13.98 11.19 11.27 9.66 9.29 12.08 9.61 9.58 11.95 11.50 11.41 11.27 10.55 10.48 11.07 10.78 11.95 11.68 11.14 10.38 9.75 12.07 13.07 11.45 10.19 9.70 10.01 10.00 9.92 10.29 11.17 13.83 12.30 10.31 10.10 10.82 12.38 14.00 14.33 13.93 14.52 13.74 12.58 11.90 11.43 11.32 11.00 10.75 10.42 10.21 10.18 10.28 10.57 10.92 11.36 11.35
-9999 -9999 -9999 -9999 -9999 -9999 -9999 -9999 -9999 -9999 -9999 -9999 -9999 -9999 16.16 15.30 12.13 21.13 13.89 10.80 13.13 12.45 10.67 14.07 10.25 9.93 12.96 8.94 16.34 12.70 10.60 11.00 12.53 10.67 10.21 13.52 13.18 12.10 10.62 10.98 10.72 10.22 11.13 11.83 11.44 10.51 10.12 9.91 9.95 10.38 10.16 11.61 11.62 11.08 10.57 10.35 11.38 12.83 14.34 14.57 13.50 13.57 12.93 12.24 11.79 11.46 11.31 11.17 10.98 10.72 10.48 10.45 10.56 10.57 10.84 11.64 11.64
-9999 -9999 -9999 -9999 -9999 -9999 -9999 -9999 -9999 -9999 -9999 -9999 -9999 -9999 14.51 15.21 20.94 13.14 7.67 9.77 9.77 11.73 14.88 14.60 11.37 11.01 11.19 9.21 10.38 11.66 13.37 13.21 11.07 11.07 10.89 11.46 12.23 10.68 10.33 11.07 10.87 11.31 11.77 11.29 11.50 11.00 10.40 10.06 9.81 9.90 10.10 11.17 11.63 11.05 9.96 10.53 12.20 13.96 13.49 14.37 14.20 13.16 12.10 12.75 11.73 11.84 11.41 11.28 10.96 10.78 10.64 10.50 10.51 10.58 10.73 11.84 11.63
-9999 -9999 -9999 -9999 -9999 -9999 -9999 -9999 -9999 -9999 -9999 -9999 -9999 -9999 15.78 17.81 9.43 10.87 9.20 10.54 10.73 16.57 14.39 16.09 12.55 11.37 9.26 8.02 9.23 13.37 15.93 17.36 11.58 13.31 11.71 11.95 11.79 9.87 10.09 10.54 10.96 11.48 10.86 11.03 12.53 11.51 10.25 10.06 11.30 9.65 10.27 10.77 10.68 10.14 9.92 10.83 11.77 12.57 12.93 12.98 12.12 11.90 12.33 12.49 11.23 11.12 11.31 11.16 10.98 10.69 10.42 10.42 10.44 10.52 10.69 11.11 10.96
-9999 -9999 -9999 -9999 -9999 -9999 -9999 -9999 -9999 -9999 -9999 -9999 -9999 -9999 -9999 10.96 12.01 14.00 16.31 17.21 14.47 14.97 12.65 9.20 9.04 8.31 9.62 9.94 9.15 11.14 12.13 16.08 13.27 11.71 11.25 12.92 12.44 9.88 10.93 9.90 10.29 13.02 10.99 10.81 10.77 10.90 9.79 9.60 11.52 10.83 10.13 10.78 10.34 10.06 10.54 11.62 11.37 11.49 11.23 12.10 11.22 12.52 12.48 11.30 10.99 11.56 11.32 10.80 10.62 10.36 10.27 10.30 10.33 10.42 10.49 10.58 10.67
-9999 -9999 -9999 -9999 -9999 -9999 -9999 -9999 -9999 -9999 -9999 -9999 -9999 -9999 -9999 12.22 13.15 14.24 16.53 19.64 17.90 13.66 10.34 8.48 10.39 12.90 15.23 17.41 13.57 11.00 12.00 13.50 12.63 10.18 13.82 12.76 12.51 10.78 11.74 10.36 10.02 10.95 12.57 12.04 11.22 10.62 9.86 9.60 10.97 10.76 10.32 10.39 10.85 11.10 11.43 12.04 11.26 10.99 12.47 12.55 12.48 12.14 12.34 11.16 11.48 11.99 10.75 10.41 10.30 10.16 10.21 10.19 10.19 10.27 10.34 10.45 10.42
-9999 -9999 -9999 -9999 -9999 -9999 -9999 -9999 -9999 -9999 -9999 -9999 -9999 -9999 13.52 10.70 11.65 14.52 15.98 14.95 14.41 11.55 12.57 17.98 14.52 14.84 14.92 12.66 11.68 12.70 13.42 11.53 10.48 11.23 13.45 13.21 12.37 10.60 11.91 9.91 9.94 11.83 11.20 11.70 11.80 11.02 10.51 10.05 11.06 10.88 10.01 10.32 10.36 10.28 11.28 10.93 12.21 11.58 12.42 11.58 11.94 12.07 11.01 10.72 11.69 11.48 10.27 10.09 10.37 10.06 10.19 10.18 10.30 10.27 10.21 10.22 10.03
-9999 -9999 -9999 -9999 -9999 -9999 -9999 -9999 -9999 -9999 -9999 -9999 -9999 -9999 15.84 12.77 11.11 10.94 13.39 17.85 16.94 14.90 12.78 13.62 15.46 16.98 17.02 12.47 15.11 16.49 11.81 14.43 9.67 10.57 12.79 14.86 10.94 11.48 10.01 9.15 9.60 10.65 13.99 12.13 12.10 11.48 10.99 10.77 10.95 10.54 9.92 10.08 10.00 9.91 9.92 11.49 12.13 12.11 12.81 11.60 11.03 10.97 10.40 10.79 11.33 10.95 10.37 10.73 10.44 10.73 10.26 10.25 10.52 10.52 10.18 10.00 9.79
-9999 -9999 -9999 -9999 -9999 -9999 -9999 -9999 -9999 -9999 -9999 -9999 -9999 -9999 13.84 12.04 7.99 9.45 12.85 17.94 15.55 15.55 12.47 14.82 14.20 12.63 13.76 14.73 14.65 12.92 11.41 12.08 14.99 10.63 10.53 10.61 10.77 12.53 10.85 9.14 9.52 10.54 11.16 11.06 12.19 11.63 11.12 11.17 10.30 9.59 10.14 10.33 10.42 9.72 10.47 12.01 12.04 11.02 11.25 12.17 10.91 11.11 9.90 10.92 11.09 10.20 10.14 10.40 9.77 10.05 9.99 10.09 10.22 10.08 9.94 9.87 9.72
-9999 -9999 -9999 -9999 -9999 -9999 -9999 -9999 -9999 -9999 -9999 -9999 -9999 13.45 13.98 15.60 11.77 9.08 13.60 15.05 17.29 16.87 10.77 11.41 10.50 12.44 14.62 12.78 12.84 15.18 13.37 12.48 11.82 10.35 9.21 9.37 10.62 10.72 10.45 10.18 9.65 9.57 10.58 11.05 10.37 10.92 10.58 11.22 10.18 9.94 10.01 9.47 9.32 9.69 11.11 11.08 11.19 10.40 11.36 11.45 10.88 9.84 10.72 10.76 10.83 11.01 10.53 10.04 9.90 9.74 9.92 10.04 9.92 9.79 9.60 9.48 9.64
-9999 -9999 -9999 -9999 -9999 -9999 -9999 -9999 -9999 -9999 -9999 -9999 15.47 14.49 14.60 11.67 9.08 12.46 16.08 16.50 13.89 15.74 11.06 12.65 10.90 10.72 18.67 13.53 14.62 12.41 12.72 11.07 10.53 10.28 11.08 9.77 12.13 10.37 11.02 9.62 9.44 9.69 10.17 10.62 10.21 10.38 10.76 10.84 9.22 9.80 9.63 9.70 9.84 10.24 11.02 10.24 11.16 10.57 10.84 9.88 9.68 10.93 11.30 10.69 10.89 10.70 9.72 10.24 10.31 10.28 10.23 9.87 9.57 9.26 9.48 9.48 10.29
-9999 -9999 -9999 -9999 -9999 -9999 -9999 -9999 -9999 -9999 18.09 15.79 13.69 11.00 9.94 9.85 9.84 13.46 14.63 15.95 17.38 14.88 12.01 7.81 11.51 11.37 16.63 13.80 13.04 13.27 11.63 11.11 9.43 9.72 11.52 10.77 11.10 9.02 9.65 9.69 9.83 10.59 10.24 10.71 9.87 10.01 10.29 9.39 9.12 9.41 10.31 9.98 10.91 11.67 11.12 10.54 9.98 9.69 10.54 11.03 10.62 10.94 9.87 10.76 10.91 10.10 9.25 9.39 10.49 10.36 10.40 9.45 9.12 8.86 9.21 10.45 10.98
-9999 -9999 -9999 -9999 -9999 -9999 18.14 16.79 15.01 18.47 18.07 17.60 16.81 12.90 11.12 9.76 15.12 12.70 14.61 14.45 13.72 9.88 8.37 6.45 9.00 9.75 18.22 16.67 14.10 11.59 12.06 11.09 12.05 8.10 10.15 10.65 10.40 9.94 9.41 9.26 10.57 10.00 9.41 10.93 9.70 9.59 9.04 9.28 9.79 10.33 9.38 10.37 9.94 10.44 11.53 11.29 10.89 10.51 11.08 11.02 10.53 10.06 10.92 9.78 9.66 9.44 9.10 9.98 10.33 10.41 9.62 8.91 8.95 9.22 10.56 10.84 10.46
-9999 -9999 -9999 -9999 -9999 19.14 16.18 16.57 15.40 14.49 16.33 15.29 15.22 11.98 9.70 13.25 13.60 13.51 8.96 14.82 9.94 6.95 12.97 9.61 6.53 15.94 14.54 13.51 9.02 9.24 10.23 13.59 9.32 8.17 8.12 8.42 10.68 10.69 10.91 9.71 10.14 9.48 9.36 10.38 9.73 9.11 9.05 9.41 10.08 9.77 11.90 9.79 9.48 10.04 10.98 10.29 10.20 9.72 9.92 10.47 10.19 10.92 10.16 9.45 9.51 9.78 9.20 9.56 9.64 9.00 8.76 8.65 8.81 9.17 9.91 11.03 11.13
-9999 -9999 -9999 -9999 18.40 17.60 13.85 13.21 13.34 14.40 13.63 13.97 12.42 12.59 17.06 12.96 10.67 13.99 6.52 9.26 8.88 12.67 11.99 13.24 11.25 11.76 10.63 7.71 13.75 13.64 9.53 9.83 8.75 8.01 8.55 7.96 8.64 11.10 11.77 9.31 9.08 9.21 9.78 9.02 8.33 8.73 11.77 9.50 9.23 9.94 10.87 10.07 9.48 10.18 10.80 10.70 11.25 10.48 9.55 9.37 9.35 10.47 9.98 9.28 10.23 10.02 9.28 9.36 9.12 8.75 8.96 9.01 9.07 9.52 9.88 11.03 10.46
16.69 18.51 15.88 17.75 14.66 14.35 15.06 13.79 13.21 15.68 14.08 13.78 13.47 16.39 15.10 12.29 12.76 11.01 7.59 7.02 11.16 11.76 9.97 10.68 13.35 9.84 6.44 13.19 15.46 12.55 12.62 9.50 9.62 8.48 9.00 11.47 9.32 12.13 10.17 9.04 8.76 9.16 10.94 7.94 8.34 13.07 10.02 9.37 9.33 10.10 11.19 9.59 9.67 10.08 9.74 10.37 10.32 9.66 9.18 9.53 9.09 9.57 9.96 9.91 9.40 8.97 8.68 8.60 9.10 10.63 9.74 10.66 9.88 8.81 10.59 10.80 11.25
16.00 14.12 13.51 16.88 20.56 19.08 18.37 14.52 15.84 17.83 16.10 15.28 17.55 15.00 13.62 15.65 10.96 6.95 7.12 7.32 10.63 10.52 10.07 9.65 9.27 7.47 10.18 21.82 17.21 13.00 10.09 10.75 10.14 12.13 10.40 11.04 9.82 9.74 9.61 9.49 8.76 8.45 8.32 7.61 11.78 12.58 11.47 9.72 9.23 12.34 10.59 9.63 9.86 9.38 10.24 10.11 9.69 8.71 9.91 9.39 8.67 10.63 10.36 9.05 8.81 8.69 8.48 9.05 10.18 10.55 10.14 10.56 9.59 9.13 10.44 11.09 10.79
