ML/MeanWindSpeed_1998-03_Actual.txt
ncols         180
nrows         290
xllcorner     -200000
yllcorner     -200000
cellsize      5000
NODATA_value  -9999
[rows 175 to 209 of 290, columns 78 to 155 of 180]
-9999 -9999 -9999 -9999 -9999 -9999 -9999 -9999 13.40 12.59 11.70 11.06 10.64 8.67 7.81 13.75 19.59 9.93 12.49 12.26 11.54 9.76 7.16 7.37 9.66 11.46 9.40 7.47 7.84 8.68 8.09 8.30 9.47 8.65 8.09 7.54 7.50 7.42 7.02 6.77 6.84 11.70 12.78 11.17 11.56 9.59 9.13 10.58 10.41 8.41 7.99 9.07 8.46 7.91 8.47 8.12 9.07 8.51 8.34 8.12 8.09 9.35 8.46 8.30 8.43 8.36 8.93 9.52 9.69 9.96 10.32 9.29 10.90 12.85 -9999 -9999 -9999 -9999
-9999 -9999 -9999 -9999 -9999 -9999 -9999 -9999 -9999 14.34 11.95 10.24 8.42 7.31 9.55 22.66 16.29 8.26 13.15 9.12 12.01 11.74 8.18 6.36 12.28 10.17 10.41 8.97 7.67 7.80 7.81 7.28 8.40 8.84 8.44 7.96 7.48 7.54 7.11 6.67 8.39 9.94 13.49 11.59 12.42 11.37 7.52 9.75 11.36 8.46 8.34 8.90 8.20 8.03 8.22 8.18 9.19 8.48 8.29 8.47 8.31 9.12 9.00 8.59 8.55 8.54 8.78 9.46 10.63 9.72 9.14 9.19 10.54 12.56 -9999 -9999 -9999 -9999
-9999 -9999 -9999 -9999 -9999 -9999 -9999 -9999 -9999 -9999 11.91 9.25 8.79 10.19 19.85 23.06 16.65 12.10 11.43 11.80 12.90 13.16 12.40 8.41 7.79 12.69 10.09 9.09 8.53 7.70 7.58 7.72 8.03 8.49 8.06 7.59 7.67 7.57 7.32 7.50 8.49 10.78 11.99 10.00 10.33 11.69 9.64 7.44 11.18 8.49 8.27 8.77 8.02 7.99 7.96 8.55 9.23 8.64 8.49 8.52 8.17 9.60 9.13 8.85 8.85 8.86 9.23 9.29 9.41 9.11 9.03 9.31 10.94 12.77 -9999 -9999 -9999 -9999
-9999 -9999 -9999 -9999 -9999 -9999 -9999 -9999 -9999 -9999 11.01 9.40 11.28 13.71 16.63 20.72 13.57 9.48 11.19 13.25 13.33 14.23 12.50 9.01 6.75 12.84 12.33 9.98 9.24 7.64 7.38 7.79 8.82 8.59 8.21 7.89 7.36 7.10 7.50 9.33 9.33 8.11 12.54 10.16 10.60 12.03 11.58 9.60 8.79 7.97 6.83 8.15 8.73 7.84 7.85 7.90 8.60 8.46 8.84 8.70 8.57 9.19 9.88 9.53 9.50 9.28 9.29 9.20 9.02 8.95 9.37 10.33 11.85 -9999 -9999 -9999 -9999 -9999
-9999 -9999 -9999 -9999 -9999 -9999 -9999 -9999 -9999 -9999 9.88 9.80 11.48 12.00 17.22 16.21 12.38 12.22 10.10 11.33 13.80 12.61 14.58 11.31 7.50 11.87 12.94 12.24 9.24 8.14 7.26 8.16 9.36 9.14 8.31 7.71 7.28 7.54 8.86 9.32 8.03 7.99 10.94 10.66 10.32 10.26 9.48 9.41 9.94 6.83 7.49 7.80 7.53 7.89 7.61 8.56 8.04 8.44 8.83 8.88 9.28 11.26 10.62 10.02 9.68 9.54 9.37 9.18 9.03 9.14 10.18 11.59 -9999 -9999 -9999 -9999 -9999 -9999
-9999 -9999 -9999 -9999 -9999 -9999 -9999 -9999 -9999 11.05 17.29 11.22 12.80 14.69 11.24 19.98 17.08 14.94 13.09 15.43 12.75 13.28 11.63 9.29 10.04 13.94 12.94 12.28 9.30 7.99 7.24 8.79 9.18 8.77 8.30 7.53 7.43 8.75 8.56 8.27 9.21 9.99 8.40 12.40 11.45 8.92 9.48 8.68 7.84 7.53 6.73 6.82 7.06 7.98 7.59 7.28 8.81 8.38 8.73 9.13 9.75 11.36 10.64 10.08 9.89 9.52 9.36 9.01 8.90 9.78 11.14 -9999 -9999 -9999 -9999 -9999 -9999 -9999
-9999 -9999 -9999 -9999 -9999 -9999 -9999 11.86 11.30 14.47 12.79 11.11 12.04 13.20 9.47 10.78 12.64 15.33 14.49 15.78 14.37 14.16 8.76 10.65 10.60 8.92 9.99 9.44 9.67 8.56 7.88 8.93 9.36 9.15 8.27 8.06 9.02 8.47 8.94 8.20 9.58 10.16 10.02 9.21 8.36 9.67 9.19 8.52 8.17 7.85 7.51 6.45 7.32 7.19 6.70 7.13 7.81 8.28 8.78 8.92 9.75 11.22 10.52 9.84 9.74 9.35 9.13 8.85 9.15 10.27 -9999 -9999 -9999 -9999 -9999 12.84 12.59 12.22
-9999 -9999 -9999 -9999 -9999 -9999 12.09 11.78 11.79 12.22 12.04 11.93 10.99 8.86 7.68 9.44 11.34 13.59 19.64 12.44 10.27 9.44 6.68 12.52 14.03 13.82 11.23 9.84 9.83 9.35 8.90 9.31 9.90 9.31 8.74 8.52 9.07 9.41 8.15 8.08 9.75 9.91 9.51 9.06 9.04 9.19 8.16 8.43 7.34 7.17 7.60 7.04 6.59 6.23 6.65 7.62 7.66 8.05 8.49 8.85 9.52 11.23 10.63 9.76 9.39 9.09 8.93 8.76 9.08 10.00 -9999 -9999 -9999 -9999 -9999 11.56 10.98 10.75
-9999 -9999 -9999 -9999 -9999 12.56 13.21 12.52 12.58 -9999 -9999 -9999 -9999 8.54 13.28 11.58 11.97 14.58 12.54 10.14 12.30 11.20 9.78 18.37 16.52 14.15 14.53 11.43 9.31 9.61 9.65 9.30 9.47 9.30 8.79 9.10 8.61 9.72 8.45 8.25 8.81 9.32 9.45 9.22 8.27 8.28 8.12 7.91 7.34 6.99 6.65 6.45 6.32 6.63 7.33 7.43 7.51 8.31 9.03 9.32 9.55 10.51 10.31 10.00 9.15 8.94 8.76 8.56 8.66 9.41 10.83 -9999 -9999 -9999 -9999 10.63 10.06 9.97
-9999 -9999 -9999 -9999 -9999 13.95 15.31 12.62 13.15 -9999 -9999 -9999 -9999 8.52 11.44 13.10 9.00 13.59 12.70 11.55 14.11 15.67 12.99 17.05 11.29 12.28 12.21 10.79 9.40 9.39 9.63 9.48 9.70 10.11 9.08 9.47 9.11 9.10 9.43 8.46 8.71 8.14 8.80 9.52 9.80 9.66 8.13 7.49 7.22 7.01 7.26 6.61 6.75 7.28 7.69 8.43 7.98 9.80 10.01 10.32 9.69 10.15 10.04 9.75 8.95 8.90 8.74 8.49 8.41 8.57 9.49 10.37 -9999 -9999 10.99 10.52 10.18 10.41
-9999 -9999 -9999 -9999 -9999 -9999 -9999 -9999 -9999 -9999 -9999 -9999 -9999 9.55 13.77 11.94 8.45 10.81 9.52 15.32 14.75 10.93 14.33 14.19 12.66 13.04 11.10 9.93 8.91 9.77 9.57 9.87 9.64 9.24 9.10 8.94 8.72 8.85 9.21 8.52 8.31 8.52 8.72 8.42 9.14 9.24 7.40 8.42 9.17 8.01 7.89 7.45 6.62 7.56 8.60 9.55 9.37 9.11 9.71 10.47 10.05 10.37 10.02 9.74 8.86 8.87 8.79 8.62 8.42 8.16 8.42 9.07 9.96 10.41 10.17 10.19 9.57 10.44
-9999 -9999 -9999 -9999 -9999 -9999 -9999 -9999 -9999 -9999 -9999 -9999 -9999 -9999 13.93 6.66 6.71 10.51 14.65 13.69 15.40 14.86 11.28 12.34 13.42 10.22 9.80 8.84 8.67 8.89 9.39 9.54 9.57 9.26 8.87 8.63 8.82 8.63 9.04 8.64 8.17 10.10 9.49 8.38 8.24 8.12 8.04 7.82 8.70 8.80 8.29 9.25 7.72 7.63 8.45 8.21 8.69 9.05 9.15 10.39 10.39 10.09 9.60 9.72 8.91 8.90 8.81 8.63 8.52 8.46 8.50 8.55 9.05 9.45 9.61 9.53 9.65 10.63
-9999 -9999 -9999 -9999 -9999 -9999 -9999 -9999 -9999 -9999 -9999 -9999 -9999 -9999 9.89 13.67 14.42 12.77 11.65 11.20 13.58 11.63 11.63 10.20 9.65 11.36 8.96 8.54 10.05 9.57 9.43 9.27 8.68 8.58 9.03 8.83 9.76 9.58 9.20 8.53 7.98 9.82 10.61 9.35 8.35 7.93 8.10 8.07 8.03 8.25 8.93 10.96 9.68 8.05 7.81 8.22 9.26 10.36 10.51 10.17 10.65 10.21 9.72 9.33 8.99 8.98 8.87 8.84 8.75 8.70 8.75 8.85 9.07 9.32 9.66 9.65 9.51 10.34
-9999 -9999 -9999 -9999 -9999 -9999 -9999 -9999 -9999 -9999 -9999 -9999 -9999 11.69 11.34 9.28 16.65 11.50 9.69 12.07 12.08 10.91 13.51 10.41 9.92 11.78 8.23 13.67 10.65 8.90 9.15 10.28 8.76 8.36 10.95 10.71 9.88 8.75 9.03 8.78 8.36 9.12 9.68 9.32 8.57 8.23 8.06 8.13 8.48 8.30 9.43 9.41 8.84 8.27 7.98 8.65 9.65 10.71 10.80 9.96 10.12 10.01 9.72 9.36 9.08 9.00 8.99 8.98 8.92 8.84 8.90 9.02 9.04 9.24 9.89 9.89 9.65 9.99
-9999 -9999 -9999 -9999 -9999 -9999 -9999 -9999 -9999 -9999 -9999 -9999 -9999 10.67 11.67 16.62 10.93 6.90 8.73 9.05 11.08 13.71 13.46 10.88 10.45 10.24 8.32 8.99 9.84 11.05 10.86 9.15 9.09 8.95 9.48 10.11 8.88 8.56 9.10 8.89 9.21 9.64 9.31 9.41 8.96 8.48 8.26 8.10 8.17 8.34 9.22 9.58 8.95 7.87 8.17 9.39 10.71 10.29 10.92 10.80 10.17 9.60 10.17 9.35 9.43 9.13 9.11 8.98 8.96 8.95 8.92 8.97 9.04 9.17 10.07 9.93 9.53 9.73
-9999 -9999 -9999 -9999 -9999 -9999 -9999 -9999 -9999 -9999 -9999 -9999 -9999 12.07 13.97 7.82 9.04 7.77 8.98 9.48 14.45 12.97 14.33 11.51 10.46 8.59 7.24 8.02 11.07 12.95 14.05 9.51 10.81 9.63 9.97 9.86 8.28 8.36 8.69 8.99 9.36 8.91 9.07 10.22 9.39 8.40 8.30 9.31 8.03 8.51 8.94 8.84 8.28 7.93 8.56 9.27 9.86 10.12 10.11 9.43 9.37 9.83 9.98 9.00 8.92 9.10 9.07 9.02 8.90 8.77 8.84 8.91 9.00 9.16 9.54 9.45 9.61 9.55
-9999 -9999 -9999 -9999 -9999 -9999 -9999 -9999 -9999 -9999 -9999 -9999 -9999 -9999 8.68 9.71 11.22 13.05 13.99 12.23 12.93 11.37 8.79 8.50 7.77 8.57 8.58 7.89 9.35 10.18 13.20 10.88 9.65 9.36 10.78 10.37 8.28 9.02 8.20 8.48 10.61 9.07 8.93 8.89 8.99 8.11 8.02 9.54 8.98 8.43 8.95 8.56 8.24 8.52 9.36 9.17 9.26 9.00 9.62 8.93 9.98 10.01 9.11 8.89 9.36 9.22 8.89 8.82 8.70 8.69 8.77 8.83 8.94 9.02 9.13 9.22 9.46 9.48
-9999 -9999 -9999 -9999 -9999 -9999 -9999 -9999 -9999 -9999 -9999 -9999 -9999 -9999 9.70 10.45 11.41 13.43 16.12 15.00 11.72 9.17 7.74 9.07 10.88 12.59 14.21 11.24 9.40 10.25 11.37 10.48 8.53 11.47 10.73 10.42 8.97 9.68 8.56 8.27 9.03 10.28 9.88 9.25 8.72 8.12 8.12 9.19 8.96 8.58 8.63 8.94 9.05 9.28 9.78 9.18 8.96 10.06 10.13 10.07 9.86 10.03 9.12 9.39 9.85 8.93 8.72 8.68 8.62 8.68 8.70 8.73 8.83 8.90 9.02 9.01 8.98 8.93
-9999 -9999 -9999 -9999 -9999 -9999 -9999 -9999 -9999 -9999 -9999 -9999 -9999 10.78 8.63 9.51 12.06 13.40 12.77 12.29 9.89 10.48 14.62 11.94 12.19 12.28 10.57 9.79 10.58 11.22 9.79 8.78 9.37 11.25 11.14 10.38 8.89 9.86 8.22 8.19 9.72 9.25 9.60 9.65 8.98 8.48 8.37 9.29 9.12 8.37 8.61 8.60 8.50 9.27 9.02 10.00 9.49 10.17 9.58 9.93 10.12 9.32 9.10 9.88 9.77 8.81 8.67 8.88 8.63 8.73 8.72 8.83 8.83 8.80 8.84 8.70 9.08 9.45
-9999 -9999 -9999 -9999 -9999 -9999 -9999 -9999 -9999 -9999 -9999 -9999 -9999 12.74 10.44 9.31 9.37 11.55 15.06 14.10 12.26 10.47 11.21 12.71 13.95 14.04 10.52 12.49 13.41 9.79 11.84 8.06 8.84 10.85 12.56 9.40 9.70 8.49 7.67 7.89 8.76 11.41 9.97 9.89 9.37 8.98 8.93 9.19 8.86 8.33 8.46 8.39 8.30 8.31 9.56 10.05 10.05 10.69 9.87 9.56 9.64 9.29 9.65 10.11 9.79 9.20 9.38 9.09 9.25 8.83 8.81 9.00 9.03 8.77 8.66 8.51 8.60 9.45
-9999 -9999 -9999 -9999 -9999 -9999 -9999 -9999 -9999 -9999 -9999 -9999 -9999 11.24 9.95 6.88 8.17 11.06 15.07 13.03 12.79 10.32 12.29 11.85 10.68 11.56 12.22 12.09 10.62 9.36 9.93 12.17 8.99 9.29 9.41 9.41 10.66 9.23 7.76 7.91 8.73 9.29 9.19 10.02 9.58 9.19 9.29 8.68 8.10 8.51 8.67 8.75 8.20 8.81 10.08 10.14 9.39 9.70 10.56 9.75 10.10 9.31 10.21 10.38 9.62 9.38 9.41 8.77 8.85 8.70 8.72 8.79 8.68 8.58 8.55 8.47 8.86 8.56
-9999 -9999 -9999 -9999 -9999 -9999 -9999 -9999 -9999 -9999 -9999 -9999 10.72 11.38 12.73 9.78 7.84 11.53 12.79 14.37 13.84 9.05 9.61 8.83 10.41 12.18 10.67 10.65 12.36 10.83 10.16 9.72 8.84 8.37 8.62 9.45 9.40 8.98 8.57 8.05 8.04 8.88 9.23 8.67 9.07 8.82 9.34 8.54 8.34 8.40 7.99 7.90 8.22 9.36 9.44 9.60 9.04 9.93 10.19 9.93 9.36 10.20 10.33 10.42 10.48 9.93 9.35 9.03 8.72 8.70 8.70 8.56 8.43 8.27 8.21 8.37 8.81 8.89
-9999 -9999 -9999 -9999 -9999 -9999 -9999 -9999 -9999 -9999 -9999 12.19 11.60 11.96 9.75 7.71 10.39 13.30 13.68 11.54 12.86 9.12 10.35 8.95 8.95 15.32 11.30 12.07 10.27 10.36 9.05 8.70 8.88 9.93 9.07 10.81 9.31 9.50 8.14 7.88 8.05 8.50 8.89 8.54 8.66 8.95 9.02 7.76 8.22 8.11 8.19 8.34 8.72 9.39 8.88 9.64 9.24 9.62 9.09 9.13 10.32 10.76 10.38 10.55 10.34 9.41 9.58 9.39 9.17 8.95 8.57 8.26 7.96 8.11 8.14 8.81 9.19 9.50
-9999 -9999 -9999 -9999 -9999 -9999 -9999 -9999 -9999 14.25 12.49 10.91 9.03 8.39 8.30 8.19 10.94 11.92 12.96 13.99 11.96 9.60 6.38 9.23 9.35 13.75 11.58 10.88 10.96 9.58 9.14 8.03 8.89 10.64 10.12 10.28 8.42 8.52 8.19 8.15 8.67 8.47 8.89 8.24 8.35 8.56 7.86 7.63 7.90 8.63 8.40 9.16 9.85 9.51 9.11 8.72 8.56 9.39 10.00 9.90 10.38 9.70 10.46 10.58 9.89 9.06 8.93 9.53 9.21 9.06 8.20 7.84 7.57 7.82 8.82 9.28 9.23 10.09
-9999 -9999 -9999 -9999 -9999 14.34 13.25 11.82 14.49 14.24 13.98 13.46 10.56 9.21 8.05 12.12 10.26 11.78 11.69 11.12 8.08 6.75 5.12 7.18 8.08 15.05 13.87 11.73 9.69 9.97 9.33 10.65 8.23 10.01 10.38 10.00 9.26 8.37 7.87 8.71 8.22 7.81 9.05 8.11 8.00 7.58 7.77 8.14 8.64 7.97 8.77 8.49 8.96 9.84 9.67 9.40 9.18 9.77 9.94 9.79 9.70 10.53 9.72 9.62 9.35 8.88 9.35 9.40 9.26 8.45 7.75 7.65 7.78 8.82 9.09 8.85 9.69 9.13
-9999 -9999 -9999 -9999 15.09 12.83 13.12 12.19 11.56 13.12 12.42 12.35 9.81 7.96 10.59 10.91 10.86 7.31 11.88 8.04 5.65 10.15 7.49 5.31 12.97 12.24 11.52 7.97 8.03 8.80 11.72 9.00 8.48 8.57 8.73 10.21 9.83 9.54 8.24 8.40 7.85 7.78 8.63 8.13 7.65 7.59 7.86 8.39 8.28 10.03 8.42 8.24 8.74 9.48 8.93 8.88 8.56 8.85 9.44 9.42 10.23 9.78 9.32 9.38 9.46 8.81 8.91 8.79 8.11 7.73 7.50 7.50 7.71 8.28 9.19 9.29 9.50 9.29
-9999 -9999 -9999 14.47 13.99 11.17 10.73 10.85 11.78 11.30 11.54 10.24 10.29 13.65 10.45 8.78 11.24 5.30 7.37 6.96 9.78 9.25 10.33 9.07 9.81 9.19 7.05 11.70 11.57 8.53 9.09 8.64 8.32 8.84 8.26 8.49 10.08 10.21 7.98 7.62 7.69 8.14 7.58 7.05 7.41 9.77 8.01 7.88 8.57 9.38 8.76 8.31 8.88 9.36 9.29 9.72 9.15 8.52 8.49 8.60 9.64 9.37 8.90 9.64 9.39 8.65 8.56 8.23 7.77 7.77 7.72 7.69 7.99 8.25 9.11 8.63 8.60 9.02
14.27 12.28 13.83 11.54 11.48 12.14 11.19 10.80 12.79 11.56 11.26 10.99 13.21 12.18 10.01 10.42 8.92 6.05 5.60 8.69 9.12 7.87 8.60 10.77 8.11 5.69 11.08 12.91 10.71 10.93 8.78 9.04 8.22 8.66 10.41 8.62 10.72 8.99 7.81 7.43 7.71 9.06 6.74 7.13 10.93 8.67 8.18 8.22 8.91 9.83 8.54 8.52 8.84 8.55 9.01 8.96 8.44 8.11 8.43 8.15 8.66 9.05 9.04 8.65 8.27 7.92 7.71 7.97 9.05 8.29 8.99 8.35 7.51 8.80 8.81 9.03 8.79 8.69
10.84 10.35 13.07 16.08 15.14 14.63 11.60 12.67 14.26 12.91 12.28 14.07 12.18 11.18 12.68 8.95 5.68 5.62 5.86 8.45 8.50 8.29 8.05 7.59 6.01 8.31 17.67 14.39 11.17 8.88 9.45 8.97 10.35 8.90 9.42 8.56 8.65 8.51 8.23 7.53 7.29 7.18 6.60 10.03 10.93 10.23 8.88 8.46 10.92 9.56 8.67 8.73 8.34 8.96 8.81 8.43 7.63 8.54 8.14 7.60 9.21 9.06 8.06 7.91 7.78 7.51 7.88 8.71 8.96 8.64 9.01 8.27 7.92 8.78 8.93 8.49 8.79 8.69
10.02 10.45 11.93 12.63 12.20 11.05 12.85 11.77 13.58 10.54 11.60 13.81 12.83 10.70 10.76 6.55 5.05 7.92 8.81 7.78 6.58 8.65 6.09 5.23 5.00 10.39 14.68 15.72 9.34 9.85 10.12 10.43 9.52 8.22 9.59 8.97 8.83 8.21 8.22 6.87 6.51 7.52 7.57 10.43 10.70 10.16 8.89 9.53 10.89 10.11 9.40 8.75 8.85 8.64 8.16 7.67 7.53 7.92 8.24 7.87 7.80 7.78 7.54 8.58 9.12 7.69 7.95 8.69 8.91 8.35 8.68 8.49 8.42 8.59 8.40 8.66 8.53 8.56
11.17 10.37 11.28 11.20 11.83 11.27 11.43 12.57 11.38 12.00 10.64 10.34 9.93 8.86 7.50 8.53 6.67 9.95 15.69 7.54 7.59 8.40 12.95 12.69 5.51 6.09 16.70 13.10 10.82 11.26 12.33 10.35 8.26 7.50 9.85 10.17 8.79 7.96 7.43 6.61 6.44 7.82 10.52 11.28 10.45 10.07 9.60 9.31 9.11 9.78 8.90 8.60 8.27 7.80 7.36 7.18 7.91 7.67 7.46 7.44 6.73 7.02 7.91 7.90 8.62 8.03 8.05 8.11 8.26 8.61 8.65 8.51 8.47 8.61 8.23 8.10 8.53 8.46
10.56 10.02 11.07 10.29 10.89 11.08 11.28 10.43 10.39 11.12 10.26 11.50 10.03 11.31 7.54 9.81 11.34 11.26 12.26 12.63 9.92 12.03 14.26 9.67 11.79 10.85 7.23 12.43 12.20 8.95 9.47 7.88 9.26 9.03 12.08 11.17 8.66 7.73 6.79 6.42 7.59 10.67 9.75 11.64 10.41 10.19 10.77 9.46 10.05 8.50 8.57 8.06 7.67 7.38 7.40 7.24 7.13 6.73 6.55 6.23 6.51 7.70 8.64 8.25 7.71 8.32 7.83 8.70 7.94 7.77 7.87 8.00 8.19 8.34 8.43 7.87 8.31 8.25
11.21 10.07 9.68 11.11 12.39 14.29 13.26 11.78 10.89 10.01 10.26 12.89 10.02 10.67 7.64 9.47 9.83 8.95 7.79 9.97 9.04 11.44 11.77 13.82 11.88 12.94 12.20 16.28 10.48 9.20 8.61 9.47 8.82 11.34 11.13 11.35 8.02 7.23 6.40 9.79 10.64 10.66 11.33 9.80 10.37 10.60 10.12 8.32 8.07 8.14 7.87 7.62 7.50 7.29 7.65 7.48 7.37 6.47 5.68 5.79 6.81 8.74 7.42 7.98 8.13 7.76 7.66 7.80 7.44 7.45 7.82 7.46 7.93 8.07 8.05 8.11 8.19 7.70
11.74 10.53 10.04 10.35 12.28 12.89 13.77 12.87 11.96 11.08 10.46 10.90 12.95 9.10 12.66 11.61 11.41 12.25 10.46 8.15 8.37 10.30 9.55 11.55 11.26 9.90 14.46 14.41 8.94 9.57 7.47 8.24 10.08 11.01 10.62 9.73 7.70 6.88 8.34 7.99 10.06 10.14 9.66 10.01 9.72 9.19 8.51 7.36 7.04 7.13 7.21 8.68 7.49 8.11 7.37 6.93 5.85 5.15 5.19 6.35 8.06 8.06 7.81 7.99 7.85 7.57 7.74 8.15 8.38 7.00 7.73 8.44 7.82 7.65 8.05 7.32 7.60 8.33
11.69 11.14 11.66 12.72 14.23 -9999 -9999 -9999 -9999 12.59 12.11 12.81 10.33 9.00 10.14 10.13 9.47 8.49 5.07 13.64 14.34 9.75 8.72 9.27 11.02 12.05 13.97 10.98 9.11 7.87 7.03 11.18 10.27 11.95 9.13 8.47 7.60 7.30 9.41 8.17 10.01 9.96 9.17 9.24 8.88 8.32 7.47 6.95 6.78 6.92 7.13 8.37 7.72 8.06 7.94 6.99 5.83 5.00 6.32 6.45 7.63 8.19 8.22 6.92 7.02 7.03 8.12 8.51 8.05 6.81 7.52 8.17 7.96 7.59 8.23 7.75 7.53 7.77
