ML/MeanWindSpeed_1999-09_Actual.txt
ncols         180
nrows         290
xllcorner     -200000
yllcorner     -200000
cellsize      5000
NODATA_value  -9999
[rows 140 to 174 of 290, columns 79 to 157 of 180]
-9999 -9999 12.00 -9999 -9999 -9999 10.85 11.16 9.78 9.49 10.42 -9999 -9999 11.17 9.50 11.81 12.82 -9999 -9999 -9999 -9999 -9999 9.20 7.87 5.48 5.16 4.10 4.64 4.91 5.83 6.46 4.92 7.64 9.86 9.98 7.00 8.70 9.58 10.31 8.05 9.22 9.98 9.33 7.58 7.86 8.62 6.17 6.59 8.22 9.09 -9999 -9999 -9999 -9999 -9999 -9999 -9999 -9999 -9999 -9999 -9999 -9999 -9999 -9999 -9999 -9999 -9999 -9999 -9999 -9999 -9999 -9999 -9999 -9999 -9999 -9999 -9999 -9999 -9999
-9999 -9999 11.83 11.53 -9999 -9999 -9999 10.82 11.51 11.05 11.26 -9999 -9999 -9999 -9999 11.34 -9999 -9999 -9999 -9999 -9999 -9999 8.12 7.19 6.19 6.26 5.82 5.61 5.54 6.09 6.01 5.85 6.82 10.00 10.17 5.47 10.90 10.58 11.84 8.50 8.93 11.36 9.64 8.60 8.37 6.95 5.67 6.76 8.33 8.89 -9999 -9999 -9999 -9999 -9999 -9999 -9999 -9999 -9999 -9999 -9999 -9999 -9999 -9999 -9999 -9999 -9999 -9999 -9999 -9999 -9999 -9999 -9999 -9999 -9999 -9999 -9999 -9999 -9999
-9999 -9999 -9999 12.98 -9999 -9999 -9999 -9999 11.03 12.03 11.62 -9999 -9999 -9999 -9999 -9999 -9999 -9999 -9999 -9999 -9999 9.18 8.04 7.98 7.55 7.39 8.16 7.68 7.15 7.30 6.95 7.15 6.62 8.40 13.93 12.37 11.15 10.98 8.70 7.97 8.53 7.26 6.16 9.03 9.62 6.66 6.20 7.47 8.44 8.83 9.18 -9999 -9999 -9999 -9999 -9999 -9999 -9999 -9999 -9999 -9999 -9999 -9999 -9999 -9999 -9999 -9999 -9999 -9999 -9999 -9999 -9999 -9999 -9999 -9999 -9999 -9999 -9999 -9999
-9999 -9999 -9999 14.05 -9999 -9999 -9999 -9999 -9999 -9999 -9999 -9999 -9999 -9999 -9999 -9999 -9999 -9999 -9999 -9999 -9999 9.10 7.20 6.03 4.93 4.86 12.56 8.95 7.36 9.69 6.98 8.32 4.89 6.17 12.24 15.16 10.43 8.36 12.97 15.27 13.83 11.37 10.25 6.86 7.79 7.55 8.52 7.85 7.77 8.68 9.09 9.16 -9999 -9999 -9999 -9999 -9999 -9999 -9999 -9999 -9999 -9999 -9999 -9999 -9999 -9999 -9999 -9999 -9999 -9999 -9999 -9999 -9999 -9999 -9999 -9999 -9999 -9999 -9999
-9999 -9999 -9999 -9999 -9999 -9999 -9999 -9999 -9999 -9999 -9999 -9999 -9999 -9999 -9999 -9999 -9999 -9999 -9999 -9999 9.70 8.43 6.59 5.11 8.01 3.90 16.84 14.51 6.49 7.84 6.55 6.24 6.71 4.91 7.24 16.21 14.63 11.70 9.90 9.06 11.69 11.52 10.65 9.01 8.11 7.85 7.53 7.27 7.85 7.48 7.32 7.79 -9999 -9999 -9999 -9999 -9999 -9999 -9999 -9999 -9999 -9999 -9999 -9999 -9999 -9999 -9999 -9999 -9999 -9999 -9999 -9999 -9999 -9999 -9999 -9999 -9999 -9999 -9999
-9999 -9999 -9999 -9999 -9999 -9999 -9999 -9999 -9999 -9999 -9999 -9999 -9999 -9999 -9999 -9999 -9999 -9999 -9999 -9999 8.99 9.28 5.86 6.78 14.26 7.20 4.38 9.70 10.22 7.57 6.63 6.38 6.18 5.36 6.41 9.16 17.51 13.53 11.33 9.09 9.10 9.37 7.96 7.97 8.07 9.04 7.54 8.13 7.10 6.87 6.27 6.35 6.65 6.77 6.87 -9999 -9999 -9999 -9999 -9999 -9999 -9999 -9999 -9999 -9999 -9999 -9999 -9999 -9999 -9999 -9999 -9999 -9999 -9999 -9999 -9999 -9999 -9999 -9999
-9999 -9999 -9999 -9999 -9999 -9999 -9999 -9999 -9999 -9999 -9999 -9999 -9999 -9999 -9999 -9999 -9999 -9999 -9999 -9999 9.22 8.71 7.74 10.56 5.91 5.75 7.58 12.61 8.86 6.53 9.91 4.64 7.49 6.35 6.41 6.74 9.88 11.09 10.10 9.08 8.54 6.53 6.97 6.78 6.67 6.70 7.12 6.87 6.89 5.99 5.58 5.49 8.12 6.03 7.08 7.88 7.64 -9999 -9999 -9999 -9999 -9999 -9999 -9999 -9999 -9999 -9999 -9999 -9999 -9999 -9999 -9999 -9999 -9999 -9999 -9999 -9999 -9999 -9999
-9999 -9999 -9999 -9999 -9999 -9999 -9999 -9999 -9999 -9999 -9999 -9999 -9999 -9999 -9999 -9999 -9999 -9999 -9999 -9999 9.39 9.17 10.07 15.20 15.90 10.37 6.61 9.33 10.52 12.40 7.01 10.29 8.33 7.06 7.06 6.90 5.23 5.51 9.96 9.09 8.23 7.61 6.85 6.53 6.91 7.08 6.58 6.69 6.30 5.47 5.46 5.06 5.48 7.78 7.19 7.16 8.45 8.39 6.35 -9999 -9999 -9999 -9999 -9999 -9999 -9999 -9999 -9999 -9999 -9999 -9999 -9999 -9999 -9999 -9999 -9999 -9999 -9999 -9999
-9999 -9999 -9999 -9999 -9999 -9999 -9999 -9999 -9999 -9999 -9999 -9999 -9999 -9999 -9999 -9999 -9999 -9999 -9999 -9999 9.78 8.77 11.30 12.51 7.45 18.85 15.30 8.95 11.65 8.97 12.69 13.14 8.81 6.46 6.77 6.85 4.54 12.16 10.80 10.51 11.02 11.36 10.45 7.09 8.32 7.25 6.86 6.71 6.35 5.83 4.91 3.86 4.44 6.87 5.65 5.01 5.80 7.22 5.38 8.34 -9999 -9999 -9999 -9999 -9999 -9999 -9999 -9999 -9999 -9999 -9999 -9999 -9999 -9999 -9999 -9999 -9999 -9999 -9999
-9999 -9999 -9999 -9999 -9999 -9999 -9999 -9999 9.40 9.56 10.80 -9999 -9999 -9999 -9999 -9999 -9999 -9999 -9999 -9999 -9999 9.78 9.01 7.36 9.21 11.48 14.52 8.43 5.88 11.29 10.73 9.44 7.68 9.25 8.90 6.65 6.75 9.91 10.30 14.02 12.70 10.26 9.63 10.12 8.50 7.32 6.95 6.58 6.54 5.65 4.50 8.62 7.61 10.75 11.08 9.65 8.31 5.36 8.01 8.42 7.50 -9999 -9999 -9999 -9999 -9999 -9999 -9999 -9999 -9999 -9999 -9999 -9999 -9999 -9999 -9999 -9999 -9999 -9999
-9999 -9999 -9999 -9999 -9999 -9999 -9999 -9999 7.37 7.75 -9999 -9999 -9999 -9999 -9999 -9999 -9999 -9999 -9999 -9999 -9999 -9999 8.89 5.89 10.27 11.23 18.63 9.88 9.96 9.38 7.49 6.53 6.43 5.82 13.62 6.78 7.39 12.56 10.40 7.52 6.98 11.59 7.39 10.19 8.13 6.93 6.44 6.41 6.10 6.50 8.33 9.03 8.33 7.99 7.39 8.36 9.18 8.31 8.27 7.77 9.93 -9999 -9999 -9999 -9999 -9999 -9999 -9999 -9999 -9999 -9999 -9999 -9999 -9999 -9999 -9999 -9999 -9999 -9999
-9999 -9999 -9999 -9999 -9999 -9999 -9999 8.25 10.82 10.96 10.80 -9999 -9999 -9999 -9999 -9999 -9999 -9999 -9999 -9999 -9999 -9999 9.15 10.49 11.62 12.03 9.26 10.60 8.19 7.89 7.19 6.26 7.83 6.07 3.72 12.46 8.11 7.20 10.84 8.86 11.70 8.66 8.82 7.32 7.19 6.76 6.78 6.13 5.91 7.36 8.50 7.20 8.11 9.33 8.81 9.13 8.63 8.63 8.72 7.03 9.87 8.46 -9999 -9999 -9999 -9999 -9999 -9999 -9999 -9999 -9999 -9999 -9999 -9999 -9999 -9999 -9999 -9999 -9999
-9999 -9999 -9999 -9999 -9999 -9999 7.62 12.12 13.90 17.34 10.96 -9999 -9999 -9999 -9999 -9999 -9999 -9999 -9999 -9999 -9999 -9999 10.13 14.61 11.93 7.43 8.90 8.27 8.59 6.77 6.06 6.73 7.95 5.47 11.15 7.49 10.98 7.73 12.26 6.52 7.78 5.57 7.96 6.38 6.85 7.20 6.18 6.19 5.95 6.47 9.67 9.77 8.95 7.75 7.92 7.45 7.40 7.60 9.11 8.79 8.03 8.51 -9999 -9999 -9999 -9999 -9999 -9999 -9999 -9999 -9999 -9999 -9999 -9999 -9999 -9999 -9999 -9999 -9999
-9999 -9999 -9999 -9999 -9999 9.42 8.66 16.09 13.24 12.76 -9999 -9999 -9999 -9999 -9999 -9999 -9999 -9999 -9999 -9999 -9999 -9999 -9999 10.38 8.50 7.45 9.85 7.27 9.26 7.25 6.49 6.08 7.16 5.64 11.57 10.82 11.91 10.78 11.39 11.49 11.26 9.13 8.59 8.86 8.10 6.35 6.30 6.48 6.53 6.56 7.33 11.62 9.81 6.90 6.15 6.07 5.75 5.73 5.51 5.56 5.24 6.12 7.78 8.58 -9999 -9999 -9999 -9999 -9999 -9999 -9999 -9999 -9999 -9999 -9999 -9999 -9999 -9999 -9999
-9999 -9999 -9999 -9999 -9999 12.34 14.01 10.43 11.06 11.42 -9999 -9999 -9999 -9999 -9999 -9999 -9999 -9999 -9999 -9999 -9999 -9999 -9999 -9999 8.90 9.13 8.48 7.45 8.62 7.81 7.48 6.71 7.44 5.26 11.36 10.34 9.51 11.35 9.45 8.84 13.36 12.66 8.42 10.23 8.88 8.27 6.63 6.57 6.79 6.59 6.78 7.59 7.67 6.63 6.23 5.86 5.66 5.10 4.80 4.87 5.07 8.12 8.55 8.29 -9999 -9999 -9999 -9999 -9999 -9999 -9999 -9999 -9999 -9999 -9999 -9999 -9999 -9999 -9999
-9999 -9999 -9999 -9999 -9999 13.19 11.75 12.34 11.33 -9999 -9999 -9999 -9999 -9999 -9999 -9999 -9999 -9999 -9999 -9999 -9999 -9999 -9999 -9999 9.56 9.61 9.12 -9999 8.71 -9999 7.69 6.15 4.93 3.85 4.41 10.22 9.85 10.14 13.44 6.53 7.56 13.19 10.65 9.55 9.40 8.13 6.87 6.49 6.28 6.05 6.43 6.76 7.51 8.27 6.78 7.07 5.63 4.41 5.47 6.92 6.58 6.19 6.46 8.32 10.24 10.84 -9999 -9999 -9999 -9999 -9999 -9999 -9999 -9999 -9999 -9999 -9999 -9999 -9999
-9999 -9999 -9999 -9999 12.55 11.67 11.36 -9999 -9999 -9999 -9999 -9999 -9999 -9999 -9999 -9999 -9999 -9999 -9999 -9999 -9999 -9999 -9999 -9999 10.38 9.54 8.78 -9999 -9999 -9999 7.58 7.53 3.65 4.26 6.04 5.53 5.99 8.21 12.62 12.45 6.71 10.96 12.41 8.86 10.22 8.91 7.67 5.84 6.04 5.90 6.15 6.41 6.71 6.91 6.64 6.84 5.17 5.14 6.38 7.62 8.20 8.15 7.36 7.29 8.46 9.75 -9999 -9999 -9999 -9999 -9999 -9999 -9999 -9999 -9999 -9999 -9999 -9999 -9999
-9999 -9999 -9999 -9999 -9999 -9999 -9999 -9999 -9999 -9999 -9999 -9999 -9999 -9999 -9999 -9999 -9999 -9999 -9999 -9999 -9999 -9999 -9999 -9999 -9999 -9999 -9999 -9999 -9999 8.60 6.89 6.17 7.15 7.87 8.94 9.22 7.89 8.69 11.77 11.27 9.05 6.84 10.02 11.00 9.13 7.92 7.00 6.37 6.31 6.57 6.15 6.07 6.22 6.17 6.02 5.49 6.25 8.55 6.81 7.73 7.17 7.36 6.50 7.20 8.28 -9999 -9999 -9999 -9999 -9999 -9999 -9999 -9999 -9999 -9999 -9999 -9999 -9999 -9999
-9999 -9999 -9999 -9999 -9999 -9999 -9999 -9999 -9999 -9999 -9999 -9999 -9999 -9999 -9999 -9999 -9999 -9999 -9999 -9999 -9999 -9999 -9999 -9999 -9999 -9999 -9999 -9999 -9999 8.05 6.82 7.70 9.48 12.32 11.26 8.02 9.41 6.75 7.57 6.75 8.46 9.20 9.83 9.81 9.47 8.01 7.47 7.02 6.29 6.54 6.00 5.93 6.00 6.07 5.96 5.46 6.03 9.80 8.66 6.77 6.55 6.40 6.23 7.05 8.46 -9999 -9999 -9999 -9999 -9999 -9999 -9999 -9999 -9999 -9999 -9999 -9999 -9999 -9999
-9999 -9999 -9999 -9999 -9999 -9999 -9999 -9999 -9999 -9999 -9999 -9999 -9999 -9999 -9999 -9999 -9999 -9999 -9999 -9999 -9999 -9999 -9999 -9999 -9999 -9999 -9999 -9999 -9999 7.33 6.28 6.61 9.34 10.44 10.01 9.03 7.95 6.66 7.63 6.20 5.84 7.06 5.56 9.74 8.28 9.13 7.64 7.20 5.96 5.80 5.97 5.89 5.95 5.89 5.88 5.71 5.68 7.80 8.28 6.91 6.24 6.29 6.12 6.86 8.15 -9999 -9999 -9999 -9999 -9999 -9999 -9999 -9999 -9999 -9999 -9999 -9999 -9999 -9999
-9999 -9999 -9999 -9999 -9999 -9999 -9999 -9999 -9999 -9999 -9999 -9999 -9999 -9999 -9999 -9999 -9999 -9999 -9999 -9999 -9999 -9999 -9999 -9999 -9999 -9999 -9999 9.59 8.18 6.70 6.11 8.92 10.67 13.54 9.90 11.38 5.81 6.73 6.60 6.99 7.47 7.50 9.78 6.48 6.68 6.55 6.45 5.82 6.56 5.64 5.68 6.06 5.78 5.76 5.90 5.73 5.81 6.26 7.81 6.64 5.79 5.90 6.01 6.45 7.66 8.87 -9999 -9999 -9999 -9999 -9999 -9999 -9999 -9999 -9999 -9999 -9999 -9999 -9999
-9999 -9999 -9999 -9999 -9999 -9999 -9999 -9999 -9999 -9999 -9999 -9999 -9999 -9999 -9999 -9999 -9999 -9999 -9999 -9999 -9999 -9999 -9999 -9999 -9999 -9999 -9999 8.98 7.46 6.55 6.21 6.90 10.11 7.68 7.25 5.58 6.91 9.74 6.84 7.58 6.98 8.35 4.98 9.31 7.25 8.49 8.22 8.08 6.59 5.97 5.68 5.64 5.63 5.72 5.78 5.80 5.73 5.84 6.38 7.05 6.08 5.81 6.03 6.20 7.14 8.44 -9999 -9999 -9999 -9999 -9999 -9999 -9999 -9999 -9999 -9999 -9999 -9999 -9999
-9999 -9999 -9999 -9999 -9999 -9999 -9999 -9999 -9999 -9999 -9999 -9999 -9999 -9999 -9999 -9999 -9999 -9999 -9999 -9999 -9999 -9999 -9999 -9999 -9999 -9999 -9999 9.05 7.42 6.86 6.53 6.98 7.73 7.58 6.31 5.16 6.31 6.63 5.86 7.49 9.84 7.29 6.85 5.70 7.60 5.87 6.51 7.21 7.50 6.38 6.04 5.61 5.57 5.71 5.80 5.82 5.81 5.79 6.09 7.02 7.42 6.33 5.99 6.19 6.71 7.58 8.71 -9999 -9999 -9999 -9999 -9999 -9999 -9999 -9999 -9999 -9999 -9999 -9999
-9999 -9999 -9999 -9999 -9999 -9999 -9999 -9999 -9999 -9999 -9999 -9999 -9999 -9999 -9999 -9999 -9999 -9999 -9999 -9999 -9999 -9999 -9999 -9999 -9999 -9999 -9999 8.77 7.56 7.14 7.08 6.88 6.62 5.81 6.10 6.90 4.76 4.99 5.73 10.38 10.33 11.19 9.87 7.88 7.51 7.86 6.35 5.78 6.84 7.03 5.92 5.55 5.63 5.57 5.76 5.90 6.01 5.91 5.94 7.46 8.43 7.03 6.56 6.66 6.56 6.84 7.94 8.97 -9999 -9999 -9999 -9999 -9999 -9999 -9999 -9999 -9999 -9999 -9999
-9999 -9999 -9999 -9999 -9999 -9999 -9999 -9999 -9999 -9999 -9999 -9999 -9999 -9999 -9999 -9999 -9999 -9999 -9999 -9999 -9999 -9999 -9999 -9999 -9999 -9999 -9999 8.71 7.33 6.96 6.76 6.40 5.80 5.68 4.81 6.19 7.13 8.77 9.99 11.14 7.97 9.50 8.22 8.25 6.77 7.86 7.23 6.50 5.77 5.47 5.61 5.45 5.65 5.75 5.93 6.03 6.22 6.28 6.25 6.66 7.63 7.05 6.67 6.90 7.03 6.90 7.05 8.27 -9999 -9999 -9999 -9999 -9999 -9999 -9999 -9999 -9999 -9999 -9999
-9999 -9999 -9999 -9999 -9999 -9999 -9999 -9999 -9999 -9999 -9999 -9999 -9999 -9999 -9999 -9999 -9999 -9999 -9999 -9999 -9999 -9999 -9999 -9999 -9999 -9999 -9999 -9999 7.28 6.91 6.50 5.85 6.24 7.69 7.56 8.62 7.77 7.45 9.56 9.16 9.64 8.34 6.47 5.25 5.80 5.50 6.84 6.13 5.85 6.31 6.00 5.46 5.87 5.84 6.02 6.06 6.22 6.42 6.48 6.71 6.73 6.74 6.79 7.10 -9999 7.29 7.61 8.36 9.69 -9999 -9999 -9999 -9999 -9999 -9999 -9999 -9999 -9999 -9999
-9999 -9999 -9999 -9999 -9999 -9999 -9999 -9999 -9999 -9999 -9999 -9999 -9999 -9999 -9999 -9999 -9999 -9999 -9999 -9999 -9999 -9999 -9999 -9999 -9999 -9999 -9999 8.44 7.10 6.60 5.89 5.51 5.95 9.76 10.23 8.48 11.36 10.86 9.02 8.19 11.38 8.60 8.46 6.21 4.43 6.46 5.52 5.13 5.93 6.09 5.61 5.83 5.80 5.88 5.99 6.17 6.12 6.18 7.54 6.77 6.31 7.55 6.68 6.64 6.86 -9999 8.07 8.76 9.83 10.64 -9999 -9999 -9999 -9999 -9999 -9999 -9999 -9999 -9999
-9999 -9999 -9999 -9999 -9999 -9999 -9999 -9999 -9999 -9999 -9999 -9999 -9999 -9999 -9999 -9999 -9999 -9999 -9999 -9999 -9999 -9999 -9999 -9999 -9999 -9999 -9999 8.20 6.91 6.46 5.84 7.28 6.68 7.99 10.92 7.92 8.33 8.72 7.01 6.56 9.48 7.68 6.98 3.98 5.90 7.15 5.32 6.57 6.03 6.72 6.41 6.00 5.80 5.87 5.96 6.00 5.91 5.85 6.03 6.43 5.66 6.06 6.56 5.74 6.43 7.08 -9999 -9999 -9999 -9999 -9999 -9999 -9999 -9999 -9999 -9999 -9999 -9999 -9999
-9999 -9999 -9999 -9999 -9999 -9999 -9999 -9999 -9999 -9999 -9999 -9999 -9999 -9999 -9999 -9999 -9999 -9999 -9999 -9999 -9999 -9999 -9999 -9999 -9999 -9999 9.55 7.61 6.72 7.31 6.76 6.91 6.75 8.07 8.49 7.87 7.56 7.23 6.94 7.04 9.27 10.67 9.70 4.83 7.30 7.00 5.19 5.87 5.34 6.22 6.46 5.79 5.62 5.99 5.99 5.94 6.01 5.81 5.94 5.98 5.92 5.91 7.10 6.08 5.92 6.27 7.47 8.77 -9999 -9999 -9999 -9999 -9999 -9999 -9999 -9999 -9999 -9999 -9999
-9999 -9999 -9999 -9999 -9999 -9999 -9999 -9999 -9999 -9999 -9999 -9999 -9999 -9999 -9999 -9999 -9999 -9999 -9999 -9999 -9999 -9999 -9999 -9999 -9999 -9999 -9999 7.69 6.66 6.62 6.92 8.75 6.93 6.88 6.96 7.28 7.50 6.97 6.67 6.45 6.42 9.42 9.27 9.62 7.17 7.54 7.01 6.36 7.11 5.28 5.25 6.05 5.60 5.83 5.81 5.76 5.95 5.80 5.84 6.05 5.77 5.61 5.73 7.60 6.26 5.83 6.27 7.35 8.53 9.66 -9999 -9999 -9999 -9999 -9999 -9999 -9999 -9999 -9999
-9999 -9999 -9999 -9999 -9999 -9999 -9999 -9999 -9999 -9999 -9999 -9999 -9999 -9999 -9999 -9999 -9999 -9999 -9999 -9999 -9999 -9999 -9999 -9999 -9999 -9999 -9999 7.56 7.03 6.66 6.84 7.08 7.17 6.83 6.37 6.48 6.14 5.90 5.99 6.06 6.51 5.49 9.07 11.27 11.91 9.12 7.54 7.36 6.24 6.58 5.55 6.54 5.78 5.94 5.79 5.69 5.74 5.79 6.06 6.03 5.76 5.51 6.01 7.84 6.88 6.78 5.79 6.18 7.28 8.54 -9999 -9999 -9999 -9999 -9999 -9999 -9999 -9999 -9999
-9999 -9999 -9999 -9999 -9999 -9999 -9999 13.26 12.28 12.51 13.41 -9999 -9999 -9999 -9999 -9999 -9999 -9999 -9999 -9999 -9999 -9999 -9999 -9999 -9999 -9999 7.87 6.95 7.50 6.94 7.77 7.23 6.47 6.16 6.18 6.04 6.04 5.80 5.80 5.52 5.30 8.19 10.14 10.07 8.00 10.38 8.97 6.17 6.37 4.77 7.34 7.21 6.02 6.00 5.81 5.65 5.70 5.85 6.00 6.26 5.94 5.48 5.72 6.26 7.79 7.26 7.50 5.92 6.11 7.48 8.87 -9999 -9999 -9999 -9999 -9999 -9999 -9999 -9999
-9999 -9999 -9999 -9999 -9999 -9999 -9999 12.86 11.91 11.55 11.81 -9999 -9999 -9999 -9999 -9999 -9999 -9999 -9999 -9999 -9999 -9999 -9999 -9999 -9999 7.97 7.75 6.94 7.28 8.28 7.07 6.87 6.04 5.99 6.19 5.99 6.11 6.08 5.33 4.67 4.20 5.83 11.59 11.77 7.83 9.21 8.29 7.99 5.52 4.86 6.43 6.96 6.28 5.51 5.52 5.58 6.04 6.01 5.94 5.98 6.18 5.70 5.90 6.16 7.78 7.54 7.15 6.07 6.11 6.66 8.20 -9999 -9999 -9999 -9999 -9999 -9999 -9999 -9999
-9999 -9999 -9999 -9999 -9999 15.59 12.75 11.35 11.58 11.24 11.91 11.14 11.87 12.04 -9999 -9999 11.01 8.70 -9999 -9999 -9999 7.57 8.56 7.32 -9999 5.76 7.99 7.23 6.79 7.30 6.75 6.71 6.70 7.35 6.95 6.88 5.92 6.16 5.36 4.85 7.36 4.53 7.24 10.21 5.58 7.36 11.40 5.97 7.95 5.91 6.29 6.49 6.03 5.78 5.77 5.72 6.09 5.80 5.92 5.74 6.32 5.65 5.84 6.24 6.80 7.37 7.95 7.28 6.26 6.14 7.48 9.07 -9999 -9999 -9999 -9999 -9999 -9999 -9999
-9999 -9999 -9999 -9999 -9999 -9999 13.16 11.87 11.28 10.85 10.86 11.29 11.94 8.40 -9999 6.08 8.89 9.25 7.23 7.95 5.10 4.99 9.38 8.52 6.62 -9999 5.62 7.33 7.31 6.62 6.51 6.90 6.16 6.27 6.37 6.22 6.32 5.95 6.16 5.34 7.78 7.95 8.09 8.67 8.02 10.19 9.78 7.47 5.79 5.36 6.85 6.91 5.66 6.14 5.69 6.11 6.36 5.93 5.86 5.66 6.32 5.73 5.98 6.33 6.43 7.17 7.61 8.02 7.15 6.45 7.00 8.49 -9999 -9999 -9999 -9999 -9999 -9999 -9999
