ML/MeanWindSpeed_1997-06_Actual.txt
ncols         180
nrows         290
xllcorner     -200000
yllcorner     -200000
cellsize      5000
NODATA_value  -9999
[rows 140 to 174 of 290, columns 78 to 155 of 180]
-9999 -9999 -9999 11.65 -9999 -9999 -9999 9.99 10.35 8.97 8.73 9.52 -9999 -9999 10.07 8.24 10.89 12.02 -9999 -9999 -9999 -9999 -9999 8.68 7.73 5.49 5.68 5.39 6.24 6.13 6.96 7.22 5.10 7.92 11.46 13.03 9.81 11.80 12.67 12.97 9.87 10.23 10.04 8.07 5.10 4.63 4.82 1.84 2.73 5.32 7.15 -9999 -9999 -9999 -9999 -9999 -9999 -9999 -9999 -9999 -9999 -9999 -9999 -9999 -9999 -9999 -9999 -9999 -9999 -9999 -9999 -9999 -9999 -9999 -9999 -9999 -9999 -9999
-9999 -9999 -9999 11.45 11.15 -9999 -9999 -9999 10.00 10.81 10.32 10.45 -9999 -9999 -9999 -9999 10.34 -9999 -9999 -9999 -9999 -9999 -9999 7.57 6.93 6.17 6.90 7.82 7.88 7.06 7.31 6.71 6.07 6.77 10.71 12.48 8.35 14.34 13.68 14.83 10.87 10.60 11.85 8.32 5.84 4.74 2.83 1.41 2.77 5.28 7.25 -9999 -9999 -9999 -9999 -9999 -9999 -9999 -9999 -9999 -9999 -9999 -9999 -9999 -9999 -9999 -9999 -9999 -9999 -9999 -9999 -9999 -9999 -9999 -9999 -9999 -9999 -9999
-9999 -9999 -9999 -9999 12.64 -9999 -9999 -9999 -9999 10.33 11.43 10.90 -9999 -9999 -9999 -9999 -9999 -9999 -9999 -9999 -9999 -9999 8.41 7.53 7.91 8.07 8.29 9.86 9.55 8.62 8.52 7.71 7.59 6.51 8.37 15.30 15.25 14.60 14.24 11.28 9.93 9.92 7.51 4.73 6.59 6.30 2.66 2.03 3.56 5.62 7.74 9.00 -9999 -9999 -9999 -9999 -9999 -9999 -9999 -9999 -9999 -9999 -9999 -9999 -9999 -9999 -9999 -9999 -9999 -9999 -9999 -9999 -9999 -9999 -9999 -9999 -9999 -9999
-9999 -9999 -9999 -9999 13.88 -9999 -9999 -9999 -9999 -9999 -9999 -9999 -9999 -9999 -9999 -9999 -9999 -9999 -9999 -9999 -9999 -9999 8.60 7.09 6.30 5.79 5.37 13.78 10.78 9.18 11.17 8.04 9.31 5.06 5.97 12.73 17.17 13.37 11.62 16.31 18.04 15.60 11.99 9.54 4.44 4.66 4.02 4.96 4.55 5.74 8.27 9.25 9.40 -9999 -9999 -9999 -9999 -9999 -9999 -9999 -9999 -9999 -9999 -9999 -9999 -9999 -9999 -9999 -9999 -9999 -9999 -9999 -9999 -9999 -9999 -9999 -9999 -9999
-9999 -9999 -9999 -9999 -9999 -9999 -9999 -9999 -9999 -9999 -9999 -9999 -9999 -9999 -9999 -9999 -9999 -9999 -9999 -9999 -9999 8.56 7.78 6.55 5.66 9.53 4.70 19.06 17.68 8.63 9.47 8.08 7.22 7.68 5.38 7.54 17.86 17.49 14.97 12.94 11.49 13.57 12.30 10.24 7.37 5.62 4.97 4.61 4.94 6.73 7.27 7.45 8.20 -9999 -9999 -9999 -9999 -9999 -9999 -9999 -9999 -9999 -9999 -9999 -9999 -9999 -9999 -9999 -9999 -9999 -9999 -9999 -9999 -9999 -9999 -9999 -9999 -9999
-9999 -9999 -9999 -9999 -9999 -9999 -9999 -9999 -9999 -9999 -9999 -9999 -9999 -9999 -9999 -9999 -9999 -9999 -9999 -9999 -9999 7.56 8.48 5.69 8.17 17.03 9.02 5.76 12.12 12.71 9.58 8.64 7.66 7.27 6.80 8.49 11.68 21.02 17.08 14.98 12.02 11.29 10.66 8.03 7.19 6.74 7.43 5.73 6.88 6.44 6.80 6.49 6.84 7.57 8.17 8.29 -9999 -9999 -9999 -9999 -9999 -9999 -9999 -9999 -9999 -9999 -9999 -9999 -9999 -9999 -9999 -9999 -9999 -9999 -9999 -9999 -9999 -9999
-9999 -9999 -9999 -9999 -9999 -9999 -9999 -9999 -9999 -9999 -9999 -9999 -9999 -9999 -9999 -9999 -9999 -9999 -9999 -9999 -9999 7.57 7.46 7.24 11.62 7.42 7.67 9.50 14.25 10.12 8.00 11.80 5.68 8.34 7.54 9.11 9.62 13.23 15.22 14.23 12.66 11.42 8.54 8.18 7.16 6.39 6.07 6.41 6.35 6.72 6.05 5.84 6.01 9.42 7.63 8.79 9.59 9.19 -9999 -9999 -9999 -9999 -9999 -9999 -9999 -9999 -9999 -9999 -9999 -9999 -9999 -9999 -9999 -9999 -9999 -9999 -9999 -9999
-9999 -9999 -9999 -9999 -9999 -9999 -9999 -9999 -9999 -9999 -9999 -9999 -9999 -9999 -9999 -9999 -9999 -9999 -9999 -9999 -9999 7.66 7.53 8.99 15.45 17.22 12.21 7.99 9.75 10.69 13.17 7.36 11.15 8.86 8.01 9.87 10.29 8.65 9.34 13.97 12.83 11.29 9.95 8.60 7.76 7.62 7.44 6.79 6.99 6.67 5.93 6.29 6.25 7.18 10.16 9.44 9.36 10.51 10.24 8.07 -9999 -9999 -9999 -9999 -9999 -9999 -9999 -9999 -9999 -9999 -9999 -9999 -9999 -9999 -9999 -9999 -9999 -9999
-9999 -9999 -9999 -9999 -9999 -9999 -9999 -9999 -9999 -9999 -9999 -9999 -9999 -9999 -9999 -9999 -9999 -9999 -9999 -9999 -9999 8.17 7.08 10.07 12.17 7.38 21.04 17.16 9.11 11.61 8.65 12.92 13.45 8.99 7.31 8.98 10.02 7.91 16.58 14.77 14.08 14.37 14.33 12.91 8.82 9.95 8.38 7.83 7.68 7.35 6.99 6.51 5.63 6.36 9.16 7.71 7.02 7.75 9.19 7.23 10.30 -9999 -9999 -9999 -9999 -9999 -9999 -9999 -9999 -9999 -9999 -9999 -9999 -9999 -9999 -9999 -9999 -9999
-9999 -9999 -9999 -9999 -9999 -9999 -9999 -9999 -9999 10.20 10.60 11.29 -9999 -9999 -9999 -9999 -9999 -9999 -9999 -9999 -9999 -9999 8.40 7.60 6.74 9.40 11.75 15.39 8.27 5.21 11.10 10.33 9.10 7.65 9.90 10.43 9.06 9.96 13.33 13.61 17.65 15.98 13.05 12.03 12.47 10.53 9.00 8.45 8.03 8.01 7.19 6.48 11.21 9.79 13.22 13.36 11.63 10.11 6.92 10.08 10.36 8.98 -9999 -9999 -9999 -9999 -9999 -9999 -9999 -9999 -9999 -9999 -9999 -9999 -9999 -9999 -9999 -9999
-9999 -9999 -9999 -9999 -9999 -9999 -9999 -9999 -9999 8.59 8.85 -9999 -9999 -9999 -9999 -9999 -9999 -9999 -9999 -9999 -9999 -9999 -9999 7.49 5.08 10.04 10.72 19.46 9.71 9.87 9.05 6.67 5.81 6.27 6.16 15.76 8.85 10.22 16.18 13.37 10.05 9.22 14.28 9.62 12.73 10.34 8.89 8.21 8.09 7.67 8.20 10.75 11.71 10.50 9.75 8.68 9.62 10.56 9.79 10.10 9.57 11.69 -9999 -9999 -9999 -9999 -9999 -9999 -9999 -9999 -9999 -9999 -9999 -9999 -9999 -9999 -9999 -9999
-9999 -9999 -9999 -9999 -9999 -9999 -9999 -9999 8.51 11.66 11.27 10.47 -9999 -9999 -9999 -9999 -9999 -9999 -9999 -9999 -9999 -9999 -9999 7.76 9.81 10.99 11.67 9.01 10.36 7.92 7.46 6.42 5.74 7.96 6.49 5.21 15.57 10.84 10.08 14.36 12.11 15.32 11.83 12.17 10.32 9.75 9.03 8.81 7.94 7.56 9.15 10.71 9.59 10.35 11.08 10.03 10.19 9.61 9.75 10.05 8.23 11.33 9.76 -9999 -9999 -9999 -9999 -9999 -9999 -9999 -9999 -9999 -9999 -9999 -9999 -9999 -9999 -9999
-9999 -9999 -9999 -9999 -9999 -9999 -9999 7.54 12.33 14.14 17.75 10.40 -9999 -9999 -9999 -9999 -9999 -9999 -9999 -9999 -9999 -9999 -9999 8.93 14.08 11.12 6.54 8.44 7.55 8.17 6.12 5.34 6.46 8.02 5.51 12.94 9.78 13.72 10.41 15.92 9.55 11.21 8.94 11.48 9.59 9.82 9.77 8.28 8.10 7.66 8.16 11.81 12.16 11.29 9.51 9.21 8.42 8.24 8.47 10.30 10.17 9.46 10.13 -9999 -9999 -9999 -9999 -9999 -9999 -9999 -9999 -9999 -9999 -9999 -9999 -9999 -9999 -9999
-9999 -9999 -9999 -9999 -9999 -9999 9.05 8.35 16.47 13.05 12.34 -9999 -9999 -9999 -9999 -9999 -9999 -9999 -9999 -9999 -9999 -9999 -9999 -9999 9.31 7.31 6.54 9.31 6.42 8.77 6.60 5.91 5.79 7.00 5.44 12.74 12.80 14.39 13.68 14.88 14.84 14.82 13.10 12.26 12.34 11.48 9.01 8.53 8.46 8.40 8.33 9.15 14.10 12.20 8.75 7.60 7.28 6.70 6.70 6.74 7.00 6.69 7.65 9.31 10.06 -9999 -9999 -9999 -9999 -9999 -9999 -9999 -9999 -9999 -9999 -9999 -9999 -9999
-9999 -9999 -9999 -9999 -9999 -9999 11.86 13.68 9.61 10.29 10.75 -9999 -9999 -9999 -9999 -9999 -9999 -9999 -9999 -9999 -9999 -9999 -9999 -9999 -9999 7.86 8.39 7.73 6.67 8.06 7.26 7.14 6.64 7.71 5.45 12.70 11.83 11.01 13.89 12.56 11.71 16.72 16.45 12.05 13.81 12.12 11.23 8.95 8.57 8.74 8.46 8.57 9.49 9.58 8.34 7.79 7.25 6.94 6.46 6.36 6.43 6.60 9.93 10.14 9.65 -9999 -9999 -9999 -9999 -9999 -9999 -9999 -9999 -9999 -9999 -9999 -9999 -9999
-9999 -9999 -9999 -9999 -9999 -9999 12.64 11.00 11.62 10.51 -9999 -9999 -9999 -9999 -9999 -9999 -9999 -9999 -9999 -9999 -9999 -9999 -9999 -9999 -9999 8.76 8.96 8.51 -9999 8.22 -9999 7.53 6.50 5.95 5.00 5.78 12.22 11.44 12.15 16.38 8.57 9.83 16.41 14.04 13.02 12.49 10.83 9.17 8.53 8.19 7.94 8.24 8.55 9.33 10.13 8.39 8.67 7.22 6.21 7.40 8.84 8.33 7.69 7.72 9.59 11.45 11.89 -9999 -9999 -9999 -9999 -9999 -9999 -9999 -9999 -9999 -9999 -9999
-9999 -9999 -9999 -9999 -9999 12.01 10.93 10.54 -9999 -9999 -9999 -9999 -9999 -9999 -9999 -9999 -9999 -9999 -9999 -9999 -9999 -9999 -9999 -9999 -9999 9.81 8.96 8.20 -9999 -9999 -9999 7.45 8.25 4.86 6.04 7.96 7.01 7.17 9.57 14.70 14.60 8.68 13.78 15.63 12.12 13.32 11.71 10.15 7.92 8.00 7.82 7.99 8.18 8.41 8.57 8.21 8.37 6.73 7.26 8.61 9.65 10.03 9.78 8.70 8.40 9.43 10.59 -9999 -9999 -9999 -9999 -9999 -9999 -9999 -9999 -9999 -9999 -9999
-9999 -9999 -9999 -9999 -9999 -9999 -9999 -9999 -9999 -9999 -9999 -9999 -9999 -9999 -9999 -9999 -9999 -9999 -9999 -9999 -9999 -9999 -9999 -9999 -9999 -9999 -9999 -9999 -9999 -9999 8.29 6.56 6.50 8.58 9.76 10.68 10.86 9.22 9.99 13.54 13.17 10.96 8.84 12.62 14.05 12.01 10.72 9.57 8.63 8.34 8.55 8.01 7.83 7.86 7.73 7.48 6.81 7.82 10.89 9.12 9.95 9.05 9.07 7.90 8.41 9.22 -9999 -9999 -9999 -9999 -9999 -9999 -9999 -9999 -9999 -9999 -9999 -9999
-9999 -9999 -9999 -9999 -9999 -9999 -9999 -9999 -9999 -9999 -9999 -9999 -9999 -9999 -9999 -9999 -9999 -9999 -9999 -9999 -9999 -9999 -9999 -9999 -9999 -9999 -9999 -9999 -9999 -9999 7.72 6.46 8.18 11.26 14.42 12.96 9.41 10.85 8.07 9.10 8.45 10.46 11.39 12.38 12.58 12.03 10.46 9.76 9.20 8.30 8.46 7.71 7.54 7.52 7.54 7.37 6.75 7.46 12.01 11.08 9.03 8.60 8.28 7.87 8.37 9.37 -9999 -9999 -9999 -9999 -9999 -9999 -9999 -9999 -9999 -9999 -9999 -9999
-9999 -9999 -9999 -9999 -9999 -9999 -9999 -9999 -9999 -9999 -9999 -9999 -9999 -9999 -9999 -9999 -9999 -9999 -9999 -9999 -9999 -9999 -9999 -9999 -9999 -9999 -9999 -9999 -9999 -9999 7.01 5.86 6.63 10.24 11.77 11.24 10.09 9.47 8.54 9.48 8.19 8.11 9.20 7.61 12.43 10.62 11.60 9.94 9.45 7.95 7.55 7.48 7.28 7.31 7.27 7.27 7.08 7.09 9.64 10.61 9.46 8.65 8.53 8.10 8.34 8.89 -9999 -9999 -9999 -9999 -9999 -9999 -9999 -9999 -9999 -9999 -9999 -9999
-9999 -9999 -9999 -9999 -9999 -9999 -9999 -9999 -9999 -9999 -9999 -9999 -9999 -9999 -9999 -9999 -9999 -9999 -9999 -9999 -9999 -9999 -9999 -9999 -9999 -9999 -9999 -9999 9.51 8.03 6.40 5.70 9.06 11.35 14.79 10.87 12.62 7.01 8.33 8.32 9.57 10.41 10.16 12.35 8.48 8.66 8.57 8.39 7.72 8.47 7.24 7.03 7.33 7.02 7.07 7.28 7.14 7.29 7.94 10.07 9.38 8.56 8.41 8.29 8.05 8.07 8.89 -9999 -9999 -9999 -9999 -9999 -9999 -9999 -9999 -9999 -9999 -9999
-9999 -9999 -9999 -9999 -9999 -9999 -9999 -9999 -9999 -9999 -9999 -9999 -9999 -9999 -9999 -9999 -9999 -9999 -9999 -9999 -9999 -9999 -9999 -9999 -9999 -9999 -9999 -9999 8.87 7.29 6.33 5.95 6.83 10.56 8.13 8.02 6.29 8.07 11.61 8.89 10.54 9.96 11.45 7.51 11.98 9.44 10.70 10.11 9.88 8.21 7.51 7.04 6.87 6.87 7.04 7.16 7.26 7.27 7.53 8.44 9.80 9.03 8.44 8.46 7.77 7.25 8.36 -9999 -9999 -9999 -9999 -9999 -9999 -9999 -9999 -9999 -9999 -9999
-9999 -9999 -9999 -9999 -9999 -9999 -9999 -9999 -9999 -9999 -9999 -9999 -9999 -9999 -9999 -9999 -9999 -9999 -9999 -9999 -9999 -9999 -9999 -9999 -9999 -9999 -9999 -9999 8.95 7.22 6.66 6.33 6.93 7.96 8.26 7.23 6.29 7.99 8.68 8.09 10.10 12.69 9.88 9.29 7.78 9.73 7.72 8.32 8.90 9.04 7.82 7.40 6.87 6.85 7.04 7.18 7.28 7.36 7.47 8.04 9.47 10.22 8.94 8.30 7.53 6.76 7.43 8.68 -9999 -9999 -9999 -9999 -9999 -9999 -9999 -9999 -9999 -9999
-9999 -9999 -9999 -9999 -9999 -9999 -9999 -9999 -9999 -9999 -9999 -9999 -9999 -9999 -9999 -9999 -9999 -9999 -9999 -9999 -9999 -9999 -9999 -9999 -9999 -9999 -9999 -9999 8.67 7.40 7.00 7.01 6.95 7.00 6.76 7.55 8.81 6.48 6.88 8.07 13.19 13.14 14.02 12.24 9.84 9.31 9.72 8.00 7.23 8.32 8.61 7.38 6.90 6.97 6.93 7.17 7.37 7.58 7.59 7.85 9.76 11.02 9.54 8.67 7.89 6.82 6.78 7.96 9.15 -9999 -9999 -9999 -9999 -9999 -9999 -9999 -9999 -9999
-9999 -9999 -9999 -9999 -9999 -9999 -9999 -9999 -9999 -9999 -9999 -9999 -9999 -9999 -9999 -9999 -9999 -9999 -9999 -9999 -9999 -9999 -9999 -9999 -9999 -9999 -9999 -9999 8.65 7.18 6.84 6.69 6.50 6.17 6.90 6.53 7.96 8.85 10.98 12.53 13.73 10.69 12.48 10.65 10.34 8.56 9.86 9.01 8.04 7.23 6.96 7.11 6.89 7.01 7.13 7.34 7.49 7.76 7.94 8.16 8.74 9.91 9.39 8.59 8.14 7.61 7.11 7.18 8.53 -9999 -9999 -9999 -9999 -9999 -9999 -9999 -9999 -9999
-9999 -9999 -9999 -9999 -9999 -9999 -9999 -9999 -9999 -9999 -9999 -9999 -9999 -9999 -9999 -9999 -9999 -9999 -9999 -9999 -9999 -9999 -9999 -9999 -9999 -9999 -9999 -9999 -9999 7.22 6.91 6.57 6.07 6.73 8.92 9.10 10.11 9.05 8.83 11.31 11.15 12.51 11.39 9.04 7.25 7.80 7.55 8.83 7.81 7.43 7.98 7.60 6.93 7.24 7.20 7.40 7.46 7.69 8.01 8.29 8.66 8.61 8.69 8.59 8.47 -9999 7.88 8.09 8.88 10.37 -9999 -9999 -9999 -9999 -9999 -9999 -9999 -9999
-9999 -9999 -9999 -9999 -9999 -9999 -9999 -9999 -9999 -9999 -9999 -9999 -9999 -9999 -9999 -9999 -9999 -9999 -9999 -9999 -9999 -9999 -9999 -9999 -9999 -9999 -9999 -9999 8.47 7.14 6.77 6.12 5.80 6.28 10.80 11.55 9.57 12.75 12.27 10.37 9.97 14.17 11.79 11.95 8.97 6.85 8.94 7.46 6.79 7.55 7.67 7.17 7.34 7.10 7.17 7.29 7.51 7.49 7.64 9.28 8.57 7.99 9.31 8.36 8.20 8.10 -9999 8.91 9.58 10.74 11.68 -9999 -9999 -9999 -9999 -9999 -9999 -9999
-9999 -9999 -9999 -9999 -9999 -9999 -9999 -9999 -9999 -9999 -9999 -9999 -9999 -9999 -9999 -9999 -9999 -9999 -9999 -9999 -9999 -9999 -9999 -9999 -9999 -9999 -9999 -9999 8.29 7.00 6.69 6.18 7.92 7.13 8.59 11.99 8.72 9.23 9.75 7.92 7.85 11.81 10.84 10.57 7.14 9.11 10.07 7.61 8.71 7.79 8.36 7.99 7.50 7.08 7.11 7.20 7.28 7.24 7.22 7.51 8.09 7.18 7.52 8.17 7.43 8.03 8.41 -9999 -9999 -9999 -9999 -9999 -9999 -9999 -9999 -9999 -9999 -9999
-9999 -9999 -9999 -9999 -9999 -9999 -9999 -9999 -9999 -9999 -9999 -9999 -9999 -9999 -9999 -9999 -9999 -9999 -9999 -9999 -9999 -9999 -9999 -9999 -9999 -9999 -9999 9.76 7.74 6.89 7.70 7.25 7.51 7.27 8.65 9.09 8.48 8.22 7.91 7.75 8.18 11.17 13.57 13.39 8.50 11.10 10.42 7.81 8.14 7.17 7.86 8.07 7.37 6.94 7.24 7.23 7.20 7.33 7.15 7.36 7.52 7.41 7.29 8.73 7.94 7.75 7.89 8.96 10.10 -9999 -9999 -9999 -9999 -9999 -9999 -9999 -9999 -9999
-9999 -9999 -9999 -9999 -9999 -9999 -9999 -9999 -9999 -9999 -9999 -9999 -9999 -9999 -9999 -9999 -9999 -9999 -9999 -9999 -9999 -9999 -9999 -9999 -9999 -9999 -9999 -9999 8.00 7.01 7.08 7.52 9.59 7.45 7.38 7.46 7.89 8.20 7.70 7.48 7.49 7.90 11.99 13.04 13.85 10.88 11.18 9.95 8.73 9.11 6.87 6.92 7.86 7.02 7.13 7.08 7.09 7.32 7.18 7.27 7.62 7.28 6.95 7.14 9.53 8.22 7.73 8.03 8.86 9.98 11.19 -9999 -9999 -9999 -9999 -9999 -9999 -9999
-9999 -9999 -9999 -9999 -9999 -9999 -9999 -9999 -9999 -9999 -9999 -9999 -9999 -9999 -9999 -9999 -9999 -9999 -9999 -9999 -9999 -9999 -9999 -9999 -9999 -9999 -9999 -9999 8.05 7.54 7.20 7.43 7.71 7.78 7.46 6.99 7.15 6.83 6.67 6.86 7.15 8.12 7.72 12.69 15.26 15.64 12.76 10.80 9.87 8.28 8.45 7.32 8.41 7.26 7.30 7.10 7.09 7.16 7.18 7.52 7.58 7.30 6.88 7.43 9.60 8.83 8.89 7.68 7.81 8.79 10.10 -9999 -9999 -9999 -9999 -9999 -9999 -9999
-9999 -9999 -9999 -9999 -9999 -9999 -9999 -9999 11.23 10.40 10.87 12.04 -9999 -9999 -9999 -9999 -9999 -9999 -9999 -9999 -9999 -9999 -9999 -9999 -9999 -9999 -9999 8.56 7.62 8.17 7.59 8.52 7.97 7.23 6.98 7.01 6.83 6.85 6.73 6.82 6.87 7.07 10.62 13.46 13.58 11.03 13.97 12.50 8.84 8.72 6.61 9.39 9.19 7.58 7.48 7.23 7.15 7.19 7.23 7.43 7.82 7.57 6.94 7.13 7.77 9.68 9.32 9.66 7.79 7.76 9.09 10.59 -9999 -9999 -9999 -9999 -9999 -9999
-9999 -9999 -9999 -9999 -9999 -9999 -9999 -9999 10.64 9.84 9.63 10.09 -9999 -9999 -9999 -9999 -9999 -9999 -9999 -9999 -9999 -9999 -9999 -9999 -9999 -9999 8.64 8.50 7.82 8.19 9.23 7.91 7.85 6.84 6.76 6.96 6.78 7.01 7.18 6.52 6.22 6.42 8.52 15.09 15.40 10.98 12.47 11.50 10.89 7.72 6.70 8.44 8.95 7.95 7.04 6.98 7.11 7.55 7.40 7.36 7.54 7.91 7.28 7.36 7.60 9.50 9.43 9.23 8.05 7.91 8.38 9.96 -9999 -9999 -9999 -9999 -9999 -9999
-9999 -9999 -9999 -9999 -9999 -9999 13.65 10.42 8.90 9.34 9.08 10.06 9.61 10.73 11.43 -9999 -9999 11.45 9.50 -9999 -9999 -9999 8.09 9.42 8.65 -9999 6.86 9.03 8.29 7.87 8.40 7.79 7.95 7.80 8.33 7.79 7.78 6.86 7.33 6.69 6.69 10.39 7.64 10.43 13.59 8.22 9.99 14.81 8.66 10.33 7.85 8.35 8.46 7.73 7.39 7.32 7.28 7.56 7.17 7.38 7.31 8.09 7.31 7.31 7.65 8.29 9.07 10.00 9.37 8.14 8.00 9.35 11.03 -9999 -9999 -9999 -9999 -9999
-9999 -9999 -9999 -9999 -9999 -9999 -9999 10.87 9.44 8.88 8.51 8.79 9.87 11.35 8.55 -9999 7.56 9.19 10.19 8.61 9.49 6.26 5.67 10.26 10.01 8.53 -9999 6.93 8.65 8.54 7.80 7.67 8.29 7.44 7.28 7.23 7.10 7.33 7.08 7.54 7.21 10.74 11.43 11.37 11.96 10.96 13.00 12.91 10.55 8.06 7.35 9.08 8.97 7.36 7.84 7.31 7.74 7.82 7.27 7.32 7.23 8.15 7.45 7.43 7.69 7.76 8.70 9.45 10.13 9.14 8.33 8.90 10.49 -9999 -9999 -9999 -9999 -9999
