ML/MeanWindSpeed_1995-04_Actual.txt
ncols         180
nrows         290
xllcorner     -200000
yllcorner     -200000
cellsize      5000
NODATA_value  -9999
[rows 105 to 139 of 290, columns 78 to 155 of 180]
11.41 14.99 10.29 6.01 8.84 15.02 15.64 13.39 10.56 12.12 17.86 11.90 15.16 8.73 11.90 17.12 11.62 8.37 8.47 10.56 9.13 8.74 9.81 9.95 8.19 9.51 8.65 8.33 11.23 10.38 10.62 10.23 -9999 -9999 -9999 -9999 -9999 -9999 -9999 -9999 -9999 -9999 -9999 -9999 -9999 -9999 -9999 -9999 -9999 -9999 -9999 -9999 -9999 -9999 -9999 -9999 -9999 -9999 -9999 -9999 -9999 -9999 -9999 -9999 -9999 -9999 -9999 -9999 -9999 -9999 -9999 -9999 -9999 -9999 -9999 -9999 -9999 -9999
13.19 10.77 12.53 16.45 15.13 18.87 10.94 15.39 6.64 17.51 8.73 20.36 9.38 13.25 21.61 13.57 10.45 13.62 12.32 8.98 8.58 7.60 7.49 9.00 7.64 7.40 9.22 9.66 9.50 9.80 8.46 9.87 10.50 -9999 -9999 -9999 -9999 -9999 -9999 -9999 -9999 -9999 -9999 -9999 -9999 -9999 -9999 -9999 -9999 -9999 -9999 -9999 -9999 -9999 -9999 -9999 -9999 -9999 -9999 -9999 -9999 -9999 -9999 -9999 -9999 -9999 -9999 -9999 -9999 -9999 -9999 -9999 -9999 -9999 -9999 -9999 -9999 -9999
13.37 7.22 15.71 11.16 6.41 12.22 17.52 16.73 6.80 17.31 14.62 15.46 10.97 16.49 13.08 14.94 19.30 14.67 12.92 10.92 9.27 9.21 10.94 11.56 13.10 12.49 10.37 8.60 7.84 10.70 9.06 11.76 11.54 12.42 -9999 -9999 -9999 -9999 -9999 -9999 -9999 -9999 -9999 -9999 -9999 -9999 -9999 -9999 -9999 -9999 -9999 -9999 -9999 -9999 -9999 -9999 -9999 -9999 -9999 -9999 -9999 -9999 -9999 -9999 -9999 -9999 -9999 -9999 -9999 -9999 -9999 -9999 -9999 -9999 -9999 -9999 -9999 -9999
9.43 14.05 14.42 10.43 6.00 14.42 16.65 21.38 9.12 16.56 13.37 13.85 12.79 13.81 7.78 10.20 11.90 11.06 7.99 10.05 12.75 16.96 15.79 14.12 11.55 10.79 12.53 7.87 9.64 10.99 11.71 12.22 12.36 12.59 12.40 -9999 -9999 -9999 -9999 -9999 -9999 -9999 -9999 -9999 -9999 -9999 -9999 -9999 -9999 -9999 -9999 -9999 -9999 -9999 -9999 -9999 -9999 -9999 -9999 -9999 -9999 -9999 -9999 -9999 -9999 -9999 -9999 -9999 -9999 -9999 -9999 -9999 -9999 -9999 -9999 -9999 -9999 -9999
14.50 17.87 8.52 6.31 12.22 19.30 13.88 6.19 10.11 25.87 11.54 11.01 12.69 12.72 10.04 9.24 6.99 6.80 11.23 18.30 17.52 14.72 13.30 10.16 9.28 10.03 11.97 10.06 11.01 10.40 10.00 10.98 11.43 11.71 -9999 -9999 -9999 -9999 -9999 -9999 -9999 -9999 -9999 -9999 -9999 -9999 -9999 -9999 -9999 -9999 -9999 -9999 -9999 -9999 -9999 -9999 -9999 -9999 -9999 -9999 -9999 -9999 -9999 -9999 -9999 -9999 -9999 -9999 -9999 -9999 -9999 -9999 -9999 -9999 -9999 -9999 -9999 -9999
11.71 10.75 9.69 17.11 9.17 16.03 16.75 16.92 11.87 9.51 21.36 12.47 9.79 8.37 8.18 7.74 7.05 6.51 11.39 9.10 8.12 7.19 9.44 12.08 10.55 10.84 10.24 10.32 11.89 11.39 -9999 -9999 -9999 -9999 -9999 -9999 -9999 -9999 -9999 -9999 -9999 -9999 -9999 -9999 -9999 -9999 -9999 -9999 -9999 -9999 -9999 -9999 -9999 -9999 -9999 -9999 -9999 -9999 -9999 -9999 -9999 -9999 -9999 -9999 -9999 -9999 -9999 -9999 -9999 -9999 -9999 -9999 -9999 -9999 -9999 -9999 -9999 -9999
10.35 6.74 15.38 16.02 18.69 19.14 7.70 17.18 17.22 8.70 13.33 14.34 10.02 9.63 10.93 12.74 14.34 9.32 8.18 7.81 8.12 8.88 10.08 11.72 10.86 11.04 12.09 11.67 -9999 -9999 -9999 -9999 -9999 -9999 -9999 -9999 -9999 -9999 -9999 -9999 -9999 -9999 -9999 -9999 -9999 -9999 -9999 -9999 -9999 -9999 -9999 -9999 -9999 -9999 -9999 -9999 -9999 -9999 -9999 -9999 -9999 -9999 -9999 -9999 -9999 -9999 -9999 -9999 -9999 -9999 -9999 -9999 -9999 -9999 -9999 -9999 -9999 -9999
8.26 15.54 10.97 16.93 19.89 15.92 12.71 18.00 18.05 9.69 9.30 7.93 7.87 8.82 10.12 14.55 16.40 12.42 10.18 8.49 8.25 9.89 9.54 10.21 10.97 13.54 14.74 12.49 -9999 -9999 -9999 -9999 -9999 -9999 -9999 -9999 -9999 -9999 -9999 -9999 -9999 -9999 -9999 -9999 -9999 -9999 -9999 -9999 -9999 -9999 -9999 -9999 -9999 -9999 -9999 -9999 -9999 -9999 -9999 -9999 -9999 -9999 -9999 -9999 -9999 -9999 -9999 -9999 -9999 -9999 -9999 -9999 -9999 -9999 -9999 -9999 -9999 -9999
10.60 15.08 11.33 16.47 16.15 17.88 11.35 10.20 12.05 11.06 10.40 10.10 6.97 17.79 17.86 16.17 16.39 12.20 8.75 8.65 8.44 8.71 8.74 9.00 10.48 10.13 -9999 -9999 -9999 -9999 -9999 11.95 10.86 11.20 10.71 -9999 -9999 -9999 -9999 -9999 -9999 -9999 -9999 -9999 -9999 -9999 -9999 -9999 -9999 -9999 -9999 -9999 -9999 -9999 -9999 -9999 -9999 -9999 -9999 -9999 -9999 -9999 -9999 -9999 -9999 -9999 -9999 -9999 -9999 -9999 -9999 -9999 -9999 -9999 -9999 -9999 -9999 -9999
10.89 16.74 11.13 8.84 21.23 10.84 11.02 10.41 9.12 10.24 12.41 15.88 11.36 11.38 9.79 9.93 9.17 9.79 10.21 10.68 10.29 9.47 10.14 10.80 10.38 10.05 10.76 11.61 -9999 -9999 10.13 9.68 9.58 8.46 9.14 10.16 10.85 -9999 -9999 -9999 -9999 -9999 -9999 -9999 -9999 -9999 -9999 -9999 -9999 -9999 -9999 -9999 -9999 -9999 -9999 -9999 -9999 -9999 -9999 -9999 -9999 -9999 -9999 -9999 -9999 -9999 -9999 -9999 -9999 -9999 -9999 -9999 -9999 -9999 -9999 -9999 -9999 -9999
13.87 11.13 12.57 14.77 16.50 10.08 12.15 15.20 14.06 12.49 9.60 9.69 10.57 9.81 9.74 9.12 8.74 9.54 10.93 10.88 9.84 11.64 12.29 9.84 8.84 9.29 9.89 11.43 9.90 9.97 10.34 9.06 7.15 8.19 11.48 11.95 14.08 9.86 -9999 -9999 -9999 -9999 -9999 -9999 -9999 -9999 -9999 -9999 -9999 -9999 -9999 -9999 -9999 -9999 -9999 -9999 -9999 -9999 -9999 -9999 -9999 -9999 -9999 -9999 -9999 -9999 -9999 -9999 -9999 -9999 -9999 -9999 -9999 -9999 -9999 -9999 -9999 -9999
11.09 15.40 14.09 11.35 10.30 -9999 14.41 17.85 13.23 11.21 9.46 9.07 8.90 9.40 10.10 9.34 8.91 11.04 11.29 11.56 10.68 9.91 9.90 8.81 9.42 10.26 12.00 10.18 8.58 10.81 9.42 8.71 7.64 9.81 12.48 12.91 14.08 11.97 13.48 14.80 10.89 -9999 -9999 -9999 -9999 -9999 -9999 -9999 -9999 -9999 -9999 -9999 -9999 -9999 -9999 -9999 -9999 -9999 -9999 -9999 -9999 -9999 -9999 -9999 -9999 -9999 -9999 -9999 -9999 -9999 -9999 -9999 -9999 -9999 -9999 -9999 -9999 -9999
12.28 -9999 12.60 14.38 10.56 -9999 15.55 20.33 13.96 12.37 9.93 9.88 9.32 9.37 8.43 8.17 7.93 8.93 11.62 11.79 11.98 10.04 9.77 10.94 12.35 15.04 13.01 9.55 7.89 9.44 9.22 8.98 14.45 15.78 12.97 13.02 12.03 11.83 12.04 9.80 10.96 -9999 -9999 -9999 -9999 -9999 -9999 -9999 -9999 -9999 -9999 -9999 -9999 -9999 -9999 -9999 -9999 -9999 -9999 -9999 -9999 -9999 -9999 -9999 -9999 -9999 -9999 -9999 -9999 -9999 -9999 -9999 -9999 -9999 -9999 -9999 -9999 -9999
12.55 -9999 -9999 14.25 11.62 11.31 15.03 17.22 10.61 10.90 13.19 11.33 10.50 10.08 12.96 9.56 7.09 7.69 8.58 10.63 11.55 12.70 10.73 13.73 14.87 12.83 11.50 11.27 10.09 10.58 11.63 12.32 11.98 15.16 13.18 12.50 12.44 8.75 8.56 9.92 11.45 12.00 -9999 -9999 -9999 -9999 -9999 -9999 -9999 -9999 -9999 -9999 -9999 -9999 -9999 -9999 -9999 -9999 -9999 -9999 -9999 -9999 -9999 -9999 -9999 -9999 -9999 -9999 -9999 -9999 -9999 -9999 -9999 -9999 -9999 -9999 -9999 -9999
-9999 -9999 -9999 -9999 12.42 11.16 15.96 12.58 9.10 10.10 11.76 13.47 12.04 10.96 12.38 12.34 9.63 6.63 8.97 11.84 10.60 10.33 11.27 13.84 12.76 10.90 11.25 11.31 14.94 14.12 11.96 11.13 9.81 12.80 12.31 11.50 12.31 9.34 8.43 8.43 8.52 9.25 -9999 -9999 -9999 -9999 -9999 -9999 -9999 -9999 -9999 -9999 -9999 -9999 -9999 -9999 -9999 -9999 -9999 -9999 -9999 -9999 -9999 -9999 -9999 -9999 -9999 -9999 -9999 -9999 -9999 -9999 -9999 -9999 -9999 -9999 -9999 -9999
15.36 17.19 -9999 -9999 -9999 12.49 14.09 11.39 9.99 9.46 10.18 12.15 13.10 13.73 14.07 12.51 11.43 9.54 6.33 11.20 10.04 9.65 10.26 9.68 9.75 12.38 10.39 14.31 18.42 16.52 13.42 13.22 9.87 11.19 10.90 11.35 11.71 9.21 8.16 7.95 8.04 9.15 9.85 -9999 -9999 -9999 -9999 -9999 -9999 -9999 -9999 -9999 -9999 -9999 -9999 -9999 -9999 -9999 -9999 -9999 -9999 -9999 -9999 -9999 -9999 -9999 -9999 -9999 -9999 -9999 -9999 -9999 -9999 -9999 -9999 -9999 -9999 -9999
16.87 19.62 12.83 -9999 -9999 -9999 12.51 11.50 9.56 8.99 9.14 9.54 11.72 12.21 11.68 10.31 10.30 10.33 10.23 8.93 9.28 9.20 11.24 10.62 14.07 9.23 10.85 10.45 11.15 16.25 15.73 12.81 11.48 9.68 9.45 9.89 10.15 8.50 8.08 7.46 8.30 8.90 8.53 8.83 -9999 -9999 -9999 -9999 -9999 -9999 -9999 -9999 -9999 -9999 -9999 -9999 -9999 -9999 -9999 -9999 -9999 -9999 -9999 -9999 -9999 -9999 -9999 -9999 -9999 -9999 -9999 -9999 -9999 -9999 -9999 -9999 -9999 -9999
15.08 17.09 11.39 -9999 -9999 -9999 -9999 -9999 10.63 9.37 7.86 7.51 8.10 8.41 9.92 13.35 13.25 11.29 9.96 9.14 10.78 10.08 10.17 9.49 12.99 8.95 10.91 12.10 10.69 7.89 10.25 9.35 10.79 8.64 10.13 9.36 7.72 7.51 7.40 7.57 6.96 9.35 9.10 8.40 8.25 -9999 -9999 -9999 -9999 -9999 -9999 -9999 -9999 -9999 -9999 -9999 -9999 -9999 -9999 -9999 -9999 -9999 -9999 -9999 -9999 -9999 -9999 -9999 -9999 -9999 -9999 -9999 -9999 -9999 -9999 -9999 -9999 -9999
10.53 19.90 13.30 -9999 -9999 -9999 -9999 -9999 11.14 10.41 10.31 8.15 10.05 12.40 11.40 13.65 14.58 13.28 10.24 11.72 10.41 9.31 11.64 12.44 7.76 18.89 11.71 15.42 11.17 14.05 13.49 8.54 11.10 9.14 8.35 7.46 7.97 9.63 10.29 9.12 9.17 6.40 8.36 10.36 7.92 9.33 9.88 -9999 -9999 -9999 -9999 -9999 -9999 -9999 -9999 -9999 -9999 -9999 -9999 -9999 -9999 -9999 -9999 -9999 -9999 -9999 -9999 -9999 -9999 -9999 -9999 -9999 -9999 -9999 -9999 -9999 -9999 -9999
14.74 18.63 17.70 -9999 -9999 -9999 -9999 -9999 11.07 9.53 9.64 8.64 9.30 11.19 9.01 10.34 10.83 13.09 11.43 11.02 9.59 12.48 16.94 13.66 12.07 20.62 17.80 12.14 13.05 10.74 8.43 10.25 10.93 9.14 9.57 9.31 7.25 7.77 8.13 10.67 14.17 9.87 7.99 9.09 9.33 8.06 8.93 -9999 -9999 -9999 -9999 -9999 -9999 -9999 -9999 -9999 -9999 -9999 -9999 -9999 -9999 -9999 -9999 -9999 -9999 -9999 -9999 -9999 -9999 -9999 -9999 -9999 -9999 -9999 -9999 -9999 -9999 -9999
11.85 14.21 16.13 -9999 -9999 -9999 -9999 -9999 10.37 9.08 8.95 9.00 8.92 9.14 9.91 14.02 15.86 12.55 13.22 9.75 9.75 9.90 13.19 8.39 15.98 14.61 12.07 13.56 14.70 8.90 11.82 9.63 10.63 10.27 7.51 8.87 9.06 8.32 7.59 15.37 15.94 13.59 7.66 8.52 9.27 8.30 9.24 -9999 -9999 -9999 -9999 -9999 -9999 -9999 -9999 -9999 -9999 -9999 -9999 -9999 -9999 -9999 -9999 -9999 -9999 -9999 -9999 -9999 -9999 -9999 -9999 -9999 -9999 -9999 -9999 -9999 -9999 -9999
-9999 -9999 -9999 -9999 -9999 -9999 -9999 13.26 10.36 9.82 8.91 9.54 10.42 9.23 10.88 11.59 14.19 11.39 10.92 14.14 12.08 13.80 13.53 13.25 17.38 16.51 10.51 11.95 13.40 12.26 10.85 11.34 8.32 9.71 10.26 7.41 8.80 8.12 11.82 13.30 16.97 13.82 7.78 7.46 7.02 8.26 9.28 -9999 -9999 -9999 -9999 -9999 -9999 -9999 -9999 -9999 -9999 -9999 -9999 -9999 -9999 -9999 -9999 -9999 -9999 -9999 -9999 -9999 -9999 -9999 -9999 -9999 -9999 -9999 -9999 -9999 -9999 -9999
-9999 -9999 -9999 -9999 -9999 -9999 -9999 14.85 8.34 8.77 10.92 12.75 11.95 10.00 10.22 10.90 8.00 8.91 13.53 14.54 12.75 11.93 9.23 7.25 16.19 9.91 10.82 10.64 11.62 11.20 9.69 7.41 10.79 10.10 9.56 8.29 8.55 11.02 12.69 11.76 13.70 13.07 8.11 6.22 6.86 9.40 8.17 -9999 -9999 -9999 -9999 -9999 -9999 -9999 -9999 -9999 -9999 -9999 -9999 -9999 -9999 -9999 -9999 -9999 -9999 -9999 -9999 -9999 -9999 -9999 -9999 -9999 -9999 -9999 -9999 -9999 -9999 -9999
-9999 -9999 -9999 -9999 -9999 -9999 12.53 11.54 6.93 9.40 11.42 9.56 12.52 15.03 13.88 16.49 13.69 10.33 8.19 8.93 13.12 12.47 10.25 5.64 9.19 14.81 10.52 13.52 10.29 10.30 7.25 7.87 10.08 8.88 9.06 10.49 12.54 14.41 13.23 11.05 9.67 9.13 7.64 10.28 11.30 9.41 8.64 -9999 -9999 -9999 -9999 -9999 -9999 -9999 -9999 -9999 -9999 -9999 -9999 -9999 -9999 -9999 -9999 -9999 -9999 -9999 -9999 -9999 -9999 -9999 -9999 -9999 -9999 -9999 -9999 -9999 -9999 -9999
-9999 -9999 -9999 -9999 -9999 -9999 10.60 7.04 11.34 9.72 12.19 9.32 12.94 12.97 16.45 15.41 15.50 13.26 10.63 6.92 17.79 17.49 10.67 5.35 10.36 13.64 9.49 10.14 12.31 8.28 11.02 12.44 9.88 11.84 12.14 16.24 10.32 9.68 10.76 11.56 11.53 8.43 6.58 8.68 8.78 8.10 8.15 9.40 -9999 -9999 -9999 -9999 -9999 -9999 -9999 -9999 -9999 -9999 -9999 -9999 -9999 -9999 -9999 -9999 -9999 -9999 -9999 -9999 -9999 -9999 -9999 -9999 -9999 -9999 -9999 -9999 -9999 -9999
-9999 -9999 -9999 -9999 -9999 9.52 12.08 12.01 11.21 12.59 12.80 10.75 9.07 14.20 13.63 15.64 15.07 14.67 9.49 5.35 10.15 12.86 11.73 7.15 7.10 9.78 9.38 9.28 9.86 14.09 9.58 8.87 9.17 8.20 14.88 12.21 14.60 12.43 8.49 9.62 10.41 11.28 12.16 8.18 7.44 7.13 7.73 8.71 -9999 -9999 -9999 -9999 -9999 -9999 -9999 -9999 -9999 -9999 -9999 -9999 -9999 -9999 -9999 -9999 -9999 -9999 -9999 -9999 -9999 -9999 -9999 -9999 -9999 -9999 -9999 -9999 -9999 -9999
-9999 -9999 -9999 -9999 -9999 11.88 11.21 9.67 14.76 13.94 11.70 11.45 15.23 9.48 10.95 14.26 12.32 12.35 7.68 5.33 8.48 10.44 13.11 6.94 7.20 7.41 8.49 6.74 11.80 7.22 12.57 9.93 7.19 15.32 8.51 10.47 11.70 10.62 11.53 8.00 8.34 11.71 11.00 8.51 8.96 8.20 7.74 8.88 -9999 -9999 -9999 -9999 -9999 -9999 -9999 -9999 -9999 -9999 -9999 -9999 -9999 -9999 -9999 -9999 -9999 -9999 -9999 -9999 -9999 -9999 -9999 -9999 -9999 -9999 -9999 -9999 -9999 -9999
-9999 -9999 -9999 -9999 12.63 10.05 8.97 12.12 9.64 10.13 18.80 14.37 13.86 9.37 11.09 12.04 10.20 12.16 11.11 8.53 10.69 10.26 7.34 5.96 6.80 9.02 9.19 12.56 9.12 7.33 12.47 7.63 8.74 15.14 9.90 8.41 7.28 9.60 11.22 10.18 10.88 11.13 8.95 8.34 8.06 7.27 7.51 8.69 -9999 -9999 -9999 -9999 -9999 -9999 -9999 -9999 -9999 -9999 -9999 -9999 -9999 -9999 -9999 -9999 -9999 -9999 -9999 -9999 -9999 -9999 -9999 -9999 -9999 -9999 -9999 -9999 -9999 -9999
-9999 -9999 -9999 9.89 11.09 11.83 8.69 9.28 9.39 8.37 12.18 11.71 19.01 9.31 8.54 9.92 10.63 11.26 11.88 9.83 7.77 6.50 9.74 6.52 5.99 8.46 9.32 9.45 9.13 7.19 9.43 5.61 7.75 13.26 12.04 12.38 11.01 10.16 8.63 8.35 11.17 9.93 8.93 8.59 8.18 8.05 7.17 8.03 9.30 -9999 -9999 -9999 -9999 -9999 -9999 -9999 -9999 -9999 -9999 -9999 -9999 -9999 -9999 -9999 -9999 -9999 -9999 -9999 -9999 -9999 -9999 -9999 -9999 -9999 -9999 -9999 -9999 -9999
-9999 -9999 -9999 12.02 15.86 11.93 10.86 9.24 7.62 6.27 17.57 14.31 11.99 11.55 8.38 8.37 9.68 9.54 14.94 9.37 7.18 6.33 6.70 10.14 6.87 9.83 9.14 10.02 9.01 8.39 7.63 8.98 6.37 9.60 10.84 10.09 11.63 9.95 8.38 7.80 9.35 8.52 10.05 8.96 7.43 6.36 7.46 8.15 8.99 -9999 -9999 -9999 -9999 -9999 -9999 -9999 -9999 -9999 -9999 -9999 -9999 -9999 -9999 -9999 -9999 -9999 -9999 -9999 -9999 -9999 -9999 -9999 -9999 -9999 -9999 -9999 -9999 -9999
-9999 11.50 10.62 13.16 11.65 11.01 12.19 9.73 8.85 6.73 12.67 11.85 12.71 11.23 10.48 7.61 10.09 10.76 9.67 9.94 9.58 6.47 6.72 8.56 8.24 8.25 9.01 9.59 8.59 7.87 8.83 7.51 6.57 10.87 9.65 9.23 9.68 12.15 10.33 8.95 6.31 7.66 8.45 8.04 7.40 6.48 7.01 7.75 8.87 -9999 -9999 -9999 -9999 -9999 -9999 -9999 -9999 -9999 -9999 -9999 -9999 -9999 -9999 -9999 -9999 -9999 -9999 -9999 -9999 -9999 -9999 -9999 -9999 -9999 -9999 -9999 -9999 -9999
-9999 12.67 10.93 8.63 11.75 10.27 12.12 10.09 8.79 7.15 6.90 8.80 14.82 11.58 10.51 8.11 7.85 8.01 7.47 8.38 9.66 7.72 8.88 7.76 8.29 8.16 8.36 8.36 8.22 7.79 7.84 8.50 7.35 6.28 7.72 8.48 9.01 9.87 9.72 6.02 7.09 10.14 8.93 7.18 7.32 6.83 7.15 6.46 7.42 8.52 -9999 -9999 -9999 -9999 -9999 -9999 -9999 -9999 -9999 -9999 -9999 -9999 -9999 -9999 -9999 -9999 -9999 -9999 -9999 -9999 -9999 -9999 -9999 -9999 -9999 -9999 -9999 -9999
-9999 12.96 11.27 7.72 11.00 8.85 10.20 9.45 8.88 8.35 6.39 10.69 10.78 10.15 12.54 8.96 7.93 7.71 6.07 8.96 14.13 9.72 -9999 -9999 -9999 8.54 8.48 -9999 8.06 8.17 8.24 7.34 6.39 7.64 9.46 8.00 8.25 9.85 9.05 10.49 9.78 6.85 5.42 5.61 6.04 6.63 4.10 4.94 5.69 7.66 -9999 -9999 -9999 -9999 -9999 -9999 -9999 -9999 -9999 -9999 -9999 -9999 -9999 -9999 -9999 -9999 -9999 -9999 -9999 -9999 -9999 -9999 -9999 -9999 -9999 -9999 -9999 -9999
-9999 11.39 13.75 9.43 9.04 9.69 10.70 10.32 9.55 8.45 7.34 8.18 14.56 11.00 11.85 8.56 8.33 10.41 7.02 8.53 9.86 10.27 -9999 -9999 -9999 8.74 8.11 8.38 8.59 8.01 7.50 6.07 7.46 10.91 11.55 8.90 12.61 9.13 8.92 11.98 8.55 8.96 8.68 8.11 5.10 6.05 7.27 5.26 4.57 6.63 -9999 -9999 -9999 -9999 -9999 -9999 -9999 -9999 -9999 -9999 -9999 -9999 -9999 -9999 -9999 -9999 -9999 -9999 -9999 -9999 -9999 -9999 -9999 -9999 -9999 -9999 -9999 -9999
-9999 -9999 12.74 12.64 10.19 -9999 11.43 11.56 10.36 9.48 8.50 -9999 10.57 9.07 10.16 7.91 9.73 10.67 9.26 9.72 -9999 -9999 -9999 -9999 9.71 8.15 7.69 7.91 8.79 8.84 7.57 6.56 6.52 11.40 16.46 8.48 14.21 10.03 12.10 13.32 10.04 11.45 8.83 6.23 7.51 7.24 5.21 2.54 3.84 6.98 7.71 -9999 -9999 -9999 -9999 -9999 -9999 -9999 -9999 -9999 -9999 -9999 -9999 -9999 -9999 -9999 -9999 -9999 -9999 -9999 -9999 -9999 -9999 -9999 -9999 -9999 -9999 -9999
