ML/MeanWindSpeed_1993-12_Actual.txt
ncols         180
nrows         290
xllcorner     -200000
yllcorner     -200000
cellsize      5000
NODATA_value  -9999
[rows 204 to 237 of 290, columns 77 to 153 of 180]
16.02 13.16 13.24 14.64 15.22 14.59 13.16 14.90 13.61 15.60 12.32 13.57 16.17 15.54 13.96 14.61 11.09 10.47 14.71 16.21 15.29 14.14 16.32 13.20 10.99 9.15 14.09 18.17 18.94 11.93 12.32 12.66 13.16 12.20 10.88 12.69 11.95 11.25 10.37 10.35 8.85 8.64 9.90 9.90 12.80 12.81 11.90 10.43 11.19 12.85 12.22 11.54 10.92 11.13 11.04 10.79 10.45 10.46 11.05 11.45 11.09 11.05 11.19 11.01 12.06 12.52 10.89 11.19 12.06 12.46 12.17 12.82 12.78 12.83 12.79 11.48 11.39
15.39 14.83 13.59 14.32 14.10 14.67 13.99 13.90 14.75 13.38 14.14 12.90 12.76 12.66 11.70 10.49 12.30 10.86 14.99 21.63 13.19 13.27 14.44 19.35 18.66 10.36 10.23 20.92 16.36 13.26 13.63 14.87 12.94 10.89 10.27 12.99 13.05 11.11 10.12 9.69 8.88 8.83 10.22 12.84 13.34 12.15 11.62 11.04 10.83 10.84 11.75 10.95 10.76 10.58 10.30 10.08 10.13 11.08 10.96 10.90 11.01 10.29 10.60 11.49 11.34 12.00 11.32 11.29 11.43 11.79 12.43 12.78 12.88 12.98 13.02 11.37 10.79
17.51 14.43 13.50 14.37 13.38 13.78 13.80 13.68 12.48 12.23 13.02 12.21 13.81 12.52 13.74 10.10 13.26 15.19 15.46 16.84 17.42 14.58 16.97 19.32 14.48 16.64 15.30 11.32 16.27 14.98 11.21 11.81 10.50 12.03 11.81 15.18 13.98 11.00 9.89 8.87 8.70 10.02 13.04 11.78 13.50 11.91 11.57 12.16 10.86 11.85 10.41 10.65 10.28 10.01 9.95 10.16 10.29 10.52 10.35 10.44 10.23 10.41 11.47 12.32 11.77 11.07 11.60 11.12 12.18 11.52 11.52 11.97 12.39 12.66 12.63 11.87 10.70
17.27 15.29 13.74 13.00 14.30 15.39 17.33 16.03 14.15 12.82 11.64 11.87 14.92 12.04 12.67 10.01 12.54 13.21 12.61 11.88 14.69 13.90 15.81 15.62 17.88 15.89 16.99 16.43 20.36 13.30 11.59 10.91 12.18 11.61 14.19 13.91 14.08 10.39 9.49 8.42 12.09 13.07 12.86 13.30 11.46 11.86 11.98 11.55 10.19 10.10 10.22 10.01 9.88 9.85 9.80 10.46 10.73 11.16 10.64 10.08 10.15 10.87 12.68 11.11 11.54 11.51 11.02 11.00 11.23 10.87 11.01 11.80 11.66 12.15 12.14 11.67 11.29
17.43 16.02 14.42 13.58 13.76 15.81 16.53 17.44 16.19 14.72 13.19 12.13 12.56 14.76 10.79 15.11 14.32 14.31 15.74 14.54 12.78 13.08 14.53 13.14 14.86 14.28 12.92 18.53 18.18 11.57 11.96 9.87 10.89 12.73 13.58 13.27 12.35 10.20 9.44 10.82 10.24 12.35 12.24 11.55 11.75 11.37 10.90 10.54 9.56 9.22 9.24 9.31 10.91 9.78 10.56 10.05 10.22 9.99 9.80 9.94 11.04 12.33 11.93 11.50 11.53 11.19 10.80 10.98 11.41 11.61 10.26 11.39 12.32 11.70 11.46 11.62 10.51
17.52 16.19 15.25 15.71 17.01 18.70 -9999 -9999 -9999 -9999 15.66 14.63 15.10 12.33 11.08 12.48 12.51 11.91 11.31 8.17 17.81 18.97 13.60 12.04 12.31 13.87 14.98 17.47 14.04 11.55 10.09 9.30 13.72 12.79 14.73 11.80 11.06 10.05 9.84 11.96 10.42 12.23 12.11 11.23 11.22 10.85 10.37 9.66 9.20 8.99 9.03 9.27 10.62 9.95 10.28 10.35 10.09 10.04 9.90 11.42 11.34 11.79 11.97 11.94 10.39 10.19 9.98 11.16 11.62 11.03 9.84 10.86 11.63 11.44 11.05 11.57 10.78
19.74 19.23 19.13 17.60 19.79 19.96 -9999 -9999 -9999 -9999 -9999 -9999 -9999 11.87 11.82 13.06 11.95 11.28 10.95 13.03 15.50 18.32 17.91 15.59 13.79 13.10 12.24 15.63 15.16 10.44 9.01 13.05 13.59 15.32 12.16 11.29 10.57 9.74 10.98 11.85 11.65 11.92 11.60 11.20 10.88 10.45 9.95 9.71 9.52 10.15 9.69 9.90 10.04 9.98 9.86 9.35 10.16 11.50 11.22 10.44 11.88 11.94 11.63 11.29 10.17 9.55 10.18 10.96 10.74 9.96 9.72 10.90 9.88 10.24 11.21 10.52 10.39
-9999 -9999 20.16 -9999 -9999 -9999 -9999 -9999 -9999 -9999 -9999 17.39 15.21 14.42 16.05 15.74 14.15 12.40 12.07 11.84 14.60 16.36 15.90 11.79 11.51 15.05 13.96 14.06 11.68 9.90 9.68 12.77 13.63 13.59 11.92 11.32 10.61 9.00 12.52 12.87 11.61 11.62 11.19 11.06 10.84 10.48 10.72 10.18 10.35 9.81 9.84 10.06 10.33 10.05 9.85 9.08 10.70 12.38 11.15 11.62 9.89 11.18 10.85 10.12 10.42 9.89 10.05 10.95 10.41 9.62 9.64 9.73 10.24 10.78 10.15 10.66 10.20
-9999 -9999 -9999 -9999 -9999 -9999 -9999 -9999 -9999 -9999 -9999 19.35 18.25 16.17 17.93 18.81 -9999 -9999 13.36 15.51 10.93 12.83 12.36 12.20 12.85 14.41 11.85 11.61 12.09 11.81 12.84 13.70 13.91 12.93 11.96 11.95 9.83 10.43 12.99 11.88 11.27 10.78 10.83 11.43 11.34 10.81 10.60 9.91 9.95 10.41 10.89 10.73 11.38 10.05 9.17 9.97 12.54 10.97 11.24 10.68 9.17 10.60 10.06 9.57 9.50 9.45 9.30 9.58 11.17 10.11 10.09 10.16 10.10 10.14 9.74 9.28 10.50
-9999 -9999 -9999 -9999 -9999 -9999 -9999 -9999 -9999 -9999 -9999 -9999 -9999 -9999 -9999 -9999 -9999 -9999 15.89 14.21 13.23 12.25 11.10 10.74 11.10 12.20 12.18 12.98 13.89 14.68 15.63 15.47 -9999 12.98 11.77 10.44 9.71 10.70 12.72 11.88 11.68 10.81 10.09 10.17 11.20 10.45 10.36 11.29 11.32 10.95 11.71 12.59 11.37 10.88 10.29 10.54 11.93 10.83 10.88 10.66 9.82 9.52 9.23 9.48 9.79 9.32 9.04 9.57 10.03 10.16 10.25 10.34 10.30 10.22 10.29 10.44 10.71
-9999 -9999 -9999 -9999 -9999 -9999 -9999 -9999 -9999 -9999 -9999 -9999 -9999 -9999 -9999 -9999 -9999 -9999 -9999 15.92 13.77 12.14 11.83 12.11 10.84 11.10 12.48 14.52 -9999 -9999 -9999 -9999 14.30 12.62 11.28 9.88 9.59 10.63 12.53 11.81 11.76 10.76 9.72 10.58 10.47 11.80 11.25 12.93 11.58 11.68 11.28 11.62 11.44 10.74 11.36 9.80 10.56 10.93 9.65 9.85 9.40 9.05 8.75 8.35 8.37 8.70 8.51 8.95 9.43 9.88 10.00 11.43 11.68 10.48 10.47 10.76 10.79
-9999 -9999 -9999 -9999 -9999 -9999 -9999 -9999 -9999 -9999 -9999 -9999 -9999 -9999 -9999 -9999 -9999 -9999 -9999 -9999 15.56 15.80 14.13 12.50 12.22 12.95 14.95 -9999 -9999 -9999 -9999 14.68 13.93 13.15 9.84 9.23 9.33 11.85 12.80 12.29 11.34 9.95 9.79 9.82 11.47 12.94 12.05 12.19 11.70 11.96 11.74 10.66 10.98 10.94 10.48 10.39 10.38 10.09 9.43 9.47 9.92 9.98 9.75 8.43 8.39 8.49 8.52 9.59 10.10 10.73 10.50 11.27 11.09 10.73 11.59 10.80 11.34
-9999 -9999 -9999 -9999 -9999 -9999 -9999 -9999 -9999 -9999 -9999 -9999 -9999 -9999 -9999 -9999 -9999 -9999 -9999 -9999 -9999 17.00 16.60 15.17 14.33 14.53 17.32 -9999 -9999 -9999 14.08 11.34 10.73 12.44 11.83 10.84 9.67 11.24 10.72 12.11 11.07 9.27 10.32 11.53 11.79 11.56 12.53 11.89 11.55 11.41 10.79 10.57 10.39 10.50 10.91 10.42 9.75 9.58 9.52 9.56 10.29 9.90 9.74 9.19 8.58 8.75 8.93 9.74 10.25 10.86 10.96 11.10 10.51 10.84 11.17 11.51 11.07
-9999 -9999 -9999 -9999 -9999 -9999 -9999 -9999 -9999 -9999 -9999 -9999 -9999 -9999 -9999 -9999 -9999 -9999 -9999 -9999 -9999 -9999 -9999 -9999 -9999 -9999 -9999 -9999 -9999 16.80 12.12 9.72 9.88 12.26 10.61 11.07 11.61 11.66 11.74 11.70 10.08 9.64 9.88 10.98 11.05 11.31 11.44 11.59 11.28 11.20 12.64 11.10 11.17 10.58 11.02 10.83 9.85 9.74 9.26 9.80 10.64 9.99 9.23 9.00 9.10 9.02 9.78 10.06 10.83 10.72 11.73 12.11 11.18 9.66 12.04 12.67 10.87
-9999 -9999 -9999 -9999 -9999 -9999 -9999 -9999 -9999 -9999 -9999 -9999 -9999 -9999 -9999 -9999 -9999 -9999 -9999 -9999 -9999 -9999 -9999 -9999 -9999 -9999 -9999 -9999 -9999 13.78 11.20 9.29 14.59 13.40 10.43 11.19 11.84 12.20 12.38 10.73 10.31 10.07 9.93 11.09 10.81 10.49 11.99 11.70 12.65 11.23 11.53 12.67 11.19 10.91 10.92 10.37 10.06 9.76 9.56 9.99 10.10 10.17 9.46 8.96 9.07 8.96 9.45 11.43 11.04 11.93 12.43 13.29 11.48 9.91 11.00 11.31 9.77
-9999 -9999 -9999 -9999 -9999 -9999 -9999 -9999 -9999 -9999 -9999 -9999 -9999 -9999 -9999 -9999 -9999 -9999 -9999 -9999 -9999 -9999 -9999 -9999 -9999 -9999 -9999 -9999 -9999 13.26 9.54 7.50 9.89 13.70 13.00 12.63 11.86 12.95 11.10 10.54 9.98 11.50 11.60 12.41 11.88 10.95 11.03 10.99 11.33 11.67 11.65 10.73 10.64 10.80 10.91 10.45 10.16 9.95 9.83 10.26 10.12 9.74 8.84 8.85 9.92 10.95 10.46 11.49 11.32 11.47 11.69 12.41 13.80 13.09 10.88 10.57 10.59
-9999 -9999 -9999 -9999 -9999 -9999 -9999 -9999 -9999 -9999 -9999 -9999 20.24 19.89 17.09 21.18 20.24 20.23 20.78 22.85 15.76 21.34 17.03 -9999 -9999 -9999 -9999 -9999 -9999 12.43 10.38 9.27 8.11 9.06 11.32 13.28 13.07 11.87 10.93 10.66 11.40 12.62 11.87 11.30 11.36 10.89 10.80 11.32 10.85 10.42 10.21 10.53 9.86 10.50 11.06 11.90 10.95 10.32 10.67 10.60 10.20 10.52 8.91 8.49 10.32 11.74 10.82 10.57 11.02 11.24 11.19 10.99 10.96 10.62 10.12 9.80 9.39
-9999 -9999 -9999 -9999 -9999 -9999 -9999 -9999 -9999 -9999 -9999 -9999 20.95 19.01 17.74 14.86 16.69 18.30 18.00 19.16 19.69 17.18 15.94 14.27 14.88 17.17 15.27 14.15 12.32 11.19 10.17 9.59 9.11 8.46 8.85 11.71 12.09 11.16 10.41 13.17 11.86 10.97 11.46 11.93 11.12 10.85 10.76 10.93 11.14 10.70 10.61 9.53 9.63 10.13 10.29 10.58 11.57 11.90 10.23 9.97 9.75 9.30 9.67 8.77 12.90 11.66 11.49 11.14 10.74 10.94 10.86 11.69 11.45 9.91 11.27 10.64 11.02
-9999 -9999 -9999 -9999 -9999 -9999 -9999 -9999 -9999 -9999 -9999 20.70 18.24 16.17 14.49 12.67 14.68 17.48 17.23 16.51 16.41 16.31 15.26 13.25 12.11 13.00 14.21 11.58 10.79 9.95 9.89 10.64 9.21 9.10 10.41 10.66 10.49 10.55 12.77 11.15 12.80 12.25 11.45 10.53 10.88 10.12 10.58 11.06 10.63 10.94 10.00 10.32 10.01 9.91 9.92 11.52 12.60 10.54 9.39 9.66 11.99 10.35 9.59 9.84 10.10 10.69 11.00 10.62 10.52 11.12 12.08 11.18 10.00 9.72 11.27 10.57 10.23
-9999 -9999 -9999 -9999 -9999 -9999 -9999 -9999 -9999 -9999 -9999 -9999 17.69 15.29 13.69 14.56 13.84 14.53 17.46 16.33 14.22 12.65 15.04 16.59 13.41 10.77 11.15 13.09 11.14 9.30 9.23 9.10 9.76 9.77 9.02 9.52 10.13 10.70 11.65 10.63 12.55 11.62 11.52 11.29 11.26 10.26 10.95 11.37 11.02 9.47 9.62 10.32 9.48 9.06 8.89 10.21 11.85 11.46 9.30 9.68 11.10 10.89 10.11 9.34 9.40 9.35 9.72 11.39 11.15 10.89 11.33 12.16 11.17 10.63 11.36 11.32 10.29
-9999 -9999 -9999 -9999 -9999 -9999 -9999 -9999 22.49 -9999 -9999 19.29 17.09 16.78 13.27 14.55 12.91 12.72 13.22 13.94 14.74 12.75 14.52 15.43 12.29 10.64 9.50 9.70 9.44 8.71 8.83 9.16 10.07 9.04 8.79 9.73 11.68 10.44 11.11 10.15 11.40 11.12 11.86 12.60 11.65 10.33 9.96 10.23 9.79 9.24 10.78 9.81 9.01 10.82 9.25 9.62 11.92 12.92 9.40 9.81 10.47 10.30 9.71 9.25 9.30 9.77 10.40 11.04 10.34 9.95 9.77 10.08 10.05 10.15 11.01 10.45 10.38
-9999 -9999 -9999 -9999 -9999 -9999 -9999 19.96 21.07 20.69 20.10 16.85 15.27 16.28 13.65 12.42 12.86 12.07 13.58 14.40 15.11 13.03 12.31 12.21 10.50 9.17 8.78 9.19 9.66 9.59 8.82 8.86 9.09 8.64 8.66 10.73 11.15 10.22 10.64 10.87 12.38 11.73 11.73 12.97 11.55 11.00 9.94 10.77 10.23 10.27 9.70 9.38 8.70 9.82 9.76 9.21 10.65 10.30 9.57 9.54 9.52 10.36 10.11 9.80 9.65 9.53 9.47 9.56 10.19 10.53 10.07 8.96 9.25 9.67 10.61 11.11 10.72
-9999 -9999 -9999 -9999 -9999 -9999 -9999 18.37 17.98 16.87 17.37 15.91 14.55 13.16 14.79 14.51 13.35 14.26 13.87 13.59 14.73 12.94 12.08 11.00 8.28 9.26 11.23 10.85 9.84 8.98 8.44 9.08 9.70 10.03 9.50 11.10 10.80 11.31 10.27 9.50 11.20 12.56 11.51 11.57 11.20 10.39 10.56 11.34 10.35 9.61 10.37 10.56 9.06 9.31 9.28 9.23 10.25 10.62 10.63 12.12 9.73 10.00 9.16 8.93 9.42 9.78 9.29 9.16 9.73 10.52 10.03 9.30 8.93 9.68 9.74 9.90 10.07
-9999 -9999 -9999 -9999 -9999 -9999 -9999 18.51 16.81 16.01 16.45 15.78 15.25 13.65 14.08 14.02 12.61 13.53 13.17 13.41 13.38 12.31 9.15 7.26 6.63 9.07 9.41 10.18 10.82 8.89 8.96 9.33 9.13 10.32 9.82 11.13 10.87 10.81 10.57 9.91 11.68 11.25 11.33 11.20 10.82 10.41 10.65 11.44 11.22 9.94 9.75 10.05 10.81 9.48 9.56 9.39 9.83 9.83 9.82 10.45 10.05 11.01 11.70 8.25 11.91 10.52 8.70 9.04 12.51 12.64 12.13 9.05 9.01 9.38 9.29 9.69 9.56
-9999 -9999 -9999 -9999 -9999 -9999 -9999 17.00 15.98 15.61 15.50 15.03 14.73 13.92 13.45 14.36 13.46 13.14 13.07 11.47 10.91 10.07 9.34 6.39 7.33 9.88 9.29 10.49 10.45 9.00 9.46 9.94 9.15 9.90 10.37 10.55 10.45 10.44 11.20 12.16 10.48 11.40 11.22 11.16 10.75 10.46 10.82 11.36 10.43 10.38 10.17 10.71 11.24 11.84 10.99 11.78 11.49 10.94 10.52 9.97 9.38 9.47 9.81 9.25 11.44 11.51 12.26 11.90 12.58 13.18 13.40 9.71 9.63 9.53 9.78 10.45 11.81
-9999 -9999 -9999 -9999 -9999 -9999 -9999 15.87 15.02 14.80 15.28 15.83 14.94 14.39 14.16 14.56 15.16 13.92 12.54 10.72 10.29 9.10 8.25 7.83 7.29 8.08 8.10 10.15 8.96 7.25 10.16 10.03 9.13 12.22 11.30 12.05 12.60 11.93 11.73 12.38 11.25 10.56 11.02 10.97 10.34 10.33 10.56 11.13 10.25 10.53 11.76 12.77 12.70 12.75 13.00 13.05 13.30 13.13 12.48 11.40 10.90 11.58 12.22 12.60 13.32 13.83 14.17 -9999 -9999 13.82 13.75 12.80 11.90 10.98 14.03 12.53 -9999
-9999 -9999 -9999 -9999 -9999 -9999 18.92 15.87 14.99 13.82 14.69 14.95 15.98 14.92 16.26 15.67 15.26 13.61 12.11 10.58 9.65 8.51 7.69 7.54 7.78 8.72 9.47 9.11 7.78 10.86 12.03 9.62 8.98 10.31 10.75 12.28 12.33 11.25 11.14 10.97 10.68 11.59 11.49 11.65 11.21 11.11 11.73 12.59 12.44 12.12 12.21 12.80 13.28 -9999 -9999 14.53 15.62 15.69 14.89 14.15 13.56 13.87 -9999 -9999 -9999 -9999 -9999 -9999 -9999 -9999 -9999 -9999 13.84 14.25 16.05 14.99 -9999
-9999 -9999 -9999 -9999 -9999 20.02 17.85 15.37 15.48 13.91 13.73 13.53 13.31 13.33 17.64 18.32 16.15 14.37 13.02 12.17 10.17 8.65 7.65 7.91 8.10 11.52 12.76 12.27 12.28 14.40 12.18 12.21 11.87 12.59 13.39 11.73 10.70 11.29 10.66 10.88 10.70 11.13 11.35 13.18 14.44 14.51 14.42 14.46 14.60 13.55 -9999 11.90 12.83 12.82 13.41 14.62 -9999 -9999 -9999 -9999 15.90 -9999 -9999 -9999 -9999 -9999 -9999 -9999 -9999 -9999 -9999 -9999 -9999 -9999 -9999 -9999 -9999
-9999 -9999 -9999 -9999 19.93 18.95 18.45 16.91 14.89 13.93 13.39 11.80 10.95 13.01 19.48 20.87 15.32 13.87 15.29 11.02 12.12 8.99 8.07 11.37 10.67 11.33 12.46 13.17 -9999 -9999 -9999 -9999 -9999 13.81 14.95 13.98 12.10 11.87 11.50 10.85 10.91 11.10 12.13 14.01 -9999 -9999 -9999 -9999 -9999 15.22 14.73 13.08 11.53 11.52 14.24 14.88 -9999 -9999 -9999 -9999 -9999 -9999 -9999 -9999 -9999 -9999 -9999 -9999 -9999 -9999 -9999 -9999 -9999 -9999 -9999 -9999 -9999
-9999 -9999 -9999 15.01 15.59 17.52 18.17 16.83 16.04 14.57 12.39 12.35 11.73 14.73 18.65 20.28 18.11 16.12 13.10 12.90 10.84 10.81 10.25 13.03 13.59 -9999 -9999 -9999 -9999 -9999 -9999 -9999 -9999 -9999 15.04 14.90 13.29 14.27 15.22 15.29 12.82 14.93 15.39 16.70 -9999 -9999 -9999 -9999 -9999 -9999 -9999 13.01 12.97 11.86 13.17 -9999 -9999 -9999 -9999 -9999 -9999 -9999 -9999 -9999 -9999 -9999 -9999 -9999 -9999 -9999 -9999 -9999 -9999 -9999 -9999 -9999 -9999
21.49 19.11 17.81 14.35 14.35 16.10 18.11 18.33 16.37 13.77 13.37 13.42 12.78 14.77 18.94 17.70 17.35 15.96 15.69 9.21 11.61 15.05 12.85 -9999 -9999 -9999 -9999 -9999 -9999 -9999 -9999 -9999 -9999 -9999 -9999 -9999 16.31 -9999 -9999 -9999 -9999 14.64 17.40 18.35 -9999 -9999 -9999 -9999 -9999 -9999 -9999 -9999 14.15 16.24 15.05 -9999 -9999 -9999 -9999 -9999 -9999 -9999 -9999 -9999 -9999 -9999 -9999 -9999 -9999 -9999 -9999 -9999 -9999 -9999 -9999 -9999 -9999
20.70 17.89 16.02 13.32 14.16 15.91 16.88 17.74 16.32 15.21 16.04 12.61 11.19 13.31 17.67 18.52 16.26 14.00 14.50 10.85 10.65 12.42 -9999 -9999 -9999 -9999 -9999 -9999 -9999 -9999 -9999 -9999 -9999 -9999 -9999 -9999 18.26 -9999 -9999 -9999 -9999 -9999 -9999 -9999 -9999 -9999 -9999 -9999 -9999 -9999 -9999 -9999 -9999 -9999 -9999 -9999 -9999 -9999 -9999 -9999 -9999 -9999 -9999 -9999 -9999 -9999 -9999 -9999 -9999 -9999 -9999 -9999 -9999 -9999 -9999 -9999 -9999
18.84 18.56 16.70 13.93 14.66 15.18 15.55 16.36 15.62 15.47 16.60 12.54 11.41 12.31 15.48 20.77 21.12 13.68 12.86 11.61 12.68 15.64 -9999 -9999 -9999 -9999 -9999 -9999 -9999 -9999 -9999 -9999 -9999 -9999 -9999 -9999 -9999 -9999 -9999 -9999 -9999 -9999 -9999 -9999 -9999 -9999 -9999 -9999 -9999 -9999 -9999 -9999 -9999 -9999 -9999 -9999 -9999 -9999 -9999 -9999 -9999 -9999 -9999 -9999 -9999 -9999 -9999 -9999 -9999 -9999 -9999 -9999 -9999 -9999 -9999 -9999 -9999
16.85 16.67 17.94 16.14 15.63 15.22 16.24 15.51 15.19 15.30 14.18 13.92 12.73 12.13 15.47 18.48 18.12 15.46 12.49 12.17 15.40 14.92 -9999 -9999 -9999 -9999 -9999 -9999 -9999 -9999 -9999 -9999 -9999 -9999 -9999 -9999 -9999 -9999 -9999 -9999 -9999 -9999 -9999 -9999 -9999 -9999 -9999 -9999 -9999 -9999 -9999 -9999 -9999 -9999 -9999 -9999 -9999 -9999 -9999 -9999 -9999 -9999 -9999 -9999 -9999 -9999 -9999 -9999 -9999 -9999 -9999 -9999 -9999 -9999 -9999 -9999 -9999
