ML/MeanWindSpeed_1998-11_Actual.txt
ncols         180
nrows         290
xllcorner     -200000
yllcorner     -200000
cellsize      5000
NODATA_value  -9999
[rows 210 to 244 of 290, columns 78 to 155 of 180]
16.66 16.67 14.95 17.13 17.00 -9999 -9999 -9999 -9999 -9999 -9999 -9999 8.96 8.79 9.92 8.76 8.49 8.28 9.88 11.98 14.55 13.69 11.52 9.78 9.42 8.32 11.70 11.75 7.33 5.99 10.25 10.46 11.96 8.42 7.45 7.09 6.37 7.29 8.04 7.90 8.18 7.75 7.19 6.74 6.23 5.68 5.40 4.98 5.55 5.08 5.31 5.67 6.05 6.42 5.99 6.12 6.13 4.79 3.76 5.49 6.66 7.07 6.89 5.80 5.07 5.63 6.14 5.75 5.15 4.96 6.19 5.12 5.54 6.64 6.05 6.08 5.97 4.94
-9999 17.27 -9999 -9999 -9999 -9999 -9999 -9999 -9999 -9999 14.77 12.59 11.73 13.06 12.34 10.74 9.24 9.13 8.79 11.29 12.96 12.17 7.89 7.78 11.81 10.41 10.38 8.23 6.77 6.48 9.59 10.13 10.01 8.15 7.52 7.21 5.44 8.75 9.07 7.78 7.93 7.46 7.15 6.79 6.22 6.41 5.57 5.46 4.78 4.83 5.09 5.65 5.92 6.47 5.83 7.17 8.12 5.24 5.32 3.75 6.05 6.26 5.69 6.06 5.45 5.59 6.32 5.61 4.87 4.96 5.03 5.69 6.35 5.69 6.31 6.03 5.11 4.65
-9999 -9999 -9999 -9999 -9999 -9999 -9999 -9999 -9999 -9999 16.51 15.37 12.92 14.41 14.98 -9999 -9999 9.59 12.03 6.92 8.74 8.23 8.32 9.31 11.15 8.33 7.95 8.52 8.24 9.24 9.92 10.03 9.15 8.22 8.39 6.39 6.68 8.94 7.78 7.33 7.10 7.21 7.60 7.19 6.29 6.04 5.24 5.24 5.82 6.41 6.17 6.98 5.96 5.69 6.74 9.27 6.87 5.97 4.91 3.56 5.67 5.51 5.09 4.90 4.89 4.85 4.99 6.58 5.29 5.16 5.12 5.15 5.41 5.17 4.82 6.40 5.65 6.05
-9999 -9999 -9999 -9999 -9999 -9999 -9999 -9999 -9999 -9999 -9999 -9999 -9999 -9999 -9999 -9999 -9999 11.51 9.70 8.70 7.28 6.14 6.31 7.15 8.58 8.60 9.29 10.14 10.92 11.79 11.51 -9999 9.00 8.05 7.08 6.35 6.83 8.68 7.80 7.82 7.18 6.41 6.25 7.00 6.06 6.08 7.16 7.25 6.88 7.77 8.72 7.36 7.05 6.84 7.12 8.42 6.67 6.02 5.44 4.57 4.54 4.61 5.11 5.27 4.77 4.53 4.87 5.12 4.99 4.99 4.96 5.02 5.17 5.42 5.62 6.05 5.96 6.40
-9999 -9999 -9999 -9999 -9999 -9999 -9999 -9999 -9999 -9999 -9999 -9999 -9999 -9999 -9999 -9999 -9999 -9999 10.98 8.67 6.76 6.56 7.68 7.25 7.76 8.93 10.79 -9999 -9999 -9999 -9999 10.26 8.35 7.45 6.51 6.32 7.02 8.81 7.92 8.13 7.25 6.03 6.79 6.36 7.74 7.18 9.04 7.59 7.75 7.32 7.75 7.56 6.81 7.63 5.83 6.50 6.65 4.88 4.82 4.24 4.10 4.15 4.11 4.27 4.47 3.97 4.13 4.32 4.49 4.45 5.86 6.17 5.05 5.10 5.40 5.73 6.18 7.42
-9999 -9999 -9999 -9999 -9999 -9999 -9999 -9999 -9999 -9999 -9999 -9999 -9999 -9999 -9999 -9999 -9999 -9999 -9999 10.11 10.12 8.12 7.65 9.98 10.29 11.43 -9999 -9999 -9999 -9999 11.07 9.97 9.11 5.82 5.51 5.77 8.39 9.17 8.65 7.91 6.59 6.39 6.13 7.71 9.14 8.02 8.10 7.43 7.53 7.22 6.21 6.76 6.75 6.25 6.09 6.06 5.68 4.87 4.77 5.10 5.25 5.33 4.13 4.17 4.14 3.84 4.48 4.53 4.90 4.35 5.16 5.12 5.06 6.04 5.24 6.34 6.69 7.44
-9999 -9999 -9999 -9999 -9999 -9999 -9999 -9999 -9999 -9999 -9999 -9999 -9999 -9999 -9999 -9999 -9999 -9999 -9999 -9999 10.68 9.80 9.51 12.69 11.99 13.51 -9999 -9999 -9999 10.41 7.65 6.41 8.04 7.71 6.87 5.71 7.37 6.81 8.58 7.70 5.89 7.14 8.13 8.14 7.75 8.49 7.53 7.00 6.62 5.97 5.81 5.69 5.86 6.37 5.99 5.39 5.24 5.21 5.18 5.80 5.32 5.32 4.80 4.13 4.12 3.80 3.87 3.98 4.47 4.42 4.65 4.55 5.48 5.89 6.38 6.32 5.43 7.23
-9999 -9999 -9999 -9999 -9999 -9999 -9999 -9999 -9999 -9999 -9999 -9999 -9999 -9999 -9999 -9999 -9999 -9999 -9999 -9999 -9999 -9999 -9999 -9999 -9999 -9999 -9999 -9999 13.16 8.68 6.30 5.74 7.52 5.86 6.71 7.57 7.64 7.75 7.95 6.19 5.65 6.03 7.11 7.02 7.38 7.40 7.54 7.21 6.99 8.52 6.72 6.72 5.95 6.38 6.29 5.40 5.38 4.98 5.45 6.21 5.45 4.69 4.32 4.10 3.91 4.47 4.20 4.88 4.63 5.72 6.23 5.68 4.48 7.22 8.11 6.57 5.24 8.11
-9999 -9999 -9999 -9999 -9999 -9999 -9999 -9999 -9999 -9999 -9999 -9999 -9999 -9999 -9999 -9999 -9999 -9999 -9999 -9999 -9999 -9999 -9999 -9999 -9999 -9999 -9999 -9999 10.29 8.36 6.54 11.92 9.93 6.13 6.67 7.43 8.03 8.50 6.64 6.02 5.75 5.73 7.06 6.84 6.58 8.28 8.00 9.20 7.73 7.92 9.09 7.24 6.52 6.20 5.51 5.28 5.06 5.04 5.56 5.60 5.66 4.90 4.14 3.76 3.53 4.21 6.35 5.78 6.60 7.05 8.03 6.35 5.06 6.38 6.82 5.49 4.77 5.42
-9999 -9999 -9999 -9999 -9999 -9999 -9999 -9999 -9999 -9999 -9999 -9999 -9999 -9999 -9999 -9999 -9999 -9999 -9999 -9999 -9999 -9999 -9999 -9999 -9999 -9999 -9999 -9999 9.71 6.52 5.00 7.51 11.33 9.95 8.78 7.57 8.90 7.06 6.49 5.89 7.69 7.86 8.60 8.06 7.03 7.07 7.05 7.61 8.17 8.19 7.15 6.86 6.63 6.42 5.63 5.25 5.26 5.38 6.01 5.78 5.41 4.49 4.24 4.92 5.66 5.07 6.27 5.99 5.94 6.09 6.92 8.68 8.21 5.89 5.69 6.07 6.26 6.12
-9999 -9999 -9999 -9999 -9999 -9999 -9999 -9999 -9999 -9999 -9999 13.46 13.23 10.57 15.44 14.58 14.30 14.48 16.77 9.00 15.14 10.43 -9999 -9999 -9999 -9999 -9999 -9999 8.88 6.99 6.29 5.32 6.50 8.70 10.23 9.45 7.91 6.83 6.61 7.38 8.75 8.00 7.28 7.35 6.88 6.65 7.26 6.99 6.70 6.45 6.79 6.08 6.68 7.04 7.59 6.30 5.81 6.44 6.34 5.55 6.10 4.75 4.20 5.56 6.58 5.29 4.84 5.26 5.26 5.12 5.00 5.29 5.16 4.61 4.46 4.39 4.43 4.43
-9999 -9999 -9999 -9999 -9999 -9999 -9999 -9999 -9999 -9999 -9999 14.89 13.16 12.49 9.87 12.33 14.37 13.59 14.30 14.68 11.63 9.88 8.38 9.88 12.95 10.77 9.78 8.51 7.88 6.90 6.29 5.88 5.44 5.99 8.69 8.66 7.53 6.52 9.55 7.88 6.86 7.49 8.02 7.19 7.03 7.92 7.52 7.57 7.15 6.88 5.55 5.80 6.40 6.47 6.34 6.94 7.27 5.82 5.47 4.88 4.59 5.50 4.47 8.48 6.57 6.02 5.34 4.82 5.00 4.85 5.79 5.76 4.35 5.95 5.40 6.02 4.66 4.87
-9999 -9999 -9999 -9999 -9999 -9999 -9999 -9999 -9999 -9999 13.62 11.26 9.54 8.59 7.55 10.60 14.10 13.75 12.56 12.45 12.33 10.74 8.74 8.33 9.82 11.28 8.32 7.66 6.99 6.91 7.64 6.09 5.98 7.48 7.44 7.05 7.26 9.67 7.76 9.10 8.38 7.53 6.58 7.18 7.05 7.98 8.04 7.37 7.68 6.35 6.44 6.19 6.02 5.90 7.32 7.93 5.76 5.10 5.33 7.57 5.74 5.13 5.29 5.28 5.61 5.71 5.15 4.95 5.67 6.72 5.72 4.60 4.45 6.25 5.67 5.55 6.02 5.87
-9999 -9999 -9999 -9999 -9999 -9999 -9999 -9999 -9999 -9999 -9999 10.08 7.86 6.95 9.14 9.34 10.58 13.90 12.38 10.19 8.89 11.23 12.91 10.50 8.35 8.80 10.78 8.60 6.66 6.56 6.34 6.90 6.86 6.01 6.07 6.51 7.34 8.52 7.19 8.71 7.46 7.40 7.31 7.65 7.09 8.03 8.25 7.93 6.31 6.19 6.75 5.76 5.09 4.83 5.98 7.19 6.93 5.16 5.54 6.74 6.43 5.52 4.60 4.53 4.37 4.72 6.46 6.09 5.81 6.48 7.57 6.64 5.93 6.53 6.50 5.51 6.47 5.37
-9999 -9999 -9999 -9999 -9999 -9999 -9999 14.84 -9999 -9999 11.60 9.51 9.73 6.70 9.09 7.85 7.95 8.76 9.40 10.28 8.65 10.75 12.06 9.49 8.15 6.81 6.81 6.73 6.34 6.36 6.52 7.19 5.97 5.70 6.22 8.10 6.81 7.85 6.74 7.54 6.98 8.04 8.93 8.17 7.10 6.65 6.70 6.45 6.04 7.47 6.32 5.45 7.29 5.50 5.51 7.42 8.47 4.79 5.17 5.67 5.37 4.87 4.55 4.41 4.85 5.60 6.13 5.14 4.69 4.80 5.55 5.65 5.63 6.36 5.64 5.52 5.46 4.91
-9999 -9999 -9999 -9999 -9999 -9999 13.93 14.50 13.87 13.15 9.86 8.61 10.70 8.29 7.09 7.87 7.27 9.18 10.00 10.87 9.29 9.14 9.90 8.63 7.16 6.45 6.60 7.14 7.30 6.24 6.05 6.14 5.59 5.56 7.33 7.48 6.51 7.24 7.60 9.02 8.10 8.21 9.56 8.07 7.72 6.37 6.90 6.50 6.83 6.14 5.79 5.06 6.24 6.18 5.28 6.42 5.87 4.97 4.71 4.48 5.15 5.06 4.90 4.42 4.07 4.21 4.23 4.53 4.77 4.73 4.21 4.93 5.46 6.41 6.85 6.33 5.00 5.93
-9999 -9999 -9999 -9999 -9999 -9999 13.12 12.27 10.78 11.09 9.82 8.97 8.05 9.97 9.67 8.53 9.90 9.90 9.78 11.27 9.99 9.99 10.17 7.75 8.59 10.48 9.63 8.17 7.01 6.01 6.32 6.67 6.76 6.04 7.33 6.67 7.27 6.27 5.58 7.59 9.09 7.89 7.93 7.65 6.94 6.84 7.42 6.52 5.84 6.61 6.80 5.22 5.56 5.61 5.47 6.45 6.86 6.78 8.28 5.39 5.43 4.51 4.22 4.34 4.45 4.13 4.02 4.39 5.03 4.68 4.45 4.30 5.33 5.55 5.77 5.93 6.17 4.98
-9999 -9999 -9999 -9999 -9999 -9999 13.54 11.38 10.34 10.58 9.82 9.78 8.53 9.04 8.99 7.55 9.02 9.37 10.28 10.81 10.35 7.91 7.16 7.05 9.52 9.49 9.91 10.36 7.62 6.92 6.75 5.87 6.63 5.76 6.79 6.35 6.43 6.17 5.62 7.80 7.48 7.62 7.44 7.15 6.92 6.90 7.45 7.36 6.01 5.76 6.06 6.94 5.52 5.70 5.47 5.97 6.08 6.15 6.93 6.29 7.11 7.93 4.11 7.80 6.14 4.28 4.70 8.28 8.12 7.47 4.29 4.23 4.53 4.52 5.36 5.28 6.79 8.06
-9999 -9999 -9999 -9999 -9999 -9999 11.55 10.50 10.06 9.69 8.89 8.70 8.19 7.71 8.76 8.09 8.32 9.25 8.56 8.88 8.78 8.91 6.65 8.03 10.36 9.33 10.65 10.45 8.11 7.94 8.05 6.58 6.50 6.41 6.40 6.32 6.38 7.12 8.21 6.43 7.49 7.32 7.23 6.96 6.84 7.03 7.36 6.43 6.45 6.21 6.70 7.15 7.75 6.90 7.75 7.35 6.75 6.37 5.85 5.28 5.30 5.71 5.10 7.22 7.13 7.97 7.60 8.31 8.85 9.23 5.26 5.20 4.87 4.98 5.85 7.27 8.92 9.49
-9999 -9999 -9999 -9999 -9999 -9999 10.13 9.62 9.55 9.85 10.20 9.13 8.29 7.35 7.82 9.41 8.96 8.54 7.81 8.37 8.06 7.75 7.65 7.44 8.06 7.68 10.25 8.77 6.37 9.27 8.63 6.99 9.39 7.57 8.14 8.91 8.21 7.83 8.50 7.32 6.62 7.16 7.02 6.42 6.63 6.79 7.30 6.39 6.68 7.76 8.59 8.30 8.25 8.52 8.59 8.88 8.71 8.07 7.00 6.51 7.10 7.72 8.05 8.66 9.04 9.34 -9999 -9999 9.07 9.27 8.53 7.67 6.54 9.72 7.94 -9999 -9999 -9999
-9999 -9999 -9999 -9999 -9999 12.69 10.10 9.73 8.88 9.96 10.06 10.95 8.80 8.88 8.38 9.39 8.83 8.11 7.68 7.78 7.47 7.07 6.89 7.57 8.77 9.43 9.22 7.44 10.20 10.86 7.76 6.59 7.21 6.83 8.10 8.15 6.99 6.92 6.79 6.70 7.80 7.69 7.79 7.36 7.34 7.92 8.76 8.50 8.06 7.97 8.15 8.50 -9999 -9999 9.96 11.10 11.17 10.39 9.66 9.07 9.33 -9999 -9999 -9999 -9999 -9999 -9999 -9999 -9999 -9999 -9999 9.34 9.72 11.61 10.30 -9999 -9999 -9999
-9999 -9999 -9999 -9999 13.97 11.56 9.43 10.09 8.87 8.86 8.63 8.63 7.87 10.93 11.63 10.30 9.55 9.44 9.83 8.31 7.34 7.10 7.50 7.93 11.55 12.77 12.11 11.52 13.19 10.07 9.70 9.05 9.34 9.68 7.56 6.22 6.81 6.01 6.32 6.32 6.83 7.04 9.04 10.49 10.56 10.36 10.34 10.51 9.43 -9999 7.43 8.20 8.06 8.78 10.15 -9999 -9999 -9999 -9999 11.32 -9999 -9999 -9999 -9999 -9999 -9999 -9999 -9999 -9999 -9999 -9999 -9999 -9999 -9999 -9999 -9999 -9999 -9999
-9999 -9999 -9999 15.29 13.45 12.43 10.80 9.10 8.70 8.41 7.17 6.97 8.49 13.76 15.26 10.03 9.08 12.25 9.15 10.72 7.71 7.40 10.97 10.10 10.52 11.43 11.96 -9999 -9999 -9999 -9999 -9999 9.96 11.01 9.89 7.76 7.50 6.99 6.33 6.52 6.67 7.71 9.71 -9999 -9999 -9999 -9999 -9999 11.29 10.92 9.15 7.38 7.05 9.84 10.46 -9999 -9999 -9999 -9999 -9999 -9999 -9999 -9999 -9999 -9999 -9999 -9999 -9999 -9999 -9999 -9999 -9999 -9999 -9999 -9999 -9999 -9999 -9999
-9999 -9999 10.55 11.06 12.49 12.52 10.74 10.26 9.47 7.35 8.18 8.32 10.89 13.65 15.04 13.41 12.22 10.19 11.44 9.38 9.56 9.31 12.10 12.42 -9999 -9999 -9999 -9999 -9999 -9999 -9999 -9999 -9999 10.35 10.32 8.64 9.79 10.84 11.11 8.65 11.04 11.34 12.62 -9999 -9999 -9999 -9999 -9999 -9999 -9999 9.18 9.15 7.65 8.94 -9999 -9999 -9999 -9999 -9999 -9999 -9999 -9999 -9999 -9999 -9999 -9999 -9999 -9999 -9999 -9999 -9999 -9999 -9999 -9999 -9999 -9999 -9999 -9999
13.53 12.62 9.73 9.92 11.51 13.15 13.15 11.03 8.68 8.42 9.23 9.22 10.66 13.77 11.78 11.93 11.95 13.16 6.97 9.68 13.69 11.54 -9999 -9999 -9999 -9999 -9999 -9999 -9999 -9999 -9999 -9999 -9999 -9999 -9999 11.34 -9999 -9999 -9999 -9999 10.29 13.28 14.23 -9999 -9999 -9999 -9999 -9999 -9999 -9999 -9999 10.02 12.09 10.64 -9999 -9999 -9999 -9999 -9999 -9999 -9999 -9999 -9999 -9999 -9999 -9999 -9999 -9999 -9999 -9999 -9999 -9999 -9999 -9999 -9999 -9999 -9999 -9999
12.48 10.68 8.21 9.53 11.67 12.28 13.01 11.52 10.23 11.23 8.10 6.96 8.99 12.62 12.54 10.45 9.29 11.20 8.10 8.05 10.37 -9999 -9999 -9999 -9999 -9999 -9999 -9999 -9999 -9999 -9999 -9999 -9999 -9999 -9999 13.17 -9999 -9999 -9999 -9999 -9999 -9999 -9999 -9999 -9999 -9999 -9999 -9999 -9999 -9999 -9999 -9999 -9999 -9999 -9999 -9999 -9999 -9999 -9999 -9999 -9999 -9999 -9999 -9999 -9999 -9999 -9999 -9999 -9999 -9999 -9999 -9999 -9999 -9999 -9999 -9999 -9999 -9999
13.51 11.14 8.32 9.77 10.58 10.71 11.45 10.73 10.38 11.64 7.64 7.07 8.40 11.16 15.81 16.06 8.70 8.82 8.27 9.67 13.24 -9999 -9999 -9999 -9999 -9999 -9999 -9999 -9999 -9999 -9999 -9999 -9999 -9999 -9999 -9999 -9999 -9999 -9999 -9999 -9999 -9999 -9999 -9999 -9999 -9999 -9999 -9999 -9999 -9999 -9999 -9999 -9999 -9999 -9999 -9999 -9999 -9999 -9999 -9999 -9999 -9999 -9999 -9999 -9999 -9999 -9999 -9999 -9999 -9999 -9999 -9999 -9999 -9999 -9999 -9999 -9999 -9999
11.91 12.96 11.08 10.99 10.54 11.38 10.56 10.20 9.99 8.70 8.75 7.92 7.69 11.05 13.66 13.06 10.47 7.74 7.92 11.94 11.82 -9999 -9999 -9999 -9999 -9999 -9999 -9999 -9999 -9999 -9999 -9999 -9999 -9999 -9999 -9999 -9999 -9999 -9999 -9999 -9999 -9999 -9999 -9999 -9999 -9999 -9999 -9999 -9999 -9999 -9999 -9999 -9999 -9999 -9999 -9999 -9999 -9999 -9999 -9999 -9999 -9999 -9999 -9999 -9999 -9999 -9999 -9999 -9999 -9999 -9999 -9999 -9999 -9999 -9999 -9999 -9999 -9999
12.31 14.33 13.09 12.69 10.84 11.48 10.94 13.61 12.64 10.78 10.10 10.58 8.69 9.28 10.53 10.07 8.72 8.25 9.24 11.06 12.27 -9999 -9999 -9999 -9999 -9999 -9999 -9999 -9999 -9999 -9999 -9999 -9999 -9999 -9999 -9999 -9999 -9999 -9999 -9999 -9999 -9999 -9999 -9999 -9999 -9999 -9999 -9999 -9999 -9999 -9999 -9999 -9999 -9999 -9999 -9999 -9999 -9999 -9999 -9999 -9999 -9999 -9999 -9999 -9999 -9999 -9999 -9999 -9999 -9999 -9999 -9999 -9999 -9999 -9999 -9999 -9999 -9999
11.41 12.23 12.64 11.92 13.18 15.13 14.72 12.98 13.18 13.16 12.90 11.34 11.68 10.51 9.14 8.85 9.50 10.42 11.22 11.47 13.32 -9999 -9999 -9999 -9999 -9999 -9999 -9999 -9999 -9999 -9999 -9999 -9999 -9999 -9999 -9999 -9999 -9999 -9999 -9999 -9999 -9999 -9999 -9999 -9999 -9999 -9999 -9999 -9999 -9999 -9999 -9999 -9999 -9999 -9999 -9999 -9999 -9999 -9999 -9999 -9999 -9999 -9999 -9999 -9999 -9999 -9999 -9999 -9999 -9999 -9999 -9999 -9999 -9999 -9999 -9999 -9999 -9999
11.19 13.19 14.04 -9999 -9999 -9999 -9999 -9999 -9999 -9999 -9999 -9999 13.44 13.80 11.77 10.29 8.99 10.35 11.73 12.10 -9999 -9999 -9999 -9999 -9999 -9999 -9999 -9999 -9999 -9999 -9999 -9999 -9999 -9999 -9999 -9999 -9999 -9999 -9999 -9999 -9999 -9999 -9999 -9999 -9999 -9999 -9999 -9999 -9999 -9999 -9999 -9999 -9999 -9999 -9999 -9999 -9999 -9999 -9999 -9999 -9999 -9999 -9999 -9999 -9999 -9999 -9999 -9999 -9999 -9999 -9999 -9999 -9999 -9999 -9999 -9999 -9999 -9999
13.54 14.17 15.48 -9999 -9999 -9999 -9999 -9999 -9999 -9999 -9999 -9999 -9999 -9999 -9999 11.79 10.49 10.82 11.85 -9999 -9999 -9999 -9999 -9999 -9999 -9999 -9999 -9999 -9999 -9999 -9999 -9999 -9999 -9999 -9999 -9999 -9999 -9999 -9999 -9999 -9999 -9999 -9999 -9999 -9999 -9999 -9999 -9999 -9999 -9999 -9999 -9999 -9999 -9999 -9999 -9999 -9999 -9999 -9999 -9999 -9999 -9999 -9999 -9999 -9999 -9999 -9999 -9999 -9999 -9999 -9999 -9999 -9999 -9999 -9999 -9999 -9999 -9999
14.20 -9999 -9999 -9999 -9999 -9999 -9999 -9999 -9999 -9999 -9999 -9999 -9999 -9999 -9999 13.84 14.80 15.50 15.08 -9999 -9999 -9999 -9999 -9999 -9999 -9999 -9999 -9999 -9999 -9999 -9999 -9999 -9999 -9999 -9999 -9999 -9999 -9999 -9999 -9999 -9999 -9999 -9999 -9999 -9999 -9999 -9999 -9999 -9999 -9999 -9999 -9999 -9999 -9999 -9999 -9999 -9999 -9999 -9999 -9999 -9999 -9999 -9999 -9999 -9999 -9999 -9999 -9999 -9999 -9999 -9999 -9999 -9999 -9999 -9999 -9999 -9999 -9999
-9999 -9999 -9999 -9999 -9999 -9999 -9999 -9999 -9999 -9999 -9999 -9999 -9999 -9999 -9999 -9999 -9999 -9999 -9999 -9999 -9999 -9999 -9999 -9999 -9999 -9999 -9999 -9999 -9999 -9999 -9999 -9999 -9999 -9999 -9999 -9999 -9999 -9999 -9999 -9999 -9999 -9999 -9999 -9999 -9999 -9999 -9999 -9999 -9999 -9999 -9999 -9999 -9999 -9999 -9999 -9999 -9999 -9999 -9999 -9999 -9999 -9999 -9999 -9999 -9999 -9999 -9999 -9999 -9999 -9999 -9999 -9999 -9999 -9999 -9999 -9999 -9999 -9999
-9999 -9999 -9999 -9999 -9999 -9999 -9999 -9999 -9999 -9999 -9999 -9999 -9999 -9999 -9999 -9999 -9999 -9999 -9999 -9999 -9999 -9999 -9999 -9999 -9999 -9999 -9999 -9999 -9999 -9999 -9999 -9999 -9999 -9999 -9999 -9999 -9999 -9999 -9999 -9999 -9999 -9999 -9999 -9999 -9999 -9999 -9999 -9999 -9999 -9999 -9999 -9999 -9999 -9999 -9999 -9999 -9999 -9999 -9999 -9999 -9999 -9999 -9999 -9999 -9999 -9999 -9999 -9999 -9999 -9999 -9999 -9999 -9999 -9999 -9999 -9999 -9999 -9999
