ML/MeanWindSpeed_2000-10_Actual.txt
ncols         180
nrows         290
xllcorner     -200000
yllcorner     -200000
cellsize      5000
NODATA_value  -9999
[rows 105 to 139 of 290, columns 78 to 155 of 180]
11.50 15.27 9.93 6.45 9.85 14.99 14.59 12.29 10.97 12.80 18.41 12.29 15.01 8.89 12.17 17.30 11.65 8.56 9.11 11.23 9.70 8.73 9.16 9.13 7.79 9.44 8.82 8.79 11.37 10.28 10.13 9.93 -9999 -9999 -9999 -9999 -9999 -9999 -9999 -9999 -9999 -9999 -9999 -9999 -9999 -9999 -9999 -9999 -9999 -9999 -9999 -9999 -9999 -9999 -9999 -9999 -9999 -9999 -9999 -9999 -9999 -9999 -9999 -9999 -9999 -9999 -9999 -9999 -9999 -9999 -9999 -9999 -9999 -9999 -9999 -9999 -9999 -9999
13.54 10.84 12.12 17.32 15.81 18.37 10.02 15.15 7.81 18.05 10.01 21.02 10.56 14.40 22.94 14.90 11.01 13.95 12.63 8.66 7.62 6.15 5.89 7.89 7.19 7.06 8.77 9.51 9.19 9.08 7.59 9.14 10.46 -9999 -9999 -9999 -9999 -9999 -9999 -9999 -9999 -9999 -9999 -9999 -9999 -9999 -9999 -9999 -9999 -9999 -9999 -9999 -9999 -9999 -9999 -9999 -9999 -9999 -9999 -9999 -9999 -9999 -9999 -9999 -9999 -9999 -9999 -9999 -9999 -9999 -9999 -9999 -9999 -9999 -9999 -9999 -9999 -9999
13.78 7.52 16.23 12.32 6.61 12.10 17.66 17.09 7.94 17.82 15.60 16.99 13.16 18.48 15.27 16.93 20.41 15.18 12.15 8.71 6.89 7.68 9.98 10.97 12.82 11.91 9.50 8.22 7.55 10.38 8.84 11.51 11.71 13.23 -9999 -9999 -9999 -9999 -9999 -9999 -9999 -9999 -9999 -9999 -9999 -9999 -9999 -9999 -9999 -9999 -9999 -9999 -9999 -9999 -9999 -9999 -9999 -9999 -9999 -9999 -9999 -9999 -9999 -9999 -9999 -9999 -9999 -9999 -9999 -9999 -9999 -9999 -9999 -9999 -9999 -9999 -9999 -9999
10.27 15.06 15.60 11.26 6.07 14.52 17.49 21.35 9.86 17.59 14.32 15.52 15.18 16.34 10.64 12.57 13.70 12.25 8.29 9.33 11.78 16.28 15.20 13.40 11.12 10.65 12.32 7.88 9.79 11.33 12.07 12.51 12.78 13.47 13.70 -9999 -9999 -9999 -9999 -9999 -9999 -9999 -9999 -9999 -9999 -9999 -9999 -9999 -9999 -9999 -9999 -9999 -9999 -9999 -9999 -9999 -9999 -9999 -9999 -9999 -9999 -9999 -9999 -9999 -9999 -9999 -9999 -9999 -9999 -9999 -9999 -9999 -9999 -9999 -9999 -9999 -9999 -9999
15.91 18.89 9.50 6.31 11.84 19.53 14.92 6.76 10.25 26.99 12.92 12.42 14.59 14.62 11.35 9.89 7.86 8.18 12.42 19.08 18.03 15.11 13.29 9.85 9.09 9.96 11.87 10.20 11.62 11.34 11.10 12.15 12.58 12.97 -9999 -9999 -9999 -9999 -9999 -9999 -9999 -9999 -9999 -9999 -9999 -9999 -9999 -9999 -9999 -9999 -9999 -9999 -9999 -9999 -9999 -9999 -9999 -9999 -9999 -9999 -9999 -9999 -9999 -9999 -9999 -9999 -9999 -9999 -9999 -9999 -9999 -9999 -9999 -9999 -9999 -9999 -9999 -9999
13.57 11.97 10.47 16.58 8.87 16.53 18.24 17.57 12.22 11.14 22.69 13.85 10.86 8.73 7.93 7.04 6.68 7.06 12.40 10.56 9.63 8.51 10.41 12.58 10.78 11.01 10.58 11.02 13.07 12.93 -9999 -9999 -9999 -9999 -9999 -9999 -9999 -9999 -9999 -9999 -9999 -9999 -9999 -9999 -9999 -9999 -9999 -9999 -9999 -9999 -9999 -9999 -9999 -9999 -9999 -9999 -9999 -9999 -9999 -9999 -9999 -9999 -9999 -9999 -9999 -9999 -9999 -9999 -9999 -9999 -9999 -9999 -9999 -9999 -9999 -9999 -9999 -9999
12.49 8.03 16.02 15.71 18.51 20.17 9.52 18.45 18.13 9.91 14.04 14.46 9.77 8.50 9.49 11.41 13.52 9.58 9.39 9.62 10.03 10.35 11.09 12.43 11.41 11.74 13.08 12.91 -9999 -9999 -9999 -9999 -9999 -9999 -9999 -9999 -9999 -9999 -9999 -9999 -9999 -9999 -9999 -9999 -9999 -9999 -9999 -9999 -9999 -9999 -9999 -9999 -9999 -9999 -9999 -9999 -9999 -9999 -9999 -9999 -9999 -9999 -9999 -9999 -9999 -9999 -9999 -9999 -9999 -9999 -9999 -9999 -9999 -9999 -9999 -9999 -9999 -9999
10.48 16.39 11.65 16.64 19.89 17.10 14.21 19.25 19.08 10.61 9.50 7.07 7.19 8.24 9.41 13.89 16.08 12.62 10.67 9.24 9.15 10.57 10.05 10.91 11.74 14.28 15.74 13.96 -9999 -9999 -9999 -9999 -9999 -9999 -9999 -9999 -9999 -9999 -9999 -9999 -9999 -9999 -9999 -9999 -9999 -9999 -9999 -9999 -9999 -9999 -9999 -9999 -9999 -9999 -9999 -9999 -9999 -9999 -9999 -9999 -9999 -9999 -9999 -9999 -9999 -9999 -9999 -9999 -9999 -9999 -9999 -9999 -9999 -9999 -9999 -9999 -9999 -9999
12.97 16.53 12.55 17.51 17.05 19.06 12.22 10.63 12.66 11.50 10.67 9.92 6.84 17.39 17.74 16.51 16.64 12.12 8.47 8.37 8.41 8.70 8.69 9.43 11.08 10.84 -9999 -9999 -9999 -9999 -9999 12.30 10.85 10.84 9.96 -9999 -9999 -9999 -9999 -9999 -9999 -9999 -9999 -9999 -9999 -9999 -9999 -9999 -9999 -9999 -9999 -9999 -9999 -9999 -9999 -9999 -9999 -9999 -9999 -9999 -9999 -9999 -9999 -9999 -9999 -9999 -9999 -9999 -9999 -9999 -9999 -9999 -9999 -9999 -9999 -9999 -9999 -9999
13.61 18.97 13.07 10.92 22.99 12.52 11.13 9.56 8.82 10.11 12.42 15.88 11.52 11.62 10.18 10.53 9.77 9.82 9.69 10.07 9.92 9.19 9.82 10.52 10.10 9.71 10.47 11.94 -9999 -9999 10.13 9.18 8.37 6.55 6.71 7.88 9.17 -9999 -9999 -9999 -9999 -9999 -9999 -9999 -9999 -9999 -9999 -9999 -9999 -9999 -9999 -9999 -9999 -9999 -9999 -9999 -9999 -9999 -9999 -9999 -9999 -9999 -9999 -9999 -9999 -9999 -9999 -9999 -9999 -9999 -9999 -9999 -9999 -9999 -9999 -9999 -9999 -9999
16.52 14.29 15.01 17.00 18.71 11.90 11.86 13.27 12.84 12.11 9.46 9.72 10.81 10.31 10.24 9.81 9.46 9.82 10.55 10.23 9.13 10.75 11.28 8.55 7.11 7.45 8.44 10.79 9.57 9.32 9.21 7.18 4.51 4.84 7.91 8.98 11.59 8.12 -9999 -9999 -9999 -9999 -9999 -9999 -9999 -9999 -9999 -9999 -9999 -9999 -9999 -9999 -9999 -9999 -9999 -9999 -9999 -9999 -9999 -9999 -9999 -9999 -9999 -9999 -9999 -9999 -9999 -9999 -9999 -9999 -9999 -9999 -9999 -9999 -9999 -9999 -9999 -9999
14.43 18.81 17.10 14.11 12.83 -9999 14.13 16.06 12.43 10.74 8.78 8.57 8.60 9.09 9.74 9.41 9.52 11.63 11.50 11.34 9.97 8.92 8.52 6.71 6.84 7.94 10.13 8.66 7.10 8.95 7.18 6.11 4.48 5.96 8.58 9.53 11.06 9.58 11.77 13.60 10.19 -9999 -9999 -9999 -9999 -9999 -9999 -9999 -9999 -9999 -9999 -9999 -9999 -9999 -9999 -9999 -9999 -9999 -9999 -9999 -9999 -9999 -9999 -9999 -9999 -9999 -9999 -9999 -9999 -9999 -9999 -9999 -9999 -9999 -9999 -9999 -9999 -9999
15.81 -9999 16.06 17.45 13.26 -9999 15.77 19.72 13.82 11.89 9.02 8.70 8.03 8.23 7.41 7.52 8.24 9.98 12.52 12.06 11.80 9.67 8.71 9.00 10.31 13.04 11.09 7.39 5.30 6.86 6.79 6.52 11.60 12.39 9.79 10.12 9.17 9.42 10.14 8.38 10.00 -9999 -9999 -9999 -9999 -9999 -9999 -9999 -9999 -9999 -9999 -9999 -9999 -9999 -9999 -9999 -9999 -9999 -9999 -9999 -9999 -9999 -9999 -9999 -9999 -9999 -9999 -9999 -9999 -9999 -9999 -9999 -9999 -9999 -9999 -9999 -9999 -9999
14.79 -9999 -9999 17.60 14.49 13.38 16.03 17.72 11.02 10.75 12.36 9.99 8.77 8.29 11.37 8.79 7.42 9.00 10.16 11.77 12.31 13.08 10.43 12.63 13.60 11.35 9.82 8.73 6.85 7.54 9.11 9.83 9.54 12.63 10.78 10.16 10.12 6.92 6.95 8.40 10.18 11.26 -9999 -9999 -9999 -9999 -9999 -9999 -9999 -9999 -9999 -9999 -9999 -9999 -9999 -9999 -9999 -9999 -9999 -9999 -9999 -9999 -9999 -9999 -9999 -9999 -9999 -9999 -9999 -9999 -9999 -9999 -9999 -9999 -9999 -9999 -9999 -9999
-9999 -9999 -9999 -9999 15.60 13.67 17.71 14.01 10.07 10.43 11.58 12.69 10.72 9.44 11.15 11.86 9.99 7.92 10.75 13.58 12.16 11.52 11.78 13.56 11.97 10.03 10.27 9.63 12.22 11.23 9.57 9.00 7.77 10.86 10.32 9.41 10.31 7.76 6.97 6.94 7.03 8.13 -9999 -9999 -9999 -9999 -9999 -9999 -9999 -9999 -9999 -9999 -9999 -9999 -9999 -9999 -9999 -9999 -9999 -9999 -9999 -9999 -9999 -9999 -9999 -9999 -9999 -9999 -9999 -9999 -9999 -9999 -9999 -9999 -9999 -9999 -9999 -9999
17.73 18.79 -9999 -9999 -9999 15.34 16.47 13.33 11.13 10.14 10.67 12.27 12.51 12.84 13.48 12.19 11.39 10.52 8.20 13.04 11.57 11.09 11.53 10.45 9.75 11.72 9.39 12.82 16.68 14.42 11.56 11.54 8.28 9.56 9.16 9.54 10.06 7.62 6.46 6.17 6.33 7.76 8.88 -9999 -9999 -9999 -9999 -9999 -9999 -9999 -9999 -9999 -9999 -9999 -9999 -9999 -9999 -9999 -9999 -9999 -9999 -9999 -9999 -9999 -9999 -9999 -9999 -9999 -9999 -9999 -9999 -9999 -9999 -9999 -9999 -9999 -9999 -9999
19.36 21.06 15.78 -9999 -9999 -9999 15.47 13.83 11.07 9.89 9.76 10.03 11.68 11.68 11.44 10.43 10.59 11.18 11.83 10.68 10.69 10.56 12.10 11.08 13.75 8.01 8.78 8.43 9.61 14.35 13.91 11.22 9.80 8.19 7.89 8.31 8.51 6.42 5.75 5.12 6.26 7.42 7.47 8.33 -9999 -9999 -9999 -9999 -9999 -9999 -9999 -9999 -9999 -9999 -9999 -9999 -9999 -9999 -9999 -9999 -9999 -9999 -9999 -9999 -9999 -9999 -9999 -9999 -9999 -9999 -9999 -9999 -9999 -9999 -9999 -9999 -9999 -9999
18.44 19.09 14.24 -9999 -9999 -9999 -9999 -9999 12.68 10.70 8.74 8.36 8.83 8.94 10.55 14.08 13.89 12.22 11.37 10.66 12.23 11.02 10.17 9.39 11.94 6.76 8.71 10.26 9.27 6.68 8.80 7.85 9.03 7.14 8.52 7.73 5.95 5.25 4.55 4.29 3.95 7.26 7.95 7.48 7.88 -9999 -9999 -9999 -9999 -9999 -9999 -9999 -9999 -9999 -9999 -9999 -9999 -9999 -9999 -9999 -9999 -9999 -9999 -9999 -9999 -9999 -9999 -9999 -9999 -9999 -9999 -9999 -9999 -9999 -9999 -9999 -9999 -9999
15.16 23.23 16.79 -9999 -9999 -9999 -9999 -9999 13.63 12.11 11.33 9.18 11.06 13.41 12.31 14.23 14.93 14.03 11.56 12.94 11.60 10.15 11.63 12.18 6.61 16.19 9.73 13.55 9.70 12.55 11.90 6.96 9.54 7.72 6.69 5.68 5.81 6.95 6.85 4.81 4.85 3.73 7.12 9.34 7.22 9.60 11.09 -9999 -9999 -9999 -9999 -9999 -9999 -9999 -9999 -9999 -9999 -9999 -9999 -9999 -9999 -9999 -9999 -9999 -9999 -9999 -9999 -9999 -9999 -9999 -9999 -9999 -9999 -9999 -9999 -9999 -9999 -9999
19.67 22.99 21.84 -9999 -9999 -9999 -9999 -9999 13.35 11.21 10.51 9.25 9.93 12.05 10.03 11.18 11.62 13.94 12.46 11.72 10.40 13.15 16.72 12.94 9.98 17.73 15.34 10.17 11.13 8.99 6.80 8.70 9.46 7.63 7.66 7.21 4.76 4.69 4.47 6.17 9.65 7.10 6.82 8.53 8.79 8.12 9.76 -9999 -9999 -9999 -9999 -9999 -9999 -9999 -9999 -9999 -9999 -9999 -9999 -9999 -9999 -9999 -9999 -9999 -9999 -9999 -9999 -9999 -9999 -9999 -9999 -9999 -9999 -9999 -9999 -9999 -9999 -9999
17.27 19.39 20.86 -9999 -9999 -9999 -9999 -9999 12.42 10.55 9.46 8.99 9.03 9.80 10.62 14.61 17.02 14.12 14.28 10.02 10.13 10.40 13.14 7.82 13.85 12.24 9.87 11.58 12.73 7.36 10.37 8.34 9.06 8.41 5.53 6.59 6.41 5.10 3.91 11.55 12.36 11.21 6.74 8.16 8.83 8.07 9.89 -9999 -9999 -9999 -9999 -9999 -9999 -9999 -9999 -9999 -9999 -9999 -9999 -9999 -9999 -9999 -9999 -9999 -9999 -9999 -9999 -9999 -9999 -9999 -9999 -9999 -9999 -9999 -9999 -9999 -9999 -9999
-9999 -9999 -9999 -9999 -9999 -9999 -9999 15.60 12.29 10.89 9.21 9.57 10.03 8.94 10.33 11.08 14.72 12.79 12.33 14.74 11.86 13.40 13.48 13.25 15.96 14.34 8.42 9.89 11.29 10.61 9.30 9.66 6.43 7.50 7.89 4.68 5.78 4.86 8.62 10.86 14.88 12.48 7.08 6.81 6.45 7.84 9.84 -9999 -9999 -9999 -9999 -9999 -9999 -9999 -9999 -9999 -9999 -9999 -9999 -9999 -9999 -9999 -9999 -9999 -9999 -9999 -9999 -9999 -9999 -9999 -9999 -9999 -9999 -9999 -9999 -9999 -9999 -9999
-9999 -9999 -9999 -9999 -9999 -9999 -9999 16.61 9.38 9.20 11.08 12.88 11.66 9.16 9.24 10.26 8.20 9.59 14.76 15.76 12.35 10.82 8.88 7.54 15.16 8.03 9.17 8.86 9.45 9.17 7.50 5.10 8.26 7.48 6.64 4.93 5.35 8.33 10.44 10.16 12.74 12.53 7.54 5.68 6.57 9.37 8.87 -9999 -9999 -9999 -9999 -9999 -9999 -9999 -9999 -9999 -9999 -9999 -9999 -9999 -9999 -9999 -9999 -9999 -9999 -9999 -9999 -9999 -9999 -9999 -9999 -9999 -9999 -9999 -9999 -9999 -9999 -9999
-9999 -9999 -9999 -9999 -9999 -9999 14.94 12.93 7.30 9.27 11.28 9.83 12.69 14.59 13.33 16.20 13.68 11.13 9.77 10.85 13.54 11.78 9.66 5.84 8.85 13.36 9.22 11.93 8.19 8.19 4.92 5.62 8.08 6.64 6.54 7.44 9.56 12.19 11.70 10.11 9.04 8.36 6.80 9.76 11.11 9.58 9.35 -9999 -9999 -9999 -9999 -9999 -9999 -9999 -9999 -9999 -9999 -9999 -9999 -9999 -9999 -9999 -9999 -9999 -9999 -9999 -9999 -9999 -9999 -9999 -9999 -9999 -9999 -9999 -9999 -9999 -9999 -9999
-9999 -9999 -9999 -9999 -9999 -9999 12.62 8.16 11.44 9.20 11.68 9.35 13.04 13.55 16.90 15.63 15.69 14.09 11.94 8.87 18.54 17.22 10.52 5.72 10.31 12.74 8.54 8.89 10.62 6.51 8.63 10.46 8.38 9.60 9.94 13.99 8.33 8.16 9.56 10.83 10.89 7.52 5.88 8.40 8.85 8.44 9.17 11.22 -9999 -9999 -9999 -9999 -9999 -9999 -9999 -9999 -9999 -9999 -9999 -9999 -9999 -9999 -9999 -9999 -9999 -9999 -9999 -9999 -9999 -9999 -9999 -9999 -9999 -9999 -9999 -9999 -9999 -9999
-9999 -9999 -9999 -9999 -9999 12.32 13.96 12.89 11.56 12.31 11.97 10.12 8.95 15.34 14.89 16.32 15.59 15.30 10.45 6.88 11.38 13.54 12.13 7.63 7.25 9.33 8.48 7.97 8.59 12.70 7.80 7.61 7.74 5.90 12.72 10.72 13.23 11.54 7.65 8.83 9.56 10.42 11.78 8.54 8.20 8.18 9.37 11.13 -9999 -9999 -9999 -9999 -9999 -9999 -9999 -9999 -9999 -9999 -9999 -9999 -9999 -9999 -9999 -9999 -9999 -9999 -9999 -9999 -9999 -9999 -9999 -9999 -9999 -9999 -9999 -9999 -9999 -9999
-9999 -9999 -9999 -9999 -9999 13.87 12.96 11.17 15.84 14.60 11.48 11.11 15.23 10.89 12.74 15.46 13.28 13.05 8.37 6.54 10.15 12.03 13.77 7.33 7.53 7.28 7.73 5.75 10.80 6.69 11.74 9.24 6.16 13.01 6.30 8.76 10.41 9.75 10.86 7.47 7.57 11.07 10.95 9.14 9.97 9.51 9.50 11.32 -9999 -9999 -9999 -9999 -9999 -9999 -9999 -9999 -9999 -9999 -9999 -9999 -9999 -9999 -9999 -9999 -9999 -9999 -9999 -9999 -9999 -9999 -9999 -9999 -9999 -9999 -9999 -9999 -9999 -9999
-9999 -9999 -9999 -9999 14.37 11.35 10.50 13.79 11.56 11.78 18.83 14.30 14.28 10.59 12.79 13.65 11.47 12.93 11.45 9.32 12.07 11.97 8.42 6.37 7.16 9.08 8.84 12.01 8.84 7.39 12.25 7.25 7.97 13.35 7.79 6.79 5.96 8.35 10.35 9.73 10.53 11.01 9.13 8.94 9.19 8.76 9.16 10.89 -9999 -9999 -9999 -9999 -9999 -9999 -9999 -9999 -9999 -9999 -9999 -9999 -9999 -9999 -9999 -9999 -9999 -9999 -9999 -9999 -9999 -9999 -9999 -9999 -9999 -9999 -9999 -9999 -9999 -9999
-9999 -9999 -9999 12.81 12.81 13.21 10.20 11.18 11.65 10.54 13.26 12.45 19.27 10.24 10.14 11.71 12.07 12.35 12.66 10.72 8.93 8.05 10.91 7.16 6.45 8.84 9.46 9.50 9.27 7.49 9.52 5.42 7.20 12.09 10.47 10.85 9.45 8.62 7.55 8.01 11.17 10.11 9.30 9.33 9.31 9.50 8.77 9.99 11.86 -9999 -9999 -9999 -9999 -9999 -9999 -9999 -9999 -9999 -9999 -9999 -9999 -9999 -9999 -9999 -9999 -9999 -9999 -9999 -9999 -9999 -9999 -9999 -9999 -9999 -9999 -9999 -9999 -9999
-9999 -9999 -9999 14.93 17.55 13.62 12.53 11.24 9.97 8.94 19.79 15.61 12.56 12.55 9.77 10.20 11.48 11.16 16.23 10.36 7.89 7.56 8.00 10.96 7.59 10.37 9.55 10.38 9.27 8.55 7.76 8.78 6.19 9.20 9.86 8.92 10.25 8.62 7.56 7.52 9.52 8.95 10.63 9.90 8.71 7.84 8.97 10.02 11.39 -9999 -9999 -9999 -9999 -9999 -9999 -9999 -9999 -9999 -9999 -9999 -9999 -9999 -9999 -9999 -9999 -9999 -9999 -9999 -9999 -9999 -9999 -9999 -9999 -9999 -9999 -9999 -9999 -9999
-9999 15.52 14.03 16.23 14.10 13.10 14.10 11.79 11.10 9.33 15.35 13.89 13.85 12.60 11.59 9.26 12.07 12.63 11.45 10.98 9.69 7.17 8.10 9.64 9.07 8.98 9.53 9.93 8.70 7.76 8.64 7.37 6.47 10.36 8.77 8.23 8.35 10.76 9.17 8.11 6.43 8.32 9.38 9.11 8.59 7.99 8.59 9.52 11.12 -9999 -9999 -9999 -9999 -9999 -9999 -9999 -9999 -9999 -9999 -9999 -9999 -9999 -9999 -9999 -9999 -9999 -9999 -9999 -9999 -9999 -9999 -9999 -9999 -9999 -9999 -9999 -9999 -9999
-9999 16.48 13.86 11.73 14.86 13.00 14.36 12.20 10.98 9.61 9.82 11.37 16.15 13.22 12.05 9.89 9.77 9.77 9.49 10.00 10.62 8.82 10.34 9.14 9.33 8.87 8.70 8.36 7.88 7.30 7.35 8.05 6.72 4.89 5.78 6.77 6.84 7.91 7.95 4.61 6.41 9.94 9.38 8.09 8.43 8.17 8.83 8.44 9.64 11.23 -9999 -9999 -9999 -9999 -9999 -9999 -9999 -9999 -9999 -9999 -9999 -9999 -9999 -9999 -9999 -9999 -9999 -9999 -9999 -9999 -9999 -9999 -9999 -9999 -9999 -9999 -9999 -9999
-9999 16.80 14.27 10.66 14.23 11.97 12.91 11.70 10.88 10.68 9.26 13.52 13.22 12.52 14.52 11.03 9.67 9.38 8.31 11.03 15.86 11.57 -9999 -9999 -9999 9.25 8.66 -9999 7.39 7.34 7.35 6.50 5.29 5.40 6.43 5.55 5.68 7.32 6.81 8.36 8.19 6.11 5.56 6.53 7.42 8.19 6.37 7.76 8.41 10.38 -9999 -9999 -9999 -9999 -9999 -9999 -9999 -9999 -9999 -9999 -9999 -9999 -9999 -9999 -9999 -9999 -9999 -9999 -9999 -9999 -9999 -9999 -9999 -9999 -9999 -9999 -9999 -9999
-9999 15.38 17.03 12.50 12.38 13.00 13.85 12.99 11.71 10.68 9.86 11.29 17.83 13.90 14.28 10.86 10.26 12.34 9.47 11.08 12.42 12.67 -9999 -9999 -9999 9.33 8.02 7.70 7.50 6.81 6.21 4.94 6.26 8.80 8.29 6.01 9.81 6.08 5.86 9.05 6.34 7.57 8.27 8.81 6.80 8.40 10.18 8.77 7.85 9.56 -9999 -9999 -9999 -9999 -9999 -9999 -9999 -9999 -9999 -9999 -9999 -9999 -9999 -9999 -9999 -9999 -9999 -9999 -9999 -9999 -9999 -9999 -9999 -9999 -9999 -9999 -9999 -9999
-9999 -9999 16.40 15.90 13.57 -9999 14.92 14.69 13.01 11.73 10.83 -9999 14.19 12.50 13.26 10.67 12.18 13.34 12.17 12.80 -9999 -9999 -9999 -9999 10.83 8.32 6.96 6.38 7.00 7.22 6.03 5.23 5.51 10.21 13.68 5.38 11.25 6.62 8.60 10.38 7.78 9.96 8.30 7.06 9.42 10.16 8.96 6.80 7.62 10.15 10.85 -9999 -9999 -9999 -9999 -9999 -9999 -9999 -9999 -9999 -9999 -9999 -9999 -9999 -9999 -9999 -9999 -9999 -9999 -9999 -9999 -9999 -9999 -9999 -9999 -9999 -9999 -9999
