ML/MeanWindSpeed_1998-04_Actual.txt
ncols         180
nrows         290
xllcorner     -200000
yllcorner     -200000
cellsize      5000
NODATA_value  -9999
[rows 210 to 244 of 290, columns 78 to 155 of 180]
13.46 13.75 12.18 14.07 13.84 -9999 -9999 -9999 -9999 -9999 -9999 -9999 9.48 9.45 10.37 9.32 9.52 9.76 11.25 13.00 15.16 14.16 12.20 10.56 10.29 9.14 12.04 12.26 8.53 7.39 11.27 11.24 12.11 8.75 7.94 7.91 7.53 8.44 9.07 8.88 9.13 8.73 8.27 7.96 7.63 7.27 7.08 6.67 7.18 6.70 6.71 6.74 6.86 7.14 6.77 6.81 6.99 5.97 5.03 6.55 7.08 6.81 6.62 6.08 6.20 7.07 7.53 7.13 6.64 6.50 7.61 6.63 6.96 7.92 7.34 7.36 7.41 6.65
-9999 13.58 -9999 -9999 -9999 -9999 -9999 -9999 -9999 -9999 13.67 12.28 11.83 12.80 11.87 10.49 9.50 9.93 10.06 12.29 13.69 12.86 8.93 8.78 12.48 11.06 10.91 9.05 7.95 7.70 10.36 10.33 10.06 8.45 8.07 8.14 6.83 9.68 9.91 8.70 8.84 8.40 8.14 7.88 7.47 7.80 7.05 6.93 6.26 6.22 6.23 6.46 6.55 7.11 6.57 7.74 8.79 6.32 6.40 4.91 6.79 6.68 6.43 7.71 7.50 7.52 7.95 7.15 6.47 6.55 6.56 7.20 7.78 7.13 7.68 7.47 6.80 6.55
-9999 -9999 -9999 -9999 -9999 -9999 -9999 -9999 -9999 -9999 14.73 14.15 12.08 13.14 13.37 -9999 -9999 9.58 12.51 8.09 9.67 9.19 9.29 10.18 11.83 9.15 8.63 8.99 8.67 9.36 9.71 9.65 9.05 8.52 9.06 7.67 7.83 9.68 8.57 8.20 8.06 8.17 8.49 8.09 7.34 7.28 6.64 6.67 7.22 7.68 7.24 7.71 6.60 6.42 7.40 9.66 7.54 6.86 5.98 4.78 6.76 6.84 7.12 7.52 7.47 7.11 6.89 8.15 6.83 6.60 6.47 6.54 6.78 6.63 6.36 7.78 7.11 7.44
-9999 -9999 -9999 -9999 -9999 -9999 -9999 -9999 -9999 -9999 -9999 -9999 -9999 -9999 -9999 -9999 -9999 10.66 9.66 9.40 8.21 7.18 7.37 8.07 9.33 9.15 9.33 9.75 10.27 10.78 10.52 -9999 8.88 8.48 8.24 7.70 7.93 9.44 8.58 8.64 8.14 7.44 7.26 7.90 7.12 7.31 8.45 8.58 8.26 9.02 9.74 8.24 7.79 7.58 7.77 8.92 7.40 6.94 6.51 5.79 5.87 6.13 6.88 7.59 7.17 6.61 6.64 6.69 6.45 6.37 6.24 6.27 6.40 6.63 6.70 7.02 7.01 7.40
-9999 -9999 -9999 -9999 -9999 -9999 -9999 -9999 -9999 -9999 -9999 -9999 -9999 -9999 -9999 -9999 -9999 -9999 10.24 8.87 7.64 7.78 8.74 8.14 8.45 9.03 10.14 -9999 -9999 -9999 -9999 9.70 8.41 8.24 7.83 7.69 8.17 9.66 8.76 9.00 8.26 7.13 7.81 7.37 8.72 8.32 10.15 8.84 8.99 8.55 8.86 8.54 7.70 8.39 6.64 7.27 7.55 6.07 6.09 5.62 5.51 5.54 5.37 5.34 5.78 5.67 5.80 5.89 5.97 5.87 7.04 7.26 6.17 6.16 6.27 6.56 6.93 7.79
-9999 -9999 -9999 -9999 -9999 -9999 -9999 -9999 -9999 -9999 -9999 -9999 -9999 -9999 -9999 -9999 -9999 -9999 -9999 9.62 10.25 8.92 8.53 10.26 10.22 10.69 -9999 -9999 -9999 -9999 10.52 9.99 9.67 6.96 6.84 7.11 9.43 10.01 9.52 8.91 7.76 7.58 7.28 8.71 10.08 9.09 9.19 8.54 8.58 8.24 7.30 7.79 7.71 7.20 7.06 7.11 6.95 6.39 6.38 6.64 6.70 6.62 5.33 5.24 5.34 5.32 5.99 5.99 6.26 5.66 6.35 6.23 6.16 6.95 6.09 7.10 7.27 7.59
-9999 -9999 -9999 -9999 -9999 -9999 -9999 -9999 -9999 -9999 -9999 -9999 -9999 -9999 -9999 -9999 -9999 -9999 -9999 -9999 9.93 9.63 9.38 11.75 10.95 11.90 -9999 -9999 -9999 9.90 8.11 7.24 8.80 8.60 7.93 6.91 8.39 7.81 9.53 8.80 7.20 8.40 9.23 9.20 8.88 9.51 8.57 8.06 7.65 7.05 6.91 6.78 6.93 7.43 7.20 6.82 6.89 7.07 7.12 7.63 7.04 6.78 6.08 5.39 5.45 5.27 5.31 5.39 5.81 5.70 5.90 5.88 6.78 6.96 7.29 7.26 6.34 7.76
-9999 -9999 -9999 -9999 -9999 -9999 -9999 -9999 -9999 -9999 -9999 -9999 -9999 -9999 -9999 -9999 -9999 -9999 -9999 -9999 -9999 -9999 -9999 -9999 -9999 -9999 -9999 -9999 12.11 8.94 7.41 6.83 8.23 6.75 7.66 8.56 8.59 8.66 8.93 7.35 6.88 7.29 8.29 8.19 8.58 8.59 8.74 8.45 8.21 9.60 7.90 7.87 7.14 7.58 7.64 7.04 7.27 7.11 7.59 8.23 7.40 6.50 5.92 5.54 5.44 6.08 5.76 6.33 6.02 7.01 7.47 7.04 5.92 8.31 9.03 7.68 6.36 8.77
-9999 -9999 -9999 -9999 -9999 -9999 -9999 -9999 -9999 -9999 -9999 -9999 -9999 -9999 -9999 -9999 -9999 -9999 -9999 -9999 -9999 -9999 -9999 -9999 -9999 -9999 -9999 -9999 9.98 9.29 8.05 12.83 10.77 7.13 7.58 8.33 8.92 9.42 7.72 7.14 6.94 7.00 8.27 8.12 7.93 9.52 9.30 10.46 9.13 9.26 10.33 8.56 7.82 7.50 6.97 6.97 7.00 7.18 7.71 7.71 7.73 6.90 6.01 5.50 5.35 6.14 8.07 7.37 8.00 8.37 9.26 7.74 6.49 7.54 7.81 6.66 6.01 6.61
-9999 -9999 -9999 -9999 -9999 -9999 -9999 -9999 -9999 -9999 -9999 -9999 -9999 -9999 -9999 -9999 -9999 -9999 -9999 -9999 -9999 -9999 -9999 -9999 -9999 -9999 -9999 -9999 9.63 7.70 6.80 9.04 12.40 10.97 9.67 8.48 9.76 8.14 7.67 7.17 8.92 9.13 9.79 9.34 8.36 8.35 8.35 8.91 9.48 9.51 8.58 8.30 8.02 7.81 7.14 6.95 7.21 7.51 8.16 7.91 7.57 6.68 6.30 6.83 7.56 7.13 8.21 7.66 7.34 7.41 8.17 9.78 9.23 6.90 6.63 7.05 7.29 7.19
-9999 -9999 -9999 -9999 -9999 -9999 -9999 -9999 -9999 -9999 -9999 13.21 13.36 11.00 15.30 14.15 13.46 13.19 15.13 7.83 13.36 8.83 -9999 -9999 -9999 -9999 -9999 -9999 9.14 8.00 7.70 6.88 8.04 10.02 11.26 10.36 8.91 7.94 7.82 8.56 9.86 9.23 8.58 8.74 8.42 7.92 8.45 8.23 8.01 7.80 8.16 7.57 8.16 8.53 9.07 7.96 7.72 8.48 8.42 7.58 8.13 7.00 6.47 7.64 8.64 7.57 7.21 7.53 7.11 6.66 6.39 6.60 6.33 5.60 5.38 5.40 5.45 5.41
-9999 -9999 -9999 -9999 -9999 -9999 -9999 -9999 -9999 -9999 -9999 15.54 14.63 14.26 11.59 13.42 14.92 13.71 13.97 14.17 11.12 9.23 7.73 9.20 12.18 10.17 9.39 8.70 8.59 7.99 7.56 7.21 6.87 7.45 9.86 9.73 8.69 7.74 10.58 8.98 8.04 8.70 9.24 8.58 8.64 9.14 8.70 8.78 8.45 8.20 6.98 7.30 7.93 8.06 7.92 8.45 8.88 7.75 7.46 6.82 6.60 7.60 6.71 10.42 8.75 8.39 7.78 7.29 7.30 6.79 7.31 7.09 5.61 6.91 6.30 6.86 5.55 5.74
-9999 -9999 -9999 -9999 -9999 -9999 -9999 -9999 -9999 -9999 13.63 12.41 11.70 11.06 9.79 12.08 14.84 14.17 12.87 12.81 12.73 11.03 9.11 8.85 10.34 11.78 9.04 8.50 8.04 8.07 8.83 7.45 7.35 8.76 8.65 8.28 8.57 10.82 9.03 10.12 9.43 8.70 7.89 8.51 8.45 9.22 9.22 8.67 9.03 7.75 7.81 7.65 7.52 7.45 8.72 9.20 7.33 7.00 7.26 9.26 7.56 7.12 7.34 7.42 7.88 8.18 7.74 7.53 8.09 8.79 7.49 6.17 5.82 7.31 6.69 6.58 6.94 6.77
-9999 -9999 -9999 -9999 -9999 -9999 -9999 -9999 -9999 -9999 -9999 11.34 9.91 9.11 10.70 10.49 11.32 14.16 12.61 10.68 9.69 11.77 13.26 11.26 9.37 9.73 11.54 9.50 7.81 7.79 7.67 8.23 8.25 7.48 7.38 7.74 8.59 9.76 8.46 9.70 8.50 8.48 8.45 8.88 8.45 9.30 9.44 9.24 7.84 7.67 8.17 7.28 6.64 6.44 7.44 8.43 8.30 6.96 7.35 8.38 8.12 7.33 6.58 6.69 6.73 7.26 8.96 8.60 8.20 8.62 9.31 8.15 7.18 7.49 7.34 6.41 7.27 6.23
-9999 -9999 -9999 -9999 -9999 -9999 -9999 13.52 -9999 -9999 12.11 10.88 11.40 8.02 9.77 8.54 8.57 9.26 9.77 10.60 9.30 11.18 12.33 10.04 8.80 7.50 7.52 7.59 7.48 7.56 7.79 8.43 7.38 7.20 7.55 9.21 8.02 9.07 8.02 8.58 8.00 9.08 9.92 9.31 8.43 7.98 7.94 7.81 7.56 8.83 7.79 7.04 8.73 7.11 7.02 8.59 9.60 6.32 6.69 7.10 6.87 6.56 6.47 6.46 7.06 7.93 8.43 7.44 6.87 6.81 7.29 7.11 6.79 7.24 6.44 6.26 6.17 5.64
-9999 -9999 -9999 -9999 -9999 -9999 13.17 14.13 13.98 13.50 10.80 9.89 11.48 8.65 7.41 8.28 7.89 9.69 10.38 11.20 9.90 9.73 10.40 9.20 7.78 7.03 7.16 7.84 8.22 7.34 7.26 7.44 7.04 7.10 8.61 8.64 7.76 8.50 8.83 10.03 9.09 9.22 10.46 9.10 8.88 7.59 7.96 7.68 8.12 7.49 7.23 6.63 7.76 7.74 6.81 7.70 7.16 6.35 6.06 5.81 6.44 6.53 6.58 6.19 5.96 6.28 6.30 6.42 6.44 6.30 5.71 6.22 6.55 7.29 7.57 7.03 5.72 6.52
-9999 -9999 -9999 -9999 -9999 -9999 12.91 12.85 11.71 11.95 10.84 9.87 8.57 10.12 9.84 8.87 10.35 10.50 10.36 11.71 10.61 10.61 10.86 8.64 9.34 11.05 10.20 8.90 7.97 7.14 7.50 7.88 8.04 7.43 8.51 7.80 8.37 7.45 6.82 8.62 9.93 8.74 8.72 8.48 7.91 7.76 8.26 7.56 7.03 7.73 7.93 6.60 7.05 7.16 7.00 7.84 8.22 8.15 9.51 6.78 6.79 6.05 5.88 6.00 6.14 6.00 5.92 6.12 6.51 6.02 5.70 5.41 6.27 6.45 6.61 6.71 6.85 5.65
-9999 -9999 -9999 -9999 -9999 -9999 13.30 12.02 11.31 11.43 10.53 10.32 8.94 9.25 9.21 7.95 9.51 10.04 10.92 11.39 11.00 8.81 8.29 8.25 10.50 10.37 10.70 11.20 8.69 8.03 7.95 7.13 7.83 7.05 7.92 7.46 7.58 7.29 6.73 8.65 8.26 8.29 8.01 7.75 7.62 7.56 8.05 8.14 7.01 6.79 7.07 7.94 6.74 7.07 6.80 7.23 7.35 7.50 8.32 7.71 8.43 9.26 5.83 9.25 7.78 6.12 6.46 9.63 9.30 8.54 5.45 5.21 5.31 5.26 6.05 5.77 6.89 7.77
-9999 -9999 -9999 -9999 -9999 -9999 11.28 11.05 10.86 10.40 9.44 9.10 8.51 7.93 8.89 8.39 8.75 9.83 9.31 9.64 9.62 9.89 7.94 9.21 11.21 10.14 11.41 11.35 9.23 9.13 9.37 8.06 7.90 7.76 7.75 7.72 7.77 8.34 9.21 7.35 8.14 7.84 7.63 7.39 7.35 7.49 7.80 7.14 7.31 7.10 7.46 7.76 8.28 7.66 8.53 7.94 7.34 7.12 6.86 6.52 6.52 6.86 6.30 8.14 7.99 8.70 8.27 8.84 9.27 9.69 6.04 6.01 5.63 5.57 5.98 6.85 7.91 8.08
-9999 -9999 -9999 -9999 -9999 -9999 10.01 10.22 10.37 10.59 10.74 9.59 8.61 7.43 7.80 9.52 9.27 9.03 8.48 9.07 8.98 8.84 8.81 8.58 8.98 8.49 11.04 9.80 7.69 10.55 10.13 8.68 10.82 9.05 9.59 10.36 9.68 9.15 9.56 8.23 7.35 7.66 7.40 6.83 7.09 7.22 7.69 7.03 7.40 8.12 8.59 8.25 8.16 8.35 8.36 8.53 8.41 7.98 7.30 7.03 7.32 7.74 7.94 8.36 8.57 8.74 -9999 -9999 8.36 8.72 8.24 7.63 6.66 9.37 7.26 -9999 -9999 -9999
-9999 -9999 -9999 -9999 -9999 11.77 10.22 10.43 9.84 10.88 10.86 11.54 9.18 8.76 8.23 9.50 9.21 8.58 8.28 8.50 8.40 8.18 8.06 8.74 9.73 10.26 10.18 8.46 10.91 11.53 8.89 8.16 8.88 8.48 9.62 9.68 8.58 8.38 8.05 7.76 8.40 7.98 7.89 7.43 7.37 7.76 8.54 8.29 7.99 8.00 7.95 8.16 -9999 -9999 9.14 9.84 9.85 9.36 8.91 8.52 8.64 -9999 -9999 -9999 -9999 -9999 -9999 -9999 -9999 -9999 -9999 8.20 8.61 10.22 8.60 -9999 -9999 -9999
-9999 -9999 -9999 -9999 12.89 11.20 9.84 10.72 9.77 9.84 9.63 9.70 8.71 10.92 11.41 10.36 9.83 9.91 10.39 9.02 8.21 8.22 8.67 9.03 12.01 12.87 12.19 11.42 12.80 9.94 9.87 9.74 10.41 11.03 9.27 8.00 8.51 7.62 7.71 7.40 7.39 7.15 8.52 9.53 9.46 9.10 9.09 9.40 8.71 -9999 7.52 8.18 7.97 8.52 9.28 -9999 -9999 -9999 -9999 9.83 -9999 -9999 -9999 -9999 -9999 -9999 -9999 -9999 -9999 -9999 -9999 -9999 -9999 -9999 -9999 -9999 -9999 -9999
-9999 -9999 -9999 14.43 13.11 12.41 11.03 9.64 9.54 9.41 8.47 8.54 9.67 13.85 15.07 10.35 9.44 12.60 9.96 11.32 8.54 8.38 11.38 10.28 10.26 10.70 11.04 -9999 -9999 -9999 -9999 -9999 10.25 11.70 11.12 9.33 9.02 8.43 7.74 7.67 7.30 7.69 8.79 -9999 -9999 -9999 -9999 -9999 9.89 10.10 9.06 8.03 7.79 9.68 9.49 -9999 -9999 -9999 -9999 -9999 -9999 -9999 -9999 -9999 -9999 -9999 -9999 -9999 -9999 -9999 -9999 -9999 -9999 -9999 -9999 -9999 -9999 -9999
-9999 -9999 10.37 11.31 12.81 12.67 10.97 10.71 10.32 8.53 9.64 10.07 12.15 14.06 15.07 13.64 12.60 10.88 12.25 10.20 10.08 9.59 11.60 11.40 -9999 -9999 -9999 -9999 -9999 -9999 -9999 -9999 -9999 10.27 10.68 9.39 10.55 11.35 11.60 9.29 11.16 10.71 11.16 -9999 -9999 -9999 -9999 -9999 -9999 -9999 8.93 9.42 7.98 8.81 -9999 -9999 -9999 -9999 -9999 -9999 -9999 -9999 -9999 -9999 -9999 -9999 -9999 -9999 -9999 -9999 -9999 -9999 -9999 -9999 -9999 -9999 -9999 -9999
12.11 11.98 10.13 10.69 12.14 13.44 13.40 11.55 9.67 9.62 10.70 10.96 11.95 14.19 12.04 12.20 12.45 13.76 8.11 10.36 13.48 10.98 -9999 -9999 -9999 -9999 -9999 -9999 -9999 -9999 -9999 -9999 -9999 -9999 -9999 10.97 -9999 -9999 -9999 -9999 9.89 12.18 12.44 -9999 -9999 -9999 -9999 -9999 -9999 -9999 -9999 9.24 11.16 9.55 -9999 -9999 -9999 -9999 -9999 -9999 -9999 -9999 -9999 -9999 -9999 -9999 -9999 -9999 -9999 -9999 -9999 -9999 -9999 -9999 -9999 -9999 -9999 -9999
11.81 10.83 9.07 10.46 12.44 12.82 13.45 12.21 11.16 12.27 9.68 8.82 10.56 13.38 12.86 10.90 10.00 11.96 9.16 8.70 10.19 -9999 -9999 -9999 -9999 -9999 -9999 -9999 -9999 -9999 -9999 -9999 -9999 -9999 -9999 12.01 -9999 -9999 -9999 -9999 -9999 -9999 -9999 -9999 -9999 -9999 -9999 -9999 -9999 -9999 -9999 -9999 -9999 -9999 -9999 -9999 -9999 -9999 -9999 -9999 -9999 -9999 -9999 -9999 -9999 -9999 -9999 -9999 -9999 -9999 -9999 -9999 -9999 -9999 -9999 -9999 -9999 -9999
13.21 11.28 9.05 10.63 11.36 11.34 11.99 11.52 11.36 12.68 9.23 8.97 10.32 12.54 16.32 16.36 9.58 9.84 9.37 10.03 12.52 -9999 -9999 -9999 -9999 -9999 -9999 -9999 -9999 -9999 -9999 -9999 -9999 -9999 -9999 -9999 -9999 -9999 -9999 -9999 -9999 -9999 -9999 -9999 -9999 -9999 -9999 -9999 -9999 -9999 -9999 -9999 -9999 -9999 -9999 -9999 -9999 -9999 -9999 -9999 -9999 -9999 -9999 -9999 -9999 -9999 -9999 -9999 -9999 -9999 -9999 -9999 -9999 -9999 -9999 -9999 -9999 -9999
12.07 13.12 11.67 11.80 11.32 11.98 11.25 11.03 10.97 9.90 10.18 9.60 9.60 12.56 14.60 13.87 11.44 8.88 8.88 12.08 11.15 -9999 -9999 -9999 -9999 -9999 -9999 -9999 -9999 -9999 -9999 -9999 -9999 -9999 -9999 -9999 -9999 -9999 -9999 -9999 -9999 -9999 -9999 -9999 -9999 -9999 -9999 -9999 -9999 -9999 -9999 -9999 -9999 -9999 -9999 -9999 -9999 -9999 -9999 -9999 -9999 -9999 -9999 -9999 -9999 -9999 -9999 -9999 -9999 -9999 -9999 -9999 -9999 -9999 -9999 -9999 -9999 -9999
12.63 14.45 13.36 13.07 11.35 11.93 11.34 13.77 12.91 11.28 10.83 11.59 10.03 10.76 11.73 11.24 10.05 9.52 10.22 11.27 11.55 -9999 -9999 -9999 -9999 -9999 -9999 -9999 -9999 -9999 -9999 -9999 -9999 -9999 -9999 -9999 -9999 -9999 -9999 -9999 -9999 -9999 -9999 -9999 -9999 -9999 -9999 -9999 -9999 -9999 -9999 -9999 -9999 -9999 -9999 -9999 -9999 -9999 -9999 -9999 -9999 -9999 -9999 -9999 -9999 -9999 -9999 -9999 -9999 -9999 -9999 -9999 -9999 -9999 -9999 -9999 -9999 -9999
11.83 12.31 12.47 11.63 12.66 14.41 13.99 12.39 12.62 12.69 12.68 11.59 12.22 11.41 10.33 10.20 10.96 11.71 12.00 11.38 12.26 -9999 -9999 -9999 -9999 -9999 -9999 -9999 -9999 -9999 -9999 -9999 -9999 -9999 -9999 -9999 -9999 -9999 -9999 -9999 -9999 -9999 -9999 -9999 -9999 -9999 -9999 -9999 -9999 -9999 -9999 -9999 -9999 -9999 -9999 -9999 -9999 -9999 -9999 -9999 -9999 -9999 -9999 -9999 -9999 -9999 -9999 -9999 -9999 -9999 -9999 -9999 -9999 -9999 -9999 -9999 -9999 -9999
11.63 12.86 13.16 -9999 -9999 -9999 -9999 -9999 -9999 -9999 -9999 -9999 13.01 13.72 12.22 11.19 10.32 11.33 11.99 11.61 -9999 -9999 -9999 -9999 -9999 -9999 -9999 -9999 -9999 -9999 -9999 -9999 -9999 -9999 -9999 -9999 -9999 -9999 -9999 -9999 -9999 -9999 -9999 -9999 -9999 -9999 -9999 -9999 -9999 -9999 -9999 -9999 -9999 -9999 -9999 -9999 -9999 -9999 -9999 -9999 -9999 -9999 -9999 -9999 -9999 -9999 -9999 -9999 -9999 -9999 -9999 -9999 -9999 -9999 -9999 -9999 -9999 -9999
13.46 13.35 13.93 -9999 -9999 -9999 -9999 -9999 -9999 -9999 -9999 -9999 -9999 -9999 -9999 11.85 11.05 11.15 11.52 -9999 -9999 -9999 -9999 -9999 -9999 -9999 -9999 -9999 -9999 -9999 -9999 -9999 -9999 -9999 -9999 -9999 -9999 -9999 -9999 -9999 -9999 -9999 -9999 -9999 -9999 -9999 -9999 -9999 -9999 -9999 -9999 -9999 -9999 -9999 -9999 -9999 -9999 -9999 -9999 -9999 -9999 -9999 -9999 -9999 -9999 -9999 -9999 -9999 -9999 -9999 -9999 -9999 -9999 -9999 -9999 -9999 -9999 -9999
13.44 -9999 -9999 -9999 -9999 -9999 -9999 -9999 -9999 -9999 -9999 -9999 -9999 -9999 -9999 12.94 14.18 14.70 13.85 -9999 -9999 -9999 -9999 -9999 -9999 -9999 -9999 -9999 -9999 -9999 -9999 -9999 -9999 -9999 -9999 -9999 -9999 -9999 -9999 -9999 -9999 -9999 -9999 -9999 -9999 -9999 -9999 -9999 -9999 -9999 -9999 -9999 -9999 -9999 -9999 -9999 -9999 -9999 -9999 -9999 -9999 -9999 -9999 -9999 -9999 -9999 -9999 -9999 -9999 -9999 -9999 -9999 -9999 -9999 -9999 -9999 -9999 -9999
-9999 -9999 -9999 -9999 -9999 -9999 -9999 -9999 -9999 -9999 -9999 -9999 -9999 -9999 -9999 -9999 -9999 -9999 -9999 -9999 -9999 -9999 -9999 -9999 -9999 -9999 -9999 -9999 -9999 -9999 -9999 -9999 -9999 -9999 -9999 -9999 -9999 -9999 -9999 -9999 -9999 -9999 -9999 -9999 -9999 -9999 -9999 -9999 -9999 -9999 -9999 -9999 -9999 -9999 -9999 -9999 -9999 -9999 -9999 -9999 -9999 -9999 -9999 -9999 -9999 -9999 -9999 -9999 -9999 -9999 -9999 -9999 -9999 -9999 -9999 -9999 -9999 -9999
-9999 -9999 -9999 -9999 -9999 -9999 -9999 -9999 -9999 -9999 -9999 -9999 -9999 -9999 -9999 -9999 -9999 -9999 -9999 -9999 -9999 -9999 -9999 -9999 -9999 -9999 -9999 -9999 -9999 -9999 -9999 -9999 -9999 -9999 -9999 -9999 -9999 -9999 -9999 -9999 -9999 -9999 -9999 -9999 -9999 -9999 -9999 -9999 -9999 -9999 -9999 -9999 -9999 -9999 -9999 -9999 -9999 -9999 -9999 -9999 -9999 -9999 -9999 -9999 -9999 -9999 -9999 -9999 -9999 -9999 -9999 -9999 -9999 -9999 -9999 -9999 -9999 -9999
