ML/MeanWindSpeed_1998-11_Actual.txt
ncols         180
nrows         290
xllcorner     -200000
yllcorner     -200000
cellsize      5000
NODATA_value  -9999
[rows 175 to 209 of 290, columns 78 to 155 of 180]
-9999 -9999 -9999 -9999 -9999 -9999 -9999 -9999 15.96 14.56 13.15 12.17 11.40 9.10 7.74 13.99 21.15 10.30 13.15 12.68 11.63 9.56 6.77 7.16 9.46 11.08 8.70 6.55 7.10 8.31 7.73 7.86 8.92 7.77 7.12 6.52 6.52 6.47 6.10 5.98 5.91 11.18 12.01 9.91 10.26 8.13 7.64 9.12 8.99 6.94 6.57 7.72 7.01 6.44 7.12 6.68 7.73 7.18 7.02 6.76 6.64 8.01 6.97 6.86 7.02 6.92 7.45 7.98 8.09 8.36 8.75 7.60 9.84 12.57 -9999 -9999 -9999 -9999
-9999 -9999 -9999 -9999 -9999 -9999 -9999 -9999 -9999 16.93 13.73 11.32 8.88 7.75 9.76 24.33 17.07 8.18 13.72 8.73 11.86 11.40 7.58 5.75 12.46 9.54 9.68 8.13 6.81 7.12 7.23 6.50 7.52 7.95 7.47 6.92 6.33 6.41 5.94 5.50 7.50 8.99 12.78 10.37 11.22 10.13 5.78 8.30 10.30 7.18 7.11 7.62 6.75 6.64 6.88 6.78 7.95 7.18 7.01 7.29 7.14 7.96 7.76 7.27 7.19 7.16 7.35 7.95 9.21 8.11 7.38 7.43 9.34 12.14 -9999 -9999 -9999 -9999
-9999 -9999 -9999 -9999 -9999 -9999 -9999 -9999 -9999 -9999 13.98 10.41 9.49 11.03 21.76 24.59 17.08 12.50 11.70 11.97 13.03 13.06 12.37 8.09 7.10 12.35 9.01 8.06 7.75 6.93 6.86 6.87 6.93 7.43 6.91 6.34 6.37 6.22 5.86 6.05 7.26 9.66 10.79 8.50 8.90 10.66 8.40 5.75 10.24 7.41 7.20 7.65 6.70 6.70 6.61 7.24 8.03 7.41 7.25 7.38 6.98 8.48 7.87 7.57 7.54 7.49 7.83 7.73 7.76 7.39 7.24 7.64 9.91 12.47 -9999 -9999 -9999 -9999
-9999 -9999 -9999 -9999 -9999 -9999 -9999 -9999 -9999 -9999 12.99 10.70 12.48 14.96 17.65 21.39 13.21 9.17 11.31 13.64 13.68 14.48 12.46 8.79 5.91 12.52 11.59 9.01 8.54 6.88 6.63 6.91 7.83 7.42 6.95 6.53 5.85 5.49 5.84 7.93 7.94 6.38 11.38 8.71 9.38 11.19 10.75 8.38 7.49 6.85 5.62 7.08 7.68 6.60 6.51 6.51 7.30 7.19 7.64 7.53 7.32 7.89 8.64 8.30 8.26 7.96 7.87 7.64 7.31 7.20 7.79 9.14 11.26 -9999 -9999 -9999 -9999 -9999
-9999 -9999 -9999 -9999 -9999 -9999 -9999 -9999 -9999 -9999 11.71 11.28 12.58 12.82 18.43 16.54 11.95 12.04 9.66 11.12 14.00 12.46 14.91 11.31 6.74 11.45 12.47 11.75 8.49 7.45 6.44 7.27 8.40 7.96 6.94 6.17 5.57 5.79 7.26 7.73 6.20 6.20 9.54 9.29 9.09 9.09 8.25 8.21 8.93 5.50 6.35 6.67 6.32 6.69 6.26 7.30 6.64 7.13 7.59 7.69 8.05 10.18 9.41 8.79 8.43 8.25 7.97 7.67 7.40 7.54 9.01 10.99 -9999 -9999 -9999 -9999 -9999 -9999
-9999 -9999 -9999 -9999 -9999 -9999 -9999 -9999 -9999 13.21 20.29 12.56 13.97 16.13 11.51 21.49 17.96 15.39 13.10 15.85 12.65 13.08 11.22 8.44 9.40 13.69 12.21 11.67 8.47 7.10 6.23 7.85 8.05 7.45 6.88 5.92 5.64 7.03 6.83 6.42 7.44 8.45 6.51 11.28 10.37 7.44 8.18 7.39 6.56 6.35 5.45 5.52 5.78 6.80 6.27 5.81 7.55 7.05 7.45 7.92 8.51 10.22 9.38 8.81 8.60 8.18 7.94 7.47 7.27 8.52 10.42 -9999 -9999 -9999 -9999 -9999 -9999 -9999
-9999 -9999 -9999 -9999 -9999 -9999 -9999 13.98 13.14 16.69 14.54 12.20 13.06 14.25 9.49 10.93 13.09 15.95 14.84 16.44 14.41 13.95 7.65 9.74 9.73 7.59 8.54 8.15 8.82 7.63 6.81 7.85 8.14 7.84 6.83 6.53 7.44 6.65 7.23 6.35 7.83 8.50 8.30 7.47 6.68 8.39 7.89 7.24 7.00 6.74 6.37 5.11 6.07 5.85 5.16 5.61 6.37 6.84 7.38 7.55 8.41 10.00 9.19 8.47 8.39 7.91 7.61 7.23 7.65 9.24 -9999 -9999 -9999 -9999 -9999 12.52 11.71 10.90
-9999 -9999 -9999 -9999 -9999 -9999 13.95 13.32 13.21 13.69 13.48 13.33 12.26 9.69 7.63 9.44 11.70 13.71 20.55 12.17 9.48 8.69 5.62 12.43 14.10 13.53 10.18 8.76 9.04 8.49 7.86 8.15 8.67 7.97 7.40 7.09 7.53 7.76 6.28 6.25 8.06 8.18 7.74 7.28 7.38 7.77 6.69 7.13 5.97 5.85 6.37 5.73 5.18 4.70 5.02 6.12 6.10 6.45 6.95 7.40 8.08 10.00 9.30 8.33 7.93 7.56 7.32 7.11 7.55 8.87 -9999 -9999 -9999 -9999 -9999 10.81 9.52 8.81
-9999 -9999 -9999 -9999 -9999 14.79 15.09 13.98 14.01 -9999 -9999 -9999 -9999 10.02 14.54 12.28 12.66 14.95 12.20 9.49 12.15 11.07 9.47 19.35 17.07 14.12 14.38 10.85 8.44 8.67 8.56 8.01 8.07 7.89 7.40 7.73 6.97 8.12 6.58 6.41 6.98 7.54 7.77 7.59 6.54 6.67 6.61 6.41 5.79 5.43 5.11 4.97 4.87 5.14 5.77 5.87 5.93 6.81 7.57 7.84 8.01 9.10 8.87 8.57 7.61 7.35 7.09 6.82 6.97 8.02 10.00 -9999 -9999 -9999 -9999 9.49 8.25 7.78
-9999 -9999 -9999 -9999 -9999 16.39 17.57 14.27 15.13 -9999 -9999 -9999 -9999 10.50 12.74 14.27 9.18 13.96 12.76 11.66 14.50 16.16 12.88 17.31 10.52 11.76 11.64 10.09 8.44 8.30 8.43 8.15 8.31 8.78 7.62 8.08 7.53 7.39 7.74 6.61 6.89 6.21 7.08 8.11 8.49 8.37 6.69 5.93 5.60 5.38 5.68 5.00 5.30 5.93 6.27 7.12 6.55 8.59 8.69 8.91 8.05 8.57 8.48 8.22 7.34 7.28 7.06 6.72 6.60 6.81 8.08 9.31 -9999 -9999 10.05 9.17 8.33 8.37
-9999 -9999 -9999 -9999 -9999 -9999 -9999 -9999 -9999 -9999 -9999 -9999 -9999 11.66 15.16 12.33 8.32 10.85 9.29 16.16 15.00 10.29 14.13 13.79 12.01 12.47 10.22 8.88 7.64 8.61 8.26 8.51 8.19 7.68 7.47 7.28 6.98 7.12 7.55 6.78 6.51 6.69 6.96 6.80 7.76 8.00 5.96 7.14 7.97 6.55 6.31 5.80 5.00 6.20 7.31 8.34 8.03 7.59 8.17 8.98 8.40 8.77 8.40 8.17 7.20 7.24 7.10 6.86 6.58 6.21 6.54 7.42 8.62 9.17 8.73 8.59 7.64 8.50
-9999 -9999 -9999 -9999 -9999 -9999 -9999 -9999 -9999 -9999 -9999 -9999 -9999 -9999 15.38 6.23 6.34 10.57 15.39 14.00 15.44 14.65 10.47 11.72 12.97 9.23 8.75 7.47 7.26 7.48 7.93 8.05 8.06 7.67 7.13 6.85 7.12 6.97 7.43 7.09 6.56 8.68 7.94 6.71 6.67 6.69 6.72 6.48 7.47 7.56 6.80 7.85 6.17 6.12 6.99 6.58 7.00 7.32 7.40 8.85 8.80 8.44 7.92 8.17 7.28 7.28 7.12 6.85 6.68 6.59 6.60 6.63 7.24 7.69 7.78 7.66 7.71 8.76
-9999 -9999 -9999 -9999 -9999 -9999 -9999 -9999 -9999 -9999 -9999 -9999 -9999 -9999 10.99 14.69 15.41 13.32 11.78 10.82 13.22 10.72 10.72 9.27 8.65 10.83 8.10 7.30 8.85 8.03 7.74 7.64 7.00 6.94 7.43 7.19 8.38 8.20 7.68 7.04 6.47 8.50 9.34 7.89 6.79 6.43 6.72 6.71 6.66 6.94 7.57 9.84 8.38 6.52 6.17 6.55 7.64 8.85 9.04 8.62 9.14 8.64 8.10 7.75 7.39 7.37 7.19 7.12 6.97 6.90 6.92 6.99 7.21 7.45 7.77 7.77 7.58 8.46
-9999 -9999 -9999 -9999 -9999 -9999 -9999 -9999 -9999 -9999 -9999 -9999 -9999 14.01 12.73 9.50 17.63 11.45 9.19 11.72 11.50 10.05 13.11 9.66 9.11 11.52 7.38 13.42 9.46 7.13 7.27 8.69 7.07 6.68 9.66 9.42 8.60 7.32 7.62 7.37 6.89 7.73 8.32 7.91 7.09 6.83 6.66 6.65 7.07 6.86 8.03 7.93 7.34 6.79 6.43 7.14 8.19 9.34 9.43 8.42 8.57 8.51 8.21 7.85 7.53 7.41 7.35 7.30 7.18 7.06 7.08 7.18 7.17 7.37 8.07 8.06 7.74 8.06
-9999 -9999 -9999 -9999 -9999 -9999 -9999 -9999 -9999 -9999 -9999 -9999 -9999 12.59 12.82 17.49 10.21 5.43 7.63 8.19 10.48 13.62 13.41 10.33 9.70 9.54 7.29 8.03 8.80 9.89 9.48 7.54 7.55 7.36 7.83 8.64 7.42 7.13 7.80 7.60 7.90 8.34 7.93 8.09 7.63 7.15 6.85 6.54 6.63 6.81 7.68 8.01 7.37 6.25 6.62 7.96 9.41 8.83 9.54 9.42 8.70 8.10 8.78 7.86 7.92 7.56 7.49 7.27 7.22 7.17 7.09 7.11 7.18 7.30 8.28 8.09 7.59 7.77
-9999 -9999 -9999 -9999 -9999 -9999 -9999 -9999 -9999 -9999 -9999 -9999 -9999 13.82 15.27 7.24 8.28 6.66 8.00 8.70 14.49 12.74 14.15 10.73 9.38 7.20 5.88 6.87 10.49 12.50 13.60 8.31 9.80 8.14 8.28 8.33 6.74 6.92 7.37 7.76 8.12 7.52 7.67 9.04 8.15 7.10 6.92 7.95 6.45 6.98 7.33 7.14 6.53 6.19 6.89 7.62 8.26 8.48 8.45 7.75 7.74 8.30 8.55 7.39 7.25 7.48 7.39 7.27 7.09 6.90 6.97 7.04 7.13 7.30 7.69 7.57 7.74 7.66
-9999 -9999 -9999 -9999 -9999 -9999 -9999 -9999 -9999 -9999 -9999 -9999 -9999 -9999 9.41 9.96 11.40 13.14 13.92 11.68 12.45 10.55 7.26 6.98 6.20 7.19 7.33 6.60 8.39 9.19 12.64 10.06 8.55 7.83 9.29 9.04 6.78 7.73 6.85 7.21 9.54 7.60 7.43 7.42 7.59 6.76 6.63 8.25 7.60 6.92 7.41 6.91 6.53 6.83 7.64 7.30 7.34 7.05 7.82 7.09 8.35 8.45 7.46 7.15 7.64 7.47 7.04 6.92 6.75 6.76 6.87 6.96 7.10 7.21 7.36 7.49 7.81 7.90
-9999 -9999 -9999 -9999 -9999 -9999 -9999 -9999 -9999 -9999 -9999 -9999 -9999 -9999 10.58 11.11 11.71 13.44 16.01 14.55 10.94 8.09 6.34 8.05 10.20 12.10 13.92 10.39 8.09 9.06 10.39 9.65 7.40 10.39 9.31 9.23 7.65 8.52 7.35 7.02 7.70 9.01 8.51 7.78 7.21 6.71 6.75 7.86 7.61 7.16 7.13 7.45 7.54 7.71 8.08 7.25 6.98 8.26 8.34 8.31 8.03 8.31 7.29 7.52 7.99 6.90 6.61 6.56 6.52 6.69 6.77 6.85 7.02 7.18 7.40 7.51 7.59 7.69
-9999 -9999 -9999 -9999 -9999 -9999 -9999 -9999 -9999 -9999 -9999 -9999 -9999 11.80 8.86 9.52 12.06 13.03 11.82 11.34 8.94 9.98 14.81 11.66 11.85 11.73 9.57 8.58 9.48 10.25 8.57 7.74 8.48 10.33 10.04 9.28 7.55 8.76 7.02 7.03 8.63 7.90 8.28 8.32 7.52 7.02 6.92 7.92 7.75 6.89 7.09 7.03 6.85 7.63 7.17 8.25 7.63 8.30 7.49 7.84 7.99 7.05 6.78 7.64 7.47 6.43 6.31 6.63 6.46 6.71 6.82 7.03 7.10 7.17 7.34 7.39 8.03 8.62
-9999 -9999 -9999 -9999 -9999 -9999 -9999 -9999 -9999 -9999 -9999 -9999 -9999 13.56 10.43 8.93 8.86 10.76 14.51 13.62 11.86 10.03 10.78 12.51 13.76 13.53 9.32 11.65 12.84 8.64 11.06 6.95 7.93 9.93 11.79 8.09 8.43 7.11 6.40 6.78 7.65 10.56 8.78 8.69 8.06 7.60 7.47 7.76 7.40 6.79 6.88 6.73 6.55 6.46 7.78 8.27 8.19 8.71 7.55 7.02 6.95 6.38 6.68 7.19 6.92 6.46 6.83 6.67 7.08 6.78 6.91 7.30 7.40 7.22 7.24 7.28 7.59 8.74
-9999 -9999 -9999 -9999 -9999 -9999 -9999 -9999 -9999 -9999 -9999 -9999 -9999 11.58 9.71 6.14 7.40 10.22 14.61 12.23 12.21 9.52 11.81 11.29 9.71 10.45 11.32 11.26 9.65 8.29 8.91 11.70 7.87 7.88 8.01 8.02 9.51 7.97 6.39 6.69 7.55 8.06 7.87 8.85 8.34 7.82 7.86 7.15 6.49 6.95 7.08 7.09 6.36 6.95 8.29 8.27 7.28 7.39 8.11 6.91 6.99 5.80 6.68 6.86 6.14 6.18 6.50 6.00 6.40 6.50 6.76 7.04 7.03 7.04 7.12 7.20 7.85 7.64
-9999 -9999 -9999 -9999 -9999 -9999 -9999 -9999 -9999 -9999 -9999 -9999 11.59 11.64 12.92 9.45 6.88 10.81 11.87 13.62 13.21 7.82 8.56 7.78 9.41 11.17 9.54 9.61 11.70 10.06 9.25 8.77 7.64 6.82 7.07 8.12 8.08 7.70 7.31 6.74 6.63 7.51 7.85 7.22 7.69 7.33 7.91 6.98 6.71 6.74 6.24 6.03 6.26 7.49 7.44 7.51 6.74 7.49 7.43 6.82 5.79 6.52 6.51 6.57 6.81 6.48 6.12 6.08 6.06 6.41 6.69 6.72 6.75 6.69 6.70 7.04 7.70 7.91
-9999 -9999 -9999 -9999 -9999 -9999 -9999 -9999 -9999 -9999 -9999 13.51 12.23 12.06 9.35 6.91 9.85 13.07 13.17 10.55 12.14 7.97 9.54 8.05 7.69 14.73 10.14 11.21 9.22 9.42 7.93 7.65 7.87 8.94 7.77 9.74 7.92 8.27 6.80 6.50 6.68 7.09 7.41 7.05 7.17 7.47 7.52 6.04 6.54 6.36 6.43 6.52 6.78 7.40 6.66 7.44 6.84 6.99 6.02 5.75 6.79 7.07 6.51 6.69 6.58 5.77 6.31 6.46 6.57 6.69 6.52 6.40 6.23 6.52 6.64 7.58 8.12 8.57
-9999 -9999 -9999 -9999 -9999 -9999 -9999 -9999 -9999 16.58 13.97 11.63 8.88 7.81 7.73 7.55 10.64 11.55 12.38 13.44 11.03 8.40 4.77 8.36 8.22 13.00 10.57 9.91 10.07 8.48 7.99 6.91 8.01 9.91 9.10 9.10 6.80 7.04 6.85 6.81 7.43 7.09 7.47 6.71 6.79 6.98 6.18 5.93 6.16 6.95 6.66 7.51 8.09 7.53 6.95 6.38 6.06 6.76 7.11 6.63 6.79 5.79 6.61 6.73 6.03 5.34 5.56 6.68 6.69 6.87 6.13 5.95 5.82 6.21 7.44 8.10 8.10 9.15
-9999 -9999 -9999 -9999 -9999 17.26 16.01 14.28 17.17 16.44 15.51 14.39 10.57 8.83 7.56 12.17 9.77 11.28 10.69 9.80 6.13 4.75 3.24 5.93 6.85 14.67 13.23 10.76 8.52 9.03 8.33 9.99 7.15 9.09 9.35 8.78 7.79 6.84 6.46 7.46 6.85 6.25 7.67 6.53 6.33 5.78 6.03 6.55 6.97 6.07 7.04 6.67 7.05 7.96 7.66 7.25 6.86 7.31 7.16 6.61 6.06 6.78 5.74 5.61 5.47 5.27 6.18 6.60 6.77 6.17 5.61 5.75 6.10 7.37 7.71 7.51 8.53 7.90
-9999 -9999 -9999 -9999 17.87 15.00 15.28 14.17 13.16 14.56 13.32 12.92 9.64 7.46 10.61 10.66 10.42 6.08 11.01 6.34 3.49 8.92 6.02 3.53 12.38 11.25 10.02 5.91 6.45 7.62 11.06 7.92 7.29 7.29 7.43 9.16 8.54 8.26 6.88 7.08 6.37 6.17 7.14 6.48 5.75 5.72 6.17 6.83 6.47 8.38 6.56 6.32 6.76 7.53 6.84 6.69 6.21 6.32 6.74 6.39 6.91 6.14 5.48 5.56 5.85 5.42 5.83 5.98 5.45 5.32 5.31 5.56 6.00 6.70 7.79 7.97 8.22 7.99
-9999 -9999 -9999 16.72 15.86 12.36 11.72 11.86 12.69 11.92 12.08 10.40 10.21 14.05 10.22 7.93 10.79 3.74 5.93 5.47 8.80 8.13 9.34 7.73 8.52 7.52 4.54 10.18 10.53 7.19 7.87 7.34 7.00 7.60 6.92 7.20 8.90 9.10 6.60 6.24 6.21 6.62 5.93 5.15 5.34 8.19 6.29 6.06 6.62 7.46 6.84 6.35 6.93 7.44 7.30 7.73 6.98 6.04 5.81 5.72 6.61 6.09 5.45 6.33 6.16 5.59 5.73 5.56 5.30 5.57 5.68 5.82 6.31 6.66 7.76 7.29 7.28 7.74
16.95 14.42 15.98 13.06 12.68 13.32 12.24 11.64 13.77 12.27 11.87 11.26 13.60 12.26 9.56 9.76 7.96 4.54 3.74 7.45 8.00 6.40 7.06 9.69 6.92 3.85 9.60 11.81 9.58 10.03 7.46 7.79 6.98 7.45 9.48 7.29 9.62 7.63 6.40 6.03 6.23 7.68 4.89 5.17 9.36 6.68 6.20 6.14 6.76 7.77 6.39 6.51 6.86 6.53 7.05 6.96 6.30 5.78 6.02 5.58 5.95 6.23 6.12 5.64 5.27 5.14 5.16 5.67 7.13 6.38 7.24 6.60 5.68 7.32 7.56 7.97 7.74 7.56
12.74 12.11 15.07 18.32 16.98 16.31 12.80 13.91 15.55 13.87 13.00 14.84 12.38 10.97 12.54 8.00 4.09 3.83 3.73 6.75 6.66 6.18 5.82 5.99 4.99 7.42 17.74 13.62 10.08 7.66 8.32 7.76 9.46 7.72 8.17 7.08 7.16 7.06 6.82 6.07 5.68 5.42 4.65 8.33 9.05 8.11 6.60 6.16 8.91 7.33 6.49 6.73 6.30 7.06 6.91 6.50 5.54 6.53 6.01 5.33 7.08 6.75 5.46 5.22 5.16 5.06 5.69 6.78 7.17 6.84 7.27 6.44 6.03 7.22 7.86 7.61 7.98 7.78
11.43 11.93 13.43 14.05 13.36 11.88 13.89 12.51 14.34 10.72 11.80 14.17 12.75 10.13 10.26 5.29 3.52 6.63 7.34 5.90 4.25 6.55 3.54 3.06 3.52 9.74 14.21 15.19 8.00 8.84 9.15 9.45 8.42 6.83 8.16 7.47 7.43 6.75 6.80 5.30 4.73 5.66 5.54 8.46 8.33 7.61 6.24 7.07 8.72 7.96 7.35 6.76 6.94 6.76 6.22 5.72 5.61 6.04 6.39 5.96 5.79 5.65 5.30 6.48 7.16 5.57 5.91 6.82 7.12 6.47 6.84 6.59 6.48 6.80 7.38 7.95 7.79 7.75
12.61 11.50 12.32 11.98 12.47 11.60 11.59 12.84 11.18 11.79 10.06 9.61 9.07 8.04 6.73 8.08 6.03 9.66 16.02 6.42 6.41 6.99 12.01 11.73 3.50 4.03 15.97 12.03 9.89 10.56 11.79 9.37 6.90 5.98 8.49 8.95 7.51 6.53 5.82 4.86 4.52 5.88 8.74 9.17 7.78 7.22 6.77 6.54 6.55 7.58 6.78 6.58 6.27 5.79 5.37 5.24 6.17 5.89 5.60 5.61 4.76 5.06 6.12 6.09 6.85 6.14 6.13 6.18 6.38 6.80 6.82 6.61 6.51 6.72 7.17 7.36 7.85 7.69
11.93 11.11 12.15 10.96 11.32 11.21 11.20 10.02 9.85 10.67 9.61 10.96 9.25 11.13 6.93 9.64 11.48 11.18 12.14 12.61 9.45 11.71 14.11 8.54 10.77 9.33 4.69 11.03 11.37 7.85 8.43 6.41 8.12 7.84 11.20 10.21 7.44 6.38 5.23 4.66 5.80 9.10 7.67 9.53 7.80 7.39 8.08 6.76 7.86 6.24 6.43 5.95 5.63 5.38 5.54 5.42 5.32 4.85 4.59 4.28 4.70 6.14 7.25 6.69 5.94 6.57 5.88 6.83 5.98 5.85 5.93 6.02 6.22 6.50 7.21 6.98 7.53 7.38
12.82 11.36 10.80 12.28 13.46 15.31 13.76 11.86 10.65 9.52 9.82 12.78 9.45 10.51 6.91 8.88 9.20 7.98 6.35 8.83 7.69 10.66 11.16 13.57 11.24 12.15 10.78 15.58 9.31 8.04 7.41 8.33 7.58 10.50 10.17 10.54 6.80 5.94 4.91 8.69 9.38 9.07 9.52 7.48 7.95 8.10 7.65 6.24 6.05 6.07 5.75 5.54 5.55 5.44 5.95 5.76 5.62 4.59 3.68 3.87 5.27 7.62 6.06 6.62 6.60 5.97 5.68 5.77 5.44 5.55 5.94 5.49 6.08 6.34 6.64 7.00 7.19 6.56
13.50 11.99 11.29 11.48 13.53 13.96 14.71 13.51 12.24 11.08 10.20 10.51 12.96 8.61 12.66 11.30 10.96 11.72 9.34 6.39 6.52 8.99 8.26 10.78 10.67 8.94 13.68 13.69 7.64 8.59 6.10 6.91 9.05 10.15 9.69 8.68 6.43 5.46 7.03 6.45 8.60 8.46 7.70 7.95 7.49 6.91 6.49 5.38 5.00 5.06 5.15 6.97 5.68 6.52 5.68 5.12 3.87 3.15 3.27 4.63 6.82 7.05 6.80 6.89 6.43 5.80 5.79 6.21 6.63 5.11 5.95 6.77 6.07 5.93 6.56 5.90 6.30 7.10
13.66 12.87 13.38 14.47 16.01 -9999 -9999 -9999 -9999 13.10 12.08 12.52 9.63 8.14 9.57 9.62 8.97 7.84 3.63 13.26 13.74 8.49 7.38 8.01 10.10 11.22 13.10 9.83 8.04 6.78 5.75 10.46 9.32 11.35 8.00 7.35 6.43 5.88 8.10 6.51 8.46 8.29 7.28 7.25 6.76 6.14 5.36 4.86 4.70 4.89 5.14 6.70 6.07 6.58 6.44 5.24 3.93 3.08 4.62 4.75 6.37 7.38 7.48 5.85 5.52 5.14 6.19 6.60 6.29 4.95 5.77 6.54 6.35 5.94 6.78 6.34 6.12 6.33
