ML/MeanWindSpeed_1998-01_Actual.txt
ncols         180
nrows         290
xllcorner     -200000
yllcorner     -200000
cellsize      5000
NODATA_value  -9999
[rows 105 to 139 of 290, columns 78 to 155 of 180]
8.71 10.73 8.65 6.25 6.90 9.61 10.19 9.22 7.52 8.70 11.97 9.12 10.38 7.16 9.17 12.43 9.80 7.90 7.24 7.73 6.70 6.35 6.49 6.34 5.87 7.03 7.04 7.10 8.63 8.30 8.41 8.98 -9999 -9999 -9999 -9999 -9999 -9999 -9999 -9999 -9999 -9999 -9999 -9999 -9999 -9999 -9999 -9999 -9999 -9999 -9999 -9999 -9999 -9999 -9999 -9999 -9999 -9999 -9999 -9999 -9999 -9999 -9999 -9999 -9999 -9999 -9999 -9999 -9999 -9999 -9999 -9999 -9999 -9999 -9999 -9999 -9999 -9999
9.82 8.54 9.43 10.95 9.77 11.62 8.44 10.44 5.73 11.35 7.69 13.26 6.99 9.15 13.63 10.04 8.37 9.76 8.87 6.79 6.16 5.28 5.10 5.80 5.33 5.77 6.85 7.10 7.08 7.11 6.39 7.90 9.32 -9999 -9999 -9999 -9999 -9999 -9999 -9999 -9999 -9999 -9999 -9999 -9999 -9999 -9999 -9999 -9999 -9999 -9999 -9999 -9999 -9999 -9999 -9999 -9999 -9999 -9999 -9999 -9999 -9999 -9999 -9999 -9999 -9999 -9999 -9999 -9999 -9999 -9999 -9999 -9999 -9999 -9999 -9999 -9999 -9999
10.09 7.22 11.35 8.47 5.57 8.65 12.05 11.88 6.68 11.87 10.57 10.90 8.49 10.80 8.81 9.75 11.69 9.01 7.98 6.61 5.54 5.27 6.21 6.64 7.73 8.04 7.09 6.17 5.47 6.81 6.12 8.00 8.83 10.79 -9999 -9999 -9999 -9999 -9999 -9999 -9999 -9999 -9999 -9999 -9999 -9999 -9999 -9999 -9999 -9999 -9999 -9999 -9999 -9999 -9999 -9999 -9999 -9999 -9999 -9999 -9999 -9999 -9999 -9999 -9999 -9999 -9999 -9999 -9999 -9999 -9999 -9999 -9999 -9999 -9999 -9999 -9999 -9999
7.99 10.77 11.21 8.58 5.65 10.31 11.93 14.05 8.06 12.00 10.51 10.38 9.84 10.09 7.16 7.98 8.20 6.84 4.68 5.19 6.34 8.72 8.60 8.11 7.06 7.11 7.98 5.51 6.36 7.31 8.01 8.52 9.25 10.77 11.91 -9999 -9999 -9999 -9999 -9999 -9999 -9999 -9999 -9999 -9999 -9999 -9999 -9999 -9999 -9999 -9999 -9999 -9999 -9999 -9999 -9999 -9999 -9999 -9999 -9999 -9999 -9999 -9999 -9999 -9999 -9999 -9999 -9999 -9999 -9999 -9999 -9999 -9999 -9999 -9999 -9999 -9999 -9999
10.91 12.99 8.15 6.59 9.24 12.86 10.44 6.86 8.38 16.36 9.70 9.35 10.26 10.15 8.54 7.83 5.83 4.37 5.81 9.48 9.39 8.48 8.24 6.90 6.31 6.97 8.04 6.92 8.19 8.63 9.09 10.06 10.52 11.18 -9999 -9999 -9999 -9999 -9999 -9999 -9999 -9999 -9999 -9999 -9999 -9999 -9999 -9999 -9999 -9999 -9999 -9999 -9999 -9999 -9999 -9999 -9999 -9999 -9999 -9999 -9999 -9999 -9999 -9999 -9999 -9999 -9999 -9999 -9999 -9999 -9999 -9999 -9999 -9999 -9999 -9999 -9999 -9999
10.02 9.47 8.50 11.62 8.03 11.07 11.90 12.13 9.02 8.40 14.49 9.83 8.34 7.62 7.23 6.89 6.15 5.07 7.13 6.39 6.03 5.39 6.68 8.25 7.41 7.74 7.66 8.17 10.10 10.97 -9999 -9999 -9999 -9999 -9999 -9999 -9999 -9999 -9999 -9999 -9999 -9999 -9999 -9999 -9999 -9999 -9999 -9999 -9999 -9999 -9999 -9999 -9999 -9999 -9999 -9999 -9999 -9999 -9999 -9999 -9999 -9999 -9999 -9999 -9999 -9999 -9999 -9999 -9999 -9999 -9999 -9999 -9999 -9999 -9999 -9999 -9999 -9999
9.30 7.07 10.78 11.15 12.97 12.83 7.05 12.55 12.29 8.10 10.48 10.36 7.24 6.73 7.51 8.82 9.77 7.27 6.93 7.11 7.05 6.75 7.02 7.65 7.30 8.00 9.39 10.00 -9999 -9999 -9999 -9999 -9999 -9999 -9999 -9999 -9999 -9999 -9999 -9999 -9999 -9999 -9999 -9999 -9999 -9999 -9999 -9999 -9999 -9999 -9999 -9999 -9999 -9999 -9999 -9999 -9999 -9999 -9999 -9999 -9999 -9999 -9999 -9999 -9999 -9999 -9999 -9999 -9999 -9999 -9999 -9999 -9999 -9999 -9999 -9999 -9999 -9999
8.55 11.15 8.42 11.64 14.14 11.95 10.10 13.51 13.38 8.54 8.16 6.34 5.19 5.24 6.16 9.03 10.35 8.67 7.86 7.32 7.19 7.75 7.49 7.92 8.51 10.12 11.71 11.57 -9999 -9999 -9999 -9999 -9999 -9999 -9999 -9999 -9999 -9999 -9999 -9999 -9999 -9999 -9999 -9999 -9999 -9999 -9999 -9999 -9999 -9999 -9999 -9999 -9999 -9999 -9999 -9999 -9999 -9999 -9999 -9999 -9999 -9999 -9999 -9999 -9999 -9999 -9999 -9999 -9999 -9999 -9999 -9999 -9999 -9999 -9999 -9999 -9999 -9999
9.97 11.32 8.89 12.34 12.90 13.58 10.30 9.95 10.20 8.56 7.73 6.65 4.43 9.74 10.37 10.33 10.76 8.55 6.80 6.89 6.96 7.38 7.59 7.96 8.86 9.05 -9999 -9999 -9999 -9999 -9999 10.89 9.87 10.35 10.88 -9999 -9999 -9999 -9999 -9999 -9999 -9999 -9999 -9999 -9999 -9999 -9999 -9999 -9999 -9999 -9999 -9999 -9999 -9999 -9999 -9999 -9999 -9999 -9999 -9999 -9999 -9999 -9999 -9999 -9999 -9999 -9999 -9999 -9999 -9999 -9999 -9999 -9999 -9999 -9999 -9999 -9999 -9999
10.52 12.46 9.25 8.83 15.77 10.17 10.32 9.87 8.10 7.24 7.96 9.59 7.33 7.65 7.32 7.77 7.38 7.26 7.27 7.45 7.39 7.36 7.90 8.35 8.42 8.78 9.82 10.82 -9999 -9999 9.44 8.38 7.71 7.54 8.82 10.45 11.82 -9999 -9999 -9999 -9999 -9999 -9999 -9999 -9999 -9999 -9999 -9999 -9999 -9999 -9999 -9999 -9999 -9999 -9999 -9999 -9999 -9999 -9999 -9999 -9999 -9999 -9999 -9999 -9999 -9999 -9999 -9999 -9999 -9999 -9999 -9999 -9999 -9999 -9999 -9999 -9999 -9999
12.56 11.10 10.86 12.62 13.43 9.37 10.27 11.56 10.19 8.72 7.22 7.35 7.78 7.76 7.71 7.16 6.67 6.84 7.46 7.31 6.62 7.66 8.17 7.18 6.75 7.29 7.93 8.99 8.36 8.46 8.24 6.99 5.71 6.38 8.66 9.95 11.90 10.62 -9999 -9999 -9999 -9999 -9999 -9999 -9999 -9999 -9999 -9999 -9999 -9999 -9999 -9999 -9999 -9999 -9999 -9999 -9999 -9999 -9999 -9999 -9999 -9999 -9999 -9999 -9999 -9999 -9999 -9999 -9999 -9999 -9999 -9999 -9999 -9999 -9999 -9999 -9999 -9999
11.96 14.37 13.24 11.89 10.43 -9999 10.69 11.71 9.32 8.28 7.62 7.59 7.06 7.09 7.43 6.81 6.29 7.41 7.78 8.02 7.47 6.96 6.82 6.02 6.18 6.77 7.71 6.91 6.37 7.59 6.75 6.17 5.65 7.00 8.71 9.37 10.47 10.02 11.58 13.07 12.05 -9999 -9999 -9999 -9999 -9999 -9999 -9999 -9999 -9999 -9999 -9999 -9999 -9999 -9999 -9999 -9999 -9999 -9999 -9999 -9999 -9999 -9999 -9999 -9999 -9999 -9999 -9999 -9999 -9999 -9999 -9999 -9999 -9999 -9999 -9999 -9999 -9999
13.64 -9999 13.59 14.13 10.71 -9999 11.39 13.23 9.46 8.57 7.54 7.63 7.12 7.01 6.47 6.13 5.83 6.53 8.13 8.39 8.31 7.00 6.48 6.70 7.38 9.06 8.20 6.40 5.50 6.20 6.06 5.96 8.96 10.38 9.62 10.03 9.57 9.39 9.71 9.30 10.99 -9999 -9999 -9999 -9999 -9999 -9999 -9999 -9999 -9999 -9999 -9999 -9999 -9999 -9999 -9999 -9999 -9999 -9999 -9999 -9999 -9999 -9999 -9999 -9999 -9999 -9999 -9999 -9999 -9999 -9999 -9999 -9999 -9999 -9999 -9999 -9999 -9999
14.48 -9999 -9999 14.60 11.76 9.88 11.63 12.09 7.76 7.52 8.70 7.73 7.26 7.19 8.82 7.17 5.82 6.16 6.72 7.78 8.02 8.07 6.74 8.24 9.01 8.21 7.61 7.26 6.57 6.93 7.35 7.76 8.13 10.63 10.29 10.32 10.45 8.41 8.12 8.82 10.51 12.01 -9999 -9999 -9999 -9999 -9999 -9999 -9999 -9999 -9999 -9999 -9999 -9999 -9999 -9999 -9999 -9999 -9999 -9999 -9999 -9999 -9999 -9999 -9999 -9999 -9999 -9999 -9999 -9999 -9999 -9999 -9999 -9999 -9999 -9999 -9999 -9999
-9999 -9999 -9999 -9999 12.90 10.91 12.78 10.08 7.19 6.97 7.68 8.58 7.77 7.33 8.40 8.65 7.34 5.81 7.15 8.72 7.85 7.35 7.76 9.15 8.66 7.51 7.26 7.15 9.18 9.19 8.38 8.19 8.15 10.24 10.23 10.02 10.53 8.93 8.33 8.17 8.59 10.01 -9999 -9999 -9999 -9999 -9999 -9999 -9999 -9999 -9999 -9999 -9999 -9999 -9999 -9999 -9999 -9999 -9999 -9999 -9999 -9999 -9999 -9999 -9999 -9999 -9999 -9999 -9999 -9999 -9999 -9999 -9999 -9999 -9999 -9999 -9999 -9999
15.00 16.01 -9999 -9999 -9999 12.67 12.67 10.01 7.69 6.76 6.97 7.86 8.27 8.77 9.38 8.98 8.52 7.52 6.11 8.73 8.14 7.72 8.00 7.68 7.60 8.22 6.60 8.66 11.24 10.79 9.69 9.96 8.79 9.86 9.83 10.12 10.25 8.89 8.12 7.84 8.04 9.25 10.33 -9999 -9999 -9999 -9999 -9999 -9999 -9999 -9999 -9999 -9999 -9999 -9999 -9999 -9999 -9999 -9999 -9999 -9999 -9999 -9999 -9999 -9999 -9999 -9999 -9999 -9999 -9999 -9999 -9999 -9999 -9999 -9999 -9999 -9999 -9999
14.49 16.34 13.86 -9999 -9999 -9999 13.07 11.10 8.39 7.13 6.82 6.97 8.14 8.57 8.48 8.10 8.17 8.12 8.13 7.75 7.91 7.61 8.53 8.36 9.95 7.21 7.56 7.43 8.29 11.12 11.02 9.91 9.51 8.99 9.05 9.41 9.55 8.52 7.99 7.50 7.89 8.33 8.60 9.57 -9999 -9999 -9999 -9999 -9999 -9999 -9999 -9999 -9999 -9999 -9999 -9999 -9999 -9999 -9999 -9999 -9999 -9999 -9999 -9999 -9999 -9999 -9999 -9999 -9999 -9999 -9999 -9999 -9999 -9999 -9999 -9999 -9999 -9999
14.37 15.47 13.14 -9999 -9999 -9999 -9999 -9999 10.03 8.11 6.51 6.27 6.70 6.83 7.47 9.50 9.69 8.63 7.77 7.59 8.54 8.11 8.09 7.71 9.28 7.35 8.35 8.99 8.75 7.57 8.61 8.32 9.17 8.31 9.29 8.97 8.11 7.78 7.61 7.58 7.09 8.18 7.96 8.10 8.96 -9999 -9999 -9999 -9999 -9999 -9999 -9999 -9999 -9999 -9999 -9999 -9999 -9999 -9999 -9999 -9999 -9999 -9999 -9999 -9999 -9999 -9999 -9999 -9999 -9999 -9999 -9999 -9999 -9999 -9999 -9999 -9999 -9999
12.73 17.02 14.17 -9999 -9999 -9999 -9999 -9999 11.06 9.08 7.70 6.39 7.46 8.70 8.19 9.57 10.47 9.73 7.92 8.72 7.98 7.42 8.61 8.65 6.18 11.72 8.37 10.37 8.83 10.62 10.29 8.02 9.40 8.52 8.24 7.63 7.75 8.39 8.82 8.46 8.39 6.70 7.35 8.36 7.78 9.65 11.27 -9999 -9999 -9999 -9999 -9999 -9999 -9999 -9999 -9999 -9999 -9999 -9999 -9999 -9999 -9999 -9999 -9999 -9999 -9999 -9999 -9999 -9999 -9999 -9999 -9999 -9999 -9999 -9999 -9999 -9999 -9999
14.94 16.69 16.45 -9999 -9999 -9999 -9999 -9999 11.36 8.93 7.72 6.89 7.34 8.37 7.18 8.16 8.85 9.78 8.77 8.35 7.32 8.78 10.71 8.62 8.23 12.72 11.44 8.88 9.45 8.64 7.55 8.63 9.11 8.35 8.59 8.26 6.86 6.86 7.10 8.83 10.80 8.20 6.98 7.61 7.75 8.14 9.99 -9999 -9999 -9999 -9999 -9999 -9999 -9999 -9999 -9999 -9999 -9999 -9999 -9999 -9999 -9999 -9999 -9999 -9999 -9999 -9999 -9999 -9999 -9999 -9999 -9999 -9999 -9999 -9999 -9999 -9999 -9999
14.81 15.99 16.75 -9999 -9999 -9999 -9999 -9999 10.79 8.78 7.77 7.61 7.50 7.53 7.69 10.00 11.25 9.48 9.60 7.87 7.63 7.68 8.99 6.26 10.51 10.33 9.30 9.98 10.40 7.60 9.16 8.22 8.75 8.60 7.17 7.64 7.33 6.56 6.11 10.57 11.34 9.82 6.62 7.28 7.81 7.78 9.63 -9999 -9999 -9999 -9999 -9999 -9999 -9999 -9999 -9999 -9999 -9999 -9999 -9999 -9999 -9999 -9999 -9999 -9999 -9999 -9999 -9999 -9999 -9999 -9999 -9999 -9999 -9999 -9999 -9999 -9999 -9999
-9999 -9999 -9999 -9999 -9999 -9999 -9999 13.16 9.95 8.51 7.48 7.81 8.28 7.61 8.33 8.85 10.29 8.60 8.24 9.99 8.83 9.73 9.19 8.77 11.31 11.60 8.54 9.03 9.72 9.18 8.65 8.99 7.47 8.06 8.16 6.52 6.90 6.17 8.06 9.58 11.92 10.18 6.82 6.90 6.90 7.64 9.50 -9999 -9999 -9999 -9999 -9999 -9999 -9999 -9999 -9999 -9999 -9999 -9999 -9999 -9999 -9999 -9999 -9999 -9999 -9999 -9999 -9999 -9999 -9999 -9999 -9999 -9999 -9999 -9999 -9999 -9999 -9999
-9999 -9999 -9999 -9999 -9999 -9999 -9999 12.75 7.89 7.15 8.15 9.23 8.85 7.93 8.50 9.20 7.66 7.37 9.40 10.11 9.39 9.04 7.30 5.96 10.74 8.26 8.38 8.27 8.90 8.80 8.05 6.97 8.51 8.05 7.75 6.81 6.68 7.90 8.95 9.38 10.89 10.14 7.10 6.23 6.89 8.33 8.88 -9999 -9999 -9999 -9999 -9999 -9999 -9999 -9999 -9999 -9999 -9999 -9999 -9999 -9999 -9999 -9999 -9999 -9999 -9999 -9999 -9999 -9999 -9999 -9999 -9999 -9999 -9999 -9999 -9999 -9999 -9999
-9999 -9999 -9999 -9999 -9999 -9999 12.59 10.37 6.75 7.69 8.49 7.59 8.81 9.95 10.02 11.91 10.69 8.50 6.78 7.27 9.82 9.88 8.29 5.42 7.56 10.53 8.15 9.71 8.18 8.18 6.59 6.78 7.80 7.07 7.19 7.80 8.90 10.23 9.96 9.53 9.05 8.07 6.78 7.97 8.82 8.29 8.96 -9999 -9999 -9999 -9999 -9999 -9999 -9999 -9999 -9999 -9999 -9999 -9999 -9999 -9999 -9999 -9999 -9999 -9999 -9999 -9999 -9999 -9999 -9999 -9999 -9999 -9999 -9999 -9999 -9999 -9999 -9999
-9999 -9999 -9999 -9999 -9999 -9999 10.78 7.60 9.05 8.36 9.60 7.87 9.32 9.13 11.09 11.05 11.41 10.17 8.05 6.27 12.22 12.61 8.71 5.31 8.37 10.00 7.66 7.85 8.69 6.57 7.94 8.64 7.32 8.24 8.54 10.91 8.26 8.24 9.21 9.76 9.60 7.58 6.29 7.30 7.53 7.32 8.28 10.23 -9999 -9999 -9999 -9999 -9999 -9999 -9999 -9999 -9999 -9999 -9999 -9999 -9999 -9999 -9999 -9999 -9999 -9999 -9999 -9999 -9999 -9999 -9999 -9999 -9999 -9999 -9999 -9999 -9999 -9999
-9999 -9999 -9999 -9999 -9999 11.09 10.55 9.38 8.76 9.87 10.41 9.14 8.21 10.63 10.36 11.90 11.66 11.34 8.03 5.73 8.60 10.48 9.29 6.11 6.54 8.14 7.54 7.38 7.39 9.41 7.61 7.23 7.46 6.95 10.24 9.45 10.90 9.95 7.96 8.15 8.34 8.70 9.02 7.14 6.76 6.43 7.12 8.81 -9999 -9999 -9999 -9999 -9999 -9999 -9999 -9999 -9999 -9999 -9999 -9999 -9999 -9999 -9999 -9999 -9999 -9999 -9999 -9999 -9999 -9999 -9999 -9999 -9999 -9999 -9999 -9999 -9999 -9999
-9999 -9999 -9999 -9999 -9999 11.26 9.49 7.84 10.41 10.43 9.79 9.99 11.90 8.91 9.64 11.64 10.68 10.67 7.60 5.89 8.12 9.59 10.26 6.25 6.55 7.05 7.15 6.22 8.54 6.60 9.69 8.23 7.10 11.34 8.15 9.37 9.85 9.17 9.31 7.17 7.16 8.71 8.35 7.09 7.18 6.54 6.58 8.46 -9999 -9999 -9999 -9999 -9999 -9999 -9999 -9999 -9999 -9999 -9999 -9999 -9999 -9999 -9999 -9999 -9999 -9999 -9999 -9999 -9999 -9999 -9999 -9999 -9999 -9999 -9999 -9999 -9999 -9999
-9999 -9999 -9999 -9999 12.70 9.74 8.20 9.36 7.90 8.40 13.05 11.64 11.29 8.77 9.69 10.27 9.48 10.37 9.39 7.71 9.22 9.47 7.62 6.09 6.31 7.52 7.58 9.35 7.61 7.10 9.78 6.97 7.76 11.50 9.24 8.81 7.99 8.76 9.07 8.28 8.69 8.85 7.68 7.01 6.59 5.98 6.21 8.07 -9999 -9999 -9999 -9999 -9999 -9999 -9999 -9999 -9999 -9999 -9999 -9999 -9999 -9999 -9999 -9999 -9999 -9999 -9999 -9999 -9999 -9999 -9999 -9999 -9999 -9999 -9999 -9999 -9999 -9999
-9999 -9999 -9999 11.86 11.14 10.38 8.62 8.75 8.28 7.99 10.21 10.56 14.23 8.83 8.26 8.97 9.35 9.72 10.04 8.83 7.79 7.35 8.73 6.47 6.00 7.29 7.83 8.17 8.07 7.28 8.43 5.95 6.89 10.36 10.13 10.49 9.91 9.21 8.01 7.54 8.91 8.46 7.78 7.22 6.73 6.49 6.04 7.42 9.57 -9999 -9999 -9999 -9999 -9999 -9999 -9999 -9999 -9999 -9999 -9999 -9999 -9999 -9999 -9999 -9999 -9999 -9999 -9999 -9999 -9999 -9999 -9999 -9999 -9999 -9999 -9999 -9999 -9999
-9999 -9999 -9999 11.82 12.76 10.33 9.93 9.11 7.65 7.07 13.15 12.07 11.14 10.18 8.31 8.34 8.81 8.85 11.68 8.95 7.64 7.01 7.08 8.35 6.70 8.36 8.22 8.98 8.37 7.86 7.67 7.77 6.45 8.80 9.45 9.04 9.97 9.06 8.10 7.52 8.07 7.64 8.20 7.36 6.30 5.62 6.09 7.20 9.01 -9999 -9999 -9999 -9999 -9999 -9999 -9999 -9999 -9999 -9999 -9999 -9999 -9999 -9999 -9999 -9999 -9999 -9999 -9999 -9999 -9999 -9999 -9999 -9999 -9999 -9999 -9999 -9999 -9999
-9999 13.88 11.87 12.05 10.68 10.01 10.70 9.33 8.34 7.26 10.50 10.62 11.30 10.19 9.52 8.16 9.27 9.73 9.13 9.25 8.96 7.08 7.14 7.97 7.77 8.03 8.65 9.06 8.35 7.67 8.10 7.22 6.94 9.74 9.24 8.81 8.98 10.24 9.18 8.19 6.71 7.18 7.34 6.93 6.38 5.74 5.92 6.66 8.47 -9999 -9999 -9999 -9999 -9999 -9999 -9999 -9999 -9999 -9999 -9999 -9999 -9999 -9999 -9999 -9999 -9999 -9999 -9999 -9999 -9999 -9999 -9999 -9999 -9999 -9999 -9999 -9999 -9999
-9999 14.18 11.59 9.70 11.21 9.92 10.73 9.72 8.87 7.50 7.45 9.04 12.03 10.33 9.69 8.49 8.45 8.38 7.89 8.42 9.00 7.88 8.70 8.45 8.62 8.48 8.50 8.45 8.15 7.63 7.55 7.85 7.45 7.59 8.59 8.75 9.04 9.38 9.04 6.86 7.17 8.55 7.82 6.68 6.47 6.10 6.21 5.87 7.20 9.22 -9999 -9999 -9999 -9999 -9999 -9999 -9999 -9999 -9999 -9999 -9999 -9999 -9999 -9999 -9999 -9999 -9999 -9999 -9999 -9999 -9999 -9999 -9999 -9999 -9999 -9999 -9999 -9999
-9999 14.13 11.73 9.20 10.96 9.53 10.04 9.51 9.09 8.54 7.69 10.28 10.16 9.54 10.67 8.88 8.48 8.07 6.72 8.41 11.35 9.61 -9999 -9999 -9999 9.09 8.62 -9999 7.99 7.85 7.75 7.14 6.75 8.02 9.16 8.37 8.53 9.19 8.77 9.20 8.59 7.00 6.07 5.94 5.93 6.09 4.79 5.15 5.95 8.37 -9999 -9999 -9999 -9999 -9999 -9999 -9999 -9999 -9999 -9999 -9999 -9999 -9999 -9999 -9999 -9999 -9999 -9999 -9999 -9999 -9999 -9999 -9999 -9999 -9999 -9999 -9999 -9999
-9999 13.52 13.50 10.62 10.59 10.77 11.18 10.45 9.50 8.95 8.22 9.57 13.27 10.58 10.41 8.42 8.46 9.40 7.83 9.14 10.64 11.22 -9999 -9999 -9999 9.29 8.26 8.17 8.16 7.73 7.17 5.87 6.40 8.76 9.24 8.08 9.93 8.20 8.15 9.50 7.68 7.81 7.42 6.85 5.21 5.69 6.18 5.13 5.06 7.42 -9999 -9999 -9999 -9999 -9999 -9999 -9999 -9999 -9999 -9999 -9999 -9999 -9999 -9999 -9999 -9999 -9999 -9999 -9999 -9999 -9999 -9999 -9999 -9999 -9999 -9999 -9999 -9999
-9999 -9999 13.82 13.17 12.00 -9999 12.76 12.12 10.59 9.70 9.42 -9999 12.28 10.86 10.50 8.46 9.52 10.61 10.57 11.46 -9999 -9999 -9999 -9999 10.62 8.59 7.69 7.81 8.20 8.07 7.05 5.71 5.35 8.43 11.21 7.36 10.24 8.22 9.29 9.90 8.17 8.76 7.28 5.71 6.31 6.22 5.03 3.52 4.45 7.25 9.21 -9999 -9999 -9999 -9999 -9999 -9999 -9999 -9999 -9999 -9999 -9999 -9999 -9999 -9999 -9999 -9999 -9999 -9999 -9999 -9999 -9999 -9999 -9999 -9999 -9999 -9999 -9999
