ML/MeanWindSpeed_1996-02_Actual.txt
ncols         180
nrows         290
xllcorner     -200000
yllcorner     -200000
cellsize      5000
NODATA_value  -9999
[rows 175 to 209 of 290, columns 78 to 155 of 180]
-9999 -9999 -9999 -9999 -9999 -9999 -9999 -9999 13.44 12.35 11.28 10.58 10.36 8.81 7.87 14.41 22.03 10.35 13.36 12.85 11.67 9.58 6.81 7.19 9.71 11.71 9.49 7.35 7.95 9.16 8.60 8.73 9.90 8.70 8.05 7.52 7.69 7.84 7.73 7.98 8.15 13.75 14.70 12.36 12.57 10.30 9.68 11.10 10.92 8.72 8.30 9.51 8.75 8.10 8.84 8.37 9.51 8.89 8.77 8.57 8.51 10.03 8.99 8.87 9.08 9.07 9.70 10.24 10.36 10.57 10.95 9.64 11.66 14.13 -9999 -9999 -9999 -9999
-9999 -9999 -9999 -9999 -9999 -9999 -9999 -9999 -9999 14.57 11.74 9.96 8.43 8.28 10.72 25.78 18.01 8.42 14.31 9.09 12.35 11.77 7.85 5.98 13.11 10.33 10.76 9.15 7.74 8.04 8.25 7.52 8.55 8.90 8.38 7.86 7.40 7.67 7.49 7.38 9.74 11.33 15.46 12.79 13.52 12.44 7.83 10.29 12.32 8.97 8.86 9.41 8.52 8.37 8.63 8.48 9.71 8.91 8.77 9.17 9.11 10.05 9.86 9.31 9.24 9.25 9.53 10.17 11.50 10.28 9.49 9.52 11.22 13.77 -9999 -9999 -9999 -9999
-9999 -9999 -9999 -9999 -9999 -9999 -9999 -9999 -9999 -9999 12.16 9.46 9.64 11.97 23.46 26.24 18.28 13.37 12.51 12.76 13.76 13.63 12.97 8.58 7.61 13.54 10.28 9.20 8.78 7.89 7.88 7.93 7.96 8.35 7.76 7.18 7.35 7.40 7.29 7.69 9.28 11.92 13.24 10.81 11.09 12.89 10.51 7.59 12.27 9.21 8.97 9.47 8.47 8.45 8.36 8.97 9.80 9.15 9.04 9.29 9.00 10.66 10.02 9.62 9.57 9.53 9.94 9.87 9.90 9.49 9.34 9.69 11.75 14.06 -9999 -9999 -9999 -9999
-9999 -9999 -9999 -9999 -9999 -9999 -9999 -9999 -9999 -9999 11.57 10.15 13.07 15.96 18.90 22.98 14.36 10.17 12.43 14.81 14.65 15.24 12.93 9.23 6.50 13.83 13.05 10.24 9.61 7.85 7.65 7.93 8.84 8.29 7.76 7.34 6.80 6.65 7.18 9.48 9.84 8.34 13.72 10.94 11.63 13.39 12.85 10.28 9.29 8.60 7.31 8.88 9.50 8.32 8.23 8.17 9.02 8.91 9.44 9.44 9.33 9.95 10.73 10.30 10.28 9.96 9.90 9.69 9.40 9.29 9.83 11.04 12.97 -9999 -9999 -9999 -9999 -9999
-9999 -9999 -9999 -9999 -9999 -9999 -9999 -9999 -9999 -9999 10.63 10.88 12.91 13.45 19.66 17.77 13.01 13.23 10.70 12.10 14.96 13.04 15.45 11.87 7.46 12.65 13.75 12.96 9.46 8.41 7.40 8.21 9.34 8.79 7.72 7.01 6.57 6.95 8.65 9.24 7.89 8.04 11.64 11.33 11.13 11.09 10.12 10.01 10.76 7.12 8.08 8.40 8.04 8.41 7.92 9.00 8.32 8.84 9.41 9.61 10.03 12.27 11.44 10.78 10.41 10.24 9.98 9.70 9.47 9.59 10.93 12.73 -9999 -9999 -9999 -9999 -9999 -9999
-9999 -9999 -9999 -9999 -9999 -9999 -9999 -9999 -9999 11.87 20.04 12.20 14.13 16.81 12.27 23.14 19.44 16.79 14.22 16.78 13.03 13.29 11.34 8.69 10.09 14.76 13.21 12.62 9.22 7.86 6.97 8.65 8.82 8.17 7.63 6.77 6.68 8.25 8.20 7.88 9.11 10.31 8.26 13.26 12.31 9.19 9.95 9.06 8.18 7.95 7.04 7.14 7.44 8.49 7.92 7.42 9.28 8.76 9.28 9.88 10.52 12.35 11.44 10.81 10.62 10.17 9.95 9.49 9.33 10.47 12.22 -9999 -9999 -9999 -9999 -9999 -9999 -9999
-9999 -9999 -9999 -9999 -9999 -9999 -9999 12.54 11.87 15.76 13.81 11.57 12.69 14.41 9.98 11.89 14.18 17.20 15.78 16.93 14.33 13.79 7.23 9.57 9.68 7.60 8.87 8.56 9.31 8.14 7.34 8.46 8.78 8.52 7.58 7.42 8.59 7.84 8.61 7.75 9.42 10.18 10.01 9.12 8.27 10.06 9.50 8.83 8.60 8.30 7.95 6.63 7.70 7.47 6.79 7.22 8.03 8.58 9.27 9.53 10.46 12.15 11.28 10.48 10.41 9.92 9.63 9.28 9.68 11.14 -9999 -9999 -9999 -9999 -9999 14.18 13.60 12.95
-9999 -9999 -9999 -9999 -9999 -9999 12.59 12.09 12.03 12.55 12.40 12.28 11.52 9.29 7.78 10.20 12.52 14.40 21.28 11.83 8.53 7.64 4.31 11.47 13.44 13.10 9.97 8.78 9.23 8.79 8.24 8.62 9.23 8.57 8.14 7.98 8.63 9.00 7.58 7.60 9.58 9.70 9.27 8.83 8.93 9.32 8.16 8.63 7.46 7.34 7.92 7.25 6.73 6.27 6.65 7.79 7.78 8.20 8.81 9.35 10.09 12.13 11.38 10.33 9.92 9.56 9.36 9.17 9.60 10.81 -9999 -9999 -9999 -9999 -9999 12.64 11.62 11.13
-9999 -9999 -9999 -9999 -9999 13.35 13.93 12.84 12.86 -9999 -9999 -9999 -9999 9.58 14.98 13.07 13.30 15.31 12.02 8.55 10.81 9.35 7.37 17.86 15.77 13.01 13.76 10.51 8.32 8.83 8.88 8.40 8.54 8.41 8.04 8.55 7.92 9.29 7.81 7.70 8.37 8.97 9.21 8.99 7.90 8.05 8.00 7.81 7.24 6.89 6.59 6.47 6.44 6.75 7.45 7.57 7.63 8.54 9.34 9.64 9.86 11.05 10.82 10.52 9.55 9.32 9.13 8.92 9.09 10.07 11.90 -9999 -9999 -9999 -9999 11.40 10.42 10.08
-9999 -9999 -9999 -9999 -9999 14.91 16.45 12.95 13.68 -9999 -9999 -9999 -9999 9.95 12.88 15.03 9.56 14.25 12.35 10.22 12.53 13.82 10.12 14.94 8.09 9.87 10.34 9.37 8.18 8.37 8.73 8.52 8.76 9.31 8.19 8.81 8.44 8.44 8.93 7.80 8.19 7.55 8.49 9.50 9.88 9.76 8.03 7.29 7.04 6.85 7.26 6.59 6.93 7.58 7.99 8.90 8.24 10.31 10.33 10.53 9.65 10.25 10.23 10.05 9.21 9.23 9.09 8.82 8.76 8.98 10.17 11.30 -9999 -9999 11.88 11.13 10.47 10.59
-9999 -9999 -9999 -9999 -9999 -9999 -9999 -9999 -9999 -9999 -9999 -9999 -9999 11.02 15.34 12.91 8.78 10.97 8.22 14.40 12.55 7.20 11.13 10.79 9.17 10.19 8.55 7.97 7.33 8.73 8.57 8.90 8.61 8.13 8.03 7.97 7.85 8.10 8.66 7.92 7.71 7.97 8.34 8.09 9.05 9.33 7.30 8.62 9.55 8.10 7.93 7.48 6.68 7.89 9.07 10.13 9.74 9.19 9.71 10.47 9.84 10.27 10.03 9.96 9.07 9.18 9.13 8.96 8.75 8.44 8.78 9.59 10.67 11.09 10.60 10.55 9.66 10.62
-9999 -9999 -9999 -9999 -9999 -9999 -9999 -9999 -9999 -9999 -9999 -9999 -9999 -9999 15.56 6.34 6.38 10.18 14.34 11.87 12.88 11.83 7.25 8.48 10.00 6.58 6.90 6.43 6.87 7.50 8.24 8.43 8.48 8.13 7.73 7.56 7.96 7.87 8.49 8.25 7.76 10.00 9.23 7.90 7.86 7.93 8.07 7.91 9.07 9.24 8.46 9.59 7.84 7.76 8.68 8.22 8.63 8.89 8.88 10.26 10.16 9.83 9.54 10.02 9.20 9.25 9.16 8.95 8.83 8.77 8.81 8.82 9.33 9.65 9.65 9.54 9.66 10.83
-9999 -9999 -9999 -9999 -9999 -9999 -9999 -9999 -9999 -9999 -9999 -9999 -9999 -9999 11.00 15.23 15.59 12.70 10.48 8.58 10.51 7.62 7.57 6.00 5.56 8.46 6.34 6.27 8.60 8.20 8.12 8.06 7.49 7.49 8.13 7.95 9.26 9.14 8.73 8.20 7.70 9.82 10.67 9.10 7.98 7.63 8.01 8.11 8.24 8.65 9.33 11.66 10.13 8.18 7.88 8.30 9.40 10.54 10.58 9.98 10.50 10.10 10.01 9.78 9.44 9.42 9.27 9.21 9.09 9.02 9.04 9.08 9.22 9.35 9.61 9.62 9.50 10.49
-9999 -9999 -9999 -9999 -9999 -9999 -9999 -9999 -9999 -9999 -9999 -9999 -9999 13.30 12.51 9.25 17.72 10.83 8.05 10.01 9.15 7.21 10.36 6.75 6.43 9.60 5.84 12.93 9.44 7.37 7.73 9.28 7.70 7.37 10.58 10.31 9.50 8.21 8.65 8.51 8.10 8.96 9.57 9.10 8.25 8.00 7.91 8.04 8.62 8.47 9.77 9.64 9.05 8.52 8.23 8.99 10.02 11.07 11.03 9.86 10.10 10.44 10.43 10.04 9.68 9.52 9.46 9.39 9.29 9.15 9.15 9.20 9.13 9.24 9.90 9.93 9.66 10.05
-9999 -9999 -9999 -9999 -9999 -9999 -9999 -9999 -9999 -9999 -9999 -9999 -9999 11.60 12.25 17.61 10.08 4.85 6.84 6.87 8.80 11.54 11.14 7.90 7.54 8.00 6.27 7.66 8.96 10.35 10.15 8.12 8.25 8.12 8.66 9.51 8.28 8.06 8.87 8.73 9.14 9.62 9.17 9.27 8.79 8.32 8.11 7.92 8.13 8.37 9.37 9.76 9.17 8.05 8.52 9.93 11.38 10.66 11.33 11.20 10.66 10.31 11.12 10.11 10.17 9.73 9.64 9.40 9.33 9.26 9.14 9.10 9.11 9.15 10.15 9.96 9.49 9.72
-9999 -9999 -9999 -9999 -9999 -9999 -9999 -9999 -9999 -9999 -9999 -9999 -9999 12.65 14.85 6.91 8.36 6.68 7.78 7.95 13.62 11.28 12.70 9.15 8.00 6.21 5.47 6.99 11.07 13.30 14.61 9.03 10.70 9.03 9.24 9.24 7.58 7.86 8.45 8.85 9.33 8.74 8.89 10.25 9.33 8.33 8.24 9.44 7.93 8.53 8.98 8.86 8.32 8.04 8.85 9.62 10.27 10.45 10.43 9.71 9.85 10.58 10.89 9.65 9.50 9.69 9.58 9.45 9.24 9.01 9.02 9.00 9.02 9.11 9.50 9.38 9.58 9.50
-9999 -9999 -9999 -9999 -9999 -9999 -9999 -9999 -9999 -9999 -9999 -9999 -9999 -9999 8.98 10.19 12.05 13.91 14.53 11.60 11.99 9.72 6.30 6.10 5.53 6.84 7.31 6.89 9.05 9.94 13.71 10.97 9.47 8.83 10.37 10.03 7.65 8.73 7.93 8.31 10.85 8.81 8.58 8.49 8.73 8.07 8.09 9.82 9.15 8.45 9.08 8.65 8.37 8.76 9.67 9.34 9.43 9.12 9.98 9.22 10.60 10.76 9.77 9.44 9.97 9.76 9.30 9.16 8.96 8.89 8.92 8.92 8.96 8.98 9.08 9.16 9.43 9.43
-9999 -9999 -9999 -9999 -9999 -9999 -9999 -9999 -9999 -9999 -9999 -9999 -9999 -9999 10.38 11.64 12.68 14.45 17.05 15.15 11.14 7.98 6.15 8.03 10.50 12.64 14.65 11.11 8.87 9.92 11.42 10.75 8.44 11.63 10.47 10.33 8.65 9.55 8.40 8.15 8.96 10.31 9.72 8.85 8.25 7.92 8.34 9.43 9.16 8.72 8.81 9.27 9.50 9.74 10.22 9.43 9.20 10.59 10.70 10.67 10.41 10.74 9.72 9.96 10.46 9.31 9.01 8.93 8.82 8.88 8.85 8.81 8.85 8.87 8.97 8.94 8.85 8.70
-9999 -9999 -9999 -9999 -9999 -9999 -9999 -9999 -9999 -9999 -9999 -9999 -9999 11.07 8.76 10.17 13.23 14.31 12.97 12.25 9.65 10.59 15.71 12.35 12.61 12.60 10.39 9.42 10.48 11.25 9.59 8.87 9.66 11.55 11.23 10.41 8.60 9.85 8.08 8.21 9.96 9.15 9.49 9.41 8.51 7.93 8.24 9.41 9.27 8.45 8.80 8.85 8.83 9.78 9.40 10.61 9.99 10.77 10.00 10.41 10.64 9.74 9.51 10.41 10.24 9.08 8.90 9.14 8.84 8.95 8.92 8.98 8.90 8.80 8.78 8.61 9.00 9.32
-9999 -9999 -9999 -9999 -9999 -9999 -9999 -9999 -9999 -9999 -9999 -9999 -9999 13.24 10.68 9.60 9.88 12.07 16.12 14.98 13.00 10.86 11.71 13.55 14.92 14.89 10.49 12.87 14.14 9.65 12.26 8.03 9.09 11.17 13.15 9.18 9.54 8.14 7.49 7.98 8.94 12.02 10.08 9.85 9.14 8.66 8.69 9.13 8.86 8.33 8.57 8.54 8.56 8.63 10.11 10.71 10.69 11.35 10.29 9.84 9.93 9.51 9.93 10.47 10.12 9.49 9.74 9.37 9.61 9.10 9.05 9.24 9.20 8.80 8.60 8.39 8.41 9.33
-9999 -9999 -9999 -9999 -9999 -9999 -9999 -9999 -9999 -9999 -9999 -9999 -9999 11.47 10.05 6.67 8.40 11.61 16.32 13.65 13.57 10.57 12.97 12.49 10.90 11.86 12.76 12.51 10.80 9.31 9.93 12.94 8.96 9.06 9.28 9.19 10.71 9.07 7.46 7.88 8.88 9.43 9.24 10.18 9.59 9.04 9.17 8.52 7.96 8.56 8.85 9.03 8.45 9.20 10.68 10.78 9.87 10.11 11.09 10.04 10.42 9.38 10.43 10.60 9.72 9.55 9.65 8.89 9.06 8.92 8.96 9.03 8.85 8.64 8.51 8.33 8.72 8.24
-9999 -9999 -9999 -9999 -9999 -9999 -9999 -9999 -9999 -9999 -9999 -9999 11.19 11.74 13.52 10.29 7.96 12.25 13.43 15.22 14.78 8.87 9.64 9.02 10.83 12.71 10.88 10.84 13.02 11.16 10.25 9.77 8.66 7.99 8.33 9.34 9.19 8.78 8.40 7.92 7.93 8.91 9.32 8.61 9.15 8.74 9.39 8.47 8.30 8.43 8.06 8.01 8.40 9.80 9.83 10.04 9.38 10.35 10.57 10.23 9.45 10.41 10.51 10.56 10.71 10.15 9.49 9.18 8.87 8.93 8.97 8.81 8.65 8.41 8.24 8.32 8.70 8.68
-9999 -9999 -9999 -9999 -9999 -9999 -9999 -9999 -9999 -9999 -9999 12.95 12.11 12.37 9.92 7.77 11.19 14.75 14.98 12.12 13.66 9.16 10.91 9.51 9.12 16.51 11.51 12.48 10.29 10.43 8.94 8.73 9.02 10.25 9.02 11.05 9.08 9.42 7.90 7.67 8.00 8.49 8.91 8.56 8.77 9.09 9.20 7.68 8.29 8.20 8.42 8.61 8.98 9.75 9.07 10.02 9.54 9.93 9.23 9.26 10.66 11.12 10.58 10.75 10.59 9.58 9.91 9.75 9.52 9.33 8.91 8.59 8.28 8.46 8.41 9.16 9.42 9.65
-9999 -9999 -9999 -9999 -9999 -9999 -9999 -9999 -9999 15.31 13.05 11.09 8.64 8.05 8.43 8.52 12.10 13.30 14.38 15.36 12.70 9.99 6.19 9.99 9.69 14.67 11.89 10.98 11.08 9.41 9.02 7.99 9.16 11.20 10.34 10.35 7.94 8.19 7.98 7.99 8.79 8.49 8.98 8.22 8.39 8.66 7.92 7.69 8.01 8.99 8.80 9.74 10.46 9.93 9.41 8.93 8.78 9.75 10.42 10.18 10.68 9.81 10.70 10.81 10.06 9.20 9.19 10.01 9.68 9.58 8.60 8.28 8.05 8.34 9.47 9.95 9.70 10.60
-9999 -9999 -9999 -9999 -9999 15.23 14.15 12.66 16.05 15.59 14.97 14.17 10.61 9.31 8.27 13.38 11.18 13.00 12.56 11.66 7.83 6.43 4.84 7.58 8.29 16.36 14.65 11.99 9.58 10.03 9.33 11.17 8.23 10.35 10.66 10.03 9.01 8.01 7.57 8.69 8.20 7.63 9.19 8.03 7.95 7.50 7.85 8.43 9.02 8.17 9.26 8.93 9.45 10.46 10.23 9.91 9.66 10.29 10.41 10.10 9.81 10.77 9.74 9.63 9.45 9.07 9.77 9.88 9.79 8.93 8.21 8.26 8.54 9.74 9.95 9.52 10.39 9.53
-9999 -9999 -9999 -9999 16.20 13.45 13.98 13.01 12.19 13.93 12.79 12.75 9.72 7.77 11.40 11.78 11.94 7.44 12.96 8.26 5.30 10.96 7.82 5.06 14.08 12.65 11.40 7.04 7.48 8.58 12.19 8.90 8.33 8.45 8.71 10.49 9.80 9.49 8.02 8.29 7.68 7.56 8.66 8.09 7.50 7.51 8.02 8.82 8.59 10.67 8.80 8.60 9.16 10.05 9.37 9.29 8.90 9.16 9.89 9.76 10.53 9.91 9.34 9.43 9.68 9.03 9.23 9.16 8.44 8.15 8.06 8.24 8.59 9.17 10.15 10.13 10.20 9.80
-9999 -9999 -9999 15.33 14.58 11.10 10.60 10.83 11.92 11.27 11.70 10.25 10.29 14.65 10.91 8.75 12.23 5.04 7.78 7.46 10.97 10.09 11.20 9.32 10.02 9.07 5.98 11.68 11.79 8.11 8.83 8.34 8.07 8.74 8.17 8.43 10.16 10.36 7.78 7.48 7.50 8.05 7.50 6.89 7.22 10.20 8.26 8.16 8.83 9.78 9.17 8.69 9.39 9.99 9.88 10.36 9.66 8.81 8.79 8.86 10.02 9.66 9.07 9.98 9.75 8.99 9.02 8.71 8.35 8.54 8.61 8.70 9.11 9.27 10.15 9.41 9.24 9.62
15.35 12.89 14.73 11.87 11.64 12.37 11.30 10.76 13.15 11.74 11.59 11.12 13.73 12.64 10.03 10.48 9.10 6.04 5.57 9.47 10.04 8.29 8.74 11.38 8.64 5.49 11.45 13.44 10.80 11.16 8.47 8.88 8.06 8.53 10.83 8.51 10.94 8.82 7.59 7.30 7.58 9.37 6.70 7.07 11.53 8.68 8.30 8.33 9.07 10.17 8.77 8.91 9.33 8.99 9.57 9.52 8.91 8.45 8.86 8.52 9.07 9.50 9.45 8.95 8.57 8.36 8.35 8.84 10.36 9.52 10.43 9.76 8.68 10.11 9.91 10.02 9.65 9.41
11.42 10.96 14.17 17.72 16.38 15.69 12.06 13.28 15.10 13.47 12.68 14.80 12.34 11.06 13.01 8.67 5.15 5.34 5.53 8.75 8.66 8.21 7.74 7.86 6.87 9.24 19.95 15.38 11.40 8.77 9.48 8.85 10.71 8.83 9.41 8.28 8.35 8.24 8.03 7.37 7.13 7.21 6.67 10.54 11.28 10.36 8.83 8.41 11.42 9.77 8.93 9.17 8.73 9.52 9.39 9.01 8.08 9.18 8.76 8.11 10.02 9.74 8.48 8.26 8.24 8.15 8.82 9.97 10.42 10.12 10.66 9.86 9.38 10.24 10.09 9.40 9.72 9.54
10.14 10.79 12.48 13.17 12.49 11.03 13.23 11.75 13.80 10.08 11.33 14.03 12.69 10.08 10.56 5.92 4.65 8.20 9.16 7.77 6.08 8.50 5.32 4.87 5.38 11.72 16.18 16.99 9.23 10.07 10.33 10.62 9.61 7.97 9.48 8.73 8.63 7.90 8.06 6.73 6.45 7.66 7.62 10.73 10.62 9.86 8.48 9.43 11.29 10.52 9.88 9.22 9.39 9.17 8.63 8.15 8.11 8.60 9.01 8.60 8.48 8.42 8.14 9.38 10.15 8.52 8.94 9.96 10.37 9.80 10.35 10.22 10.15 10.19 9.41 9.57 9.39 9.42
11.24 10.15 11.14 10.93 11.61 10.75 10.82 12.13 10.42 11.18 9.42 9.07 8.73 7.94 6.96 8.98 7.26 11.28 18.30 8.34 8.46 8.93 14.08 13.84 5.17 5.72 18.27 13.76 11.24 11.84 13.12 10.56 8.09 7.21 9.88 10.25 8.67 7.70 7.15 6.47 6.44 8.00 11.07 11.53 10.04 9.38 8.95 8.82 9.04 10.22 9.34 9.04 8.66 8.12 7.71 7.61 8.67 8.39 8.09 8.13 7.30 7.62 8.74 8.72 9.62 8.96 9.07 9.24 9.57 10.15 10.36 10.30 10.23 10.33 9.27 8.90 9.42 9.33
10.35 9.62 10.83 9.73 10.26 10.20 10.28 9.07 8.94 9.90 8.90 10.54 8.91 11.22 7.21 10.58 12.82 12.79 14.13 14.80 11.57 13.95 16.34 10.34 12.66 11.12 6.26 12.80 12.81 8.93 9.58 7.57 9.56 9.25 12.68 11.52 8.57 7.61 6.73 6.43 7.84 11.44 9.97 11.92 10.05 9.55 10.29 9.07 10.60 8.93 9.07 8.42 8.00 7.66 7.80 7.71 7.67 7.24 7.06 6.78 7.15 8.51 9.61 9.08 8.45 9.27 8.71 9.88 9.10 9.07 9.35 9.61 9.87 9.93 9.64 8.70 9.18 9.13
11.19 9.82 9.38 11.10 12.42 14.30 12.70 10.82 9.71 8.65 9.12 12.40 8.98 10.38 6.91 9.32 10.04 9.12 7.74 10.66 9.64 12.84 13.38 15.89 13.29 14.05 12.49 17.48 10.56 9.13 8.59 9.75 9.05 12.00 11.46 11.79 7.97 7.33 6.62 10.82 11.66 11.41 11.93 9.77 10.26 10.37 10.01 9.05 9.04 8.96 8.47 8.05 7.87 7.63 8.14 8.00 8.02 7.11 6.29 6.41 7.56 9.73 7.98 8.67 8.91 8.52 8.47 8.71 8.44 8.66 9.25 8.86 9.46 9.49 9.20 9.08 9.10 8.48
11.87 10.41 9.78 10.03 12.15 12.51 13.27 12.10 11.01 10.09 9.40 9.83 12.65 8.37 12.92 11.77 11.76 12.95 10.81 8.01 8.30 10.97 10.23 12.85 12.77 10.73 15.53 15.32 8.74 9.85 7.36 8.26 10.50 11.49 10.83 9.83 7.68 7.01 8.99 8.47 10.85 10.74 9.99 10.30 9.88 9.38 9.35 8.44 8.07 8.02 7.89 9.52 7.82 8.53 7.65 7.25 6.30 5.83 6.04 7.30 9.05 8.73 8.33 8.58 8.56 8.38 8.65 9.18 9.68 8.14 9.11 10.01 9.21 8.85 9.19 8.20 8.46 9.28
11.88 11.20 11.72 12.80 14.40 -9999 -9999 -9999 -9999 11.84 11.15 11.89 9.11 7.78 9.53 9.88 9.60 8.90 4.86 15.22 15.85 10.33 9.18 9.78 12.09 13.15 14.90 11.17 9.16 7.97 7.01 11.94 10.57 12.57 9.09 8.55 7.78 7.52 10.19 8.56 10.71 10.58 9.56 9.57 9.18 8.74 8.22 7.87 7.74 7.84 7.83 9.06 8.01 8.35 8.26 7.32 6.46 5.88 7.55 7.57 8.50 8.76 8.76 7.26 7.65 7.83 9.19 9.67 9.35 7.92 8.80 9.63 9.38 8.80 9.50 8.85 8.50 8.70
