ML/MeanWindSpeed_1993-04_Actual.txt
ncols         180
nrows         290
xllcorner     -200000
yllcorner     -200000
cellsize      5000
NODATA_value  -9999
[rows 175 to 209 of 290, columns 78 to 155 of 180]
-9999 -9999 -9999 -9999 -9999 -9999 -9999 -9999 12.80 12.13 11.30 10.46 9.37 7.01 5.59 9.59 14.18 7.56 9.60 9.32 8.78 7.45 5.68 6.16 7.91 9.15 7.91 6.71 7.16 7.89 7.48 7.74 8.78 8.49 8.51 8.43 8.61 8.64 8.34 8.00 7.88 11.35 11.83 10.61 10.83 9.20 8.97 10.06 9.80 8.37 8.10 8.89 8.53 8.20 8.70 8.51 9.33 9.08 9.09 9.03 9.09 10.02 9.30 9.15 9.13 8.95 9.25 9.56 9.54 9.64 9.84 9.02 10.23 11.71 -9999 -9999 -9999 -9999
-9999 -9999 -9999 -9999 -9999 -9999 -9999 -9999 -9999 13.44 11.41 9.52 7.20 5.47 6.44 16.23 11.80 6.16 9.94 6.86 8.98 8.77 6.23 5.28 10.03 8.34 8.53 7.67 6.96 7.20 7.23 6.86 7.86 8.50 8.57 8.48 8.30 8.42 8.06 7.59 8.86 10.06 12.44 10.88 11.49 10.56 7.62 9.36 10.55 8.37 8.28 8.66 8.16 8.10 8.37 8.44 9.34 8.94 8.92 9.20 9.25 9.90 9.76 9.32 9.10 8.93 9.00 9.44 10.22 9.44 8.92 8.89 9.90 11.43 -9999 -9999 -9999 -9999
-9999 -9999 -9999 -9999 -9999 -9999 -9999 -9999 -9999 -9999 11.11 8.35 7.05 7.38 14.31 16.85 12.15 8.81 8.56 8.98 9.84 10.02 9.45 6.76 6.64 10.29 8.21 7.62 7.53 7.08 7.05 7.14 7.53 8.16 8.13 7.99 8.17 8.09 7.86 7.98 8.77 10.59 11.38 9.70 9.91 10.86 9.19 7.58 10.40 8.32 8.13 8.49 7.93 7.96 8.03 8.60 9.25 8.90 8.86 9.04 9.00 10.18 9.77 9.28 9.03 8.91 9.13 9.16 9.19 8.90 8.77 8.92 10.13 11.54 -9999 -9999 -9999 -9999
-9999 -9999 -9999 -9999 -9999 -9999 -9999 -9999 -9999 -9999 10.00 8.16 8.78 10.30 12.33 15.40 9.94 6.56 8.09 9.92 10.21 11.05 9.83 7.34 5.81 10.44 9.93 8.35 8.10 7.02 6.90 7.21 8.14 8.22 8.18 8.09 7.76 7.52 7.81 9.24 9.25 8.44 11.79 9.85 10.17 11.18 10.69 9.24 8.66 7.92 7.01 8.01 8.44 7.79 7.87 8.04 8.64 8.55 8.81 8.68 8.53 8.90 9.26 8.96 9.00 8.90 8.96 8.93 8.78 8.67 8.95 9.65 10.80 -9999 -9999 -9999 -9999 -9999
-9999 -9999 -9999 -9999 -9999 -9999 -9999 -9999 -9999 -9999 9.04 8.65 9.44 9.56 13.30 12.35 9.09 8.55 7.16 8.54 10.68 10.02 11.69 9.12 6.24 9.75 10.65 10.26 8.17 7.39 6.79 7.50 8.54 8.57 8.18 7.87 7.59 7.80 8.80 9.23 8.25 8.24 10.58 10.32 10.03 9.92 9.23 9.10 9.50 7.06 7.48 7.76 7.56 7.84 7.68 8.46 8.09 8.31 8.45 8.22 8.05 9.13 8.68 8.53 8.63 8.79 8.82 8.76 8.65 8.71 9.48 10.57 -9999 -9999 -9999 -9999 -9999 -9999
-9999 -9999 -9999 -9999 -9999 -9999 -9999 -9999 -9999 10.35 14.79 10.09 11.08 12.24 9.20 15.22 12.70 10.75 9.59 11.97 10.34 10.85 9.62 7.51 7.95 11.20 10.69 10.40 8.26 7.26 6.74 7.99 8.42 8.25 8.10 7.69 7.66 8.68 8.63 8.50 9.15 9.69 8.65 11.69 10.91 8.96 9.34 8.61 7.90 7.59 6.93 7.05 7.28 7.96 7.66 7.42 8.55 8.10 8.12 8.07 8.09 9.07 8.60 8.38 8.57 8.61 8.69 8.53 8.46 9.15 10.18 -9999 -9999 -9999 -9999 -9999 -9999 -9999
-9999 -9999 -9999 -9999 -9999 -9999 -9999 11.12 10.65 13.00 11.69 10.45 11.15 11.71 8.13 8.59 9.87 11.52 11.01 12.53 11.66 11.46 7.35 8.54 8.60 7.64 8.62 8.35 8.59 7.71 7.21 8.09 8.52 8.43 7.96 8.02 8.84 8.52 8.99 8.48 9.48 9.87 9.83 9.27 8.59 9.50 9.13 8.52 8.15 7.85 7.56 6.80 7.46 7.33 6.93 7.24 7.69 7.84 7.97 7.78 8.12 9.08 8.58 8.24 8.47 8.45 8.48 8.37 8.63 9.50 -9999 -9999 -9999 -9999 -9999 11.39 11.05 10.67
-9999 -9999 -9999 -9999 -9999 -9999 11.41 11.13 11.11 11.52 11.43 11.45 10.81 8.92 7.32 8.23 9.56 10.92 15.39 10.23 8.60 7.93 5.93 10.41 11.72 11.71 9.85 8.81 8.76 8.32 7.95 8.28 8.76 8.37 8.12 8.23 8.88 9.27 8.39 8.36 9.65 9.76 9.43 9.06 8.98 9.03 8.29 8.42 7.49 7.31 7.61 7.20 6.86 6.56 6.82 7.50 7.43 7.53 7.68 7.79 8.15 9.36 8.91 8.38 8.34 8.33 8.35 8.31 8.56 9.26 -9999 -9999 -9999 -9999 -9999 10.40 9.83 9.53
-9999 -9999 -9999 -9999 -9999 11.93 12.33 11.76 11.83 -9999 -9999 -9999 -9999 8.83 11.77 10.27 10.62 12.36 10.46 8.62 10.32 9.56 8.60 15.19 14.00 12.26 12.50 10.11 8.42 8.51 8.47 8.18 8.32 8.25 7.97 8.47 8.43 9.44 8.54 8.43 8.90 9.26 9.32 9.11 8.33 8.30 8.20 7.96 7.38 7.08 6.85 6.70 6.63 6.81 7.25 7.25 7.23 7.71 8.14 8.28 8.41 9.13 8.99 8.83 8.34 8.30 8.26 8.15 8.22 8.79 9.86 -9999 -9999 -9999 -9999 9.73 9.22 9.02
-9999 -9999 -9999 -9999 -9999 13.02 13.97 11.95 12.34 -9999 -9999 -9999 -9999 8.84 10.79 11.82 8.53 11.77 10.88 9.97 11.83 13.15 11.31 14.55 10.36 11.08 10.98 9.72 8.49 8.38 8.47 8.29 8.45 8.78 8.08 8.55 8.59 8.80 9.16 8.48 8.72 8.22 8.68 9.26 9.47 9.36 8.17 7.60 7.28 7.05 7.21 6.70 6.86 7.29 7.52 8.00 7.56 8.84 8.93 9.11 8.66 9.07 9.03 8.86 8.34 8.36 8.28 8.11 8.02 8.12 8.81 9.48 -9999 -9999 10.03 9.70 9.41 9.49
-9999 -9999 -9999 -9999 -9999 -9999 -9999 -9999 -9999 -9999 -9999 -9999 -9999 9.65 12.61 10.89 7.90 9.66 8.78 13.03 12.50 9.88 12.67 12.72 11.53 11.68 10.18 9.02 7.99 8.60 8.39 8.57 8.41 8.11 7.99 7.96 8.05 8.39 8.81 8.39 8.29 8.38 8.48 8.32 8.94 9.01 7.58 8.28 8.78 7.81 7.62 7.22 6.68 7.49 8.24 8.82 8.53 8.25 8.68 9.26 8.96 9.29 9.12 9.00 8.38 8.41 8.35 8.21 8.03 7.81 7.98 8.47 9.17 9.59 9.46 9.52 9.05 9.61
-9999 -9999 -9999 -9999 -9999 -9999 -9999 -9999 -9999 -9999 -9999 -9999 -9999 -9999 12.74 6.99 6.76 9.72 12.87 12.03 13.20 12.92 10.34 11.16 11.91 9.40 9.05 8.05 7.75 7.89 8.18 8.29 8.34 8.13 7.75 7.63 8.02 8.15 8.58 8.35 8.07 9.48 9.03 8.27 8.24 8.17 8.07 7.85 8.46 8.47 8.01 8.67 7.57 7.55 8.12 7.78 7.98 8.17 8.26 9.23 9.24 9.08 8.87 9.08 8.51 8.50 8.41 8.25 8.14 8.07 8.07 8.11 8.53 8.92 9.08 9.06 9.14 9.82
-9999 -9999 -9999 -9999 -9999 -9999 -9999 -9999 -9999 -9999 -9999 -9999 -9999 -9999 9.67 12.22 12.65 11.51 10.72 10.31 11.99 10.43 10.35 9.38 8.94 10.21 8.38 7.80 8.73 8.20 8.05 8.03 7.60 7.54 7.87 7.83 8.77 8.86 8.66 8.21 7.84 9.22 9.84 8.94 8.24 7.99 8.11 8.07 8.06 8.17 8.59 10.06 9.09 7.87 7.62 7.76 8.39 9.17 9.29 9.07 9.47 9.23 9.08 8.89 8.64 8.60 8.49 8.44 8.34 8.29 8.31 8.40 8.61 8.88 9.16 9.16 9.04 9.63
-9999 -9999 -9999 -9999 -9999 -9999 -9999 -9999 -9999 -9999 -9999 -9999 -9999 11.06 10.63 8.97 14.32 10.39 8.94 10.59 10.70 9.83 11.74 9.53 9.17 10.51 7.80 11.66 9.05 7.55 7.69 8.66 7.58 7.30 9.30 9.31 8.95 8.27 8.55 8.39 8.09 8.75 9.20 8.88 8.35 8.18 8.07 8.09 8.40 8.27 9.06 9.02 8.54 8.03 7.73 8.11 8.76 9.53 9.58 9.00 9.19 9.32 9.26 9.02 8.77 8.66 8.62 8.57 8.50 8.43 8.46 8.58 8.63 8.85 9.36 9.36 9.13 9.36
-9999 -9999 -9999 -9999 -9999 -9999 -9999 -9999 -9999 -9999 -9999 -9999 -9999 10.19 10.92 14.38 9.73 6.54 7.75 8.08 9.83 11.98 11.81 9.86 9.50 9.26 7.68 8.15 8.70 9.39 9.12 7.93 7.91 7.83 8.32 9.00 8.32 8.18 8.66 8.51 8.72 9.12 8.96 9.03 8.70 8.37 8.22 8.03 8.11 8.31 8.96 9.22 8.65 7.70 7.83 8.69 9.69 9.38 9.83 9.75 9.38 9.13 9.62 9.01 9.02 8.77 8.73 8.58 8.54 8.53 8.50 8.56 8.65 8.79 9.48 9.37 9.01 9.13
-9999 -9999 -9999 -9999 -9999 -9999 -9999 -9999 -9999 -9999 -9999 -9999 -9999 11.07 12.38 7.54 8.08 6.79 7.64 8.36 12.43 11.48 12.34 10.11 9.26 7.78 6.67 7.36 9.74 11.06 11.83 8.46 9.40 8.39 8.72 8.94 7.96 8.01 8.36 8.67 8.90 8.55 8.72 9.64 9.05 8.31 8.22 8.93 8.02 8.43 8.73 8.62 8.10 7.72 8.11 8.65 9.13 9.31 9.26 8.77 8.83 9.28 9.47 8.71 8.59 8.74 8.68 8.61 8.50 8.40 8.45 8.53 8.61 8.75 9.05 8.98 9.04 8.95
-9999 -9999 -9999 -9999 -9999 -9999 -9999 -9999 -9999 -9999 -9999 -9999 -9999 -9999 8.20 8.76 9.54 10.61 11.32 10.34 11.17 10.15 8.05 7.67 7.10 7.67 7.70 7.32 8.54 9.25 11.50 9.73 8.76 8.32 9.46 9.40 7.96 8.54 8.03 8.32 9.85 8.64 8.59 8.63 8.73 8.08 8.00 9.11 8.74 8.38 8.75 8.39 8.07 8.20 8.75 8.59 8.67 8.45 8.90 8.43 9.28 9.39 8.78 8.57 8.87 8.76 8.48 8.40 8.31 8.33 8.39 8.46 8.54 8.61 8.70 8.75 8.85 8.78
-9999 -9999 -9999 -9999 -9999 -9999 -9999 -9999 -9999 -9999 -9999 -9999 -9999 -9999 8.74 9.11 9.61 10.99 12.98 12.44 10.17 8.36 7.22 8.17 9.47 10.72 11.99 9.87 8.69 9.52 10.37 9.65 8.15 10.15 9.59 9.51 8.49 9.11 8.39 8.20 8.67 9.52 9.28 8.87 8.51 8.07 8.08 8.92 8.79 8.51 8.53 8.70 8.70 8.80 9.08 8.57 8.41 9.20 9.26 9.26 9.13 9.32 8.66 8.82 9.15 8.45 8.25 8.22 8.19 8.29 8.32 8.36 8.44 8.50 8.56 8.52 8.40 8.26
-9999 -9999 -9999 -9999 -9999 -9999 -9999 -9999 -9999 -9999 -9999 -9999 -9999 9.44 7.62 8.25 10.20 11.06 10.59 10.41 8.81 9.36 12.43 10.46 10.66 10.66 9.46 8.90 9.57 10.27 9.25 8.44 8.93 10.26 10.18 9.62 8.45 9.30 8.19 8.16 9.30 8.87 9.12 9.18 8.67 8.33 8.28 9.06 8.96 8.37 8.52 8.46 8.32 8.81 8.54 9.22 8.82 9.27 8.79 9.07 9.23 8.61 8.40 8.98 8.91 8.22 8.12 8.31 8.18 8.30 8.33 8.43 8.43 8.40 8.37 8.22 8.42 8.59
-9999 -9999 -9999 -9999 -9999 -9999 -9999 -9999 -9999 -9999 -9999 -9999 -9999 10.67 8.80 8.08 8.18 9.70 12.32 11.80 10.68 9.58 10.22 11.43 12.31 12.15 9.54 11.07 11.75 9.14 10.73 7.92 8.58 10.15 11.43 8.95 9.11 8.32 7.81 7.97 8.66 10.60 9.50 9.42 9.03 8.74 8.73 9.03 8.79 8.35 8.43 8.34 8.19 8.12 9.01 9.32 9.26 9.66 8.97 8.71 8.69 8.32 8.50 8.87 8.69 8.31 8.50 8.38 8.59 8.35 8.38 8.57 8.58 8.36 8.20 8.00 7.96 8.53
-9999 -9999 -9999 -9999 -9999 -9999 -9999 -9999 -9999 -9999 -9999 -9999 -9999 9.45 8.46 6.25 7.11 9.21 12.38 11.11 11.24 9.73 11.50 11.14 10.04 10.35 10.86 10.89 9.78 8.89 9.37 11.06 8.67 8.91 8.98 8.90 9.88 8.93 7.90 8.01 8.67 9.11 8.98 9.59 9.28 8.96 9.05 8.67 8.21 8.46 8.56 8.57 8.09 8.50 9.45 9.45 8.82 8.95 9.46 8.71 8.79 8.05 8.64 8.80 8.32 8.26 8.38 8.02 8.19 8.18 8.30 8.40 8.32 8.19 8.05 7.89 8.07 7.78
-9999 -9999 -9999 -9999 -9999 -9999 -9999 -9999 -9999 -9999 -9999 -9999 9.23 9.68 10.65 8.28 6.68 9.60 10.92 12.50 12.51 9.31 9.89 9.05 9.91 10.91 9.76 9.81 11.14 10.04 9.60 9.26 8.55 8.16 8.37 8.99 9.03 8.78 8.50 8.12 8.18 8.86 9.06 8.64 8.95 8.73 9.14 8.56 8.33 8.33 8.02 7.87 8.05 8.88 8.97 9.07 8.56 9.08 9.08 8.68 8.07 8.58 8.61 8.67 8.79 8.52 8.23 8.13 8.04 8.17 8.29 8.23 8.12 7.93 7.74 7.77 8.01 8.01
-9999 -9999 -9999 -9999 -9999 -9999 -9999 -9999 -9999 -9999 -9999 10.04 9.82 10.22 8.49 6.75 8.78 11.45 12.32 11.30 12.70 10.02 10.83 9.39 8.89 13.29 10.23 10.92 9.67 9.69 8.71 8.47 8.56 9.31 8.67 9.99 8.97 9.16 8.18 8.00 8.16 8.55 8.81 8.57 8.67 8.88 8.91 7.92 8.21 8.09 8.13 8.21 8.46 8.93 8.53 9.07 8.65 8.79 8.19 8.02 8.72 8.95 8.65 8.78 8.65 8.04 8.31 8.35 8.37 8.40 8.22 8.03 7.76 7.78 7.68 8.13 8.34 8.52
-9999 -9999 -9999 -9999 -9999 -9999 -9999 -9999 -9999 11.14 9.92 9.03 7.99 7.69 7.64 7.53 9.86 11.33 12.79 14.10 12.72 10.71 8.06 9.81 9.41 12.39 10.72 10.18 10.26 9.17 8.76 7.94 8.62 9.92 9.51 9.63 8.24 8.36 8.22 8.20 8.61 8.49 8.80 8.33 8.41 8.53 7.99 7.79 7.94 8.43 8.26 8.86 9.34 9.06 8.73 8.38 8.15 8.63 8.91 8.62 8.73 8.14 8.74 8.82 8.30 7.77 7.84 8.51 8.49 8.55 7.99 7.75 7.49 7.60 8.26 8.57 8.48 9.08
-9999 -9999 -9999 -9999 -9999 11.48 10.64 9.47 11.38 11.19 11.13 11.02 9.14 8.36 7.78 11.13 10.35 12.42 12.85 12.65 10.23 8.90 7.33 8.54 8.87 13.80 12.56 10.63 9.12 9.42 8.94 9.92 8.17 9.53 9.78 9.51 8.87 8.21 7.98 8.62 8.23 7.89 8.91 8.20 8.03 7.66 7.84 8.14 8.44 7.92 8.59 8.42 8.74 9.36 9.17 8.89 8.64 8.98 8.92 8.61 8.32 8.82 8.18 8.08 7.91 7.70 8.26 8.54 8.62 8.16 7.67 7.62 7.69 8.41 8.55 8.36 8.95 8.51
-9999 -9999 -9999 -9999 11.99 10.15 10.31 9.61 9.10 10.37 10.07 10.21 8.51 7.56 10.05 10.87 11.69 9.89 13.54 10.57 8.62 11.77 9.43 7.43 12.87 11.88 10.55 7.54 7.76 8.47 10.69 8.67 8.33 8.44 8.53 9.68 9.32 9.12 8.26 8.40 7.94 7.82 8.53 8.07 7.56 7.55 7.87 8.30 8.18 9.52 8.39 8.33 8.68 9.17 8.72 8.61 8.31 8.40 8.67 8.48 8.86 8.36 7.95 8.01 8.13 7.80 8.07 8.16 7.78 7.62 7.50 7.55 7.72 8.10 8.74 8.77 8.87 8.69
-9999 -9999 -9999 11.42 10.96 8.82 8.46 8.56 9.25 9.09 9.50 8.73 9.05 11.99 10.24 9.81 12.46 8.49 10.10 9.71 11.73 11.23 11.83 10.50 10.64 9.42 6.93 10.26 10.39 8.26 8.74 8.34 8.14 8.62 8.18 8.41 9.60 9.72 8.07 7.82 7.86 8.11 7.67 7.10 7.24 9.15 7.99 7.91 8.42 9.09 8.72 8.43 8.84 9.17 9.11 9.38 8.89 8.29 8.13 8.05 8.61 8.24 7.83 8.41 8.27 7.88 7.96 7.85 7.63 7.75 7.77 7.82 8.05 8.18 8.76 8.32 8.23 8.50
11.99 10.36 11.27 9.37 9.25 9.72 8.99 8.68 10.23 9.49 9.48 9.44 11.40 11.09 10.12 11.21 10.71 8.81 8.53 10.92 11.26 10.28 10.63 11.84 9.30 6.71 9.96 11.20 9.74 10.07 8.48 8.61 8.05 8.47 9.77 8.48 10.15 8.87 7.96 7.69 7.87 8.69 6.85 7.12 10.01 8.48 8.24 8.28 8.77 9.52 8.61 8.61 8.87 8.67 9.01 8.95 8.50 8.15 8.25 7.93 8.19 8.34 8.22 7.89 7.63 7.51 7.48 7.80 8.73 8.30 8.89 8.48 7.83 8.69 8.56 8.60 8.35 8.24
9.45 8.98 10.89 13.08 12.34 11.86 9.50 10.33 11.57 10.69 10.41 11.92 10.87 10.56 12.12 9.79 7.77 7.89 8.22 10.38 10.51 10.16 9.65 9.04 7.55 8.71 15.22 12.59 10.25 8.52 8.90 8.57 9.64 8.63 8.98 8.33 8.57 8.56 8.30 7.76 7.56 7.30 6.74 9.40 10.29 9.97 9.05 8.73 10.52 9.49 8.79 8.84 8.59 9.09 9.00 8.71 8.05 8.65 8.26 7.78 8.94 8.69 7.79 7.64 7.54 7.39 7.77 8.52 8.83 8.73 9.11 8.62 8.32 8.81 8.64 8.16 8.31 8.22
8.91 9.21 10.27 10.75 10.35 9.44 10.74 9.98 11.35 9.13 10.00 11.79 11.31 9.99 10.39 7.58 6.76 9.13 10.14 9.61 8.68 10.00 7.75 6.81 6.32 10.11 13.34 14.05 9.07 9.32 9.50 9.71 9.02 8.05 8.99 8.56 8.72 8.32 8.28 7.21 6.83 7.54 7.63 9.98 10.48 10.24 9.30 9.72 10.68 10.00 9.41 8.91 9.04 8.94 8.57 8.24 8.14 8.42 8.65 8.30 8.15 7.97 7.66 8.40 8.79 7.73 7.97 8.66 8.99 8.71 9.05 8.94 8.86 8.85 8.22 8.25 8.11 8.13
9.79 9.23 9.94 9.83 10.15 9.66 9.76 10.72 9.88 10.27 9.22 9.09 8.89 8.36 7.69 8.73 7.71 10.63 15.24 9.25 9.22 9.60 12.70 12.11 6.37 6.72 14.78 12.09 10.32 10.54 11.26 9.75 8.08 7.42 9.17 9.54 8.71 8.10 7.61 6.85 6.61 7.76 10.00 10.88 10.59 10.38 10.01 9.74 9.43 9.80 9.07 8.84 8.64 8.34 8.05 7.97 8.60 8.50 8.34 8.21 7.53 7.62 8.19 8.14 8.62 8.15 8.20 8.35 8.59 8.99 9.10 9.01 8.94 8.99 8.15 7.86 8.14 8.10
9.38 8.96 9.75 9.14 9.52 9.64 9.76 9.18 9.16 9.62 8.89 9.79 8.76 10.02 7.42 9.30 10.94 11.36 12.40 12.71 10.60 12.01 13.49 9.74 11.06 10.30 7.51 11.37 11.34 8.86 9.18 7.83 8.72 8.54 10.92 10.39 8.63 7.90 7.08 6.64 7.52 10.04 9.64 11.31 10.63 10.55 11.00 9.91 10.06 8.78 8.79 8.42 8.18 8.02 8.17 8.18 8.24 8.05 7.86 7.44 7.49 8.31 8.97 8.61 8.14 8.52 8.10 8.77 8.31 8.34 8.48 8.58 8.71 8.74 8.41 7.77 8.04 7.99
9.86 8.94 8.63 9.65 10.63 12.13 11.35 10.19 9.46 8.76 8.85 10.77 8.70 9.44 7.38 9.12 9.82 9.51 8.78 10.25 9.44 11.37 11.63 12.84 11.09 11.84 11.19 14.25 10.07 9.10 8.57 8.96 8.38 10.36 10.41 10.68 8.14 7.42 6.72 9.21 9.90 10.16 10.92 9.97 10.54 10.80 10.37 8.51 8.22 8.32 8.18 8.03 8.04 7.99 8.41 8.46 8.58 8.05 7.43 7.34 7.90 9.23 8.23 8.59 8.59 8.16 7.96 8.04 7.90 8.05 8.34 8.09 8.44 8.43 8.16 8.04 8.04 7.67
10.22 9.25 8.87 9.12 10.60 11.12 11.74 10.98 10.24 9.53 9.01 9.37 10.97 8.26 11.14 10.79 11.03 11.83 10.42 8.51 8.67 10.26 9.79 11.24 10.85 9.69 12.83 12.83 8.94 9.33 7.58 8.05 9.47 10.34 10.23 9.53 7.83 6.99 8.03 7.89 9.60 9.85 9.65 10.03 9.88 9.42 8.60 7.51 7.29 7.45 7.62 8.83 8.07 8.65 8.23 8.07 7.50 7.24 7.38 8.08 8.99 8.86 8.68 8.76 8.43 7.97 7.96 8.26 8.53 7.60 8.17 8.72 8.23 8.02 8.18 7.54 7.73 8.36
10.26 9.77 10.15 10.99 12.18 -9999 -9999 -9999 -9999 10.71 10.26 10.75 8.98 8.15 9.29 9.71 9.49 8.75 6.12 12.52 12.95 9.66 8.98 9.46 10.73 11.43 12.72 10.47 9.09 8.03 7.28 10.40 9.85 11.23 9.11 8.50 7.71 7.31 8.87 8.13 9.67 9.71 9.18 9.30 9.03 8.50 7.70 7.20 7.09 7.27 7.54 8.61 8.27 8.63 8.58 7.96 7.51 7.35 8.50 8.53 8.85 9.03 9.09 8.03 7.78 7.52 8.19 8.45 8.20 7.34 7.91 8.43 8.26 7.92 8.34 7.97 7.86 8.16
