ML/MeanWindSpeed_1998-06_Actual.txt
ncols         180
nrows         290
xllcorner     -200000
yllcorner     -200000
cellsize      5000
NODATA_value  -9999
[rows 140 to 174 of 290, columns 79 to 157 of 180]
-9999 -9999 11.48 -9999 -9999 -9999 10.57 10.70 9.50 9.49 10.53 -9999 -9999 11.32 9.83 11.86 12.81 -9999 -9999 -9999 -9999 -9999 9.61 8.31 6.18 6.15 5.69 6.30 6.41 7.11 7.39 5.87 8.02 10.25 10.84 8.34 9.79 10.47 10.80 8.52 8.83 8.59 7.01 4.63 4.23 4.44 2.26 2.92 5.14 7.17 -9999 -9999 -9999 -9999 -9999 -9999 -9999 -9999 -9999 -9999 -9999 -9999 -9999 -9999 -9999 -9999 -9999 -9999 -9999 -9999 -9999 -9999 -9999 -9999 -9999 -9999 -9999 -9999 -9999
-9999 -9999 11.50 11.36 -9999 -9999 -9999 10.68 11.12 10.85 11.31 -9999 -9999 -9999 -9999 11.84 -9999 -9999 -9999 -9999 -9999 -9999 8.53 7.47 6.52 6.83 7.10 7.14 6.90 7.29 7.04 6.59 7.10 9.82 10.50 7.00 11.55 11.20 12.11 9.08 8.84 9.81 7.16 5.25 4.39 2.94 1.86 2.92 5.06 7.21 -9999 -9999 -9999 -9999 -9999 -9999 -9999 -9999 -9999 -9999 -9999 -9999 -9999 -9999 -9999 -9999 -9999 -9999 -9999 -9999 -9999 -9999 -9999 -9999 -9999 -9999 -9999 -9999 -9999
-9999 -9999 -9999 12.59 -9999 -9999 -9999 -9999 11.00 11.89 11.75 -9999 -9999 -9999 -9999 -9999 -9999 -9999 -9999 -9999 -9999 9.59 8.28 7.96 7.59 7.55 8.54 8.34 7.96 8.16 7.82 7.76 6.88 8.14 12.98 12.37 11.71 11.57 9.51 8.57 8.50 6.57 4.46 5.81 5.56 2.79 2.34 3.58 5.41 7.71 9.32 -9999 -9999 -9999 -9999 -9999 -9999 -9999 -9999 -9999 -9999 -9999 -9999 -9999 -9999 -9999 -9999 -9999 -9999 -9999 -9999 -9999 -9999 -9999 -9999 -9999 -9999 -9999 -9999
-9999 -9999 -9999 13.59 -9999 -9999 -9999 -9999 -9999 -9999 -9999 -9999 -9999 -9999 -9999 -9999 -9999 -9999 -9999 -9999 -9999 9.52 7.63 6.41 5.48 5.18 11.59 9.11 8.12 10.12 8.04 9.07 5.79 6.32 11.28 14.24 10.94 9.51 13.19 14.71 12.95 10.15 8.23 4.37 4.43 3.90 4.65 4.50 5.77 8.21 9.46 9.92 -9999 -9999 -9999 -9999 -9999 -9999 -9999 -9999 -9999 -9999 -9999 -9999 -9999 -9999 -9999 -9999 -9999 -9999 -9999 -9999 -9999 -9999 -9999 -9999 -9999 -9999 -9999
-9999 -9999 -9999 -9999 -9999 -9999 -9999 -9999 -9999 -9999 -9999 -9999 -9999 -9999 -9999 -9999 -9999 -9999 -9999 -9999 10.16 8.88 7.07 5.75 8.15 4.54 15.31 13.93 7.52 8.79 8.07 7.70 7.87 5.84 7.34 14.98 14.36 12.29 10.79 9.78 11.45 10.54 8.98 6.76 5.39 4.89 4.68 5.09 6.77 7.51 7.94 8.69 -9999 -9999 -9999 -9999 -9999 -9999 -9999 -9999 -9999 -9999 -9999 -9999 -9999 -9999 -9999 -9999 -9999 -9999 -9999 -9999 -9999 -9999 -9999 -9999 -9999 -9999 -9999
-9999 -9999 -9999 -9999 -9999 -9999 -9999 -9999 -9999 -9999 -9999 -9999 -9999 -9999 -9999 -9999 -9999 -9999 -9999 -9999 9.42 9.46 6.49 7.49 13.71 7.59 5.12 9.86 10.63 8.89 8.61 8.30 7.95 7.03 7.76 10.05 17.08 14.01 12.30 10.12 9.66 9.28 7.38 6.76 6.40 6.96 5.79 6.80 6.70 7.16 7.01 7.36 7.94 8.38 8.64 -9999 -9999 -9999 -9999 -9999 -9999 -9999 -9999 -9999 -9999 -9999 -9999 -9999 -9999 -9999 -9999 -9999 -9999 -9999 -9999 -9999 -9999 -9999 -9999
-9999 -9999 -9999 -9999 -9999 -9999 -9999 -9999 -9999 -9999 -9999 -9999 -9999 -9999 -9999 -9999 -9999 -9999 -9999 -9999 9.49 8.80 7.91 10.43 6.68 6.48 7.90 11.94 9.21 8.10 11.39 7.08 9.25 8.17 8.28 8.44 11.07 12.35 11.57 10.49 9.64 7.52 7.34 6.70 6.24 6.09 6.47 6.53 6.92 6.51 6.38 6.47 8.94 7.53 8.65 9.64 9.78 -9999 -9999 -9999 -9999 -9999 -9999 -9999 -9999 -9999 -9999 -9999 -9999 -9999 -9999 -9999 -9999 -9999 -9999 -9999 -9999 -9999 -9999
-9999 -9999 -9999 -9999 -9999 -9999 -9999 -9999 -9999 -9999 -9999 -9999 -9999 -9999 -9999 -9999 -9999 -9999 -9999 -9999 9.63 8.97 9.47 13.81 14.54 10.29 7.17 9.04 10.24 12.58 8.57 11.48 9.84 8.89 9.14 8.94 7.49 7.84 11.41 10.59 9.56 8.65 7.70 7.18 7.24 7.26 6.86 7.05 6.84 6.30 6.49 6.33 6.91 9.10 8.83 9.15 10.53 10.73 9.33 -9999 -9999 -9999 -9999 -9999 -9999 -9999 -9999 -9999 -9999 -9999 -9999 -9999 -9999 -9999 -9999 -9999 -9999 -9999 -9999
-9999 -9999 -9999 -9999 -9999 -9999 -9999 -9999 -9999 -9999 -9999 -9999 -9999 -9999 -9999 -9999 -9999 -9999 -9999 -9999 10.06 8.69 10.32 11.35 7.40 17.34 14.44 8.83 11.21 9.45 12.92 13.49 10.02 8.33 8.78 8.91 7.00 13.34 12.04 11.59 11.85 11.91 10.97 8.05 9.03 8.04 7.71 7.60 7.31 6.96 6.39 5.63 6.23 8.46 7.69 7.49 8.33 9.69 8.44 11.08 -9999 -9999 -9999 -9999 -9999 -9999 -9999 -9999 -9999 -9999 -9999 -9999 -9999 -9999 -9999 -9999 -9999 -9999 -9999
-9999 -9999 -9999 -9999 -9999 -9999 -9999 -9999 10.36 10.65 11.56 -9999 -9999 -9999 -9999 -9999 -9999 -9999 -9999 -9999 -9999 9.62 8.47 7.12 8.91 10.87 13.62 8.56 6.58 11.33 11.04 10.17 8.89 10.30 10.13 8.48 8.77 11.22 11.39 14.40 13.16 11.03 10.42 10.85 9.53 8.53 8.21 7.88 7.78 7.02 6.22 9.71 8.86 11.64 12.16 11.23 10.28 7.96 10.38 10.92 10.28 -9999 -9999 -9999 -9999 -9999 -9999 -9999 -9999 -9999 -9999 -9999 -9999 -9999 -9999 -9999 -9999 -9999 -9999
-9999 -9999 -9999 -9999 -9999 -9999 -9999 -9999 8.65 8.95 -9999 -9999 -9999 -9999 -9999 -9999 -9999 -9999 -9999 -9999 -9999 -9999 8.47 5.99 9.59 10.36 16.88 9.84 10.13 9.77 8.23 7.54 7.69 7.32 14.00 8.43 9.11 13.38 11.32 8.83 8.26 12.07 8.63 11.07 9.42 8.47 8.05 7.96 7.53 7.75 9.41 10.08 9.43 9.21 8.89 9.96 10.82 10.26 10.41 10.17 12.14 -9999 -9999 -9999 -9999 -9999 -9999 -9999 -9999 -9999 -9999 -9999 -9999 -9999 -9999 -9999 -9999 -9999 -9999
-9999 -9999 -9999 -9999 -9999 -9999 -9999 8.83 10.91 10.92 10.94 -9999 -9999 -9999 -9999 -9999 -9999 -9999 -9999 -9999 -9999 -9999 8.85 9.90 10.61 11.12 9.11 10.42 8.71 8.54 7.93 7.34 8.82 7.44 5.87 13.30 9.63 8.86 11.92 10.21 12.58 10.02 10.27 9.05 8.89 8.53 8.50 7.88 7.45 8.44 9.43 8.50 9.28 10.27 9.98 10.47 10.22 10.37 10.56 9.21 11.78 10.87 -9999 -9999 -9999 -9999 -9999 -9999 -9999 -9999 -9999 -9999 -9999 -9999 -9999 -9999 -9999 -9999 -9999
-9999 -9999 -9999 -9999 -9999 -9999 8.11 11.60 12.96 16.03 11.01 -9999 -9999 -9999 -9999 -9999 -9999 -9999 -9999 -9999 -9999 -9999 9.94 13.43 10.91 7.35 8.79 8.37 8.93 7.54 6.99 7.73 8.75 6.70 11.76 8.98 11.85 9.20 13.12 8.32 9.45 7.70 9.70 8.41 8.79 9.02 8.09 8.00 7.42 7.55 10.23 10.48 9.97 9.02 9.26 9.05 9.14 9.41 10.78 10.62 10.13 10.79 -9999 -9999 -9999 -9999 -9999 -9999 -9999 -9999 -9999 -9999 -9999 -9999 -9999 -9999 -9999 -9999 -9999
-9999 -9999 -9999 -9999 -9999 9.41 8.58 14.62 12.35 12.22 -9999 -9999 -9999 -9999 -9999 -9999 -9999 -9999 -9999 -9999 -9999 -9999 -9999 10.08 8.24 7.48 9.58 7.55 9.49 7.96 7.41 7.14 7.90 6.63 11.80 11.44 12.41 11.64 12.32 12.31 12.20 10.72 10.26 10.47 9.91 8.33 8.15 8.03 7.61 7.51 8.19 11.97 10.67 8.36 7.88 7.99 7.82 7.92 7.90 8.01 7.74 8.58 10.09 10.91 -9999 -9999 -9999 -9999 -9999 -9999 -9999 -9999 -9999 -9999 -9999 -9999 -9999 -9999 -9999
-9999 -9999 -9999 -9999 -9999 11.44 12.55 9.56 10.47 11.21 -9999 -9999 -9999 -9999 -9999 -9999 -9999 -9999 -9999 -9999 -9999 -9999 -9999 -9999 8.86 9.01 8.51 7.81 9.04 8.52 8.38 7.76 8.26 6.42 11.65 10.83 10.10 11.92 10.61 10.00 13.78 13.43 10.08 11.57 10.42 9.85 8.25 7.93 7.86 7.62 7.80 8.59 8.80 8.07 7.92 7.77 7.74 7.42 7.29 7.32 7.44 9.94 10.35 10.25 -9999 -9999 -9999 -9999 -9999 -9999 -9999 -9999 -9999 -9999 -9999 -9999 -9999 -9999 -9999
-9999 -9999 -9999 -9999 -9999 12.13 10.75 11.31 10.80 -9999 -9999 -9999 -9999 -9999 -9999 -9999 -9999 -9999 -9999 -9999 -9999 -9999 -9999 -9999 9.76 9.63 9.19 -9999 9.32 -9999 8.68 7.51 6.61 5.72 6.16 10.90 10.38 10.77 13.69 7.83 8.76 13.61 11.70 10.94 10.73 9.59 8.42 8.03 7.87 7.57 7.72 7.97 8.66 9.41 8.30 8.68 7.66 6.85 7.77 8.90 8.55 8.10 8.25 9.91 11.73 12.45 -9999 -9999 -9999 -9999 -9999 -9999 -9999 -9999 -9999 -9999 -9999 -9999 -9999
-9999 -9999 -9999 -9999 12.02 11.06 10.71 -9999 -9999 -9999 -9999 -9999 -9999 -9999 -9999 -9999 -9999 -9999 -9999 -9999 -9999 -9999 -9999 -9999 10.78 9.93 9.22 -9999 -9999 -9999 8.55 8.64 5.63 6.31 7.71 7.01 7.18 9.00 12.75 12.60 7.97 11.68 13.03 10.29 11.35 10.23 9.14 7.57 7.71 7.55 7.65 7.80 8.04 8.26 8.13 8.36 7.13 7.39 8.44 9.33 9.70 9.57 8.84 8.89 10.12 11.46 -9999 -9999 -9999 -9999 -9999 -9999 -9999 -9999 -9999 -9999 -9999 -9999 -9999
-9999 -9999 -9999 -9999 -9999 -9999 -9999 -9999 -9999 -9999 -9999 -9999 -9999 -9999 -9999 -9999 -9999 -9999 -9999 -9999 -9999 -9999 -9999 -9999 -9999 -9999 -9999 -9999 -9999 9.39 7.80 7.25 8.37 9.14 9.94 10.05 8.81 9.42 12.00 11.65 9.86 8.12 10.93 11.93 10.41 9.46 8.67 8.07 7.95 8.12 7.72 7.61 7.70 7.68 7.56 7.12 7.89 10.07 8.70 9.39 8.82 8.91 8.15 8.87 9.97 -9999 -9999 -9999 -9999 -9999 -9999 -9999 -9999 -9999 -9999 -9999 -9999 -9999 -9999
-9999 -9999 -9999 -9999 -9999 -9999 -9999 -9999 -9999 -9999 -9999 -9999 -9999 -9999 -9999 -9999 -9999 -9999 -9999 -9999 -9999 -9999 -9999 -9999 -9999 -9999 -9999 -9999 -9999 8.84 7.57 8.39 10.28 12.68 11.72 9.06 10.16 7.97 8.63 8.04 9.50 10.11 10.78 10.90 10.57 9.41 8.94 8.56 7.93 8.09 7.59 7.50 7.54 7.60 7.50 7.05 7.61 10.94 10.15 8.60 8.34 8.17 7.99 8.78 10.15 -9999 -9999 -9999 -9999 -9999 -9999 -9999 -9999 -9999 -9999 -9999 -9999 -9999 -9999
-9999 -9999 -9999 -9999 -9999 -9999 -9999 -9999 -9999 -9999 -9999 -9999 -9999 -9999 -9999 -9999 -9999 -9999 -9999 -9999 -9999 -9999 -9999 -9999 -9999 -9999 -9999 -9999 -9999 8.13 7.04 7.35 9.83 10.87 10.51 9.71 9.07 8.18 8.87 7.79 7.62 8.50 7.28 10.83 9.58 10.34 9.13 8.77 7.70 7.49 7.54 7.45 7.49 7.46 7.47 7.32 7.32 9.18 9.79 8.81 8.22 8.21 8.01 8.64 9.81 -9999 -9999 -9999 -9999 -9999 -9999 -9999 -9999 -9999 -9999 -9999 -9999 -9999 -9999
-9999 -9999 -9999 -9999 -9999 -9999 -9999 -9999 -9999 -9999 -9999 -9999 -9999 -9999 -9999 -9999 -9999 -9999 -9999 -9999 -9999 -9999 -9999 -9999 -9999 -9999 -9999 10.41 8.97 7.50 6.85 9.20 10.80 13.27 10.32 11.60 7.22 8.12 8.06 8.70 9.19 9.09 10.88 8.05 8.24 8.18 8.08 7.58 8.19 7.35 7.29 7.56 7.33 7.35 7.50 7.38 7.47 7.90 9.38 8.67 8.02 8.01 8.02 8.28 9.22 10.43 -9999 -9999 -9999 -9999 -9999 -9999 -9999 -9999 -9999 -9999 -9999 -9999 -9999
-9999 -9999 -9999 -9999 -9999 -9999 -9999 -9999 -9999 -9999 -9999 -9999 -9999 -9999 -9999 -9999 -9999 -9999 -9999 -9999 -9999 -9999 -9999 -9999 -9999 -9999 -9999 9.79 8.23 7.36 7.01 7.59 10.30 8.40 8.16 6.79 8.05 10.56 8.37 9.35 8.88 9.99 7.15 10.61 8.81 9.80 9.47 9.35 8.13 7.62 7.32 7.24 7.23 7.34 7.42 7.49 7.47 7.59 8.18 9.01 8.33 8.00 8.10 8.03 8.60 9.90 -9999 -9999 -9999 -9999 -9999 -9999 -9999 -9999 -9999 -9999 -9999 -9999 -9999
-9999 -9999 -9999 -9999 -9999 -9999 -9999 -9999 -9999 -9999 -9999 -9999 -9999 -9999 -9999 -9999 -9999 -9999 -9999 -9999 -9999 -9999 -9999 -9999 -9999 -9999 -9999 9.82 8.17 7.62 7.34 7.71 8.36 8.44 7.50 6.65 7.79 8.14 7.60 9.08 11.09 9.02 8.64 7.59 9.13 7.66 8.15 8.66 8.84 7.92 7.62 7.24 7.21 7.35 7.45 7.52 7.56 7.58 7.92 8.87 9.34 8.42 8.05 7.98 8.12 9.01 10.26 -9999 -9999 -9999 -9999 -9999 -9999 -9999 -9999 -9999 -9999 -9999 -9999
-9999 -9999 -9999 -9999 -9999 -9999 -9999 -9999 -9999 -9999 -9999 -9999 -9999 -9999 -9999 -9999 -9999 -9999 -9999 -9999 -9999 -9999 -9999 -9999 -9999 -9999 -9999 9.61 8.32 7.92 7.88 7.74 7.60 7.17 7.58 8.36 6.55 6.73 7.52 11.39 11.41 12.19 11.01 9.32 9.01 9.32 8.04 7.49 8.32 8.51 7.59 7.25 7.31 7.28 7.46 7.63 7.78 7.76 7.89 9.27 10.19 9.09 8.63 8.48 8.13 8.31 9.45 10.62 -9999 -9999 -9999 -9999 -9999 -9999 -9999 -9999 -9999 -9999 -9999
-9999 -9999 -9999 -9999 -9999 -9999 -9999 -9999 -9999 -9999 -9999 -9999 -9999 -9999 -9999 -9999 -9999 -9999 -9999 -9999 -9999 -9999 -9999 -9999 -9999 -9999 -9999 9.60 8.18 7.82 7.65 7.37 6.94 7.14 6.61 7.68 8.36 9.84 10.98 11.93 9.54 10.92 9.80 9.74 8.49 9.46 8.88 8.17 7.53 7.28 7.38 7.23 7.35 7.45 7.64 7.76 7.99 8.13 8.23 8.68 9.55 9.18 8.77 8.78 8.71 8.47 8.59 9.86 -9999 -9999 -9999 -9999 -9999 -9999 -9999 -9999 -9999 -9999 -9999
-9999 -9999 -9999 -9999 -9999 -9999 -9999 -9999 -9999 -9999 -9999 -9999 -9999 -9999 -9999 -9999 -9999 -9999 -9999 -9999 -9999 -9999 -9999 -9999 -9999 -9999 -9999 -9999 8.20 7.86 7.51 6.96 7.30 8.69 8.67 9.45 8.65 8.46 10.30 10.12 10.96 10.11 8.53 7.45 7.94 7.76 8.79 8.06 7.74 8.09 7.78 7.28 7.56 7.55 7.73 7.77 7.96 8.22 8.41 8.68 8.69 8.78 8.86 9.04 -9999 8.99 9.27 10.02 11.39 -9999 -9999 -9999 -9999 -9999 -9999 -9999 -9999 -9999 -9999
-9999 -9999 -9999 -9999 -9999 -9999 -9999 -9999 -9999 -9999 -9999 -9999 -9999 -9999 -9999 -9999 -9999 -9999 -9999 -9999 -9999 -9999 -9999 -9999 -9999 -9999 -9999 9.43 8.10 7.68 7.07 6.69 6.95 10.20 10.66 9.14 11.48 11.11 9.63 9.22 12.29 10.42 10.55 8.60 7.18 8.86 7.90 7.43 7.96 7.98 7.53 7.63 7.50 7.54 7.64 7.81 7.80 7.91 9.15 8.61 8.20 9.27 8.59 8.67 8.80 -9999 9.85 10.54 11.65 12.49 -9999 -9999 -9999 -9999 -9999 -9999 -9999 -9999 -9999
-9999 -9999 -9999 -9999 -9999 -9999 -9999 -9999 -9999 -9999 -9999 -9999 -9999 -9999 -9999 -9999 -9999 -9999 -9999 -9999 -9999 -9999 -9999 -9999 -9999 -9999 -9999 9.22 7.93 7.56 7.06 8.22 7.58 8.63 11.09 8.57 8.91 9.25 7.83 7.70 10.57 9.70 9.51 7.14 8.82 9.79 8.11 8.98 8.29 8.64 8.24 7.78 7.48 7.49 7.56 7.61 7.55 7.53 7.75 8.13 7.48 7.79 8.28 7.77 8.48 9.04 -9999 -9999 -9999 -9999 -9999 -9999 -9999 -9999 -9999 -9999 -9999 -9999 -9999
-9999 -9999 -9999 -9999 -9999 -9999 -9999 -9999 -9999 -9999 -9999 -9999 -9999 -9999 -9999 -9999 -9999 -9999 -9999 -9999 -9999 -9999 -9999 -9999 -9999 -9999 10.67 8.70 7.74 8.25 7.82 7.91 7.67 8.66 8.94 8.41 8.16 7.87 7.68 7.94 10.11 11.88 11.71 8.12 10.33 10.07 8.36 8.72 7.98 8.38 8.34 7.64 7.32 7.57 7.56 7.53 7.62 7.47 7.61 7.69 7.62 7.57 8.64 7.98 7.92 8.30 9.43 10.64 -9999 -9999 -9999 -9999 -9999 -9999 -9999 -9999 -9999 -9999 -9999
-9999 -9999 -9999 -9999 -9999 -9999 -9999 -9999 -9999 -9999 -9999 -9999 -9999 -9999 -9999 -9999 -9999 -9999 -9999 -9999 -9999 -9999 -9999 -9999 -9999 -9999 -9999 8.85 7.78 7.69 7.95 9.44 7.81 7.68 7.67 7.93 8.11 7.67 7.45 7.37 7.64 10.70 11.41 12.21 10.31 10.71 10.07 9.32 9.63 7.76 7.47 7.94 7.33 7.44 7.41 7.40 7.59 7.48 7.52 7.73 7.48 7.26 7.40 9.13 8.13 7.82 8.27 9.24 10.37 11.55 -9999 -9999 -9999 -9999 -9999 -9999 -9999 -9999 -9999
-9999 -9999 -9999 -9999 -9999 -9999 -9999 -9999 -9999 -9999 -9999 -9999 -9999 -9999 -9999 -9999 -9999 -9999 -9999 -9999 -9999 -9999 -9999 -9999 -9999 -9999 -9999 8.79 8.13 7.71 7.83 7.99 8.01 7.69 7.25 7.32 7.02 6.83 6.91 7.06 7.71 7.38 11.16 13.42 14.11 12.02 10.68 10.25 9.07 9.00 7.81 8.36 7.50 7.55 7.42 7.38 7.44 7.46 7.69 7.68 7.45 7.15 7.56 9.17 8.54 8.58 7.76 8.08 9.09 10.37 -9999 -9999 -9999 -9999 -9999 -9999 -9999 -9999 -9999
-9999 -9999 -9999 -9999 -9999 -9999 -9999 14.01 13.14 13.43 14.35 -9999 -9999 -9999 -9999 -9999 -9999 -9999 -9999 -9999 -9999 -9999 -9999 -9999 -9999 -9999 9.31 8.27 8.52 7.96 8.60 8.15 7.51 7.24 7.19 7.01 6.99 6.81 6.81 6.71 6.74 9.53 11.86 12.27 10.76 13.01 11.94 9.40 9.33 7.61 9.38 8.97 7.75 7.66 7.48 7.40 7.43 7.49 7.61 7.85 7.62 7.16 7.31 7.77 9.17 8.88 9.16 7.83 7.96 9.28 10.74 -9999 -9999 -9999 -9999 -9999 -9999 -9999 -9999
-9999 -9999 -9999 -9999 -9999 -9999 -9999 13.43 12.51 12.30 12.78 -9999 -9999 -9999 -9999 -9999 -9999 -9999 -9999 -9999 -9999 -9999 -9999 -9999 -9999 9.48 9.00 8.16 8.39 9.21 8.15 7.96 7.17 7.07 7.17 6.98 7.09 7.11 6.50 6.08 6.02 7.76 13.03 13.59 10.59 11.92 11.25 10.89 8.56 7.66 8.67 8.83 8.04 7.32 7.28 7.37 7.72 7.62 7.55 7.62 7.84 7.39 7.46 7.64 9.05 8.99 8.81 7.97 7.95 8.49 10.05 -9999 -9999 -9999 -9999 -9999 -9999 -9999 -9999
-9999 -9999 -9999 -9999 -9999 16.19 13.50 12.03 12.08 11.82 12.62 12.27 13.20 13.70 -9999 -9999 13.09 11.34 -9999 -9999 -9999 10.16 10.93 9.88 -9999 7.59 9.03 8.32 7.98 8.41 7.93 7.93 7.82 8.23 7.82 7.74 6.96 7.20 6.57 6.37 8.87 6.89 9.40 12.16 8.49 10.08 13.67 9.11 10.44 8.43 8.54 8.46 7.90 7.60 7.55 7.50 7.75 7.44 7.55 7.45 7.98 7.39 7.43 7.70 8.18 8.74 9.39 8.94 8.08 8.03 9.35 10.99 -9999 -9999 -9999 -9999 -9999 -9999 -9999
-9999 -9999 -9999 -9999 -9999 -9999 13.93 12.55 11.87 11.44 11.56 12.26 13.23 10.83 -9999 9.49 11.07 11.49 10.09 10.74 8.25 7.84 11.25 10.64 8.88 -9999 7.03 8.35 8.33 7.78 7.71 8.11 7.46 7.38 7.38 7.22 7.31 7.01 7.20 6.76 9.19 9.70 9.98 10.76 10.38 12.19 12.09 10.25 8.48 7.85 8.94 8.78 7.59 7.93 7.52 7.84 7.95 7.54 7.50 7.39 8.01 7.48 7.53 7.76 7.82 8.50 9.02 9.51 8.80 8.23 8.84 10.39 -9999 -9999 -9999 -9999 -9999 -9999 -9999
