ML/MeanWindSpeed_1991-01_Actual.txt
ncols         180
nrows         290
xllcorner     -200000
yllcorner     -200000
cellsize      5000
NODATA_value  -9999
[rows 136 to 169 of 290, columns 78 to 155 of 180]
-9999 14.82 12.43 10.32 12.30 10.88 12.11 10.63 9.60 8.05 7.69 9.24 13.33 11.19 10.45 8.78 8.62 8.58 8.16 8.96 9.87 8.57 9.60 8.91 9.25 9.05 9.09 9.03 8.77 8.34 8.31 8.73 7.94 7.16 8.08 8.69 9.02 9.70 9.58 6.84 7.72 10.05 9.41 8.32 8.52 8.29 8.65 8.28 9.44 10.98 -9999 -9999 -9999 -9999 -9999 -9999 -9999 -9999 -9999 -9999 -9999 -9999 -9999 -9999 -9999 -9999 -9999 -9999 -9999 -9999 -9999 -9999 -9999 -9999 -9999 -9999 -9999 -9999
-9999 14.88 12.63 9.54 11.88 10.15 10.93 10.24 9.74 9.18 7.69 10.94 10.76 10.28 12.04 9.52 8.68 8.32 7.02 9.33 13.31 10.49 -9999 -9999 -9999 9.58 9.26 -9999 8.65 8.63 8.55 7.73 6.98 7.79 8.94 8.08 8.20 9.24 8.80 9.87 9.49 7.60 6.86 7.36 7.94 8.55 7.03 7.82 8.48 10.44 -9999 -9999 -9999 -9999 -9999 -9999 -9999 -9999 -9999 -9999 -9999 -9999 -9999 -9999 -9999 -9999 -9999 -9999 -9999 -9999 -9999 -9999 -9999 -9999 -9999 -9999 -9999 -9999
-9999 13.76 14.73 11.14 10.82 11.22 11.83 11.22 10.31 9.51 8.57 9.55 14.25 11.36 11.66 9.15 8.99 10.45 8.21 9.56 10.94 11.53 -9999 -9999 -9999 9.74 8.86 8.88 8.93 8.41 7.81 6.40 7.22 9.70 9.81 8.09 10.76 8.13 8.07 10.35 8.19 8.83 9.03 9.12 7.52 8.67 9.84 8.62 8.12 9.88 -9999 -9999 -9999 -9999 -9999 -9999 -9999 -9999 -9999 -9999 -9999 -9999 -9999 -9999 -9999 -9999 -9999 -9999 -9999 -9999 -9999 -9999 -9999 -9999 -9999 -9999 -9999 -9999
-9999 -9999 14.39 13.98 12.14 -9999 12.99 12.70 11.33 10.40 9.76 -9999 12.06 10.72 10.96 8.92 10.36 11.37 10.73 11.32 -9999 -9999 -9999 -9999 10.84 8.97 8.17 8.19 8.78 8.80 7.67 6.45 6.20 9.85 13.01 7.18 11.33 8.21 9.75 10.89 8.95 10.46 9.10 7.84 9.47 9.98 8.88 7.08 7.95 10.30 11.07 -9999 -9999 -9999 -9999 -9999 -9999 -9999 -9999 -9999 -9999 -9999 -9999 -9999 -9999 -9999 -9999 -9999 -9999 -9999 -9999 -9999 -9999 -9999 -9999 -9999 -9999 -9999
-9999 -9999 -9999 14.75 -9999 -9999 -9999 13.01 12.74 11.21 11.22 12.36 -9999 -9999 12.42 10.68 12.99 14.17 -9999 -9999 -9999 -9999 -9999 11.85 10.24 7.75 7.87 7.77 8.46 8.35 8.77 8.22 5.66 7.75 10.56 11.60 8.95 10.57 11.45 11.93 9.95 10.86 11.38 10.50 8.85 9.14 9.44 7.01 7.88 10.22 11.80 -9999 -9999 -9999 -9999 -9999 -9999 -9999 -9999 -9999 -9999 -9999 -9999 -9999 -9999 -9999 -9999 -9999 -9999 -9999 -9999 -9999 -9999 -9999 -9999 -9999 -9999 -9999
-9999 -9999 -9999 14.90 14.75 -9999 -9999 -9999 13.00 13.15 12.77 13.35 -9999 -9999 -9999 -9999 13.50 -9999 -9999 -9999 -9999 -9999 -9999 10.32 8.82 7.56 8.18 9.21 9.37 8.74 8.90 8.09 6.45 6.30 9.40 10.58 7.37 12.26 11.90 13.07 10.34 10.77 12.52 10.62 9.50 9.21 7.81 6.64 7.85 9.89 11.25 -9999 -9999 -9999 -9999 -9999 -9999 -9999 -9999 -9999 -9999 -9999 -9999 -9999 -9999 -9999 -9999 -9999 -9999 -9999 -9999 -9999 -9999 -9999 -9999 -9999 -9999 -9999
-9999 -9999 -9999 -9999 16.06 -9999 -9999 -9999 -9999 13.46 14.27 14.14 -9999 -9999 -9999 -9999 -9999 -9999 -9999 -9999 -9999 -9999 11.42 9.68 9.00 8.40 8.48 10.12 10.07 9.59 9.63 8.98 7.89 5.70 6.88 12.41 12.67 12.40 12.17 10.11 9.47 10.14 9.01 7.66 10.02 10.33 7.56 7.05 8.24 9.51 10.62 11.63 -9999 -9999 -9999 -9999 -9999 -9999 -9999 -9999 -9999 -9999 -9999 -9999 -9999 -9999 -9999 -9999 -9999 -9999 -9999 -9999 -9999 -9999 -9999 -9999 -9999 -9999
-9999 -9999 -9999 -9999 17.20 -9999 -9999 -9999 -9999 -9999 -9999 -9999 -9999 -9999 -9999 -9999 -9999 -9999 -9999 -9999 -9999 -9999 11.22 8.97 7.40 6.00 5.41 12.53 10.57 9.79 11.61 9.30 9.80 5.02 4.67 10.22 14.19 11.24 9.55 13.35 15.36 14.32 12.41 11.35 8.03 8.64 8.43 9.18 8.61 8.81 10.02 11.09 11.92 -9999 -9999 -9999 -9999 -9999 -9999 -9999 -9999 -9999 -9999 -9999 -9999 -9999 -9999 -9999 -9999 -9999 -9999 -9999 -9999 -9999 -9999 -9999 -9999 -9999
-9999 -9999 -9999 -9999 -9999 -9999 -9999 -9999 -9999 -9999 -9999 -9999 -9999 -9999 -9999 -9999 -9999 -9999 -9999 -9999 -9999 11.89 10.19 7.95 6.72 9.18 5.16 16.64 15.88 9.30 10.32 9.57 8.71 8.11 4.60 5.69 14.03 13.64 11.87 10.62 9.94 12.43 12.30 11.51 9.82 8.92 8.75 8.46 8.37 9.03 8.80 9.17 10.35 -9999 -9999 -9999 -9999 -9999 -9999 -9999 -9999 -9999 -9999 -9999 -9999 -9999 -9999 -9999 -9999 -9999 -9999 -9999 -9999 -9999 -9999 -9999 -9999 -9999
-9999 -9999 -9999 -9999 -9999 -9999 -9999 -9999 -9999 -9999 -9999 -9999 -9999 -9999 -9999 -9999 -9999 -9999 -9999 -9999 -9999 10.47 10.13 6.82 8.81 15.84 8.69 5.87 11.40 12.25 10.37 10.22 9.63 8.79 6.51 5.46 7.03 15.01 13.05 12.26 10.45 10.57 10.90 9.46 9.27 9.33 10.08 8.70 9.35 8.53 8.39 8.03 8.60 9.69 10.67 11.31 -9999 -9999 -9999 -9999 -9999 -9999 -9999 -9999 -9999 -9999 -9999 -9999 -9999 -9999 -9999 -9999 -9999 -9999 -9999 -9999 -9999 -9999
-9999 -9999 -9999 -9999 -9999 -9999 -9999 -9999 -9999 -9999 -9999 -9999 -9999 -9999 -9999 -9999 -9999 -9999 -9999 -9999 -9999 10.14 8.83 7.87 11.35 7.95 7.17 8.56 12.77 9.81 9.17 12.79 8.32 10.39 8.50 6.89 6.18 9.02 11.33 11.51 11.15 10.90 9.26 9.47 9.05 8.68 8.48 8.73 8.57 8.58 7.69 7.23 7.23 10.14 9.14 10.73 12.28 12.84 -9999 -9999 -9999 -9999 -9999 -9999 -9999 -9999 -9999 -9999 -9999 -9999 -9999 -9999 -9999 -9999 -9999 -9999 -9999 -9999
-9999 -9999 -9999 -9999 -9999 -9999 -9999 -9999 -9999 -9999 -9999 -9999 -9999 -9999 -9999 -9999 -9999 -9999 -9999 -9999 -9999 10.13 8.42 8.93 14.04 15.22 11.01 7.64 8.93 9.81 12.87 9.04 12.30 10.65 9.68 9.10 7.75 5.84 6.77 11.13 11.10 10.68 10.20 9.55 9.26 9.33 9.21 8.67 8.75 8.30 7.50 7.46 7.13 7.93 10.56 10.52 11.31 13.24 13.84 12.78 -9999 -9999 -9999 -9999 -9999 -9999 -9999 -9999 -9999 -9999 -9999 -9999 -9999 -9999 -9999 -9999 -9999 -9999
-9999 -9999 -9999 -9999 -9999 -9999 -9999 -9999 -9999 -9999 -9999 -9999 -9999 -9999 -9999 -9999 -9999 -9999 -9999 -9999 -9999 11.10 8.89 10.27 11.44 7.69 18.93 15.66 8.75 10.79 9.01 13.10 13.97 10.42 8.85 8.83 8.02 5.72 12.67 11.68 11.67 12.61 13.25 12.68 9.81 10.91 9.71 9.23 9.02 8.63 8.19 7.53 6.54 7.27 9.86 9.31 9.43 10.48 12.24 11.49 14.59 -9999 -9999 -9999 -9999 -9999 -9999 -9999 -9999 -9999 -9999 -9999 -9999 -9999 -9999 -9999 -9999 -9999
-9999 -9999 -9999 -9999 -9999 -9999 -9999 -9999 -9999 13.44 13.73 14.49 -9999 -9999 -9999 -9999 -9999 -9999 -9999 -9999 -9999 -9999 11.64 9.84 7.92 9.92 12.33 15.19 9.21 6.61 11.32 10.96 10.08 8.69 10.12 9.59 7.50 8.00 10.48 10.98 14.67 13.82 12.05 11.80 12.56 11.22 10.06 9.59 9.12 8.76 7.76 6.92 10.49 9.61 12.72 13.62 12.95 12.01 9.81 12.88 13.96 13.58 -9999 -9999 -9999 -9999 -9999 -9999 -9999 -9999 -9999 -9999 -9999 -9999 -9999 -9999 -9999 -9999
-9999 -9999 -9999 -9999 -9999 -9999 -9999 -9999 -9999 11.75 11.81 -9999 -9999 -9999 -9999 -9999 -9999 -9999 -9999 -9999 -9999 -9999 -9999 10.42 7.43 10.91 11.71 18.70 11.02 10.97 10.29 8.19 7.10 7.19 6.68 13.55 7.59 8.49 13.15 11.01 8.78 8.56 12.97 9.73 12.65 11.03 10.00 9.44 9.10 8.13 8.04 9.91 10.72 10.04 9.86 9.76 11.19 12.22 11.91 12.47 12.73 15.23 -9999 -9999 -9999 -9999 -9999 -9999 -9999 -9999 -9999 -9999 -9999 -9999 -9999 -9999 -9999 -9999
-9999 -9999 -9999 -9999 -9999 -9999 -9999 -9999 11.00 13.25 13.23 13.40 -9999 -9999 -9999 -9999 -9999 -9999 -9999 -9999 -9999 -9999 -9999 10.94 12.07 12.31 12.83 10.66 11.80 9.90 9.28 8.06 7.33 8.73 6.92 5.34 13.34 9.42 8.75 12.24 10.69 13.64 11.22 11.82 10.75 10.59 10.18 10.03 9.10 7.96 8.56 9.73 8.96 9.97 11.07 10.89 11.57 11.43 11.85 12.34 11.23 14.38 13.86 -9999 -9999 -9999 -9999 -9999 -9999 -9999 -9999 -9999 -9999 -9999 -9999 -9999 -9999 -9999
-9999 -9999 -9999 -9999 -9999 -9999 -9999 10.18 13.10 14.67 18.36 13.50 -9999 -9999 -9999 -9999 -9999 -9999 -9999 -9999 -9999 -9999 -9999 12.62 16.15 12.81 9.03 10.33 9.60 10.18 8.38 7.32 7.89 8.54 6.07 11.43 8.71 11.87 9.29 13.83 9.02 10.49 9.00 11.30 10.11 10.57 10.77 9.70 9.37 7.91 7.40 10.37 10.97 10.84 10.01 10.37 10.26 10.31 10.73 12.45 12.59 12.40 13.54 -9999 -9999 -9999 -9999 -9999 -9999 -9999 -9999 -9999 -9999 -9999 -9999 -9999 -9999 -9999
-9999 -9999 -9999 -9999 -9999 -9999 13.04 11.23 16.70 14.25 14.42 -9999 -9999 -9999 -9999 -9999 -9999 -9999 -9999 -9999 -9999 -9999 -9999 -9999 12.67 10.01 9.21 11.09 8.76 10.86 8.94 8.00 7.38 7.26 5.66 11.27 11.05 12.07 11.58 12.61 12.73 12.79 11.83 11.68 12.07 11.68 9.94 9.59 9.06 7.73 7.22 8.06 12.53 11.62 9.44 9.13 9.39 9.24 9.46 9.70 9.89 9.66 10.81 12.69 13.83 -9999 -9999 -9999 -9999 -9999 -9999 -9999 -9999 -9999 -9999 -9999 -9999 -9999
-9999 -9999 -9999 -9999 -9999 -9999 15.66 16.46 12.78 13.30 14.04 -9999 -9999 -9999 -9999 -9999 -9999 -9999 -9999 -9999 -9999 -9999 -9999 -9999 -9999 10.85 10.86 10.00 9.15 10.48 9.72 9.41 8.45 8.20 5.75 11.39 10.43 9.43 11.73 10.65 9.94 14.13 14.23 11.16 12.97 11.92 11.31 9.32 8.58 8.11 7.62 7.75 8.88 9.48 8.98 9.10 9.16 9.22 8.97 8.91 8.87 8.98 11.68 12.33 12.51 -9999 -9999 -9999 -9999 -9999 -9999 -9999 -9999 -9999 -9999 -9999 -9999 -9999
-9999 -9999 -9999 -9999 -9999 -9999 16.85 15.27 15.81 15.04 -9999 -9999 -9999 -9999 -9999 -9999 -9999 -9999 -9999 -9999 -9999 -9999 -9999 -9999 -9999 12.07 11.54 10.76 -9999 10.99 -9999 10.00 8.66 7.42 5.98 6.19 10.83 9.80 10.52 13.76 7.26 8.58 14.07 12.37 12.04 11.93 10.72 9.28 8.74 8.54 8.05 7.96 8.25 9.17 10.20 9.29 9.84 8.82 8.12 9.10 10.21 9.85 9.27 9.42 11.50 13.92 15.09 -9999 -9999 -9999 -9999 -9999 -9999 -9999 -9999 -9999 -9999 -9999
-9999 -9999 -9999 -9999 -9999 17.43 16.19 15.67 -9999 -9999 -9999 -9999 -9999 -9999 -9999 -9999 -9999 -9999 -9999 -9999 -9999 -9999 -9999 -9999 -9999 13.37 12.06 11.00 -9999 -9999 -9999 9.66 9.67 6.45 7.18 8.45 7.02 6.59 8.59 12.72 12.38 7.62 11.94 13.66 11.15 12.37 11.29 10.07 8.32 8.42 8.18 8.18 8.29 8.57 8.93 8.91 9.13 7.87 8.45 9.57 10.37 10.72 10.54 9.79 10.17 11.99 13.91 -9999 -9999 -9999 -9999 -9999 -9999 -9999 -9999 -9999 -9999 -9999
-9999 -9999 -9999 -9999 -9999 -9999 -9999 -9999 -9999 -9999 -9999 -9999 -9999 -9999 -9999 -9999 -9999 -9999 -9999 -9999 -9999 -9999 -9999 -9999 -9999 -9999 -9999 -9999 -9999 -9999 10.61 8.17 7.37 8.70 9.69 10.59 10.38 8.69 9.28 12.02 11.69 9.69 7.97 11.36 12.75 11.31 10.45 9.57 8.82 8.64 8.80 8.35 8.23 8.33 8.33 8.10 7.43 8.34 10.97 9.62 10.28 9.61 9.69 8.99 10.14 11.79 -9999 -9999 -9999 -9999 -9999 -9999 -9999 -9999 -9999 -9999 -9999 -9999
-9999 -9999 -9999 -9999 -9999 -9999 -9999 -9999 -9999 -9999 -9999 -9999 -9999 -9999 -9999 -9999 -9999 -9999 -9999 -9999 -9999 -9999 -9999 -9999 -9999 -9999 -9999 -9999 -9999 -9999 9.75 7.55 8.18 10.60 13.26 12.28 9.59 10.60 8.31 8.71 8.10 9.64 10.08 11.17 11.56 11.26 10.18 9.71 9.29 8.65 8.81 8.25 8.17 8.20 8.27 8.00 7.20 7.84 11.65 11.02 9.39 9.02 8.80 8.69 9.97 12.03 -9999 -9999 -9999 -9999 -9999 -9999 -9999 -9999 -9999 -9999 -9999 -9999
-9999 -9999 -9999 -9999 -9999 -9999 -9999 -9999 -9999 -9999 -9999 -9999 -9999 -9999 -9999 -9999 -9999 -9999 -9999 -9999 -9999 -9999 -9999 -9999 -9999 -9999 -9999 -9999 -9999 -9999 8.82 6.91 7.08 10.02 11.28 10.93 10.15 9.70 8.90 9.39 8.18 8.11 8.78 7.52 11.36 10.07 11.06 9.93 9.62 8.47 8.19 8.19 8.07 8.11 8.12 8.05 7.63 7.49 9.58 10.45 9.56 8.86 8.75 8.59 9.68 11.61 -9999 -9999 -9999 -9999 -9999 -9999 -9999 -9999 -9999 -9999 -9999 -9999
-9999 -9999 -9999 -9999 -9999 -9999 -9999 -9999 -9999 -9999 -9999 -9999 -9999 -9999 -9999 -9999 -9999 -9999 -9999 -9999 -9999 -9999 -9999 -9999 -9999 -9999 -9999 -9999 12.19 10.22 7.95 6.57 9.06 11.03 13.68 10.73 12.00 7.58 8.52 8.49 9.49 9.99 9.67 11.53 8.47 8.77 8.81 8.74 8.30 8.97 8.04 7.91 8.17 7.93 7.99 8.15 7.91 7.80 8.19 9.92 9.40 8.71 8.54 8.52 9.13 10.88 12.73 -9999 -9999 -9999 -9999 -9999 -9999 -9999 -9999 -9999 -9999 -9999
-9999 -9999 -9999 -9999 -9999 -9999 -9999 -9999 -9999 -9999 -9999 -9999 -9999 -9999 -9999 -9999 -9999 -9999 -9999 -9999 -9999 -9999 -9999 -9999 -9999 -9999 -9999 -9999 11.28 9.19 7.89 7.18 7.66 10.59 8.77 8.38 6.71 8.24 10.89 8.62 10.22 9.70 10.78 7.86 11.36 9.38 10.40 9.97 9.92 8.78 8.31 7.95 7.81 7.81 7.96 8.07 8.13 7.93 7.84 8.50 9.64 9.04 8.54 8.56 8.75 10.06 11.94 -9999 -9999 -9999 -9999 -9999 -9999 -9999 -9999 -9999 -9999 -9999
-9999 -9999 -9999 -9999 -9999 -9999 -9999 -9999 -9999 -9999 -9999 -9999 -9999 -9999 -9999 -9999 -9999 -9999 -9999 -9999 -9999 -9999 -9999 -9999 -9999 -9999 -9999 -9999 11.20 9.01 8.20 7.74 8.03 8.70 8.99 7.84 6.96 8.28 8.32 7.66 9.48 11.81 9.74 9.34 8.12 9.73 8.14 8.63 9.15 9.40 8.54 8.23 7.80 7.78 7.97 8.10 8.19 8.12 7.83 8.11 9.33 9.97 8.95 8.54 8.76 9.35 10.72 12.46 -9999 -9999 -9999 -9999 -9999 -9999 -9999 -9999 -9999 -9999
-9999 -9999 -9999 -9999 -9999 -9999 -9999 -9999 -9999 -9999 -9999 -9999 -9999 -9999 -9999 -9999 -9999 -9999 -9999 -9999 -9999 -9999 -9999 -9999 -9999 -9999 -9999 -9999 10.91 9.14 8.57 8.47 8.22 8.00 7.77 8.27 9.09 6.84 6.62 7.58 11.61 11.73 12.75 11.50 9.71 9.51 9.90 8.54 7.88 8.81 9.15 8.20 7.83 7.88 7.88 8.11 8.33 8.47 8.23 8.24 9.87 10.98 9.91 9.49 9.54 9.37 9.71 11.27 12.92 -9999 -9999 -9999 -9999 -9999 -9999 -9999 -9999 -9999
-9999 -9999 -9999 -9999 -9999 -9999 -9999 -9999 -9999 -9999 -9999 -9999 -9999 -9999 -9999 -9999 -9999 -9999 -9999 -9999 -9999 -9999 -9999 -9999 -9999 -9999 -9999 -9999 10.96 9.02 8.50 8.22 7.76 7.20 7.63 7.11 7.95 8.39 9.99 11.34 12.25 9.99 11.62 10.36 10.18 8.86 10.04 9.48 8.66 8.04 7.87 8.00 7.82 7.93 8.07 8.33 8.52 8.79 8.91 8.98 9.54 10.54 10.30 9.93 10.06 10.10 9.86 10.06 11.77 -9999 -9999 -9999 -9999 -9999 -9999 -9999 -9999 -9999
-9999 -9999 -9999 -9999 -9999 -9999 -9999 -9999 -9999 -9999 -9999 -9999 -9999 -9999 -9999 -9999 -9999 -9999 -9999 -9999 -9999 -9999 -9999 -9999 -9999 -9999 -9999 -9999 -9999 9.06 8.56 8.01 7.14 7.30 8.84 8.88 9.45 8.37 8.27 10.23 10.24 11.66 11.00 9.30 7.93 8.42 8.34 9.42 8.56 8.24 8.70 8.40 7.88 8.12 8.18 8.44 8.53 8.76 9.10 9.38 9.66 9.67 9.91 10.18 10.48 -9999 10.50 10.90 11.89 13.71 -9999 -9999 -9999 -9999 -9999 -9999 -9999 -9999
-9999 -9999 -9999 -9999 -9999 -9999 -9999 -9999 -9999 -9999 -9999 -9999 -9999 -9999 -9999 -9999 -9999 -9999 -9999 -9999 -9999 -9999 -9999 -9999 -9999 -9999 -9999 -9999 10.70 8.96 8.39 7.58 6.70 6.60 10.22 10.86 9.02 11.39 11.04 9.21 9.01 12.78 11.31 11.62 9.28 7.76 9.53 8.34 7.78 8.35 8.47 8.12 8.24 8.07 8.15 8.28 8.53 8.51 8.69 10.10 9.56 9.11 10.35 9.79 10.14 10.32 -9999 11.67 12.60 14.08 15.21 -9999 -9999 -9999 -9999 -9999 -9999 -9999
-9999 -9999 -9999 -9999 -9999 -9999 -9999 -9999 -9999 -9999 -9999 -9999 -9999 -9999 -9999 -9999 -9999 -9999 -9999 -9999 -9999 -9999 -9999 -9999 -9999 -9999 -9999 -9999 10.34 8.61 8.11 7.53 8.48 7.54 8.75 11.41 8.72 9.01 9.22 7.26 7.14 10.61 10.39 10.39 7.74 9.51 10.42 8.51 9.34 8.61 9.04 8.78 8.37 8.02 8.05 8.14 8.24 8.17 8.19 8.55 8.98 8.26 8.61 9.28 9.00 10.02 10.70 -9999 -9999 -9999 -9999 -9999 -9999 -9999 -9999 -9999 -9999 -9999
-9999 -9999 -9999 -9999 -9999 -9999 -9999 -9999 -9999 -9999 -9999 -9999 -9999 -9999 -9999 -9999 -9999 -9999 -9999 -9999 -9999 -9999 -9999 -9999 -9999 -9999 -9999 12.27 9.64 8.26 8.77 8.38 8.39 7.98 8.96 9.23 8.68 8.34 7.75 7.29 7.27 9.53 11.96 12.17 8.65 11.06 10.71 8.75 9.02 8.15 8.65 8.84 8.24 7.84 8.10 8.10 8.10 8.24 8.13 8.44 8.66 8.50 8.35 9.63 9.21 9.29 9.83 11.23 12.72 -9999 -9999 -9999 -9999 -9999 -9999 -9999 -9999 -9999
-9999 -9999 -9999 -9999 -9999 -9999 -9999 -9999 -9999 -9999 -9999 -9999 -9999 -9999 -9999 -9999 -9999 -9999 -9999 -9999 -9999 -9999 -9999 -9999 -9999 -9999 -9999 -9999 9.87 8.42 8.21 8.59 10.16 8.32 8.09 8.04 8.33 8.46 7.80 7.23 6.65 6.77 10.22 11.49 12.62 10.65 11.13 10.37 9.52 9.73 7.88 7.92 8.59 7.86 7.92 7.88 7.93 8.22 8.19 8.41 8.83 8.54 8.09 8.25 10.33 9.46 9.20 9.78 10.90 12.31 13.85 -9999 -9999 -9999 -9999 -9999 -9999 -9999
