ML/MeanWindSpeed_1998-02_Actual.txt
ncols         180
nrows         290
xllcorner     -200000
yllcorner     -200000
cellsize      5000
NODATA_value  -9999
[rows 136 to 169 of 290, columns 77 to 153 of 180]
-9999 -9999 17.11 15.27 12.50 15.29 13.67 15.71 13.62 12.33 10.68 9.92 11.47 17.72 14.61 13.73 11.25 10.82 10.94 10.48 11.64 13.22 11.54 12.75 11.51 12.21 11.99 12.13 12.17 12.10 11.85 11.86 12.50 11.30 9.62 10.73 11.77 12.23 13.11 12.98 9.03 10.04 13.15 11.86 10.20 10.57 10.21 10.64 10.04 11.07 12.17 -9999 -9999 -9999 -9999 -9999 -9999 -9999 -9999 -9999 -9999 -9999 -9999 -9999 -9999 -9999 -9999 -9999 -9999 -9999 -9999 -9999 -9999 -9999 -9999 -9999 -9999
-9999 -9999 17.21 15.38 11.29 14.51 12.29 13.61 12.86 12.35 11.86 9.48 13.67 13.63 13.18 15.89 12.24 10.91 10.74 9.33 12.45 17.91 13.57 -9999 -9999 -9999 12.51 12.49 -9999 12.13 12.32 12.30 11.27 10.20 10.96 12.53 11.16 11.20 12.70 11.76 13.36 12.60 9.38 7.88 8.23 8.79 9.46 6.90 7.92 8.68 10.70 -9999 -9999 -9999 -9999 -9999 -9999 -9999 -9999 -9999 -9999 -9999 -9999 -9999 -9999 -9999 -9999 -9999 -9999 -9999 -9999 -9999 -9999 -9999 -9999 -9999 -9999
-9999 -9999 15.41 17.87 13.14 12.47 13.25 14.22 13.82 13.05 12.02 10.96 11.21 17.51 14.16 15.15 11.90 11.53 13.77 10.40 11.83 13.08 13.92 -9999 -9999 -9999 12.79 12.21 12.54 12.77 12.16 11.58 10.19 11.60 14.69 14.92 12.06 15.79 11.84 11.47 14.69 11.10 11.44 11.18 10.73 7.61 8.57 9.90 7.93 7.15 9.19 -9999 -9999 -9999 -9999 -9999 -9999 -9999 -9999 -9999 -9999 -9999 -9999 -9999 -9999 -9999 -9999 -9999 -9999 -9999 -9999 -9999 -9999 -9999 -9999 -9999 -9999
-9999 -9999 -9999 16.59 16.57 13.78 -9999 15.04 15.15 13.95 13.06 12.08 -9999 13.47 12.14 13.28 11.13 13.11 14.05 12.57 12.84 -9999 -9999 -9999 -9999 13.66 12.10 11.64 11.83 12.78 12.91 11.65 10.81 10.74 15.28 19.88 11.24 17.10 12.46 14.48 15.72 12.45 14.04 11.27 8.57 9.81 9.57 7.57 4.94 6.19 9.29 10.00 -9999 -9999 -9999 -9999 -9999 -9999 -9999 -9999 -9999 -9999 -9999 -9999 -9999 -9999 -9999 -9999 -9999 -9999 -9999 -9999 -9999 -9999 -9999 -9999 -9999
-9999 -9999 -9999 -9999 16.78 -9999 -9999 -9999 14.66 15.24 13.80 13.66 14.19 -9999 -9999 14.23 12.25 15.47 16.71 -9999 -9999 -9999 -9999 -9999 14.30 13.42 11.01 11.44 11.42 12.50 12.30 13.13 12.99 9.70 11.81 15.55 17.84 13.71 16.15 17.14 17.34 13.93 14.36 14.16 11.79 8.19 7.59 7.85 4.51 5.68 8.91 11.30 -9999 -9999 -9999 -9999 -9999 -9999 -9999 -9999 -9999 -9999 -9999 -9999 -9999 -9999 -9999 -9999 -9999 -9999 -9999 -9999 -9999 -9999 -9999 -9999 -9999
-9999 -9999 -9999 -9999 16.42 16.44 -9999 -9999 -9999 14.66 15.79 15.36 15.45 -9999 -9999 -9999 -9999 14.63 -9999 -9999 -9999 -9999 -9999 -9999 12.89 12.27 11.48 12.50 13.91 14.01 12.88 12.97 11.83 10.15 9.48 13.39 16.17 11.46 18.32 17.47 18.72 14.26 14.08 15.64 11.62 8.67 7.23 5.24 3.99 5.55 8.48 11.21 -9999 -9999 -9999 -9999 -9999 -9999 -9999 -9999 -9999 -9999 -9999 -9999 -9999 -9999 -9999 -9999 -9999 -9999 -9999 -9999 -9999 -9999 -9999 -9999 -9999
-9999 -9999 -9999 -9999 -9999 18.09 -9999 -9999 -9999 -9999 15.16 16.53 16.02 -9999 -9999 -9999 -9999 -9999 -9999 -9999 -9999 -9999 -9999 13.65 12.75 13.23 13.48 13.73 15.62 15.23 14.04 13.72 12.49 11.70 9.17 10.28 18.76 19.23 18.11 17.27 13.65 12.21 12.48 9.99 7.02 9.32 9.02 4.96 4.55 6.26 8.61 11.59 13.44 -9999 -9999 -9999 -9999 -9999 -9999 -9999 -9999 -9999 -9999 -9999 -9999 -9999 -9999 -9999 -9999 -9999 -9999 -9999 -9999 -9999 -9999 -9999 -9999
-9999 -9999 -9999 -9999 -9999 19.44 -9999 -9999 -9999 -9999 -9999 -9999 -9999 -9999 -9999 -9999 -9999 -9999 -9999 -9999 -9999 -9999 -9999 13.86 12.19 11.22 10.52 9.66 19.06 15.84 14.21 16.33 12.52 13.66 8.00 7.66 15.23 20.94 16.05 13.53 19.01 21.18 18.67 14.73 12.22 6.46 6.97 6.52 7.86 7.24 8.62 12.02 13.60 13.85 -9999 -9999 -9999 -9999 -9999 -9999 -9999 -9999 -9999 -9999 -9999 -9999 -9999 -9999 -9999 -9999 -9999 -9999 -9999 -9999 -9999 -9999 -9999
-9999 -9999 -9999 -9999 -9999 -9999 -9999 -9999 -9999 -9999 -9999 -9999 -9999 -9999 -9999 -9999 -9999 -9999 -9999 -9999 -9999 -9999 13.60 12.75 11.29 10.14 14.54 8.50 24.55 23.16 13.05 13.96 12.49 11.24 11.42 7.21 8.28 20.12 19.23 16.38 14.53 13.28 16.26 15.15 13.10 9.90 8.02 7.63 7.38 7.64 9.74 10.68 11.31 12.45 -9999 -9999 -9999 -9999 -9999 -9999 -9999 -9999 -9999 -9999 -9999 -9999 -9999 -9999 -9999 -9999 -9999 -9999 -9999 -9999 -9999 -9999 -9999
-9999 -9999 -9999 -9999 -9999 -9999 -9999 -9999 -9999 -9999 -9999 -9999 -9999 -9999 -9999 -9999 -9999 -9999 -9999 -9999 -9999 -9999 12.27 13.28 10.02 13.09 23.36 13.44 8.39 15.74 17.19 13.84 13.17 12.01 11.26 9.25 8.29 10.10 21.41 17.97 16.41 13.28 12.88 12.92 10.47 9.88 9.59 10.45 8.45 9.88 9.47 10.10 10.09 10.77 11.74 12.51 12.65 -9999 -9999 -9999 -9999 -9999 -9999 -9999 -9999 -9999 -9999 -9999 -9999 -9999 -9999 -9999 -9999 -9999 -9999 -9999 -9999
-9999 -9999 -9999 -9999 -9999 -9999 -9999 -9999 -9999 -9999 -9999 -9999 -9999 -9999 -9999 -9999 -9999 -9999 -9999 -9999 -9999 -9999 12.09 11.76 11.48 16.68 11.53 11.57 13.07 18.25 13.82 11.84 16.80 9.89 12.97 10.97 10.06 8.47 12.25 15.61 15.56 14.50 13.47 10.46 10.59 9.79 9.11 8.72 9.20 9.31 9.89 9.35 9.37 9.72 13.81 11.84 13.22 14.22 13.82 -9999 -9999 -9999 -9999 -9999 -9999 -9999 -9999 -9999 -9999 -9999 -9999 -9999 -9999 -9999 -9999 -9999 -9999
-9999 -9999 -9999 -9999 -9999 -9999 -9999 -9999 -9999 -9999 -9999 -9999 -9999 -9999 -9999 -9999 -9999 -9999 -9999 -9999 -9999 -9999 11.93 11.28 12.69 20.11 21.79 16.58 11.96 12.73 13.63 17.37 10.93 15.70 13.24 12.07 12.44 10.91 7.77 8.80 15.18 14.95 13.79 12.44 11.19 10.56 10.45 10.19 9.56 9.93 9.73 9.13 9.83 9.92 11.01 14.55 13.80 13.88 15.40 15.18 12.69 -9999 -9999 -9999 -9999 -9999 -9999 -9999 -9999 -9999 -9999 -9999 -9999 -9999 -9999 -9999 -9999
-9999 -9999 -9999 -9999 -9999 -9999 -9999 -9999 -9999 -9999 -9999 -9999 -9999 -9999 -9999 -9999 -9999 -9999 -9999 -9999 -9999 -9999 12.39 10.59 13.50 15.65 9.85 26.30 21.95 11.19 14.10 11.37 16.47 17.73 12.76 10.82 12.02 12.22 8.76 18.49 16.56 16.25 17.26 17.74 16.43 11.85 13.25 11.37 10.75 10.58 10.33 10.16 9.85 8.81 9.52 12.69 11.19 10.67 11.80 13.78 11.72 15.26 -9999 -9999 -9999 -9999 -9999 -9999 -9999 -9999 -9999 -9999 -9999 -9999 -9999 -9999 -9999
-9999 -9999 -9999 -9999 -9999 -9999 -9999 -9999 -9999 -9999 15.16 15.60 16.23 -9999 -9999 -9999 -9999 -9999 -9999 -9999 -9999 -9999 -9999 12.13 10.37 8.65 11.74 14.54 18.89 10.18 6.57 13.49 12.46 11.79 10.51 13.01 13.25 11.50 12.39 15.48 15.28 20.22 18.71 15.79 15.05 15.85 13.66 11.96 11.37 10.86 10.85 9.95 9.24 14.75 12.85 16.64 17.06 15.37 13.84 10.47 14.67 15.15 13.48 -9999 -9999 -9999 -9999 -9999 -9999 -9999 -9999 -9999 -9999 -9999 -9999 -9999 -9999
-9999 -9999 -9999 -9999 -9999 -9999 -9999 -9999 -9999 -9999 13.62 13.77 -9999 -9999 -9999 -9999 -9999 -9999 -9999 -9999 -9999 -9999 -9999 -9999 10.56 7.19 12.35 12.68 23.23 12.73 12.78 11.21 8.21 7.33 8.49 8.47 19.33 11.08 12.39 18.47 14.73 11.00 10.29 16.44 11.48 15.55 13.12 11.63 10.99 10.82 10.19 10.67 13.69 14.82 13.17 12.06 11.20 12.71 14.15 13.50 14.08 13.74 16.46 -9999 -9999 -9999 -9999 -9999 -9999 -9999 -9999 -9999 -9999 -9999 -9999 -9999 -9999
-9999 -9999 -9999 -9999 -9999 -9999 -9999 -9999 -9999 13.25 16.99 16.41 15.29 -9999 -9999 -9999 -9999 -9999 -9999 -9999 -9999 -9999 -9999 -9999 11.49 13.62 14.26 14.20 11.32 13.97 11.41 10.37 8.69 7.77 10.46 8.50 6.65 18.57 12.53 11.04 16.16 13.49 17.56 13.82 14.49 12.63 12.32 11.78 11.64 10.55 9.82 11.28 12.81 11.33 12.08 12.88 12.12 12.71 12.56 13.01 13.31 11.40 15.46 13.96 -9999 -9999 -9999 -9999 -9999 -9999 -9999 -9999 -9999 -9999 -9999 -9999 -9999
-9999 -9999 -9999 -9999 -9999 -9999 -9999 -9999 12.20 17.50 19.47 23.65 15.16 -9999 -9999 -9999 -9999 -9999 -9999 -9999 -9999 -9999 -9999 -9999 13.11 18.55 14.43 8.68 10.97 10.60 11.78 9.21 8.05 9.34 10.73 7.09 15.41 11.46 15.55 11.47 18.05 10.78 12.87 10.54 13.78 11.84 12.35 12.65 11.04 10.74 9.65 9.49 13.21 13.50 12.75 10.94 11.06 10.48 10.62 11.15 13.30 13.40 12.92 14.20 -9999 -9999 -9999 -9999 -9999 -9999 -9999 -9999 -9999 -9999 -9999 -9999 -9999
-9999 -9999 -9999 -9999 -9999 -9999 -9999 14.50 13.47 22.06 17.28 16.36 -9999 -9999 -9999 -9999 -9999 -9999 -9999 -9999 -9999 -9999 -9999 -9999 -9999 12.51 9.73 9.41 12.60 9.48 12.36 9.86 9.06 8.72 9.52 7.40 15.55 15.04 16.36 15.70 17.21 17.11 17.20 15.50 14.83 15.07 14.31 11.64 11.16 10.74 9.78 9.24 9.71 15.57 13.88 10.22 9.47 9.54 9.07 9.13 9.20 9.73 9.65 11.13 13.26 14.05 -9999 -9999 -9999 -9999 -9999 -9999 -9999 -9999 -9999 -9999 -9999
-9999 -9999 -9999 -9999 -9999 -9999 -9999 18.08 19.91 14.00 13.61 14.24 -9999 -9999 -9999 -9999 -9999 -9999 -9999 -9999 -9999 -9999 -9999 -9999 -9999 -9999 10.86 12.10 11.12 9.99 11.55 10.64 10.66 9.85 10.57 7.50 15.40 13.91 12.41 15.75 14.63 13.61 19.61 19.54 14.56 16.75 14.98 14.09 11.40 10.65 10.17 9.53 9.35 10.37 11.02 10.07 10.07 9.86 9.69 9.14 8.88 9.00 9.49 13.63 14.02 13.47 -9999 -9999 -9999 -9999 -9999 -9999 -9999 -9999 -9999 -9999 -9999
-9999 -9999 -9999 -9999 -9999 -9999 -9999 18.84 16.51 16.80 15.00 -9999 -9999 -9999 -9999 -9999 -9999 -9999 -9999 -9999 -9999 -9999 -9999 -9999 -9999 -9999 12.61 12.70 11.92 -9999 11.78 -9999 11.21 9.79 8.89 7.32 7.02 14.08 12.94 13.56 18.41 9.24 10.76 18.64 15.97 15.15 15.01 13.35 11.60 11.04 10.86 10.13 9.76 9.65 10.82 12.41 10.96 11.63 10.20 9.16 10.48 12.14 11.68 10.85 10.90 13.19 15.38 15.82 -9999 -9999 -9999 -9999 -9999 -9999 -9999 -9999 -9999
-9999 -9999 -9999 -9999 -9999 -9999 18.17 16.34 15.66 -9999 -9999 -9999 -9999 -9999 -9999 -9999 -9999 -9999 -9999 -9999 -9999 -9999 -9999 -9999 -9999 -9999 14.09 12.74 11.73 -9999 -9999 -9999 11.10 11.84 7.86 9.05 10.23 8.15 8.22 10.68 16.32 16.14 9.15 15.08 17.56 13.84 15.59 14.20 12.75 10.37 10.57 10.21 10.03 9.85 10.04 10.65 10.73 11.20 9.57 10.45 12.02 13.05 13.38 12.98 11.76 11.54 12.82 14.20 -9999 -9999 -9999 -9999 -9999 -9999 -9999 -9999 -9999
-9999 -9999 -9999 -9999 -9999 -9999 -9999 -9999 -9999 -9999 -9999 -9999 -9999 -9999 -9999 -9999 -9999 -9999 -9999 -9999 -9999 -9999 -9999 -9999 -9999 -9999 -9999 -9999 -9999 -9999 -9999 12.10 9.93 9.70 12.21 13.54 13.96 13.23 10.87 11.23 14.91 14.69 11.99 9.08 13.94 16.05 13.80 12.87 11.99 11.08 10.75 10.96 10.23 9.87 9.82 9.80 9.75 9.14 10.62 14.41 12.23 13.06 11.97 12.01 10.78 11.35 12.27 -9999 -9999 -9999 -9999 -9999 -9999 -9999 -9999 -9999 -9999
-9999 -9999 -9999 -9999 -9999 -9999 -9999 -9999 -9999 -9999 -9999 -9999 -9999 -9999 -9999 -9999 -9999 -9999 -9999 -9999 -9999 -9999 -9999 -9999 -9999 -9999 -9999 -9999 -9999 -9999 -9999 11.41 9.71 11.54 15.05 18.50 16.36 11.95 13.44 9.47 9.94 9.43 11.96 12.64 13.69 14.37 13.98 12.44 12.04 11.68 10.73 10.93 10.13 9.98 9.99 10.01 9.81 9.11 10.05 15.35 14.20 11.90 11.46 11.16 10.84 11.42 12.53 -9999 -9999 -9999 -9999 -9999 -9999 -9999 -9999 -9999 -9999
-9999 -9999 -9999 -9999 -9999 -9999 -9999 -9999 -9999 -9999 -9999 -9999 -9999 -9999 -9999 -9999 -9999 -9999 -9999 -9999 -9999 -9999 -9999 -9999 -9999 -9999 -9999 -9999 -9999 -9999 -9999 10.54 8.90 9.25 12.79 14.27 13.39 12.09 11.83 10.53 11.09 9.71 9.69 10.75 8.55 14.17 12.51 13.98 12.36 12.04 10.44 10.08 10.22 10.08 10.11 10.00 9.93 9.63 9.44 12.16 13.48 12.47 11.68 11.65 11.26 11.48 12.01 -9999 -9999 -9999 -9999 -9999 -9999 -9999 -9999 -9999 -9999
-9999 -9999 -9999 -9999 -9999 -9999 -9999 -9999 -9999 -9999 -9999 -9999 -9999 -9999 -9999 -9999 -9999 -9999 -9999 -9999 -9999 -9999 -9999 -9999 -9999 -9999 -9999 -9999 -9999 13.56 11.82 9.81 8.64 11.84 13.69 17.24 12.69 14.98 8.87 10.62 10.50 12.11 12.70 12.11 14.51 9.64 10.30 10.50 10.56 10.10 11.28 10.07 10.02 10.40 9.99 9.94 10.07 9.83 9.75 10.08 12.80 12.54 11.90 11.76 11.63 11.19 10.94 11.78 -9999 -9999 -9999 -9999 -9999 -9999 -9999 -9999 -9999
-9999 -9999 -9999 -9999 -9999 -9999 -9999 -9999 -9999 -9999 -9999 -9999 -9999 -9999 -9999 -9999 -9999 -9999 -9999 -9999 -9999 -9999 -9999 -9999 -9999 -9999 -9999 -9999 -9999 12.75 10.90 9.71 9.02 9.34 12.83 9.73 9.90 7.94 10.20 14.54 11.43 13.45 12.56 13.98 9.33 14.28 11.34 12.91 12.43 12.57 11.07 10.54 10.07 9.84 9.81 9.91 9.95 10.01 9.89 9.85 10.92 12.96 12.44 11.81 11.80 10.75 9.80 11.04 -9999 -9999 -9999 -9999 -9999 -9999 -9999 -9999 -9999
-9999 -9999 -9999 -9999 -9999 -9999 -9999 -9999 -9999 -9999 -9999 -9999 -9999 -9999 -9999 -9999 -9999 -9999 -9999 -9999 -9999 -9999 -9999 -9999 -9999 -9999 -9999 -9999 -9999 12.77 10.73 10.03 9.47 9.46 9.70 10.21 9.37 8.24 10.43 11.09 10.32 12.53 15.54 12.21 11.35 9.48 12.02 9.75 10.71 11.60 12.00 10.82 10.44 9.78 9.73 9.90 9.97 10.03 10.09 10.08 10.63 12.50 13.72 12.32 11.52 10.34 9.13 9.88 11.34 -9999 -9999 -9999 -9999 -9999 -9999 -9999 -9999
-9999 -9999 -9999 -9999 -9999 -9999 -9999 -9999 -9999 -9999 -9999 -9999 -9999 -9999 -9999 -9999 -9999 -9999 -9999 -9999 -9999 -9999 -9999 -9999 -9999 -9999 -9999 -9999 -9999 12.32 10.82 10.32 10.25 9.77 9.37 8.99 10.07 11.68 8.46 8.45 10.07 15.77 15.49 16.84 14.67 11.80 11.47 12.10 10.24 9.46 10.92 11.52 10.29 9.76 9.81 9.68 9.87 10.06 10.30 10.30 10.49 12.64 14.34 12.82 11.77 10.62 9.12 9.02 10.41 11.79 -9999 -9999 -9999 -9999 -9999 -9999 -9999
-9999 -9999 -9999 -9999 -9999 -9999 -9999 -9999 -9999 -9999 -9999 -9999 -9999 -9999 -9999 -9999 -9999 -9999 -9999 -9999 -9999 -9999 -9999 -9999 -9999 -9999 -9999 -9999 -9999 12.23 10.48 10.03 9.80 9.36 8.72 9.55 9.15 10.70 11.15 13.46 15.25 15.92 12.24 14.69 12.90 12.67 10.74 12.34 11.49 10.38 9.56 9.43 9.85 9.67 9.76 9.82 9.98 10.11 10.43 10.67 10.88 11.27 12.70 12.43 11.55 10.83 10.03 9.35 9.43 11.03 -9999 -9999 -9999 -9999 -9999 -9999 -9999
-9999 -9999 -9999 -9999 -9999 -9999 -9999 -9999 -9999 -9999 -9999 -9999 -9999 -9999 -9999 -9999 -9999 -9999 -9999 -9999 -9999 -9999 -9999 -9999 -9999 -9999 -9999 -9999 -9999 -9999 10.44 10.01 9.57 8.83 9.46 11.88 11.85 12.84 11.33 10.82 13.27 12.49 14.26 13.11 10.56 8.80 9.72 9.64 11.40 10.29 9.87 10.52 10.22 9.54 9.85 9.73 9.91 9.94 10.21 10.60 10.95 11.11 10.93 11.36 11.38 11.14 -9999 10.21 10.42 11.34 13.08 -9999 -9999 -9999 -9999 -9999 -9999
-9999 -9999 -9999 -9999 -9999 -9999 -9999 -9999 -9999 -9999 -9999 -9999 -9999 -9999 -9999 -9999 -9999 -9999 -9999 -9999 -9999 -9999 -9999 -9999 -9999 -9999 -9999 -9999 -9999 11.90 10.34 9.87 9.04 8.48 8.77 13.71 14.30 11.68 15.01 14.13 11.69 11.25 16.50 13.95 14.38 11.05 8.81 11.31 9.61 8.99 10.03 10.16 9.64 9.88 9.51 9.53 9.65 9.87 9.86 10.05 12.01 11.10 10.32 11.98 11.01 10.78 10.58 -9999 11.34 12.09 13.45 14.53 -9999 -9999 -9999 -9999 -9999
-9999 -9999 -9999 -9999 -9999 -9999 -9999 -9999 -9999 -9999 -9999 -9999 -9999 -9999 -9999 -9999 -9999 -9999 -9999 -9999 -9999 -9999 -9999 -9999 -9999 -9999 -9999 -9999 -9999 11.59 10.06 9.65 8.98 10.81 9.48 10.59 14.19 10.14 10.61 11.02 8.60 8.73 13.58 12.95 13.13 9.33 11.78 12.83 9.90 11.22 10.20 10.79 10.37 9.86 9.33 9.30 9.37 9.45 9.41 9.42 9.74 10.46 9.39 9.72 10.58 9.80 10.48 10.83 -9999 -9999 -9999 -9999 -9999 -9999 -9999 -9999 -9999
-9999 -9999 -9999 -9999 -9999 -9999 -9999 -9999 -9999 -9999 -9999 -9999 -9999 -9999 -9999 -9999 -9999 -9999 -9999 -9999 -9999 -9999 -9999 -9999 -9999 -9999 -9999 -9999 13.21 10.81 9.79 10.67 10.08 10.16 9.53 10.35 10.33 9.79 9.62 9.00 8.71 9.32 12.45 15.52 16.01 10.86 14.04 13.14 10.11 10.54 9.31 10.03 10.31 9.58 9.08 9.37 9.32 9.25 9.41 9.22 9.40 9.61 9.48 9.16 10.97 10.26 10.11 10.23 11.40 12.61 -9999 -9999 -9999 -9999 -9999 -9999 -9999
-9999 -9999 -9999 -9999 -9999 -9999 -9999 -9999 -9999 -9999 -9999 -9999 -9999 -9999 -9999 -9999 -9999 -9999 -9999 -9999 -9999 -9999 -9999 -9999 -9999 -9999 -9999 -9999 -9999 10.94 9.70 9.70 10.11 12.29 9.59 9.03 8.86 9.60 10.09 9.41 9.03 8.78 8.63 13.32 15.19 16.73 13.33 13.63 12.30 10.96 11.35 8.71 8.87 10.05 9.09 9.13 9.04 9.02 9.30 9.14 9.19 9.56 9.24 8.71 8.89 11.87 10.49 9.99 10.29 11.16 12.39 13.76 -9999 -9999 -9999 -9999 -9999
