ML/MeanWindSpeed_2000-05_Actual.txt
ncols         180
nrows         290
xllcorner     -200000
yllcorner     -200000
cellsize      5000
NODATA_value  -9999
[rows 210 to 244 of 290, columns 79 to 157 of 180]
11.10 10.13 11.36 11.17 -9999 -9999 -9999 -9999 -9999 -9999 -9999 7.89 7.83 8.67 8.23 8.01 7.80 8.77 10.23 11.91 11.57 10.42 9.58 9.33 8.81 11.15 11.01 7.83 6.79 9.33 9.77 10.62 8.49 7.77 7.31 6.85 7.61 8.40 8.87 9.37 9.15 8.77 8.40 7.95 7.49 7.16 6.73 7.00 6.77 6.97 7.27 7.60 7.89 7.48 7.31 7.00 5.98 5.52 6.79 7.78 8.06 7.93 7.39 7.21 7.62 7.90 7.58 7.08 6.82 7.47 6.84 7.01 7.59 7.25 7.28 7.34 6.94 6.74 7.00
11.12 -9999 -9999 -9999 -9999 -9999 -9999 -9999 -9999 10.26 9.46 9.29 10.01 9.76 8.87 8.08 8.38 8.56 10.51 11.80 11.15 8.56 8.60 10.91 10.15 10.41 8.97 7.59 7.27 9.11 9.52 9.43 8.17 7.65 7.42 6.58 8.77 9.35 8.97 9.35 9.11 8.81 8.43 7.90 7.81 7.12 6.92 6.48 6.54 6.76 7.21 7.44 7.78 7.35 8.09 8.55 6.63 6.71 6.01 7.57 7.80 7.58 8.16 7.90 7.89 8.24 7.65 6.97 6.85 6.87 7.22 7.52 7.15 7.56 7.41 6.99 6.91 7.67 7.23
-9999 -9999 -9999 -9999 -9999 -9999 -9999 -9999 -9999 11.01 10.67 9.52 10.44 10.85 -9999 -9999 8.59 10.82 8.52 9.77 9.29 9.09 9.47 10.55 8.99 8.98 8.94 8.27 8.70 9.14 9.19 8.58 7.94 8.11 7.17 7.50 9.24 8.97 8.90 8.97 9.03 9.13 8.69 7.92 7.50 6.83 6.77 7.08 7.44 7.36 7.93 7.38 7.22 7.93 9.55 8.23 7.53 6.76 6.08 7.54 7.68 7.77 7.94 7.89 7.69 7.58 8.24 7.17 6.91 6.82 6.81 6.97 6.89 6.74 7.63 7.19 7.44 8.08 8.02
-9999 -9999 -9999 -9999 -9999 -9999 -9999 -9999 -9999 -9999 -9999 -9999 -9999 -9999 -9999 -9999 9.63 9.48 9.48 9.02 8.23 8.07 8.30 9.09 9.02 9.26 9.28 9.31 9.73 9.66 -9999 8.19 7.81 7.61 7.30 7.69 9.16 9.08 9.29 9.03 8.59 8.38 8.61 7.81 7.55 7.99 7.96 7.68 8.20 8.83 8.13 8.00 7.89 8.26 9.25 8.24 7.70 7.22 6.72 6.87 7.08 7.50 7.96 7.73 7.36 7.34 7.23 6.83 6.67 6.57 6.57 6.66 6.86 6.94 7.13 7.09 7.41 7.78 -9999
-9999 -9999 -9999 -9999 -9999 -9999 -9999 -9999 -9999 -9999 -9999 -9999 -9999 -9999 -9999 -9999 -9999 9.84 9.09 8.40 8.56 8.95 8.37 8.56 8.88 9.47 -9999 -9999 -9999 -9999 8.65 7.71 7.59 7.38 7.37 7.94 9.32 9.15 9.46 9.01 8.25 8.58 8.20 8.77 8.20 9.12 8.29 8.40 8.13 8.43 8.36 7.93 8.40 7.48 8.09 8.10 6.88 6.76 6.40 6.45 6.57 6.44 6.40 6.71 6.62 6.62 6.55 6.33 6.13 6.87 7.01 6.35 6.39 6.48 6.68 6.95 7.61 8.52 8.43
-9999 -9999 -9999 -9999 -9999 -9999 -9999 -9999 -9999 -9999 -9999 -9999 -9999 -9999 -9999 -9999 -9999 -9999 9.42 9.89 9.19 8.71 9.37 9.46 9.73 -9999 -9999 -9999 -9999 9.10 8.70 8.47 6.84 6.74 7.01 8.84 9.61 9.56 9.32 8.59 8.39 8.17 8.98 9.59 8.70 8.65 8.29 8.32 8.11 7.59 7.97 7.97 7.65 7.58 7.67 7.30 6.67 6.57 6.73 6.94 7.08 6.33 6.27 6.30 6.18 6.40 6.23 6.20 5.74 6.19 6.15 6.12 6.64 6.16 6.90 7.04 7.27 7.01 7.41
-9999 -9999 -9999 -9999 -9999 -9999 -9999 -9999 -9999 -9999 -9999 -9999 -9999 -9999 -9999 -9999 -9999 -9999 -9999 9.83 9.75 9.44 10.25 9.81 10.31 -9999 -9999 -9999 8.69 7.36 6.83 7.92 7.92 7.51 6.99 8.27 8.28 9.47 9.01 7.92 8.62 9.15 9.06 8.72 8.96 8.32 7.94 7.65 7.26 7.20 7.17 7.29 7.59 7.37 7.01 6.81 6.70 6.68 7.05 6.88 6.95 6.64 6.23 6.18 5.88 5.62 5.49 5.68 5.58 5.77 5.78 6.30 6.48 6.80 6.84 6.34 7.29 6.30 6.77
-9999 -9999 -9999 -9999 -9999 -9999 -9999 -9999 -9999 -9999 -9999 -9999 -9999 -9999 -9999 -9999 -9999 -9999 -9999 -9999 -9999 -9999 -9999 -9999 -9999 -9999 -9999 10.24 7.99 6.92 6.63 7.53 6.63 7.29 8.02 8.43 8.76 8.96 7.83 7.35 7.56 8.15 8.05 8.23 8.14 8.13 7.88 7.78 8.69 7.64 7.64 7.16 7.41 7.33 6.77 6.72 6.44 6.73 7.26 6.90 6.52 6.23 5.98 5.77 5.99 5.62 5.88 5.71 6.33 6.71 6.39 5.70 7.42 7.98 7.02 6.17 7.75 7.00 6.57
-9999 -9999 -9999 -9999 -9999 -9999 -9999 -9999 -9999 -9999 -9999 -9999 -9999 -9999 -9999 -9999 -9999 -9999 -9999 -9999 -9999 -9999 -9999 -9999 -9999 -9999 -9999 8.75 7.99 7.15 10.46 9.31 6.93 7.19 7.81 8.50 8.98 7.89 7.38 7.08 7.12 7.98 7.86 7.67 8.55 8.29 8.98 8.16 8.27 8.92 7.84 7.40 7.17 6.72 6.55 6.40 6.42 6.80 6.95 6.98 6.53 6.00 5.57 5.26 5.68 6.89 6.45 6.92 7.28 7.92 6.96 6.27 7.18 7.50 6.62 6.01 6.30 7.09 7.33
-9999 -9999 -9999 -9999 -9999 -9999 -9999 -9999 -9999 -9999 -9999 -9999 -9999 -9999 -9999 -9999 -9999 -9999 -9999 -9999 -9999 -9999 -9999 -9999 -9999 -9999 -9999 8.62 7.07 6.24 7.93 10.28 9.41 8.64 7.98 8.91 7.90 7.42 6.99 8.01 8.18 8.76 8.50 7.86 7.83 7.81 8.17 8.58 8.61 7.90 7.60 7.38 7.20 6.69 6.41 6.45 6.62 7.10 7.05 6.77 6.08 5.88 6.20 6.51 6.21 6.97 6.81 6.77 6.93 7.42 8.50 8.24 6.97 6.83 6.84 6.86 6.88 6.89 6.66
-9999 -9999 -9999 -9999 -9999 -9999 -9999 -9999 -9999 -9999 9.66 9.61 8.02 10.69 10.04 9.75 9.83 11.28 6.93 10.67 8.01 -9999 -9999 -9999 -9999 -9999 -9999 8.39 7.58 7.32 6.93 7.65 8.81 9.72 9.27 8.31 7.52 7.24 7.68 8.55 8.20 7.96 8.15 7.95 7.65 8.02 7.90 7.84 7.65 7.72 7.19 7.43 7.55 7.71 6.91 6.76 7.26 7.23 6.74 7.03 6.13 5.79 6.65 7.29 6.58 6.41 6.70 6.63 6.55 6.49 6.63 6.50 6.18 6.00 5.81 5.72 5.81 6.20 6.27
-9999 -9999 -9999 -9999 -9999 -9999 -9999 -9999 -9999 -9999 10.73 9.98 9.57 7.88 9.21 10.31 9.72 10.09 10.37 8.79 7.76 6.88 7.99 10.13 8.94 8.45 8.04 7.99 7.63 7.40 7.36 7.31 7.56 9.01 8.85 8.06 7.36 9.06 8.12 7.65 8.07 8.46 8.12 8.14 8.06 7.96 8.14 7.97 7.72 6.82 6.92 7.18 7.13 6.95 7.24 7.56 6.89 6.71 6.25 6.09 6.65 6.06 8.52 7.44 7.09 6.67 6.32 6.38 6.26 6.74 6.66 5.81 6.70 6.33 6.67 5.85 6.02 6.02 6.16
-9999 -9999 -9999 -9999 -9999 -9999 -9999 -9999 -9999 9.88 8.98 8.40 7.96 7.31 9.07 11.11 10.77 9.90 9.60 9.53 8.61 7.34 7.36 8.69 9.85 8.18 7.84 7.58 7.60 8.08 7.25 7.38 8.41 8.37 7.98 7.97 9.24 8.19 8.99 8.63 8.14 7.56 7.88 7.62 7.98 8.16 7.88 8.07 7.26 7.19 6.98 6.76 6.63 7.49 7.83 6.65 6.36 6.55 7.83 6.80 6.50 6.67 6.83 7.00 6.89 6.35 6.18 6.63 7.22 6.54 5.81 5.64 6.68 6.32 6.23 6.54 6.53 6.33 6.39
-9999 -9999 -9999 -9999 -9999 -9999 -9999 -9999 -9999 -9999 8.66 7.75 7.33 8.72 8.93 9.66 11.41 10.37 8.85 7.91 9.24 10.28 9.06 8.22 8.69 9.79 8.48 7.41 7.40 7.32 7.68 7.67 7.28 7.40 7.66 8.12 8.76 8.02 8.78 7.97 7.94 7.92 8.07 7.62 8.15 8.36 8.20 7.22 7.10 7.31 6.62 6.05 5.77 6.48 7.27 7.16 6.17 6.46 7.29 7.19 6.72 6.23 6.28 6.21 6.30 7.16 6.86 6.66 7.05 7.66 7.06 6.55 6.88 6.83 6.21 6.76 6.15 6.62 6.04
-9999 -9999 -9999 -9999 -9999 -9999 10.27 -9999 -9999 8.94 8.28 8.73 7.12 8.76 8.18 8.22 8.57 8.75 9.09 8.16 9.59 10.46 9.00 8.34 7.61 7.41 7.25 7.17 7.27 7.41 7.82 7.06 6.94 7.32 8.50 7.90 8.56 7.92 8.23 7.78 8.40 8.94 8.47 7.79 7.48 7.53 7.39 7.06 7.80 6.95 6.23 7.08 5.86 5.93 7.18 7.81 5.69 6.04 6.60 6.46 6.21 6.08 6.01 6.25 6.73 7.07 6.42 6.11 6.16 6.56 6.55 6.46 6.93 6.48 6.31 6.25 5.93 5.90 5.83
-9999 -9999 -9999 -9999 -9999 9.89 10.40 10.27 9.98 8.21 7.82 9.36 8.04 7.51 8.11 7.73 8.79 9.22 9.59 8.75 9.02 9.72 8.78 7.60 7.18 7.26 7.49 7.62 7.07 7.07 7.22 6.84 6.82 7.98 8.19 7.71 8.12 8.25 9.11 8.57 8.66 9.43 8.52 8.24 7.43 7.71 7.42 7.51 6.99 6.54 5.72 6.12 5.91 5.51 6.48 6.32 5.79 5.75 5.83 6.15 6.05 6.05 5.79 5.60 5.81 5.89 6.01 6.10 6.12 5.85 6.23 6.48 7.02 7.23 6.85 5.98 6.46 6.25 6.19
-9999 -9999 -9999 -9999 -9999 9.76 9.72 8.94 9.18 8.62 8.28 7.98 9.07 8.90 8.31 9.10 9.06 9.08 9.95 9.20 9.42 9.72 8.03 8.08 9.14 8.86 8.05 7.40 6.87 7.11 7.38 7.41 7.01 7.93 7.70 8.05 7.33 6.90 8.34 9.29 8.64 8.70 8.49 7.96 7.83 8.12 7.47 6.86 7.07 6.82 5.44 5.37 5.25 5.29 6.31 6.89 6.94 7.87 6.31 6.34 5.70 5.54 5.66 5.76 5.66 5.65 5.87 6.15 5.91 5.85 5.78 6.38 6.48 6.56 6.56 6.60 5.83 6.05 6.60
-9999 -9999 -9999 -9999 -9999 10.24 9.67 9.16 9.27 8.88 8.86 8.31 8.65 8.56 7.71 8.63 8.85 9.56 9.97 9.67 8.29 7.85 7.52 8.66 8.59 9.01 9.38 7.79 7.41 7.32 6.84 7.26 6.80 7.59 7.45 7.45 7.25 7.02 8.64 8.63 8.74 8.63 8.41 8.15 8.04 8.27 8.03 6.89 6.29 5.92 5.89 4.80 4.85 4.85 5.80 6.51 6.74 7.15 6.77 7.21 7.61 5.37 7.59 6.68 5.56 5.78 7.94 7.91 7.49 5.62 5.55 5.74 5.80 6.28 6.05 6.66 7.23 8.66 7.85
-9999 -9999 -9999 -9999 -9999 9.20 9.24 9.17 8.93 8.43 8.24 7.98 7.83 8.41 8.02 8.29 8.91 8.63 8.96 8.93 8.92 7.47 8.14 9.47 8.90 9.87 9.73 8.12 8.04 8.17 7.43 7.33 7.24 7.41 7.42 7.45 7.94 8.67 7.92 8.70 8.59 8.54 8.32 8.18 8.27 8.38 7.57 7.13 6.39 5.93 5.44 5.32 4.71 5.37 6.01 7.07 7.15 6.83 6.39 6.25 6.23 5.68 6.96 6.91 7.28 7.00 7.49 7.97 8.26 5.98 6.05 5.93 5.95 6.28 6.87 7.50 7.61 -9999 -9999
-9999 -9999 -9999 -9999 -9999 8.42 8.69 8.84 9.02 9.23 8.55 7.86 7.20 7.55 8.63 8.58 8.48 8.18 8.63 8.50 8.22 7.95 7.83 8.37 8.29 9.94 9.01 7.39 9.10 8.73 7.76 9.09 7.95 8.42 8.99 8.65 8.55 9.03 8.46 8.16 8.47 8.40 8.01 8.07 8.22 8.51 7.70 7.27 7.00 6.51 5.58 4.99 4.81 4.74 5.43 7.98 7.88 7.33 6.96 7.06 7.12 7.08 7.45 7.68 7.71 -9999 -9999 7.75 7.85 7.38 7.00 6.52 8.28 6.98 -9999 -9999 -9999 -9999 -9999
-9999 -9999 -9999 -9999 9.11 8.36 8.66 8.33 9.01 9.03 9.46 7.86 7.60 7.48 8.45 8.35 8.04 7.97 8.22 8.13 7.88 7.51 8.01 9.08 9.53 9.32 8.22 9.72 10.13 8.31 7.69 8.17 7.88 8.69 8.84 8.20 8.30 8.25 8.12 8.71 8.64 8.70 8.40 8.29 8.62 9.09 8.60 7.79 6.93 6.00 5.41 -9999 -9999 5.11 5.83 8.21 8.50 8.11 7.69 7.64 -9999 -9999 -9999 -9999 -9999 -9999 -9999 -9999 -9999 -9999 7.55 7.85 8.86 7.82 -9999 -9999 -9999 -9999 -9999
-9999 -9999 -9999 9.67 8.67 8.02 8.75 8.25 8.34 8.07 7.81 7.08 8.64 9.22 8.77 8.54 8.66 9.13 8.33 7.75 7.74 7.88 8.18 10.48 11.17 10.65 10.18 11.10 9.33 9.14 8.93 9.43 9.88 8.83 8.08 8.36 7.90 8.03 7.85 7.97 7.99 9.05 9.78 9.72 9.56 9.50 9.32 8.27 -9999 5.71 5.39 4.79 4.88 5.35 -9999 -9999 -9999 -9999 8.27 -9999 -9999 -9999 -9999 -9999 -9999 -9999 -9999 -9999 -9999 -9999 -9999 -9999 -9999 -9999 -9999 -9999 -9999 -9999 -9999
-9999 -9999 10.42 9.77 9.58 8.91 8.20 8.14 8.07 7.21 6.82 7.50 10.48 11.57 8.69 8.23 10.37 8.92 9.79 7.82 7.76 9.82 9.25 9.53 10.00 10.09 -9999 -9999 -9999 -9999 -9999 9.38 10.42 9.99 8.87 8.64 8.28 7.88 7.93 7.86 8.32 9.23 -9999 -9999 -9999 -9999 -9999 8.85 8.19 6.76 5.42 4.84 5.90 5.89 -9999 -9999 -9999 -9999 -9999 -9999 -9999 -9999 -9999 -9999 -9999 -9999 -9999 -9999 -9999 -9999 -9999 -9999 -9999 -9999 -9999 -9999 -9999 -9999 -9999
-9999 7.87 8.42 9.75 9.99 8.96 8.82 8.47 7.29 7.79 7.68 9.16 10.94 11.84 10.94 10.46 9.41 10.33 9.21 8.94 8.70 10.24 10.29 -9999 -9999 -9999 -9999 -9999 -9999 -9999 -9999 -9999 9.69 9.84 8.84 9.47 9.98 10.12 8.72 10.10 10.12 10.64 -9999 -9999 -9999 -9999 -9999 -9999 -9999 6.80 6.63 5.48 5.85 -9999 -9999 -9999 -9999 -9999 -9999 -9999 -9999 -9999 -9999 -9999 -9999 -9999 -9999 -9999 -9999 -9999 -9999 -9999 -9999 -9999 -9999 -9999 -9999 -9999 -9999
9.18 7.77 8.30 9.64 10.68 10.64 9.39 8.05 7.89 8.40 8.28 9.42 11.55 10.23 10.28 10.70 11.56 7.86 9.33 11.25 9.71 -9999 -9999 -9999 -9999 -9999 -9999 -9999 -9999 -9999 -9999 -9999 -9999 -9999 10.02 -9999 -9999 -9999 -9999 9.25 10.92 11.26 -9999 -9999 -9999 -9999 -9999 -9999 -9999 -9999 7.05 7.96 6.80 -9999 -9999 -9999 -9999 -9999 -9999 -9999 -9999 -9999 -9999 -9999 -9999 -9999 -9999 -9999 -9999 -9999 -9999 -9999 -9999 -9999 -9999 -9999 -9999 -9999 -9999
8.48 7.26 8.34 9.91 10.39 10.82 9.88 9.16 9.78 8.05 7.27 8.65 11.19 11.13 9.85 9.47 10.57 8.54 8.41 9.42 -9999 -9999 -9999 -9999 -9999 -9999 -9999 -9999 -9999 -9999 -9999 -9999 -9999 -9999 10.63 -9999 -9999 -9999 -9999 -9999 -9999 -9999 -9999 -9999 -9999 -9999 -9999 -9999 -9999 -9999 -9999 -9999 -9999 -9999 -9999 -9999 -9999 -9999 -9999 -9999 -9999 -9999 -9999 -9999 -9999 -9999 -9999 -9999 -9999 -9999 -9999 -9999 -9999 -9999 -9999 -9999 -9999 -9999 -9999
8.85 7.41 8.58 9.43 9.64 10.11 9.61 9.37 10.09 7.84 7.39 8.32 10.46 13.33 13.46 9.28 9.05 8.44 9.13 10.90 -9999 -9999 -9999 -9999 -9999 -9999 -9999 -9999 -9999 -9999 -9999 -9999 -9999 -9999 -9999 -9999 -9999 -9999 -9999 -9999 -9999 -9999 -9999 -9999 -9999 -9999 -9999 -9999 -9999 -9999 -9999 -9999 -9999 -9999 -9999 -9999 -9999 -9999 -9999 -9999 -9999 -9999 -9999 -9999 -9999 -9999 -9999 -9999 -9999 -9999 -9999 -9999 -9999 -9999 -9999 -9999 -9999 -9999 -9999
10.16 9.24 9.47 9.49 10.12 9.81 9.56 9.33 8.51 8.40 7.83 7.92 10.36 12.23 11.79 10.02 8.23 8.08 10.25 9.89 -9999 -9999 -9999 -9999 -9999 -9999 -9999 -9999 -9999 -9999 -9999 -9999 -9999 -9999 -9999 -9999 -9999 -9999 -9999 -9999 -9999 -9999 -9999 -9999 -9999 -9999 -9999 -9999 -9999 -9999 -9999 -9999 -9999 -9999 -9999 -9999 -9999 -9999 -9999 -9999 -9999 -9999 -9999 -9999 -9999 -9999 -9999 -9999 -9999 -9999 -9999 -9999 -9999 -9999 -9999 -9999 -9999 -9999 -9999
11.26 10.57 10.39 9.45 9.98 9.69 11.23 10.58 9.47 9.00 9.40 8.56 9.49 10.61 10.14 8.85 8.31 8.92 9.83 10.09 -9999 -9999 -9999 -9999 -9999 -9999 -9999 -9999 -9999 -9999 -9999 -9999 -9999 -9999 -9999 -9999 -9999 -9999 -9999 -9999 -9999 -9999 -9999 -9999 -9999 -9999 -9999 -9999 -9999 -9999 -9999 -9999 -9999 -9999 -9999 -9999 -9999 -9999 -9999 -9999 -9999 -9999 -9999 -9999 -9999 -9999 -9999 -9999 -9999 -9999 -9999 -9999 -9999 -9999 -9999 -9999 -9999 -9999 -9999
10.23 10.35 9.72 10.36 11.62 11.36 10.31 10.37 10.31 10.15 9.51 10.09 9.85 9.46 9.24 9.26 9.62 10.04 9.92 10.48 -9999 -9999 -9999 -9999 -9999 -9999 -9999 -9999 -9999 -9999 -9999 -9999 -9999 -9999 -9999 -9999 -9999 -9999 -9999 -9999 -9999 -9999 -9999 -9999 -9999 -9999 -9999 -9999 -9999 -9999 -9999 -9999 -9999 -9999 -9999 -9999 -9999 -9999 -9999 -9999 -9999 -9999 -9999 -9999 -9999 -9999 -9999 -9999 -9999 -9999 -9999 -9999 -9999 -9999 -9999 -9999 -9999 -9999 -9999
10.94 11.12 -9999 -9999 -9999 -9999 -9999 -9999 -9999 -9999 -9999 10.49 10.99 10.19 9.51 8.88 9.64 10.21 10.08 -9999 -9999 -9999 -9999 -9999 -9999 -9999 -9999 -9999 -9999 -9999 -9999 -9999 -9999 -9999 -9999 -9999 -9999 -9999 -9999 -9999 -9999 -9999 -9999 -9999 -9999 -9999 -9999 -9999 -9999 -9999 -9999 -9999 -9999 -9999 -9999 -9999 -9999 -9999 -9999 -9999 -9999 -9999 -9999 -9999 -9999 -9999 -9999 -9999 -9999 -9999 -9999 -9999 -9999 -9999 -9999 -9999 -9999 -9999 -9999
11.19 11.50 -9999 -9999 -9999 -9999 -9999 -9999 -9999 -9999 -9999 -9999 -9999 -9999 9.89 9.55 9.82 10.15 -9999 -9999 -9999 -9999 -9999 -9999 -9999 -9999 -9999 -9999 -9999 -9999 -9999 -9999 -9999 -9999 -9999 -9999 -9999 -9999 -9999 -9999 -9999 -9999 -9999 -9999 -9999 -9999 -9999 -9999 -9999 -9999 -9999 -9999 -9999 -9999 -9999 -9999 -9999 -9999 -9999 -9999 -9999 -9999 -9999 -9999 -9999 -9999 -9999 -9999 -9999 -9999 -9999 -9999 -9999 -9999 -9999 -9999 -9999 -9999 -9999
-9999 -9999 -9999 -9999 -9999 -9999 -9999 -9999 -9999 -9999 -9999 -9999 -9999 -9999 10.67 11.56 12.08 11.60 -9999 -9999 -9999 -9999 -9999 -9999 -9999 -9999 -9999 -9999 -9999 -9999 -9999 -9999 -9999 -9999 -9999 -9999 -9999 -9999 -9999 -9999 -9999 -9999 -9999 -9999 -9999 -9999 -9999 -9999 -9999 -9999 -9999 -9999 -9999 -9999 -9999 -9999 -9999 -9999 -9999 -9999 -9999 -9999 -9999 -9999 -9999 -9999 -9999 -9999 -9999 -9999 -9999 -9999 -9999 -9999 -9999 -9999 -9999 -9999 -9999
-9999 -9999 -9999 -9999 -9999 -9999 -9999 -9999 -9999 -9999 -9999 -9999 -9999 -9999 -9999 -9999 -9999 -9999 -9999 -9999 -9999 -9999 -9999 -9999 -9999 -9999 -9999 -9999 -9999 -9999 -9999 -9999 -9999 -9999 -9999 -9999 -9999 -9999 -9999 -9999 -9999 -9999 -9999 -9999 -9999 -9999 -9999 -9999 -9999 -9999 -9999 -9999 -9999 -9999 -9999 -9999 -9999 -9999 -9999 -9999 -9999 -9999 -9999 -9999 -9999 -9999 -9999 -9999 -9999 -9999 -9999 -9999 -9999 -9999 -9999 -9999 -9999 -9999 -9999
-9999 -9999 -9999 -9999 -9999 -9999 -9999 -9999 -9999 -9999 -9999 -9999 -9999 -9999 -9999 -9999 -9999 -9999 -9999 -9999 -9999 -9999 -9999 -9999 -9999 -9999 -9999 -9999 -9999 -9999 -9999 -9999 -9999 -9999 -9999 -9999 -9999 -9999 -9999 -9999 -9999 -9999 -9999 -9999 -9999 -9999 -9999 -9999 -9999 -9999 -9999 -9999 -9999 -9999 -9999 -9999 -9999 -9999 -9999 -9999 -9999 -9999 -9999 -9999 -9999 -9999 -9999 -9999 -9999 -9999 -9999 -9999 -9999 -9999 -9999 -9999 -9999 -9999 -9999
