ML/MeanWindSpeed_1999-12_Actual.txt
ncols         180
nrows         290
xllcorner     -200000
yllcorner     -200000
cellsize      5000
NODATA_value  -9999
[rows 210 to 244 of 290, columns 77 to 153 of 180]
20.18 19.83 19.84 18.31 20.77 21.12 -9999 -9999 -9999 -9999 -9999 -9999 -9999 13.29 12.99 14.07 12.67 11.74 10.90 12.41 14.82 17.66 17.08 14.93 13.26 12.64 11.84 15.71 15.59 10.71 9.15 13.46 14.05 15.84 12.34 11.17 10.32 9.33 10.31 11.14 11.16 11.55 11.16 10.63 10.21 9.67 8.98 8.52 8.00 8.54 8.15 8.50 8.93 9.25 9.44 8.76 8.87 8.91 7.48 6.52 8.38 9.85 10.39 10.15 9.09 8.59 9.34 10.06 9.71 8.94 8.64 9.79 8.68 9.11 10.28 9.85 10.11
-9999 -9999 20.76 -9999 -9999 -9999 -9999 -9999 -9999 -9999 -9999 19.28 16.96 16.04 17.43 16.75 14.77 12.74 12.26 11.65 14.43 16.36 15.68 11.42 11.36 15.24 14.13 14.44 12.11 10.25 9.95 13.22 14.06 13.95 11.95 11.11 10.36 8.40 11.86 12.29 11.04 11.17 10.69 10.37 10.01 9.47 9.62 8.74 8.63 7.95 8.05 8.40 9.01 9.12 9.31 8.50 9.91 10.93 8.15 8.24 6.84 9.39 9.77 9.23 9.80 9.29 9.49 10.38 9.67 8.78 8.73 8.76 9.32 9.96 9.43 10.23 10.13
-9999 -9999 -9999 -9999 -9999 -9999 -9999 -9999 -9999 -9999 -9999 21.12 19.90 17.50 19.06 19.67 -9999 -9999 13.35 15.61 10.60 12.59 12.09 12.04 12.96 14.87 12.28 12.11 12.59 12.16 13.20 14.02 14.14 13.01 11.85 11.79 9.48 9.77 12.26 11.17 10.61 10.23 10.25 10.61 10.24 9.43 9.13 8.28 8.29 8.83 9.45 9.35 10.24 9.08 8.46 9.48 12.17 9.97 9.22 8.16 6.94 9.33 9.44 9.16 8.95 8.91 8.91 9.16 10.71 9.34 9.16 9.08 9.03 9.25 9.01 8.78 10.52
-9999 -9999 -9999 -9999 -9999 -9999 -9999 -9999 -9999 -9999 -9999 -9999 -9999 -9999 -9999 -9999 -9999 -9999 15.76 13.96 12.81 11.53 10.39 10.38 11.13 12.60 12.71 13.53 14.35 15.07 16.01 15.73 -9999 12.78 11.60 10.31 9.41 9.99 11.98 11.17 11.07 10.23 9.36 9.14 9.90 8.96 8.93 9.97 10.06 9.68 10.60 11.64 10.43 10.05 9.65 10.06 11.54 9.94 9.44 8.95 8.26 8.55 8.94 9.55 9.48 8.97 8.81 9.18 9.39 9.17 9.11 9.04 9.01 9.09 9.32 9.63 10.21
-9999 -9999 -9999 -9999 -9999 -9999 -9999 -9999 -9999 -9999 -9999 -9999 -9999 -9999 -9999 -9999 -9999 -9999 -9999 15.46 13.05 11.10 10.86 11.88 11.39 11.91 13.13 15.03 -9999 -9999 -9999 -9999 14.12 12.07 10.91 9.67 9.33 10.14 12.04 11.24 11.30 10.19 8.84 9.46 9.06 10.44 9.97 11.87 10.53 10.71 10.30 10.74 10.62 9.91 10.67 9.00 9.81 10.01 8.35 8.43 8.10 8.29 8.71 8.97 9.28 9.28 8.50 8.50 8.61 8.67 8.56 9.95 10.17 8.96 8.97 9.28 9.62
-9999 -9999 -9999 -9999 -9999 -9999 -9999 -9999 -9999 -9999 -9999 -9999 -9999 -9999 -9999 -9999 -9999 -9999 -9999 -9999 14.59 14.56 12.55 11.93 13.96 14.43 15.65 -9999 -9999 -9999 -9999 14.84 13.67 12.69 9.28 8.69 8.83 11.53 12.45 11.94 11.05 9.48 9.05 8.75 10.38 11.93 10.98 11.15 10.61 10.77 10.47 9.45 9.99 10.01 9.53 9.40 9.43 9.04 8.24 8.24 8.80 9.32 9.81 8.93 9.08 8.89 8.33 8.75 8.76 9.06 8.51 9.26 9.08 8.80 9.62 8.78 9.84
-9999 -9999 -9999 -9999 -9999 -9999 -9999 -9999 -9999 -9999 -9999 -9999 -9999 -9999 -9999 -9999 -9999 -9999 -9999 -9999 -9999 15.49 14.62 14.18 16.81 16.24 17.78 -9999 -9999 -9999 14.19 11.10 9.92 11.59 11.20 10.20 8.98 10.71 10.27 11.91 10.81 8.76 9.78 10.79 10.98 10.79 11.68 10.84 10.34 10.00 9.33 9.14 9.01 9.17 9.68 9.29 8.68 8.48 8.42 8.46 9.25 9.08 9.49 9.29 8.73 8.61 8.12 8.09 8.21 8.69 8.60 8.73 8.32 8.86 9.10 9.53 9.39
-9999 -9999 -9999 -9999 -9999 -9999 -9999 -9999 -9999 -9999 -9999 -9999 -9999 -9999 -9999 -9999 -9999 -9999 -9999 -9999 -9999 -9999 -9999 -9999 -9999 -9999 -9999 -9999 -9999 17.15 12.23 9.60 9.15 11.00 9.33 10.11 10.90 11.11 11.34 11.43 9.51 8.76 9.05 10.15 10.19 10.59 10.63 10.69 10.31 10.15 11.71 9.94 9.92 9.16 9.63 9.52 8.60 8.54 8.08 8.61 9.51 8.93 8.44 8.33 8.26 7.94 8.39 8.16 8.87 8.67 9.71 10.12 9.19 7.62 10.26 11.02 9.21
-9999 -9999 -9999 -9999 -9999 -9999 -9999 -9999 -9999 -9999 -9999 -9999 -9999 -9999 -9999 -9999 -9999 -9999 -9999 -9999 -9999 -9999 -9999 -9999 -9999 -9999 -9999 -9999 -9999 14.02 11.47 9.45 14.96 13.14 9.45 10.01 10.84 11.56 12.04 10.16 9.49 9.07 9.04 10.44 10.20 9.83 11.37 10.99 12.14 10.68 10.88 11.98 10.19 9.60 9.38 8.70 8.47 8.24 8.18 8.72 8.89 8.98 8.33 7.75 7.45 7.05 7.67 9.90 9.49 10.37 10.91 11.81 9.82 8.21 9.41 9.79 8.22
-9999 -9999 -9999 -9999 -9999 -9999 -9999 -9999 -9999 -9999 -9999 -9999 -9999 -9999 -9999 -9999 -9999 -9999 -9999 -9999 -9999 -9999 -9999 -9999 -9999 -9999 -9999 -9999 -9999 13.46 9.66 7.61 10.20 14.17 12.98 12.01 10.98 12.37 10.48 9.76 9.16 10.89 11.10 12.01 11.46 10.29 10.22 10.22 10.79 11.29 11.23 10.06 9.70 9.52 9.39 8.68 8.34 8.33 8.46 9.11 8.97 8.53 7.51 7.38 8.20 8.88 8.31 9.57 9.62 9.84 10.01 10.69 12.21 11.48 9.03 8.68 8.82
-9999 -9999 -9999 -9999 -9999 -9999 -9999 -9999 -9999 -9999 -9999 -9999 19.68 19.15 15.95 19.96 18.33 17.51 17.53 19.74 12.28 18.67 14.37 -9999 -9999 -9999 -9999 -9999 -9999 12.58 10.44 9.38 8.23 9.26 11.50 13.29 12.76 11.26 10.09 9.74 10.58 12.03 11.39 10.84 11.00 10.52 10.00 10.71 10.38 10.04 9.67 9.78 8.86 9.32 9.68 10.26 9.12 8.74 9.44 9.38 8.69 9.11 7.53 7.00 8.63 9.78 8.46 7.96 8.45 8.78 8.90 8.80 8.93 8.60 7.94 7.59 7.31
-9999 -9999 -9999 -9999 -9999 -9999 -9999 -9999 -9999 -9999 -9999 -9999 20.80 18.74 17.35 13.83 15.27 16.38 15.22 16.03 16.61 14.08 12.82 11.52 13.18 16.46 14.46 13.47 12.06 11.30 10.27 9.61 9.12 8.52 8.95 11.77 11.85 10.68 9.71 12.72 11.21 10.32 11.02 11.63 10.90 10.77 11.08 10.86 10.96 10.46 10.05 8.50 8.49 8.83 8.81 8.79 9.60 10.13 8.78 8.49 7.94 7.58 8.31 7.24 11.39 9.63 9.04 8.30 7.74 7.97 8.09 9.15 9.04 7.52 9.02 8.40 8.93
-9999 -9999 -9999 -9999 -9999 -9999 -9999 -9999 -9999 -9999 -9999 20.18 17.62 15.51 13.94 11.85 13.67 16.17 15.18 13.84 13.62 13.70 12.65 10.84 10.58 12.41 14.13 11.33 10.67 10.02 9.98 10.73 9.21 9.11 10.58 10.57 10.15 10.26 12.63 10.90 12.42 11.82 11.06 10.17 10.72 10.29 11.02 11.26 10.62 10.80 9.40 9.28 8.75 8.27 8.01 9.54 10.42 8.39 7.66 8.04 10.41 8.67 8.04 8.24 8.32 8.59 8.58 7.85 7.61 8.36 9.57 8.69 7.52 7.28 9.05 8.41 8.21
-9999 -9999 -9999 -9999 -9999 -9999 -9999 -9999 -9999 -9999 -9999 -9999 16.80 14.28 12.72 13.77 12.86 13.11 15.59 13.86 11.49 10.09 12.79 14.83 12.35 10.30 11.02 13.16 11.14 9.30 9.29 9.19 9.86 9.83 9.00 9.20 9.69 10.49 11.60 10.39 12.07 10.92 10.92 10.89 11.12 10.32 11.21 11.52 11.08 9.27 9.05 9.35 8.07 7.07 6.55 7.76 9.30 9.10 7.26 7.84 9.38 9.20 8.38 7.51 7.48 7.22 7.44 9.02 8.62 8.34 9.04 10.16 9.22 8.52 9.18 9.14 8.14
-9999 -9999 -9999 -9999 -9999 -9999 -9999 -9999 20.74 -9999 -9999 17.95 15.94 15.76 11.85 13.41 11.69 11.07 11.04 11.32 12.01 10.28 12.65 14.16 11.45 9.96 8.72 8.85 8.84 8.57 8.81 9.18 10.05 8.84 8.60 9.36 11.35 10.17 11.09 10.02 10.94 10.44 11.48 12.42 11.62 10.41 9.97 10.05 9.61 8.91 10.14 8.60 7.28 8.70 6.62 6.76 9.04 10.25 6.72 7.32 8.19 8.06 7.62 7.31 7.23 7.61 8.29 8.86 7.90 7.41 7.46 8.11 8.18 8.18 9.00 8.32 8.22
-9999 -9999 -9999 -9999 -9999 -9999 -9999 18.73 19.54 19.17 18.68 15.35 13.87 15.25 12.25 10.94 11.61 10.62 11.84 12.30 12.90 11.18 11.14 11.73 10.04 8.30 7.67 8.06 8.79 9.20 8.47 8.59 8.91 8.37 8.41 10.47 10.83 9.90 10.45 10.71 12.22 11.44 11.61 12.98 11.51 11.04 9.75 10.31 9.71 9.69 8.69 7.76 6.40 7.06 6.66 5.96 7.59 7.44 6.81 6.82 6.85 7.65 7.61 7.53 7.20 6.92 7.04 7.08 7.47 7.74 7.62 6.89 7.43 7.88 8.86 9.35 8.86
-9999 -9999 -9999 -9999 -9999 -9999 -9999 17.42 16.71 15.42 15.93 14.54 13.24 11.94 13.63 13.24 12.09 13.19 12.69 12.30 13.55 11.99 11.68 11.12 8.01 8.50 10.53 10.24 9.24 8.50 7.93 8.60 9.29 9.54 8.97 10.56 10.18 10.78 9.59 8.81 10.95 12.50 11.43 11.53 11.19 10.32 10.28 10.84 9.69 8.63 8.94 8.45 6.09 5.77 5.46 5.48 7.09 8.11 8.44 10.09 7.49 7.70 6.81 6.61 6.97 7.22 6.87 6.75 7.22 7.93 7.53 7.14 6.88 7.80 7.95 8.16 8.31
-9999 -9999 -9999 -9999 -9999 -9999 -9999 17.68 15.68 14.72 15.04 14.30 13.85 12.33 12.79 12.67 11.19 12.44 12.39 13.07 13.42 12.63 9.49 7.56 6.56 8.75 8.94 9.90 10.81 8.67 8.60 8.88 8.48 9.52 8.88 10.19 9.92 9.98 9.69 9.13 11.43 11.17 11.34 11.21 10.85 10.40 10.41 10.95 10.55 8.73 7.83 7.27 7.22 5.11 4.91 4.91 6.39 7.61 8.12 8.80 8.20 9.07 9.79 6.06 9.96 8.45 6.57 6.98 10.71 10.74 10.12 6.93 6.84 7.15 7.11 7.82 7.71
-9999 -9999 -9999 -9999 -9999 -9999 -9999 15.73 14.69 14.33 14.04 13.31 12.89 12.13 11.63 12.64 11.88 11.96 12.55 11.61 11.77 11.46 10.78 7.06 7.44 9.77 8.93 10.58 10.77 8.94 9.37 9.94 9.01 9.32 9.52 9.76 9.70 9.77 10.68 11.81 10.20 11.33 11.18 11.12 10.75 10.48 10.71 10.98 9.70 9.11 8.04 7.52 6.95 6.74 5.41 6.29 7.44 9.26 9.28 8.52 7.61 7.45 7.68 7.02 9.37 9.45 10.30 9.95 10.75 11.44 11.77 7.82 7.75 7.47 7.60 8.48 9.95
-9999 -9999 -9999 -9999 -9999 -9999 -9999 14.23 13.62 13.55 13.92 14.35 13.22 12.26 11.38 11.88 13.30 12.76 12.15 11.24 11.73 11.34 10.66 9.39 7.56 7.89 7.78 10.50 9.37 7.39 10.68 10.47 9.30 12.09 10.63 11.45 12.25 11.64 11.49 12.24 11.14 10.50 11.07 10.97 10.28 10.35 10.55 10.99 9.71 9.33 9.52 9.23 7.86 6.94 6.64 6.45 7.64 11.86 11.43 10.05 9.18 9.57 10.04 10.35 11.13 11.69 12.08 -9999 -9999 11.95 11.99 11.04 10.13 9.11 12.30 10.61 -9999
-9999 -9999 -9999 -9999 -9999 -9999 16.63 13.98 13.50 12.57 13.59 13.72 14.58 12.50 12.78 12.36 13.22 12.54 11.78 11.36 11.52 11.18 10.69 10.08 9.43 9.64 10.14 9.89 8.49 11.71 12.91 10.15 9.29 10.32 10.29 11.78 11.96 10.86 10.87 10.74 10.56 11.64 11.60 11.76 11.29 11.17 11.79 12.56 12.01 10.89 9.72 8.73 8.01 -9999 -9999 7.79 9.34 13.42 13.60 12.63 11.70 11.74 -9999 -9999 -9999 -9999 -9999 -9999 -9999 -9999 -9999 -9999 12.02 12.45 14.34 13.08 -9999
-9999 -9999 -9999 -9999 -9999 17.65 15.28 13.16 13.78 12.52 12.45 12.02 11.59 10.89 14.39 15.29 13.96 13.14 12.96 13.47 12.12 11.09 10.70 10.92 10.81 13.73 14.45 13.64 13.39 15.46 12.86 12.74 12.28 12.92 13.55 11.63 10.43 11.00 10.24 10.47 10.35 10.78 11.02 13.11 14.60 14.64 14.47 14.35 14.14 12.29 -9999 7.90 7.65 6.77 7.02 8.29 -9999 -9999 -9999 -9999 13.73 -9999 -9999 -9999 -9999 -9999 -9999 -9999 -9999 -9999 -9999 -9999 -9999 -9999 -9999 -9999 -9999
-9999 -9999 -9999 -9999 18.33 16.74 15.96 14.55 12.91 12.40 11.98 10.25 9.32 10.92 16.86 18.64 13.43 12.58 15.69 12.74 14.45 11.38 11.05 14.67 13.62 13.69 14.27 14.58 -9999 -9999 -9999 -9999 -9999 14.02 15.24 14.15 12.09 11.82 11.32 10.58 10.66 10.73 11.78 13.89 -9999 -9999 -9999 -9999 -9999 13.97 12.53 9.68 6.90 5.95 8.53 9.28 -9999 -9999 -9999 -9999 -9999 -9999 -9999 -9999 -9999 -9999 -9999 -9999 -9999 -9999 -9999 -9999 -9999 -9999 -9999 -9999 -9999
-9999 -9999 -9999 13.53 13.80 15.50 15.91 14.41 13.96 12.95 10.70 11.02 10.46 13.14 16.53 18.24 16.71 15.69 13.61 14.79 13.11 13.30 13.15 16.10 16.39 -9999 -9999 -9999 -9999 -9999 -9999 -9999 -9999 -9999 15.10 14.97 13.18 14.22 15.25 15.33 12.72 15.00 15.43 16.80 -9999 -9999 -9999 -9999 -9999 -9999 -9999 9.86 9.04 7.16 8.24 -9999 -9999 -9999 -9999 -9999 -9999 -9999 -9999 -9999 -9999 -9999 -9999 -9999 -9999 -9999 -9999 -9999 -9999 -9999 -9999 -9999 -9999
20.74 17.96 16.32 12.63 12.56 14.38 16.38 16.64 14.62 12.14 11.73 12.09 11.49 13.24 16.91 15.13 15.50 15.72 16.71 10.47 13.42 17.53 15.51 -9999 -9999 -9999 -9999 -9999 -9999 -9999 -9999 -9999 -9999 -9999 -9999 -9999 16.26 -9999 -9999 -9999 -9999 14.49 17.45 18.41 -9999 -9999 -9999 -9999 -9999 -9999 -9999 -9999 10.60 12.29 10.69 -9999 -9999 -9999 -9999 -9999 -9999 -9999 -9999 -9999 -9999 -9999 -9999 -9999 -9999 -9999 -9999 -9999 -9999 -9999 -9999 -9999 -9999
20.20 16.98 14.45 11.23 12.28 14.47 15.41 16.42 14.96 13.81 14.71 11.26 9.64 11.68 15.88 16.30 14.36 13.35 15.00 11.74 11.94 14.36 -9999 -9999 -9999 -9999 -9999 -9999 -9999 -9999 -9999 -9999 -9999 -9999 -9999 -9999 18.23 -9999 -9999 -9999 -9999 -9999 -9999 -9999 -9999 -9999 -9999 -9999 -9999 -9999 -9999 -9999 -9999 -9999 -9999 -9999 -9999 -9999 -9999 -9999 -9999 -9999 -9999 -9999 -9999 -9999 -9999 -9999 -9999 -9999 -9999 -9999 -9999 -9999 -9999 -9999 -9999
18.32 17.94 15.17 11.66 12.81 13.74 14.07 15.01 14.30 14.04 15.21 10.99 9.86 10.87 14.16 19.57 20.10 12.82 12.64 11.94 13.59 17.26 -9999 -9999 -9999 -9999 -9999 -9999 -9999 -9999 -9999 -9999 -9999 -9999 -9999 -9999 -9999 -9999 -9999 -9999 -9999 -9999 -9999 -9999 -9999 -9999 -9999 -9999 -9999 -9999 -9999 -9999 -9999 -9999 -9999 -9999 -9999 -9999 -9999 -9999 -9999 -9999 -9999 -9999 -9999 -9999 -9999 -9999 -9999 -9999 -9999 -9999 -9999 -9999 -9999 -9999 -9999
16.26 16.21 17.06 14.67 14.25 13.92 14.95 14.31 14.01 13.88 12.50 12.24 11.05 10.54 14.16 17.43 17.09 14.44 11.63 11.79 15.85 15.88 -9999 -9999 -9999 -9999 -9999 -9999 -9999 -9999 -9999 -9999 -9999 -9999 -9999 -9999 -9999 -9999 -9999 -9999 -9999 -9999 -9999 -9999 -9999 -9999 -9999 -9999 -9999 -9999 -9999 -9999 -9999 -9999 -9999 -9999 -9999 -9999 -9999 -9999 -9999 -9999 -9999 -9999 -9999 -9999 -9999 -9999 -9999 -9999 -9999 -9999 -9999 -9999 -9999 -9999 -9999
15.69 16.41 18.48 16.98 16.21 14.40 15.16 14.76 17.52 16.67 14.82 13.99 14.28 12.30 12.96 14.52 14.07 12.57 12.04 13.10 15.05 16.36 -9999 -9999 -9999 -9999 -9999 -9999 -9999 -9999 -9999 -9999 -9999 -9999 -9999 -9999 -9999 -9999 -9999 -9999 -9999 -9999 -9999 -9999 -9999 -9999 -9999 -9999 -9999 -9999 -9999 -9999 -9999 -9999 -9999 -9999 -9999 -9999 -9999 -9999 -9999 -9999 -9999 -9999 -9999 -9999 -9999 -9999 -9999 -9999 -9999 -9999 -9999 -9999 -9999 -9999 -9999
15.23 15.69 16.67 16.91 15.94 17.17 19.22 18.86 17.21 17.43 17.39 16.99 15.34 15.66 14.48 13.11 12.71 13.16 14.07 15.05 15.57 17.49 -9999 -9999 -9999 -9999 -9999 -9999 -9999 -9999 -9999 -9999 -9999 -9999 -9999 -9999 -9999 -9999 -9999 -9999 -9999 -9999 -9999 -9999 -9999 -9999 -9999 -9999 -9999 -9999 -9999 -9999 -9999 -9999 -9999 -9999 -9999 -9999 -9999 -9999 -9999 -9999 -9999 -9999 -9999 -9999 -9999 -9999 -9999 -9999 -9999 -9999 -9999 -9999 -9999 -9999 -9999
13.84 15.53 17.79 18.62 -9999 -9999 -9999 -9999 -9999 -9999 -9999 -9999 -9999 17.62 17.85 15.77 14.15 12.79 14.29 15.84 16.32 -9999 -9999 -9999 -9999 -9999 -9999 -9999 -9999 -9999 -9999 -9999 -9999 -9999 -9999 -9999 -9999 -9999 -9999 -9999 -9999 -9999 -9999 -9999 -9999 -9999 -9999 -9999 -9999 -9999 -9999 -9999 -9999 -9999 -9999 -9999 -9999 -9999 -9999 -9999 -9999 -9999 -9999 -9999 -9999 -9999 -9999 -9999 -9999 -9999 -9999 -9999 -9999 -9999 -9999 -9999 -9999
15.52 17.76 18.70 20.10 -9999 -9999 -9999 -9999 -9999 -9999 -9999 -9999 -9999 -9999 -9999 -9999 15.90 14.61 15.11 16.20 -9999 -9999 -9999 -9999 -9999 -9999 -9999 -9999 -9999 -9999 -9999 -9999 -9999 -9999 -9999 -9999 -9999 -9999 -9999 -9999 -9999 -9999 -9999 -9999 -9999 -9999 -9999 -9999 -9999 -9999 -9999 -9999 -9999 -9999 -9999 -9999 -9999 -9999 -9999 -9999 -9999 -9999 -9999 -9999 -9999 -9999 -9999 -9999 -9999 -9999 -9999 -9999 -9999 -9999 -9999 -9999 -9999
17.88 18.48 -9999 -9999 -9999 -9999 -9999 -9999 -9999 -9999 -9999 -9999 -9999 -9999 -9999 -9999 18.19 19.10 19.89 19.54 -9999 -9999 -9999 -9999 -9999 -9999 -9999 -9999 -9999 -9999 -9999 -9999 -9999 -9999 -9999 -9999 -9999 -9999 -9999 -9999 -9999 -9999 -9999 -9999 -9999 -9999 -9999 -9999 -9999 -9999 -9999 -9999 -9999 -9999 -9999 -9999 -9999 -9999 -9999 -9999 -9999 -9999 -9999 -9999 -9999 -9999 -9999 -9999 -9999 -9999 -9999 -9999 -9999 -9999 -9999 -9999 -9999
18.67 -9999 -9999 -9999 -9999 -9999 -9999 -9999 -9999 -9999 -9999 -9999 -9999 -9999 -9999 -9999 -9999 -9999 -9999 -9999 -9999 -9999 -9999 -9999 -9999 -9999 -9999 -9999 -9999 -9999 -9999 -9999 -9999 -9999 -9999 -9999 -9999 -9999 -9999 -9999 -9999 -9999 -9999 -9999 -9999 -9999 -9999 -9999 -9999 -9999 -9999 -9999 -9999 -9999 -9999 -9999 -9999 -9999 -9999 -9999 -9999 -9999 -9999 -9999 -9999 -9999 -9999 -9999 -9999 -9999 -9999 -9999 -9999 -9999 -9999 -9999 -9999
-9999 -9999 -9999 -9999 -9999 -9999 -9999 -9999 -9999 -9999 -9999 -9999 -9999 -9999 -9999 -9999 -9999 -9999 -9999 -9999 -9999 -9999 -9999 -9999 -9999 -9999 -9999 -9999 -9999 -9999 -9999 -9999 -9999 -9999 -9999 -9999 -9999 -9999 -9999 -9999 -9999 -9999 -9999 -9999 -9999 -9999 -9999 -9999 -9999 -9999 -9999 -9999 -9999 -9999 -9999 -9999 -9999 -9999 -9999 -9999 -9999 -9999 -9999 -9999 -9999 -9999 -9999 -9999 -9999 -9999 -9999 -9999 -9999 -9999 -9999 -9999 -9999
