ML/MeanWindSpeed_1992-04_Actual.txt
ncols         180
nrows         290
xllcorner     -200000
yllcorner     -200000
cellsize      5000
NODATA_value  -9999
[rows 170 to 203 of 290, columns 78 to 155 of 180]
-9999 -9999 -9999 -9999 -9999 -9999 -9999 -9999 -9999 -9999 -9999 -9999 -9999 -9999 -9999 -9999 -9999 -9999 -9999 -9999 -9999 -9999 -9999 -9999 -9999 -9999 -9999 -9999 9.83 9.23 8.97 9.28 9.67 9.89 9.91 9.80 9.93 9.63 9.39 9.26 9.20 9.54 9.30 12.69 14.46 15.17 13.67 12.52 12.04 10.96 10.88 10.29 11.08 10.45 10.55 10.45 10.43 10.34 10.11 10.19 10.21 9.90 9.37 9.70 11.13 10.69 10.81 10.08 10.32 11.21 12.42 -9999 -9999 -9999 -9999 -9999 -9999 -9999
-9999 -9999 -9999 -9999 -9999 -9999 -9999 -9999 13.43 12.68 13.04 13.91 -9999 -9999 -9999 -9999 -9999 -9999 -9999 -9999 -9999 -9999 -9999 -9999 -9999 -9999 -9999 10.22 9.30 9.49 9.18 9.93 9.84 9.52 9.51 9.68 9.65 9.62 9.39 9.19 8.97 8.65 11.10 13.33 13.63 12.57 14.56 13.75 11.48 11.14 9.61 11.43 11.48 10.58 10.55 10.42 10.34 10.20 9.99 10.02 10.33 10.11 9.49 9.50 9.94 11.13 10.99 11.21 10.05 10.10 11.31 12.72 -9999 -9999 -9999 -9999 -9999 -9999
-9999 -9999 -9999 -9999 -9999 -9999 -9999 -9999 12.63 11.78 11.79 12.37 -9999 -9999 -9999 -9999 -9999 -9999 -9999 -9999 -9999 -9999 -9999 -9999 -9999 -9999 10.21 9.80 9.14 9.45 10.28 9.59 9.63 9.15 9.28 9.53 9.46 9.59 9.55 8.89 8.33 8.09 9.75 14.49 14.99 12.51 13.83 13.20 12.71 10.50 9.64 10.79 11.28 10.71 10.13 10.09 10.13 10.25 9.99 9.92 10.15 10.35 9.85 9.70 9.83 11.01 11.03 10.93 10.15 10.05 10.56 12.01 -9999 -9999 -9999 -9999 -9999 -9999
-9999 -9999 -9999 -9999 -9999 -9999 15.37 12.84 11.38 11.32 11.20 11.97 11.74 12.62 13.11 -9999 -9999 12.84 11.66 -9999 -9999 -9999 10.45 11.24 10.52 -9999 8.54 9.74 9.26 9.13 9.55 9.26 9.41 9.49 10.08 9.95 9.98 9.38 9.45 8.76 8.64 10.69 9.26 11.78 13.90 10.65 12.12 14.98 11.13 11.91 10.23 10.66 10.84 10.38 10.10 10.04 10.02 10.09 9.76 9.90 10.01 10.49 9.89 9.70 9.82 10.20 10.71 11.34 10.91 10.11 10.07 11.29 12.86 -9999 -9999 -9999 -9999 -9999
-9999 -9999 -9999 -9999 -9999 -9999 -9999 13.26 11.92 11.25 10.82 10.89 11.49 12.22 10.16 -9999 9.38 10.45 11.19 10.45 11.10 8.71 8.03 10.88 10.85 9.66 -9999 8.15 9.28 9.28 8.82 8.89 9.45 9.17 9.33 9.53 9.49 9.56 9.15 8.95 8.67 10.94 11.62 12.11 12.69 12.06 13.70 13.77 12.09 10.33 9.74 10.89 10.88 9.87 10.11 9.78 10.11 10.12 9.74 9.77 9.90 10.53 9.94 9.73 9.75 9.78 10.41 10.92 11.29 10.66 10.15 10.74 12.23 -9999 -9999 -9999 -9999 -9999
-9999 -9999 -9999 -9999 -9999 -9999 -9999 -9999 12.86 12.15 11.32 10.68 9.91 7.77 6.71 10.99 15.22 8.67 10.79 10.85 10.52 9.22 7.30 7.64 9.39 10.60 9.19 7.92 8.25 8.89 8.47 8.73 9.75 9.48 9.44 9.29 9.37 9.33 8.96 8.54 8.51 12.10 12.88 12.00 12.44 10.93 10.78 11.94 11.59 9.97 9.51 10.22 9.81 9.40 9.81 9.59 10.31 9.93 9.78 9.62 9.63 10.47 9.70 9.59 9.70 9.66 10.10 10.55 10.63 10.78 11.01 10.31 11.64 13.24 -9999 -9999 -9999 -9999
-9999 -9999 -9999 -9999 -9999 -9999 -9999 -9999 -9999 13.57 11.58 9.86 7.79 6.11 7.34 17.06 12.80 7.22 11.04 8.43 10.68 10.58 7.95 6.87 11.38 9.77 9.83 8.88 8.08 8.21 8.15 7.83 8.90 9.51 9.51 9.36 9.13 9.21 8.82 8.33 9.54 10.93 13.45 12.17 12.93 12.07 9.24 10.95 11.95 9.64 9.40 9.77 9.26 9.15 9.37 9.43 10.25 9.74 9.54 9.57 9.31 9.83 9.74 9.56 9.64 9.67 9.90 10.48 11.34 10.66 10.22 10.22 11.35 12.99 -9999 -9999 -9999 -9999
-9999 -9999 -9999 -9999 -9999 -9999 -9999 -9999 -9999 -9999 11.41 8.78 7.60 7.95 14.82 17.78 13.33 9.75 9.61 10.28 11.35 11.73 11.04 8.20 8.10 11.63 9.64 8.91 8.64 8.12 8.02 8.16 8.64 9.22 9.11 8.91 9.04 8.94 8.71 8.84 9.58 11.53 12.49 10.95 11.22 12.11 10.46 8.96 11.52 9.28 8.99 9.34 8.81 8.82 8.92 9.51 10.13 9.71 9.54 9.45 9.08 10.09 9.79 9.67 9.76 9.83 10.17 10.32 10.47 10.25 10.19 10.37 11.67 13.16 -9999 -9999 -9999 -9999
-9999 -9999 -9999 -9999 -9999 -9999 -9999 -9999 -9999 -9999 10.48 8.64 9.23 10.84 13.18 16.69 11.38 7.70 9.13 11.05 11.49 12.49 11.32 8.64 7.20 11.74 11.30 9.65 9.18 8.02 7.85 8.22 9.22 9.32 9.19 9.04 8.66 8.40 8.69 10.09 10.12 9.49 12.83 11.00 11.27 12.22 11.71 10.34 9.71 8.74 7.75 8.70 9.12 8.52 8.68 8.93 9.57 9.47 9.71 9.53 9.37 9.85 10.39 10.16 10.19 10.10 10.19 10.24 10.19 10.14 10.49 11.26 12.48 -9999 -9999 -9999 -9999 -9999
-9999 -9999 -9999 -9999 -9999 -9999 -9999 -9999 -9999 -9999 9.54 9.05 9.93 10.26 14.09 13.56 10.48 9.75 8.40 9.82 11.96 11.46 12.96 10.30 7.54 11.03 11.91 11.43 9.26 8.37 7.75 8.52 9.61 9.67 9.20 8.83 8.51 8.70 9.66 10.11 9.20 9.22 11.58 11.36 11.04 10.95 10.24 10.08 10.36 7.85 8.15 8.41 8.21 8.50 8.42 9.28 9.05 9.35 9.60 9.59 9.86 11.36 10.96 10.51 10.28 10.24 10.20 10.17 10.15 10.30 11.18 12.35 -9999 -9999 -9999 -9999 -9999 -9999
-9999 -9999 -9999 -9999 -9999 -9999 -9999 -9999 -9999 10.89 14.91 10.56 11.64 12.80 10.20 15.98 13.62 11.75 10.76 13.12 11.66 12.25 11.02 8.95 9.25 12.47 12.09 11.65 9.42 8.33 7.81 9.07 9.57 9.40 9.15 8.66 8.60 9.60 9.52 9.43 10.09 10.59 9.71 12.64 11.84 10.01 10.34 9.55 8.73 8.30 7.60 7.71 7.91 8.59 8.36 8.26 9.47 9.21 9.44 9.70 10.15 11.40 10.94 10.53 10.39 10.19 10.17 10.03 10.05 10.88 12.04 -9999 -9999 -9999 -9999 -9999 -9999 -9999
-9999 -9999 -9999 -9999 -9999 -9999 -9999 11.91 11.32 13.50 12.25 11.22 12.07 12.58 9.25 9.64 10.81 12.49 12.08 13.52 12.92 12.80 8.84 10.00 9.99 9.17 10.25 9.81 9.77 8.84 8.35 9.26 9.75 9.62 9.04 8.97 9.73 9.46 9.87 9.38 10.40 10.81 10.85 10.33 9.62 10.43 10.05 9.39 8.90 8.50 8.17 7.45 8.09 7.98 7.67 8.08 8.63 8.98 9.33 9.44 10.12 11.29 10.82 10.30 10.25 10.03 9.98 9.92 10.32 11.35 -9999 -9999 -9999 -9999 -9999 12.99 12.53 12.08
-9999 -9999 -9999 -9999 -9999 -9999 12.28 11.92 11.91 12.39 12.41 12.57 11.92 9.94 8.51 9.35 10.51 12.12 16.45 11.52 10.03 9.24 7.21 11.46 12.75 12.92 11.31 10.17 9.91 9.47 9.15 9.54 10.06 9.65 9.25 9.22 9.80 10.18 9.32 9.25 10.56 10.73 10.44 10.12 10.00 9.96 9.21 9.25 8.27 8.02 8.27 7.85 7.52 7.27 7.61 8.34 8.40 8.66 8.95 9.25 9.87 11.24 10.84 10.20 9.97 9.82 9.83 9.89 10.30 11.15 -9999 -9999 -9999 -9999 -9999 11.85 11.10 10.72
-9999 -9999 -9999 -9999 -9999 12.78 13.11 12.57 12.73 -9999 -9999 -9999 -9999 9.68 12.66 11.13 11.45 13.46 11.81 9.96 11.46 10.59 9.58 15.94 14.88 13.31 13.62 11.27 9.58 9.72 9.75 9.54 9.72 9.61 9.22 9.58 9.47 10.41 9.52 9.35 9.85 10.24 10.29 10.09 9.32 9.25 9.09 8.83 8.24 7.91 7.61 7.40 7.28 7.51 8.04 8.09 8.14 8.68 9.19 9.43 9.72 10.56 10.48 10.28 9.73 9.67 9.68 9.71 9.94 10.63 11.81 -9999 -9999 -9999 -9999 10.98 10.27 10.07
-9999 -9999 -9999 -9999 -9999 13.91 14.78 12.91 13.38 -9999 -9999 -9999 -9999 9.55 11.57 12.50 9.47 12.79 11.97 10.92 12.73 14.07 12.36 15.62 11.65 12.29 12.18 10.89 9.69 9.66 9.81 9.69 9.87 10.17 9.42 9.79 9.75 9.89 10.16 9.48 9.71 9.27 9.66 10.12 10.31 10.19 9.00 8.46 8.14 7.89 8.01 7.47 7.54 7.95 8.25 8.74 8.36 9.63 9.77 10.01 9.66 10.14 10.17 10.02 9.51 9.58 9.61 9.60 9.68 9.88 10.66 11.38 -9999 -9999 11.35 10.69 10.25 10.35
-9999 -9999 -9999 -9999 -9999 -9999 -9999 -9999 -9999 -9999 -9999 -9999 -9999 10.46 13.60 11.99 8.97 10.70 9.82 13.75 13.49 11.13 13.86 14.00 12.82 12.93 11.47 10.32 9.33 9.92 9.78 9.99 9.84 9.56 9.43 9.34 9.34 9.56 9.87 9.38 9.29 9.42 9.48 9.23 9.76 9.75 8.32 8.99 9.48 8.57 8.43 8.03 7.42 8.15 8.93 9.54 9.30 9.09 9.51 10.09 9.83 10.17 10.04 9.94 9.36 9.46 9.54 9.58 9.57 9.44 9.67 10.18 10.81 10.95 10.44 10.20 9.67 10.27
-9999 -9999 -9999 -9999 -9999 -9999 -9999 -9999 -9999 -9999 -9999 -9999 -9999 -9999 13.77 8.30 7.86 10.72 13.65 12.95 14.34 14.15 11.68 12.42 13.09 10.69 10.32 9.42 9.12 9.28 9.63 9.75 9.79 9.58 9.22 9.06 9.32 9.31 9.65 9.31 8.99 10.39 9.97 9.20 9.10 8.93 8.74 8.51 9.11 9.12 8.76 9.42 8.32 8.29 8.87 8.62 8.86 9.07 9.14 10.06 10.07 9.91 9.71 9.89 9.34 9.40 9.45 9.46 9.50 9.54 9.59 9.58 9.83 9.90 9.78 9.59 9.64 10.35
-9999 -9999 -9999 -9999 -9999 -9999 -9999 -9999 -9999 -9999 -9999 -9999 -9999 -9999 10.64 13.10 13.39 12.32 11.65 11.45 13.22 11.84 11.72 10.66 10.20 11.28 9.48 9.06 10.04 9.67 9.58 9.53 9.07 8.96 9.25 9.16 9.93 9.93 9.70 9.15 8.70 10.06 10.66 9.77 9.05 8.74 8.78 8.73 8.69 8.78 9.25 10.72 9.78 8.61 8.40 8.59 9.23 9.99 10.09 9.91 10.29 10.04 9.84 9.61 9.35 9.39 9.39 9.49 9.52 9.56 9.60 9.61 9.62 9.61 9.70 9.60 9.46 10.09
-9999 -9999 -9999 -9999 -9999 -9999 -9999 -9999 -9999 -9999 -9999 -9999 -9999 11.81 11.42 9.90 15.11 11.42 10.07 11.74 11.95 11.15 12.92 10.71 10.33 11.45 8.83 12.65 10.36 9.07 9.28 10.14 9.02 8.69 10.58 10.52 10.04 9.32 9.53 9.29 8.94 9.58 10.00 9.65 9.10 8.85 8.72 8.78 9.05 8.93 9.75 9.77 9.25 8.72 8.44 8.83 9.51 10.26 10.35 9.81 9.99 10.06 9.93 9.65 9.41 9.37 9.42 9.50 9.53 9.52 9.56 9.58 9.45 9.46 9.82 9.75 9.52 9.79
-9999 -9999 -9999 -9999 -9999 -9999 -9999 -9999 -9999 -9999 -9999 -9999 -9999 11.03 11.81 15.31 11.11 8.04 9.10 9.30 11.01 13.02 12.78 10.94 10.63 10.33 8.79 9.25 9.87 10.67 10.49 9.32 9.24 9.16 9.67 10.24 9.42 9.19 9.56 9.35 9.51 9.90 9.72 9.73 9.35 8.99 8.87 8.73 8.79 8.97 9.68 9.98 9.37 8.39 8.49 9.37 10.37 10.11 10.58 10.50 10.12 9.82 10.21 9.60 9.63 9.43 9.46 9.42 9.46 9.48 9.44 9.42 9.37 9.36 9.92 9.76 9.41 9.57
-9999 -9999 -9999 -9999 -9999 -9999 -9999 -9999 -9999 -9999 -9999 -9999 -9999 12.10 13.29 8.76 9.31 8.08 8.88 9.54 13.45 12.54 13.41 11.33 10.55 9.12 7.89 8.50 10.71 12.05 12.85 9.62 10.50 9.66 10.07 10.17 9.04 8.99 9.23 9.45 9.64 9.30 9.43 10.26 9.64 8.91 8.87 9.60 8.70 9.08 9.44 9.36 8.84 8.44 8.83 9.40 9.89 10.11 10.05 9.54 9.56 9.93 10.06 9.32 9.23 9.38 9.39 9.39 9.33 9.26 9.30 9.31 9.30 9.35 9.57 9.45 9.50 9.47
-9999 -9999 -9999 -9999 -9999 -9999 -9999 -9999 -9999 -9999 -9999 -9999 -9999 -9999 9.08 9.59 10.31 11.45 12.30 11.50 12.34 11.42 9.53 9.10 8.48 8.98 8.91 8.50 9.60 10.37 12.51 10.73 9.81 9.55 10.71 10.51 8.98 9.45 8.86 9.07 10.54 9.40 9.29 9.28 9.33 8.71 8.71 9.79 9.36 8.99 9.38 9.06 8.75 8.88 9.49 9.41 9.51 9.30 9.68 9.18 9.97 10.02 9.40 9.21 9.52 9.42 9.20 9.17 9.10 9.12 9.18 9.21 9.23 9.24 9.28 9.31 9.42 9.44
-9999 -9999 -9999 -9999 -9999 -9999 -9999 -9999 -9999 -9999 -9999 -9999 -9999 -9999 9.49 9.64 10.21 11.85 14.08 13.67 11.41 9.61 8.54 9.33 10.52 11.74 12.98 10.99 9.94 10.74 11.51 10.62 9.14 11.24 10.78 10.54 9.44 9.97 9.16 8.92 9.39 10.22 9.91 9.46 9.00 8.59 8.87 9.61 9.37 9.06 9.11 9.27 9.28 9.43 9.80 9.37 9.21 9.95 10.00 9.96 9.83 9.97 9.30 9.49 9.81 9.15 9.00 8.98 8.97 9.06 9.08 9.10 9.15 9.17 9.22 9.18 9.13 9.11
-9999 -9999 -9999 -9999 -9999 -9999 -9999 -9999 -9999 -9999 -9999 -9999 -9999 10.43 8.44 8.90 10.96 12.10 11.92 11.73 9.99 10.32 13.21 11.35 11.58 11.69 10.62 10.11 10.75 11.41 10.42 9.42 9.82 11.23 11.20 10.58 9.40 10.14 8.93 8.82 9.94 9.54 9.69 9.66 9.03 8.55 8.83 9.67 9.52 8.91 9.07 9.03 8.91 9.43 9.25 9.93 9.52 9.98 9.54 9.82 9.96 9.35 9.12 9.69 9.63 8.94 8.86 9.06 8.93 9.05 9.07 9.15 9.14 9.10 9.09 8.96 9.23 9.52
-9999 -9999 -9999 -9999 -9999 -9999 -9999 -9999 -9999 -9999 -9999 -9999 -9999 11.69 9.70 8.88 9.06 10.86 13.54 12.93 11.64 10.47 11.15 12.32 13.24 13.26 10.81 12.24 12.79 10.28 11.75 8.89 9.44 11.11 12.37 9.95 10.05 9.24 8.57 8.60 9.27 11.15 10.04 9.86 9.39 9.07 9.19 9.56 9.33 8.90 9.00 8.94 8.81 8.77 9.68 9.99 9.93 10.38 9.76 9.52 9.50 9.15 9.33 9.68 9.50 9.08 9.24 9.13 9.33 9.09 9.12 9.30 9.29 9.09 8.96 8.80 8.85 9.48
-9999 -9999 -9999 -9999 -9999 -9999 -9999 -9999 -9999 -9999 -9999 -9999 -9999 10.45 9.33 7.10 8.05 10.36 13.55 12.35 12.32 10.78 12.49 12.16 11.22 11.63 12.05 12.03 10.89 9.96 10.40 11.90 9.64 10.04 10.07 9.94 10.82 9.82 8.72 8.72 9.36 9.80 9.61 10.10 9.72 9.40 9.54 9.21 8.76 9.01 9.12 9.16 8.72 9.15 10.11 10.12 9.52 9.70 10.23 9.53 9.63 8.96 9.53 9.71 9.22 9.09 9.19 8.83 8.98 8.95 9.04 9.13 9.03 8.93 8.84 8.73 8.99 8.79
-9999 -9999 -9999 -9999 -9999 -9999 -9999 -9999 -9999 -9999 -9999 -9999 10.14 10.54 11.34 9.05 7.69 10.71 12.22 13.79 13.68 10.53 11.01 10.14 11.05 12.17 10.99 10.98 12.17 11.02 10.58 10.22 9.55 9.31 9.49 10.00 10.00 9.67 9.33 8.93 9.01 9.67 9.83 9.34 9.56 9.36 9.72 9.15 8.92 8.93 8.62 8.51 8.73 9.54 9.68 9.79 9.29 9.85 9.90 9.52 8.97 9.48 9.53 9.62 9.69 9.38 9.08 8.96 8.85 8.94 9.02 8.95 8.84 8.66 8.53 8.61 8.92 8.99
-9999 -9999 -9999 -9999 -9999 -9999 -9999 -9999 -9999 -9999 -9999 11.01 10.69 11.06 9.35 7.69 9.71 12.40 13.44 12.54 13.84 11.15 11.83 10.36 10.07 14.47 11.50 12.06 10.79 10.73 9.74 9.42 9.45 10.23 9.66 10.93 9.96 10.05 9.03 8.87 9.02 9.44 9.68 9.36 9.42 9.61 9.60 8.61 8.84 8.70 8.73 8.82 9.12 9.62 9.28 9.79 9.38 9.58 9.05 8.89 9.57 9.82 9.55 9.69 9.53 8.88 9.11 9.12 9.12 9.10 8.91 8.71 8.45 8.47 8.42 8.87 9.13 9.37
-9999 -9999 -9999 -9999 -9999 -9999 -9999 -9999 -9999 12.20 10.96 10.00 8.96 8.69 8.56 8.43 10.69 12.27 13.88 15.19 13.87 11.85 9.23 10.75 10.52 13.56 11.91 11.31 11.33 10.25 9.80 8.88 9.43 10.72 10.41 10.60 9.31 9.35 9.09 9.09 9.47 9.40 9.69 9.16 9.20 9.32 8.76 8.49 8.60 9.03 8.83 9.40 9.93 9.73 9.43 9.10 8.87 9.37 9.69 9.45 9.60 9.05 9.62 9.69 9.16 8.59 8.62 9.23 9.19 9.22 8.67 8.41 8.14 8.26 8.92 9.24 9.19 9.79
-9999 -9999 -9999 -9999 -9999 12.60 11.65 10.40 12.14 11.95 11.92 11.84 10.13 9.34 8.67 11.88 11.26 13.39 14.05 13.95 11.66 10.27 8.53 9.54 9.94 14.83 13.68 11.79 10.24 10.42 9.89 10.73 9.05 10.40 10.70 10.48 9.89 9.21 8.88 9.51 9.14 8.88 9.82 9.05 8.84 8.50 8.61 8.80 9.09 8.58 9.15 8.98 9.34 9.97 9.79 9.52 9.29 9.64 9.64 9.39 9.20 9.71 9.10 8.99 8.76 8.48 8.99 9.26 9.33 8.87 8.38 8.28 8.31 9.03 9.21 9.04 9.63 9.20
-9999 -9999 -9999 -9999 13.01 11.17 11.20 10.42 9.95 11.20 11.03 11.18 9.58 8.57 10.82 11.74 12.61 11.00 14.66 11.89 10.02 12.88 10.52 8.59 13.83 13.07 11.96 9.05 8.99 9.51 11.57 9.61 9.28 9.43 9.50 10.56 10.26 10.02 9.15 9.30 8.89 8.82 9.46 8.96 8.46 8.41 8.60 8.92 8.83 10.12 8.97 8.90 9.28 9.77 9.33 9.22 8.93 9.08 9.37 9.23 9.69 9.25 8.85 8.90 8.94 8.55 8.81 8.93 8.59 8.41 8.25 8.26 8.38 8.78 9.43 9.46 9.57 9.38
-9999 -9999 -9999 12.51 12.02 9.87 9.48 9.57 10.31 10.22 10.57 9.80 10.09 12.84 11.15 10.89 13.39 9.64 11.26 10.84 12.69 12.22 12.80 11.61 11.79 10.77 8.62 11.66 11.51 9.36 9.78 9.38 9.13 9.59 9.12 9.31 10.49 10.56 8.92 8.67 8.77 9.04 8.59 8.02 8.17 9.91 8.66 8.54 9.07 9.71 9.27 8.97 9.38 9.71 9.66 9.94 9.47 8.95 8.82 8.76 9.37 9.03 8.63 9.17 9.00 8.58 8.66 8.59 8.38 8.48 8.50 8.52 8.73 8.89 9.45 9.02 8.93 9.17
12.84 11.23 12.14 10.31 10.20 10.65 9.94 9.71 11.23 10.50 10.42 10.43 12.32 12.02 11.13 12.27 11.77 9.96 9.80 12.00 12.27 11.40 11.82 12.90 10.29 7.94 11.28 12.41 10.83 11.04 9.54 9.63 8.99 9.39 10.60 9.40 11.03 9.76 8.79 8.48 8.71 9.52 7.72 7.96 10.73 9.21 8.85 8.86 9.39 10.12 9.19 9.12 9.38 9.20 9.53 9.47 9.04 8.76 8.87 8.56 8.85 9.03 8.90 8.60 8.34 8.15 8.09 8.41 9.32 8.94 9.57 9.17 8.57 9.39 9.23 9.24 8.97 8.87
10.16 9.61 11.50 13.63 13.01 12.58 10.29 11.11 12.35 11.49 11.22 12.71 11.79 11.57 13.09 10.92 8.99 9.16 9.65 11.70 11.88 11.66 11.17 10.21 8.31 9.54 16.05 13.70 11.34 9.54 9.89 9.56 10.49 9.54 9.92 9.32 9.53 9.45 9.10 8.53 8.35 8.10 7.48 10.04 10.90 10.53 9.53 9.18 10.98 10.04 9.29 9.29 9.07 9.56 9.47 9.19 8.56 9.14 8.77 8.30 9.43 9.24 8.40 8.28 8.15 7.95 8.28 9.02 9.38 9.37 9.81 9.36 9.10 9.53 9.25 8.74 8.87 8.79
