ML/MeanWindSpeed_1999-11_Actual.txt
ncols         180
nrows         290
xllcorner     -200000
yllcorner     -200000
cellsize      5000
NODATA_value  -9999
[rows 210 to 244 of 290, columns 78 to 155 of 180]
15.36 15.54 13.89 15.90 15.48 -9999 -9999 -9999 -9999 -9999 -9999 -9999 8.56 8.52 9.77 8.62 8.09 7.70 9.51 11.96 14.83 14.29 12.22 10.63 10.16 9.38 13.24 13.12 8.26 6.76 11.10 11.70 13.21 9.71 8.65 7.96 7.21 8.44 9.42 9.58 10.06 9.69 9.22 8.86 8.45 7.98 7.74 7.35 7.91 7.39 7.49 7.61 7.71 7.83 7.18 7.34 7.52 6.24 5.33 7.18 8.49 8.89 8.64 7.60 7.12 7.80 8.39 7.94 7.08 6.72 7.85 6.77 7.14 8.25 7.75 7.92 8.04 7.42
-9999 15.82 -9999 -9999 -9999 -9999 -9999 -9999 -9999 -9999 13.22 11.54 11.07 12.46 11.89 10.14 8.50 8.57 8.53 11.50 13.47 12.78 8.59 8.62 12.60 11.52 11.88 9.56 7.72 7.44 10.64 11.27 11.14 9.24 8.56 8.07 6.51 10.06 10.60 9.47 9.70 9.24 8.95 8.63 8.19 8.47 7.75 7.73 7.07 7.06 7.19 7.54 7.49 7.66 6.88 8.30 9.43 6.82 6.98 5.56 7.93 8.22 7.71 8.41 7.91 7.97 8.66 7.81 6.81 6.71 6.72 7.31 7.91 7.35 8.10 7.97 7.27 7.23
-9999 -9999 -9999 -9999 -9999 -9999 -9999 -9999 -9999 -9999 14.75 14.00 11.95 13.50 14.12 -9999 -9999 9.11 12.11 7.57 9.60 9.10 9.12 10.10 12.08 9.56 9.43 9.74 9.16 10.07 10.81 10.92 9.98 9.07 9.33 7.47 7.91 10.51 9.55 9.07 8.79 8.82 9.21 8.85 8.11 7.88 7.14 7.21 7.75 8.28 8.00 8.70 7.42 6.81 7.83 10.52 8.42 7.77 6.75 5.47 7.70 7.72 7.63 7.78 7.68 7.38 7.37 8.72 7.20 6.92 6.82 6.82 7.04 6.87 6.65 8.26 7.65 8.34
-9999 -9999 -9999 -9999 -9999 -9999 -9999 -9999 -9999 -9999 -9999 -9999 -9999 -9999 -9999 -9999 -9999 11.01 9.91 9.35 8.35 7.24 7.33 8.19 9.76 9.80 10.38 10.88 11.37 12.15 11.99 -9999 9.66 8.87 8.14 7.46 8.14 10.24 9.56 9.52 8.77 7.96 7.79 8.55 7.64 7.64 8.72 8.83 8.45 9.30 10.22 8.88 8.41 7.98 8.38 9.88 8.35 7.87 7.34 6.55 6.64 6.77 7.33 7.90 7.43 6.92 7.09 7.16 6.81 6.68 6.60 6.60 6.70 6.99 7.22 7.68 7.71 8.37
-9999 -9999 -9999 -9999 -9999 -9999 -9999 -9999 -9999 -9999 -9999 -9999 -9999 -9999 -9999 -9999 -9999 -9999 10.82 8.97 7.44 7.52 8.69 8.41 8.99 9.91 11.37 -9999 -9999 -9999 -9999 10.64 9.09 8.46 7.63 7.41 8.31 10.30 9.61 9.74 8.73 7.44 8.13 7.75 9.12 8.63 10.51 9.19 9.37 8.92 9.31 9.09 8.30 9.00 7.33 8.17 8.39 6.71 6.73 6.24 6.12 6.09 5.80 5.77 6.19 5.98 6.10 6.16 6.10 5.96 7.32 7.60 6.46 6.55 6.80 7.10 7.56 8.86
-9999 -9999 -9999 -9999 -9999 -9999 -9999 -9999 -9999 -9999 -9999 -9999 -9999 -9999 -9999 -9999 -9999 -9999 -9999 9.84 10.14 8.47 8.26 10.77 11.06 11.90 -9999 -9999 -9999 -9999 11.25 10.63 10.15 7.08 6.67 6.91 9.70 10.70 10.27 9.46 7.99 7.64 7.41 9.03 10.54 9.54 9.71 9.17 9.34 9.03 7.99 8.47 8.42 7.89 7.75 7.81 7.42 6.63 6.58 6.95 7.12 7.07 5.71 5.62 5.66 5.51 6.10 6.05 6.24 5.66 6.46 6.39 6.26 7.21 6.39 7.37 7.65 8.45
-9999 -9999 -9999 -9999 -9999 -9999 -9999 -9999 -9999 -9999 -9999 -9999 -9999 -9999 -9999 -9999 -9999 -9999 -9999 -9999 10.36 9.71 9.68 13.00 12.22 13.46 -9999 -9999 -9999 10.56 8.15 7.43 9.27 8.98 8.12 7.04 8.86 8.50 10.21 9.19 7.23 8.32 9.37 9.53 9.31 10.14 9.30 8.82 8.49 7.82 7.62 7.47 7.60 8.08 7.68 7.10 6.95 6.93 6.98 7.65 7.19 7.02 6.36 5.64 5.62 5.33 5.28 5.28 5.66 5.59 5.84 5.66 6.43 6.81 7.26 7.10 6.18 8.04
-9999 -9999 -9999 -9999 -9999 -9999 -9999 -9999 -9999 -9999 -9999 -9999 -9999 -9999 -9999 -9999 -9999 -9999 -9999 -9999 -9999 -9999 -9999 -9999 -9999 -9999 -9999 -9999 13.24 9.07 7.05 6.81 8.74 7.14 8.02 8.93 9.24 9.51 9.66 7.81 7.13 7.45 8.57 8.60 8.97 8.99 9.08 8.73 8.59 10.13 8.38 8.35 7.59 8.03 7.93 7.06 7.10 6.74 7.32 8.18 7.40 6.49 5.92 5.60 5.25 5.70 5.30 5.79 5.50 6.55 7.08 6.44 5.20 8.04 8.85 7.07 5.67 8.53
-9999 -9999 -9999 -9999 -9999 -9999 -9999 -9999 -9999 -9999 -9999 -9999 -9999 -9999 -9999 -9999 -9999 -9999 -9999 -9999 -9999 -9999 -9999 -9999 -9999 -9999 -9999 -9999 10.47 8.73 7.12 12.67 10.95 7.33 7.96 8.86 9.64 10.16 8.35 7.71 7.34 7.35 8.75 8.51 8.12 9.65 9.32 10.50 9.08 9.30 10.41 8.62 8.03 7.80 7.16 6.99 6.87 6.91 7.50 7.65 7.65 6.70 5.72 5.16 4.64 5.14 7.08 6.39 7.18 7.71 8.72 7.04 5.77 7.22 7.64 6.08 5.12 5.68
-9999 -9999 -9999 -9999 -9999 -9999 -9999 -9999 -9999 -9999 -9999 -9999 -9999 -9999 -9999 -9999 -9999 -9999 -9999 -9999 -9999 -9999 -9999 -9999 -9999 -9999 -9999 -9999 10.11 7.08 5.41 8.07 12.05 10.91 10.00 9.02 10.44 8.61 7.95 7.36 9.11 9.35 10.28 9.74 8.50 8.38 8.47 9.11 9.66 9.64 8.50 8.13 7.95 7.82 7.15 6.88 6.97 7.19 7.86 7.72 7.23 6.01 5.54 6.08 6.63 5.97 7.06 6.75 6.71 6.90 7.70 9.45 8.99 6.79 6.52 6.62 6.58 6.39
-9999 -9999 -9999 -9999 -9999 -9999 -9999 -9999 -9999 -9999 -9999 13.02 12.92 10.19 14.72 13.67 13.34 13.58 15.88 8.41 14.59 10.11 -9999 -9999 -9999 -9999 -9999 -9999 9.56 7.95 7.21 6.22 7.35 9.58 11.36 10.83 9.37 8.24 7.93 8.76 10.23 9.61 9.11 9.34 8.93 8.14 8.94 8.69 8.40 8.06 8.20 7.32 7.79 8.15 8.74 7.66 7.35 8.12 8.09 7.39 7.75 6.01 5.21 6.60 7.64 6.35 5.92 6.35 6.34 6.21 6.07 6.30 6.12 5.63 5.34 5.04 4.89 4.89
-9999 -9999 -9999 -9999 -9999 -9999 -9999 -9999 -9999 -9999 -9999 14.42 12.98 12.12 9.25 11.39 13.12 12.28 13.11 13.65 10.99 9.53 8.08 9.67 13.01 11.13 10.28 9.16 8.72 7.98 7.51 7.14 6.68 7.13 9.91 9.97 8.82 7.86 10.86 9.37 8.54 9.25 9.91 9.26 9.22 9.34 9.13 9.24 8.77 8.39 6.89 6.91 7.30 7.29 7.27 8.09 8.66 7.36 7.10 6.54 6.09 6.67 5.43 9.41 7.58 7.04 6.36 5.81 5.92 5.77 6.64 6.53 5.08 6.64 6.04 6.55 5.13 5.31
-9999 -9999 -9999 -9999 -9999 -9999 -9999 -9999 -9999 -9999 13.31 11.43 10.08 8.98 7.60 10.19 13.30 12.67 11.45 11.23 11.27 10.08 8.24 8.04 10.02 11.87 9.16 8.52 7.94 7.96 8.77 7.29 7.24 8.76 8.78 8.35 8.46 10.79 9.07 10.60 10.04 9.29 8.42 8.99 8.55 9.23 9.50 8.88 9.08 7.70 7.62 7.13 6.71 6.50 8.01 8.87 6.88 6.19 6.56 8.86 7.03 6.29 6.35 6.35 6.61 6.59 5.87 5.63 6.30 7.33 6.30 5.11 4.88 6.66 6.00 5.79 6.22 6.09
-9999 -9999 -9999 -9999 -9999 -9999 -9999 -9999 -9999 -9999 -9999 10.80 8.88 7.86 9.74 9.56 10.36 13.18 11.57 9.23 7.81 10.48 12.67 10.52 8.77 9.58 11.69 9.56 7.67 7.60 7.44 8.06 8.01 7.19 7.40 7.88 8.67 9.76 8.58 10.24 9.10 9.11 9.09 9.32 8.55 9.42 9.73 9.32 7.55 7.33 7.67 6.43 5.49 5.02 6.22 7.73 7.52 5.70 6.23 7.69 7.44 6.53 5.57 5.47 5.21 5.42 6.98 6.56 6.21 6.81 7.83 6.86 6.16 6.81 6.73 5.68 6.56 5.47
-9999 -9999 -9999 -9999 -9999 -9999 -9999 14.52 -9999 -9999 11.87 10.29 10.70 7.70 9.98 8.59 8.30 8.58 8.98 9.70 8.04 10.54 12.42 10.21 9.16 8.06 8.10 7.87 7.41 7.45 7.67 8.40 7.13 6.83 7.54 9.50 8.32 9.26 8.21 9.12 8.62 9.65 10.59 9.80 8.61 8.16 8.26 7.85 7.18 8.42 6.94 5.67 7.12 5.09 5.22 7.45 8.60 5.06 5.62 6.44 6.24 5.72 5.33 5.19 5.53 6.20 6.73 5.75 5.22 5.22 5.81 5.87 5.85 6.65 5.92 5.74 5.61 5.03
-9999 -9999 -9999 -9999 -9999 -9999 13.15 14.20 13.95 13.40 10.27 9.31 11.45 9.10 7.99 8.70 7.83 9.28 9.90 10.60 9.07 9.43 10.73 9.70 8.35 7.80 8.03 8.44 8.47 7.43 7.30 7.42 6.76 6.68 8.66 8.96 8.03 8.60 8.87 10.38 9.60 9.75 11.12 9.66 9.20 7.92 8.49 7.91 7.91 6.94 6.09 4.79 5.49 5.13 4.41 5.99 5.77 5.06 5.03 5.06 5.79 5.65 5.49 5.10 4.77 4.87 4.89 5.24 5.46 5.31 4.58 5.14 5.57 6.50 6.91 6.36 4.97 5.85
-9999 -9999 -9999 -9999 -9999 -9999 12.40 12.26 11.08 11.56 10.43 9.57 8.77 10.66 10.36 9.23 10.38 10.07 9.90 11.36 10.17 10.52 10.93 8.56 9.33 11.30 10.75 9.36 8.18 7.20 7.52 7.92 7.97 7.25 8.75 8.30 8.86 7.69 6.93 9.07 10.62 9.54 9.64 9.30 8.46 8.41 8.98 7.86 6.81 7.12 6.67 4.41 4.22 3.97 3.97 5.50 6.42 6.65 8.26 5.64 5.79 4.83 4.56 4.85 5.03 4.67 4.52 4.95 5.59 5.17 4.79 4.55 5.45 5.57 5.70 5.77 5.92 4.71
-9999 -9999 -9999 -9999 -9999 -9999 12.93 11.62 10.85 11.20 10.61 10.46 9.27 9.85 9.78 8.32 9.65 9.77 10.70 11.34 10.99 8.67 7.86 7.61 9.99 10.09 10.77 11.25 8.63 8.04 7.90 7.15 7.95 7.14 8.35 8.02 8.02 7.72 7.18 9.49 9.26 9.42 9.28 8.91 8.50 8.50 9.05 8.67 6.85 5.92 5.37 5.36 3.42 3.38 3.31 4.67 5.71 6.15 6.86 6.27 7.10 7.78 4.01 7.82 6.26 4.31 4.62 8.28 8.30 7.70 4.50 4.40 4.69 4.64 5.25 4.92 6.11 7.21
-9999 -9999 -9999 -9999 -9999 -9999 11.23 10.84 10.67 10.43 9.81 9.58 9.03 8.67 9.72 8.99 9.19 9.96 9.27 9.69 9.68 9.67 7.24 8.58 11.06 10.20 11.61 11.35 9.00 8.90 9.01 7.70 7.75 7.75 7.88 7.78 7.81 8.66 9.79 8.21 9.36 9.20 9.15 8.77 8.52 8.76 9.05 7.80 7.20 6.09 5.47 4.85 4.69 3.54 4.51 5.35 6.83 6.87 6.29 5.55 5.37 5.47 4.67 6.86 6.78 7.47 6.99 7.75 8.47 8.92 5.09 5.15 4.93 5.00 5.50 6.57 7.82 8.16
-9999 -9999 -9999 -9999 -9999 -9999 10.04 9.94 10.04 10.46 10.96 9.96 9.13 8.37 8.93 10.40 9.98 9.54 8.83 9.42 9.09 8.62 8.35 8.18 9.06 8.91 11.39 9.84 7.38 10.14 9.49 7.94 10.43 8.78 9.49 10.24 9.60 9.42 10.16 9.09 8.48 9.02 8.94 8.27 8.35 8.56 9.02 7.79 7.33 7.24 6.73 5.39 4.51 4.23 4.04 5.05 8.72 8.41 7.34 6.65 6.88 7.17 7.28 7.90 8.28 8.48 -9999 -9999 8.26 8.42 7.64 6.92 6.04 9.07 7.02 -9999 -9999 -9999
-9999 -9999 -9999 -9999 -9999 12.16 10.13 10.02 9.18 10.25 10.44 11.38 9.40 9.75 9.42 10.36 9.80 9.17 8.83 8.97 8.57 8.04 7.70 8.35 9.85 10.63 10.24 8.42 11.09 11.77 8.65 7.58 8.49 8.31 9.70 9.84 8.73 8.76 8.65 8.48 9.48 9.37 9.50 9.01 8.84 9.38 10.16 9.53 8.40 7.26 6.15 5.38 -9999 -9999 4.97 6.19 9.69 9.94 9.18 8.42 8.39 -9999 -9999 -9999 -9999 -9999 -9999 -9999 -9999 -9999 -9999 8.08 8.58 10.36 8.77 -9999 -9999 -9999
-9999 -9999 -9999 -9999 13.22 11.36 9.68 10.40 9.19 9.18 8.85 8.55 7.93 11.43 12.39 11.15 10.45 10.34 10.85 9.43 8.32 7.91 8.22 8.57 12.30 13.48 12.72 12.13 13.75 10.76 10.34 9.79 10.48 11.23 9.44 8.22 8.79 8.05 8.32 8.15 8.49 8.62 10.43 11.66 11.59 11.33 11.21 11.04 9.36 -9999 5.46 5.22 4.34 4.51 5.33 -9999 -9999 -9999 -9999 9.81 -9999 -9999 -9999 -9999 -9999 -9999 -9999 -9999 -9999 -9999 -9999 -9999 -9999 -9999 -9999 -9999 -9999 -9999
-9999 -9999 -9999 13.88 12.93 12.56 11.22 9.59 9.12 8.77 7.20 6.46 8.11 13.98 15.81 10.71 9.93 13.07 10.12 11.73 8.55 8.14 11.58 10.63 11.07 11.91 12.29 -9999 -9999 -9999 -9999 -9999 10.77 12.27 11.48 9.56 9.26 8.76 8.13 8.27 8.31 9.22 10.86 -9999 -9999 -9999 -9999 -9999 10.52 9.43 7.05 4.84 4.04 6.06 6.16 -9999 -9999 -9999 -9999 -9999 -9999 -9999 -9999 -9999 -9999 -9999 -9999 -9999 -9999 -9999 -9999 -9999 -9999 -9999 -9999 -9999 -9999 -9999
-9999 -9999 9.14 10.07 12.27 12.75 11.20 10.72 9.74 7.56 8.02 7.64 10.39 13.81 15.55 14.03 13.03 11.02 12.22 10.46 10.34 9.88 12.52 12.69 -9999 -9999 -9999 -9999 -9999 -9999 -9999 -9999 -9999 11.40 11.55 9.93 11.04 11.97 12.18 9.76 12.12 12.31 13.31 -9999 -9999 -9999 -9999 -9999 -9999 -9999 7.05 6.68 4.84 5.63 -9999 -9999 -9999 -9999 -9999 -9999 -9999 -9999 -9999 -9999 -9999 -9999 -9999 -9999 -9999 -9999 -9999 -9999 -9999 -9999 -9999 -9999 -9999 -9999
12.18 11.50 8.83 9.37 11.41 13.35 13.51 11.43 8.97 8.60 9.09 8.65 10.50 14.25 12.53 12.83 13.03 14.09 7.93 10.74 14.29 11.81 -9999 -9999 -9999 -9999 -9999 -9999 -9999 -9999 -9999 -9999 -9999 -9999 -9999 12.28 -9999 -9999 -9999 -9999 10.98 13.86 14.56 -9999 -9999 -9999 -9999 -9999 -9999 -9999 -9999 7.49 9.18 7.38 -9999 -9999 -9999 -9999 -9999 -9999 -9999 -9999 -9999 -9999 -9999 -9999 -9999 -9999 -9999 -9999 -9999 -9999 -9999 -9999 -9999 -9999 -9999 -9999
11.47 10.05 7.88 9.30 11.57 12.46 13.36 11.84 10.64 11.55 8.23 6.76 8.95 13.21 13.62 11.67 10.67 12.37 9.16 9.14 11.01 -9999 -9999 -9999 -9999 -9999 -9999 -9999 -9999 -9999 -9999 -9999 -9999 -9999 -9999 13.67 -9999 -9999 -9999 -9999 -9999 -9999 -9999 -9999 -9999 -9999 -9999 -9999 -9999 -9999 -9999 -9999 -9999 -9999 -9999 -9999 -9999 -9999 -9999 -9999 -9999 -9999 -9999 -9999 -9999 -9999 -9999 -9999 -9999 -9999 -9999 -9999 -9999 -9999 -9999 -9999 -9999 -9999
12.58 10.63 8.25 9.78 10.78 11.10 11.97 11.18 10.87 12.00 7.89 6.91 8.13 11.50 16.79 17.29 10.12 9.97 9.27 10.55 13.63 -9999 -9999 -9999 -9999 -9999 -9999 -9999 -9999 -9999 -9999 -9999 -9999 -9999 -9999 -9999 -9999 -9999 -9999 -9999 -9999 -9999 -9999 -9999 -9999 -9999 -9999 -9999 -9999 -9999 -9999 -9999 -9999 -9999 -9999 -9999 -9999 -9999 -9999 -9999 -9999 -9999 -9999 -9999 -9999 -9999 -9999 -9999 -9999 -9999 -9999 -9999 -9999 -9999 -9999 -9999 -9999 -9999
11.03 12.38 10.95 11.04 10.85 11.88 11.22 10.81 10.61 9.20 9.01 7.92 7.66 11.42 14.63 14.25 11.64 8.88 8.96 12.68 12.13 -9999 -9999 -9999 -9999 -9999 -9999 -9999 -9999 -9999 -9999 -9999 -9999 -9999 -9999 -9999 -9999 -9999 -9999 -9999 -9999 -9999 -9999 -9999 -9999 -9999 -9999 -9999 -9999 -9999 -9999 -9999 -9999 -9999 -9999 -9999 -9999 -9999 -9999 -9999 -9999 -9999 -9999 -9999 -9999 -9999 -9999 -9999 -9999 -9999 -9999 -9999 -9999 -9999 -9999 -9999 -9999 -9999
11.42 13.81 12.82 12.47 10.85 11.68 11.18 13.81 12.87 11.03 10.29 10.80 9.09 10.09 11.73 11.27 9.73 9.21 10.22 11.76 12.44 -9999 -9999 -9999 -9999 -9999 -9999 -9999 -9999 -9999 -9999 -9999 -9999 -9999 -9999 -9999 -9999 -9999 -9999 -9999 -9999 -9999 -9999 -9999 -9999 -9999 -9999 -9999 -9999 -9999 -9999 -9999 -9999 -9999 -9999 -9999 -9999 -9999 -9999 -9999 -9999 -9999 -9999 -9999 -9999 -9999 -9999 -9999 -9999 -9999 -9999 -9999 -9999 -9999 -9999 -9999 -9999 -9999
10.92 11.98 12.35 11.46 12.74 14.84 14.45 12.75 12.93 12.90 12.63 11.29 11.94 11.09 10.02 9.79 10.31 11.19 11.95 11.89 13.24 -9999 -9999 -9999 -9999 -9999 -9999 -9999 -9999 -9999 -9999 -9999 -9999 -9999 -9999 -9999 -9999 -9999 -9999 -9999 -9999 -9999 -9999 -9999 -9999 -9999 -9999 -9999 -9999 -9999 -9999 -9999 -9999 -9999 -9999 -9999 -9999 -9999 -9999 -9999 -9999 -9999 -9999 -9999 -9999 -9999 -9999 -9999 -9999 -9999 -9999 -9999 -9999 -9999 -9999 -9999 -9999 -9999
11.00 12.99 13.61 -9999 -9999 -9999 -9999 -9999 -9999 -9999 -9999 -9999 13.16 13.72 12.03 10.76 9.74 11.17 12.32 12.31 -9999 -9999 -9999 -9999 -9999 -9999 -9999 -9999 -9999 -9999 -9999 -9999 -9999 -9999 -9999 -9999 -9999 -9999 -9999 -9999 -9999 -9999 -9999 -9999 -9999 -9999 -9999 -9999 -9999 -9999 -9999 -9999 -9999 -9999 -9999 -9999 -9999 -9999 -9999 -9999 -9999 -9999 -9999 -9999 -9999 -9999 -9999 -9999 -9999 -9999 -9999 -9999 -9999 -9999 -9999 -9999 -9999 -9999
13.14 13.65 14.62 -9999 -9999 -9999 -9999 -9999 -9999 -9999 -9999 -9999 -9999 -9999 -9999 11.84 11.01 11.49 12.21 -9999 -9999 -9999 -9999 -9999 -9999 -9999 -9999 -9999 -9999 -9999 -9999 -9999 -9999 -9999 -9999 -9999 -9999 -9999 -9999 -9999 -9999 -9999 -9999 -9999 -9999 -9999 -9999 -9999 -9999 -9999 -9999 -9999 -9999 -9999 -9999 -9999 -9999 -9999 -9999 -9999 -9999 -9999 -9999 -9999 -9999 -9999 -9999 -9999 -9999 -9999 -9999 -9999 -9999 -9999 -9999 -9999 -9999 -9999
13.57 -9999 -9999 -9999 -9999 -9999 -9999 -9999 -9999 -9999 -9999 -9999 -9999 -9999 -9999 13.50 14.78 15.60 14.97 -9999 -9999 -9999 -9999 -9999 -9999 -9999 -9999 -9999 -9999 -9999 -9999 -9999 -9999 -9999 -9999 -9999 -9999 -9999 -9999 -9999 -9999 -9999 -9999 -9999 -9999 -9999 -9999 -9999 -9999 -9999 -9999 -9999 -9999 -9999 -9999 -9999 -9999 -9999 -9999 -9999 -9999 -9999 -9999 -9999 -9999 -9999 -9999 -9999 -9999 -9999 -9999 -9999 -9999 -9999 -9999 -9999 -9999 -9999
-9999 -9999 -9999 -9999 -9999 -9999 -9999 -9999 -9999 -9999 -9999 -9999 -9999 -9999 -9999 -9999 -9999 -9999 -9999 -9999 -9999 -9999 -9999 -9999 -9999 -9999 -9999 -9999 -9999 -9999 -9999 -9999 -9999 -9999 -9999 -9999 -9999 -9999 -9999 -9999 -9999 -9999 -9999 -9999 -9999 -9999 -9999 -9999 -9999 -9999 -9999 -9999 -9999 -9999 -9999 -9999 -9999 -9999 -9999 -9999 -9999 -9999 -9999 -9999 -9999 -9999 -9999 -9999 -9999 -9999 -9999 -9999 -9999 -9999 -9999 -9999 -9999 -9999
-9999 -9999 -9999 -9999 -9999 -9999 -9999 -9999 -9999 -9999 -9999 -9999 -9999 -9999 -9999 -9999 -9999 -9999 -9999 -9999 -9999 -9999 -9999 -9999 -9999 -9999 -9999 -9999 -9999 -9999 -9999 -9999 -9999 -9999 -9999 -9999 -9999 -9999 -9999 -9999 -9999 -9999 -9999 -9999 -9999 -9999 -9999 -9999 -9999 -9999 -9999 -9999 -9999 -9999 -9999 -9999 -9999 -9999 -9999 -9999 -9999 -9999 -9999 -9999 -9999 -9999 -9999 -9999 -9999 -9999 -9999 -9999 -9999 -9999 -9999 -9999 -9999 -9999
