ML/MeanWindSpeed_1999-10_Actual.txt
ncols         180
nrows         290
xllcorner     -200000
yllcorner     -200000
cellsize      5000
NODATA_value  -9999
[rows 210 to 244 of 290, columns 78 to 155 of 180]
14.57 14.71 13.13 15.07 14.76 -9999 -9999 -9999 -9999 -9999 -9999 -9999 8.22 8.20 9.45 8.59 8.46 8.31 9.86 11.98 14.49 13.75 11.79 10.23 9.85 8.85 12.20 12.20 7.80 6.40 10.40 10.73 12.06 8.68 7.65 7.20 6.50 7.42 8.24 8.36 8.77 8.37 7.81 7.36 6.88 6.43 6.24 5.83 6.34 5.88 6.05 6.36 6.75 7.14 6.64 6.61 6.62 5.41 4.55 6.31 7.46 7.79 7.64 6.71 6.21 6.81 7.30 6.89 6.31 6.10 7.27 6.31 6.72 7.78 7.32 7.43 7.53 6.81
-9999 14.95 -9999 -9999 -9999 -9999 -9999 -9999 -9999 -9999 12.91 11.24 10.74 12.02 11.51 10.14 8.93 9.16 9.13 11.78 13.55 12.70 8.62 8.54 12.24 10.92 11.02 8.91 7.30 6.94 9.84 10.31 10.15 8.29 7.63 7.31 5.73 8.88 9.34 8.28 8.55 8.11 7.76 7.36 6.80 6.99 6.19 6.08 5.43 5.47 5.69 6.25 6.53 7.07 6.45 7.68 8.65 6.01 6.16 4.80 7.00 7.21 6.76 7.36 6.88 6.98 7.63 6.88 6.12 6.15 6.25 6.90 7.55 6.99 7.68 7.52 6.87 6.70
-9999 -9999 -9999 -9999 -9999 -9999 -9999 -9999 -9999 -9999 14.39 13.61 11.58 13.05 13.70 -9999 -9999 9.54 12.42 8.06 9.90 9.33 9.24 10.00 11.68 9.03 8.73 9.04 8.50 9.31 9.92 9.98 9.10 8.20 8.42 6.67 6.93 9.18 8.26 7.91 7.78 7.86 8.15 7.66 6.75 6.47 5.71 5.75 6.32 6.89 6.68 7.46 6.52 6.28 7.34 9.80 7.68 6.87 5.87 4.66 6.74 6.71 6.55 6.57 6.57 6.43 6.48 7.84 6.49 6.30 6.26 6.33 6.64 6.52 6.31 7.88 7.31 7.82
-9999 -9999 -9999 -9999 -9999 -9999 -9999 -9999 -9999 -9999 -9999 -9999 -9999 -9999 -9999 -9999 -9999 11.26 10.23 9.76 8.67 7.54 7.49 8.02 9.25 9.15 9.62 10.10 10.59 11.32 11.09 -9999 8.77 8.02 7.36 6.71 7.11 8.95 8.30 8.39 7.83 7.09 6.86 7.44 6.49 6.47 7.50 7.61 7.28 8.14 9.09 7.85 7.57 7.40 7.79 9.15 7.57 6.96 6.39 5.58 5.64 5.81 6.39 6.81 6.41 6.06 6.27 6.39 6.13 6.07 6.03 6.11 6.32 6.64 6.87 7.32 7.39 7.98
-9999 -9999 -9999 -9999 -9999 -9999 -9999 -9999 -9999 -9999 -9999 -9999 -9999 -9999 -9999 -9999 -9999 -9999 11.21 9.58 8.17 8.18 8.94 8.09 8.40 9.18 10.55 -9999 -9999 -9999 -9999 9.76 8.09 7.54 6.88 6.71 7.37 9.14 8.43 8.69 7.87 6.66 7.29 6.81 8.05 7.50 9.27 7.99 8.20 7.81 8.27 8.11 7.42 8.19 6.58 7.35 7.51 5.79 5.71 5.17 5.12 5.23 5.15 5.23 5.58 5.28 5.42 5.52 5.55 5.44 6.76 7.05 6.05 6.13 6.41 6.79 7.34 8.57
-9999 -9999 -9999 -9999 -9999 -9999 -9999 -9999 -9999 -9999 -9999 -9999 -9999 -9999 -9999 -9999 -9999 -9999 -9999 10.65 11.15 9.69 8.90 10.11 10.31 11.04 -9999 -9999 -9999 -9999 10.53 9.65 9.03 6.12 5.86 6.13 8.70 9.53 9.14 8.51 7.26 6.99 6.68 8.12 9.43 8.34 8.44 7.86 7.97 7.69 6.81 7.40 7.41 6.94 6.83 6.88 6.50 5.68 5.58 5.88 6.12 6.26 5.11 5.12 5.16 4.96 5.52 5.49 5.74 5.16 5.95 5.92 5.93 6.83 6.11 7.27 7.65 8.27
-9999 -9999 -9999 -9999 -9999 -9999 -9999 -9999 -9999 -9999 -9999 -9999 -9999 -9999 -9999 -9999 -9999 -9999 -9999 -9999 11.39 11.03 10.44 11.99 11.39 12.51 -9999 -9999 -9999 9.85 7.49 6.42 8.03 7.84 7.09 6.06 7.74 7.35 9.09 8.27 6.52 7.65 8.54 8.53 8.20 8.83 7.92 7.40 7.03 6.44 6.35 6.29 6.48 6.99 6.68 6.15 5.97 5.91 5.90 6.49 6.13 6.20 5.73 5.10 5.10 4.77 4.70 4.74 5.19 5.11 5.40 5.39 6.32 6.67 7.19 7.24 6.49 8.14
-9999 -9999 -9999 -9999 -9999 -9999 -9999 -9999 -9999 -9999 -9999 -9999 -9999 -9999 -9999 -9999 -9999 -9999 -9999 -9999 -9999 -9999 -9999 -9999 -9999 -9999 -9999 -9999 12.33 8.45 6.47 5.91 7.42 5.91 6.82 7.75 7.99 8.22 8.45 6.72 6.10 6.45 7.47 7.40 7.78 7.78 7.88 7.56 7.39 8.87 7.21 7.22 6.50 6.93 6.86 6.03 6.01 5.62 6.08 6.85 6.22 5.59 5.23 4.95 4.76 5.29 4.96 5.57 5.36 6.40 6.96 6.48 5.40 8.07 8.97 7.54 6.31 8.98
-9999 -9999 -9999 -9999 -9999 -9999 -9999 -9999 -9999 -9999 -9999 -9999 -9999 -9999 -9999 -9999 -9999 -9999 -9999 -9999 -9999 -9999 -9999 -9999 -9999 -9999 -9999 -9999 9.80 8.32 6.80 11.90 9.97 6.26 6.70 7.51 8.27 8.84 7.08 6.40 6.05 6.10 7.43 7.27 7.04 8.60 8.30 9.46 8.14 8.33 9.45 7.72 7.04 6.70 6.04 5.81 5.60 5.62 6.16 6.29 6.40 5.73 5.01 4.53 4.26 4.99 7.06 6.52 7.31 7.81 8.81 7.26 6.13 7.45 7.94 6.69 5.98 6.59
-9999 -9999 -9999 -9999 -9999 -9999 -9999 -9999 -9999 -9999 -9999 -9999 -9999 -9999 -9999 -9999 -9999 -9999 -9999 -9999 -9999 -9999 -9999 -9999 -9999 -9999 -9999 -9999 9.38 6.68 5.35 7.82 11.44 10.06 8.84 7.70 9.05 7.36 6.74 6.14 7.85 8.07 8.85 8.40 7.44 7.46 7.45 8.04 8.65 8.71 7.72 7.40 7.14 6.91 6.13 5.73 5.76 5.95 6.64 6.49 6.15 5.25 5.04 5.65 6.30 5.82 7.05 6.84 6.84 7.03 7.85 9.56 9.16 7.03 6.87 7.19 7.41 7.38
-9999 -9999 -9999 -9999 -9999 -9999 -9999 -9999 -9999 -9999 -9999 13.52 13.34 10.62 14.68 13.21 12.29 11.99 14.00 6.79 12.83 8.72 -9999 -9999 -9999 -9999 -9999 -9999 8.76 7.22 6.68 5.86 6.99 8.98 10.39 9.61 8.11 7.00 6.72 7.45 8.80 8.18 7.60 7.76 7.37 7.11 7.72 7.52 7.35 7.11 7.40 6.71 7.25 7.55 7.96 6.69 6.31 6.99 6.93 6.16 6.72 5.48 5.02 6.34 7.35 6.16 5.80 6.25 6.26 6.17 6.11 6.43 6.32 5.81 5.67 5.60 5.66 5.75
-9999 -9999 -9999 -9999 -9999 -9999 -9999 -9999 -9999 -9999 -9999 15.28 13.86 13.06 10.02 11.54 12.65 11.19 11.50 11.82 9.18 7.78 6.73 8.59 11.88 9.95 9.14 8.25 7.93 7.18 6.69 6.41 6.10 6.59 9.04 8.91 7.76 6.74 9.57 8.01 7.13 7.78 8.35 7.65 7.58 8.32 7.96 8.07 7.74 7.45 6.17 6.44 7.00 7.05 6.86 7.33 7.71 6.45 6.14 5.50 5.31 6.27 5.37 9.21 7.45 6.91 6.27 5.77 5.96 5.85 6.76 6.74 5.46 6.97 6.50 7.13 5.91 6.19
-9999 -9999 -9999 -9999 -9999 -9999 -9999 -9999 -9999 -9999 13.92 12.14 10.86 9.91 8.37 10.40 12.81 11.68 10.15 9.89 9.89 8.62 7.06 7.22 9.16 10.85 8.18 7.64 7.16 7.15 7.89 6.49 6.48 7.98 7.90 7.43 7.57 9.77 8.02 9.25 8.62 7.85 6.99 7.58 7.48 8.35 8.45 7.86 8.17 6.92 6.98 6.78 6.61 6.50 7.84 8.35 6.36 5.81 6.06 8.14 6.49 6.02 6.25 6.32 6.63 6.65 6.03 5.84 6.59 7.61 6.67 5.60 5.48 7.21 6.72 6.67 7.20 7.17
-9999 -9999 -9999 -9999 -9999 -9999 -9999 -9999 -9999 -9999 -9999 11.20 9.38 8.36 9.87 9.40 9.77 12.04 10.21 8.02 6.81 9.21 11.21 9.47 7.96 8.64 10.56 8.55 6.83 6.80 6.66 7.22 7.21 6.46 6.51 6.90 7.71 8.81 7.56 8.88 7.66 7.64 7.63 8.00 7.49 8.42 8.67 8.40 6.90 6.79 7.33 6.43 5.77 5.50 6.60 7.74 7.51 5.90 6.29 7.47 7.24 6.44 5.62 5.61 5.49 5.78 7.36 7.00 6.76 7.44 8.52 7.65 6.96 7.53 7.54 6.66 7.65 6.70
-9999 -9999 -9999 -9999 -9999 -9999 -9999 13.89 -9999 -9999 11.95 10.47 10.78 7.41 9.29 7.91 7.46 7.45 7.56 8.22 6.84 9.18 10.87 8.84 7.85 6.71 6.67 6.63 6.46 6.57 6.79 7.45 6.29 6.08 6.58 8.37 7.25 8.27 7.22 7.84 7.24 8.29 9.18 8.52 7.57 7.15 7.21 7.03 6.67 8.03 6.96 6.16 7.87 6.16 6.21 8.00 8.97 5.50 5.90 6.49 6.23 5.81 5.58 5.44 5.87 6.61 7.16 6.19 5.78 5.93 6.70 6.79 6.77 7.48 6.85 6.73 6.75 6.30
-9999 -9999 -9999 -9999 -9999 -9999 12.92 13.71 13.46 13.01 10.12 9.07 10.79 8.09 6.97 7.79 6.99 8.21 8.52 9.14 7.84 8.19 9.40 8.34 6.88 6.24 6.41 6.95 7.24 6.33 6.27 6.44 5.92 5.92 7.64 7.83 6.97 7.64 7.92 9.24 8.37 8.51 9.80 8.41 8.11 6.87 7.36 7.03 7.40 6.82 6.52 5.80 6.92 6.84 6.05 7.20 6.68 5.76 5.53 5.39 5.98 5.89 5.83 5.36 5.04 5.27 5.35 5.59 5.82 5.88 5.50 6.20 6.72 7.64 8.10 7.61 6.38 7.28
-9999 -9999 -9999 -9999 -9999 -9999 12.31 11.91 10.68 11.04 9.92 8.98 7.92 9.56 9.28 8.28 9.50 9.16 8.78 10.06 8.96 9.31 9.85 7.55 8.12 9.89 9.24 7.93 6.92 6.05 6.42 6.83 6.94 6.30 7.59 7.04 7.61 6.56 5.88 7.90 9.33 8.21 8.26 7.99 7.31 7.22 7.80 7.02 6.42 7.20 7.42 5.94 6.32 6.38 6.28 7.29 7.68 7.55 8.96 6.31 6.37 5.46 5.21 5.31 5.43 5.20 5.15 5.49 6.08 5.76 5.67 5.57 6.60 6.84 7.11 7.26 7.51 6.41
-9999 -9999 -9999 -9999 -9999 -9999 12.73 11.18 10.33 10.51 9.75 9.54 8.30 8.73 8.66 7.32 8.70 8.89 9.68 10.17 9.80 7.67 7.11 6.93 9.09 9.03 9.55 10.07 7.53 6.91 6.81 6.03 6.76 5.98 7.05 6.69 6.76 6.45 5.95 8.15 7.89 7.98 7.77 7.46 7.21 7.18 7.75 7.74 6.52 6.31 6.62 7.46 6.24 6.51 6.32 6.83 6.92 6.96 7.70 7.14 7.96 8.71 5.15 8.64 7.11 5.35 5.75 9.16 9.07 8.45 5.51 5.45 5.78 5.85 6.75 6.61 7.94 9.07
-9999 -9999 -9999 -9999 -9999 -9999 10.80 10.26 10.00 9.60 8.74 8.40 7.85 7.41 8.39 7.77 8.04 8.89 8.25 8.62 8.62 8.77 6.64 7.89 10.05 9.07 10.47 10.33 8.02 7.92 8.14 6.87 6.77 6.66 6.78 6.75 6.80 7.49 8.50 6.88 7.88 7.62 7.48 7.17 7.05 7.26 7.63 6.81 6.89 6.69 7.15 7.52 8.11 7.44 8.35 7.96 7.41 7.09 6.71 6.25 6.30 6.59 5.95 7.94 7.86 8.56 8.19 8.91 9.54 9.98 6.34 6.38 6.16 6.26 7.03 8.25 9.66 10.10
-9999 -9999 -9999 -9999 -9999 -9999 9.44 9.35 9.42 9.66 9.93 8.81 7.81 6.74 7.20 8.84 8.54 8.18 7.55 8.17 8.01 7.72 7.53 7.33 7.99 7.69 10.26 8.88 6.56 9.37 8.86 7.37 9.60 7.85 8.50 9.31 8.69 8.35 8.93 7.76 7.04 7.43 7.24 6.63 6.84 7.05 7.61 6.80 7.08 8.00 8.68 8.38 8.35 8.63 8.75 9.03 8.93 8.43 7.61 7.26 7.79 8.26 8.48 9.04 9.40 9.59 -9999 -9999 9.49 9.72 9.10 8.42 7.54 10.50 8.72 -9999 -9999 -9999
-9999 -9999 -9999 -9999 -9999 11.31 9.42 9.41 8.71 9.72 9.72 10.43 8.08 7.81 7.41 8.65 8.29 7.63 7.35 7.60 7.44 7.11 6.80 7.51 8.85 9.51 9.32 7.64 10.21 10.90 8.07 7.10 7.81 7.43 8.68 8.82 7.76 7.72 7.51 7.25 8.08 7.83 7.86 7.41 7.36 7.91 8.77 8.51 8.13 8.06 8.12 8.42 -9999 -9999 9.80 10.77 10.84 10.23 9.69 9.23 9.47 -9999 -9999 -9999 -9999 -9999 -9999 -9999 -9999 -9999 -9999 9.69 10.17 11.94 10.60 -9999 -9999 -9999
-9999 -9999 -9999 -9999 12.42 10.45 8.86 9.67 8.62 8.62 8.25 8.04 7.05 9.62 10.33 9.30 8.75 8.78 9.34 7.98 7.11 7.04 7.40 7.85 11.33 12.45 11.78 11.17 12.74 9.89 9.66 9.27 9.83 10.36 8.53 7.30 7.82 7.02 7.18 6.93 7.09 7.06 8.78 10.04 10.06 9.86 9.90 10.11 9.22 -9999 7.54 8.23 8.11 8.80 9.96 -9999 -9999 -9999 -9999 11.00 -9999 -9999 -9999 -9999 -9999 -9999 -9999 -9999 -9999 -9999 -9999 -9999 -9999 -9999 -9999 -9999 -9999 -9999
-9999 -9999 -9999 13.76 12.32 11.59 10.23 8.76 8.45 8.15 6.83 6.44 7.64 12.36 13.87 9.08 8.24 11.46 8.85 10.30 7.37 7.23 10.57 9.70 10.08 10.88 11.28 -9999 -9999 -9999 -9999 -9999 10.15 11.47 10.64 8.75 8.47 7.92 7.23 7.23 7.04 7.72 9.31 -9999 -9999 -9999 -9999 -9999 10.68 10.54 9.16 7.73 7.47 9.87 10.23 -9999 -9999 -9999 -9999 -9999 -9999 -9999 -9999 -9999 -9999 -9999 -9999 -9999 -9999 -9999 -9999 -9999 -9999 -9999 -9999 -9999 -9999 -9999
-9999 -9999 9.45 10.21 11.87 11.97 10.26 9.84 9.10 7.01 7.74 7.71 9.99 12.50 13.81 12.37 11.45 9.68 11.05 9.17 9.12 8.86 11.39 11.57 -9999 -9999 -9999 -9999 -9999 -9999 -9999 -9999 -9999 10.60 10.76 9.22 10.32 11.23 11.44 9.04 11.10 11.06 11.96 -9999 -9999 -9999 -9999 -9999 -9999 -9999 9.12 9.37 8.03 9.12 -9999 -9999 -9999 -9999 -9999 -9999 -9999 -9999 -9999 -9999 -9999 -9999 -9999 -9999 -9999 -9999 -9999 -9999 -9999 -9999 -9999 -9999 -9999 -9999
11.54 11.14 8.98 9.54 11.30 12.85 12.79 10.70 8.38 7.95 8.64 8.48 9.87 12.79 10.78 11.00 11.41 12.73 6.91 9.39 12.91 10.72 -9999 -9999 -9999 -9999 -9999 -9999 -9999 -9999 -9999 -9999 -9999 -9999 -9999 11.45 -9999 -9999 -9999 -9999 10.20 12.78 13.40 -9999 -9999 -9999 -9999 -9999 -9999 -9999 -9999 9.89 11.89 10.43 -9999 -9999 -9999 -9999 -9999 -9999 -9999 -9999 -9999 -9999 -9999 -9999 -9999 -9999 -9999 -9999 -9999 -9999 -9999 -9999 -9999 -9999 -9999 -9999
10.71 9.52 7.79 9.35 11.59 12.20 12.86 11.29 9.89 10.61 7.60 6.37 8.31 11.83 11.70 9.79 9.03 10.93 7.97 7.84 9.82 -9999 -9999 -9999 -9999 -9999 -9999 -9999 -9999 -9999 -9999 -9999 -9999 -9999 -9999 12.85 -9999 -9999 -9999 -9999 -9999 -9999 -9999 -9999 -9999 -9999 -9999 -9999 -9999 -9999 -9999 -9999 -9999 -9999 -9999 -9999 -9999 -9999 -9999 -9999 -9999 -9999 -9999 -9999 -9999 -9999 -9999 -9999 -9999 -9999 -9999 -9999 -9999 -9999 -9999 -9999 -9999 -9999
11.76 9.85 7.86 9.63 10.65 10.82 11.47 10.60 9.97 10.87 7.03 6.38 7.70 10.55 14.99 15.27 8.52 8.58 8.00 9.21 12.36 -9999 -9999 -9999 -9999 -9999 -9999 -9999 -9999 -9999 -9999 -9999 -9999 -9999 -9999 -9999 -9999 -9999 -9999 -9999 -9999 -9999 -9999 -9999 -9999 -9999 -9999 -9999 -9999 -9999 -9999 -9999 -9999 -9999 -9999 -9999 -9999 -9999 -9999 -9999 -9999 -9999 -9999 -9999 -9999 -9999 -9999 -9999 -9999 -9999 -9999 -9999 -9999 -9999 -9999 -9999 -9999 -9999
10.42 11.63 10.46 10.83 10.62 11.45 10.69 10.10 9.52 7.99 7.88 7.04 6.98 10.38 13.06 12.50 10.01 7.42 7.52 11.21 10.91 -9999 -9999 -9999 -9999 -9999 -9999 -9999 -9999 -9999 -9999 -9999 -9999 -9999 -9999 -9999 -9999 -9999 -9999 -9999 -9999 -9999 -9999 -9999 -9999 -9999 -9999 -9999 -9999 -9999 -9999 -9999 -9999 -9999 -9999 -9999 -9999 -9999 -9999 -9999 -9999 -9999 -9999 -9999 -9999 -9999 -9999 -9999 -9999 -9999 -9999 -9999 -9999 -9999 -9999 -9999 -9999 -9999
10.94 13.07 12.29 12.20 10.65 11.31 10.70 12.91 11.62 9.64 8.92 9.47 7.87 8.78 10.19 9.72 8.30 7.78 8.79 10.43 11.29 -9999 -9999 -9999 -9999 -9999 -9999 -9999 -9999 -9999 -9999 -9999 -9999 -9999 -9999 -9999 -9999 -9999 -9999 -9999 -9999 -9999 -9999 -9999 -9999 -9999 -9999 -9999 -9999 -9999 -9999 -9999 -9999 -9999 -9999 -9999 -9999 -9999 -9999 -9999 -9999 -9999 -9999 -9999 -9999 -9999 -9999 -9999 -9999 -9999 -9999 -9999 -9999 -9999 -9999 -9999 -9999 -9999
10.27 11.19 11.72 11.10 12.33 14.20 13.67 11.76 11.64 11.43 11.18 9.91 10.50 9.70 8.70 8.48 9.01 9.86 10.63 10.70 12.12 -9999 -9999 -9999 -9999 -9999 -9999 -9999 -9999 -9999 -9999 -9999 -9999 -9999 -9999 -9999 -9999 -9999 -9999 -9999 -9999 -9999 -9999 -9999 -9999 -9999 -9999 -9999 -9999 -9999 -9999 -9999 -9999 -9999 -9999 -9999 -9999 -9999 -9999 -9999 -9999 -9999 -9999 -9999 -9999 -9999 -9999 -9999 -9999 -9999 -9999 -9999 -9999 -9999 -9999 -9999 -9999 -9999
10.27 12.16 12.88 -9999 -9999 -9999 -9999 -9999 -9999 -9999 -9999 -9999 11.73 12.30 10.70 9.50 8.47 9.78 10.97 11.12 -9999 -9999 -9999 -9999 -9999 -9999 -9999 -9999 -9999 -9999 -9999 -9999 -9999 -9999 -9999 -9999 -9999 -9999 -9999 -9999 -9999 -9999 -9999 -9999 -9999 -9999 -9999 -9999 -9999 -9999 -9999 -9999 -9999 -9999 -9999 -9999 -9999 -9999 -9999 -9999 -9999 -9999 -9999 -9999 -9999 -9999 -9999 -9999 -9999 -9999 -9999 -9999 -9999 -9999 -9999 -9999 -9999 -9999
12.40 12.87 13.88 -9999 -9999 -9999 -9999 -9999 -9999 -9999 -9999 -9999 -9999 -9999 -9999 10.58 9.71 10.11 10.94 -9999 -9999 -9999 -9999 -9999 -9999 -9999 -9999 -9999 -9999 -9999 -9999 -9999 -9999 -9999 -9999 -9999 -9999 -9999 -9999 -9999 -9999 -9999 -9999 -9999 -9999 -9999 -9999 -9999 -9999 -9999 -9999 -9999 -9999 -9999 -9999 -9999 -9999 -9999 -9999 -9999 -9999 -9999 -9999 -9999 -9999 -9999 -9999 -9999 -9999 -9999 -9999 -9999 -9999 -9999 -9999 -9999 -9999 -9999
12.84 -9999 -9999 -9999 -9999 -9999 -9999 -9999 -9999 -9999 -9999 -9999 -9999 -9999 -9999 12.21 13.40 14.17 13.66 -9999 -9999 -9999 -9999 -9999 -9999 -9999 -9999 -9999 -9999 -9999 -9999 -9999 -9999 -9999 -9999 -9999 -9999 -9999 -9999 -9999 -9999 -9999 -9999 -9999 -9999 -9999 -9999 -9999 -9999 -9999 -9999 -9999 -9999 -9999 -9999 -9999 -9999 -9999 -9999 -9999 -9999 -9999 -9999 -9999 -9999 -9999 -9999 -9999 -9999 -9999 -9999 -9999 -9999 -9999 -9999 -9999 -9999 -9999
-9999 -9999 -9999 -9999 -9999 -9999 -9999 -9999 -9999 -9999 -9999 -9999 -9999 -9999 -9999 -9999 -9999 -9999 -9999 -9999 -9999 -9999 -9999 -9999 -9999 -9999 -9999 -9999 -9999 -9999 -9999 -9999 -9999 -9999 -9999 -9999 -9999 -9999 -9999 -9999 -9999 -9999 -9999 -9999 -9999 -9999 -9999 -9999 -9999 -9999 -9999 -9999 -9999 -9999 -9999 -9999 -9999 -9999 -9999 -9999 -9999 -9999 -9999 -9999 -9999 -9999 -9999 -9999 -9999 -9999 -9999 -9999 -9999 -9999 -9999 -9999 -9999 -9999
-9999 -9999 -9999 -9999 -9999 -9999 -9999 -9999 -9999 -9999 -9999 -9999 -9999 -9999 -9999 -9999 -9999 -9999 -9999 -9999 -9999 -9999 -9999 -9999 -9999 -9999 -9999 -9999 -9999 -9999 -9999 -9999 -9999 -9999 -9999 -9999 -9999 -9999 -9999 -9999 -9999 -9999 -9999 -9999 -9999 -9999 -9999 -9999 -9999 -9999 -9999 -9999 -9999 -9999 -9999 -9999 -9999 -9999 -9999 -9999 -9999 -9999 -9999 -9999 -9999 -9999 -9999 -9999 -9999 -9999 -9999 -9999 -9999 -9999 -9999 -9999 -9999 -9999
