ML/MeanWindSpeed_2000-05_Actual.txt
ncols         180
nrows         290
xllcorner     -200000
yllcorner     -200000
cellsize      5000
NODATA_value  -9999
[rows 140 to 174 of 290, columns 79 to 157 of 180]
-9999 -9999 10.17 -9999 -9999 -9999 9.34 9.44 8.45 8.20 8.88 -9999 -9999 9.17 8.03 9.65 10.43 -9999 -9999 -9999 -9999 -9999 8.03 7.14 5.58 5.54 5.14 5.72 5.96 6.44 6.40 5.00 7.09 8.79 8.63 6.77 7.85 8.51 9.04 7.48 8.17 8.47 7.78 6.49 6.63 6.93 5.16 5.66 7.10 8.05 -9999 -9999 -9999 -9999 -9999 -9999 -9999 -9999 -9999 -9999 -9999 -9999 -9999 -9999 -9999 -9999 -9999 -9999 -9999 -9999 -9999 -9999 -9999 -9999 -9999 -9999 -9999 -9999 -9999
-9999 -9999 10.16 9.88 -9999 -9999 -9999 9.39 9.74 9.37 9.46 -9999 -9999 -9999 -9999 9.56 -9999 -9999 -9999 -9999 -9999 -9999 7.07 6.31 5.50 5.69 5.78 5.92 6.00 6.43 6.25 5.69 6.42 8.81 8.60 5.68 9.38 9.27 10.19 7.97 8.17 9.48 8.05 7.20 7.02 5.84 4.77 5.68 7.20 8.04 -9999 -9999 -9999 -9999 -9999 -9999 -9999 -9999 -9999 -9999 -9999 -9999 -9999 -9999 -9999 -9999 -9999 -9999 -9999 -9999 -9999 -9999 -9999 -9999 -9999 -9999 -9999 -9999 -9999
-9999 -9999 -9999 10.89 -9999 -9999 -9999 -9999 9.68 10.28 9.88 -9999 -9999 -9999 -9999 -9999 -9999 -9999 -9999 -9999 -9999 7.68 6.74 6.50 5.93 5.86 6.77 6.76 6.72 7.06 6.92 6.63 5.90 7.34 10.89 10.06 9.70 9.81 8.48 7.98 8.24 7.13 6.00 7.65 7.84 5.67 5.16 6.17 7.39 8.25 8.78 -9999 -9999 -9999 -9999 -9999 -9999 -9999 -9999 -9999 -9999 -9999 -9999 -9999 -9999 -9999 -9999 -9999 -9999 -9999 -9999 -9999 -9999 -9999 -9999 -9999 -9999 -9999 -9999
-9999 -9999 -9999 11.68 -9999 -9999 -9999 -9999 -9999 -9999 -9999 -9999 -9999 -9999 -9999 -9999 -9999 -9999 -9999 -9999 -9999 7.57 6.18 5.18 3.97 3.91 9.45 7.47 6.77 8.58 7.03 7.73 4.82 5.57 9.82 11.94 9.34 8.10 11.06 12.67 11.75 10.07 9.04 6.47 6.73 6.37 6.87 6.70 7.29 8.43 8.84 9.00 -9999 -9999 -9999 -9999 -9999 -9999 -9999 -9999 -9999 -9999 -9999 -9999 -9999 -9999 -9999 -9999 -9999 -9999 -9999 -9999 -9999 -9999 -9999 -9999 -9999 -9999 -9999
-9999 -9999 -9999 -9999 -9999 -9999 -9999 -9999 -9999 -9999 -9999 -9999 -9999 -9999 -9999 -9999 -9999 -9999 -9999 -9999 8.03 7.07 5.64 4.62 6.29 3.66 12.55 11.38 6.36 7.53 6.93 6.70 6.55 4.99 6.76 12.88 12.23 10.53 9.28 8.65 10.30 10.08 9.30 7.97 7.18 6.85 6.62 6.82 7.72 7.82 7.75 8.09 -9999 -9999 -9999 -9999 -9999 -9999 -9999 -9999 -9999 -9999 -9999 -9999 -9999 -9999 -9999 -9999 -9999 -9999 -9999 -9999 -9999 -9999 -9999 -9999 -9999 -9999 -9999
-9999 -9999 -9999 -9999 -9999 -9999 -9999 -9999 -9999 -9999 -9999 -9999 -9999 -9999 -9999 -9999 -9999 -9999 -9999 -9999 7.31 7.40 4.95 5.80 10.83 5.99 4.63 8.57 8.86 7.47 7.12 7.05 6.73 5.73 6.38 8.53 14.17 11.83 10.54 9.12 9.07 9.01 7.74 7.46 7.38 7.99 7.11 7.74 7.40 7.45 7.00 7.04 7.33 7.55 7.73 -9999 -9999 -9999 -9999 -9999 -9999 -9999 -9999 -9999 -9999 -9999 -9999 -9999 -9999 -9999 -9999 -9999 -9999 -9999 -9999 -9999 -9999 -9999 -9999
-9999 -9999 -9999 -9999 -9999 -9999 -9999 -9999 -9999 -9999 -9999 -9999 -9999 -9999 -9999 -9999 -9999 -9999 -9999 -9999 7.34 6.88 6.10 8.15 5.41 4.92 6.41 10.07 7.73 6.83 9.26 5.98 7.80 6.84 6.55 7.16 9.44 10.30 9.71 9.10 8.78 7.44 7.46 7.11 6.87 6.88 7.19 7.13 7.27 6.69 6.31 6.18 7.98 6.77 7.62 8.40 8.46 -9999 -9999 -9999 -9999 -9999 -9999 -9999 -9999 -9999 -9999 -9999 -9999 -9999 -9999 -9999 -9999 -9999 -9999 -9999 -9999 -9999 -9999
-9999 -9999 -9999 -9999 -9999 -9999 -9999 -9999 -9999 -9999 -9999 -9999 -9999 -9999 -9999 -9999 -9999 -9999 -9999 -9999 7.47 7.01 7.61 11.10 11.86 8.05 5.51 7.74 8.74 10.46 7.39 9.63 8.35 7.51 7.30 7.18 6.34 6.71 9.51 8.88 8.33 7.98 7.40 7.10 7.31 7.43 7.09 7.17 6.89 6.29 6.13 5.75 6.15 7.82 7.57 7.81 8.92 9.07 7.89 -9999 -9999 -9999 -9999 -9999 -9999 -9999 -9999 -9999 -9999 -9999 -9999 -9999 -9999 -9999 -9999 -9999 -9999 -9999 -9999
-9999 -9999 -9999 -9999 -9999 -9999 -9999 -9999 -9999 -9999 -9999 -9999 -9999 -9999 -9999 -9999 -9999 -9999 -9999 -9999 7.97 7.05 8.51 9.31 6.39 14.21 11.83 8.00 9.86 8.27 11.25 11.57 8.70 7.13 7.00 6.62 5.26 10.51 9.75 9.56 9.90 10.14 9.60 7.46 8.33 7.64 7.38 7.28 6.98 6.55 5.82 5.05 5.63 7.48 6.86 6.62 7.20 8.22 7.21 9.26 -9999 -9999 -9999 -9999 -9999 -9999 -9999 -9999 -9999 -9999 -9999 -9999 -9999 -9999 -9999 -9999 -9999 -9999 -9999
-9999 -9999 -9999 -9999 -9999 -9999 -9999 -9999 9.45 9.91 10.75 -9999 -9999 -9999 -9999 -9999 -9999 -9999 -9999 -9999 -9999 8.13 7.51 6.43 7.85 9.89 12.09 8.21 6.60 10.30 10.27 9.23 7.82 8.75 8.21 6.32 6.43 8.76 9.40 11.99 11.12 9.55 9.18 9.60 8.61 7.81 7.51 7.22 7.02 6.27 5.43 8.09 7.67 10.04 10.51 9.76 8.87 6.98 8.82 9.27 8.74 -9999 -9999 -9999 -9999 -9999 -9999 -9999 -9999 -9999 -9999 -9999 -9999 -9999 -9999 -9999 -9999 -9999 -9999
-9999 -9999 -9999 -9999 -9999 -9999 -9999 -9999 7.45 8.12 -9999 -9999 -9999 -9999 -9999 -9999 -9999 -9999 -9999 -9999 -9999 -9999 7.32 5.47 8.63 9.83 14.91 8.98 9.23 9.31 8.15 7.32 6.88 6.25 11.17 6.57 7.09 10.88 9.67 7.93 7.65 10.75 8.03 9.93 8.56 7.73 7.29 7.13 6.62 6.70 7.91 8.47 8.26 8.33 8.08 8.84 9.35 8.88 9.01 8.90 10.34 -9999 -9999 -9999 -9999 -9999 -9999 -9999 -9999 -9999 -9999 -9999 -9999 -9999 -9999 -9999 -9999 -9999 -9999
-9999 -9999 -9999 -9999 -9999 -9999 -9999 7.06 8.92 9.22 9.49 -9999 -9999 -9999 -9999 -9999 -9999 -9999 -9999 -9999 -9999 -9999 7.16 8.39 9.38 10.29 8.67 9.27 7.83 7.90 7.52 7.02 7.88 6.53 5.00 10.77 8.08 7.76 10.15 9.01 10.94 8.97 9.15 8.24 8.08 7.69 7.61 7.06 6.55 7.35 8.31 7.71 8.61 9.64 9.34 9.59 9.14 9.22 9.51 8.55 10.39 9.42 -9999 -9999 -9999 -9999 -9999 -9999 -9999 -9999 -9999 -9999 -9999 -9999 -9999 -9999 -9999 -9999 -9999
-9999 -9999 -9999 -9999 -9999 -9999 6.27 9.20 10.77 13.31 9.33 -9999 -9999 -9999 -9999 -9999 -9999 -9999 -9999 -9999 -9999 -9999 7.98 11.35 9.76 7.22 8.29 7.75 8.04 6.96 6.48 6.89 7.62 6.12 9.84 7.59 10.15 8.20 11.26 7.57 8.43 7.04 8.62 7.62 7.91 8.01 7.27 7.19 6.66 6.86 9.35 9.76 9.47 8.84 8.96 8.69 8.52 8.66 9.85 9.74 9.25 9.48 -9999 -9999 -9999 -9999 -9999 -9999 -9999 -9999 -9999 -9999 -9999 -9999 -9999 -9999 -9999 -9999 -9999
-9999 -9999 -9999 -9999 -9999 7.75 7.09 12.25 10.91 10.77 -9999 -9999 -9999 -9999 -9999 -9999 -9999 -9999 -9999 -9999 -9999 -9999 -9999 8.87 7.68 7.04 8.67 7.06 8.53 7.18 6.60 6.33 6.73 5.72 9.80 9.57 10.45 9.75 10.22 10.38 10.24 9.04 8.82 9.10 8.66 7.44 7.32 7.30 6.98 6.94 7.87 11.08 10.06 8.29 7.79 7.75 7.53 7.61 7.63 7.62 7.34 7.87 8.93 9.54 -9999 -9999 -9999 -9999 -9999 -9999 -9999 -9999 -9999 -9999 -9999 -9999 -9999 -9999 -9999
-9999 -9999 -9999 -9999 -9999 9.74 10.99 9.15 10.01 10.23 -9999 -9999 -9999 -9999 -9999 -9999 -9999 -9999 -9999 -9999 -9999 -9999 -9999 -9999 7.94 8.05 7.76 7.18 8.11 7.53 7.25 6.81 7.08 5.51 9.80 9.25 8.78 10.14 8.78 8.34 11.35 11.05 8.52 9.87 9.06 8.65 7.45 7.30 7.25 7.10 7.51 8.38 8.53 7.90 7.62 7.42 7.34 7.05 6.99 7.01 7.06 9.02 9.31 9.23 -9999 -9999 -9999 -9999 -9999 -9999 -9999 -9999 -9999 -9999 -9999 -9999 -9999 -9999 -9999
-9999 -9999 -9999 -9999 -9999 10.55 9.88 10.53 10.06 -9999 -9999 -9999 -9999 -9999 -9999 -9999 -9999 -9999 -9999 -9999 -9999 -9999 -9999 -9999 8.35 8.52 8.36 -9999 8.20 -9999 7.42 6.60 5.78 4.93 5.69 9.43 8.99 9.45 11.67 6.97 7.83 11.66 10.14 9.60 9.45 8.58 7.66 7.42 7.35 7.12 7.36 7.79 8.33 8.75 7.77 7.98 7.00 6.27 7.06 8.06 7.86 7.66 7.84 9.14 10.51 11.02 -9999 -9999 -9999 -9999 -9999 -9999 -9999 -9999 -9999 -9999 -9999 -9999 -9999
-9999 -9999 -9999 -9999 10.32 9.99 9.91 -9999 -9999 -9999 -9999 -9999 -9999 -9999 -9999 -9999 -9999 -9999 -9999 -9999 -9999 -9999 -9999 -9999 8.99 8.62 8.19 -9999 -9999 -9999 7.22 7.31 4.79 5.26 6.81 6.49 6.45 8.14 11.28 11.05 7.37 10.42 11.42 9.19 10.08 9.16 8.26 7.07 7.23 7.12 7.26 7.53 7.79 7.85 7.60 7.66 6.51 6.61 7.53 8.48 9.00 9.07 8.57 8.56 9.39 10.31 -9999 -9999 -9999 -9999 -9999 -9999 -9999 -9999 -9999 -9999 -9999 -9999 -9999
-9999 -9999 -9999 -9999 -9999 -9999 -9999 -9999 -9999 -9999 -9999 -9999 -9999 -9999 -9999 -9999 -9999 -9999 -9999 -9999 -9999 -9999 -9999 -9999 -9999 -9999 -9999 -9999 -9999 7.76 6.35 5.92 6.59 7.21 8.33 8.76 7.85 8.63 10.86 10.44 8.94 7.76 9.93 10.61 9.48 8.59 7.85 7.39 7.39 7.56 7.27 7.27 7.43 7.40 7.17 6.67 7.19 8.90 8.00 8.79 8.52 8.69 8.11 8.64 9.39 -9999 -9999 -9999 -9999 -9999 -9999 -9999 -9999 -9999 -9999 -9999 -9999 -9999 -9999
-9999 -9999 -9999 -9999 -9999 -9999 -9999 -9999 -9999 -9999 -9999 -9999 -9999 -9999 -9999 -9999 -9999 -9999 -9999 -9999 -9999 -9999 -9999 -9999 -9999 -9999 -9999 -9999 -9999 7.30 6.15 6.71 8.13 10.24 9.87 7.98 8.91 7.53 8.18 7.51 8.54 9.08 9.81 9.79 9.55 8.62 8.15 7.78 7.32 7.50 7.11 7.08 7.14 7.23 7.09 6.59 7.06 9.87 9.45 8.34 8.22 8.11 7.93 8.50 9.46 -9999 -9999 -9999 -9999 -9999 -9999 -9999 -9999 -9999 -9999 -9999 -9999 -9999 -9999
-9999 -9999 -9999 -9999 -9999 -9999 -9999 -9999 -9999 -9999 -9999 -9999 -9999 -9999 -9999 -9999 -9999 -9999 -9999 -9999 -9999 -9999 -9999 -9999 -9999 -9999 -9999 -9999 -9999 6.88 5.89 6.28 8.61 9.56 9.47 8.92 8.11 7.44 8.16 7.11 6.90 7.67 6.90 9.70 8.62 9.21 8.24 7.93 7.09 6.96 7.00 6.95 7.01 7.04 7.05 6.86 6.97 8.74 9.29 8.47 8.03 8.00 7.82 8.32 9.17 -9999 -9999 -9999 -9999 -9999 -9999 -9999 -9999 -9999 -9999 -9999 -9999 -9999 -9999
-9999 -9999 -9999 -9999 -9999 -9999 -9999 -9999 -9999 -9999 -9999 -9999 -9999 -9999 -9999 -9999 -9999 -9999 -9999 -9999 -9999 -9999 -9999 -9999 -9999 -9999 -9999 8.76 7.73 6.46 5.75 7.99 9.72 11.83 9.56 10.37 6.64 7.15 7.13 7.47 7.93 8.01 9.63 7.65 7.68 7.57 7.44 7.00 7.42 6.77 6.73 6.99 6.84 6.91 7.08 6.99 7.16 7.81 9.02 8.28 7.67 7.69 7.72 8.01 8.80 9.67 -9999 -9999 -9999 -9999 -9999 -9999 -9999 -9999 -9999 -9999 -9999 -9999 -9999
-9999 -9999 -9999 -9999 -9999 -9999 -9999 -9999 -9999 -9999 -9999 -9999 -9999 -9999 -9999 -9999 -9999 -9999 -9999 -9999 -9999 -9999 -9999 -9999 -9999 -9999 -9999 8.33 7.25 6.50 6.16 6.87 9.41 8.08 7.52 6.24 7.18 8.91 7.00 7.77 7.48 8.49 6.45 9.37 8.02 8.82 8.56 8.40 7.38 6.95 6.74 6.73 6.75 6.88 7.00 7.11 7.14 7.42 8.00 8.53 7.86 7.62 7.74 7.84 8.42 9.35 -9999 -9999 -9999 -9999 -9999 -9999 -9999 -9999 -9999 -9999 -9999 -9999 -9999
-9999 -9999 -9999 -9999 -9999 -9999 -9999 -9999 -9999 -9999 -9999 -9999 -9999 -9999 -9999 -9999 -9999 -9999 -9999 -9999 -9999 -9999 -9999 -9999 -9999 -9999 -9999 8.37 7.23 6.80 6.55 7.10 8.02 7.97 6.83 6.07 6.79 6.82 6.29 7.62 9.37 7.86 7.72 7.00 8.16 7.01 7.34 7.76 7.95 7.23 6.99 6.73 6.72 6.87 7.01 7.14 7.19 7.21 7.60 8.42 8.69 7.96 7.71 7.81 8.11 8.75 9.60 -9999 -9999 -9999 -9999 -9999 -9999 -9999 -9999 -9999 -9999 -9999 -9999
-9999 -9999 -9999 -9999 -9999 -9999 -9999 -9999 -9999 -9999 -9999 -9999 -9999 -9999 -9999 -9999 -9999 -9999 -9999 -9999 -9999 -9999 -9999 -9999 -9999 -9999 -9999 8.21 7.36 7.06 7.01 7.01 6.97 6.59 6.73 7.14 5.78 5.86 6.31 9.49 9.70 10.33 9.59 8.40 8.15 8.39 7.36 6.93 7.61 7.73 6.95 6.71 6.78 6.81 7.01 7.21 7.36 7.28 7.42 8.71 9.41 8.47 8.13 8.17 8.06 8.25 9.05 9.85 -9999 -9999 -9999 -9999 -9999 -9999 -9999 -9999 -9999 -9999 -9999
-9999 -9999 -9999 -9999 -9999 -9999 -9999 -9999 -9999 -9999 -9999 -9999 -9999 -9999 -9999 -9999 -9999 -9999 -9999 -9999 -9999 -9999 -9999 -9999 -9999 -9999 -9999 8.23 7.26 7.01 6.83 6.56 6.20 6.20 5.61 6.39 7.14 8.33 9.27 10.36 8.53 9.53 8.60 8.56 7.59 8.40 7.99 7.50 7.00 6.79 6.81 6.68 6.83 6.97 7.17 7.33 7.53 7.62 7.70 8.27 8.99 8.54 8.23 8.36 8.42 8.33 8.45 9.35 -9999 -9999 -9999 -9999 -9999 -9999 -9999 -9999 -9999 -9999 -9999
-9999 -9999 -9999 -9999 -9999 -9999 -9999 -9999 -9999 -9999 -9999 -9999 -9999 -9999 -9999 -9999 -9999 -9999 -9999 -9999 -9999 -9999 -9999 -9999 -9999 -9999 -9999 -9999 7.26 7.00 6.61 6.02 6.22 7.24 7.31 8.01 7.44 7.48 9.11 9.29 9.86 9.13 7.88 6.91 7.17 6.98 7.76 7.22 7.03 7.38 7.14 6.76 7.04 7.10 7.28 7.38 7.52 7.74 7.88 8.22 8.36 8.30 8.30 8.52 -9999 8.64 8.88 9.44 10.41 -9999 -9999 -9999 -9999 -9999 -9999 -9999 -9999 -9999 -9999
-9999 -9999 -9999 -9999 -9999 -9999 -9999 -9999 -9999 -9999 -9999 -9999 -9999 -9999 -9999 -9999 -9999 -9999 -9999 -9999 -9999 -9999 -9999 -9999 -9999 -9999 -9999 8.05 7.12 6.75 6.20 5.70 5.87 8.67 9.26 8.20 10.21 10.13 8.86 8.45 10.72 9.15 9.11 7.51 6.33 7.69 7.00 6.63 7.07 7.22 6.94 7.08 7.08 7.18 7.29 7.46 7.42 7.52 8.47 8.04 7.86 8.71 8.16 8.20 8.37 -9999 9.25 9.77 10.55 11.16 -9999 -9999 -9999 -9999 -9999 -9999 -9999 -9999 -9999
-9999 -9999 -9999 -9999 -9999 -9999 -9999 -9999 -9999 -9999 -9999 -9999 -9999 -9999 -9999 -9999 -9999 -9999 -9999 -9999 -9999 -9999 -9999 -9999 -9999 -9999 -9999 7.84 6.92 6.59 6.16 7.00 6.68 7.97 10.18 8.41 8.74 9.02 7.73 7.32 9.39 8.44 7.92 5.88 7.18 8.08 6.88 7.63 7.23 7.71 7.55 7.27 7.13 7.21 7.30 7.37 7.28 7.27 7.49 7.76 7.28 7.63 8.00 7.56 8.08 8.56 -9999 -9999 -9999 -9999 -9999 -9999 -9999 -9999 -9999 -9999 -9999 -9999 -9999
-9999 -9999 -9999 -9999 -9999 -9999 -9999 -9999 -9999 -9999 -9999 -9999 -9999 -9999 -9999 -9999 -9999 -9999 -9999 -9999 -9999 -9999 -9999 -9999 -9999 -9999 8.70 7.33 6.68 7.08 6.82 7.00 7.04 8.35 8.99 8.61 8.36 8.11 7.76 7.55 9.10 10.27 9.58 6.41 8.16 8.10 6.90 7.29 6.88 7.46 7.65 7.19 7.03 7.31 7.33 7.34 7.38 7.25 7.44 7.53 7.45 7.48 8.31 7.73 7.68 7.99 8.86 9.79 -9999 -9999 -9999 -9999 -9999 -9999 -9999 -9999 -9999 -9999 -9999
-9999 -9999 -9999 -9999 -9999 -9999 -9999 -9999 -9999 -9999 -9999 -9999 -9999 -9999 -9999 -9999 -9999 -9999 -9999 -9999 -9999 -9999 -9999 -9999 -9999 -9999 -9999 7.35 6.62 6.63 7.00 8.42 7.38 7.69 7.99 8.21 8.32 7.90 7.51 7.09 7.18 9.31 9.26 9.55 8.10 8.53 8.18 7.74 8.15 6.92 6.91 7.40 7.05 7.22 7.22 7.23 7.37 7.26 7.36 7.60 7.34 7.17 7.31 8.65 7.86 7.66 8.01 8.79 9.65 10.50 -9999 -9999 -9999 -9999 -9999 -9999 -9999 -9999 -9999
-9999 -9999 -9999 -9999 -9999 -9999 -9999 -9999 -9999 -9999 -9999 -9999 -9999 -9999 -9999 -9999 -9999 -9999 -9999 -9999 -9999 -9999 -9999 -9999 -9999 -9999 -9999 7.20 6.86 6.71 7.01 7.38 7.61 7.65 7.58 7.73 7.49 7.27 7.20 7.14 7.28 6.66 9.24 10.66 11.27 9.62 8.57 8.44 7.61 7.73 7.11 7.75 7.17 7.31 7.22 7.20 7.23 7.25 7.48 7.57 7.34 7.01 7.39 8.75 8.22 8.27 7.67 7.97 8.76 9.71 -9999 -9999 -9999 -9999 -9999 -9999 -9999 -9999 -9999
-9999 -9999 -9999 -9999 -9999 -9999 -9999 11.23 10.59 10.79 11.38 -9999 -9999 -9999 -9999 -9999 -9999 -9999 -9999 -9999 -9999 -9999 -9999 -9999 -9999 -9999 7.32 6.70 7.08 6.87 7.61 7.50 7.17 7.18 7.40 7.44 7.45 7.25 7.11 6.83 6.42 8.51 10.07 10.07 8.92 10.58 9.72 7.81 7.71 6.50 8.24 8.20 7.36 7.34 7.24 7.17 7.21 7.27 7.41 7.71 7.50 7.05 7.18 7.67 8.77 8.56 8.79 7.79 7.96 8.97 10.01 -9999 -9999 -9999 -9999 -9999 -9999 -9999 -9999
-9999 -9999 -9999 -9999 -9999 -9999 -9999 10.86 10.22 10.09 10.31 -9999 -9999 -9999 -9999 -9999 -9999 -9999 -9999 -9999 -9999 -9999 -9999 -9999 -9999 7.29 7.11 6.61 6.92 7.71 7.10 7.17 6.82 7.01 7.32 7.30 7.42 7.38 6.77 6.16 5.68 6.99 11.18 11.42 8.89 10.01 9.33 9.02 7.18 6.58 7.67 8.11 7.58 7.02 7.04 7.12 7.41 7.38 7.37 7.54 7.69 7.31 7.34 7.60 8.76 8.74 8.59 7.90 7.97 8.42 9.56 -9999 -9999 -9999 -9999 -9999 -9999 -9999 -9999
-9999 -9999 -9999 -9999 -9999 12.93 10.93 9.93 10.04 9.89 10.31 9.76 10.23 10.31 -9999 -9999 9.46 7.94 -9999 -9999 -9999 6.90 7.68 6.93 -9999 5.76 7.21 6.77 6.57 6.99 6.75 6.89 7.09 7.79 7.76 7.83 7.26 7.34 6.68 6.36 7.95 6.28 8.54 10.49 7.35 8.71 11.26 7.62 8.69 7.26 7.65 7.85 7.44 7.19 7.19 7.23 7.45 7.26 7.38 7.42 7.83 7.33 7.34 7.63 8.09 8.59 9.12 8.74 8.10 8.11 9.10 10.29 -9999 -9999 -9999 -9999 -9999 -9999 -9999
-9999 -9999 -9999 -9999 -9999 -9999 11.27 10.37 9.97 9.65 9.57 9.79 10.10 7.62 -9999 6.16 7.77 8.03 6.76 7.25 5.14 4.89 7.87 7.60 6.40 -9999 5.64 6.78 6.79 6.35 6.42 6.89 6.68 7.03 7.33 7.36 7.45 7.11 6.96 6.46 8.22 8.56 8.97 9.40 8.80 10.43 10.27 8.58 7.26 6.90 7.99 8.06 7.16 7.41 7.12 7.48 7.62 7.32 7.31 7.35 7.87 7.40 7.43 7.63 7.77 8.42 8.88 9.23 8.73 8.36 8.82 9.94 -9999 -9999 -9999 -9999 -9999 -9999 -9999
