ML/MeanWindSpeed_1996-05_Actual.txt
ncols         180
nrows         290
xllcorner     -200000
yllcorner     -200000
cellsize      5000
NODATA_value  -9999
[rows 140 to 174 of 290, columns 79 to 157 of 180]
-9999 -9999 12.33 -9999 -9999 -9999 11.28 11.22 9.65 9.50 10.77 -9999 -9999 11.49 9.71 12.00 13.20 -9999 -9999 -9999 -9999 -9999 10.24 8.84 6.49 6.58 6.16 6.93 7.06 7.75 7.84 5.99 8.68 11.36 11.82 9.17 10.75 11.56 12.02 9.44 9.86 9.67 8.01 5.48 5.14 5.31 2.75 3.50 6.01 8.25 -9999 -9999 -9999 -9999 -9999 -9999 -9999 -9999 -9999 -9999 -9999 -9999 -9999 -9999 -9999 -9999 -9999 -9999 -9999 -9999 -9999 -9999 -9999 -9999 -9999 -9999 -9999 -9999 -9999
-9999 -9999 12.42 12.15 -9999 -9999 -9999 11.41 11.66 11.18 11.65 -9999 -9999 -9999 -9999 12.21 -9999 -9999 -9999 -9999 -9999 -9999 8.87 7.80 6.84 7.36 7.77 7.85 7.52 7.88 7.46 6.84 7.77 11.14 11.64 7.80 12.98 12.63 13.74 10.34 10.11 11.22 8.29 6.28 5.46 3.69 2.26 3.50 5.97 8.22 -9999 -9999 -9999 -9999 -9999 -9999 -9999 -9999 -9999 -9999 -9999 -9999 -9999 -9999 -9999 -9999 -9999 -9999 -9999 -9999 -9999 -9999 -9999 -9999 -9999 -9999 -9999 -9999 -9999
-9999 -9999 -9999 13.58 -9999 -9999 -9999 -9999 11.82 12.68 12.36 -9999 -9999 -9999 -9999 -9999 -9999 -9999 -9999 -9999 -9999 9.75 8.46 8.37 8.17 8.34 9.63 9.40 8.82 8.87 8.31 8.08 7.25 9.14 14.49 13.81 13.37 13.38 11.17 10.10 10.01 7.81 5.41 6.97 6.73 3.52 2.83 4.25 6.34 8.67 10.34 -9999 -9999 -9999 -9999 -9999 -9999 -9999 -9999 -9999 -9999 -9999 -9999 -9999 -9999 -9999 -9999 -9999 -9999 -9999 -9999 -9999 -9999 -9999 -9999 -9999 -9999 -9999 -9999
-9999 -9999 -9999 14.76 -9999 -9999 -9999 -9999 -9999 -9999 -9999 -9999 -9999 -9999 -9999 -9999 -9999 -9999 -9999 -9999 -9999 9.39 7.59 6.73 6.02 6.00 13.52 10.68 9.24 11.11 8.48 9.46 5.74 6.84 12.69 16.00 12.67 11.22 15.30 17.00 15.02 11.94 9.75 5.40 5.40 4.71 5.41 5.26 6.64 9.12 10.40 11.01 -9999 -9999 -9999 -9999 -9999 -9999 -9999 -9999 -9999 -9999 -9999 -9999 -9999 -9999 -9999 -9999 -9999 -9999 -9999 -9999 -9999 -9999 -9999 -9999 -9999 -9999 -9999
-9999 -9999 -9999 -9999 -9999 -9999 -9999 -9999 -9999 -9999 -9999 -9999 -9999 -9999 -9999 -9999 -9999 -9999 -9999 -9999 9.69 8.33 6.73 6.13 9.37 5.66 18.12 16.57 8.86 9.65 8.29 7.68 7.90 6.19 8.54 17.31 16.91 14.65 12.78 11.51 13.24 12.19 10.39 7.92 6.37 5.70 5.38 5.87 7.68 8.33 8.68 9.52 -9999 -9999 -9999 -9999 -9999 -9999 -9999 -9999 -9999 -9999 -9999 -9999 -9999 -9999 -9999 -9999 -9999 -9999 -9999 -9999 -9999 -9999 -9999 -9999 -9999 -9999 -9999
-9999 -9999 -9999 -9999 -9999 -9999 -9999 -9999 -9999 -9999 -9999 -9999 -9999 -9999 -9999 -9999 -9999 -9999 -9999 -9999 8.51 8.61 5.69 7.88 15.71 9.15 6.95 12.34 12.38 9.51 8.43 7.81 7.53 7.24 9.27 12.60 20.44 16.78 14.68 12.19 11.55 10.88 8.52 7.69 7.25 7.87 6.57 7.65 7.48 7.88 7.57 7.90 8.62 9.19 9.49 -9999 -9999 -9999 -9999 -9999 -9999 -9999 -9999 -9999 -9999 -9999 -9999 -9999 -9999 -9999 -9999 -9999 -9999 -9999 -9999 -9999 -9999 -9999 -9999
-9999 -9999 -9999 -9999 -9999 -9999 -9999 -9999 -9999 -9999 -9999 -9999 -9999 -9999 -9999 -9999 -9999 -9999 -9999 -9999 8.47 7.68 6.98 10.76 7.62 7.72 9.64 14.16 10.31 8.17 11.07 5.94 8.34 7.88 9.51 10.64 13.80 14.97 13.81 12.40 11.37 8.93 8.52 7.63 7.00 6.82 7.20 7.20 7.57 6.99 6.70 6.72 9.50 7.94 9.19 10.29 10.40 -9999 -9999 -9999 -9999 -9999 -9999 -9999 -9999 -9999 -9999 -9999 -9999 -9999 -9999 -9999 -9999 -9999 -9999 -9999 -9999 -9999 -9999
-9999 -9999 -9999 -9999 -9999 -9999 -9999 -9999 -9999 -9999 -9999 -9999 -9999 -9999 -9999 -9999 -9999 -9999 -9999 -9999 8.66 7.88 8.67 14.18 15.95 11.44 7.91 10.26 11.08 12.80 7.81 10.82 8.91 8.16 9.80 10.55 9.44 9.85 13.52 12.27 10.94 9.90 8.72 8.01 8.03 8.03 7.50 7.65 7.33 6.62 6.70 6.44 7.11 9.56 9.16 9.44 10.94 11.18 9.69 -9999 -9999 -9999 -9999 -9999 -9999 -9999 -9999 -9999 -9999 -9999 -9999 -9999 -9999 -9999 -9999 -9999 -9999 -9999 -9999
-9999 -9999 -9999 -9999 -9999 -9999 -9999 -9999 -9999 -9999 -9999 -9999 -9999 -9999 -9999 -9999 -9999 -9999 -9999 -9999 9.29 7.68 9.56 11.00 7.21 18.85 15.75 9.85 12.08 9.35 12.99 13.26 9.29 7.63 8.84 9.56 7.94 15.32 13.88 13.24 13.36 13.29 12.15 8.80 9.86 8.72 8.30 8.14 7.76 7.26 6.54 5.66 6.43 9.00 8.03 7.64 8.41 9.85 8.49 11.58 -9999 -9999 -9999 -9999 -9999 -9999 -9999 -9999 -9999 -9999 -9999 -9999 -9999 -9999 -9999 -9999 -9999 -9999 -9999
-9999 -9999 -9999 -9999 -9999 -9999 -9999 -9999 11.70 12.38 13.51 -9999 -9999 -9999 -9999 -9999 -9999 -9999 -9999 -9999 -9999 8.67 7.38 6.12 8.48 11.28 14.74 9.28 6.87 11.86 11.38 9.93 8.30 10.08 10.27 8.66 9.26 12.45 13.01 16.40 14.91 12.38 11.54 11.96 10.43 9.22 8.79 8.37 8.16 7.20 6.27 10.19 9.38 12.64 13.14 11.95 10.72 7.98 10.60 11.28 10.70 -9999 -9999 -9999 -9999 -9999 -9999 -9999 -9999 -9999 -9999 -9999 -9999 -9999 -9999 -9999 -9999 -9999 -9999
-9999 -9999 -9999 -9999 -9999 -9999 -9999 -9999 8.97 9.74 -9999 -9999 -9999 -9999 -9999 -9999 -9999 -9999 -9999 -9999 -9999 -9999 7.08 4.49 8.95 10.48 18.13 10.07 10.47 10.24 8.38 7.37 7.23 6.85 14.63 8.64 9.72 15.05 13.01 10.26 9.59 13.82 9.81 12.40 10.39 9.22 8.64 8.46 7.83 7.97 9.81 10.63 10.08 9.98 9.49 10.51 11.30 10.60 10.76 10.51 12.75 -9999 -9999 -9999 -9999 -9999 -9999 -9999 -9999 -9999 -9999 -9999 -9999 -9999 -9999 -9999 -9999 -9999 -9999
-9999 -9999 -9999 -9999 -9999 -9999 -9999 8.53 10.81 10.98 11.49 -9999 -9999 -9999 -9999 -9999 -9999 -9999 -9999 -9999 -9999 -9999 7.17 8.50 9.64 10.98 9.05 10.29 8.41 8.41 7.77 7.13 8.72 7.27 5.81 14.40 10.62 10.16 13.62 11.81 14.43 11.45 11.66 10.20 9.84 9.29 9.19 8.44 7.77 8.73 9.98 9.14 10.25 11.48 10.98 11.33 10.79 10.86 11.17 9.64 12.46 11.46 -9999 -9999 -9999 -9999 -9999 -9999 -9999 -9999 -9999 -9999 -9999 -9999 -9999 -9999 -9999 -9999 -9999
-9999 -9999 -9999 -9999 -9999 -9999 7.46 11.36 13.01 16.68 11.29 -9999 -9999 -9999 -9999 -9999 -9999 -9999 -9999 -9999 -9999 -9999 8.42 12.60 10.03 6.54 8.44 7.91 8.55 7.11 6.53 7.32 8.59 6.62 12.54 9.70 13.27 10.53 14.98 9.61 10.86 8.83 10.96 9.42 9.73 9.82 8.72 8.59 7.65 7.63 11.01 11.60 11.18 10.15 10.28 9.89 9.76 9.93 11.53 11.32 10.73 11.41 -9999 -9999 -9999 -9999 -9999 -9999 -9999 -9999 -9999 -9999 -9999 -9999 -9999 -9999 -9999 -9999 -9999
-9999 -9999 -9999 -9999 -9999 8.75 7.73 14.84 12.78 12.87 -9999 -9999 -9999 -9999 -9999 -9999 -9999 -9999 -9999 -9999 -9999 -9999 -9999 9.19 7.26 6.40 9.01 6.87 9.21 7.54 6.90 6.65 7.57 6.28 12.36 12.34 13.74 12.92 13.74 13.81 13.66 12.00 11.42 11.61 10.90 8.99 8.68 8.37 7.41 7.35 8.66 13.27 11.89 9.33 8.64 8.59 8.28 8.37 8.40 8.45 8.07 8.97 10.74 11.81 -9999 -9999 -9999 -9999 -9999 -9999 -9999 -9999 -9999 -9999 -9999 -9999 -9999 -9999 -9999
-9999 -9999 -9999 -9999 -9999 10.78 12.08 9.30 11.02 11.97 -9999 -9999 -9999 -9999 -9999 -9999 -9999 -9999 -9999 -9999 -9999 -9999 -9999 -9999 7.98 8.03 7.73 7.13 8.76 8.25 8.04 7.42 8.06 6.11 12.33 11.67 11.08 13.27 11.69 11.01 15.21 14.82 11.12 12.77 11.41 10.67 8.74 8.18 7.65 7.45 8.19 9.44 9.69 8.83 8.51 8.23 8.13 7.78 7.74 7.77 7.81 10.57 11.07 11.02 -9999 -9999 -9999 -9999 -9999 -9999 -9999 -9999 -9999 -9999 -9999 -9999 -9999 -9999 -9999
-9999 -9999 -9999 -9999 -9999 11.63 10.26 11.18 10.97 -9999 -9999 -9999 -9999 -9999 -9999 -9999 -9999 -9999 -9999 -9999 -9999 -9999 -9999 -9999 8.97 8.96 8.71 -9999 9.18 -9999 8.43 7.24 6.32 5.44 6.49 11.97 11.38 12.03 15.40 8.77 9.88 15.32 13.21 12.30 11.87 10.48 9.10 8.79 8.85 8.29 8.31 8.77 9.54 10.21 8.85 9.20 7.98 7.08 8.20 9.52 9.14 8.68 8.82 10.64 12.70 13.51 -9999 -9999 -9999 -9999 -9999 -9999 -9999 -9999 -9999 -9999 -9999 -9999 -9999
-9999 -9999 -9999 -9999 11.62 10.78 10.48 -9999 -9999 -9999 -9999 -9999 -9999 -9999 -9999 -9999 -9999 -9999 -9999 -9999 -9999 -9999 -9999 -9999 10.35 9.61 8.93 -9999 -9999 -9999 8.30 8.49 5.14 6.03 8.09 7.62 7.70 9.96 14.39 14.19 9.09 13.37 14.80 11.66 12.74 11.33 10.04 8.39 8.66 8.40 8.35 8.54 8.85 9.00 8.71 8.90 7.46 7.80 9.09 10.26 10.80 10.71 9.78 9.66 10.90 12.31 -9999 -9999 -9999 -9999 -9999 -9999 -9999 -9999 -9999 -9999 -9999 -9999 -9999
-9999 -9999 -9999 -9999 -9999 -9999 -9999 -9999 -9999 -9999 -9999 -9999 -9999 -9999 -9999 -9999 -9999 -9999 -9999 -9999 -9999 -9999 -9999 -9999 -9999 -9999 -9999 -9999 -9999 9.26 7.35 6.76 8.03 8.99 10.26 10.77 9.50 10.45 13.58 13.09 11.12 9.42 12.48 13.50 11.80 10.56 9.54 8.87 8.79 8.94 8.41 8.29 8.46 8.41 8.20 7.64 8.50 11.08 9.81 10.81 10.27 10.34 9.26 9.85 10.82 -9999 -9999 -9999 -9999 -9999 -9999 -9999 -9999 -9999 -9999 -9999 -9999 -9999 -9999
-9999 -9999 -9999 -9999 -9999 -9999 -9999 -9999 -9999 -9999 -9999 -9999 -9999 -9999 -9999 -9999 -9999 -9999 -9999 -9999 -9999 -9999 -9999 -9999 -9999 -9999 -9999 -9999 -9999 8.66 7.08 8.02 10.30 13.17 12.34 9.54 10.82 8.76 9.76 8.98 10.54 11.36 12.29 12.30 11.87 10.52 9.86 9.35 8.65 8.83 8.23 8.15 8.22 8.31 8.19 7.64 8.37 12.40 11.85 10.31 10.09 9.83 9.32 9.80 10.88 -9999 -9999 -9999 -9999 -9999 -9999 -9999 -9999 -9999 -9999 -9999 -9999 -9999 -9999
-9999 -9999 -9999 -9999 -9999 -9999 -9999 -9999 -9999 -9999 -9999 -9999 -9999 -9999 -9999 -9999 -9999 -9999 -9999 -9999 -9999 -9999 -9999 -9999 -9999 -9999 -9999 -9999 -9999 7.87 6.56 7.12 10.32 11.67 11.41 10.55 9.67 8.82 9.79 8.50 8.31 9.34 8.16 12.20 10.62 11.42 10.02 9.58 8.38 8.17 8.21 8.13 8.20 8.19 8.20 8.03 8.24 10.75 11.71 10.76 10.18 10.09 9.60 9.69 10.19 -9999 -9999 -9999 -9999 -9999 -9999 -9999 -9999 -9999 -9999 -9999 -9999 -9999 -9999
-9999 -9999 -9999 -9999 -9999 -9999 -9999 -9999 -9999 -9999 -9999 -9999 -9999 -9999 -9999 -9999 -9999 -9999 -9999 -9999 -9999 -9999 -9999 -9999 -9999 -9999 -9999 10.72 8.97 7.15 6.37 9.35 11.63 14.62 11.34 12.64 7.58 8.50 8.49 9.24 9.97 9.96 12.05 9.07 9.13 9.00 8.85 8.26 8.94 8.04 8.00 8.33 8.08 8.11 8.29 8.18 8.50 9.46 11.40 10.69 9.98 9.95 9.81 9.33 9.16 10.15 -9999 -9999 -9999 -9999 -9999 -9999 -9999 -9999 -9999 -9999 -9999 -9999 -9999
-9999 -9999 -9999 -9999 -9999 -9999 -9999 -9999 -9999 -9999 -9999 -9999 -9999 -9999 -9999 -9999 -9999 -9999 -9999 -9999 -9999 -9999 -9999 -9999 -9999 -9999 -9999 9.97 8.08 7.03 6.64 7.59 11.05 9.10 8.63 7.00 8.39 11.11 8.62 9.84 9.42 10.80 7.69 11.70 9.69 10.83 10.44 10.26 8.90 8.37 8.08 8.01 8.01 8.14 8.23 8.33 8.47 9.00 10.01 11.09 10.35 9.95 9.98 9.01 8.13 9.37 -9999 -9999 -9999 -9999 -9999 -9999 -9999 -9999 -9999 -9999 -9999 -9999 -9999
-9999 -9999 -9999 -9999 -9999 -9999 -9999 -9999 -9999 -9999 -9999 -9999 -9999 -9999 -9999 -9999 -9999 -9999 -9999 -9999 -9999 -9999 -9999 -9999 -9999 -9999 -9999 9.98 8.00 7.35 7.06 7.78 8.97 9.04 7.77 6.83 8.04 8.40 7.80 9.60 11.93 9.67 9.34 8.22 9.86 8.25 8.79 9.42 9.70 8.74 8.43 8.02 8.00 8.15 8.26 8.37 8.52 8.78 9.52 10.84 11.41 10.37 9.79 8.72 7.52 8.30 9.83 -9999 -9999 -9999 -9999 -9999 -9999 -9999 -9999 -9999 -9999 -9999 -9999
-9999 -9999 -9999 -9999 -9999 -9999 -9999 -9999 -9999 -9999 -9999 -9999 -9999 -9999 -9999 -9999 -9999 -9999 -9999 -9999 -9999 -9999 -9999 -9999 -9999 -9999 -9999 9.73 8.17 7.71 7.69 7.69 7.73 7.36 7.78 8.59 6.72 7.02 7.82 12.27 12.40 13.18 11.91 10.06 9.64 10.03 8.65 8.12 9.16 9.44 8.39 8.02 8.09 8.05 8.25 8.48 8.74 8.87 9.31 11.19 12.30 10.98 10.15 9.12 7.76 7.60 8.91 10.41 -9999 -9999 -9999 -9999 -9999 -9999 -9999 -9999 -9999 -9999 -9999
-9999 -9999 -9999 -9999 -9999 -9999 -9999 -9999 -9999 -9999 -9999 -9999 -9999 -9999 -9999 -9999 -9999 -9999 -9999 -9999 -9999 -9999 -9999 -9999 -9999 -9999 -9999 9.74 8.03 7.62 7.43 7.17 6.80 7.12 6.53 7.73 8.70 10.45 11.77 13.13 10.56 11.95 10.48 10.30 8.86 10.02 9.43 8.78 8.20 8.01 8.13 7.94 8.09 8.21 8.43 8.60 8.93 9.22 9.54 10.39 11.45 10.82 9.99 9.41 8.71 8.07 8.08 9.64 -9999 -9999 -9999 -9999 -9999 -9999 -9999 -9999 -9999 -9999 -9999
-9999 -9999 -9999 -9999 -9999 -9999 -9999 -9999 -9999 -9999 -9999 -9999 -9999 -9999 -9999 -9999 -9999 -9999 -9999 -9999 -9999 -9999 -9999 -9999 -9999 -9999 -9999 -9999 8.04 7.66 7.24 6.63 7.04 8.72 8.88 9.82 9.00 8.94 11.19 11.30 12.22 11.19 9.25 7.77 8.16 7.93 9.05 8.33 8.15 8.74 8.46 7.91 8.23 8.24 8.47 8.56 8.83 9.23 9.58 10.12 10.23 10.10 9.90 9.73 -9999 9.00 9.20 10.07 11.76 -9999 -9999 -9999 -9999 -9999 -9999 -9999 -9999 -9999 -9999
-9999 -9999 -9999 -9999 -9999 -9999 -9999 -9999 -9999 -9999 -9999 -9999 -9999 -9999 -9999 -9999 -9999 -9999 -9999 -9999 -9999 -9999 -9999 -9999 -9999 -9999 -9999 9.46 7.88 7.40 6.72 6.27 6.63 10.57 11.34 9.77 12.57 12.34 10.66 10.18 13.49 11.30 11.25 8.81 7.02 8.87 7.79 7.31 8.03 8.30 7.96 8.15 8.06 8.15 8.29 8.54 8.56 8.75 10.22 9.72 9.31 10.40 9.43 9.34 9.24 -9999 10.19 10.99 12.34 13.43 -9999 -9999 -9999 -9999 -9999 -9999 -9999 -9999 -9999
-9999 -9999 -9999 -9999 -9999 -9999 -9999 -9999 -9999 -9999 -9999 -9999 -9999 -9999 -9999 -9999 -9999 -9999 -9999 -9999 -9999 -9999 -9999 -9999 -9999 -9999 -9999 9.14 7.60 7.21 6.70 8.07 7.56 9.16 12.20 9.58 10.05 10.48 8.84 8.49 11.56 10.35 9.74 6.75 8.42 9.44 7.57 8.62 8.06 8.77 8.60 8.23 7.99 8.06 8.17 8.27 8.22 8.24 8.55 8.99 8.25 8.59 9.02 8.31 9.03 9.57 -9999 -9999 -9999 -9999 -9999 -9999 -9999 -9999 -9999 -9999 -9999 -9999 -9999
-9999 -9999 -9999 -9999 -9999 -9999 -9999 -9999 -9999 -9999 -9999 -9999 -9999 -9999 -9999 -9999 -9999 -9999 -9999 -9999 -9999 -9999 -9999 -9999 -9999 -9999 10.80 8.49 7.33 7.98 7.60 7.87 7.85 9.46 10.16 9.61 9.30 9.03 8.74 8.76 11.14 12.87 12.13 7.63 9.85 9.47 7.50 7.95 7.37 8.24 8.61 8.07 7.80 8.15 8.17 8.17 8.29 8.15 8.40 8.51 8.39 8.36 9.49 8.64 8.48 8.87 10.17 11.59 -9999 -9999 -9999 -9999 -9999 -9999 -9999 -9999 -9999 -9999 -9999
-9999 -9999 -9999 -9999 -9999 -9999 -9999 -9999 -9999 -9999 -9999 -9999 -9999 -9999 -9999 -9999 -9999 -9999 -9999 -9999 -9999 -9999 -9999 -9999 -9999 -9999 -9999 8.65 7.43 7.41 7.87 9.77 8.15 8.40 8.68 9.00 9.20 8.72 8.38 8.13 8.43 11.58 11.79 12.09 9.69 10.05 9.24 8.41 8.96 7.33 7.53 8.41 7.84 8.02 8.01 8.03 8.27 8.16 8.28 8.57 8.23 7.99 8.14 10.03 8.84 8.43 8.93 10.07 11.42 12.85 -9999 -9999 -9999 -9999 -9999 -9999 -9999 -9999 -9999
-9999 -9999 -9999 -9999 -9999 -9999 -9999 -9999 -9999 -9999 -9999 -9999 -9999 -9999 -9999 -9999 -9999 -9999 -9999 -9999 -9999 -9999 -9999 -9999 -9999 -9999 -9999 8.59 7.90 7.56 7.87 8.25 8.43 8.34 8.10 8.29 7.98 7.80 7.86 8.02 8.57 7.92 11.69 13.55 14.01 11.52 9.86 9.36 8.15 8.49 7.81 8.88 8.03 8.15 8.03 8.02 8.10 8.15 8.46 8.52 8.23 7.82 8.35 10.21 9.45 9.44 8.45 8.81 10.00 11.55 -9999 -9999 -9999 -9999 -9999 -9999 -9999 -9999 -9999
-9999 -9999 -9999 -9999 -9999 -9999 -9999 12.94 11.92 12.33 13.49 -9999 -9999 -9999 -9999 -9999 -9999 -9999 -9999 -9999 -9999 -9999 -9999 -9999 -9999 -9999 9.11 8.03 8.41 7.94 8.80 8.51 7.91 7.77 7.93 7.91 7.94 7.78 7.77 7.65 7.51 10.49 12.66 12.50 10.45 12.75 11.43 8.49 8.41 6.81 9.45 9.52 8.30 8.26 8.09 8.03 8.10 8.18 8.37 8.71 8.44 7.87 8.08 8.73 10.30 9.93 10.17 8.62 8.75 10.34 12.13 -9999 -9999 -9999 -9999 -9999 -9999 -9999 -9999
-9999 -9999 -9999 -9999 -9999 -9999 -9999 12.10 10.99 10.85 11.56 -9999 -9999 -9999 -9999 -9999 -9999 -9999 -9999 -9999 -9999 -9999 -9999 -9999 -9999 9.11 8.77 7.99 8.40 9.48 8.38 8.28 7.51 7.56 7.84 7.77 7.98 8.04 7.38 6.88 6.66 8.45 14.10 14.30 10.48 11.79 10.79 10.26 7.65 6.93 8.64 9.35 8.62 7.86 7.85 7.99 8.42 8.36 8.31 8.46 8.70 8.18 8.29 8.66 10.29 10.19 9.93 8.88 8.83 9.49 11.38 -9999 -9999 -9999 -9999 -9999 -9999 -9999 -9999
-9999 -9999 -9999 -9999 -9999 15.41 12.23 10.47 10.47 10.25 11.27 10.97 12.19 12.87 -9999 -9999 12.25 10.31 -9999 -9999 -9999 8.91 9.87 8.88 -9999 6.95 8.88 8.32 8.10 8.66 8.16 8.20 8.14 8.79 8.52 8.58 7.80 8.09 7.38 7.19 9.91 7.55 10.31 12.93 8.29 9.90 13.63 8.39 9.89 7.97 8.63 8.97 8.43 8.14 8.14 8.18 8.51 8.20 8.35 8.28 8.88 8.20 8.29 8.73 9.37 10.03 10.73 10.10 9.07 9.02 10.63 12.64 -9999 -9999 -9999 -9999 -9999 -9999 -9999
-9999 -9999 -9999 -9999 -9999 -9999 12.75 11.12 10.31 9.84 10.02 10.85 11.98 9.32 -9999 7.88 9.67 10.19 8.66 9.42 6.52 6.01 9.92 9.55 8.03 -9999 6.83 8.51 8.56 7.97 7.90 8.37 7.71 7.80 7.99 7.98 8.15 7.85 7.98 7.51 10.26 10.81 11.06 11.48 10.50 12.47 12.24 9.97 8.04 7.59 9.22 9.35 8.08 8.51 8.11 8.60 8.80 8.36 8.32 8.23 8.95 8.35 8.48 8.80 8.98 9.82 10.39 10.83 9.98 9.33 10.09 11.99 -9999 -9999 -9999 -9999 -9999 -9999 -9999
