ML/MeanWindSpeed_1994-07_Actual.txt
ncols         180
nrows         290
xllcorner     -200000
yllcorner     -200000
cellsize      5000
NODATA_value  -9999
[rows 140 to 174 of 290, columns 79 to 157 of 180]
-9999 -9999 8.81 -9999 -9999 -9999 7.60 7.79 6.64 6.59 7.06 -9999 -9999 7.52 6.15 7.94 8.67 -9999 -9999 -9999 -9999 -9999 6.93 6.05 4.34 4.58 4.40 5.08 5.08 6.00 7.01 6.05 6.97 8.93 10.83 8.21 9.84 10.39 10.45 8.42 8.80 9.10 8.24 6.44 6.23 6.90 5.21 5.50 6.85 7.83 -9999 -9999 -9999 -9999 -9999 -9999 -9999 -9999 -9999 -9999 -9999 -9999 -9999 -9999 -9999 -9999 -9999 -9999 -9999 -9999 -9999 -9999 -9999 -9999 -9999 -9999 -9999 -9999 -9999
-9999 -9999 8.63 8.72 -9999 -9999 -9999 7.63 8.08 7.75 7.98 -9999 -9999 -9999 -9999 7.50 -9999 -9999 -9999 -9999 -9999 -9999 6.25 5.73 5.35 5.82 6.22 6.19 5.64 5.86 5.67 6.00 5.82 7.78 10.11 7.00 11.08 10.51 11.19 8.53 8.58 10.10 8.20 6.83 6.11 5.44 5.12 5.74 6.61 7.47 -9999 -9999 -9999 -9999 -9999 -9999 -9999 -9999 -9999 -9999 -9999 -9999 -9999 -9999 -9999 -9999 -9999 -9999 -9999 -9999 -9999 -9999 -9999 -9999 -9999 -9999 -9999 -9999 -9999
-9999 -9999 -9999 9.81 -9999 -9999 -9999 -9999 7.79 8.58 8.46 -9999 -9999 -9999 -9999 -9999 -9999 -9999 -9999 -9999 -9999 7.27 6.48 6.66 7.20 7.26 7.73 7.27 6.44 6.30 5.72 6.57 6.32 6.76 12.12 12.08 10.74 10.05 7.56 6.73 7.07 6.07 5.01 6.98 7.26 5.32 5.48 6.25 6.47 7.03 7.78 -9999 -9999 -9999 -9999 -9999 -9999 -9999 -9999 -9999 -9999 -9999 -9999 -9999 -9999 -9999 -9999 -9999 -9999 -9999 -9999 -9999 -9999 -9999 -9999 -9999 -9999 -9999 -9999
-9999 -9999 -9999 10.68 -9999 -9999 -9999 -9999 -9999 -9999 -9999 -9999 -9999 -9999 -9999 -9999 -9999 -9999 -9999 -9999 -9999 7.40 5.97 5.30 5.74 5.21 10.14 7.60 6.38 7.85 5.56 7.05 5.32 5.79 9.97 13.10 9.43 8.06 11.69 12.75 10.99 8.62 7.62 4.77 5.86 6.06 7.16 6.30 5.74 6.62 7.52 7.89 -9999 -9999 -9999 -9999 -9999 -9999 -9999 -9999 -9999 -9999 -9999 -9999 -9999 -9999 -9999 -9999 -9999 -9999 -9999 -9999 -9999 -9999 -9999 -9999 -9999 -9999 -9999
-9999 -9999 -9999 -9999 -9999 -9999 -9999 -9999 -9999 -9999 -9999 -9999 -9999 -9999 -9999 -9999 -9999 -9999 -9999 -9999 7.65 6.89 5.80 4.66 7.57 3.71 13.10 11.71 5.35 6.17 5.32 4.95 6.25 5.07 5.67 12.71 11.80 9.74 8.64 7.91 9.68 9.04 8.09 6.69 5.97 6.07 5.94 5.42 5.58 5.39 5.86 6.83 -9999 -9999 -9999 -9999 -9999 -9999 -9999 -9999 -9999 -9999 -9999 -9999 -9999 -9999 -9999 -9999 -9999 -9999 -9999 -9999 -9999 -9999 -9999 -9999 -9999 -9999 -9999
-9999 -9999 -9999 -9999 -9999 -9999 -9999 -9999 -9999 -9999 -9999 -9999 -9999 -9999 -9999 -9999 -9999 -9999 -9999 -9999 7.45 7.92 5.84 6.53 12.16 6.59 2.88 6.77 8.19 6.25 5.85 5.14 5.20 5.54 6.26 7.51 14.06 10.97 9.39 7.23 6.89 7.09 6.04 6.22 6.31 6.97 5.54 5.95 5.00 5.04 5.20 5.87 6.56 7.07 7.09 -9999 -9999 -9999 -9999 -9999 -9999 -9999 -9999 -9999 -9999 -9999 -9999 -9999 -9999 -9999 -9999 -9999 -9999 -9999 -9999 -9999 -9999 -9999 -9999
-9999 -9999 -9999 -9999 -9999 -9999 -9999 -9999 -9999 -9999 -9999 -9999 -9999 -9999 -9999 -9999 -9999 -9999 -9999 -9999 7.69 7.49 7.20 9.43 5.17 6.07 6.62 9.39 7.03 5.35 8.44 3.91 5.89 5.48 6.68 5.78 7.89 9.60 9.03 7.92 6.98 4.98 5.37 5.23 5.06 4.92 5.16 5.03 5.17 4.91 5.24 5.78 8.34 6.96 7.67 8.00 7.55 -9999 -9999 -9999 -9999 -9999 -9999 -9999 -9999 -9999 -9999 -9999 -9999 -9999 -9999 -9999 -9999 -9999 -9999 -9999 -9999 -9999 -9999
-9999 -9999 -9999 -9999 -9999 -9999 -9999 -9999 -9999 -9999 -9999 -9999 -9999 -9999 -9999 -9999 -9999 -9999 -9999 -9999 7.74 7.83 8.28 12.32 12.55 9.45 6.68 6.87 7.75 9.64 5.03 7.90 6.31 5.67 7.01 6.96 5.02 5.28 9.11 8.70 7.58 6.45 5.66 5.31 5.24 5.11 4.74 5.01 5.02 4.90 5.79 6.30 6.84 8.87 8.22 7.91 8.49 8.25 6.68 -9999 -9999 -9999 -9999 -9999 -9999 -9999 -9999 -9999 -9999 -9999 -9999 -9999 -9999 -9999 -9999 -9999 -9999 -9999 -9999
-9999 -9999 -9999 -9999 -9999 -9999 -9999 -9999 -9999 -9999 -9999 -9999 -9999 -9999 -9999 -9999 -9999 -9999 -9999 -9999 7.55 6.67 8.53 9.76 5.32 14.63 12.08 5.51 7.70 6.09 8.43 9.14 6.14 5.08 6.85 8.42 6.40 12.12 10.52 10.11 10.36 10.31 9.13 6.03 6.70 5.50 5.16 5.17 5.22 5.45 5.69 5.50 5.72 7.39 6.19 5.64 6.27 7.46 5.96 8.32 -9999 -9999 -9999 -9999 -9999 -9999 -9999 -9999 -9999 -9999 -9999 -9999 -9999 -9999 -9999 -9999 -9999 -9999 -9999
-9999 -9999 -9999 -9999 -9999 -9999 -9999 -9999 7.80 8.07 8.67 -9999 -9999 -9999 -9999 -9999 -9999 -9999 -9999 -9999 -9999 6.27 5.21 4.34 5.97 6.52 8.96 3.83 1.96 6.49 5.50 5.47 5.27 7.16 8.18 8.21 8.79 10.49 9.65 12.30 11.08 8.95 8.08 8.21 6.64 5.62 5.39 5.28 5.76 5.75 5.70 9.50 8.04 10.08 9.94 8.66 7.85 5.67 8.02 8.19 7.35 -9999 -9999 -9999 -9999 -9999 -9999 -9999 -9999 -9999 -9999 -9999 -9999 -9999 -9999 -9999 -9999 -9999 -9999
-9999 -9999 -9999 -9999 -9999 -9999 -9999 -9999 6.46 6.61 -9999 -9999 -9999 -9999 -9999 -9999 -9999 -9999 -9999 -9999 -9999 -9999 5.42 3.18 6.03 5.29 11.55 5.54 5.64 4.30 2.66 2.78 4.29 4.89 12.30 7.58 8.31 11.57 8.88 6.15 5.32 8.80 5.38 7.57 5.96 5.12 4.98 5.30 5.71 6.55 8.55 9.28 8.01 7.11 6.42 7.26 8.32 7.76 7.79 7.20 9.10 -9999 -9999 -9999 -9999 -9999 -9999 -9999 -9999 -9999 -9999 -9999 -9999 -9999 -9999 -9999 -9999 -9999 -9999
-9999 -9999 -9999 -9999 -9999 -9999 -9999 7.44 8.86 8.17 7.84 -9999 -9999 -9999 -9999 -9999 -9999 -9999 -9999 -9999 -9999 -9999 6.72 7.08 7.08 6.24 4.27 6.52 4.92 4.23 3.47 2.97 5.18 4.69 3.85 11.33 7.42 6.14 9.26 7.25 9.40 6.83 6.92 5.45 5.26 5.12 5.28 5.03 5.48 6.81 7.47 6.33 6.43 6.76 6.40 6.94 7.15 7.33 7.12 5.59 8.28 7.78 -9999 -9999 -9999 -9999 -9999 -9999 -9999 -9999 -9999 -9999 -9999 -9999 -9999 -9999 -9999 -9999 -9999
-9999 -9999 -9999 -9999 -9999 -9999 7.73 10.61 10.59 12.83 7.78 -9999 -9999 -9999 -9999 -9999 -9999 -9999 -9999 -9999 -9999 -9999 7.44 9.75 6.86 2.77 4.26 4.40 5.15 3.73 3.39 4.54 5.87 3.78 9.28 6.77 8.89 6.08 9.93 5.16 6.28 4.55 6.36 4.97 5.23 5.63 4.83 4.97 5.12 5.45 7.21 6.96 6.14 4.92 5.19 5.06 5.60 6.01 7.00 6.86 6.54 7.72 -9999 -9999 -9999 -9999 -9999 -9999 -9999 -9999 -9999 -9999 -9999 -9999 -9999 -9999 -9999 -9999 -9999
-9999 -9999 -9999 -9999 -9999 8.31 7.74 12.34 8.43 7.89 -9999 -9999 -9999 -9999 -9999 -9999 -9999 -9999 -9999 -9999 -9999 -9999 -9999 5.86 3.98 3.50 5.66 3.75 5.50 4.36 4.27 4.32 5.90 4.86 9.80 9.30 10.00 9.54 10.32 10.02 9.97 8.40 7.45 7.31 6.63 5.08 4.97 5.01 5.09 5.16 4.93 7.98 6.65 4.29 4.00 4.28 4.21 4.25 4.08 4.55 4.61 5.73 7.39 8.15 -9999 -9999 -9999 -9999 -9999 -9999 -9999 -9999 -9999 -9999 -9999 -9999 -9999 -9999 -9999
-9999 -9999 -9999 -9999 -9999 9.91 10.43 5.99 5.50 6.34 -9999 -9999 -9999 -9999 -9999 -9999 -9999 -9999 -9999 -9999 -9999 -9999 -9999 -9999 4.87 5.38 4.74 4.09 5.14 5.03 5.32 4.82 6.01 4.77 9.35 8.45 7.62 9.51 8.99 8.41 11.90 11.46 7.73 8.64 7.26 6.70 5.20 4.97 5.08 4.98 4.64 4.80 5.03 4.46 4.58 4.57 4.59 4.35 4.12 4.35 4.77 7.42 7.85 7.69 -9999 -9999 -9999 -9999 -9999 -9999 -9999 -9999 -9999 -9999 -9999 -9999 -9999 -9999 -9999
-9999 -9999 -9999 -9999 -9999 9.90 7.76 7.62 6.61 -9999 -9999 -9999 -9999 -9999 -9999 -9999 -9999 -9999 -9999 -9999 -9999 -9999 -9999 -9999 6.15 5.81 5.11 -9999 5.51 -9999 5.66 4.48 4.11 3.81 3.34 8.13 7.92 7.88 10.88 5.60 6.02 10.57 8.57 7.55 7.32 6.26 5.30 4.97 4.84 4.70 4.68 4.42 5.10 6.29 5.44 6.02 5.41 4.86 5.64 6.68 6.31 5.81 5.95 7.52 9.16 9.77 -9999 -9999 -9999 -9999 -9999 -9999 -9999 -9999 -9999 -9999 -9999 -9999 -9999
-9999 -9999 -9999 -9999 9.52 7.82 7.11 -9999 -9999 -9999 -9999 -9999 -9999 -9999 -9999 -9999 -9999 -9999 -9999 -9999 -9999 -9999 -9999 -9999 7.23 6.04 5.28 -9999 -9999 -9999 5.93 6.20 3.72 4.55 4.91 4.03 4.92 6.07 9.16 9.37 4.90 8.03 9.35 6.75 7.63 6.73 5.93 4.49 4.62 4.55 4.60 4.46 4.57 5.14 5.39 6.02 5.31 5.79 6.64 7.15 7.12 6.80 6.11 6.25 7.49 8.84 -9999 -9999 -9999 -9999 -9999 -9999 -9999 -9999 -9999 -9999 -9999 -9999 -9999
-9999 -9999 -9999 -9999 -9999 -9999 -9999 -9999 -9999 -9999 -9999 -9999 -9999 -9999 -9999 -9999 -9999 -9999 -9999 -9999 -9999 -9999 -9999 -9999 -9999 -9999 -9999 -9999 -9999 6.94 6.23 6.00 7.57 8.22 7.81 7.24 6.08 5.96 7.96 7.97 6.47 4.28 6.95 8.07 6.40 5.88 5.49 5.07 4.84 5.06 4.67 4.42 4.35 4.45 4.83 5.00 6.01 8.09 6.37 6.61 5.76 5.81 5.21 5.98 7.13 -9999 -9999 -9999 -9999 -9999 -9999 -9999 -9999 -9999 -9999 -9999 -9999 -9999 -9999
-9999 -9999 -9999 -9999 -9999 -9999 -9999 -9999 -9999 -9999 -9999 -9999 -9999 -9999 -9999 -9999 -9999 -9999 -9999 -9999 -9999 -9999 -9999 -9999 -9999 -9999 -9999 -9999 -9999 6.74 6.40 7.66 9.46 11.21 9.34 6.23 7.23 4.30 4.66 4.57 6.28 6.80 6.79 7.11 6.78 5.72 5.57 5.49 4.86 5.00 4.50 4.38 4.39 4.47 4.73 4.97 5.54 8.34 7.05 5.39 5.06 4.98 5.10 6.05 7.52 -9999 -9999 -9999 -9999 -9999 -9999 -9999 -9999 -9999 -9999 -9999 -9999 -9999 -9999
-9999 -9999 -9999 -9999 -9999 -9999 -9999 -9999 -9999 -9999 -9999 -9999 -9999 -9999 -9999 -9999 -9999 -9999 -9999 -9999 -9999 -9999 -9999 -9999 -9999 -9999 -9999 -9999 -9999 5.99 5.68 5.76 7.10 7.72 6.89 5.92 5.91 4.91 5.25 4.67 4.61 5.42 3.72 7.13 6.16 6.92 5.77 5.58 4.55 4.27 4.32 4.21 4.26 4.29 4.54 4.93 4.88 6.06 6.40 5.55 5.03 5.21 5.27 6.09 7.47 -9999 -9999 -9999 -9999 -9999 -9999 -9999 -9999 -9999 -9999 -9999 -9999 -9999 -9999
-9999 -9999 -9999 -9999 -9999 -9999 -9999 -9999 -9999 -9999 -9999 -9999 -9999 -9999 -9999 -9999 -9999 -9999 -9999 -9999 -9999 -9999 -9999 -9999 -9999 -9999 -9999 7.25 6.12 5.46 5.62 7.02 7.26 9.23 6.18 7.95 4.29 5.61 5.42 6.32 6.54 6.16 7.35 4.06 4.49 4.60 4.61 4.25 4.89 4.02 3.93 4.17 3.97 4.07 4.37 4.61 4.75 4.58 5.88 5.56 5.17 5.26 5.40 5.85 7.04 8.26 -9999 -9999 -9999 -9999 -9999 -9999 -9999 -9999 -9999 -9999 -9999 -9999 -9999
-9999 -9999 -9999 -9999 -9999 -9999 -9999 -9999 -9999 -9999 -9999 -9999 -9999 -9999 -9999 -9999 -9999 -9999 -9999 -9999 -9999 -9999 -9999 -9999 -9999 -9999 -9999 6.74 5.43 5.03 5.00 5.01 6.59 4.26 4.99 4.26 5.52 8.53 6.68 7.38 6.68 7.44 4.15 7.13 5.23 6.19 5.87 5.86 4.70 4.19 3.83 3.74 3.78 3.97 4.20 4.51 4.72 4.65 4.91 5.92 5.56 5.35 5.50 5.63 6.54 7.83 -9999 -9999 -9999 -9999 -9999 -9999 -9999 -9999 -9999 -9999 -9999 -9999 -9999
-9999 -9999 -9999 -9999 -9999 -9999 -9999 -9999 -9999 -9999 -9999 -9999 -9999 -9999 -9999 -9999 -9999 -9999 -9999 -9999 -9999 -9999 -9999 -9999 -9999 -9999 -9999 6.81 5.36 5.05 4.92 4.71 4.32 4.61 4.76 4.20 5.66 6.65 6.32 7.18 8.58 6.17 5.35 4.11 5.73 4.29 4.89 5.32 5.29 4.33 4.06 3.70 3.73 3.97 4.23 4.52 4.84 5.14 5.20 5.90 6.52 5.76 5.49 5.67 6.13 7.02 8.16 -9999 -9999 -9999 -9999 -9999 -9999 -9999 -9999 -9999 -9999 -9999 -9999
-9999 -9999 -9999 -9999 -9999 -9999 -9999 -9999 -9999 -9999 -9999 -9999 -9999 -9999 -9999 -9999 -9999 -9999 -9999 -9999 -9999 -9999 -9999 -9999 -9999 -9999 -9999 6.57 5.45 5.20 5.25 4.91 4.64 4.28 5.13 6.46 4.64 5.07 6.13 9.50 8.89 9.44 7.73 5.70 5.28 5.57 4.38 3.88 4.60 4.79 4.03 3.76 3.86 3.93 4.29 4.68 5.06 5.44 5.50 6.29 7.18 6.37 6.09 6.17 6.06 6.34 7.41 8.47 -9999 -9999 -9999 -9999 -9999 -9999 -9999 -9999 -9999 -9999 -9999
-9999 -9999 -9999 -9999 -9999 -9999 -9999 -9999 -9999 -9999 -9999 -9999 -9999 -9999 -9999 -9999 -9999 -9999 -9999 -9999 -9999 -9999 -9999 -9999 -9999 -9999 -9999 6.46 5.20 4.98 5.01 4.98 4.71 5.26 5.23 6.59 6.85 8.21 9.05 9.04 6.26 7.63 6.46 6.33 5.00 5.75 5.07 4.37 3.75 3.55 3.85 3.84 4.00 4.23 4.60 4.93 5.30 5.64 5.76 5.62 6.39 6.47 6.32 6.47 6.54 6.43 6.59 7.78 -9999 -9999 -9999 -9999 -9999 -9999 -9999 -9999 -9999 -9999 -9999
-9999 -9999 -9999 -9999 -9999 -9999 -9999 -9999 -9999 -9999 -9999 -9999 -9999 -9999 -9999 -9999 -9999 -9999 -9999 -9999 -9999 -9999 -9999 -9999 -9999 -9999 -9999 -9999 5.20 5.02 5.07 5.14 5.82 7.44 7.32 8.10 7.34 6.68 7.85 6.65 7.14 6.07 4.32 3.40 4.02 3.88 5.07 4.50 4.22 4.51 4.34 4.06 4.42 4.58 4.94 5.16 5.51 5.81 5.99 5.95 5.69 6.19 6.53 6.79 -9999 6.89 7.18 7.88 9.14 -9999 -9999 -9999 -9999 -9999 -9999 -9999 -9999 -9999 -9999
-9999 -9999 -9999 -9999 -9999 -9999 -9999 -9999 -9999 -9999 -9999 -9999 -9999 -9999 -9999 -9999 -9999 -9999 -9999 -9999 -9999 -9999 -9999 -9999 -9999 -9999 -9999 6.28 5.17 5.02 4.78 5.22 5.87 8.59 8.61 7.08 9.12 8.25 7.01 6.48 9.15 6.90 6.85 4.86 3.32 4.77 3.84 3.70 4.52 4.61 4.31 4.68 4.70 4.97 5.22 5.49 5.66 5.82 7.04 6.56 5.92 7.01 6.50 6.60 6.73 -9999 7.68 8.30 9.33 10.13 -9999 -9999 -9999 -9999 -9999 -9999 -9999 -9999 -9999
-9999 -9999 -9999 -9999 -9999 -9999 -9999 -9999 -9999 -9999 -9999 -9999 -9999 -9999 -9999 -9999 -9999 -9999 -9999 -9999 -9999 -9999 -9999 -9999 -9999 -9999 -9999 6.14 5.13 5.06 4.79 6.43 5.75 5.92 7.85 5.22 5.57 5.98 5.02 5.29 7.78 6.64 6.53 4.11 5.35 5.79 3.96 5.02 4.59 5.13 5.02 5.06 5.06 5.27 5.43 5.53 5.63 5.70 5.79 6.36 5.76 5.91 6.44 6.01 6.65 7.09 -9999 -9999 -9999 -9999 -9999 -9999 -9999 -9999 -9999 -9999 -9999 -9999 -9999
-9999 -9999 -9999 -9999 -9999 -9999 -9999 -9999 -9999 -9999 -9999 -9999 -9999 -9999 -9999 -9999 -9999 -9999 -9999 -9999 -9999 -9999 -9999 -9999 -9999 -9999 7.30 5.76 5.11 5.79 5.38 5.54 5.18 5.27 4.92 4.73 4.88 4.84 5.08 6.03 7.77 8.85 8.80 5.16 6.61 5.73 3.81 4.28 3.85 4.63 5.10 5.11 5.19 5.56 5.61 5.60 5.76 5.78 5.81 5.97 6.10 6.00 7.07 6.52 6.43 6.64 7.56 8.55 -9999 -9999 -9999 -9999 -9999 -9999 -9999 -9999 -9999 -9999 -9999
-9999 -9999 -9999 -9999 -9999 -9999 -9999 -9999 -9999 -9999 -9999 -9999 -9999 -9999 -9999 -9999 -9999 -9999 -9999 -9999 -9999 -9999 -9999 -9999 -9999 -9999 -9999 5.83 5.10 5.19 5.29 6.54 4.86 4.33 4.11 4.79 5.34 5.27 5.56 6.10 5.82 8.12 8.64 8.95 6.22 5.97 5.03 4.27 4.86 3.69 4.25 5.55 5.34 5.52 5.53 5.56 5.79 5.89 5.95 6.21 6.31 6.28 6.32 7.95 6.87 6.47 6.74 7.46 8.40 9.42 -9999 -9999 -9999 -9999 -9999 -9999 -9999 -9999 -9999
-9999 -9999 -9999 -9999 -9999 -9999 -9999 -9999 -9999 -9999 -9999 -9999 -9999 -9999 -9999 -9999 -9999 -9999 -9999 -9999 -9999 -9999 -9999 -9999 -9999 -9999 -9999 5.76 5.31 4.93 4.92 4.96 5.04 4.68 4.23 4.54 4.60 4.75 5.17 5.50 6.22 5.36 8.04 9.67 9.28 6.84 5.52 4.91 4.11 4.89 4.55 5.93 5.52 5.63 5.53 5.57 5.72 6.02 6.43 6.50 6.61 6.73 6.97 8.19 7.44 7.32 6.40 6.55 7.36 8.45 -9999 -9999 -9999 -9999 -9999 -9999 -9999 -9999 -9999
-9999 -9999 -9999 -9999 -9999 -9999 -9999 9.54 8.71 8.82 9.59 -9999 -9999 -9999 -9999 -9999 -9999 -9999 -9999 -9999 -9999 -9999 -9999 -9999 -9999 -9999 6.14 5.40 5.76 5.13 5.57 5.08 4.70 4.66 4.69 4.61 4.81 4.96 5.36 5.56 5.96 7.46 8.26 7.85 5.28 7.34 6.27 3.84 4.44 3.68 6.13 6.43 5.69 5.78 5.65 5.64 5.82 6.25 6.72 7.04 7.05 6.94 7.01 7.03 8.15 7.66 7.84 6.48 6.45 7.54 8.80 -9999 -9999 -9999 -9999 -9999 -9999 -9999 -9999
-9999 -9999 -9999 -9999 -9999 -9999 -9999 9.20 8.34 7.83 8.07 -9999 -9999 -9999 -9999 -9999 -9999 -9999 -9999 -9999 -9999 -9999 -9999 -9999 -9999 6.04 5.97 5.43 5.66 6.37 5.23 5.19 4.59 4.70 4.98 4.98 5.24 5.55 5.39 5.54 5.84 6.20 9.22 8.61 5.07 5.70 5.32 5.29 3.68 3.72 5.36 6.02 5.77 5.44 5.49 5.67 6.24 6.60 6.94 7.10 7.51 7.20 7.23 6.95 7.98 7.67 7.40 6.65 6.53 6.91 8.22 -9999 -9999 -9999 -9999 -9999 -9999 -9999 -9999
-9999 -9999 -9999 -9999 -9999 11.38 9.01 7.71 7.83 7.31 7.98 7.49 7.99 8.33 -9999 -9999 7.90 6.37 -9999 -9999 -9999 5.65 6.28 5.73 -9999 4.66 6.19 5.64 5.29 5.72 5.32 5.57 5.60 6.02 5.71 5.86 5.28 5.95 5.85 5.79 8.39 5.44 5.48 7.26 3.35 4.12 8.08 3.99 5.93 4.70 5.16 5.47 5.50 5.68 5.79 5.79 6.32 6.48 7.05 7.03 7.67 7.24 7.13 6.99 7.06 7.36 7.83 7.47 6.66 6.55 7.65 9.06 -9999 -9999 -9999 -9999 -9999 -9999 -9999
-9999 -9999 -9999 -9999 -9999 -9999 9.30 7.98 7.30 6.87 6.94 7.46 8.37 6.50 -9999 5.38 6.50 7.06 5.76 6.32 4.46 4.29 7.24 6.63 5.65 -9999 4.56 5.88 5.88 5.52 5.40 5.85 5.26 5.15 5.22 5.34 5.71 5.91 6.91 6.56 8.47 7.99 6.55 6.52 6.01 6.85 6.66 5.68 4.54 4.55 5.85 5.99 5.27 6.04 5.81 6.13 6.46 6.48 6.92 6.98 7.64 7.15 6.89 6.89 6.65 7.02 7.39 7.99 7.30 6.73 7.21 8.56 -9999 -9999 -9999 -9999 -9999 -9999 -9999
