ML/MeanWindSpeed_1998-08_Actual.txt
ncols         180
nrows         290
xllcorner     -200000
yllcorner     -200000
cellsize      5000
NODATA_value  -9999
[rows 210 to 244 of 290, columns 79 to 157 of 180]
10.82 10.34 11.60 12.18 -9999 -9999 -9999 -9999 -9999 -9999 -9999 8.47 8.23 8.85 8.45 7.59 6.65 7.02 8.20 9.51 9.51 8.78 8.31 7.94 7.85 9.84 9.60 7.03 6.13 7.84 8.50 9.63 8.31 7.59 6.75 6.03 6.37 6.94 7.43 7.84 7.69 7.35 6.96 6.49 5.99 5.65 5.32 5.46 5.36 5.56 5.81 5.97 6.02 5.52 5.37 5.25 4.65 4.45 5.37 5.80 5.81 5.66 5.18 4.94 5.27 5.72 5.78 5.61 5.58 6.14 5.82 6.00 6.43 6.26 6.30 6.23 5.83 5.50 5.63
11.61 -9999 -9999 -9999 -9999 -9999 -9999 -9999 -9999 11.12 10.00 9.54 10.19 10.22 9.35 8.23 7.76 7.26 8.68 9.74 9.34 7.62 7.72 9.11 8.86 9.35 8.27 6.95 6.71 8.15 9.01 9.07 8.01 7.33 6.63 5.63 7.20 7.69 7.52 7.78 7.63 7.35 6.99 6.49 6.23 5.68 5.50 5.20 5.27 5.47 5.81 5.82 5.74 5.30 5.83 6.26 5.19 5.31 4.88 5.64 5.62 5.28 5.40 5.16 5.27 5.84 5.73 5.46 5.53 5.74 5.99 6.23 6.07 6.38 6.24 5.81 5.64 5.98 5.71
-9999 -9999 -9999 -9999 -9999 -9999 -9999 -9999 -9999 12.02 11.35 10.43 11.27 11.76 -9999 -9999 8.77 9.54 7.82 8.76 8.39 8.10 8.29 9.06 8.26 8.51 8.57 8.08 8.57 9.13 9.31 8.58 7.71 7.34 6.15 6.35 7.71 7.63 7.52 7.48 7.47 7.48 7.15 6.54 6.05 5.46 5.37 5.51 5.76 5.79 6.19 5.68 5.27 5.73 6.94 6.27 5.95 5.39 4.82 5.55 5.41 5.18 5.10 5.05 5.07 5.34 6.08 5.66 5.77 5.90 5.91 6.05 5.95 5.81 6.41 6.08 6.28 6.69 6.77
-9999 -9999 -9999 -9999 -9999 -9999 -9999 -9999 -9999 -9999 -9999 -9999 -9999 -9999 -9999 -9999 10.20 9.56 8.90 8.49 7.91 7.64 7.72 8.30 8.49 9.10 9.37 9.51 10.06 10.02 -9999 8.18 7.44 6.61 6.16 6.49 7.62 7.68 7.74 7.43 7.06 6.86 6.96 6.32 6.00 6.15 6.06 5.81 6.14 6.57 6.18 5.98 5.73 6.09 6.92 6.38 6.07 5.66 5.15 5.05 4.99 5.09 5.21 5.02 4.95 5.25 5.56 5.59 5.74 5.85 5.90 5.98 6.10 6.24 6.41 6.29 6.52 6.78 -9999
-9999 -9999 -9999 -9999 -9999 -9999 -9999 -9999 -9999 -9999 -9999 -9999 -9999 -9999 -9999 -9999 -9999 10.35 9.18 8.26 8.06 8.24 7.87 8.11 8.75 9.62 -9999 -9999 -9999 -9999 8.76 7.60 6.91 6.29 6.17 6.63 7.67 7.67 7.77 7.30 6.68 6.76 6.50 6.81 6.44 7.00 6.50 6.54 6.32 6.47 6.40 6.06 6.27 5.78 6.31 6.31 5.47 5.30 4.92 4.78 4.70 4.53 4.53 4.68 4.62 4.92 5.30 5.45 5.50 6.14 6.25 5.83 5.84 5.98 6.10 6.34 7.04 7.78 7.70
-9999 -9999 -9999 -9999 -9999 -9999 -9999 -9999 -9999 -9999 -9999 -9999 -9999 -9999 -9999 -9999 -9999 -9999 9.91 9.72 8.86 8.33 8.68 9.09 9.75 -9999 -9999 -9999 -9999 8.98 8.18 7.53 6.17 5.84 5.92 7.22 7.88 7.87 7.61 6.93 6.59 6.40 6.95 7.41 6.92 6.94 6.78 6.80 6.61 6.20 6.36 6.30 6.04 5.98 6.07 5.75 5.23 5.08 5.09 5.10 5.06 4.48 4.44 4.42 4.46 4.96 5.37 5.64 5.45 5.76 5.70 5.56 5.84 5.58 6.15 6.38 6.78 6.55 6.76
-9999 -9999 -9999 -9999 -9999 -9999 -9999 -9999 -9999 -9999 -9999 -9999 -9999 -9999 -9999 -9999 -9999 -9999 -9999 10.52 10.12 9.72 10.05 9.99 10.66 -9999 -9999 -9999 8.66 6.97 6.28 6.92 6.89 6.45 6.06 6.98 7.14 7.82 7.35 6.41 6.68 7.04 7.12 7.05 7.32 6.98 6.73 6.54 6.22 6.09 5.98 5.96 6.09 5.88 5.60 5.37 5.23 5.21 5.43 5.21 5.13 4.80 4.46 4.46 4.54 4.90 5.27 5.56 5.48 5.51 5.28 5.35 5.47 5.75 5.80 5.61 6.38 5.81 6.02
-9999 -9999 -9999 -9999 -9999 -9999 -9999 -9999 -9999 -9999 -9999 -9999 -9999 -9999 -9999 -9999 -9999 -9999 -9999 -9999 -9999 -9999 -9999 -9999 -9999 -9999 -9999 10.02 7.56 6.18 5.93 6.56 5.95 6.32 6.73 7.16 7.51 7.56 6.66 6.15 6.21 6.63 6.67 6.82 6.77 6.70 6.50 6.48 7.07 6.35 6.27 5.87 5.97 5.84 5.39 5.28 5.06 5.30 5.75 5.47 5.02 4.63 4.44 4.36 4.82 5.10 5.56 5.57 5.94 6.08 5.54 4.81 5.96 6.34 5.55 5.06 6.30 5.96 5.62
-9999 -9999 -9999 -9999 -9999 -9999 -9999 -9999 -9999 -9999 -9999 -9999 -9999 -9999 -9999 -9999 -9999 -9999 -9999 -9999 -9999 -9999 -9999 -9999 -9999 -9999 -9999 8.50 6.84 5.85 8.17 7.57 6.04 6.16 6.61 7.21 7.57 6.83 6.43 6.10 6.13 6.76 6.65 6.42 6.87 6.64 7.10 6.60 6.67 7.02 6.30 6.03 5.85 5.47 5.26 5.12 5.11 5.41 5.63 5.60 5.13 4.60 4.26 4.08 4.61 5.79 5.77 6.18 6.49 6.85 5.95 5.28 5.88 6.14 5.40 4.85 4.96 5.46 5.65
-9999 -9999 -9999 -9999 -9999 -9999 -9999 -9999 -9999 -9999 -9999 -9999 -9999 -9999 -9999 -9999 -9999 -9999 -9999 -9999 -9999 -9999 -9999 -9999 -9999 -9999 -9999 8.25 6.14 4.95 6.18 7.89 7.43 7.04 6.70 7.37 6.68 6.23 5.95 6.57 6.72 7.24 7.03 6.46 6.35 6.43 6.79 7.07 7.04 6.44 6.14 5.96 5.81 5.41 5.15 5.07 5.18 5.53 5.59 5.31 4.64 4.44 4.72 5.01 5.04 5.77 5.98 6.19 6.33 6.55 7.06 6.72 5.86 5.70 5.54 5.42 5.38 5.32 5.08
-9999 -9999 -9999 -9999 -9999 -9999 -9999 -9999 -9999 -9999 10.68 10.10 8.57 9.82 9.10 8.82 9.12 10.25 7.74 10.41 8.94 -9999 -9999 -9999 -9999 -9999 -9999 7.85 6.70 6.09 5.71 6.05 6.80 7.58 7.48 6.86 6.25 5.95 6.31 6.98 6.85 6.81 6.92 6.68 6.37 6.90 6.90 6.86 6.64 6.49 5.96 5.96 5.94 5.94 5.37 5.23 5.56 5.55 5.30 5.38 4.52 4.26 5.09 5.76 5.43 5.39 5.67 5.87 6.01 5.99 5.95 5.72 5.47 5.22 4.94 4.78 4.86 5.09 5.05
-9999 -9999 -9999 -9999 -9999 -9999 -9999 -9999 -9999 -9999 10.52 9.24 8.29 6.68 7.21 7.70 7.51 8.16 8.62 8.03 7.65 7.11 7.88 9.32 8.54 8.11 7.50 7.12 6.61 6.31 6.22 6.07 6.11 7.11 7.05 6.48 6.04 7.15 6.69 6.54 6.89 7.22 7.01 6.89 7.39 7.24 7.22 6.98 6.67 5.92 5.81 5.81 5.65 5.49 5.67 5.86 5.38 5.24 4.94 4.77 4.98 4.57 6.37 5.89 5.72 5.46 5.21 5.29 5.40 5.79 5.65 5.02 5.55 5.28 5.45 4.93 5.04 5.03 5.11
-9999 -9999 -9999 -9999 -9999 -9999 -9999 -9999 -9999 10.85 9.39 8.04 7.21 6.26 7.05 8.32 8.16 7.69 7.40 7.44 7.14 6.25 6.20 7.18 7.97 6.92 6.65 6.41 6.34 6.57 6.00 6.08 6.74 6.71 6.37 6.26 7.06 6.54 7.25 7.17 6.96 6.66 6.92 6.86 7.31 7.41 7.01 6.91 6.31 6.15 5.91 5.63 5.45 6.04 6.30 5.44 5.01 5.11 5.97 5.34 5.11 5.26 5.48 5.62 5.47 5.00 4.87 5.22 5.71 5.33 4.79 4.60 5.29 5.04 4.93 5.19 5.24 5.14 5.16
-9999 -9999 -9999 -9999 -9999 -9999 -9999 -9999 -9999 -9999 9.25 7.95 7.17 7.57 7.36 7.74 8.86 8.25 7.09 6.29 7.25 7.92 6.81 6.23 6.67 7.44 6.67 5.96 5.94 5.89 6.11 6.05 5.78 5.96 6.14 6.41 6.77 6.42 7.07 6.65 6.75 6.89 7.03 6.76 7.22 7.40 7.08 6.22 6.11 6.20 5.73 5.29 4.98 5.48 6.11 5.88 4.93 5.09 5.78 5.71 5.40 5.07 5.10 5.00 4.96 5.41 5.19 5.08 5.35 5.78 5.38 5.06 5.34 5.33 4.92 5.30 4.95 5.27 4.94
-9999 -9999 -9999 -9999 -9999 -9999 11.04 -9999 -9999 9.47 8.61 8.33 6.84 7.58 7.08 7.03 7.26 7.41 7.52 6.74 7.75 8.22 6.95 6.32 5.85 5.69 5.56 5.51 5.66 5.80 6.11 5.52 5.41 5.80 6.64 6.35 6.71 6.35 6.66 6.45 6.91 7.40 7.18 6.75 6.64 6.73 6.48 6.06 6.55 5.97 5.49 6.03 5.16 5.29 6.23 6.50 4.93 5.10 5.59 5.46 5.19 5.00 4.91 4.96 5.21 5.49 5.09 4.86 4.86 5.05 5.01 5.01 5.42 5.19 5.11 5.09 4.91 4.87 4.88
-9999 -9999 -9999 -9999 -9999 9.84 9.87 9.60 9.43 8.01 7.35 7.95 6.85 6.47 6.83 6.53 7.25 7.66 7.80 7.10 7.25 7.46 6.40 5.32 5.07 5.21 5.39 5.55 5.33 5.43 5.58 5.22 5.17 6.12 6.41 6.11 6.23 6.25 6.91 6.70 6.84 7.43 6.93 6.73 6.35 6.63 6.38 6.35 6.10 5.81 5.29 5.58 5.39 5.22 5.96 5.74 5.21 5.14 5.22 5.34 5.13 5.03 4.84 4.67 4.74 4.82 4.96 5.04 5.02 4.70 4.84 4.97 5.37 5.59 5.37 4.82 5.17 5.05 5.21
-9999 -9999 -9999 -9999 -9999 9.10 8.47 7.83 8.09 7.54 7.04 6.74 7.33 7.12 6.73 7.17 7.12 7.29 7.83 7.11 6.98 6.63 4.98 4.67 5.43 5.64 5.35 5.09 4.91 5.18 5.50 5.50 5.25 6.04 6.08 6.27 5.61 5.25 6.34 7.01 6.67 6.74 6.56 6.14 6.22 6.57 6.20 5.89 6.25 6.31 5.50 5.46 5.33 5.29 5.84 5.94 5.76 6.26 5.37 5.44 4.89 4.69 4.78 4.82 4.65 4.60 4.80 5.02 4.84 4.70 4.60 4.95 4.99 5.06 5.05 5.11 4.71 5.14 5.95
-9999 -9999 -9999 -9999 -9999 9.27 8.32 7.75 7.83 7.60 7.34 6.88 7.09 6.93 6.34 6.87 6.94 7.50 7.76 7.32 5.94 4.87 4.03 4.52 4.61 5.25 5.74 5.00 5.04 5.12 5.01 5.34 5.08 5.76 5.77 5.70 5.53 5.37 6.55 6.56 6.57 6.45 6.17 5.83 5.89 6.30 6.30 5.79 5.77 5.93 6.21 5.65 5.63 5.57 5.80 5.69 5.47 5.53 5.38 5.76 5.92 4.39 5.84 5.20 4.37 4.49 5.98 6.05 5.73 4.50 4.45 4.63 4.68 4.98 4.98 5.54 6.16 7.50 7.44
-9999 -9999 -9999 -9999 -9999 8.57 7.99 7.77 7.63 7.32 7.04 6.70 6.62 6.95 6.64 6.81 7.11 6.89 7.08 6.91 6.36 4.49 4.34 5.21 4.98 5.83 5.89 5.01 5.20 5.43 5.16 5.20 5.20 5.43 5.40 5.39 5.84 6.36 6.00 6.52 6.33 6.19 5.88 5.64 5.83 6.10 5.75 5.80 5.87 6.21 6.45 6.71 6.37 6.70 6.74 6.47 6.16 5.76 5.36 5.36 5.35 4.94 5.91 5.93 6.14 5.94 6.29 6.60 6.57 4.94 4.86 4.75 4.84 5.41 6.19 6.95 7.33 -9999 -9999
-9999 -9999 -9999 -9999 -9999 7.84 7.45 7.36 7.46 7.63 7.14 6.55 6.16 6.42 7.06 7.07 6.98 6.74 7.00 6.82 6.35 5.44 4.50 4.77 4.93 6.07 5.57 4.61 5.82 5.63 5.10 6.05 5.39 5.80 6.16 6.00 6.14 6.54 6.22 6.00 6.09 5.96 5.58 5.49 5.68 6.02 5.65 5.81 6.57 7.18 7.16 7.17 7.35 7.45 7.65 7.53 7.18 6.59 6.30 6.68 6.87 6.90 7.27 7.53 7.57 -9999 -9999 7.43 7.14 6.44 5.93 5.54 6.81 6.37 -9999 -9999 -9999 -9999 -9999
-9999 -9999 -9999 -9999 8.47 7.37 7.15 6.77 7.12 7.09 7.32 6.27 6.21 6.23 6.85 6.78 6.64 6.66 6.87 6.76 6.48 5.88 5.50 5.81 6.07 5.87 5.43 6.71 7.23 5.98 5.36 5.62 5.48 6.07 6.24 5.86 6.05 6.06 5.90 6.30 6.28 6.30 6.06 5.96 6.34 6.78 6.77 6.67 6.70 6.95 7.24 -9999 -9999 8.11 8.75 8.74 8.29 7.87 7.53 7.66 -9999 -9999 -9999 -9999 -9999 -9999 -9999 -9999 -9999 -9999 7.16 7.25 7.98 7.61 -9999 -9999 -9999 -9999 -9999
-9999 -9999 -9999 8.72 7.60 6.76 7.11 6.66 6.60 6.18 5.60 5.10 6.46 7.04 6.83 6.72 6.82 7.27 6.86 6.44 6.33 6.24 6.22 7.68 8.10 7.73 7.74 8.65 7.70 7.42 6.93 7.03 7.11 6.31 5.88 6.05 5.82 5.90 5.78 5.90 5.97 6.94 7.66 7.71 7.80 7.89 7.91 7.42 -9999 6.40 6.75 6.79 7.19 8.08 -9999 -9999 -9999 -9999 8.63 -9999 -9999 -9999 -9999 -9999 -9999 -9999 -9999 -9999 -9999 -9999 -9999 -9999 -9999 -9999 -9999 -9999 -9999 -9999 -9999
-9999 -9999 8.88 8.08 7.77 7.36 6.86 6.62 6.38 5.31 4.39 4.84 7.33 8.33 6.52 6.37 7.83 7.06 7.75 6.42 6.43 8.06 7.85 8.19 8.65 8.69 -9999 -9999 -9999 -9999 -9999 7.76 8.09 7.41 6.55 6.45 6.26 5.94 5.93 5.94 6.39 7.48 -9999 -9999 -9999 -9999 -9999 8.23 7.89 7.04 6.03 5.88 7.41 8.16 -9999 -9999 -9999 -9999 -9999 -9999 -9999 -9999 -9999 -9999 -9999 -9999 -9999 -9999 -9999 -9999 -9999 -9999 -9999 -9999 -9999 -9999 -9999 -9999 -9999
-9999 7.07 6.86 7.57 7.93 7.35 7.17 6.60 5.59 5.38 4.67 5.69 7.40 8.29 7.84 7.76 7.11 7.72 7.31 7.35 7.56 9.12 9.53 -9999 -9999 -9999 -9999 -9999 -9999 -9999 -9999 -9999 8.46 8.13 7.19 7.45 7.91 7.86 6.78 7.68 8.08 8.86 -9999 -9999 -9999 -9999 -9999 -9999 -9999 6.98 6.83 6.46 7.16 -9999 -9999 -9999 -9999 -9999 -9999 -9999 -9999 -9999 -9999 -9999 -9999 -9999 -9999 -9999 -9999 -9999 -9999 -9999 -9999 -9999 -9999 -9999 -9999 -9999 -9999
8.31 6.51 6.45 7.38 8.32 8.38 7.46 6.26 5.84 5.66 5.01 6.01 7.93 7.24 7.50 8.07 8.58 6.16 7.42 9.24 8.80 -9999 -9999 -9999 -9999 -9999 -9999 -9999 -9999 -9999 -9999 -9999 -9999 -9999 8.85 -9999 -9999 -9999 -9999 7.82 9.06 9.62 -9999 -9999 -9999 -9999 -9999 -9999 -9999 -9999 7.84 8.67 8.28 -9999 -9999 -9999 -9999 -9999 -9999 -9999 -9999 -9999 -9999 -9999 -9999 -9999 -9999 -9999 -9999 -9999 -9999 -9999 -9999 -9999 -9999 -9999 -9999 -9999 -9999
7.24 5.87 6.41 7.48 8.04 8.43 7.64 7.00 7.09 5.53 4.53 5.41 7.63 8.02 7.36 7.37 7.99 6.58 6.98 8.30 -9999 -9999 -9999 -9999 -9999 -9999 -9999 -9999 -9999 -9999 -9999 -9999 -9999 -9999 9.79 -9999 -9999 -9999 -9999 -9999 -9999 -9999 -9999 -9999 -9999 -9999 -9999 -9999 -9999 -9999 -9999 -9999 -9999 -9999 -9999 -9999 -9999 -9999 -9999 -9999 -9999 -9999 -9999 -9999 -9999 -9999 -9999 -9999 -9999 -9999 -9999 -9999 -9999 -9999 -9999 -9999 -9999 -9999 -9999
7.41 6.12 6.75 7.43 7.71 8.06 7.49 7.07 7.25 5.42 4.58 4.89 6.77 9.33 9.70 7.15 6.81 6.37 7.53 9.49 -9999 -9999 -9999 -9999 -9999 -9999 -9999 -9999 -9999 -9999 -9999 -9999 -9999 -9999 -9999 -9999 -9999 -9999 -9999 -9999 -9999 -9999 -9999 -9999 -9999 -9999 -9999 -9999 -9999 -9999 -9999 -9999 -9999 -9999 -9999 -9999 -9999 -9999 -9999 -9999 -9999 -9999 -9999 -9999 -9999 -9999 -9999 -9999 -9999 -9999 -9999 -9999 -9999 -9999 -9999 -9999 -9999 -9999 -9999
8.21 7.39 7.44 7.57 8.10 7.90 7.57 7.14 6.31 5.81 5.08 4.81 6.62 8.46 8.42 7.27 6.13 6.21 8.16 8.79 -9999 -9999 -9999 -9999 -9999 -9999 -9999 -9999 -9999 -9999 -9999 -9999 -9999 -9999 -9999 -9999 -9999 -9999 -9999 -9999 -9999 -9999 -9999 -9999 -9999 -9999 -9999 -9999 -9999 -9999 -9999 -9999 -9999 -9999 -9999 -9999 -9999 -9999 -9999 -9999 -9999 -9999 -9999 -9999 -9999 -9999 -9999 -9999 -9999 -9999 -9999 -9999 -9999 -9999 -9999 -9999 -9999 -9999 -9999
8.98 8.56 8.39 7.81 8.19 8.07 8.99 8.39 7.46 6.85 6.73 5.96 6.46 7.50 7.22 6.24 5.94 6.62 7.94 8.93 -9999 -9999 -9999 -9999 -9999 -9999 -9999 -9999 -9999 -9999 -9999 -9999 -9999 -9999 -9999 -9999 -9999 -9999 -9999 -9999 -9999 -9999 -9999 -9999 -9999 -9999 -9999 -9999 -9999 -9999 -9999 -9999 -9999 -9999 -9999 -9999 -9999 -9999 -9999 -9999 -9999 -9999 -9999 -9999 -9999 -9999 -9999 -9999 -9999 -9999 -9999 -9999 -9999 -9999 -9999 -9999 -9999 -9999 -9999
8.65 8.95 8.68 9.20 10.08 9.87 9.07 8.90 8.66 8.24 7.49 7.59 7.23 6.86 6.50 6.25 6.59 7.41 8.28 9.36 -9999 -9999 -9999 -9999 -9999 -9999 -9999 -9999 -9999 -9999 -9999 -9999 -9999 -9999 -9999 -9999 -9999 -9999 -9999 -9999 -9999 -9999 -9999 -9999 -9999 -9999 -9999 -9999 -9999 -9999 -9999 -9999 -9999 -9999 -9999 -9999 -9999 -9999 -9999 -9999 -9999 -9999 -9999 -9999 -9999 -9999 -9999 -9999 -9999 -9999 -9999 -9999 -9999 -9999 -9999 -9999 -9999 -9999 -9999
9.56 10.10 -9999 -9999 -9999 -9999 -9999 -9999 -9999 -9999 -9999 8.60 8.56 7.73 6.93 6.22 7.00 8.03 8.67 -9999 -9999 -9999 -9999 -9999 -9999 -9999 -9999 -9999 -9999 -9999 -9999 -9999 -9999 -9999 -9999 -9999 -9999 -9999 -9999 -9999 -9999 -9999 -9999 -9999 -9999 -9999 -9999 -9999 -9999 -9999 -9999 -9999 -9999 -9999 -9999 -9999 -9999 -9999 -9999 -9999 -9999 -9999 -9999 -9999 -9999 -9999 -9999 -9999 -9999 -9999 -9999 -9999 -9999 -9999 -9999 -9999 -9999 -9999 -9999
10.03 10.78 -9999 -9999 -9999 -9999 -9999 -9999 -9999 -9999 -9999 -9999 -9999 -9999 7.88 7.37 7.82 8.58 -9999 -9999 -9999 -9999 -9999 -9999 -9999 -9999 -9999 -9999 -9999 -9999 -9999 -9999 -9999 -9999 -9999 -9999 -9999 -9999 -9999 -9999 -9999 -9999 -9999 -9999 -9999 -9999 -9999 -9999 -9999 -9999 -9999 -9999 -9999 -9999 -9999 -9999 -9999 -9999 -9999 -9999 -9999 -9999 -9999 -9999 -9999 -9999 -9999 -9999 -9999 -9999 -9999 -9999 -9999 -9999 -9999 -9999 -9999 -9999 -9999
-9999 -9999 -9999 -9999 -9999 -9999 -9999 -9999 -9999 -9999 -9999 -9999 -9999 -9999 9.14 9.43 9.95 10.07 -9999 -9999 -9999 -9999 -9999 -9999 -9999 -9999 -9999 -9999 -9999 -9999 -9999 -9999 -9999 -9999 -9999 -9999 -9999 -9999 -9999 -9999 -9999 -9999 -9999 -9999 -9999 -9999 -9999 -9999 -9999 -9999 -9999 -9999 -9999 -9999 -9999 -9999 -9999 -9999 -9999 -9999 -9999 -9999 -9999 -9999 -9999 -9999 -9999 -9999 -9999 -9999 -9999 -9999 -9999 -9999 -9999 -9999 -9999 -9999 -9999
-9999 -9999 -9999 -9999 -9999 -9999 -9999 -9999 -9999 -9999 -9999 -9999 -9999 -9999 -9999 -9999 -9999 -9999 -9999 -9999 -9999 -9999 -9999 -9999 -9999 -9999 -9999 -9999 -9999 -9999 -9999 -9999 -9999 -9999 -9999 -9999 -9999 -9999 -9999 -9999 -9999 -9999 -9999 -9999 -9999 -9999 -9999 -9999 -9999 -9999 -9999 -9999 -9999 -9999 -9999 -9999 -9999 -9999 -9999 -9999 -9999 -9999 -9999 -9999 -9999 -9999 -9999 -9999 -9999 -9999 -9999 -9999 -9999 -9999 -9999 -9999 -9999 -9999 -9999
-9999 -9999 -9999 -9999 -9999 -9999 -9999 -9999 -9999 -9999 -9999 -9999 -9999 -9999 -9999 -9999 -9999 -9999 -9999 -9999 -9999 -9999 -9999 -9999 -9999 -9999 -9999 -9999 -9999 -9999 -9999 -9999 -9999 -9999 -9999 -9999 -9999 -9999 -9999 -9999 -9999 -9999 -9999 -9999 -9999 -9999 -9999 -9999 -9999 -9999 -9999 -9999 -9999 -9999 -9999 -9999 -9999 -9999 -9999 -9999 -9999 -9999 -9999 -9999 -9999 -9999 -9999 -9999 -9999 -9999 -9999 -9999 -9999 -9999 -9999 -9999 -9999 -9999 -9999
