ML/MeanWindSpeed_1991-08_Actual.txt
ncols         180
nrows         290
xllcorner     -200000
yllcorner     -200000
cellsize      5000
NODATA_value  -9999
[rows 210 to 244 of 290, columns 79 to 157 of 180]
10.03 9.31 10.24 10.17 -9999 -9999 -9999 -9999 -9999 -9999 -9999 6.68 6.71 7.18 6.40 5.99 5.75 6.78 8.07 9.51 9.38 8.30 7.40 6.93 6.62 8.34 8.21 6.16 5.51 7.45 7.70 8.42 6.90 6.50 6.17 5.90 6.65 7.07 6.94 7.08 7.00 6.88 6.80 6.71 6.66 6.80 6.91 7.23 6.86 6.66 6.37 6.09 5.87 5.56 5.92 6.50 6.30 5.87 6.49 6.50 6.44 6.30 5.69 5.30 5.59 5.98 5.85 5.44 5.35 5.90 5.42 5.65 6.21 6.02 6.17 6.24 6.00 5.98 6.25
10.35 -9999 -9999 -9999 -9999 -9999 -9999 -9999 -9999 9.12 8.17 7.90 8.68 8.39 7.44 6.50 6.36 6.24 7.58 8.44 8.43 6.60 6.45 8.07 7.67 7.76 6.64 5.93 5.93 7.39 7.62 7.50 6.81 6.63 6.32 5.67 7.41 7.63 7.07 7.11 6.98 6.97 6.87 6.73 6.96 6.88 7.10 6.84 6.71 6.56 6.41 6.08 5.83 5.41 6.19 6.92 6.24 6.39 5.52 6.13 6.00 5.63 5.70 5.43 5.48 5.90 5.63 5.28 5.32 5.34 5.61 5.95 5.77 6.16 6.16 5.85 5.88 6.59 6.42
-9999 -9999 -9999 -9999 -9999 -9999 -9999 -9999 -9999 9.94 9.55 8.63 9.38 9.69 -9999 -9999 7.07 8.12 5.88 6.84 6.80 6.85 7.28 8.08 6.92 6.69 6.90 6.88 7.32 7.61 7.62 7.19 6.90 7.04 6.10 6.39 7.63 7.18 7.01 6.84 6.93 7.26 7.21 6.95 6.80 6.49 6.54 6.73 6.87 6.67 6.84 6.07 5.51 5.87 7.09 6.22 6.26 5.95 5.15 5.76 5.46 5.25 5.34 5.27 5.07 5.17 5.96 5.51 5.53 5.57 5.60 5.68 5.59 5.54 6.29 6.07 6.54 7.15 7.22
-9999 -9999 -9999 -9999 -9999 -9999 -9999 -9999 -9999 -9999 -9999 -9999 -9999 -9999 -9999 -9999 8.29 7.58 7.21 6.78 6.39 6.35 6.67 7.24 7.15 7.32 7.69 8.09 8.43 8.31 -9999 7.33 6.90 6.36 6.01 6.55 7.54 7.23 7.29 6.96 6.65 6.70 7.18 6.71 6.51 6.88 6.87 6.66 6.98 7.34 6.70 6.40 6.05 6.17 6.74 6.08 6.05 5.89 5.42 5.16 4.90 4.98 5.39 5.15 4.88 5.12 5.38 5.51 5.58 5.65 5.69 5.71 5.83 6.02 6.31 6.35 6.67 7.00 -9999
-9999 -9999 -9999 -9999 -9999 -9999 -9999 -9999 -9999 -9999 -9999 -9999 -9999 -9999 -9999 -9999 -9999 8.38 7.52 6.84 6.80 7.16 6.82 6.90 7.26 7.96 -9999 -9999 -9999 -9999 7.91 7.29 6.76 6.07 5.89 6.49 7.44 7.23 7.37 6.96 6.47 6.83 6.74 7.23 6.81 7.51 6.79 6.78 6.57 6.67 6.57 6.26 6.55 5.77 5.97 6.05 5.39 5.41 5.15 4.86 4.53 4.14 4.04 4.35 4.49 4.77 5.03 5.28 5.40 6.14 6.34 5.85 5.95 6.17 6.25 6.44 7.07 7.79 7.79
-9999 -9999 -9999 -9999 -9999 -9999 -9999 -9999 -9999 -9999 -9999 -9999 -9999 -9999 -9999 -9999 -9999 -9999 8.27 8.48 7.70 7.27 7.72 7.86 8.25 -9999 -9999 -9999 -9999 8.02 7.90 7.70 6.14 5.74 5.78 7.01 7.53 7.43 7.10 6.51 6.44 6.41 7.11 7.63 7.04 6.97 6.67 6.78 6.67 6.11 6.25 6.24 6.04 5.91 5.74 5.48 5.04 4.96 5.18 5.20 4.98 4.20 4.11 4.23 4.42 5.03 5.32 5.63 5.57 6.01 6.00 5.93 6.45 6.14 6.39 6.55 7.16 7.00 7.18
-9999 -9999 -9999 -9999 -9999 -9999 -9999 -9999 -9999 -9999 -9999 -9999 -9999 -9999 -9999 -9999 -9999 -9999 -9999 8.90 8.70 8.30 8.70 8.52 9.10 -9999 -9999 -9999 7.69 6.55 6.50 7.39 7.06 6.54 5.98 6.70 6.50 7.25 6.82 6.03 6.52 7.01 6.98 6.66 7.01 6.67 6.50 6.47 6.19 6.06 5.95 5.96 6.10 5.76 5.26 4.97 4.73 4.64 5.03 4.97 4.94 4.64 4.33 4.46 4.67 5.12 5.38 5.65 5.71 5.80 5.60 5.88 6.18 6.41 6.19 5.77 6.78 6.36 6.86
-9999 -9999 -9999 -9999 -9999 -9999 -9999 -9999 -9999 -9999 -9999 -9999 -9999 -9999 -9999 -9999 -9999 -9999 -9999 -9999 -9999 -9999 -9999 -9999 -9999 -9999 -9999 8.92 6.87 5.88 6.05 7.22 6.47 6.68 6.90 6.89 6.95 6.99 6.26 6.05 6.09 6.46 6.29 6.27 6.31 6.36 6.23 6.25 6.99 6.28 6.28 5.94 6.06 5.83 5.14 4.80 4.32 4.47 4.89 4.70 4.55 4.57 4.67 4.65 5.05 5.20 5.51 5.41 5.89 6.09 5.72 5.19 6.56 6.90 5.95 5.36 6.80 6.56 6.50
-9999 -9999 -9999 -9999 -9999 -9999 -9999 -9999 -9999 -9999 -9999 -9999 -9999 -9999 -9999 -9999 -9999 -9999 -9999 -9999 -9999 -9999 -9999 -9999 -9999 -9999 -9999 7.55 6.46 5.63 8.14 7.56 6.25 6.68 7.03 7.17 7.23 6.46 6.29 6.09 5.87 6.27 5.97 5.76 6.47 6.33 6.82 6.18 6.36 6.91 6.20 6.05 5.95 5.50 5.10 4.67 4.32 4.43 4.49 4.61 4.49 4.48 4.65 4.58 4.80 5.71 5.48 5.86 6.10 6.54 5.76 5.23 5.97 6.17 5.38 4.95 5.23 6.01 6.41
-9999 -9999 -9999 -9999 -9999 -9999 -9999 -9999 -9999 -9999 -9999 -9999 -9999 -9999 -9999 -9999 -9999 -9999 -9999 -9999 -9999 -9999 -9999 -9999 -9999 -9999 -9999 7.43 5.74 4.67 5.74 7.57 7.33 7.24 6.95 7.48 6.54 6.24 5.98 6.61 6.50 6.78 6.44 6.02 6.10 6.06 6.22 6.36 6.33 5.90 5.87 5.92 5.87 5.45 5.07 4.68 4.40 4.51 4.44 4.32 4.06 4.31 4.98 5.49 5.24 5.66 5.56 5.62 5.69 6.04 6.83 6.71 5.82 5.74 5.80 5.71 5.43 5.41 5.39
-9999 -9999 -9999 -9999 -9999 -9999 -9999 -9999 -9999 -9999 9.23 9.17 7.97 10.13 10.00 10.31 10.84 11.95 8.67 11.35 9.32 -9999 -9999 -9999 -9999 -9999 -9999 7.19 6.31 5.65 4.88 5.24 6.41 7.43 7.42 6.84 6.37 6.22 6.55 7.07 6.63 6.24 6.17 5.88 6.06 6.28 6.02 5.78 5.67 5.79 5.41 5.64 5.81 6.07 5.43 4.88 4.84 4.71 4.53 4.73 4.08 4.07 5.14 5.88 5.38 5.14 5.33 5.47 5.44 5.40 5.54 5.58 5.50 5.43 5.29 5.21 5.11 5.14 5.02
-9999 -9999 -9999 -9999 -9999 -9999 -9999 -9999 -9999 -9999 9.41 8.63 8.12 6.97 8.19 9.25 9.35 10.12 10.52 9.40 8.89 8.02 8.29 9.45 8.60 8.07 7.22 6.72 6.29 6.00 5.54 4.96 5.11 6.58 6.83 6.38 6.05 7.37 6.69 6.17 6.35 6.51 6.03 5.81 6.07 6.15 6.23 5.99 5.95 5.38 5.33 5.44 5.40 5.45 5.81 5.78 4.78 4.54 4.44 4.29 4.57 4.23 6.26 5.73 5.63 5.39 5.18 5.27 5.29 5.78 5.78 5.19 6.02 5.84 6.06 5.42 5.44 5.20 5.09
-9999 -9999 -9999 -9999 -9999 -9999 -9999 -9999 -9999 9.29 8.19 7.30 6.54 5.88 7.08 8.64 8.68 8.48 8.57 8.71 8.40 7.51 6.96 7.51 8.20 7.00 6.60 6.20 6.18 6.53 5.78 5.55 6.00 6.02 5.92 5.98 7.07 6.28 7.03 6.70 6.31 5.89 6.04 5.73 6.04 6.27 6.04 6.18 5.72 5.84 5.60 5.41 5.27 5.95 6.40 5.26 4.51 4.57 5.72 5.01 4.72 4.88 4.95 5.18 5.36 5.17 5.09 5.36 5.91 5.60 5.14 5.15 6.03 5.77 5.64 5.81 5.72 5.48 5.44
-9999 -9999 -9999 -9999 -9999 -9999 -9999 -9999 -9999 -9999 8.03 6.85 6.26 7.01 6.80 7.15 8.63 8.16 7.22 6.63 8.05 9.07 7.61 6.31 6.61 7.69 6.78 5.89 5.84 5.77 6.09 6.02 5.50 5.59 5.80 6.08 6.49 5.96 6.89 6.46 6.41 6.32 6.30 5.83 6.21 6.42 6.23 5.47 5.56 5.86 5.40 5.07 4.85 5.40 6.16 5.87 4.70 4.86 5.59 5.50 5.14 4.76 4.72 4.57 4.72 5.50 5.39 5.25 5.50 6.01 5.70 5.59 6.03 6.05 5.61 6.00 5.53 5.90 5.41
-9999 -9999 -9999 -9999 -9999 -9999 10.86 -9999 -9999 9.03 8.04 8.03 6.84 7.74 6.90 6.62 6.77 7.18 7.59 6.67 7.66 8.36 7.04 6.23 5.73 6.01 5.97 5.61 5.65 5.80 6.23 5.67 5.44 5.84 6.69 6.02 6.19 5.68 6.30 6.19 6.56 6.94 6.51 5.89 5.75 5.89 5.64 5.37 6.11 5.60 5.16 5.96 5.10 5.23 6.34 6.80 5.09 5.24 5.50 5.42 5.13 4.86 4.82 4.94 5.15 5.42 5.10 4.88 4.83 5.09 5.26 5.43 5.89 5.65 5.67 5.63 5.36 5.34 5.28
-9999 -9999 -9999 -9999 -9999 9.70 10.35 10.22 9.91 8.35 7.82 8.75 7.91 7.27 7.28 6.66 7.17 7.55 7.91 6.94 6.67 6.72 6.06 5.57 5.40 5.66 6.01 6.05 5.69 5.68 5.75 5.44 5.38 6.35 6.48 5.94 5.99 6.04 6.72 6.44 6.48 7.10 6.47 6.24 5.76 6.17 5.92 5.94 5.63 5.39 5.04 5.54 5.44 5.15 5.83 5.69 5.39 5.34 5.22 5.61 5.51 5.28 5.16 5.02 4.88 4.84 5.15 5.36 5.19 4.70 4.91 5.17 5.66 5.94 5.79 5.26 5.72 5.70 5.67
-9999 -9999 -9999 -9999 -9999 9.01 9.02 8.62 8.94 8.36 7.93 7.61 8.57 8.35 7.68 7.93 7.57 7.40 7.97 7.18 6.79 6.15 4.85 5.42 6.47 6.43 6.06 5.73 5.48 5.75 6.03 6.12 5.82 6.53 6.34 6.55 5.93 5.49 6.24 6.86 6.40 6.47 6.29 5.91 6.07 6.47 6.00 5.65 5.97 5.99 5.28 5.35 5.27 5.22 5.65 5.84 5.92 6.61 5.46 5.58 5.15 4.97 5.16 5.26 4.92 4.76 5.05 5.53 5.37 5.04 4.89 5.25 5.28 5.37 5.48 5.63 5.18 5.55 6.11
-9999 -9999 -9999 -9999 -9999 9.11 8.46 8.23 8.57 8.49 8.44 7.83 8.17 8.14 7.39 7.68 7.40 7.54 7.63 7.24 5.61 4.39 3.94 5.15 5.44 5.98 6.37 5.57 5.68 5.86 5.77 6.30 6.01 6.54 6.35 6.32 6.17 5.77 6.52 6.25 6.28 6.27 6.09 5.88 6.06 6.51 6.44 5.84 5.72 5.82 6.15 5.48 5.50 5.37 5.51 5.49 5.54 5.82 5.65 6.12 6.35 4.62 6.34 5.61 4.63 4.70 6.39 6.58 6.47 5.07 5.10 5.25 5.16 5.26 5.14 5.76 6.37 7.64 7.26
-9999 -9999 -9999 -9999 -9999 8.50 8.13 8.08 8.17 8.17 8.24 7.96 7.78 8.27 7.81 7.56 7.52 6.86 6.76 6.54 6.03 4.12 4.28 5.49 5.25 5.88 6.00 5.51 5.81 6.03 5.63 5.96 6.16 6.19 6.05 6.05 6.48 6.90 5.99 6.36 6.31 6.30 6.10 5.95 6.16 6.43 6.06 6.06 5.93 6.12 6.34 6.58 6.19 6.56 6.31 6.00 5.84 5.62 5.38 5.38 5.44 5.08 6.04 5.98 6.24 5.98 6.28 6.66 6.89 5.30 5.37 5.36 5.44 5.59 6.08 6.73 6.97 -9999 -9999
-9999 -9999 -9999 -9999 -9999 8.12 7.75 7.71 8.06 8.49 8.24 8.15 8.12 8.35 8.65 8.10 7.56 6.90 6.91 6.56 6.15 5.53 4.55 4.69 4.72 5.71 5.26 4.61 6.00 5.91 5.48 6.92 6.50 6.84 7.04 6.73 6.70 7.00 6.43 6.06 6.30 6.28 5.94 5.92 6.04 6.29 5.93 6.10 6.61 7.00 6.95 6.96 7.04 7.02 7.08 6.99 6.70 6.24 6.02 6.21 6.43 6.54 6.75 6.87 6.99 -9999 -9999 6.69 6.78 6.48 6.18 5.89 7.31 6.46 -9999 -9999 -9999 -9999 -9999
-9999 -9999 -9999 -9999 9.70 8.31 7.85 7.22 7.66 7.91 8.54 8.24 9.05 8.83 8.68 8.04 7.58 7.18 7.00 6.60 6.25 6.08 5.52 5.35 5.59 5.38 4.77 6.28 6.82 5.58 5.26 5.93 6.18 6.91 6.93 6.44 6.36 6.28 6.18 6.56 6.48 6.56 6.33 6.23 6.47 6.87 6.82 6.71 6.77 7.02 7.23 -9999 -9999 7.64 8.04 8.05 7.72 7.40 7.14 7.21 -9999 -9999 -9999 -9999 -9999 -9999 -9999 -9999 -9999 -9999 6.81 7.14 8.01 7.41 -9999 -9999 -9999 -9999 -9999
-9999 -9999 -9999 10.23 9.37 8.24 8.16 7.31 7.16 7.03 6.89 7.08 9.43 9.93 9.02 8.42 8.09 8.10 7.46 6.81 6.29 6.37 6.11 7.17 7.36 6.98 6.97 7.89 6.76 6.64 6.40 6.78 7.29 6.59 6.13 6.45 6.16 6.29 6.23 6.38 6.43 7.20 7.70 7.68 7.56 7.56 7.67 7.23 -9999 6.60 7.07 7.06 7.30 7.69 -9999 -9999 -9999 -9999 8.08 -9999 -9999 -9999 -9999 -9999 -9999 -9999 -9999 -9999 -9999 -9999 -9999 -9999 -9999 -9999 -9999 -9999 -9999 -9999 -9999
-9999 -9999 9.96 9.81 9.72 8.99 7.93 7.33 6.93 5.92 5.27 6.40 9.87 10.80 8.38 8.06 9.12 7.49 8.35 6.97 6.53 7.98 7.36 7.22 7.32 7.48 -9999 -9999 -9999 -9999 -9999 7.21 7.85 7.55 6.75 6.66 6.54 6.28 6.33 6.39 6.81 7.51 -9999 -9999 -9999 -9999 -9999 7.77 7.65 7.07 6.54 6.61 7.73 7.79 -9999 -9999 -9999 -9999 -9999 -9999 -9999 -9999 -9999 -9999 -9999 -9999 -9999 -9999 -9999 -9999 -9999 -9999 -9999 -9999 -9999 -9999 -9999 -9999 -9999
-9999 7.58 8.03 9.10 9.47 8.92 8.46 7.55 6.31 5.97 5.37 6.80 8.84 9.93 9.35 8.89 7.85 8.14 7.58 7.70 7.41 8.53 8.50 -9999 -9999 -9999 -9999 -9999 -9999 -9999 -9999 -9999 7.77 7.81 7.14 7.66 8.10 8.15 7.02 8.05 8.20 8.65 -9999 -9999 -9999 -9999 -9999 -9999 -9999 6.93 7.07 6.61 7.14 -9999 -9999 -9999 -9999 -9999 -9999 -9999 -9999 -9999 -9999 -9999 -9999 -9999 -9999 -9999 -9999 -9999 -9999 -9999 -9999 -9999 -9999 -9999 -9999 -9999 -9999
8.91 7.49 7.47 8.27 9.32 9.54 8.58 7.13 6.69 6.34 5.68 6.49 8.47 8.18 8.67 8.59 8.81 6.13 7.72 9.44 8.33 -9999 -9999 -9999 -9999 -9999 -9999 -9999 -9999 -9999 -9999 -9999 -9999 -9999 8.44 -9999 -9999 -9999 -9999 7.75 9.05 9.37 -9999 -9999 -9999 -9999 -9999 -9999 -9999 -9999 7.33 8.41 7.79 -9999 -9999 -9999 -9999 -9999 -9999 -9999 -9999 -9999 -9999 -9999 -9999 -9999 -9999 -9999 -9999 -9999 -9999 -9999 -9999 -9999 -9999 -9999 -9999 -9999 -9999
8.16 7.17 7.48 8.15 8.66 9.18 8.42 7.73 7.80 5.71 4.66 5.47 7.54 8.32 7.78 7.28 7.98 6.73 6.95 7.81 -9999 -9999 -9999 -9999 -9999 -9999 -9999 -9999 -9999 -9999 -9999 -9999 -9999 -9999 9.26 -9999 -9999 -9999 -9999 -9999 -9999 -9999 -9999 -9999 -9999 -9999 -9999 -9999 -9999 -9999 -9999 -9999 -9999 -9999 -9999 -9999 -9999 -9999 -9999 -9999 -9999 -9999 -9999 -9999 -9999 -9999 -9999 -9999 -9999 -9999 -9999 -9999 -9999 -9999 -9999 -9999 -9999 -9999 -9999
8.38 7.52 7.87 7.96 8.08 8.47 8.00 7.68 7.82 5.47 4.56 4.69 6.20 9.21 9.87 6.74 6.91 6.91 7.62 8.96 -9999 -9999 -9999 -9999 -9999 -9999 -9999 -9999 -9999 -9999 -9999 -9999 -9999 -9999 -9999 -9999 -9999 -9999 -9999 -9999 -9999 -9999 -9999 -9999 -9999 -9999 -9999 -9999 -9999 -9999 -9999 -9999 -9999 -9999 -9999 -9999 -9999 -9999 -9999 -9999 -9999 -9999 -9999 -9999 -9999 -9999 -9999 -9999 -9999 -9999 -9999 -9999 -9999 -9999 -9999 -9999 -9999 -9999 -9999
8.80 8.47 8.32 8.06 8.48 8.02 7.66 7.39 6.40 6.02 5.22 4.68 6.21 7.94 8.25 7.47 6.55 6.93 8.65 8.38 -9999 -9999 -9999 -9999 -9999 -9999 -9999 -9999 -9999 -9999 -9999 -9999 -9999 -9999 -9999 -9999 -9999 -9999 -9999 -9999 -9999 -9999 -9999 -9999 -9999 -9999 -9999 -9999 -9999 -9999 -9999 -9999 -9999 -9999 -9999 -9999 -9999 -9999 -9999 -9999 -9999 -9999 -9999 -9999 -9999 -9999 -9999 -9999 -9999 -9999 -9999 -9999 -9999 -9999 -9999 -9999 -9999 -9999 -9999
9.21 9.02 8.83 8.06 8.37 8.01 8.96 8.32 7.25 6.78 6.80 5.77 5.88 6.55 6.68 6.55 6.72 7.31 8.02 8.43 -9999 -9999 -9999 -9999 -9999 -9999 -9999 -9999 -9999 -9999 -9999 -9999 -9999 -9999 -9999 -9999 -9999 -9999 -9999 -9999 -9999 -9999 -9999 -9999 -9999 -9999 -9999 -9999 -9999 -9999 -9999 -9999 -9999 -9999 -9999 -9999 -9999 -9999 -9999 -9999 -9999 -9999 -9999 -9999 -9999 -9999 -9999 -9999 -9999 -9999 -9999 -9999 -9999 -9999 -9999 -9999 -9999 -9999 -9999
8.57 8.83 8.49 9.12 10.00 9.67 8.71 8.52 8.31 8.05 7.24 7.29 6.63 5.90 5.98 6.63 7.36 7.86 7.99 8.83 -9999 -9999 -9999 -9999 -9999 -9999 -9999 -9999 -9999 -9999 -9999 -9999 -9999 -9999 -9999 -9999 -9999 -9999 -9999 -9999 -9999 -9999 -9999 -9999 -9999 -9999 -9999 -9999 -9999 -9999 -9999 -9999 -9999 -9999 -9999 -9999 -9999 -9999 -9999 -9999 -9999 -9999 -9999 -9999 -9999 -9999 -9999 -9999 -9999 -9999 -9999 -9999 -9999 -9999 -9999 -9999 -9999 -9999 -9999
9.14 9.51 -9999 -9999 -9999 -9999 -9999 -9999 -9999 -9999 -9999 8.16 8.22 7.28 6.71 6.45 7.36 8.06 8.22 -9999 -9999 -9999 -9999 -9999 -9999 -9999 -9999 -9999 -9999 -9999 -9999 -9999 -9999 -9999 -9999 -9999 -9999 -9999 -9999 -9999 -9999 -9999 -9999 -9999 -9999 -9999 -9999 -9999 -9999 -9999 -9999 -9999 -9999 -9999 -9999 -9999 -9999 -9999 -9999 -9999 -9999 -9999 -9999 -9999 -9999 -9999 -9999 -9999 -9999 -9999 -9999 -9999 -9999 -9999 -9999 -9999 -9999 -9999 -9999
9.86 10.36 -9999 -9999 -9999 -9999 -9999 -9999 -9999 -9999 -9999 -9999 -9999 -9999 7.51 7.14 7.52 7.99 -9999 -9999 -9999 -9999 -9999 -9999 -9999 -9999 -9999 -9999 -9999 -9999 -9999 -9999 -9999 -9999 -9999 -9999 -9999 -9999 -9999 -9999 -9999 -9999 -9999 -9999 -9999 -9999 -9999 -9999 -9999 -9999 -9999 -9999 -9999 -9999 -9999 -9999 -9999 -9999 -9999 -9999 -9999 -9999 -9999 -9999 -9999 -9999 -9999 -9999 -9999 -9999 -9999 -9999 -9999 -9999 -9999 -9999 -9999 -9999 -9999
-9999 -9999 -9999 -9999 -9999 -9999 -9999 -9999 -9999 -9999 -9999 -9999 -9999 -9999 8.50 9.06 9.50 9.38 -9999 -9999 -9999 -9999 -9999 -9999 -9999 -9999 -9999 -9999 -9999 -9999 -9999 -9999 -9999 -9999 -9999 -9999 -9999 -9999 -9999 -9999 -9999 -9999 -9999 -9999 -9999 -9999 -9999 -9999 -9999 -9999 -9999 -9999 -9999 -9999 -9999 -9999 -9999 -9999 -9999 -9999 -9999 -9999 -9999 -9999 -9999 -9999 -9999 -9999 -9999 -9999 -9999 -9999 -9999 -9999 -9999 -9999 -9999 -9999 -9999
-9999 -9999 -9999 -9999 -9999 -9999 -9999 -9999 -9999 -9999 -9999 -9999 -9999 -9999 -9999 -9999 -9999 -9999 -9999 -9999 -9999 -9999 -9999 -9999 -9999 -9999 -9999 -9999 -9999 -9999 -9999 -9999 -9999 -9999 -9999 -9999 -9999 -9999 -9999 -9999 -9999 -9999 -9999 -9999 -9999 -9999 -9999 -9999 -9999 -9999 -9999 -9999 -9999 -9999 -9999 -9999 -9999 -9999 -9999 -9999 -9999 -9999 -9999 -9999 -9999 -9999 -9999 -9999 -9999 -9999 -9999 -9999 -9999 -9999 -9999 -9999 -9999 -9999 -9999
-9999 -9999 -9999 -9999 -9999 -9999 -9999 -9999 -9999 -9999 -9999 -9999 -9999 -9999 -9999 -9999 -9999 -9999 -9999 -9999 -9999 -9999 -9999 -9999 -9999 -9999 -9999 -9999 -9999 -9999 -9999 -9999 -9999 -9999 -9999 -9999 -9999 -9999 -9999 -9999 -9999 -9999 -9999 -9999 -9999 -9999 -9999 -9999 -9999 -9999 -9999 -9999 -9999 -9999 -9999 -9999 -9999 -9999 -9999 -9999 -9999 -9999 -9999 -9999 -9999 -9999 -9999 -9999 -9999 -9999 -9999 -9999 -9999 -9999 -9999 -9999 -9999 -9999 -9999
