ML/MeanWindSpeed_1998-04_Actual.txt
ncols         180
nrows         290
xllcorner     -200000
yllcorner     -200000
cellsize      5000
NODATA_value  -9999
[rows 105 to 139 of 290, columns 78 to 155 of 180]
9.96 13.03 8.37 5.46 8.69 13.25 12.63 10.41 9.18 10.35 14.82 9.41 12.00 6.77 9.40 13.58 8.93 6.69 7.67 9.84 8.74 8.05 8.76 9.02 7.86 9.32 8.93 9.09 11.48 10.56 10.52 10.15 -9999 -9999 -9999 -9999 -9999 -9999 -9999 -9999 -9999 -9999 -9999 -9999 -9999 -9999 -9999 -9999 -9999 -9999 -9999 -9999 -9999 -9999 -9999 -9999 -9999 -9999 -9999 -9999 -9999 -9999 -9999 -9999 -9999 -9999 -9999 -9999 -9999 -9999 -9999 -9999 -9999 -9999 -9999 -9999 -9999 -9999
11.58 9.32 10.41 15.03 13.98 16.07 8.37 12.75 6.41 14.99 7.51 17.08 8.47 11.66 18.89 11.87 8.87 11.73 10.85 7.74 7.17 6.18 6.11 7.96 7.47 7.37 9.11 10.01 9.90 9.89 8.65 9.77 10.59 -9999 -9999 -9999 -9999 -9999 -9999 -9999 -9999 -9999 -9999 -9999 -9999 -9999 -9999 -9999 -9999 -9999 -9999 -9999 -9999 -9999 -9999 -9999 -9999 -9999 -9999 -9999 -9999 -9999 -9999 -9999 -9999 -9999 -9999 -9999 -9999 -9999 -9999 -9999 -9999 -9999 -9999 -9999 -9999 -9999
11.73 6.19 13.69 10.61 5.98 10.54 14.75 14.05 6.17 14.64 12.57 13.68 10.40 15.21 12.68 14.24 17.59 13.49 11.15 8.54 7.18 7.96 9.93 10.82 12.47 11.66 9.84 8.97 8.70 11.27 9.93 12.08 11.95 12.78 -9999 -9999 -9999 -9999 -9999 -9999 -9999 -9999 -9999 -9999 -9999 -9999 -9999 -9999 -9999 -9999 -9999 -9999 -9999 -9999 -9999 -9999 -9999 -9999 -9999 -9999 -9999 -9999 -9999 -9999 -9999 -9999 -9999 -9999 -9999 -9999 -9999 -9999 -9999 -9999 -9999 -9999 -9999 -9999
8.76 12.55 12.93 9.50 5.46 12.38 14.49 17.95 7.90 14.35 11.37 12.44 12.07 13.19 8.32 10.30 11.78 11.20 8.28 9.56 11.83 15.56 14.46 12.92 11.06 10.62 12.28 8.71 10.54 11.92 12.48 12.77 12.81 12.98 12.84 -9999 -9999 -9999 -9999 -9999 -9999 -9999 -9999 -9999 -9999 -9999 -9999 -9999 -9999 -9999 -9999 -9999 -9999 -9999 -9999 -9999 -9999 -9999 -9999 -9999 -9999 -9999 -9999 -9999 -9999 -9999 -9999 -9999 -9999 -9999 -9999 -9999 -9999 -9999 -9999 -9999 -9999 -9999
13.37 15.76 7.83 5.34 10.26 16.76 12.45 5.35 8.58 22.82 10.35 9.81 11.58 11.65 9.07 8.09 6.92 8.01 12.14 17.81 16.78 14.05 12.38 9.55 9.19 9.94 11.70 10.46 11.56 11.18 10.82 11.59 11.96 12.21 -9999 -9999 -9999 -9999 -9999 -9999 -9999 -9999 -9999 -9999 -9999 -9999 -9999 -9999 -9999 -9999 -9999 -9999 -9999 -9999 -9999 -9999 -9999 -9999 -9999 -9999 -9999 -9999 -9999 -9999 -9999 -9999 -9999 -9999 -9999 -9999 -9999 -9999 -9999 -9999 -9999 -9999 -9999 -9999
11.18 9.86 8.85 14.46 7.55 14.28 15.44 14.87 10.62 9.30 19.10 11.45 8.95 7.16 6.66 6.00 5.94 6.70 11.52 9.72 8.92 8.11 9.81 11.78 10.46 10.68 10.31 10.66 12.18 11.81 -9999 -9999 -9999 -9999 -9999 -9999 -9999 -9999 -9999 -9999 -9999 -9999 -9999 -9999 -9999 -9999 -9999 -9999 -9999 -9999 -9999 -9999 -9999 -9999 -9999 -9999 -9999 -9999 -9999 -9999 -9999 -9999 -9999 -9999 -9999 -9999 -9999 -9999 -9999 -9999 -9999 -9999 -9999 -9999 -9999 -9999 -9999 -9999
10.39 6.82 14.00 13.68 15.77 17.41 8.30 15.57 15.57 8.46 11.99 12.62 9.04 8.17 8.95 10.31 12.00 8.54 8.25 8.30 8.89 9.68 10.62 11.96 11.20 11.27 12.15 11.86 -9999 -9999 -9999 -9999 -9999 -9999 -9999 -9999 -9999 -9999 -9999 -9999 -9999 -9999 -9999 -9999 -9999 -9999 -9999 -9999 -9999 -9999 -9999 -9999 -9999 -9999 -9999 -9999 -9999 -9999 -9999 -9999 -9999 -9999 -9999 -9999 -9999 -9999 -9999 -9999 -9999 -9999 -9999 -9999 -9999 -9999 -9999 -9999 -9999 -9999
8.63 14.30 10.37 14.42 16.72 14.51 12.27 16.20 16.20 9.22 8.47 7.00 7.63 8.74 9.58 12.99 14.57 11.37 9.56 8.24 8.31 9.83 9.59 10.38 11.11 13.23 14.23 12.44 -9999 -9999 -9999 -9999 -9999 -9999 -9999 -9999 -9999 -9999 -9999 -9999 -9999 -9999 -9999 -9999 -9999 -9999 -9999 -9999 -9999 -9999 -9999 -9999 -9999 -9999 -9999 -9999 -9999 -9999 -9999 -9999 -9999 -9999 -9999 -9999 -9999 -9999 -9999 -9999 -9999 -9999 -9999 -9999 -9999 -9999 -9999 -9999 -9999 -9999
10.78 14.26 10.94 14.69 14.05 15.98 10.25 8.82 10.92 10.55 10.08 9.94 7.62 16.74 16.66 15.05 14.91 11.03 7.92 7.87 7.95 8.22 8.25 8.83 10.29 10.03 -9999 -9999 -9999 -9999 -9999 11.61 10.62 10.64 9.80 -9999 -9999 -9999 -9999 -9999 -9999 -9999 -9999 -9999 -9999 -9999 -9999 -9999 -9999 -9999 -9999 -9999 -9999 -9999 -9999 -9999 -9999 -9999 -9999 -9999 -9999 -9999 -9999 -9999 -9999 -9999 -9999 -9999 -9999 -9999 -9999 -9999 -9999 -9999 -9999 -9999 -9999 -9999
11.29 16.25 11.24 8.90 19.11 10.36 9.37 8.12 8.00 9.87 11.97 15.00 11.29 11.19 9.67 9.66 8.94 9.16 9.17 9.58 9.53 8.86 9.45 10.06 9.67 9.21 9.72 10.86 -9999 -9999 9.83 9.40 9.07 7.56 7.57 8.30 9.18 -9999 -9999 -9999 -9999 -9999 -9999 -9999 -9999 -9999 -9999 -9999 -9999 -9999 -9999 -9999 -9999 -9999 -9999 -9999 -9999 -9999 -9999 -9999 -9999 -9999 -9999 -9999 -9999 -9999 -9999 -9999 -9999 -9999 -9999 -9999 -9999 -9999 -9999 -9999 -9999 -9999
13.66 11.62 12.61 13.96 15.58 10.25 10.37 11.71 11.63 11.30 9.05 9.24 10.21 9.57 9.50 9.18 8.95 9.32 9.98 9.82 9.07 10.50 11.02 8.70 7.53 7.75 8.51 10.48 9.47 9.34 9.53 8.19 6.28 6.74 9.31 9.92 11.96 8.73 -9999 -9999 -9999 -9999 -9999 -9999 -9999 -9999 -9999 -9999 -9999 -9999 -9999 -9999 -9999 -9999 -9999 -9999 -9999 -9999 -9999 -9999 -9999 -9999 -9999 -9999 -9999 -9999 -9999 -9999 -9999 -9999 -9999 -9999 -9999 -9999 -9999 -9999 -9999 -9999
11.57 15.13 13.78 11.15 10.63 -9999 12.68 14.54 11.39 9.95 8.21 7.97 8.27 8.82 9.38 9.12 9.23 10.89 10.60 10.45 9.46 8.78 8.71 7.43 7.72 8.57 10.42 9.18 7.85 9.53 8.24 7.67 6.61 8.05 10.32 10.99 12.21 10.75 12.28 13.52 10.24 -9999 -9999 -9999 -9999 -9999 -9999 -9999 -9999 -9999 -9999 -9999 -9999 -9999 -9999 -9999 -9999 -9999 -9999 -9999 -9999 -9999 -9999 -9999 -9999 -9999 -9999 -9999 -9999 -9999 -9999 -9999 -9999 -9999 -9999 -9999 -9999 -9999
12.48 -9999 12.62 13.91 11.07 -9999 14.01 17.46 12.63 11.08 8.59 8.31 7.90 8.15 7.45 7.53 8.03 9.20 11.16 10.73 10.72 9.27 8.92 9.58 10.81 12.99 11.26 8.20 6.57 8.11 8.30 8.36 12.93 13.49 11.12 11.30 10.54 10.80 11.30 9.47 10.48 -9999 -9999 -9999 -9999 -9999 -9999 -9999 -9999 -9999 -9999 -9999 -9999 -9999 -9999 -9999 -9999 -9999 -9999 -9999 -9999 -9999 -9999 -9999 -9999 -9999 -9999 -9999 -9999 -9999 -9999 -9999 -9999 -9999 -9999 -9999 -9999 -9999
11.54 -9999 -9999 13.98 12.04 11.79 13.88 15.45 10.22 10.26 11.73 9.76 8.82 8.31 10.76 8.31 6.92 7.99 8.82 10.18 10.89 12.05 10.26 12.41 13.28 11.33 10.08 9.40 8.01 8.72 10.36 11.27 11.05 13.48 11.73 11.10 11.02 8.35 8.48 9.68 10.88 11.37 -9999 -9999 -9999 -9999 -9999 -9999 -9999 -9999 -9999 -9999 -9999 -9999 -9999 -9999 -9999 -9999 -9999 -9999 -9999 -9999 -9999 -9999 -9999 -9999 -9999 -9999 -9999 -9999 -9999 -9999 -9999 -9999 -9999 -9999 -9999 -9999
-9999 -9999 -9999 -9999 12.76 11.53 14.95 12.03 9.25 10.03 11.18 12.17 10.58 9.40 10.52 10.69 8.74 6.72 8.93 11.26 10.25 10.09 10.63 12.43 11.31 9.93 10.53 10.20 12.54 11.67 10.33 10.04 8.97 11.57 11.17 10.36 11.10 8.96 8.36 8.39 8.30 8.86 -9999 -9999 -9999 -9999 -9999 -9999 -9999 -9999 -9999 -9999 -9999 -9999 -9999 -9999 -9999 -9999 -9999 -9999 -9999 -9999 -9999 -9999 -9999 -9999 -9999 -9999 -9999 -9999 -9999 -9999 -9999 -9999 -9999 -9999 -9999 -9999
14.63 15.40 -9999 -9999 -9999 12.54 13.59 11.26 10.12 9.66 10.26 11.73 12.01 12.13 12.25 10.62 9.60 8.63 6.39 10.43 9.26 9.08 9.69 9.11 8.93 11.29 9.86 12.95 16.17 14.20 11.75 11.83 9.07 10.21 9.99 10.35 10.86 8.82 7.98 7.81 7.80 8.71 9.36 -9999 -9999 -9999 -9999 -9999 -9999 -9999 -9999 -9999 -9999 -9999 -9999 -9999 -9999 -9999 -9999 -9999 -9999 -9999 -9999 -9999 -9999 -9999 -9999 -9999 -9999 -9999 -9999 -9999 -9999 -9999 -9999 -9999 -9999 -9999
16.58 17.65 12.72 -9999 -9999 -9999 12.31 11.38 9.71 9.09 9.20 9.47 10.85 10.66 10.13 8.80 8.63 8.97 9.40 8.26 8.35 8.47 10.06 9.39 12.13 7.71 8.96 8.84 9.74 13.90 13.70 11.46 10.40 9.05 8.87 9.24 9.46 7.82 7.46 6.98 7.86 8.64 8.38 8.72 -9999 -9999 -9999 -9999 -9999 -9999 -9999 -9999 -9999 -9999 -9999 -9999 -9999 -9999 -9999 -9999 -9999 -9999 -9999 -9999 -9999 -9999 -9999 -9999 -9999 -9999 -9999 -9999 -9999 -9999 -9999 -9999 -9999 -9999
15.36 15.73 11.41 -9999 -9999 -9999 -9999 -9999 10.66 9.38 8.04 7.74 8.02 8.01 9.27 11.87 11.36 9.81 9.13 8.40 9.72 8.82 8.36 7.97 10.65 6.53 8.49 10.01 9.09 6.93 9.08 8.44 9.68 8.15 9.40 8.79 7.36 6.94 6.44 6.26 5.96 8.62 8.98 8.28 8.22 -9999 -9999 -9999 -9999 -9999 -9999 -9999 -9999 -9999 -9999 -9999 -9999 -9999 -9999 -9999 -9999 -9999 -9999 -9999 -9999 -9999 -9999 -9999 -9999 -9999 -9999 -9999 -9999 -9999 -9999 -9999 -9999 -9999
12.30 19.19 13.55 -9999 -9999 -9999 -9999 -9999 11.24 10.43 10.24 8.48 9.96 11.80 10.71 12.02 12.21 11.36 9.32 10.47 9.43 8.28 9.77 10.75 6.47 15.13 9.66 13.07 9.60 12.02 11.69 7.54 9.95 8.54 7.80 7.17 7.46 8.60 8.50 6.60 6.57 5.48 8.27 10.01 7.91 9.55 10.40 -9999 -9999 -9999 -9999 -9999 -9999 -9999 -9999 -9999 -9999 -9999 -9999 -9999 -9999 -9999 -9999 -9999 -9999 -9999 -9999 -9999 -9999 -9999 -9999 -9999 -9999 -9999 -9999 -9999 -9999 -9999
16.33 18.95 17.93 -9999 -9999 -9999 -9999 -9999 10.93 9.54 9.34 8.36 8.80 10.43 8.61 9.27 9.27 11.25 10.03 9.54 8.65 11.10 14.62 12.00 9.70 16.62 14.69 10.22 11.11 9.17 7.40 9.08 9.86 8.41 8.63 8.51 6.74 6.90 6.69 7.85 10.56 8.33 7.99 9.25 9.43 8.51 9.50 -9999 -9999 -9999 -9999 -9999 -9999 -9999 -9999 -9999 -9999 -9999 -9999 -9999 -9999 -9999 -9999 -9999 -9999 -9999 -9999 -9999 -9999 -9999 -9999 -9999 -9999 -9999 -9999 -9999 -9999 -9999
13.80 15.37 16.72 -9999 -9999 -9999 -9999 -9999 10.14 8.89 8.21 7.84 7.86 8.44 9.16 12.32 14.05 11.50 11.75 8.15 8.46 8.83 11.70 7.74 13.15 11.81 9.80 11.39 12.52 7.87 10.48 8.73 9.51 9.11 6.83 8.01 8.21 7.40 6.43 12.58 12.83 11.80 7.90 8.90 9.39 8.61 9.77 -9999 -9999 -9999 -9999 -9999 -9999 -9999 -9999 -9999 -9999 -9999 -9999 -9999 -9999 -9999 -9999 -9999 -9999 -9999 -9999 -9999 -9999 -9999 -9999 -9999 -9999 -9999 -9999 -9999 -9999 -9999
-9999 -9999 -9999 -9999 -9999 -9999 -9999 12.61 10.31 9.46 8.18 8.39 8.74 7.78 8.99 9.43 12.32 10.71 10.36 12.43 10.19 11.72 12.35 12.70 15.20 13.69 8.73 10.16 11.42 10.77 9.58 9.90 7.25 8.35 8.93 6.43 7.64 7.14 10.33 11.66 14.69 12.55 7.99 7.63 7.23 8.44 9.77 -9999 -9999 -9999 -9999 -9999 -9999 -9999 -9999 -9999 -9999 -9999 -9999 -9999 -9999 -9999 -9999 -9999 -9999 -9999 -9999 -9999 -9999 -9999 -9999 -9999 -9999 -9999 -9999 -9999 -9999 -9999
-9999 -9999 -9999 -9999 -9999 -9999 -9999 13.89 8.25 8.41 10.00 11.41 10.30 8.13 7.88 8.46 6.63 8.21 12.77 13.57 10.81 9.74 8.62 7.95 14.70 8.40 9.61 9.38 9.84 9.51 8.11 6.04 8.91 8.38 7.78 6.58 7.15 9.70 11.36 10.50 12.30 12.24 8.25 6.63 7.26 9.65 8.92 -9999 -9999 -9999 -9999 -9999 -9999 -9999 -9999 -9999 -9999 -9999 -9999 -9999 -9999 -9999 -9999 -9999 -9999 -9999 -9999 -9999 -9999 -9999 -9999 -9999 -9999 -9999 -9999 -9999 -9999 -9999
-9999 -9999 -9999 -9999 -9999 -9999 12.15 10.93 6.59 8.39 10.21 8.88 11.47 13.15 11.64 13.71 11.41 9.46 8.66 9.60 11.91 10.47 9.24 6.52 9.15 13.10 9.71 12.02 8.81 8.81 6.04 6.71 8.87 7.76 7.73 8.65 10.46 12.44 11.79 9.97 8.87 8.65 7.60 10.21 11.22 9.77 9.32 -9999 -9999 -9999 -9999 -9999 -9999 -9999 -9999 -9999 -9999 -9999 -9999 -9999 -9999 -9999 -9999 -9999 -9999 -9999 -9999 -9999 -9999 -9999 -9999 -9999 -9999 -9999 -9999 -9999 -9999 -9999
-9999 -9999 -9999 -9999 -9999 -9999 10.49 7.01 10.12 8.11 10.25 8.35 11.70 12.17 14.87 13.50 13.36 12.03 10.71 8.12 16.36 15.17 9.95 6.45 10.27 12.50 9.09 9.50 11.16 7.69 9.54 11.08 9.29 10.44 10.66 13.97 8.94 8.60 9.53 10.46 10.56 7.89 6.64 8.79 9.08 8.67 9.05 10.39 -9999 -9999 -9999 -9999 -9999 -9999 -9999 -9999 -9999 -9999 -9999 -9999 -9999 -9999 -9999 -9999 -9999 -9999 -9999 -9999 -9999 -9999 -9999 -9999 -9999 -9999 -9999 -9999 -9999 -9999
-9999 -9999 -9999 -9999 -9999 9.99 12.00 11.40 10.33 10.74 10.25 8.80 7.79 13.23 12.81 13.75 13.10 12.93 9.25 6.41 10.18 11.94 11.31 8.11 7.71 9.47 9.06 8.73 9.43 13.00 8.54 8.34 8.42 6.91 12.79 10.72 12.75 11.18 7.83 9.01 9.72 10.43 11.59 8.64 8.28 8.25 9.11 10.23 -9999 -9999 -9999 -9999 -9999 -9999 -9999 -9999 -9999 -9999 -9999 -9999 -9999 -9999 -9999 -9999 -9999 -9999 -9999 -9999 -9999 -9999 -9999 -9999 -9999 -9999 -9999 -9999 -9999 -9999
-9999 -9999 -9999 -9999 -9999 11.67 11.31 10.04 14.03 12.73 9.88 9.34 12.83 9.05 10.64 12.79 10.96 10.82 7.29 6.08 8.95 10.44 12.54 7.69 7.91 7.60 8.32 6.70 11.19 7.41 11.52 9.43 6.65 12.50 6.61 8.56 10.03 9.50 10.61 7.86 8.00 10.98 10.78 9.12 9.79 9.40 9.26 10.43 -9999 -9999 -9999 -9999 -9999 -9999 -9999 -9999 -9999 -9999 -9999 -9999 -9999 -9999 -9999 -9999 -9999 -9999 -9999 -9999 -9999 -9999 -9999 -9999 -9999 -9999 -9999 -9999 -9999 -9999
-9999 -9999 -9999 -9999 11.71 9.61 9.12 12.09 10.26 10.30 16.33 11.92 11.91 8.83 10.70 11.39 9.50 10.86 9.95 8.38 10.61 10.39 7.76 6.64 7.56 9.27 9.16 11.87 9.19 7.70 11.83 7.74 8.20 12.55 7.60 6.54 5.98 8.24 10.20 9.73 10.29 10.57 8.90 8.82 9.07 8.71 9.02 10.15 -9999 -9999 -9999 -9999 -9999 -9999 -9999 -9999 -9999 -9999 -9999 -9999 -9999 -9999 -9999 -9999 -9999 -9999 -9999 -9999 -9999 -9999 -9999 -9999 -9999 -9999 -9999 -9999 -9999 -9999
-9999 -9999 -9999 10.18 10.51 11.11 8.49 9.36 10.02 8.94 11.17 10.14 16.00 8.50 8.49 9.85 10.19 10.45 10.79 9.30 7.89 7.14 9.91 7.20 6.84 8.97 9.52 9.44 9.26 7.64 9.39 6.16 7.72 11.52 9.93 10.15 8.92 8.37 7.66 8.11 10.73 9.59 8.87 8.98 9.04 9.25 8.65 9.46 10.62 -9999 -9999 -9999 -9999 -9999 -9999 -9999 -9999 -9999 -9999 -9999 -9999 -9999 -9999 -9999 -9999 -9999 -9999 -9999 -9999 -9999 -9999 -9999 -9999 -9999 -9999 -9999 -9999 -9999
-9999 -9999 -9999 12.35 14.78 11.37 10.33 9.16 8.42 7.44 16.53 12.69 9.98 10.33 8.10 8.46 9.70 9.39 13.75 8.77 6.93 6.85 7.43 10.38 7.62 10.02 9.31 9.91 9.10 8.62 7.84 8.98 6.67 8.80 9.39 8.63 9.72 8.36 7.51 7.52 9.22 8.56 9.95 9.34 8.41 7.73 8.78 9.48 10.26 -9999 -9999 -9999 -9999 -9999 -9999 -9999 -9999 -9999 -9999 -9999 -9999 -9999 -9999 -9999 -9999 -9999 -9999 -9999 -9999 -9999 -9999 -9999 -9999 -9999 -9999 -9999 -9999 -9999
-9999 11.95 11.25 13.41 11.64 10.78 11.56 9.60 9.30 7.76 12.76 11.27 11.11 10.21 9.55 7.50 10.02 10.47 9.53 9.26 8.40 6.51 7.46 8.98 8.67 8.59 9.07 9.44 8.59 8.01 8.80 7.73 6.69 9.62 8.24 7.92 8.10 10.16 8.84 7.99 6.42 7.91 8.72 8.42 8.00 7.54 8.14 8.86 9.88 -9999 -9999 -9999 -9999 -9999 -9999 -9999 -9999 -9999 -9999 -9999 -9999 -9999 -9999 -9999 -9999 -9999 -9999 -9999 -9999 -9999 -9999 -9999 -9999 -9999 -9999 -9999 -9999 -9999
-9999 12.72 11.10 9.34 11.96 10.47 11.68 9.78 8.84 7.94 8.07 9.04 13.22 10.69 9.78 7.94 7.81 7.95 7.87 8.35 9.08 7.76 9.14 8.17 8.57 8.33 8.33 8.18 7.99 7.71 7.83 8.36 6.94 4.91 5.56 6.53 6.64 7.61 7.75 4.92 6.35 9.16 8.39 7.11 7.33 7.03 7.57 7.23 8.07 9.05 -9999 -9999 -9999 -9999 -9999 -9999 -9999 -9999 -9999 -9999 -9999 -9999 -9999 -9999 -9999 -9999 -9999 -9999 -9999 -9999 -9999 -9999 -9999 -9999 -9999 -9999 -9999 -9999
-9999 12.92 11.29 8.32 11.30 9.43 10.26 9.25 8.64 8.62 7.36 10.76 10.59 10.06 11.82 8.85 7.68 7.65 7.05 9.33 13.43 9.78 -9999 -9999 -9999 8.54 8.34 -9999 7.65 7.76 7.88 7.20 5.99 5.64 6.41 5.65 5.78 7.29 6.79 8.12 7.83 5.70 4.86 5.29 5.72 6.10 4.31 5.47 6.04 7.57 -9999 -9999 -9999 -9999 -9999 -9999 -9999 -9999 -9999 -9999 -9999 -9999 -9999 -9999 -9999 -9999 -9999 -9999 -9999 -9999 -9999 -9999 -9999 -9999 -9999 -9999 -9999 -9999
-9999 11.59 13.38 9.66 9.47 10.06 10.80 10.19 9.30 8.46 7.92 8.65 14.05 11.00 11.55 8.79 8.24 10.12 7.72 8.94 9.88 10.22 -9999 -9999 -9999 8.62 7.91 7.85 7.83 7.34 7.05 6.28 7.43 9.19 8.70 6.60 9.88 6.67 6.40 9.06 6.45 7.04 7.10 6.96 4.53 5.30 6.51 5.20 4.54 6.08 -9999 -9999 -9999 -9999 -9999 -9999 -9999 -9999 -9999 -9999 -9999 -9999 -9999 -9999 -9999 -9999 -9999 -9999 -9999 -9999 -9999 -9999 -9999 -9999 -9999 -9999 -9999 -9999
-9999 -9999 12.50 12.27 10.23 -9999 11.39 11.39 10.21 9.25 8.46 -9999 10.57 9.35 10.36 8.47 9.73 10.55 9.39 9.75 -9999 -9999 -9999 -9999 9.45 7.90 7.15 6.80 7.46 7.75 6.98 6.77 7.15 10.77 13.70 6.48 11.52 7.52 9.16 10.47 7.89 9.20 7.01 5.07 6.14 5.96 4.60 2.74 3.57 5.97 6.96 -9999 -9999 -9999 -9999 -9999 -9999 -9999 -9999 -9999 -9999 -9999 -9999 -9999 -9999 -9999 -9999 -9999 -9999 -9999 -9999 -9999 -9999 -9999 -9999 -9999 -9999 -9999
