ML/MeanWindSpeed_1994-03_Actual.txt
ncols         180
nrows         290
xllcorner     -200000
yllcorner     -200000
cellsize      5000
NODATA_value  -9999
[rows 170 to 203 of 290, columns 77 to 153 of 180]
-9999 -9999 -9999 -9999 -9999 -9999 -9999 -9999 -9999 -9999 -9999 -9999 -9999 -9999 -9999 -9999 -9999 -9999 -9999 -9999 -9999 -9999 -9999 -9999 -9999 -9999 -9999 -9999 -9999 12.84 11.92 11.38 11.71 12.13 12.16 11.78 11.14 11.26 10.63 10.19 9.95 9.90 11.23 11.67 20.48 24.45 25.00 22.11 19.45 17.00 14.24 14.07 13.29 15.17 13.24 13.00 12.62 12.70 12.69 12.51 13.12 13.50 13.04 11.71 12.34 15.62 15.42 16.15 14.42 14.10 15.06 16.77 -9999 -9999 -9999 -9999 -9999
-9999 -9999 -9999 -9999 -9999 -9999 -9999 -9999 -9999 19.40 18.71 19.70 21.27 -9999 -9999 -9999 -9999 -9999 -9999 -9999 -9999 -9999 -9999 -9999 -9999 -9999 -9999 -9999 13.63 12.08 12.39 11.61 12.98 12.41 11.64 11.48 11.46 11.02 10.87 10.51 10.16 10.11 9.98 15.11 20.63 21.38 18.36 23.29 21.95 16.11 15.05 11.64 15.81 16.00 13.58 13.21 12.77 12.76 12.70 12.46 12.90 13.79 13.55 12.06 11.91 12.77 15.79 16.07 16.79 14.13 13.59 15.12 17.16 -9999 -9999 -9999 -9999
-9999 -9999 -9999 -9999 -9999 -9999 -9999 -9999 -9999 18.21 17.49 17.70 18.47 -9999 -9999 -9999 -9999 -9999 -9999 -9999 -9999 -9999 -9999 -9999 -9999 -9999 -9999 13.58 13.05 12.16 12.52 13.77 12.19 12.42 10.98 10.86 11.05 10.74 11.05 11.22 10.01 9.49 10.17 13.64 23.29 23.84 18.26 20.95 20.04 18.70 13.54 11.67 14.60 15.61 14.04 12.64 12.39 12.67 13.14 12.70 12.79 13.41 14.13 12.90 12.30 12.30 15.02 15.57 15.91 14.38 13.77 14.11 16.08 -9999 -9999 -9999 -9999
-9999 -9999 -9999 -9999 -9999 -9999 -9999 22.54 17.90 15.71 16.46 16.39 17.86 17.60 19.28 20.68 -9999 -9999 20.41 17.84 -9999 -9999 -9999 13.35 15.77 15.71 -9999 11.80 13.63 12.51 12.04 12.60 11.80 12.44 12.14 12.67 11.84 11.79 10.68 11.09 10.04 10.68 16.59 13.79 17.68 21.44 13.96 16.46 23.61 15.54 16.67 13.11 14.50 14.78 13.59 12.95 12.76 12.87 13.08 12.41 12.83 13.07 14.31 13.02 12.34 12.33 13.08 14.41 16.33 15.76 13.85 13.54 15.08 17.28 -9999 -9999 -9999
-9999 -9999 -9999 -9999 -9999 -9999 -9999 -9999 18.58 16.51 15.79 15.22 15.65 17.87 20.63 18.33 -9999 19.13 17.17 18.25 16.43 17.26 12.07 9.86 15.65 17.04 15.83 -9999 11.21 12.94 12.53 11.41 11.43 12.81 11.95 11.36 11.06 10.78 11.03 10.33 10.32 10.67 16.81 18.69 18.53 19.50 17.68 20.02 21.02 18.48 13.97 12.73 15.59 15.34 12.99 13.50 12.84 13.56 13.35 12.48 12.64 12.88 14.44 13.31 12.52 12.34 12.12 13.48 15.04 16.30 14.85 13.56 14.15 16.29 -9999 -9999 -9999
-9999 -9999 -9999 -9999 -9999 -9999 -9999 -9999 -9999 17.97 17.07 15.98 15.44 15.93 13.88 14.27 25.26 32.71 15.15 18.81 19.04 18.09 15.16 10.09 9.23 13.70 18.42 15.08 11.47 11.34 12.06 11.01 11.51 13.75 12.66 11.58 10.67 10.67 10.65 10.03 9.74 10.17 18.24 21.02 18.43 19.10 16.10 14.86 17.36 17.45 13.78 12.92 14.89 13.81 12.78 13.45 12.89 14.26 13.05 12.72 12.44 12.46 14.59 13.11 12.45 12.33 11.98 12.82 13.85 14.18 14.64 15.10 13.34 15.35 17.78 -9999 -9999
-9999 -9999 -9999 -9999 -9999 -9999 -9999 -9999 -9999 -9999 19.44 16.10 14.50 13.00 11.90 17.26 38.03 26.79 12.67 20.27 14.83 19.63 19.30 12.91 8.53 17.48 16.20 17.43 14.55 11.41 10.94 10.72 10.14 12.27 12.90 12.00 11.14 10.46 10.67 10.24 9.81 12.27 14.73 21.30 18.85 20.17 18.68 12.72 16.03 18.36 13.53 13.27 14.51 13.48 13.01 12.97 12.76 14.12 12.73 12.34 12.46 11.95 13.41 13.34 12.51 12.28 12.09 12.37 13.47 15.30 13.97 13.11 13.17 14.83 17.38 -9999 -9999
-9999 -9999 -9999 -9999 -9999 -9999 -9999 -9999 -9999 -9999 -9999 16.12 13.29 13.84 16.45 31.95 37.45 27.23 19.08 17.61 18.30 20.29 21.11 19.65 12.25 11.14 20.19 17.60 15.41 12.99 10.94 10.48 11.10 11.91 12.33 11.32 10.37 10.50 10.45 10.34 10.71 12.05 15.67 18.35 15.88 16.48 18.48 15.56 12.22 17.67 13.27 12.93 13.94 12.90 12.65 12.45 13.15 13.85 12.70 12.38 12.20 11.68 14.24 13.47 12.69 12.52 12.46 13.00 13.14 13.37 12.96 12.81 13.19 15.26 17.57 -9999 -9999
-9999 -9999 -9999 -9999 -9999 -9999 -9999 -9999 -9999 -9999 -9999 15.48 13.76 17.45 20.94 25.94 33.43 22.43 16.18 18.17 21.04 20.79 22.12 19.33 13.30 10.09 20.45 20.93 16.65 13.98 10.79 10.15 11.15 12.93 12.33 11.39 10.67 9.77 9.43 10.28 13.01 13.20 11.47 18.62 15.47 16.07 18.31 18.08 15.03 13.63 12.26 10.52 12.62 13.62 12.27 12.19 11.94 12.71 12.29 12.76 12.31 12.22 13.39 14.16 13.37 13.27 12.97 13.06 12.96 12.74 12.67 13.23 14.44 16.39 -9999 -9999 -9999
-9999 -9999 -9999 -9999 -9999 -9999 -9999 -9999 -9999 -9999 -9999 13.64 13.45 16.51 17.04 25.11 24.82 20.28 21.12 17.50 18.56 21.82 19.77 22.16 17.39 12.08 18.87 20.73 19.16 13.73 11.56 10.01 11.63 13.63 13.15 11.48 10.37 9.67 10.12 12.14 12.73 10.98 11.06 15.66 15.51 15.02 15.15 14.37 14.46 15.13 10.43 11.50 11.89 11.47 12.06 11.59 12.81 11.77 12.16 12.58 12.42 13.03 16.10 14.80 13.73 13.30 13.20 13.06 12.88 12.73 12.88 14.21 16.03 -9999 -9999 -9999 -9999
-9999 -9999 -9999 -9999 -9999 -9999 -9999 -9999 -9999 -9999 14.81 24.35 15.37 17.70 19.99 15.57 30.13 26.82 25.00 22.18 24.34 19.62 20.68 18.21 16.00 17.46 22.83 21.07 19.04 13.76 11.56 10.22 12.55 13.14 12.41 11.39 10.02 10.06 12.14 11.51 10.90 12.72 14.12 11.65 17.79 16.47 12.92 13.93 13.01 11.77 11.35 10.25 10.24 10.49 11.95 11.42 10.87 12.93 12.11 12.46 12.88 13.90 16.42 14.95 13.85 13.54 13.10 13.02 12.66 12.56 13.70 15.43 -9999 -9999 -9999 -9999 -9999
-9999 -9999 -9999 -9999 -9999 -9999 -9999 -9999 16.74 15.69 20.40 17.82 15.27 16.46 18.40 14.34 16.83 19.44 25.11 23.99 24.55 22.85 23.25 15.36 19.16 18.61 15.22 16.57 14.76 14.21 12.28 11.07 12.47 13.04 12.70 11.13 10.70 12.41 11.54 11.87 10.60 13.07 14.33 14.17 12.89 11.70 13.84 13.26 12.44 12.07 11.65 11.22 9.52 10.87 10.83 10.23 10.75 11.46 12.28 12.98 12.98 14.10 16.23 14.89 13.68 13.37 12.87 12.70 12.44 12.87 14.31 -9999 -9999 -9999 -9999 -9999 17.43
-9999 -9999 -9999 -9999 -9999 -9999 -9999 17.29 16.91 16.85 17.18 16.80 16.56 14.73 12.04 12.45 15.36 17.37 22.23 31.97 20.48 17.78 16.63 12.01 20.53 22.20 21.55 17.46 14.75 14.06 13.19 12.38 12.82 13.65 12.74 11.64 11.25 12.22 12.77 10.66 10.41 13.10 13.66 13.35 12.89 13.11 13.41 11.76 12.31 10.89 10.76 11.50 10.60 9.91 9.49 10.33 11.70 11.63 12.38 12.96 13.24 13.95 16.33 15.22 13.70 12.94 12.56 12.46 12.32 12.76 13.94 -9999 -9999 -9999 -9999 -9999 15.65
-9999 -9999 -9999 -9999 -9999 -9999 17.40 18.81 18.03 17.97 -9999 -9999 -9999 -9999 11.28 21.22 18.61 17.89 22.81 21.07 17.49 20.55 18.52 15.97 28.70 25.11 21.25 21.76 16.52 12.92 13.36 13.30 12.63 12.80 12.37 11.43 11.94 11.30 13.15 11.26 10.86 11.73 12.83 13.25 13.13 11.97 12.12 11.79 11.75 11.44 10.95 10.29 9.84 9.43 10.04 11.47 11.46 11.39 12.62 13.68 14.09 14.26 15.41 14.92 14.20 12.68 12.40 12.24 12.05 12.17 13.14 14.94 -9999 -9999 -9999 -9999 14.37
-9999 -9999 -9999 -9999 -9999 -9999 19.53 21.91 17.82 18.38 -9999 -9999 -9999 -9999 10.81 17.00 19.95 13.78 21.32 20.43 18.44 22.94 25.25 20.74 26.67 17.27 18.29 17.77 15.37 13.08 12.76 12.98 12.63 12.96 13.49 11.83 12.45 12.10 12.29 12.89 11.45 11.87 11.45 12.66 13.58 14.08 13.95 11.74 11.17 11.22 11.14 11.60 10.56 10.25 10.82 11.57 12.59 11.82 14.62 15.03 15.67 14.67 15.06 14.63 13.92 12.50 12.40 12.21 11.91 11.82 12.01 13.17 14.29 -9999 -9999 14.86 14.35
-9999 -9999 -9999 -9999 -9999 -9999 -9999 -9999 -9999 -9999 -9999 -9999 -9999 -9999 12.35 20.91 19.43 14.24 17.29 14.57 23.53 23.84 17.59 22.20 21.66 19.26 19.81 16.30 14.58 12.99 13.55 12.92 13.23 12.79 12.20 12.26 12.18 11.90 12.15 12.80 11.70 11.48 12.38 13.07 12.29 13.13 13.21 10.48 12.36 13.82 12.44 12.74 12.24 10.30 11.08 12.56 14.18 14.18 13.92 14.80 15.90 15.22 15.45 14.63 13.91 12.40 12.37 12.25 12.05 11.78 11.43 11.74 12.56 13.69 14.27 13.93 14.00
-9999 -9999 -9999 -9999 -9999 -9999 -9999 -9999 -9999 -9999 -9999 -9999 -9999 -9999 -9999 20.95 10.93 10.91 15.88 21.53 20.77 24.63 23.63 17.81 19.28 20.92 16.00 14.85 13.66 13.05 12.57 13.10 13.00 12.78 12.31 12.21 12.12 12.21 11.74 12.63 12.00 11.42 14.94 14.29 12.45 11.96 11.57 11.39 11.25 12.80 13.17 12.88 14.53 11.76 11.16 12.38 12.38 13.42 14.05 14.00 15.63 15.55 14.96 14.04 13.95 12.53 12.43 12.27 12.04 11.88 11.79 11.81 11.89 12.52 13.07 13.39 13.22
-9999 -9999 -9999 -9999 -9999 -9999 -9999 -9999 -9999 -9999 -9999 -9999 -9999 -9999 -9999 13.95 20.91 21.93 18.68 16.73 16.82 21.43 19.12 19.31 16.36 15.42 17.45 13.17 13.10 15.54 14.85 14.25 13.07 11.84 11.50 12.48 12.25 13.36 13.08 12.88 11.97 11.27 14.51 16.01 14.10 12.40 11.47 11.62 11.59 11.43 11.88 13.36 16.72 14.55 11.76 11.41 12.36 14.29 15.99 15.93 15.20 15.77 15.07 14.26 13.43 12.72 12.56 12.33 12.27 12.12 12.05 12.12 12.29 12.56 12.93 13.50 13.39
-9999 -9999 -9999 -9999 -9999 -9999 -9999 -9999 -9999 -9999 -9999 -9999 -9999 -9999 15.36 15.86 13.55 25.46 17.65 15.10 19.43 19.49 17.81 21.79 16.38 15.39 17.75 11.97 20.82 17.21 14.85 14.92 15.69 12.70 11.84 15.87 15.28 13.49 11.78 12.58 12.47 12.12 13.33 14.45 14.12 12.90 12.02 11.68 11.97 12.29 11.92 13.96 14.03 13.00 12.00 11.60 12.81 14.52 16.14 16.18 14.70 14.86 14.67 14.15 13.38 12.84 12.59 12.47 12.41 12.31 12.20 12.30 12.49 12.46 12.74 13.73 13.66
-9999 -9999 -9999 -9999 -9999 -9999 -9999 -9999 -9999 -9999 -9999 -9999 -9999 -9999 13.61 15.84 25.14 18.23 12.44 15.57 15.47 17.93 21.32 20.69 16.84 16.26 15.81 12.95 13.61 14.98 17.45 17.32 13.96 13.43 13.14 14.03 14.57 12.01 11.61 12.61 12.54 13.56 14.27 13.67 13.93 13.23 12.32 12.05 12.19 12.12 12.12 13.61 14.15 13.15 11.52 11.98 13.87 15.72 15.06 16.08 15.89 14.95 14.01 14.67 13.31 13.45 12.76 12.57 12.35 12.31 12.30 12.27 12.35 12.42 12.60 13.97 13.71
-9999 -9999 -9999 -9999 -9999 -9999 -9999 -9999 -9999 -9999 -9999 -9999 -9999 -9999 16.01 19.65 11.63 14.99 14.26 16.45 16.04 22.62 19.93 22.72 18.95 17.53 14.64 12.13 12.44 16.31 19.39 21.12 13.79 15.76 14.77 15.52 14.42 11.36 11.66 12.10 12.53 13.62 13.24 13.48 15.08 13.77 12.15 12.25 14.17 11.99 12.48 13.27 13.16 12.33 11.88 12.88 13.83 14.46 14.93 15.02 13.95 13.76 14.39 14.37 12.89 12.81 12.72 12.46 12.40 12.21 12.04 12.15 12.23 12.37 12.57 13.07 12.89
-9999 -9999 -9999 -9999 -9999 -9999 -9999 -9999 -9999 -9999 -9999 -9999 -9999 -9999 -9999 10.78 13.42 17.16 21.63 23.80 20.63 20.98 18.35 15.34 15.21 13.89 14.89 14.35 12.38 13.74 14.68 19.23 15.39 13.72 14.53 16.82 15.27 11.66 12.84 11.36 11.70 15.58 13.71 13.40 13.12 13.19 11.78 11.95 14.50 13.31 12.24 13.10 12.62 12.22 12.74 14.21 13.91 13.86 13.40 14.24 13.04 14.63 14.50 12.96 12.78 13.46 12.94 12.30 12.20 11.97 11.90 12.02 12.11 12.25 12.29 12.33 12.39
-9999 -9999 -9999 -9999 -9999 -9999 -9999 -9999 -9999 -9999 -9999 -9999 -9999 -9999 -9999 12.30 13.98 16.77 21.50 27.05 25.15 19.58 15.37 13.54 15.40 18.06 20.68 22.73 17.61 14.05 14.54 16.05 14.32 11.39 17.28 16.57 15.33 12.93 13.82 11.73 11.32 13.16 15.66 14.91 13.67 12.59 11.66 12.27 13.72 13.00 12.27 12.38 12.98 13.23 13.71 14.83 14.03 13.39 14.99 14.95 14.63 14.30 14.36 12.91 13.49 14.09 12.52 12.19 12.13 11.94 11.90 11.90 11.95 12.02 12.04 12.06 11.92
-9999 -9999 -9999 -9999 -9999 -9999 -9999 -9999 -9999 -9999 -9999 -9999 -9999 -9999 14.55 11.70 13.11 17.46 21.18 21.55 20.93 16.65 17.07 23.57 19.28 19.46 19.70 16.65 15.06 15.75 15.81 13.40 11.51 12.24 15.94 16.14 14.92 12.96 14.08 11.05 11.01 13.69 13.52 14.11 14.04 12.79 11.63 12.16 13.53 13.02 11.86 12.33 12.39 12.33 13.67 13.51 14.98 13.91 15.03 14.10 14.36 14.44 13.11 12.81 14.02 13.74 12.12 11.90 12.28 11.83 11.90 11.85 12.00 11.94 11.80 11.71 11.33
-9999 -9999 -9999 -9999 -9999 -9999 -9999 -9999 -9999 -9999 -9999 -9999 -9999 -9999 18.69 15.51 13.18 13.20 18.19 24.83 23.55 20.24 16.94 18.02 19.76 21.60 22.35 16.41 18.66 19.59 13.50 16.41 10.16 11.15 14.78 17.76 13.47 14.26 12.06 10.18 10.44 11.89 16.32 14.25 14.08 13.19 12.52 12.73 13.04 12.48 11.76 12.03 11.95 11.97 12.14 14.07 14.76 14.57 15.63 14.32 13.56 13.44 12.90 13.46 14.03 13.41 12.46 12.85 12.51 12.71 12.07 11.98 12.21 12.18 11.75 11.48 11.13
-9999 -9999 -9999 -9999 -9999 -9999 -9999 -9999 -9999 -9999 -9999 -9999 -9999 -9999 16.72 14.63 9.35 11.92 17.73 24.90 22.51 22.01 17.49 19.50 18.40 16.77 18.70 18.63 17.25 14.43 12.03 12.78 16.10 11.77 12.97 13.43 13.89 15.74 13.13 10.49 10.57 11.90 12.86 12.92 14.15 13.32 12.91 13.21 12.11 11.32 12.11 12.43 12.68 12.02 12.99 14.76 14.66 13.35 13.78 15.03 13.56 14.02 12.77 14.02 14.19 12.89 12.50 12.80 12.15 12.38 12.12 11.96 11.94 11.69 11.56 11.60 11.45
-9999 -9999 -9999 -9999 -9999 -9999 -9999 -9999 -9999 -9999 -9999 -9999 -9999 15.11 16.59 18.60 14.38 12.40 18.91 21.94 25.38 24.44 16.06 15.87 14.28 16.70 19.52 15.89 14.73 16.64 13.76 12.61 12.13 11.59 11.85 12.52 13.85 13.57 12.64 11.87 11.05 11.00 12.28 13.06 12.15 12.72 12.49 13.27 12.01 11.99 12.22 11.56 11.65 12.38 14.07 13.93 13.88 12.80 14.13 14.47 13.84 12.70 13.77 13.91 14.10 14.01 13.14 12.62 12.57 12.32 12.23 12.05 11.75 11.49 11.33 11.40 11.57
-9999 -9999 -9999 -9999 -9999 -9999 -9999 -9999 -9999 -9999 -9999 -9999 18.13 17.12 17.69 14.38 11.96 16.75 21.58 23.43 20.96 22.90 16.55 17.64 14.90 15.10 24.69 17.05 16.72 13.02 13.05 10.99 10.47 11.57 14.09 13.27 16.10 13.58 13.59 11.30 10.96 11.17 11.87 12.72 12.06 12.24 12.80 12.97 11.13 11.93 11.90 11.99 12.31 13.12 14.21 13.30 14.22 13.39 13.86 12.80 12.45 14.02 14.45 13.72 13.97 13.52 12.18 12.88 13.09 12.96 12.61 11.98 11.48 11.03 11.39 11.49 12.24
-9999 -9999 -9999 -9999 -9999 -9999 -9999 -9999 -9999 -9999 20.93 18.79 16.53 13.48 12.54 12.44 13.03 18.09 20.40 23.64 25.82 22.92 19.35 13.47 16.47 16.02 21.89 16.69 14.37 13.81 11.70 11.23 9.64 11.79 15.21 14.80 15.34 12.65 12.50 11.46 11.42 12.20 11.94 12.73 11.65 11.94 12.52 11.42 11.08 11.59 12.90 12.45 13.46 14.77 14.34 13.63 12.87 12.39 13.42 14.07 13.58 14.21 12.88 13.72 13.91 12.86 11.66 11.82 13.17 12.94 12.86 11.64 11.11 10.69 11.15 12.63 12.98
-9999 -9999 -9999 -9999 -9999 -9999 19.91 17.88 15.74 20.14 20.29 20.57 20.25 16.25 14.42 12.57 19.63 17.84 21.07 22.85 22.86 18.88 16.85 13.12 14.24 13.83 23.04 20.38 16.87 12.84 12.56 11.65 14.46 11.33 14.30 15.17 14.65 13.99 12.47 11.01 12.27 11.74 11.40 13.02 11.61 11.88 11.53 11.58 11.88 12.97 12.13 12.94 12.31 13.26 14.76 14.51 14.04 13.42 14.01 14.01 13.52 13.26 14.30 12.81 12.72 12.25 11.53 12.58 13.14 13.37 12.41 11.55 11.38 11.44 13.02 13.24 12.50
-9999 -9999 -9999 -9999 -9999 21.59 18.44 18.72 17.08 16.41 19.04 18.30 18.82 15.72 12.83 16.77 18.37 19.11 14.48 23.21 18.57 15.38 22.05 17.13 12.16 21.69 19.33 19.07 13.32 11.47 11.69 16.35 12.76 12.16 12.30 12.69 14.78 14.69 14.07 11.59 11.83 11.25 11.53 12.58 12.20 12.20 11.99 11.74 12.30 12.47 15.19 12.29 11.76 12.73 14.09 13.29 13.20 12.52 12.83 13.51 13.18 14.37 13.56 12.63 12.62 12.68 11.83 12.39 12.84 12.45 12.22 11.98 11.84 11.81 12.60 13.70 13.45
-9999 -9999 -9999 -9999 21.91 21.26 16.82 16.05 16.07 17.75 16.83 17.00 15.46 16.16 21.66 16.99 15.25 19.73 12.04 16.70 16.61 21.08 20.22 21.20 18.06 17.41 16.24 14.23 20.08 17.74 12.10 12.92 12.72 12.21 12.79 11.88 11.97 14.63 14.73 11.07 10.43 10.77 11.91 11.15 11.09 12.35 15.39 11.94 11.67 13.00 14.18 12.74 11.81 12.87 13.76 13.72 14.43 13.54 12.67 12.51 12.37 14.01 13.48 12.43 13.48 13.16 12.12 12.41 12.56 12.35 12.66 12.76 12.57 12.73 12.90 13.75 12.57
17.41 19.65 16.94 19.99 16.95 17.00 17.93 16.22 15.80 18.87 16.64 15.94 16.27 20.21 19.06 16.24 17.74 16.59 14.00 14.83 19.51 19.94 17.79 18.41 20.47 14.58 10.87 20.35 22.14 16.90 16.11 12.84 13.49 11.89 12.38 15.14 12.38 15.44 12.65 10.74 10.01 10.73 13.58 10.45 11.31 17.27 13.26 11.91 12.03 13.44 14.73 12.42 12.22 12.79 12.44 13.26 13.30 12.59 12.29 12.84 12.21 12.82 13.41 13.37 12.85 12.36 11.66 11.49 12.37 14.41 13.62 15.00 14.01 12.49 14.01 13.27 13.12
16.36 14.02 13.31 17.88 22.71 21.37 20.79 16.16 17.78 20.34 18.15 17.09 20.27 17.64 16.71 20.12 15.99 12.63 14.67 16.46 20.24 20.15 20.09 19.36 16.16 10.75 14.00 28.98 23.66 17.46 13.27 14.16 13.36 15.20 12.87 14.02 12.85 12.38 11.80 11.37 10.22 10.04 10.58 10.15 15.47 16.47 14.83 12.32 11.59 15.79 13.81 12.42 12.42 11.88 12.92 12.83 12.43 11.48 13.18 12.64 11.69 13.95 13.84 12.56 12.36 12.05 11.49 12.03 13.55 14.34 14.34 15.22 14.20 13.61 14.35 13.24 11.94
