ML/MeanWindSpeed_1997-10_Actual.txt
ncols         180
nrows         290
xllcorner     -200000
yllcorner     -200000
cellsize      5000
NODATA_value  -9999
[rows 140 to 174 of 290, columns 79 to 157 of 180]
-9999 -9999 11.89 -9999 -9999 -9999 10.33 10.37 8.88 8.85 9.91 -9999 -9999 10.33 8.51 11.03 12.22 -9999 -9999 -9999 -9999 -9999 9.02 7.56 5.04 5.16 4.95 5.68 5.50 6.15 6.09 3.83 6.29 9.60 11.10 8.12 9.95 10.79 11.09 8.44 8.96 8.99 7.42 4.94 4.74 4.95 2.22 3.13 5.75 7.74 -9999 -9999 -9999 -9999 -9999 -9999 -9999 -9999 -9999 -9999 -9999 -9999 -9999 -9999 -9999 -9999 -9999 -9999 -9999 -9999 -9999 -9999 -9999 -9999 -9999 -9999 -9999 -9999 -9999
-9999 -9999 11.91 11.77 -9999 -9999 -9999 10.40 10.85 10.46 10.91 -9999 -9999 -9999 -9999 11.09 -9999 -9999 -9999 -9999 -9999 -9999 7.68 6.45 5.35 6.03 7.05 7.13 6.30 6.47 5.77 4.69 4.94 8.51 10.23 6.60 12.05 11.46 12.56 9.11 9.09 10.46 7.55 5.57 4.76 3.08 1.82 3.10 5.50 7.52 -9999 -9999 -9999 -9999 -9999 -9999 -9999 -9999 -9999 -9999 -9999 -9999 -9999 -9999 -9999 -9999 -9999 -9999 -9999 -9999 -9999 -9999 -9999 -9999 -9999 -9999 -9999 -9999 -9999
-9999 -9999 -9999 13.20 -9999 -9999 -9999 -9999 10.85 11.85 11.60 -9999 -9999 -9999 -9999 -9999 -9999 -9999 -9999 -9999 -9999 8.83 7.34 7.05 6.82 6.96 8.56 8.34 7.55 7.47 6.71 6.17 4.57 6.08 12.49 12.73 12.22 11.82 9.17 8.07 8.32 6.43 4.21 6.21 6.12 2.87 2.32 3.70 5.50 7.51 8.96 -9999 -9999 -9999 -9999 -9999 -9999 -9999 -9999 -9999 -9999 -9999 -9999 -9999 -9999 -9999 -9999 -9999 -9999 -9999 -9999 -9999 -9999 -9999 -9999 -9999 -9999 -9999 -9999
-9999 -9999 -9999 14.43 -9999 -9999 -9999 -9999 -9999 -9999 -9999 -9999 -9999 -9999 -9999 -9999 -9999 -9999 -9999 -9999 -9999 8.83 6.76 5.43 4.50 3.92 11.65 9.18 7.95 9.79 7.02 7.95 3.50 3.80 10.02 14.35 10.94 9.16 13.37 15.14 13.26 10.35 8.47 4.10 4.47 4.02 4.89 4.43 5.32 7.54 8.82 9.44 -9999 -9999 -9999 -9999 -9999 -9999 -9999 -9999 -9999 -9999 -9999 -9999 -9999 -9999 -9999 -9999 -9999 -9999 -9999 -9999 -9999 -9999 -9999 -9999 -9999 -9999 -9999
-9999 -9999 -9999 -9999 -9999 -9999 -9999 -9999 -9999 -9999 -9999 -9999 -9999 -9999 -9999 -9999 -9999 -9999 -9999 -9999 9.29 7.92 6.01 4.79 7.95 3.41 16.38 15.34 7.42 8.27 7.15 6.24 6.28 3.44 5.02 14.44 14.04 11.86 10.21 9.08 11.31 10.48 8.93 6.54 5.14 4.72 4.42 4.61 6.05 6.43 6.88 7.98 -9999 -9999 -9999 -9999 -9999 -9999 -9999 -9999 -9999 -9999 -9999 -9999 -9999 -9999 -9999 -9999 -9999 -9999 -9999 -9999 -9999 -9999 -9999 -9999 -9999 -9999 -9999
-9999 -9999 -9999 -9999 -9999 -9999 -9999 -9999 -9999 -9999 -9999 -9999 -9999 -9999 -9999 -9999 -9999 -9999 -9999 -9999 8.09 8.29 5.11 7.20 15.10 7.40 4.20 10.18 10.95 8.33 7.72 6.82 6.22 5.00 5.35 7.64 16.38 13.43 12.00 9.54 9.16 8.94 6.82 6.25 6.02 6.71 5.17 6.17 5.69 5.97 5.77 6.34 7.34 8.19 8.53 -9999 -9999 -9999 -9999 -9999 -9999 -9999 -9999 -9999 -9999 -9999 -9999 -9999 -9999 -9999 -9999 -9999 -9999 -9999 -9999 -9999 -9999 -9999 -9999
-9999 -9999 -9999 -9999 -9999 -9999 -9999 -9999 -9999 -9999 -9999 -9999 -9999 -9999 -9999 -9999 -9999 -9999 -9999 -9999 7.93 7.12 6.44 10.25 6.26 6.01 7.54 11.94 8.35 6.86 10.52 5.07 7.41 6.18 6.38 6.19 9.41 11.66 11.28 10.26 9.43 7.07 6.95 6.17 5.55 5.27 5.59 5.55 5.86 5.22 5.01 5.18 8.43 7.03 8.35 9.44 9.43 -9999 -9999 -9999 -9999 -9999 -9999 -9999 -9999 -9999 -9999 -9999 -9999 -9999 -9999 -9999 -9999 -9999 -9999 -9999 -9999 -9999 -9999
-9999 -9999 -9999 -9999 -9999 -9999 -9999 -9999 -9999 -9999 -9999 -9999 -9999 -9999 -9999 -9999 -9999 -9999 -9999 -9999 7.96 6.94 7.78 13.51 14.87 10.26 6.39 7.70 8.52 11.23 6.23 9.75 7.74 6.89 7.82 7.40 5.56 6.38 10.94 10.36 9.31 8.30 7.23 6.62 6.52 6.33 5.75 5.93 5.64 4.99 5.29 5.21 6.10 8.91 8.42 8.67 10.13 10.28 8.69 -9999 -9999 -9999 -9999 -9999 -9999 -9999 -9999 -9999 -9999 -9999 -9999 -9999 -9999 -9999 -9999 -9999 -9999 -9999 -9999
-9999 -9999 -9999 -9999 -9999 -9999 -9999 -9999 -9999 -9999 -9999 -9999 -9999 -9999 -9999 -9999 -9999 -9999 -9999 -9999 8.68 6.87 8.92 10.52 6.11 18.65 14.98 7.21 9.39 6.91 10.98 11.66 7.63 6.10 7.17 7.48 5.26 13.12 11.66 11.27 11.87 12.11 11.03 7.44 8.51 7.05 6.52 6.36 6.07 5.78 5.35 4.50 5.21 7.87 6.75 6.36 7.19 8.81 7.49 10.70 -9999 -9999 -9999 -9999 -9999 -9999 -9999 -9999 -9999 -9999 -9999 -9999 -9999 -9999 -9999 -9999 -9999 -9999 -9999
-9999 -9999 -9999 -9999 -9999 -9999 -9999 -9999 10.96 11.46 12.21 -9999 -9999 -9999 -9999 -9999 -9999 -9999 -9999 -9999 -9999 8.80 7.33 5.90 8.25 10.48 13.69 6.95 3.98 9.22 8.51 7.46 6.11 8.05 8.22 6.68 7.46 10.35 10.66 14.52 13.22 10.79 10.08 10.63 8.91 7.49 6.95 6.52 6.41 5.60 4.95 9.22 8.00 11.22 11.63 10.32 9.04 6.33 9.53 10.28 9.48 -9999 -9999 -9999 -9999 -9999 -9999 -9999 -9999 -9999 -9999 -9999 -9999 -9999 -9999 -9999 -9999 -9999 -9999
-9999 -9999 -9999 -9999 -9999 -9999 -9999 -9999 9.03 9.35 -9999 -9999 -9999 -9999 -9999 -9999 -9999 -9999 -9999 -9999 -9999 -9999 7.61 4.83 9.01 9.58 17.49 8.67 8.62 7.67 5.30 4.31 4.71 4.50 12.96 6.55 7.75 13.06 10.47 7.62 7.03 11.77 7.73 10.73 8.64 7.35 6.70 6.48 5.87 6.21 8.55 9.49 8.47 7.90 7.21 8.33 9.32 8.79 9.25 9.15 11.60 -9999 -9999 -9999 -9999 -9999 -9999 -9999 -9999 -9999 -9999 -9999 -9999 -9999 -9999 -9999 -9999 -9999 -9999
-9999 -9999 -9999 -9999 -9999 -9999 -9999 8.43 11.04 10.83 10.70 -9999 -9999 -9999 -9999 -9999 -9999 -9999 -9999 -9999 -9999 -9999 8.12 9.60 10.18 10.67 8.19 9.44 7.18 6.49 5.25 4.50 6.39 4.80 3.48 12.81 8.42 7.66 11.60 9.63 12.71 9.68 10.11 8.56 8.11 7.48 7.26 6.34 5.68 6.91 8.33 7.40 8.23 9.05 8.35 8.72 8.35 8.64 9.04 7.57 10.85 9.99 -9999 -9999 -9999 -9999 -9999 -9999 -9999 -9999 -9999 -9999 -9999 -9999 -9999 -9999 -9999 -9999 -9999
-9999 -9999 -9999 -9999 -9999 -9999 7.58 11.33 12.88 16.62 10.61 -9999 -9999 -9999 -9999 -9999 -9999 -9999 -9999 -9999 -9999 -9999 9.59 13.79 10.46 6.17 7.76 6.90 7.46 5.44 4.45 5.30 6.41 3.88 10.44 7.51 11.05 8.06 13.15 7.48 9.05 7.12 9.51 7.89 8.16 8.16 6.81 6.54 5.74 5.85 9.16 9.61 9.08 7.69 7.66 7.14 7.06 7.40 9.18 9.23 8.87 9.98 -9999 -9999 -9999 -9999 -9999 -9999 -9999 -9999 -9999 -9999 -9999 -9999 -9999 -9999 -9999 -9999 -9999
-9999 -9999 -9999 -9999 -9999 9.77 8.43 15.11 12.01 11.84 -9999 -9999 -9999 -9999 -9999 -9999 -9999 -9999 -9999 -9999 -9999 -9999 -9999 9.61 7.13 6.30 8.62 5.92 8.13 6.04 5.19 4.78 5.34 3.73 10.28 10.21 11.52 10.94 12.10 12.08 12.09 10.73 10.15 10.30 9.62 7.42 6.95 6.70 6.19 5.90 6.64 11.34 9.91 7.03 6.27 6.20 5.78 5.88 6.03 6.33 6.14 7.35 9.30 10.39 -9999 -9999 -9999 -9999 -9999 -9999 -9999 -9999 -9999 -9999 -9999 -9999 -9999 -9999 -9999
-9999 -9999 -9999 -9999 -9999 12.43 13.64 9.61 10.17 10.91 -9999 -9999 -9999 -9999 -9999 -9999 -9999 -9999 -9999 -9999 -9999 -9999 -9999 -9999 7.90 8.11 7.27 6.27 7.64 6.84 6.61 5.81 6.22 3.84 10.33 9.38 8.44 11.09 9.96 9.13 13.74 13.65 9.83 11.55 10.10 9.31 7.15 6.62 6.55 6.15 6.19 7.15 7.51 6.63 6.42 6.16 6.01 5.65 5.58 5.65 5.87 9.00 9.54 9.48 -9999 -9999 -9999 -9999 -9999 -9999 -9999 -9999 -9999 -9999 -9999 -9999 -9999 -9999 -9999
-9999 -9999 -9999 -9999 -9999 13.39 11.68 12.27 11.37 -9999 -9999 -9999 -9999 -9999 -9999 -9999 -9999 -9999 -9999 -9999 -9999 -9999 -9999 -9999 9.05 8.75 8.04 -9999 8.06 -9999 7.17 5.91 5.00 3.81 4.21 9.80 8.86 9.55 13.34 6.10 7.35 13.44 11.37 10.65 10.29 8.83 7.27 6.65 6.35 6.00 6.10 6.36 7.23 8.20 6.88 7.32 6.11 5.30 6.41 7.74 7.35 6.76 6.88 8.92 11.13 11.99 -9999 -9999 -9999 -9999 -9999 -9999 -9999 -9999 -9999 -9999 -9999 -9999 -9999
-9999 -9999 -9999 -9999 13.40 12.17 11.69 -9999 -9999 -9999 -9999 -9999 -9999 -9999 -9999 -9999 -9999 -9999 -9999 -9999 -9999 -9999 -9999 -9999 10.30 9.09 8.09 -9999 -9999 -9999 7.02 7.37 4.04 5.01 6.52 5.23 5.10 7.24 11.88 11.65 6.26 10.98 12.78 9.74 10.93 9.56 8.16 6.12 6.19 5.97 6.07 6.21 6.48 6.79 6.64 6.89 5.49 6.15 7.45 8.41 8.79 8.59 7.63 7.65 9.09 10.67 -9999 -9999 -9999 -9999 -9999 -9999 -9999 -9999 -9999 -9999 -9999 -9999 -9999
-9999 -9999 -9999 -9999 -9999 -9999 -9999 -9999 -9999 -9999 -9999 -9999 -9999 -9999 -9999 -9999 -9999 -9999 -9999 -9999 -9999 -9999 -9999 -9999 -9999 -9999 -9999 -9999 -9999 8.02 5.89 5.40 7.15 8.23 9.02 8.91 7.18 7.77 10.90 10.55 8.44 6.44 10.06 11.50 9.71 8.64 7.63 6.74 6.47 6.66 6.18 6.04 6.12 6.09 5.91 5.30 6.35 9.34 7.85 8.66 7.90 7.95 6.94 7.69 8.83 -9999 -9999 -9999 -9999 -9999 -9999 -9999 -9999 -9999 -9999 -9999 -9999 -9999 -9999
-9999 -9999 -9999 -9999 -9999 -9999 -9999 -9999 -9999 -9999 -9999 -9999 -9999 -9999 -9999 -9999 -9999 -9999 -9999 -9999 -9999 -9999 -9999 -9999 -9999 -9999 -9999 -9999 -9999 7.31 5.52 6.70 9.49 12.35 11.01 7.79 8.98 6.33 7.01 6.39 8.19 8.85 9.86 10.17 9.71 8.37 7.78 7.29 6.50 6.67 6.04 5.95 5.99 6.05 5.86 5.22 5.98 10.30 9.63 7.90 7.55 7.30 6.94 7.66 8.98 -9999 -9999 -9999 -9999 -9999 -9999 -9999 -9999 -9999 -9999 -9999 -9999 -9999 -9999
-9999 -9999 -9999 -9999 -9999 -9999 -9999 -9999 -9999 -9999 -9999 -9999 -9999 -9999 -9999 -9999 -9999 -9999 -9999 -9999 -9999 -9999 -9999 -9999 -9999 -9999 -9999 -9999 -9999 6.43 4.87 5.28 8.51 9.86 9.36 8.33 7.84 6.95 7.59 6.35 6.29 7.13 5.64 10.01 8.44 9.43 8.03 7.63 6.31 6.00 6.02 5.89 5.94 5.91 5.89 5.64 5.64 8.08 9.19 8.34 7.68 7.60 7.21 7.56 8.37 -9999 -9999 -9999 -9999 -9999 -9999 -9999 -9999 -9999 -9999 -9999 -9999 -9999 -9999
-9999 -9999 -9999 -9999 -9999 -9999 -9999 -9999 -9999 -9999 -9999 -9999 -9999 -9999 -9999 -9999 -9999 -9999 -9999 -9999 -9999 -9999 -9999 -9999 -9999 -9999 -9999 9.49 7.66 5.66 4.61 7.46 9.52 12.53 9.02 10.57 5.55 6.71 6.64 7.81 8.47 8.12 10.10 6.53 6.79 6.78 6.67 6.15 6.93 5.89 5.77 6.05 5.77 5.80 5.97 5.82 5.92 6.56 8.70 8.32 7.69 7.56 7.43 7.18 7.34 8.51 -9999 -9999 -9999 -9999 -9999 -9999 -9999 -9999 -9999 -9999 -9999 -9999 -9999
-9999 -9999 -9999 -9999 -9999 -9999 -9999 -9999 -9999 -9999 -9999 -9999 -9999 -9999 -9999 -9999 -9999 -9999 -9999 -9999 -9999 -9999 -9999 -9999 -9999 -9999 -9999 8.67 6.71 5.55 4.98 5.60 8.87 6.67 6.47 4.77 6.44 9.61 7.10 8.75 8.16 9.41 5.89 9.84 7.54 8.69 8.19 8.09 6.75 6.22 5.82 5.65 5.65 5.79 5.88 5.99 5.98 6.20 7.18 8.65 8.10 7.58 7.57 6.78 6.26 7.68 -9999 -9999 -9999 -9999 -9999 -9999 -9999 -9999 -9999 -9999 -9999 -9999 -9999
-9999 -9999 -9999 -9999 -9999 -9999 -9999 -9999 -9999 -9999 -9999 -9999 -9999 -9999 -9999 -9999 -9999 -9999 -9999 -9999 -9999 -9999 -9999 -9999 -9999 -9999 -9999 8.65 6.57 5.84 5.43 5.81 6.57 6.89 5.87 4.94 6.49 6.89 6.28 8.16 10.58 8.06 7.52 6.10 7.90 6.08 6.67 7.26 7.50 6.49 6.14 5.64 5.61 5.79 5.91 6.02 6.11 6.18 6.76 8.26 9.10 7.98 7.37 6.49 5.57 6.52 8.14 -9999 -9999 -9999 -9999 -9999 -9999 -9999 -9999 -9999 -9999 -9999 -9999
-9999 -9999 -9999 -9999 -9999 -9999 -9999 -9999 -9999 -9999 -9999 -9999 -9999 -9999 -9999 -9999 -9999 -9999 -9999 -9999 -9999 -9999 -9999 -9999 -9999 -9999 -9999 8.36 6.72 6.20 6.14 5.93 5.83 5.60 6.30 7.37 5.03 5.12 6.23 10.81 10.78 11.69 10.10 7.93 7.55 7.97 6.44 5.75 6.81 7.17 6.09 5.66 5.71 5.67 5.88 6.12 6.36 6.38 6.68 8.57 9.88 8.62 7.82 6.92 5.71 5.68 7.12 8.71 -9999 -9999 -9999 -9999 -9999 -9999 -9999 -9999 -9999 -9999 -9999
-9999 -9999 -9999 -9999 -9999 -9999 -9999 -9999 -9999 -9999 -9999 -9999 -9999 -9999 -9999 -9999 -9999 -9999 -9999 -9999 -9999 -9999 -9999 -9999 -9999 -9999 -9999 8.37 6.54 6.07 5.85 5.51 5.06 5.69 5.30 6.43 7.05 8.92 10.37 11.33 8.64 10.35 8.75 8.46 6.89 8.13 7.42 6.53 5.84 5.65 5.83 5.62 5.72 5.84 6.07 6.25 6.57 6.83 7.09 7.74 8.89 8.53 7.77 7.25 6.63 6.06 6.15 7.82 -9999 -9999 -9999 -9999 -9999 -9999 -9999 -9999 -9999 -9999 -9999
-9999 -9999 -9999 -9999 -9999 -9999 -9999 -9999 -9999 -9999 -9999 -9999 -9999 -9999 -9999 -9999 -9999 -9999 -9999 -9999 -9999 -9999 -9999 -9999 -9999 -9999 -9999 -9999 6.58 6.14 5.69 5.01 5.45 7.36 7.48 8.25 7.14 6.93 9.12 8.96 10.38 9.46 7.36 5.74 6.28 6.11 7.31 6.37 6.03 6.55 6.23 5.63 5.90 5.90 6.13 6.21 6.47 6.85 7.21 7.58 7.56 7.72 7.70 7.59 -9999 6.92 7.18 8.14 9.94 -9999 -9999 -9999 -9999 -9999 -9999 -9999 -9999 -9999 -9999
-9999 -9999 -9999 -9999 -9999 -9999 -9999 -9999 -9999 -9999 -9999 -9999 -9999 -9999 -9999 -9999 -9999 -9999 -9999 -9999 -9999 -9999 -9999 -9999 -9999 -9999 -9999 8.12 6.48 5.99 5.25 4.67 4.88 8.97 9.65 7.71 10.47 10.01 8.13 7.82 11.85 9.88 10.11 7.38 5.51 7.43 6.05 5.44 6.12 6.25 5.84 5.99 5.77 5.85 5.98 6.22 6.21 6.38 7.95 7.35 6.80 8.07 7.23 7.24 7.15 -9999 8.13 8.98 10.42 11.58 -9999 -9999 -9999 -9999 -9999 -9999 -9999 -9999 -9999
-9999 -9999 -9999 -9999 -9999 -9999 -9999 -9999 -9999 -9999 -9999 -9999 -9999 -9999 -9999 -9999 -9999 -9999 -9999 -9999 -9999 -9999 -9999 -9999 -9999 -9999 -9999 7.79 6.19 5.78 5.23 6.61 5.72 7.02 10.07 7.05 7.46 7.81 5.92 5.84 9.59 9.00 8.88 5.77 7.62 8.49 6.23 7.19 6.34 6.84 6.54 6.12 5.74 5.77 5.87 5.94 5.87 5.85 6.14 6.64 5.80 6.10 6.73 6.19 6.98 7.48 -9999 -9999 -9999 -9999 -9999 -9999 -9999 -9999 -9999 -9999 -9999 -9999 -9999
-9999 -9999 -9999 -9999 -9999 -9999 -9999 -9999 -9999 -9999 -9999 -9999 -9999 -9999 -9999 -9999 -9999 -9999 -9999 -9999 -9999 -9999 -9999 -9999 -9999 -9999 9.53 7.09 5.90 6.57 6.15 6.28 5.97 7.11 7.46 6.92 6.66 6.20 5.90 6.13 8.75 11.16 11.21 6.96 9.43 8.83 6.45 6.72 5.77 6.36 6.60 5.99 5.60 5.89 5.88 5.84 5.94 5.75 5.94 6.08 5.91 5.74 7.10 6.50 6.42 6.78 8.05 9.44 -9999 -9999 -9999 -9999 -9999 -9999 -9999 -9999 -9999 -9999 -9999
-9999 -9999 -9999 -9999 -9999 -9999 -9999 -9999 -9999 -9999 -9999 -9999 -9999 -9999 -9999 -9999 -9999 -9999 -9999 -9999 -9999 -9999 -9999 -9999 -9999 -9999 -9999 7.24 5.96 5.89 6.32 8.17 6.19 6.06 6.12 6.54 6.81 6.23 5.85 5.56 5.76 9.51 10.72 11.67 9.08 9.41 8.33 7.22 7.49 5.43 5.54 6.43 5.66 5.74 5.69 5.70 5.92 5.75 5.80 6.11 5.77 5.36 5.53 7.81 6.71 6.33 6.80 7.83 9.16 10.66 -9999 -9999 -9999 -9999 -9999 -9999 -9999 -9999 -9999
-9999 -9999 -9999 -9999 -9999 -9999 -9999 -9999 -9999 -9999 -9999 -9999 -9999 -9999 -9999 -9999 -9999 -9999 -9999 -9999 -9999 -9999 -9999 -9999 -9999 -9999 -9999 7.17 6.37 5.90 6.12 6.40 6.54 6.27 5.86 6.03 5.71 5.47 5.46 5.46 6.07 5.54 10.17 12.65 13.16 10.73 9.07 8.21 6.73 6.83 5.87 6.90 5.85 5.86 5.69 5.70 5.74 5.71 6.00 6.04 5.76 5.26 5.72 7.73 7.14 7.31 6.24 6.48 7.63 9.23 -9999 -9999 -9999 -9999 -9999 -9999 -9999 -9999 -9999
-9999 -9999 -9999 -9999 -9999 -9999 -9999 12.33 11.37 11.85 13.08 -9999 -9999 -9999 -9999 -9999 -9999 -9999 -9999 -9999 -9999 -9999 -9999 -9999 -9999 -9999 7.77 6.55 6.83 6.19 7.03 6.62 6.05 5.92 5.98 5.82 5.81 5.59 5.51 5.32 5.13 8.12 10.77 10.95 8.84 11.75 10.59 7.26 7.09 5.12 7.70 7.56 6.10 5.98 5.76 5.70 5.71 5.68 5.86 6.22 5.99 5.33 5.42 5.96 7.74 7.56 7.95 6.28 6.29 7.88 9.74 -9999 -9999 -9999 -9999 -9999 -9999 -9999 -9999
-9999 -9999 -9999 -9999 -9999 -9999 -9999 11.41 10.35 10.23 10.97 -9999 -9999 -9999 -9999 -9999 -9999 -9999 -9999 -9999 -9999 -9999 -9999 -9999 -9999 7.77 7.33 6.46 6.78 7.78 6.56 6.51 5.65 5.68 5.94 5.79 5.98 6.04 5.27 4.74 4.66 6.45 12.38 12.56 8.67 10.28 9.57 9.05 6.13 5.18 6.83 7.31 6.41 5.56 5.49 5.63 6.01 5.82 5.76 5.94 6.29 5.69 5.63 5.74 7.48 7.54 7.46 6.46 6.33 6.97 8.89 -9999 -9999 -9999 -9999 -9999 -9999 -9999 -9999
-9999 -9999 -9999 -9999 -9999 14.88 11.46 9.57 9.65 9.39 10.53 10.33 11.62 12.44 -9999 -9999 11.92 9.91 -9999 -9999 -9999 7.86 8.99 8.17 -9999 5.73 7.44 6.68 6.35 6.86 6.31 6.50 6.45 7.03 6.64 6.65 5.80 6.10 5.35 5.23 8.40 5.79 8.19 10.95 6.11 7.85 12.42 6.97 8.47 6.20 6.72 6.81 6.18 5.84 5.76 5.74 5.98 5.58 5.76 5.70 6.42 5.70 5.61 5.81 6.33 7.06 8.01 7.55 6.46 6.42 8.03 10.12 -9999 -9999 -9999 -9999 -9999 -9999 -9999
-9999 -9999 -9999 -9999 -9999 -9999 11.98 10.19 9.32 8.79 9.05 10.23 11.73 9.32 -9999 8.37 9.29 9.91 8.39 9.09 5.88 5.02 9.04 8.92 7.45 -9999 5.28 6.85 6.78 6.09 6.05 6.71 6.07 5.98 6.05 5.96 6.14 5.75 5.91 5.53 8.66 9.16 8.95 9.53 8.68 10.55 10.66 8.71 6.41 5.78 7.39 7.28 5.84 6.25 5.75 6.14 6.18 5.67 5.68 5.62 6.46 5.84 5.75 5.89 5.83 6.64 7.40 8.12 7.27 6.58 7.36 9.34 -9999 -9999 -9999 -9999 -9999 -9999 -9999
