ML/MeanWindSpeed_1992-01_Actual.txt
ncols         180
nrows         290
xllcorner     -200000
yllcorner     -200000
cellsize      5000
NODATA_value  -9999
[rows 140 to 174 of 290, columns 79 to 157 of 180]
-9999 -9999 11.73 -9999 -9999 -9999 10.02 10.10 9.13 9.26 9.91 -9999 -9999 9.65 8.28 10.54 11.56 -9999 -9999 -9999 -9999 -9999 9.65 8.67 6.71 6.98 7.34 7.91 7.33 7.49 6.50 3.72 5.63 9.19 11.30 8.94 10.53 11.33 11.54 9.66 10.33 10.72 9.78 8.30 8.61 8.58 6.16 7.20 9.26 9.93 -9999 -9999 -9999 -9999 -9999 -9999 -9999 -9999 -9999 -9999 -9999 -9999 -9999 -9999 -9999 -9999 -9999 -9999 -9999 -9999 -9999 -9999 -9999 -9999 -9999 -9999 -9999 -9999 -9999
-9999 -9999 11.70 11.70 -9999 -9999 -9999 10.05 10.56 10.38 10.73 -9999 -9999 -9999 -9999 10.68 -9999 -9999 -9999 -9999 -9999 -9999 8.39 7.35 6.34 7.31 9.30 9.53 8.22 8.04 6.86 4.68 4.09 7.35 9.67 7.64 12.06 11.51 12.51 10.13 10.53 11.78 9.78 8.63 8.33 6.99 5.93 7.07 8.80 9.23 -9999 -9999 -9999 -9999 -9999 -9999 -9999 -9999 -9999 -9999 -9999 -9999 -9999 -9999 -9999 -9999 -9999 -9999 -9999 -9999 -9999 -9999 -9999 -9999 -9999 -9999 -9999 -9999 -9999
-9999 -9999 -9999 12.69 -9999 -9999 -9999 -9999 10.62 11.49 11.31 -9999 -9999 -9999 -9999 -9999 -9999 -9999 -9999 -9999 -9999 9.10 7.86 7.53 7.24 7.53 9.69 9.79 9.05 8.85 7.96 6.37 3.51 4.43 10.16 11.83 12.13 11.70 9.62 8.90 9.60 8.58 7.10 9.15 9.34 6.76 6.21 7.18 8.03 8.13 8.13 -9999 -9999 -9999 -9999 -9999 -9999 -9999 -9999 -9999 -9999 -9999 -9999 -9999 -9999 -9999 -9999 -9999 -9999 -9999 -9999 -9999 -9999 -9999 -9999 -9999 -9999 -9999 -9999
-9999 -9999 -9999 13.64 -9999 -9999 -9999 -9999 -9999 -9999 -9999 -9999 -9999 -9999 -9999 -9999 -9999 -9999 -9999 -9999 -9999 9.33 7.77 6.53 5.29 4.35 10.85 10.02 9.56 10.76 8.63 8.75 3.50 2.35 7.54 12.24 10.60 9.21 12.32 13.88 12.91 11.30 10.30 7.08 7.60 7.45 8.01 7.23 6.84 7.12 7.45 7.87 -9999 -9999 -9999 -9999 -9999 -9999 -9999 -9999 -9999 -9999 -9999 -9999 -9999 -9999 -9999 -9999 -9999 -9999 -9999 -9999 -9999 -9999 -9999 -9999 -9999 -9999 -9999
-9999 -9999 -9999 -9999 -9999 -9999 -9999 -9999 -9999 -9999 -9999 -9999 -9999 -9999 -9999 -9999 -9999 -9999 -9999 -9999 9.47 8.52 6.96 6.09 8.48 4.50 14.90 15.30 9.41 9.91 9.43 8.19 7.20 3.01 3.37 11.21 11.72 10.71 9.72 9.00 11.17 10.92 10.11 8.43 7.56 7.43 7.03 6.65 6.65 5.81 5.80 6.83 -9999 -9999 -9999 -9999 -9999 -9999 -9999 -9999 -9999 -9999 -9999 -9999 -9999 -9999 -9999 -9999 -9999 -9999 -9999 -9999 -9999 -9999 -9999 -9999 -9999 -9999 -9999
-9999 -9999 -9999 -9999 -9999 -9999 -9999 -9999 -9999 -9999 -9999 -9999 -9999 -9999 -9999 -9999 -9999 -9999 -9999 -9999 8.02 8.25 5.78 8.53 15.20 8.18 5.37 10.91 11.85 10.24 10.45 9.48 8.36 5.65 3.79 4.69 12.23 11.42 11.43 9.75 9.73 9.91 8.34 7.96 7.96 8.44 6.93 7.25 6.05 5.48 4.97 5.50 6.70 7.95 8.61 -9999 -9999 -9999 -9999 -9999 -9999 -9999 -9999 -9999 -9999 -9999 -9999 -9999 -9999 -9999 -9999 -9999 -9999 -9999 -9999 -9999 -9999 -9999 -9999
-9999 -9999 -9999 -9999 -9999 -9999 -9999 -9999 -9999 -9999 -9999 -9999 -9999 -9999 -9999 -9999 -9999 -9999 -9999 -9999 7.48 6.70 6.28 10.15 7.63 6.79 7.83 11.12 8.60 8.82 12.43 8.36 9.86 7.82 5.96 4.74 7.38 10.36 11.11 10.91 10.61 9.02 8.93 8.18 7.48 6.97 6.90 6.52 6.22 5.06 4.40 4.39 7.37 6.94 8.43 9.80 10.16 -9999 -9999 -9999 -9999 -9999 -9999 -9999 -9999 -9999 -9999 -9999 -9999 -9999 -9999 -9999 -9999 -9999 -9999 -9999 -9999 -9999 -9999
-9999 -9999 -9999 -9999 -9999 -9999 -9999 -9999 -9999 -9999 -9999 -9999 -9999 -9999 -9999 -9999 -9999 -9999 -9999 -9999 7.25 5.65 6.33 11.26 12.89 9.84 6.75 6.82 7.34 10.92 7.95 11.18 9.65 9.03 8.80 7.09 5.17 6.48 10.57 10.85 10.44 9.78 9.00 8.49 8.12 7.59 6.88 6.78 6.17 5.25 5.16 4.91 5.97 8.72 8.65 9.36 10.86 11.14 10.11 -9999 -9999 -9999 -9999 -9999 -9999 -9999 -9999 -9999 -9999 -9999 -9999 -9999 -9999 -9999 -9999 -9999 -9999 -9999 -9999
-9999 -9999 -9999 -9999 -9999 -9999 -9999 -9999 -9999 -9999 -9999 -9999 -9999 -9999 -9999 -9999 -9999 -9999 -9999 -9999 8.14 5.97 7.03 8.43 5.65 16.87 13.89 6.53 8.00 6.69 10.87 11.90 8.95 8.09 8.37 7.50 5.40 11.86 10.94 10.88 11.86 12.38 11.71 8.85 9.61 8.06 7.39 7.08 6.69 6.31 5.92 5.00 5.67 8.06 7.48 7.56 8.35 9.82 9.20 11.69 -9999 -9999 -9999 -9999 -9999 -9999 -9999 -9999 -9999 -9999 -9999 -9999 -9999 -9999 -9999 -9999 -9999 -9999 -9999
-9999 -9999 -9999 -9999 -9999 -9999 -9999 -9999 11.68 12.16 12.21 -9999 -9999 -9999 -9999 -9999 -9999 -9999 -9999 -9999 -9999 8.45 6.62 5.41 7.74 10.13 12.98 7.10 4.51 8.74 8.45 7.92 6.94 8.41 8.15 6.60 7.52 9.48 9.91 13.35 12.60 10.96 10.60 11.21 9.76 8.36 7.69 7.16 6.76 5.87 5.44 8.64 7.55 10.22 10.84 10.06 9.06 7.20 10.31 11.14 10.36 -9999 -9999 -9999 -9999 -9999 -9999 -9999 -9999 -9999 -9999 -9999 -9999 -9999 -9999 -9999 -9999 -9999 -9999
-9999 -9999 -9999 -9999 -9999 -9999 -9999 -9999 10.90 10.87 -9999 -9999 -9999 -9999 -9999 -9999 -9999 -9999 -9999 -9999 -9999 -9999 7.01 5.01 8.26 8.87 15.77 8.82 8.81 8.07 5.89 4.92 5.34 5.09 11.67 6.50 7.71 11.99 9.71 7.69 7.42 11.42 8.51 11.16 9.50 8.32 7.57 7.06 5.95 5.88 8.00 8.85 7.85 7.24 6.76 7.85 8.72 8.65 9.56 9.96 11.92 -9999 -9999 -9999 -9999 -9999 -9999 -9999 -9999 -9999 -9999 -9999 -9999 -9999 -9999 -9999 -9999 -9999 -9999
-9999 -9999 -9999 -9999 -9999 -9999 -9999 8.96 11.73 11.40 10.76 -9999 -9999 -9999 -9999 -9999 -9999 -9999 -9999 -9999 -9999 -9999 7.32 9.15 9.36 10.02 8.48 9.50 8.02 7.29 5.84 5.39 6.87 5.26 4.55 12.17 8.55 8.01 11.35 9.91 12.71 10.43 11.06 9.90 9.32 8.63 8.18 7.05 5.73 6.27 7.65 7.20 7.92 8.33 7.66 7.93 7.68 8.21 8.89 8.11 10.94 10.37 -9999 -9999 -9999 -9999 -9999 -9999 -9999 -9999 -9999 -9999 -9999 -9999 -9999 -9999 -9999 -9999 -9999
-9999 -9999 -9999 -9999 -9999 -9999 7.36 10.42 12.26 15.48 10.61 -9999 -9999 -9999 -9999 -9999 -9999 -9999 -9999 -9999 -9999 -9999 8.96 12.65 9.74 6.69 8.07 7.34 8.16 6.42 5.30 5.99 6.50 4.16 9.63 7.70 10.56 8.38 12.90 8.55 10.04 8.83 10.77 9.51 9.61 9.34 7.97 7.40 5.86 5.29 8.11 8.88 8.87 7.72 7.53 7.00 6.74 7.10 8.86 9.30 9.36 10.50 -9999 -9999 -9999 -9999 -9999 -9999 -9999 -9999 -9999 -9999 -9999 -9999 -9999 -9999 -9999 -9999 -9999
-9999 -9999 -9999 -9999 -9999 9.18 8.04 13.56 11.49 11.38 -9999 -9999 -9999 -9999 -9999 -9999 -9999 -9999 -9999 -9999 -9999 -9999 -9999 9.28 7.04 6.94 8.68 6.61 8.61 6.78 5.94 5.53 4.97 3.42 8.94 9.23 10.30 10.23 11.54 11.49 11.64 11.31 11.06 11.21 10.82 8.77 8.04 7.34 6.05 5.30 5.97 10.27 9.65 7.51 6.91 6.81 6.31 6.44 6.90 7.29 7.24 8.38 9.93 10.83 -9999 -9999 -9999 -9999 -9999 -9999 -9999 -9999 -9999 -9999 -9999 -9999 -9999 -9999 -9999
-9999 -9999 -9999 -9999 -9999 11.17 12.21 9.11 9.76 10.52 -9999 -9999 -9999 -9999 -9999 -9999 -9999 -9999 -9999 -9999 -9999 -9999 -9999 -9999 7.89 8.50 7.75 7.03 8.19 7.39 7.25 6.65 6.31 3.86 9.24 8.38 7.32 10.01 9.57 8.66 12.45 12.95 10.45 11.95 10.89 10.16 8.00 7.09 6.54 5.89 5.80 6.88 7.56 7.08 7.11 6.97 6.83 6.58 6.64 6.61 6.81 9.40 9.87 9.92 -9999 -9999 -9999 -9999 -9999 -9999 -9999 -9999 -9999 -9999 -9999 -9999 -9999 -9999 -9999
-9999 -9999 -9999 -9999 -9999 12.00 10.74 11.28 10.65 -9999 -9999 -9999 -9999 -9999 -9999 -9999 -9999 -9999 -9999 -9999 -9999 -9999 -9999 -9999 9.19 9.05 8.47 -9999 8.56 -9999 7.88 7.26 6.65 5.19 5.21 9.15 7.69 8.64 11.89 5.64 6.98 12.22 11.01 10.98 10.71 9.47 7.98 7.33 7.06 6.49 6.17 6.33 7.20 8.18 7.34 7.73 6.79 6.33 7.19 8.10 7.83 7.25 7.32 9.18 11.15 11.99 -9999 -9999 -9999 -9999 -9999 -9999 -9999 -9999 -9999 -9999 -9999 -9999 -9999
-9999 -9999 -9999 -9999 12.36 11.27 10.86 -9999 -9999 -9999 -9999 -9999 -9999 -9999 -9999 -9999 -9999 -9999 -9999 -9999 -9999 -9999 -9999 -9999 10.39 9.40 8.58 -9999 -9999 -9999 7.51 8.22 6.00 6.91 7.82 5.83 4.87 6.59 10.46 10.00 5.92 10.16 11.94 10.05 11.03 10.01 8.79 7.03 7.00 6.69 6.55 6.56 6.75 7.09 7.05 7.10 5.99 6.94 7.94 8.42 8.64 8.44 7.78 8.09 9.53 11.03 -9999 -9999 -9999 -9999 -9999 -9999 -9999 -9999 -9999 -9999 -9999 -9999 -9999
-9999 -9999 -9999 -9999 -9999 -9999 -9999 -9999 -9999 -9999 -9999 -9999 -9999 -9999 -9999 -9999 -9999 -9999 -9999 -9999 -9999 -9999 -9999 -9999 -9999 -9999 -9999 -9999 -9999 8.00 5.76 5.67 7.61 8.78 9.38 8.84 6.92 7.27 9.75 9.50 7.70 6.28 9.66 11.24 10.00 9.32 8.45 7.53 7.19 7.26 6.83 6.70 6.75 6.71 6.35 5.50 6.39 9.18 8.07 8.52 7.76 7.78 7.18 8.12 9.40 -9999 -9999 -9999 -9999 -9999 -9999 -9999 -9999 -9999 -9999 -9999 -9999 -9999 -9999
-9999 -9999 -9999 -9999 -9999 -9999 -9999 -9999 -9999 -9999 -9999 -9999 -9999 -9999 -9999 -9999 -9999 -9999 -9999 -9999 -9999 -9999 -9999 -9999 -9999 -9999 -9999 -9999 -9999 7.24 5.16 6.25 9.31 11.73 10.62 8.20 8.92 6.86 7.02 6.57 7.99 8.24 9.53 10.11 9.73 8.82 8.35 7.93 7.31 7.42 6.93 6.91 6.93 6.93 6.46 5.39 5.93 9.62 9.29 7.82 7.32 7.05 6.97 8.03 9.67 -9999 -9999 -9999 -9999 -9999 -9999 -9999 -9999 -9999 -9999 -9999 -9999 -9999 -9999
-9999 -9999 -9999 -9999 -9999 -9999 -9999 -9999 -9999 -9999 -9999 -9999 -9999 -9999 -9999 -9999 -9999 -9999 -9999 -9999 -9999 -9999 -9999 -9999 -9999 -9999 -9999 -9999 -9999 6.64 4.68 5.04 8.16 9.48 9.10 8.35 8.40 7.97 8.09 7.09 7.22 7.46 6.32 9.89 8.63 9.63 8.70 8.48 7.46 7.20 7.22 7.14 7.16 7.07 6.80 6.05 5.69 7.58 8.65 8.07 7.33 7.07 6.89 7.84 9.39 -9999 -9999 -9999 -9999 -9999 -9999 -9999 -9999 -9999 -9999 -9999 -9999 -9999 -9999
-9999 -9999 -9999 -9999 -9999 -9999 -9999 -9999 -9999 -9999 -9999 -9999 -9999 -9999 -9999 -9999 -9999 -9999 -9999 -9999 -9999 -9999 -9999 -9999 -9999 -9999 -9999 9.76 8.19 6.04 4.40 6.82 8.86 11.34 8.76 9.90 6.34 7.34 7.34 8.83 9.38 8.75 10.20 7.18 7.50 7.64 7.62 7.40 8.18 7.43 7.33 7.51 7.25 7.19 7.12 6.60 6.16 6.33 8.07 8.01 7.42 6.99 6.85 7.40 8.83 10.24 -9999 -9999 -9999 -9999 -9999 -9999 -9999 -9999 -9999 -9999 -9999 -9999 -9999
-9999 -9999 -9999 -9999 -9999 -9999 -9999 -9999 -9999 -9999 -9999 -9999 -9999 -9999 -9999 -9999 -9999 -9999 -9999 -9999 -9999 -9999 -9999 -9999 -9999 -9999 -9999 9.04 7.44 6.23 5.38 5.72 8.41 6.94 6.69 5.08 6.75 9.34 7.57 9.73 9.25 10.12 7.38 10.23 8.26 9.13 8.63 8.75 8.02 7.84 7.52 7.28 7.24 7.28 7.19 6.98 6.45 6.06 6.69 8.11 7.76 7.02 6.89 7.06 8.16 9.65 -9999 -9999 -9999 -9999 -9999 -9999 -9999 -9999 -9999 -9999 -9999 -9999 -9999
-9999 -9999 -9999 -9999 -9999 -9999 -9999 -9999 -9999 -9999 -9999 -9999 -9999 -9999 -9999 -9999 -9999 -9999 -9999 -9999 -9999 -9999 -9999 -9999 -9999 -9999 -9999 8.96 7.26 6.55 6.02 6.19 6.80 7.40 6.48 5.80 7.31 7.33 6.80 8.65 10.82 8.99 8.56 7.25 8.64 7.16 7.65 8.16 8.52 7.98 7.75 7.28 7.24 7.32 7.25 7.09 6.72 6.10 6.25 7.58 8.36 7.32 6.85 7.03 7.56 8.66 10.02 -9999 -9999 -9999 -9999 -9999 -9999 -9999 -9999 -9999 -9999 -9999 -9999
-9999 -9999 -9999 -9999 -9999 -9999 -9999 -9999 -9999 -9999 -9999 -9999 -9999 -9999 -9999 -9999 -9999 -9999 -9999 -9999 -9999 -9999 -9999 -9999 -9999 -9999 -9999 8.69 7.35 6.88 6.77 6.52 6.43 6.64 7.38 8.27 6.07 5.67 6.80 10.36 10.49 11.47 10.15 8.41 8.28 8.73 7.54 6.96 7.94 8.49 7.73 7.32 7.31 7.19 7.21 7.18 7.05 6.51 6.37 7.91 9.02 8.10 7.63 7.65 7.51 7.82 9.09 10.37 -9999 -9999 -9999 -9999 -9999 -9999 -9999 -9999 -9999 -9999 -9999
-9999 -9999 -9999 -9999 -9999 -9999 -9999 -9999 -9999 -9999 -9999 -9999 -9999 -9999 -9999 -9999 -9999 -9999 -9999 -9999 -9999 -9999 -9999 -9999 -9999 -9999 -9999 8.76 7.25 6.82 6.53 6.11 5.70 6.65 6.51 7.02 7.14 8.75 10.14 10.79 9.14 10.76 9.39 8.98 7.75 8.98 8.48 7.68 7.25 7.29 7.49 7.28 7.25 7.24 7.28 7.26 7.32 7.23 7.21 7.64 8.57 8.50 8.10 8.10 8.08 7.90 8.09 9.47 -9999 -9999 -9999 -9999 -9999 -9999 -9999 -9999 -9999 -9999 -9999
-9999 -9999 -9999 -9999 -9999 -9999 -9999 -9999 -9999 -9999 -9999 -9999 -9999 -9999 -9999 -9999 -9999 -9999 -9999 -9999 -9999 -9999 -9999 -9999 -9999 -9999 -9999 -9999 7.32 6.91 6.37 5.52 5.69 7.39 7.60 7.88 6.66 6.66 8.48 8.69 10.75 10.46 8.76 7.19 7.63 7.68 8.57 7.66 7.40 7.93 7.71 7.17 7.22 7.12 7.20 7.16 7.22 7.42 7.65 7.81 7.73 8.07 8.35 8.51 -9999 8.41 8.72 9.54 10.98 -9999 -9999 -9999 -9999 -9999 -9999 -9999 -9999 -9999 -9999
-9999 -9999 -9999 -9999 -9999 -9999 -9999 -9999 -9999 -9999 -9999 -9999 -9999 -9999 -9999 -9999 -9999 -9999 -9999 -9999 -9999 -9999 -9999 -9999 -9999 -9999 -9999 8.59 7.30 6.88 6.14 5.11 4.78 8.25 9.00 7.19 9.21 8.93 7.19 7.40 11.50 10.84 11.44 8.92 7.49 9.01 7.58 6.91 7.38 7.51 7.29 7.32 6.92 6.89 6.92 7.06 6.94 7.04 8.31 7.76 7.30 8.45 8.10 8.42 8.47 -9999 9.36 10.07 11.23 12.12 -9999 -9999 -9999 -9999 -9999 -9999 -9999 -9999 -9999
-9999 -9999 -9999 -9999 -9999 -9999 -9999 -9999 -9999 -9999 -9999 -9999 -9999 -9999 -9999 -9999 -9999 -9999 -9999 -9999 -9999 -9999 -9999 -9999 -9999 -9999 -9999 8.28 6.96 6.58 6.10 6.87 5.76 6.83 9.35 6.90 7.14 7.26 5.27 5.39 9.21 10.00 10.45 7.96 9.50 10.01 7.95 8.46 7.59 7.86 7.67 7.26 6.73 6.65 6.67 6.74 6.64 6.63 6.97 7.39 6.67 6.95 7.72 7.69 8.47 8.82 -9999 -9999 -9999 -9999 -9999 -9999 -9999 -9999 -9999 -9999 -9999 -9999 -9999
-9999 -9999 -9999 -9999 -9999 -9999 -9999 -9999 -9999 -9999 -9999 -9999 -9999 -9999 -9999 -9999 -9999 -9999 -9999 -9999 -9999 -9999 -9999 -9999 -9999 -9999 9.72 7.66 6.63 7.15 6.89 6.86 6.34 7.10 7.28 6.83 6.52 5.83 5.35 5.36 7.67 10.68 11.66 8.99 11.18 10.60 8.38 8.28 7.18 7.43 7.66 7.14 6.56 6.65 6.60 6.58 6.69 6.56 6.88 7.16 6.92 6.65 7.97 7.97 8.09 8.34 9.29 10.25 -9999 -9999 -9999 -9999 -9999 -9999 -9999 -9999 -9999 -9999 -9999
-9999 -9999 -9999 -9999 -9999 -9999 -9999 -9999 -9999 -9999 -9999 -9999 -9999 -9999 -9999 -9999 -9999 -9999 -9999 -9999 -9999 -9999 -9999 -9999 -9999 -9999 -9999 7.89 6.78 6.64 7.09 8.52 6.72 6.42 6.36 6.67 6.79 6.09 5.45 4.77 4.99 8.69 10.92 12.44 10.55 10.94 9.82 8.68 8.51 6.69 6.90 7.56 6.63 6.51 6.41 6.46 6.69 6.62 6.87 7.36 7.03 6.38 6.58 8.81 8.26 8.08 8.39 8.98 9.95 11.12 -9999 -9999 -9999 -9999 -9999 -9999 -9999 -9999 -9999
-9999 -9999 -9999 -9999 -9999 -9999 -9999 -9999 -9999 -9999 -9999 -9999 -9999 -9999 -9999 -9999 -9999 -9999 -9999 -9999 -9999 -9999 -9999 -9999 -9999 -9999 -9999 7.97 7.21 6.75 6.91 7.12 7.14 6.86 6.43 6.48 6.09 5.75 5.43 5.08 5.42 5.30 10.01 12.44 13.05 11.67 10.49 9.41 7.97 7.77 7.11 7.89 6.76 6.61 6.42 6.49 6.59 6.67 7.16 7.42 7.19 6.40 6.69 8.47 8.39 8.86 7.98 7.95 8.70 9.91 -9999 -9999 -9999 -9999 -9999 -9999 -9999 -9999 -9999
-9999 -9999 -9999 -9999 -9999 -9999 -9999 10.58 10.04 10.67 11.76 -9999 -9999 -9999 -9999 -9999 -9999 -9999 -9999 -9999 -9999 -9999 -9999 -9999 -9999 -9999 8.68 7.58 7.59 7.04 7.71 7.36 6.91 6.78 6.70 6.42 6.28 5.98 5.60 5.27 4.71 7.19 10.12 10.62 9.32 12.29 11.80 8.83 8.31 6.42 8.53 8.40 6.98 6.73 6.50 6.56 6.67 6.74 7.14 7.68 7.54 6.70 6.52 6.90 8.56 8.83 9.30 7.90 7.69 8.80 10.24 -9999 -9999 -9999 -9999 -9999 -9999 -9999 -9999
-9999 -9999 -9999 -9999 -9999 -9999 -9999 9.58 8.93 9.15 9.91 -9999 -9999 -9999 -9999 -9999 -9999 -9999 -9999 -9999 -9999 -9999 -9999 -9999 -9999 8.79 8.29 7.60 7.78 8.46 7.48 7.45 6.58 6.48 6.53 6.30 6.41 6.39 5.52 4.91 4.84 6.57 11.76 11.93 9.08 10.92 10.69 10.17 7.45 6.45 7.93 8.27 7.34 6.51 6.39 6.64 7.08 7.02 7.15 7.50 7.88 7.22 6.80 6.67 8.16 8.55 8.82 8.07 7.78 8.12 9.53 -9999 -9999 -9999 -9999 -9999 -9999 -9999 -9999
-9999 -9999 -9999 -9999 -9999 12.52 9.59 7.99 8.15 8.13 9.21 9.35 10.60 11.57 -9999 -9999 12.16 11.25 -9999 -9999 -9999 9.38 10.58 10.25 -9999 7.53 8.49 7.84 7.58 7.86 7.30 7.48 7.25 7.48 6.98 6.87 6.19 6.26 5.46 5.60 8.44 6.72 8.72 10.72 6.78 8.42 12.56 8.41 9.21 7.27 7.91 7.92 7.26 6.87 6.79 6.96 7.24 6.98 7.21 7.32 7.99 7.31 6.91 6.81 7.17 7.90 9.02 8.83 7.86 7.74 8.86 10.42 -9999 -9999 -9999 -9999 -9999 -9999 -9999
-9999 -9999 -9999 -9999 -9999 -9999 10.02 8.49 7.83 7.39 7.73 9.18 10.75 9.35 -9999 9.93 9.54 10.85 10.50 11.27 8.30 6.96 10.08 10.71 9.77 -9999 6.99 8.06 7.86 7.18 7.15 7.78 7.21 6.79 6.55 6.31 6.33 5.76 5.48 5.50 8.63 9.41 9.18 9.82 9.02 10.44 11.13 10.02 7.71 7.09 8.60 8.40 7.16 7.41 7.07 7.53 7.52 7.11 7.15 7.24 8.07 7.49 7.11 6.98 6.74 7.43 8.34 9.11 8.42 7.76 8.26 9.76 -9999 -9999 -9999 -9999 -9999 -9999 -9999
