ML/MeanWindSpeed_1995-08_Actual.txt
ncols         180
nrows         290
xllcorner     -200000
yllcorner     -200000
cellsize      5000
NODATA_value  -9999
[rows 210 to 244 of 290, columns 79 to 157 of 180]
8.71 8.04 9.17 9.29 -9999 -9999 -9999 -9999 -9999 -9999 -9999 6.20 6.24 7.00 6.62 6.32 6.03 6.91 8.20 9.65 9.50 8.53 7.80 7.48 7.17 9.10 8.96 6.51 5.71 7.73 8.14 8.99 7.39 6.84 6.36 5.93 6.52 7.07 7.29 7.60 7.45 7.19 6.92 6.61 6.30 6.17 6.00 6.27 6.04 6.10 6.14 6.13 6.10 5.73 5.92 6.68 6.77 6.52 7.30 6.54 5.55 5.32 5.11 5.44 6.09 6.62 6.60 6.34 6.32 6.98 6.57 6.78 7.29 7.03 7.06 7.07 6.74 6.61 6.85
9.08 -9999 -9999 -9999 -9999 -9999 -9999 -9999 -9999 8.51 7.65 7.45 8.26 8.21 7.48 6.71 6.70 6.65 8.19 9.23 8.92 6.94 6.93 8.69 8.22 8.48 7.33 6.31 6.15 7.70 8.16 8.12 7.18 6.78 6.41 5.63 7.39 7.78 7.38 7.59 7.43 7.27 7.02 6.67 6.64 6.24 6.22 5.92 5.92 5.99 6.13 6.01 5.94 5.53 6.25 7.26 6.87 7.20 6.34 6.47 5.81 5.54 6.33 6.33 6.43 6.88 6.59 6.21 6.26 6.39 6.71 7.03 6.80 7.16 7.06 6.70 6.65 7.28 7.03
-9999 -9999 -9999 -9999 -9999 -9999 -9999 -9999 -9999 9.36 8.97 8.10 9.01 9.51 -9999 -9999 7.29 8.67 6.65 7.68 7.42 7.31 7.65 8.52 7.37 7.37 7.48 7.16 7.62 8.05 8.13 7.60 7.06 7.08 6.10 6.37 7.74 7.46 7.34 7.30 7.35 7.54 7.30 6.81 6.49 6.01 5.98 6.21 6.45 6.34 6.64 5.96 5.54 6.01 7.37 6.74 6.98 6.70 5.89 6.46 6.22 6.30 6.48 6.45 6.32 6.38 7.05 6.42 6.38 6.43 6.48 6.62 6.56 6.46 7.20 6.91 7.24 7.82 7.88
-9999 -9999 -9999 -9999 -9999 -9999 -9999 -9999 -9999 -9999 -9999 -9999 -9999 -9999 -9999 -9999 8.47 8.03 7.74 7.35 6.80 6.66 6.87 7.50 7.52 7.86 8.11 8.34 8.78 8.73 -9999 7.43 6.95 6.47 6.12 6.53 7.66 7.53 7.63 7.36 7.02 6.94 7.24 6.66 6.43 6.77 6.73 6.51 6.89 7.32 6.71 6.44 6.16 6.40 7.23 6.76 6.79 6.63 6.14 6.03 6.08 6.40 6.63 6.42 6.22 6.34 6.41 6.28 6.28 6.32 6.37 6.47 6.63 6.79 7.02 7.02 7.33 7.69 -9999
-9999 -9999 -9999 -9999 -9999 -9999 -9999 -9999 -9999 -9999 -9999 -9999 -9999 -9999 -9999 -9999 -9999 8.68 7.83 7.15 7.13 7.42 6.95 7.12 7.58 8.33 -9999 -9999 -9999 -9999 7.94 7.10 6.68 6.20 6.10 6.62 7.69 7.56 7.73 7.33 6.75 7.05 6.84 7.32 6.90 7.63 6.96 7.02 6.80 6.97 6.86 6.47 6.77 6.06 6.56 6.76 6.06 6.10 5.85 5.81 5.88 5.86 5.92 6.07 5.89 5.93 5.97 5.95 5.91 6.61 6.80 6.33 6.42 6.60 6.75 6.99 7.67 8.48 8.46
-9999 -9999 -9999 -9999 -9999 -9999 -9999 -9999 -9999 -9999 -9999 -9999 -9999 -9999 -9999 -9999 -9999 -9999 8.45 8.68 7.98 7.46 7.77 8.02 8.53 -9999 -9999 -9999 -9999 8.19 7.80 7.49 6.01 5.76 5.88 7.27 7.88 7.83 7.56 6.95 6.79 6.69 7.38 7.92 7.30 7.30 7.03 7.10 6.95 6.46 6.67 6.65 6.39 6.35 6.41 6.22 5.82 5.80 6.01 6.20 6.33 5.83 5.85 5.84 5.70 5.92 5.89 5.97 5.73 6.16 6.19 6.19 6.68 6.36 6.86 7.05 7.49 7.33 7.62
-9999 -9999 -9999 -9999 -9999 -9999 -9999 -9999 -9999 -9999 -9999 -9999 -9999 -9999 -9999 -9999 -9999 -9999 -9999 9.06 8.91 8.50 8.76 8.62 9.33 -9999 -9999 -9999 7.84 6.55 6.17 7.03 6.90 6.47 5.98 6.91 6.87 7.73 7.30 6.43 6.93 7.42 7.41 7.20 7.51 7.11 6.87 6.73 6.42 6.33 6.26 6.31 6.51 6.31 5.99 5.84 5.74 5.74 6.11 6.06 6.20 6.05 5.78 5.76 5.58 5.52 5.47 5.64 5.62 5.80 5.77 6.16 6.42 6.71 6.67 6.31 7.22 6.62 7.05
-9999 -9999 -9999 -9999 -9999 -9999 -9999 -9999 -9999 -9999 -9999 -9999 -9999 -9999 -9999 -9999 -9999 -9999 -9999 -9999 -9999 -9999 -9999 -9999 -9999 -9999 -9999 9.17 7.03 5.96 5.86 6.77 6.02 6.42 6.84 7.08 7.30 7.40 6.54 6.20 6.32 6.79 6.73 6.87 6.87 6.90 6.73 6.71 7.45 6.67 6.66 6.30 6.49 6.39 5.88 5.76 5.47 5.71 6.17 5.96 5.76 5.70 5.65 5.51 5.69 5.46 5.61 5.48 5.99 6.31 6.06 5.56 7.00 7.44 6.58 5.96 7.35 6.94 6.71
-9999 -9999 -9999 -9999 -9999 -9999 -9999 -9999 -9999 -9999 -9999 -9999 -9999 -9999 -9999 -9999 -9999 -9999 -9999 -9999 -9999 -9999 -9999 -9999 -9999 -9999 -9999 7.78 6.69 5.86 8.49 7.74 6.07 6.34 6.78 7.22 7.49 6.67 6.34 6.11 6.06 6.68 6.55 6.42 7.15 6.97 7.50 6.87 7.00 7.53 6.74 6.50 6.38 6.02 5.80 5.59 5.49 5.74 5.87 5.95 5.70 5.48 5.36 5.17 5.41 6.25 5.83 6.20 6.50 7.07 6.37 5.89 6.68 6.95 6.18 5.70 5.94 6.63 6.93
-9999 -9999 -9999 -9999 -9999 -9999 -9999 -9999 -9999 -9999 -9999 -9999 -9999 -9999 -9999 -9999 -9999 -9999 -9999 -9999 -9999 -9999 -9999 -9999 -9999 -9999 -9999 7.62 5.94 4.98 6.25 8.15 7.65 7.25 6.83 7.51 6.66 6.29 5.99 6.74 6.80 7.23 6.99 6.63 6.72 6.69 6.95 7.22 7.22 6.70 6.54 6.47 6.40 6.02 5.75 5.62 5.61 5.91 5.89 5.70 5.26 5.31 5.79 6.18 5.97 6.48 6.21 6.12 6.26 6.72 7.61 7.48 6.55 6.46 6.45 6.40 6.31 6.31 6.17
-9999 -9999 -9999 -9999 -9999 -9999 -9999 -9999 -9999 -9999 8.52 8.38 7.11 9.27 8.97 9.05 9.43 10.67 7.37 10.31 8.27 -9999 -9999 -9999 -9999 -9999 -9999 7.33 6.43 5.96 5.46 5.93 6.93 7.81 7.62 6.94 6.36 6.15 6.52 7.19 6.87 6.61 6.60 6.30 6.62 6.96 6.83 6.72 6.57 6.63 6.21 6.42 6.56 6.76 6.14 5.86 6.10 6.05 5.76 5.98 5.27 5.16 6.12 6.85 6.42 6.34 6.56 6.43 6.26 6.20 6.31 6.25 6.08 5.94 5.76 5.67 5.69 5.91 5.89
-9999 -9999 -9999 -9999 -9999 -9999 -9999 -9999 -9999 -9999 8.87 8.04 7.56 6.34 7.56 8.61 8.50 9.13 9.51 8.42 7.76 6.98 7.60 9.09 8.16 7.70 7.09 6.80 6.39 6.14 5.94 5.69 5.84 7.13 7.15 6.58 6.12 7.49 6.82 6.45 6.74 7.00 6.57 6.34 7.22 7.11 7.13 6.91 6.73 6.05 6.08 6.26 6.24 6.20 6.49 6.65 5.93 5.75 5.50 5.38 5.77 5.42 7.54 6.96 6.87 6.66 6.42 6.44 6.26 6.55 6.43 5.75 6.48 6.22 6.46 5.82 5.92 5.84 5.88
-9999 -9999 -9999 -9999 -9999 -9999 -9999 -9999 -9999 8.60 7.51 6.67 6.12 5.63 7.08 8.84 8.80 8.38 8.27 8.31 7.78 6.75 6.46 7.30 8.10 6.83 6.51 6.23 6.22 6.59 5.90 5.89 6.58 6.58 6.33 6.33 7.37 6.62 7.36 7.13 6.78 6.38 6.65 6.65 7.24 7.34 6.96 7.01 6.41 6.43 6.26 6.11 6.03 6.76 7.12 6.09 5.60 5.72 6.80 6.06 5.83 6.05 6.28 6.57 6.66 6.36 6.26 6.57 6.97 6.39 5.75 5.60 6.43 6.14 6.03 6.27 6.25 6.07 6.09
-9999 -9999 -9999 -9999 -9999 -9999 -9999 -9999 -9999 -9999 7.31 6.27 5.84 6.95 7.08 7.70 9.20 8.58 7.46 6.74 7.92 8.72 7.37 6.37 6.69 7.66 6.71 5.88 5.88 5.84 6.15 6.12 5.74 5.88 6.08 6.43 6.89 6.38 7.17 6.67 6.71 6.76 6.92 6.67 7.20 7.39 7.14 6.29 6.26 6.51 6.06 5.72 5.54 6.16 6.87 6.67 5.66 5.85 6.57 6.50 6.16 5.83 5.91 5.90 6.07 6.82 6.63 6.46 6.66 7.04 6.53 6.18 6.50 6.49 6.01 6.44 5.96 6.35 5.89
-9999 -9999 -9999 -9999 -9999 -9999 9.54 -9999 -9999 7.92 7.09 7.26 6.17 7.48 6.93 6.88 7.16 7.46 7.78 6.94 7.98 8.50 7.01 6.22 5.63 5.65 5.60 5.49 5.62 5.81 6.21 5.62 5.47 5.85 6.78 6.26 6.65 6.17 6.60 6.40 6.90 7.41 7.12 6.64 6.52 6.63 6.43 6.12 6.81 6.27 5.85 6.68 5.82 5.96 7.03 7.46 5.70 5.90 6.30 6.19 5.95 5.80 5.80 6.01 6.38 6.70 6.27 6.00 5.92 6.11 6.07 6.06 6.47 6.17 6.10 6.06 5.81 5.79 5.75
-9999 -9999 -9999 -9999 -9999 8.78 9.17 8.99 8.72 7.22 6.80 8.04 7.24 6.81 7.10 6.67 7.40 7.81 8.12 7.29 7.19 7.27 6.20 5.23 4.96 5.18 5.52 5.72 5.43 5.51 5.65 5.34 5.31 6.30 6.48 6.06 6.25 6.32 7.04 6.72 6.81 7.50 6.88 6.72 6.24 6.61 6.39 6.49 6.23 6.06 5.68 6.22 6.15 5.89 6.62 6.41 5.94 5.87 5.86 6.15 6.04 5.95 5.81 5.70 5.78 5.84 6.03 6.13 6.00 5.57 5.75 5.93 6.38 6.61 6.37 5.75 6.17 6.07 6.09
-9999 -9999 -9999 -9999 -9999 8.36 8.16 7.60 7.88 7.42 7.16 7.06 8.03 7.88 7.35 7.81 7.63 7.63 8.26 7.48 7.17 6.63 4.90 4.97 5.92 5.96 5.60 5.33 5.12 5.45 5.75 5.82 5.51 6.27 6.12 6.36 5.72 5.32 6.33 7.03 6.53 6.57 6.40 6.02 6.13 6.57 6.21 5.95 6.41 6.58 5.86 6.03 6.02 6.00 6.55 6.73 6.66 7.33 6.15 6.23 5.73 5.58 5.73 5.84 5.67 5.61 5.83 6.12 5.88 5.64 5.50 5.90 5.95 6.02 6.06 6.15 5.63 5.96 6.58
-9999 -9999 -9999 -9999 -9999 8.68 7.98 7.61 7.83 7.69 7.73 7.33 7.69 7.65 6.95 7.51 7.51 7.96 8.20 7.77 6.09 4.80 4.00 4.91 5.05 5.66 6.21 5.35 5.38 5.52 5.32 5.75 5.40 6.02 5.88 5.85 5.67 5.40 6.46 6.30 6.28 6.13 5.88 5.64 5.77 6.27 6.37 5.89 5.93 6.20 6.66 6.11 6.23 6.15 6.39 6.36 6.30 6.56 6.35 6.79 7.07 5.31 7.07 6.35 5.42 5.55 7.27 7.31 6.99 5.49 5.43 5.59 5.58 5.86 5.74 6.33 6.91 8.21 7.80
-9999 -9999 -9999 -9999 -9999 7.98 7.71 7.64 7.59 7.43 7.40 7.23 7.15 7.65 7.29 7.36 7.68 7.38 7.57 7.43 6.86 4.62 4.39 5.45 5.15 6.05 6.23 5.44 5.68 5.93 5.47 5.56 5.56 5.66 5.59 5.59 6.01 6.52 5.78 6.22 6.00 5.86 5.58 5.43 5.64 5.99 5.74 5.94 6.06 6.48 6.79 7.15 6.84 7.28 7.13 6.83 6.62 6.36 6.08 6.08 6.13 5.73 6.77 6.74 7.03 6.79 7.14 7.48 7.61 5.80 5.80 5.71 5.77 6.09 6.68 7.33 7.57 -9999 -9999
-9999 -9999 -9999 -9999 -9999 7.44 7.31 7.35 7.61 7.95 7.57 7.23 6.95 7.27 7.94 7.78 7.63 7.40 7.79 7.70 7.29 6.24 4.71 4.75 4.81 6.17 5.71 4.82 6.29 6.12 5.47 6.66 5.90 6.26 6.59 6.32 6.30 6.65 6.10 5.71 5.81 5.67 5.28 5.29 5.46 5.84 5.58 5.92 6.70 7.32 7.36 7.42 7.59 7.65 7.78 7.70 7.42 6.95 6.74 7.00 7.19 7.25 7.56 7.75 7.82 -9999 -9999 7.63 7.59 7.10 6.71 6.31 7.74 6.89 -9999 -9999 -9999 -9999 -9999
-9999 -9999 -9999 -9999 8.45 7.41 7.30 6.91 7.43 7.58 8.06 7.22 7.48 7.41 7.88 7.69 7.53 7.59 7.88 7.86 7.66 7.23 6.37 6.02 6.15 6.00 5.38 6.84 7.33 5.94 5.39 5.80 5.69 6.35 6.43 5.93 5.99 5.94 5.77 6.13 5.97 5.95 5.68 5.60 5.92 6.43 6.47 6.52 6.76 7.12 7.46 -9999 -9999 8.20 8.69 8.70 8.35 8.03 7.76 7.85 -9999 -9999 -9999 -9999 -9999 -9999 -9999 -9999 -9999 -9999 7.46 7.68 8.52 7.86 -9999 -9999 -9999 -9999 -9999
-9999 -9999 -9999 8.90 7.97 7.14 7.48 6.93 6.94 6.76 6.54 6.30 8.09 8.67 8.19 7.98 8.09 8.59 8.20 7.83 7.66 7.73 7.44 8.36 8.37 7.84 7.65 8.52 7.22 6.98 6.59 6.83 7.10 6.25 5.70 5.97 5.67 5.80 5.67 5.73 5.69 6.51 7.10 7.09 7.06 7.16 7.36 7.09 -9999 6.70 7.23 7.28 7.64 8.22 -9999 -9999 -9999 -9999 8.66 -9999 -9999 -9999 -9999 -9999 -9999 -9999 -9999 -9999 -9999 -9999 -9999 -9999 -9999 -9999 -9999 -9999 -9999 -9999 -9999
-9999 -9999 9.08 8.60 8.44 7.88 7.16 6.93 6.75 5.91 5.39 6.21 9.16 10.17 7.91 7.72 9.35 8.27 9.25 7.89 7.78 9.41 8.76 8.51 8.47 8.35 -9999 -9999 -9999 -9999 -9999 7.10 7.69 7.22 6.32 6.21 6.01 5.74 5.78 5.74 6.09 6.89 -9999 -9999 -9999 -9999 -9999 7.76 7.84 7.34 6.76 6.77 8.06 8.31 -9999 -9999 -9999 -9999 -9999 -9999 -9999 -9999 -9999 -9999 -9999 -9999 -9999 -9999 -9999 -9999 -9999 -9999 -9999 -9999 -9999 -9999 -9999 -9999 -9999
-9999 6.88 7.15 8.19 8.52 7.87 7.66 7.16 6.13 6.22 5.86 7.21 9.03 10.01 9.42 9.16 8.39 9.13 8.60 8.70 8.63 9.95 9.92 -9999 -9999 -9999 -9999 -9999 -9999 -9999 -9999 -9999 7.48 7.45 6.62 7.11 7.59 7.68 6.54 7.61 7.73 8.23 -9999 -9999 -9999 -9999 -9999 -9999 -9999 7.23 7.46 7.00 7.62 -9999 -9999 -9999 -9999 -9999 -9999 -9999 -9999 -9999 -9999 -9999 -9999 -9999 -9999 -9999 -9999 -9999 -9999 -9999 -9999 -9999 -9999 -9999 -9999 -9999 -9999
8.20 6.64 6.77 7.78 8.78 8.92 7.98 6.80 6.59 6.70 6.34 7.34 9.31 8.63 8.90 9.21 9.81 7.10 8.62 10.49 9.50 -9999 -9999 -9999 -9999 -9999 -9999 -9999 -9999 -9999 -9999 -9999 -9999 -9999 7.93 -9999 -9999 -9999 -9999 7.29 8.64 9.01 -9999 -9999 -9999 -9999 -9999 -9999 -9999 -9999 7.86 8.95 8.33 -9999 -9999 -9999 -9999 -9999 -9999 -9999 -9999 -9999 -9999 -9999 -9999 -9999 -9999 -9999 -9999 -9999 -9999 -9999 -9999 -9999 -9999 -9999 -9999 -9999 -9999
7.46 6.17 6.76 7.85 8.37 8.86 8.15 7.62 8.02 6.40 5.60 6.65 8.85 9.23 8.43 8.14 8.98 7.58 7.81 8.90 -9999 -9999 -9999 -9999 -9999 -9999 -9999 -9999 -9999 -9999 -9999 -9999 -9999 -9999 8.71 -9999 -9999 -9999 -9999 -9999 -9999 -9999 -9999 -9999 -9999 -9999 -9999 -9999 -9999 -9999 -9999 -9999 -9999 -9999 -9999 -9999 -9999 -9999 -9999 -9999 -9999 -9999 -9999 -9999 -9999 -9999 -9999 -9999 -9999 -9999 -9999 -9999 -9999 -9999 -9999 -9999 -9999 -9999 -9999
7.80 6.44 7.07 7.60 7.82 8.28 7.90 7.76 8.26 6.30 5.69 6.19 7.95 10.67 11.03 7.83 7.76 7.50 8.35 10.02 -9999 -9999 -9999 -9999 -9999 -9999 -9999 -9999 -9999 -9999 -9999 -9999 -9999 -9999 -9999 -9999 -9999 -9999 -9999 -9999 -9999 -9999 -9999 -9999 -9999 -9999 -9999 -9999 -9999 -9999 -9999 -9999 -9999 -9999 -9999 -9999 -9999 -9999 -9999 -9999 -9999 -9999 -9999 -9999 -9999 -9999 -9999 -9999 -9999 -9999 -9999 -9999 -9999 -9999 -9999 -9999 -9999 -9999 -9999
8.66 7.80 7.75 7.71 8.25 8.01 7.83 7.74 7.06 6.87 6.26 6.07 7.92 9.65 9.58 8.40 7.17 7.31 9.22 9.20 -9999 -9999 -9999 -9999 -9999 -9999 -9999 -9999 -9999 -9999 -9999 -9999 -9999 -9999 -9999 -9999 -9999 -9999 -9999 -9999 -9999 -9999 -9999 -9999 -9999 -9999 -9999 -9999 -9999 -9999 -9999 -9999 -9999 -9999 -9999 -9999 -9999 -9999 -9999 -9999 -9999 -9999 -9999 -9999 -9999 -9999 -9999 -9999 -9999 -9999 -9999 -9999 -9999 -9999 -9999 -9999 -9999 -9999 -9999
9.38 8.83 8.56 7.82 8.24 8.08 9.33 8.92 8.06 7.65 7.80 6.99 7.48 8.37 8.18 7.43 7.22 7.82 8.74 9.26 -9999 -9999 -9999 -9999 -9999 -9999 -9999 -9999 -9999 -9999 -9999 -9999 -9999 -9999 -9999 -9999 -9999 -9999 -9999 -9999 -9999 -9999 -9999 -9999 -9999 -9999 -9999 -9999 -9999 -9999 -9999 -9999 -9999 -9999 -9999 -9999 -9999 -9999 -9999 -9999 -9999 -9999 -9999 -9999 -9999 -9999 -9999 -9999 -9999 -9999 -9999 -9999 -9999 -9999 -9999 -9999 -9999 -9999 -9999
8.66 8.81 8.36 8.95 9.96 9.80 9.04 9.12 9.09 8.90 8.22 8.49 8.08 7.60 7.46 7.63 8.07 8.60 8.83 9.62 -9999 -9999 -9999 -9999 -9999 -9999 -9999 -9999 -9999 -9999 -9999 -9999 -9999 -9999 -9999 -9999 -9999 -9999 -9999 -9999 -9999 -9999 -9999 -9999 -9999 -9999 -9999 -9999 -9999 -9999 -9999 -9999 -9999 -9999 -9999 -9999 -9999 -9999 -9999 -9999 -9999 -9999 -9999 -9999 -9999 -9999 -9999 -9999 -9999 -9999 -9999 -9999 -9999 -9999 -9999 -9999 -9999 -9999 -9999
9.26 9.60 -9999 -9999 -9999 -9999 -9999 -9999 -9999 -9999 -9999 9.23 9.42 8.59 7.94 7.42 8.18 8.89 9.06 -9999 -9999 -9999 -9999 -9999 -9999 -9999 -9999 -9999 -9999 -9999 -9999 -9999 -9999 -9999 -9999 -9999 -9999 -9999 -9999 -9999 -9999 -9999 -9999 -9999 -9999 -9999 -9999 -9999 -9999 -9999 -9999 -9999 -9999 -9999 -9999 -9999 -9999 -9999 -9999 -9999 -9999 -9999 -9999 -9999 -9999 -9999 -9999 -9999 -9999 -9999 -9999 -9999 -9999 -9999 -9999 -9999 -9999 -9999 -9999
9.64 10.18 -9999 -9999 -9999 -9999 -9999 -9999 -9999 -9999 -9999 -9999 -9999 -9999 8.61 8.21 8.52 8.99 -9999 -9999 -9999 -9999 -9999 -9999 -9999 -9999 -9999 -9999 -9999 -9999 -9999 -9999 -9999 -9999 -9999 -9999 -9999 -9999 -9999 -9999 -9999 -9999 -9999 -9999 -9999 -9999 -9999 -9999 -9999 -9999 -9999 -9999 -9999 -9999 -9999 -9999 -9999 -9999 -9999 -9999 -9999 -9999 -9999 -9999 -9999 -9999 -9999 -9999 -9999 -9999 -9999 -9999 -9999 -9999 -9999 -9999 -9999 -9999 -9999
-9999 -9999 -9999 -9999 -9999 -9999 -9999 -9999 -9999 -9999 -9999 -9999 -9999 -9999 9.56 10.12 10.56 10.38 -9999 -9999 -9999 -9999 -9999 -9999 -9999 -9999 -9999 -9999 -9999 -9999 -9999 -9999 -9999 -9999 -9999 -9999 -9999 -9999 -9999 -9999 -9999 -9999 -9999 -9999 -9999 -9999 -9999 -9999 -9999 -9999 -9999 -9999 -9999 -9999 -9999 -9999 -9999 -9999 -9999 -9999 -9999 -9999 -9999 -9999 -9999 -9999 -9999 -9999 -9999 -9999 -9999 -9999 -9999 -9999 -9999 -9999 -9999 -9999 -9999
-9999 -9999 -9999 -9999 -9999 -9999 -9999 -9999 -9999 -9999 -9999 -9999 -9999 -9999 -9999 -9999 -9999 -9999 -9999 -9999 -9999 -9999 -9999 -9999 -9999 -9999 -9999 -9999 -9999 -9999 -9999 -9999 -9999 -9999 -9999 -9999 -9999 -9999 -9999 -9999 -9999 -9999 -9999 -9999 -9999 -9999 -9999 -9999 -9999 -9999 -9999 -9999 -9999 -9999 -9999 -9999 -9999 -9999 -9999 -9999 -9999 -9999 -9999 -9999 -9999 -9999 -9999 -9999 -9999 -9999 -9999 -9999 -9999 -9999 -9999 -9999 -9999 -9999 -9999
-9999 -9999 -9999 -9999 -9999 -9999 -9999 -9999 -9999 -9999 -9999 -9999 -9999 -9999 -9999 -9999 -9999 -9999 -9999 -9999 -9999 -9999 -9999 -9999 -9999 -9999 -9999 -9999 -9999 -9999 -9999 -9999 -9999 -9999 -9999 -9999 -9999 -9999 -9999 -9999 -9999 -9999 -9999 -9999 -9999 -9999 -9999 -9999 -9999 -9999 -9999 -9999 -9999 -9999 -9999 -9999 -9999 -9999 -9999 -9999 -9999 -9999 -9999 -9999 -9999 -9999 -9999 -9999 -9999 -9999 -9999 -9999 -9999 -9999 -9999 -9999 -9999 -9999 -9999
