ML/MeanWindSpeed_2000-06_Actual.txt
ncols         180
nrows         290
xllcorner     -200000
yllcorner     -200000
cellsize      5000
NODATA_value  -9999
[rows 210 to 244 of 290, columns 79 to 157 of 180]
11.92 10.69 11.96 11.45 -9999 -9999 -9999 -9999 -9999 -9999 -9999 7.65 7.68 8.54 7.87 7.90 7.96 9.16 10.66 12.45 11.84 10.39 9.24 9.00 8.25 10.71 10.73 7.51 6.50 9.48 9.67 10.41 7.83 7.10 6.82 6.38 7.12 7.66 7.67 7.91 7.55 7.12 6.76 6.34 5.88 5.55 5.13 5.51 5.28 5.58 6.02 6.43 6.77 6.42 6.40 6.40 5.48 4.81 6.14 7.18 7.49 7.36 6.79 6.66 7.19 7.48 7.08 6.51 6.24 7.01 6.24 6.47 7.20 6.80 6.86 6.95 6.46 6.27 6.59
11.70 -9999 -9999 -9999 -9999 -9999 -9999 -9999 -9999 10.42 9.53 9.34 10.16 9.63 8.57 7.76 8.14 8.35 10.31 11.56 10.90 7.89 7.86 10.68 9.70 9.77 8.23 7.07 6.81 8.88 9.00 8.80 7.45 7.02 6.90 5.88 8.13 8.38 7.52 7.65 7.28 7.00 6.72 6.28 6.36 5.65 5.49 5.01 5.13 5.43 5.98 6.27 6.72 6.27 7.16 7.91 5.93 6.02 5.06 6.91 7.19 6.98 7.74 7.48 7.50 7.85 7.13 6.40 6.30 6.25 6.69 7.09 6.63 7.10 6.97 6.50 6.40 7.35 6.86
-9999 -9999 -9999 -9999 -9999 -9999 -9999 -9999 -9999 11.25 10.91 9.50 10.43 10.71 -9999 -9999 7.95 10.42 7.33 8.65 8.23 8.22 8.87 10.18 8.25 8.01 8.13 7.65 8.13 8.45 8.42 7.85 7.32 7.65 6.56 6.71 8.27 7.50 7.17 7.03 7.05 7.24 6.89 6.25 6.05 5.45 5.45 5.88 6.36 6.28 6.94 6.27 6.14 6.91 8.72 7.16 6.60 5.90 5.13 6.92 7.15 7.28 7.42 7.39 7.21 7.07 7.87 6.66 6.34 6.18 6.18 6.35 6.26 6.09 7.18 6.69 7.00 7.77 7.68
-9999 -9999 -9999 -9999 -9999 -9999 -9999 -9999 -9999 -9999 -9999 -9999 -9999 -9999 -9999 -9999 8.79 8.32 8.27 7.54 6.73 6.81 7.33 8.35 8.25 8.40 8.55 8.76 9.13 8.96 -9999 7.55 7.20 7.02 6.57 6.79 8.06 7.49 7.48 7.03 6.46 6.28 6.72 6.06 6.11 6.90 6.98 6.75 7.42 8.16 7.27 7.09 6.97 7.23 8.24 7.10 6.72 6.40 5.98 6.27 6.64 7.23 7.55 7.26 6.91 6.87 6.72 6.30 6.09 5.93 5.91 6.01 6.21 6.30 6.54 6.56 6.93 7.34 -9999
-9999 -9999 -9999 -9999 -9999 -9999 -9999 -9999 -9999 -9999 -9999 -9999 -9999 -9999 -9999 -9999 -9999 8.61 7.69 6.84 7.04 7.79 7.42 7.71 8.11 8.83 -9999 -9999 -9999 -9999 8.12 7.12 7.01 6.70 6.56 6.97 8.20 7.58 7.70 7.05 6.14 6.61 6.27 7.25 6.92 8.28 7.34 7.51 7.24 7.60 7.51 6.99 7.57 6.35 6.94 7.11 5.93 5.99 5.76 5.94 6.25 6.33 6.41 6.62 6.29 6.16 5.96 5.74 5.52 6.39 6.54 5.73 5.77 5.87 6.10 6.42 7.12 8.15 8.07
-9999 -9999 -9999 -9999 -9999 -9999 -9999 -9999 -9999 -9999 -9999 -9999 -9999 -9999 -9999 -9999 -9999 -9999 8.01 8.53 7.60 7.42 8.94 8.92 9.22 -9999 -9999 -9999 -9999 8.70 8.34 8.12 6.09 5.93 6.11 7.96 8.50 8.13 7.61 6.63 6.41 6.18 7.28 8.33 7.60 7.71 7.28 7.36 7.16 6.52 6.98 7.00 6.65 6.58 6.65 6.42 5.90 5.91 6.26 6.62 6.93 6.22 6.24 6.22 5.91 6.04 5.71 5.68 5.15 5.69 5.63 5.61 6.25 5.65 6.44 6.59 6.86 6.58 7.04
-9999 -9999 -9999 -9999 -9999 -9999 -9999 -9999 -9999 -9999 -9999 -9999 -9999 -9999 -9999 -9999 -9999 -9999 -9999 8.21 8.00 7.94 10.01 9.33 9.99 -9999 -9999 -9999 8.28 6.88 6.28 7.49 7.34 6.79 6.02 7.23 6.88 8.13 7.48 6.15 6.99 7.65 7.70 7.53 8.05 7.38 6.98 6.69 6.25 6.18 6.16 6.32 6.72 6.52 6.17 6.08 6.08 6.10 6.59 6.47 6.69 6.48 6.07 6.00 5.53 5.13 4.90 5.11 5.02 5.24 5.27 5.96 6.17 6.49 6.49 5.83 6.97 5.83 6.45
-9999 -9999 -9999 -9999 -9999 -9999 -9999 -9999 -9999 -9999 -9999 -9999 -9999 -9999 -9999 -9999 -9999 -9999 -9999 -9999 -9999 -9999 -9999 -9999 -9999 -9999 -9999 10.03 7.55 6.38 5.98 7.03 5.88 6.56 7.27 7.41 7.54 7.69 6.38 5.91 6.19 6.99 7.00 7.35 7.37 7.44 7.17 7.01 8.09 6.85 6.87 6.36 6.70 6.68 6.10 6.11 5.83 6.15 6.71 6.30 6.00 5.88 5.70 5.47 5.65 5.11 5.38 5.15 5.91 6.34 6.04 5.26 7.23 7.85 6.78 5.79 7.65 6.77 6.31
-9999 -9999 -9999 -9999 -9999 -9999 -9999 -9999 -9999 -9999 -9999 -9999 -9999 -9999 -9999 -9999 -9999 -9999 -9999 -9999 -9999 -9999 -9999 -9999 -9999 -9999 -9999 8.35 7.72 6.74 10.46 8.95 6.15 6.47 7.08 7.63 8.03 6.70 6.19 5.95 6.01 7.04 6.99 6.89 8.09 7.83 8.63 7.60 7.72 8.55 7.27 6.77 6.54 6.08 5.94 5.79 5.80 6.17 6.23 6.33 5.93 5.52 5.19 4.90 5.28 6.62 6.07 6.60 6.95 7.69 6.58 5.76 6.74 7.05 6.11 5.55 5.98 7.00 7.32
-9999 -9999 -9999 -9999 -9999 -9999 -9999 -9999 -9999 -9999 -9999 -9999 -9999 -9999 -9999 -9999 -9999 -9999 -9999 -9999 -9999 -9999 -9999 -9999 -9999 -9999 -9999 8.06 6.49 5.66 7.44 10.06 9.00 8.07 7.23 8.22 6.97 6.51 6.06 7.35 7.53 8.13 7.84 7.24 7.31 7.20 7.53 7.94 7.98 7.25 7.03 6.86 6.71 6.14 5.87 5.90 6.02 6.50 6.37 6.11 5.51 5.41 5.86 6.26 5.79 6.59 6.31 6.21 6.33 6.94 8.23 7.95 6.36 6.22 6.43 6.56 6.53 6.61 6.46
-9999 -9999 -9999 -9999 -9999 -9999 -9999 -9999 -9999 -9999 11.19 11.24 9.26 12.14 10.78 9.76 9.18 10.46 4.98 9.42 6.38 -9999 -9999 -9999 -9999 -9999 -9999 7.64 6.78 6.51 5.92 6.77 8.25 9.28 8.67 7.55 6.74 6.53 7.07 8.06 7.59 7.16 7.28 7.01 6.99 7.27 7.04 6.90 6.73 6.98 6.51 6.95 7.21 7.53 6.59 6.30 6.79 6.71 6.11 6.54 5.67 5.35 6.29 6.94 5.98 5.66 5.95 5.85 5.72 5.64 5.88 5.79 5.40 5.27 5.21 5.21 5.25 5.68 5.78
-9999 -9999 -9999 -9999 -9999 -9999 -9999 -9999 -9999 -9999 12.94 12.25 11.76 9.35 10.15 10.54 9.02 8.92 9.03 6.98 5.96 5.25 6.76 9.36 8.05 7.56 7.11 7.07 6.67 6.39 6.21 6.03 6.43 8.26 8.17 7.33 6.57 8.67 7.48 6.81 7.27 7.66 7.13 7.08 7.34 7.15 7.32 7.12 6.95 6.04 6.29 6.76 6.84 6.70 7.04 7.30 6.36 6.10 5.61 5.46 6.22 5.55 8.36 6.96 6.51 5.98 5.59 5.68 5.52 6.13 6.11 5.14 6.24 5.85 6.29 5.33 5.51 5.49 5.60
-9999 -9999 -9999 -9999 -9999 -9999 -9999 -9999 -9999 11.62 10.80 10.31 9.70 8.38 9.51 10.74 9.41 8.03 7.79 7.79 6.85 5.79 6.05 7.63 9.02 7.10 6.75 6.48 6.56 7.19 6.20 6.25 7.42 7.39 7.09 7.23 8.87 7.55 8.43 7.92 7.31 6.62 7.00 6.80 7.32 7.44 7.11 7.42 6.55 6.64 6.55 6.47 6.42 7.41 7.77 6.28 5.89 6.05 7.57 6.32 5.98 6.13 6.15 6.32 6.30 5.81 5.63 6.14 6.85 6.09 5.28 5.16 6.41 6.01 5.94 6.28 6.22 5.96 6.04
-9999 -9999 -9999 -9999 -9999 -9999 -9999 -9999 -9999 -9999 10.20 9.19 8.48 9.44 8.78 8.51 9.65 8.04 6.39 5.52 7.36 8.96 7.81 6.76 7.30 8.76 7.30 6.10 6.18 6.16 6.68 6.75 6.27 6.35 6.69 7.33 8.17 7.23 8.18 7.23 7.16 7.08 7.29 6.84 7.46 7.65 7.54 6.50 6.47 6.92 6.30 5.83 5.67 6.48 7.29 7.12 5.94 6.20 7.04 6.85 6.24 5.61 5.57 5.44 5.63 6.77 6.47 6.24 6.72 7.48 6.80 6.23 6.61 6.57 5.88 6.56 5.81 6.41 5.71
-9999 -9999 -9999 -9999 -9999 -9999 11.35 -9999 -9999 10.52 9.76 10.20 7.63 8.92 7.72 6.95 6.35 6.11 6.54 5.55 7.35 8.65 7.16 6.40 5.56 5.59 5.65 5.66 5.87 6.16 6.77 6.03 5.97 6.39 7.78 6.99 7.80 7.03 7.46 6.98 7.73 8.32 7.76 6.99 6.63 6.67 6.59 6.39 7.44 6.69 6.13 7.43 6.17 6.19 7.48 8.18 5.60 5.87 6.27 6.05 5.73 5.55 5.41 5.70 6.23 6.58 5.82 5.47 5.56 6.10 6.14 6.06 6.54 6.00 5.87 5.83 5.45 5.48 5.42
-9999 -9999 -9999 -9999 -9999 10.80 11.68 11.71 11.45 9.44 8.85 10.14 8.05 7.19 7.74 6.86 7.24 7.06 7.38 6.42 6.69 7.52 6.61 5.44 4.94 5.14 5.69 6.06 5.56 5.69 5.98 5.73 5.85 7.19 7.38 6.81 7.38 7.62 8.61 7.95 8.04 8.96 7.88 7.60 6.62 6.95 6.71 7.02 6.60 6.40 5.89 6.72 6.68 6.06 6.87 6.45 5.75 5.54 5.41 5.81 5.74 5.67 5.29 5.01 5.16 5.17 5.31 5.42 5.44 5.14 5.65 5.98 6.62 6.89 6.48 5.50 6.12 5.96 5.87
-9999 -9999 -9999 -9999 -9999 10.58 10.75 9.98 10.26 9.49 8.81 7.96 9.15 8.94 8.16 8.90 8.27 7.60 8.36 7.46 7.61 7.80 5.88 6.20 7.51 7.09 6.27 5.72 5.29 5.76 6.23 6.47 6.12 7.16 6.81 7.30 6.60 6.16 7.71 8.82 8.02 8.07 7.88 7.35 7.21 7.55 6.91 6.40 6.92 7.03 5.94 6.26 6.32 6.22 6.94 7.21 7.09 8.10 6.09 6.09 5.40 5.18 5.22 5.26 5.08 5.00 5.21 5.59 5.32 5.22 5.12 5.84 5.99 6.13 6.20 6.32 5.42 5.69 6.28
-9999 -9999 -9999 -9999 -9999 10.91 10.24 9.78 9.93 9.34 9.18 8.23 8.53 8.47 7.44 8.34 8.22 8.53 8.72 8.30 6.49 5.73 5.32 6.84 6.79 7.24 7.80 6.12 5.89 6.03 5.63 6.33 5.88 6.76 6.57 6.70 6.55 6.26 7.98 7.88 8.05 7.96 7.79 7.62 7.51 7.79 7.66 6.59 6.28 6.38 6.95 6.06 6.32 6.13 6.48 6.53 6.56 7.12 6.69 7.26 7.80 5.11 7.68 6.51 5.14 5.37 7.85 7.75 7.28 5.05 4.95 5.14 5.16 5.76 5.50 6.31 6.97 8.63 7.63
-9999 -9999 -9999 -9999 -9999 9.44 9.51 9.46 9.18 8.53 8.28 7.87 7.52 8.23 7.73 7.80 8.26 7.63 7.81 7.72 7.61 5.51 6.01 7.51 6.78 7.91 7.99 6.50 6.66 7.06 6.33 6.41 6.45 6.62 6.69 6.80 7.37 8.21 7.12 7.98 7.92 7.92 7.75 7.68 7.77 7.90 7.14 6.98 6.60 6.69 6.79 7.16 6.72 7.44 7.03 6.56 6.38 6.18 5.92 5.91 6.04 5.48 6.87 6.70 7.13 6.76 7.25 7.72 8.12 5.45 5.54 5.37 5.38 5.68 6.31 7.07 7.18 -9999 -9999
-9999 -9999 -9999 -9999 -9999 8.46 8.79 8.98 9.20 9.40 8.56 7.81 6.97 7.28 8.45 8.12 7.74 7.22 7.69 7.60 7.33 6.74 5.81 6.01 5.78 7.82 6.99 5.48 7.83 7.70 6.80 8.61 7.42 7.98 8.65 8.24 8.03 8.55 7.81 7.42 7.86 7.80 7.39 7.55 7.66 7.97 7.23 7.15 7.39 7.51 7.14 7.02 7.17 7.20 7.35 7.26 6.97 6.52 6.34 6.57 6.78 6.83 7.13 7.27 7.30 -9999 -9999 7.12 7.38 7.02 6.63 6.04 8.13 6.52 -9999 -9999 -9999 -9999 -9999
-9999 -9999 -9999 -9999 9.50 8.52 8.82 8.41 9.22 9.25 9.79 8.00 7.73 7.38 8.27 7.93 7.37 7.16 7.41 7.39 7.20 6.87 6.78 7.11 7.41 7.30 6.10 8.11 8.79 6.96 6.57 7.35 7.18 8.16 8.30 7.53 7.55 7.47 7.43 8.16 8.07 8.14 7.81 7.72 8.03 8.57 8.17 7.63 7.32 7.02 7.05 -9999 -9999 7.70 8.20 8.20 7.86 7.56 7.29 7.37 -9999 -9999 -9999 -9999 -9999 -9999 -9999 -9999 -9999 -9999 7.04 7.44 8.67 7.42 -9999 -9999 -9999 -9999 -9999
-9999 -9999 -9999 10.20 9.05 8.18 8.94 8.27 8.36 8.16 8.07 7.31 9.12 9.57 8.76 8.29 8.29 8.71 7.77 7.18 7.16 7.41 7.43 9.33 9.69 9.03 8.49 9.68 7.72 7.81 7.88 8.63 9.28 8.07 7.17 7.56 6.98 7.17 7.08 7.29 7.34 8.50 9.29 9.21 8.95 8.88 8.91 8.13 -9999 6.70 7.05 6.85 7.24 7.76 -9999 -9999 -9999 -9999 8.15 -9999 -9999 -9999 -9999 -9999 -9999 -9999 -9999 -9999 -9999 -9999 -9999 -9999 -9999 -9999 -9999 -9999 -9999 -9999 -9999
-9999 -9999 11.13 10.34 10.03 9.11 8.14 8.07 7.99 7.16 6.99 7.86 11.25 12.28 8.66 7.95 10.33 8.39 9.49 7.32 7.20 9.47 8.49 8.25 8.34 8.38 -9999 -9999 -9999 -9999 -9999 8.48 9.78 9.41 8.10 7.85 7.43 7.01 7.13 7.10 7.64 8.60 -9999 -9999 -9999 -9999 -9999 8.83 8.74 7.81 6.98 6.77 8.12 7.90 -9999 -9999 -9999 -9999 -9999 -9999 -9999 -9999 -9999 -9999 -9999 -9999 -9999 -9999 -9999 -9999 -9999 -9999 -9999 -9999 -9999 -9999 -9999 -9999 -9999
-9999 8.05 8.75 10.16 10.26 9.03 8.88 8.54 7.19 7.92 8.06 9.73 11.49 12.36 11.20 10.41 9.05 10.07 8.65 8.45 8.05 9.58 9.32 -9999 -9999 -9999 -9999 -9999 -9999 -9999 -9999 -9999 8.69 9.02 7.99 8.83 9.43 9.66 8.05 9.73 9.66 10.16 -9999 -9999 -9999 -9999 -9999 -9999 -9999 7.68 8.03 6.95 7.50 -9999 -9999 -9999 -9999 -9999 -9999 -9999 -9999 -9999 -9999 -9999 -9999 -9999 -9999 -9999 -9999 -9999 -9999 -9999 -9999 -9999 -9999 -9999 -9999 -9999 -9999
9.63 7.93 8.39 9.72 10.85 10.86 9.47 8.02 7.96 8.70 8.76 9.77 11.84 10.22 10.26 10.45 11.37 6.99 8.72 10.97 8.98 -9999 -9999 -9999 -9999 -9999 -9999 -9999 -9999 -9999 -9999 -9999 -9999 -9999 9.15 -9999 -9999 -9999 -9999 8.54 10.52 10.87 -9999 -9999 -9999 -9999 -9999 -9999 -9999 -9999 7.91 9.32 8.03 -9999 -9999 -9999 -9999 -9999 -9999 -9999 -9999 -9999 -9999 -9999 -9999 -9999 -9999 -9999 -9999 -9999 -9999 -9999 -9999 -9999 -9999 -9999 -9999 -9999 -9999
8.96 7.24 8.29 9.93 10.36 10.90 9.95 9.21 10.06 8.06 7.30 8.77 11.29 11.03 9.47 8.77 10.10 7.80 7.46 8.49 -9999 -9999 -9999 -9999 -9999 -9999 -9999 -9999 -9999 -9999 -9999 -9999 -9999 -9999 9.80 -9999 -9999 -9999 -9999 -9999 -9999 -9999 -9999 -9999 -9999 -9999 -9999 -9999 -9999 -9999 -9999 -9999 -9999 -9999 -9999 -9999 -9999 -9999 -9999 -9999 -9999 -9999 -9999 -9999 -9999 -9999 -9999 -9999 -9999 -9999 -9999 -9999 -9999 -9999 -9999 -9999 -9999 -9999 -9999
9.51 7.36 8.48 9.20 9.31 9.89 9.50 9.41 10.40 7.77 7.44 8.49 10.53 13.64 13.69 8.52 8.44 7.87 8.37 10.17 -9999 -9999 -9999 -9999 -9999 -9999 -9999 -9999 -9999 -9999 -9999 -9999 -9999 -9999 -9999 -9999 -9999 -9999 -9999 -9999 -9999 -9999 -9999 -9999 -9999 -9999 -9999 -9999 -9999 -9999 -9999 -9999 -9999 -9999 -9999 -9999 -9999 -9999 -9999 -9999 -9999 -9999 -9999 -9999 -9999 -9999 -9999 -9999 -9999 -9999 -9999 -9999 -9999 -9999 -9999 -9999 -9999 -9999 -9999
11.03 9.52 9.46 9.21 9.84 9.41 9.25 9.21 8.37 8.47 7.93 7.97 10.50 12.32 11.76 9.75 7.65 7.50 9.85 9.05 -9999 -9999 -9999 -9999 -9999 -9999 -9999 -9999 -9999 -9999 -9999 -9999 -9999 -9999 -9999 -9999 -9999 -9999 -9999 -9999 -9999 -9999 -9999 -9999 -9999 -9999 -9999 -9999 -9999 -9999 -9999 -9999 -9999 -9999 -9999 -9999 -9999 -9999 -9999 -9999 -9999 -9999 -9999 -9999 -9999 -9999 -9999 -9999 -9999 -9999 -9999 -9999 -9999 -9999 -9999 -9999 -9999 -9999 -9999
12.13 10.99 10.53 9.22 9.74 9.35 11.24 10.61 9.38 8.98 9.55 8.47 9.27 10.23 9.77 8.57 8.01 8.52 9.26 9.30 -9999 -9999 -9999 -9999 -9999 -9999 -9999 -9999 -9999 -9999 -9999 -9999 -9999 -9999 -9999 -9999 -9999 -9999 -9999 -9999 -9999 -9999 -9999 -9999 -9999 -9999 -9999 -9999 -9999 -9999 -9999 -9999 -9999 -9999 -9999 -9999 -9999 -9999 -9999 -9999 -9999 -9999 -9999 -9999 -9999 -9999 -9999 -9999 -9999 -9999 -9999 -9999 -9999 -9999 -9999 -9999 -9999 -9999 -9999
10.57 10.46 9.55 10.22 11.59 11.28 10.08 10.26 10.30 10.25 9.49 10.10 9.65 8.98 8.83 9.17 9.62 9.83 9.29 9.78 -9999 -9999 -9999 -9999 -9999 -9999 -9999 -9999 -9999 -9999 -9999 -9999 -9999 -9999 -9999 -9999 -9999 -9999 -9999 -9999 -9999 -9999 -9999 -9999 -9999 -9999 -9999 -9999 -9999 -9999 -9999 -9999 -9999 -9999 -9999 -9999 -9999 -9999 -9999 -9999 -9999 -9999 -9999 -9999 -9999 -9999 -9999 -9999 -9999 -9999 -9999 -9999 -9999 -9999 -9999 -9999 -9999 -9999 -9999
11.02 11.04 -9999 -9999 -9999 -9999 -9999 -9999 -9999 -9999 -9999 10.52 11.12 10.09 9.33 8.66 9.41 9.84 9.43 -9999 -9999 -9999 -9999 -9999 -9999 -9999 -9999 -9999 -9999 -9999 -9999 -9999 -9999 -9999 -9999 -9999 -9999 -9999 -9999 -9999 -9999 -9999 -9999 -9999 -9999 -9999 -9999 -9999 -9999 -9999 -9999 -9999 -9999 -9999 -9999 -9999 -9999 -9999 -9999 -9999 -9999 -9999 -9999 -9999 -9999 -9999 -9999 -9999 -9999 -9999 -9999 -9999 -9999 -9999 -9999 -9999 -9999 -9999 -9999
11.18 11.45 -9999 -9999 -9999 -9999 -9999 -9999 -9999 -9999 -9999 -9999 -9999 -9999 9.68 9.18 9.31 9.49 -9999 -9999 -9999 -9999 -9999 -9999 -9999 -9999 -9999 -9999 -9999 -9999 -9999 -9999 -9999 -9999 -9999 -9999 -9999 -9999 -9999 -9999 -9999 -9999 -9999 -9999 -9999 -9999 -9999 -9999 -9999 -9999 -9999 -9999 -9999 -9999 -9999 -9999 -9999 -9999 -9999 -9999 -9999 -9999 -9999 -9999 -9999 -9999 -9999 -9999 -9999 -9999 -9999 -9999 -9999 -9999 -9999 -9999 -9999 -9999 -9999
-9999 -9999 -9999 -9999 -9999 -9999 -9999 -9999 -9999 -9999 -9999 -9999 -9999 -9999 10.41 11.43 11.87 11.15 -9999 -9999 -9999 -9999 -9999 -9999 -9999 -9999 -9999 -9999 -9999 -9999 -9999 -9999 -9999 -9999 -9999 -9999 -9999 -9999 -9999 -9999 -9999 -9999 -9999 -9999 -9999 -9999 -9999 -9999 -9999 -9999 -9999 -9999 -9999 -9999 -9999 -9999 -9999 -9999 -9999 -9999 -9999 -9999 -9999 -9999 -9999 -9999 -9999 -9999 -9999 -9999 -9999 -9999 -9999 -9999 -9999 -9999 -9999 -9999 -9999
-9999 -9999 -9999 -9999 -9999 -9999 -9999 -9999 -9999 -9999 -9999 -9999 -9999 -9999 -9999 -9999 -9999 -9999 -9999 -9999 -9999 -9999 -9999 -9999 -9999 -9999 -9999 -9999 -9999 -9999 -9999 -9999 -9999 -9999 -9999 -9999 -9999 -9999 -9999 -9999 -9999 -9999 -9999 -9999 -9999 -9999 -9999 -9999 -9999 -9999 -9999 -9999 -9999 -9999 -9999 -9999 -9999 -9999 -9999 -9999 -9999 -9999 -9999 -9999 -9999 -9999 -9999 -9999 -9999 -9999 -9999 -9999 -9999 -9999 -9999 -9999 -9999 -9999 -9999
-9999 -9999 -9999 -9999 -9999 -9999 -9999 -9999 -9999 -9999 -9999 -9999 -9999 -9999 -9999 -9999 -9999 -9999 -9999 -9999 -9999 -9999 -9999 -9999 -9999 -9999 -9999 -9999 -9999 -9999 -9999 -9999 -9999 -9999 -9999 -9999 -9999 -9999 -9999 -9999 -9999 -9999 -9999 -9999 -9999 -9999 -9999 -9999 -9999 -9999 -9999 -9999 -9999 -9999 -9999 -9999 -9999 -9999 -9999 -9999 -9999 -9999 -9999 -9999 -9999 -9999 -9999 -9999 -9999 -9999 -9999 -9999 -9999 -9999 -9999 -9999 -9999 -9999 -9999
