ML/MeanWindSpeed_1994-09_Actual.txt
ncols         180
nrows         290
xllcorner     -200000
yllcorner     -200000
cellsize      5000
NODATA_value  -9999
[rows 175 to 209 of 290, columns 79 to 157 of 180]
-9999 -9999 -9999 -9999 -9999 -9999 -9999 11.91 10.78 9.70 9.09 9.06 7.83 7.44 13.28 18.96 8.54 10.44 9.76 8.67 6.86 4.28 4.25 6.71 9.17 7.52 5.64 6.02 6.99 6.59 6.82 7.99 7.21 6.83 6.53 6.81 6.98 6.83 6.94 6.96 11.38 12.19 9.95 10.00 8.17 7.45 8.71 8.95 7.28 7.17 8.43 7.98 7.69 8.47 8.27 9.32 8.94 9.03 9.01 9.01 10.11 9.10 8.87 8.93 8.74 9.14 9.59 9.74 10.01 10.37 9.36 11.22 13.47 -9999 -9999 -9999 -9999 -9999 -9999
-9999 -9999 -9999 -9999 -9999 -9999 -9999 -9999 12.78 10.23 8.67 7.38 7.14 9.62 22.03 15.26 7.04 11.36 6.74 9.21 8.75 5.39 3.38 9.23 7.83 8.71 7.33 5.91 6.04 6.22 5.74 6.80 7.31 7.05 6.75 6.46 6.71 6.54 6.37 8.02 9.02 12.48 10.35 10.88 9.98 6.29 8.31 10.13 7.57 7.66 8.28 7.71 7.76 8.10 8.16 9.28 8.70 8.65 8.82 8.40 8.97 8.94 8.69 8.75 8.75 8.92 9.39 10.50 9.62 9.07 9.16 10.76 13.09 -9999 -9999 -9999 -9999 -9999 -9999
-9999 -9999 -9999 -9999 -9999 -9999 -9999 -9999 -9999 10.70 8.32 8.32 10.14 19.52 21.60 15.04 11.11 9.96 9.63 10.21 10.14 9.67 5.82 5.02 10.32 8.31 7.53 6.86 5.96 5.94 6.13 6.33 6.83 6.52 6.15 6.33 6.35 6.26 6.49 7.50 9.32 10.41 8.63 8.94 10.42 8.65 6.27 10.09 7.79 7.69 8.14 7.46 7.59 7.69 8.36 9.14 8.68 8.59 8.60 8.17 9.49 9.01 8.78 8.84 8.87 9.22 9.13 9.19 8.94 8.86 9.26 11.18 13.31 -9999 -9999 -9999 -9999 -9999 -9999
-9999 -9999 -9999 -9999 -9999 -9999 -9999 -9999 -9999 10.34 8.87 10.95 13.00 15.23 18.28 11.51 8.72 10.19 11.58 11.07 11.39 9.67 6.65 4.40 10.50 10.43 8.21 7.50 5.97 5.77 6.19 7.08 6.76 6.49 6.23 5.79 5.63 6.07 7.83 7.94 6.47 10.74 8.65 9.22 10.77 10.61 8.43 7.56 7.16 6.18 7.43 8.06 7.28 7.39 7.51 8.33 8.34 8.76 8.57 8.40 8.87 9.45 9.17 9.27 9.13 9.17 9.01 8.76 8.75 9.29 10.45 12.25 -9999 -9999 -9999 -9999 -9999 -9999 -9999
-9999 -9999 -9999 -9999 -9999 -9999 -9999 -9999 -9999 9.37 9.10 10.37 10.41 15.11 13.67 10.43 11.32 9.05 9.54 11.46 9.75 11.68 9.04 5.53 9.58 10.73 10.17 7.34 6.50 5.69 6.52 7.60 7.29 6.51 5.96 5.62 5.89 7.20 7.53 6.34 6.37 9.10 8.95 8.83 8.83 8.27 8.22 8.74 5.89 6.72 6.92 6.71 7.15 6.96 8.04 7.68 8.21 8.63 8.60 8.83 10.53 9.79 9.35 9.25 9.28 9.21 9.05 8.89 9.05 10.31 11.97 -9999 -9999 -9999 -9999 -9999 -9999 -9999 -9999
-9999 -9999 -9999 -9999 -9999 -9999 -9999 -9999 10.30 16.52 9.84 10.93 12.64 8.91 18.06 15.62 14.08 11.85 13.19 9.82 9.99 8.49 6.88 8.19 11.63 10.35 9.84 7.20 6.23 5.59 7.01 7.24 6.83 6.47 5.77 5.74 6.98 6.75 6.30 7.35 8.34 6.51 10.52 9.85 7.35 7.99 7.41 6.73 6.58 5.89 5.88 6.11 7.09 6.87 6.75 8.47 8.17 8.53 8.82 9.25 10.63 9.81 9.36 9.36 9.20 9.19 8.91 8.83 9.88 11.47 -9999 -9999 -9999 -9999 -9999 -9999 -9999 13.86 -9999
-9999 -9999 -9999 -9999 -9999 -9999 11.07 10.31 13.29 11.43 9.27 9.82 10.99 7.68 9.30 11.16 14.14 13.00 13.41 11.29 10.89 5.68 7.96 8.07 6.04 6.87 6.63 7.38 6.61 6.06 6.94 7.22 7.12 6.41 6.29 7.27 6.59 7.01 6.22 7.62 8.32 8.08 7.28 6.70 8.22 7.76 7.24 7.12 6.91 6.63 5.51 6.39 6.36 6.02 6.67 7.57 8.21 8.73 8.76 9.30 10.49 9.76 9.21 9.27 9.03 8.96 8.74 9.15 10.48 -9999 -9999 -9999 -9999 -9999 13.33 12.87 12.37 11.75 11.83
-9999 -9999 -9999 -9999 -9999 11.05 10.51 10.35 10.53 10.31 10.09 9.10 7.32 6.38 8.04 9.69 11.56 17.28 9.49 6.99 6.27 3.56 9.37 10.78 10.35 7.69 6.82 7.43 7.26 6.91 7.18 7.68 7.19 6.84 6.71 7.22 7.44 6.18 6.18 7.74 7.90 7.63 7.27 7.49 7.89 6.89 7.28 6.37 6.27 6.73 6.17 5.78 5.52 6.08 7.33 7.62 8.20 8.72 8.99 9.31 10.72 10.09 9.30 9.03 8.84 8.77 8.66 9.07 10.17 -9999 -9999 -9999 -9999 -9999 11.86 10.96 10.56 10.12 10.07
-9999 -9999 -9999 -9999 11.62 11.97 11.04 10.95 -9999 -9999 -9999 -9999 7.88 12.59 10.62 10.27 11.95 9.64 6.90 8.72 7.53 6.07 14.40 12.40 10.20 10.93 8.39 6.80 7.36 7.47 7.06 7.16 7.03 6.73 7.11 6.58 7.66 6.47 6.37 6.85 7.41 7.74 7.67 6.90 7.06 6.99 6.87 6.52 6.18 5.85 5.73 5.70 6.11 7.00 7.41 7.75 8.78 9.58 9.82 9.80 10.46 10.13 9.81 8.96 8.78 8.63 8.44 8.60 9.48 11.14 -9999 -9999 -9999 -9999 10.65 9.69 9.47 9.49 9.50
-9999 -9999 -9999 -9999 12.97 14.03 11.15 11.85 -9999 -9999 -9999 -9999 8.42 10.64 12.01 7.45 11.07 9.61 8.11 10.27 11.32 8.28 11.84 6.11 7.62 8.10 7.55 6.77 6.96 7.29 7.13 7.33 7.76 6.86 7.34 6.99 7.01 7.46 6.58 6.86 6.45 7.35 8.25 8.62 8.54 7.19 6.65 6.53 6.39 6.68 6.15 6.39 7.01 7.60 8.64 8.51 10.54 10.85 11.18 10.39 10.54 10.21 9.79 8.92 8.83 8.64 8.37 8.29 8.48 9.55 10.57 -9999 -9999 11.06 10.27 9.55 9.69 9.38 9.14
-9999 -9999 -9999 -9999 -9999 -9999 -9999 -9999 -9999 -9999 -9999 -9999 9.37 12.61 10.49 7.17 8.51 6.14 11.46 10.25 5.72 8.68 8.23 7.07 8.10 6.77 6.56 6.29 7.32 7.18 7.46 7.24 6.85 6.86 6.82 6.66 6.87 7.40 6.83 6.67 7.03 7.48 7.32 8.12 8.35 6.74 7.84 8.65 7.56 7.52 7.22 6.48 7.45 8.60 9.86 10.05 9.99 10.70 11.47 10.98 11.07 10.39 9.87 8.90 8.85 8.71 8.50 8.27 7.97 8.26 8.99 9.96 10.32 9.86 9.66 8.77 9.58 9.64 9.64
-9999 -9999 -9999 -9999 -9999 -9999 -9999 -9999 -9999 -9999 -9999 -9999 -9999 12.70 5.08 5.16 7.80 10.95 9.21 10.25 9.28 5.63 6.80 8.24 5.62 5.81 5.64 6.11 6.47 7.04 7.15 7.17 6.89 6.70 6.62 6.88 6.76 7.35 7.20 6.87 8.88 8.38 7.31 7.26 7.30 7.45 7.36 8.30 8.47 7.98 8.99 7.56 7.52 8.47 8.53 9.32 9.88 10.11 11.37 11.36 10.89 9.99 9.82 8.94 8.88 8.72 8.49 8.34 8.26 8.28 8.29 8.73 8.99 8.99 8.81 8.77 9.69 9.66 9.38
-9999 -9999 -9999 -9999 -9999 -9999 -9999 -9999 -9999 -9999 -9999 -9999 -9999 8.84 12.18 12.62 9.98 7.78 6.38 8.24 6.15 6.35 5.09 4.92 7.24 5.48 5.68 7.68 7.36 7.24 6.98 6.47 6.46 7.07 6.96 7.96 7.85 7.62 7.26 6.95 8.82 9.67 8.46 7.54 7.21 7.54 7.58 7.55 7.90 8.62 10.66 9.50 7.97 7.89 8.59 9.92 11.19 11.49 11.16 11.59 10.91 9.80 9.23 8.91 8.90 8.76 8.70 8.57 8.49 8.49 8.50 8.60 8.69 8.90 8.85 8.63 9.35 9.41 9.97
-9999 -9999 -9999 -9999 -9999 -9999 -9999 -9999 -9999 -9999 -9999 -9999 11.27 10.29 7.47 14.33 8.64 6.25 8.05 7.34 5.92 8.65 5.68 5.53 8.12 5.18 11.09 8.54 6.97 7.22 8.27 6.84 6.54 9.19 8.95 8.17 7.14 7.62 7.61 7.41 8.12 8.75 8.58 7.95 7.67 7.57 7.64 7.97 7.80 8.93 8.91 8.57 8.29 8.20 9.09 10.26 11.42 11.64 10.77 10.78 10.09 9.41 9.07 8.89 8.86 8.85 8.83 8.73 8.60 8.58 8.59 8.49 8.57 9.09 9.05 8.77 9.01 9.39 8.94
-9999 -9999 -9999 -9999 -9999 -9999 -9999 -9999 -9999 -9999 -9999 -9999 9.88 9.97 14.12 8.26 4.14 5.95 5.87 7.12 9.37 9.21 6.76 6.59 6.97 5.72 6.73 7.79 9.20 9.14 7.37 7.39 7.28 7.72 8.30 7.18 7.06 7.82 7.84 8.37 8.74 8.39 8.65 8.38 7.98 7.77 7.65 7.74 7.82 8.60 8.91 8.60 7.93 8.46 9.75 11.06 10.65 11.37 11.25 10.36 9.37 9.80 9.05 9.21 8.94 8.94 8.79 8.74 8.67 8.54 8.48 8.45 8.46 9.24 9.05 8.64 8.75 9.27 9.11
-9999 -9999 -9999 -9999 -9999 -9999 -9999 -9999 -9999 -9999 -9999 -9999 10.82 12.12 5.49 6.89 5.92 7.03 6.84 11.01 9.14 10.62 8.03 7.26 5.83 5.20 6.13 9.32 11.33 12.45 7.93 9.34 8.20 8.35 8.11 6.72 7.08 7.56 7.95 8.52 8.14 8.31 9.49 8.80 7.94 7.88 8.90 7.61 8.03 8.39 8.31 8.00 7.95 8.71 9.37 9.92 10.17 10.24 9.60 9.35 9.55 9.63 8.70 8.70 8.89 8.85 8.80 8.63 8.44 8.42 8.38 8.37 8.43 8.68 8.54 8.69 8.56 8.96 8.93
-9999 -9999 -9999 -9999 -9999 -9999 -9999 -9999 -9999 -9999 -9999 -9999 -9999 7.16 7.89 9.73 11.75 12.44 9.95 10.06 8.13 5.62 5.75 5.36 6.50 6.88 6.23 7.74 8.38 11.47 9.38 8.26 8.07 9.32 8.87 6.98 7.92 7.20 7.52 9.78 8.31 8.20 8.17 8.36 7.67 7.65 9.14 8.58 7.98 8.48 8.18 8.05 8.48 9.31 9.06 9.12 8.92 9.62 8.90 9.84 9.73 8.78 8.59 9.10 8.96 8.64 8.56 8.38 8.31 8.32 8.29 8.30 8.28 8.29 8.33 8.54 8.51 8.48 8.67
-9999 -9999 -9999 -9999 -9999 -9999 -9999 -9999 -9999 -9999 -9999 -9999 -9999 8.33 9.04 9.96 11.79 14.21 12.64 9.39 6.87 5.57 7.22 9.31 11.18 12.84 9.80 7.62 8.22 9.45 8.97 7.20 10.14 9.35 9.15 7.89 8.63 7.60 7.39 8.24 9.60 9.20 8.54 8.11 7.70 7.73 8.69 8.51 8.17 8.23 8.64 8.91 9.18 9.67 9.07 8.85 10.00 10.05 9.94 9.63 9.74 8.84 9.10 9.53 8.62 8.42 8.37 8.26 8.28 8.23 8.19 8.19 8.18 8.21 8.15 8.04 7.92 7.84 8.11
-9999 -9999 -9999 -9999 -9999 -9999 -9999 -9999 -9999 -9999 -9999 -9999 9.49 7.25 7.80 9.93 11.15 10.44 10.14 8.13 9.09 13.42 10.75 10.99 11.04 9.19 8.39 9.14 9.50 8.07 7.50 8.14 9.88 9.74 9.16 7.92 8.87 7.33 7.43 8.91 8.50 8.96 9.04 8.46 8.08 7.94 8.68 8.56 7.94 8.22 8.29 8.30 9.10 8.86 9.87 9.38 10.05 9.40 9.62 9.69 8.89 8.73 9.47 9.30 8.38 8.27 8.49 8.24 8.32 8.27 8.31 8.20 8.09 8.04 7.84 8.11 8.35 8.35 7.70
-9999 -9999 -9999 -9999 -9999 -9999 -9999 -9999 -9999 -9999 -9999 -9999 11.31 8.81 7.27 7.13 9.09 12.77 12.35 11.04 9.47 10.12 11.45 12.58 12.67 9.04 10.98 12.11 8.42 10.48 6.98 7.76 9.40 11.06 8.18 8.70 7.46 6.81 7.24 8.02 10.62 9.24 9.27 8.83 8.49 8.39 8.51 8.25 7.85 8.02 7.98 8.00 8.07 9.28 9.79 9.81 10.36 9.44 8.99 8.99 8.63 9.00 9.40 9.09 8.64 8.90 8.64 8.84 8.43 8.37 8.52 8.42 8.08 7.88 7.68 7.65 8.36 8.35 8.38
-9999 -9999 -9999 -9999 -9999 -9999 -9999 -9999 -9999 -9999 -9999 -9999 9.77 8.15 4.93 6.18 8.91 13.07 11.55 11.87 9.48 11.06 10.52 9.31 10.26 10.87 10.59 9.27 8.09 8.62 11.05 7.87 7.85 8.06 8.30 9.62 8.20 6.84 7.17 7.92 8.37 8.39 9.31 8.93 8.60 8.67 7.99 7.54 8.07 8.27 8.39 7.93 8.52 9.67 9.71 8.96 9.16 9.92 9.02 9.29 8.45 9.29 9.39 8.67 8.60 8.78 8.23 8.41 8.31 8.29 8.31 8.11 7.94 7.84 7.68 7.94 7.48 7.77 8.00
-9999 -9999 -9999 -9999 -9999 -9999 -9999 -9999 -9999 -9999 -9999 9.54 9.70 10.81 8.06 6.17 9.75 11.08 13.24 13.22 8.40 8.71 8.05 9.47 11.01 9.37 9.21 10.95 9.54 8.86 8.53 7.74 7.11 7.38 8.37 8.30 7.97 7.69 7.25 7.11 7.84 8.31 7.84 8.33 8.11 8.65 7.90 7.86 8.00 7.65 7.62 7.97 9.06 8.98 9.05 8.51 9.29 9.46 9.14 8.43 9.17 9.23 9.30 9.42 8.99 8.57 8.40 8.22 8.30 8.28 8.10 7.94 7.76 7.63 7.68 7.92 7.83 7.85 8.09
-9999 -9999 -9999 -9999 -9999 -9999 -9999 -9999 -9999 -9999 11.11 10.21 10.05 7.89 6.20 9.06 12.01 12.76 11.13 12.72 9.13 10.26 8.85 8.50 14.33 10.02 10.56 8.71 9.02 7.85 7.65 8.01 9.02 8.11 9.85 8.21 8.53 7.32 7.08 7.25 7.56 7.97 7.69 7.86 8.19 8.34 7.22 7.80 7.77 7.91 8.07 8.41 9.00 8.38 9.11 8.73 8.99 8.34 8.28 9.35 9.66 9.18 9.35 9.22 8.47 8.84 8.82 8.70 8.55 8.18 7.91 7.63 7.77 7.72 8.25 8.41 8.52 8.47 7.83
-9999 -9999 -9999 -9999 -9999 -9999 -9999 -9999 12.71 10.99 9.40 7.24 6.49 6.72 7.11 10.33 11.61 13.22 14.62 12.83 10.76 7.30 9.86 9.28 12.78 10.12 9.28 9.36 8.15 7.94 7.07 8.07 9.78 9.20 9.27 7.38 7.59 7.38 7.37 7.96 7.66 8.06 7.45 7.60 7.88 7.28 7.20 7.56 8.39 8.20 8.92 9.53 9.09 8.66 8.26 8.12 8.82 9.27 9.02 9.39 8.58 9.22 9.34 8.76 8.12 8.19 8.96 8.76 8.71 7.92 7.64 7.43 7.64 8.51 8.78 8.47 9.13 8.82 8.49
-9999 -9999 -9999 -9999 12.44 11.37 10.04 12.74 12.42 12.05 11.56 8.77 7.73 7.04 11.62 10.29 12.22 12.65 12.36 9.61 8.57 6.97 8.41 8.21 13.97 12.46 10.47 8.43 8.75 8.23 9.74 7.28 8.94 9.29 8.86 8.26 7.52 7.08 7.96 7.56 7.13 8.28 7.38 7.42 7.08 7.31 7.80 8.37 7.72 8.51 8.16 8.59 9.45 9.33 9.09 8.85 9.29 9.32 9.00 8.69 9.38 8.49 8.43 8.30 8.02 8.64 8.81 8.82 8.18 7.66 7.68 7.83 8.75 8.80 8.32 8.89 8.10 8.34 8.63
-9999 -9999 -9999 13.19 10.83 11.10 10.17 9.47 10.81 10.05 10.33 8.27 6.86 10.03 10.77 11.26 8.20 13.27 9.87 7.74 12.46 9.72 6.72 13.09 11.27 10.46 6.97 6.98 7.76 10.70 8.02 7.46 7.42 7.68 9.20 8.91 8.73 7.46 7.64 7.18 7.16 7.94 7.58 7.27 7.24 7.52 8.12 7.98 9.66 8.05 7.77 8.24 9.04 8.57 8.57 8.25 8.44 8.94 8.74 9.36 8.82 8.29 8.32 8.54 8.08 8.29 8.33 7.85 7.70 7.65 7.74 7.90 8.28 8.91 8.76 8.73 8.28 8.13 8.17
-9999 -9999 12.77 11.95 8.83 8.26 8.39 9.26 8.64 9.07 8.22 8.75 12.63 9.89 8.51 11.77 6.70 9.39 9.38 12.48 11.88 12.54 10.37 10.00 8.75 6.52 10.98 10.69 7.50 7.99 7.63 7.35 7.77 7.29 7.51 9.10 9.34 7.24 6.95 7.01 7.54 7.06 6.75 7.20 9.48 7.72 7.58 8.18 8.90 8.28 7.81 8.40 8.93 8.90 9.38 8.85 8.20 8.14 8.15 9.09 8.76 8.21 8.93 8.76 8.15 8.20 8.04 7.82 8.05 8.12 8.12 8.31 8.31 8.84 8.14 7.92 8.15 7.72 7.81
10.59 12.10 9.66 9.23 9.65 8.69 8.27 10.23 9.06 9.02 9.07 11.64 11.02 9.27 10.09 9.54 7.77 7.86 11.21 11.72 10.15 10.32 11.93 8.84 5.94 11.09 12.57 10.06 10.01 7.74 8.10 7.40 7.72 9.55 7.67 9.62 7.97 7.08 6.80 7.09 8.67 6.56 6.95 10.61 8.16 7.69 7.71 8.35 9.13 7.90 8.01 8.34 8.10 8.65 8.70 8.28 7.99 8.35 8.05 8.41 8.74 8.74 8.35 8.01 7.78 7.72 8.16 9.44 8.83 9.59 8.98 7.99 8.97 8.59 8.59 8.22 7.99 8.05 7.71
8.59 11.24 13.97 12.74 12.23 9.39 10.42 12.03 10.78 10.27 12.21 10.38 9.60 11.75 8.87 6.66 7.67 8.23 10.84 10.66 10.20 9.66 9.03 7.30 8.99 17.68 13.77 10.32 8.11 8.66 8.13 9.57 8.01 8.54 7.68 7.56 7.45 7.45 6.90 6.69 6.81 6.52 9.72 10.21 9.29 7.99 7.64 10.03 8.63 7.97 8.18 7.80 8.49 8.46 8.25 7.63 8.67 8.36 7.82 9.28 9.07 8.11 7.89 7.81 7.68 8.14 9.05 9.42 9.23 9.65 8.99 8.55 9.08 8.65 7.96 8.20 8.04 8.20 8.09
8.23 9.57 10.15 9.70 8.54 10.46 9.42 11.23 8.34 9.50 11.74 10.76 9.05 9.92 6.66 6.26 9.94 10.94 9.73 8.39 10.35 7.56 6.58 6.39 11.07 14.02 14.38 8.29 9.03 9.26 9.51 8.67 7.35 8.70 8.14 7.81 7.21 7.47 6.39 6.18 7.18 7.21 9.65 9.38 8.72 7.67 8.40 9.76 9.11 8.63 8.16 8.32 8.21 7.93 7.67 7.76 8.27 8.62 8.31 8.18 8.16 7.93 8.88 9.41 7.99 8.24 8.97 9.20 8.78 9.27 9.21 9.19 9.09 8.02 8.01 7.84 7.88 7.54 7.83
7.72 8.40 8.26 9.07 8.65 8.90 10.07 8.78 9.57 8.35 8.08 7.93 7.38 6.80 8.84 7.87 11.43 17.22 9.23 9.40 9.94 14.14 13.70 6.39 6.13 15.51 11.69 9.72 10.30 11.39 9.29 7.38 6.79 9.04 9.31 7.88 7.12 6.81 6.31 6.34 7.50 9.87 10.02 8.66 8.29 8.04 7.82 7.81 8.70 8.08 7.96 7.73 7.43 7.26 7.36 8.35 8.18 8.01 8.12 7.40 7.62 8.50 8.39 8.99 8.36 8.28 8.28 8.47 8.97 9.19 9.23 9.21 9.20 7.89 7.42 7.80 7.72 7.17 7.45
7.40 8.32 7.49 8.16 8.44 8.78 7.90 7.90 8.82 8.14 9.48 8.27 9.99 6.95 10.05 11.97 11.91 12.96 13.72 11.24 13.22 15.19 10.34 12.10 10.35 6.01 11.17 11.05 7.95 8.46 6.92 8.61 8.44 11.26 10.25 7.83 7.07 6.40 6.28 7.43 10.06 8.65 10.14 8.63 8.37 9.04 7.86 8.81 7.47 7.73 7.40 7.20 7.12 7.40 7.53 7.71 7.49 7.44 7.28 7.51 8.48 9.26 8.70 8.01 8.55 7.98 8.83 8.14 8.10 8.39 8.68 8.87 8.82 8.27 7.28 7.61 7.56 7.24 7.53
7.68 7.30 8.82 10.14 12.03 11.05 9.69 8.82 7.97 8.43 11.13 8.43 9.42 6.74 8.71 9.20 8.33 7.27 9.97 9.29 11.47 11.65 13.93 12.11 12.60 11.28 15.11 9.35 8.12 7.63 8.72 8.25 10.64 10.11 10.34 7.34 6.90 6.28 9.70 10.35 9.84 10.03 8.26 8.72 8.89 8.59 7.48 7.33 7.38 7.17 7.07 7.11 7.11 7.73 7.89 8.19 7.69 7.13 7.21 7.99 9.59 8.00 8.40 8.39 7.93 7.80 7.91 7.57 7.70 8.26 8.01 8.42 8.35 7.96 7.69 7.60 7.09 6.77 7.74
8.28 7.76 8.11 10.19 10.95 11.99 11.24 10.28 9.39 8.75 9.04 11.24 7.66 11.43 10.29 10.10 11.07 9.60 7.62 7.84 9.67 8.78 10.84 10.88 9.42 13.77 13.56 7.95 8.75 6.83 7.61 9.36 10.07 9.44 8.70 7.19 6.79 8.32 7.72 9.43 9.11 8.42 8.64 8.31 7.89 7.66 6.81 6.52 6.57 6.67 8.22 7.08 7.81 7.25 7.29 7.04 7.00 7.23 8.15 9.26 8.76 8.29 8.39 8.16 7.83 7.90 8.24 8.51 7.22 8.04 8.80 8.11 7.77 7.93 7.01 7.14 7.77 7.12 6.74
8.95 9.48 10.56 12.19 -9999 -9999 -9999 -9999 11.06 10.36 10.85 8.43 7.30 8.67 8.65 8.31 7.86 4.71 13.21 13.86 9.11 7.97 8.27 10.02 10.98 12.79 9.95 8.36 7.38 6.63 10.56 9.35 10.90 8.08 7.78 7.32 7.17 9.17 7.57 9.05 8.89 8.10 8.11 7.78 7.35 6.77 6.40 6.31 6.47 6.67 7.91 7.21 7.52 7.53 7.16 7.19 7.21 8.62 8.44 8.69 8.72 8.68 7.36 7.36 7.24 8.21 8.53 8.12 6.95 7.68 8.31 8.06 7.59 8.08 7.49 7.13 7.33 7.29 6.71
