ML/MeanWindSpeed_1994-08_Actual.txt
ncols         180
nrows         290
xllcorner     -200000
yllcorner     -200000
cellsize      5000
NODATA_value  -9999
[rows 210 to 244 of 290, columns 79 to 157 of 180]
10.68 9.77 11.46 11.97 -9999 -9999 -9999 -9999 -9999 -9999 -9999 7.38 7.31 8.10 7.37 7.19 7.20 8.65 10.23 12.10 11.76 10.29 9.12 8.87 8.26 10.39 10.24 7.40 6.52 9.16 9.24 10.30 8.13 7.65 7.43 7.01 7.80 8.36 8.15 8.30 8.10 7.81 7.51 7.12 6.68 6.46 6.30 6.74 6.45 6.64 6.79 6.84 6.86 6.63 7.14 7.88 7.60 6.99 7.81 7.14 6.23 5.92 5.51 5.68 6.36 6.86 6.69 6.22 6.11 6.90 6.20 6.44 7.11 6.64 6.64 6.52 5.99 5.79 6.11
11.45 -9999 -9999 -9999 -9999 -9999 -9999 -9999 -9999 11.41 9.80 9.15 10.21 9.94 8.98 8.01 7.85 7.71 9.42 10.56 10.34 7.70 7.60 10.21 9.50 9.52 8.11 7.21 7.04 9.02 9.39 9.31 8.20 7.88 7.58 6.51 8.83 9.07 8.22 8.29 8.05 7.98 7.76 7.37 7.39 6.90 6.94 6.55 6.58 6.74 6.97 6.90 6.94 6.49 7.53 8.49 7.43 7.65 6.31 6.77 6.16 5.81 6.70 6.58 6.58 6.97 6.50 5.96 5.99 6.00 6.37 6.75 6.33 6.69 6.54 5.93 5.76 6.59 6.30
-9999 -9999 -9999 -9999 -9999 -9999 -9999 -9999 -9999 12.70 11.85 10.33 11.46 12.05 -9999 -9999 8.56 9.91 6.65 7.94 7.75 7.88 8.52 9.76 8.15 8.08 8.67 8.70 9.37 9.81 9.82 9.14 8.48 8.49 7.06 7.45 9.07 8.34 8.06 7.87 8.01 8.45 8.33 7.81 7.52 6.93 6.86 7.14 7.46 7.30 7.74 6.93 6.50 7.04 8.66 7.38 7.34 6.88 5.75 6.57 6.27 6.36 6.66 6.58 6.22 6.11 7.04 6.25 6.19 6.18 6.16 6.20 5.97 5.70 6.73 6.34 6.87 7.65 7.76
-9999 -9999 -9999 -9999 -9999 -9999 -9999 -9999 -9999 -9999 -9999 -9999 -9999 -9999 -9999 -9999 10.16 8.85 8.13 7.38 6.72 6.70 7.17 8.18 8.53 9.44 10.38 11.08 11.64 11.34 -9999 9.41 8.50 7.52 7.04 7.65 8.94 8.38 8.40 7.99 7.59 7.68 8.36 7.76 7.57 8.07 7.98 7.68 8.16 8.70 7.81 7.51 7.21 7.28 8.07 7.15 7.04 6.81 6.19 5.97 5.90 6.26 6.75 6.34 5.94 6.06 6.20 6.18 6.18 6.18 6.17 6.14 6.24 6.38 6.74 6.70 7.12 7.55 -9999
-9999 -9999 -9999 -9999 -9999 -9999 -9999 -9999 -9999 -9999 -9999 -9999 -9999 -9999 -9999 -9999 -9999 10.10 8.57 7.43 7.18 7.54 6.87 7.41 9.07 11.12 -9999 -9999 -9999 -9999 10.67 9.31 8.21 7.19 6.99 7.63 8.86 8.38 8.51 8.02 7.42 8.07 7.96 8.77 8.23 9.22 8.15 8.14 7.81 7.99 7.83 7.33 7.78 6.63 6.99 7.17 6.23 6.29 5.95 5.71 5.55 5.25 5.17 5.46 5.38 5.54 5.69 5.88 5.91 6.82 7.02 6.23 6.26 6.49 6.62 6.86 7.85 8.94 8.92
-9999 -9999 -9999 -9999 -9999 -9999 -9999 -9999 -9999 -9999 -9999 -9999 -9999 -9999 -9999 -9999 -9999 -9999 9.96 10.09 8.86 7.87 7.93 8.81 11.41 -9999 -9999 -9999 -9999 11.41 10.49 9.66 7.20 6.77 6.81 8.43 9.00 8.71 8.22 7.47 7.52 7.55 8.60 9.44 8.65 8.60 8.12 8.21 7.99 7.20 7.40 7.33 7.01 6.89 6.79 6.57 6.12 6.09 6.36 6.36 6.21 5.26 5.20 5.26 5.27 5.85 5.99 6.29 6.07 6.56 6.50 6.32 6.97 6.40 6.80 6.98 7.86 7.56 7.86
-9999 -9999 -9999 -9999 -9999 -9999 -9999 -9999 -9999 -9999 -9999 -9999 -9999 -9999 -9999 -9999 -9999 -9999 -9999 10.95 10.60 9.72 9.51 10.08 13.77 -9999 -9999 -9999 11.39 9.18 8.30 9.16 8.55 7.81 6.93 7.91 7.48 8.53 7.98 6.96 7.80 8.59 8.61 8.27 8.80 8.26 7.97 7.80 7.33 7.13 6.96 6.99 7.23 6.86 6.38 6.25 6.20 6.15 6.60 6.27 6.18 5.78 5.34 5.41 5.42 5.76 5.90 6.18 6.22 6.30 6.03 6.41 6.68 6.85 6.52 5.84 7.20 6.46 7.09
-9999 -9999 -9999 -9999 -9999 -9999 -9999 -9999 -9999 -9999 -9999 -9999 -9999 -9999 -9999 -9999 -9999 -9999 -9999 -9999 -9999 -9999 -9999 -9999 -9999 -9999 -9999 13.51 10.01 8.00 7.70 9.04 7.73 7.93 8.21 8.11 8.08 8.13 7.15 6.99 7.20 7.88 7.81 7.94 8.03 8.15 7.93 7.78 8.69 7.56 7.54 7.07 7.30 7.13 6.44 6.32 5.98 6.27 6.74 6.24 5.74 5.59 5.64 5.54 5.92 5.86 6.24 6.04 6.70 6.94 6.48 5.58 7.17 7.53 6.36 5.45 7.38 6.82 6.53
-9999 -9999 -9999 -9999 -9999 -9999 -9999 -9999 -9999 -9999 -9999 -9999 -9999 -9999 -9999 -9999 -9999 -9999 -9999 -9999 -9999 -9999 -9999 -9999 -9999 -9999 -9999 11.30 9.32 7.73 10.95 9.82 7.61 8.00 8.31 8.43 8.52 7.41 7.18 7.09 6.96 7.67 7.48 7.37 8.50 8.33 8.96 7.94 8.06 8.78 7.66 7.33 7.23 6.78 6.53 6.27 6.11 6.33 6.30 6.32 5.85 5.52 5.58 5.49 5.71 6.86 6.44 6.91 7.15 7.70 6.60 5.63 6.34 6.46 5.46 4.92 5.31 6.24 6.58
-9999 -9999 -9999 -9999 -9999 -9999 -9999 -9999 -9999 -9999 -9999 -9999 -9999 -9999 -9999 -9999 -9999 -9999 -9999 -9999 -9999 -9999 -9999 -9999 -9999 -9999 -9999 10.54 7.88 6.44 7.76 10.08 9.38 8.94 8.26 8.93 7.67 7.37 7.00 8.04 8.04 8.46 8.10 7.69 7.91 7.79 7.94 8.13 8.06 7.41 7.29 7.29 7.25 6.83 6.57 6.39 6.26 6.49 6.31 6.06 5.52 5.49 6.15 6.76 6.31 6.85 6.53 6.43 6.50 6.99 8.01 7.60 6.08 5.83 5.91 5.83 5.58 5.53 5.39
-9999 -9999 -9999 -9999 -9999 -9999 -9999 -9999 -9999 -9999 11.69 11.53 9.75 12.72 12.13 12.07 12.26 13.59 8.77 12.85 10.35 -9999 -9999 -9999 -9999 -9999 -9999 9.49 7.93 7.13 6.23 6.80 8.22 9.36 9.05 8.19 7.59 7.49 7.95 8.71 8.11 7.57 7.46 7.05 7.61 7.84 7.50 7.15 6.98 7.19 6.72 7.11 7.42 7.91 7.17 6.65 6.83 6.72 6.36 6.60 5.63 5.32 6.38 7.17 6.44 6.16 6.37 6.31 6.13 5.92 5.96 5.78 5.43 5.21 4.98 4.86 4.75 4.86 4.75
-9999 -9999 -9999 -9999 -9999 -9999 -9999 -9999 -9999 -9999 12.23 10.97 10.28 8.46 9.71 10.73 10.27 10.81 11.07 9.43 8.98 8.56 9.59 11.56 10.56 10.08 8.97 8.24 7.46 6.99 6.56 6.06 6.32 8.18 8.36 7.75 7.22 9.12 8.14 7.44 7.70 7.93 7.21 6.85 7.74 7.68 7.71 7.36 7.27 6.50 6.54 6.84 6.91 6.99 7.55 7.66 6.47 6.23 6.04 5.72 6.04 5.39 8.05 7.03 6.84 6.52 6.21 6.25 6.06 6.52 6.38 5.33 6.25 5.78 6.01 5.01 5.02 4.71 4.58
-9999 -9999 -9999 -9999 -9999 -9999 -9999 -9999 -9999 11.83 10.11 8.74 7.72 6.60 7.95 9.72 9.32 8.69 8.70 8.74 8.28 7.62 7.50 8.46 9.49 7.92 7.56 7.09 7.06 7.55 6.55 6.40 7.22 7.34 7.23 7.34 8.88 7.71 8.72 8.27 7.69 7.04 7.31 7.12 7.74 7.87 7.46 7.62 6.89 7.03 6.77 6.66 6.61 7.56 8.15 6.68 5.95 6.06 7.57 6.39 5.85 5.94 5.99 6.31 6.53 6.28 6.16 6.47 7.02 6.33 5.53 5.32 6.34 5.81 5.55 5.68 5.46 5.04 4.97
-9999 -9999 -9999 -9999 -9999 -9999 -9999 -9999 -9999 -9999 9.46 7.86 6.81 7.38 6.89 7.32 9.18 8.30 7.00 6.17 8.05 9.64 8.16 6.75 7.19 8.71 7.55 6.43 6.44 6.39 6.82 6.84 6.29 6.53 6.90 7.31 8.01 7.26 8.49 7.84 7.75 7.59 7.67 7.20 7.77 7.97 7.70 6.63 6.63 7.02 6.36 6.01 5.88 6.65 7.59 7.30 5.92 6.11 6.92 6.69 6.11 5.52 5.49 5.40 5.66 6.78 6.58 6.33 6.58 7.07 6.38 5.93 6.34 6.22 5.47 5.88 5.09 5.51 4.76
-9999 -9999 -9999 -9999 -9999 -9999 12.67 -9999 -9999 10.58 8.98 8.74 6.11 6.85 5.80 5.84 6.18 6.60 7.21 6.11 7.60 8.79 7.24 6.47 5.85 6.19 6.24 5.91 6.04 6.31 6.91 6.27 6.10 6.63 7.89 6.99 7.49 6.84 7.65 7.46 8.00 8.50 7.92 7.14 6.92 7.04 6.75 6.40 7.35 6.63 6.03 7.21 6.12 6.23 7.61 8.27 5.90 6.10 6.38 6.19 5.78 5.45 5.43 5.71 6.11 6.43 5.89 5.55 5.42 5.61 5.58 5.55 6.01 5.49 5.39 5.22 4.77 4.65 4.51
-9999 -9999 -9999 -9999 -9999 11.22 11.78 11.40 10.94 8.76 7.53 7.97 5.93 5.09 5.55 5.35 6.58 7.12 7.72 6.63 6.52 6.98 6.26 5.62 5.41 5.78 6.28 6.41 5.94 6.00 6.15 5.93 5.96 7.24 7.43 6.78 7.16 7.39 8.37 7.89 7.89 8.74 7.80 7.51 6.75 7.24 6.89 6.94 6.47 6.21 5.74 6.46 6.41 5.90 6.69 6.39 5.90 5.79 5.66 6.17 6.03 5.78 5.59 5.43 5.35 5.30 5.62 5.76 5.44 4.70 4.93 5.15 5.70 5.90 5.55 4.68 5.24 5.07 5.08
-9999 -9999 -9999 -9999 -9999 10.18 9.62 8.75 8.96 7.87 6.79 5.58 6.63 6.54 5.89 6.91 7.09 7.13 8.15 7.38 7.23 6.85 5.21 6.04 7.40 7.08 6.46 6.00 5.68 6.15 6.55 6.79 6.42 7.38 7.05 7.43 6.84 6.39 7.47 8.38 7.64 7.66 7.46 6.98 7.06 7.52 6.87 6.37 6.83 6.91 5.87 6.00 5.98 5.88 6.47 6.68 6.70 7.66 5.90 5.97 5.42 5.20 5.43 5.57 5.21 5.04 5.33 5.77 5.41 4.90 4.63 5.06 5.06 5.06 5.12 5.21 4.45 4.96 5.96
-9999 -9999 -9999 -9999 -9999 10.24 8.70 8.04 8.20 7.58 7.11 5.87 6.08 6.16 5.38 6.45 6.86 7.60 8.09 7.89 6.00 4.75 4.29 6.02 6.25 6.76 7.27 6.02 6.06 6.32 6.11 6.88 6.48 7.23 6.99 7.02 6.90 6.48 7.62 7.31 7.38 7.30 7.10 6.91 7.04 7.51 7.37 6.51 6.37 6.53 7.02 6.03 6.02 5.86 6.12 6.14 6.17 6.60 6.22 6.75 7.24 4.83 7.21 6.16 4.94 5.13 7.37 7.27 6.86 4.69 4.60 4.71 4.56 4.78 4.68 5.63 6.47 8.33 7.97
-9999 -9999 -9999 -9999 -9999 9.15 8.15 7.76 7.53 7.04 6.72 6.11 5.69 6.42 6.07 6.37 7.17 7.03 7.45 7.45 7.07 4.61 4.76 6.39 5.97 6.87 7.01 6.18 6.49 6.81 6.14 6.54 6.77 6.80 6.73 6.76 7.25 7.92 6.71 7.33 7.24 7.22 7.02 6.89 7.08 7.39 6.78 6.77 6.62 6.96 7.31 7.66 7.00 7.44 7.21 6.81 6.50 6.06 5.61 5.60 5.89 5.53 6.92 6.89 7.43 7.16 7.54 7.76 7.84 5.20 5.03 4.77 4.85 5.26 6.18 7.27 7.70 -9999 -9999
-9999 -9999 -9999 -9999 -9999 8.38 7.61 7.37 7.56 7.78 7.04 6.65 6.41 6.79 7.57 7.37 7.39 7.31 7.99 7.87 7.52 6.67 5.02 5.08 5.02 6.61 5.98 4.97 7.00 6.88 6.15 8.11 7.35 7.76 8.12 7.66 7.47 7.92 7.18 6.74 7.11 7.08 6.70 6.76 6.86 7.20 6.62 6.84 7.70 8.39 8.29 8.27 8.41 8.38 8.53 8.36 7.85 6.99 6.57 6.98 7.45 7.71 8.14 8.39 8.64 -9999 -9999 8.15 8.10 7.41 6.69 5.82 7.81 6.73 -9999 -9999 -9999 -9999 -9999
-9999 -9999 -9999 -9999 10.68 8.46 7.74 6.95 7.48 7.58 8.20 7.45 8.29 8.03 8.19 7.83 7.81 7.91 8.22 8.11 7.84 7.72 6.77 6.15 6.32 6.21 5.35 7.47 8.18 6.46 5.89 6.56 6.70 7.64 7.62 6.90 6.82 6.78 6.73 7.47 7.46 7.59 7.33 7.33 7.72 8.26 8.17 7.95 8.00 8.37 8.66 -9999 -9999 9.46 10.24 10.26 9.63 9.03 8.55 8.71 -9999 -9999 -9999 -9999 -9999 -9999 -9999 -9999 -9999 -9999 8.03 8.13 9.28 8.49 -9999 -9999 -9999 -9999 -9999
-9999 -9999 -9999 11.50 9.89 8.11 8.15 7.11 6.96 6.90 6.92 6.97 9.78 10.40 9.34 8.90 8.98 9.44 8.89 8.43 7.99 8.26 7.93 9.15 9.32 8.80 8.66 9.98 8.27 8.17 7.75 7.97 8.26 6.98 6.23 6.67 6.26 6.53 6.60 7.08 7.35 8.68 9.61 9.70 9.62 9.61 9.72 8.98 -9999 7.73 8.33 8.26 8.65 9.53 -9999 -9999 -9999 -9999 10.25 -9999 -9999 -9999 -9999 -9999 -9999 -9999 -9999 -9999 -9999 -9999 -9999 -9999 -9999 -9999 -9999 -9999 -9999 -9999 -9999
-9999 -9999 11.62 10.72 10.18 9.10 7.71 7.16 6.82 5.98 5.74 7.20 11.41 12.51 9.18 8.87 10.74 8.75 10.21 8.66 8.24 10.51 9.72 9.46 9.57 9.73 -9999 -9999 -9999 -9999 -9999 8.75 9.27 8.50 7.15 7.05 6.84 6.47 6.66 6.97 7.81 9.24 -9999 -9999 -9999 -9999 -9999 10.30 9.90 8.61 7.39 7.25 9.18 9.70 -9999 -9999 -9999 -9999 -9999 -9999 -9999 -9999 -9999 -9999 -9999 -9999 -9999 -9999 -9999 -9999 -9999 -9999 -9999 -9999 -9999 -9999 -9999 -9999 -9999
-9999 8.19 8.52 9.61 9.90 9.01 8.52 7.69 6.27 6.50 6.42 8.49 10.96 12.20 11.16 10.39 9.16 9.91 9.04 9.60 9.47 11.35 11.49 -9999 -9999 -9999 -9999 -9999 -9999 -9999 -9999 -9999 9.26 9.13 8.07 8.79 9.51 9.65 8.09 9.65 10.09 11.11 -9999 -9999 -9999 -9999 -9999 -9999 -9999 8.60 8.39 7.49 8.40 -9999 -9999 -9999 -9999 -9999 -9999 -9999 -9999 -9999 -9999 -9999 -9999 -9999 -9999 -9999 -9999 -9999 -9999 -9999 -9999 -9999 -9999 -9999 -9999 -9999 -9999
9.76 7.52 7.45 8.54 9.83 10.04 8.76 7.15 6.93 7.21 7.06 8.31 10.92 10.28 10.40 9.98 10.58 6.97 9.14 12.07 10.89 -9999 -9999 -9999 -9999 -9999 -9999 -9999 -9999 -9999 -9999 -9999 -9999 -9999 10.15 -9999 -9999 -9999 -9999 9.47 11.46 12.26 -9999 -9999 -9999 -9999 -9999 -9999 -9999 -9999 9.24 10.55 9.74 -9999 -9999 -9999 -9999 -9999 -9999 -9999 -9999 -9999 -9999 -9999 -9999 -9999 -9999 -9999 -9999 -9999 -9999 -9999 -9999 -9999 -9999 -9999 -9999 -9999 -9999
8.35 6.53 7.12 8.37 8.96 9.60 8.72 7.98 8.57 6.41 5.68 7.15 9.87 10.47 9.26 8.19 9.27 7.58 7.94 9.71 -9999 -9999 -9999 -9999 -9999 -9999 -9999 -9999 -9999 -9999 -9999 -9999 -9999 -9999 11.58 -9999 -9999 -9999 -9999 -9999 -9999 -9999 -9999 -9999 -9999 -9999 -9999 -9999 -9999 -9999 -9999 -9999 -9999 -9999 -9999 -9999 -9999 -9999 -9999 -9999 -9999 -9999 -9999 -9999 -9999 -9999 -9999 -9999 -9999 -9999 -9999 -9999 -9999 -9999 -9999 -9999 -9999 -9999 -9999
8.73 6.78 7.30 7.68 7.92 8.53 8.12 8.03 8.81 6.18 5.69 6.47 8.39 11.85 12.27 7.64 7.80 7.67 8.89 11.43 -9999 -9999 -9999 -9999 -9999 -9999 -9999 -9999 -9999 -9999 -9999 -9999 -9999 -9999 -9999 -9999 -9999 -9999 -9999 -9999 -9999 -9999 -9999 -9999 -9999 -9999 -9999 -9999 -9999 -9999 -9999 -9999 -9999 -9999 -9999 -9999 -9999 -9999 -9999 -9999 -9999 -9999 -9999 -9999 -9999 -9999 -9999 -9999 -9999 -9999 -9999 -9999 -9999 -9999 -9999 -9999 -9999 -9999 -9999
9.55 8.24 7.88 7.60 8.28 7.82 7.64 7.71 6.96 6.99 6.39 6.13 8.26 10.16 10.08 8.73 7.23 7.60 10.32 10.49 -9999 -9999 -9999 -9999 -9999 -9999 -9999 -9999 -9999 -9999 -9999 -9999 -9999 -9999 -9999 -9999 -9999 -9999 -9999 -9999 -9999 -9999 -9999 -9999 -9999 -9999 -9999 -9999 -9999 -9999 -9999 -9999 -9999 -9999 -9999 -9999 -9999 -9999 -9999 -9999 -9999 -9999 -9999 -9999 -9999 -9999 -9999 -9999 -9999 -9999 -9999 -9999 -9999 -9999 -9999 -9999 -9999 -9999 -9999
10.16 9.37 8.97 7.87 8.33 8.13 9.94 9.54 8.47 8.10 8.29 7.06 7.25 8.12 8.04 7.50 7.47 8.21 9.51 10.60 -9999 -9999 -9999 -9999 -9999 -9999 -9999 -9999 -9999 -9999 -9999 -9999 -9999 -9999 -9999 -9999 -9999 -9999 -9999 -9999 -9999 -9999 -9999 -9999 -9999 -9999 -9999 -9999 -9999 -9999 -9999 -9999 -9999 -9999 -9999 -9999 -9999 -9999 -9999 -9999 -9999 -9999 -9999 -9999 -9999 -9999 -9999 -9999 -9999 -9999 -9999 -9999 -9999 -9999 -9999 -9999 -9999 -9999 -9999
8.95 9.28 8.86 9.79 11.08 10.96 10.01 10.28 10.34 10.18 9.06 9.14 8.23 7.25 7.18 7.81 8.58 9.25 9.69 11.29 -9999 -9999 -9999 -9999 -9999 -9999 -9999 -9999 -9999 -9999 -9999 -9999 -9999 -9999 -9999 -9999 -9999 -9999 -9999 -9999 -9999 -9999 -9999 -9999 -9999 -9999 -9999 -9999 -9999 -9999 -9999 -9999 -9999 -9999 -9999 -9999 -9999 -9999 -9999 -9999 -9999 -9999 -9999 -9999 -9999 -9999 -9999 -9999 -9999 -9999 -9999 -9999 -9999 -9999 -9999 -9999 -9999 -9999 -9999
9.67 10.44 -9999 -9999 -9999 -9999 -9999 -9999 -9999 -9999 -9999 10.66 10.72 9.29 8.30 7.51 8.56 9.69 10.19 -9999 -9999 -9999 -9999 -9999 -9999 -9999 -9999 -9999 -9999 -9999 -9999 -9999 -9999 -9999 -9999 -9999 -9999 -9999 -9999 -9999 -9999 -9999 -9999 -9999 -9999 -9999 -9999 -9999 -9999 -9999 -9999 -9999 -9999 -9999 -9999 -9999 -9999 -9999 -9999 -9999 -9999 -9999 -9999 -9999 -9999 -9999 -9999 -9999 -9999 -9999 -9999 -9999 -9999 -9999 -9999 -9999 -9999 -9999 -9999
10.72 11.81 -9999 -9999 -9999 -9999 -9999 -9999 -9999 -9999 -9999 -9999 -9999 -9999 9.55 8.62 8.96 9.87 -9999 -9999 -9999 -9999 -9999 -9999 -9999 -9999 -9999 -9999 -9999 -9999 -9999 -9999 -9999 -9999 -9999 -9999 -9999 -9999 -9999 -9999 -9999 -9999 -9999 -9999 -9999 -9999 -9999 -9999 -9999 -9999 -9999 -9999 -9999 -9999 -9999 -9999 -9999 -9999 -9999 -9999 -9999 -9999 -9999 -9999 -9999 -9999 -9999 -9999 -9999 -9999 -9999 -9999 -9999 -9999 -9999 -9999 -9999 -9999 -9999
-9999 -9999 -9999 -9999 -9999 -9999 -9999 -9999 -9999 -9999 -9999 -9999 -9999 -9999 11.19 11.68 12.18 12.17 -9999 -9999 -9999 -9999 -9999 -9999 -9999 -9999 -9999 -9999 -9999 -9999 -9999 -9999 -9999 -9999 -9999 -9999 -9999 -9999 -9999 -9999 -9999 -9999 -9999 -9999 -9999 -9999 -9999 -9999 -9999 -9999 -9999 -9999 -9999 -9999 -9999 -9999 -9999 -9999 -9999 -9999 -9999 -9999 -9999 -9999 -9999 -9999 -9999 -9999 -9999 -9999 -9999 -9999 -9999 -9999 -9999 -9999 -9999 -9999 -9999
-9999 -9999 -9999 -9999 -9999 -9999 -9999 -9999 -9999 -9999 -9999 -9999 -9999 -9999 -9999 -9999 -9999 -9999 -9999 -9999 -9999 -9999 -9999 -9999 -9999 -9999 -9999 -9999 -9999 -9999 -9999 -9999 -9999 -9999 -9999 -9999 -9999 -9999 -9999 -9999 -9999 -9999 -9999 -9999 -9999 -9999 -9999 -9999 -9999 -9999 -9999 -9999 -9999 -9999 -9999 -9999 -9999 -9999 -9999 -9999 -9999 -9999 -9999 -9999 -9999 -9999 -9999 -9999 -9999 -9999 -9999 -9999 -9999 -9999 -9999 -9999 -9999 -9999 -9999
-9999 -9999 -9999 -9999 -9999 -9999 -9999 -9999 -9999 -9999 -9999 -9999 -9999 -9999 -9999 -9999 -9999 -9999 -9999 -9999 -9999 -9999 -9999 -9999 -9999 -9999 -9999 -9999 -9999 -9999 -9999 -9999 -9999 -9999 -9999 -9999 -9999 -9999 -9999 -9999 -9999 -9999 -9999 -9999 -9999 -9999 -9999 -9999 -9999 -9999 -9999 -9999 -9999 -9999 -9999 -9999 -9999 -9999 -9999 -9999 -9999 -9999 -9999 -9999 -9999 -9999 -9999 -9999 -9999 -9999 -9999 -9999 -9999 -9999 -9999 -9999 -9999 -9999 -9999
