ML/MeanWindSpeed_1994-06_Actual.txt
ncols         180
nrows         290
xllcorner     -200000
yllcorner     -200000
cellsize      5000
NODATA_value  -9999
[rows 175 to 209 of 290, columns 78 to 155 of 180]
-9999 -9999 -9999 -9999 -9999 -9999 -9999 -9999 12.04 11.31 10.55 10.14 10.47 9.48 9.47 16.12 21.85 10.31 12.51 12.05 10.98 9.03 6.06 5.81 8.61 11.58 9.70 7.55 7.71 8.45 7.87 8.12 9.47 8.64 8.02 7.54 7.68 7.81 7.61 7.74 7.94 13.00 14.23 11.95 11.99 9.88 8.96 10.34 10.44 8.36 8.04 9.40 8.80 8.28 8.90 8.49 9.36 8.57 8.36 8.18 8.13 9.36 8.24 7.93 7.97 7.85 8.39 8.99 9.17 9.45 9.77 8.56 10.02 11.80 -9999 -9999 -9999 -9999
-9999 -9999 -9999 -9999 -9999 -9999 -9999 -9999 -9999 13.00 10.75 9.69 8.92 8.94 12.07 25.55 18.05 8.81 13.68 9.19 11.99 11.51 7.61 5.18 11.43 10.26 11.21 9.50 7.68 7.60 7.65 7.18 8.38 8.81 8.33 7.87 7.48 7.72 7.57 7.47 9.28 10.58 14.56 12.38 12.90 11.86 7.75 9.83 11.57 8.57 8.52 9.25 8.56 8.39 8.50 8.33 9.23 8.30 7.98 7.99 7.43 8.11 8.05 7.72 7.79 7.84 8.09 8.75 9.97 9.02 8.39 8.44 9.65 11.51 -9999 -9999 -9999 -9999
-9999 -9999 -9999 -9999 -9999 -9999 -9999 -9999 -9999 -9999 11.02 9.28 9.99 12.21 22.53 25.24 18.16 13.34 12.20 12.16 12.96 12.99 12.28 7.86 7.08 13.11 11.09 9.88 8.72 7.55 7.40 7.69 8.00 8.38 7.85 7.35 7.52 7.59 7.56 7.85 8.94 11.09 12.47 10.54 10.72 12.11 10.09 7.55 11.45 8.72 8.53 9.08 8.30 8.23 8.12 8.58 9.07 8.28 7.96 7.79 7.23 8.69 8.15 7.86 7.94 8.01 8.43 8.47 8.57 8.29 8.18 8.47 9.98 11.67 -9999 -9999 -9999 -9999
-9999 -9999 -9999 -9999 -9999 -9999 -9999 -9999 -9999 -9999 10.75 9.91 12.81 15.24 18.04 22.08 14.65 11.11 12.63 14.34 13.84 14.27 12.28 8.77 6.56 13.42 13.43 10.70 9.41 7.52 7.22 7.74 8.77 8.37 7.91 7.57 7.11 7.01 7.54 9.42 9.60 8.17 12.79 10.48 10.88 12.34 12.04 9.74 8.75 8.10 6.97 8.33 8.94 7.98 7.91 7.74 8.29 8.01 8.25 7.95 7.75 8.35 8.94 8.53 8.54 8.37 8.43 8.33 8.14 8.10 8.51 9.42 10.83 -9999 -9999 -9999 -9999 -9999
-9999 -9999 -9999 -9999 -9999 -9999 -9999 -9999 -9999 -9999 9.80 10.04 12.09 12.41 17.75 16.73 13.34 14.14 11.72 12.39 14.52 12.77 14.59 11.65 8.05 12.50 13.58 12.66 9.24 8.09 7.14 8.09 9.30 8.95 7.99 7.39 7.05 7.41 8.83 9.21 7.98 8.00 10.92 10.64 10.31 10.24 9.52 9.45 9.94 6.79 7.60 7.81 7.50 7.87 7.49 8.37 7.68 7.97 8.25 8.18 8.52 10.52 9.64 8.97 8.67 8.61 8.49 8.35 8.21 8.32 9.29 10.61 -9999 -9999 -9999 -9999 -9999 -9999
-9999 -9999 -9999 -9999 -9999 -9999 -9999 -9999 -9999 10.43 17.55 11.07 12.68 14.62 11.12 21.10 18.54 17.06 14.86 16.38 12.95 13.40 11.79 10.20 11.46 15.04 13.52 12.46 9.18 7.93 7.13 8.67 8.95 8.48 7.97 7.22 7.27 8.66 8.38 7.94 9.10 10.08 8.10 12.24 11.32 8.63 9.22 8.52 7.70 7.47 6.69 6.67 6.84 7.80 7.41 7.05 8.57 8.02 8.27 8.57 9.11 10.70 9.72 9.06 8.89 8.59 8.52 8.24 8.14 8.95 10.20 -9999 -9999 -9999 -9999 -9999 -9999 -9999
-9999 -9999 -9999 -9999 -9999 -9999 -9999 10.92 10.47 13.96 12.37 10.50 11.30 12.84 9.84 11.75 13.68 17.18 16.20 16.73 15.01 15.09 9.67 12.14 11.88 9.44 10.15 9.30 9.48 8.40 7.68 8.64 8.95 8.78 7.90 7.75 8.90 8.24 8.63 7.77 9.31 10.03 9.73 8.76 7.92 9.39 8.84 8.24 8.01 7.72 7.39 6.18 7.09 7.00 6.55 6.99 7.65 8.20 8.67 8.65 9.25 10.56 9.67 8.93 8.82 8.49 8.34 8.11 8.37 9.41 -9999 -9999 -9999 -9999 -9999 11.67 11.56 11.21
-9999 -9999 -9999 -9999 -9999 -9999 10.83 10.64 10.75 11.20 11.13 11.01 10.09 8.46 8.29 10.47 12.18 14.76 21.29 13.37 11.31 10.87 7.93 13.86 14.97 14.20 11.08 9.54 9.55 9.10 8.61 8.90 9.43 8.86 8.34 8.17 8.79 9.11 7.73 7.65 9.34 9.50 9.13 8.70 8.77 9.01 7.83 8.18 7.17 7.03 7.50 6.86 6.39 6.08 6.61 7.71 7.82 8.38 8.84 9.04 9.33 10.81 10.01 9.04 8.60 8.33 8.21 8.04 8.30 9.14 -9999 -9999 -9999 -9999 -9999 10.49 10.06 9.92
-9999 -9999 -9999 -9999 -9999 11.01 11.83 11.19 11.30 -9999 -9999 -9999 -9999 8.49 14.54 12.92 12.63 15.22 13.62 11.36 13.80 12.73 11.02 19.74 17.20 14.30 14.49 11.11 8.87 9.24 9.23 8.77 8.87 8.65 8.19 8.59 8.06 9.29 8.01 7.82 8.32 8.90 9.10 8.92 8.01 8.08 7.86 7.72 7.38 7.00 6.57 6.35 6.20 6.60 7.52 7.77 7.98 8.99 9.80 10.05 9.99 10.60 10.11 9.61 8.56 8.31 8.10 7.87 7.90 8.58 9.88 -9999 -9999 -9999 -9999 9.58 9.11 9.09
-9999 -9999 -9999 -9999 -9999 12.34 13.88 10.98 11.65 -9999 -9999 -9999 -9999 8.58 12.04 14.10 9.64 14.42 13.78 12.78 15.75 17.16 13.88 17.73 11.19 12.02 11.71 10.32 8.93 8.83 9.03 8.82 9.01 9.42 8.36 8.84 8.51 8.57 9.01 8.02 8.28 7.85 8.66 9.39 9.65 9.50 7.97 7.42 7.32 7.18 7.47 6.83 6.87 7.40 7.98 8.97 8.71 10.86 11.21 11.62 10.78 10.85 10.30 9.66 8.58 8.39 8.13 7.81 7.67 7.77 8.61 9.42 -9999 -9999 9.93 9.53 9.20 9.47
-9999 -9999 -9999 -9999 -9999 -9999 -9999 -9999 -9999 -9999 -9999 -9999 -9999 9.47 14.26 12.89 9.64 11.81 10.06 16.47 16.08 11.49 14.59 14.05 12.40 12.82 10.54 9.54 8.63 9.29 8.95 9.17 8.87 8.45 8.46 8.41 8.22 8.39 8.87 8.17 7.96 8.39 8.81 8.40 9.05 9.17 7.36 8.55 9.42 8.30 8.32 7.99 6.96 7.79 8.94 10.25 10.44 10.45 11.23 12.05 11.50 11.47 10.56 9.81 8.60 8.45 8.22 7.96 7.68 7.39 7.59 8.18 8.99 9.40 9.16 9.23 8.53 9.47
-9999 -9999 -9999 -9999 -9999 -9999 -9999 -9999 -9999 -9999 -9999 -9999 -9999 -9999 14.33 7.03 7.37 10.86 15.07 14.27 16.30 15.47 11.41 12.41 13.54 10.14 9.53 8.70 8.52 8.45 8.90 8.90 8.81 8.49 8.34 8.25 8.40 8.16 8.74 8.46 8.04 10.23 9.65 8.40 8.17 8.07 8.09 7.96 8.97 9.15 8.69 9.75 8.04 7.85 8.82 8.92 9.82 10.50 10.71 11.96 11.87 11.28 10.16 9.77 8.66 8.51 8.28 8.00 7.80 7.68 7.67 7.69 8.12 8.49 8.66 8.57 8.60 9.66
-9999 -9999 -9999 -9999 -9999 -9999 -9999 -9999 -9999 -9999 -9999 -9999 -9999 -9999 10.00 14.41 15.12 12.90 11.61 11.23 13.97 12.06 12.19 10.42 9.78 11.52 8.81 8.52 10.20 9.66 9.34 8.81 8.13 8.02 8.66 8.48 9.37 9.17 8.93 8.45 8.03 10.07 10.94 9.58 8.49 7.98 8.19 8.21 8.15 8.49 9.28 11.43 10.04 8.30 8.21 9.02 10.50 11.88 12.10 11.67 12.04 11.21 9.90 9.13 8.65 8.55 8.33 8.21 8.02 7.92 7.91 7.98 8.14 8.37 8.70 8.68 8.46 9.30
-9999 -9999 -9999 -9999 -9999 -9999 -9999 -9999 -9999 -9999 -9999 -9999 -9999 11.41 11.34 9.18 17.12 11.67 10.00 12.80 12.64 11.37 14.19 10.65 10.01 12.05 8.16 14.07 11.22 9.41 9.50 10.34 8.61 8.18 10.93 10.54 9.49 8.31 8.80 8.77 8.53 9.29 9.94 9.68 8.88 8.42 8.23 8.35 8.65 8.42 9.65 9.58 9.03 8.59 8.48 9.47 10.75 11.99 12.16 11.17 11.11 10.23 9.39 8.91 8.63 8.51 8.43 8.33 8.19 8.05 8.05 8.13 8.11 8.27 8.90 8.90 8.60 8.91
-9999 -9999 -9999 -9999 -9999 -9999 -9999 -9999 -9999 -9999 -9999 -9999 -9999 9.90 10.92 16.55 11.14 7.20 9.61 9.94 11.76 14.20 13.89 11.11 10.60 10.51 8.63 9.24 10.10 11.51 11.36 9.23 9.09 8.92 9.38 9.86 8.38 8.18 8.91 8.90 9.52 9.96 9.54 9.72 9.27 8.70 8.44 8.40 8.43 8.46 9.34 9.65 9.12 8.25 8.75 10.14 11.51 11.10 11.81 11.61 10.59 9.42 9.79 8.88 8.99 8.60 8.50 8.30 8.21 8.14 8.05 8.07 8.10 8.19 9.09 8.92 8.48 8.63
-9999 -9999 -9999 -9999 -9999 -9999 -9999 -9999 -9999 -9999 -9999 -9999 -9999 10.90 13.19 7.11 9.23 8.68 10.23 10.28 15.05 13.20 14.95 12.14 11.06 9.18 7.94 8.47 11.38 13.34 14.45 9.46 10.88 9.85 10.10 9.61 7.82 8.14 8.58 8.93 9.63 9.31 9.48 10.62 9.73 8.64 8.53 9.70 8.28 8.68 9.09 8.98 8.51 8.35 9.11 9.80 10.34 10.63 10.67 9.87 9.49 9.65 9.61 8.56 8.50 8.55 8.40 8.31 8.12 7.95 7.97 7.98 8.04 8.15 8.47 8.35 8.51 8.40
-9999 -9999 -9999 -9999 -9999 -9999 -9999 -9999 -9999 -9999 -9999 -9999 -9999 -9999 7.48 9.07 11.51 14.20 15.41 13.08 13.44 11.64 9.29 9.30 8.58 9.40 9.29 8.20 9.43 9.95 13.12 10.66 9.47 9.56 10.96 10.21 7.96 8.92 8.09 8.42 10.98 9.56 9.41 9.30 9.38 8.36 8.21 9.90 9.25 8.57 9.11 8.76 8.52 8.90 9.81 9.56 9.57 9.29 9.94 9.07 9.99 9.79 8.70 8.48 8.94 8.65 8.20 8.09 7.90 7.83 7.87 7.90 7.95 7.98 8.01 8.05 8.26 8.26
-9999 -9999 -9999 -9999 -9999 -9999 -9999 -9999 -9999 -9999 -9999 -9999 -9999 -9999 8.52 9.85 11.44 13.95 17.16 15.77 12.36 9.74 8.49 10.05 12.04 13.78 15.14 11.61 9.12 9.53 10.68 9.94 8.00 11.51 10.77 10.32 8.83 9.55 8.37 8.21 9.33 10.93 10.51 9.80 9.28 8.55 8.20 9.37 9.12 8.72 8.77 9.18 9.36 9.61 10.18 9.55 9.19 10.34 10.28 10.05 9.67 9.70 8.68 8.94 9.31 8.24 7.98 7.92 7.79 7.79 7.77 7.77 7.80 7.82 7.85 7.78 7.66 7.56
-9999 -9999 -9999 -9999 -9999 -9999 -9999 -9999 -9999 -9999 -9999 -9999 -9999 9.46 7.64 8.79 11.54 13.40 13.11 12.87 10.60 11.44 16.09 13.14 13.21 13.14 10.87 9.70 10.22 10.36 8.76 7.98 8.63 10.78 10.77 10.09 8.77 9.71 7.95 8.11 9.87 9.62 10.15 10.27 9.70 9.25 8.70 9.43 9.21 8.47 8.76 8.77 8.71 9.55 9.29 10.28 9.59 10.24 9.48 9.60 9.57 8.63 8.37 9.13 8.90 7.84 7.70 7.96 7.68 7.76 7.74 7.83 7.77 7.68 7.63 7.42 7.69 7.97
-9999 -9999 -9999 -9999 -9999 -9999 -9999 -9999 -9999 -9999 -9999 -9999 -9999 11.87 9.77 8.44 8.51 11.24 15.53 14.97 13.31 11.44 12.21 13.54 14.63 14.76 10.54 12.13 12.91 8.73 10.85 6.99 7.87 10.01 11.98 8.96 9.53 8.18 7.33 7.76 8.72 11.70 10.32 10.37 9.94 9.54 9.32 9.30 8.89 8.39 8.52 8.42 8.41 8.46 9.68 10.11 9.95 10.48 9.41 8.76 8.59 8.10 8.39 8.76 8.40 7.89 8.22 8.01 8.23 7.83 7.80 7.97 7.95 7.64 7.46 7.27 7.24 8.02
-9999 -9999 -9999 -9999 -9999 -9999 -9999 -9999 -9999 -9999 -9999 -9999 -9999 10.50 9.17 5.86 7.52 10.98 15.70 14.10 14.23 11.48 13.08 12.42 11.06 12.04 12.15 11.26 9.43 7.89 8.39 10.97 7.88 8.40 8.80 9.10 10.46 8.88 7.32 7.64 8.55 9.17 9.27 10.26 9.83 9.50 9.53 8.69 8.10 8.59 8.77 8.88 8.36 8.94 10.06 9.96 9.00 9.09 9.75 8.58 8.70 7.65 8.42 8.49 7.70 7.63 7.94 7.54 7.80 7.73 7.71 7.75 7.60 7.50 7.48 7.37 7.68 7.22
-9999 -9999 -9999 -9999 -9999 -9999 -9999 -9999 -9999 -9999 -9999 -9999 9.90 10.59 12.06 9.29 7.68 11.84 13.59 15.95 15.73 10.29 10.45 9.63 11.08 12.63 10.26 9.56 11.01 9.17 8.34 8.08 7.63 7.58 8.08 9.11 8.98 8.53 8.16 7.71 7.66 8.52 9.06 8.53 9.01 8.78 9.32 8.46 8.40 8.51 8.08 8.07 8.43 9.54 9.34 9.27 8.48 9.18 9.17 8.59 7.60 8.21 8.20 8.25 8.32 7.91 7.64 7.69 7.63 7.72 7.71 7.58 7.45 7.34 7.33 7.43 7.72 7.65
-9999 -9999 -9999 -9999 -9999 -9999 -9999 -9999 -9999 -9999 -9999 11.83 11.12 11.31 9.14 7.53 10.79 14.13 15.20 13.44 14.94 10.85 11.91 10.29 9.94 16.09 10.90 10.87 8.45 8.54 7.21 7.07 7.89 9.50 8.76 10.66 8.91 9.12 7.71 7.49 7.68 8.08 8.58 8.23 8.35 8.67 8.83 7.64 8.25 8.24 8.34 8.50 8.87 9.49 8.75 9.35 8.72 8.84 7.93 7.57 8.48 8.66 8.08 8.21 8.02 7.26 7.86 8.09 8.09 8.00 7.65 7.39 7.16 7.42 7.46 8.04 8.22 8.36
-9999 -9999 -9999 -9999 -9999 -9999 -9999 -9999 -9999 13.47 11.98 10.51 8.40 7.81 8.04 8.52 12.09 13.68 15.67 17.09 15.04 12.73 8.90 11.35 10.65 14.31 10.84 9.35 9.05 7.60 7.35 6.58 8.22 10.42 9.91 10.08 8.12 8.21 7.77 7.75 8.35 8.08 8.55 7.85 7.99 8.32 7.65 7.54 7.94 8.89 8.65 9.35 10.04 9.57 8.99 8.41 8.04 8.61 8.86 8.33 8.54 7.55 8.11 8.21 7.57 6.92 7.17 8.21 8.14 8.18 7.40 7.15 6.97 7.29 8.30 8.60 8.28 8.99
-9999 -9999 -9999 -9999 -9999 12.69 11.58 10.32 13.43 13.43 13.42 13.13 10.33 9.29 8.38 13.30 12.06 14.27 15.04 14.82 11.90 10.68 8.62 9.81 9.38 15.40 13.38 10.89 8.30 8.32 7.79 9.94 7.81 9.74 10.15 9.66 9.05 8.15 7.42 8.33 7.93 7.56 8.73 7.75 7.85 7.55 7.71 8.13 8.84 8.22 8.94 8.52 9.02 9.91 9.67 9.28 8.82 9.09 8.90 8.33 7.88 8.49 7.42 7.35 7.17 6.90 7.74 8.16 8.34 7.76 7.24 7.28 7.45 8.52 8.66 8.18 8.78 7.92
-9999 -9999 -9999 -9999 13.86 11.63 12.01 11.07 10.55 12.28 11.63 12.06 9.96 8.32 11.48 12.47 13.11 9.84 15.55 12.12 9.83 14.64 11.47 8.12 14.65 12.62 11.83 7.83 7.19 7.67 10.97 8.55 8.16 8.21 8.47 9.95 9.66 9.34 7.82 7.99 7.53 7.59 8.38 8.07 7.88 7.79 7.90 8.48 8.46 10.29 8.43 8.09 8.62 9.45 8.83 8.71 8.19 8.25 8.60 8.20 8.72 8.02 7.35 7.36 7.57 7.13 7.56 7.85 7.54 7.43 7.38 7.44 7.58 8.09 8.84 8.71 8.68 8.18
-9999 -9999 -9999 13.91 13.28 10.19 9.69 9.81 10.91 10.35 10.78 9.91 10.45 14.50 11.47 10.11 13.55 8.20 11.30 11.30 14.45 13.72 14.31 11.98 11.49 10.33 8.18 12.45 11.46 7.83 8.46 8.33 8.09 8.53 7.98 8.09 9.75 9.90 7.54 7.18 7.28 7.95 7.47 7.30 7.93 10.19 8.12 8.00 8.73 9.50 8.69 8.11 8.75 9.29 9.18 9.58 8.90 8.13 7.92 7.75 8.64 8.19 7.46 8.19 8.03 7.43 7.67 7.71 7.58 7.83 7.91 7.87 8.07 8.18 8.81 8.07 7.84 8.07
13.35 11.37 13.22 10.90 10.70 11.24 10.15 9.79 11.96 10.71 10.61 10.77 13.46 12.78 10.85 11.76 11.19 9.47 9.81 13.21 13.60 11.96 12.10 13.65 10.13 7.23 12.95 14.17 10.97 10.71 8.39 8.88 8.01 8.32 10.29 8.29 10.32 8.46 7.35 6.98 7.34 9.21 7.06 7.55 11.49 8.78 8.13 8.18 8.95 9.79 8.34 8.32 8.67 8.37 8.88 8.85 8.32 7.97 8.27 7.80 8.10 8.39 8.30 7.88 7.56 7.28 7.29 7.86 9.26 8.62 9.45 8.78 7.75 8.89 8.54 8.56 8.13 7.87
9.87 9.49 12.43 15.56 14.39 13.88 10.79 11.92 13.72 12.41 11.84 14.00 12.05 11.25 13.51 10.55 8.30 9.56 10.44 13.14 12.96 12.65 12.04 10.77 8.24 10.09 19.61 15.49 11.43 8.83 9.43 8.87 10.32 8.64 9.29 8.39 8.14 7.88 7.74 7.09 6.94 7.29 7.04 10.51 11.04 10.00 8.46 8.00 10.68 9.20 8.36 8.46 8.04 8.72 8.63 8.36 7.66 8.74 8.35 7.69 9.17 8.94 7.93 7.71 7.57 7.36 7.83 8.83 9.26 9.08 9.53 8.79 8.34 8.99 8.62 7.90 8.13 7.93
8.85 9.31 10.87 11.59 11.19 10.05 12.11 10.98 13.05 9.99 11.25 13.72 12.76 10.90 11.64 8.25 7.87 11.92 13.14 12.01 10.69 12.84 9.84 8.40 7.59 12.45 15.78 16.16 9.32 9.88 10.06 10.36 9.43 8.04 9.66 8.95 8.35 7.58 7.75 6.58 6.52 7.76 7.78 10.46 10.23 9.41 8.13 8.86 10.35 9.62 8.98 8.38 8.52 8.38 8.08 7.76 7.80 8.32 8.66 8.28 8.14 8.19 7.95 8.90 9.38 7.79 8.04 8.82 9.09 8.64 9.14 9.03 8.99 8.96 7.98 7.98 7.77 7.76
9.87 8.89 9.76 9.80 10.81 10.51 10.84 12.06 10.79 11.71 10.42 10.15 9.95 9.14 8.22 10.34 9.15 12.98 19.38 10.92 11.10 11.84 16.41 15.94 8.00 7.78 17.99 13.47 10.75 11.15 12.27 10.10 8.10 7.50 9.99 10.07 8.27 7.40 7.12 6.66 6.82 8.13 10.64 10.89 9.47 8.97 8.56 8.30 8.24 9.10 8.32 8.12 7.89 7.57 7.36 7.45 8.45 8.28 8.10 8.23 7.52 7.78 8.65 8.45 9.02 8.28 8.16 8.17 8.36 8.85 9.05 9.07 9.05 9.06 7.81 7.35 7.72 7.60
9.01 8.45 9.51 8.84 9.77 10.26 10.74 9.91 9.92 10.91 10.18 11.70 10.30 11.82 8.36 11.63 13.53 13.54 14.81 15.56 12.85 15.05 17.16 12.07 14.06 12.40 8.05 13.19 12.29 8.64 9.17 7.69 9.45 9.20 12.21 10.94 8.11 7.28 6.63 6.66 7.99 10.87 9.40 10.98 9.31 8.98 9.60 8.27 9.20 7.70 7.92 7.55 7.31 7.24 7.47 7.60 7.80 7.59 7.64 7.52 7.75 8.76 9.53 8.89 8.10 8.58 7.94 8.87 8.06 7.92 8.21 8.53 8.71 8.69 8.19 7.17 7.50 7.44
9.62 8.53 8.17 9.92 11.47 13.62 12.77 11.45 10.66 9.83 10.30 13.25 10.23 11.00 8.12 10.27 10.79 10.01 9.10 12.07 11.37 13.53 13.54 15.90 13.86 14.50 13.34 17.27 10.48 8.90 8.32 9.60 9.07 11.49 10.81 10.85 7.50 7.04 6.49 10.25 11.06 10.60 10.84 8.90 9.30 9.42 8.99 7.62 7.44 7.48 7.26 7.16 7.17 7.16 7.80 8.01 8.40 7.93 7.41 7.51 8.25 9.96 8.26 8.64 8.55 7.99 7.84 7.93 7.43 7.48 8.11 7.85 8.27 8.26 7.91 7.64 7.54 6.98
10.20 9.03 8.52 8.95 11.16 12.04 13.24 12.55 11.73 10.98 10.44 10.86 13.13 9.17 13.15 11.94 11.75 12.97 11.65 9.81 10.11 11.84 10.70 12.68 12.50 10.90 15.79 15.33 8.87 9.55 7.51 8.40 10.17 10.75 9.90 9.03 7.37 7.05 8.83 8.24 10.16 9.86 9.05 9.21 8.77 8.23 7.85 6.88 6.53 6.56 6.64 8.30 7.08 7.86 7.30 7.44 7.29 7.27 7.46 8.45 9.64 9.11 8.59 8.60 8.29 7.91 7.96 8.24 8.37 6.93 7.86 8.68 7.98 7.69 7.90 6.93 7.04 7.70
9.94 9.48 10.00 11.12 12.88 -9999 -9999 -9999 -9999 12.32 12.03 12.89 10.29 8.97 10.21 10.06 9.55 9.14 5.99 15.32 16.23 11.02 9.67 9.95 11.76 12.75 14.74 11.32 9.16 7.98 7.19 11.38 9.97 11.42 8.40 7.98 7.43 7.51 9.88 8.21 9.86 9.65 8.69 8.61 8.17 7.64 6.91 6.47 6.30 6.41 6.62 7.96 7.21 7.53 7.59 7.36 7.47 7.46 8.91 8.72 9.04 9.08 8.97 7.46 7.39 7.21 8.22 8.52 7.91 6.62 7.45 8.18 7.94 7.51 8.06 7.39 7.01 7.21
