ML/MeanWindSpeed_1998-12_Actual.txt
ncols         180
nrows         290
xllcorner     -200000
yllcorner     -200000
cellsize      5000
NODATA_value  -9999
[rows 204 to 237 of 290, columns 78 to 155 of 180]
9.20 9.69 11.54 12.54 12.25 10.99 13.20 11.95 14.12 10.53 11.82 14.45 13.36 11.11 11.44 6.82 5.45 9.35 10.51 9.24 7.84 10.32 7.22 5.79 5.07 11.17 15.89 16.96 9.52 10.14 10.46 10.83 9.73 8.20 9.95 9.21 8.76 7.94 7.98 6.36 5.95 7.13 7.09 10.18 10.11 9.22 7.71 8.56 10.32 9.59 8.91 8.27 8.48 8.32 7.90 7.42 7.34 7.89 8.30 7.92 7.88 7.97 7.75 8.96 9.54 7.77 8.02 8.82 9.00 8.32 8.69 8.43 8.38 8.73 9.18 9.70 9.54 9.50
10.48 9.42 10.49 10.58 11.64 11.27 11.55 12.86 11.43 12.26 10.78 10.45 10.07 8.86 7.35 8.87 6.89 10.92 17.77 8.21 8.30 9.43 14.90 14.51 5.89 6.19 18.25 13.81 11.04 11.59 12.91 10.59 8.21 7.42 10.26 10.53 8.69 7.68 7.12 6.17 5.97 7.42 10.31 10.78 9.42 8.87 8.33 8.08 8.08 9.11 8.28 8.09 7.84 7.43 7.05 6.94 7.87 7.60 7.43 7.55 6.79 7.20 8.30 8.24 9.01 8.24 8.14 8.11 8.21 8.58 8.59 8.43 8.41 8.63 8.93 9.06 9.55 9.38
9.72 8.98 10.21 9.45 10.44 10.97 11.35 10.34 10.28 11.21 10.27 11.81 10.18 11.58 7.29 10.27 12.11 11.98 13.15 13.71 10.59 13.17 15.85 10.53 13.04 11.69 7.26 13.25 12.69 8.83 9.47 7.74 9.44 9.20 12.81 11.62 8.55 7.42 6.30 5.94 7.27 10.57 9.13 11.01 9.26 8.90 9.59 8.18 9.26 7.65 7.92 7.51 7.21 7.04 7.17 7.06 7.01 6.57 6.48 6.29 6.73 8.16 9.28 8.74 7.98 8.59 7.93 8.89 7.91 7.63 7.75 7.91 8.13 8.40 9.02 8.68 9.22 9.07
10.50 9.06 8.57 10.42 12.21 14.83 13.84 12.14 11.00 9.89 10.20 13.39 10.05 10.73 7.32 9.57 9.95 8.88 7.62 10.47 9.50 12.01 12.18 14.81 12.72 13.95 13.13 17.79 10.69 9.10 8.41 9.62 8.94 11.85 11.52 11.73 7.81 6.90 5.84 9.81 10.73 10.42 10.86 8.82 9.29 9.45 8.99 7.47 7.32 7.43 7.20 7.09 7.11 7.03 7.58 7.45 7.39 6.38 5.56 5.83 7.18 9.57 8.01 8.56 8.55 7.97 7.80 7.89 7.35 7.28 7.78 7.38 7.94 8.24 8.53 8.82 8.95 8.30
11.19 9.67 9.05 9.59 12.28 13.51 14.89 13.90 12.65 11.37 10.48 10.93 13.30 8.73 13.07 11.76 11.43 12.53 10.68 8.27 8.53 10.52 9.39 11.66 11.37 9.91 15.70 15.57 8.83 9.52 7.17 8.18 10.28 11.29 10.79 9.77 7.51 6.64 8.26 7.66 9.90 9.74 8.97 9.20 8.76 8.22 7.78 6.67 6.30 6.36 6.50 8.39 7.22 8.11 7.33 6.90 5.74 4.91 4.93 6.41 8.71 8.91 8.61 8.69 8.30 7.79 7.89 8.28 8.45 6.78 7.70 8.57 7.90 7.83 8.47 7.71 8.05 8.78
11.17 10.43 11.09 12.62 14.83 -9999 -9999 -9999 -9999 13.48 12.67 13.33 10.28 8.71 10.04 9.86 9.03 8.04 4.16 14.43 15.42 9.76 8.34 8.86 10.84 12.13 14.70 11.22 8.96 7.52 6.62 11.49 10.38 12.37 9.07 8.35 7.39 7.09 9.45 7.76 9.72 9.56 8.57 8.55 8.11 7.54 6.73 6.21 6.02 6.15 6.50 8.17 7.63 8.16 8.10 7.10 5.74 4.69 6.20 6.34 8.12 9.15 9.21 7.53 7.28 7.01 8.23 8.66 8.03 6.57 7.47 8.24 8.05 7.73 8.57 8.02 7.70 7.88
14.07 14.21 12.69 15.26 15.74 -9999 -9999 -9999 -9999 -9999 -9999 -9999 9.63 9.39 10.39 8.87 8.21 7.86 9.87 12.34 15.27 14.70 12.39 10.59 10.07 9.17 12.88 12.69 7.90 6.46 10.92 11.37 12.97 9.41 8.48 7.91 7.17 8.47 9.33 9.12 9.40 9.00 8.52 8.13 7.64 7.07 6.79 6.50 7.17 6.71 7.05 7.47 7.80 8.01 7.54 7.92 7.87 6.23 5.15 6.90 8.27 8.79 8.53 7.35 6.69 7.39 8.14 7.79 6.94 6.62 7.81 6.66 7.08 8.24 7.65 7.69 7.49 6.39
-9999 14.84 -9999 -9999 -9999 -9999 -9999 -9999 -9999 -9999 15.12 13.00 12.18 13.54 12.73 10.77 8.88 8.66 8.46 11.30 13.16 12.64 8.34 8.25 12.37 11.21 11.34 8.95 7.27 7.07 10.37 11.00 10.87 9.08 8.51 8.02 6.38 10.05 10.41 9.03 9.10 8.62 8.42 8.13 7.66 7.90 7.20 7.28 6.66 6.76 7.13 7.73 7.87 8.10 7.37 8.93 9.77 6.68 6.71 5.13 7.62 7.93 7.29 7.59 7.02 7.29 8.25 7.57 6.68 6.64 6.64 7.22 7.86 7.22 7.89 7.56 6.46 5.90
-9999 -9999 -9999 -9999 -9999 -9999 -9999 -9999 -9999 -9999 16.73 15.68 13.31 14.80 15.31 -9999 -9999 9.36 11.95 6.89 8.91 8.52 8.69 9.78 11.77 9.05 8.75 9.26 8.95 9.97 10.74 10.89 9.96 9.10 9.34 7.29 7.81 10.40 9.19 8.61 8.20 8.29 8.85 8.62 7.93 7.68 6.90 6.93 7.51 8.13 8.05 8.99 7.88 7.31 8.31 10.99 8.54 7.60 6.49 5.12 7.42 7.34 6.79 6.36 6.36 6.51 6.88 8.54 7.19 6.99 6.94 6.91 7.05 6.75 6.38 7.86 6.94 7.28
-9999 -9999 -9999 -9999 -9999 -9999 -9999 -9999 -9999 -9999 -9999 -9999 -9999 -9999 -9999 -9999 -9999 11.43 9.73 8.82 7.65 6.59 6.80 7.81 9.38 9.40 10.04 10.84 11.60 12.47 12.27 -9999 9.92 8.93 7.91 7.18 8.03 10.09 9.18 9.07 8.25 7.47 7.46 8.45 7.58 7.53 8.59 8.66 8.30 9.23 10.31 9.09 8.79 8.43 8.74 10.09 8.34 7.74 7.22 6.49 6.68 6.87 7.34 6.97 6.48 6.48 6.95 7.20 7.05 6.97 6.94 6.92 6.94 7.13 7.33 7.70 7.44 7.68
-9999 -9999 -9999 -9999 -9999 -9999 -9999 -9999 -9999 -9999 -9999 -9999 -9999 -9999 -9999 -9999 -9999 -9999 10.97 8.69 6.89 6.81 8.11 7.95 8.55 9.68 11.48 -9999 -9999 -9999 -9999 11.14 9.50 8.49 7.33 7.06 8.04 10.01 9.18 9.25 8.24 7.06 7.93 7.68 9.13 8.55 10.44 8.97 9.13 8.75 9.22 9.13 8.48 9.31 7.55 8.21 8.36 6.66 6.77 6.43 6.49 6.79 7.10 7.50 7.37 6.42 6.37 6.40 6.50 6.44 7.91 8.21 7.01 7.09 7.41 7.58 7.84 8.90
-9999 -9999 -9999 -9999 -9999 -9999 -9999 -9999 -9999 -9999 -9999 -9999 -9999 -9999 -9999 -9999 -9999 -9999 -9999 9.94 9.98 7.98 7.79 10.61 10.97 12.08 -9999 -9999 -9999 -9999 11.66 11.00 10.38 6.97 6.46 6.64 9.38 10.32 9.79 8.87 7.42 7.24 7.14 8.87 10.44 9.40 9.54 8.95 9.20 8.97 7.89 8.41 8.46 8.01 7.88 7.80 7.39 6.61 6.65 7.24 7.64 7.98 7.09 7.28 7.10 6.43 6.79 6.65 6.94 6.48 7.36 7.28 7.13 8.18 7.37 8.17 8.43 9.34
-9999 -9999 -9999 -9999 -9999 -9999 -9999 -9999 -9999 -9999 -9999 -9999 -9999 -9999 -9999 -9999 -9999 -9999 -9999 -9999 10.51 9.61 9.56 13.31 12.57 14.09 -9999 -9999 -9999 10.98 8.36 7.68 9.55 9.03 8.06 6.83 8.55 7.97 9.63 8.59 6.68 7.87 9.07 9.24 8.93 9.88 9.09 8.67 8.46 7.81 7.65 7.53 7.72 8.23 7.76 7.06 6.88 6.84 6.89 7.72 7.47 7.68 7.45 6.92 6.82 6.30 6.20 6.13 6.56 6.60 6.87 6.60 7.37 7.86 8.34 8.04 7.08 9.10
-9999 -9999 -9999 -9999 -9999 -9999 -9999 -9999 -9999 -9999 -9999 -9999 -9999 -9999 -9999 -9999 -9999 -9999 -9999 -9999 -9999 -9999 -9999 -9999 -9999 -9999 -9999 -9999 13.75 9.19 6.92 6.88 9.18 7.44 8.13 8.86 8.92 9.02 9.09 7.31 6.80 7.11 8.26 8.25 8.57 8.69 8.87 8.55 8.45 10.07 8.35 8.43 7.76 8.25 8.11 7.11 7.04 6.57 7.13 8.02 7.36 6.75 6.66 6.68 6.33 6.59 6.13 6.60 6.34 7.47 8.03 7.38 6.12 9.01 9.85 8.04 6.68 9.75
-9999 -9999 -9999 -9999 -9999 -9999 -9999 -9999 -9999 -9999 -9999 -9999 -9999 -9999 -9999 -9999 -9999 -9999 -9999 -9999 -9999 -9999 -9999 -9999 -9999 -9999 -9999 -9999 10.74 8.63 6.80 12.49 10.89 7.41 8.17 8.95 9.44 9.75 7.91 7.39 7.11 6.99 8.27 7.98 7.67 9.38 9.11 10.28 8.78 9.09 10.34 8.63 8.19 8.08 7.45 7.18 6.91 6.78 7.27 7.36 7.46 6.76 6.21 6.07 5.65 5.90 7.73 7.03 7.90 8.42 9.49 7.79 6.49 7.95 8.40 6.85 6.02 6.69
-9999 -9999 -9999 -9999 -9999 -9999 -9999 -9999 -9999 -9999 -9999 -9999 -9999 -9999 -9999 -9999 -9999 -9999 -9999 -9999 -9999 -9999 -9999 -9999 -9999 -9999 -9999 -9999 10.23 6.82 4.97 7.57 11.65 10.66 9.96 8.99 10.28 8.30 7.71 7.10 8.83 8.92 9.73 9.12 8.13 8.26 8.25 8.76 9.25 9.26 8.25 8.09 8.13 8.13 7.52 7.20 7.09 7.07 7.61 7.43 7.04 6.08 5.95 6.80 7.53 6.71 7.69 7.32 7.33 7.54 8.44 10.26 9.83 7.60 7.41 7.61 7.63 7.36
-9999 -9999 -9999 -9999 -9999 -9999 -9999 -9999 -9999 -9999 -9999 14.16 14.08 11.35 16.26 15.55 15.70 16.31 18.72 10.89 17.01 12.13 -9999 -9999 -9999 -9999 -9999 -9999 9.48 7.61 6.68 5.50 6.63 9.05 11.01 10.55 9.14 8.08 7.83 8.63 9.99 9.15 8.42 8.39 7.80 7.92 8.61 8.25 7.86 7.62 7.96 7.23 7.91 8.44 9.24 8.11 7.53 8.04 7.96 7.37 7.80 6.16 5.55 7.13 8.25 6.91 6.46 6.89 7.00 6.90 6.78 7.03 6.95 6.55 6.37 6.12 6.06 6.02
-9999 -9999 -9999 -9999 -9999 -9999 -9999 -9999 -9999 -9999 -9999 15.31 13.67 12.77 10.04 12.56 14.80 14.53 15.72 16.29 13.37 11.74 9.94 10.97 13.87 11.83 10.79 9.23 8.41 7.49 6.94 6.43 5.79 6.28 9.32 9.57 8.50 7.59 10.67 9.12 8.10 8.66 9.15 8.18 7.81 9.00 8.79 8.82 8.29 8.09 6.81 6.95 7.52 7.66 7.81 8.74 9.12 7.45 7.14 6.75 6.31 6.88 5.71 9.87 8.06 7.57 7.00 6.52 6.72 6.62 7.62 7.57 6.13 7.82 7.27 7.82 6.39 6.55
-9999 -9999 -9999 -9999 -9999 -9999 -9999 -9999 -9999 -9999 14.34 12.12 10.45 9.12 7.70 10.54 14.19 14.17 13.37 13.34 13.30 11.95 9.79 8.91 10.24 11.77 8.90 8.14 7.39 7.37 8.22 6.65 6.51 7.96 8.10 7.83 7.98 10.43 8.60 10.22 9.56 8.69 7.72 8.26 7.99 8.99 9.21 8.49 8.72 7.50 7.71 7.37 7.21 7.15 8.79 9.76 7.54 6.52 6.82 9.26 7.41 6.59 6.68 6.64 6.97 7.11 6.59 6.42 7.11 8.23 7.32 6.20 6.09 7.95 7.32 7.08 7.52 7.35
-9999 -9999 -9999 -9999 -9999 -9999 -9999 -9999 -9999 -9999 -9999 11.32 9.11 7.85 9.52 9.36 10.68 14.30 13.09 10.86 9.39 12.02 13.86 10.91 8.38 8.91 11.07 8.90 6.92 6.84 6.70 7.38 7.37 6.49 6.81 7.38 8.11 9.21 8.00 9.88 8.78 8.71 8.58 8.79 8.07 9.04 9.38 8.94 7.18 7.17 7.82 6.84 6.24 6.00 7.33 8.91 8.55 6.42 6.84 8.27 7.98 7.02 6.02 5.86 5.59 5.88 7.63 7.31 7.03 7.66 8.76 7.86 7.33 8.13 8.13 7.07 7.98 6.85
-9999 -9999 -9999 -9999 -9999 -9999 -9999 16.01 -9999 -9999 12.85 10.81 10.95 7.54 9.48 8.05 8.29 9.32 10.27 11.23 9.33 11.46 12.80 9.86 8.34 7.11 7.31 7.12 6.50 6.56 6.86 7.73 6.54 6.24 7.05 9.09 7.73 8.57 7.48 8.64 8.25 9.21 10.12 9.25 8.04 7.67 7.87 7.44 6.88 8.43 7.28 6.37 8.28 6.48 6.71 9.01 10.10 6.30 6.72 7.35 7.09 6.45 5.93 5.78 6.13 6.75 7.33 6.45 6.02 6.01 6.64 6.80 6.95 7.85 7.21 7.13 7.05 6.46
-9999 -9999 -9999 -9999 -9999 -9999 14.16 15.28 14.89 14.21 10.82 9.46 11.13 8.46 7.19 7.89 7.42 9.60 10.76 11.72 9.83 9.46 9.93 8.46 7.11 6.59 6.95 7.51 7.54 6.57 6.51 6.67 6.13 6.10 8.17 8.49 7.47 8.02 8.31 9.88 9.10 9.17 10.58 9.09 8.64 7.42 8.19 7.67 7.82 7.12 6.73 5.96 7.16 7.07 6.32 7.72 7.28 6.44 6.31 6.18 6.99 6.77 6.44 6.04 5.71 5.65 5.65 6.17 6.53 6.28 5.44 6.02 6.58 7.61 8.13 7.67 6.39 7.39
-9999 -9999 -9999 -9999 -9999 -9999 13.00 12.68 11.44 11.87 10.45 9.24 7.97 9.86 9.59 8.43 9.86 10.02 10.16 11.78 10.30 9.94 9.44 6.74 7.80 9.92 9.36 8.12 7.08 6.28 6.80 7.32 7.54 6.86 8.42 7.92 8.51 7.39 6.59 8.52 10.03 8.87 8.95 8.62 7.82 7.92 8.69 7.68 6.91 7.68 7.84 6.19 6.51 6.49 6.39 7.44 7.86 7.86 9.45 6.69 6.88 5.92 5.59 5.90 6.10 5.58 5.39 5.91 6.73 6.33 5.84 5.60 6.55 6.69 6.89 7.07 7.37 6.23
-9999 -9999 -9999 -9999 -9999 -9999 13.34 11.64 10.79 11.15 10.41 10.02 8.45 8.96 8.96 7.54 9.02 9.39 10.41 10.99 10.41 7.45 5.87 5.36 8.02 8.28 9.03 9.66 7.29 7.01 7.16 6.62 7.68 6.95 8.19 7.82 7.83 7.54 6.87 8.90 8.47 8.58 8.44 8.09 7.73 7.91 8.69 8.53 7.13 6.85 7.12 7.93 6.49 6.66 6.42 6.89 6.93 6.99 7.75 7.24 8.21 8.97 5.09 8.97 7.31 5.27 5.60 9.35 9.43 8.92 5.65 5.64 6.02 5.95 6.53 6.33 7.80 9.11
-9999 -9999 -9999 -9999 -9999 -9999 11.67 10.83 10.49 10.23 9.59 9.28 8.53 8.01 9.13 8.42 8.63 9.50 8.76 9.01 8.77 8.38 5.25 6.21 8.85 8.08 9.47 9.42 7.55 7.77 8.09 6.91 7.32 7.56 7.65 7.52 7.54 8.36 9.42 7.54 8.56 8.37 8.30 7.92 7.70 8.03 8.54 7.59 7.56 7.26 7.71 8.15 8.74 7.89 8.81 8.36 7.73 7.35 6.87 6.33 6.39 6.70 6.01 8.23 8.15 8.88 8.42 9.14 9.83 10.27 6.34 6.38 6.24 6.43 7.05 8.33 9.91 10.46
-9999 -9999 -9999 -9999 -9999 -9999 10.51 9.95 9.85 10.25 10.74 9.68 8.98 8.45 9.01 10.29 9.71 9.22 8.39 8.88 8.34 7.74 7.13 6.10 6.72 6.60 9.08 7.75 5.67 8.74 8.35 7.03 9.99 8.61 9.33 9.99 9.27 8.98 9.67 8.41 7.65 8.16 8.08 7.41 7.50 7.73 8.32 7.41 7.68 8.75 9.57 9.34 9.32 9.57 9.60 9.85 9.68 9.06 8.06 7.61 8.18 8.76 9.06 9.68 10.06 10.32 -9999 -9999 9.95 10.11 9.34 8.55 7.61 10.88 8.98 -9999 -9999 -9999
-9999 -9999 -9999 -9999 -9999 13.45 10.72 10.14 9.04 10.04 10.26 11.28 9.72 10.67 10.23 10.65 9.81 9.14 8.62 8.57 8.01 7.42 7.21 7.12 7.73 8.37 8.05 6.38 9.48 10.43 7.50 6.61 7.78 7.90 9.43 9.49 8.32 8.20 8.03 7.78 8.76 8.59 8.72 8.24 8.14 8.73 9.65 9.41 9.02 9.01 9.35 9.72 -9999 -9999 10.93 11.96 12.02 11.27 10.59 10.03 10.28 -9999 -9999 -9999 -9999 -9999 -9999 -9999 -9999 -9999 -9999 10.09 10.63 12.58 11.19 -9999 -9999 -9999
-9999 -9999 -9999 -9999 14.62 12.52 10.29 10.69 9.20 9.08 8.86 8.71 8.47 12.64 13.57 11.88 10.87 10.51 10.74 9.25 8.08 7.40 7.77 7.80 10.98 11.89 11.14 10.75 12.68 9.82 9.61 9.14 9.85 10.66 8.81 7.59 8.24 7.50 7.77 7.61 8.00 8.13 10.00 11.29 11.31 11.11 11.13 11.32 10.26 -9999 8.51 9.40 9.29 9.91 11.03 -9999 -9999 -9999 -9999 12.14 -9999 -9999 -9999 -9999 -9999 -9999 -9999 -9999 -9999 -9999 -9999 -9999 -9999 -9999 -9999 -9999 -9999 -9999
-9999 -9999 -9999 14.92 13.93 13.45 11.90 9.93 9.23 8.79 7.27 6.63 8.69 15.22 16.95 11.42 10.50 13.26 9.72 11.47 8.38 7.71 11.24 10.14 10.30 10.96 11.39 -9999 -9999 -9999 -9999 -9999 10.53 11.90 11.03 9.02 8.76 8.32 7.67 7.78 7.89 8.86 10.65 -9999 -9999 -9999 -9999 -9999 11.81 11.49 9.90 8.41 8.32 10.95 11.28 -9999 -9999 -9999 -9999 -9999 -9999 -9999 -9999 -9999 -9999 -9999 -9999 -9999 -9999 -9999 -9999 -9999 -9999 -9999 -9999 -9999 -9999 -9999
-9999 -9999 9.66 10.55 12.71 13.26 11.78 11.15 9.98 7.77 8.17 7.86 10.96 14.74 16.55 14.73 13.31 10.92 11.76 9.93 10.08 9.56 12.32 12.50 -9999 -9999 -9999 -9999 -9999 -9999 -9999 -9999 -9999 11.33 11.41 9.78 10.97 11.98 12.19 9.61 11.97 12.22 13.37 -9999 -9999 -9999 -9999 -9999 -9999 -9999 9.75 9.92 8.59 9.81 -9999 -9999 -9999 -9999 -9999 -9999 -9999 -9999 -9999 -9999 -9999 -9999 -9999 -9999 -9999 -9999 -9999 -9999 -9999 -9999 -9999 -9999 -9999 -9999
13.12 12.22 9.11 9.39 11.35 13.41 13.70 11.67 9.17 8.95 9.45 9.09 11.05 15.08 13.57 13.65 13.09 13.74 7.30 10.29 14.17 11.69 -9999 -9999 -9999 -9999 -9999 -9999 -9999 -9999 -9999 -9999 -9999 -9999 -9999 12.51 -9999 -9999 -9999 -9999 11.16 14.12 14.96 -9999 -9999 -9999 -9999 -9999 -9999 -9999 -9999 10.64 12.88 11.39 -9999 -9999 -9999 -9999 -9999 -9999 -9999 -9999 -9999 -9999 -9999 -9999 -9999 -9999 -9999 -9999 -9999 -9999 -9999 -9999 -9999 -9999 -9999 -9999
12.10 10.47 7.95 9.12 11.23 12.18 13.19 11.79 10.77 11.92 8.53 7.21 9.50 13.86 14.49 12.32 10.61 12.00 8.65 8.64 10.67 -9999 -9999 -9999 -9999 -9999 -9999 -9999 -9999 -9999 -9999 -9999 -9999 -9999 -9999 14.23 -9999 -9999 -9999 -9999 -9999 -9999 -9999 -9999 -9999 -9999 -9999 -9999 -9999 -9999 -9999 -9999 -9999 -9999 -9999 -9999 -9999 -9999 -9999 -9999 -9999 -9999 -9999 -9999 -9999 -9999 -9999 -9999 -9999 -9999 -9999 -9999 -9999 -9999 -9999 -9999 -9999 -9999
13.07 11.10 8.37 9.54 10.29 10.63 11.60 11.00 11.05 12.52 8.38 7.47 8.66 11.91 17.40 17.84 10.08 9.82 9.05 10.31 13.54 -9999 -9999 -9999 -9999 -9999 -9999 -9999 -9999 -9999 -9999 -9999 -9999 -9999 -9999 -9999 -9999 -9999 -9999 -9999 -9999 -9999 -9999 -9999 -9999 -9999 -9999 -9999 -9999 -9999 -9999 -9999 -9999 -9999 -9999 -9999 -9999 -9999 -9999 -9999 -9999 -9999 -9999 -9999 -9999 -9999 -9999 -9999 -9999 -9999 -9999 -9999 -9999 -9999 -9999 -9999 -9999 -9999
11.16 12.59 10.88 10.61 10.24 11.33 10.65 10.49 10.78 9.72 9.75 8.69 8.28 11.90 15.02 14.63 11.95 9.02 9.05 12.78 12.20 -9999 -9999 -9999 -9999 -9999 -9999 -9999 -9999 -9999 -9999 -9999 -9999 -9999 -9999 -9999 -9999 -9999 -9999 -9999 -9999 -9999 -9999 -9999 -9999 -9999 -9999 -9999 -9999 -9999 -9999 -9999 -9999 -9999 -9999 -9999 -9999 -9999 -9999 -9999 -9999 -9999 -9999 -9999 -9999 -9999 -9999 -9999 -9999 -9999 -9999 -9999 -9999 -9999 -9999 -9999 -9999 -9999
