ML/MeanWindSpeed_1993-04_Actual.txt
ncols         180
nrows         290
xllcorner     -200000
yllcorner     -200000
cellsize      5000
NODATA_value  -9999
[rows 210 to 244 of 290, columns 78 to 155 of 180]
11.96 12.05 11.00 12.51 12.56 -9999 -9999 -9999 -9999 -9999 -9999 -9999 8.65 8.66 9.63 9.14 8.97 8.82 9.97 11.56 13.39 12.97 11.59 10.54 10.21 9.59 12.04 11.89 8.58 7.52 10.30 10.67 11.67 9.35 8.60 8.12 7.56 8.26 8.90 9.08 9.43 9.18 8.87 8.65 8.37 7.99 7.68 7.28 7.62 7.39 7.64 7.95 8.23 8.44 8.04 8.16 8.77 8.55 8.11 9.26 9.22 8.88 8.69 7.98 7.53 7.86 8.18 7.91 7.45 7.29 8.11 7.46 7.69 8.36 7.95 7.98 8.00 7.56
-9999 12.29 -9999 -9999 -9999 -9999 -9999 -9999 -9999 -9999 11.70 10.61 10.31 11.27 11.05 10.13 9.25 9.43 9.49 11.48 12.80 12.18 9.32 9.27 11.78 10.93 11.11 9.56 8.23 7.95 10.00 10.45 10.36 9.02 8.49 8.14 7.04 9.29 9.63 8.91 9.09 8.76 8.55 8.35 8.07 8.24 7.68 7.58 7.14 7.23 7.48 7.93 8.08 8.33 7.84 8.75 9.83 8.78 9.11 8.00 8.80 8.47 8.01 8.36 7.95 7.92 8.33 7.79 7.21 7.22 7.32 7.77 8.16 7.77 8.21 8.07 7.59 7.54
-9999 -9999 -9999 -9999 -9999 -9999 -9999 -9999 -9999 -9999 12.72 12.22 10.92 12.03 12.58 -9999 -9999 9.80 11.91 9.09 10.41 9.95 9.77 10.20 11.33 9.57 9.47 9.59 9.09 9.65 10.15 10.23 9.56 8.85 8.94 7.68 7.91 9.56 8.93 8.59 8.42 8.42 8.63 8.37 7.87 7.76 7.29 7.34 7.74 8.17 8.11 8.71 8.03 7.76 8.47 10.25 9.09 9.01 8.47 7.39 8.29 7.88 7.70 7.92 7.83 7.51 7.43 8.33 7.39 7.29 7.30 7.35 7.53 7.43 7.26 8.31 7.88 8.29
-9999 -9999 -9999 -9999 -9999 -9999 -9999 -9999 -9999 -9999 -9999 -9999 -9999 -9999 -9999 -9999 -9999 11.09 10.54 10.30 9.67 8.83 8.63 8.86 9.68 9.61 9.97 10.23 10.49 11.02 10.93 -9999 9.25 8.68 8.18 7.69 8.02 9.35 8.90 8.85 8.37 7.82 7.68 8.13 7.56 7.63 8.39 8.51 8.31 8.94 9.65 8.89 8.71 8.53 8.85 9.90 8.99 8.74 8.32 7.51 7.13 6.82 7.03 7.82 7.51 7.01 7.11 7.25 7.10 7.11 7.11 7.17 7.28 7.49 7.63 7.91 7.91 8.35
-9999 -9999 -9999 -9999 -9999 -9999 -9999 -9999 -9999 -9999 -9999 -9999 -9999 -9999 -9999 -9999 -9999 -9999 11.21 10.16 9.27 9.30 9.62 8.83 9.00 9.56 10.48 -9999 -9999 -9999 -9999 9.89 8.76 8.35 7.84 7.68 8.16 9.42 8.93 8.99 8.34 7.48 7.92 7.64 8.56 8.27 9.56 8.76 8.96 8.74 9.10 9.06 8.60 9.13 8.09 8.71 8.83 7.63 7.47 6.86 6.44 6.02 5.39 5.15 5.71 6.01 6.35 6.61 6.69 6.65 7.57 7.77 7.06 7.12 7.27 7.49 7.80 8.66
-9999 -9999 -9999 -9999 -9999 -9999 -9999 -9999 -9999 -9999 -9999 -9999 -9999 -9999 -9999 -9999 -9999 -9999 -9999 10.85 11.29 10.40 9.60 9.87 10.10 10.75 -9999 -9999 -9999 -9999 10.34 9.81 9.42 7.41 7.16 7.30 9.09 9.69 9.38 8.85 7.90 7.66 7.49 8.54 9.52 8.88 9.03 8.73 8.87 8.73 8.17 8.60 8.63 8.31 8.24 8.29 7.94 7.27 7.08 7.11 6.97 6.62 5.38 5.17 5.35 5.63 6.38 6.62 6.86 6.49 7.01 6.98 6.93 7.53 6.99 7.71 7.89 8.34
-9999 -9999 -9999 -9999 -9999 -9999 -9999 -9999 -9999 -9999 -9999 -9999 -9999 -9999 -9999 -9999 -9999 -9999 -9999 -9999 11.51 11.40 10.77 10.96 10.72 11.72 -9999 -9999 -9999 9.86 8.25 7.63 8.78 8.62 8.04 7.31 8.49 8.24 9.35 8.68 7.39 8.11 8.79 8.89 8.77 9.30 8.74 8.42 8.22 7.84 7.81 7.81 7.96 8.31 8.05 7.61 7.37 7.21 7.11 7.44 7.04 6.75 6.08 5.51 5.61 5.72 6.02 6.25 6.58 6.51 6.66 6.58 7.11 7.34 7.64 7.59 6.99 8.13
-9999 -9999 -9999 -9999 -9999 -9999 -9999 -9999 -9999 -9999 -9999 -9999 -9999 -9999 -9999 -9999 -9999 -9999 -9999 -9999 -9999 -9999 -9999 -9999 -9999 -9999 -9999 -9999 11.59 8.89 7.55 7.28 8.40 7.32 7.89 8.49 8.70 8.87 8.94 7.68 7.19 7.41 8.17 8.22 8.56 8.59 8.65 8.40 8.32 9.36 8.28 8.34 7.88 8.17 8.07 7.40 7.26 6.89 7.17 7.71 7.22 6.59 6.10 5.81 5.73 6.31 6.32 6.82 6.66 7.33 7.66 7.24 6.42 8.26 8.81 7.70 6.75 8.55
-9999 -9999 -9999 -9999 -9999 -9999 -9999 -9999 -9999 -9999 -9999 -9999 -9999 -9999 -9999 -9999 -9999 -9999 -9999 -9999 -9999 -9999 -9999 -9999 -9999 -9999 -9999 -9999 9.82 8.71 7.67 11.27 10.05 7.53 7.81 8.36 8.89 9.24 7.99 7.48 7.20 7.23 8.21 8.17 8.09 9.18 8.90 9.61 8.68 8.85 9.64 8.54 8.15 7.96 7.47 7.22 6.96 6.88 7.23 7.35 7.38 6.81 6.18 5.80 5.62 6.21 7.71 7.38 7.91 8.25 8.88 7.75 6.92 7.85 8.14 7.14 6.49 6.82
-9999 -9999 -9999 -9999 -9999 -9999 -9999 -9999 -9999 -9999 -9999 -9999 -9999 -9999 -9999 -9999 -9999 -9999 -9999 -9999 -9999 -9999 -9999 -9999 -9999 -9999 -9999 -9999 9.57 7.62 6.60 8.36 10.91 10.02 9.25 8.49 9.39 8.17 7.67 7.20 8.33 8.49 9.12 8.87 8.41 8.54 8.41 8.68 9.06 9.11 8.44 8.26 8.15 8.04 7.49 7.14 7.04 7.09 7.53 7.45 7.15 6.44 6.24 6.67 7.15 6.88 7.74 7.63 7.64 7.77 8.26 9.38 9.06 7.62 7.44 7.48 7.46 7.39
-9999 -9999 -9999 -9999 -9999 -9999 -9999 -9999 -9999 -9999 -9999 13.20 13.02 11.00 13.58 12.52 12.03 12.07 13.61 8.75 12.80 9.82 -9999 -9999 -9999 -9999 -9999 -9999 9.17 8.10 7.69 7.13 7.88 9.22 10.25 9.77 8.72 7.88 7.60 8.07 8.99 8.55 8.20 8.31 8.04 8.29 8.53 8.29 8.17 8.03 8.24 7.79 8.19 8.42 8.68 7.77 7.42 7.81 7.72 7.22 7.54 6.57 6.21 7.21 7.97 7.20 6.97 7.28 7.29 7.25 7.15 7.30 7.16 6.82 6.61 6.41 6.30 6.32
-9999 -9999 -9999 -9999 -9999 -9999 -9999 -9999 -9999 -9999 -9999 14.43 13.39 12.60 10.25 11.18 12.10 11.47 11.98 12.30 10.52 9.41 8.36 9.35 11.46 10.09 9.49 8.81 8.56 8.05 7.74 7.59 7.40 7.67 9.35 9.25 8.41 7.67 9.55 8.49 7.91 8.32 8.68 8.17 8.04 8.30 8.26 8.48 8.32 8.18 7.36 7.59 8.01 8.06 7.95 8.27 8.47 7.52 7.25 6.81 6.62 7.19 6.54 9.25 8.08 7.72 7.26 6.89 6.97 6.90 7.48 7.43 6.49 7.48 7.07 7.41 6.47 6.61
-9999 -9999 -9999 -9999 -9999 -9999 -9999 -9999 -9999 -9999 13.66 12.51 11.60 10.69 9.20 10.41 12.36 12.06 11.27 11.07 11.01 10.01 8.56 8.30 9.46 10.54 8.69 8.28 7.94 7.94 8.47 7.53 7.58 8.63 8.61 8.24 8.24 9.67 8.48 9.37 8.94 8.36 7.71 8.02 7.76 8.24 8.46 8.18 8.48 7.74 7.88 7.82 7.77 7.75 8.73 9.13 7.69 7.16 7.27 8.68 7.52 7.14 7.28 7.37 7.56 7.49 6.97 6.80 7.26 7.95 7.27 6.52 6.37 7.52 7.09 6.97 7.25 7.17
-9999 -9999 -9999 -9999 -9999 -9999 -9999 -9999 -9999 -9999 -9999 12.04 10.79 9.71 10.07 9.57 10.29 12.46 11.52 9.96 8.97 10.44 11.45 9.78 8.50 8.89 10.15 8.76 7.59 7.59 7.52 7.94 7.95 7.48 7.62 7.89 8.38 9.06 8.22 9.15 8.29 8.23 8.17 8.30 7.82 8.41 8.67 8.54 7.57 7.62 8.11 7.59 7.24 7.11 7.96 8.83 8.60 7.34 7.53 8.35 8.15 7.55 6.93 6.88 6.73 6.84 7.81 7.51 7.30 7.73 8.43 7.82 7.32 7.71 7.65 6.96 7.52 6.80
-9999 -9999 -9999 -9999 -9999 -9999 -9999 13.21 -9999 -9999 12.21 11.31 11.30 8.17 8.81 7.95 8.31 9.16 9.67 10.17 9.07 10.45 11.17 9.26 8.32 7.47 7.39 7.30 7.18 7.33 7.55 8.07 7.30 7.16 7.61 8.87 8.13 8.77 8.05 8.48 8.05 8.69 9.26 8.72 7.97 7.68 7.80 7.69 7.47 8.52 7.90 7.43 8.70 7.59 7.76 9.13 9.77 7.31 7.54 7.95 7.68 7.25 6.95 6.78 6.96 7.39 7.72 7.03 6.70 6.76 7.20 7.24 7.19 7.70 7.20 7.04 6.94 6.56
-9999 -9999 -9999 -9999 -9999 -9999 12.13 12.80 12.71 12.44 10.40 9.43 9.82 7.23 6.37 7.16 7.26 9.06 9.93 10.50 9.45 9.39 9.72 8.50 7.23 6.79 6.98 7.37 7.59 7.08 7.15 7.35 7.01 7.03 8.32 8.53 7.94 8.34 8.47 9.40 8.82 8.88 9.73 8.75 8.47 7.64 8.06 7.84 8.10 7.80 7.69 7.26 8.10 8.11 7.71 8.67 8.37 7.71 7.54 7.42 7.69 7.43 7.21 6.80 6.48 6.55 6.55 6.72 6.84 6.82 6.45 6.87 7.14 7.73 7.97 7.57 6.62 7.16
-9999 -9999 -9999 -9999 -9999 -9999 11.54 11.37 10.51 10.70 9.68 8.51 7.14 7.93 7.72 7.17 8.48 9.03 9.44 10.54 9.63 9.51 9.35 7.34 7.54 8.77 8.52 7.78 7.23 6.79 7.18 7.57 7.71 7.32 8.33 8.05 8.41 7.63 7.12 8.54 9.53 8.78 8.82 8.60 8.08 8.04 8.49 7.94 7.54 8.16 8.41 7.45 7.78 7.87 7.90 8.75 9.11 9.02 9.94 8.11 8.03 7.20 6.84 6.82 6.79 6.52 6.41 6.63 6.99 6.73 6.57 6.46 7.07 7.16 7.22 7.24 7.30 6.47
-9999 -9999 -9999 -9999 -9999 -9999 11.76 10.82 10.16 10.13 9.31 8.66 7.36 7.44 7.35 6.56 7.89 8.60 9.66 10.19 9.81 7.99 7.07 6.54 7.91 7.94 8.48 9.00 7.49 7.29 7.38 7.01 7.62 7.17 8.03 7.84 7.84 7.61 7.27 8.82 8.68 8.74 8.60 8.36 8.12 8.12 8.56 8.52 7.69 7.60 7.88 8.52 7.75 7.99 7.93 8.47 8.67 8.70 9.12 8.68 9.11 9.42 6.78 9.05 7.87 6.52 6.67 9.00 8.93 8.49 6.40 6.32 6.51 6.51 6.97 6.76 7.52 8.21
-9999 -9999 -9999 -9999 -9999 -9999 10.46 10.15 9.87 9.44 8.61 7.99 7.25 6.80 7.42 7.12 7.67 8.67 8.59 8.99 8.91 8.70 6.69 7.15 8.64 8.07 9.15 9.17 7.76 7.90 8.21 7.52 7.61 7.63 7.81 7.80 7.83 8.32 9.03 8.00 8.72 8.53 8.45 8.20 8.06 8.24 8.52 7.93 7.97 7.88 8.26 8.56 8.98 8.54 9.22 9.21 9.18 9.01 8.67 8.23 8.11 8.07 7.39 8.62 8.41 8.74 8.35 8.79 9.20 9.45 6.89 6.89 6.71 6.74 7.13 7.88 8.69 8.91
-9999 -9999 -9999 -9999 -9999 -9999 9.52 9.44 9.38 9.42 9.42 8.39 7.46 6.68 7.02 8.22 8.30 8.40 8.23 8.77 8.62 8.27 7.72 7.00 7.39 7.31 9.14 8.31 6.84 8.90 8.69 7.81 9.50 8.42 8.95 9.52 9.12 8.94 9.37 8.59 8.12 8.38 8.27 7.83 7.92 8.09 8.51 7.93 8.10 8.78 9.31 9.16 9.13 9.28 9.33 9.65 10.25 9.95 9.34 8.99 9.21 9.32 9.24 9.49 9.59 9.55 -9999 -9999 9.22 9.26 8.69 8.17 7.54 9.51 8.18 -9999 -9999 -9999
-9999 -9999 -9999 -9999 -9999 10.73 9.44 9.40 8.82 9.38 9.24 9.56 7.87 7.74 7.53 8.42 8.35 8.19 8.20 8.48 8.37 8.10 7.75 7.78 8.35 8.74 8.59 7.55 9.45 10.09 8.29 7.73 8.39 8.25 9.20 9.33 8.62 8.63 8.49 8.25 8.79 8.62 8.65 8.33 8.26 8.66 9.27 9.09 8.84 8.84 8.96 9.20 -9999 -9999 9.99 10.68 11.32 11.05 10.63 10.22 10.24 -9999 -9999 -9999 -9999 -9999 -9999 -9999 -9999 -9999 -9999 9.03 9.30 10.43 9.39 -9999 -9999 -9999
-9999 -9999 -9999 -9999 11.41 10.11 9.03 9.57 8.78 8.70 8.32 7.96 7.24 9.16 9.75 9.12 8.86 9.03 9.55 8.73 8.14 8.02 8.21 8.33 10.44 11.02 10.48 10.13 11.33 9.55 9.50 9.32 9.87 10.36 9.20 8.41 8.76 8.24 8.33 8.08 8.15 8.10 9.27 10.10 10.10 9.98 10.04 10.16 9.57 -9999 8.52 9.03 8.94 9.36 10.09 -9999 -9999 -9999 -9999 11.28 -9999 -9999 -9999 -9999 -9999 -9999 -9999 -9999 -9999 -9999 -9999 -9999 -9999 -9999 -9999 -9999 -9999 -9999
-9999 -9999 -9999 12.09 11.24 10.88 9.99 8.99 8.71 8.46 7.41 6.91 7.74 11.22 12.35 9.10 8.65 10.90 9.19 10.27 8.25 8.11 10.40 9.71 9.84 10.24 10.38 -9999 -9999 -9999 -9999 -9999 10.12 11.15 10.62 9.36 9.17 8.79 8.32 8.28 8.13 8.58 9.64 -9999 -9999 -9999 -9999 -9999 10.48 10.43 9.55 8.65 8.51 10.12 10.33 -9999 -9999 -9999 -9999 -9999 -9999 -9999 -9999 -9999 -9999 -9999 -9999 -9999 -9999 -9999 -9999 -9999 -9999 -9999 -9999 -9999 -9999 -9999
-9999 -9999 9.10 9.58 10.88 11.11 9.99 9.70 9.11 7.68 8.04 7.84 9.50 11.51 12.53 11.51 10.91 9.71 10.64 9.49 9.42 9.21 10.98 11.05 -9999 -9999 -9999 -9999 -9999 -9999 -9999 -9999 -9999 10.61 10.72 9.64 10.37 10.97 11.09 9.42 10.81 10.80 11.41 -9999 -9999 -9999 -9999 -9999 -9999 -9999 9.48 9.72 8.88 9.62 -9999 -9999 -9999 -9999 -9999 -9999 -9999 -9999 -9999 -9999 -9999 -9999 -9999 -9999 -9999 -9999 -9999 -9999 -9999 -9999 -9999 -9999 -9999 -9999
11.15 10.59 8.79 9.15 10.47 11.64 11.63 10.22 8.61 8.34 8.73 8.51 9.68 12.02 10.72 10.79 11.02 11.86 7.85 9.62 11.99 10.44 -9999 -9999 -9999 -9999 -9999 -9999 -9999 -9999 -9999 -9999 -9999 -9999 -9999 11.19 -9999 -9999 -9999 -9999 10.20 11.96 12.37 -9999 -9999 -9999 -9999 -9999 -9999 -9999 -9999 10.12 11.52 10.53 -9999 -9999 -9999 -9999 -9999 -9999 -9999 -9999 -9999 -9999 -9999 -9999 -9999 -9999 -9999 -9999 -9999 -9999 -9999 -9999 -9999 -9999 -9999 -9999
10.64 9.58 8.07 9.06 10.62 11.14 11.63 10.58 9.71 10.27 8.18 7.28 8.73 11.46 11.53 10.16 9.56 10.73 8.60 8.57 9.88 -9999 -9999 -9999 -9999 -9999 -9999 -9999 -9999 -9999 -9999 -9999 -9999 -9999 -9999 12.10 -9999 -9999 -9999 -9999 -9999 -9999 -9999 -9999 -9999 -9999 -9999 -9999 -9999 -9999 -9999 -9999 -9999 -9999 -9999 -9999 -9999 -9999 -9999 -9999 -9999 -9999 -9999 -9999 -9999 -9999 -9999 -9999 -9999 -9999 -9999 -9999 -9999 -9999 -9999 -9999 -9999 -9999
11.38 9.94 8.23 9.30 10.04 10.24 10.74 10.17 9.84 10.54 7.91 7.36 8.27 10.48 13.73 13.94 9.28 9.12 8.59 9.45 11.58 -9999 -9999 -9999 -9999 -9999 -9999 -9999 -9999 -9999 -9999 -9999 -9999 -9999 -9999 -9999 -9999 -9999 -9999 -9999 -9999 -9999 -9999 -9999 -9999 -9999 -9999 -9999 -9999 -9999 -9999 -9999 -9999 -9999 -9999 -9999 -9999 -9999 -9999 -9999 -9999 -9999 -9999 -9999 -9999 -9999 -9999 -9999 -9999 -9999 -9999 -9999 -9999 -9999 -9999 -9999 -9999 -9999
10.44 11.19 10.09 10.16 10.05 10.71 10.27 9.94 9.66 8.69 8.55 7.89 7.84 10.35 12.38 12.00 10.19 8.32 8.30 10.79 10.55 -9999 -9999 -9999 -9999 -9999 -9999 -9999 -9999 -9999 -9999 -9999 -9999 -9999 -9999 -9999 -9999 -9999 -9999 -9999 -9999 -9999 -9999 -9999 -9999 -9999 -9999 -9999 -9999 -9999 -9999 -9999 -9999 -9999 -9999 -9999 -9999 -9999 -9999 -9999 -9999 -9999 -9999 -9999 -9999 -9999 -9999 -9999 -9999 -9999 -9999 -9999 -9999 -9999 -9999 -9999 -9999 -9999
10.78 12.23 11.46 11.20 10.09 10.60 10.25 11.89 11.14 9.86 9.33 9.68 8.62 9.38 10.49 10.10 8.93 8.49 9.17 10.26 10.77 -9999 -9999 -9999 -9999 -9999 -9999 -9999 -9999 -9999 -9999 -9999 -9999 -9999 -9999 -9999 -9999 -9999 -9999 -9999 -9999 -9999 -9999 -9999 -9999 -9999 -9999 -9999 -9999 -9999 -9999 -9999 -9999 -9999 -9999 -9999 -9999 -9999 -9999 -9999 -9999 -9999 -9999 -9999 -9999 -9999 -9999 -9999 -9999 -9999 -9999 -9999 -9999 -9999 -9999 -9999 -9999 -9999
10.45 11.07 11.24 10.61 11.35 12.67 12.35 11.14 11.14 11.04 10.83 9.97 10.43 9.96 9.35 9.14 9.35 9.85 10.38 10.41 11.31 -9999 -9999 -9999 -9999 -9999 -9999 -9999 -9999 -9999 -9999 -9999 -9999 -9999 -9999 -9999 -9999 -9999 -9999 -9999 -9999 -9999 -9999 -9999 -9999 -9999 -9999 -9999 -9999 -9999 -9999 -9999 -9999 -9999 -9999 -9999 -9999 -9999 -9999 -9999 -9999 -9999 -9999 -9999 -9999 -9999 -9999 -9999 -9999 -9999 -9999 -9999 -9999 -9999 -9999 -9999 -9999 -9999
10.62 11.87 12.18 -9999 -9999 -9999 -9999 -9999 -9999 -9999 -9999 -9999 11.19 11.59 10.53 9.70 8.97 9.87 10.65 10.70 -9999 -9999 -9999 -9999 -9999 -9999 -9999 -9999 -9999 -9999 -9999 -9999 -9999 -9999 -9999 -9999 -9999 -9999 -9999 -9999 -9999 -9999 -9999 -9999 -9999 -9999 -9999 -9999 -9999 -9999 -9999 -9999 -9999 -9999 -9999 -9999 -9999 -9999 -9999 -9999 -9999 -9999 -9999 -9999 -9999 -9999 -9999 -9999 -9999 -9999 -9999 -9999 -9999 -9999 -9999 -9999 -9999 -9999
12.15 12.37 12.88 -9999 -9999 -9999 -9999 -9999 -9999 -9999 -9999 -9999 -9999 -9999 -9999 10.37 9.83 10.14 10.66 -9999 -9999 -9999 -9999 -9999 -9999 -9999 -9999 -9999 -9999 -9999 -9999 -9999 -9999 -9999 -9999 -9999 -9999 -9999 -9999 -9999 -9999 -9999 -9999 -9999 -9999 -9999 -9999 -9999 -9999 -9999 -9999 -9999 -9999 -9999 -9999 -9999 -9999 -9999 -9999 -9999 -9999 -9999 -9999 -9999 -9999 -9999 -9999 -9999 -9999 -9999 -9999 -9999 -9999 -9999 -9999 -9999 -9999 -9999
12.49 -9999 -9999 -9999 -9999 -9999 -9999 -9999 -9999 -9999 -9999 -9999 -9999 -9999 -9999 11.47 12.31 12.87 12.49 -9999 -9999 -9999 -9999 -9999 -9999 -9999 -9999 -9999 -9999 -9999 -9999 -9999 -9999 -9999 -9999 -9999 -9999 -9999 -9999 -9999 -9999 -9999 -9999 -9999 -9999 -9999 -9999 -9999 -9999 -9999 -9999 -9999 -9999 -9999 -9999 -9999 -9999 -9999 -9999 -9999 -9999 -9999 -9999 -9999 -9999 -9999 -9999 -9999 -9999 -9999 -9999 -9999 -9999 -9999 -9999 -9999 -9999 -9999
-9999 -9999 -9999 -9999 -9999 -9999 -9999 -9999 -9999 -9999 -9999 -9999 -9999 -9999 -9999 -9999 -9999 -9999 -9999 -9999 -9999 -9999 -9999 -9999 -9999 -9999 -9999 -9999 -9999 -9999 -9999 -9999 -9999 -9999 -9999 -9999 -9999 -9999 -9999 -9999 -9999 -9999 -9999 -9999 -9999 -9999 -9999 -9999 -9999 -9999 -9999 -9999 -9999 -9999 -9999 -9999 -9999 -9999 -9999 -9999 -9999 -9999 -9999 -9999 -9999 -9999 -9999 -9999 -9999 -9999 -9999 -9999 -9999 -9999 -9999 -9999 -9999 -9999
-9999 -9999 -9999 -9999 -9999 -9999 -9999 -9999 -9999 -9999 -9999 -9999 -9999 -9999 -9999 -9999 -9999 -9999 -9999 -9999 -9999 -9999 -9999 -9999 -9999 -9999 -9999 -9999 -9999 -9999 -9999 -9999 -9999 -9999 -9999 -9999 -9999 -9999 -9999 -9999 -9999 -9999 -9999 -9999 -9999 -9999 -9999 -9999 -9999 -9999 -9999 -9999 -9999 -9999 -9999 -9999 -9999 -9999 -9999 -9999 -9999 -9999 -9999 -9999 -9999 -9999 -9999 -9999 -9999 -9999 -9999 -9999 -9999 -9999 -9999 -9999 -9999 -9999
