ML/MeanWindSpeed_1991-09_Actual.txt
ncols         180
nrows         290
xllcorner     -200000
yllcorner     -200000
cellsize      5000
NODATA_value  -9999
[rows 175 to 209 of 290, columns 79 to 157 of 180]
-9999 -9999 -9999 -9999 -9999 -9999 -9999 10.19 9.51 8.76 8.28 7.95 6.11 5.50 10.54 14.73 7.25 9.78 10.35 10.19 8.81 6.51 6.34 8.29 10.13 8.55 6.96 7.15 7.73 7.18 7.37 8.33 7.76 7.35 6.98 7.00 6.93 6.47 6.02 5.87 9.48 10.34 8.88 9.13 7.60 7.13 8.42 8.60 7.15 7.00 8.03 7.63 7.32 7.78 7.61 8.41 8.05 8.06 7.96 7.97 8.92 8.18 7.94 7.86 7.58 7.84 8.24 8.32 8.56 8.82 7.96 9.09 10.47 -9999 -9999 -9999 -9999 -9999 -9999
-9999 -9999 -9999 -9999 -9999 -9999 -9999 -9999 10.87 8.95 7.56 5.85 4.38 6.32 16.70 11.53 5.38 9.68 7.50 10.32 10.36 7.41 5.49 9.95 8.85 9.40 8.27 7.08 7.08 6.99 6.56 7.46 7.84 7.54 7.21 6.87 6.88 6.43 5.87 6.86 7.83 10.60 9.22 9.88 9.00 6.10 7.97 9.39 7.31 7.42 8.02 7.57 7.48 7.60 7.64 8.45 7.93 7.87 7.97 7.74 8.35 8.30 7.98 7.86 7.68 7.70 8.12 8.95 8.27 7.82 7.84 8.78 10.22 -9999 -9999 -9999 -9999 -9999 -9999
-9999 -9999 -9999 -9999 -9999 -9999 -9999 -9999 -9999 8.87 6.61 5.82 6.42 13.73 16.20 11.21 7.85 7.62 8.64 10.27 10.99 10.47 7.03 6.47 10.53 9.07 8.45 7.79 7.02 6.83 6.93 7.15 7.48 7.17 6.83 6.90 6.74 6.46 6.45 6.85 8.35 9.27 7.87 8.24 9.32 7.90 6.34 9.32 7.48 7.49 7.98 7.49 7.49 7.44 7.90 8.39 7.95 7.87 7.83 7.54 8.70 8.35 8.07 7.98 7.89 8.05 7.98 8.01 7.76 7.64 7.84 9.01 10.32 -9999 -9999 -9999 -9999 -9999 -9999
-9999 -9999 -9999 -9999 -9999 -9999 -9999 -9999 -9999 8.20 6.63 7.54 8.94 10.90 13.88 8.50 5.77 7.20 9.25 9.95 11.15 10.18 7.42 5.59 10.41 10.59 8.97 8.29 6.94 6.61 6.93 7.66 7.42 7.17 6.97 6.54 6.25 6.54 7.82 7.54 6.37 9.65 7.92 8.26 9.53 9.49 8.06 7.54 7.15 6.44 7.51 8.07 7.45 7.43 7.38 7.83 7.73 8.03 7.82 7.71 8.20 8.65 8.38 8.35 8.15 8.09 7.91 7.67 7.59 7.87 8.56 9.66 -9999 -9999 -9999 -9999 -9999 -9999 -9999
-9999 -9999 -9999 -9999 -9999 -9999 -9999 -9999 -9999 7.32 6.87 7.67 7.42 10.85 10.12 7.61 8.03 6.57 7.67 9.94 9.50 11.30 9.00 6.09 9.46 10.70 10.37 8.14 7.23 6.41 7.07 7.94 7.75 7.16 6.76 6.45 6.63 7.57 7.77 6.60 6.40 8.49 8.36 8.10 8.14 7.86 8.00 8.51 6.36 7.00 7.28 7.14 7.47 7.25 7.86 7.36 7.62 7.86 7.78 8.03 9.48 8.93 8.53 8.34 8.25 8.08 7.87 7.67 7.71 8.46 9.48 -9999 -9999 -9999 -9999 -9999 -9999 -9999 -9999
-9999 -9999 -9999 -9999 -9999 -9999 -9999 -9999 8.58 13.00 8.21 8.84 9.46 6.39 13.05 11.23 10.16 8.98 10.75 8.99 9.78 8.77 7.44 8.16 11.07 10.55 10.16 8.00 6.98 6.29 7.32 7.53 7.25 7.01 6.55 6.59 7.62 7.27 6.87 7.57 8.08 6.71 9.73 9.05 7.21 7.79 7.45 7.02 6.98 6.51 6.55 6.74 7.51 7.23 6.90 7.91 7.51 7.68 7.88 8.36 9.55 8.94 8.54 8.42 8.15 8.01 7.71 7.56 8.18 9.15 -9999 -9999 -9999 -9999 -9999 -9999 -9999 10.27 -9999
-9999 -9999 -9999 -9999 -9999 -9999 9.80 9.21 11.53 10.06 8.54 8.85 9.25 6.15 6.77 8.07 10.61 10.26 11.24 10.58 10.64 6.66 8.51 8.62 7.27 8.10 7.75 8.01 7.13 6.45 7.01 7.23 7.15 6.67 6.79 7.74 7.35 7.51 6.84 7.90 8.34 8.10 7.38 6.80 7.89 7.66 7.32 7.29 7.26 7.12 6.32 6.99 6.96 6.56 6.77 7.11 7.38 7.66 7.69 8.32 9.41 8.85 8.36 8.26 7.96 7.77 7.52 7.70 8.51 -9999 -9999 -9999 -9999 -9999 10.04 9.82 9.48 8.91 8.81
-9999 -9999 -9999 -9999 -9999 10.29 10.00 9.88 10.00 9.76 9.61 8.52 6.83 5.89 6.59 7.62 9.63 14.50 9.12 7.76 7.10 5.02 9.63 10.78 10.70 8.76 7.76 7.83 7.38 6.85 6.89 7.22 6.83 6.58 6.81 7.59 7.95 6.89 6.79 8.00 8.13 7.81 7.40 7.48 7.69 6.98 7.35 6.72 6.78 7.23 6.85 6.50 6.22 6.49 7.09 6.92 7.10 7.31 7.52 8.01 9.32 8.90 8.26 7.94 7.70 7.56 7.41 7.62 8.28 -9999 -9999 -9999 -9999 -9999 9.00 8.53 8.31 7.89 7.69
-9999 -9999 -9999 -9999 10.64 11.16 10.65 10.52 -9999 -9999 -9999 -9999 6.91 10.81 8.94 8.59 10.60 9.25 7.48 9.14 8.27 7.40 13.93 12.37 10.74 11.22 8.86 7.21 7.28 7.07 6.56 6.56 6.41 6.14 6.76 6.87 8.00 7.09 6.92 7.27 7.67 7.80 7.67 7.03 7.08 7.02 7.02 6.83 6.68 6.48 6.36 6.21 6.42 6.91 6.76 6.57 7.02 7.44 7.61 7.78 8.54 8.51 8.33 7.67 7.52 7.38 7.22 7.27 7.81 8.84 -9999 -9999 -9999 -9999 8.22 7.72 7.62 7.55 7.36
-9999 -9999 -9999 -9999 11.78 12.76 10.66 10.99 -9999 -9999 -9999 -9999 7.02 9.34 10.18 6.72 9.95 9.20 8.47 10.69 11.99 10.00 12.90 8.40 9.27 9.32 8.30 7.15 6.86 6.78 6.47 6.57 6.86 6.14 6.69 6.84 7.24 7.71 7.04 7.18 6.75 7.30 7.88 8.16 8.09 7.01 6.66 6.64 6.63 6.89 6.42 6.41 6.72 6.89 7.19 6.63 7.83 7.87 8.06 7.57 7.97 8.07 7.98 7.44 7.43 7.32 7.13 7.06 7.16 7.82 8.45 -9999 -9999 8.57 8.07 7.69 7.84 7.54 7.26
-9999 -9999 -9999 -9999 -9999 -9999 -9999 -9999 -9999 -9999 -9999 -9999 7.85 11.11 9.56 6.60 7.90 6.76 11.44 11.30 8.33 10.82 10.63 9.60 10.05 8.53 7.66 6.81 7.09 6.66 6.75 6.53 6.21 6.19 6.25 6.36 6.83 7.40 6.98 6.85 7.08 7.30 7.05 7.63 7.71 6.33 7.21 7.93 7.22 7.27 6.97 6.16 6.68 7.28 7.84 7.55 7.13 7.41 7.92 7.62 7.96 7.89 7.84 7.29 7.35 7.30 7.18 7.02 6.81 6.98 7.43 8.02 8.25 7.91 7.74 7.13 7.77 7.78 7.74
-9999 -9999 -9999 -9999 -9999 -9999 -9999 -9999 -9999 -9999 -9999 -9999 -9999 11.06 5.39 5.29 7.77 10.66 10.16 11.67 11.20 8.56 9.56 10.57 8.23 7.77 7.03 6.74 6.52 6.64 6.57 6.50 6.26 6.08 6.08 6.43 6.55 7.13 6.92 6.65 8.29 7.89 7.02 6.89 6.76 6.70 6.60 7.32 7.49 7.29 8.10 6.82 6.57 7.01 6.73 6.92 6.95 6.84 7.73 7.78 7.68 7.57 7.85 7.34 7.36 7.29 7.16 7.06 6.99 6.98 6.99 7.27 7.45 7.45 7.24 7.18 7.87 7.84 7.61
-9999 -9999 -9999 -9999 -9999 -9999 -9999 -9999 -9999 -9999 -9999 -9999 -9999 7.66 10.54 11.24 9.72 8.40 8.21 10.30 9.03 9.20 8.14 7.88 9.09 7.12 6.89 7.91 7.32 6.94 6.52 5.92 5.81 6.26 6.28 7.15 7.25 7.18 6.76 6.41 7.95 8.68 7.76 6.95 6.58 6.72 6.67 6.54 6.74 7.46 9.17 8.17 6.77 6.38 6.55 7.24 7.92 7.87 7.56 7.95 7.83 7.85 7.70 7.46 7.43 7.31 7.28 7.18 7.12 7.11 7.14 7.20 7.28 7.45 7.31 7.06 7.60 7.63 8.03
-9999 -9999 -9999 -9999 -9999 -9999 -9999 -9999 -9999 -9999 -9999 -9999 9.36 8.99 7.45 13.05 8.92 7.26 9.21 9.25 8.52 10.64 8.24 7.95 9.29 6.59 10.77 8.49 7.07 7.06 7.62 6.22 5.85 7.93 7.90 7.32 6.63 7.04 6.95 6.71 7.30 7.83 7.68 7.14 6.82 6.67 6.69 6.86 6.70 7.67 7.75 7.34 6.82 6.44 6.81 7.48 8.21 8.18 7.48 7.68 8.00 8.06 7.81 7.58 7.46 7.40 7.36 7.28 7.19 7.18 7.21 7.11 7.16 7.57 7.48 7.18 7.35 7.58 7.23
-9999 -9999 -9999 -9999 -9999 -9999 -9999 -9999 -9999 -9999 -9999 -9999 8.58 9.22 13.02 8.77 5.66 7.08 7.17 8.44 10.56 10.51 8.71 8.46 8.20 6.74 7.02 7.56 8.63 8.42 6.94 6.73 6.60 7.09 7.60 6.64 6.54 7.07 7.01 7.36 7.65 7.37 7.58 7.34 6.96 6.79 6.69 6.68 6.75 7.44 7.71 7.27 6.46 6.57 7.38 8.24 7.84 8.32 8.28 7.98 7.86 8.39 7.80 7.86 7.56 7.47 7.33 7.27 7.22 7.14 7.12 7.07 7.09 7.69 7.50 7.11 7.16 7.50 7.36
-9999 -9999 -9999 -9999 -9999 -9999 -9999 -9999 -9999 -9999 -9999 -9999 9.77 10.98 6.22 7.21 6.43 7.47 7.58 11.04 10.00 11.27 9.35 8.66 7.15 5.89 6.15 8.31 9.90 10.70 7.19 8.17 7.44 7.77 7.58 6.38 6.55 6.79 7.06 7.43 7.09 7.20 8.13 7.57 6.82 6.82 7.63 6.58 6.91 7.25 7.18 6.78 6.53 6.94 7.35 7.64 7.80 7.84 7.43 7.53 8.06 8.22 7.52 7.47 7.52 7.42 7.35 7.21 7.07 7.06 7.05 7.04 7.08 7.26 7.11 7.16 7.03 7.28 7.21
-9999 -9999 -9999 -9999 -9999 -9999 -9999 -9999 -9999 -9999 -9999 -9999 -9999 6.61 7.27 8.61 10.39 11.24 9.89 10.28 8.99 7.18 7.12 6.55 7.19 7.12 6.27 7.12 7.70 10.00 8.27 7.37 7.42 8.57 8.15 6.60 7.20 6.46 6.65 8.36 7.24 7.13 7.10 7.19 6.55 6.61 7.80 7.28 6.82 7.21 6.93 6.72 6.96 7.59 7.35 7.29 7.06 7.54 7.09 8.03 8.13 7.47 7.38 7.75 7.58 7.28 7.19 7.04 6.98 6.98 6.97 6.97 6.95 6.91 6.90 7.00 6.93 6.87 6.98
-9999 -9999 -9999 -9999 -9999 -9999 -9999 -9999 -9999 -9999 -9999 -9999 -9999 7.45 7.79 8.58 10.46 12.77 11.92 9.31 7.30 6.28 7.33 8.72 10.14 11.45 9.03 7.31 7.79 8.62 7.87 6.41 8.99 8.59 8.28 7.25 7.80 6.79 6.48 7.11 8.19 7.85 7.31 6.84 6.46 6.73 7.45 7.19 6.88 6.89 7.15 7.26 7.47 7.89 7.39 7.11 7.94 8.00 8.00 7.92 8.06 7.40 7.72 8.06 7.33 7.15 7.09 6.98 6.97 6.91 6.88 6.87 6.85 6.82 6.71 6.56 6.43 6.33 6.52
-9999 -9999 -9999 -9999 -9999 -9999 -9999 -9999 -9999 -9999 -9999 -9999 8.83 6.97 7.19 8.77 10.07 9.89 9.69 7.76 8.27 11.52 9.50 9.70 9.83 8.52 7.94 8.45 8.77 7.58 6.67 7.11 8.77 8.79 8.26 7.29 7.97 6.54 6.40 7.53 7.27 7.55 7.56 6.98 6.50 6.73 7.41 7.24 6.68 6.86 6.87 6.80 7.38 7.21 7.95 7.54 8.10 7.66 7.93 8.06 7.45 7.35 8.00 7.89 7.15 7.04 7.19 6.95 6.97 6.90 6.93 6.85 6.74 6.65 6.41 6.53 6.71 6.68 6.17
-9999 -9999 -9999 -9999 -9999 -9999 -9999 -9999 -9999 -9999 -9999 -9999 10.49 8.47 7.08 6.68 8.47 11.41 11.01 9.71 8.46 8.93 9.91 10.87 11.01 8.31 9.88 10.66 7.88 9.39 6.34 6.83 8.40 9.73 7.59 7.98 6.95 6.12 6.20 6.80 8.81 7.73 7.70 7.28 6.98 7.06 7.25 7.01 6.65 6.75 6.69 6.59 6.58 7.54 7.93 7.95 8.48 7.84 7.60 7.64 7.40 7.72 8.06 7.78 7.36 7.53 7.32 7.40 7.04 6.96 7.05 6.98 6.71 6.49 6.24 6.14 6.67 6.64 6.63
-9999 -9999 -9999 -9999 -9999 -9999 -9999 -9999 -9999 -9999 -9999 -9999 9.31 8.05 5.24 5.95 8.20 11.48 10.41 10.45 8.58 9.78 9.25 8.40 9.16 9.59 9.53 8.45 7.52 8.00 9.65 7.23 7.37 7.45 7.70 8.74 7.54 6.31 6.32 6.84 7.19 7.14 7.80 7.44 7.22 7.36 6.86 6.46 6.82 6.93 6.97 6.54 7.00 7.95 7.96 7.38 7.65 8.33 7.71 7.96 7.40 8.08 8.20 7.60 7.45 7.51 7.06 7.12 6.97 6.91 6.89 6.71 6.55 6.44 6.26 6.39 6.01 6.18 6.30
-9999 -9999 -9999 -9999 -9999 -9999 -9999 -9999 -9999 -9999 -9999 8.69 9.25 10.09 7.55 5.92 8.79 10.03 11.81 11.61 7.95 8.09 7.21 8.33 9.71 8.46 8.39 9.69 8.63 8.19 7.88 7.26 6.79 6.94 7.73 7.74 7.41 7.07 6.57 6.41 6.96 7.26 6.85 7.16 7.05 7.46 6.85 6.76 6.84 6.47 6.39 6.66 7.52 7.52 7.56 7.13 7.84 8.06 7.85 7.37 8.02 8.11 8.19 8.21 7.81 7.41 7.22 7.01 6.99 6.92 6.73 6.54 6.34 6.20 6.20 6.38 6.28 6.24 6.36
-9999 -9999 -9999 -9999 -9999 -9999 -9999 -9999 -9999 -9999 9.65 9.36 9.60 7.72 6.05 8.03 10.27 11.00 9.97 11.31 8.46 9.06 7.59 7.56 12.34 9.09 9.53 8.13 8.37 7.35 7.01 7.22 8.00 7.43 8.86 7.70 7.86 6.81 6.56 6.57 6.84 7.16 6.87 6.96 7.26 7.31 6.36 6.72 6.62 6.61 6.73 7.07 7.58 7.15 7.70 7.41 7.68 7.21 7.20 8.08 8.39 8.08 8.23 8.04 7.34 7.53 7.46 7.34 7.17 6.83 6.52 6.19 6.22 6.13 6.49 6.64 6.74 6.67 6.19
-9999 -9999 -9999 -9999 -9999 -9999 -9999 -9999 10.64 9.56 8.62 7.32 6.71 6.47 6.56 8.84 9.81 11.21 12.58 11.37 9.57 6.70 8.35 8.17 11.12 9.19 8.63 8.70 7.75 7.44 6.49 7.16 8.58 8.30 8.49 7.11 7.17 6.88 6.83 7.16 6.95 7.26 6.75 6.86 7.07 6.48 6.31 6.51 7.03 6.78 7.34 7.90 7.66 7.36 7.06 6.92 7.50 7.90 7.82 8.16 7.56 8.10 8.23 7.68 7.05 6.99 7.53 7.35 7.25 6.58 6.24 5.91 6.01 6.65 6.83 6.62 7.15 6.90 6.71
-9999 -9999 -9999 -9999 10.69 9.65 8.40 10.39 10.32 10.41 10.33 8.29 7.28 6.52 10.01 8.92 10.51 11.14 11.11 9.03 7.98 6.33 7.19 7.28 12.05 11.08 9.55 7.91 8.10 7.63 8.59 6.66 7.98 8.36 8.16 7.77 7.13 6.67 7.29 6.89 6.61 7.46 6.75 6.73 6.41 6.48 6.70 7.09 6.56 7.06 6.78 7.16 7.88 7.81 7.62 7.42 7.84 7.92 7.78 7.66 8.24 7.59 7.52 7.29 6.92 7.32 7.44 7.41 6.83 6.31 6.16 6.13 6.83 6.88 6.53 6.99 6.42 6.60 6.86
-9999 -9999 -9999 11.35 9.55 9.60 8.75 8.21 9.41 9.09 9.32 7.75 6.54 8.79 9.45 9.73 7.60 11.57 8.88 7.24 10.75 8.46 6.13 11.28 10.24 9.80 7.07 6.82 7.35 9.59 7.48 6.98 6.92 7.04 8.26 8.23 8.04 6.99 7.08 6.66 6.66 7.20 6.85 6.59 6.50 6.56 6.86 6.77 8.10 6.77 6.55 6.95 7.59 7.25 7.25 7.01 7.22 7.57 7.51 8.14 7.78 7.37 7.37 7.42 6.97 7.09 7.08 6.65 6.44 6.25 6.17 6.18 6.51 7.02 6.94 6.96 6.64 6.51 6.59
-9999 -9999 11.20 10.73 8.42 7.93 7.91 8.52 8.06 8.26 7.54 8.08 11.02 8.90 8.09 10.33 6.42 8.28 8.09 10.41 10.15 10.79 9.30 9.08 8.11 6.64 10.09 9.73 7.26 7.62 7.27 6.94 7.25 6.73 6.92 8.34 8.50 6.76 6.41 6.52 6.91 6.39 6.05 6.45 8.16 6.62 6.41 6.99 7.59 7.01 6.62 7.08 7.48 7.49 7.90 7.49 7.02 6.95 6.99 7.79 7.54 7.13 7.69 7.50 6.94 6.88 6.71 6.43 6.52 6.50 6.41 6.49 6.54 6.99 6.50 6.36 6.55 6.19 6.31
9.54 10.68 8.83 8.62 9.02 8.13 7.79 9.24 8.20 7.96 8.15 10.34 9.87 8.66 9.54 8.84 7.14 7.10 9.61 9.96 8.89 9.36 10.53 7.57 5.32 9.74 11.11 9.19 9.11 7.39 7.58 6.89 7.21 8.48 7.13 8.76 7.48 6.62 6.25 6.51 7.56 5.71 6.05 8.99 7.14 6.57 6.59 7.20 7.89 6.86 6.85 7.11 6.92 7.34 7.36 6.99 6.80 7.02 6.77 7.08 7.37 7.39 7.10 6.78 6.44 6.23 6.50 7.40 6.93 7.53 7.01 6.24 7.02 6.76 6.79 6.50 6.35 6.44 6.23
7.79 9.82 12.02 11.13 10.73 8.37 9.16 10.41 9.36 8.93 10.52 9.35 8.96 10.72 8.49 6.49 7.11 7.61 9.61 9.58 9.32 8.98 7.88 5.67 7.28 14.55 11.97 9.37 7.53 7.95 7.58 8.55 7.45 7.87 7.27 7.21 7.09 6.97 6.37 6.11 5.93 5.46 8.10 8.65 7.90 6.77 6.52 8.52 7.58 6.99 7.07 6.78 7.29 7.22 6.95 6.42 7.21 6.88 6.43 7.59 7.48 6.75 6.61 6.43 6.16 6.39 7.06 7.31 7.21 7.55 6.99 6.67 7.11 6.80 6.29 6.46 6.36 6.51 6.49
7.82 8.83 9.32 8.96 7.98 9.33 8.55 9.95 7.63 8.54 10.30 9.78 8.67 9.23 6.45 5.80 8.73 9.65 8.83 7.93 9.50 7.31 5.97 5.12 8.92 11.83 12.49 7.75 8.16 8.41 8.67 7.93 6.93 8.08 7.67 7.38 6.90 6.97 5.80 5.41 6.11 6.10 8.11 8.03 7.41 6.46 7.10 8.34 7.98 7.59 7.18 7.27 7.13 6.83 6.51 6.45 6.82 7.04 6.74 6.62 6.58 6.36 7.12 7.46 6.30 6.46 7.01 7.20 6.91 7.26 7.19 7.17 7.12 6.35 6.34 6.20 6.24 6.02 6.29
7.90 8.38 8.22 8.73 8.38 8.46 9.27 8.31 8.84 7.96 7.80 7.67 7.04 6.27 7.43 6.40 9.31 13.83 7.66 7.71 8.54 12.09 11.60 5.78 5.65 13.22 10.41 8.72 9.13 10.00 8.49 6.89 6.39 8.28 8.54 7.39 6.76 6.40 5.65 5.43 6.33 8.21 8.46 7.49 7.16 6.81 6.76 6.99 7.83 7.35 7.20 6.96 6.62 6.34 6.29 6.90 6.74 6.62 6.59 5.92 6.05 6.68 6.61 7.07 6.58 6.50 6.52 6.69 7.09 7.23 7.22 7.22 7.23 6.25 5.91 6.19 6.14 5.75 6.05
7.75 8.37 7.71 8.18 8.40 8.48 7.73 7.63 8.20 7.60 8.58 7.66 8.62 6.02 8.16 9.58 9.63 10.42 10.86 8.85 10.53 12.31 8.86 10.39 9.31 6.23 10.12 9.86 7.42 7.78 6.60 7.62 7.52 9.96 9.24 7.29 6.56 5.76 5.47 6.32 8.38 7.42 8.62 7.43 7.16 7.62 6.93 8.06 7.18 7.31 6.94 6.59 6.40 6.47 6.47 6.52 6.29 6.18 5.87 5.91 6.67 7.28 6.88 6.33 6.74 6.33 7.00 6.47 6.45 6.65 6.85 6.98 6.97 6.56 5.82 6.08 6.04 5.85 6.18
7.85 7.39 8.45 9.39 10.86 10.02 8.82 8.04 7.34 7.52 9.60 7.59 8.10 6.10 7.77 8.14 7.49 6.72 8.61 7.98 9.46 9.46 11.20 9.96 10.79 10.27 13.23 8.70 7.65 7.09 7.79 7.33 9.31 9.16 9.26 6.73 6.10 5.38 7.95 8.58 8.33 8.61 7.30 7.59 7.67 7.54 7.34 7.43 7.39 7.03 6.72 6.53 6.37 6.74 6.80 6.92 6.39 5.80 5.76 6.29 7.56 6.40 6.70 6.66 6.28 6.18 6.31 6.04 6.11 6.53 6.36 6.67 6.66 6.38 6.20 6.15 5.78 5.61 6.42
8.29 7.81 8.02 9.44 9.90 10.55 9.83 9.00 8.20 7.66 8.06 9.61 6.72 9.77 9.10 8.99 9.78 8.67 7.15 7.31 8.49 7.64 9.08 8.85 8.01 11.99 11.97 7.58 7.90 6.31 6.93 8.30 9.00 8.62 7.96 6.54 5.91 6.96 6.61 8.04 7.95 7.51 7.71 7.53 7.40 7.64 7.27 7.00 6.87 6.68 7.55 6.56 7.00 6.50 6.41 5.96 5.67 5.73 6.47 7.34 7.02 6.70 6.76 6.46 6.09 6.14 6.47 6.63 5.64 6.32 6.93 6.44 6.25 6.41 5.72 5.86 6.47 6.04 5.85
8.74 9.10 9.90 10.96 -9999 -9999 -9999 -9999 9.44 9.04 9.65 7.69 6.83 7.92 7.94 7.50 6.92 4.45 11.19 11.90 8.15 7.15 7.41 8.54 9.41 11.28 9.17 7.75 6.68 6.02 9.19 8.46 9.67 7.50 7.04 6.47 6.29 7.80 6.71 7.96 7.90 7.34 7.44 7.33 7.25 7.09 6.95 6.80 6.72 6.63 7.33 6.67 6.83 6.75 6.29 5.95 5.75 6.83 6.74 6.97 7.08 7.08 5.99 5.74 5.51 6.30 6.62 6.21 5.35 6.00 6.52 6.34 6.07 6.50 6.08 5.92 6.25 6.31 5.97
