ML/MeanWindSpeed_1997-09_Actual.txt
ncols         180
nrows         290
xllcorner     -200000
yllcorner     -200000
cellsize      5000
NODATA_value  -9999
[rows 105 to 139 of 290, columns 78 to 155 of 180]
10.19 13.83 8.50 3.82 6.83 12.93 13.16 10.38 7.36 8.58 14.20 7.86 11.24 4.61 7.97 13.42 8.06 5.50 6.35 8.93 7.58 7.18 8.38 8.64 6.92 8.36 7.54 7.41 10.52 9.64 9.82 9.34 -9999 -9999 -9999 -9999 -9999 -9999 -9999 -9999 -9999 -9999 -9999 -9999 -9999 -9999 -9999 -9999 -9999 -9999 -9999 -9999 -9999 -9999 -9999 -9999 -9999 -9999 -9999 -9999 -9999 -9999 -9999 -9999 -9999 -9999 -9999 -9999 -9999 -9999 -9999 -9999 -9999 -9999 -9999 -9999 -9999 -9999
11.89 9.17 10.80 14.93 13.53 17.02 8.16 12.52 3.55 14.52 5.09 16.95 5.59 9.61 18.49 10.36 7.59 11.55 10.62 7.26 6.88 5.90 5.84 7.61 6.34 6.06 8.09 8.88 8.79 9.07 7.66 9.05 9.66 -9999 -9999 -9999 -9999 -9999 -9999 -9999 -9999 -9999 -9999 -9999 -9999 -9999 -9999 -9999 -9999 -9999 -9999 -9999 -9999 -9999 -9999 -9999 -9999 -9999 -9999 -9999 -9999 -9999 -9999 -9999 -9999 -9999 -9999 -9999 -9999 -9999 -9999 -9999 -9999 -9999 -9999 -9999 -9999 -9999
11.92 5.38 14.39 9.76 4.39 9.95 15.20 14.15 3.85 14.37 11.33 12.19 7.69 13.54 10.19 12.44 17.54 13.28 11.50 9.27 7.54 7.72 9.66 10.42 12.11 11.42 9.31 7.74 7.08 10.10 8.45 11.24 10.94 11.72 -9999 -9999 -9999 -9999 -9999 -9999 -9999 -9999 -9999 -9999 -9999 -9999 -9999 -9999 -9999 -9999 -9999 -9999 -9999 -9999 -9999 -9999 -9999 -9999 -9999 -9999 -9999 -9999 -9999 -9999 -9999 -9999 -9999 -9999 -9999 -9999 -9999 -9999 -9999 -9999 -9999 -9999 -9999 -9999
7.97 12.82 13.08 8.70 3.84 12.31 14.59 19.25 6.48 13.94 10.38 11.03 10.15 11.26 4.96 7.82 10.09 9.68 6.64 8.79 11.63 16.08 14.81 12.96 10.35 9.70 11.60 6.93 8.91 10.42 11.18 11.71 11.80 11.90 11.56 -9999 -9999 -9999 -9999 -9999 -9999 -9999 -9999 -9999 -9999 -9999 -9999 -9999 -9999 -9999 -9999 -9999 -9999 -9999 -9999 -9999 -9999 -9999 -9999 -9999 -9999 -9999 -9999 -9999 -9999 -9999 -9999 -9999 -9999 -9999 -9999 -9999 -9999 -9999 -9999 -9999 -9999 -9999
13.52 16.88 6.82 4.29 10.45 17.73 11.97 3.58 7.71 24.28 9.21 8.53 10.29 10.38 7.61 6.85 4.81 5.15 10.14 17.63 16.79 13.73 12.05 8.63 7.82 8.72 10.84 9.12 10.22 9.61 9.14 10.11 10.57 10.83 -9999 -9999 -9999 -9999 -9999 -9999 -9999 -9999 -9999 -9999 -9999 -9999 -9999 -9999 -9999 -9999 -9999 -9999 -9999 -9999 -9999 -9999 -9999 -9999 -9999 -9999 -9999 -9999 -9999 -9999 -9999 -9999 -9999 -9999 -9999 -9999 -9999 -9999 -9999 -9999 -9999 -9999 -9999 -9999
10.66 9.40 8.07 15.73 7.39 14.51 15.18 15.17 10.00 7.69 19.96 10.66 7.80 6.16 6.00 5.50 4.92 4.81 10.20 7.87 6.80 5.75 8.00 10.71 9.15 9.44 8.90 9.18 10.85 10.30 -9999 -9999 -9999 -9999 -9999 -9999 -9999 -9999 -9999 -9999 -9999 -9999 -9999 -9999 -9999 -9999 -9999 -9999 -9999 -9999 -9999 -9999 -9999 -9999 -9999 -9999 -9999 -9999 -9999 -9999 -9999 -9999 -9999 -9999 -9999 -9999 -9999 -9999 -9999 -9999 -9999 -9999 -9999 -9999 -9999 -9999 -9999 -9999
9.32 5.22 14.30 14.81 17.33 17.93 6.17 15.88 15.91 6.99 11.72 12.82 8.40 7.81 9.11 11.05 12.84 7.87 6.72 6.22 6.55 7.46 8.74 10.48 9.57 9.67 10.70 10.35 -9999 -9999 -9999 -9999 -9999 -9999 -9999 -9999 -9999 -9999 -9999 -9999 -9999 -9999 -9999 -9999 -9999 -9999 -9999 -9999 -9999 -9999 -9999 -9999 -9999 -9999 -9999 -9999 -9999 -9999 -9999 -9999 -9999 -9999 -9999 -9999 -9999 -9999 -9999 -9999 -9999 -9999 -9999 -9999 -9999 -9999 -9999 -9999 -9999 -9999
7.19 14.62 9.83 15.74 18.61 14.68 11.52 16.81 16.90 8.29 7.68 6.25 6.48 7.54 8.80 13.37 15.36 11.28 8.85 6.99 6.74 8.47 8.02 8.67 9.45 12.14 13.32 11.00 -9999 -9999 -9999 -9999 -9999 -9999 -9999 -9999 -9999 -9999 -9999 -9999 -9999 -9999 -9999 -9999 -9999 -9999 -9999 -9999 -9999 -9999 -9999 -9999 -9999 -9999 -9999 -9999 -9999 -9999 -9999 -9999 -9999 -9999 -9999 -9999 -9999 -9999 -9999 -9999 -9999 -9999 -9999 -9999 -9999 -9999 -9999 -9999 -9999 -9999
9.88 14.32 10.29 15.38 14.88 16.86 10.01 8.53 10.60 9.92 9.22 8.88 5.78 17.01 16.96 15.12 15.34 11.04 7.44 7.30 7.03 7.17 7.02 7.23 8.80 8.43 -9999 -9999 -9999 -9999 -9999 10.67 9.65 9.96 9.27 -9999 -9999 -9999 -9999 -9999 -9999 -9999 -9999 -9999 -9999 -9999 -9999 -9999 -9999 -9999 -9999 -9999 -9999 -9999 -9999 -9999 -9999 -9999 -9999 -9999 -9999 -9999 -9999 -9999 -9999 -9999 -9999 -9999 -9999 -9999 -9999 -9999 -9999 -9999 -9999 -9999 -9999 -9999
10.34 16.25 10.25 7.68 20.41 9.71 9.64 8.69 7.59 9.14 11.57 15.19 10.42 10.27 8.50 8.54 7.75 8.47 8.93 9.41 8.97 7.99 8.56 9.16 8.62 8.17 8.83 9.83 -9999 -9999 8.62 8.32 8.26 6.98 7.52 8.51 9.22 -9999 -9999 -9999 -9999 -9999 -9999 -9999 -9999 -9999 -9999 -9999 -9999 -9999 -9999 -9999 -9999 -9999 -9999 -9999 -9999 -9999 -9999 -9999 -9999 -9999 -9999 -9999 -9999 -9999 -9999 -9999 -9999 -9999 -9999 -9999 -9999 -9999 -9999 -9999 -9999 -9999
13.52 10.53 11.91 13.91 15.63 9.09 10.89 13.74 12.81 11.46 8.49 8.57 9.49 8.55 8.39 7.79 7.47 8.33 9.73 9.63 8.51 10.26 10.81 8.10 6.90 7.28 7.96 9.72 8.21 8.31 8.77 7.51 5.49 6.51 9.94 10.51 12.72 8.36 -9999 -9999 -9999 -9999 -9999 -9999 -9999 -9999 -9999 -9999 -9999 -9999 -9999 -9999 -9999 -9999 -9999 -9999 -9999 -9999 -9999 -9999 -9999 -9999 -9999 -9999 -9999 -9999 -9999 -9999 -9999 -9999 -9999 -9999 -9999 -9999 -9999 -9999 -9999 -9999
10.79 15.04 13.53 10.41 9.26 -9999 13.36 16.75 12.20 10.18 8.16 7.64 7.64 8.20 8.85 8.15 7.85 10.07 10.19 10.33 9.27 8.35 8.17 6.87 7.38 8.32 10.25 8.42 6.78 9.12 7.72 7.04 5.92 8.13 10.97 11.56 12.83 10.72 12.32 13.66 9.47 -9999 -9999 -9999 -9999 -9999 -9999 -9999 -9999 -9999 -9999 -9999 -9999 -9999 -9999 -9999 -9999 -9999 -9999 -9999 -9999 -9999 -9999 -9999 -9999 -9999 -9999 -9999 -9999 -9999 -9999 -9999 -9999 -9999 -9999 -9999 -9999 -9999
12.10 -9999 12.10 13.78 9.71 -9999 14.55 19.42 13.07 11.42 8.75 8.58 8.01 8.13 7.15 6.96 6.86 7.94 10.61 10.60 10.69 8.58 8.05 9.11 10.57 13.37 11.23 7.61 5.88 7.59 7.49 7.38 13.11 14.40 11.46 11.56 10.63 10.64 10.95 8.59 9.72 -9999 -9999 -9999 -9999 -9999 -9999 -9999 -9999 -9999 -9999 -9999 -9999 -9999 -9999 -9999 -9999 -9999 -9999 -9999 -9999 -9999 -9999 -9999 -9999 -9999 -9999 -9999 -9999 -9999 -9999 -9999 -9999 -9999 -9999 -9999 -9999 -9999
12.16 -9999 -9999 13.83 11.00 10.62 14.09 16.23 9.58 9.92 12.26 10.24 9.27 8.77 11.77 8.36 5.98 6.71 7.58 9.60 10.49 11.59 9.32 12.22 13.29 11.04 9.57 9.27 8.01 8.63 9.97 10.85 10.57 13.80 11.68 10.99 10.99 7.38 7.24 8.71 10.26 10.73 -9999 -9999 -9999 -9999 -9999 -9999 -9999 -9999 -9999 -9999 -9999 -9999 -9999 -9999 -9999 -9999 -9999 -9999 -9999 -9999 -9999 -9999 -9999 -9999 -9999 -9999 -9999 -9999 -9999 -9999 -9999 -9999 -9999 -9999 -9999 -9999
-9999 -9999 -9999 -9999 11.94 10.55 15.19 11.52 8.07 9.22 10.87 12.54 10.97 9.78 11.27 11.37 8.68 5.65 8.06 10.99 9.65 9.28 10.06 12.43 11.02 9.02 9.44 9.53 13.17 12.30 10.26 9.51 8.14 11.27 10.78 10.03 10.96 8.02 7.13 7.16 7.20 7.86 -9999 -9999 -9999 -9999 -9999 -9999 -9999 -9999 -9999 -9999 -9999 -9999 -9999 -9999 -9999 -9999 -9999 -9999 -9999 -9999 -9999 -9999 -9999 -9999 -9999 -9999 -9999 -9999 -9999 -9999 -9999 -9999 -9999 -9999 -9999 -9999
15.53 17.19 -9999 -9999 -9999 11.97 13.36 10.46 9.17 8.63 9.26 11.23 12.13 12.71 13.07 11.51 10.47 8.67 5.38 10.34 8.98 8.54 9.08 8.21 8.00 10.66 8.64 12.70 16.96 14.91 11.78 11.69 8.23 9.59 9.35 9.96 10.44 7.92 6.88 6.66 6.68 7.77 8.43 -9999 -9999 -9999 -9999 -9999 -9999 -9999 -9999 -9999 -9999 -9999 -9999 -9999 -9999 -9999 -9999 -9999 -9999 -9999 -9999 -9999 -9999 -9999 -9999 -9999 -9999 -9999 -9999 -9999 -9999 -9999 -9999 -9999 -9999 -9999
17.40 19.88 12.88 -9999 -9999 -9999 11.80 10.73 8.84 8.17 8.20 8.51 10.64 11.05 10.54 9.16 9.26 9.46 9.43 7.94 8.16 8.08 10.01 9.15 12.60 7.38 8.90 8.45 9.24 14.58 14.20 11.34 10.03 8.20 8.01 8.55 8.83 7.12 6.70 6.04 6.94 7.60 7.17 7.39 -9999 -9999 -9999 -9999 -9999 -9999 -9999 -9999 -9999 -9999 -9999 -9999 -9999 -9999 -9999 -9999 -9999 -9999 -9999 -9999 -9999 -9999 -9999 -9999 -9999 -9999 -9999 -9999 -9999 -9999 -9999 -9999 -9999 -9999
15.46 17.18 11.40 -9999 -9999 -9999 -9999 -9999 10.01 8.64 6.97 6.49 6.97 7.19 8.80 12.42 12.34 10.43 9.12 8.16 9.81 8.96 8.76 7.97 11.44 6.91 8.94 10.16 8.68 5.92 8.57 7.77 9.34 7.25 8.83 8.07 6.34 6.11 5.87 5.93 5.30 7.93 7.83 7.01 6.73 -9999 -9999 -9999 -9999 -9999 -9999 -9999 -9999 -9999 -9999 -9999 -9999 -9999 -9999 -9999 -9999 -9999 -9999 -9999 -9999 -9999 -9999 -9999 -9999 -9999 -9999 -9999 -9999 -9999 -9999 -9999 -9999 -9999
10.86 20.34 13.53 -9999 -9999 -9999 -9999 -9999 10.61 9.85 9.68 7.33 9.17 11.54 10.44 12.72 13.59 12.35 9.33 10.82 9.41 8.14 10.33 11.07 5.95 17.27 9.99 13.83 9.34 12.35 11.92 6.90 9.70 7.82 7.00 6.08 6.58 8.26 8.76 7.27 7.21 4.61 6.96 9.07 6.46 7.91 8.43 -9999 -9999 -9999 -9999 -9999 -9999 -9999 -9999 -9999 -9999 -9999 -9999 -9999 -9999 -9999 -9999 -9999 -9999 -9999 -9999 -9999 -9999 -9999 -9999 -9999 -9999 -9999 -9999 -9999 -9999 -9999
15.47 19.34 18.36 -9999 -9999 -9999 -9999 -9999 10.54 8.96 9.02 7.86 8.39 10.30 8.00 9.22 9.60 12.05 10.43 9.91 8.36 11.36 15.86 12.34 10.30 19.07 16.25 10.45 11.44 9.02 6.72 8.78 9.59 7.80 8.22 7.97 5.80 6.21 6.40 8.77 12.31 8.16 6.48 7.76 8.04 6.68 7.50 -9999 -9999 -9999 -9999 -9999 -9999 -9999 -9999 -9999 -9999 -9999 -9999 -9999 -9999 -9999 -9999 -9999 -9999 -9999 -9999 -9999 -9999 -9999 -9999 -9999 -9999 -9999 -9999 -9999 -9999 -9999
12.48 14.72 16.70 -9999 -9999 -9999 -9999 -9999 9.86 8.50 8.19 8.06 7.88 8.06 8.81 12.98 14.94 11.61 12.27 8.42 8.38 8.59 11.89 6.79 14.38 12.78 10.09 11.77 13.09 7.16 10.33 8.20 9.26 8.91 6.05 7.48 7.60 6.62 5.68 13.69 14.28 12.11 6.18 7.14 7.91 6.92 7.87 -9999 -9999 -9999 -9999 -9999 -9999 -9999 -9999 -9999 -9999 -9999 -9999 -9999 -9999 -9999 -9999 -9999 -9999 -9999 -9999 -9999 -9999 -9999 -9999 -9999 -9999 -9999 -9999 -9999 -9999 -9999
-9999 -9999 -9999 -9999 -9999 -9999 -9999 12.98 10.02 9.33 8.17 8.66 9.38 8.04 9.62 10.28 13.11 10.38 9.95 13.09 10.74 12.43 12.12 11.97 15.92 14.65 8.50 10.13 11.71 10.71 9.31 9.86 6.72 8.23 8.84 5.81 7.17 6.33 10.05 11.59 15.42 12.41 6.32 5.89 5.40 6.83 7.91 -9999 -9999 -9999 -9999 -9999 -9999 -9999 -9999 -9999 -9999 -9999 -9999 -9999 -9999 -9999 -9999 -9999 -9999 -9999 -9999 -9999 -9999 -9999 -9999 -9999 -9999 -9999 -9999 -9999 -9999 -9999
-9999 -9999 -9999 -9999 -9999 -9999 -9999 14.73 7.91 8.22 10.30 12.13 11.09 8.84 8.88 9.48 6.50 7.61 12.65 13.68 11.40 10.34 7.64 5.84 14.77 7.87 9.07 8.93 9.88 9.51 7.93 5.56 9.16 8.54 7.91 6.50 6.75 9.37 11.00 9.88 11.90 11.55 6.58 4.59 5.25 8.04 6.77 -9999 -9999 -9999 -9999 -9999 -9999 -9999 -9999 -9999 -9999 -9999 -9999 -9999 -9999 -9999 -9999 -9999 -9999 -9999 -9999 -9999 -9999 -9999 -9999 -9999 -9999 -9999 -9999 -9999 -9999 -9999
-9999 -9999 -9999 -9999 -9999 -9999 12.42 11.25 6.31 8.71 10.70 8.73 11.74 14.19 12.85 15.46 12.48 9.18 7.16 7.93 11.94 11.05 8.74 4.14 7.54 13.14 8.84 11.99 8.52 8.54 5.33 6.12 8.58 7.33 7.42 8.80 10.87 12.84 11.57 9.15 7.66 7.30 5.94 8.84 9.95 8.06 7.24 -9999 -9999 -9999 -9999 -9999 -9999 -9999 -9999 -9999 -9999 -9999 -9999 -9999 -9999 -9999 -9999 -9999 -9999 -9999 -9999 -9999 -9999 -9999 -9999 -9999 -9999 -9999 -9999 -9999 -9999 -9999
-9999 -9999 -9999 -9999 -9999 -9999 10.40 6.52 10.82 8.88 11.27 8.25 12.02 12.20 15.75 14.49 14.62 12.45 9.75 5.82 16.90 16.42 9.35 3.96 8.93 12.15 7.85 8.55 10.75 6.57 9.36 11.02 8.48 10.37 10.69 14.93 8.71 7.96 8.95 9.82 9.74 6.56 4.82 7.16 7.28 6.61 6.68 7.91 -9999 -9999 -9999 -9999 -9999 -9999 -9999 -9999 -9999 -9999 -9999 -9999 -9999 -9999 -9999 -9999 -9999 -9999 -9999 -9999 -9999 -9999 -9999 -9999 -9999 -9999 -9999 -9999 -9999 -9999
-9999 -9999 -9999 -9999 -9999 9.45 12.00 11.73 10.77 11.89 11.77 9.59 7.82 13.43 12.78 14.66 14.18 13.92 8.60 4.27 9.05 11.75 10.69 6.12 5.81 8.30 7.80 7.65 8.28 12.77 7.96 7.38 7.65 6.47 13.51 10.78 13.22 10.93 6.74 7.97 8.75 9.68 10.71 6.61 5.85 5.57 6.22 7.17 -9999 -9999 -9999 -9999 -9999 -9999 -9999 -9999 -9999 -9999 -9999 -9999 -9999 -9999 -9999 -9999 -9999 -9999 -9999 -9999 -9999 -9999 -9999 -9999 -9999 -9999 -9999 -9999 -9999 -9999
-9999 -9999 -9999 -9999 -9999 11.87 11.15 9.43 14.53 13.44 10.78 10.43 14.33 8.49 10.05 13.34 11.34 11.41 6.72 4.42 7.47 9.38 12.21 5.98 6.08 5.95 7.05 5.15 10.36 5.69 11.16 8.46 5.58 13.85 6.71 8.78 10.15 9.16 10.13 6.43 6.71 10.26 9.53 6.97 7.46 6.73 6.24 7.35 -9999 -9999 -9999 -9999 -9999 -9999 -9999 -9999 -9999 -9999 -9999 -9999 -9999 -9999 -9999 -9999 -9999 -9999 -9999 -9999 -9999 -9999 -9999 -9999 -9999 -9999 -9999 -9999 -9999 -9999
-9999 -9999 -9999 -9999 12.58 9.88 8.78 11.95 9.26 9.58 18.21 13.56 13.12 8.51 10.35 11.32 9.30 11.36 10.33 7.84 9.97 9.42 6.30 4.95 5.74 7.82 7.93 11.36 7.68 5.87 11.13 6.18 7.44 13.92 8.31 6.75 5.61 8.12 9.90 8.82 9.45 9.64 7.32 6.78 6.57 5.79 6.00 7.14 -9999 -9999 -9999 -9999 -9999 -9999 -9999 -9999 -9999 -9999 -9999 -9999 -9999 -9999 -9999 -9999 -9999 -9999 -9999 -9999 -9999 -9999 -9999 -9999 -9999 -9999 -9999 -9999 -9999 -9999
-9999 -9999 -9999 9.97 11.08 11.81 8.41 8.96 9.02 7.75 11.43 10.88 18.43 8.58 7.92 9.33 9.97 10.66 11.30 9.27 7.04 5.66 8.99 5.65 4.98 7.39 8.17 8.20 7.78 5.75 8.00 4.22 6.63 12.19 10.84 11.19 9.67 8.75 7.18 7.01 9.89 8.43 7.35 7.08 6.69 6.57 5.65 6.46 7.65 -9999 -9999 -9999 -9999 -9999 -9999 -9999 -9999 -9999 -9999 -9999 -9999 -9999 -9999 -9999 -9999 -9999 -9999 -9999 -9999 -9999 -9999 -9999 -9999 -9999 -9999 -9999 -9999 -9999
-9999 -9999 -9999 12.29 16.10 11.98 10.77 8.99 7.29 5.75 17.28 13.63 11.08 11.05 7.84 7.82 9.17 9.05 14.64 8.81 6.41 5.59 6.00 9.56 5.98 8.84 7.93 8.69 7.57 6.93 6.09 7.77 5.27 8.52 9.78 9.02 10.53 8.74 7.06 6.47 8.04 7.10 8.71 7.64 6.05 4.92 6.02 6.67 7.41 -9999 -9999 -9999 -9999 -9999 -9999 -9999 -9999 -9999 -9999 -9999 -9999 -9999 -9999 -9999 -9999 -9999 -9999 -9999 -9999 -9999 -9999 -9999 -9999 -9999 -9999 -9999 -9999 -9999
-9999 11.76 10.88 13.54 11.75 11.02 12.22 9.63 8.70 6.45 12.41 11.33 12.08 10.82 10.05 7.09 9.72 10.36 9.22 9.44 8.90 5.79 6.11 7.91 7.42 7.18 7.73 8.13 6.98 6.22 7.25 6.15 5.46 9.84 8.44 8.05 8.48 11.05 9.11 7.60 4.88 6.35 7.22 6.82 6.13 5.19 5.70 6.43 7.49 -9999 -9999 -9999 -9999 -9999 -9999 -9999 -9999 -9999 -9999 -9999 -9999 -9999 -9999 -9999 -9999 -9999 -9999 -9999 -9999 -9999 -9999 -9999 -9999 -9999 -9999 -9999 -9999 -9999
-9999 12.98 11.15 8.76 11.83 10.27 12.17 10.04 8.71 7.00 6.57 8.36 14.46 11.26 10.22 7.76 7.44 7.52 6.99 7.95 9.23 7.26 8.37 7.01 7.40 7.04 7.00 6.79 6.49 6.03 6.08 6.93 6.07 4.88 6.18 7.08 7.51 8.42 8.29 4.44 5.61 8.84 7.67 5.97 6.19 5.74 6.09 5.40 6.28 7.26 -9999 -9999 -9999 -9999 -9999 -9999 -9999 -9999 -9999 -9999 -9999 -9999 -9999 -9999 -9999 -9999 -9999 -9999 -9999 -9999 -9999 -9999 -9999 -9999 -9999 -9999 -9999 -9999
-9999 13.32 11.53 7.77 11.12 8.88 10.21 9.39 8.80 8.26 6.10 10.46 10.46 9.94 12.48 8.78 7.56 7.30 5.71 8.73 14.05 9.42 -9999 -9999 -9999 7.43 7.13 -9999 6.31 6.38 6.39 5.53 4.80 6.05 7.78 6.42 6.57 8.16 7.35 8.93 8.29 5.35 4.03 4.48 5.11 5.85 3.37 4.35 4.96 6.69 -9999 -9999 -9999 -9999 -9999 -9999 -9999 -9999 -9999 -9999 -9999 -9999 -9999 -9999 -9999 -9999 -9999 -9999 -9999 -9999 -9999 -9999 -9999 -9999 -9999 -9999 -9999 -9999
-9999 11.66 14.13 9.59 9.06 9.73 10.73 10.32 9.53 8.38 7.22 7.93 14.42 10.90 11.82 8.45 8.12 10.29 6.80 8.28 9.51 9.89 -9999 -9999 -9999 7.66 6.77 6.81 6.85 6.18 5.58 4.19 5.86 9.44 9.90 7.22 11.05 7.29 7.05 10.30 6.89 7.49 7.47 7.25 4.47 5.73 7.19 5.23 4.32 5.99 -9999 -9999 -9999 -9999 -9999 -9999 -9999 -9999 -9999 -9999 -9999 -9999 -9999 -9999 -9999 -9999 -9999 -9999 -9999 -9999 -9999 -9999 -9999 -9999 -9999 -9999 -9999 -9999
-9999 -9999 13.01 12.92 10.24 -9999 11.40 11.57 10.38 9.46 8.40 -9999 10.32 8.88 10.03 7.80 9.69 10.61 9.07 9.41 -9999 -9999 -9999 -9999 8.89 7.10 6.35 6.24 6.97 7.01 5.70 4.80 4.99 10.10 15.00 6.60 12.56 8.07 10.19 11.57 8.39 10.15 7.72 5.47 7.20 7.34 5.50 2.85 3.97 6.67 6.77 -9999 -9999 -9999 -9999 -9999 -9999 -9999 -9999 -9999 -9999 -9999 -9999 -9999 -9999 -9999 -9999 -9999 -9999 -9999 -9999 -9999 -9999 -9999 -9999 -9999 -9999 -9999
