ML/MeanWindSpeed_1991-12_Actual.txt
ncols         180
nrows         290
xllcorner     -200000
yllcorner     -200000
cellsize      5000
NODATA_value  -9999
[rows 175 to 209 of 290, columns 79 to 157 of 180]
-9999 -9999 -9999 -9999 -9999 -9999 -9999 11.21 10.49 9.70 9.22 9.14 7.22 6.79 13.43 18.68 8.60 11.90 12.76 12.51 10.72 7.63 7.16 9.65 12.18 9.98 7.73 7.80 8.42 7.68 7.93 9.23 8.51 7.93 7.46 7.51 7.46 6.92 6.48 6.32 10.98 12.16 10.11 10.35 8.44 7.67 9.24 9.49 7.47 7.14 8.37 7.69 7.16 7.61 7.26 8.10 7.42 7.30 7.12 7.10 8.34 7.38 7.02 6.90 6.56 6.95 7.53 7.73 8.13 8.53 7.43 8.75 10.34 -9999 -9999 -9999 -9999 -9999 -9999
-9999 -9999 -9999 -9999 -9999 -9999 -9999 -9999 12.09 9.84 8.46 6.79 5.38 8.19 21.42 14.40 6.21 11.83 9.20 12.90 12.91 8.99 6.21 11.75 10.48 11.22 9.57 7.76 7.64 7.51 6.99 8.13 8.61 8.17 7.74 7.30 7.36 6.86 6.27 7.52 8.63 12.31 10.50 11.23 10.16 6.38 8.62 10.35 7.58 7.60 8.32 7.63 7.41 7.40 7.27 8.10 7.25 7.04 7.11 6.76 7.55 7.51 7.04 6.88 6.68 6.76 7.35 8.51 7.73 7.24 7.33 8.43 10.10 -9999 -9999 -9999 -9999 -9999 -9999
-9999 -9999 -9999 -9999 -9999 -9999 -9999 -9999 -9999 9.83 7.49 7.04 8.12 17.57 20.45 13.84 9.51 9.16 10.56 12.70 13.60 12.95 8.32 7.33 12.67 10.89 9.92 8.76 7.60 7.31 7.50 7.75 8.14 7.70 7.24 7.32 7.17 6.87 6.87 7.36 9.16 10.38 8.65 9.05 10.42 8.61 6.45 10.16 7.74 7.67 8.23 7.54 7.45 7.23 7.63 8.01 7.27 7.05 6.93 6.56 8.08 7.59 7.16 7.02 6.94 7.21 7.20 7.31 7.10 7.03 7.35 8.74 10.25 -9999 -9999 -9999 -9999 -9999 -9999
-9999 -9999 -9999 -9999 -9999 -9999 -9999 -9999 -9999 9.26 7.72 9.34 11.07 13.45 17.16 10.24 7.05 8.84 11.46 12.29 13.71 12.38 8.81 6.35 12.57 12.85 10.57 9.40 7.54 7.07 7.51 8.41 8.05 7.69 7.42 6.87 6.56 6.93 8.53 8.19 6.58 10.76 8.59 8.98 10.57 10.54 8.53 7.71 7.23 6.26 7.60 8.26 7.41 7.24 6.96 7.30 7.00 7.25 6.90 6.74 7.36 7.86 7.47 7.45 7.26 7.27 7.14 6.95 6.96 7.37 8.21 9.51 -9999 -9999 -9999 -9999 -9999 -9999 -9999
-9999 -9999 -9999 -9999 -9999 -9999 -9999 -9999 -9999 8.30 7.93 9.14 8.69 13.01 12.06 9.09 10.05 8.13 9.39 12.23 11.52 13.71 10.93 7.23 11.37 12.82 12.24 9.17 7.96 6.87 7.73 8.80 8.52 7.70 7.20 6.81 7.06 8.23 8.41 6.90 6.63 9.19 8.99 8.63 8.63 8.25 8.38 8.92 6.15 6.98 7.26 7.03 7.43 7.02 7.63 6.75 6.91 7.08 6.86 7.09 8.87 8.08 7.58 7.41 7.39 7.30 7.17 7.07 7.20 8.12 9.32 -9999 -9999 -9999 -9999 -9999 -9999 -9999 -9999
-9999 -9999 -9999 -9999 -9999 -9999 -9999 -9999 9.70 15.69 9.53 10.32 11.06 7.13 16.03 13.89 12.85 11.24 13.18 10.71 11.73 10.48 9.11 10.16 13.60 12.63 11.91 8.99 7.71 6.77 8.06 8.25 7.87 7.52 6.95 7.04 8.34 7.80 7.20 8.11 8.80 6.84 10.65 9.75 7.32 8.00 7.57 6.98 6.93 6.31 6.30 6.47 7.43 7.01 6.45 7.55 6.85 6.91 7.04 7.55 9.01 8.13 7.61 7.53 7.31 7.29 7.09 7.06 7.83 8.98 -9999 -9999 -9999 -9999 -9999 -9999 -9999 10.62 -9999
-9999 -9999 -9999 -9999 -9999 -9999 11.28 10.58 13.60 11.76 9.74 10.00 10.67 7.07 8.11 9.77 13.34 12.86 13.81 12.87 13.10 8.08 10.64 10.65 8.57 9.39 8.78 9.02 7.90 7.00 7.64 7.83 7.73 7.09 7.27 8.53 7.96 8.06 7.14 8.48 9.05 8.61 7.58 6.78 8.18 7.79 7.35 7.32 7.27 7.07 5.98 6.81 6.76 6.21 6.35 6.60 6.84 7.08 6.98 7.61 8.88 8.09 7.48 7.42 7.17 7.11 6.98 7.30 8.28 -9999 -9999 -9999 -9999 -9999 10.19 10.14 9.85 9.18 9.09
-9999 -9999 -9999 -9999 -9999 11.93 11.63 11.46 11.48 11.10 10.82 9.42 7.55 6.85 7.94 9.15 11.85 18.20 11.13 9.48 8.82 6.10 11.92 13.16 12.80 10.09 8.74 8.78 8.22 7.49 7.48 7.83 7.32 6.98 7.27 8.26 8.68 7.26 7.09 8.55 8.67 8.21 7.64 7.71 7.96 6.94 7.40 6.60 6.67 7.22 6.69 6.22 5.85 6.16 6.83 6.51 6.68 6.87 6.99 7.41 8.93 8.33 7.51 7.16 6.98 6.97 6.94 7.27 8.06 -9999 -9999 -9999 -9999 -9999 9.04 8.71 8.62 8.13 7.91
-9999 -9999 -9999 -9999 12.25 13.07 12.46 12.20 -9999 -9999 -9999 -9999 7.73 13.31 11.05 10.31 12.87 11.36 9.21 11.40 10.30 9.07 17.32 15.02 12.74 13.23 10.13 7.96 8.08 7.75 7.04 6.96 6.72 6.36 7.15 7.25 8.70 7.51 7.25 7.60 8.08 8.20 7.99 7.13 7.17 7.01 7.01 6.83 6.62 6.30 6.12 5.87 6.13 6.76 6.50 6.17 6.72 7.21 7.36 7.43 8.25 8.10 7.84 7.00 6.89 6.85 6.78 6.91 7.57 8.76 -9999 -9999 -9999 -9999 8.19 7.79 7.81 7.79 7.59
-9999 -9999 -9999 -9999 13.65 15.04 12.29 12.60 -9999 -9999 -9999 -9999 7.87 11.17 12.46 7.97 12.15 11.32 10.47 13.42 14.96 12.18 15.71 9.69 10.71 10.64 9.37 7.90 7.47 7.33 6.89 6.96 7.29 6.32 7.01 7.17 7.69 8.28 7.39 7.50 6.96 7.64 8.30 8.57 8.44 7.02 6.59 6.61 6.60 6.91 6.31 6.21 6.53 6.72 7.09 6.32 7.86 7.90 8.15 7.43 7.80 7.79 7.60 6.86 6.89 6.83 6.70 6.69 6.84 7.62 8.35 -9999 -9999 8.58 8.11 7.81 8.09 7.78 7.45
-9999 -9999 -9999 -9999 -9999 -9999 -9999 -9999 -9999 -9999 -9999 -9999 8.84 13.31 11.67 8.08 9.65 8.04 14.20 14.07 9.97 12.94 12.50 11.13 11.71 9.63 8.61 7.58 7.83 7.19 7.25 6.89 6.45 6.44 6.52 6.62 7.20 7.91 7.34 7.09 7.41 7.70 7.29 7.90 7.98 6.20 7.35 8.27 7.38 7.48 7.12 5.96 6.48 7.19 7.93 7.61 7.08 7.43 8.06 7.63 7.95 7.72 7.55 6.80 6.88 6.86 6.79 6.67 6.47 6.69 7.22 7.94 8.24 7.91 7.83 7.14 8.04 8.14 8.14
-9999 -9999 -9999 -9999 -9999 -9999 -9999 -9999 -9999 -9999 -9999 -9999 -9999 13.22 6.18 6.22 9.25 12.90 12.35 14.35 13.62 10.05 11.27 12.55 9.50 8.82 7.95 7.56 7.15 7.23 7.06 6.88 6.54 6.36 6.38 6.75 6.82 7.56 7.29 6.90 9.01 8.44 7.22 6.94 6.76 6.68 6.56 7.50 7.72 7.46 8.50 6.75 6.32 6.84 6.52 6.84 6.90 6.73 7.81 7.83 7.63 7.36 7.63 6.92 6.95 6.89 6.78 6.72 6.68 6.71 6.74 7.11 7.38 7.47 7.27 7.24 8.19 8.24 7.99
-9999 -9999 -9999 -9999 -9999 -9999 -9999 -9999 -9999 -9999 -9999 -9999 -9999 8.84 12.86 13.78 11.64 9.90 9.67 12.44 10.83 11.07 9.57 9.18 10.70 8.07 7.84 9.18 8.39 7.81 7.09 6.25 6.07 6.67 6.66 7.67 7.72 7.63 7.11 6.64 8.60 9.47 8.21 7.10 6.56 6.71 6.65 6.44 6.72 7.65 9.82 8.46 6.58 6.06 6.36 7.30 8.19 8.06 7.59 8.03 7.81 7.71 7.45 7.13 7.07 6.95 6.94 6.87 6.84 6.88 6.97 7.09 7.25 7.53 7.41 7.13 7.87 7.99 8.57
-9999 -9999 -9999 -9999 -9999 -9999 -9999 -9999 -9999 -9999 -9999 -9999 10.79 10.56 8.71 16.03 10.71 8.65 11.28 11.22 10.23 12.95 9.72 9.26 11.01 7.44 12.92 10.10 8.28 8.16 8.72 6.81 6.29 8.93 8.77 7.87 6.91 7.43 7.34 7.02 7.69 8.32 8.14 7.39 6.91 6.67 6.71 6.86 6.62 7.85 7.90 7.35 6.69 6.20 6.73 7.60 8.51 8.42 7.44 7.63 7.93 7.93 7.58 7.29 7.14 7.08 7.05 7.00 6.93 6.98 7.08 7.01 7.13 7.71 7.63 7.32 7.57 7.96 7.56
-9999 -9999 -9999 -9999 -9999 -9999 -9999 -9999 -9999 -9999 -9999 -9999 9.72 10.64 15.85 10.64 6.76 8.76 8.82 10.28 12.83 12.70 10.33 9.97 9.67 7.82 8.15 8.81 10.24 9.95 7.87 7.52 7.31 7.84 8.35 6.95 6.79 7.45 7.38 7.88 8.17 7.71 7.96 7.63 7.11 6.86 6.77 6.70 6.70 7.53 7.83 7.27 6.29 6.46 7.48 8.50 7.94 8.52 8.44 7.99 7.74 8.38 7.61 7.70 7.29 7.19 7.05 7.02 7.01 6.98 7.01 7.01 7.09 7.92 7.72 7.29 7.39 7.90 7.79
-9999 -9999 -9999 -9999 -9999 -9999 -9999 -9999 -9999 -9999 -9999 -9999 11.15 12.98 7.13 8.78 8.08 9.48 9.36 13.55 12.04 13.78 11.35 10.44 8.52 6.96 7.16 9.81 11.82 12.80 8.14 9.37 8.48 8.79 8.31 6.61 6.85 7.10 7.39 7.91 7.46 7.54 8.67 7.93 6.96 6.96 8.03 6.60 6.94 7.32 7.21 6.71 6.44 6.96 7.41 7.69 7.87 7.92 7.36 7.41 8.04 8.19 7.30 7.26 7.29 7.15 7.10 6.98 6.86 6.92 6.96 7.01 7.11 7.39 7.24 7.39 7.27 7.69 7.68
-9999 -9999 -9999 -9999 -9999 -9999 -9999 -9999 -9999 -9999 -9999 -9999 -9999 7.43 8.61 10.71 13.29 14.38 12.36 12.60 10.83 8.60 8.65 7.89 8.71 8.56 7.31 8.26 8.85 11.75 9.48 8.29 8.47 9.82 9.06 6.95 7.71 6.67 6.84 9.10 7.68 7.46 7.36 7.45 6.66 6.76 8.29 7.53 6.85 7.31 6.95 6.69 7.01 7.79 7.43 7.29 6.96 7.57 6.94 8.10 8.17 7.27 7.18 7.67 7.43 7.05 6.98 6.85 6.81 6.87 6.91 6.99 7.01 7.01 7.05 7.27 7.29 7.33 7.55
-9999 -9999 -9999 -9999 -9999 -9999 -9999 -9999 -9999 -9999 -9999 -9999 -9999 8.63 9.41 10.69 13.22 16.23 14.94 11.48 8.84 7.59 8.98 10.79 12.61 14.15 10.89 8.44 8.83 9.84 8.90 6.99 10.40 9.81 9.24 7.83 8.43 7.02 6.60 7.47 8.92 8.42 7.64 6.99 6.54 6.97 7.80 7.37 6.93 6.91 7.26 7.41 7.67 8.21 7.54 7.12 8.17 8.19 8.13 7.99 8.12 7.25 7.68 8.12 7.17 6.97 6.93 6.82 6.83 6.82 6.84 6.89 6.92 6.96 6.90 6.83 6.80 6.82 7.11
-9999 -9999 -9999 -9999 -9999 -9999 -9999 -9999 -9999 -9999 -9999 -9999 10.31 8.26 8.73 10.78 12.58 12.37 12.08 9.56 10.22 14.46 11.79 11.98 12.12 10.26 9.42 9.96 10.14 8.51 7.39 7.86 9.96 9.90 9.16 7.88 8.62 6.65 6.46 7.92 7.64 8.01 7.99 7.18 6.50 6.88 7.69 7.40 6.68 6.90 6.91 6.82 7.59 7.36 8.28 7.70 8.41 7.81 8.08 8.18 7.40 7.28 8.12 7.96 7.01 6.89 7.12 6.83 6.87 6.84 6.94 6.91 6.85 6.83 6.63 6.94 7.30 7.39 6.80
-9999 -9999 -9999 -9999 -9999 -9999 -9999 -9999 -9999 -9999 -9999 -9999 12.70 10.37 8.59 8.05 10.47 14.37 13.86 12.14 10.40 10.95 12.11 13.30 13.59 9.95 11.85 12.81 9.08 10.95 6.97 7.50 9.39 11.03 8.27 8.74 7.24 6.04 6.15 6.86 9.51 8.14 8.12 7.55 7.15 7.23 7.41 7.08 6.63 6.73 6.64 6.55 6.55 7.76 8.24 8.21 8.88 8.03 7.65 7.67 7.39 7.83 8.24 7.85 7.32 7.58 7.32 7.44 7.00 6.95 7.11 7.12 6.86 6.72 6.53 6.56 7.36 7.41 7.47
-9999 -9999 -9999 -9999 -9999 -9999 -9999 -9999 -9999 -9999 -9999 -9999 11.34 9.85 6.22 7.24 10.24 14.50 13.11 13.12 10.52 11.83 11.12 10.04 11.20 11.62 11.32 9.86 8.58 9.11 11.22 8.05 8.15 8.19 8.49 9.68 7.94 6.19 6.16 6.78 7.23 7.26 8.18 7.71 7.45 7.60 6.89 6.39 6.89 7.02 7.08 6.56 7.14 8.28 8.25 7.47 7.79 8.64 7.82 8.18 7.46 8.34 8.45 7.65 7.46 7.58 7.06 7.17 7.01 6.94 6.96 6.82 6.74 6.77 6.68 7.02 6.62 6.92 7.13
-9999 -9999 -9999 -9999 -9999 -9999 -9999 -9999 -9999 -9999 -9999 10.42 11.29 12.49 9.37 7.41 11.08 12.60 14.88 14.53 9.54 9.55 8.53 10.04 11.89 10.12 9.86 11.44 9.98 9.32 8.90 8.09 7.48 7.59 8.51 8.32 7.69 7.07 6.33 6.00 6.69 7.23 6.84 7.31 7.21 7.72 6.91 6.85 6.96 6.48 6.41 6.77 7.85 7.75 7.73 7.15 8.06 8.34 8.08 7.44 8.27 8.38 8.47 8.48 7.94 7.48 7.31 7.09 7.06 6.99 6.80 6.66 6.54 6.55 6.70 7.05 7.01 7.05 7.26
-9999 -9999 -9999 -9999 -9999 -9999 -9999 -9999 -9999 -9999 11.81 11.46 11.79 9.46 7.52 10.18 12.93 13.77 12.30 13.86 10.10 10.85 9.09 9.14 15.32 10.94 11.30 9.33 9.64 8.30 7.84 8.11 9.11 8.30 10.03 8.27 8.25 6.64 6.12 6.00 6.30 6.90 6.80 7.09 7.54 7.60 6.39 6.87 6.76 6.74 6.88 7.31 7.95 7.33 8.00 7.59 7.93 7.31 7.28 8.41 8.77 8.34 8.53 8.28 7.41 7.72 7.70 7.56 7.35 6.95 6.61 6.31 6.50 6.54 7.11 7.40 7.61 7.60 7.00
-9999 -9999 -9999 -9999 -9999 -9999 -9999 -9999 12.97 11.74 10.60 8.86 8.08 7.88 8.16 11.15 12.25 13.98 15.59 13.96 11.76 8.02 10.16 9.90 13.62 10.88 10.02 10.01 8.79 8.43 7.19 8.02 9.82 9.39 9.55 7.59 7.39 6.63 6.29 6.55 6.22 6.79 6.63 7.08 7.42 6.64 6.42 6.67 7.38 7.04 7.71 8.42 8.06 7.64 7.22 7.01 7.73 8.22 8.08 8.55 7.75 8.38 8.55 7.87 7.08 7.07 7.80 7.59 7.48 6.66 6.30 6.01 6.26 7.22 7.52 7.31 8.08 7.81 7.59
-9999 -9999 -9999 -9999 12.61 11.34 9.89 12.64 12.69 12.91 12.83 10.20 8.96 7.97 12.52 11.04 12.89 13.69 13.62 11.03 9.83 7.74 8.72 8.62 14.58 13.28 11.41 9.18 9.32 8.66 9.91 7.33 9.00 9.46 9.09 8.49 7.37 6.30 6.79 6.14 5.74 6.85 6.59 7.08 6.72 6.75 7.00 7.53 6.85 7.41 7.00 7.47 8.39 8.29 8.03 7.73 8.21 8.29 8.08 7.92 8.64 7.77 7.72 7.44 6.99 7.53 7.71 7.71 7.01 6.42 6.30 6.36 7.34 7.49 7.08 7.74 7.05 7.37 7.75
-9999 -9999 -9999 13.68 11.51 11.67 10.64 10.02 11.62 11.15 11.55 9.62 8.01 10.84 11.65 11.86 8.90 14.12 10.83 8.79 13.40 10.45 7.31 13.67 12.18 11.90 8.46 7.90 8.41 11.25 8.47 7.76 7.62 7.79 9.26 9.10 8.55 6.73 6.52 5.84 5.85 6.55 6.74 7.02 6.94 6.91 7.27 7.16 8.85 7.04 6.67 7.17 8.00 7.55 7.55 7.20 7.44 7.90 7.78 8.58 8.12 7.58 7.58 7.66 7.10 7.28 7.32 6.84 6.61 6.44 6.37 6.42 6.91 7.63 7.56 7.66 7.29 7.24 7.39
-9999 -9999 13.85 13.26 10.31 9.72 9.69 10.52 9.85 10.08 9.24 9.96 13.76 10.89 9.65 12.46 7.45 10.05 9.93 12.98 12.60 13.33 11.27 10.81 9.72 8.15 12.51 11.72 8.32 8.68 8.25 7.78 8.08 7.40 7.53 9.20 9.15 6.55 5.79 5.75 6.28 5.74 5.88 6.87 9.11 7.03 6.79 7.52 8.24 7.38 6.80 7.36 7.88 7.87 8.38 7.84 7.25 7.16 7.20 8.24 7.96 7.39 8.10 7.88 7.16 7.13 6.96 6.66 6.79 6.80 6.68 6.82 6.94 7.58 6.99 6.89 7.20 6.85 7.06
11.83 13.35 10.98 10.68 11.14 9.95 9.53 11.39 10.00 9.67 9.98 12.78 12.14 10.44 11.42 10.55 8.61 8.72 11.95 12.35 10.88 11.34 12.81 9.01 6.30 12.27 13.89 11.07 10.75 8.43 8.70 7.74 8.04 9.68 7.83 9.73 7.88 6.53 5.80 5.99 7.50 5.37 6.12 10.16 7.81 7.07 7.12 7.89 8.65 7.21 7.14 7.41 7.14 7.67 7.70 7.24 7.02 7.35 7.02 7.40 7.80 7.86 7.50 7.11 6.66 6.41 6.78 7.96 7.34 8.11 7.42 6.46 7.54 7.30 7.42 7.11 6.98 7.18 6.98
9.91 12.47 15.20 13.91 13.34 10.30 11.28 12.88 11.48 10.88 12.94 11.31 10.73 13.03 10.26 7.84 8.92 9.64 12.12 11.96 11.65 11.20 9.68 6.75 8.85 18.28 14.80 11.21 8.77 9.26 8.71 9.91 8.39 8.93 8.11 7.80 7.44 7.15 6.21 5.80 5.79 5.48 9.10 9.92 9.01 7.56 7.17 9.64 8.25 7.40 7.43 6.97 7.59 7.49 7.18 6.54 7.63 7.24 6.66 8.13 8.02 7.15 6.98 6.76 6.41 6.70 7.54 7.85 7.66 8.07 7.33 6.96 7.62 7.39 6.83 7.14 7.05 7.31 7.36
10.03 11.23 11.71 11.12 9.75 11.45 10.34 12.13 9.12 10.28 12.57 11.82 10.42 11.21 7.83 7.21 11.16 12.27 11.11 9.92 11.98 9.17 7.42 6.30 11.05 14.45 15.11 8.99 9.55 9.79 10.10 9.11 7.80 9.32 8.72 8.07 7.28 7.29 5.78 5.36 6.40 6.56 9.33 9.33 8.65 7.46 8.14 9.46 8.78 8.14 7.53 7.57 7.37 7.03 6.65 6.63 7.13 7.44 7.08 6.95 6.99 6.77 7.73 8.16 6.64 6.82 7.46 7.62 7.18 7.62 7.51 7.54 7.56 6.85 6.94 6.83 6.91 6.68 7.12
10.14 10.63 10.30 10.88 10.32 10.31 11.20 9.86 10.60 9.50 9.29 9.19 8.42 7.49 9.22 7.98 11.67 17.48 9.49 9.59 10.67 15.26 14.70 7.20 6.83 16.28 12.44 10.16 10.69 11.79 9.80 7.80 7.21 9.62 9.81 8.09 7.20 6.74 5.89 5.74 6.96 9.46 9.88 8.74 8.47 8.06 7.79 7.67 8.46 7.72 7.48 7.15 6.74 6.43 6.42 7.25 7.05 6.90 6.97 6.17 6.39 7.23 7.12 7.70 7.04 6.88 6.83 6.96 7.40 7.56 7.58 7.63 7.68 6.74 6.42 6.84 6.81 6.38 6.83
10.01 10.72 9.75 10.19 10.27 10.23 9.11 8.91 9.71 9.01 10.38 9.24 10.51 7.27 10.27 12.04 11.97 12.93 13.57 11.03 13.23 15.47 11.03 12.98 11.41 7.30 12.22 11.64 8.42 8.87 7.45 8.88 8.72 11.73 10.62 7.95 6.99 6.05 5.82 6.97 9.61 8.37 10.05 8.67 8.49 9.09 7.85 8.70 7.34 7.51 7.07 6.66 6.48 6.59 6.63 6.75 6.48 6.43 6.17 6.28 7.23 8.00 7.45 6.74 7.25 6.70 7.53 6.76 6.63 6.88 7.16 7.37 7.42 7.12 6.31 6.71 6.72 6.54 6.99
10.20 9.59 10.86 11.81 13.32 12.01 10.40 9.43 8.58 8.92 11.70 9.12 9.80 7.30 9.44 9.85 8.95 7.98 10.64 9.93 11.68 11.56 13.94 12.41 13.32 12.53 16.23 10.12 8.70 8.00 9.07 8.53 10.97 10.53 10.50 7.24 6.53 5.68 9.06 9.86 9.45 9.78 8.20 8.73 8.94 8.61 7.49 7.32 7.34 7.01 6.76 6.58 6.45 6.96 7.09 7.34 6.74 6.08 6.11 6.80 8.41 6.85 7.22 7.17 6.70 6.62 6.75 6.29 6.29 6.86 6.64 7.07 7.14 6.96 6.84 6.86 6.45 6.29 7.30
10.78 10.14 10.26 11.74 11.90 12.48 11.52 10.53 9.62 9.03 9.56 11.64 7.95 11.95 10.98 10.75 11.83 10.56 8.80 9.01 10.39 9.14 10.96 10.72 9.60 14.78 14.60 8.65 9.09 7.12 7.97 9.65 10.36 9.61 8.74 7.05 6.43 7.83 7.27 9.00 8.79 8.21 8.53 8.31 8.00 7.77 6.95 6.60 6.55 6.49 7.80 6.59 7.21 6.59 6.60 6.23 5.97 6.06 7.02 8.14 7.65 7.18 7.25 6.94 6.56 6.67 7.04 7.16 5.81 6.70 7.49 6.90 6.73 7.05 6.25 6.52 7.34 6.85 6.60
11.27 11.66 12.45 13.45 -9999 -9999 -9999 -9999 11.01 10.69 11.62 9.15 8.09 9.49 9.40 8.84 8.29 5.24 14.01 14.96 9.97 8.54 8.74 10.17 11.25 13.63 10.80 8.87 7.58 6.77 10.80 9.64 11.00 8.13 7.63 7.00 6.89 8.84 7.23 8.69 8.56 7.85 8.00 7.83 7.54 6.99 6.62 6.42 6.42 6.48 7.54 6.73 6.93 6.87 6.48 6.29 6.12 7.49 7.33 7.60 7.69 7.66 6.28 6.09 5.88 6.94 7.34 6.74 5.58 6.42 7.11 6.92 6.63 7.28 6.79 6.65 7.12 7.27 6.83
