ML/MeanWindSpeed_1992-06_Actual.txt
ncols         180
nrows         290
xllcorner     -200000
yllcorner     -200000
cellsize      5000
NODATA_value  -9999
[rows 210 to 244 of 290, columns 79 to 157 of 180]
8.87 7.63 9.06 8.91 -9999 -9999 -9999 -9999 -9999 -9999 -9999 5.18 5.16 5.99 5.43 5.61 6.09 7.76 9.31 11.17 10.65 9.04 7.78 7.59 6.69 8.75 8.47 5.23 4.30 7.20 7.30 8.11 5.71 5.26 5.18 4.88 5.83 6.51 6.40 6.62 6.37 6.13 6.01 5.95 5.94 6.09 6.07 6.56 6.09 5.97 5.78 5.67 5.73 5.57 6.13 7.10 6.99 6.46 7.52 7.48 7.15 6.96 6.27 5.92 6.29 6.60 6.27 5.70 5.46 6.28 5.57 5.86 6.65 6.29 6.38 6.46 6.06 6.00 6.31
8.94 -9999 -9999 -9999 -9999 -9999 -9999 -9999 -9999 8.17 7.11 6.74 7.60 7.21 6.39 5.74 6.18 6.67 8.66 9.84 9.30 6.27 6.11 8.85 7.72 7.52 5.87 4.72 4.47 6.52 6.75 6.68 5.54 5.28 5.26 4.46 6.89 7.13 6.22 6.31 5.98 5.93 5.88 5.81 6.28 6.08 6.27 5.89 5.82 5.76 5.76 5.61 5.81 5.44 6.56 7.80 6.87 7.28 6.00 6.90 6.60 6.21 6.63 6.29 6.29 6.67 6.10 5.48 5.45 5.51 6.01 6.46 6.06 6.57 6.51 6.05 6.02 7.02 6.62
-9999 -9999 -9999 -9999 -9999 -9999 -9999 -9999 -9999 9.08 8.59 7.12 8.13 8.57 -9999 -9999 6.16 8.58 5.66 6.99 6.57 6.53 6.99 8.04 5.91 5.57 5.73 5.34 5.90 6.37 6.47 6.02 5.56 5.90 4.90 5.37 7.08 6.26 5.86 5.64 5.72 6.16 6.09 5.83 5.97 5.74 5.89 6.33 6.61 6.27 6.54 5.64 5.34 6.01 7.81 6.64 6.77 6.40 5.33 6.37 5.99 5.85 6.04 6.03 5.78 5.70 6.65 5.70 5.57 5.60 5.68 5.84 5.76 5.63 6.76 6.38 6.84 7.66 7.64
-9999 -9999 -9999 -9999 -9999 -9999 -9999 -9999 -9999 -9999 -9999 -9999 -9999 -9999 -9999 -9999 7.20 6.66 6.66 6.11 5.27 5.16 5.44 6.15 5.86 6.02 6.31 6.64 7.15 7.11 -9999 5.94 5.47 5.19 4.91 5.49 6.87 6.22 6.11 5.63 5.18 5.28 6.04 5.66 5.89 6.83 6.98 6.79 7.31 7.84 6.74 6.40 6.15 6.28 7.27 6.46 6.40 6.22 5.59 5.34 5.09 5.35 5.98 5.72 5.30 5.46 5.61 5.54 5.53 5.57 5.63 5.72 5.95 6.12 6.45 6.49 6.90 7.36 -9999
-9999 -9999 -9999 -9999 -9999 -9999 -9999 -9999 -9999 -9999 -9999 -9999 -9999 -9999 -9999 -9999 -9999 7.26 6.34 5.60 5.70 6.03 5.15 5.22 5.67 6.56 -9999 -9999 -9999 -9999 6.55 5.74 5.37 4.96 4.90 5.53 6.82 6.19 6.21 5.66 5.01 5.78 5.71 6.83 6.55 7.93 7.00 7.17 6.88 7.12 6.90 6.29 6.76 5.57 6.15 6.45 5.43 5.53 5.10 4.78 4.44 3.95 3.80 4.30 4.47 4.80 5.04 5.26 5.28 6.27 6.50 5.74 5.86 6.09 6.30 6.54 7.34 8.40 8.32
-9999 -9999 -9999 -9999 -9999 -9999 -9999 -9999 -9999 -9999 -9999 -9999 -9999 -9999 -9999 -9999 -9999 -9999 7.03 7.63 6.78 5.94 6.12 6.24 6.85 -9999 -9999 -9999 -9999 6.89 6.71 6.55 4.50 4.42 4.63 6.44 7.02 6.60 6.01 5.17 5.23 5.33 6.56 7.70 7.05 7.23 6.87 7.07 6.91 6.18 6.44 6.35 5.96 5.92 5.97 5.80 5.36 5.38 5.57 5.46 5.11 3.95 3.83 4.06 4.29 5.12 5.35 5.73 5.47 6.05 6.00 5.95 6.71 6.14 6.64 6.75 7.37 7.13 7.48
-9999 -9999 -9999 -9999 -9999 -9999 -9999 -9999 -9999 -9999 -9999 -9999 -9999 -9999 -9999 -9999 -9999 -9999 -9999 7.63 7.62 6.93 7.05 6.77 7.82 -9999 -9999 -9999 6.39 5.15 4.87 6.17 5.88 5.39 4.65 5.83 5.39 6.52 5.91 4.78 5.75 6.68 6.85 6.70 7.35 6.85 6.59 6.45 6.02 5.93 5.83 5.95 6.24 5.93 5.54 5.52 5.57 5.59 6.01 5.57 5.21 4.62 4.14 4.34 4.49 4.98 5.27 5.71 5.79 5.97 5.82 6.40 6.67 6.91 6.65 5.91 7.24 6.34 7.04
-9999 -9999 -9999 -9999 -9999 -9999 -9999 -9999 -9999 -9999 -9999 -9999 -9999 -9999 -9999 -9999 -9999 -9999 -9999 -9999 -9999 -9999 -9999 -9999 -9999 -9999 -9999 7.97 5.51 4.41 4.48 6.09 4.93 5.42 5.98 6.04 6.04 6.12 5.03 4.87 5.20 6.10 6.21 6.50 6.61 6.81 6.63 6.53 7.54 6.39 6.45 6.02 6.32 6.24 5.63 5.69 5.46 5.84 6.36 5.80 5.09 4.74 4.65 4.67 5.24 5.35 5.95 5.86 6.63 6.97 6.59 5.75 7.51 8.02 6.94 5.96 7.86 7.12 6.81
-9999 -9999 -9999 -9999 -9999 -9999 -9999 -9999 -9999 -9999 -9999 -9999 -9999 -9999 -9999 -9999 -9999 -9999 -9999 -9999 -9999 -9999 -9999 -9999 -9999 -9999 -9999 6.29 5.55 4.62 8.40 7.38 5.03 5.54 6.03 6.33 6.53 5.36 5.05 5.06 5.10 6.07 6.03 5.96 7.18 7.07 7.82 6.80 6.98 7.85 6.67 6.33 6.24 5.87 5.73 5.62 5.62 5.99 5.99 6.04 5.44 4.90 4.81 4.79 5.22 6.70 6.45 7.09 7.38 8.02 6.90 5.98 6.83 7.06 6.12 5.64 6.12 7.14 7.46
-9999 -9999 -9999 -9999 -9999 -9999 -9999 -9999 -9999 -9999 -9999 -9999 -9999 -9999 -9999 -9999 -9999 -9999 -9999 -9999 -9999 -9999 -9999 -9999 -9999 -9999 -9999 6.01 4.39 3.64 5.41 8.07 7.32 6.83 6.12 6.94 5.71 5.45 5.04 6.30 6.49 7.09 6.81 6.24 6.36 6.37 6.65 7.02 7.08 6.47 6.38 6.39 6.38 6.02 5.83 5.84 5.88 6.27 6.13 5.91 5.29 5.10 5.61 6.25 5.80 6.61 6.52 6.61 6.76 7.32 8.48 8.14 6.63 6.49 6.61 6.67 6.64 6.69 6.53
-9999 -9999 -9999 -9999 -9999 -9999 -9999 -9999 -9999 -9999 8.50 8.68 7.12 10.62 10.25 10.30 10.46 11.86 6.43 10.41 7.12 -9999 -9999 -9999 -9999 -9999 -9999 5.58 4.66 4.45 3.96 4.89 6.45 7.63 7.22 6.33 5.71 5.65 6.17 7.08 6.56 6.17 6.31 6.12 6.00 6.35 6.11 5.92 5.84 6.23 5.87 6.42 6.80 7.35 6.58 6.21 6.56 6.54 6.14 6.49 5.50 5.08 5.94 6.63 5.79 5.58 5.89 6.06 6.10 6.02 6.16 6.08 5.81 5.72 5.55 5.52 5.55 5.88 5.92
-9999 -9999 -9999 -9999 -9999 -9999 -9999 -9999 -9999 -9999 9.82 9.09 8.87 7.31 9.08 10.60 10.17 10.53 10.60 8.38 7.16 6.04 6.67 8.43 6.99 6.30 5.40 5.00 4.53 4.32 4.25 4.20 4.63 6.56 6.70 6.08 5.47 7.53 6.49 5.85 6.23 6.63 6.12 6.10 5.96 6.02 6.24 6.06 6.06 5.40 5.66 6.22 6.40 6.49 7.05 7.28 6.16 6.01 5.77 5.51 5.93 5.20 7.91 6.59 6.23 5.90 5.60 5.80 5.80 6.54 6.60 5.68 6.76 6.34 6.68 5.70 5.83 5.69 5.71
-9999 -9999 -9999 -9999 -9999 -9999 -9999 -9999 -9999 8.72 7.73 7.14 6.57 5.91 8.00 10.37 10.22 9.49 9.36 9.10 7.89 6.43 5.81 6.46 7.31 5.33 4.85 4.40 4.46 5.13 4.21 4.35 5.53 5.79 5.71 5.85 7.49 6.24 7.30 6.89 6.26 5.58 5.90 5.51 5.86 6.15 5.92 6.30 5.62 5.93 5.85 5.97 6.08 7.17 7.75 6.29 5.73 5.90 7.46 6.18 5.62 5.69 5.71 5.97 6.00 5.69 5.62 6.10 6.85 6.33 5.73 5.72 6.91 6.46 6.30 6.55 6.39 6.07 6.10
-9999 -9999 -9999 -9999 -9999 -9999 -9999 -9999 -9999 -9999 7.18 6.18 5.59 6.92 7.08 8.03 10.36 9.44 7.96 6.85 8.28 9.20 7.19 5.44 5.56 6.82 5.33 4.09 4.13 4.11 4.64 4.80 4.44 4.85 5.35 5.86 6.70 5.92 7.13 6.37 6.26 6.07 6.15 5.60 6.11 6.39 6.30 5.36 5.44 6.01 5.48 5.30 5.35 6.28 7.24 7.05 5.76 5.97 6.74 6.52 5.88 5.23 5.17 5.10 5.29 6.48 6.29 6.16 6.66 7.48 6.95 6.62 7.13 7.10 6.35 6.87 6.05 6.60 5.83
-9999 -9999 -9999 -9999 -9999 -9999 9.82 -9999 -9999 8.09 6.93 7.30 5.20 6.65 5.85 6.15 6.84 7.34 7.98 6.71 7.88 8.39 6.15 5.10 4.19 4.20 4.07 3.75 3.88 4.19 4.85 4.28 4.27 4.88 6.33 5.51 6.26 5.61 6.37 6.09 6.67 7.18 6.51 5.67 5.36 5.53 5.40 5.22 6.33 5.74 5.26 6.69 5.68 5.89 7.33 8.07 5.56 5.83 6.15 5.94 5.48 5.17 5.09 5.41 5.87 6.23 5.64 5.47 5.59 6.12 6.26 6.37 6.94 6.46 6.33 6.21 5.79 5.74 5.58
-9999 -9999 -9999 -9999 -9999 9.12 10.00 9.77 9.29 7.15 6.38 7.57 5.85 5.11 5.69 5.47 6.95 7.57 8.19 6.89 6.40 6.38 5.11 4.04 3.68 3.91 4.30 4.36 3.82 3.93 4.16 4.07 4.21 5.61 5.89 5.34 5.96 6.31 7.38 6.82 6.79 7.68 6.60 6.29 5.40 5.94 5.65 5.86 5.48 5.43 5.03 5.96 6.06 5.60 6.47 6.15 5.57 5.49 5.42 5.94 5.72 5.50 5.22 5.04 5.05 5.11 5.46 5.74 5.67 5.28 5.82 6.22 6.88 7.13 6.75 5.85 6.46 6.30 6.15
-9999 -9999 -9999 -9999 -9999 8.70 8.80 7.92 8.10 7.20 6.53 5.63 6.87 6.81 6.08 7.07 7.19 7.12 8.08 6.99 6.54 6.06 4.11 4.74 6.02 5.49 4.68 4.07 3.69 4.22 4.66 5.02 4.69 5.80 5.50 5.99 5.50 5.14 6.45 7.50 6.69 6.74 6.56 6.09 6.05 6.51 5.83 5.34 5.86 6.06 5.08 5.48 5.64 5.64 6.39 6.70 6.65 7.75 5.83 5.86 5.21 4.99 5.14 5.30 5.03 5.00 5.35 5.88 5.68 5.51 5.46 6.15 6.25 6.33 6.40 6.53 5.65 5.99 6.65
-9999 -9999 -9999 -9999 -9999 9.01 8.24 7.71 7.88 7.25 7.08 6.08 6.35 6.37 5.46 6.47 6.70 7.20 7.40 6.81 4.76 3.71 3.31 5.05 5.10 5.43 5.88 4.36 4.25 4.51 4.24 5.11 4.75 5.69 5.53 5.61 5.54 5.24 6.67 6.51 6.66 6.62 6.47 6.38 6.41 6.79 6.58 5.60 5.35 5.52 6.10 5.29 5.57 5.48 5.89 6.00 6.08 6.72 6.31 6.88 7.44 4.87 7.38 6.29 5.01 5.30 7.75 7.76 7.45 5.31 5.35 5.64 5.64 6.04 5.80 6.67 7.36 9.06 8.22
-9999 -9999 -9999 -9999 -9999 7.86 7.69 7.47 7.25 6.71 6.53 6.11 5.77 6.46 5.97 6.08 6.63 6.04 6.09 5.72 5.45 3.38 3.86 5.54 4.99 5.90 5.91 4.72 4.94 5.33 4.63 5.07 5.31 5.46 5.54 5.62 6.09 6.89 5.76 6.60 6.56 6.62 6.49 6.46 6.63 6.91 6.14 5.99 5.65 5.84 6.07 6.52 6.07 6.80 6.51 6.15 6.00 5.83 5.56 5.60 5.82 5.36 6.74 6.65 7.15 6.89 7.41 7.87 8.26 5.68 5.78 5.73 5.85 6.11 6.79 7.66 7.86 -9999 -9999
-9999 -9999 -9999 -9999 -9999 7.13 7.10 7.07 7.29 7.54 6.84 6.40 6.08 6.39 7.15 6.63 6.23 5.62 5.92 5.48 5.10 4.67 3.78 4.08 3.94 5.70 4.89 3.58 5.80 5.74 4.97 7.10 6.23 6.75 7.29 6.82 6.54 7.05 6.32 5.98 6.44 6.50 6.18 6.35 6.48 6.88 6.18 6.16 6.54 6.87 6.65 6.65 6.83 6.90 7.08 7.06 6.78 6.31 6.12 6.47 6.78 6.93 7.29 7.51 7.61 -9999 -9999 7.61 7.86 7.51 7.07 6.43 8.55 7.10 -9999 -9999 -9999 -9999 -9999
-9999 -9999 -9999 -9999 8.97 7.39 7.24 6.56 7.26 7.35 8.05 6.99 7.60 7.22 7.38 6.68 6.12 5.66 5.61 5.29 4.96 4.91 4.76 4.87 5.16 5.02 3.89 5.93 6.62 4.98 4.68 5.61 5.74 6.80 6.83 6.07 6.02 5.98 5.91 6.71 6.67 6.83 6.58 6.60 6.98 7.57 7.26 6.84 6.68 6.71 6.84 -9999 -9999 7.59 8.17 8.25 7.90 7.61 7.34 7.51 -9999 -9999 -9999 -9999 -9999 -9999 -9999 -9999 -9999 -9999 7.77 8.11 9.33 8.25 -9999 -9999 -9999 -9999 -9999
-9999 -9999 -9999 9.97 8.70 7.29 7.59 6.57 6.52 6.52 6.72 6.55 9.08 9.52 8.28 7.47 7.14 7.09 6.05 5.38 5.00 5.34 5.31 7.01 7.38 6.82 6.38 7.66 5.85 6.05 6.13 6.82 7.48 6.33 5.50 5.96 5.49 5.75 5.70 6.10 6.29 7.49 8.27 8.32 8.15 8.17 8.24 7.51 -9999 6.35 6.85 6.73 7.09 7.65 -9999 -9999 -9999 -9999 8.45 -9999 -9999 -9999 -9999 -9999 -9999 -9999 -9999 -9999 -9999 -9999 -9999 -9999 -9999 -9999 -9999 -9999 -9999 -9999 -9999
-9999 -9999 10.63 10.04 9.73 8.49 7.02 6.46 6.19 5.53 5.64 6.97 10.90 11.81 8.06 7.29 8.99 6.46 7.55 5.57 5.08 7.27 6.38 6.20 6.37 6.49 -9999 -9999 -9999 -9999 -9999 6.90 8.03 7.62 6.31 6.13 5.81 5.48 5.66 5.88 6.62 7.71 -9999 -9999 -9999 -9999 -9999 8.43 8.27 7.29 6.49 6.45 7.90 7.82 -9999 -9999 -9999 -9999 -9999 -9999 -9999 -9999 -9999 -9999 -9999 -9999 -9999 -9999 -9999 -9999 -9999 -9999 -9999 -9999 -9999 -9999 -9999 -9999 -9999
-9999 7.28 8.30 9.80 9.96 8.61 7.96 7.07 5.54 6.03 6.28 8.38 10.71 11.73 10.28 9.08 7.48 8.01 6.56 6.53 5.97 7.55 7.44 -9999 -9999 -9999 -9999 -9999 -9999 -9999 -9999 -9999 7.21 7.47 6.50 7.37 7.99 8.27 6.72 8.43 8.55 9.27 -9999 -9999 -9999 -9999 -9999 -9999 -9999 7.25 7.49 6.50 7.16 -9999 -9999 -9999 -9999 -9999 -9999 -9999 -9999 -9999 -9999 -9999 -9999 -9999 -9999 -9999 -9999 -9999 -9999 -9999 -9999 -9999 -9999 -9999 -9999 -9999 -9999
8.48 7.25 7.95 9.26 10.32 10.08 8.39 6.47 6.11 6.54 6.66 7.97 10.66 9.65 9.32 8.60 9.20 4.98 6.72 8.99 7.03 -9999 -9999 -9999 -9999 -9999 -9999 -9999 -9999 -9999 -9999 -9999 -9999 -9999 7.85 -9999 -9999 -9999 -9999 7.52 9.53 10.09 -9999 -9999 -9999 -9999 -9999 -9999 -9999 -9999 7.65 9.06 7.94 -9999 -9999 -9999 -9999 -9999 -9999 -9999 -9999 -9999 -9999 -9999 -9999 -9999 -9999 -9999 -9999 -9999 -9999 -9999 -9999 -9999 -9999 -9999 -9999 -9999 -9999
7.50 6.73 7.90 9.33 9.70 9.91 8.61 7.36 7.75 5.48 4.88 6.57 9.44 9.66 8.07 6.75 7.81 5.66 5.45 6.51 -9999 -9999 -9999 -9999 -9999 -9999 -9999 -9999 -9999 -9999 -9999 -9999 -9999 -9999 8.70 -9999 -9999 -9999 -9999 -9999 -9999 -9999 -9999 -9999 -9999 -9999 -9999 -9999 -9999 -9999 -9999 -9999 -9999 -9999 -9999 -9999 -9999 -9999 -9999 -9999 -9999 -9999 -9999 -9999 -9999 -9999 -9999 -9999 -9999 -9999 -9999 -9999 -9999 -9999 -9999 -9999 -9999 -9999 -9999
7.77 6.84 7.96 8.43 8.55 8.83 7.99 7.33 7.81 4.94 4.64 5.81 7.91 11.10 11.27 6.20 6.20 5.68 6.31 8.22 -9999 -9999 -9999 -9999 -9999 -9999 -9999 -9999 -9999 -9999 -9999 -9999 -9999 -9999 -9999 -9999 -9999 -9999 -9999 -9999 -9999 -9999 -9999 -9999 -9999 -9999 -9999 -9999 -9999 -9999 -9999 -9999 -9999 -9999 -9999 -9999 -9999 -9999 -9999 -9999 -9999 -9999 -9999 -9999 -9999 -9999 -9999 -9999 -9999 -9999 -9999 -9999 -9999 -9999 -9999 -9999 -9999 -9999 -9999
8.71 8.21 8.46 8.19 8.79 8.03 7.35 6.76 5.57 5.47 4.94 5.05 7.56 9.31 8.91 7.22 5.43 5.41 7.81 7.17 -9999 -9999 -9999 -9999 -9999 -9999 -9999 -9999 -9999 -9999 -9999 -9999 -9999 -9999 -9999 -9999 -9999 -9999 -9999 -9999 -9999 -9999 -9999 -9999 -9999 -9999 -9999 -9999 -9999 -9999 -9999 -9999 -9999 -9999 -9999 -9999 -9999 -9999 -9999 -9999 -9999 -9999 -9999 -9999 -9999 -9999 -9999 -9999 -9999 -9999 -9999 -9999 -9999 -9999 -9999 -9999 -9999 -9999 -9999
9.55 9.05 9.05 7.90 8.32 7.67 9.10 8.00 6.49 5.96 6.41 5.38 6.10 7.09 6.81 5.84 5.59 6.18 6.99 7.28 -9999 -9999 -9999 -9999 -9999 -9999 -9999 -9999 -9999 -9999 -9999 -9999 -9999 -9999 -9999 -9999 -9999 -9999 -9999 -9999 -9999 -9999 -9999 -9999 -9999 -9999 -9999 -9999 -9999 -9999 -9999 -9999 -9999 -9999 -9999 -9999 -9999 -9999 -9999 -9999 -9999 -9999 -9999 -9999 -9999 -9999 -9999 -9999 -9999 -9999 -9999 -9999 -9999 -9999 -9999 -9999 -9999 -9999 -9999
8.20 8.49 8.01 8.82 10.10 9.58 8.09 7.86 7.62 7.39 6.51 6.96 6.43 5.76 5.80 6.32 6.93 7.24 6.91 7.77 -9999 -9999 -9999 -9999 -9999 -9999 -9999 -9999 -9999 -9999 -9999 -9999 -9999 -9999 -9999 -9999 -9999 -9999 -9999 -9999 -9999 -9999 -9999 -9999 -9999 -9999 -9999 -9999 -9999 -9999 -9999 -9999 -9999 -9999 -9999 -9999 -9999 -9999 -9999 -9999 -9999 -9999 -9999 -9999 -9999 -9999 -9999 -9999 -9999 -9999 -9999 -9999 -9999 -9999 -9999 -9999 -9999 -9999 -9999
8.89 9.22 -9999 -9999 -9999 -9999 -9999 -9999 -9999 -9999 -9999 7.64 8.12 7.01 6.35 5.75 6.66 7.28 7.15 -9999 -9999 -9999 -9999 -9999 -9999 -9999 -9999 -9999 -9999 -9999 -9999 -9999 -9999 -9999 -9999 -9999 -9999 -9999 -9999 -9999 -9999 -9999 -9999 -9999 -9999 -9999 -9999 -9999 -9999 -9999 -9999 -9999 -9999 -9999 -9999 -9999 -9999 -9999 -9999 -9999 -9999 -9999 -9999 -9999 -9999 -9999 -9999 -9999 -9999 -9999 -9999 -9999 -9999 -9999 -9999 -9999 -9999 -9999 -9999
9.67 10.08 -9999 -9999 -9999 -9999 -9999 -9999 -9999 -9999 -9999 -9999 -9999 -9999 6.86 6.32 6.59 7.05 -9999 -9999 -9999 -9999 -9999 -9999 -9999 -9999 -9999 -9999 -9999 -9999 -9999 -9999 -9999 -9999 -9999 -9999 -9999 -9999 -9999 -9999 -9999 -9999 -9999 -9999 -9999 -9999 -9999 -9999 -9999 -9999 -9999 -9999 -9999 -9999 -9999 -9999 -9999 -9999 -9999 -9999 -9999 -9999 -9999 -9999 -9999 -9999 -9999 -9999 -9999 -9999 -9999 -9999 -9999 -9999 -9999 -9999 -9999 -9999 -9999
-9999 -9999 -9999 -9999 -9999 -9999 -9999 -9999 -9999 -9999 -9999 -9999 -9999 -9999 7.88 8.81 9.35 8.90 -9999 -9999 -9999 -9999 -9999 -9999 -9999 -9999 -9999 -9999 -9999 -9999 -9999 -9999 -9999 -9999 -9999 -9999 -9999 -9999 -9999 -9999 -9999 -9999 -9999 -9999 -9999 -9999 -9999 -9999 -9999 -9999 -9999 -9999 -9999 -9999 -9999 -9999 -9999 -9999 -9999 -9999 -9999 -9999 -9999 -9999 -9999 -9999 -9999 -9999 -9999 -9999 -9999 -9999 -9999 -9999 -9999 -9999 -9999 -9999 -9999
-9999 -9999 -9999 -9999 -9999 -9999 -9999 -9999 -9999 -9999 -9999 -9999 -9999 -9999 -9999 -9999 -9999 -9999 -9999 -9999 -9999 -9999 -9999 -9999 -9999 -9999 -9999 -9999 -9999 -9999 -9999 -9999 -9999 -9999 -9999 -9999 -9999 -9999 -9999 -9999 -9999 -9999 -9999 -9999 -9999 -9999 -9999 -9999 -9999 -9999 -9999 -9999 -9999 -9999 -9999 -9999 -9999 -9999 -9999 -9999 -9999 -9999 -9999 -9999 -9999 -9999 -9999 -9999 -9999 -9999 -9999 -9999 -9999 -9999 -9999 -9999 -9999 -9999 -9999
-9999 -9999 -9999 -9999 -9999 -9999 -9999 -9999 -9999 -9999 -9999 -9999 -9999 -9999 -9999 -9999 -9999 -9999 -9999 -9999 -9999 -9999 -9999 -9999 -9999 -9999 -9999 -9999 -9999 -9999 -9999 -9999 -9999 -9999 -9999 -9999 -9999 -9999 -9999 -9999 -9999 -9999 -9999 -9999 -9999 -9999 -9999 -9999 -9999 -9999 -9999 -9999 -9999 -9999 -9999 -9999 -9999 -9999 -9999 -9999 -9999 -9999 -9999 -9999 -9999 -9999 -9999 -9999 -9999 -9999 -9999 -9999 -9999 -9999 -9999 -9999 -9999 -9999 -9999
