ML/MeanWindSpeed_1996-11_Actual.txt
ncols         180
nrows         290
xllcorner     -200000
yllcorner     -200000
cellsize      5000
NODATA_value  -9999
[rows 175 to 209 of 290, columns 78 to 155 of 180]
-9999 -9999 -9999 -9999 -9999 -9999 -9999 -9999 15.07 13.63 12.25 11.57 12.04 10.46 10.42 20.27 28.66 11.79 15.27 14.99 13.59 10.74 6.28 5.66 9.55 13.67 10.50 7.06 7.26 8.47 7.68 8.06 9.96 8.61 7.58 6.76 6.89 6.98 6.58 6.71 6.88 14.16 16.09 12.83 13.25 10.70 9.51 11.63 12.13 9.16 8.67 10.47 9.36 8.53 9.32 8.66 9.87 8.74 8.47 8.12 7.96 9.95 8.66 8.25 8.29 7.99 8.70 9.57 9.94 10.53 11.17 9.54 12.04 15.07 -9999 -9999 -9999 -9999
-9999 -9999 -9999 -9999 -9999 -9999 -9999 -9999 -9999 16.41 12.80 10.98 9.52 9.29 13.88 33.56 22.37 9.10 16.41 10.19 14.63 14.07 8.41 4.44 13.15 11.23 12.53 9.93 7.19 7.11 7.24 6.54 8.22 8.88 8.14 7.41 6.75 7.00 6.65 6.39 8.83 10.40 16.33 13.40 14.45 13.25 7.58 10.77 13.57 9.40 9.43 10.39 9.29 9.03 9.06 8.73 10.00 8.68 8.39 8.64 8.25 9.49 9.40 8.67 8.50 8.38 8.59 9.39 11.18 9.93 9.15 9.36 11.49 14.63 -9999 -9999 -9999 -9999
-9999 -9999 -9999 -9999 -9999 -9999 -9999 -9999 -9999 -9999 13.43 10.45 11.01 13.99 28.81 32.08 21.61 15.28 13.65 13.86 15.45 15.76 14.96 8.28 6.57 14.95 12.01 10.46 8.76 7.03 6.84 7.26 7.60 8.21 7.51 6.77 6.95 6.95 6.78 7.05 8.35 11.05 12.99 10.54 11.20 13.63 11.07 7.41 13.31 9.73 9.59 10.33 9.19 9.11 8.81 9.36 10.00 8.94 8.70 8.70 8.16 10.39 9.60 9.08 9.00 8.92 9.35 9.18 9.29 8.97 8.86 9.48 12.10 14.97 -9999 -9999 -9999 -9999
-9999 -9999 -9999 -9999 -9999 -9999 -9999 -9999 -9999 -9999 13.13 11.38 15.04 18.08 21.51 26.42 15.84 11.79 14.09 16.66 16.29 17.11 14.52 9.50 5.69 15.16 15.27 11.46 9.74 7.04 6.58 7.36 8.76 8.14 7.58 7.12 6.39 6.15 6.84 9.43 9.38 6.88 13.48 10.42 11.31 13.90 13.96 10.61 9.26 8.80 7.38 9.36 10.34 8.98 8.73 8.29 8.98 8.71 9.28 9.01 8.90 9.81 10.68 10.12 10.04 9.63 9.52 9.16 8.75 8.76 9.52 11.11 13.54 -9999 -9999 -9999 -9999 -9999
-9999 -9999 -9999 -9999 -9999 -9999 -9999 -9999 -9999 -9999 11.70 11.50 13.70 13.46 20.52 18.57 14.08 16.13 12.68 13.49 16.76 14.38 17.37 13.38 7.80 13.74 15.40 14.22 9.45 7.93 6.53 7.93 9.63 9.09 7.74 6.86 6.31 6.75 8.71 9.04 7.03 6.91 10.94 10.76 10.56 10.68 10.10 10.25 11.13 6.92 8.35 8.67 8.31 8.90 8.27 9.34 8.19 8.72 9.32 9.41 10.11 13.05 11.76 10.82 10.32 10.06 9.72 9.35 9.05 9.25 10.94 13.17 -9999 -9999 -9999 -9999 -9999 -9999
-9999 -9999 -9999 -9999 -9999 -9999 -9999 -9999 -9999 12.96 22.88 12.72 14.26 16.44 10.69 25.38 22.10 20.48 17.21 19.13 14.11 14.86 12.73 10.80 12.78 17.53 15.13 13.81 9.36 7.73 6.61 8.77 9.07 8.39 7.72 6.60 6.61 8.55 7.93 7.03 8.67 10.13 7.00 13.14 12.10 8.33 9.46 8.87 8.03 8.04 7.12 7.06 7.33 8.80 8.22 7.50 9.55 8.77 9.29 9.95 10.99 13.32 11.90 10.97 10.63 10.03 9.76 9.23 9.04 10.41 12.50 -9999 -9999 -9999 -9999 -9999 -9999 -9999
-9999 -9999 -9999 -9999 -9999 -9999 -9999 14.40 13.32 18.04 15.17 11.74 12.30 14.10 9.49 12.17 15.06 20.56 19.22 19.87 17.29 17.36 9.52 13.45 13.24 9.31 10.02 9.06 9.81 8.45 7.45 8.66 8.97 8.80 7.58 7.38 8.98 7.85 8.23 6.86 9.06 10.14 9.55 8.14 7.21 9.66 9.05 8.49 8.59 8.51 8.22 6.46 7.79 7.71 6.95 7.39 8.15 8.89 9.67 9.88 11.00 12.99 11.75 10.70 10.43 9.77 9.43 8.99 9.45 11.20 -9999 -9999 -9999 -9999 -9999 15.23 14.99 14.48
-9999 -9999 -9999 -9999 -9999 -9999 14.56 13.94 13.68 13.75 13.21 12.69 10.85 8.42 7.86 10.53 12.93 16.70 26.40 14.82 11.91 11.34 7.17 16.02 17.57 16.23 11.42 9.48 10.00 9.52 8.80 9.04 9.70 8.89 8.20 7.95 8.76 9.06 6.92 6.82 9.14 9.36 8.87 8.24 8.61 9.27 7.72 8.54 7.41 7.50 8.36 7.52 6.85 6.35 6.94 8.31 8.16 8.78 9.45 9.91 10.57 12.92 11.93 10.56 9.85 9.36 9.11 8.86 9.35 10.77 -9999 -9999 -9999 -9999 -9999 13.28 12.49 12.23
-9999 -9999 -9999 -9999 -9999 15.10 16.02 14.79 14.48 -9999 -9999 -9999 -9999 9.08 17.63 14.67 13.82 17.27 14.98 11.81 15.46 14.02 11.84 24.48 20.51 16.38 16.81 12.10 9.10 9.68 9.62 8.81 8.84 8.52 7.92 8.48 7.61 9.31 7.39 7.14 7.74 8.58 9.02 8.89 7.73 7.99 7.85 7.88 7.70 7.35 6.90 6.71 6.50 6.99 8.09 8.11 7.98 9.13 10.10 10.42 10.47 11.66 11.34 10.87 9.43 9.11 8.85 8.56 8.70 9.86 12.06 -9999 -9999 -9999 -9999 11.77 10.85 10.79
-9999 -9999 -9999 -9999 -9999 17.13 19.06 14.58 15.41 -9999 -9999 -9999 -9999 9.72 14.05 16.46 9.65 16.14 15.17 14.12 18.66 20.68 15.86 21.00 11.32 12.85 12.65 11.01 9.18 8.95 9.18 8.79 9.03 9.62 8.13 8.80 8.20 8.26 8.93 7.50 7.77 7.14 8.48 9.73 10.24 10.11 8.05 7.41 7.49 7.48 8.03 7.21 7.28 7.91 8.42 9.42 8.56 11.19 11.28 11.64 10.39 10.81 10.67 10.30 9.09 9.04 8.81 8.44 8.31 8.54 9.95 11.32 -9999 -9999 12.33 11.58 10.87 11.24
-9999 -9999 -9999 -9999 -9999 -9999 -9999 -9999 -9999 -9999 -9999 -9999 -9999 11.07 17.03 14.46 9.76 12.44 9.85 19.69 19.03 12.01 16.35 15.33 13.17 14.12 10.94 9.80 8.73 9.61 9.02 9.31 8.87 8.22 8.27 8.19 7.81 8.07 8.86 7.86 7.48 8.08 8.76 8.29 9.34 9.64 7.13 8.99 10.41 8.95 9.10 8.66 7.10 8.09 9.38 10.84 10.63 9.95 10.55 11.49 10.69 11.02 10.47 10.12 8.90 8.99 8.87 8.63 8.31 7.90 8.28 9.28 10.66 11.39 11.07 11.08 9.89 11.24
-9999 -9999 -9999 -9999 -9999 -9999 -9999 -9999 -9999 -9999 -9999 -9999 -9999 -9999 17.03 5.85 6.55 11.27 17.27 16.17 18.91 17.50 11.69 13.45 15.42 10.69 9.84 8.78 8.66 8.46 8.98 8.93 8.78 8.30 8.12 8.02 8.21 7.84 8.72 8.35 7.72 10.91 10.06 8.20 7.91 7.85 8.04 7.97 9.51 9.89 9.31 10.91 8.34 7.82 8.85 8.55 9.29 9.58 9.41 11.07 11.01 10.52 9.85 10.15 9.02 9.05 8.90 8.63 8.45 8.35 8.39 8.48 9.24 9.90 10.24 10.11 10.06 11.54
-9999 -9999 -9999 -9999 -9999 -9999 -9999 -9999 -9999 -9999 -9999 -9999 -9999 -9999 10.80 16.87 18.23 14.72 12.21 11.46 15.47 12.74 13.20 10.89 10.25 12.99 9.13 8.81 11.26 10.30 9.70 8.84 7.82 7.71 8.69 8.45 9.76 9.44 9.05 8.35 7.73 10.66 11.93 9.94 8.32 7.63 8.07 8.12 7.97 8.56 9.85 13.09 11.05 8.28 7.73 8.47 10.14 11.61 11.54 10.71 11.32 10.75 10.22 9.73 9.27 9.21 9.00 8.95 8.80 8.73 8.79 8.96 9.30 9.73 10.32 10.31 9.93 11.05
-9999 -9999 -9999 -9999 -9999 -9999 -9999 -9999 -9999 -9999 -9999 -9999 -9999 14.22 13.40 9.77 21.18 12.95 10.11 14.16 13.75 12.00 16.37 11.34 10.63 13.87 8.39 17.06 12.81 10.09 10.10 11.24 8.65 8.03 12.11 11.56 10.00 8.23 8.91 8.82 8.41 9.33 10.26 10.02 8.92 8.30 8.06 8.19 8.56 8.23 10.09 10.04 9.34 8.63 8.15 9.21 10.66 12.06 11.99 10.37 10.55 10.64 10.38 9.83 9.45 9.27 9.19 9.15 9.06 8.95 9.03 9.22 9.28 9.62 10.64 10.64 10.19 10.57
-9999 -9999 -9999 -9999 -9999 -9999 -9999 -9999 -9999 -9999 -9999 -9999 -9999 12.27 12.95 20.44 12.21 6.42 10.05 10.46 12.68 16.42 16.26 12.36 11.73 11.67 9.11 9.90 11.06 13.22 12.95 9.79 9.56 9.27 9.86 10.50 8.32 8.01 9.05 9.00 9.82 10.21 9.45 9.84 9.39 8.68 8.33 8.25 8.27 8.26 9.46 9.87 9.27 8.09 8.65 10.33 11.94 10.98 11.91 11.77 10.90 10.20 11.10 9.89 10.08 9.49 9.37 9.15 9.12 9.12 9.06 9.14 9.29 9.51 10.89 10.68 10.07 10.21
-9999 -9999 -9999 -9999 -9999 -9999 -9999 -9999 -9999 -9999 -9999 -9999 -9999 14.02 16.62 7.05 9.99 9.28 11.57 11.29 17.78 15.09 17.81 13.90 12.45 9.73 8.06 8.68 12.99 16.01 17.57 10.28 12.38 10.82 10.99 10.14 7.57 8.06 8.57 8.98 9.88 9.20 9.31 11.03 9.92 8.55 8.54 10.22 8.07 8.60 9.14 8.98 8.41 8.25 9.23 9.94 10.41 10.63 10.72 9.86 9.83 10.60 10.80 9.38 9.35 9.46 9.29 9.23 9.04 8.84 8.94 9.03 9.19 9.44 9.94 9.80 10.09 9.86
-9999 -9999 -9999 -9999 -9999 -9999 -9999 -9999 -9999 -9999 -9999 -9999 -9999 -9999 8.73 10.49 14.05 18.02 19.51 15.71 15.87 12.95 9.45 9.77 8.85 10.28 10.32 8.57 10.29 10.96 15.62 12.21 10.43 10.52 12.40 11.23 8.01 9.35 7.91 8.20 11.76 9.47 9.12 8.92 9.17 8.14 8.25 10.62 9.55 8.49 9.22 8.75 8.50 9.09 10.30 9.70 9.52 9.08 10.13 9.10 10.81 10.81 9.39 9.20 9.98 9.65 9.09 9.00 8.78 8.72 8.84 8.92 9.08 9.17 9.24 9.34 9.69 9.63
-9999 -9999 -9999 -9999 -9999 -9999 -9999 -9999 -9999 -9999 -9999 -9999 -9999 -9999 10.78 12.29 14.25 17.66 21.92 19.47 14.31 10.38 8.54 11.05 14.14 16.88 19.12 13.90 9.90 10.38 12.10 11.18 8.36 13.39 12.21 11.54 9.43 10.38 8.41 7.92 9.29 11.49 10.67 9.43 8.57 8.03 8.50 9.81 9.31 8.70 8.75 9.40 9.77 10.17 10.94 9.91 9.33 11.06 11.10 10.95 10.60 10.81 9.47 10.03 10.69 9.23 8.94 8.89 8.73 8.75 8.75 8.78 8.86 8.93 9.01 8.92 8.73 8.51
-9999 -9999 -9999 -9999 -9999 -9999 -9999 -9999 -9999 -9999 -9999 -9999 -9999 12.81 9.79 10.74 13.96 16.36 15.61 15.16 11.80 13.22 20.09 15.82 16.02 16.01 12.79 11.29 12.14 12.25 9.80 8.72 9.58 12.54 12.33 11.34 9.46 10.67 7.90 7.87 10.12 9.54 10.14 10.10 9.00 8.16 8.45 9.59 9.27 8.30 8.73 8.82 8.81 10.06 9.69 11.18 10.29 11.38 10.39 10.74 10.86 9.68 9.54 10.76 10.48 9.00 8.82 9.16 8.74 8.84 8.79 8.93 8.84 8.72 8.68 8.35 8.70 9.07
-9999 -9999 -9999 -9999 -9999 -9999 -9999 -9999 -9999 -9999 -9999 -9999 -9999 16.23 12.70 10.06 9.55 13.00 19.01 18.35 16.04 13.39 14.27 16.09 17.79 18.08 12.15 14.92 16.54 10.54 13.59 7.86 8.89 11.47 14.04 9.75 10.63 8.43 7.03 7.54 8.62 12.67 10.43 10.38 9.56 8.97 8.97 9.14 8.73 8.15 8.39 8.31 8.34 8.44 10.29 11.07 11.06 12.00 10.64 9.97 10.05 9.64 10.35 10.95 10.36 9.59 9.97 9.50 9.73 9.06 8.96 9.20 9.14 8.68 8.42 8.11 8.04 9.11
-9999 -9999 -9999 -9999 -9999 -9999 -9999 -9999 -9999 -9999 -9999 -9999 -9999 14.04 11.69 6.37 8.31 12.82 19.36 17.04 17.29 13.18 15.15 14.14 12.35 14.11 14.74 13.96 11.75 9.76 10.52 14.18 9.23 9.20 9.49 10.02 12.00 9.52 7.13 7.49 8.52 9.11 9.12 10.48 9.73 9.27 9.44 8.31 7.65 8.54 8.85 9.03 8.32 9.24 10.94 10.94 9.76 10.17 11.51 10.25 10.87 9.75 11.14 11.26 10.00 9.74 9.94 9.05 9.26 9.02 8.91 8.91 8.65 8.49 8.46 8.27 8.69 7.92
-9999 -9999 -9999 -9999 -9999 -9999 -9999 -9999 -9999 -9999 -9999 -9999 12.99 13.84 15.75 11.45 8.63 14.18 16.16 19.52 19.13 11.13 11.21 10.13 12.48 15.10 12.24 11.68 14.21 11.90 10.77 10.23 9.07 8.13 8.47 10.03 9.79 9.11 8.54 7.73 7.34 8.36 9.11 8.31 9.00 8.71 9.52 8.31 8.34 8.59 7.98 7.97 8.55 10.23 9.97 9.98 9.14 10.52 10.98 10.69 9.74 11.02 11.18 11.29 11.34 10.51 9.75 9.44 9.08 9.06 8.94 8.65 8.43 8.25 8.23 8.37 8.76 8.57
-9999 -9999 -9999 -9999 -9999 -9999 -9999 -9999 -9999 -9999 -9999 15.18 14.25 14.33 11.04 8.58 13.02 17.23 18.19 15.46 17.68 11.85 13.40 11.19 11.01 20.32 13.28 13.73 10.58 11.12 9.22 8.79 9.39 11.01 9.63 12.36 9.64 10.02 7.99 7.56 7.69 8.08 8.75 8.23 8.45 9.01 9.22 7.46 8.38 8.33 8.45 8.70 9.27 10.20 9.17 10.25 9.71 10.23 9.35 9.43 11.28 11.84 11.10 11.35 11.06 9.77 10.27 10.17 9.86 9.49 8.85 8.39 8.00 8.36 8.41 9.25 9.53 9.71
-9999 -9999 -9999 -9999 -9999 -9999 -9999 -9999 -9999 16.85 14.70 12.68 9.57 8.51 8.82 9.62 14.55 16.08 18.43 20.47 17.69 14.59 9.03 12.87 12.14 17.57 13.04 11.54 11.51 9.68 9.38 7.86 9.32 12.07 11.24 11.41 8.48 8.68 8.12 8.05 8.87 8.35 8.96 7.94 8.19 8.70 7.70 7.55 8.10 9.41 9.01 10.04 11.02 10.33 9.63 8.99 8.78 9.97 10.79 10.61 11.42 10.20 11.13 11.36 10.40 9.28 9.26 10.34 9.90 9.72 8.45 7.99 7.70 8.13 9.59 10.01 9.55 10.64
-9999 -9999 -9999 -9999 -9999 15.80 14.05 12.07 16.51 16.36 16.29 15.90 11.76 10.21 9.02 16.24 13.88 16.42 17.20 16.83 12.78 11.35 8.70 10.60 10.06 18.91 16.64 13.75 10.36 10.65 9.77 12.04 8.03 10.60 11.24 10.59 9.85 8.64 7.65 8.96 8.34 7.73 9.35 7.93 8.13 7.65 7.88 8.53 9.49 8.48 9.48 8.82 9.50 10.87 10.69 10.33 9.93 10.67 10.85 10.54 10.29 11.46 10.07 10.01 9.73 9.12 9.92 10.07 10.02 8.96 8.14 8.14 8.36 9.88 10.01 9.27 10.18 9.01
-9999 -9999 -9999 -9999 17.37 13.90 14.32 12.85 11.88 14.14 13.12 13.85 10.97 8.68 13.40 14.49 14.80 9.69 17.82 12.79 9.68 17.18 12.87 7.97 17.57 14.73 14.21 8.92 8.35 9.24 13.75 9.46 8.45 8.28 8.69 11.03 10.81 10.47 8.27 8.48 7.79 7.86 8.93 8.47 8.23 8.08 8.25 9.07 8.91 11.51 8.76 8.15 8.87 10.16 9.43 9.44 8.92 9.29 10.17 10.02 11.23 10.56 9.76 9.77 10.02 9.17 9.39 9.38 8.63 8.36 8.26 8.30 8.47 9.13 10.13 9.94 9.96 9.32
-9999 -9999 -9999 17.44 16.22 11.40 10.49 10.58 11.97 10.87 11.46 10.33 11.42 17.52 13.01 10.61 15.30 7.42 11.83 11.95 16.89 16.08 17.08 13.60 12.77 11.14 8.54 15.38 14.29 8.94 9.53 8.98 8.41 8.90 8.08 8.34 10.92 11.27 7.88 7.32 7.46 8.42 7.63 7.40 8.33 11.66 8.58 8.31 9.32 10.36 9.12 8.23 9.11 9.90 9.83 10.57 9.76 8.84 8.83 8.97 10.68 10.34 9.50 10.60 10.29 9.19 9.18 8.92 8.56 8.87 8.97 8.87 9.11 9.16 10.01 8.97 8.71 9.15
17.31 14.11 16.55 12.79 12.08 12.65 10.97 10.32 13.32 11.32 11.12 11.49 15.71 14.72 11.84 12.98 11.97 9.41 9.78 14.98 15.70 13.19 13.50 15.92 10.76 6.62 15.56 17.81 13.34 12.84 9.17 9.75 8.46 8.85 11.66 8.68 11.63 9.02 7.60 7.06 7.58 10.28 7.07 7.79 13.56 9.53 8.54 8.58 9.64 10.74 8.59 8.62 9.02 8.56 9.35 9.39 8.72 8.37 9.02 8.63 9.28 9.97 10.13 9.58 9.05 8.50 8.30 8.97 10.94 9.95 11.15 10.13 8.56 10.14 9.60 9.67 9.15 8.86
12.01 11.23 15.27 19.41 17.25 16.41 11.88 13.43 15.94 13.89 12.99 16.15 13.27 12.09 15.61 11.31 7.95 9.94 11.01 14.90 14.47 13.90 13.15 11.59 8.13 11.10 25.21 19.18 13.47 9.83 10.66 9.76 11.87 9.35 10.23 8.92 8.45 8.13 8.18 7.25 6.93 7.32 7.04 12.11 12.77 11.13 8.94 8.35 12.13 9.86 8.73 8.89 8.14 9.08 8.92 8.49 7.53 9.24 8.78 7.97 10.29 10.16 8.89 8.63 8.49 8.20 8.83 10.22 10.78 10.47 11.11 10.01 9.37 10.28 9.72 8.73 9.17 8.97
10.40 10.86 12.76 13.46 12.58 10.57 13.45 11.70 14.52 9.94 11.78 15.31 13.84 11.40 12.86 7.94 7.51 13.68 15.20 13.17 11.13 14.35 10.03 8.06 7.27 14.46 18.85 19.36 9.93 11.09 11.44 11.85 10.47 8.40 10.70 9.78 8.83 7.77 8.20 6.48 6.26 7.95 8.06 11.84 11.25 10.09 8.42 9.56 11.63 10.58 9.75 8.87 8.94 8.58 8.06 7.50 7.54 8.29 8.81 8.37 8.27 8.48 8.30 9.86 10.71 8.50 8.89 9.97 10.27 9.60 10.36 10.25 10.29 10.22 8.80 8.85 8.63 8.71
12.02 10.28 11.07 10.63 11.78 11.02 11.20 12.73 10.58 11.90 10.11 9.72 9.60 8.69 7.69 11.04 9.50 15.05 24.07 11.56 11.85 13.03 19.87 19.23 7.74 7.00 21.26 15.07 11.83 12.78 14.55 11.31 8.42 7.61 11.23 11.47 8.86 7.64 7.27 6.57 6.75 8.52 12.12 12.20 9.91 9.38 8.97 8.61 8.56 9.93 8.90 8.59 8.06 7.41 6.97 6.94 8.25 7.82 7.52 7.83 6.86 7.37 8.89 8.80 9.83 8.93 8.83 8.81 9.09 9.87 10.21 10.32 10.37 10.38 8.60 7.97 8.59 8.49
10.94 9.90 11.10 9.62 10.47 10.67 10.92 9.28 9.12 10.58 9.63 11.85 10.07 12.53 7.84 12.92 15.75 15.45 16.96 18.20 14.37 17.64 20.85 13.52 16.40 13.50 6.67 14.56 13.92 9.02 9.85 7.68 10.40 10.16 14.54 12.73 8.70 7.49 6.50 6.52 8.40 12.32 9.96 12.21 9.77 9.40 10.43 8.58 10.13 8.06 8.42 7.80 7.27 6.97 7.10 7.01 7.00 6.43 6.39 6.33 6.88 8.52 9.83 9.05 8.08 9.07 8.32 9.76 8.68 8.56 9.05 9.58 9.89 9.87 9.21 7.76 8.32 8.29
12.07 10.34 9.57 11.76 13.43 15.87 14.01 11.73 10.36 9.09 9.87 14.26 10.11 11.48 7.47 10.59 11.17 9.67 8.08 12.60 11.66 14.60 14.56 18.41 15.87 16.69 14.81 20.63 11.22 9.20 8.45 10.46 9.83 13.49 12.44 12.52 7.79 7.16 6.24 11.66 12.73 11.74 11.91 9.15 9.89 10.16 9.73 8.28 8.08 8.09 7.65 7.36 7.16 6.94 7.61 7.52 7.57 6.46 5.54 5.90 7.42 10.15 7.71 8.43 8.55 8.05 8.11 8.43 7.83 7.97 8.97 8.65 9.30 9.29 8.85 8.51 8.42 7.66
13.05 11.28 10.35 10.63 13.30 13.85 15.07 13.81 12.35 11.06 10.18 10.76 14.20 8.55 14.62 12.70 12.22 13.82 11.84 9.13 9.45 11.85 10.06 13.10 13.14 11.04 18.46 18.04 8.82 10.03 7.24 8.66 11.34 12.25 10.93 9.74 7.57 7.11 9.53 8.46 10.98 10.36 9.26 9.66 9.25 8.75 8.61 7.46 6.98 6.94 6.91 9.11 7.13 8.07 6.95 6.64 5.69 5.04 5.15 6.88 9.26 8.76 8.03 8.25 8.14 7.95 8.30 8.94 9.30 7.27 8.68 9.92 8.93 8.51 8.87 7.49 7.72 8.70
12.79 12.07 12.74 14.07 15.99 -9999 -9999 -9999 -9999 13.31 12.58 13.70 9.89 8.19 10.28 9.99 9.29 8.76 4.06 17.55 18.78 10.95 8.80 9.02 11.53 13.07 16.27 11.80 9.18 7.71 6.71 12.95 10.91 13.09 8.65 8.25 7.65 7.63 10.74 7.94 10.03 9.73 8.59 8.77 8.49 8.06 7.34 6.87 6.68 6.80 6.93 8.65 7.36 7.70 7.63 6.78 5.86 4.99 6.93 6.78 8.15 8.69 8.59 6.61 6.94 7.08 8.86 9.48 8.72 6.92 8.17 9.22 8.88 8.28 9.14 8.22 7.69 8.01
