ML/MeanWindSpeed_2000-07_Actual.txt
ncols         180
nrows         290
xllcorner     -200000
yllcorner     -200000
cellsize      5000
NODATA_value  -9999
[rows 175 to 209 of 290, columns 79 to 157 of 180]
-9999 -9999 -9999 -9999 -9999 -9999 -9999 9.05 8.69 8.22 7.50 6.51 4.53 2.91 5.93 10.76 5.49 7.69 7.42 6.88 5.81 4.62 5.28 6.44 6.87 5.58 4.52 5.08 5.86 5.51 5.68 6.51 6.10 6.05 5.93 6.07 6.11 5.94 5.81 5.64 8.60 8.74 7.53 7.75 6.46 6.37 7.19 6.95 5.82 5.57 6.09 5.66 5.33 5.77 5.49 6.12 5.81 5.74 5.59 5.58 6.25 5.54 5.60 5.82 5.89 6.33 6.70 6.85 7.09 7.45 6.75 7.67 8.75 -9999 -9999 -9999 -9999 -9999 -9999
-9999 -9999 -9999 -9999 -9999 -9999 -9999 -9999 9.64 8.15 6.66 4.76 3.61 4.10 12.69 8.82 4.17 7.83 5.01 7.01 6.77 4.78 4.21 8.38 6.09 5.94 5.23 4.82 5.23 5.40 4.99 5.66 6.15 6.18 6.07 5.86 5.97 5.66 5.31 6.56 7.46 9.39 7.81 8.33 7.61 5.00 6.54 7.72 5.87 5.78 5.94 5.37 5.34 5.58 5.53 6.22 5.75 5.58 5.65 5.45 5.74 5.64 5.58 5.74 5.90 6.19 6.73 7.62 7.05 6.71 6.80 7.54 8.66 -9999 -9999 -9999 -9999 -9999 -9999
-9999 -9999 -9999 -9999 -9999 -9999 -9999 -9999 -9999 7.83 5.71 4.88 5.45 11.65 13.24 8.87 6.49 6.45 6.99 7.83 7.85 7.57 5.44 5.02 7.79 5.41 5.01 5.32 5.10 5.18 5.15 5.26 5.83 5.82 5.70 5.83 5.77 5.51 5.61 6.42 7.89 8.36 6.78 6.99 8.04 6.57 4.95 7.66 5.94 5.77 5.95 5.35 5.41 5.41 5.81 6.29 5.86 5.65 5.63 5.27 6.02 5.72 5.71 5.87 6.01 6.40 6.58 6.76 6.67 6.70 6.91 7.83 8.82 -9999 -9999 -9999 -9999 -9999 -9999
-9999 -9999 -9999 -9999 -9999 -9999 -9999 -9999 -9999 6.80 5.68 6.71 8.18 9.57 11.54 6.61 4.12 5.83 7.70 8.16 8.86 7.78 5.85 4.15 7.91 7.02 5.68 5.87 5.10 5.08 5.23 5.88 5.89 5.89 5.82 5.53 5.33 5.51 6.82 6.81 5.88 8.83 7.04 7.46 8.49 8.03 6.58 6.03 5.58 4.79 5.66 6.00 5.36 5.36 5.41 5.88 5.71 5.86 5.71 5.47 5.71 6.26 6.17 6.27 6.24 6.40 6.50 6.57 6.66 7.00 7.57 8.41 -9999 -9999 -9999 -9999 -9999 -9999 -9999
-9999 -9999 -9999 -9999 -9999 -9999 -9999 -9999 -9999 6.25 6.52 7.43 7.45 10.69 9.19 5.99 5.71 4.62 6.08 8.26 7.63 9.43 7.25 4.42 7.33 7.94 7.66 5.97 5.49 5.00 5.52 6.29 6.22 5.89 5.62 5.36 5.52 6.44 6.79 5.83 5.80 7.84 7.59 7.43 7.32 6.65 6.50 6.92 4.75 5.22 5.45 5.27 5.50 5.27 5.94 5.52 5.71 5.86 5.80 5.87 7.07 6.73 6.49 6.37 6.42 6.49 6.58 6.71 6.91 7.56 8.37 -9999 -9999 -9999 -9999 -9999 -9999 -9999 -9999
-9999 -9999 -9999 -9999 -9999 -9999 -9999 -9999 7.30 12.16 7.90 8.88 10.11 6.87 12.38 9.90 7.96 6.80 9.21 7.76 8.17 7.16 5.12 5.62 8.48 7.74 7.74 6.03 5.27 4.86 5.93 6.17 5.96 5.86 5.49 5.37 6.24 6.26 6.10 6.61 7.15 6.03 8.88 8.25 6.35 6.72 6.08 5.50 5.30 4.70 4.81 5.04 5.64 5.31 5.05 6.11 5.70 5.80 5.93 6.08 7.04 6.66 6.47 6.54 6.47 6.58 6.62 6.78 7.41 8.22 -9999 -9999 -9999 -9999 -9999 -9999 -9999 9.08 -9999
-9999 -9999 -9999 -9999 -9999 -9999 7.24 7.31 9.87 8.97 7.84 8.41 9.10 5.60 6.14 7.47 8.75 8.24 9.88 8.78 8.49 4.69 5.71 5.87 4.90 5.63 5.69 6.34 5.69 5.28 6.05 6.34 6.25 5.84 5.86 6.48 6.08 6.60 6.13 6.93 7.22 7.09 6.58 6.02 6.95 6.58 6.06 5.82 5.59 5.34 4.61 5.20 5.04 4.62 4.92 5.45 5.60 5.78 5.72 6.08 6.98 6.59 6.30 6.51 6.48 6.57 6.68 7.05 7.78 -9999 -9999 -9999 -9999 -9999 8.91 8.69 8.47 8.15 8.32
-9999 -9999 -9999 -9999 -9999 7.26 7.33 7.57 8.13 8.15 8.13 7.81 6.40 4.69 5.68 7.21 7.95 12.01 7.29 5.66 5.28 3.64 7.89 9.14 8.94 7.00 6.30 6.62 6.33 6.01 6.27 6.67 6.30 6.15 6.17 6.59 6.82 6.03 6.06 7.14 7.11 6.74 6.35 6.29 6.44 5.80 5.97 5.17 5.02 5.30 4.93 4.62 4.32 4.50 5.24 5.30 5.44 5.67 5.86 6.17 7.26 6.87 6.43 6.45 6.47 6.59 6.74 7.10 7.69 -9999 -9999 -9999 -9999 -9999 8.26 7.86 7.71 7.49 7.57
-9999 -9999 -9999 -9999 7.63 8.26 7.87 8.03 -9999 -9999 -9999 -9999 6.55 8.97 7.84 8.36 9.42 7.33 5.76 7.57 7.10 6.34 12.46 11.35 9.64 9.80 7.79 6.40 6.53 6.50 6.23 6.33 6.31 6.13 6.48 6.22 7.01 6.13 6.07 6.44 6.67 6.69 6.46 5.71 5.71 5.69 5.46 4.89 4.64 4.49 4.45 4.48 4.63 4.98 5.16 5.37 5.99 6.51 6.67 6.71 7.29 7.09 6.95 6.54 6.52 6.59 6.69 6.90 7.40 8.18 -9999 -9999 -9999 -9999 7.72 7.36 7.16 7.16 7.26
-9999 -9999 -9999 -9999 8.47 9.59 7.75 8.17 -9999 -9999 -9999 -9999 6.74 8.40 9.55 6.35 9.05 8.16 7.59 9.20 10.31 8.56 11.39 7.51 8.36 8.37 7.43 6.44 6.40 6.53 6.38 6.51 6.85 6.22 6.60 6.41 6.43 6.70 6.05 6.23 5.64 6.07 6.69 6.87 6.77 5.70 5.11 4.78 4.57 4.75 4.36 4.72 5.24 5.52 6.19 6.04 7.46 7.69 7.89 7.38 7.61 7.39 7.12 6.60 6.60 6.62 6.64 6.75 6.93 7.46 7.94 -9999 -9999 7.96 7.64 7.43 7.44 7.15 7.01
-9999 -9999 -9999 -9999 -9999 -9999 -9999 -9999 -9999 -9999 -9999 -9999 7.28 9.61 8.02 5.52 7.19 6.50 10.63 9.65 7.04 9.61 9.56 8.51 8.75 7.51 6.60 5.79 6.56 6.44 6.62 6.48 6.19 6.01 5.93 5.88 6.09 6.41 6.01 5.85 5.74 5.76 5.71 6.35 6.51 5.25 5.87 6.29 5.35 5.09 4.76 4.54 5.54 6.37 7.11 7.07 7.03 7.64 8.30 7.99 8.14 7.67 7.32 6.64 6.63 6.64 6.67 6.69 6.65 6.84 7.17 7.60 7.68 7.36 7.37 6.96 7.42 7.35 7.33
-9999 -9999 -9999 -9999 -9999 -9999 -9999 -9999 -9999 -9999 -9999 -9999 -9999 9.68 4.34 4.53 7.37 10.51 9.51 10.07 9.71 7.34 8.16 8.92 6.63 6.46 5.54 5.45 5.79 6.12 6.28 6.39 6.18 5.73 5.53 5.87 5.95 6.23 6.06 5.72 6.82 6.24 5.53 5.58 5.65 5.67 5.48 6.05 6.08 5.54 6.17 5.36 5.57 6.25 6.09 6.51 6.95 7.31 8.35 8.37 8.09 7.40 7.24 6.62 6.62 6.61 6.60 6.65 6.70 6.76 6.75 6.93 6.99 6.87 6.79 6.92 7.52 7.42 7.18
-9999 -9999 -9999 -9999 -9999 -9999 -9999 -9999 -9999 -9999 -9999 -9999 -9999 7.20 9.60 10.23 9.25 8.46 7.72 8.94 7.24 7.20 6.56 6.22 7.67 6.17 5.47 6.33 5.79 5.71 5.93 5.64 5.67 5.91 5.81 6.71 6.69 6.33 5.92 5.54 6.62 7.02 6.12 5.50 5.36 5.56 5.57 5.64 5.82 6.14 7.50 6.77 5.86 5.80 6.12 6.92 7.91 8.27 8.16 8.55 8.01 7.09 6.68 6.50 6.56 6.57 6.63 6.66 6.69 6.73 6.75 6.77 6.77 6.83 6.83 6.82 7.36 7.36 7.69
-9999 -9999 -9999 -9999 -9999 -9999 -9999 -9999 -9999 -9999 -9999 -9999 8.60 8.34 6.76 11.61 7.90 6.51 7.85 7.78 6.90 8.75 6.88 6.62 8.18 5.76 9.20 6.49 4.96 5.13 6.27 5.49 5.34 7.15 7.15 6.88 6.16 6.28 6.05 5.66 6.14 6.40 6.03 5.55 5.49 5.42 5.39 5.77 5.75 6.45 6.45 6.22 6.03 5.96 6.51 7.31 8.21 8.40 7.93 7.94 7.24 6.70 6.54 6.44 6.49 6.58 6.63 6.66 6.64 6.67 6.70 6.64 6.66 7.02 7.05 6.92 7.12 7.39 7.03
-9999 -9999 -9999 -9999 -9999 -9999 -9999 -9999 -9999 -9999 -9999 -9999 7.76 8.50 11.49 6.70 3.75 4.99 5.52 7.16 9.27 9.23 7.36 6.97 6.89 5.48 6.00 6.44 6.87 6.57 5.62 5.76 5.69 6.01 6.68 6.19 6.03 6.40 6.19 6.20 6.42 6.18 6.20 5.91 5.64 5.45 5.18 5.35 5.63 6.22 6.53 6.24 5.65 6.01 6.98 8.08 7.89 8.33 8.18 7.44 6.64 7.04 6.52 6.61 6.52 6.61 6.57 6.59 6.60 6.57 6.57 6.57 6.59 7.16 7.06 6.79 6.91 7.30 7.12
-9999 -9999 -9999 -9999 -9999 -9999 -9999 -9999 -9999 -9999 -9999 -9999 8.27 9.76 5.16 5.55 4.28 5.04 5.87 9.74 8.87 9.51 7.29 6.43 5.11 4.39 5.23 7.62 8.75 9.41 6.34 7.25 6.03 6.11 6.48 5.74 5.80 6.10 6.34 6.38 5.89 5.94 6.78 6.22 5.57 5.39 5.93 5.18 5.66 5.94 5.92 5.65 5.51 6.04 6.68 7.28 7.47 7.44 6.88 6.66 6.81 6.95 6.24 6.19 6.48 6.56 6.54 6.50 6.42 6.46 6.45 6.47 6.52 6.76 6.70 6.80 6.71 6.95 6.86
-9999 -9999 -9999 -9999 -9999 -9999 -9999 -9999 -9999 -9999 -9999 -9999 -9999 6.33 6.97 7.68 8.36 8.70 7.62 8.39 7.37 5.15 4.84 4.42 5.04 5.24 5.05 6.37 6.95 9.06 7.57 6.62 5.84 6.75 6.90 5.69 6.25 5.80 6.03 7.22 5.86 5.76 5.79 5.88 5.32 5.13 6.08 5.87 5.63 6.01 5.77 5.63 5.88 6.43 6.35 6.54 6.42 6.90 6.42 7.04 7.02 6.40 6.15 6.50 6.51 6.34 6.31 6.28 6.30 6.33 6.33 6.35 6.37 6.43 6.46 6.56 6.42 6.33 6.45
-9999 -9999 -9999 -9999 -9999 -9999 -9999 -9999 -9999 -9999 -9999 -9999 -9999 7.05 7.81 8.14 8.80 10.05 9.38 7.45 5.86 4.73 5.76 7.04 8.12 9.29 7.30 6.13 6.96 7.83 7.47 6.13 7.56 6.85 7.04 6.16 6.75 6.17 5.95 6.13 6.69 6.40 6.03 5.79 5.41 5.10 5.92 5.97 5.82 5.90 6.15 6.28 6.44 6.66 6.22 6.22 7.05 7.12 7.13 6.90 7.04 6.40 6.48 6.82 6.23 6.09 6.09 6.11 6.20 6.21 6.18 6.21 6.22 6.25 6.17 5.99 5.71 5.55 5.75
-9999 -9999 -9999 -9999 -9999 -9999 -9999 -9999 -9999 -9999 -9999 -9999 7.11 5.96 6.93 8.51 8.70 7.74 7.57 6.42 7.23 10.10 8.22 8.32 8.11 6.86 6.28 6.92 7.65 6.74 6.33 6.89 7.83 7.62 7.20 6.08 6.94 6.05 6.03 6.88 6.23 6.41 6.46 6.09 5.96 5.52 6.14 6.17 5.72 5.90 5.93 5.89 6.39 6.13 6.86 6.63 7.04 6.57 6.84 6.96 6.38 6.17 6.68 6.64 6.07 6.01 6.19 6.07 6.17 6.18 6.21 6.18 6.08 6.00 5.79 5.87 5.86 5.78 5.31
-9999 -9999 -9999 -9999 -9999 -9999 -9999 -9999 -9999 -9999 -9999 -9999 8.13 6.85 6.58 6.63 7.40 9.50 9.11 8.39 7.56 8.05 9.17 9.80 9.29 6.76 8.24 8.98 6.59 8.14 5.84 6.58 7.76 8.86 6.50 6.63 5.96 5.73 5.95 6.44 8.05 6.90 6.81 6.48 6.22 6.04 6.24 6.07 5.73 5.82 5.80 5.73 5.71 6.57 6.93 6.97 7.31 6.64 6.40 6.40 6.04 6.20 6.56 6.42 6.15 6.37 6.22 6.41 6.16 6.17 6.27 6.27 5.99 5.77 5.50 5.33 5.72 5.73 5.75
-9999 -9999 -9999 -9999 -9999 -9999 -9999 -9999 -9999 -9999 -9999 -9999 7.17 6.69 4.96 5.58 7.00 9.62 8.32 8.66 7.42 9.13 8.77 7.50 7.46 8.04 8.16 7.24 6.52 6.96 8.73 6.41 6.36 6.45 6.36 7.32 6.55 5.73 5.94 6.45 6.71 6.49 7.06 6.77 6.39 6.38 6.02 5.62 5.86 5.97 6.00 5.58 6.00 6.91 7.01 6.50 6.59 7.05 6.38 6.45 5.73 6.29 6.41 6.02 6.04 6.15 5.78 5.92 5.91 6.04 6.10 6.01 5.80 5.57 5.28 5.33 4.94 5.19 5.40
-9999 -9999 -9999 -9999 -9999 -9999 -9999 -9999 -9999 -9999 -9999 7.16 7.71 8.93 6.79 5.01 7.36 8.15 9.44 9.62 6.85 7.53 6.84 7.40 8.00 7.04 7.18 8.54 7.66 7.24 6.98 6.24 5.65 5.84 6.50 6.58 6.46 6.28 5.96 5.94 6.48 6.60 6.20 6.50 6.23 6.58 6.03 5.77 5.74 5.48 5.33 5.45 6.27 6.38 6.55 6.17 6.64 6.63 6.31 5.76 6.26 6.28 6.27 6.46 6.28 5.96 5.83 5.73 5.87 6.00 5.94 5.83 5.56 5.28 5.19 5.30 5.17 5.22 5.44
-9999 -9999 -9999 -9999 -9999 -9999 -9999 -9999 -9999 -9999 7.85 7.87 8.34 6.86 5.21 6.96 9.27 9.69 8.56 9.92 7.62 8.55 7.30 6.45 10.15 7.38 8.19 7.16 7.27 6.41 6.33 6.45 7.02 6.28 7.47 6.49 6.80 6.00 5.83 5.99 6.26 6.39 6.21 6.32 6.47 6.47 5.51 5.75 5.59 5.62 5.67 5.81 6.23 5.87 6.45 6.15 6.28 5.77 5.71 6.40 6.64 6.36 6.45 6.40 5.89 6.12 6.09 6.09 6.14 5.99 5.78 5.54 5.50 5.33 5.69 5.79 5.87 5.93 5.58
-9999 -9999 -9999 -9999 -9999 -9999 -9999 -9999 8.90 7.86 7.16 6.26 5.99 6.09 5.96 8.04 9.18 10.12 11.20 9.90 8.12 5.80 7.67 7.01 9.44 8.00 7.63 7.79 6.78 6.44 5.91 6.65 7.74 7.19 7.13 5.73 5.97 6.04 6.04 6.46 6.27 6.47 6.05 6.10 6.15 5.67 5.47 5.54 5.93 5.77 6.34 6.66 6.34 6.06 5.81 5.70 6.19 6.47 6.26 6.37 5.85 6.46 6.53 6.11 5.68 5.74 6.31 6.26 6.30 5.78 5.57 5.36 5.41 5.97 6.25 6.12 6.65 6.59 6.55
-9999 -9999 -9999 -9999 8.96 8.57 7.79 9.78 9.65 9.52 9.28 7.34 6.62 6.26 9.31 8.37 10.07 10.00 9.59 7.23 6.13 5.05 6.48 6.68 11.01 9.75 7.92 6.66 7.12 6.75 7.80 6.19 7.34 7.43 7.08 6.34 5.82 5.82 6.46 6.07 5.64 6.61 5.92 5.69 5.28 5.51 5.87 5.99 5.37 6.06 5.92 6.12 6.65 6.51 6.30 6.17 6.54 6.50 6.23 5.93 6.42 5.87 5.78 5.72 5.62 6.11 6.26 6.26 5.82 5.38 5.40 5.54 6.18 6.28 6.09 6.66 6.25 6.59 6.99
-9999 -9999 -9999 9.56 8.08 8.57 8.20 7.76 8.92 8.43 8.41 6.68 5.91 8.43 8.94 9.57 7.71 10.77 7.78 5.93 9.04 7.06 5.27 10.31 9.10 7.39 4.56 5.27 6.21 8.35 6.51 6.20 6.24 6.29 7.38 6.86 6.74 6.09 6.24 5.76 5.55 6.23 5.71 5.07 5.10 5.57 6.01 5.68 6.81 5.83 5.79 6.03 6.46 6.08 6.01 5.80 5.90 6.21 6.07 6.36 5.92 5.59 5.68 5.90 5.63 5.81 5.77 5.30 5.14 5.08 5.23 5.51 5.83 6.42 6.48 6.60 6.47 6.52 6.75
-9999 -9999 8.84 8.65 6.97 6.84 7.01 7.57 7.36 7.82 7.06 7.25 10.03 8.40 7.74 10.26 6.42 7.72 7.39 9.34 8.82 9.36 8.02 8.10 6.63 3.73 7.05 7.69 5.94 6.44 6.07 5.94 6.40 6.01 6.26 7.24 7.39 5.97 5.80 5.75 5.87 5.44 4.73 4.64 6.54 5.62 5.49 5.73 6.27 6.04 5.84 6.17 6.48 6.42 6.69 6.27 5.68 5.58 5.59 6.07 5.78 5.49 6.06 5.97 5.64 5.65 5.42 5.17 5.28 5.32 5.44 5.73 5.85 6.45 6.12 6.08 6.37 6.24 6.51
8.34 9.17 7.48 7.49 8.04 7.48 7.13 8.54 7.94 8.05 7.82 9.53 9.18 8.18 8.97 8.50 6.63 6.11 8.48 8.89 7.88 8.04 9.27 7.23 4.50 6.93 8.14 7.15 7.69 6.16 6.32 5.97 6.34 7.56 6.27 7.75 6.59 5.88 5.70 5.77 6.40 4.58 4.66 7.15 5.70 5.58 5.51 5.80 6.48 5.77 5.92 6.16 5.99 6.32 6.27 5.87 5.51 5.63 5.42 5.68 5.85 5.77 5.46 5.25 5.25 5.26 5.49 6.34 5.86 6.35 6.00 5.43 6.30 6.33 6.48 6.35 6.27 6.43 6.38
7.84 9.53 11.57 10.81 10.33 8.24 9.00 10.10 9.30 9.06 10.33 9.19 8.70 10.00 7.62 5.63 5.52 5.50 7.57 7.61 7.07 6.53 6.63 6.08 6.88 12.36 9.61 7.65 6.28 6.65 6.35 7.47 6.49 6.68 6.00 6.26 6.31 6.15 5.71 5.43 5.05 4.41 6.58 7.12 6.71 5.91 5.69 7.27 6.34 5.88 6.09 5.88 6.39 6.31 6.06 5.43 5.97 5.65 5.28 6.40 6.16 5.30 5.16 5.16 5.16 5.58 6.23 6.43 6.22 6.49 6.04 5.77 6.34 6.48 6.19 6.41 6.36 6.56 6.63
8.11 9.01 9.36 8.92 8.06 9.33 8.65 9.84 7.80 8.56 10.10 9.41 7.99 8.40 5.67 4.84 6.79 7.46 6.79 5.73 6.85 4.73 4.33 4.58 8.08 10.64 11.11 6.65 7.11 7.28 7.43 6.84 5.88 6.51 6.15 6.46 6.15 6.14 5.20 4.70 5.11 5.01 6.81 6.86 6.54 5.76 6.27 7.27 6.81 6.47 6.16 6.32 6.23 5.86 5.55 5.47 5.71 5.95 5.71 5.61 5.44 5.19 5.94 6.41 5.52 5.74 6.32 6.53 6.14 6.36 6.25 6.18 6.26 6.13 6.34 6.27 6.32 6.20 6.47
7.86 8.43 8.22 8.47 7.95 8.09 9.10 8.26 8.60 7.53 7.31 7.03 6.67 6.25 7.28 6.41 8.94 12.97 7.28 7.22 7.21 9.79 9.24 4.00 4.24 11.45 9.21 8.03 8.38 9.04 7.53 5.94 5.28 6.72 7.17 6.58 6.02 5.46 4.73 4.36 5.20 7.02 7.41 6.72 6.40 6.14 6.02 6.04 6.66 6.19 6.08 5.92 5.61 5.33 5.21 5.78 5.64 5.47 5.41 4.87 5.06 5.72 5.78 6.30 5.91 5.96 6.02 6.15 6.41 6.42 6.29 6.21 6.31 6.05 5.99 6.32 6.32 6.02 6.29
7.55 8.27 7.62 7.91 7.95 8.12 7.62 7.66 8.13 7.43 8.14 7.13 8.58 6.24 7.95 9.48 9.69 10.49 10.79 8.82 9.93 11.09 7.34 8.33 7.35 4.41 8.29 8.89 6.82 7.09 5.67 6.61 6.43 8.46 8.02 6.51 5.89 5.13 4.57 5.17 7.28 6.57 7.78 6.83 6.60 7.03 6.27 6.90 5.89 5.98 5.68 5.50 5.32 5.44 5.34 5.24 4.95 4.70 4.43 4.72 5.71 6.47 6.22 5.84 6.27 5.84 6.37 5.88 5.84 5.85 5.87 6.01 6.13 6.20 5.86 6.21 6.20 6.11 6.51
7.61 7.41 8.38 9.21 10.38 9.57 8.60 8.08 7.54 7.71 9.38 7.41 8.29 6.18 7.54 8.05 7.55 6.58 7.85 7.00 9.00 9.38 10.46 8.75 9.16 8.10 11.05 7.64 6.96 6.53 6.82 6.27 8.13 8.04 8.28 6.06 5.48 4.91 7.11 7.48 7.43 7.84 6.67 6.99 7.11 6.83 5.86 5.74 5.74 5.54 5.40 5.45 5.39 5.68 5.50 5.32 4.61 3.97 4.08 5.08 6.62 5.81 6.24 6.33 5.97 5.74 5.75 5.60 5.69 5.81 5.50 5.87 5.93 5.89 5.99 6.12 5.85 5.79 6.63
7.88 7.62 7.80 8.97 9.16 9.58 9.00 8.53 8.18 7.88 8.17 9.71 7.21 9.67 9.11 9.17 9.63 7.97 5.86 5.88 7.60 7.33 8.88 8.74 7.52 9.89 9.97 6.70 7.29 5.63 5.98 7.33 8.13 7.82 7.18 5.74 4.99 6.00 5.80 7.18 7.21 6.82 7.00 6.72 6.33 5.98 5.24 5.03 5.10 5.19 6.31 5.56 6.08 5.55 5.06 4.08 3.54 3.64 4.51 6.02 6.36 6.32 6.47 6.27 5.90 5.87 6.12 6.42 5.48 5.86 6.30 5.83 5.65 5.94 5.51 5.81 6.50 6.23 6.16
8.33 8.66 9.20 10.01 -9999 -9999 -9999 -9999 8.87 8.63 9.17 7.59 6.79 7.82 8.15 7.95 7.16 4.44 10.01 10.08 7.13 6.64 7.11 8.40 8.98 9.84 7.94 7.04 6.22 5.49 8.33 7.66 8.79 6.73 6.30 5.73 5.32 6.75 5.97 7.27 7.19 6.57 6.54 6.20 5.75 5.23 4.90 4.84 5.01 5.19 6.15 5.83 6.18 6.04 5.09 4.06 3.47 4.43 4.62 5.87 6.64 6.77 5.87 5.80 5.65 6.27 6.47 6.31 5.44 5.82 6.25 6.08 5.75 6.23 6.01 6.05 6.38 6.51 6.33
