ML/MeanWindSpeed_1995-02_Actual.txt
ncols         180
nrows         290
xllcorner     -200000
yllcorner     -200000
cellsize      5000
NODATA_value  -9999
[rows 204 to 237 of 290, columns 77 to 153 of 180]
14.91 11.68 12.28 14.59 15.64 14.93 12.92 16.20 14.37 17.58 12.56 14.61 18.51 16.94 14.29 15.82 10.40 9.92 16.83 18.59 16.40 14.25 17.85 13.11 10.65 9.43 17.36 22.34 23.00 12.58 13.78 14.15 14.63 13.07 10.81 13.44 12.41 11.23 10.00 10.44 8.47 8.24 10.15 10.26 14.46 13.84 12.52 10.61 11.81 14.05 12.88 11.95 11.04 11.22 10.96 10.52 10.00 10.09 10.95 11.46 10.83 10.57 10.66 10.33 11.94 12.78 10.27 10.69 11.89 12.24 11.56 12.40 12.28 12.30 12.22 10.58 10.58
12.89 13.33 11.61 12.64 12.46 14.06 13.56 13.96 15.74 13.50 15.01 13.10 12.66 12.49 11.33 10.04 13.61 11.82 17.95 27.94 14.20 14.53 16.03 23.69 22.98 10.30 9.46 25.23 18.32 14.55 15.55 17.50 13.98 10.81 9.95 14.00 14.20 11.19 9.82 9.41 8.60 8.79 10.75 14.69 14.82 12.35 11.79 11.28 10.81 10.60 12.02 10.92 10.69 10.29 9.78 9.48 9.62 11.17 10.78 10.42 10.59 9.28 9.61 11.07 10.84 11.87 10.84 10.68 10.66 10.98 11.85 12.23 12.35 12.41 12.39 10.35 9.62
15.49 11.96 11.05 12.48 11.19 12.56 13.22 13.78 12.14 12.03 13.66 12.61 15.05 13.04 15.48 10.17 15.70 18.70 18.37 20.03 21.38 17.16 20.85 24.47 16.55 19.82 16.75 9.38 17.92 16.92 11.44 12.34 10.02 12.96 12.69 17.56 15.46 10.90 9.54 8.45 8.49 10.57 14.86 12.27 14.77 12.13 11.78 12.89 10.68 12.09 9.77 10.28 9.80 9.46 9.40 9.77 9.95 10.18 9.71 9.66 9.34 9.49 10.89 12.08 11.09 9.96 11.00 10.18 11.77 10.56 10.41 10.96 11.56 11.88 11.84 11.03 9.39
14.88 13.03 11.32 10.57 13.27 15.48 18.52 16.80 14.54 13.23 11.97 12.82 17.65 13.02 14.31 9.87 13.29 13.87 12.23 10.56 15.57 14.56 17.65 17.50 21.78 19.07 20.14 18.28 24.61 14.01 11.68 10.80 13.04 12.34 16.35 15.13 15.02 9.73 9.00 8.04 14.02 15.24 14.14 14.33 11.32 12.13 12.46 11.88 9.79 9.45 9.56 9.28 9.27 9.37 9.45 10.49 10.76 11.24 10.32 9.32 9.30 10.18 12.54 9.59 10.28 10.40 9.86 9.96 10.32 9.61 9.72 10.86 10.53 11.22 11.20 10.69 10.27
14.99 14.02 12.23 11.34 11.85 14.95 15.81 17.36 16.21 14.88 13.74 12.98 13.76 17.44 11.10 17.75 15.62 15.04 16.86 14.81 11.98 12.37 14.84 12.75 16.01 15.97 13.77 22.23 21.71 11.35 12.55 9.50 11.08 13.97 14.88 13.21 11.83 9.44 8.93 11.68 10.51 13.26 12.57 11.34 11.76 11.27 10.61 10.12 8.65 8.10 8.16 8.38 11.17 9.42 10.80 9.86 9.98 9.56 9.34 9.55 10.97 12.26 10.70 9.66 9.91 9.85 9.70 10.14 10.85 11.15 8.91 10.49 11.87 10.79 10.35 10.72 9.19
14.24 13.43 12.86 13.61 15.10 17.34 -9999 -9999 -9999 -9999 15.63 15.37 17.02 12.81 10.87 13.07 12.62 11.73 11.16 6.08 21.07 22.58 13.89 11.44 11.66 14.36 16.10 19.81 14.81 11.72 9.98 8.87 15.73 13.38 15.51 10.59 10.08 9.42 9.52 13.03 9.90 12.16 11.79 10.49 10.67 10.32 9.72 8.68 8.03 7.80 8.01 8.46 10.80 9.81 10.43 10.53 10.03 9.90 9.68 11.98 11.48 11.06 10.34 10.10 7.96 8.43 8.68 10.69 11.39 10.44 8.46 9.87 11.07 10.70 10.08 11.02 9.98
16.23 16.58 17.17 14.84 17.95 17.74 -9999 -9999 -9999 -9999 -9999 -9999 -9999 11.72 11.69 12.81 10.29 10.12 10.71 14.37 17.90 22.06 20.99 17.32 14.20 13.30 11.61 16.30 16.12 10.07 8.34 14.73 14.78 16.20 10.94 9.99 9.82 9.33 11.54 12.41 11.29 11.26 10.68 10.21 9.96 9.61 9.11 8.90 8.73 9.83 9.09 9.43 9.76 9.86 9.87 9.41 10.65 12.43 11.73 10.14 11.99 11.11 9.69 9.11 7.97 8.11 9.60 10.67 10.07 8.74 8.34 10.08 8.39 8.97 10.62 9.65 9.70
-9999 -9999 16.96 -9999 -9999 -9999 -9999 -9999 -9999 -9999 -9999 18.13 15.85 15.16 16.96 15.36 12.60 10.49 11.03 11.66 15.67 18.02 17.56 11.28 10.63 16.41 14.42 14.03 10.61 8.97 8.89 13.34 13.19 12.67 10.57 10.37 10.22 8.43 13.49 13.49 10.96 10.66 9.91 9.88 9.82 9.56 10.38 9.71 10.10 9.26 9.33 9.68 10.16 10.02 10.13 9.11 11.55 13.81 11.25 11.64 8.54 10.25 9.27 8.50 10.25 9.90 10.01 10.91 9.68 8.35 8.33 8.15 9.04 9.99 9.01 9.93 9.55
-9999 -9999 -9999 -9999 -9999 -9999 -9999 -9999 -9999 -9999 -9999 19.83 19.01 15.86 17.64 18.01 -9999 -9999 11.35 16.03 8.91 11.77 11.41 11.68 13.02 15.48 11.10 10.04 10.71 10.66 11.84 12.40 12.29 11.39 10.94 11.98 9.62 10.28 13.48 11.17 10.10 9.24 9.36 10.43 10.46 10.02 10.15 9.37 9.52 10.39 11.24 10.95 12.05 10.18 9.21 10.43 14.17 11.01 10.96 10.00 7.52 9.83 9.31 9.37 9.87 9.71 9.08 8.93 11.07 9.08 8.69 8.49 8.49 8.58 8.17 7.72 9.81
-9999 -9999 -9999 -9999 -9999 -9999 -9999 -9999 -9999 -9999 -9999 -9999 -9999 -9999 -9999 -9999 -9999 -9999 13.72 12.16 12.01 10.68 9.23 9.15 10.01 11.74 11.21 11.34 12.29 13.42 14.21 13.82 -9999 11.83 11.01 10.26 9.35 10.52 12.96 11.04 10.66 9.36 8.25 8.47 10.29 9.44 9.76 11.62 11.85 11.43 12.77 14.19 12.20 11.59 10.93 11.03 12.69 10.46 10.36 10.06 8.87 8.61 8.52 9.36 10.16 9.40 8.59 8.86 9.06 8.94 8.75 8.60 8.50 8.38 8.57 8.73 9.22
-9999 -9999 -9999 -9999 -9999 -9999 -9999 -9999 -9999 -9999 -9999 -9999 -9999 -9999 -9999 -9999 -9999 -9999 -9999 13.72 11.92 10.48 10.75 11.53 9.62 9.76 10.87 12.93 -9999 -9999 -9999 -9999 13.34 11.94 11.05 9.58 9.04 10.32 12.70 11.05 10.95 9.46 7.87 9.36 9.24 11.69 11.16 14.13 11.94 12.15 11.63 12.23 12.04 11.06 12.25 9.45 10.12 10.63 8.69 9.07 8.57 8.15 7.88 7.47 7.49 8.01 7.65 7.78 7.87 8.20 8.19 10.24 10.62 8.71 8.78 9.07 9.16
-9999 -9999 -9999 -9999 -9999 -9999 -9999 -9999 -9999 -9999 -9999 -9999 -9999 -9999 -9999 -9999 -9999 -9999 -9999 -9999 13.59 15.29 13.58 11.63 11.45 11.78 13.61 -9999 -9999 -9999 -9999 13.96 14.13 14.03 9.23 8.46 8.56 12.11 13.03 11.96 10.41 8.32 8.25 8.27 10.94 13.51 12.28 12.56 11.65 12.07 11.80 10.13 10.82 10.89 10.30 10.07 9.81 9.47 8.61 8.73 9.61 9.80 9.55 7.54 7.45 7.60 7.46 8.57 8.61 9.19 8.65 9.87 9.61 9.25 10.75 9.35 10.00
-9999 -9999 -9999 -9999 -9999 -9999 -9999 -9999 -9999 -9999 -9999 -9999 -9999 -9999 -9999 -9999 -9999 -9999 -9999 -9999 -9999 15.25 15.53 13.76 12.86 12.67 16.01 -9999 -9999 -9999 13.01 10.48 10.45 13.33 12.25 10.80 8.84 10.88 9.53 11.77 10.22 7.58 9.41 11.25 11.58 11.22 12.85 11.80 11.30 11.11 10.22 9.95 9.76 10.05 10.80 10.09 9.04 8.88 8.86 8.87 10.08 9.56 9.35 8.55 7.65 7.83 7.74 8.20 8.36 9.02 9.17 9.45 8.89 9.91 10.46 10.83 10.04
-9999 -9999 -9999 -9999 -9999 -9999 -9999 -9999 -9999 -9999 -9999 -9999 -9999 -9999 -9999 -9999 -9999 -9999 -9999 -9999 -9999 -9999 -9999 -9999 -9999 -9999 -9999 -9999 -9999 16.49 11.21 8.94 9.32 12.95 10.33 11.12 11.91 11.43 11.15 11.17 8.79 8.36 8.83 10.52 10.54 11.03 11.36 11.74 11.33 11.12 13.46 11.02 11.19 10.30 11.06 10.86 9.38 9.21 8.45 9.15 10.28 9.23 8.29 8.15 8.29 8.01 8.76 8.37 9.09 8.62 10.25 10.91 9.94 8.04 11.94 12.85 10.12
-9999 -9999 -9999 -9999 -9999 -9999 -9999 -9999 -9999 -9999 -9999 -9999 -9999 -9999 -9999 -9999 -9999 -9999 -9999 -9999 -9999 -9999 -9999 -9999 -9999 -9999 -9999 -9999 -9999 12.74 11.14 9.05 17.06 14.74 10.01 11.33 12.27 12.44 12.53 9.89 9.38 9.20 8.92 10.63 10.20 9.93 12.62 12.29 13.87 11.56 12.00 13.92 11.51 10.96 10.95 10.09 9.67 9.15 8.75 9.25 9.16 9.33 8.47 7.93 8.14 7.82 8.15 10.67 9.57 10.69 11.27 12.66 10.16 8.09 9.89 10.23 7.98
-9999 -9999 -9999 -9999 -9999 -9999 -9999 -9999 -9999 -9999 -9999 -9999 -9999 -9999 -9999 -9999 -9999 -9999 -9999 -9999 -9999 -9999 -9999 -9999 -9999 -9999 -9999 -9999 -9999 12.24 8.63 6.46 9.86 15.55 14.31 13.53 12.18 13.81 10.81 10.16 9.39 11.91 11.90 12.86 12.00 10.85 11.23 11.01 11.41 11.87 11.84 10.58 10.62 10.90 11.05 10.26 9.83 9.49 9.16 9.66 9.23 8.77 7.73 7.81 9.35 10.69 9.46 10.59 9.76 9.52 9.66 10.89 13.44 12.68 9.19 8.79 9.25
-9999 -9999 -9999 -9999 -9999 -9999 -9999 -9999 -9999 -9999 -9999 -9999 17.17 17.90 14.54 22.23 21.64 22.25 23.10 26.34 14.59 23.15 15.74 -9999 -9999 -9999 -9999 -9999 -9999 11.49 9.57 8.47 6.45 8.06 11.83 14.70 14.08 12.15 10.83 10.70 11.85 13.65 12.26 10.95 10.79 9.97 10.64 11.11 10.26 9.46 9.22 9.99 9.18 10.39 11.40 12.86 11.29 10.14 10.54 10.29 9.46 10.14 8.04 7.37 9.78 11.48 9.57 8.75 9.22 9.16 8.72 8.34 8.65 8.45 7.75 7.48 7.23
-9999 -9999 -9999 -9999 -9999 -9999 -9999 -9999 -9999 -9999 -9999 -9999 19.75 18.56 17.93 14.40 18.28 21.73 21.33 22.86 23.50 18.78 16.32 13.40 14.25 17.96 15.02 13.51 11.37 10.39 9.40 8.75 7.69 6.41 7.26 11.94 12.57 11.24 10.09 14.64 12.27 10.52 11.20 11.75 10.17 9.62 10.63 10.61 10.80 10.11 10.11 8.52 8.87 9.84 10.25 10.73 12.22 12.56 9.76 9.20 8.80 8.16 9.03 7.46 13.52 11.01 10.49 9.70 9.02 9.19 8.79 10.03 9.89 7.62 10.00 9.11 9.82
-9999 -9999 -9999 -9999 -9999 -9999 -9999 -9999 -9999 -9999 -9999 17.39 15.46 14.31 12.64 10.64 14.58 19.60 19.53 18.59 18.95 19.05 17.06 14.00 12.20 13.58 15.62 11.42 10.26 9.15 9.29 10.68 8.38 7.89 9.75 10.01 9.92 10.35 14.12 11.30 13.59 12.43 11.10 9.63 10.26 9.53 10.63 11.06 10.33 10.96 9.40 10.01 9.63 9.58 9.64 12.06 13.62 10.27 8.60 8.93 12.55 9.81 8.61 8.73 8.57 9.21 9.83 9.39 9.17 9.94 11.38 9.91 8.16 7.92 10.48 9.41 8.96
-9999 -9999 -9999 -9999 -9999 -9999 -9999 -9999 -9999 -9999 -9999 -9999 14.37 11.95 10.32 12.51 11.90 13.52 18.80 17.21 14.39 12.66 16.75 19.58 15.00 10.63 11.08 14.40 11.23 8.41 8.40 8.30 9.45 9.53 8.12 8.48 9.32 10.42 12.08 10.22 13.12 11.59 11.36 10.93 11.06 9.81 11.01 11.49 11.06 8.78 9.01 10.18 8.89 8.28 8.16 10.11 12.45 11.96 8.84 9.38 11.30 10.78 9.35 7.87 7.62 7.25 7.92 10.72 10.34 9.80 10.49 11.81 10.35 9.52 10.56 10.42 8.83
-9999 -9999 -9999 -9999 -9999 -9999 -9999 -9999 20.01 -9999 -9999 16.69 14.29 14.97 9.90 12.28 9.86 10.06 11.47 13.05 14.73 12.03 14.86 16.69 12.22 9.66 7.80 8.61 8.59 7.67 7.84 8.46 9.93 8.44 8.03 9.18 12.04 9.82 10.89 9.26 11.17 10.73 12.02 13.16 11.73 9.83 9.25 9.54 9.00 8.43 10.88 9.44 8.32 11.37 9.02 9.41 12.81 14.61 9.23 9.73 10.24 9.81 8.81 7.96 7.78 8.36 9.22 9.98 8.76 8.02 7.79 8.46 8.60 8.70 9.80 8.73 8.65
-9999 -9999 -9999 -9999 -9999 -9999 -9999 17.54 20.18 20.18 19.26 14.67 13.03 15.24 11.17 9.05 9.85 9.16 12.19 13.82 15.41 12.53 11.32 11.32 9.15 7.56 6.85 7.63 8.89 9.15 7.94 8.01 8.36 7.85 7.94 10.86 11.17 9.55 10.36 10.88 13.08 11.92 11.93 13.92 11.69 11.04 9.20 10.34 9.65 9.98 9.00 8.62 7.85 9.87 10.00 8.95 10.95 10.53 9.68 9.45 8.92 10.13 9.81 9.08 8.48 8.00 7.68 7.49 8.28 8.72 8.04 6.45 7.10 7.80 9.20 9.84 9.19
-9999 -9999 -9999 -9999 -9999 -9999 -9999 16.22 17.08 15.83 16.47 14.47 12.58 10.29 13.10 12.77 10.99 13.09 13.29 13.24 15.52 13.29 12.09 10.43 6.43 8.55 11.82 10.97 9.49 8.38 7.56 8.60 9.51 10.10 9.23 11.36 10.48 11.39 9.97 8.86 11.21 13.29 11.54 11.62 11.18 10.14 10.31 11.40 9.93 8.85 9.91 10.15 8.12 8.85 9.03 9.05 10.68 11.63 12.04 14.40 10.10 10.13 8.70 8.03 8.38 8.56 7.61 7.15 7.82 9.01 8.27 7.14 6.55 7.72 7.84 8.04 8.35
-9999 -9999 -9999 -9999 -9999 -9999 -9999 16.56 15.14 14.53 15.21 14.16 13.55 10.95 11.65 11.83 9.81 11.92 12.40 13.59 14.25 13.33 8.41 5.19 4.23 8.51 9.10 10.24 11.43 8.47 8.54 9.18 8.68 10.52 9.59 11.23 10.57 10.71 10.41 9.29 11.70 10.85 11.05 10.96 10.57 10.23 10.57 11.65 11.41 9.40 8.91 9.24 10.48 8.47 8.92 8.66 9.68 10.38 11.00 12.29 11.36 12.48 13.32 7.42 12.87 10.28 7.13 7.35 12.60 12.64 11.95 6.98 6.85 7.18 6.85 7.38 6.77
-9999 -9999 -9999 -9999 -9999 -9999 -9999 14.21 13.85 13.75 13.53 12.79 12.52 11.38 10.45 12.20 11.21 11.37 12.58 11.44 11.67 11.27 10.30 4.70 5.34 9.18 8.11 10.11 10.52 8.76 9.58 10.38 8.83 9.84 10.47 10.45 10.25 10.36 11.50 12.95 9.78 11.08 10.97 11.00 10.60 10.40 10.84 11.53 10.24 10.17 9.53 9.90 10.40 11.12 9.94 11.37 10.97 11.11 11.02 10.56 9.87 9.62 9.71 8.43 11.14 10.62 11.44 10.49 11.28 12.14 12.97 7.44 7.61 7.42 7.56 7.61 8.73
-9999 -9999 -9999 -9999 -9999 -9999 -9999 12.97 12.73 12.81 13.57 14.40 13.03 12.45 11.94 12.72 14.37 13.30 12.53 11.39 12.20 11.56 10.74 9.15 5.80 5.89 5.60 9.25 7.86 5.72 10.61 10.52 8.99 13.74 12.09 13.07 13.89 12.79 12.22 13.13 11.16 9.99 10.89 10.86 9.98 10.20 10.40 11.10 9.90 10.27 11.25 11.93 11.49 11.29 11.33 11.09 11.59 13.37 12.79 11.62 10.95 11.04 11.41 11.48 11.76 11.79 11.93 -9999 -9999 10.67 11.29 10.65 9.82 8.62 13.14 9.68 -9999
-9999 -9999 -9999 -9999 -9999 -9999 17.59 14.11 13.44 11.79 13.28 13.82 15.57 14.05 16.09 15.28 15.33 13.91 13.04 12.38 12.40 11.72 11.04 10.98 9.20 7.99 8.46 8.11 5.77 10.52 12.09 8.34 7.78 10.04 10.67 12.92 12.89 11.16 10.76 10.49 10.31 11.65 11.31 11.51 10.80 10.60 11.18 12.36 11.94 11.38 11.43 11.72 12.01 -9999 -9999 12.47 13.52 15.36 15.06 14.26 13.44 13.36 -9999 -9999 -9999 -9999 -9999 -9999 -9999 -9999 -9999 -9999 10.65 11.63 14.35 11.83 -9999
-9999 -9999 -9999 -9999 -9999 19.37 17.17 14.24 14.53 12.14 11.92 11.98 12.27 12.58 19.23 20.46 17.60 16.02 15.52 15.86 13.99 12.44 11.25 11.97 11.09 13.62 13.65 12.26 11.56 14.26 10.21 10.35 10.33 11.92 13.73 11.41 9.68 10.75 9.67 10.17 10.07 10.63 10.72 12.86 14.20 14.03 13.39 13.28 13.71 12.44 -9999 10.84 12.11 11.73 12.21 12.76 -9999 -9999 -9999 -9999 15.42 -9999 -9999 -9999 -9999 -9999 -9999 -9999 -9999 -9999 -9999 -9999 -9999 -9999 -9999 -9999 -9999
-9999 -9999 -9999 -9999 19.31 19.08 18.95 16.60 13.37 12.19 11.50 9.60 9.18 12.70 22.60 24.97 16.83 15.61 19.45 14.13 17.07 12.94 11.64 16.11 13.57 12.23 11.75 11.94 -9999 -9999 -9999 -9999 -9999 11.92 14.49 13.98 11.37 10.98 10.43 9.71 10.05 10.27 11.50 13.18 -9999 -9999 -9999 -9999 -9999 13.85 14.02 12.50 11.36 11.47 14.14 13.30 -9999 -9999 -9999 -9999 -9999 -9999 -9999 -9999 -9999 -9999 -9999 -9999 -9999 -9999 -9999 -9999 -9999 -9999 -9999 -9999 -9999
-9999 -9999 -9999 11.46 13.79 17.52 18.31 16.31 15.27 13.48 10.26 10.91 10.79 15.51 20.95 23.68 21.15 19.01 15.64 16.90 14.44 14.73 13.34 16.26 15.39 -9999 -9999 -9999 -9999 -9999 -9999 -9999 -9999 -9999 12.54 13.32 11.51 13.49 14.80 15.32 11.89 15.46 15.35 16.29 -9999 -9999 -9999 -9999 -9999 -9999 -9999 12.06 13.00 11.01 12.27 -9999 -9999 -9999 -9999 -9999 -9999 -9999 -9999 -9999 -9999 -9999 -9999 -9999 -9999 -9999 -9999 -9999 -9999 -9999 -9999 -9999 -9999
17.13 15.24 15.06 11.55 12.28 15.03 17.98 18.61 15.81 12.27 12.03 12.78 12.46 14.95 20.46 18.79 19.23 18.01 18.95 10.03 14.65 19.67 15.16 -9999 -9999 -9999 -9999 -9999 -9999 -9999 -9999 -9999 -9999 -9999 -9999 -9999 14.22 -9999 -9999 -9999 -9999 13.22 17.40 18.10 -9999 -9999 -9999 -9999 -9999 -9999 -9999 -9999 12.53 15.93 13.44 -9999 -9999 -9999 -9999 -9999 -9999 -9999 -9999 -9999 -9999 -9999 -9999 -9999 -9999 -9999 -9999 -9999 -9999 -9999 -9999 -9999 -9999
17.07 14.64 13.51 10.50 12.01 14.63 15.88 17.48 15.66 14.29 15.96 10.88 9.14 12.34 18.13 19.33 16.49 13.78 16.08 11.85 11.60 13.58 -9999 -9999 -9999 -9999 -9999 -9999 -9999 -9999 -9999 -9999 -9999 -9999 -9999 -9999 15.97 -9999 -9999 -9999 -9999 -9999 -9999 -9999 -9999 -9999 -9999 -9999 -9999 -9999 -9999 -9999 -9999 -9999 -9999 -9999 -9999 -9999 -9999 -9999 -9999 -9999 -9999 -9999 -9999 -9999 -9999 -9999 -9999 -9999 -9999 -9999 -9999 -9999 -9999 -9999 -9999
15.35 16.61 14.62 11.15 12.56 13.09 13.41 14.88 14.25 14.53 16.59 10.44 9.28 10.94 15.01 22.99 23.90 12.64 13.03 12.60 13.61 16.99 -9999 -9999 -9999 -9999 -9999 -9999 -9999 -9999 -9999 -9999 -9999 -9999 -9999 -9999 -9999 -9999 -9999 -9999 -9999 -9999 -9999 -9999 -9999 -9999 -9999 -9999 -9999 -9999 -9999 -9999 -9999 -9999 -9999 -9999 -9999 -9999 -9999 -9999 -9999 -9999 -9999 -9999 -9999 -9999 -9999 -9999 -9999 -9999 -9999 -9999 -9999 -9999 -9999 -9999 -9999
12.99 13.83 16.41 14.38 13.78 12.92 14.34 13.21 12.99 13.64 12.02 12.36 10.94 10.34 15.12 19.27 19.07 15.84 12.09 12.49 17.20 14.93 -9999 -9999 -9999 -9999 -9999 -9999 -9999 -9999 -9999 -9999 -9999 -9999 -9999 -9999 -9999 -9999 -9999 -9999 -9999 -9999 -9999 -9999 -9999 -9999 -9999 -9999 -9999 -9999 -9999 -9999 -9999 -9999 -9999 -9999 -9999 -9999 -9999 -9999 -9999 -9999 -9999 -9999 -9999 -9999 -9999 -9999 -9999 -9999 -9999 -9999 -9999 -9999 -9999 -9999 -9999
