ML/MeanWindSpeed_1996-07_Actual.txt
ncols         180
nrows         290
xllcorner     -200000
yllcorner     -200000
cellsize      5000
NODATA_value  -9999
[rows 210 to 244 of 290, columns 79 to 157 of 180]
9.67 8.70 10.03 10.03 -9999 -9999 -9999 -9999 -9999 -9999 -9999 7.07 7.06 7.61 6.70 6.76 6.89 8.06 9.45 11.12 10.64 9.41 8.35 8.16 7.57 9.63 9.85 7.54 6.73 9.21 9.04 9.57 7.30 6.75 6.70 6.46 7.11 7.45 7.16 7.26 7.04 6.79 6.60 6.36 6.04 5.86 5.62 6.00 5.67 5.62 5.45 5.28 5.26 4.96 5.04 4.91 3.78 2.98 4.06 5.84 6.84 6.81 6.31 6.21 6.73 7.05 6.74 6.33 6.22 6.93 6.21 6.42 7.03 6.57 6.52 6.42 5.76 5.42 5.60
9.71 -9999 -9999 -9999 -9999 -9999 -9999 -9999 -9999 10.19 9.11 8.78 9.55 8.93 7.93 7.22 7.46 7.53 9.10 10.15 9.92 7.50 7.44 10.00 9.32 9.36 8.18 7.59 7.40 9.03 8.79 8.42 7.32 7.08 6.99 6.05 7.95 8.03 7.15 7.20 6.96 6.85 6.68 6.38 6.54 6.04 5.99 5.54 5.48 5.38 5.31 5.11 5.26 4.85 5.68 6.20 4.16 4.01 3.27 5.66 6.48 6.44 7.13 6.96 7.01 7.31 6.74 6.24 6.25 6.15 6.50 6.86 6.39 6.70 6.48 5.88 5.57 6.23 5.76
-9999 -9999 -9999 -9999 -9999 -9999 -9999 -9999 -9999 11.03 10.60 9.25 10.03 10.27 -9999 -9999 7.74 9.56 6.52 7.71 7.63 7.86 8.64 9.96 8.50 8.32 8.79 8.78 9.11 9.08 8.74 8.11 7.65 7.89 6.75 6.78 7.93 7.12 6.89 6.78 6.90 7.21 6.99 6.49 6.34 5.83 5.79 6.10 6.34 5.98 6.14 5.19 4.86 5.44 6.94 5.42 4.84 4.28 3.84 5.90 6.50 6.76 6.91 6.88 6.71 6.61 7.43 6.54 6.33 6.15 6.12 6.20 6.01 5.76 6.63 6.08 6.25 6.77 6.61
-9999 -9999 -9999 -9999 -9999 -9999 -9999 -9999 -9999 -9999 -9999 -9999 -9999 -9999 -9999 -9999 8.85 8.11 7.89 7.15 6.61 6.77 7.37 8.51 8.91 9.50 10.14 10.60 10.71 10.14 -9999 8.42 7.86 7.33 6.77 6.91 7.81 7.17 7.26 6.94 6.51 6.45 6.94 6.36 6.32 6.96 6.96 6.69 7.15 7.55 6.45 6.01 5.71 5.78 6.46 5.45 5.26 5.21 5.15 5.73 6.32 6.97 7.17 6.86 6.59 6.61 6.56 6.36 6.21 6.05 6.00 6.00 6.07 6.09 6.28 6.19 6.35 6.50 -9999
-9999 -9999 -9999 -9999 -9999 -9999 -9999 -9999 -9999 -9999 -9999 -9999 -9999 -9999 -9999 -9999 -9999 8.87 7.99 7.20 7.23 7.79 7.32 7.92 9.33 10.95 -9999 -9999 -9999 -9999 9.67 8.43 7.83 7.09 6.74 7.02 7.92 7.32 7.52 7.06 6.34 6.81 6.54 7.36 6.96 8.06 7.08 7.10 6.76 6.88 6.61 6.02 6.42 5.21 5.53 5.80 5.05 5.34 5.43 5.79 6.23 6.48 6.65 6.73 6.32 6.16 6.00 5.95 5.83 6.60 6.72 5.94 5.90 5.98 6.09 6.28 6.80 7.50 7.30
-9999 -9999 -9999 -9999 -9999 -9999 -9999 -9999 -9999 -9999 -9999 -9999 -9999 -9999 -9999 -9999 -9999 -9999 8.82 9.34 8.44 7.88 8.42 9.03 11.33 -9999 -9999 -9999 -9999 10.90 10.06 9.37 7.06 6.55 6.46 7.83 8.13 7.81 7.41 6.68 6.60 6.43 7.34 8.15 7.39 7.36 6.85 6.87 6.63 5.92 6.18 6.12 5.79 5.67 5.66 5.67 5.46 5.64 6.15 6.60 6.98 6.49 6.57 6.51 6.18 6.28 6.02 6.10 5.70 6.16 6.07 5.98 6.51 5.93 6.49 6.62 6.91 6.47 6.66
-9999 -9999 -9999 -9999 -9999 -9999 -9999 -9999 -9999 -9999 -9999 -9999 -9999 -9999 -9999 -9999 -9999 -9999 -9999 9.40 9.29 8.79 9.31 9.64 13.26 -9999 -9999 -9999 11.22 9.34 8.30 8.89 8.24 7.41 6.44 7.18 6.66 7.76 7.26 6.25 7.03 7.57 7.46 7.11 7.51 6.89 6.56 6.34 5.93 5.80 5.68 5.76 6.08 5.93 5.67 5.76 5.92 6.04 6.57 6.52 6.80 6.72 6.40 6.35 5.96 5.69 5.53 5.73 5.68 5.79 5.71 6.26 6.44 6.66 6.58 5.96 6.97 5.95 6.38
-9999 -9999 -9999 -9999 -9999 -9999 -9999 -9999 -9999 -9999 -9999 -9999 -9999 -9999 -9999 -9999 -9999 -9999 -9999 -9999 -9999 -9999 -9999 -9999 -9999 -9999 -9999 13.31 10.48 8.77 7.94 8.52 7.13 7.35 7.60 7.35 7.25 7.38 6.34 6.06 6.26 6.82 6.63 6.80 6.84 6.94 6.75 6.62 7.58 6.49 6.48 6.02 6.33 6.38 5.96 6.08 5.93 6.25 6.72 6.35 6.14 6.18 6.15 5.97 6.12 5.69 5.94 5.70 6.36 6.65 6.31 5.58 7.23 7.70 6.71 5.86 7.56 6.81 6.35
-9999 -9999 -9999 -9999 -9999 -9999 -9999 -9999 -9999 -9999 -9999 -9999 -9999 -9999 -9999 -9999 -9999 -9999 -9999 -9999 -9999 -9999 -9999 -9999 -9999 -9999 -9999 11.51 10.32 8.88 11.54 9.78 7.17 7.28 7.52 7.65 7.78 6.61 6.25 6.06 5.95 6.65 6.44 6.33 7.45 7.29 8.03 7.14 7.26 8.01 6.90 6.49 6.36 6.02 6.01 5.97 5.99 6.28 6.28 6.38 6.08 5.85 5.72 5.51 5.77 6.90 6.44 6.86 7.10 7.67 6.63 5.82 6.58 6.76 5.95 5.53 5.93 6.85 7.11
-9999 -9999 -9999 -9999 -9999 -9999 -9999 -9999 -9999 -9999 -9999 -9999 -9999 -9999 -9999 -9999 -9999 -9999 -9999 -9999 -9999 -9999 -9999 -9999 -9999 -9999 -9999 10.79 8.88 7.65 8.62 10.50 9.38 8.43 7.52 8.19 6.93 6.55 6.19 7.24 7.22 7.56 7.22 6.75 6.88 6.78 7.03 7.33 7.33 6.77 6.69 6.62 6.57 6.17 6.04 6.12 6.20 6.56 6.39 6.21 5.79 5.77 6.25 6.64 6.17 6.75 6.48 6.37 6.38 6.86 7.94 7.64 6.14 5.98 6.32 6.44 6.22 6.25 6.17
-9999 -9999 -9999 -9999 -9999 -9999 -9999 -9999 -9999 -9999 10.57 10.65 9.03 11.85 11.05 10.60 10.44 11.69 6.93 10.84 8.21 -9999 -9999 -9999 -9999 -9999 -9999 9.82 8.68 7.96 6.87 7.26 8.44 9.19 8.55 7.50 6.78 6.64 7.07 7.83 7.30 6.73 6.71 6.43 6.64 6.82 6.55 6.33 6.22 6.50 6.14 6.59 6.92 7.39 6.71 6.45 6.85 6.79 6.29 6.66 5.95 5.69 6.53 7.09 6.18 5.74 5.95 5.89 5.72 5.61 5.84 5.77 5.38 5.28 5.33 5.37 5.25 5.44 5.42
-9999 -9999 -9999 -9999 -9999 -9999 -9999 -9999 -9999 -9999 11.87 11.18 10.82 8.97 10.04 10.80 9.88 10.11 10.33 8.52 7.73 7.14 8.41 10.71 9.78 9.48 8.98 8.74 8.15 7.63 6.97 6.27 6.46 8.06 7.97 7.22 6.57 8.41 7.28 6.52 6.86 7.12 6.52 6.42 6.97 6.80 6.90 6.69 6.60 5.84 6.04 6.44 6.57 6.61 7.07 7.32 6.45 6.24 5.89 5.75 6.38 5.75 8.14 6.93 6.57 6.07 5.73 5.80 5.67 6.21 6.19 5.31 6.29 5.97 6.35 5.48 5.56 5.38 5.30
-9999 -9999 -9999 -9999 -9999 -9999 -9999 -9999 -9999 10.82 9.81 9.15 8.54 7.54 8.75 10.18 9.42 8.55 8.64 8.80 8.11 7.28 7.33 8.57 9.77 8.20 7.95 7.65 7.65 8.09 7.00 6.66 7.32 7.11 6.83 6.98 8.47 7.22 7.91 7.37 6.84 6.27 6.61 6.53 7.08 7.14 6.84 7.14 6.38 6.50 6.38 6.29 6.23 7.14 7.58 6.30 5.94 6.13 7.55 6.46 6.13 6.21 6.07 6.22 6.38 6.08 5.94 6.32 6.96 6.32 5.59 5.49 6.59 6.22 6.14 6.36 6.22 5.89 5.88
-9999 -9999 -9999 -9999 -9999 -9999 -9999 -9999 -9999 -9999 9.12 7.96 7.32 8.24 7.71 7.72 9.17 8.06 6.86 6.37 8.15 9.58 8.33 7.03 7.46 8.99 7.85 6.86 6.92 6.89 7.28 7.21 6.52 6.33 6.48 7.00 7.69 6.77 7.67 6.90 6.84 6.77 6.98 6.64 7.21 7.36 7.25 6.36 6.37 6.77 6.20 5.79 5.64 6.33 7.10 6.99 5.99 6.30 7.07 6.90 6.35 5.77 5.68 5.51 5.77 6.88 6.66 6.44 6.80 7.42 6.83 6.36 6.68 6.62 6.03 6.61 5.92 6.42 5.74
-9999 -9999 -9999 -9999 -9999 -9999 11.02 -9999 -9999 9.92 8.94 9.17 6.97 8.04 6.92 6.38 6.21 6.38 6.95 6.12 7.52 8.50 6.99 6.04 5.27 5.66 6.00 6.08 6.32 6.62 7.17 6.48 6.28 6.52 7.55 6.66 7.18 6.43 6.90 6.57 7.24 7.78 7.33 6.71 6.44 6.47 6.37 6.24 7.18 6.53 6.06 7.22 6.14 6.11 7.26 7.98 5.82 6.06 6.31 6.18 5.95 5.79 5.69 5.95 6.37 6.65 6.03 5.69 5.70 6.13 6.20 6.14 6.50 6.01 5.96 5.91 5.54 5.56 5.50
-9999 -9999 -9999 -9999 -9999 10.39 11.15 11.10 10.82 9.00 8.36 9.45 7.71 6.80 7.14 6.45 7.00 7.12 7.59 6.66 6.45 6.67 5.72 4.82 4.39 4.76 5.60 6.19 5.89 6.06 6.30 6.09 6.13 7.19 7.18 6.51 6.87 7.07 7.85 7.27 7.36 8.19 7.31 7.16 6.34 6.66 6.48 6.79 6.40 6.22 5.87 6.67 6.65 6.05 6.67 6.38 5.95 5.77 5.55 6.03 6.12 6.05 5.75 5.52 5.56 5.47 5.62 5.72 5.64 5.25 5.64 5.93 6.47 6.72 6.41 5.58 6.14 6.04 5.99
-9999 -9999 -9999 -9999 -9999 9.99 9.95 9.35 9.64 8.93 8.29 7.52 8.68 8.48 7.72 8.41 8.01 7.53 8.26 7.40 7.04 6.53 4.67 5.19 6.50 6.26 5.82 5.65 5.47 6.01 6.48 6.71 6.36 7.12 6.65 7.04 6.40 5.94 7.03 7.89 7.14 7.17 7.02 6.65 6.64 7.02 6.54 6.21 6.70 6.84 6.00 6.27 6.31 6.22 6.73 7.01 7.08 8.00 6.21 6.26 5.79 5.64 5.73 5.76 5.53 5.38 5.56 5.95 5.70 5.46 5.28 5.84 5.96 6.08 6.20 6.34 5.59 5.89 6.50
-9999 -9999 -9999 -9999 -9999 10.15 9.19 8.84 9.09 8.69 8.63 7.74 8.05 8.08 7.18 7.97 7.94 8.22 8.36 7.95 5.90 4.55 3.96 5.48 5.61 6.18 6.91 5.79 5.86 6.19 5.94 6.61 6.18 6.77 6.47 6.60 6.42 6.00 7.15 6.83 6.89 6.80 6.66 6.57 6.63 7.02 7.08 6.36 6.25 6.47 7.07 6.24 6.40 6.20 6.43 6.52 6.68 7.22 6.85 7.37 7.88 5.55 7.84 6.81 5.63 5.80 7.94 7.84 7.46 5.47 5.37 5.44 5.35 5.78 5.62 6.44 7.09 8.62 7.86
-9999 -9999 -9999 -9999 -9999 8.88 8.53 8.48 8.34 7.95 7.88 7.55 7.19 7.91 7.51 7.53 7.98 7.46 7.60 7.53 7.13 4.56 4.51 5.82 5.23 6.30 6.71 5.97 6.41 6.91 6.30 6.46 6.55 6.56 6.50 6.59 7.07 7.67 6.35 6.86 6.75 6.69 6.56 6.54 6.67 6.91 6.50 6.65 6.54 6.84 7.12 7.48 7.01 7.54 7.12 6.72 6.57 6.37 6.13 6.14 6.37 6.00 7.22 7.09 7.55 7.24 7.59 7.91 8.25 5.91 5.92 5.69 5.66 5.91 6.52 7.29 7.46 -9999 -9999
-9999 -9999 -9999 -9999 -9999 8.11 8.03 8.13 8.41 8.69 8.09 7.67 7.05 7.34 8.35 8.03 7.75 7.38 7.87 7.93 7.70 6.70 4.76 4.48 4.25 6.12 5.73 4.91 7.18 7.24 6.59 8.27 7.31 7.72 8.18 7.78 7.52 7.86 7.01 6.46 6.76 6.65 6.28 6.46 6.55 6.84 6.43 6.76 7.36 7.78 7.63 7.61 7.73 7.72 7.81 7.70 7.37 6.85 6.62 6.80 7.13 7.31 7.55 7.66 7.83 -9999 -9999 7.45 7.73 7.46 7.07 6.46 8.31 6.96 -9999 -9999 -9999 -9999 -9999
-9999 -9999 -9999 -9999 9.66 8.36 8.24 7.75 8.45 8.60 9.20 7.99 8.06 7.73 8.35 8.08 7.73 7.69 8.02 8.12 8.05 7.82 6.76 5.91 5.98 6.03 5.20 7.28 8.04 6.53 6.23 6.90 6.84 7.67 7.72 7.04 6.91 6.78 6.71 7.24 7.04 7.06 6.78 6.75 7.01 7.52 7.42 7.29 7.38 7.50 7.72 -9999 -9999 8.39 8.88 8.90 8.53 8.18 7.88 7.95 -9999 -9999 -9999 -9999 -9999 -9999 -9999 -9999 -9999 -9999 7.56 7.89 9.01 8.01 -9999 -9999 -9999 -9999 -9999
-9999 -9999 -9999 10.41 9.25 8.17 8.53 7.78 7.76 7.66 7.72 7.36 9.29 9.72 8.93 8.61 8.73 9.30 8.69 8.31 8.24 8.52 8.12 8.93 8.79 8.20 7.91 9.08 7.40 7.49 7.44 7.93 8.42 7.31 6.53 6.95 6.43 6.60 6.56 6.71 6.67 7.66 8.37 8.35 8.11 8.09 8.33 7.88 -9999 7.18 7.72 7.64 8.02 8.54 -9999 -9999 -9999 -9999 8.95 -9999 -9999 -9999 -9999 -9999 -9999 -9999 -9999 -9999 -9999 -9999 -9999 -9999 -9999 -9999 -9999 -9999 -9999 -9999 -9999
-9999 -9999 11.09 10.34 9.89 8.96 7.89 7.67 7.45 6.66 6.52 7.53 10.81 11.79 8.69 8.29 10.48 8.91 10.18 8.57 8.44 10.42 9.34 8.63 8.30 8.32 -9999 -9999 -9999 -9999 -9999 8.06 8.96 8.61 7.46 7.32 7.03 6.67 6.75 6.67 7.08 7.92 -9999 -9999 -9999 -9999 -9999 8.72 8.83 8.16 7.48 7.40 8.76 8.71 -9999 -9999 -9999 -9999 -9999 -9999 -9999 -9999 -9999 -9999 -9999 -9999 -9999 -9999 -9999 -9999 -9999 -9999 -9999 -9999 -9999 -9999 -9999 -9999 -9999
-9999 8.21 8.79 9.81 9.82 8.86 8.62 8.16 6.82 7.28 7.32 8.81 10.35 11.28 10.56 10.11 9.13 10.21 9.23 9.48 9.25 10.56 10.20 -9999 -9999 -9999 -9999 -9999 -9999 -9999 -9999 -9999 8.26 8.52 7.70 8.52 9.12 9.33 7.85 9.23 9.12 9.54 -9999 -9999 -9999 -9999 -9999 -9999 -9999 8.08 8.37 7.50 8.13 -9999 -9999 -9999 -9999 -9999 -9999 -9999 -9999 -9999 -9999 -9999 -9999 -9999 -9999 -9999 -9999 -9999 -9999 -9999 -9999 -9999 -9999 -9999 -9999 -9999 -9999
9.45 7.99 8.13 9.04 10.07 10.26 9.07 7.70 7.52 7.94 7.84 8.46 10.04 8.94 9.47 9.82 10.76 7.28 9.21 11.61 10.08 -9999 -9999 -9999 -9999 -9999 -9999 -9999 -9999 -9999 -9999 -9999 -9999 -9999 8.97 -9999 -9999 -9999 -9999 8.51 10.17 10.47 -9999 -9999 -9999 -9999 -9999 -9999 -9999 -9999 8.33 9.71 8.72 -9999 -9999 -9999 -9999 -9999 -9999 -9999 -9999 -9999 -9999 -9999 -9999 -9999 -9999 -9999 -9999 -9999 -9999 -9999 -9999 -9999 -9999 -9999 -9999 -9999 -9999
8.61 7.26 7.95 9.12 9.49 10.11 9.31 8.60 9.16 7.10 6.29 7.34 9.25 9.31 8.35 7.96 9.45 7.92 7.94 9.16 -9999 -9999 -9999 -9999 -9999 -9999 -9999 -9999 -9999 -9999 -9999 -9999 -9999 -9999 9.88 -9999 -9999 -9999 -9999 -9999 -9999 -9999 -9999 -9999 -9999 -9999 -9999 -9999 -9999 -9999 -9999 -9999 -9999 -9999 -9999 -9999 -9999 -9999 -9999 -9999 -9999 -9999 -9999 -9999 -9999 -9999 -9999 -9999 -9999 -9999 -9999 -9999 -9999 -9999 -9999 -9999 -9999 -9999 -9999
8.95 7.35 8.18 8.52 8.53 9.07 8.76 8.63 9.31 6.75 6.31 6.96 8.41 11.39 11.78 7.46 7.97 8.07 8.75 10.56 -9999 -9999 -9999 -9999 -9999 -9999 -9999 -9999 -9999 -9999 -9999 -9999 -9999 -9999 -9999 -9999 -9999 -9999 -9999 -9999 -9999 -9999 -9999 -9999 -9999 -9999 -9999 -9999 -9999 -9999 -9999 -9999 -9999 -9999 -9999 -9999 -9999 -9999 -9999 -9999 -9999 -9999 -9999 -9999 -9999 -9999 -9999 -9999 -9999 -9999 -9999 -9999 -9999 -9999 -9999 -9999 -9999 -9999 -9999
10.01 9.04 8.94 8.57 9.02 8.51 8.32 8.25 7.34 7.43 6.89 6.64 8.50 10.11 10.01 8.76 7.37 7.77 10.09 9.62 -9999 -9999 -9999 -9999 -9999 -9999 -9999 -9999 -9999 -9999 -9999 -9999 -9999 -9999 -9999 -9999 -9999 -9999 -9999 -9999 -9999 -9999 -9999 -9999 -9999 -9999 -9999 -9999 -9999 -9999 -9999 -9999 -9999 -9999 -9999 -9999 -9999 -9999 -9999 -9999 -9999 -9999 -9999 -9999 -9999 -9999 -9999 -9999 -9999 -9999 -9999 -9999 -9999 -9999 -9999 -9999 -9999 -9999 -9999
10.73 10.07 9.80 8.67 9.05 8.65 10.17 9.53 8.32 8.01 8.42 7.25 7.50 8.13 8.11 7.83 7.83 8.52 9.37 9.77 -9999 -9999 -9999 -9999 -9999 -9999 -9999 -9999 -9999 -9999 -9999 -9999 -9999 -9999 -9999 -9999 -9999 -9999 -9999 -9999 -9999 -9999 -9999 -9999 -9999 -9999 -9999 -9999 -9999 -9999 -9999 -9999 -9999 -9999 -9999 -9999 -9999 -9999 -9999 -9999 -9999 -9999 -9999 -9999 -9999 -9999 -9999 -9999 -9999 -9999 -9999 -9999 -9999 -9999 -9999 -9999 -9999 -9999 -9999
9.30 9.48 8.96 9.74 10.90 10.60 9.44 9.48 9.46 9.45 8.62 8.93 8.21 7.36 7.43 8.34 9.15 9.58 9.39 10.26 -9999 -9999 -9999 -9999 -9999 -9999 -9999 -9999 -9999 -9999 -9999 -9999 -9999 -9999 -9999 -9999 -9999 -9999 -9999 -9999 -9999 -9999 -9999 -9999 -9999 -9999 -9999 -9999 -9999 -9999 -9999 -9999 -9999 -9999 -9999 -9999 -9999 -9999 -9999 -9999 -9999 -9999 -9999 -9999 -9999 -9999 -9999 -9999 -9999 -9999 -9999 -9999 -9999 -9999 -9999 -9999 -9999 -9999 -9999
9.58 9.94 -9999 -9999 -9999 -9999 -9999 -9999 -9999 -9999 -9999 9.74 10.12 9.05 8.38 7.99 8.91 9.60 9.57 -9999 -9999 -9999 -9999 -9999 -9999 -9999 -9999 -9999 -9999 -9999 -9999 -9999 -9999 -9999 -9999 -9999 -9999 -9999 -9999 -9999 -9999 -9999 -9999 -9999 -9999 -9999 -9999 -9999 -9999 -9999 -9999 -9999 -9999 -9999 -9999 -9999 -9999 -9999 -9999 -9999 -9999 -9999 -9999 -9999 -9999 -9999 -9999 -9999 -9999 -9999 -9999 -9999 -9999 -9999 -9999 -9999 -9999 -9999 -9999
10.02 10.63 -9999 -9999 -9999 -9999 -9999 -9999 -9999 -9999 -9999 -9999 -9999 -9999 9.11 8.62 8.85 9.30 -9999 -9999 -9999 -9999 -9999 -9999 -9999 -9999 -9999 -9999 -9999 -9999 -9999 -9999 -9999 -9999 -9999 -9999 -9999 -9999 -9999 -9999 -9999 -9999 -9999 -9999 -9999 -9999 -9999 -9999 -9999 -9999 -9999 -9999 -9999 -9999 -9999 -9999 -9999 -9999 -9999 -9999 -9999 -9999 -9999 -9999 -9999 -9999 -9999 -9999 -9999 -9999 -9999 -9999 -9999 -9999 -9999 -9999 -9999 -9999 -9999
-9999 -9999 -9999 -9999 -9999 -9999 -9999 -9999 -9999 -9999 -9999 -9999 -9999 -9999 10.05 10.92 11.35 11.00 -9999 -9999 -9999 -9999 -9999 -9999 -9999 -9999 -9999 -9999 -9999 -9999 -9999 -9999 -9999 -9999 -9999 -9999 -9999 -9999 -9999 -9999 -9999 -9999 -9999 -9999 -9999 -9999 -9999 -9999 -9999 -9999 -9999 -9999 -9999 -9999 -9999 -9999 -9999 -9999 -9999 -9999 -9999 -9999 -9999 -9999 -9999 -9999 -9999 -9999 -9999 -9999 -9999 -9999 -9999 -9999 -9999 -9999 -9999 -9999 -9999
-9999 -9999 -9999 -9999 -9999 -9999 -9999 -9999 -9999 -9999 -9999 -9999 -9999 -9999 -9999 -9999 -9999 -9999 -9999 -9999 -9999 -9999 -9999 -9999 -9999 -9999 -9999 -9999 -9999 -9999 -9999 -9999 -9999 -9999 -9999 -9999 -9999 -9999 -9999 -9999 -9999 -9999 -9999 -9999 -9999 -9999 -9999 -9999 -9999 -9999 -9999 -9999 -9999 -9999 -9999 -9999 -9999 -9999 -9999 -9999 -9999 -9999 -9999 -9999 -9999 -9999 -9999 -9999 -9999 -9999 -9999 -9999 -9999 -9999 -9999 -9999 -9999 -9999 -9999
-9999 -9999 -9999 -9999 -9999 -9999 -9999 -9999 -9999 -9999 -9999 -9999 -9999 -9999 -9999 -9999 -9999 -9999 -9999 -9999 -9999 -9999 -9999 -9999 -9999 -9999 -9999 -9999 -9999 -9999 -9999 -9999 -9999 -9999 -9999 -9999 -9999 -9999 -9999 -9999 -9999 -9999 -9999 -9999 -9999 -9999 -9999 -9999 -9999 -9999 -9999 -9999 -9999 -9999 -9999 -9999 -9999 -9999 -9999 -9999 -9999 -9999 -9999 -9999 -9999 -9999 -9999 -9999 -9999 -9999 -9999 -9999 -9999 -9999 -9999 -9999 -9999 -9999 -9999
