ML/MeanWindSpeed_1997-01_Actual.txt
ncols         180
nrows         290
xllcorner     -200000
yllcorner     -200000
cellsize      5000
NODATA_value  -9999
[rows 175 to 209 of 290, columns 79 to 157 of 180]
-9999 -9999 -9999 -9999 -9999 -9999 -9999 9.13 8.13 7.17 6.58 6.59 5.21 4.68 10.95 17.26 6.71 10.17 10.83 10.23 8.40 5.57 5.26 7.54 9.80 7.52 5.22 5.49 6.43 5.89 6.08 7.23 6.23 5.55 5.04 5.17 5.26 5.02 5.15 5.11 9.83 10.75 8.26 8.37 6.59 5.77 7.09 7.44 5.57 5.30 6.45 5.66 5.11 5.64 5.14 5.91 5.18 5.06 4.87 4.78 6.09 5.16 4.88 4.85 4.57 4.96 5.47 5.70 6.13 6.62 5.52 7.26 9.35 -9999 -9999 -9999 -9999 -9999 -9999
-9999 -9999 -9999 -9999 -9999 -9999 -9999 -9999 10.04 7.54 6.10 4.72 4.31 6.84 20.01 12.53 4.15 10.14 6.94 10.62 10.39 6.72 4.15 9.94 8.06 8.77 7.09 5.40 5.48 5.63 5.05 6.01 6.42 5.96 5.52 5.08 5.25 4.99 4.79 6.44 7.28 11.01 8.74 9.29 8.41 4.49 6.64 8.63 5.91 5.97 6.52 5.70 5.53 5.53 5.21 6.01 5.11 4.95 5.21 5.04 5.84 5.73 5.15 4.91 4.75 4.84 5.34 6.58 5.76 5.26 5.45 6.93 9.10 -9999 -9999 -9999 -9999 -9999 -9999
-9999 -9999 -9999 -9999 -9999 -9999 -9999 -9999 -9999 7.98 5.71 5.70 7.38 17.11 18.79 11.56 7.86 7.51 8.84 10.80 11.28 10.96 6.57 5.16 10.52 8.22 7.34 6.47 5.41 5.33 5.49 5.52 5.95 5.55 5.13 5.28 5.29 5.13 5.26 6.12 7.73 8.75 6.89 7.23 8.90 7.11 4.49 8.64 6.35 6.29 6.72 5.86 5.78 5.47 5.70 6.03 5.25 5.05 5.15 4.92 6.46 5.85 5.30 5.08 4.97 5.26 5.16 5.26 5.12 5.11 5.59 7.40 9.38 -9999 -9999 -9999 -9999 -9999 -9999
-9999 -9999 -9999 -9999 -9999 -9999 -9999 -9999 -9999 7.71 6.37 8.54 10.20 11.93 14.62 7.39 5.09 7.33 10.09 10.82 11.85 10.32 7.15 4.35 10.58 10.45 8.01 7.16 5.46 5.17 5.55 6.33 5.89 5.62 5.41 5.00 4.87 5.28 7.03 6.87 4.93 9.24 6.97 7.53 9.28 9.26 6.86 5.95 5.82 4.90 6.24 6.88 5.87 5.54 5.04 5.32 4.98 5.25 5.02 4.85 5.31 5.77 5.40 5.42 5.23 5.25 5.11 4.93 5.06 5.65 6.78 8.46 -9999 -9999 -9999 -9999 -9999 -9999 -9999
-9999 -9999 -9999 -9999 -9999 -9999 -9999 -9999 -9999 6.93 6.78 7.87 7.18 11.53 9.60 6.34 7.97 6.10 7.50 10.59 9.46 11.98 9.47 5.57 9.55 10.67 10.03 6.95 6.06 5.09 5.90 6.91 6.52 5.73 5.27 5.00 5.32 6.67 6.83 5.32 5.10 7.66 7.38 7.17 7.14 6.66 6.72 7.38 4.59 5.64 5.87 5.61 5.96 5.36 5.87 4.78 4.91 5.08 4.88 4.93 6.54 5.65 5.28 5.26 5.36 5.34 5.29 5.26 5.53 6.76 8.31 -9999 -9999 -9999 -9999 -9999 -9999 -9999 -9999
-9999 -9999 -9999 -9999 -9999 -9999 -9999 -9999 7.97 15.06 7.88 8.64 9.81 5.09 14.87 12.44 11.35 9.43 11.48 8.63 9.51 8.36 7.07 8.59 11.90 10.23 9.61 6.77 5.75 4.96 6.34 6.42 5.98 5.70 5.13 5.21 6.55 6.15 5.48 6.48 7.39 5.00 9.11 8.30 5.53 6.26 5.85 5.34 5.44 4.84 4.81 5.00 5.97 5.42 4.65 5.75 4.89 4.93 5.03 5.31 6.64 5.68 5.25 5.34 5.27 5.39 5.31 5.41 6.48 7.97 -9999 -9999 -9999 -9999 -9999 -9999 -9999 10.35 -9999
-9999 -9999 -9999 -9999 -9999 -9999 8.40 7.98 11.55 9.80 7.43 7.69 8.71 4.88 6.37 8.31 11.99 11.33 12.39 10.83 11.06 5.82 8.57 8.62 5.99 6.47 6.11 6.95 6.09 5.38 6.11 6.24 6.18 5.55 5.66 6.86 6.09 6.40 5.44 6.80 7.38 6.78 5.66 4.92 6.56 6.06 5.67 5.81 5.83 5.66 4.45 5.34 5.23 4.52 4.57 4.79 4.92 5.12 4.95 5.38 6.53 5.69 5.15 5.28 5.16 5.27 5.30 5.84 7.15 -9999 -9999 -9999 -9999 -9999 9.67 9.42 9.10 8.52 8.67
-9999 -9999 -9999 -9999 -9999 8.16 7.93 8.07 8.49 8.46 8.29 7.22 5.58 4.61 6.08 7.65 9.83 16.63 8.98 7.15 7.04 4.41 10.68 11.86 10.90 7.52 6.42 7.03 6.72 6.15 6.21 6.59 6.07 5.82 5.93 6.66 6.92 5.47 5.42 6.87 6.84 6.31 5.69 5.83 6.25 5.17 5.73 4.98 5.09 5.71 5.15 4.67 4.23 4.42 5.12 4.70 4.78 4.98 5.09 5.31 6.76 6.08 5.29 5.06 5.02 5.18 5.33 5.88 6.94 -9999 -9999 -9999 -9999 -9999 8.34 7.69 7.50 7.12 7.14
-9999 -9999 -9999 -9999 8.50 9.16 8.42 8.51 -9999 -9999 -9999 -9999 6.64 11.99 9.74 9.01 10.88 9.10 7.17 10.02 9.27 7.93 16.68 13.98 11.14 11.44 8.35 6.38 6.73 6.58 5.93 5.89 5.70 5.45 6.06 5.68 6.98 5.69 5.54 5.84 6.25 6.41 6.18 5.24 5.35 5.26 5.23 5.05 4.84 4.59 4.52 4.40 4.62 5.10 4.88 4.53 5.08 5.55 5.62 5.50 6.24 6.01 5.80 5.00 5.00 5.10 5.20 5.50 6.37 7.88 -9999 -9999 -9999 -9999 7.23 6.47 6.37 6.48 6.59
-9999 -9999 -9999 -9999 9.85 11.19 8.17 9.12 -9999 -9999 -9999 -9999 7.36 9.94 11.42 6.38 10.49 9.76 9.38 12.56 13.96 10.63 14.07 7.40 8.59 8.56 7.56 6.34 6.15 6.23 5.89 6.00 6.42 5.45 6.06 5.82 6.02 6.57 5.60 5.71 5.11 5.93 6.78 7.04 6.88 5.42 4.89 4.87 4.85 5.23 4.68 4.81 5.17 5.30 5.76 4.93 6.54 6.43 6.54 5.59 5.86 5.76 5.59 4.89 5.03 5.10 5.11 5.22 5.48 6.46 7.38 -9999 -9999 7.65 6.93 6.31 6.50 6.26 6.12
-9999 -9999 -9999 -9999 -9999 -9999 -9999 -9999 -9999 -9999 -9999 -9999 8.24 11.78 9.68 6.37 8.13 6.48 13.51 12.81 7.91 10.91 10.16 8.69 9.40 7.30 6.57 5.86 6.53 6.08 6.24 5.91 5.44 5.44 5.45 5.33 5.69 6.35 5.72 5.39 5.63 5.98 5.68 6.41 6.62 4.86 6.06 6.98 5.89 5.87 5.52 4.51 5.19 5.89 6.64 6.23 5.55 5.85 6.45 5.86 6.09 5.72 5.54 4.80 5.00 5.11 5.19 5.17 5.00 5.29 5.95 6.80 7.07 6.57 6.40 5.47 6.35 6.49 6.62
-9999 -9999 -9999 -9999 -9999 -9999 -9999 -9999 -9999 -9999 -9999 -9999 -9999 11.75 3.75 4.30 7.55 11.86 11.04 12.63 11.62 7.64 8.91 10.30 7.04 6.53 5.75 5.73 5.67 5.98 5.94 5.85 5.50 5.31 5.26 5.55 5.47 6.13 5.96 5.50 7.54 6.82 5.50 5.32 5.34 5.49 5.40 6.39 6.60 6.04 7.05 5.27 4.86 5.37 4.90 5.15 5.18 5.00 6.17 6.12 5.78 5.30 5.53 4.84 4.98 5.05 5.09 5.15 5.20 5.26 5.27 5.64 5.84 5.78 5.54 5.46 6.44 6.46 6.29
-9999 -9999 -9999 -9999 -9999 -9999 -9999 -9999 -9999 -9999 -9999 -9999 -9999 7.63 11.58 12.56 10.16 8.39 7.70 10.29 8.26 8.59 7.18 6.78 8.83 6.27 5.90 7.52 6.75 6.31 5.83 5.17 5.15 5.80 5.68 6.73 6.60 6.31 5.89 5.45 7.34 8.10 6.67 5.56 5.13 5.47 5.49 5.35 5.73 6.48 8.59 7.12 5.13 4.55 4.83 5.74 6.62 6.53 5.95 6.37 5.95 5.49 5.17 4.94 5.02 5.04 5.20 5.27 5.33 5.40 5.45 5.51 5.57 5.74 5.64 5.38 6.11 6.20 6.91
-9999 -9999 -9999 -9999 -9999 -9999 -9999 -9999 -9999 -9999 -9999 -9999 10.28 9.52 6.79 14.49 8.73 6.72 9.43 9.09 7.87 10.94 7.61 7.16 9.57 5.85 11.70 8.49 6.46 6.44 7.37 5.71 5.35 8.16 7.87 6.94 5.77 6.22 6.15 5.82 6.38 6.92 6.72 5.96 5.61 5.44 5.45 5.71 5.46 6.61 6.46 5.94 5.39 4.89 5.43 6.22 7.04 6.91 5.76 5.84 5.79 5.54 5.22 5.02 5.01 5.11 5.26 5.34 5.37 5.44 5.51 5.41 5.45 5.97 5.91 5.58 5.81 6.23 5.83
-9999 -9999 -9999 -9999 -9999 -9999 -9999 -9999 -9999 -9999 -9999 -9999 8.86 9.15 13.94 7.84 3.81 6.38 6.85 8.44 11.17 11.15 8.43 7.95 7.97 6.21 6.79 7.50 8.83 8.56 6.48 6.41 6.21 6.57 7.12 5.79 5.63 6.35 6.30 6.76 6.95 6.38 6.65 6.36 5.90 5.62 5.46 5.48 5.47 6.17 6.35 5.89 5.02 5.28 6.27 7.21 6.39 6.91 6.75 6.04 5.46 6.10 5.29 5.45 5.16 5.23 5.23 5.35 5.43 5.41 5.42 5.41 5.42 6.22 5.99 5.54 5.62 6.19 6.12
-9999 -9999 -9999 -9999 -9999 -9999 -9999 -9999 -9999 -9999 -9999 -9999 9.89 11.63 4.74 6.56 5.94 7.50 7.47 12.06 10.27 12.04 9.24 8.19 6.33 5.33 5.89 9.00 11.02 12.03 7.04 8.51 7.24 7.24 6.84 5.26 5.64 6.02 6.32 6.82 6.26 6.29 7.50 6.75 5.84 5.76 6.82 5.35 5.71 5.97 5.78 5.32 5.12 5.64 5.96 6.15 6.13 6.08 5.43 5.31 5.78 5.93 4.95 4.95 5.17 5.21 5.30 5.28 5.23 5.32 5.35 5.38 5.44 5.67 5.50 5.67 5.53 6.00 6.05
-9999 -9999 -9999 -9999 -9999 -9999 -9999 -9999 -9999 -9999 -9999 -9999 -9999 6.51 7.59 9.89 12.36 13.16 10.48 10.64 8.60 5.98 6.23 5.66 6.71 6.87 5.77 7.09 7.51 10.74 8.49 7.23 7.04 8.27 7.66 5.58 6.55 5.61 5.81 8.12 6.41 6.15 6.04 6.22 5.56 5.57 7.13 6.44 5.71 6.14 5.73 5.47 5.76 6.38 5.78 5.52 5.10 5.76 4.99 6.09 6.04 5.05 4.88 5.47 5.37 5.12 5.17 5.13 5.18 5.28 5.32 5.38 5.38 5.37 5.41 5.67 5.67 5.70 5.95
-9999 -9999 -9999 -9999 -9999 -9999 -9999 -9999 -9999 -9999 -9999 -9999 -9999 8.11 9.20 10.31 12.22 14.73 12.96 9.52 6.89 5.55 7.39 9.57 11.44 13.00 9.40 6.62 7.01 8.25 7.82 5.90 9.09 8.19 7.94 6.57 7.28 6.00 5.65 6.42 7.81 7.23 6.40 5.87 5.54 5.72 6.61 6.34 5.94 5.90 6.29 6.46 6.59 6.89 5.98 5.51 6.61 6.55 6.41 6.06 6.19 5.24 5.59 6.09 5.18 5.06 5.13 5.12 5.22 5.26 5.29 5.33 5.35 5.40 5.36 5.29 5.21 5.18 5.48
-9999 -9999 -9999 -9999 -9999 -9999 -9999 -9999 -9999 -9999 -9999 -9999 9.34 7.36 8.05 10.03 11.24 10.34 10.04 7.93 9.13 13.88 10.92 11.03 10.90 8.62 7.58 8.19 8.36 6.68 6.15 6.82 8.68 8.47 7.88 6.59 7.50 5.71 5.70 7.13 6.59 6.99 6.98 6.26 5.79 5.81 6.53 6.36 5.70 5.93 5.94 5.84 6.56 6.12 7.02 6.35 6.97 6.17 6.36 6.39 5.55 5.43 6.27 6.10 5.17 5.12 5.42 5.21 5.36 5.38 5.48 5.44 5.36 5.35 5.18 5.51 5.82 5.85 5.15
-9999 -9999 -9999 -9999 -9999 -9999 -9999 -9999 -9999 -9999 -9999 -9999 11.54 9.17 7.46 7.01 8.91 12.78 12.40 11.04 9.38 9.92 11.20 12.26 12.22 8.09 10.08 11.29 7.19 9.35 5.59 6.39 8.01 9.73 6.77 7.38 5.93 5.13 5.54 6.20 8.88 7.28 7.26 6.72 6.32 6.22 6.30 6.02 5.61 5.72 5.60 5.53 5.48 6.62 7.06 6.98 7.48 6.42 5.91 5.93 5.61 6.08 6.51 6.13 5.68 6.00 5.72 5.96 5.57 5.56 5.76 5.74 5.43 5.28 5.12 5.12 5.91 5.92 5.95
-9999 -9999 -9999 -9999 -9999 -9999 -9999 -9999 -9999 -9999 -9999 -9999 10.06 8.55 4.99 6.13 8.83 13.10 11.44 11.77 9.10 10.52 9.81 8.42 9.41 9.95 9.53 8.09 6.80 7.33 9.98 6.50 6.29 6.51 6.89 8.32 6.71 5.17 5.49 6.13 6.45 6.41 7.37 6.88 6.52 6.57 5.78 5.32 5.90 6.06 6.12 5.53 6.07 7.14 7.06 6.16 6.31 7.12 6.20 6.56 5.73 6.68 6.74 5.91 5.82 5.99 5.42 5.64 5.57 5.58 5.64 5.50 5.39 5.36 5.24 5.56 5.07 5.37 5.64
-9999 -9999 -9999 -9999 -9999 -9999 -9999 -9999 -9999 -9999 -9999 9.45 10.04 11.45 8.44 6.22 9.79 10.86 13.08 12.96 7.63 7.80 7.08 8.55 10.14 8.28 8.00 9.83 8.36 7.59 7.25 6.38 5.56 5.78 6.95 6.84 6.48 6.14 5.59 5.27 5.91 6.38 5.84 6.33 6.09 6.64 5.80 5.77 5.91 5.47 5.38 5.67 6.75 6.49 6.42 5.78 6.59 6.78 6.52 5.79 6.65 6.73 6.76 6.85 6.36 5.86 5.70 5.54 5.65 5.68 5.53 5.42 5.29 5.24 5.33 5.61 5.49 5.52 5.79
-9999 -9999 -9999 -9999 -9999 -9999 -9999 -9999 -9999 -9999 10.63 10.20 10.33 8.11 6.33 9.25 12.05 12.48 10.54 12.16 8.28 9.44 7.95 7.55 13.73 8.97 9.44 7.38 7.81 6.52 6.31 6.74 7.76 6.72 8.60 6.73 7.11 5.79 5.47 5.53 5.74 6.12 5.79 5.93 6.29 6.42 5.21 5.83 5.77 5.83 5.94 6.21 6.75 5.94 6.64 6.19 6.42 5.70 5.70 6.91 7.26 6.72 6.88 6.72 5.91 6.31 6.30 6.19 6.07 5.72 5.47 5.23 5.46 5.45 6.04 6.22 6.33 6.29 5.59
-9999 -9999 -9999 -9999 -9999 -9999 -9999 -9999 11.53 10.07 8.82 6.83 6.18 6.52 7.05 10.38 11.33 12.72 14.11 12.20 10.09 6.32 9.13 8.43 11.97 8.97 8.06 8.10 6.84 6.64 5.72 6.81 8.63 7.94 7.96 5.88 6.12 5.88 5.82 6.38 5.95 6.31 5.62 5.74 6.04 5.36 5.29 5.66 6.53 6.25 6.96 7.50 6.91 6.35 5.85 5.65 6.35 6.79 6.57 7.01 6.13 6.79 6.93 6.30 5.61 5.69 6.53 6.35 6.35 5.55 5.31 5.14 5.41 6.36 6.65 6.31 7.03 6.72 6.39
-9999 -9999 -9999 -9999 10.92 9.86 8.56 11.64 11.47 11.33 11.05 8.20 7.24 6.64 11.64 9.93 11.62 11.88 11.51 8.62 7.68 6.07 7.58 7.18 13.15 11.52 9.50 7.27 7.61 7.04 8.69 5.92 7.62 7.96 7.46 6.86 6.10 5.58 6.48 5.99 5.48 6.62 5.62 5.67 5.28 5.48 6.02 6.62 5.88 6.65 6.18 6.54 7.39 7.21 6.89 6.55 6.98 6.96 6.62 6.28 7.02 6.05 6.00 5.87 5.59 6.24 6.43 6.49 5.88 5.41 5.50 5.71 6.70 6.74 6.18 6.78 5.93 6.25 6.61
-9999 -9999 -9999 11.99 9.62 10.01 9.08 8.34 9.82 8.99 9.47 7.48 6.13 9.68 10.38 10.61 7.08 12.46 8.81 6.61 11.90 9.03 5.69 12.36 10.24 9.51 5.83 5.80 6.63 9.79 6.86 6.14 5.96 6.21 7.87 7.62 7.45 6.04 6.17 5.61 5.57 6.32 5.95 5.62 5.54 5.79 6.44 6.26 8.03 6.20 5.79 6.18 6.99 6.43 6.38 5.96 6.10 6.58 6.36 7.01 6.47 5.89 5.91 6.17 5.71 5.93 5.99 5.55 5.49 5.54 5.69 5.87 6.25 6.86 6.68 6.64 6.16 6.04 6.13
-9999 -9999 11.84 11.03 7.78 7.18 7.27 8.10 7.28 7.72 6.97 7.78 12.18 9.25 7.62 11.02 5.55 8.44 8.51 11.96 11.37 12.06 9.59 9.00 7.61 5.37 10.28 9.92 6.41 6.85 6.45 6.08 6.43 5.86 6.09 7.81 8.12 5.84 5.47 5.47 6.04 5.46 5.19 5.68 8.08 6.12 5.97 6.59 7.30 6.53 5.93 6.45 6.94 6.83 7.28 6.65 5.88 5.76 5.78 6.79 6.47 5.89 6.66 6.50 5.85 5.93 5.80 5.67 6.04 6.21 6.23 6.42 6.36 6.86 6.09 5.85 6.12 5.70 5.84
9.91 11.47 8.80 8.28 8.69 7.56 7.03 9.02 7.63 7.54 7.72 10.69 10.16 8.33 9.22 8.64 6.85 6.91 10.60 11.15 9.36 9.48 11.24 7.84 4.74 10.50 12.14 9.34 9.18 6.61 7.00 6.21 6.48 8.41 6.32 8.34 6.60 5.70 5.37 5.64 7.37 5.09 5.55 9.49 6.80 6.26 6.28 6.91 7.64 6.20 6.26 6.48 6.11 6.61 6.59 6.07 5.71 6.06 5.71 6.05 6.43 6.49 6.09 5.74 5.51 5.51 6.07 7.57 7.01 7.90 7.28 6.17 7.15 6.66 6.63 6.25 6.02 6.15 5.81
8.26 10.90 13.66 12.04 11.38 8.25 9.23 10.83 9.36 8.72 10.87 8.95 8.24 10.83 7.94 5.69 6.98 7.52 10.27 9.92 9.36 8.80 8.19 6.37 8.26 17.63 13.29 9.52 7.17 7.72 7.09 8.61 6.85 7.36 6.41 6.15 6.03 6.15 5.56 5.28 5.44 5.24 8.73 9.22 8.21 6.82 6.43 8.86 7.20 6.43 6.57 6.00 6.61 6.47 6.14 5.41 6.50 6.11 5.49 7.00 6.78 5.80 5.57 5.53 5.46 6.04 7.12 7.62 7.51 8.04 7.35 6.89 7.38 6.80 6.02 6.32 6.19 6.40 6.33
8.02 9.18 9.49 8.70 7.16 9.03 7.71 9.44 6.21 7.44 9.88 8.92 7.39 8.74 5.51 5.36 9.58 10.52 9.03 7.49 9.64 6.64 5.62 5.57 10.57 13.36 13.61 7.21 8.13 8.35 8.58 7.62 6.14 7.55 6.96 6.47 5.84 6.22 5.11 4.88 5.97 6.10 8.74 8.38 7.74 6.69 7.43 8.70 7.87 7.28 6.66 6.66 6.37 5.96 5.56 5.59 6.05 6.34 5.96 5.76 5.73 5.51 6.57 7.22 5.79 6.14 7.00 7.34 7.00 7.62 7.63 7.66 7.50 6.16 6.11 5.96 6.05 5.73 6.09
7.52 7.90 7.36 7.88 7.06 6.93 7.83 6.11 6.91 5.64 5.46 5.56 5.36 5.17 7.83 7.09 11.00 17.14 8.47 8.67 9.29 13.86 13.44 5.59 5.05 14.74 10.68 8.75 9.48 10.64 8.29 6.21 5.60 7.96 8.24 6.63 5.85 5.59 5.15 5.24 6.47 9.04 9.14 7.62 7.37 7.15 6.84 6.66 7.52 6.78 6.54 6.11 5.62 5.31 5.31 6.24 5.92 5.61 5.69 4.83 5.02 6.00 5.94 6.67 6.12 6.15 6.24 6.58 7.26 7.60 7.74 7.77 7.73 6.11 5.56 6.00 5.96 5.41 5.76
7.30 8.00 6.73 6.96 6.67 6.46 5.04 4.77 5.73 5.08 6.67 5.69 7.96 5.19 9.04 11.35 11.27 12.33 13.29 10.69 12.88 15.02 9.85 11.72 9.57 4.61 10.26 10.24 6.98 7.46 5.75 7.62 7.44 10.37 9.21 6.59 5.84 5.21 5.20 6.47 9.20 7.61 9.25 7.66 7.48 8.22 6.87 7.76 6.25 6.46 6.00 5.61 5.38 5.52 5.51 5.53 5.12 4.96 4.72 4.87 5.81 6.61 6.04 5.41 6.20 5.76 6.84 6.26 6.36 6.79 7.20 7.44 7.37 6.64 5.50 5.88 5.87 5.56 5.89
7.72 7.13 8.45 9.19 10.29 8.48 6.62 5.56 4.67 5.26 8.34 5.73 7.22 4.79 7.24 7.94 7.05 5.93 9.08 8.45 10.72 10.87 13.56 11.80 12.23 10.63 14.69 8.49 7.17 6.59 7.80 7.29 9.83 9.07 9.19 6.06 5.73 5.18 8.93 9.63 8.92 9.05 7.21 7.80 8.06 7.74 6.53 6.28 6.28 5.95 5.73 5.61 5.48 5.99 5.97 6.07 5.36 4.64 4.63 5.33 6.85 5.00 5.51 5.69 5.45 5.57 5.90 5.68 5.96 6.71 6.53 7.01 6.90 6.44 6.10 6.01 5.48 5.13 6.10
8.41 7.72 7.71 9.08 8.79 9.05 7.94 6.86 6.03 5.47 5.93 8.57 5.10 9.66 8.71 8.70 9.93 8.54 6.60 6.87 8.80 7.78 10.09 10.29 8.78 13.53 13.27 7.10 7.97 5.88 6.69 8.50 9.13 8.17 7.38 5.98 5.70 7.44 6.77 8.48 8.05 7.31 7.62 7.34 6.96 6.72 5.82 5.49 5.49 5.50 7.03 5.64 6.32 5.55 5.40 4.88 4.63 4.78 5.69 6.60 5.68 5.06 5.30 5.37 5.36 5.70 6.28 6.73 5.47 6.48 7.38 6.68 6.30 6.45 5.45 5.58 6.26 5.53 5.05
9.03 9.41 10.05 10.85 -9999 -9999 -9999 -9999 7.52 6.98 7.80 5.44 4.68 6.65 6.98 6.97 6.86 3.66 12.93 13.69 8.51 7.22 7.46 9.29 10.34 12.32 9.35 7.72 6.68 5.82 9.98 8.43 9.86 6.73 6.54 6.25 6.21 8.36 6.49 7.93 7.74 6.94 7.04 6.79 6.40 5.80 5.44 5.32 5.46 5.55 6.74 5.84 6.09 6.03 5.46 5.12 4.87 6.30 6.02 5.89 5.50 5.40 4.15 4.58 4.84 6.16 6.68 6.37 5.23 6.12 6.87 6.63 6.15 6.69 6.04 5.67 5.86 5.76 5.06
