ML/MeanWindSpeed_1995-02_Actual.txt
ncols         180
nrows         290
xllcorner     -200000
yllcorner     -200000
cellsize      5000
NODATA_value  -9999
[rows 136 to 169 of 290, columns 77 to 153 of 180]
-9999 -9999 17.98 15.64 12.01 15.55 13.70 16.56 14.06 12.18 9.41 8.16 11.00 19.84 15.70 14.57 11.27 10.69 10.83 9.83 11.62 13.97 11.45 12.60 11.11 12.04 11.98 12.42 12.65 12.63 12.17 12.06 12.55 10.74 9.37 11.30 12.21 13.34 14.52 14.54 9.76 11.04 15.28 13.90 11.95 12.55 12.12 12.45 11.40 12.63 13.90 -9999 -9999 -9999 -9999 -9999 -9999 -9999 -9999 -9999 -9999 -9999 -9999 -9999 -9999 -9999 -9999 -9999 -9999 -9999 -9999 -9999 -9999 -9999 -9999 -9999 -9999
-9999 -9999 18.23 16.00 10.84 14.65 11.80 13.76 13.15 12.60 11.40 8.00 13.67 13.92 13.35 17.05 12.39 11.11 10.68 7.92 12.08 19.35 13.76 -9999 -9999 -9999 12.82 12.98 -9999 12.93 13.13 13.04 11.45 9.96 11.93 14.49 12.25 12.61 14.69 13.82 16.17 15.43 11.63 9.94 10.67 11.80 13.17 9.84 10.68 11.54 13.92 -9999 -9999 -9999 -9999 -9999 -9999 -9999 -9999 -9999 -9999 -9999 -9999 -9999 -9999 -9999 -9999 -9999 -9999 -9999 -9999 -9999 -9999 -9999 -9999 -9999 -9999
-9999 -9999 15.95 19.19 13.28 12.26 13.06 14.38 14.12 13.40 11.90 10.02 10.58 18.64 14.41 15.84 11.68 11.68 14.35 9.54 11.49 13.36 14.29 -9999 -9999 -9999 13.27 12.74 13.48 14.01 13.24 12.31 9.81 11.23 16.11 17.29 13.59 18.34 13.97 14.03 18.40 14.11 14.95 15.04 14.89 11.67 13.64 15.53 12.71 11.58 13.78 -9999 -9999 -9999 -9999 -9999 -9999 -9999 -9999 -9999 -9999 -9999 -9999 -9999 -9999 -9999 -9999 -9999 -9999 -9999 -9999 -9999 -9999 -9999 -9999 -9999 -9999
-9999 -9999 -9999 17.68 17.71 14.13 -9999 15.40 15.66 14.29 13.38 12.05 -9999 13.76 12.02 13.35 10.58 13.43 14.63 12.72 13.14 -9999 -9999 -9999 -9999 14.42 12.74 12.55 13.35 14.65 14.52 12.52 10.44 9.65 15.93 23.17 12.89 20.21 15.09 18.03 19.64 15.81 18.37 15.76 13.13 15.82 16.34 13.92 10.22 11.84 15.25 14.56 -9999 -9999 -9999 -9999 -9999 -9999 -9999 -9999 -9999 -9999 -9999 -9999 -9999 -9999 -9999 -9999 -9999 -9999 -9999 -9999 -9999 -9999 -9999 -9999 -9999
-9999 -9999 -9999 -9999 18.15 -9999 -9999 -9999 15.09 15.86 14.29 14.29 14.86 -9999 -9999 14.67 12.19 16.49 18.15 -9999 -9999 -9999 -9999 -9999 15.15 14.45 11.68 12.67 13.56 15.08 14.21 14.80 13.52 8.34 11.10 17.34 21.68 16.70 19.91 21.29 21.52 17.49 18.62 19.38 17.54 14.37 14.64 14.88 10.32 12.02 15.52 16.60 -9999 -9999 -9999 -9999 -9999 -9999 -9999 -9999 -9999 -9999 -9999 -9999 -9999 -9999 -9999 -9999 -9999 -9999 -9999 -9999 -9999 -9999 -9999 -9999 -9999
-9999 -9999 -9999 -9999 17.74 17.77 -9999 -9999 -9999 15.19 16.73 16.31 16.42 -9999 -9999 -9999 -9999 15.61 -9999 -9999 -9999 -9999 -9999 -9999 13.34 12.74 11.84 13.87 17.40 17.82 15.37 14.92 12.60 9.21 7.95 13.76 18.82 14.26 22.95 21.64 23.39 18.38 18.99 21.65 17.59 15.06 14.15 11.74 9.99 11.99 14.97 15.96 -9999 -9999 -9999 -9999 -9999 -9999 -9999 -9999 -9999 -9999 -9999 -9999 -9999 -9999 -9999 -9999 -9999 -9999 -9999 -9999 -9999 -9999 -9999 -9999 -9999
-9999 -9999 -9999 -9999 -9999 19.71 -9999 -9999 -9999 -9999 16.06 17.86 17.19 -9999 -9999 -9999 -9999 -9999 -9999 -9999 -9999 -9999 -9999 13.92 13.02 13.90 14.57 15.32 18.87 18.69 16.75 15.91 13.70 11.55 7.18 8.83 20.54 23.25 22.90 21.65 16.96 15.36 16.62 14.65 11.88 15.96 16.32 11.39 10.64 12.48 14.12 14.88 15.12 -9999 -9999 -9999 -9999 -9999 -9999 -9999 -9999 -9999 -9999 -9999 -9999 -9999 -9999 -9999 -9999 -9999 -9999 -9999 -9999 -9999 -9999 -9999 -9999
-9999 -9999 -9999 -9999 -9999 21.49 -9999 -9999 -9999 -9999 -9999 -9999 -9999 -9999 -9999 -9999 -9999 -9999 -9999 -9999 -9999 -9999 -9999 14.50 12.96 12.07 11.38 9.88 22.11 19.45 17.59 19.37 14.27 14.94 6.33 5.22 15.41 24.24 19.85 16.87 23.30 26.04 23.57 19.94 17.98 11.62 13.01 12.86 14.30 12.77 12.42 13.94 14.64 14.80 -9999 -9999 -9999 -9999 -9999 -9999 -9999 -9999 -9999 -9999 -9999 -9999 -9999 -9999 -9999 -9999 -9999 -9999 -9999 -9999 -9999 -9999 -9999
-9999 -9999 -9999 -9999 -9999 -9999 -9999 -9999 -9999 -9999 -9999 -9999 -9999 -9999 -9999 -9999 -9999 -9999 -9999 -9999 -9999 -9999 13.41 12.94 11.80 11.20 17.26 9.37 30.00 29.88 16.89 16.99 14.97 12.44 11.84 5.46 6.66 22.16 22.25 19.53 17.43 15.99 20.20 19.51 17.86 14.65 13.00 12.85 12.27 11.68 12.38 11.66 11.74 13.32 -9999 -9999 -9999 -9999 -9999 -9999 -9999 -9999 -9999 -9999 -9999 -9999 -9999 -9999 -9999 -9999 -9999 -9999 -9999 -9999 -9999 -9999 -9999
-9999 -9999 -9999 -9999 -9999 -9999 -9999 -9999 -9999 -9999 -9999 -9999 -9999 -9999 -9999 -9999 -9999 -9999 -9999 -9999 -9999 -9999 11.15 12.99 9.82 15.77 29.63 16.53 10.38 20.57 22.01 17.27 16.33 13.93 12.34 8.99 6.93 8.84 23.60 20.82 20.16 16.62 16.48 16.92 14.06 13.68 13.77 14.90 12.00 13.01 11.24 10.93 10.44 11.36 13.12 14.80 15.15 -9999 -9999 -9999 -9999 -9999 -9999 -9999 -9999 -9999 -9999 -9999 -9999 -9999 -9999 -9999 -9999 -9999 -9999 -9999 -9999
-9999 -9999 -9999 -9999 -9999 -9999 -9999 -9999 -9999 -9999 -9999 -9999 -9999 -9999 -9999 -9999 -9999 -9999 -9999 -9999 -9999 -9999 10.47 10.38 10.96 19.31 14.26 14.20 16.08 21.92 16.02 14.07 20.21 11.25 14.46 11.52 9.99 7.82 13.00 18.57 19.51 18.68 17.82 14.48 14.63 13.45 12.33 11.57 11.71 11.33 11.39 10.01 9.56 9.95 15.67 13.91 15.74 16.97 16.30 -9999 -9999 -9999 -9999 -9999 -9999 -9999 -9999 -9999 -9999 -9999 -9999 -9999 -9999 -9999 -9999 -9999 -9999
-9999 -9999 -9999 -9999 -9999 -9999 -9999 -9999 -9999 -9999 -9999 -9999 -9999 -9999 -9999 -9999 -9999 -9999 -9999 -9999 -9999 -9999 10.14 9.06 11.56 22.09 25.60 19.98 13.88 13.56 13.92 19.08 11.35 17.54 14.33 13.20 14.18 11.94 8.29 10.58 18.83 19.10 17.94 16.42 14.89 13.94 13.31 12.45 11.26 11.45 10.88 9.84 10.64 10.83 12.73 17.68 16.60 16.66 18.29 17.84 14.87 -9999 -9999 -9999 -9999 -9999 -9999 -9999 -9999 -9999 -9999 -9999 -9999 -9999 -9999 -9999 -9999
-9999 -9999 -9999 -9999 -9999 -9999 -9999 -9999 -9999 -9999 -9999 -9999 -9999 -9999 -9999 -9999 -9999 -9999 -9999 -9999 -9999 -9999 11.27 8.89 12.87 16.53 10.42 32.51 26.73 11.79 14.44 10.68 17.59 19.20 13.23 11.59 13.48 13.50 9.54 22.48 20.31 20.10 21.77 22.53 20.86 14.83 16.25 13.19 12.01 11.64 11.30 11.20 11.20 10.01 11.10 15.30 13.25 12.53 13.64 16.00 13.70 18.03 -9999 -9999 -9999 -9999 -9999 -9999 -9999 -9999 -9999 -9999 -9999 -9999 -9999 -9999 -9999
-9999 -9999 -9999 -9999 -9999 -9999 -9999 -9999 -9999 -9999 18.09 19.02 19.02 -9999 -9999 -9999 -9999 -9999 -9999 -9999 -9999 -9999 -9999 12.57 10.51 9.24 13.78 17.42 22.95 11.06 5.69 13.89 12.45 11.48 10.02 13.42 13.98 12.11 14.02 18.03 18.32 25.02 23.32 19.72 18.61 19.49 16.35 13.58 12.39 11.58 11.41 10.36 10.07 17.17 14.71 19.59 19.98 17.65 15.49 11.37 17.06 17.71 15.33 -9999 -9999 -9999 -9999 -9999 -9999 -9999 -9999 -9999 -9999 -9999 -9999 -9999 -9999
-9999 -9999 -9999 -9999 -9999 -9999 -9999 -9999 -9999 -9999 16.77 16.90 -9999 -9999 -9999 -9999 -9999 -9999 -9999 -9999 -9999 -9999 -9999 -9999 11.07 7.81 14.46 14.66 28.28 14.21 13.92 11.68 7.22 5.83 7.36 7.50 21.76 11.71 14.15 22.49 17.69 13.24 12.42 20.31 14.05 19.06 15.52 13.16 11.88 11.31 10.06 10.63 15.15 16.99 14.75 13.18 11.72 13.43 15.13 14.62 15.95 15.83 19.04 -9999 -9999 -9999 -9999 -9999 -9999 -9999 -9999 -9999 -9999 -9999 -9999 -9999 -9999
-9999 -9999 -9999 -9999 -9999 -9999 -9999 -9999 -9999 14.34 19.76 18.66 16.64 -9999 -9999 -9999 -9999 -9999 -9999 -9999 -9999 -9999 -9999 -9999 11.94 15.64 16.40 16.83 13.33 15.68 12.28 10.54 7.76 6.80 10.30 7.86 6.76 22.41 14.98 13.65 20.49 17.33 22.72 17.88 18.84 16.11 14.90 13.60 12.92 11.11 9.55 11.21 13.77 12.62 13.74 14.36 12.88 13.31 12.88 13.65 14.50 12.38 17.49 15.63 -9999 -9999 -9999 -9999 -9999 -9999 -9999 -9999 -9999 -9999 -9999 -9999 -9999
-9999 -9999 -9999 -9999 -9999 -9999 -9999 -9999 12.17 18.77 21.68 27.08 16.18 -9999 -9999 -9999 -9999 -9999 -9999 -9999 -9999 -9999 -9999 -9999 14.31 21.82 16.58 9.85 12.64 11.30 12.66 9.01 7.07 8.75 10.37 5.87 17.40 13.40 18.87 14.21 23.21 14.15 17.10 14.34 18.13 15.32 15.40 14.98 12.36 11.57 9.48 8.91 14.14 15.25 14.81 12.30 11.95 10.87 10.64 11.28 14.37 14.91 14.58 16.36 -9999 -9999 -9999 -9999 -9999 -9999 -9999 -9999 -9999 -9999 -9999 -9999 -9999
-9999 -9999 -9999 -9999 -9999 -9999 -9999 14.99 13.69 24.79 19.12 17.93 -9999 -9999 -9999 -9999 -9999 -9999 -9999 -9999 -9999 -9999 -9999 -9999 -9999 14.25 10.65 10.48 14.20 9.86 13.38 9.80 8.51 8.09 8.37 5.56 16.69 17.11 19.27 19.05 21.60 21.36 21.64 20.32 19.23 19.18 18.09 13.92 12.61 11.54 9.64 8.62 9.62 17.76 16.12 11.57 10.37 10.18 9.26 9.38 9.95 10.80 10.75 12.70 15.30 16.42 -9999 -9999 -9999 -9999 -9999 -9999 -9999 -9999 -9999 -9999 -9999
-9999 -9999 -9999 -9999 -9999 -9999 -9999 19.24 21.74 14.71 14.61 15.43 -9999 -9999 -9999 -9999 -9999 -9999 -9999 -9999 -9999 -9999 -9999 -9999 -9999 -9999 11.95 13.60 12.17 10.52 12.37 10.88 10.81 9.99 10.59 6.40 17.03 15.39 13.51 18.75 18.02 16.37 23.89 24.42 18.58 21.09 18.58 17.06 12.93 11.36 10.32 9.31 9.21 10.96 12.08 11.01 11.01 10.68 10.37 9.85 9.87 9.97 10.52 15.78 16.20 15.62 -9999 -9999 -9999 -9999 -9999 -9999 -9999 -9999 -9999 -9999 -9999
-9999 -9999 -9999 -9999 -9999 -9999 -9999 20.36 17.71 18.32 16.20 -9999 -9999 -9999 -9999 -9999 -9999 -9999 -9999 -9999 -9999 -9999 -9999 -9999 -9999 -9999 14.10 14.28 13.24 -9999 12.72 -9999 11.83 10.74 10.22 8.06 7.95 16.56 14.32 15.76 22.43 10.31 12.48 22.78 19.90 19.16 18.43 15.90 13.19 12.15 11.82 10.70 10.00 10.03 11.66 13.70 11.92 12.76 11.04 10.12 11.85 13.77 13.15 12.02 12.04 15.13 18.09 18.86 -9999 -9999 -9999 -9999 -9999 -9999 -9999 -9999 -9999
-9999 -9999 -9999 -9999 -9999 -9999 19.76 17.63 16.88 -9999 -9999 -9999 -9999 -9999 -9999 -9999 -9999 -9999 -9999 -9999 -9999 -9999 -9999 -9999 -9999 -9999 15.89 14.23 12.88 -9999 -9999 -9999 11.57 13.37 9.20 11.13 12.73 9.34 8.49 11.64 19.17 18.70 10.30 18.34 21.67 17.41 19.19 17.09 14.87 11.52 11.59 11.01 10.62 10.43 10.75 11.52 11.56 11.99 10.04 11.82 13.81 14.80 15.08 14.59 13.14 13.13 15.05 17.04 -9999 -9999 -9999 -9999 -9999 -9999 -9999 -9999 -9999
-9999 -9999 -9999 -9999 -9999 -9999 -9999 -9999 -9999 -9999 -9999 -9999 -9999 -9999 -9999 -9999 -9999 -9999 -9999 -9999 -9999 -9999 -9999 -9999 -9999 -9999 -9999 -9999 -9999 -9999 -9999 12.50 9.39 9.80 13.92 16.03 16.58 15.53 12.07 12.50 17.36 17.04 13.68 10.44 16.86 19.82 17.01 15.66 14.17 12.57 11.89 12.02 11.07 10.66 10.66 10.63 10.33 9.21 11.17 16.59 14.11 14.94 13.32 13.30 11.93 13.07 14.65 -9999 -9999 -9999 -9999 -9999 -9999 -9999 -9999 -9999 -9999
-9999 -9999 -9999 -9999 -9999 -9999 -9999 -9999 -9999 -9999 -9999 -9999 -9999 -9999 -9999 -9999 -9999 -9999 -9999 -9999 -9999 -9999 -9999 -9999 -9999 -9999 -9999 -9999 -9999 -9999 -9999 11.49 8.88 11.79 17.59 22.10 19.28 13.92 15.55 10.88 11.48 10.84 13.93 14.71 16.60 17.60 16.77 14.81 13.99 13.31 12.01 12.17 11.13 11.00 11.02 11.03 10.52 9.16 10.34 17.49 16.46 13.45 12.54 12.02 11.78 13.08 15.16 -9999 -9999 -9999 -9999 -9999 -9999 -9999 -9999 -9999 -9999
-9999 -9999 -9999 -9999 -9999 -9999 -9999 -9999 -9999 -9999 -9999 -9999 -9999 -9999 -9999 -9999 -9999 -9999 -9999 -9999 -9999 -9999 -9999 -9999 -9999 -9999 -9999 -9999 -9999 -9999 -9999 10.56 7.96 8.87 14.40 16.70 15.62 13.89 14.04 12.97 13.37 11.66 11.89 12.70 10.09 17.30 14.80 16.66 14.61 14.16 12.07 11.50 11.54 11.35 11.38 11.22 10.94 10.13 9.69 13.31 15.27 14.11 12.77 12.39 11.98 13.03 14.76 -9999 -9999 -9999 -9999 -9999 -9999 -9999 -9999 -9999 -9999
-9999 -9999 -9999 -9999 -9999 -9999 -9999 -9999 -9999 -9999 -9999 -9999 -9999 -9999 -9999 -9999 -9999 -9999 -9999 -9999 -9999 -9999 -9999 -9999 -9999 -9999 -9999 -9999 -9999 14.96 12.71 9.73 7.64 12.22 15.42 20.25 14.67 17.34 10.11 12.41 12.34 15.17 16.26 15.08 17.80 11.45 12.12 12.36 12.33 11.83 13.37 11.81 11.59 11.95 11.42 11.32 11.36 10.75 10.32 10.69 14.22 14.15 13.11 12.43 12.17 12.53 13.78 15.43 -9999 -9999 -9999 -9999 -9999 -9999 -9999 -9999 -9999
-9999 -9999 -9999 -9999 -9999 -9999 -9999 -9999 -9999 -9999 -9999 -9999 -9999 -9999 -9999 -9999 -9999 -9999 -9999 -9999 -9999 -9999 -9999 -9999 -9999 -9999 -9999 -9999 -9999 13.96 11.64 9.93 8.78 9.37 14.28 10.81 10.94 8.23 11.42 17.03 13.52 17.19 16.10 17.84 11.87 17.70 13.69 15.50 14.57 14.73 13.04 12.54 11.87 11.41 11.35 11.44 11.36 11.23 10.69 10.33 11.64 14.50 13.86 12.54 12.33 12.01 12.66 14.65 -9999 -9999 -9999 -9999 -9999 -9999 -9999 -9999 -9999
-9999 -9999 -9999 -9999 -9999 -9999 -9999 -9999 -9999 -9999 -9999 -9999 -9999 -9999 -9999 -9999 -9999 -9999 -9999 -9999 -9999 -9999 -9999 -9999 -9999 -9999 -9999 -9999 -9999 13.97 11.41 10.43 9.63 9.82 10.59 11.68 10.53 9.28 12.39 13.16 12.29 15.49 19.39 15.29 14.19 11.52 14.45 11.47 12.56 13.57 14.11 12.82 12.33 11.39 11.32 11.48 11.46 11.36 11.10 10.58 11.08 13.60 15.19 13.16 12.15 11.78 11.82 13.16 15.07 -9999 -9999 -9999 -9999 -9999 -9999 -9999 -9999
-9999 -9999 -9999 -9999 -9999 -9999 -9999 -9999 -9999 -9999 -9999 -9999 -9999 -9999 -9999 -9999 -9999 -9999 -9999 -9999 -9999 -9999 -9999 -9999 -9999 -9999 -9999 -9999 -9999 13.48 11.59 10.93 10.83 10.36 10.20 10.44 12.11 14.25 10.07 9.90 12.21 19.36 19.17 20.79 17.79 14.02 13.53 14.38 12.02 10.93 12.84 13.81 12.26 11.46 11.46 11.25 11.39 11.48 11.54 11.08 11.10 13.90 16.06 14.16 13.03 12.49 11.65 11.93 13.81 15.55 -9999 -9999 -9999 -9999 -9999 -9999 -9999
-9999 -9999 -9999 -9999 -9999 -9999 -9999 -9999 -9999 -9999 -9999 -9999 -9999 -9999 -9999 -9999 -9999 -9999 -9999 -9999 -9999 -9999 -9999 -9999 -9999 -9999 -9999 -9999 -9999 13.49 11.27 10.68 10.32 9.79 9.19 11.09 11.03 12.55 12.92 16.14 18.66 19.60 15.68 18.75 15.93 15.15 12.55 14.80 13.68 12.15 11.26 11.28 11.78 11.42 11.40 11.41 11.54 11.61 11.88 11.93 12.10 12.66 14.48 14.32 13.40 12.99 12.59 12.10 12.34 14.38 -9999 -9999 -9999 -9999 -9999 -9999 -9999
-9999 -9999 -9999 -9999 -9999 -9999 -9999 -9999 -9999 -9999 -9999 -9999 -9999 -9999 -9999 -9999 -9999 -9999 -9999 -9999 -9999 -9999 -9999 -9999 -9999 -9999 -9999 -9999 -9999 -9999 11.37 10.81 10.13 9.07 9.85 13.41 13.73 14.58 12.39 12.03 15.41 15.05 18.44 17.39 13.75 10.79 11.77 11.75 13.71 12.07 11.60 12.63 12.25 11.27 11.49 11.31 11.51 11.49 11.71 12.10 12.56 12.81 12.53 13.24 13.56 13.57 -9999 12.96 13.35 14.56 16.72 -9999 -9999 -9999 -9999 -9999 -9999
-9999 -9999 -9999 -9999 -9999 -9999 -9999 -9999 -9999 -9999 -9999 -9999 -9999 -9999 -9999 -9999 -9999 -9999 -9999 -9999 -9999 -9999 -9999 -9999 -9999 -9999 -9999 -9999 -9999 13.21 11.32 10.79 9.67 8.55 8.55 15.25 16.40 12.92 17.10 16.20 13.02 13.07 20.62 18.37 19.19 14.21 11.15 14.12 11.42 10.34 11.56 11.88 11.46 11.72 11.09 11.12 11.25 11.49 11.36 11.52 14.02 12.88 11.90 14.10 13.24 13.35 13.25 -9999 14.33 15.29 16.98 18.27 -9999 -9999 -9999 -9999 -9999
-9999 -9999 -9999 -9999 -9999 -9999 -9999 -9999 -9999 -9999 -9999 -9999 -9999 -9999 -9999 -9999 -9999 -9999 -9999 -9999 -9999 -9999 -9999 -9999 -9999 -9999 -9999 -9999 -9999 12.77 10.88 10.40 9.59 11.76 9.81 11.50 16.36 11.33 11.92 12.39 9.04 9.42 16.46 16.98 17.59 12.42 15.25 16.09 11.89 13.22 11.72 12.52 12.29 11.77 10.98 10.95 11.04 11.11 10.97 10.89 11.38 12.31 10.88 11.33 12.73 12.27 13.30 13.65 -9999 -9999 -9999 -9999 -9999 -9999 -9999 -9999 -9999
-9999 -9999 -9999 -9999 -9999 -9999 -9999 -9999 -9999 -9999 -9999 -9999 -9999 -9999 -9999 -9999 -9999 -9999 -9999 -9999 -9999 -9999 -9999 -9999 -9999 -9999 -9999 -9999 14.66 11.66 10.39 11.58 11.01 11.12 10.22 11.46 11.62 10.92 10.61 9.66 9.16 9.81 14.27 19.24 20.66 14.58 18.43 16.89 12.35 12.38 10.54 11.47 12.25 11.66 10.90 11.18 11.09 10.98 11.11 10.78 11.13 11.53 11.21 10.71 13.23 12.91 12.90 12.96 14.28 15.58 -9999 -9999 -9999 -9999 -9999 -9999 -9999
-9999 -9999 -9999 -9999 -9999 -9999 -9999 -9999 -9999 -9999 -9999 -9999 -9999 -9999 -9999 -9999 -9999 -9999 -9999 -9999 -9999 -9999 -9999 -9999 -9999 -9999 -9999 -9999 -9999 11.84 10.35 10.39 11.14 14.02 10.50 9.91 9.82 10.72 11.28 10.28 9.58 9.00 9.22 15.95 19.56 21.81 17.23 17.52 15.11 12.83 12.91 9.71 10.63 12.58 11.14 11.03 10.85 10.84 11.13 10.86 11.05 11.75 11.22 10.22 10.53 14.75 13.33 12.78 13.02 13.73 15.09 16.75 -9999 -9999 -9999 -9999 -9999
