ML/MeanWindSpeed_1992-02_Actual.txt
ncols         180
nrows         290
xllcorner     -200000
yllcorner     -200000
cellsize      5000
NODATA_value  -9999
[rows 204 to 237 of 290, columns 78 to 155 of 180]
9.62 9.85 11.04 11.51 10.96 9.68 11.39 10.31 12.03 9.12 10.23 12.44 11.62 10.15 10.99 7.80 7.36 11.18 12.23 11.07 9.84 11.80 9.04 7.60 6.85 11.43 14.54 15.06 9.11 9.74 9.97 10.25 9.34 8.05 9.47 8.90 8.39 7.74 7.94 6.73 6.49 7.55 7.71 10.36 10.37 9.82 8.73 9.29 10.38 9.53 8.86 8.26 8.33 8.15 7.84 7.51 7.52 7.99 8.30 7.95 7.82 7.84 7.63 8.57 9.04 7.64 7.92 8.68 8.99 8.71 9.28 9.27 9.32 9.21 7.99 7.93 7.81 7.91
10.71 9.66 10.17 9.89 10.51 9.99 10.04 10.97 9.64 10.38 9.24 9.01 8.90 8.26 7.52 9.40 8.34 11.92 17.60 9.82 9.93 10.76 15.06 14.55 7.28 6.94 16.11 12.36 10.26 10.82 11.91 9.93 8.02 7.45 9.73 9.94 8.36 7.58 7.26 6.66 6.68 7.91 10.39 10.84 9.82 9.66 9.34 8.93 8.50 9.05 8.27 8.06 7.79 7.44 7.21 7.24 8.09 7.89 7.71 7.78 7.04 7.24 8.08 7.96 8.55 7.95 7.90 7.98 8.29 8.90 9.22 9.33 9.39 9.38 7.89 7.38 7.79 7.77
10.11 9.43 10.17 9.23 9.71 9.82 9.88 8.84 8.69 9.50 8.82 10.15 9.01 10.45 7.40 10.42 12.23 12.18 13.16 13.85 11.38 13.43 15.49 10.98 12.80 11.17 7.07 11.98 11.59 8.52 9.00 7.59 9.11 8.95 11.80 10.75 8.24 7.40 6.63 6.52 7.72 10.36 9.20 10.94 9.75 9.70 10.34 8.86 9.15 7.64 7.83 7.50 7.26 7.17 7.36 7.43 7.54 7.27 7.20 6.98 7.13 8.05 8.79 8.24 7.55 8.08 7.60 8.53 7.98 8.06 8.46 8.83 9.06 9.02 8.34 7.30 7.66 7.68
10.79 9.63 9.08 10.38 11.41 13.00 11.81 10.29 9.32 8.45 8.81 11.50 8.93 9.73 7.24 9.29 9.73 8.88 7.90 10.54 9.85 11.70 11.66 13.95 12.34 13.05 12.07 15.75 9.93 8.65 8.09 9.19 8.70 11.06 10.58 10.66 7.59 7.02 6.29 9.63 10.41 10.03 10.40 8.94 9.60 9.93 9.47 7.49 7.10 7.23 7.12 7.10 7.15 7.16 7.73 7.85 8.07 7.49 6.87 6.90 7.59 9.15 7.61 7.96 7.89 7.43 7.38 7.60 7.36 7.59 8.30 8.17 8.61 8.56 8.15 7.85 7.80 7.38
11.38 10.19 9.56 9.74 11.41 11.80 12.52 11.62 10.59 9.64 8.98 9.38 11.45 7.90 11.73 10.72 10.51 11.53 10.23 8.44 8.63 10.11 9.00 10.85 10.72 9.49 14.25 14.08 8.42 9.04 7.19 8.04 9.72 10.41 9.74 8.95 7.37 6.86 8.26 7.68 9.38 9.18 8.65 9.02 8.83 8.36 7.59 6.42 6.12 6.26 6.50 8.13 7.18 7.96 7.41 7.39 6.99 6.76 6.89 7.80 8.87 8.39 7.94 7.97 7.63 7.23 7.34 7.77 8.10 6.97 7.97 8.82 8.25 7.99 8.17 7.29 7.48 8.23
11.25 10.71 11.12 12.01 13.23 -9999 -9999 -9999 -9999 11.15 10.59 11.26 8.84 7.78 9.14 9.08 8.62 8.14 5.12 13.56 14.34 9.52 8.18 8.39 9.89 10.90 13.02 10.28 8.57 7.50 6.79 10.72 9.60 11.05 8.27 7.86 7.30 7.15 9.03 7.42 8.83 8.72 8.06 8.22 7.99 7.48 6.60 6.06 5.92 6.12 6.48 7.89 7.41 7.80 7.82 7.37 7.09 6.90 8.24 8.06 8.29 8.39 8.37 6.99 6.75 6.48 7.48 7.91 7.54 6.57 7.49 8.24 8.09 7.75 8.31 7.79 7.59 8.01
13.46 13.60 12.23 14.00 13.86 -9999 -9999 -9999 -9999 -9999 -9999 -9999 8.30 8.36 9.28 8.10 7.91 7.98 9.82 11.84 14.18 13.58 11.53 9.82 9.26 8.38 11.20 11.15 7.61 6.58 10.20 10.36 11.47 8.54 7.86 7.59 7.13 8.20 8.73 8.26 8.32 8.03 7.76 7.62 7.39 6.98 6.71 6.46 7.03 6.68 6.96 7.26 7.43 7.51 7.17 7.73 8.58 8.13 7.28 8.43 8.33 8.04 7.81 6.81 6.14 6.65 7.22 6.98 6.42 6.37 7.49 6.64 7.06 8.04 7.56 7.69 7.74 7.19
-9999 13.88 -9999 -9999 -9999 -9999 -9999 -9999 -9999 -9999 12.62 11.01 10.51 11.79 11.18 9.75 8.49 8.54 8.53 10.76 12.13 11.77 8.17 7.84 11.06 10.00 9.92 8.04 7.01 6.95 9.58 9.80 9.61 8.29 8.00 7.71 6.43 9.29 9.36 8.03 7.92 7.52 7.45 7.38 7.19 7.57 7.08 7.19 6.68 6.76 7.02 7.42 7.46 7.57 6.97 8.30 9.51 7.97 8.20 6.53 7.62 7.27 6.63 6.81 6.30 6.41 7.09 6.59 6.04 6.21 6.30 6.91 7.55 7.09 7.72 7.64 7.04 6.99
-9999 -9999 -9999 -9999 -9999 -9999 -9999 -9999 -9999 -9999 13.98 13.29 11.48 12.77 13.26 -9999 -9999 9.11 11.33 7.10 8.70 8.40 8.43 9.12 10.53 8.17 7.73 8.25 8.25 9.06 9.54 9.56 8.92 8.42 8.76 7.14 7.46 9.31 8.09 7.53 7.08 7.14 7.67 7.61 7.27 7.28 6.77 6.84 7.32 7.84 7.74 8.46 7.49 6.98 7.73 9.87 8.06 7.90 7.27 5.81 6.96 6.37 5.90 5.90 5.83 5.61 5.77 7.23 6.36 6.37 6.43 6.54 6.74 6.60 6.44 7.85 7.40 8.12
-9999 -9999 -9999 -9999 -9999 -9999 -9999 -9999 -9999 -9999 -9999 -9999 -9999 -9999 -9999 -9999 -9999 10.82 9.56 9.04 8.09 7.17 6.99 7.37 8.37 8.30 8.73 9.50 10.27 10.89 10.66 -9999 9.04 8.35 7.57 6.94 7.55 8.99 8.00 7.83 7.10 6.44 6.48 7.40 6.84 6.98 8.00 8.12 7.88 8.67 9.54 8.50 8.23 7.91 8.06 9.05 7.73 7.52 7.18 6.27 5.80 5.36 5.56 6.02 5.59 5.23 5.63 6.03 6.20 6.32 6.41 6.49 6.59 6.82 7.10 7.58 7.68 8.26
-9999 -9999 -9999 -9999 -9999 -9999 -9999 -9999 -9999 -9999 -9999 -9999 -9999 -9999 -9999 -9999 -9999 -9999 10.78 9.33 8.18 8.08 8.35 7.10 7.26 8.34 9.96 -9999 -9999 -9999 -9999 10.02 8.83 8.06 7.06 6.75 7.46 8.86 8.00 7.99 7.12 6.15 6.89 6.75 8.06 7.73 9.39 8.18 8.33 8.05 8.44 8.39 7.89 8.60 7.08 7.50 7.70 6.42 6.43 5.86 5.30 4.78 4.26 4.19 4.60 4.61 5.00 5.39 5.81 5.96 7.26 7.60 6.68 6.82 7.14 7.37 7.75 8.87
-9999 -9999 -9999 -9999 -9999 -9999 -9999 -9999 -9999 -9999 -9999 -9999 -9999 -9999 -9999 -9999 -9999 -9999 -9999 10.65 11.32 10.12 8.67 8.13 8.60 10.30 -9999 -9999 -9999 -9999 10.43 10.06 9.65 6.82 6.33 6.40 8.46 9.04 8.49 7.66 6.46 6.33 6.25 7.70 9.08 8.34 8.48 7.98 8.21 8.06 7.18 7.64 7.73 7.42 7.30 7.15 6.87 6.24 6.14 6.41 6.22 5.75 4.34 4.22 4.37 4.53 5.50 5.87 6.40 6.16 6.93 6.90 6.82 7.75 7.09 7.69 7.96 8.90
-9999 -9999 -9999 -9999 -9999 -9999 -9999 -9999 -9999 -9999 -9999 -9999 -9999 -9999 -9999 -9999 -9999 -9999 -9999 -9999 11.80 11.78 10.46 9.30 9.50 12.16 -9999 -9999 -9999 9.89 7.91 7.48 9.00 8.47 7.61 6.51 7.72 7.06 8.37 7.49 5.94 6.92 7.89 8.03 7.80 8.65 8.02 7.71 7.57 7.09 6.98 6.91 7.10 7.55 7.17 6.57 6.41 6.34 6.30 6.86 6.33 5.91 5.18 4.53 4.70 4.88 5.48 5.84 6.33 6.41 6.60 6.36 7.05 7.48 7.83 7.52 6.69 8.43
-9999 -9999 -9999 -9999 -9999 -9999 -9999 -9999 -9999 -9999 -9999 -9999 -9999 -9999 -9999 -9999 -9999 -9999 -9999 -9999 -9999 -9999 -9999 -9999 -9999 -9999 -9999 -9999 12.09 8.52 6.77 6.76 8.67 7.21 7.70 8.18 8.00 7.93 7.96 6.54 6.19 6.43 7.34 7.32 7.58 7.73 7.90 7.65 7.55 8.90 7.53 7.64 7.13 7.57 7.46 6.63 6.52 6.11 6.53 7.18 6.47 5.64 5.21 5.11 5.02 5.68 5.76 6.38 6.19 7.11 7.50 6.96 5.97 8.32 8.95 7.44 6.32 8.86
-9999 -9999 -9999 -9999 -9999 -9999 -9999 -9999 -9999 -9999 -9999 -9999 -9999 -9999 -9999 -9999 -9999 -9999 -9999 -9999 -9999 -9999 -9999 -9999 -9999 -9999 -9999 -9999 9.68 8.15 6.70 11.23 9.84 7.07 7.73 8.29 8.50 8.63 7.10 6.73 6.53 6.37 7.36 7.11 6.92 8.40 8.17 9.07 7.80 8.05 9.14 7.77 7.45 7.41 6.91 6.68 6.42 6.27 6.62 6.62 6.67 5.96 5.33 5.21 5.02 5.44 7.16 6.73 7.42 7.79 8.58 7.17 6.10 7.26 7.57 6.32 5.70 6.30
-9999 -9999 -9999 -9999 -9999 -9999 -9999 -9999 -9999 -9999 -9999 -9999 -9999 -9999 -9999 -9999 -9999 -9999 -9999 -9999 -9999 -9999 -9999 -9999 -9999 -9999 -9999 -9999 9.23 6.62 5.16 7.12 10.37 9.59 9.04 8.23 9.20 7.52 7.07 6.60 8.00 8.00 8.57 8.09 7.41 7.59 7.45 7.71 8.01 8.00 7.26 7.24 7.35 7.41 6.93 6.68 6.56 6.48 6.86 6.66 6.35 5.56 5.36 6.05 6.76 6.18 7.00 6.76 6.78 6.88 7.57 9.04 8.72 6.86 6.70 6.97 7.01 6.70
-9999 -9999 -9999 -9999 -9999 -9999 -9999 -9999 -9999 -9999 -9999 13.17 13.21 11.02 15.07 14.47 14.59 15.04 16.94 10.43 15.39 11.30 -9999 -9999 -9999 -9999 -9999 -9999 8.60 7.15 6.36 5.23 6.10 8.17 9.75 9.38 8.22 7.40 7.25 7.88 8.92 8.17 7.47 7.42 6.97 7.28 7.55 7.09 6.68 6.53 6.91 6.41 7.06 7.58 8.33 7.44 6.89 7.24 7.16 6.66 7.01 5.68 5.14 6.40 7.33 6.23 5.77 6.10 6.23 6.15 6.04 6.31 6.30 5.99 5.90 5.79 5.77 5.67
-9999 -9999 -9999 -9999 -9999 -9999 -9999 -9999 -9999 -9999 -9999 14.30 13.12 12.44 10.14 12.10 13.86 13.56 14.49 14.93 12.40 11.05 9.46 10.10 12.29 10.58 9.70 8.41 7.73 7.00 6.52 5.93 5.21 5.65 8.22 8.49 7.67 6.97 9.51 8.15 7.18 7.59 7.92 7.07 6.80 7.23 7.22 7.38 7.01 6.96 6.01 6.19 6.70 6.89 7.09 7.90 8.17 6.73 6.45 6.16 5.78 6.22 5.22 8.56 7.08 6.71 6.20 5.81 5.97 5.92 6.80 6.83 5.69 7.14 6.74 7.21 6.03 6.14
-9999 -9999 -9999 -9999 -9999 -9999 -9999 -9999 -9999 -9999 13.34 11.67 10.44 9.30 7.96 10.03 12.80 12.71 12.10 12.23 12.28 11.18 9.42 8.50 9.38 10.53 8.14 7.50 6.85 6.86 7.57 6.25 5.99 7.05 7.12 6.97 7.18 9.26 7.68 8.92 8.27 7.52 6.69 7.05 6.61 7.20 7.47 7.08 7.43 6.52 6.81 6.58 6.48 6.46 7.81 8.64 6.80 5.94 6.17 8.19 6.65 5.94 5.96 5.82 6.09 6.32 5.98 5.85 6.38 7.33 6.66 5.80 5.78 7.35 6.86 6.68 7.01 6.83
-9999 -9999 -9999 -9999 -9999 -9999 -9999 -9999 -9999 -9999 -9999 10.93 9.13 8.01 9.09 8.64 9.49 12.43 11.46 9.78 8.75 11.00 12.51 9.94 7.56 7.87 9.72 7.96 6.35 6.31 6.23 6.83 6.83 6.03 6.18 6.61 7.23 8.15 7.07 8.62 7.70 7.58 7.38 7.46 6.74 7.42 7.71 7.47 6.18 6.29 6.91 6.15 5.71 5.55 6.61 7.90 7.62 5.90 6.25 7.39 7.11 6.29 5.43 5.25 4.99 5.29 6.81 6.57 6.34 6.86 7.80 7.13 6.77 7.43 7.44 6.60 7.36 6.43
-9999 -9999 -9999 -9999 -9999 -9999 -9999 14.57 -9999 -9999 12.27 10.62 10.68 7.59 8.85 7.46 7.51 8.29 9.13 10.00 8.46 10.08 11.07 8.52 7.06 5.98 6.34 6.33 5.86 5.96 6.27 7.06 6.14 5.89 6.51 8.12 6.90 7.51 6.57 7.54 7.23 7.98 8.64 7.85 6.78 6.44 6.60 6.31 5.98 7.34 6.48 5.80 7.44 6.00 6.15 8.00 8.96 5.89 6.21 6.59 6.39 5.87 5.43 5.30 5.59 6.07 6.51 5.81 5.45 5.45 6.02 6.25 6.41 7.12 6.58 6.56 6.50 6.01
-9999 -9999 -9999 -9999 -9999 -9999 12.98 14.09 13.88 13.35 10.61 9.45 10.55 8.11 6.88 7.35 6.92 8.61 9.53 10.36 8.74 8.12 8.16 6.86 5.81 5.35 5.73 6.41 6.60 5.91 5.93 6.12 5.76 5.79 7.45 7.63 6.72 7.14 7.38 8.60 7.93 7.96 9.08 7.82 7.45 6.40 7.01 6.63 6.83 6.29 6.02 5.50 6.56 6.53 5.86 6.92 6.58 6.00 5.87 5.64 6.36 6.26 5.95 5.61 5.33 5.21 5.14 5.58 5.89 5.69 5.01 5.52 6.01 6.86 7.29 6.94 5.92 6.76
-9999 -9999 -9999 -9999 -9999 -9999 11.97 11.90 11.00 11.36 10.14 8.98 7.67 9.18 8.92 7.91 9.05 9.13 9.11 10.36 9.05 8.42 7.57 5.25 6.26 8.07 7.63 6.76 6.11 5.60 6.15 6.66 6.94 6.45 7.67 7.19 7.68 6.78 6.12 7.55 8.73 7.76 7.81 7.54 6.93 7.01 7.60 6.79 6.19 6.81 6.95 5.72 6.02 6.03 5.93 6.71 7.08 7.18 8.49 6.16 6.30 5.58 5.30 5.54 5.68 5.20 5.00 5.42 6.16 5.87 5.43 5.23 6.00 6.12 6.29 6.48 6.75 5.82
-9999 -9999 -9999 -9999 -9999 -9999 12.09 10.74 10.17 10.49 9.86 9.46 7.99 8.35 8.37 7.19 8.35 8.57 9.24 9.58 8.99 6.25 4.55 4.01 6.29 6.57 7.23 7.89 6.15 6.13 6.43 6.11 7.10 6.56 7.50 7.15 7.20 6.99 6.36 7.84 7.40 7.51 7.44 7.20 6.97 7.13 7.73 7.60 6.48 6.24 6.47 7.19 6.00 6.15 5.92 6.24 6.31 6.46 7.14 6.71 7.49 8.10 4.90 8.08 6.69 5.00 5.24 8.30 8.39 8.04 5.38 5.39 5.65 5.53 5.96 5.77 6.98 8.02
-9999 -9999 -9999 -9999 -9999 -9999 10.60 9.94 9.71 9.52 9.02 8.79 8.10 7.57 8.50 7.91 7.97 8.59 7.86 7.92 7.65 7.14 4.15 4.65 6.77 6.12 7.27 7.45 6.28 6.69 7.13 6.27 6.74 7.04 7.08 6.96 7.02 7.67 8.49 6.77 7.52 7.43 7.42 7.17 7.04 7.28 7.66 6.91 6.90 6.62 6.97 7.36 7.84 7.13 7.85 7.37 6.84 6.58 6.25 5.86 5.89 6.16 5.62 7.36 7.24 7.85 7.46 8.01 8.57 9.02 5.89 5.97 5.84 5.97 6.33 7.27 8.50 8.90
-9999 -9999 -9999 -9999 -9999 -9999 9.65 9.17 9.09 9.46 9.86 9.02 8.54 8.10 8.50 9.49 8.89 8.38 7.60 7.94 7.52 7.03 6.25 4.75 4.92 4.76 6.83 5.96 4.61 7.35 7.25 6.36 8.95 7.95 8.53 9.04 8.44 8.15 8.66 7.55 6.88 7.36 7.31 6.79 6.90 7.04 7.45 6.73 7.00 7.80 8.43 8.26 8.25 8.41 8.39 8.53 8.38 7.89 7.10 6.75 7.11 7.58 7.85 8.26 8.49 8.73 -9999 -9999 8.34 8.63 8.17 7.61 6.87 9.52 7.87 -9999 -9999 -9999
-9999 -9999 -9999 -9999 -9999 12.27 9.95 9.39 8.41 9.21 9.42 10.31 9.20 10.08 9.62 9.81 9.02 8.41 7.93 7.86 7.42 6.99 6.85 6.21 5.98 6.36 6.16 4.90 7.62 8.55 6.37 5.90 7.02 7.28 8.55 8.57 7.60 7.41 7.23 7.07 7.86 7.70 7.82 7.43 7.35 7.77 8.46 8.27 7.97 7.99 8.28 8.59 -9999 -9999 9.43 10.18 10.22 9.65 9.12 8.67 8.84 -9999 -9999 -9999 -9999 -9999 -9999 -9999 -9999 -9999 -9999 8.62 9.12 10.73 9.55 -9999 -9999 -9999
-9999 -9999 -9999 -9999 13.25 11.59 9.69 9.85 8.50 8.32 8.18 8.16 8.11 11.64 12.32 10.81 9.93 9.61 9.77 8.60 7.66 7.06 7.39 7.12 9.10 9.48 8.81 8.55 10.20 7.96 7.99 7.81 8.53 9.33 7.88 6.90 7.47 6.83 7.05 6.96 7.28 7.38 8.81 9.79 9.78 9.52 9.49 9.69 8.86 -9999 7.64 8.41 8.32 8.79 9.53 -9999 -9999 -9999 -9999 10.31 -9999 -9999 -9999 -9999 -9999 -9999 -9999 -9999 -9999 -9999 -9999 -9999 -9999 -9999 -9999 -9999 -9999 -9999
-9999 -9999 -9999 13.41 12.71 12.30 10.92 9.14 8.44 7.96 6.68 6.22 8.00 13.43 14.80 10.26 9.54 11.78 8.84 10.38 7.95 7.34 10.08 8.93 8.61 8.77 9.07 -9999 -9999 -9999 -9999 -9999 9.02 10.22 9.66 8.07 7.86 7.52 7.00 7.10 7.18 7.93 9.24 -9999 -9999 -9999 -9999 -9999 10.02 9.88 8.72 7.68 7.67 9.67 9.72 -9999 -9999 -9999 -9999 -9999 -9999 -9999 -9999 -9999 -9999 -9999 -9999 -9999 -9999 -9999 -9999 -9999 -9999 -9999 -9999 -9999 -9999 -9999
-9999 -9999 9.04 9.87 11.59 11.93 10.73 10.12 9.03 7.05 7.25 6.97 9.46 12.44 13.97 12.63 11.53 9.66 10.40 8.97 9.19 8.68 10.69 10.56 -9999 -9999 -9999 -9999 -9999 -9999 -9999 -9999 -9999 9.61 9.81 8.60 9.64 10.45 10.63 8.54 10.45 10.55 11.35 -9999 -9999 -9999 -9999 -9999 -9999 -9999 8.54 8.78 7.68 8.62 -9999 -9999 -9999 -9999 -9999 -9999 -9999 -9999 -9999 -9999 -9999 -9999 -9999 -9999 -9999 -9999 -9999 -9999 -9999 -9999 -9999 -9999 -9999 -9999
11.63 11.10 8.67 8.80 10.22 11.87 12.15 10.46 8.28 7.90 8.11 7.70 9.03 12.09 11.02 11.40 11.02 11.65 6.56 9.16 12.33 10.18 -9999 -9999 -9999 -9999 -9999 -9999 -9999 -9999 -9999 -9999 -9999 -9999 -9999 10.65 -9999 -9999 -9999 -9999 9.65 12.03 12.61 -9999 -9999 -9999 -9999 -9999 -9999 -9999 -9999 9.06 10.95 9.69 -9999 -9999 -9999 -9999 -9999 -9999 -9999 -9999 -9999 -9999 -9999 -9999 -9999 -9999 -9999 -9999 -9999 -9999 -9999 -9999 -9999 -9999 -9999 -9999
10.84 9.74 7.74 8.53 10.04 10.74 11.59 10.41 9.38 10.03 6.92 5.69 7.36 10.67 11.31 9.82 8.59 9.99 7.56 7.60 9.17 -9999 -9999 -9999 -9999 -9999 -9999 -9999 -9999 -9999 -9999 -9999 -9999 -9999 -9999 12.00 -9999 -9999 -9999 -9999 -9999 -9999 -9999 -9999 -9999 -9999 -9999 -9999 -9999 -9999 -9999 -9999 -9999 -9999 -9999 -9999 -9999 -9999 -9999 -9999 -9999 -9999 -9999 -9999 -9999 -9999 -9999 -9999 -9999 -9999 -9999 -9999 -9999 -9999 -9999 -9999 -9999 -9999
11.64 10.22 8.06 8.87 9.23 9.40 10.15 9.60 9.38 10.22 6.49 5.62 6.43 8.82 13.42 14.04 7.86 8.11 7.89 8.87 11.34 -9999 -9999 -9999 -9999 -9999 -9999 -9999 -9999 -9999 -9999 -9999 -9999 -9999 -9999 -9999 -9999 -9999 -9999 -9999 -9999 -9999 -9999 -9999 -9999 -9999 -9999 -9999 -9999 -9999 -9999 -9999 -9999 -9999 -9999 -9999 -9999 -9999 -9999 -9999 -9999 -9999 -9999 -9999 -9999 -9999 -9999 -9999 -9999 -9999 -9999 -9999 -9999 -9999 -9999 -9999 -9999 -9999
9.98 11.30 10.02 9.68 9.19 9.96 9.24 8.90 8.83 7.55 7.45 6.50 6.02 8.76 11.27 11.23 9.44 7.41 7.78 10.85 10.20 -9999 -9999 -9999 -9999 -9999 -9999 -9999 -9999 -9999 -9999 -9999 -9999 -9999 -9999 -9999 -9999 -9999 -9999 -9999 -9999 -9999 -9999 -9999 -9999 -9999 -9999 -9999 -9999 -9999 -9999 -9999 -9999 -9999 -9999 -9999 -9999 -9999 -9999 -9999 -9999 -9999 -9999 -9999 -9999 -9999 -9999 -9999 -9999 -9999 -9999 -9999 -9999 -9999 -9999 -9999 -9999 -9999
